Time	s0	s1	s2	s3	s4	s5	s6	s7	s8	s9	s10	s11	
0	0	0	0	0	0	0	0	0	0	0	0	200	
0.000846917	0	0	0	0	0	0	0	0	0	0	0	199	
746.29	0	0	0	0	0	0	0	0	0	0	0	47	
1493.3	0	0	0	0	0	0	0	0	0	0	0	45	
2241.14	0	0	0	0	0	0	0	0	0	0	0	49	
2988.41	0	0	0	0	0	0	0	0	0	0	0	65	
3738.73	0	0	0	0	0	0	0	0	0	0	0	53	
4488.39	0	0	0	0	0	0	0	0	0	0	0	45	
5237.66	0	0	0	0	0	0	0	0	0	0	55	0	
5987.41	0	0	0	0	0	0	0	0	0	0	57	0	
6737.71	0	0	0	0	0	0	0	0	0	0	67	0	
7486.56	0	0	0	0	0	0	0	0	0	0	57	0	
8239.49	0	0	0	0	0	0	0	0	0	0	53	0	
8990.26	0	0	0	0	0	0	0	0	0	0	61	0	
9741.3	0	0	0	0	0	0	0	0	0	0	43	0	
10490.9	0	0	0	0	0	0	0	0	0	0	69	0	
11240.1	0	0	0	0	0	0	0	0	0	0	81	0	
11993.1	0	0	0	0	0	0	0	0	0	0	71	0	
12740.3	0	0	0	0	0	0	0	0	0	0	55	0	
13489.4	0	0	0	0	0	0	0	0	0	0	67	0	
14240.4	0	0	0	0	0	0	0	0	0	0	81	0	
14992.2	0	0	0	0	0	0	0	0	0	0	65	0	
15741.7	0	0	0	0	0	0	0	0	0	0	67	0	
16493.2	0	0	0	0	0	0	0	0	0	0	67	0	
17243.4	0	0	0	0	0	0	0	0	0	0	67	0	
17989.3	0	0	0	0	0	0	0	0	0	81	0	0	
18740.1	0	0	0	0	0	0	0	0	0	81	0	0	
19488.6	0	0	0	0	0	0	0	0	0	63	0	0	
20240.2	0	0	0	0	0	0	0	0	0	81	0	0	
20989.1	0	0	0	0	0	0	0	0	0	71	0	0	
21739.5	0	0	0	0	0	0	0	0	0	77	0	0	
22489.8	0	0	0	0	0	0	0	0	0	71	0	0	
23237.1	0	0	0	0	0	0	0	0	0	69	0	0	
23988.4	0	0	0	0	0	0	0	0	0	71	0	0	
24738.1	0	0	0	0	0	0	0	0	0	97	0	0	
25486.2	0	0	0	0	0	0	0	0	0	73	0	0	
26236.8	0	0	0	0	0	0	0	0	0	65	0	0	
26988	0	0	0	0	0	0	0	0	0	75	0	0	
27734.5	0	0	0	0	0	0	0	0	0	97	0	0	
28486.3	0	0	0	0	0	0	0	0	83	0	0	0	
29239	0	0	0	0	0	0	0	0	83	0	0	0	
29986.7	0	0	0	0	0	0	0	0	109	0	0	0	
30738.4	0	0	0	0	0	0	0	0	79	0	0	0	
31487.7	0	0	0	0	0	0	0	0	105	0	0	0	
32239.2	0	0	0	0	0	0	0	0	97	0	0	0	
32987.9	0	0	0	0	0	0	0	0	95	0	0	0	
33734.1	0	0	0	0	0	0	0	0	85	0	0	0	
34481.1	0	0	0	0	0	0	0	0	107	0	0	0	
35230.7	0	0	0	0	0	0	0	0	89	0	0	0	
35982.2	0	0	0	0	0	0	0	0	99	0	0	0	
36730.6	0	0	0	0	0	0	0	0	87	0	0	0	
37480.9	0	0	0	0	0	0	0	0	101	2	0	0	
38233.2	0	0	0	0	0	0	0	0	81	0	0	0	
38980.8	0	0	0	0	0	0	0	0	101	0	0	0	
39729.5	0	0	0	0	0	0	0	0	79	0	0	0	
40478.1	0	0	0	0	0	0	0	0	111	0	0	0	
41227.5	0	0	0	0	0	0	0	0	93	0	0	0	
41978.9	0	0	0	0	0	0	0	0	107	0	0	0	
42728.4	0	0	0	0	0	0	0	0	93	0	0	0	
43478.5	0	0	0	0	0	0	0	0	97	0	0	0	
44231.8	0	0	0	0	0	0	0	0	101	0	0	0	
44982.9	0	0	0	0	0	0	0	0	95	0	0	0	
45730.9	0	0	0	0	0	0	0	0	0	75	0	0	
46479.5	0	0	0	0	0	0	0	0	0	79	0	0	
47229.8	0	0	0	0	0	0	0	0	0	71	0	0	
47981.1	0	0	0	0	0	0	0	0	0	0	55	0	
48733.2	0	0	0	0	0	0	0	0	0	0	81	0	
49484.3	0	0	0	0	0	0	0	0	0	0	45	0	
50235.4	0	0	0	0	0	0	0	0	0	0	63	0	
50986.8	0	0	0	0	0	0	0	0	0	0	57	0	
51736.1	0	0	0	0	0	0	0	0	0	0	71	0	
52488.6	0	0	0	0	0	0	0	0	0	0	77	0	
53235.4	0	0	0	0	0	0	0	0	0	0	61	0	
53986.9	0	0	0	0	0	0	0	0	0	0	63	0	
54736.7	0	0	0	0	0	0	0	0	0	0	71	0	
55483.3	0	0	0	0	0	0	0	0	0	0	0	55	
56231.4	0	0	0	0	0	0	0	0	0	0	0	47	
56982.3	0	0	0	0	0	0	0	0	0	0	0	55	
57731.5	0	0	0	0	0	0	0	0	0	0	0	47	
58483.8	0	0	0	0	0	0	0	0	0	0	0	55	
59234.8	0	0	0	0	0	0	0	0	0	0	0	43	
59985	0	0	0	0	0	0	0	0	0	0	0	49	
60737.6	0	0	0	0	0	0	0	0	0	0	0	47	
61487	0	0	0	0	0	0	0	0	0	0	0	45	
62234.1	0	0	0	0	0	0	0	0	0	0	0	57	
62986.2	0	0	0	0	0	0	0	0	0	0	0	41	
63736	0	0	0	0	0	0	0	0	0	0	0	43	
64486.8	0	0	0	0	0	0	0	0	0	0	0	49	
65235.3	0	0	0	0	0	0	0	0	0	0	2	53	
65979	0	0	0	0	0	0	0	0	0	0	0	43	
66727.6	0	0	0	0	0	0	0	0	0	0	0	41	
67480.8	0	0	0	0	0	0	0	0	0	0	0	53	
68230.2	0	0	0	0	0	0	0	0	0	0	0	43	
68977.5	0	0	0	0	0	0	0	0	0	0	0	47	
69727.3	0	0	0	0	0	0	0	0	0	0	73	0	
70477.8	0	0	0	0	0	0	0	0	0	0	61	0	
71228.4	0	0	0	0	0	0	0	0	0	0	61	0	
71976.1	0	0	0	0	0	0	0	0	0	0	61	0	
72727.2	0	0	0	0	0	0	0	0	0	0	57	0	
73476.1	0	0	0	0	0	0	0	0	0	79	0	0	
74224.6	0	0	0	0	0	0	0	0	0	89	0	0	
74975.1	0	0	0	0	0	0	0	0	0	91	0	0	
75723.5	0	0	0	0	0	0	0	0	79	0	0	0	
76474.4	0	0	0	0	0	0	0	0	89	0	0	0	
77225	0	0	0	0	0	0	0	0	93	0	0	0	
77974.2	0	0	0	0	0	0	0	0	85	0	0	0	
78724.7	0	0	0	0	0	0	0	0	97	0	0	0	
79469.1	0	0	0	0	0	0	0	0	95	0	0	0	
80218.2	0	0	0	0	0	0	0	2	107	0	0	0	
80966.9	0	0	0	0	0	0	0	0	99	0	0	0	
81716.9	0	0	0	0	0	0	0	0	109	0	0	0	
82469.1	0	0	0	0	0	0	0	0	93	0	0	0	
83217.7	0	0	0	0	0	0	0	0	113	0	0	0	
83965.7	0	0	0	0	0	0	0	5	96	0	0	0	
84719.7	0	0	0	0	0	0	0	0	95	0	0	0	
85468.8	0	0	0	0	0	0	0	0	77	0	0	0	
86220.8	0	0	0	0	0	0	0	0	105	0	0	0	
86972.5	0	0	0	0	0	0	0	0	91	0	0	0	
87722.2	0	0	0	0	0	0	0	0	91	0	0	0	
88470.7	0	0	0	0	0	0	0	0	97	0	0	0	
89220.2	0	0	0	0	0	0	0	0	93	0	0	0	
89967.8	0	0	0	0	0	0	0	0	91	0	0	0	
90719.7	0	0	0	0	0	0	0	0	97	0	0	0	
91469.7	0	0	0	0	0	0	0	0	87	0	0	0	
92219.7	0	0	0	0	0	0	0	0	87	0	0	0	
92968.4	0	0	0	0	0	0	0	0	101	0	0	0	
93722	0	0	0	0	0	0	0	0	93	0	0	0	
94470	0	0	0	0	0	0	0	0	111	0	0	0	
95220.1	0	0	0	0	0	0	0	0	75	0	0	0	
95973.4	0	0	0	0	0	0	0	0	89	0	0	0	
96724.1	0	0	0	0	0	0	0	0	83	0	0	0	
97472.4	0	0	0	0	0	0	0	0	79	0	0	0	
98222.3	0	0	0	0	0	0	0	0	109	0	0	0	
98971.4	0	0	0	0	0	0	0	0	91	0	0	0	
99720.3	0	0	0	0	0	0	0	0	111	0	0	0	
100470	0	0	0	0	0	0	0	0	93	0	0	0	
101220	0	0	0	0	0	0	0	0	97	0	0	0	
101970	0	0	0	0	0	0	0	0	101	0	0	0	
102720	0	0	0	0	0	0	0	0	79	0	0	0	
103468	0	0	0	0	0	0	0	0	85	0	0	0	
104217	0	0	0	0	0	0	0	0	105	0	0	0	
104969	0	0	0	0	0	0	0	0	85	0	0	0	
105716	0	0	0	0	0	0	0	0	83	0	0	0	
106469	0	0	0	0	0	0	0	0	101	0	0	0	
107220	0	0	0	0	0	0	0	0	105	0	0	0	
107968	0	0	0	0	0	0	0	0	85	0	0	0	
108718	0	0	0	0	0	0	0	0	111	0	0	0	
109470	0	0	0	0	0	0	0	0	93	0	0	0	
110218	0	0	0	0	0	0	0	0	91	0	0	0	
110965	0	0	0	0	0	0	0	0	87	0	0	0	
111714	0	0	0	0	0	0	0	0	0	65	0	0	
112464	0	0	0	0	0	0	0	0	0	63	0	0	
113213	0	0	0	0	0	0	0	0	0	99	0	0	
113965	0	0	0	0	0	0	0	0	0	63	0	0	
114713	0	0	0	0	0	0	0	0	0	67	0	0	
115461	0	0	0	0	0	0	0	0	0	75	0	0	
116212	0	0	0	0	0	0	0	0	0	69	0	0	
116963	0	0	0	0	0	0	0	0	0	79	0	0	
117713	0	0	0	0	0	0	0	0	0	77	0	0	
118464	0	0	0	0	0	0	0	0	0	89	0	0	
119215	0	0	0	0	0	0	0	0	0	97	0	0	
119968	0	0	0	0	0	0	0	0	89	0	0	0	
120716	0	0	0	0	0	0	0	0	85	0	0	0	
121466	0	0	0	0	0	0	0	0	99	0	0	0	
122219	0	0	0	0	0	0	0	0	97	0	0	0	
122968	0	0	0	0	0	0	0	0	85	0	0	0	
123715	0	0	0	0	0	0	0	0	95	0	0	0	
124464	0	0	0	0	0	0	0	0	89	0	0	0	
125216	0	0	0	0	0	0	0	0	81	0	0	0	
125967	0	0	0	0	0	0	0	0	99	0	0	0	
126716	0	0	0	0	0	0	0	0	81	0	0	0	
127461	0	0	0	0	0	0	0	0	101	0	0	0	
128208	0	0	0	0	0	0	0	0	101	0	0	0	
128960	0	0	0	0	0	0	0	0	48	33	0	0	
129708	0	0	0	0	0	0	0	0	0	69	0	0	
130458	0	0	0	0	0	0	0	0	0	71	0	0	
131210	0	0	0	0	0	0	0	0	0	79	0	0	
131957	0	0	0	0	0	0	0	1	108	0	0	0	
132706	0	0	0	0	0	0	0	0	107	0	0	0	
133457	0	0	0	0	0	0	0	0	107	0	0	0	
134209	0	0	0	0	0	0	0	0	99	0	0	0	
134959	0	0	0	0	0	0	0	0	93	0	0	0	
135707	0	0	0	0	0	0	0	0	89	0	0	0	
136457	0	0	0	0	0	0	0	0	93	0	0	0	
137204	0	0	0	0	0	0	0	0	85	0	0	0	
137953	0	0	0	0	0	0	0	0	81	0	0	0	
138705	0	0	0	0	0	0	0	0	81	0	0	0	
139456	0	0	0	0	0	0	0	0	81	0	0	0	
140207	0	0	0	0	0	0	0	0	99	0	0	0	
140956	0	0	0	0	0	0	0	0	0	77	0	0	
141711	0	0	0	0	0	0	0	0	0	69	0	0	
142463	0	0	0	0	0	0	0	0	99	0	0	0	
143215	0	0	0	0	0	0	0	0	95	0	0	0	
143962	0	0	0	0	0	0	0	0	95	0	0	0	
144708	0	0	0	0	0	0	0	0	81	0	0	0	
145461	0	0	0	0	0	0	0	0	105	0	0	0	
146211	0	0	0	0	0	0	0	0	95	0	0	0	
146959	0	0	0	0	0	0	0	0	93	0	0	0	
147711	0	0	0	0	0	0	0	0	109	0	0	0	
148461	0	0	0	0	0	0	0	0	87	0	0	0	
149211	0	0	0	0	0	0	0	0	117	0	0	0	
149961	0	0	0	0	0	0	0	0	87	0	0	0	
150712	0	0	0	0	0	0	0	0	83	0	0	0	
151465	0	0	0	0	0	0	0	0	105	0	0	0	
152215	0	0	0	0	0	0	0	0	89	0	0	0	
152966	0	0	0	0	0	0	0	0	97	0	0	0	
153715	0	0	0	0	0	0	0	0	111	0	0	0	
154461	0	0	0	0	0	0	0	0	91	0	0	0	
155210	0	0	0	0	0	0	0	0	87	0	0	0	
155959	0	0	0	0	0	0	0	0	115	0	0	0	
156708	0	0	0	0	0	0	0	0	91	0	0	0	
157461	0	0	0	0	0	0	0	0	89	0	0	0	
158212	0	0	0	0	0	0	0	0	93	0	0	0	
158962	0	0	0	0	0	0	0	0	85	0	0	0	
159713	0	0	0	0	0	0	0	129	0	0	0	0	
160462	0	0	0	0	0	0	0	113	0	0	0	0	
161207	0	0	0	0	0	0	0	105	0	0	0	0	
161954	0	0	0	0	0	0	0	107	0	0	0	0	
162704	0	0	0	0	0	0	0	113	0	0	0	0	
163452	0	0	0	0	0	0	0	147	0	0	0	0	
164204	0	0	0	0	0	0	0	115	0	0	0	0	
164952	0	0	0	0	0	0	0	115	0	0	0	0	
165700	0	0	0	0	0	0	0	95	0	0	0	0	
166450	0	0	0	0	0	0	0	103	0	0	0	0	
167202	0	0	0	0	0	0	0	125	0	0	0	0	
167952	0	0	0	0	0	0	0	111	0	0	0	0	
168703	0	0	0	0	0	0	0	121	0	0	0	0	
169454	0	0	0	0	0	0	0	117	0	0	0	0	
170204	0	0	0	0	0	0	0	109	0	0	0	0	
170952	0	0	0	0	0	0	0	135	0	0	0	0	
171703	0	0	0	0	0	0	0	121	0	0	0	0	
172454	0	0	0	0	0	0	0	103	0	0	0	0	
173207	0	0	0	0	0	0	0	101	0	0	0	0	
173957	0	0	0	0	0	0	0	97	0	0	0	0	
174705	0	0	0	0	0	0	0	113	0	0	0	0	
175453	0	0	0	0	0	0	0	103	0	0	0	0	
176203	0	0	0	0	0	0	0	56	39	0	0	0	
176957	0	0	0	0	0	0	0	95	0	0	0	0	
177707	0	0	0	0	0	0	0	113	0	0	0	0	
178456	0	0	0	0	0	0	0	113	0	0	0	0	
179204	0	0	0	0	0	0	2	133	0	0	0	0	
179955	0	0	0	0	0	0	0	119	0	0	0	0	
180701	0	0	0	0	0	0	0	109	0	0	0	0	
181453	0	0	0	0	0	0	0	123	0	0	0	0	
182202	0	0	0	0	0	0	0	113	0	0	0	0	
182950	0	0	0	0	0	0	0	125	0	0	0	0	
183698	0	0	0	0	0	0	0	115	0	0	0	0	
184448	0	0	0	0	0	0	0	111	0	0	0	0	
185196	0	0	0	0	0	0	0	109	0	0	0	0	
185947	0	0	0	0	0	0	0	119	0	0	0	0	
186695	0	0	0	0	0	0	0	117	0	0	0	0	
187446	0	0	0	0	0	0	0	119	0	0	0	0	
188195	0	0	0	0	0	0	0	103	0	0	0	0	
188948	0	0	0	0	0	0	0	111	0	0	0	0	
189700	0	0	0	0	0	0	0	97	0	0	0	0	
190451	0	0	0	0	0	0	0	121	0	0	0	0	
191200	0	0	0	0	0	0	0	109	0	0	0	0	
191952	0	0	0	0	0	0	121	0	0	0	0	0	
192700	0	0	0	0	0	0	151	0	0	0	0	0	
193449	0	0	0	0	0	0	127	0	0	0	0	0	
194200	0	0	0	0	0	0	143	0	0	0	0	0	
194948	0	0	0	0	0	0	135	0	0	0	0	0	
195698	0	0	0	0	0	0	127	0	0	0	0	0	
196447	0	0	0	0	0	0	135	0	0	0	0	0	
197198	0	0	0	0	0	0	135	0	0	0	0	0	
197948	0	0	0	0	0	0	155	0	0	0	0	0	
198697	0	0	0	0	0	0	137	0	0	0	0	0	
199448	0	0	0	0	0	0	125	0	0	0	0	0	
200201	0	0	0	0	0	0	149	0	0	0	0	0	
200947	0	0	0	0	0	0	153	0	0	0	0	0	
201697	0	0	0	0	0	0	153	0	0	0	0	0	
202448	0	0	0	0	0	0	153	0	0	0	0	0	
203201	0	0	0	0	0	0	157	0	0	0	0	0	
203951	0	0	0	0	0	0	151	0	0	0	0	0	
204707	0	0	0	0	0	0	139	0	0	0	0	0	
205460	0	0	0	0	0	0	137	0	0	0	0	0	
206210	0	0	0	0	0	0	149	0	0	0	0	0	
206962	0	0	0	0	0	0	143	0	0	0	0	0	
207713	0	0	0	0	0	0	147	0	0	0	0	0	
208463	0	0	0	0	0	0	169	0	0	0	0	0	
209213	0	0	0	0	0	0	139	0	0	0	0	0	
209965	0	0	0	0	0	0	163	0	0	0	0	0	
210714	0	0	0	0	0	0	151	0	0	0	0	0	
211464	0	0	0	0	0	0	147	0	0	0	0	0	
212214	0	0	0	0	0	0	161	0	0	0	0	0	
212963	0	0	0	0	0	0	119	0	0	0	0	0	
213712	0	0	0	0	0	0	163	0	0	0	0	0	
214462	0	0	0	0	0	0	143	0	0	0	0	0	
215211	0	0	0	0	0	0	129	0	0	0	0	0	
215961	0	0	0	0	0	0	139	0	0	0	0	0	
216713	0	0	0	0	0	0	157	0	0	0	0	0	
217464	0	0	0	0	0	0	143	0	0	0	0	0	
218216	0	0	0	0	0	0	0	91	0	0	0	0	
218969	0	0	0	0	0	0	0	121	0	0	0	0	
219721	0	0	0	0	0	0	0	121	0	0	0	0	
220472	0	0	0	0	0	0	0	127	0	0	0	0	
221222	0	0	0	0	0	0	0	111	0	0	0	0	
221971	0	0	0	0	0	0	0	107	0	0	0	0	
222723	0	0	0	0	0	0	0	99	0	0	0	0	
223470	0	0	0	0	0	0	0	125	0	0	0	0	
224221	0	0	0	0	0	0	0	101	0	0	0	0	
224969	0	0	0	0	0	0	0	109	0	0	0	0	
225721	0	0	0	0	0	0	0	97	0	0	0	0	
226472	0	0	0	0	0	0	0	119	0	0	0	0	
227223	0	0	0	0	0	0	0	141	0	0	0	0	
227969	0	0	0	0	0	0	12	99	0	0	0	0	
228720	0	0	0	0	0	0	0	97	0	0	0	0	
229472	0	0	0	0	0	0	0	113	0	0	0	0	
230224	0	0	0	0	0	0	137	0	0	0	0	0	
230972	0	0	0	0	0	0	147	0	0	0	0	0	
231724	0	0	0	0	0	0	165	0	0	0	0	0	
232480	0	0	0	0	0	0	111	0	0	0	0	0	
233226	0	0	0	0	0	0	153	0	0	0	0	0	
233977	0	0	0	0	0	0	161	0	0	0	0	0	
234727	0	0	0	0	0	0	157	0	0	0	0	0	
235473	0	0	0	0	0	0	177	0	0	0	0	0	
236223	0	0	0	0	0	0	119	0	0	0	0	0	
236975	0	0	0	0	0	0	137	0	0	0	0	0	
237727	0	0	0	0	0	0	133	0	0	0	0	0	
238477	0	0	0	0	0	0	141	0	0	0	0	0	
239227	0	0	0	0	0	0	133	0	0	0	0	0	
239978	0	0	0	0	0	0	137	0	0	0	0	0	
240731	0	0	0	0	0	0	153	0	0	0	0	0	
241482	0	0	0	0	0	0	145	0	0	0	0	0	
242231	0	0	0	0	0	0	137	0	0	0	0	0	
242981	0	0	0	0	0	0	139	0	0	0	0	0	
243730	0	0	0	0	0	0	123	0	0	0	0	0	
244482	0	0	0	0	0	0	121	0	0	0	0	0	
245233	0	0	0	0	0	0	133	0	0	0	0	0	
245984	0	0	0	0	0	2	135	0	0	0	0	0	
246733	0	0	0	0	0	0	127	0	0	0	0	0	
247482	0	0	0	0	0	0	129	0	0	0	0	0	
248233	0	0	0	0	0	0	23	90	0	0	0	0	
248984	0	0	0	0	0	0	0	115	0	0	0	0	
249732	0	0	0	0	0	0	0	137	0	0	0	0	
250481	0	0	0	0	0	0	0	0	119	0	0	0	
251231	0	0	0	0	0	0	0	0	103	0	0	0	
251979	0	0	0	0	0	0	0	0	101	0	0	0	
252731	0	0	0	0	0	0	0	0	99	0	0	0	
253480	0	0	0	0	0	0	0	0	89	0	0	0	
254230	0	0	0	0	0	0	0	0	101	0	0	0	
254979	0	0	0	0	0	0	0	0	91	0	0	0	
255727	0	0	0	0	0	0	0	0	99	0	0	0	
256477	0	0	0	0	0	0	0	0	97	0	0	0	
257230	0	0	0	0	0	0	0	0	89	0	0	0	
257980	0	0	0	0	0	0	0	0	95	0	0	0	
258731	0	0	0	0	0	0	0	0	87	0	0	0	
259479	0	0	0	0	0	0	0	0	103	0	0	0	
260230	0	0	0	0	0	0	0	0	97	0	0	0	
260981	0	0	0	0	0	0	0	0	103	0	0	0	
261733	0	0	0	0	0	0	0	0	97	0	0	0	
262481	0	0	0	0	0	0	0	0	101	0	0	0	
263232	0	0	0	0	0	0	0	0	117	0	0	0	
263984	0	0	0	0	0	0	0	101	0	0	0	0	
264734	0	0	0	0	0	0	0	127	0	0	0	0	
265486	0	0	0	0	0	0	0	127	0	0	0	0	
266235	0	0	0	0	0	0	0	107	0	0	0	0	
266983	0	0	0	0	0	0	0	123	0	0	0	0	
267733	0	0	0	0	0	0	0	117	0	0	0	0	
268483	0	0	0	0	0	0	0	139	0	0	0	0	
269231	0	0	0	0	0	0	0	121	0	0	0	0	
269980	0	0	0	0	0	0	0	115	0	0	0	0	
270733	0	0	0	0	0	0	0	101	0	0	0	0	
271482	0	0	0	0	0	0	0	111	0	0	0	0	
272231	0	0	0	0	0	0	0	125	0	0	0	0	
272980	0	0	0	0	0	0	0	115	0	0	0	0	
273728	0	0	0	0	0	0	0	109	0	0	0	0	
274478	0	0	0	0	0	0	0	101	0	0	0	0	
275227	0	0	0	0	0	0	0	123	0	0	0	0	
275977	0	0	0	0	0	0	0	117	0	0	0	0	
276728	0	0	0	0	0	0	1	96	0	0	0	0	
277481	0	0	0	0	0	0	0	117	0	0	0	0	
278231	0	0	0	0	0	0	0	119	0	0	0	0	
278979	0	0	0	0	0	0	0	129	0	0	0	0	
279727	0	0	0	0	0	0	0	95	0	0	0	0	
280479	0	0	0	0	0	0	0	109	0	0	0	0	
281229	0	0	0	0	0	0	0	111	0	0	0	0	
281981	0	0	0	0	0	0	0	113	0	0	0	0	
282731	0	0	0	0	0	0	0	131	0	0	0	0	
283482	0	0	0	0	0	0	0	135	0	0	0	0	
284233	0	0	0	0	0	0	0	95	0	0	0	0	
284982	0	0	0	0	0	0	0	141	0	0	0	0	
285732	0	0	0	0	0	0	0	103	0	0	0	0	
286485	0	0	0	0	0	0	0	119	0	0	0	0	
287234	0	0	0	0	0	0	0	117	0	0	0	0	
287982	0	0	0	0	0	0	0	127	0	0	0	0	
288733	0	0	0	0	0	0	0	125	0	0	0	0	
289481	0	0	0	0	0	0	0	125	0	0	0	0	
290230	0	0	0	0	0	0	0	107	0	0	0	0	
290982	0	0	0	0	0	0	0	127	0	0	0	0	
291731	0	0	0	0	0	0	0	113	0	0	0	0	
292481	0	0	0	0	0	0	0	103	0	0	0	0	
293232	0	0	0	0	0	0	0	129	0	0	0	0	
293982	0	0	0	0	0	0	0	101	0	0	0	0	
294732	0	0	0	0	0	0	0	105	0	0	0	0	
295482	0	0	0	0	0	0	0	125	0	0	0	0	
296232	0	0	0	0	0	0	0	119	0	0	0	0	
296981	0	0	0	0	0	0	0	117	0	0	0	0	
297732	0	0	0	0	0	0	0	129	0	0	0	0	
298481	0	0	0	0	0	0	0	117	0	0	0	0	
299231	0	0	0	0	0	0	0	111	0	0	0	0	
299983	0	0	0	0	0	0	0	117	0	0	0	0	
300730	0	0	0	0	0	0	0	107	0	0	0	0	
301478	0	0	0	0	0	0	0	137	0	0	0	0	
302227	0	0	0	0	0	0	0	93	0	0	0	0	
302978	0	0	0	0	0	0	0	111	0	0	0	0	
303729	0	0	0	0	0	0	0	115	0	0	0	0	
304479	0	0	0	0	0	0	0	99	0	0	0	0	
305231	0	0	0	0	0	0	0	101	0	0	0	0	
305982	0	0	0	0	0	0	0	125	0	0	0	0	
306731	0	0	0	0	0	0	0	119	0	0	0	0	
307485	0	0	0	0	0	0	0	147	0	0	0	0	
308238	0	0	0	0	0	0	0	123	0	0	0	0	
308988	0	0	0	0	0	0	0	0	101	0	0	0	
309737	0	0	0	0	0	0	0	0	107	0	0	0	
310484	0	0	0	0	0	0	0	0	83	0	0	0	
311236	0	0	0	0	0	0	0	0	103	0	0	0	
311988	0	0	0	0	0	0	0	0	87	0	0	0	
312736	0	0	0	0	0	0	0	0	101	0	0	0	
313484	0	0	0	0	0	0	0	0	95	0	0	0	
314235	0	0	0	0	0	0	0	0	83	0	0	0	
314985	0	0	0	0	0	0	0	0	109	0	0	0	
315732	0	0	0	0	0	0	0	0	85	0	0	0	
316484	0	0	0	0	0	0	0	0	91	0	0	0	
317237	0	0	0	0	0	0	0	0	73	0	0	0	
317989	0	0	0	0	0	0	0	0	79	0	0	0	
318738	0	0	0	0	0	0	0	0	99	0	0	0	
319487	0	0	0	0	0	0	0	0	101	0	0	0	
320236	0	0	0	0	0	0	0	0	101	0	0	0	
320984	0	0	0	0	0	0	0	0	109	0	0	0	
321735	0	0	0	0	0	0	0	0	85	0	0	0	
322488	0	0	0	0	0	0	0	0	95	0	0	0	
323240	0	0	0	0	0	0	0	0	89	0	0	0	
323992	0	0	0	0	0	0	0	0	91	0	0	0	
324743	0	0	0	0	0	0	0	0	91	0	0	0	
325495	0	0	0	0	0	0	0	0	99	0	0	0	
326249	0	0	0	0	0	0	0	0	77	0	0	0	
327001	0	0	0	0	0	0	0	0	89	0	0	0	
327752	0	0	0	0	0	0	0	0	93	0	0	0	
328501	0	0	0	0	0	0	0	0	93	0	0	0	
329249	0	0	0	0	0	0	0	0	105	0	0	0	
330000	0	0	0	0	0	0	0	0	83	0	0	0	
330751	0	0	0	0	0	0	0	0	101	0	0	0	
331500	0	0	0	0	0	0	0	0	101	0	0	0	
332250	0	0	0	0	0	0	0	0	87	0	0	0	
332999	0	0	0	0	0	0	0	2	87	0	0	0	
333750	0	0	0	0	0	0	0	0	77	0	0	0	
334500	0	0	0	0	0	0	0	0	85	0	0	0	
335250	0	0	0	0	0	0	0	0	87	0	0	0	
335997	0	0	0	0	0	0	0	0	95	0	0	0	
336748	0	0	0	0	0	0	0	0	88	1	0	0	
337499	0	0	0	0	0	0	0	0	81	0	0	0	
338248	0	0	0	0	0	0	0	0	89	0	0	0	
338996	0	0	0	0	0	0	0	0	115	0	0	0	
339746	0	0	0	0	0	0	0	0	81	0	0	0	
340496	0	0	0	0	0	0	0	0	91	0	0	0	
341247	0	0	0	0	0	0	0	0	97	0	0	0	
341999	0	0	0	0	0	0	0	0	97	0	0	0	
342750	0	0	0	0	0	0	0	0	0	95	0	0	
343498	0	0	0	0	0	0	0	0	0	79	0	0	
344245	0	0	0	0	0	0	0	0	0	91	0	0	
344997	0	0	0	0	0	0	0	0	0	0	57	0	
345745	0	0	0	0	0	0	0	0	0	0	55	0	
346492	0	0	0	0	0	0	0	0	0	0	65	0	
347242	0	0	0	0	0	0	0	0	0	54	23	0	
347992	0	0	0	0	0	0	0	0	0	77	0	0	
348742	0	0	0	0	0	0	0	0	0	57	0	0	
349492	0	0	0	0	0	0	0	0	0	91	2	0	
350244	0	0	0	0	0	0	0	0	0	85	0	0	
350993	0	0	0	0	0	0	0	0	0	83	0	0	
351743	0	0	0	0	0	0	0	0	0	83	0	0	
352497	0	0	0	0	0	0	0	0	0	59	0	0	
353248	0	0	0	0	0	0	0	0	0	79	0	0	
353997	0	0	0	0	0	0	0	0	0	81	0	0	
354748	0	0	0	0	0	0	0	0	0	79	0	0	
355499	0	0	0	0	0	0	0	0	0	89	0	0	
356250	0	0	0	0	0	0	0	0	0	0	57	0	
357001	0	0	0	0	0	0	0	0	0	0	65	0	
357751	0	0	0	0	0	0	0	0	0	0	53	0	
358501	0	0	0	0	0	0	0	0	0	0	71	0	
359252	0	0	0	0	0	0	0	0	0	0	65	0	
360006	0	0	0	0	0	0	0	0	0	0	59	0	
360755	0	0	0	0	0	0	0	0	0	0	49	0	
361505	0	0	0	0	0	0	0	0	0	79	0	0	
362253	0	0	0	0	0	0	0	0	0	81	0	0	
362996	0	0	0	0	0	0	0	0	0	77	0	0	
363744	0	0	0	0	0	0	0	0	0	73	0	0	
364494	0	0	0	0	0	0	0	0	0	89	0	0	
365243	0	0	0	0	0	0	0	0	0	75	0	0	
365993	0	0	0	0	0	0	0	0	0	61	0	0	
366743	0	0	0	0	0	0	0	0	0	75	0	0	
367491	0	0	0	0	0	0	0	0	0	75	0	0	
368240	0	0	0	0	0	0	0	0	0	79	0	0	
368990	0	0	0	0	0	0	0	0	0	91	0	0	
369741	0	0	0	0	0	0	0	0	0	79	0	0	
370488	0	0	0	0	0	0	0	0	67	0	0	0	
371236	0	0	0	0	0	0	0	0	83	0	0	0	
371989	0	0	0	0	0	0	0	0	93	0	0	0	
372736	0	0	0	0	0	0	0	0	97	0	0	0	
373484	0	0	0	0	0	0	0	0	97	0	0	0	
374232	0	0	0	0	0	0	0	0	103	0	0	0	
374984	0	0	0	0	0	0	0	0	85	0	0	0	
375735	0	0	0	0	0	0	0	0	97	0	0	0	
376492	0	0	0	0	0	0	0	0	91	0	0	0	
377243	0	0	0	0	0	0	0	0	81	0	0	0	
377991	0	0	0	0	0	0	0	117	0	0	0	0	
378741	0	0	0	0	0	0	0	129	0	0	0	0	
379492	0	0	0	0	0	0	0	97	0	0	0	0	
380241	0	0	0	0	0	0	0	113	0	0	0	0	
380990	0	0	0	0	0	0	0	95	0	0	0	0	
381738	0	0	0	0	0	0	0	109	0	0	0	0	
382485	0	0	0	0	0	0	0	117	0	0	0	0	
383233	0	0	0	0	0	0	0	125	0	0	0	0	
383983	0	0	0	0	0	0	0	113	0	0	0	0	
384733	0	0	0	0	0	0	0	129	0	0	0	0	
385483	0	0	0	0	0	0	0	115	0	0	0	0	
386233	0	0	0	0	0	0	0	115	0	0	0	0	
386983	0	0	0	0	0	0	0	99	0	0	0	0	
387734	0	0	0	0	0	0	0	107	0	0	0	0	
388482	0	0	0	0	0	0	0	111	0	0	0	0	
389233	0	0	0	0	0	0	0	103	0	0	0	0	
389981	0	0	0	0	0	0	0	105	0	0	0	0	
390733	0	0	0	0	0	0	0	103	0	0	0	0	
391482	0	0	0	0	0	0	0	135	0	0	0	0	
392233	0	0	0	0	0	0	0	105	0	0	0	0	
392983	0	0	0	0	0	0	0	111	0	0	0	0	
393733	0	0	0	0	0	0	0	109	0	0	0	0	
394480	0	0	0	0	0	0	0	115	0	0	0	0	
395231	0	0	0	0	0	0	0	115	0	0	0	0	
395979	0	0	0	0	0	0	0	111	0	0	0	0	
396730	0	0	0	0	0	0	0	107	0	0	0	0	
397483	0	0	0	0	0	0	0	115	0	0	0	0	
398234	0	0	0	0	0	0	0	113	0	0	0	0	
398986	0	0	0	0	0	0	0	115	0	0	0	0	
399739	0	0	0	0	0	0	153	0	0	0	0	0	
400488	0	0	0	0	0	0	139	0	0	0	0	0	
401236	0	0	0	0	0	0	127	0	0	0	0	0	
401983	0	0	0	0	0	0	161	0	0	0	0	0	
402736	0	0	0	0	0	0	155	0	0	0	0	0	
403483	0	0	0	0	0	0	139	0	0	0	0	0	
404234	0	0	0	0	0	0	143	0	0	0	0	0	
404987	0	0	0	0	0	0	151	0	0	0	0	0	
405738	0	0	0	0	0	0	139	0	0	0	0	0	
406488	0	0	0	0	0	0	129	0	0	0	0	0	
407235	0	0	0	0	0	0	147	0	0	0	0	0	
407987	0	0	0	0	0	0	139	0	0	0	0	0	
408738	0	0	0	0	0	0	143	0	0	0	0	0	
409486	0	0	0	0	0	0	141	0	0	0	0	0	
410235	0	0	0	0	0	0	141	0	0	0	0	0	
410984	0	0	0	0	0	0	143	0	0	0	0	0	
411737	0	0	0	0	0	0	153	0	0	0	0	0	
412486	0	0	0	0	0	0	133	0	0	0	0	0	
413236	0	0	0	0	0	0	145	0	0	0	0	0	
413986	0	0	0	0	0	0	155	0	0	0	0	0	
414735	0	0	0	0	0	0	143	0	0	0	0	0	
415484	0	0	0	0	0	0	133	0	0	0	0	0	
416234	0	0	0	0	0	0	131	0	0	0	0	0	
416985	0	0	0	0	0	0	143	0	0	0	0	0	
417733	0	0	0	0	0	0	125	0	0	0	0	0	
418485	0	0	0	0	0	0	157	0	0	0	0	0	
419235	0	0	0	0	0	0	127	0	0	0	0	0	
419985	0	0	0	0	0	0	155	0	0	0	0	0	
420735	0	0	0	0	0	0	135	0	0	0	0	0	
421486	0	0	0	0	0	0	133	0	0	0	0	0	
422234	0	0	0	0	0	0	161	0	0	0	0	0	
422984	0	0	0	0	0	0	143	0	0	0	0	0	
423733	0	0	0	0	0	0	125	0	0	0	0	0	
424485	0	0	0	0	0	0	147	0	0	0	0	0	
425232	0	0	0	0	0	0	141	0	0	0	0	0	
425984	0	0	0	0	0	0	141	0	0	0	0	0	
426733	0	0	0	0	0	0	135	0	0	0	0	0	
427483	0	0	0	0	0	0	127	0	0	0	0	0	
428232	0	0	0	0	0	0	119	0	0	0	0	0	
428984	0	0	0	0	0	0	159	0	0	0	0	0	
429734	0	0	0	0	0	0	123	0	0	0	0	0	
430486	0	0	0	0	0	0	135	0	0	0	0	0	
431235	0	0	0	0	0	0	143	0	0	0	0	0	
431987	0	0	0	0	0	0	135	0	0	0	0	0	
432739	0	0	0	0	0	0	151	0	0	0	0	0	
433487	0	0	0	0	0	0	125	0	0	0	0	0	
434237	0	0	0	0	0	0	141	0	0	0	0	0	
434987	0	0	0	0	0	0	0	119	0	0	0	0	
435736	0	0	0	0	0	0	0	113	0	0	0	0	
436487	0	0	0	0	0	0	0	0	105	0	0	0	
437235	0	0	0	0	0	0	0	0	83	0	0	0	
437981	0	0	0	0	0	0	0	0	0	87	0	0	
438730	0	0	0	0	0	0	0	0	0	63	0	0	
439480	0	0	0	0	0	0	0	0	0	75	0	0	
440227	0	0	0	0	0	0	0	0	0	83	0	0	
440973	0	0	0	0	0	0	0	0	0	83	0	0	
441725	0	0	0	0	0	0	0	0	0	61	0	0	
442476	0	0	0	0	0	0	0	0	0	61	0	0	
443229	0	0	0	0	0	0	0	0	0	73	0	0	
443977	0	0	0	0	0	0	0	0	0	75	0	0	
444728	0	0	0	0	0	0	0	0	0	83	0	0	
445477	0	0	0	0	0	0	0	0	0	75	0	0	
446225	0	0	0	0	0	0	0	0	0	75	0	0	
446975	0	0	0	0	0	0	0	0	0	83	0	0	
447724	0	0	0	0	0	0	0	0	0	77	0	0	
448471	0	0	0	0	0	0	0	0	0	79	0	0	
449223	0	0	0	0	0	0	0	0	0	63	0	0	
449973	0	0	0	0	0	0	0	0	0	85	0	0	
450721	0	0	0	0	0	0	0	0	0	71	0	0	
451474	0	0	0	0	0	0	0	0	0	85	0	0	
452225	0	0	0	0	0	0	0	0	0	83	0	0	
452974	0	0	0	0	0	0	0	0	0	57	0	0	
453723	0	0	0	0	0	0	0	0	0	0	51	0	
454472	0	0	0	0	0	0	0	0	0	0	65	0	
455220	0	0	0	0	0	0	0	0	0	0	65	0	
455969	0	0	0	0	0	0	0	0	0	0	65	0	
456722	0	0	0	0	0	0	0	0	0	0	55	0	
457476	0	0	0	0	0	0	0	0	0	0	55	0	
458224	0	0	0	0	0	0	0	0	0	0	59	0	
458978	0	0	0	0	0	0	0	0	0	0	55	0	
459726	0	0	0	0	0	0	0	0	0	0	65	0	
460473	0	0	0	0	0	0	0	0	0	87	0	0	
461222	0	0	0	0	0	0	0	0	0	77	0	0	
461971	0	0	0	0	0	0	0	0	0	81	0	0	
462722	0	0	0	0	0	0	0	0	0	81	0	0	
463471	0	0	0	0	0	0	0	0	0	65	0	0	
464223	0	0	0	0	0	0	0	0	0	79	0	0	
464977	0	0	0	0	0	0	0	0	0	69	0	0	
465726	0	0	0	0	0	0	0	0	0	63	0	0	
466479	0	0	0	0	0	0	0	0	0	67	0	0	
467228	0	0	0	0	0	0	0	0	0	61	0	0	
467975	0	0	0	0	0	0	0	0	0	87	0	0	
468726	0	0	0	0	0	0	0	0	0	85	0	0	
469476	0	0	0	0	0	0	0	0	0	77	0	0	
470228	0	0	0	0	0	0	0	0	0	65	0	0	
470980	0	0	0	0	0	0	0	0	0	81	0	0	
471730	0	0	0	0	0	0	0	0	93	0	0	0	
472483	0	0	0	0	0	0	0	0	105	0	0	0	
473234	0	0	0	0	0	0	0	0	95	0	0	0	
473983	0	0	0	0	0	0	0	0	89	0	0	0	
474729	0	0	0	0	0	0	0	0	95	0	0	0	
475479	0	0	0	0	0	0	0	0	81	0	0	0	
476232	0	0	0	0	0	0	0	0	97	0	0	0	
476982	0	0	0	0	0	0	0	0	83	0	0	0	
477731	0	0	0	0	0	0	0	0	81	0	0	0	
478479	0	0	0	0	0	0	0	0	87	0	0	0	
479230	0	0	0	0	0	0	0	0	99	0	0	0	
479978	0	0	0	0	0	0	0	0	101	0	0	0	
480730	0	0	0	0	0	0	0	0	83	0	0	0	
481479	0	0	0	0	0	0	0	0	83	0	0	0	
482229	0	0	0	0	0	0	0	0	85	0	0	0	
482981	0	0	0	0	0	0	0	0	103	0	0	0	
483730	0	0	0	0	0	0	0	0	85	0	0	0	
484478	0	0	0	0	0	0	0	0	97	0	0	0	
485228	0	0	0	0	0	0	0	0	89	0	0	0	
485976	0	0	0	0	0	0	0	0	119	0	0	0	
486725	0	0	0	0	0	0	0	0	81	0	0	0	
487480	0	0	0	0	0	0	0	0	77	0	0	0	
488229	0	0	0	0	0	0	0	0	93	0	0	0	
488979	0	0	0	0	0	0	0	101	0	0	0	0	
489731	0	0	0	0	0	0	0	121	0	0	0	0	
490483	0	0	0	0	0	0	0	121	0	0	0	0	
491232	0	0	0	0	0	0	0	83	0	0	0	0	
491984	0	0	0	0	0	0	0	117	0	0	0	0	
492731	0	0	0	0	0	0	0	119	0	0	0	0	
493483	0	0	0	0	0	0	0	113	0	0	0	0	
494231	0	0	0	0	0	0	0	17	80	0	0	0	
494981	0	0	0	0	0	0	0	0	75	0	0	0	
495733	0	0	0	0	0	0	0	0	101	0	0	0	
496482	0	0	0	0	0	0	0	0	0	79	0	0	
497234	0	0	0	0	0	0	0	0	0	85	0	0	
497985	0	0	0	0	0	0	0	0	0	73	0	0	
498733	0	0	0	0	0	0	0	0	0	89	0	0	
499482	0	0	0	0	0	0	0	0	0	75	0	0	
500232	0	0	0	0	0	0	0	0	0	73	0	0	
500982	0	0	0	0	0	0	0	0	0	85	0	0	
501729	0	0	0	0	0	0	0	0	0	73	0	0	
502483	0	0	0	0	0	0	0	0	91	0	0	0	
503233	0	0	0	0	0	0	0	0	89	0	0	0	
503982	0	0	0	0	0	0	0	0	95	0	0	0	
504732	0	0	0	0	0	0	0	7	94	0	0	0	
505478	0	0	0	0	0	0	0	0	101	0	0	0	
506227	0	0	0	0	0	0	0	0	97	0	0	0	
506977	0	0	0	0	0	0	0	0	91	0	0	0	
507729	0	0	0	0	0	0	0	0	77	0	0	0	
508478	0	0	0	0	0	0	0	0	89	0	0	0	
509225	0	0	0	0	0	0	0	0	0	87	0	0	
509972	0	0	0	0	0	0	0	0	0	87	0	0	
510720	0	0	0	0	0	0	0	0	0	73	0	0	
511472	0	0	0	0	0	0	0	0	0	73	0	0	
512224	0	0	0	0	0	0	0	0	0	83	0	0	
512973	0	0	0	0	0	0	0	0	0	67	0	0	
513726	0	0	0	0	0	0	0	0	0	75	0	0	
514473	0	0	0	0	0	0	0	0	0	63	0	0	
515224	0	0	0	0	0	0	0	0	0	85	0	0	
515973	0	0	0	0	0	0	0	0	0	85	0	0	
516722	0	0	0	0	0	0	0	0	0	75	0	0	
517471	0	0	0	0	0	0	0	0	0	77	0	0	
518225	0	0	0	0	0	0	0	0	0	65	0	0	
518976	0	0	0	0	0	0	0	0	0	75	0	0	
519728	0	0	0	0	0	0	0	0	0	85	0	0	
520477	0	0	0	0	0	0	0	0	0	71	0	0	
521226	0	0	0	0	0	0	0	0	0	77	0	0	
521979	0	0	0	0	0	0	0	0	0	75	0	0	
522727	0	0	0	0	0	0	0	0	0	79	0	0	
523480	0	0	0	0	0	0	0	0	109	0	0	0	
524230	0	0	0	0	0	0	0	0	75	0	0	0	
524979	0	0	0	0	0	0	0	0	91	0	0	0	
525726	0	0	0	0	0	0	0	0	89	0	0	0	
526471	0	0	0	0	0	0	0	0	89	0	0	0	
527223	0	0	0	0	0	0	0	0	97	0	0	0	
527972	0	0	0	0	0	0	0	0	97	0	0	0	
528721	0	0	0	0	0	0	0	0	89	0	0	0	
529471	0	0	0	0	0	0	0	0	93	0	0	0	
530220	0	0	0	0	0	0	0	0	87	0	0	0	
530969	0	0	0	0	0	0	0	0	85	0	0	0	
531718	0	0	0	0	0	0	0	0	103	0	0	0	
532470	0	0	0	0	0	0	0	0	83	0	0	0	
533217	0	0	0	0	0	0	0	0	89	0	0	0	
533968	0	0	0	0	0	0	0	0	81	0	0	0	
534719	0	0	0	0	0	0	0	0	107	0	0	0	
535471	0	0	0	0	0	0	0	0	97	0	0	0	
536219	0	0	0	0	0	0	0	0	85	0	0	0	
536971	0	0	0	0	0	0	0	0	105	0	0	0	
537723	0	0	0	0	0	0	0	0	99	0	0	0	
538475	0	0	0	0	0	0	0	0	99	0	0	0	
539222	0	0	0	0	0	0	0	0	89	0	0	0	
539971	0	0	0	0	0	0	0	0	111	0	0	0	
540718	0	0	0	0	0	0	0	0	99	0	0	0	
541466	0	0	0	0	0	0	0	0	83	0	0	0	
542215	0	0	0	0	0	0	0	0	91	0	0	0	
542967	0	0	0	0	0	0	0	0	71	0	0	0	
543717	0	0	0	0	0	0	0	0	93	0	0	0	
544467	0	0	0	0	0	0	0	117	0	0	0	0	
545218	0	0	0	0	0	0	0	111	0	0	0	0	
545966	0	0	0	0	0	0	0	139	0	0	0	0	
546717	0	0	0	0	0	0	0	87	0	0	0	0	
547469	0	0	0	0	0	0	0	111	0	0	0	0	
548216	0	0	0	0	0	0	0	121	0	0	0	0	
548962	0	0	0	0	0	0	0	133	0	0	0	0	
549713	0	0	0	0	0	0	0	109	0	0	0	0	
550466	0	0	0	0	0	0	0	113	0	0	0	0	
551216	0	0	0	0	0	0	0	103	0	0	0	0	
551970	0	0	0	0	0	0	0	109	0	0	0	0	
552721	0	0	0	0	0	0	0	117	0	0	0	0	
553470	0	0	0	0	0	0	0	125	0	0	0	0	
554220	0	0	0	0	0	0	0	121	0	0	0	0	
554969	0	0	0	0	0	0	0	115	0	0	0	0	
555720	0	0	0	0	0	0	0	131	0	0	0	0	
556473	0	0	0	0	0	0	0	91	0	0	0	0	
557223	0	0	0	0	0	0	0	125	0	0	0	0	
557970	0	0	0	0	0	0	0	137	0	0	0	0	
558720	0	0	0	0	0	0	0	117	0	0	0	0	
559469	0	0	0	0	0	0	0	133	0	0	0	0	
560220	0	0	0	0	0	0	0	115	0	0	0	0	
560968	0	0	0	0	0	0	0	105	0	0	0	0	
561717	0	0	0	0	0	0	0	107	0	0	0	0	
562467	0	0	0	0	0	0	0	109	0	0	0	0	
563219	0	0	0	0	0	0	0	105	0	0	0	0	
563971	0	0	0	0	0	0	0	0	85	0	0	0	
564719	0	0	0	0	0	0	0	0	85	0	0	0	
565469	0	0	0	0	0	0	0	0	105	0	0	0	
566221	0	0	0	0	0	0	0	0	89	0	0	0	
566974	0	0	0	0	0	0	0	0	97	0	0	0	
567722	0	0	0	0	0	0	0	0	87	0	0	0	
568472	0	0	0	0	0	0	0	0	95	0	0	0	
569222	0	0	0	0	0	0	0	0	103	0	0	0	
569973	0	0	0	0	0	0	0	0	105	0	0	0	
570721	0	0	0	0	0	0	0	0	79	0	0	0	
571471	0	0	0	0	0	0	0	0	85	0	0	0	
572220	0	0	0	0	0	0	0	0	87	0	0	0	
572972	0	0	0	0	0	0	0	0	99	0	0	0	
573722	0	0	0	0	0	0	0	0	91	0	0	0	
574475	0	0	0	0	0	0	0	117	0	0	0	0	
575226	0	0	0	0	0	0	0	105	0	0	0	0	
575976	0	0	0	0	0	0	0	121	0	0	0	0	
576724	0	0	0	0	0	0	0	135	0	0	0	0	
577472	0	0	0	0	0	0	0	117	0	0	0	0	
578224	0	0	0	0	0	0	0	141	0	0	0	0	
578974	0	0	0	0	0	0	0	117	0	0	0	0	
579722	0	0	0	0	0	0	0	123	0	0	0	0	
580471	0	0	0	0	0	0	0	123	0	0	0	0	
581222	0	0	0	0	0	0	0	115	0	0	0	0	
581966	0	0	0	0	0	0	0	105	0	0	0	0	
582714	0	0	0	0	0	0	0	115	0	0	0	0	
583468	0	0	0	0	0	0	0	125	0	0	0	0	
584219	0	0	0	0	0	0	0	119	0	0	0	0	
584969	0	0	0	0	0	0	0	107	0	0	0	0	
585719	0	0	0	0	0	0	0	93	0	0	0	0	
586467	0	0	0	0	0	0	0	133	0	0	0	0	
587218	0	0	0	0	0	0	0	115	0	0	0	0	
587969	0	0	0	0	0	0	0	113	0	0	0	0	
588720	0	0	0	0	0	0	0	109	0	0	0	0	
589470	0	0	0	0	0	0	0	111	0	0	0	0	
590222	0	0	0	0	0	0	0	115	0	0	0	0	
590971	0	0	0	0	0	0	0	93	0	0	0	0	
591723	0	0	0	0	0	0	0	121	0	0	0	0	
592475	0	0	0	0	0	0	0	121	0	0	0	0	
593224	0	0	0	0	0	0	0	103	0	0	0	0	
593972	0	0	0	0	0	0	0	115	0	0	0	0	
594723	0	0	0	0	0	0	0	135	0	0	0	0	
595472	0	0	0	0	0	0	0	121	0	0	0	0	
596223	0	0	0	0	0	0	0	141	0	0	0	0	
596972	0	0	0	0	0	0	0	119	0	0	0	0	
597720	0	0	0	0	0	0	0	125	0	0	0	0	
598473	0	0	0	0	0	0	0	111	0	0	0	0	
599220	0	0	0	0	0	0	0	109	0	0	0	0	
599972	0	0	0	0	0	0	0	109	0	0	0	0	
600724	0	0	0	0	0	0	0	125	0	0	0	0	
601477	0	0	0	0	0	0	0	137	0	0	0	0	
602226	0	0	0	0	0	0	0	125	0	0	0	0	
602977	0	0	0	0	0	0	0	123	0	0	0	0	
603723	0	0	0	0	0	0	0	127	0	0	0	0	
604470	0	0	0	0	0	0	0	129	0	0	0	0	
605218	0	0	0	0	0	0	0	127	0	0	0	0	
605970	0	0	0	0	0	0	0	89	0	0	0	0	
606722	0	0	0	0	0	0	0	117	0	0	0	0	
607473	0	0	0	0	0	0	0	133	0	0	0	0	
608224	0	0	0	0	0	0	0	109	0	0	0	0	
608976	0	0	0	0	0	0	0	117	0	0	0	0	
609724	0	0	0	0	0	0	0	117	0	0	0	0	
610475	0	0	0	0	0	0	0	89	0	0	0	0	
611227	0	0	0	0	0	0	0	113	0	0	0	0	
611979	0	0	0	0	0	0	0	111	0	0	0	0	
612734	0	0	0	0	0	0	151	0	0	0	0	0	
613480	0	0	0	0	0	0	157	0	0	0	0	0	
614231	0	0	0	0	0	0	141	0	0	0	0	0	
614980	0	0	0	0	0	0	143	0	0	0	0	0	
615730	0	0	0	0	0	0	131	0	0	0	0	0	
616482	0	0	0	0	0	0	155	0	0	0	0	0	
617235	0	0	0	0	0	181	0	0	0	0	0	0	
617985	0	0	0	0	0	161	0	0	0	0	0	0	
618735	0	0	0	0	0	201	0	0	0	0	0	0	
619484	0	0	0	0	3	170	0	0	0	0	0	0	
620231	0	0	0	0	0	161	0	0	0	0	0	0	
620983	0	0	0	0	2	171	0	0	0	0	0	0	
621735	0	0	0	0	0	203	0	0	0	0	0	0	
622486	0	0	0	0	0	173	0	0	0	0	0	0	
623235	0	0	0	0	0	189	0	0	0	0	0	0	
623986	0	0	0	0	0	187	0	0	0	0	0	0	
624736	0	0	0	0	0	181	0	0	0	0	0	0	
625485	0	0	0	0	0	177	0	0	0	0	0	0	
626235	0	0	0	0	18	149	0	0	0	0	0	0	
626987	0	0	0	0	0	157	0	0	0	0	0	0	
627738	0	0	0	0	0	207	0	0	0	0	0	0	
628489	0	0	0	0	0	179	0	0	0	0	0	0	
629237	0	0	0	0	0	167	0	0	0	0	0	0	
629989	0	0	0	0	0	181	0	0	0	0	0	0	
630741	0	0	0	0	0	157	0	0	0	0	0	0	
631490	0	0	0	0	0	187	0	0	0	0	0	0	
632244	0	0	0	0	0	189	0	0	0	0	0	0	
632992	0	0	0	0	0	155	0	0	0	0	0	0	
633744	0	0	0	0	0	165	0	0	0	0	0	0	
634492	0	0	0	0	0	180	1	0	0	0	0	0	
635242	0	0	0	0	0	197	0	0	0	0	0	0	
635988	0	0	0	0	0	153	0	0	0	0	0	0	
636739	0	0	0	0	0	168	1	0	0	0	0	0	
637488	0	0	0	0	0	177	0	0	0	0	0	0	
638235	0	0	0	0	0	177	0	0	0	0	0	0	
638987	0	0	0	0	0	161	14	0	0	0	0	0	
639737	0	0	0	0	0	199	0	0	0	0	0	0	
640487	0	0	0	0	0	167	0	0	0	0	0	0	
641237	0	0	0	0	0	183	0	0	0	0	0	0	
641987	0	0	0	0	0	169	0	0	0	0	0	0	
642738	0	0	0	0	0	163	0	0	0	0	0	0	
643486	0	0	0	0	0	171	0	0	0	0	0	0	
644233	0	0	0	0	0	173	0	0	0	0	0	0	
644981	0	0	0	0	0	0	149	0	0	0	0	0	
645729	0	0	0	0	0	0	133	0	0	0	0	0	
646480	0	0	0	0	0	0	127	0	0	0	0	0	
647231	0	0	0	0	0	0	129	0	0	0	0	0	
647981	0	0	0	0	0	0	137	0	0	0	0	0	
648731	0	0	0	0	0	0	147	0	0	0	0	0	
649484	0	0	0	0	0	0	151	0	0	0	0	0	
650232	0	0	0	0	0	0	143	0	0	0	0	0	
650982	0	0	0	0	0	0	127	0	0	0	0	0	
651734	0	0	0	0	0	0	147	0	0	0	0	0	
652483	0	0	0	0	0	0	135	0	0	0	0	0	
653235	0	0	0	0	0	0	141	0	0	0	0	0	
653986	0	0	0	0	0	0	121	0	0	0	0	0	
654733	0	0	0	0	0	0	147	0	0	0	0	0	
655483	0	0	0	0	0	0	135	0	0	0	0	0	
656233	0	0	0	0	0	0	147	0	0	0	0	0	
656983	0	0	0	0	0	0	131	0	0	0	0	0	
657738	0	0	0	0	0	0	135	0	0	0	0	0	
658485	0	0	0	0	0	167	0	0	0	0	0	0	
659235	0	0	0	0	0	173	0	0	0	0	0	0	
659987	0	0	0	0	0	177	0	0	0	0	0	0	
660737	0	0	0	0	0	171	0	0	0	0	0	0	
661491	0	0	0	0	0	157	0	0	0	0	0	0	
662240	0	0	0	0	0	171	0	0	0	0	0	0	
662992	0	0	0	0	0	205	0	0	0	0	0	0	
663744	0	0	0	0	0	183	0	0	0	0	0	0	
664496	0	0	0	0	0	191	0	0	0	0	0	0	
665244	0	0	0	0	0	175	0	0	0	0	0	0	
665991	0	0	0	0	0	193	0	0	0	0	0	0	
666744	0	0	0	0	0	183	0	0	0	0	0	0	
667498	0	0	0	0	0	185	0	0	0	0	0	0	
668245	0	0	0	0	0	185	0	0	0	0	0	0	
668994	0	0	0	0	0	177	0	0	0	0	0	0	
669742	0	0	0	0	0	175	0	0	0	0	0	0	
670495	0	0	0	0	0	203	0	0	0	0	0	0	
671246	0	0	0	0	0	175	0	0	0	0	0	0	
671992	0	0	0	0	0	169	0	0	0	0	0	0	
672745	0	0	0	0	0	203	0	0	0	0	0	0	
673495	0	0	0	0	0	177	0	0	0	0	0	0	
674245	0	0	0	0	0	141	0	0	0	0	0	0	
674996	0	0	0	0	0	177	0	0	0	0	0	0	
675750	0	0	0	0	0	197	0	0	0	0	0	0	
676497	0	0	0	0	0	171	0	0	0	0	0	0	
677247	0	0	0	0	0	209	0	0	0	0	0	0	
677996	0	0	0	0	0	189	0	0	0	0	0	0	
678745	0	0	0	0	0	159	0	0	0	0	0	0	
679495	0	0	0	0	0	159	0	0	0	0	0	0	
680244	0	0	0	0	0	179	0	0	0	0	0	0	
680993	0	0	0	0	0	167	0	0	0	0	0	0	
681742	0	0	0	0	0	173	0	0	0	0	0	0	
682491	0	0	0	0	0	159	0	0	0	0	0	0	
683240	0	0	0	0	0	187	0	0	0	0	0	0	
683990	0	0	0	0	0	29	124	0	0	0	0	0	
684743	0	0	0	0	0	0	147	0	0	0	0	0	
685491	0	0	0	0	0	183	0	0	0	0	0	0	
686243	0	0	0	0	0	173	0	0	0	0	0	0	
686991	0	0	0	0	0	193	0	0	0	0	0	0	
687741	0	0	0	0	0	163	0	0	0	0	0	0	
688494	0	0	0	0	0	169	0	0	0	0	0	0	
689246	0	0	0	0	0	181	0	0	0	0	0	0	
689995	0	0	0	0	0	195	0	0	0	0	0	0	
690746	0	0	0	0	0	175	0	0	0	0	0	0	
691495	0	0	0	0	0	179	0	0	0	0	0	0	
692246	0	0	0	0	0	187	0	0	0	0	0	0	
692998	0	0	0	0	0	177	0	0	0	0	0	0	
693746	0	0	0	0	0	165	0	0	0	0	0	0	
694496	0	0	0	0	0	157	0	0	0	0	0	0	
695244	0	0	0	0	0	171	0	0	0	0	0	0	
695993	0	0	0	0	0	171	0	0	0	0	0	0	
696743	0	0	0	0	0	167	0	0	0	0	0	0	
697496	0	0	0	0	0	159	0	0	0	0	0	0	
698246	0	0	0	0	0	185	0	0	0	0	0	0	
698992	0	0	0	0	0	179	0	0	0	0	0	0	
699740	0	0	0	0	0	169	0	0	0	0	0	0	
700490	0	0	0	0	0	161	0	0	0	0	0	0	
701243	0	0	0	0	0	187	0	0	0	0	0	0	
701994	0	0	0	0	0	185	0	0	0	0	0	0	
702743	0	0	0	0	0	155	0	0	0	0	0	0	
703496	0	0	0	0	0	195	0	0	0	0	0	0	
704247	0	0	0	0	0	165	0	0	0	0	0	0	
704998	0	0	0	0	0	203	0	0	0	0	0	0	
705747	0	0	0	0	0	181	0	0	0	0	0	0	
706499	0	0	0	0	0	153	0	0	0	0	0	0	
707251	0	0	0	0	0	169	0	0	0	0	0	0	
708002	0	0	0	0	0	175	0	0	0	0	0	0	
708752	0	0	0	0	0	179	0	0	0	0	0	0	
709501	0	0	0	0	0	187	0	0	0	0	0	0	
710251	0	0	0	0	0	169	0	0	0	0	0	0	
710999	0	0	0	0	0	149	0	0	0	0	0	0	
711749	0	0	0	0	0	205	0	0	0	0	0	0	
712499	0	0	0	0	0	169	0	0	0	0	0	0	
713246	0	0	0	0	0	179	0	0	0	0	0	0	
713993	0	0	0	0	7	176	0	0	0	0	0	0	
714741	0	0	0	0	0	165	0	0	0	0	0	0	
715492	0	0	0	0	0	179	0	0	0	0	0	0	
716246	0	0	0	0	0	191	0	0	0	0	0	0	
716993	0	0	0	0	0	189	0	0	0	0	0	0	
717742	0	0	0	0	0	159	0	0	0	0	0	0	
718491	0	0	0	0	0	171	0	0	0	0	0	0	
719243	0	0	0	0	0	173	0	0	0	0	0	0	
719996	0	0	0	0	0	169	0	0	0	0	0	0	
720744	0	0	0	0	0	229	0	0	0	0	0	0	
721491	0	0	0	0	223	0	0	0	0	0	0	0	
722239	0	0	0	0	199	0	0	0	0	0	0	0	
722990	0	0	0	0	199	0	0	0	0	0	0	0	
723740	0	0	0	0	201	0	0	0	0	0	0	0	
724492	0	0	0	0	181	0	0	0	0	0	0	0	
725241	0	0	0	0	207	0	0	0	0	0	0	0	
725990	0	0	0	0	175	0	0	0	0	0	0	0	
726743	0	0	0	0	221	0	0	0	0	0	0	0	
727492	0	0	0	0	199	0	0	0	0	0	0	0	
728241	0	0	0	0	219	0	0	0	0	0	0	0	
728992	0	0	0	0	245	0	0	0	0	0	0	0	
729740	0	0	0	0	211	0	0	0	0	0	0	0	
730493	0	0	0	0	205	0	0	0	0	0	0	0	
731241	0	0	0	0	219	0	0	0	0	0	0	0	
731991	0	0	0	0	203	0	0	0	0	0	0	0	
732744	0	0	0	0	207	0	0	0	0	0	0	0	
733495	0	0	0	0	223	0	0	0	0	0	0	0	
734241	0	0	0	0	215	0	0	0	0	0	0	0	
734994	0	0	0	0	199	0	0	0	0	0	0	0	
735745	0	0	0	0	237	0	0	0	0	0	0	0	
736496	0	0	0	0	227	0	0	0	0	0	0	0	
737240	0	0	0	0	213	0	0	0	0	0	0	0	
737990	0	0	0	0	239	0	0	0	0	0	0	0	
738741	0	0	0	0	215	0	0	0	0	0	0	0	
739490	0	0	0	0	225	0	0	0	0	0	0	0	
740242	0	0	0	0	201	0	0	0	0	0	0	0	
740989	0	0	0	0	223	0	0	0	0	0	0	0	
741739	0	0	0	0	225	0	0	0	0	0	0	0	
742486	0	0	0	0	205	0	0	0	0	0	0	0	
743235	0	0	0	0	207	0	0	0	0	0	0	0	
743987	0	0	0	0	223	0	0	0	0	0	0	0	
744736	0	0	0	0	207	0	0	0	0	0	0	0	
745491	0	0	0	0	213	0	0	0	0	0	0	0	
746242	0	0	0	0	189	0	0	0	0	0	0	0	
746990	0	0	0	0	211	0	0	0	0	0	0	0	
747738	0	0	0	0	195	0	0	0	0	0	0	0	
748489	0	0	0	0	201	0	0	0	0	0	0	0	
749234	0	0	0	0	211	0	0	0	0	0	0	0	
749984	0	0	0	0	221	0	0	0	0	0	0	0	
750734	0	0	0	0	243	0	0	0	0	0	0	0	
751487	0	0	0	0	205	0	0	0	0	0	0	0	
752240	0	0	0	0	221	0	0	0	0	0	0	0	
752991	0	0	0	0	231	0	0	0	0	0	0	0	
753741	0	0	0	0	199	0	0	0	0	0	0	0	
754491	0	0	0	0	221	0	0	0	0	0	0	0	
755239	0	0	0	3	204	12	0	0	0	0	0	0	
755990	0	0	0	0	233	0	0	0	0	0	0	0	
756741	0	0	0	0	203	0	0	0	0	0	0	0	
757492	0	0	0	0	219	0	0	0	0	0	0	0	
758244	0	0	0	0	233	0	0	0	0	0	0	0	
758994	0	0	0	0	0	177	0	0	0	0	0	0	
759746	0	0	0	0	0	181	0	0	0	0	0	0	
760497	0	0	0	0	0	157	0	0	0	0	0	0	
761249	0	0	0	0	0	163	0	0	0	0	0	0	
762004	0	0	0	0	0	173	0	0	0	0	0	0	
762752	0	0	0	0	0	201	0	0	0	0	0	0	
763498	0	0	0	0	0	161	0	0	0	0	0	0	
764248	0	0	0	0	0	137	0	0	0	0	0	0	
764998	0	0	0	0	0	189	0	0	0	0	0	0	
765752	0	0	0	0	0	157	0	0	0	0	0	0	
766504	0	0	0	0	0	181	0	0	0	0	0	0	
767253	0	0	0	0	0	207	0	0	0	0	0	0	
768002	0	0	0	0	0	177	0	0	0	0	0	0	
768753	0	0	0	0	0	179	2	0	0	0	0	0	
769502	0	0	0	0	16	169	0	0	0	0	0	0	
770252	0	0	0	0	219	0	0	0	0	0	0	0	
771001	0	0	0	0	199	0	0	0	0	0	0	0	
771752	0	0	0	0	207	0	0	0	0	0	0	0	
772499	0	0	0	0	223	0	0	0	0	0	0	0	
773250	0	0	0	0	229	0	0	0	0	0	0	0	
774002	0	0	0	0	215	0	0	0	0	0	0	0	
774751	0	0	0	0	215	0	0	0	0	0	0	0	
775500	0	0	0	0	255	0	0	0	0	0	0	0	
776251	0	0	0	0	219	0	0	0	0	0	0	0	
777004	0	0	0	0	219	0	0	0	0	0	0	0	
777752	0	0	0	0	205	0	0	0	0	0	0	0	
778504	0	0	0	0	213	0	0	0	0	0	0	0	
779256	0	0	0	5	198	0	0	0	0	0	0	0	
780003	0	0	0	0	213	0	0	0	0	0	0	0	
780753	0	0	0	0	253	0	0	0	0	0	0	0	
781506	0	0	0	0	209	0	0	0	0	0	0	0	
782259	0	0	0	0	203	0	0	0	0	0	0	0	
783011	0	0	0	0	231	0	0	0	0	0	0	0	
783761	0	0	0	0	231	0	0	0	0	0	0	0	
784509	0	0	0	0	225	0	0	0	0	0	0	0	
785260	0	0	0	0	201	0	0	0	0	0	0	0	
786006	0	0	0	0	203	0	0	0	0	0	0	0	
786758	0	0	0	0	207	0	0	0	0	0	0	0	
787511	0	0	0	0	207	0	0	0	0	0	0	0	
788262	0	0	0	0	189	0	0	0	0	0	0	0	
789012	0	0	0	0	201	0	0	0	0	0	0	0	
789761	0	0	0	0	217	0	0	0	0	0	0	0	
790512	0	0	0	0	235	0	0	0	0	0	0	0	
791261	0	0	0	0	203	0	0	0	0	0	0	0	
792010	0	0	0	0	225	0	0	0	0	0	0	0	
792758	0	0	0	0	181	0	0	0	0	0	0	0	
793509	0	0	0	0	223	0	0	0	0	0	0	0	
794256	0	0	0	0	223	10	0	0	0	0	0	0	
795003	0	0	0	0	185	0	0	0	0	0	0	0	
795756	0	0	0	0	227	0	0	0	0	0	0	0	
796506	0	0	0	0	209	0	0	0	0	0	0	0	
797255	0	0	0	0	223	0	0	0	0	0	0	0	
798004	0	0	0	0	233	0	0	0	0	0	0	0	
798757	0	0	0	0	233	0	0	0	0	0	0	0	
799507	0	0	0	0	179	22	0	0	0	0	0	0	
800258	0	0	0	0	209	0	0	0	0	0	0	0	
801008	0	0	0	0	223	0	0	0	0	0	0	0	
801760	0	0	0	0	237	0	0	0	0	0	0	0	
802508	0	0	0	0	215	0	0	0	0	0	0	0	
803261	0	0	0	0	245	0	0	0	0	0	0	0	
804013	0	0	0	0	231	0	0	0	0	0	0	0	
804765	0	0	0	0	223	0	0	0	0	0	0	0	
805517	0	0	0	0	199	0	0	0	0	0	0	0	
806267	0	0	0	0	195	0	0	0	0	0	0	0	
807019	0	0	0	0	243	0	0	0	0	0	0	0	
807766	0	0	0	0	231	0	0	0	0	0	0	0	
808519	0	0	0	0	213	0	0	0	0	0	0	0	
809273	0	0	0	0	209	0	0	0	0	0	0	0	
810023	0	0	0	0	203	0	0	0	0	0	0	0	
810773	0	0	0	0	0	189	0	0	0	0	0	0	
811521	0	0	0	0	0	167	0	0	0	0	0	0	
812271	0	0	0	0	0	165	0	0	0	0	0	0	
813019	0	0	0	0	0	159	0	0	0	0	0	0	
813769	0	0	0	0	0	171	0	0	0	0	0	0	
814520	0	0	0	0	0	199	0	0	0	0	0	0	
815271	0	0	0	0	0	191	0	0	0	0	0	0	
816022	0	0	0	0	0	183	0	0	0	0	0	0	
816771	0	0	0	0	0	161	0	0	0	0	0	0	
817520	0	0	0	0	0	157	0	0	0	0	0	0	
818269	0	0	0	0	0	175	0	0	0	0	0	0	
819018	0	0	0	0	0	183	0	0	0	0	0	0	
819767	0	0	0	0	0	197	0	0	0	0	0	0	
820520	0	0	0	0	0	189	0	0	0	0	0	0	
821268	0	0	0	0	0	149	0	0	0	0	0	0	
822017	0	0	0	0	0	0	153	0	0	0	0	0	
822769	0	0	0	0	0	0	149	0	0	0	0	0	
823518	0	0	0	0	0	0	147	0	0	0	0	0	
824270	0	0	0	0	0	0	133	0	0	0	0	0	
825018	0	0	0	0	0	0	141	0	0	0	0	0	
825772	0	0	0	0	0	35	112	0	0	0	0	0	
826525	0	0	0	0	0	0	121	0	0	0	0	0	
827275	0	0	0	0	0	0	141	0	0	0	0	0	
828024	0	0	0	0	0	0	127	0	0	0	0	0	
828777	0	0	0	0	0	0	133	0	0	0	0	0	
829528	0	0	0	0	0	0	143	0	0	0	0	0	
830275	0	0	0	0	0	0	141	0	0	0	0	0	
831026	0	0	0	0	0	0	141	0	0	0	0	0	
831780	0	0	0	0	0	0	125	0	0	0	0	0	
832532	0	0	0	0	0	0	139	0	0	0	0	0	
833279	0	0	0	0	0	0	125	0	0	0	0	0	
834032	0	0	0	0	0	0	139	0	0	0	0	0	
834782	0	0	0	0	0	0	143	0	0	0	0	0	
835532	0	0	0	0	0	0	145	0	0	0	0	0	
836282	0	0	0	0	0	0	145	0	0	0	0	0	
837034	0	0	0	0	0	0	155	0	0	0	0	0	
837784	0	0	0	0	0	0	137	0	0	0	0	0	
838533	0	0	0	0	0	0	137	0	0	0	0	0	
839285	0	0	0	0	0	0	145	0	0	0	0	0	
840037	0	0	0	0	0	0	141	0	0	0	0	0	
840791	0	0	0	0	0	0	131	0	0	0	0	0	
841541	0	0	0	0	0	0	145	0	0	0	0	0	
842292	0	0	0	0	0	0	0	131	0	0	0	0	
843040	0	0	0	0	0	0	0	129	0	0	0	0	
843788	0	0	0	0	0	0	0	121	0	0	0	0	
844537	0	0	0	0	0	0	0	115	0	0	0	0	
845288	0	0	0	0	0	0	0	115	0	0	0	0	
846036	0	0	0	0	0	0	0	125	0	0	0	0	
846784	0	0	0	0	0	0	0	111	0	0	0	0	
847532	0	0	0	0	0	0	0	119	0	0	0	0	
848281	0	0	0	0	0	0	0	117	0	0	0	0	
849032	0	0	0	0	0	0	0	117	0	0	0	0	
849780	0	0	0	0	0	0	0	111	0	0	0	0	
850530	0	0	0	0	0	0	0	105	0	0	0	0	
851280	0	0	0	0	0	0	131	0	0	0	0	0	
852030	0	0	0	0	0	0	117	0	0	0	0	0	
852779	0	0	0	0	0	0	149	0	0	0	0	0	
853530	0	0	0	0	0	0	145	0	0	0	0	0	
854281	0	0	0	0	0	0	115	0	0	0	0	0	
855033	0	0	0	0	0	0	121	0	0	0	0	0	
855781	0	0	0	0	0	0	165	0	0	0	0	0	
856533	0	0	0	0	0	0	145	0	0	0	0	0	
857282	0	0	0	0	0	0	123	0	0	0	0	0	
858033	0	0	0	0	0	0	137	0	0	0	0	0	
858787	0	0	0	0	0	0	137	0	0	0	0	0	
859537	0	0	0	0	0	0	133	0	0	0	0	0	
860284	0	0	0	0	0	0	129	0	0	0	0	0	
861035	0	0	0	0	0	0	139	0	0	0	0	0	
861781	0	0	0	0	0	0	161	0	0	0	0	0	
862531	0	0	0	0	0	0	147	0	0	0	0	0	
863280	0	0	0	0	0	0	125	0	0	0	0	0	
864034	0	0	0	0	0	0	139	0	0	0	0	0	
864784	0	0	0	0	0	0	149	0	0	0	0	0	
865531	0	0	0	0	0	0	131	0	0	0	0	0	
866276	0	0	0	0	0	0	157	0	0	0	0	0	
867027	0	0	0	0	0	0	137	0	0	0	0	0	
867779	0	0	0	0	0	0	159	0	0	0	0	0	
868526	0	0	0	0	0	0	135	0	0	0	0	0	
869273	0	0	0	0	0	0	151	0	0	0	0	0	
870025	0	0	0	0	0	0	129	0	0	0	0	0	
870772	0	0	0	0	0	0	131	0	0	0	0	0	
871520	0	0	0	0	0	0	145	0	0	0	0	0	
872269	0	0	0	0	0	0	149	0	0	0	0	0	
873017	0	0	0	0	0	0	143	0	0	0	0	0	
873769	0	0	0	0	0	0	123	0	0	0	0	0	
874519	0	0	0	0	0	0	167	0	0	0	0	0	
875267	0	0	0	0	0	0	145	0	0	0	0	0	
876019	0	0	0	0	0	0	163	0	0	0	0	0	
876769	0	0	0	0	0	0	135	0	0	0	0	0	
877520	0	0	0	0	0	0	157	0	0	0	0	0	
878267	0	0	0	0	0	0	159	0	0	0	0	0	
879017	0	0	0	0	0	0	135	0	0	0	0	0	
879766	0	0	0	0	0	0	125	0	0	0	0	0	
880513	0	0	0	0	0	0	145	0	0	0	0	0	
881263	0	0	0	0	0	0	157	0	0	0	0	0	
882011	0	0	0	0	0	0	155	0	0	0	0	0	
882760	0	0	0	0	0	0	127	0	0	0	0	0	
883509	0	0	0	0	0	0	145	0	0	0	0	0	
884256	0	0	0	0	0	0	141	0	0	0	0	0	
885006	0	0	0	0	0	0	127	0	0	0	0	0	
885755	0	0	0	0	0	0	139	0	0	0	0	0	
886505	0	0	0	0	0	0	139	0	0	0	0	0	
887256	0	0	0	0	0	0	155	0	0	0	0	0	
888006	0	0	0	0	0	0	133	0	0	0	0	0	
888758	0	0	0	0	0	0	123	0	0	0	0	0	
889507	0	0	0	0	0	0	151	0	0	0	0	0	
890257	0	0	0	0	0	0	159	0	0	0	0	0	
891006	0	0	0	0	0	0	147	0	0	0	0	0	
891757	0	0	0	0	0	0	147	0	0	0	0	0	
892508	0	0	0	0	0	0	125	0	0	0	0	0	
893259	0	0	0	0	0	0	147	0	0	0	0	0	
894010	0	0	0	0	0	0	139	0	0	0	0	0	
894762	0	0	0	0	0	0	153	0	0	0	0	0	
895510	0	0	0	0	0	0	157	0	0	0	0	0	
896260	0	0	0	0	0	0	145	0	0	0	0	0	
897008	0	0	0	0	0	0	133	0	0	0	0	0	
897757	0	0	0	0	0	0	137	0	0	0	0	0	
898511	0	0	0	0	0	0	111	0	0	0	0	0	
899263	0	0	0	0	0	0	123	0	0	0	0	0	
900010	0	0	0	0	0	0	135	0	0	0	0	0	
900759	0	0	0	0	0	0	151	0	0	0	0	0	
901510	0	0	0	0	0	0	143	0	0	0	0	0	
902258	0	0	0	0	0	0	139	0	0	0	0	0	
903011	0	0	0	0	0	0	125	0	0	0	0	0	
903759	0	0	0	0	0	0	155	0	0	0	0	0	
904510	0	0	0	0	0	0	161	0	0	0	0	0	
905261	0	0	0	0	0	0	151	0	0	0	0	0	
906005	0	0	0	0	0	0	159	0	0	0	0	0	
906747	0	0	0	0	0	0	153	0	0	0	0	0	
907496	0	0	0	0	0	0	143	0	0	0	0	0	
908246	0	0	0	0	0	0	149	0	0	0	0	0	
908999	0	0	0	0	0	0	141	0	0	0	0	0	
909746	0	0	0	0	0	0	155	0	0	0	0	0	
910497	0	0	0	0	0	0	147	0	0	0	0	0	
911251	0	0	0	0	0	0	129	0	0	0	0	0	
911997	0	0	0	0	0	0	147	0	0	0	0	0	
912747	0	0	0	0	0	0	133	0	0	0	0	0	
913495	0	0	0	0	0	0	149	0	0	0	0	0	
914248	0	0	0	0	0	0	151	0	0	0	0	0	
915000	0	0	0	0	0	0	161	0	0	0	0	0	
915748	0	0	0	0	0	0	135	0	0	0	0	0	
916500	0	0	0	0	0	0	139	0	0	0	0	0	
917251	0	0	0	0	0	0	145	0	0	0	0	0	
918000	0	0	0	0	0	0	149	0	0	0	0	0	
918753	0	0	0	0	0	0	175	0	0	0	0	0	
919501	0	0	0	0	0	0	137	0	0	0	0	0	
920253	0	0	0	0	0	0	145	0	0	0	0	0	
921005	0	0	0	0	0	0	135	0	0	0	0	0	
921753	0	0	0	0	0	0	141	0	0	0	0	0	
922503	0	0	0	0	0	0	151	0	0	0	0	0	
923251	0	0	0	0	0	0	157	0	0	0	0	0	
923999	0	0	0	0	0	0	135	0	0	0	0	0	
924748	0	0	0	0	0	0	137	0	0	0	0	0	
925499	0	0	0	0	0	0	149	0	0	0	0	0	
926249	0	0	0	0	0	0	157	0	0	0	0	0	
926998	0	0	0	0	0	0	135	0	0	0	0	0	
927747	0	0	0	0	0	0	141	0	0	0	0	0	
928493	0	0	0	0	0	0	139	0	0	0	0	0	
929244	0	0	0	0	0	0	159	0	0	0	0	0	
929990	0	0	0	0	0	0	145	0	0	0	0	0	
930743	0	0	0	0	0	0	137	0	0	0	0	0	
931490	0	0	0	0	0	0	133	0	0	0	0	0	
932242	0	0	0	0	0	0	135	0	0	0	0	0	
932993	0	0	0	0	0	0	135	0	0	0	0	0	
933743	0	0	0	0	0	0	139	0	0	0	0	0	
934493	0	0	0	0	0	0	131	0	0	0	0	0	
935243	0	0	0	0	0	0	133	0	0	0	0	0	
935993	0	0	0	0	0	0	145	0	0	0	0	0	
936747	0	0	0	0	0	0	163	0	0	0	0	0	
937497	0	0	0	0	0	0	135	0	0	0	0	0	
938246	0	0	0	0	0	0	141	0	0	0	0	0	
938997	0	0	0	0	0	0	145	0	0	0	0	0	
939752	0	0	0	0	0	0	145	0	0	0	0	0	
940503	0	0	0	0	0	0	159	0	0	0	0	0	
941258	0	0	0	0	0	0	133	0	0	0	0	0	
942010	0	0	0	0	0	0	121	0	0	0	0	0	
942757	0	0	0	0	0	0	115	0	0	0	0	0	
943508	0	0	0	0	0	0	145	0	0	0	0	0	
944261	0	0	0	0	0	0	135	0	0	0	0	0	
945011	0	0	0	0	0	0	135	0	0	0	0	0	
945757	0	0	0	0	0	0	159	0	0	0	0	0	
946509	0	0	0	0	0	0	125	0	0	0	0	0	
947258	0	0	0	0	0	0	151	0	0	0	0	0	
948009	0	0	0	0	0	0	131	0	0	0	0	0	
948764	0	0	0	0	0	0	133	0	0	0	0	0	
949513	0	0	0	0	0	0	139	0	0	0	0	0	
950262	0	0	0	0	0	0	167	0	0	0	0	0	
951012	0	0	0	0	0	0	157	0	0	0	0	0	
951765	0	0	0	0	0	0	167	0	0	0	0	0	
952516	0	0	0	0	0	0	139	0	0	0	0	0	
953269	0	0	0	0	0	64	95	0	0	0	0	0	
954021	0	0	0	0	0	0	147	0	0	0	0	0	
954770	0	0	0	0	0	0	125	0	0	0	0	0	
955523	0	0	0	0	0	0	127	0	0	0	0	0	
956274	0	0	0	0	0	0	151	0	0	0	0	0	
957024	0	0	0	0	0	0	153	0	0	0	0	0	
957773	0	0	0	0	0	0	159	0	0	0	0	0	
958524	0	0	0	0	0	0	145	0	0	0	0	0	
959276	0	0	0	0	0	0	141	0	0	0	0	0	
960025	0	0	0	0	0	0	139	0	0	0	0	0	
960773	0	0	0	0	0	0	143	0	0	0	0	0	
961523	0	0	0	0	0	0	149	0	0	0	0	0	
962271	0	0	0	0	0	0	133	0	0	0	0	0	
963020	0	0	0	0	0	0	145	0	0	0	0	0	
963770	0	0	0	0	0	0	139	0	0	0	0	0	
964516	0	0	0	0	0	0	143	0	0	0	0	0	
965266	0	0	0	0	0	0	155	0	0	0	0	0	
966015	0	0	0	0	0	0	141	0	0	0	0	0	
966762	0	0	0	0	0	0	165	0	0	0	0	0	
967513	0	0	0	0	0	0	123	0	0	0	0	0	
968265	0	0	0	0	0	0	151	0	0	0	0	0	
969011	0	0	0	0	0	0	137	0	0	0	0	0	
969766	0	0	0	0	0	0	137	0	0	0	0	0	
970517	0	0	0	0	0	0	145	0	0	0	0	0	
971266	0	0	0	0	0	0	123	0	0	0	0	0	
972016	0	0	0	0	0	0	143	0	0	0	0	0	
972769	0	0	0	0	0	0	133	0	0	0	0	0	
973518	0	0	0	0	0	0	147	0	0	0	0	0	
974269	0	0	0	0	0	0	143	0	0	0	0	0	
975020	0	0	0	0	0	0	139	0	0	0	0	0	
975767	0	0	0	0	0	0	145	0	0	0	0	0	
976519	0	0	0	0	0	0	121	22	0	0	0	0	
977267	0	0	0	0	0	0	145	0	0	0	0	0	
978017	0	0	0	0	0	0	157	2	0	0	0	0	
978767	0	0	0	0	0	0	129	0	0	0	0	0	
979517	0	0	0	0	0	0	149	0	0	0	0	0	
980270	0	0	0	0	0	0	127	0	0	0	0	0	
981020	0	0	0	0	0	0	157	0	0	0	0	0	
981773	0	0	0	0	0	0	149	0	0	0	0	0	
982525	0	0	0	0	0	0	167	0	0	0	0	0	
983274	0	0	0	0	0	0	147	0	0	0	0	0	
984025	0	0	0	0	0	0	0	121	0	0	0	0	
984778	0	0	0	0	0	0	0	127	0	0	0	0	
985528	0	0	0	0	0	0	0	111	0	0	0	0	
986278	0	0	0	0	0	0	0	117	0	0	0	0	
987028	0	0	0	0	0	0	0	127	0	0	0	0	
987780	0	0	0	0	0	0	0	131	0	0	0	0	
988530	0	0	0	0	0	0	0	119	0	0	0	0	
989279	0	0	0	0	0	0	0	117	0	0	0	0	
990028	0	0	0	0	0	0	0	117	0	0	0	0	
990779	0	0	0	0	0	0	0	109	0	0	0	0	
991529	0	0	0	0	0	0	0	127	0	0	0	0	
992280	0	0	0	0	0	0	0	123	0	0	0	0	
993032	0	0	0	0	0	0	0	109	0	0	0	0	
993784	0	0	0	0	0	0	0	123	0	0	0	0	
994532	0	0	0	0	0	0	0	107	0	0	0	0	
995280	0	0	0	0	0	0	0	111	0	0	0	0	
996028	0	0	0	0	0	0	0	111	0	0	0	0	
996780	0	0	0	0	0	0	0	119	0	0	0	0	
997531	0	0	0	0	0	0	0	115	0	0	0	0	
998282	0	0	0	0	0	0	0	121	0	0	0	0	
999031	0	0	0	0	0	0	0	103	0	0	0	0	
999781	0	0	0	0	0	0	0	103	0	0	0	0	
1.00053e+06	0	0	0	0	0	0	0	119	0	0	0	0	
1.00128e+06	0	0	0	0	0	0	0	123	0	0	0	0	
1.00203e+06	0	0	0	0	0	0	0	103	0	0	0	0	
1.00278e+06	0	0	0	0	0	0	0	125	0	0	0	0	
1.00353e+06	0	0	0	0	0	0	0	107	0	0	0	0	
1.00428e+06	0	0	0	0	0	0	0	125	0	0	0	0	
1.00503e+06	0	0	0	0	0	0	0	113	0	0	0	0	
1.00578e+06	0	0	0	0	0	0	0	99	0	0	0	0	
1.00653e+06	0	0	0	0	0	0	0	109	0	0	0	0	
1.00728e+06	0	0	0	0	0	0	0	119	0	0	0	0	
1.00803e+06	0	0	0	0	0	0	0	127	0	0	0	0	
1.00877e+06	0	0	0	0	0	0	0	111	0	0	0	0	
1.00952e+06	0	0	0	0	0	0	0	113	0	0	0	0	
1.01027e+06	0	0	0	0	0	0	0	121	0	0	0	0	
1.01103e+06	0	0	0	0	0	0	0	121	0	0	0	0	
1.01178e+06	0	0	0	0	0	0	0	113	0	0	0	0	
1.01253e+06	0	0	0	0	0	0	0	101	0	0	0	0	
1.01328e+06	0	0	0	0	0	0	145	0	0	0	0	0	
1.01403e+06	0	0	0	0	0	0	139	0	0	0	0	0	
1.01478e+06	0	0	0	0	0	0	131	0	0	0	0	0	
1.01553e+06	0	0	0	0	0	0	155	0	0	0	0	0	
1.01627e+06	0	0	0	0	0	0	145	0	0	0	0	0	
1.01702e+06	0	0	0	0	0	0	143	0	0	0	0	0	
1.01777e+06	0	0	0	0	0	0	159	0	0	0	0	0	
1.01852e+06	0	0	0	0	0	0	133	0	0	0	0	0	
1.01928e+06	0	0	0	0	0	0	123	0	0	0	0	0	
1.02003e+06	0	0	0	0	0	0	141	0	0	0	0	0	
1.02078e+06	0	0	0	0	0	0	163	0	0	0	0	0	
1.02153e+06	0	0	0	0	0	0	135	0	0	0	0	0	
1.02228e+06	0	0	0	0	0	0	137	0	0	0	0	0	
1.02303e+06	0	0	0	0	0	0	163	0	0	0	0	0	
1.02377e+06	0	0	0	0	0	0	137	0	0	0	0	0	
1.02452e+06	0	0	0	0	0	177	0	0	0	0	0	0	
1.02527e+06	0	0	0	0	0	173	0	0	0	0	0	0	
1.02602e+06	0	0	0	0	0	175	0	0	0	0	0	0	
1.02677e+06	0	0	0	0	0	161	0	0	0	0	0	0	
1.02752e+06	0	0	0	0	0	187	0	0	0	0	0	0	
1.02827e+06	0	0	0	0	0	169	18	0	0	0	0	0	
1.02902e+06	0	0	0	0	0	0	123	0	0	0	0	0	
1.02977e+06	0	0	0	0	0	0	161	0	0	0	0	0	
1.03052e+06	0	0	0	0	0	0	153	0	0	0	0	0	
1.03127e+06	0	0	0	0	0	0	151	0	0	0	0	0	
1.03202e+06	0	0	0	0	0	0	141	0	0	0	0	0	
1.03277e+06	0	0	0	0	0	0	161	0	0	0	0	0	
1.03352e+06	0	0	0	0	0	0	135	0	0	0	0	0	
1.03427e+06	0	0	0	0	0	0	117	0	0	0	0	0	
1.03502e+06	0	0	0	0	0	0	143	0	0	0	0	0	
1.03577e+06	0	0	0	0	0	0	151	0	0	0	0	0	
1.03652e+06	0	0	0	0	0	0	127	0	0	0	0	0	
1.03727e+06	0	0	0	0	0	0	143	0	0	0	0	0	
1.03802e+06	0	0	0	0	0	0	149	0	0	0	0	0	
1.03877e+06	0	0	0	0	0	0	135	0	0	0	0	0	
1.03952e+06	0	0	0	0	0	0	143	0	0	0	0	0	
1.04027e+06	0	0	0	0	0	0	151	0	0	0	0	0	
1.04101e+06	0	0	0	0	0	0	149	0	0	0	0	0	
1.04176e+06	0	0	0	0	0	0	131	0	0	0	0	0	
1.04252e+06	0	0	0	0	0	0	137	0	0	0	0	0	
1.04327e+06	0	0	0	0	0	0	141	0	0	0	0	0	
1.04401e+06	0	0	0	0	0	0	147	0	0	0	0	0	
1.04476e+06	0	0	0	0	0	0	133	0	0	0	0	0	
1.04551e+06	0	0	0	0	0	0	143	0	0	0	0	0	
1.04626e+06	0	0	0	0	0	0	127	0	0	0	0	0	
1.04701e+06	0	0	0	0	0	0	137	0	0	0	0	0	
1.04776e+06	0	0	0	0	0	0	139	0	0	0	0	0	
1.04851e+06	0	0	0	0	0	0	139	0	0	0	0	0	
1.04927e+06	0	0	0	0	0	0	137	0	0	0	0	0	
1.05001e+06	0	0	0	0	0	0	139	0	0	0	0	0	
1.05077e+06	0	0	0	0	0	0	159	0	0	0	0	0	
1.05152e+06	0	0	0	0	0	0	147	0	0	0	0	0	
1.05227e+06	0	0	0	0	0	0	149	0	0	0	0	0	
1.05302e+06	0	0	0	0	0	0	149	0	0	0	0	0	
1.05377e+06	0	0	0	0	0	0	139	0	0	0	0	0	
1.05452e+06	0	0	0	0	0	0	133	0	0	0	0	0	
1.05527e+06	0	0	0	0	0	0	149	0	0	0	0	0	
1.05602e+06	0	0	0	0	0	0	137	0	0	0	0	0	
1.05677e+06	0	0	0	0	0	0	0	119	0	0	0	0	
1.05752e+06	0	0	0	0	0	0	0	0	95	0	0	0	
1.05827e+06	0	0	0	0	0	0	0	0	103	0	0	0	
1.05902e+06	0	0	0	0	0	0	0	0	109	0	0	0	
1.05977e+06	0	0	0	0	0	0	0	0	105	0	0	0	
1.06052e+06	0	0	0	0	0	0	0	0	87	0	0	0	
1.06128e+06	0	0	0	0	0	0	0	0	91	0	0	0	
1.06203e+06	0	0	0	0	0	0	0	0	99	0	0	0	
1.06278e+06	0	0	0	0	0	0	0	0	105	0	0	0	
1.06353e+06	0	0	0	0	0	0	0	0	92	1	0	0	
1.06428e+06	0	0	0	0	0	0	0	0	99	0	0	0	
1.06504e+06	0	0	0	0	0	0	0	0	91	0	0	0	
1.06579e+06	0	0	0	0	0	0	0	0	83	0	0	0	
1.06654e+06	0	0	0	0	0	0	0	0	99	0	0	0	
1.06729e+06	0	0	0	0	0	0	0	0	91	0	0	0	
1.06804e+06	0	0	0	0	0	0	0	0	79	0	0	0	
1.06879e+06	0	0	0	0	0	0	0	0	97	0	0	0	
1.06954e+06	0	0	0	0	0	0	0	0	99	0	0	0	
1.07029e+06	0	0	0	0	0	0	0	0	91	0	0	0	
1.07104e+06	0	0	0	0	0	0	0	0	97	0	0	0	
1.07179e+06	0	0	0	0	0	0	0	0	87	0	0	0	
1.07254e+06	0	0	0	0	0	0	0	0	99	0	0	0	
1.07329e+06	0	0	0	0	0	0	0	0	97	0	0	0	
1.07404e+06	0	0	0	0	0	0	0	0	97	0	0	0	
1.07479e+06	0	0	0	0	0	0	0	0	85	0	0	0	
1.07554e+06	0	0	0	0	0	0	0	0	87	0	0	0	
1.07629e+06	0	0	0	0	0	0	0	0	109	0	0	0	
1.07704e+06	0	0	0	0	0	0	0	0	95	0	0	0	
1.07779e+06	0	0	0	0	0	0	0	0	95	0	0	0	
1.07854e+06	0	0	0	0	0	0	0	0	79	0	0	0	
1.07929e+06	0	0	0	0	0	0	0	0	99	0	0	0	
1.08004e+06	0	0	0	0	0	0	0	0	85	0	0	0	
1.08079e+06	0	0	0	0	0	0	0	0	121	0	0	0	
1.08154e+06	0	0	0	0	0	0	0	0	93	0	0	0	
1.08229e+06	0	0	0	0	0	0	0	0	0	77	0	0	
1.08304e+06	0	0	0	0	0	0	0	0	0	81	0	0	
1.08379e+06	0	0	0	0	0	0	0	0	0	63	0	0	
1.08454e+06	0	0	0	0	0	0	0	0	0	91	0	0	
1.08529e+06	0	0	0	0	0	0	0	0	0	85	0	0	
1.08604e+06	0	0	0	0	0	0	0	0	0	71	0	0	
1.08679e+06	0	0	0	0	0	0	0	0	0	69	0	0	
1.08754e+06	0	0	0	0	0	0	0	0	0	85	0	0	
1.08829e+06	0	0	0	0	0	0	0	0	0	77	0	0	
1.08904e+06	0	0	0	0	0	0	0	0	0	57	0	0	
1.0898e+06	0	0	0	0	0	0	0	0	0	71	0	0	
1.09055e+06	0	0	0	0	0	0	0	0	0	81	0	0	
1.0913e+06	0	0	0	0	0	0	0	0	0	85	0	0	
1.09205e+06	0	0	0	0	0	0	0	0	0	85	0	0	
1.0928e+06	0	0	0	0	0	0	0	0	0	77	0	0	
1.09354e+06	0	0	0	0	0	0	0	0	115	0	0	0	
1.0943e+06	0	0	0	0	0	0	0	0	103	0	0	0	
1.09505e+06	0	0	0	0	0	0	0	0	87	0	0	0	
1.0958e+06	0	0	0	0	0	0	0	0	89	0	0	0	
1.09654e+06	0	0	0	0	0	0	0	0	87	0	0	0	
1.0973e+06	0	0	0	0	0	0	0	0	77	0	0	0	
1.09805e+06	0	0	0	0	0	0	0	0	93	0	0	0	
1.0988e+06	0	0	0	0	0	0	0	0	99	0	0	0	
1.09955e+06	0	0	0	0	0	0	0	0	85	0	0	0	
1.1003e+06	0	0	0	0	0	0	0	0	89	0	0	0	
1.10105e+06	0	0	0	0	0	0	0	0	103	0	0	0	
1.1018e+06	0	0	0	0	0	0	0	0	97	0	0	0	
1.10255e+06	0	0	0	0	0	0	0	0	0	83	0	0	
1.1033e+06	0	0	0	0	0	0	0	0	0	59	0	0	
1.10405e+06	0	0	0	0	0	0	0	0	0	73	0	0	
1.1048e+06	0	0	0	0	0	0	0	0	0	83	0	0	
1.10556e+06	0	0	0	0	0	0	0	0	85	0	0	0	
1.1063e+06	0	0	0	0	0	0	0	0	83	0	0	0	
1.10705e+06	0	0	0	0	0	0	0	0	101	0	0	0	
1.1078e+06	0	0	0	0	0	0	0	0	0	85	0	0	
1.10855e+06	0	0	0	0	0	0	0	0	0	81	0	0	
1.1093e+06	0	0	0	0	0	0	0	0	0	71	0	0	
1.11005e+06	0	0	0	0	0	0	0	0	0	87	0	0	
1.1108e+06	0	0	0	0	0	0	0	0	0	75	0	0	
1.11155e+06	0	0	0	0	0	0	0	0	93	0	0	0	
1.1123e+06	0	0	0	0	0	0	0	0	101	0	0	0	
1.11305e+06	0	0	0	0	0	0	0	0	85	0	0	0	
1.1138e+06	0	0	0	0	0	0	0	0	83	0	0	0	
1.11455e+06	0	0	0	0	0	0	0	0	111	0	0	0	
1.1153e+06	0	0	0	0	0	0	0	0	101	0	0	0	
1.11604e+06	0	0	0	0	0	0	0	0	79	0	0	0	
1.11679e+06	0	0	0	0	0	0	0	0	93	0	0	0	
1.11755e+06	0	0	0	0	0	0	0	0	105	0	0	0	
1.1183e+06	0	0	0	0	0	0	0	0	103	0	0	0	
1.11905e+06	0	0	0	0	0	0	0	0	101	0	0	0	
1.1198e+06	0	0	0	0	0	0	0	0	99	0	0	0	
1.12055e+06	0	0	0	0	0	0	0	0	83	0	0	0	
1.1213e+06	0	0	0	0	0	0	0	0	99	0	0	0	
1.12205e+06	0	0	0	0	0	0	0	0	103	0	0	0	
1.1228e+06	0	0	0	0	0	0	0	0	93	0	0	0	
1.12355e+06	0	0	0	0	0	0	0	0	83	0	0	0	
1.1243e+06	0	0	0	0	0	0	0	0	93	0	0	0	
1.12505e+06	0	0	0	0	0	0	0	0	111	0	0	0	
1.1258e+06	0	0	0	0	0	0	0	0	115	0	0	0	
1.12655e+06	0	0	0	0	0	0	0	0	97	0	0	0	
1.12729e+06	0	0	0	0	0	0	0	0	115	0	0	0	
1.12804e+06	0	0	0	0	0	0	0	0	99	0	0	0	
1.12879e+06	0	0	0	0	0	0	0	0	105	0	0	0	
1.12954e+06	0	0	0	0	0	0	0	0	93	0	0	0	
1.13029e+06	0	0	0	0	0	0	0	0	99	0	0	0	
1.13104e+06	0	0	0	0	0	0	0	0	97	0	0	0	
1.1318e+06	0	0	0	0	0	0	0	0	99	0	0	0	
1.13255e+06	0	0	0	0	0	0	0	0	101	0	0	0	
1.13329e+06	0	0	0	0	0	0	0	0	83	0	0	0	
1.13404e+06	0	0	0	0	0	0	0	0	95	0	0	0	
1.1348e+06	0	0	0	0	0	0	0	0	89	0	0	0	
1.13555e+06	0	0	0	0	0	0	0	0	91	0	0	0	
1.1363e+06	0	0	0	0	0	0	0	0	111	0	0	0	
1.13704e+06	0	0	0	0	0	0	0	0	107	0	0	0	
1.1378e+06	0	0	0	0	0	0	0	0	101	0	0	0	
1.13855e+06	0	0	0	0	0	0	0	0	81	0	0	0	
1.1393e+06	0	0	0	0	0	0	0	0	91	0	0	0	
1.14005e+06	0	0	0	0	0	0	0	0	93	0	0	0	
1.1408e+06	0	0	0	0	0	0	0	0	91	0	0	0	
1.14155e+06	0	0	0	0	0	0	0	0	97	0	0	0	
1.1423e+06	0	0	0	0	0	0	0	0	0	85	0	0	
1.14305e+06	0	0	0	0	0	0	0	0	0	75	0	0	
1.1438e+06	0	0	0	0	0	0	0	0	0	79	0	0	
1.14455e+06	0	0	0	0	0	0	0	0	0	73	0	0	
1.1453e+06	0	0	0	0	0	0	0	0	0	83	0	0	
1.14604e+06	0	0	0	0	0	0	0	0	0	73	0	0	
1.14679e+06	0	0	0	0	0	0	0	0	0	79	0	0	
1.14754e+06	0	0	0	0	0	0	0	0	0	89	0	0	
1.14829e+06	0	0	0	0	0	0	0	0	0	77	0	0	
1.14904e+06	0	0	0	0	0	0	0	0	0	81	0	0	
1.14979e+06	0	0	0	0	0	0	0	0	0	83	0	0	
1.15054e+06	0	0	0	0	0	0	0	0	0	91	0	0	
1.15129e+06	0	0	0	0	0	0	0	0	0	89	0	0	
1.15203e+06	0	0	0	0	0	0	0	0	0	77	0	0	
1.15278e+06	0	0	0	0	0	0	0	0	0	79	0	0	
1.15354e+06	0	0	0	0	0	0	0	0	0	85	0	0	
1.15429e+06	0	0	0	0	0	0	0	0	0	99	0	0	
1.15504e+06	0	0	0	0	0	0	0	0	0	83	0	0	
1.15579e+06	0	0	0	0	0	0	0	0	0	91	0	0	
1.15654e+06	0	0	0	0	0	0	0	0	0	95	0	0	
1.15729e+06	0	0	0	0	0	0	0	0	0	59	0	0	
1.15804e+06	0	0	0	0	0	0	0	0	0	73	0	0	
1.15879e+06	0	0	0	0	0	0	0	0	0	65	0	0	
1.15954e+06	0	0	0	0	0	0	0	0	0	71	0	0	
1.16029e+06	0	0	0	0	0	0	0	0	0	89	0	0	
1.16105e+06	0	0	0	0	0	0	0	0	0	85	0	0	
1.1618e+06	0	0	0	0	0	0	0	0	0	79	0	0	
1.16255e+06	0	0	0	0	0	0	0	0	0	83	0	0	
1.1633e+06	0	0	0	0	0	0	0	0	0	65	0	0	
1.16404e+06	0	0	0	0	0	0	0	0	0	75	0	0	
1.16479e+06	0	0	0	0	0	0	0	0	0	79	0	0	
1.16554e+06	0	0	0	0	0	0	0	0	0	83	0	0	
1.16629e+06	0	0	0	0	0	0	0	0	0	93	0	0	
1.16704e+06	0	0	0	0	0	0	0	0	0	81	0	0	
1.16779e+06	0	0	0	0	0	0	0	0	0	79	0	0	
1.16854e+06	0	0	0	0	0	0	0	0	0	79	0	0	
1.16929e+06	0	0	0	0	0	0	0	0	0	73	0	0	
1.17004e+06	0	0	0	0	0	0	0	0	0	85	0	0	
1.17079e+06	0	0	0	0	0	0	0	0	0	61	0	0	
1.17154e+06	0	0	0	0	0	0	0	0	0	77	0	0	
1.17229e+06	0	0	0	0	0	0	0	0	0	89	0	0	
1.17304e+06	0	0	0	0	0	0	0	0	0	83	0	0	
1.17379e+06	0	0	0	0	0	0	0	0	0	65	0	0	
1.17455e+06	0	0	0	0	0	0	0	0	0	75	0	0	
1.1753e+06	0	0	0	0	0	0	0	0	0	83	0	0	
1.17605e+06	0	0	0	0	0	0	0	0	0	77	0	0	
1.1768e+06	0	0	0	0	0	0	0	0	0	0	71	0	
1.17755e+06	0	0	0	0	0	0	0	0	0	0	69	0	
1.1783e+06	0	0	0	0	0	0	0	0	0	0	59	0	
1.17905e+06	0	0	0	0	0	0	0	0	0	77	0	0	
1.1798e+06	0	0	0	0	0	0	0	0	0	75	0	0	
1.18055e+06	0	0	0	0	0	0	0	0	0	67	0	0	
1.1813e+06	0	0	0	0	0	0	0	0	0	65	0	0	
1.18205e+06	0	0	0	0	0	0	0	0	0	79	0	0	
1.1828e+06	0	0	0	0	0	0	0	0	0	87	0	0	
1.18355e+06	0	0	0	0	0	0	0	0	0	77	0	0	
1.1843e+06	0	0	0	0	0	0	0	0	0	87	0	0	
1.18505e+06	0	0	0	0	0	0	0	0	0	71	0	0	
1.1858e+06	0	0	0	0	0	0	0	0	0	79	0	0	
1.18655e+06	0	0	0	0	0	0	0	0	0	0	75	0	
1.1873e+06	0	0	0	0	0	0	0	0	0	0	61	0	
1.18805e+06	0	0	0	0	0	0	0	0	0	0	77	0	
1.1888e+06	0	0	0	0	0	0	0	0	0	0	59	0	
1.18955e+06	0	0	0	0	0	0	0	0	0	0	67	0	
1.1903e+06	0	0	0	0	0	0	0	0	0	0	57	0	
1.19105e+06	0	0	0	0	0	0	0	0	0	71	0	0	
1.1918e+06	0	0	0	0	0	0	0	0	0	71	0	0	
1.19255e+06	0	0	0	0	0	0	0	0	0	75	0	0	
1.1933e+06	0	0	0	0	0	0	0	0	0	59	0	0	
1.19405e+06	0	0	0	0	0	0	0	0	0	85	0	0	
1.1948e+06	0	0	0	0	0	0	0	0	0	89	0	0	
1.19555e+06	0	0	0	0	0	0	0	0	0	77	0	0	
1.1963e+06	0	0	0	0	0	0	0	0	0	85	0	0	
1.19704e+06	0	0	0	0	0	0	0	0	0	79	0	0	
1.1978e+06	0	0	0	0	0	0	0	0	0	81	0	0	
1.19855e+06	0	0	0	0	0	0	0	0	0	75	0	0	
1.1993e+06	0	0	0	0	0	0	0	0	0	75	0	0	
1.20005e+06	0	0	0	0	0	0	0	0	0	75	0	0	
1.2008e+06	0	0	0	0	0	0	0	0	0	67	0	0	
1.20155e+06	0	0	0	0	0	0	0	0	0	93	0	0	
1.2023e+06	0	0	0	0	0	0	0	0	0	89	0	0	
1.20305e+06	0	0	0	0	0	0	0	0	0	83	0	0	
1.2038e+06	0	0	0	0	0	0	0	0	0	75	0	0	
1.20455e+06	0	0	0	0	0	0	0	0	0	69	0	0	
1.2053e+06	0	0	0	0	0	0	0	0	0	73	0	0	
1.20605e+06	0	0	0	0	0	0	0	0	0	91	0	0	
1.2068e+06	0	0	0	0	0	0	0	0	0	77	0	0	
1.20755e+06	0	0	0	0	0	0	0	0	0	67	0	0	
1.2083e+06	0	0	0	0	0	0	0	0	0	77	0	0	
1.20905e+06	0	0	0	0	0	0	0	0	0	75	0	0	
1.2098e+06	0	0	0	0	0	0	0	0	0	73	0	0	
1.21055e+06	0	0	0	0	0	0	0	0	0	0	63	0	
1.2113e+06	0	0	0	0	0	0	0	0	0	0	69	0	
1.21204e+06	0	0	0	0	0	0	0	0	0	0	65	0	
1.2128e+06	0	0	0	0	0	0	0	0	0	0	75	0	
1.21355e+06	0	0	0	0	0	0	0	0	0	0	63	0	
1.2143e+06	0	0	0	0	0	0	0	0	0	0	69	0	
1.21505e+06	0	0	0	0	0	0	0	0	0	0	55	0	
1.2158e+06	0	0	0	0	0	0	0	0	0	0	75	0	
1.21655e+06	0	0	0	0	0	0	0	0	0	0	61	0	
1.2173e+06	0	0	0	0	0	0	0	0	0	0	71	0	
1.21805e+06	0	0	0	0	0	0	0	0	0	0	65	0	
1.2188e+06	0	0	0	0	0	0	0	0	0	0	65	0	
1.21955e+06	0	0	0	0	0	0	0	0	0	0	69	0	
1.2203e+06	0	0	0	0	0	0	0	0	0	0	81	0	
1.22105e+06	0	0	0	0	0	0	0	0	0	0	73	0	
1.2218e+06	0	0	0	0	0	0	0	0	0	0	75	0	
1.22255e+06	0	0	0	0	0	0	0	0	0	0	61	0	
1.2233e+06	0	0	0	0	0	0	0	0	0	0	57	0	
1.22405e+06	0	0	0	0	0	0	0	0	0	0	69	0	
1.2248e+06	0	0	0	0	0	0	0	0	0	0	55	0	
1.22555e+06	0	0	0	0	0	0	0	0	0	0	67	0	
1.2263e+06	0	0	0	0	0	0	0	0	0	0	57	0	
1.22705e+06	0	0	0	0	0	0	0	0	0	0	51	0	
1.2278e+06	0	0	0	0	0	0	0	0	0	0	61	0	
1.22855e+06	0	0	0	0	0	0	0	0	0	0	71	0	
1.2293e+06	0	0	0	0	0	0	0	0	0	0	59	0	
1.23005e+06	0	0	0	0	0	0	0	0	0	0	51	0	
1.2308e+06	0	0	0	0	0	0	0	0	0	0	59	0	
1.23156e+06	0	0	0	0	0	0	0	0	0	0	67	0	
1.2323e+06	0	0	0	0	0	0	0	0	0	0	69	0	
1.23306e+06	0	0	0	0	0	0	0	0	0	0	61	0	
1.23381e+06	0	0	0	0	0	0	0	0	0	0	57	0	
1.23456e+06	0	0	0	0	0	0	0	0	0	0	59	0	
1.23531e+06	0	0	0	0	0	0	0	0	0	0	65	0	
1.23606e+06	0	0	0	0	0	0	0	0	0	0	59	0	
1.23682e+06	0	0	0	0	0	0	0	0	0	71	0	0	
1.23757e+06	0	0	0	0	0	0	0	0	0	75	0	0	
1.23832e+06	0	0	0	0	0	0	0	0	0	81	0	0	
1.23907e+06	0	0	0	0	0	0	0	0	0	79	0	0	
1.23981e+06	0	0	0	0	0	0	0	0	0	71	0	0	
1.24056e+06	0	0	0	0	0	0	0	0	0	79	0	0	
1.24131e+06	0	0	0	0	0	0	0	0	0	89	0	0	
1.24206e+06	0	0	0	0	0	0	0	0	0	79	0	0	
1.24281e+06	0	0	0	0	0	0	0	0	0	69	0	0	
1.24356e+06	0	0	0	0	0	0	0	0	0	75	0	0	
1.24431e+06	0	0	0	0	0	0	0	0	0	77	0	0	
1.24507e+06	0	0	0	0	0	0	0	0	0	79	0	0	
1.24581e+06	0	0	0	0	0	0	0	0	0	69	0	0	
1.24657e+06	0	0	0	0	0	0	0	0	0	81	0	0	
1.24732e+06	0	0	0	0	0	0	0	0	0	79	0	0	
1.24807e+06	0	0	0	0	0	0	0	0	0	67	0	0	
1.24882e+06	0	0	0	0	0	0	0	0	0	89	0	0	
1.24957e+06	0	0	0	0	0	0	0	0	0	71	0	0	
1.25032e+06	0	0	0	0	0	0	0	0	0	77	0	0	
1.25107e+06	0	0	0	0	0	0	0	0	0	91	0	0	
1.25183e+06	0	0	0	0	0	0	0	0	0	78	3	0	
1.25258e+06	0	0	0	0	0	0	0	0	0	81	0	0	
1.25333e+06	0	0	0	0	0	0	0	0	0	59	0	0	
1.25408e+06	0	0	0	0	0	0	0	0	74	13	0	0	
1.25483e+06	0	0	0	0	0	0	0	0	83	0	0	0	
1.25558e+06	0	0	0	0	0	0	0	0	85	0	0	0	
1.25633e+06	0	0	0	0	0	0	0	0	95	0	0	0	
1.25708e+06	0	0	0	0	0	0	0	0	89	0	0	0	
1.25783e+06	0	0	0	0	0	0	0	0	0	79	0	0	
1.25858e+06	0	0	0	0	0	0	0	0	16	61	0	0	
1.25933e+06	0	0	0	0	0	0	0	0	0	77	0	0	
1.26008e+06	0	0	0	0	0	0	0	0	0	77	0	0	
1.26084e+06	0	0	0	0	0	0	0	0	0	87	0	0	
1.26158e+06	0	0	0	0	0	0	0	0	0	67	0	0	
1.26233e+06	0	0	0	0	0	0	0	0	0	81	0	0	
1.26308e+06	0	0	0	0	0	0	0	0	0	73	0	0	
1.26383e+06	0	0	0	0	0	0	0	0	0	79	0	0	
1.26458e+06	0	0	0	0	0	0	0	0	0	67	0	0	
1.26534e+06	0	0	0	0	0	0	0	0	0	91	0	0	
1.26608e+06	0	0	0	0	0	0	0	0	0	79	0	0	
1.26683e+06	0	0	0	0	0	0	0	0	0	89	0	0	
1.26758e+06	0	0	0	0	0	0	0	0	0	81	0	0	
1.26833e+06	0	0	0	0	0	0	0	0	0	73	0	0	
1.26908e+06	0	0	0	0	0	0	0	0	0	87	0	0	
1.26983e+06	0	0	0	0	0	0	0	0	0	69	0	0	
1.27058e+06	0	0	0	0	0	0	0	0	0	83	0	0	
1.27133e+06	0	0	0	0	0	0	0	0	0	85	0	0	
1.27207e+06	0	0	0	0	0	0	0	0	0	75	0	0	
1.27282e+06	0	0	0	0	0	0	0	0	0	67	0	0	
1.27357e+06	0	0	0	0	0	0	0	0	0	73	0	0	
1.27432e+06	0	0	0	0	0	0	0	0	0	67	0	0	
1.27507e+06	0	0	0	0	0	0	0	0	0	89	0	0	
1.27582e+06	0	0	0	0	0	0	0	0	0	63	0	0	
1.27657e+06	0	0	0	0	0	0	0	0	0	83	0	0	
1.27732e+06	0	0	0	0	0	0	0	0	0	69	0	0	
1.27807e+06	0	0	0	0	0	0	0	0	91	0	0	0	
1.27881e+06	0	0	0	0	0	0	0	0	109	0	0	0	
1.27956e+06	0	0	0	0	0	0	0	0	91	0	0	0	
1.28032e+06	0	0	0	0	0	0	0	0	85	0	0	0	
1.28107e+06	0	0	0	0	0	0	0	0	89	0	0	0	
1.28182e+06	0	0	0	0	0	0	0	0	93	0	0	0	
1.28257e+06	0	0	0	0	0	0	0	0	67	0	0	0	
1.28332e+06	0	0	0	0	0	0	0	0	113	0	0	0	
1.28407e+06	0	0	0	0	0	0	0	0	99	0	0	0	
1.28482e+06	0	0	0	0	0	0	0	0	111	0	0	0	
1.28557e+06	0	0	0	0	0	0	0	0	69	0	0	0	
1.28631e+06	0	0	0	0	0	0	0	0	111	0	0	0	
1.28706e+06	0	0	0	0	0	0	0	0	109	0	0	0	
1.28782e+06	0	0	0	0	0	0	0	0	107	0	0	0	
1.28857e+06	0	0	0	0	0	0	0	0	117	0	0	0	
1.28931e+06	0	0	0	0	0	0	0	0	97	0	0	0	
1.29007e+06	0	0	0	0	0	0	0	0	113	0	0	0	
1.29082e+06	0	0	0	0	0	0	0	0	97	0	0	0	
1.29157e+06	0	0	0	0	0	0	0	0	85	0	0	0	
1.29232e+06	0	0	0	0	0	0	0	0	107	0	0	0	
1.29307e+06	0	0	0	0	0	0	0	0	109	0	0	0	
1.29382e+06	0	0	0	0	0	0	0	1	88	0	0	0	
1.29457e+06	0	0	0	0	0	0	0	0	97	0	0	0	
1.29532e+06	0	0	0	0	0	0	0	0	93	0	0	0	
1.29607e+06	0	0	0	0	0	0	0	0	87	0	0	0	
1.29682e+06	0	0	0	0	0	0	0	0	85	0	0	0	
1.29757e+06	0	0	0	0	0	0	0	0	101	0	0	0	
1.29832e+06	0	0	0	0	0	0	0	0	95	0	0	0	
1.29907e+06	0	0	0	0	0	0	0	0	105	0	0	0	
1.29982e+06	0	0	0	0	0	0	0	0	99	0	0	0	
1.30057e+06	0	0	0	0	0	0	0	0	81	0	0	0	
1.30132e+06	0	0	0	0	0	0	0	0	89	0	0	0	
1.30207e+06	0	0	0	0	0	0	0	0	95	0	0	0	
1.30282e+06	0	0	0	0	0	0	0	0	101	0	0	0	
1.30357e+06	0	0	0	0	0	0	0	0	91	0	0	0	
1.30432e+06	0	0	0	0	0	0	0	0	95	0	0	0	
1.30507e+06	0	0	0	0	0	0	0	0	99	0	0	0	
1.30582e+06	0	0	0	0	0	0	0	0	103	0	0	0	
1.30657e+06	0	0	0	0	0	0	0	0	99	0	0	0	
1.30732e+06	0	0	0	0	0	0	0	0	109	0	0	0	
1.30807e+06	0	0	0	0	0	0	0	0	95	0	0	0	
1.30882e+06	0	0	0	0	0	0	0	0	97	0	0	0	
1.30957e+06	0	0	0	0	0	0	0	0	99	0	0	0	
1.31032e+06	0	0	0	0	0	0	0	0	105	0	0	0	
1.31107e+06	0	0	0	0	0	0	0	0	85	0	0	0	
1.31182e+06	0	0	0	0	0	0	0	0	91	0	0	0	
1.31257e+06	0	0	0	0	0	0	0	0	85	0	0	0	
1.31332e+06	0	0	0	0	0	0	0	0	111	0	0	0	
1.31407e+06	0	0	0	0	0	0	0	0	89	0	0	0	
1.31482e+06	0	0	0	0	0	0	0	0	101	0	0	0	
1.31557e+06	0	0	0	0	0	0	0	0	79	0	0	0	
1.31633e+06	0	0	0	0	0	0	0	0	101	0	0	0	
1.31708e+06	0	0	0	0	0	0	0	0	85	0	0	0	
1.31783e+06	0	0	0	0	0	0	0	0	101	0	0	0	
1.31858e+06	0	0	0	0	0	0	0	0	79	0	0	0	
1.31933e+06	0	0	0	0	0	0	0	0	97	0	0	0	
1.32008e+06	0	0	0	0	0	0	0	0	81	0	0	0	
1.32083e+06	0	0	0	0	0	0	0	0	79	0	0	0	
1.32158e+06	0	0	0	0	0	0	0	0	93	0	0	0	
1.32233e+06	0	0	0	0	0	0	0	0	93	0	0	0	
1.32308e+06	0	0	0	0	0	0	0	0	89	0	0	0	
1.32383e+06	0	0	0	0	0	0	0	119	0	0	0	0	
1.32458e+06	0	0	0	0	0	0	0	105	0	0	0	0	
1.32533e+06	0	0	0	0	0	0	0	115	0	0	0	0	
1.32608e+06	0	0	0	0	0	0	0	107	0	0	0	0	
1.32682e+06	0	0	0	0	0	0	0	113	0	0	0	0	
1.32757e+06	0	0	0	0	0	0	0	111	0	0	0	0	
1.32832e+06	0	0	0	0	0	0	0	115	0	0	0	0	
1.32907e+06	0	0	0	0	0	0	0	107	0	0	0	0	
1.32982e+06	0	0	0	0	0	0	0	95	0	0	0	0	
1.33057e+06	0	0	0	0	0	0	0	109	0	0	0	0	
1.33132e+06	0	0	0	0	0	0	0	107	0	0	0	0	
1.33207e+06	0	0	0	0	0	0	0	103	0	0	0	0	
1.33282e+06	0	0	0	0	0	0	0	117	0	0	0	0	
1.33357e+06	0	0	0	0	0	0	0	113	0	0	0	0	
1.33432e+06	0	0	0	0	0	0	0	105	0	0	0	0	
1.33506e+06	0	0	0	0	0	0	0	115	0	0	0	0	
1.33581e+06	0	0	0	0	0	0	0	115	0	0	0	0	
1.33656e+06	0	0	0	0	0	0	0	123	0	0	0	0	
1.33731e+06	0	0	0	0	0	0	0	131	0	0	0	0	
1.33806e+06	0	0	0	0	0	0	0	111	0	0	0	0	
1.33881e+06	0	0	0	0	0	0	0	115	0	0	0	0	
1.33956e+06	0	0	0	0	0	0	0	115	0	0	0	0	
1.34031e+06	0	0	0	0	0	0	0	111	0	0	0	0	
1.34106e+06	0	0	0	0	0	0	0	117	0	0	0	0	
1.34182e+06	0	0	0	0	0	0	0	129	0	0	0	0	
1.34256e+06	0	0	0	0	0	0	0	127	0	0	0	0	
1.34331e+06	0	0	0	0	0	0	0	109	0	0	0	0	
1.34406e+06	0	0	0	0	0	0	0	107	0	0	0	0	
1.34481e+06	0	0	0	0	0	0	0	127	0	0	0	0	
1.34556e+06	0	0	0	0	0	0	0	107	0	0	0	0	
1.34631e+06	0	0	0	0	0	0	0	127	0	0	0	0	
1.34706e+06	0	0	0	0	0	0	0	117	0	0	0	0	
1.34781e+06	0	0	0	0	0	0	0	135	0	0	0	0	
1.34856e+06	0	0	0	0	0	0	0	121	0	0	0	0	
1.3493e+06	0	0	0	0	0	0	0	101	0	0	0	0	
1.35005e+06	0	0	0	0	0	0	0	117	0	0	0	0	
1.3508e+06	0	0	0	0	0	0	0	117	0	0	0	0	
1.35155e+06	0	0	0	0	0	0	0	111	0	0	0	0	
1.35231e+06	0	0	0	0	0	0	0	101	0	0	0	0	
1.35306e+06	0	0	0	0	0	0	0	113	0	0	0	0	
1.35381e+06	0	0	0	0	0	0	0	123	0	0	0	0	
1.35456e+06	0	0	0	0	0	0	0	127	0	0	0	0	
1.35531e+06	0	0	0	0	0	0	0	125	0	0	0	0	
1.35606e+06	0	0	0	0	0	0	0	109	0	0	0	0	
1.35681e+06	0	0	0	0	0	0	0	119	0	0	0	0	
1.35756e+06	0	0	0	0	0	0	0	115	0	0	0	0	
1.3583e+06	0	0	0	0	0	0	0	115	0	0	0	0	
1.35905e+06	0	0	0	0	0	0	0	103	0	0	0	0	
1.3598e+06	0	0	0	0	0	0	0	129	0	0	0	0	
1.36055e+06	0	0	0	0	0	0	0	113	0	0	0	0	
1.3613e+06	0	0	0	0	0	0	0	105	0	0	0	0	
1.36205e+06	0	0	0	0	0	0	0	123	0	0	0	0	
1.3628e+06	0	0	0	0	0	0	0	109	0	0	0	0	
1.36356e+06	0	0	0	0	0	0	141	0	0	0	0	0	
1.36431e+06	0	0	0	0	0	0	143	0	0	0	0	0	
1.36505e+06	0	0	0	0	0	0	149	0	0	0	0	0	
1.3658e+06	0	0	0	0	0	0	141	0	0	0	0	0	
1.36655e+06	0	0	0	0	0	0	155	0	0	0	0	0	
1.3673e+06	0	0	0	0	0	0	145	0	0	0	0	0	
1.36805e+06	0	0	0	0	0	0	155	0	0	0	0	0	
1.3688e+06	0	0	0	0	0	0	151	0	0	0	0	0	
1.36956e+06	0	0	0	0	0	0	159	0	0	0	0	0	
1.3703e+06	0	0	0	0	0	0	133	0	0	0	0	0	
1.37106e+06	0	0	0	0	0	0	157	0	0	0	0	0	
1.3718e+06	0	0	0	0	0	0	131	0	0	0	0	0	
1.37255e+06	0	0	0	0	0	0	155	0	0	0	0	0	
1.3733e+06	0	0	0	0	0	0	137	0	0	0	0	0	
1.37406e+06	0	0	0	0	0	0	159	0	0	0	0	0	
1.37481e+06	0	0	0	0	0	0	141	0	0	0	0	0	
1.37556e+06	0	0	0	0	0	0	151	0	0	0	0	0	
1.37631e+06	0	0	0	0	0	0	147	0	0	0	0	0	
1.37706e+06	0	0	0	0	0	0	137	0	0	0	0	0	
1.37781e+06	0	0	0	0	0	0	161	0	0	0	0	0	
1.37856e+06	0	0	0	0	0	0	139	0	0	0	0	0	
1.37931e+06	0	0	0	0	0	0	139	0	0	0	0	0	
1.38006e+06	0	0	0	0	0	0	159	0	0	0	0	0	
1.38081e+06	0	0	0	0	0	0	117	0	0	0	0	0	
1.38156e+06	0	0	0	0	0	0	141	0	0	0	0	0	
1.38231e+06	0	0	0	0	0	0	139	0	0	0	0	0	
1.38306e+06	0	0	0	0	0	0	151	0	0	0	0	0	
1.38381e+06	0	0	0	0	0	0	167	0	0	0	0	0	
1.38456e+06	0	0	0	0	0	0	119	0	0	0	0	0	
1.38531e+06	0	0	0	0	0	0	141	0	0	0	0	0	
1.38606e+06	0	0	0	0	0	0	121	0	0	0	0	0	
1.38681e+06	0	0	0	0	0	0	135	0	0	0	0	0	
1.38756e+06	0	0	0	0	0	0	121	0	0	0	0	0	
1.38831e+06	0	0	0	0	0	0	145	0	0	0	0	0	
1.38906e+06	0	0	0	0	0	0	141	0	0	0	0	0	
1.38981e+06	0	0	0	0	0	0	141	0	0	0	0	0	
1.39055e+06	0	0	0	0	0	0	131	0	0	0	0	0	
1.3913e+06	0	0	0	0	0	0	133	0	0	0	0	0	
1.39205e+06	0	0	0	0	0	0	133	0	0	0	0	0	
1.39281e+06	0	0	0	0	0	0	135	0	0	0	0	0	
1.39356e+06	0	0	0	0	0	0	145	0	0	0	0	0	
1.39431e+06	0	0	0	0	0	0	137	0	0	0	0	0	
1.39505e+06	0	0	0	0	0	0	133	0	0	0	0	0	
1.3958e+06	0	0	0	0	0	0	163	0	0	0	0	0	
1.39656e+06	0	0	0	0	0	0	147	0	0	0	0	0	
1.39731e+06	0	0	0	0	0	0	151	0	0	0	0	0	
1.39805e+06	0	0	0	0	0	0	137	0	0	0	0	0	
1.3988e+06	0	0	0	0	0	0	147	0	0	0	0	0	
1.39955e+06	0	0	0	0	0	0	131	0	0	0	0	0	
1.4003e+06	0	0	0	0	0	0	139	0	0	0	0	0	
1.40105e+06	0	0	0	0	0	0	145	0	0	0	0	0	
1.4018e+06	0	0	0	0	0	0	137	0	0	0	0	0	
1.40254e+06	0	0	0	0	0	0	159	0	0	0	0	0	
1.40329e+06	0	0	0	0	0	0	147	0	0	0	0	0	
1.40404e+06	0	0	0	0	0	0	161	0	0	0	0	0	
1.40479e+06	0	0	0	0	0	0	171	0	0	0	0	0	
1.40554e+06	0	0	0	0	0	0	141	0	0	0	0	0	
1.40629e+06	0	0	0	0	0	0	113	0	0	0	0	0	
1.40704e+06	0	0	0	0	0	0	147	0	0	0	0	0	
1.40779e+06	0	0	0	0	0	0	143	0	0	0	0	0	
1.40854e+06	0	0	0	0	0	0	131	0	0	0	0	0	
1.40929e+06	0	0	0	0	0	0	145	0	0	0	0	0	
1.41004e+06	0	0	0	0	0	0	123	0	0	0	0	0	
1.41079e+06	0	0	0	0	0	0	151	0	0	0	0	0	
1.41154e+06	0	0	0	0	0	0	141	0	0	0	0	0	
1.41229e+06	0	0	0	0	0	185	0	0	0	0	0	0	
1.41304e+06	0	0	0	0	0	177	0	0	0	0	0	0	
1.41379e+06	0	0	0	0	0	163	0	0	0	0	0	0	
1.41454e+06	0	0	0	0	0	165	0	0	0	0	0	0	
1.41528e+06	0	0	0	0	0	189	0	0	0	0	0	0	
1.41603e+06	0	0	0	0	0	167	0	0	0	0	0	0	
1.41679e+06	0	0	0	0	0	189	0	0	0	0	0	0	
1.41754e+06	0	0	0	0	0	187	0	0	0	0	0	0	
1.41828e+06	0	0	0	0	0	169	0	0	0	0	0	0	
1.41903e+06	0	0	0	0	0	165	0	0	0	0	0	0	
1.41979e+06	0	0	0	0	0	177	0	0	0	0	0	0	
1.42054e+06	0	0	0	0	0	165	0	0	0	0	0	0	
1.42129e+06	0	0	0	0	0	159	0	0	0	0	0	0	
1.42204e+06	0	0	0	0	0	195	0	0	0	0	0	0	
1.42279e+06	0	0	0	0	0	175	0	0	0	0	0	0	
1.42353e+06	0	0	0	0	0	189	0	0	0	0	0	0	
1.42429e+06	0	0	0	0	0	167	0	0	0	0	0	0	
1.42504e+06	0	0	0	0	197	0	0	0	0	0	0	0	
1.42579e+06	0	0	0	0	191	0	0	0	0	0	0	0	
1.42654e+06	0	0	0	0	199	0	0	0	0	0	0	0	
1.42729e+06	0	0	0	0	209	0	0	0	0	0	0	0	
1.42804e+06	0	0	0	0	197	0	0	0	0	0	0	0	
1.42879e+06	0	0	0	0	215	0	0	0	0	0	0	0	
1.42953e+06	0	0	0	0	249	0	0	0	0	0	0	0	
1.43028e+06	0	0	0	0	221	0	0	0	0	0	0	0	
1.43104e+06	0	0	0	0	207	0	0	0	0	0	0	0	
1.43179e+06	0	0	0	0	209	0	0	0	0	0	0	0	
1.43254e+06	0	0	0	0	203	0	0	0	0	0	0	0	
1.43329e+06	0	0	0	0	235	0	0	0	0	0	0	0	
1.43404e+06	0	0	0	0	219	0	0	0	0	0	0	0	
1.43479e+06	0	0	0	0	215	0	0	0	0	0	0	0	
1.43554e+06	0	0	0	0	213	0	0	0	0	0	0	0	
1.43629e+06	0	0	0	0	205	0	0	0	0	0	0	0	
1.43704e+06	0	0	0	0	227	0	0	0	0	0	0	0	
1.43779e+06	0	0	0	0	209	0	0	0	0	0	0	0	
1.43854e+06	0	0	0	0	211	0	0	0	0	0	0	0	
1.43929e+06	0	0	0	0	213	0	0	0	0	0	0	0	
1.44004e+06	0	0	0	0	227	0	0	0	0	0	0	0	
1.44079e+06	0	0	0	0	259	0	0	0	0	0	0	0	
1.44154e+06	0	0	0	0	193	0	0	0	0	0	0	0	
1.44229e+06	0	0	0	0	203	0	0	0	0	0	0	0	
1.44304e+06	0	0	0	0	213	0	0	0	0	0	0	0	
1.4438e+06	0	0	0	0	187	0	0	0	0	0	0	0	
1.44454e+06	0	0	0	0	197	0	0	0	0	0	0	0	
1.44529e+06	0	0	0	0	183	0	0	0	0	0	0	0	
1.44604e+06	0	0	0	0	209	0	0	0	0	0	0	0	
1.44679e+06	0	0	0	0	221	0	0	0	0	0	0	0	
1.44754e+06	0	0	0	0	217	0	0	0	0	0	0	0	
1.44829e+06	0	0	0	0	235	0	0	0	0	0	0	0	
1.44904e+06	0	0	0	0	221	0	0	0	0	0	0	0	
1.44979e+06	0	0	0	0	231	0	0	0	0	0	0	0	
1.45053e+06	0	0	0	0	215	0	0	0	0	0	0	0	
1.45129e+06	0	0	0	0	243	0	0	0	0	0	0	0	
1.45204e+06	0	0	0	0	221	0	0	0	0	0	0	0	
1.45279e+06	0	0	0	0	227	0	0	0	0	0	0	0	
1.45354e+06	0	0	0	0	213	0	0	0	0	0	0	0	
1.45429e+06	0	0	0	0	215	0	0	0	0	0	0	0	
1.45505e+06	0	0	0	0	205	0	0	0	0	0	0	0	
1.4558e+06	0	0	0	0	229	0	0	0	0	0	0	0	
1.45655e+06	0	0	0	0	209	0	0	0	0	0	0	0	
1.4573e+06	0	0	0	0	223	0	0	0	0	0	0	0	
1.45804e+06	0	0	0	0	201	0	0	0	0	0	0	0	
1.45879e+06	0	0	0	0	211	0	0	0	0	0	0	0	
1.45954e+06	0	0	0	0	209	0	0	0	0	0	0	0	
1.46029e+06	0	0	0	0	215	0	0	0	0	0	0	0	
1.46104e+06	0	0	0	0	223	0	0	0	0	0	0	0	
1.46179e+06	0	0	0	0	209	0	0	0	0	0	0	0	
1.46254e+06	0	0	0	0	219	0	0	0	0	0	0	0	
1.46329e+06	0	0	0	0	213	0	0	0	0	0	0	0	
1.46405e+06	0	0	0	0	199	0	0	0	0	0	0	0	
1.4648e+06	0	0	0	0	235	0	0	0	0	0	0	0	
1.46554e+06	0	0	0	237	0	0	0	0	0	0	0	0	
1.46629e+06	0	0	0	267	0	0	0	0	0	0	0	0	
1.46704e+06	0	0	5	290	0	0	0	0	0	0	0	0	
1.4678e+06	0	0	0	257	0	0	0	0	0	0	0	0	
1.46855e+06	0	0	0	243	0	0	0	0	0	0	0	0	
1.4693e+06	0	0	0	241	0	0	0	0	0	0	0	0	
1.47005e+06	0	0	0	248	7	0	0	0	0	0	0	0	
1.4708e+06	0	0	0	235	0	0	0	0	0	0	0	0	
1.47155e+06	0	0	0	251	0	0	0	0	0	0	0	0	
1.4723e+06	0	0	0	237	0	0	0	0	0	0	0	0	
1.47305e+06	0	0	0	267	0	0	0	0	0	0	0	0	
1.4738e+06	0	0	0	285	0	0	0	0	0	0	0	0	
1.47455e+06	0	0	0	261	0	0	0	0	0	0	0	0	
1.4753e+06	0	0	0	225	0	0	0	0	0	0	0	0	
1.47605e+06	0	0	0	267	0	0	0	0	0	0	0	0	
1.4768e+06	0	0	0	271	0	0	0	0	0	0	0	0	
1.47755e+06	0	0	0	259	0	0	0	0	0	0	0	0	
1.4783e+06	0	0	0	259	0	0	0	0	0	0	0	0	
1.47904e+06	0	0	0	281	0	0	0	0	0	0	0	0	
1.47979e+06	0	0	0	269	0	0	0	0	0	0	0	0	
1.48054e+06	0	0	0	279	0	0	0	0	0	0	0	0	
1.48129e+06	0	0	0	265	0	0	0	0	0	0	0	0	
1.48204e+06	0	0	10	256	1	0	0	0	0	0	0	0	
1.48279e+06	0	0	0	271	0	0	0	0	0	0	0	0	
1.48354e+06	0	0	0	271	0	0	0	0	0	0	0	0	
1.4843e+06	0	0	0	251	0	0	0	0	0	0	0	0	
1.48505e+06	0	0	0	257	0	0	0	0	0	0	0	0	
1.4858e+06	0	0	0	277	0	0	0	0	0	0	0	0	
1.48655e+06	0	0	0	279	0	0	0	0	0	0	0	0	
1.4873e+06	0	0	0	245	0	0	0	0	0	0	0	0	
1.48805e+06	0	0	0	279	0	0	0	0	0	0	0	0	
1.48879e+06	0	0	0	275	0	0	0	0	0	0	0	0	
1.48954e+06	0	0	0	251	0	0	0	0	0	0	0	0	
1.49029e+06	0	0	0	261	0	0	0	0	0	0	0	0	
1.49104e+06	0	0	0	267	0	0	0	0	0	0	0	0	
1.49179e+06	0	0	0	251	0	0	0	0	0	0	0	0	
1.49254e+06	0	0	0	293	0	0	0	0	0	0	0	0	
1.49329e+06	0	0	0	265	0	0	0	0	0	0	0	0	
1.49404e+06	0	0	0	261	0	0	0	0	0	0	0	0	
1.49479e+06	0	0	0	247	0	0	0	0	0	0	0	0	
1.49554e+06	0	0	0	263	0	0	0	0	0	0	0	0	
1.49629e+06	0	0	0	315	0	0	0	0	0	0	0	0	
1.49704e+06	0	0	0	247	0	0	0	0	0	0	0	0	
1.49779e+06	0	0	0	253	0	0	0	0	0	0	0	0	
1.49854e+06	0	0	0	277	0	0	0	0	0	0	0	0	
1.49929e+06	0	0	0	257	0	0	0	0	0	0	0	0	
1.50004e+06	0	0	0	263	0	0	0	0	0	0	0	0	
1.50004e+06	0	0	0	263	0	0	0	0	0	0	0	0	
