Time	s0	s1	s2	s3	s4	s5	s6	s7	s8	s9	s10	s11	
0	0	0	0	0	0	0	0	0	0	0	0	200	
0.000343539	0	0	0	0	0	0	0	0	0	0	0	199	
747.075	0	0	0	0	0	0	0	0	0	0	0	57	
1497.48	0	0	0	0	0	0	0	0	0	0	0	55	
2245.12	0	0	0	0	0	0	0	0	0	0	0	53	
2993.14	0	0	0	0	0	0	0	0	0	0	0	57	
3741.93	0	0	0	0	0	0	0	0	0	0	0	49	
4490.53	0	0	0	0	0	0	0	0	0	0	0	53	
5239.41	0	0	0	0	0	0	0	0	0	0	0	55	
5987.83	0	0	0	0	0	0	0	0	0	0	0	49	
6734.43	0	0	0	0	0	0	0	0	0	0	0	67	
7487.64	0	0	0	0	0	0	0	0	0	0	63	0	
8240.35	0	0	0	0	0	0	0	0	0	0	59	0	
8990.5	0	0	0	0	0	0	0	0	0	0	0	51	
9743.81	0	0	0	0	0	0	0	0	0	0	0	61	
10492.4	0	0	0	0	0	0	0	0	0	0	0	45	
11243	0	0	0	0	0	0	0	0	0	0	0	55	
11995.1	0	0	0	0	0	0	0	0	0	0	0	49	
12744.8	0	0	0	0	0	0	0	0	0	0	0	49	
13493	0	0	0	0	0	0	0	0	0	0	0	49	
14240.8	0	0	0	0	0	0	0	0	0	0	0	47	
14990	0	0	0	0	0	0	0	0	0	0	0	53	
15742.9	0	0	0	0	0	0	0	0	0	0	53	0	
16492.5	0	0	0	0	0	0	0	0	0	0	45	0	
17242.6	0	0	0	0	0	0	0	0	0	0	61	0	
17990.8	0	0	0	0	0	0	0	0	0	0	67	0	
18736.9	0	0	0	0	0	0	0	0	0	0	53	0	
19483.8	0	0	0	0	0	0	0	0	0	0	55	0	
20235.6	0	0	0	0	0	0	0	0	0	0	55	0	
20981.3	0	0	0	0	0	0	0	0	0	0	53	0	
21727.9	0	0	0	0	0	0	0	0	0	0	81	0	
22478.8	0	0	0	0	0	0	0	0	0	0	63	0	
23230	0	0	0	0	0	0	0	0	0	0	59	0	
23984.1	0	0	0	0	0	0	0	0	0	0	69	0	
24735	0	0	0	0	0	0	0	0	0	63	0	0	
25485.8	0	0	0	0	0	0	0	0	0	73	0	0	
26235.8	0	0	0	0	0	0	0	0	0	57	0	0	
26982.8	0	0	0	0	0	0	0	0	0	75	0	0	
27734	0	0	0	0	0	0	0	0	0	77	0	0	
28482	0	0	0	0	0	0	0	0	0	87	0	0	
29228.7	0	0	0	0	0	0	0	0	0	73	0	0	
29976.9	0	0	0	0	0	0	0	0	0	75	0	0	
30729.8	0	0	0	0	0	0	0	0	0	67	0	0	
31477.1	0	0	0	0	0	0	0	0	0	67	0	0	
32227.5	0	0	0	0	0	0	0	0	0	83	0	0	
32976.4	0	0	0	0	0	0	0	0	0	71	0	0	
33724.8	0	0	0	0	0	0	0	0	0	79	0	0	
34475.9	0	0	0	0	0	0	0	0	0	0	67	0	
35229	0	0	0	0	0	0	0	0	0	0	37	18	
35978.4	0	0	0	0	0	0	0	0	0	0	0	55	
36726.4	0	0	0	0	0	0	0	0	0	0	0	53	
37476.4	0	0	0	0	0	0	0	0	0	0	69	0	
38226.8	0	0	0	0	0	0	0	0	0	0	65	0	
38979	0	0	0	0	0	0	0	0	0	0	67	0	
39729.6	0	0	0	0	0	0	0	0	0	0	57	0	
40478.1	0	0	0	0	0	0	0	0	0	0	63	0	
41227.2	0	0	0	0	0	0	0	0	0	0	65	0	
41975.9	0	0	0	0	0	0	0	0	0	0	65	0	
42727.6	0	0	0	0	0	0	0	0	0	0	51	0	
43476.4	0	0	0	0	0	0	0	0	0	0	65	0	
44225.7	0	0	0	0	0	0	0	0	0	0	65	0	
44976.1	0	0	0	0	0	0	0	0	0	0	59	0	
45728.8	0	0	0	0	0	0	0	0	0	0	63	0	
46479.3	0	0	0	0	0	0	0	0	0	0	71	0	
47227.6	0	0	0	0	0	0	0	0	0	0	59	0	
47980	0	0	0	0	0	0	0	0	0	0	67	0	
48727.9	0	0	0	0	0	0	0	0	0	0	51	0	
49480.6	0	0	0	0	0	0	0	0	0	0	61	0	
50231.2	0	0	0	0	0	0	0	0	0	0	59	0	
50978.2	0	0	0	0	0	0	0	0	0	0	59	0	
51730	0	0	0	0	0	0	0	0	0	0	61	0	
52481.3	0	0	0	0	0	0	0	0	0	0	55	0	
53230.6	0	0	0	0	0	0	0	0	0	0	77	0	
53978.7	0	0	0	0	0	0	0	0	0	0	77	0	
54726.6	0	0	0	0	0	0	0	0	0	0	61	0	
55475.7	0	0	0	0	0	0	0	0	0	0	63	0	
56224.8	0	0	0	0	0	0	0	0	0	0	81	0	
56972.8	0	0	0	0	0	0	0	0	0	0	55	0	
57723.4	0	0	0	0	0	0	0	0	0	0	0	55	
58471.1	0	0	0	0	0	0	0	0	0	0	0	37	
59221.6	0	0	0	0	0	0	0	0	0	0	0	57	
59972.6	0	0	0	0	0	0	0	0	0	0	0	55	
60724.3	0	0	0	0	0	0	0	0	0	0	0	49	
61476.8	0	0	0	0	0	0	0	0	0	0	0	41	
62228.5	0	0	0	0	0	0	0	0	0	0	73	0	
62980.8	0	0	0	0	0	0	0	0	0	0	65	0	
63731	0	0	0	0	0	0	0	0	0	0	57	0	
64477.5	0	0	0	0	0	0	0	0	0	0	75	0	
65226.6	0	0	0	0	0	0	0	0	0	0	61	0	
65982	0	0	0	0	0	0	0	0	0	0	69	0	
66734.7	0	0	0	0	0	0	0	0	0	0	55	0	
67482.5	0	0	0	0	0	0	0	0	0	0	71	0	
68234.1	0	0	0	0	0	0	0	0	0	0	61	0	
68982.4	0	0	0	0	0	0	0	0	0	0	59	0	
69731.6	0	0	0	0	0	0	0	0	0	0	63	0	
70480.8	0	0	0	0	0	0	0	0	0	0	61	0	
71233.4	0	0	0	0	0	0	0	0	0	0	49	0	
71977.9	0	0	0	0	0	0	0	0	0	0	67	0	
72724.7	0	0	0	0	0	0	0	0	0	0	59	0	
73474.6	0	0	0	0	0	0	0	0	0	0	0	59	
74228.7	0	0	0	0	0	0	0	0	0	0	0	45	
74977.6	0	0	0	0	0	0	0	0	0	0	0	61	
75729.1	0	0	0	0	0	0	0	0	0	0	69	0	
76480.5	0	0	0	0	0	0	0	0	0	0	67	0	
77231.8	0	0	0	0	0	0	0	0	0	91	0	0	
77981.7	0	0	0	0	0	0	0	0	0	87	0	0	
78731.8	0	0	0	0	0	0	0	0	0	81	0	0	
79483.4	0	0	0	0	0	0	0	0	0	73	0	0	
80234.3	0	0	0	0	0	0	0	0	22	57	0	0	
80980.8	0	0	0	0	0	0	0	0	0	67	0	0	
81728.7	0	0	0	0	0	0	0	0	0	79	0	0	
82478.3	0	0	0	0	0	0	0	0	0	83	0	0	
83228.9	0	0	0	0	0	0	0	0	10	63	0	0	
83979.6	0	0	0	0	0	0	0	0	0	69	0	0	
84729.1	0	0	0	0	0	0	0	0	0	69	0	0	
85476.3	0	0	0	0	0	0	0	0	0	75	0	0	
86227.6	0	0	0	0	0	0	0	0	0	79	0	0	
86973.9	0	0	0	0	0	0	0	0	0	91	0	0	
87723	0	0	0	0	0	0	0	0	0	67	0	0	
88474	0	0	0	0	0	0	0	0	87	0	0	0	
89222.8	0	0	0	0	0	0	0	0	81	0	0	0	
89971.7	0	0	0	0	0	0	0	0	95	0	0	0	
90722.8	0	0	0	0	0	0	0	0	93	0	0	0	
91475.4	0	0	0	0	0	0	0	121	0	0	0	0	
92224.4	0	0	0	0	0	0	0	117	0	0	0	0	
92974.4	0	0	0	0	0	0	0	117	0	0	0	0	
93724.1	0	0	0	0	0	0	0	105	0	0	0	0	
94476.2	0	0	0	0	0	0	0	123	0	0	0	0	
95226.6	0	0	0	0	0	0	0	117	0	0	0	0	
95976	0	0	0	0	0	0	0	132	3	0	0	0	
96726.6	0	0	0	0	0	0	0	121	0	0	0	0	
97475.8	0	0	0	0	0	0	0	101	0	0	0	0	
98225.7	0	0	0	0	0	0	0	125	0	0	0	0	
98977.4	0	0	0	0	0	0	0	123	0	0	0	0	
99729.5	0	0	0	0	0	0	0	113	0	0	0	0	
100478	0	0	0	0	0	0	0	103	0	0	0	0	
101226	0	0	0	0	0	0	0	111	0	0	0	0	
101976	0	0	0	0	0	0	0	95	0	0	0	0	
102724	0	0	0	0	0	0	0	99	0	0	0	0	
103471	0	0	0	0	0	0	0	123	0	0	0	0	
104220	0	0	0	0	0	0	0	103	0	0	0	0	
104971	0	0	0	0	0	0	0	111	0	0	0	0	
105721	0	0	0	0	0	0	0	115	0	0	0	0	
106470	0	0	0	0	0	0	0	99	0	0	0	0	
107221	0	0	0	0	0	0	0	113	0	0	0	0	
107971	0	0	0	0	0	0	0	115	0	0	0	0	
108721	0	0	0	0	0	0	0	125	0	0	0	0	
109470	0	0	0	0	0	0	0	109	0	0	0	0	
110222	0	0	0	0	0	0	0	113	0	0	0	0	
110972	0	0	0	0	0	0	0	125	0	0	0	0	
111722	0	0	0	0	0	0	0	145	0	0	0	0	
112472	0	0	0	0	0	0	0	119	0	0	0	0	
113219	0	0	0	0	0	0	0	119	0	0	0	0	
113970	0	0	0	0	0	0	0	111	0	0	0	0	
114719	0	0	0	0	0	0	0	129	0	0	0	0	
115467	0	0	0	0	0	0	0	107	0	0	0	0	
116220	0	0	0	0	0	0	0	127	0	0	0	0	
116971	0	0	0	0	0	0	0	123	0	0	0	0	
117721	0	0	0	0	0	0	0	125	0	0	0	0	
118473	0	0	0	0	0	0	0	107	0	0	0	0	
119225	0	0	0	0	0	0	0	111	0	0	0	0	
119973	0	0	0	0	0	0	0	107	0	0	0	0	
120719	0	0	0	0	0	0	0	111	0	0	0	0	
121467	0	0	0	0	0	0	0	107	0	0	0	0	
122216	0	0	0	0	0	0	0	109	0	0	0	0	
122968	0	0	0	0	0	0	0	101	0	0	0	0	
123718	0	0	0	0	0	0	0	109	0	0	0	0	
124468	0	0	0	0	0	0	0	109	0	0	0	0	
125215	0	0	0	0	0	0	0	115	0	0	0	0	
125966	0	0	0	0	0	0	0	129	0	0	0	0	
126715	0	0	0	0	0	0	0	115	0	0	0	0	
127469	0	0	0	0	0	0	0	115	0	0	0	0	
128224	0	0	0	0	0	0	0	121	0	0	0	0	
128971	0	0	0	0	0	0	0	101	0	0	0	0	
129721	0	0	0	0	0	0	0	113	0	0	0	0	
130473	0	0	0	0	0	0	0	93	0	0	0	0	
131222	0	0	0	0	0	0	0	103	0	0	0	0	
131973	0	0	0	0	0	0	0	105	0	0	0	0	
132724	0	0	0	0	0	0	0	121	0	0	0	0	
133472	0	0	0	0	0	0	0	115	0	0	0	0	
134220	0	0	0	0	0	0	0	123	0	0	0	0	
134972	0	0	0	0	0	0	0	99	0	0	0	0	
135723	0	0	0	0	0	0	0	119	0	0	0	0	
136474	0	0	0	0	0	0	0	111	0	0	0	0	
137226	0	0	0	0	0	0	0	103	0	0	0	0	
137973	0	0	0	0	0	0	0	117	0	0	0	0	
138726	0	0	0	0	0	0	0	121	0	0	0	0	
139473	0	0	0	0	0	0	0	111	0	0	0	0	
140221	0	0	0	0	0	0	0	129	0	0	0	0	
140972	0	0	0	0	0	0	0	121	0	0	0	0	
141720	0	0	0	0	0	0	0	111	0	0	0	0	
142468	0	0	0	0	0	0	0	117	0	0	0	0	
143220	0	0	0	0	0	0	0	129	0	0	0	0	
143970	0	0	0	0	0	0	0	103	0	0	0	0	
144717	0	0	0	0	0	0	0	115	0	0	0	0	
145468	0	0	0	0	0	0	0	109	0	0	0	0	
146217	0	0	0	0	0	0	0	117	0	0	0	0	
146968	0	0	0	0	0	0	0	129	0	0	0	0	
147715	0	0	0	0	0	0	0	101	0	0	0	0	
148468	0	0	0	0	0	0	0	101	0	0	0	0	
149216	0	0	0	0	0	0	0	123	0	0	0	0	
149964	0	0	0	0	0	0	0	125	0	0	0	0	
150712	0	0	0	0	0	0	0	113	0	0	0	0	
151464	0	0	0	0	0	0	0	95	0	0	0	0	
152214	0	0	0	0	0	0	0	101	0	0	0	0	
152961	0	0	0	0	0	0	0	135	0	0	0	0	
153709	0	0	0	0	0	0	0	113	0	0	0	0	
154459	0	0	0	0	0	0	0	133	0	0	0	0	
155210	0	0	0	0	0	0	0	131	0	0	0	0	
155963	0	0	0	0	0	0	0	105	0	0	0	0	
156714	0	0	0	0	0	0	0	133	0	0	0	0	
157463	0	0	0	0	0	0	0	113	0	0	0	0	
158211	0	0	0	0	0	0	0	107	0	0	0	0	
158959	0	0	0	0	0	0	145	0	0	0	0	0	
159710	0	0	0	0	0	0	165	0	0	0	0	0	
160459	0	0	0	0	0	0	177	0	0	0	0	0	
161210	0	0	0	0	0	0	151	0	0	0	0	0	
161961	0	0	0	0	0	0	113	0	0	0	0	0	
162709	0	0	0	0	0	0	131	0	0	0	0	0	
163458	0	0	0	0	0	0	145	0	0	0	0	0	
164207	0	0	0	0	0	0	133	0	0	0	0	0	
164954	0	0	0	0	0	0	153	0	0	0	0	0	
165705	0	0	0	0	0	0	139	0	0	0	0	0	
166454	0	0	0	0	0	0	139	0	0	0	0	0	
167201	0	0	0	0	0	0	133	0	0	0	0	0	
167952	0	0	0	0	0	66	79	0	0	0	0	0	
168702	0	0	0	0	0	1	128	0	0	0	0	0	
169453	0	0	0	0	0	0	155	0	0	0	0	0	
170199	0	0	0	0	0	0	0	111	0	0	0	0	
170950	0	0	0	0	0	0	0	109	0	0	0	0	
171697	0	0	0	0	0	0	0	117	0	0	0	0	
172449	0	0	0	0	0	0	0	113	0	0	0	0	
173195	0	0	0	0	0	0	0	0	85	0	0	0	
173944	0	0	0	0	0	0	0	0	87	0	0	0	
174692	0	0	0	0	0	0	0	0	103	0	0	0	
175442	0	0	0	0	0	0	0	0	91	0	0	0	
176193	0	0	0	0	0	0	0	0	0	79	0	0	
176941	0	0	0	0	0	0	0	0	3	76	0	0	
177691	0	0	0	0	0	0	0	0	89	0	0	0	
178441	0	0	0	0	0	0	0	0	93	0	0	0	
179190	0	0	0	0	0	0	0	0	107	0	0	0	
179942	0	0	0	0	0	0	0	0	103	0	0	0	
180694	0	0	0	0	0	0	0	0	99	0	0	0	
181447	0	0	0	0	0	0	0	0	83	0	0	0	
182195	0	0	0	0	0	0	0	0	97	0	0	0	
182948	0	0	0	0	0	0	0	0	93	0	0	0	
183697	0	0	0	0	0	0	0	0	83	0	0	0	
184448	0	0	0	0	0	0	0	0	77	0	0	0	
185203	0	0	0	0	0	0	0	0	77	0	0	0	
185950	0	0	0	0	0	0	0	0	107	0	0	0	
186698	0	0	0	0	0	0	0	0	89	0	0	0	
187445	0	0	0	0	0	0	0	0	91	0	0	0	
188193	0	0	0	0	0	0	0	0	99	0	0	0	
188942	0	0	0	0	0	0	0	0	121	0	0	0	
189695	0	0	0	0	0	0	0	0	103	0	0	0	
190448	0	0	0	0	0	0	0	0	91	0	0	0	
191199	0	0	0	0	0	0	0	0	103	0	0	0	
191948	0	0	0	0	0	0	0	0	99	0	0	0	
192697	0	0	0	0	0	0	0	0	85	0	0	0	
193447	0	0	0	0	0	0	0	0	73	0	0	0	
194195	0	0	0	0	0	0	0	0	87	0	0	0	
194945	0	0	0	0	0	0	0	0	89	0	0	0	
195698	0	0	0	0	0	0	0	0	97	0	0	0	
196448	0	0	0	0	0	0	0	0	107	0	0	0	
197199	0	0	0	0	0	0	0	0	79	0	0	0	
197948	0	0	0	0	0	0	0	0	99	0	0	0	
198698	0	0	0	0	0	0	0	0	101	0	0	0	
199448	0	0	0	0	0	0	0	0	93	0	0	0	
200199	0	0	0	0	0	0	0	0	93	0	0	0	
200952	0	0	0	0	0	0	0	0	107	0	0	0	
201702	0	0	0	0	0	0	0	0	109	0	0	0	
202451	0	0	0	0	0	0	0	0	91	0	0	0	
203205	0	0	0	0	0	0	0	0	79	0	0	0	
203956	0	0	0	0	0	0	0	0	95	0	0	0	
204706	0	0	0	0	0	0	0	0	89	0	0	0	
205455	0	0	0	0	0	0	0	0	89	0	0	0	
206206	0	0	0	0	0	0	0	0	0	71	0	0	
206952	0	0	0	0	0	0	0	0	0	67	0	0	
207701	0	0	0	0	0	0	0	0	0	0	63	0	
208451	0	0	0	0	0	0	0	0	0	0	55	0	
209199	0	0	0	0	0	0	0	0	0	0	63	0	
209946	0	0	0	0	0	0	0	0	0	0	55	0	
210695	0	0	0	0	0	0	0	0	0	89	0	0	
211443	0	0	0	0	0	0	0	0	0	87	0	0	
212192	0	0	0	0	0	0	0	0	0	93	0	0	
212943	0	0	0	0	0	0	0	0	0	69	0	0	
213694	0	0	0	0	0	0	0	0	0	73	0	0	
214443	0	0	0	0	0	0	0	0	0	55	0	0	
215196	0	0	0	0	0	0	0	0	0	83	0	0	
215946	0	0	0	0	0	0	0	0	0	81	0	0	
216693	0	0	0	0	0	0	0	0	0	69	0	0	
217443	0	0	0	0	0	0	0	0	0	71	0	0	
218192	0	0	0	0	0	0	0	0	0	69	0	0	
218941	0	0	0	0	0	0	0	0	0	99	0	0	
219694	0	0	0	0	0	0	0	0	0	69	0	0	
220445	0	0	0	0	0	0	0	0	0	73	0	0	
221193	0	0	0	0	0	0	0	0	0	73	0	0	
221943	0	0	0	0	0	0	0	0	0	77	0	0	
222693	0	0	0	0	0	0	0	0	0	63	0	0	
223441	0	0	0	0	0	0	0	0	0	77	0	0	
224191	0	0	0	0	0	0	0	0	0	81	0	0	
224940	0	0	0	0	0	0	0	0	0	71	0	0	
225687	0	0	0	0	0	0	0	0	0	67	0	0	
226437	0	0	0	0	0	0	0	0	0	75	0	0	
227185	0	0	0	0	0	0	0	0	0	81	0	0	
227934	0	0	0	0	0	0	0	0	0	79	0	0	
228688	0	0	0	0	0	0	0	0	0	65	0	0	
229440	0	0	0	0	0	0	0	0	97	0	0	0	
230192	0	0	0	0	0	0	0	0	121	0	0	0	
230939	0	0	0	0	0	0	0	0	107	0	0	0	
231687	0	0	0	0	0	0	0	0	103	0	0	0	
232437	0	0	0	0	0	0	0	0	97	0	0	0	
233188	0	0	0	0	0	0	0	0	91	0	0	0	
233938	0	0	0	0	0	0	0	0	89	0	0	0	
234688	0	0	0	0	0	0	0	0	91	0	0	0	
235439	0	0	0	0	0	0	0	0	105	0	0	0	
236189	0	0	0	0	0	0	0	0	101	0	0	0	
236938	0	0	0	0	0	0	0	0	95	0	0	0	
237688	0	0	0	0	0	0	0	0	101	0	0	0	
238438	0	0	0	0	0	0	0	0	89	0	0	0	
239186	0	0	0	0	0	0	0	0	0	73	0	0	
239938	0	0	0	0	0	0	0	0	0	67	0	0	
240692	0	0	0	0	0	0	0	0	0	71	0	0	
241441	0	0	0	0	0	0	0	0	0	73	0	0	
242188	0	0	0	0	0	0	0	0	0	79	0	0	
242937	0	0	0	0	0	0	0	0	0	67	0	0	
243690	0	0	0	0	0	0	0	0	0	77	0	0	
244439	0	0	0	0	0	0	0	0	0	67	0	0	
245192	0	0	0	0	0	0	0	0	0	77	0	0	
245940	0	0	0	0	0	0	0	0	0	55	0	0	
246688	0	0	0	0	0	0	0	0	0	85	0	0	
247438	0	0	0	0	0	0	0	0	0	85	0	0	
248187	0	0	0	0	0	0	0	0	0	95	0	0	
248936	0	0	0	0	0	0	0	0	0	75	0	0	
249684	0	0	0	0	0	0	0	0	0	89	0	0	
250430	0	0	0	0	0	0	0	0	0	85	0	0	
251181	0	0	0	0	0	0	0	0	0	73	0	0	
251933	0	0	0	0	0	0	0	0	0	63	0	0	
252681	0	0	0	0	0	0	0	0	0	83	0	0	
253431	0	0	0	0	0	0	0	0	0	81	0	0	
254180	0	0	0	0	0	0	0	0	0	83	0	0	
254927	0	0	0	0	0	0	0	0	0	79	0	0	
255674	0	0	0	0	0	0	0	0	0	75	0	0	
256421	0	0	0	0	0	0	0	0	0	91	0	0	
257171	0	0	0	0	0	0	0	0	0	95	0	0	
257925	0	0	0	0	0	0	0	0	0	73	0	0	
258672	0	0	0	0	0	0	0	0	0	69	0	0	
259426	0	0	0	0	0	0	0	0	0	81	0	0	
260177	0	0	0	0	0	0	0	0	0	79	0	0	
260926	0	0	0	0	0	0	0	0	11	68	0	0	
261677	0	0	0	0	0	0	0	0	0	81	0	0	
262427	0	0	0	0	0	0	0	0	0	53	0	0	
263177	0	0	0	0	0	0	0	0	0	93	0	0	
263926	0	0	0	0	0	0	0	0	0	85	0	0	
264679	0	0	0	0	0	0	0	0	0	79	0	0	
265431	0	0	0	0	0	0	0	0	0	69	0	0	
266182	0	0	0	0	0	0	0	0	0	71	0	0	
266934	0	0	0	0	0	0	0	0	0	61	0	0	
267684	0	0	0	0	0	0	0	0	0	73	0	0	
268434	0	0	0	0	0	0	0	0	0	67	0	0	
269185	0	0	0	0	0	0	0	0	0	91	0	0	
269937	0	0	0	0	0	0	0	0	0	69	0	0	
270686	0	0	0	0	0	0	0	0	0	79	0	0	
271439	0	0	0	0	0	0	0	0	0	65	0	0	
272189	0	0	0	0	0	0	0	0	0	79	0	0	
272935	0	0	0	0	0	0	0	0	0	65	0	0	
273687	0	0	0	0	0	0	0	0	0	91	0	0	
274437	0	0	0	0	0	0	0	0	0	85	0	0	
275187	0	0	0	0	0	0	0	0	0	81	0	0	
275940	0	0	0	0	0	0	0	0	0	75	0	0	
276689	0	0	0	0	0	0	0	0	0	83	0	0	
277442	0	0	0	0	0	0	0	0	0	83	0	0	
278192	0	0	0	0	0	0	0	0	0	67	0	0	
278941	0	0	0	0	0	0	0	0	0	73	0	0	
279696	0	0	0	0	0	0	0	0	0	95	0	0	
280445	0	0	0	0	0	0	0	0	0	65	0	0	
281193	0	0	0	0	0	0	0	0	0	71	0	0	
281941	0	0	0	0	0	0	0	0	0	69	0	0	
282694	0	0	0	0	0	0	0	0	0	85	0	0	
283442	0	0	0	0	0	0	0	0	0	93	0	0	
284191	0	0	0	0	0	0	0	0	0	67	0	0	
284941	0	0	0	0	0	0	0	0	0	79	0	0	
285689	0	0	0	0	0	0	0	0	0	89	0	0	
286438	0	0	0	0	0	0	0	0	0	93	0	0	
287190	0	0	0	0	0	0	0	0	0	59	0	0	
287939	0	0	0	0	0	0	0	0	0	71	0	0	
288688	0	0	0	0	0	0	0	0	0	65	0	0	
289438	0	0	0	0	0	0	0	0	0	91	0	0	
290187	0	0	0	0	0	0	0	0	0	71	0	0	
290937	0	0	0	0	0	0	0	0	0	70	1	0	
291687	0	0	0	0	0	0	0	0	0	83	0	0	
292439	0	0	0	0	0	0	0	0	0	63	0	0	
293189	0	0	0	0	0	0	0	0	0	61	0	0	
293940	0	0	0	0	0	0	0	0	0	89	0	0	
294687	0	0	0	0	0	0	0	0	0	0	63	0	
295436	0	0	0	0	0	0	0	0	0	0	67	0	
296186	0	0	0	0	0	0	0	0	0	0	55	0	
296936	0	0	0	0	0	0	0	0	0	0	69	0	
297685	0	0	0	0	0	0	0	0	0	0	67	0	
298435	0	0	0	0	0	0	0	0	0	0	57	0	
299183	0	0	0	0	0	0	0	0	0	0	51	0	
299932	0	0	0	0	0	0	0	0	0	0	59	0	
300683	0	0	0	0	0	0	0	0	0	0	65	0	
301435	0	0	0	0	0	0	0	0	0	0	59	0	
302181	0	0	0	0	0	0	0	0	0	0	71	0	
302932	0	0	0	0	0	0	0	0	0	0	69	0	
303682	0	0	0	0	0	0	0	0	0	67	0	0	
304433	0	0	0	0	0	0	0	0	3	80	0	0	
305186	0	0	0	0	0	0	0	0	0	65	0	0	
305934	0	0	0	0	0	0	0	0	0	69	0	0	
306685	0	0	0	0	0	0	0	0	0	87	0	0	
307438	0	0	0	0	0	0	0	0	0	67	0	0	
308190	0	0	0	0	0	0	0	0	0	85	0	0	
308937	0	0	0	0	0	0	0	0	0	73	0	0	
309690	0	0	0	0	0	0	0	0	0	79	0	0	
310439	0	0	0	0	0	0	0	0	0	87	0	0	
311189	0	0	0	0	0	0	0	0	0	81	0	0	
311939	0	0	0	0	0	0	0	0	85	0	0	0	
312688	0	0	0	0	0	0	0	0	111	0	0	0	
313438	0	0	0	0	0	0	0	0	99	0	0	0	
314191	0	0	0	0	0	0	0	0	107	0	0	0	
314941	0	0	0	0	0	0	0	0	79	0	0	0	
315691	0	0	0	0	0	0	0	0	117	0	0	0	
316440	0	0	0	0	0	0	0	0	89	0	0	0	
317196	0	0	0	0	0	0	0	0	83	0	0	0	
317947	0	0	0	0	0	0	0	0	97	0	0	0	
318699	0	0	0	0	0	0	0	0	85	0	0	0	
319446	0	0	0	0	0	0	0	0	107	0	0	0	
320195	0	0	0	0	0	0	0	129	0	0	0	0	
320947	0	0	0	0	0	0	0	137	0	0	0	0	
321697	0	0	0	0	0	0	0	119	0	0	0	0	
322449	0	0	0	0	0	0	0	107	0	0	0	0	
323200	0	0	0	0	0	0	0	115	0	0	0	0	
323949	0	0	0	0	0	0	0	91	0	0	0	0	
324702	0	0	0	0	0	0	0	109	0	0	0	0	
325452	0	0	0	0	0	0	0	113	0	0	0	0	
326204	0	0	0	0	0	0	0	89	0	0	0	0	
326954	0	0	0	0	0	0	0	117	0	0	0	0	
327706	0	0	0	0	0	0	0	121	0	0	0	0	
328457	0	0	0	0	0	0	0	117	0	0	0	0	
329206	0	0	0	0	0	0	0	121	0	0	0	0	
329957	0	0	0	0	0	0	0	117	0	0	0	0	
330707	0	0	0	0	0	0	0	123	0	0	0	0	
331456	0	0	0	0	0	0	0	121	0	0	0	0	
332205	0	0	0	0	0	0	0	133	0	0	0	0	
332953	0	0	0	0	0	0	0	101	0	0	0	0	
333704	0	0	0	0	0	0	0	101	0	0	0	0	
334455	0	0	0	0	0	0	0	123	0	0	0	0	
335206	0	0	0	0	0	0	0	115	0	0	0	0	
335960	0	0	0	0	0	0	0	113	0	0	0	0	
336709	0	0	0	0	0	0	0	125	0	0	0	0	
337460	0	0	0	0	0	0	0	105	0	0	0	0	
338209	0	0	0	0	0	0	0	117	0	0	0	0	
338960	0	0	0	0	0	0	0	135	0	0	0	0	
339709	0	0	0	0	0	0	0	107	0	0	0	0	
340460	0	0	0	0	0	0	43	64	0	0	0	0	
341216	0	0	0	0	0	0	0	93	0	0	0	0	
341966	0	0	0	0	0	0	0	115	0	0	0	0	
342715	0	0	0	0	0	0	0	117	0	0	0	0	
343467	0	0	0	0	0	0	0	103	0	0	0	0	
344217	0	0	0	0	0	0	0	107	0	0	0	0	
344967	0	0	0	0	0	0	0	111	0	0	0	0	
345715	0	0	0	0	0	0	0	131	0	0	0	0	
346465	0	0	0	0	0	0	0	119	0	0	0	0	
347214	0	0	0	0	0	0	0	119	0	0	0	0	
347965	0	0	0	0	0	0	0	123	0	0	0	0	
348715	0	0	0	0	0	0	0	127	0	0	0	0	
349467	0	0	0	0	0	0	0	119	0	0	0	0	
350219	0	0	0	0	0	0	0	121	0	0	0	0	
350968	0	0	0	0	0	0	0	115	0	0	0	0	
351716	0	0	0	0	0	0	157	0	0	0	0	0	
352468	0	0	0	0	0	0	127	0	0	0	0	0	
353217	0	0	0	0	0	0	122	7	0	0	0	0	
353967	0	0	0	0	0	0	143	0	0	0	0	0	
354716	0	0	0	0	0	0	147	0	0	0	0	0	
355469	0	0	0	0	0	0	141	0	0	0	0	0	
356220	0	0	0	0	0	0	143	0	0	0	0	0	
356972	0	0	0	0	0	0	161	0	0	0	0	0	
357724	0	0	0	0	0	0	129	0	0	0	0	0	
358471	0	0	0	0	0	0	145	0	0	0	0	0	
359221	0	0	0	0	0	0	139	0	0	0	0	0	
359969	0	0	0	0	0	0	129	0	0	0	0	0	
360721	0	0	0	0	0	0	133	0	0	0	0	0	
361474	0	0	0	0	0	0	149	0	0	0	0	0	
362221	0	0	0	0	0	0	147	0	0	0	0	0	
362973	0	0	0	0	0	0	117	0	0	0	0	0	
363724	0	0	0	0	0	0	139	0	0	0	0	0	
364475	0	0	0	0	0	0	119	0	0	0	0	0	
365223	0	0	0	0	0	0	139	0	0	0	0	0	
365972	0	0	0	0	0	0	151	0	0	0	0	0	
366724	0	0	0	0	0	0	153	0	0	0	0	0	
367474	0	0	0	0	0	0	139	0	0	0	0	0	
368221	0	0	0	0	0	0	123	0	0	0	0	0	
368971	0	0	0	0	0	0	147	0	0	0	0	0	
369721	0	0	0	0	0	0	143	0	0	0	0	0	
370473	0	0	0	0	0	0	153	0	0	0	0	0	
371222	0	0	0	0	0	0	143	0	0	0	0	0	
371972	0	0	0	0	0	0	137	0	0	0	0	0	
372720	0	0	0	0	0	0	157	0	0	0	0	0	
373470	0	0	0	0	0	0	137	0	0	0	0	0	
374219	0	0	0	0	0	0	149	0	0	0	0	0	
374969	0	0	0	0	0	0	109	0	0	0	0	0	
375717	0	0	0	0	0	0	161	0	0	0	0	0	
376470	0	0	0	0	0	0	139	0	0	0	0	0	
377222	0	0	0	0	0	0	129	0	0	0	0	0	
377973	0	0	0	0	0	167	0	0	0	0	0	0	
378723	0	0	0	0	0	185	0	0	0	0	0	0	
379473	0	0	0	0	0	161	0	0	0	0	0	0	
380223	0	0	0	0	0	173	0	0	0	0	0	0	
380974	0	0	0	0	0	167	0	0	0	0	0	0	
381725	0	0	0	0	0	137	0	0	0	0	0	0	
382472	0	0	0	0	0	169	0	0	0	0	0	0	
383221	0	0	0	0	0	175	0	0	0	0	0	0	
383971	0	0	0	0	0	161	0	0	0	0	0	0	
384718	0	0	0	0	0	175	0	0	0	0	0	0	
385467	0	0	0	0	0	169	0	0	0	0	0	0	
386217	0	0	0	0	0	165	0	0	0	0	0	0	
386964	0	0	0	0	0	173	0	0	0	0	0	0	
387714	0	0	0	0	0	187	0	0	0	0	0	0	
388466	0	0	0	0	0	177	0	0	0	0	0	0	
389218	0	0	0	0	0	199	0	0	0	0	0	0	
389967	0	0	0	0	0	171	0	0	0	0	0	0	
390715	0	0	0	0	0	141	0	0	0	0	0	0	
391467	0	0	0	0	0	181	0	0	0	0	0	0	
392218	0	0	0	0	0	171	0	0	0	0	0	0	
392967	0	0	0	0	0	193	0	0	0	0	0	0	
393715	0	0	0	0	0	178	1	0	0	0	0	0	
394462	0	0	0	0	0	217	0	0	0	0	0	0	
395213	0	0	0	0	0	183	0	0	0	0	0	0	
395962	0	0	0	0	0	165	0	0	0	0	0	0	
396710	0	0	0	0	0	167	0	0	0	0	0	0	
397458	0	0	0	0	0	161	0	0	0	0	0	0	
398210	0	0	0	0	0	179	0	0	0	0	0	0	
398958	0	0	0	0	0	181	0	0	0	0	0	0	
399708	0	0	0	0	0	181	0	0	0	0	0	0	
400455	0	0	0	0	0	175	0	0	0	0	0	0	
401206	0	0	0	0	0	197	0	0	0	0	0	0	
401956	0	0	0	0	0	0	135	0	0	0	0	0	
402707	0	0	0	0	0	0	155	0	0	0	0	0	
403459	0	0	0	0	0	0	153	0	0	0	0	0	
404214	0	0	0	0	0	0	129	0	0	0	0	0	
404964	0	0	0	0	0	0	137	0	0	0	0	0	
405714	0	0	0	0	0	0	141	0	0	0	0	0	
406464	0	0	0	0	0	0	151	0	0	0	0	0	
407215	0	0	0	0	0	0	135	0	0	0	0	0	
407963	0	0	0	0	0	0	121	0	0	0	0	0	
408714	0	0	0	0	0	0	135	0	0	0	0	0	
409462	0	0	0	0	0	0	143	0	0	0	0	0	
410209	0	0	0	0	0	0	147	0	0	0	0	0	
410958	0	0	0	0	0	0	147	0	0	0	0	0	
411707	0	0	0	0	0	0	133	0	0	0	0	0	
412460	0	0	0	0	0	0	149	0	0	0	0	0	
413208	0	0	0	0	0	0	131	0	0	0	0	0	
413958	0	0	0	0	0	0	145	0	0	0	0	0	
414708	0	0	0	0	0	0	145	0	0	0	0	0	
415458	0	0	0	0	0	0	147	0	0	0	0	0	
416212	0	0	0	0	0	0	151	0	0	0	0	0	
416963	0	0	0	0	0	0	125	0	0	0	0	0	
417714	0	0	0	0	0	0	133	0	0	0	0	0	
418464	0	0	0	0	0	0	155	0	0	0	0	0	
419215	0	0	0	0	0	0	145	0	0	0	0	0	
419964	0	0	0	0	0	0	157	0	0	0	0	0	
420717	0	0	0	0	0	0	129	0	0	0	0	0	
421470	0	0	0	0	0	0	153	0	0	0	0	0	
422221	0	0	0	0	0	0	159	0	0	0	0	0	
422969	0	0	0	0	0	0	151	0	0	0	0	0	
423720	0	0	0	0	0	0	135	0	0	0	0	0	
424469	0	0	0	0	0	0	141	0	0	0	0	0	
425217	0	0	0	0	0	0	29	98	0	0	0	0	
425964	0	0	0	0	0	0	0	109	0	0	0	0	
426710	0	0	0	0	0	0	0	111	0	0	0	0	
427464	0	0	0	0	0	0	0	115	0	0	0	0	
428214	0	0	0	0	0	0	0	103	0	0	0	0	
428962	0	0	0	0	0	0	0	109	0	0	0	0	
429711	0	0	0	0	0	0	0	105	0	0	0	0	
430463	0	0	0	0	0	0	0	105	0	0	0	0	
431213	0	0	0	0	0	0	0	117	0	0	0	0	
431964	0	0	0	0	0	0	0	109	0	0	0	0	
432715	0	0	0	0	0	0	0	120	3	0	0	0	
433466	0	0	0	0	0	0	0	0	93	0	0	0	
434215	0	0	0	0	0	0	0	0	79	0	0	0	
434966	0	0	0	0	0	0	0	0	107	0	0	0	
435717	0	0	0	0	0	0	0	0	107	0	0	0	
436465	0	0	0	0	0	0	0	0	113	0	0	0	
437212	0	0	0	0	0	0	0	0	99	0	0	0	
437962	0	0	0	0	0	0	0	131	0	0	0	0	
438711	0	0	0	0	0	0	0	119	0	0	0	0	
439461	0	0	0	0	0	0	0	107	0	0	0	0	
440211	0	0	0	0	0	0	0	113	0	0	0	0	
440961	0	0	0	0	0	0	0	111	0	0	0	0	
441710	0	0	0	0	0	0	0	115	0	0	0	0	
442457	0	0	0	0	0	0	0	119	0	0	0	0	
443208	0	0	0	0	0	0	0	115	0	0	0	0	
443956	0	0	0	0	0	0	0	125	0	0	0	0	
444708	0	0	0	0	0	0	157	0	0	0	0	0	
445457	0	0	0	0	0	0	147	0	0	0	0	0	
446207	0	0	0	0	0	0	137	0	0	0	0	0	
446955	0	0	0	0	0	0	147	0	0	0	0	0	
447705	0	0	0	0	0	0	125	0	0	0	0	0	
448452	0	0	0	0	0	0	133	0	0	0	0	0	
449203	0	0	0	0	0	0	139	0	0	0	0	0	
449950	0	0	0	0	0	0	145	0	0	0	0	0	
450702	0	0	0	0	0	0	147	0	0	0	0	0	
451451	0	0	0	0	0	0	131	0	0	0	0	0	
452203	0	0	0	0	0	0	157	0	0	0	0	0	
452954	0	0	0	0	0	0	149	0	0	0	0	0	
453705	0	0	0	0	0	0	113	0	0	0	0	0	
454456	0	0	0	0	0	0	0	107	0	0	0	0	
455206	0	0	0	0	0	0	0	123	0	0	0	0	
455954	0	0	0	0	0	0	0	107	0	0	0	0	
456707	0	0	0	0	0	0	0	115	0	0	0	0	
457459	0	0	0	0	0	0	0	107	0	0	0	0	
458210	0	0	0	0	0	0	0	127	0	0	0	0	
458960	0	0	0	0	0	0	0	115	0	0	0	0	
459710	0	0	0	0	0	0	0	111	0	0	0	0	
460462	0	0	0	0	0	0	0	109	0	0	0	0	
461213	0	0	0	0	0	0	0	109	0	0	0	0	
461963	0	0	0	0	0	0	0	117	0	0	0	0	
462714	0	0	0	0	0	0	0	123	0	0	0	0	
463464	0	0	0	0	0	0	0	117	0	0	0	0	
464211	0	0	0	0	0	0	0	119	0	0	0	0	
464961	0	0	0	0	0	0	0	117	0	0	0	0	
465712	0	0	0	0	0	0	0	131	0	0	0	0	
466464	0	0	0	0	0	0	0	127	0	0	0	0	
467214	0	0	0	0	0	0	0	113	0	0	0	0	
467967	0	0	0	0	0	0	163	0	0	0	0	0	
468720	0	0	0	0	0	0	147	0	0	0	0	0	
469469	0	0	0	0	0	0	145	0	0	0	0	0	
470218	0	0	0	0	0	0	141	0	0	0	0	0	
470965	0	0	0	0	0	0	151	0	0	0	0	0	
471718	0	0	0	0	0	0	0	115	0	0	0	0	
472468	0	0	0	0	0	0	2	121	0	0	0	0	
473216	0	0	0	0	0	0	0	125	0	0	0	0	
473965	0	0	0	0	0	0	0	123	0	0	0	0	
474714	0	0	0	0	0	0	0	0	85	0	0	0	
475465	0	0	0	0	0	0	0	0	89	0	0	0	
476216	0	0	0	0	0	0	0	0	91	0	0	0	
476969	0	0	0	0	0	0	0	0	93	0	0	0	
477717	0	0	0	0	0	0	0	0	83	0	0	0	
478467	0	0	0	0	0	0	0	0	95	0	0	0	
479217	0	0	0	0	0	0	0	0	97	0	0	0	
479969	0	0	0	0	0	0	0	0	105	0	0	0	
480720	0	0	0	0	0	0	0	0	103	0	0	0	
481469	0	0	0	0	0	0	0	0	109	0	0	0	
482215	0	0	0	0	0	0	0	133	0	0	0	0	
482965	0	0	0	0	0	0	0	129	0	0	0	0	
483714	0	0	0	0	0	0	0	107	0	0	0	0	
484464	0	0	0	0	0	0	0	125	0	0	0	0	
485216	0	0	0	0	0	0	0	117	0	0	0	0	
485968	0	0	0	0	0	0	0	95	0	0	0	0	
486716	0	0	0	0	0	0	0	117	0	0	0	0	
487468	0	0	0	0	0	0	0	127	0	0	0	0	
488217	0	0	0	0	0	0	0	111	0	0	0	0	
488966	0	0	0	0	0	0	0	141	0	0	0	0	
489713	0	0	0	0	0	0	0	119	0	0	0	0	
490460	0	0	0	0	0	0	0	109	0	0	0	0	
491209	0	0	0	0	0	0	0	113	0	0	0	0	
491959	0	0	0	0	0	0	0	127	0	0	0	0	
492713	0	0	0	0	0	0	0	107	0	0	0	0	
493465	0	0	0	0	0	0	0	131	0	0	0	0	
494214	0	0	0	0	0	0	141	0	0	0	0	0	
494964	0	0	0	0	0	0	143	0	0	0	0	0	
495714	0	0	0	0	0	0	147	0	0	0	0	0	
496467	0	0	0	0	0	0	153	0	0	0	0	0	
497214	0	0	0	0	0	0	139	0	0	0	0	0	
497965	0	0	0	0	0	0	153	0	0	0	0	0	
498718	0	0	0	0	0	0	141	0	0	0	0	0	
499468	0	0	0	0	0	0	161	0	0	0	0	0	
500217	0	0	0	0	0	0	143	0	0	0	0	0	
500968	0	0	0	0	0	0	163	0	0	0	0	0	
501719	0	0	0	0	0	161	0	0	0	0	0	0	
502471	0	0	0	0	0	181	0	0	0	0	0	0	
503221	0	0	0	0	0	155	0	0	0	0	0	0	
503971	0	0	0	0	0	181	0	0	0	0	0	0	
504723	0	0	0	0	0	195	0	0	0	0	0	0	
505472	0	0	0	0	0	163	0	0	0	0	0	0	
506222	0	0	0	0	0	173	0	0	0	0	0	0	
506974	0	0	0	0	0	165	0	0	0	0	0	0	
507728	0	0	0	0	0	153	0	0	0	0	0	0	
508479	0	0	0	0	0	0	135	0	0	0	0	0	
509229	0	0	0	0	0	0	135	0	0	0	0	0	
509979	0	0	0	0	0	0	155	0	0	0	0	0	
510729	0	0	0	0	0	0	137	0	0	0	0	0	
511478	0	0	0	0	0	0	157	0	0	0	0	0	
512227	0	0	0	0	0	0	133	0	0	0	0	0	
512977	0	0	0	0	0	0	161	0	0	0	0	0	
513725	0	0	0	0	0	169	0	0	0	0	0	0	
514477	0	0	0	0	0	169	0	0	0	0	0	0	
515224	0	0	0	0	0	181	0	0	0	0	0	0	
515975	0	0	0	0	0	189	0	0	0	0	0	0	
516724	0	0	0	0	0	187	0	0	0	0	0	0	
517473	0	0	0	0	0	183	0	0	0	0	0	0	
518228	0	0	0	0	2	171	0	0	0	0	0	0	
518979	0	0	0	0	0	181	0	0	0	0	0	0	
519729	0	0	0	0	0	159	0	0	0	0	0	0	
520477	0	0	0	0	0	191	0	0	0	0	0	0	
521222	0	0	0	0	0	143	0	0	0	0	0	0	
521969	0	0	0	0	0	169	0	0	0	0	0	0	
522719	0	0	0	0	0	173	0	0	0	0	0	0	
523470	0	0	0	0	0	161	0	0	0	0	0	0	
524221	0	0	0	0	0	173	0	0	0	0	0	0	
524971	0	0	0	0	0	179	0	0	0	0	0	0	
525721	0	0	0	0	0	167	0	0	0	0	0	0	
526470	0	0	0	0	0	169	0	0	0	0	0	0	
527222	0	0	0	0	0	187	0	0	0	0	0	0	
527973	0	0	0	0	0	171	0	0	0	0	0	0	
528724	0	0	0	0	0	163	0	0	0	0	0	0	
529476	0	0	0	0	0	177	0	0	0	0	0	0	
530223	0	0	0	0	5	208	0	0	0	0	0	0	
530971	0	0	0	0	0	183	0	0	0	0	0	0	
531720	0	0	0	0	0	153	0	0	0	0	0	0	
532473	0	0	0	0	0	151	10	0	0	0	0	0	
533223	0	0	0	0	0	159	0	0	0	0	0	0	
533975	0	0	0	0	0	207	0	0	0	0	0	0	
534727	0	0	0	0	0	167	0	0	0	0	0	0	
535477	0	0	0	0	0	169	0	0	0	0	0	0	
536227	0	0	0	0	0	185	0	0	0	0	0	0	
536978	0	0	0	0	0	177	0	0	0	0	0	0	
537727	0	0	0	0	0	181	0	0	0	0	0	0	
538480	0	0	0	0	0	163	0	0	0	0	0	0	
539230	0	0	0	0	0	151	0	0	0	0	0	0	
539981	0	0	0	0	0	187	0	0	0	0	0	0	
540731	0	0	0	0	0	173	0	0	0	0	0	0	
541480	0	0	0	0	0	173	0	0	0	0	0	0	
542232	0	0	0	0	0	169	0	0	0	0	0	0	
542982	0	0	0	0	0	159	0	0	0	0	0	0	
543730	0	0	0	0	0	185	0	0	0	0	0	0	
544478	0	0	0	0	0	143	0	0	0	0	0	0	
545225	0	0	0	0	0	171	0	0	0	0	0	0	
545972	0	0	0	0	0	163	0	0	0	0	0	0	
546718	0	0	0	0	0	203	0	0	0	0	0	0	
547465	0	0	0	0	0	191	0	0	0	0	0	0	
548215	0	0	0	0	0	165	0	0	0	0	0	0	
548962	0	0	0	0	0	163	0	0	0	0	0	0	
549713	0	0	0	0	0	143	0	0	0	0	0	0	
550464	0	0	0	0	0	161	0	0	0	0	0	0	
551215	0	0	0	0	0	187	0	0	0	0	0	0	
551966	0	0	0	0	0	181	0	0	0	0	0	0	
552718	0	0	0	0	96	121	0	0	0	0	0	0	
553470	0	0	0	0	0	183	0	0	0	0	0	0	
554220	0	0	0	0	0	173	0	0	0	0	0	0	
554970	0	0	0	0	0	187	0	0	0	0	0	0	
555718	0	0	0	0	0	201	0	0	0	0	0	0	
556471	0	0	0	0	0	165	0	0	0	0	0	0	
557221	0	0	0	0	0	177	0	0	0	0	0	0	
557972	0	0	0	0	0	183	0	0	0	0	0	0	
558720	0	0	0	0	0	203	0	0	0	0	0	0	
559471	0	0	0	0	0	169	0	0	0	0	0	0	
560220	0	0	0	0	0	175	0	0	0	0	0	0	
560972	0	0	0	0	0	149	0	0	0	0	0	0	
561723	0	0	0	0	0	149	0	0	0	0	0	0	
562474	0	0	0	0	0	167	0	0	0	0	0	0	
563225	0	0	0	0	0	175	0	0	0	0	0	0	
563977	0	0	0	0	0	171	0	0	0	0	0	0	
564724	0	0	0	0	0	161	0	0	0	0	0	0	
565475	0	0	0	0	0	177	0	0	0	0	0	0	
566223	0	0	0	0	0	185	0	0	0	0	0	0	
566971	0	0	0	0	0	195	0	0	0	0	0	0	
567724	0	0	0	0	0	197	0	0	0	0	0	0	
568477	0	0	0	0	0	167	0	0	0	0	0	0	
569226	0	0	0	0	0	151	0	0	0	0	0	0	
569976	0	0	0	0	0	157	0	0	0	0	0	0	
570728	0	0	0	0	0	173	0	0	0	0	0	0	
571481	0	0	0	0	0	179	0	0	0	0	0	0	
572234	0	0	0	0	0	171	0	0	0	0	0	0	
572989	0	0	0	0	0	177	0	0	0	0	0	0	
573742	0	0	0	0	0	157	0	0	0	0	0	0	
574491	0	0	0	0	0	177	0	0	0	0	0	0	
575240	0	0	0	0	0	181	0	0	0	0	0	0	
575990	0	0	0	0	0	167	0	0	0	0	0	0	
576741	0	0	0	0	0	171	0	0	0	0	0	0	
577490	0	0	0	0	0	191	0	0	0	0	0	0	
578240	0	0	0	0	0	157	0	0	0	0	0	0	
578991	0	0	0	0	0	155	0	0	0	0	0	0	
579740	0	0	0	0	0	163	0	0	0	0	0	0	
580491	0	0	0	0	0	165	0	0	0	0	0	0	
581241	0	0	0	0	0	167	0	0	0	0	0	0	
581992	0	0	0	0	0	175	0	0	0	0	0	0	
582744	0	0	0	0	0	183	0	0	0	0	0	0	
583491	0	0	0	0	0	167	0	0	0	0	0	0	
584241	0	0	0	0	0	167	0	0	0	0	0	0	
584991	0	0	0	0	0	159	0	0	0	0	0	0	
585743	0	0	0	0	0	171	0	0	0	0	0	0	
586494	0	0	0	0	0	207	0	0	0	0	0	0	
587242	0	0	0	0	0	161	0	0	0	0	0	0	
587993	0	0	0	0	0	181	0	0	0	0	0	0	
588743	0	0	0	0	3	186	0	0	0	0	0	0	
589489	0	0	0	0	0	177	0	0	0	0	0	0	
590234	0	0	0	0	0	171	0	0	0	0	0	0	
590987	0	0	0	0	0	197	0	0	0	0	0	0	
591739	0	0	0	0	0	183	0	0	0	0	0	0	
592486	0	0	0	0	0	163	0	0	0	0	0	0	
593237	0	0	0	0	0	189	0	0	0	0	0	0	
593989	0	0	0	0	0	181	0	0	0	0	0	0	
594736	0	0	0	0	0	179	0	0	0	0	0	0	
595486	0	0	0	0	0	175	0	0	0	0	0	0	
596236	0	0	0	0	0	179	0	0	0	0	0	0	
596987	0	0	0	0	0	187	0	0	0	0	0	0	
597737	0	0	0	0	2	157	0	0	0	0	0	0	
598484	0	0	0	0	0	175	0	0	0	0	0	0	
599233	0	0	0	0	0	163	0	0	0	0	0	0	
599985	0	0	0	0	0	165	0	0	0	0	0	0	
600735	0	0	0	0	0	181	0	0	0	0	0	0	
601485	0	0	0	0	0	189	0	0	0	0	0	0	
602231	0	0	0	0	0	189	0	0	0	0	0	0	
602980	0	0	0	0	0	157	0	0	0	0	0	0	
603727	0	0	0	0	0	195	0	0	0	0	0	0	
604477	0	0	0	0	0	195	0	0	0	0	0	0	
605229	0	0	0	0	0	169	0	0	0	0	0	0	
605976	0	0	0	0	0	167	0	0	0	0	0	0	
606726	0	0	0	0	0	165	0	0	0	0	0	0	
607476	0	0	0	0	0	177	0	0	0	0	0	0	
608222	0	0	0	0	0	171	0	0	0	0	0	0	
608972	0	0	0	0	0	185	0	0	0	0	0	0	
609724	0	0	0	0	0	177	0	0	0	0	0	0	
610476	0	0	0	0	0	189	0	0	0	0	0	0	
611225	0	0	0	0	0	167	0	0	0	0	0	0	
611978	0	0	0	0	0	199	0	0	0	0	0	0	
612727	0	0	0	0	0	189	0	0	0	0	0	0	
613478	0	0	0	0	0	175	0	0	0	0	0	0	
614228	0	0	0	0	0	167	0	0	0	0	0	0	
614978	0	0	0	0	0	179	0	0	0	0	0	0	
615727	0	0	0	0	0	183	0	0	0	0	0	0	
616475	0	0	0	0	0	177	0	0	0	0	0	0	
617222	0	0	0	0	0	167	0	0	0	0	0	0	
617971	0	0	0	0	0	181	0	0	0	0	0	0	
618722	0	0	0	0	201	0	0	0	0	0	0	0	
619474	0	0	0	0	183	0	0	0	0	0	0	0	
620222	0	0	0	0	221	0	0	0	0	0	0	0	
620974	0	0	0	0	0	191	0	0	0	0	0	0	
621723	0	0	0	0	0	165	0	0	0	0	0	0	
622470	0	0	0	0	0	185	0	0	0	0	0	0	
623219	0	0	0	0	0	175	0	0	0	0	0	0	
623969	0	0	0	0	0	165	0	0	0	0	0	0	
624717	0	0	0	0	0	171	0	0	0	0	0	0	
625466	0	0	0	0	0	179	0	0	0	0	0	0	
626214	0	0	0	0	0	163	0	0	0	0	0	0	
626963	0	0	0	0	0	191	0	0	0	0	0	0	
627712	0	0	0	0	0	165	0	0	0	0	0	0	
628464	0	0	0	0	0	167	0	0	0	0	0	0	
629217	0	0	0	0	0	185	0	0	0	0	0	0	
629967	0	0	0	0	0	179	0	0	0	0	0	0	
630718	0	0	0	0	223	0	0	0	0	0	0	0	
631468	0	0	0	0	211	0	0	0	0	0	0	0	
632216	0	0	0	0	205	0	0	0	0	0	0	0	
632963	0	0	0	0	205	0	0	0	0	0	0	0	
633715	0	0	0	0	213	0	0	0	0	0	0	0	
634465	0	0	0	0	177	0	0	0	0	0	0	0	
635213	0	0	0	0	227	0	0	0	0	0	0	0	
635964	0	0	0	0	217	0	0	0	0	0	0	0	
636717	0	0	0	0	197	0	0	0	0	0	0	0	
637465	0	0	0	1	230	0	0	0	0	0	0	0	
638218	0	0	0	0	232	13	0	0	0	0	0	0	
638968	0	0	0	0	219	0	0	0	0	0	0	0	
639721	0	0	0	0	249	0	0	0	0	0	0	0	
640471	0	0	0	0	195	0	0	0	0	0	0	0	
641223	0	0	0	0	235	0	0	0	0	0	0	0	
641972	0	0	0	0	217	0	0	0	0	0	0	0	
642723	0	0	0	0	197	0	0	0	0	0	0	0	
643473	0	0	0	0	225	0	0	0	0	0	0	0	
644224	0	0	0	0	203	0	0	0	0	0	0	0	
644972	0	0	0	0	223	0	0	0	0	0	0	0	
645720	0	0	0	0	223	0	0	0	0	0	0	0	
646471	0	0	0	0	207	0	0	0	0	0	0	0	
647221	0	0	0	0	205	0	0	0	0	0	0	0	
647972	0	0	0	0	207	0	0	0	0	0	0	0	
648724	0	0	0	0	239	0	0	0	0	0	0	0	
649474	0	0	0	0	219	0	0	0	0	0	0	0	
650227	0	0	0	0	215	0	0	0	0	0	0	0	
650976	0	0	0	1	190	0	0	0	0	0	0	0	
651725	0	0	0	0	213	0	0	0	0	0	0	0	
652474	0	0	0	0	221	0	0	0	0	0	0	0	
653227	0	0	0	0	221	0	0	0	0	0	0	0	
653975	0	0	0	0	209	0	0	0	0	0	0	0	
654727	0	0	0	0	211	0	0	0	0	0	0	0	
655478	0	0	0	0	217	0	0	0	0	0	0	0	
656230	0	0	0	0	219	0	0	0	0	0	0	0	
656977	0	0	0	0	243	0	0	0	0	0	0	0	
657726	0	0	0	42	189	0	0	0	0	0	0	0	
658474	0	0	0	249	0	0	0	0	0	0	0	0	
659227	0	0	0	259	0	0	0	0	0	0	0	0	
659973	0	0	0	249	0	0	0	0	0	0	0	0	
660720	0	0	0	261	0	0	0	0	0	0	0	0	
661474	0	0	0	223	0	0	0	0	0	0	0	0	
662222	0	0	0	297	0	0	0	0	0	0	0	0	
662969	0	0	0	263	0	0	0	0	0	0	0	0	
663718	0	0	0	273	0	0	0	0	0	0	0	0	
664471	0	0	0	243	0	0	0	0	0	0	0	0	
665225	0	0	0	265	0	0	0	0	0	0	0	0	
665974	0	0	0	271	0	0	0	0	0	0	0	0	
666723	0	0	0	297	0	0	0	0	0	0	0	0	
667472	0	0	0	247	0	0	0	0	0	0	0	0	
668223	0	0	0	265	0	0	0	0	0	0	0	0	
668974	0	0	0	241	0	0	0	0	0	0	0	0	
669723	0	0	0	257	0	0	0	0	0	0	0	0	
670474	0	0	0	273	0	0	0	0	0	0	0	0	
671228	0	0	0	265	0	0	0	0	0	0	0	0	
671978	0	0	0	255	0	0	0	0	0	0	0	0	
672729	0	0	0	303	0	0	0	0	0	0	0	0	
673476	0	0	0	257	0	0	0	0	0	0	0	0	
674226	0	0	0	289	0	0	0	0	0	0	0	0	
674972	0	0	0	275	0	0	0	0	0	0	0	0	
675721	0	0	0	265	0	0	0	0	0	0	0	0	
676471	0	0	0	277	0	0	0	0	0	0	0	0	
677220	0	0	0	267	0	0	0	0	0	0	0	0	
677973	0	0	0	185	66	0	0	0	0	0	0	0	
678719	0	0	0	241	0	0	0	0	0	0	0	0	
679470	0	0	3	288	0	0	0	0	0	0	0	0	
680217	0	0	0	257	0	0	0	0	0	0	0	0	
680968	0	0	0	257	0	0	0	0	0	0	0	0	
681718	0	0	0	263	0	0	0	0	0	0	0	0	
682468	0	0	0	233	12	0	0	0	0	0	0	0	
683216	0	0	0	247	0	0	0	0	0	0	0	0	
683967	0	0	0	257	0	0	0	0	0	0	0	0	
684719	0	0	0	277	0	0	0	0	0	0	0	0	
685472	0	0	0	273	0	0	0	0	0	0	0	0	
686220	0	0	0	271	0	0	0	0	0	0	0	0	
686975	0	0	0	237	0	0	0	0	0	0	0	0	
687722	0	0	0	265	0	0	0	0	0	0	0	0	
688471	0	0	0	259	0	0	0	0	0	0	0	0	
689221	0	0	0	243	0	0	0	0	0	0	0	0	
689970	0	0	0	251	0	0	0	0	0	0	0	0	
690718	0	0	0	273	0	0	0	0	0	0	0	0	
691470	0	0	0	269	0	0	0	0	0	0	0	0	
692220	0	0	0	263	0	0	0	0	0	0	0	0	
692971	0	0	0	269	0	0	0	0	0	0	0	0	
693717	0	0	0	245	0	0	0	0	0	0	0	0	
694467	0	0	0	261	0	0	0	0	0	0	0	0	
695217	0	0	0	241	0	0	0	0	0	0	0	0	
695967	0	0	0	281	0	0	0	0	0	0	0	0	
696715	0	0	0	253	0	0	0	0	0	0	0	0	
697469	0	0	0	235	0	0	0	0	0	0	0	0	
698219	0	0	291	0	0	0	0	0	0	0	0	0	
698970	0	0	323	0	0	0	0	0	0	0	0	0	
699722	0	0	295	0	0	0	0	0	0	0	0	0	
700472	0	0	359	0	0	0	0	0	0	0	0	0	
701221	0	0	248	55	0	0	0	0	0	0	0	0	
701969	0	0	0	249	0	0	0	0	0	0	0	0	
702717	0	0	0	247	0	0	0	0	0	0	0	0	
703472	0	0	0	239	0	0	0	0	0	0	0	0	
704222	0	0	0	275	0	0	0	0	0	0	0	0	
704971	0	0	0	283	0	0	0	0	0	0	0	0	
705722	0	0	0	271	0	0	0	0	0	0	0	0	
706470	0	0	0	255	0	0	0	0	0	0	0	0	
707219	0	0	0	325	0	0	0	0	0	0	0	0	
707969	0	0	0	225	0	0	0	0	0	0	0	0	
708719	0	0	0	261	0	0	0	0	0	0	0	0	
709469	0	0	0	261	0	0	0	0	0	0	0	0	
710220	0	0	0	281	0	0	0	0	0	0	0	0	
710967	0	0	0	279	0	0	0	0	0	0	0	0	
711716	0	0	0	279	0	0	0	0	0	0	0	0	
712464	0	0	0	231	0	0	0	0	0	0	0	0	
713214	0	0	41	212	0	0	0	0	0	0	0	0	
713963	0	0	0	265	0	0	0	0	0	0	0	0	
714711	0	0	1	266	0	0	0	0	0	0	0	0	
715460	0	0	0	275	0	0	0	0	0	0	0	0	
716211	0	0	0	257	0	0	0	0	0	0	0	0	
716964	0	0	0	0	189	0	0	0	0	0	0	0	
717716	0	0	0	0	197	0	0	0	0	0	0	0	
718463	0	0	0	0	221	0	0	0	0	0	0	0	
719208	0	0	0	0	217	0	0	0	0	0	0	0	
719959	0	0	0	0	221	0	0	0	0	0	0	0	
720713	0	0	0	0	193	0	0	0	0	0	0	0	
721466	0	0	0	0	235	0	0	0	0	0	0	0	
722218	0	0	0	0	219	0	0	0	0	0	0	0	
722964	0	0	0	0	213	0	0	0	0	0	0	0	
723716	0	0	0	0	213	0	0	0	0	0	0	0	
724468	0	0	0	0	193	0	0	0	0	0	0	0	
725217	0	0	0	0	235	0	0	0	0	0	0	0	
725968	0	0	0	0	223	0	0	0	0	0	0	0	
726716	0	0	0	0	223	0	0	0	0	0	0	0	
727465	0	0	0	0	204	3	0	0	0	0	0	0	
728213	0	0	0	0	0	177	0	0	0	0	0	0	
728962	0	0	0	0	0	191	0	0	0	0	0	0	
729710	0	0	0	0	0	173	0	0	0	0	0	0	
730462	0	0	0	0	0	165	0	0	0	0	0	0	
731213	0	0	0	0	0	177	0	0	0	0	0	0	
731962	0	0	0	0	0	167	0	0	0	0	0	0	
732711	0	0	0	0	0	151	0	0	0	0	0	0	
733461	0	0	0	0	0	195	0	0	0	0	0	0	
734209	0	0	0	0	0	187	0	0	0	0	0	0	
734961	0	0	0	0	0	0	139	0	0	0	0	0	
735708	0	0	0	0	0	0	143	0	0	0	0	0	
736461	0	0	0	0	0	0	153	0	0	0	0	0	
737211	0	0	0	0	0	0	143	0	0	0	0	0	
737960	0	0	0	0	0	0	125	0	0	0	0	0	
738708	0	0	0	0	0	0	165	0	0	0	0	0	
739459	0	0	0	0	0	0	135	0	0	0	0	0	
740210	0	0	0	0	0	0	141	0	0	0	0	0	
740963	0	0	0	0	0	0	149	0	0	0	0	0	
741713	0	0	0	0	0	0	127	0	0	0	0	0	
742462	0	0	0	0	0	0	127	0	0	0	0	0	
743215	0	0	0	0	0	0	137	0	0	0	0	0	
743964	0	0	0	0	0	0	155	0	0	0	0	0	
744712	0	0	0	0	0	0	133	0	0	0	0	0	
745464	0	0	0	0	0	0	131	0	0	0	0	0	
746214	0	0	0	0	0	0	143	0	0	0	0	0	
746965	0	0	0	0	0	0	143	0	0	0	0	0	
747716	0	0	0	0	0	0	135	0	0	0	0	0	
748464	0	0	0	0	0	0	139	0	0	0	0	0	
749217	0	0	0	0	0	0	139	0	0	0	0	0	
749965	0	0	0	0	0	0	143	0	0	0	0	0	
750713	0	0	0	0	0	0	153	0	0	0	0	0	
751465	0	0	0	0	0	0	139	0	0	0	0	0	
752214	0	0	0	0	0	0	145	0	0	0	0	0	
752967	0	0	0	0	0	0	137	0	0	0	0	0	
753720	0	0	0	0	0	0	137	0	0	0	0	0	
754471	0	0	0	0	0	0	157	0	0	0	0	0	
755219	0	0	0	0	0	0	151	0	0	0	0	0	
755971	0	0	0	0	0	0	127	0	0	0	0	0	
756721	0	0	0	0	0	0	147	0	0	0	0	0	
757469	0	0	0	0	0	0	149	0	0	0	0	0	
758219	0	0	0	0	0	0	121	0	0	0	0	0	
758969	0	0	0	0	0	0	137	0	0	0	0	0	
759721	0	0	0	0	0	0	161	0	0	0	0	0	
760468	0	0	0	0	0	0	145	0	0	0	0	0	
761218	0	0	0	0	0	0	117	0	0	0	0	0	
761969	0	0	0	0	0	0	173	0	0	0	0	0	
762719	0	0	0	0	0	0	155	0	0	0	0	0	
763470	0	0	0	0	0	0	151	0	0	0	0	0	
764220	0	0	0	0	0	13	132	0	0	0	0	0	
764973	0	0	0	0	0	0	137	0	0	0	0	0	
765722	0	0	0	0	0	0	147	0	0	0	0	0	
766473	0	0	0	0	0	0	127	0	0	0	0	0	
767223	0	0	0	0	0	0	151	0	0	0	0	0	
767976	0	0	0	0	0	0	0	125	0	0	0	0	
768728	0	0	0	0	0	0	0	107	0	0	0	0	
769478	0	0	0	0	0	0	0	109	0	0	0	0	
770227	0	0	0	0	0	0	0	105	0	0	0	0	
770978	0	0	0	0	0	0	0	139	0	0	0	0	
771728	0	0	0	0	0	0	0	115	0	0	0	0	
772477	0	0	0	0	0	0	0	115	0	0	0	0	
773227	0	0	0	0	0	0	0	131	0	0	0	0	
773978	0	0	0	0	0	0	0	111	0	0	0	0	
774727	0	0	0	0	0	0	0	103	0	0	0	0	
775476	0	0	0	0	0	0	0	111	0	0	0	0	
776226	0	0	0	0	0	0	0	131	0	0	0	0	
776975	0	0	0	0	0	0	0	113	0	0	0	0	
777726	0	0	0	0	0	0	0	137	0	0	0	0	
778473	0	0	0	0	0	0	0	93	0	0	0	0	
779222	0	0	0	0	0	0	0	115	0	0	0	0	
779973	0	0	0	0	0	0	0	101	0	0	0	0	
780723	0	0	0	0	0	0	0	115	0	0	0	0	
781474	0	0	0	0	0	0	0	115	0	0	0	0	
782223	0	0	0	0	0	0	0	131	0	0	0	0	
782969	0	0	0	0	0	0	0	121	0	0	0	0	
783719	0	0	0	0	0	0	0	137	0	0	0	0	
784467	0	0	0	0	0	0	0	131	0	0	0	0	
785218	0	0	0	0	0	0	0	125	0	0	0	0	
785966	0	0	0	0	0	0	0	117	2	0	0	0	
786715	0	0	0	0	0	0	0	117	0	0	0	0	
787468	0	0	0	0	0	0	0	113	0	0	0	0	
788219	0	0	0	0	0	0	0	131	0	0	0	0	
788970	0	0	0	0	0	0	0	113	0	0	0	0	
789719	0	0	0	0	0	0	0	103	0	0	0	0	
790472	0	0	0	0	0	0	0	96	1	0	0	0	
791223	0	0	0	0	0	0	0	129	0	0	0	0	
791972	0	0	0	0	0	0	0	127	0	0	0	0	
792723	0	0	0	0	0	0	0	103	0	0	0	0	
793471	0	0	0	0	0	0	0	95	0	0	0	0	
794225	0	0	0	0	0	0	0	129	0	0	0	0	
794972	0	0	0	0	0	0	0	95	0	0	0	0	
795721	0	0	0	0	0	0	0	141	0	0	0	0	
796466	0	0	0	0	0	0	0	111	0	0	0	0	
797216	0	0	0	0	0	0	0	133	0	0	0	0	
797968	0	0	0	0	0	0	0	123	0	0	0	0	
798718	0	0	0	0	0	0	0	101	0	0	0	0	
799467	0	0	0	0	0	0	0	113	0	0	0	0	
800217	0	0	0	0	0	0	0	115	0	0	0	0	
800965	0	0	0	0	0	0	0	115	0	0	0	0	
801718	0	0	0	0	0	0	0	113	0	0	0	0	
802466	0	0	0	0	0	0	0	131	0	0	0	0	
803216	0	0	0	0	0	0	0	123	0	0	0	0	
803969	0	0	0	0	0	0	0	115	0	0	0	0	
804722	0	0	0	0	0	0	0	131	0	0	0	0	
805476	0	0	0	0	0	0	0	95	0	0	0	0	
806226	0	0	0	0	0	0	0	133	0	0	0	0	
806976	0	0	0	0	0	0	0	109	0	0	0	0	
807726	0	0	0	0	0	0	0	109	0	0	0	0	
808476	0	0	0	0	0	0	0	121	0	0	0	0	
809229	0	0	0	0	0	0	0	109	0	0	0	0	
809979	0	0	0	0	0	0	0	109	0	0	0	0	
810729	0	0	0	0	0	0	0	0	99	0	0	0	
811478	0	0	0	0	0	0	0	0	0	77	0	0	
812228	0	0	0	0	0	0	0	0	0	81	0	0	
812978	0	0	0	0	0	0	0	0	0	75	0	0	
813730	0	0	0	0	0	0	0	0	0	69	0	0	
814480	0	0	0	0	0	0	0	0	0	73	0	0	
815231	0	0	0	0	0	0	0	0	0	71	0	0	
815979	0	0	0	0	0	0	0	0	0	69	0	0	
816729	0	0	0	0	0	0	0	0	0	77	0	0	
817479	0	0	0	0	0	0	0	0	0	79	0	0	
818229	0	0	0	0	0	0	0	0	0	73	0	0	
818980	0	0	0	0	0	0	0	0	0	61	0	0	
819731	0	0	0	0	0	0	0	0	0	81	0	0	
820478	0	0	0	0	0	0	0	0	0	79	0	0	
821229	0	0	0	0	0	0	0	0	0	81	0	0	
821979	0	0	0	0	0	0	0	0	0	105	0	0	
822735	0	0	0	0	0	0	0	0	0	69	0	0	
823488	0	0	0	0	0	0	0	0	93	0	0	0	
824238	0	0	0	0	0	0	0	0	85	0	0	0	
824989	0	0	0	0	0	0	0	0	91	0	0	0	
825741	0	0	0	0	0	0	0	0	87	0	0	0	
826487	0	0	0	0	0	0	0	0	97	0	0	0	
827236	0	0	0	0	0	0	0	0	89	0	0	0	
827984	0	0	0	0	0	0	0	0	85	0	0	0	
828732	0	0	0	0	0	0	0	0	115	0	0	0	
829480	0	0	0	0	0	0	0	0	93	0	0	0	
830228	0	0	0	0	0	0	0	0	101	0	0	0	
830979	0	0	0	0	0	0	0	0	105	0	0	0	
831730	0	0	0	0	0	0	0	0	109	0	0	0	
832479	0	0	0	0	0	0	0	0	95	0	0	0	
833226	0	0	0	0	0	0	0	0	85	0	0	0	
833973	0	0	0	0	0	0	0	0	109	0	0	0	
834723	0	0	0	0	0	0	0	0	0	81	0	0	
835473	0	0	0	0	0	0	0	0	0	85	0	0	
836222	0	0	0	0	0	0	0	0	0	91	0	0	
836976	0	0	0	0	0	0	0	0	0	72	5	0	
837726	0	0	0	0	0	0	0	0	0	0	61	0	
838475	0	0	0	0	0	0	0	0	0	0	65	0	
839224	0	0	0	0	0	0	0	0	0	0	0	41	
839975	0	0	0	0	0	0	0	0	0	0	0	45	
840724	0	0	0	0	0	0	0	0	0	0	0	59	
841474	0	0	0	0	0	0	0	0	0	0	0	57	
842225	0	0	0	0	0	0	0	0	0	0	0	61	
842973	0	0	0	0	0	0	0	0	0	0	0	45	
843724	0	0	0	0	0	0	0	0	0	0	0	49	
844477	0	0	0	0	0	0	0	0	0	0	0	47	
845226	0	0	0	0	0	0	0	0	0	0	0	45	
845978	0	0	0	0	0	0	0	0	0	0	0	49	
846727	0	0	0	0	0	0	0	0	0	0	0	65	
847477	0	0	0	0	0	0	0	0	0	0	55	0	
848227	0	0	0	0	0	0	0	0	0	0	83	0	
848974	0	0	0	0	0	0	0	0	0	0	69	0	
849725	0	0	0	0	0	0	0	0	0	0	67	0	
850477	0	0	0	0	0	0	0	0	0	0	59	0	
851225	0	0	0	0	0	0	0	0	0	0	0	47	
851974	0	0	0	0	0	0	0	0	0	0	0	47	
852726	0	0	0	0	0	0	0	0	0	0	0	51	
853476	0	0	0	0	0	0	0	0	0	0	0	43	
854225	0	0	0	0	0	0	0	0	0	0	0	47	
854976	0	0	0	0	0	0	0	0	0	0	0	57	
855727	0	0	0	0	0	0	0	0	0	0	0	49	
856478	0	0	0	0	0	0	0	0	0	0	0	55	
857230	0	0	0	0	0	0	0	0	0	0	0	47	
857979	0	0	0	0	0	0	0	0	0	0	0	45	
858727	0	0	0	0	0	0	0	0	0	0	0	45	
859477	0	0	0	0	0	0	0	0	0	0	0	55	
860228	0	0	0	0	0	0	0	0	0	0	0	61	
860975	0	0	0	0	0	0	0	0	0	0	0	35	
861726	0	0	0	0	0	0	0	0	0	0	0	53	
862477	0	0	0	0	0	0	0	0	0	0	0	49	
863225	0	0	0	0	0	0	0	0	0	0	0	45	
863976	0	0	0	0	0	0	0	0	0	0	0	51	
864728	0	0	0	0	0	0	0	0	0	0	0	45	
865480	0	0	0	0	0	0	0	0	0	0	0	49	
866230	0	0	0	0	0	0	0	0	0	0	0	53	
866980	0	0	0	0	0	0	0	0	0	0	0	49	
867730	0	0	0	0	0	0	0	0	0	0	0	51	
868480	0	0	0	0	0	0	0	0	0	0	13	38	
869231	0	0	0	0	0	0	0	0	0	0	0	61	
869981	0	0	0	0	0	0	0	0	0	0	0	41	
870733	0	0	0	0	0	0	0	0	0	0	0	43	
871483	0	0	0	0	0	0	0	0	0	0	0	47	
872232	0	0	0	0	0	0	0	0	0	0	0	53	
872983	0	0	0	0	0	0	0	0	0	0	0	39	
873731	0	0	0	0	0	0	0	0	0	0	0	45	
874480	0	0	0	0	0	0	0	0	0	0	0	53	
875227	0	0	0	0	0	0	0	0	0	0	0	45	
875974	0	0	0	0	0	0	0	0	0	0	0	57	
876728	0	0	0	0	0	0	0	0	0	0	59	0	
877477	0	0	0	0	0	0	0	0	0	0	67	0	
878228	0	0	0	0	0	0	0	0	0	0	45	0	
878979	0	0	0	0	0	0	0	0	0	0	59	0	
879723	0	0	0	0	0	0	0	0	0	0	61	0	
880474	0	0	0	0	0	0	0	0	0	0	65	0	
881228	0	0	0	0	0	0	0	0	0	0	59	0	
881979	0	0	0	0	0	0	0	0	0	79	0	0	
882731	0	0	0	0	0	0	0	0	0	77	0	0	
883482	0	0	0	0	0	0	0	0	0	65	0	0	
884230	0	0	0	0	0	0	0	0	0	83	0	0	
884978	0	0	0	0	0	0	0	0	89	0	0	0	
885729	0	0	0	0	0	0	0	0	85	0	0	0	
886478	0	0	0	0	0	0	0	0	81	0	0	0	
887233	0	0	0	0	0	0	0	0	101	0	0	0	
887984	0	0	0	0	0	0	0	0	101	0	0	0	
888732	0	0	0	0	0	0	0	0	111	0	0	0	
889483	0	0	0	0	0	0	0	0	95	0	0	0	
890236	0	0	0	0	0	0	0	0	85	0	0	0	
890985	0	0	0	0	0	0	0	0	0	83	0	0	
891738	0	0	0	0	0	0	0	0	0	81	0	0	
892492	0	0	0	0	0	0	0	0	0	63	0	0	
893243	0	0	0	0	0	0	0	0	0	83	0	0	
893994	0	0	0	0	0	0	0	0	0	63	0	0	
894743	0	0	0	0	0	0	0	0	0	65	0	0	
895494	0	0	0	0	0	0	0	0	0	91	0	0	
896245	0	0	0	0	0	0	0	0	1	74	0	0	
896994	0	0	0	0	0	0	0	0	0	67	10	0	
897744	0	0	0	0	0	0	0	0	0	87	0	0	
898495	0	0	0	0	0	0	0	0	0	81	0	0	
899247	0	0	0	0	0	0	0	0	0	101	0	0	
899995	0	0	0	0	0	0	0	0	91	0	0	0	
900743	0	0	0	0	0	0	0	0	95	0	0	0	
901492	0	0	0	0	0	0	0	0	107	0	0	0	
902243	0	0	0	0	0	0	0	0	119	0	0	0	
902992	0	0	0	0	0	0	0	28	73	0	0	0	
903742	0	0	0	0	0	0	0	0	101	0	0	0	
904493	0	0	0	0	0	0	0	113	0	0	0	0	
905242	0	0	0	0	0	0	0	125	0	0	0	0	
905993	0	0	0	0	0	0	0	107	0	0	0	0	
906745	0	0	0	0	0	0	0	121	0	0	0	0	
907496	0	0	0	0	0	0	0	109	0	0	0	0	
908244	0	0	0	0	0	0	0	121	0	0	0	0	
908995	0	0	0	0	0	0	0	129	0	0	0	0	
909741	0	0	0	0	0	0	0	127	0	0	0	0	
910490	0	0	0	0	0	0	0	111	0	0	0	0	
911240	0	0	0	0	0	0	0	113	0	0	0	0	
911988	0	0	0	0	0	0	0	119	0	0	0	0	
912739	0	0	0	0	0	0	0	119	0	0	0	0	
913491	0	0	0	0	0	0	0	0	71	0	0	0	
914240	0	0	0	0	0	0	0	0	77	0	0	0	
914991	0	0	0	0	0	0	0	0	93	0	0	0	
915742	0	0	0	0	0	0	0	0	103	0	0	0	
916493	0	0	0	0	0	0	0	0	77	0	0	0	
917244	0	0	0	0	0	0	0	0	85	0	0	0	
917992	0	0	0	0	0	0	0	0	77	0	0	0	
918740	0	0	0	0	0	0	0	0	109	0	0	0	
919488	0	0	0	0	0	0	0	0	97	0	0	0	
920240	0	0	0	0	0	0	0	0	91	0	0	0	
920991	0	0	0	0	0	0	0	0	101	0	0	0	
921741	0	0	0	0	0	0	0	0	99	0	0	0	
922491	0	0	0	0	0	0	0	0	107	0	0	0	
923240	0	0	0	0	0	0	0	0	79	0	0	0	
923991	0	0	0	0	0	0	0	0	97	0	0	0	
924743	0	0	0	0	0	0	0	0	87	0	0	0	
925494	0	0	0	0	0	0	0	0	99	0	0	0	
926244	0	0	0	0	0	0	0	0	97	0	0	0	
926993	0	0	0	0	0	0	0	0	85	0	0	0	
927744	0	0	0	0	0	0	0	0	93	0	0	0	
928494	0	0	0	0	0	0	0	0	103	0	0	0	
929246	0	0	0	0	0	0	0	0	101	0	0	0	
929998	0	0	0	0	0	0	0	0	89	0	0	0	
930749	0	0	0	0	0	0	0	0	91	0	0	0	
931499	0	0	0	0	0	0	0	0	85	0	0	0	
932251	0	0	0	0	0	0	0	0	111	0	0	0	
933001	0	0	0	0	0	0	0	0	93	0	0	0	
933752	0	0	0	0	0	0	0	0	103	0	0	0	
934502	0	0	0	0	0	0	0	0	91	0	0	0	
935256	0	0	0	0	0	0	0	0	89	0	0	0	
936009	0	0	0	0	0	0	0	0	83	0	0	0	
936761	0	0	0	0	0	0	0	0	91	0	0	0	
937511	0	0	0	0	0	0	0	0	95	0	0	0	
938260	0	0	0	0	0	0	0	0	89	0	0	0	
939011	0	0	0	0	0	0	0	0	81	0	0	0	
939761	0	0	0	0	0	0	0	0	97	0	0	0	
940510	0	0	0	0	0	0	0	0	75	0	0	0	
941263	0	0	0	0	0	0	0	0	105	0	0	0	
942012	0	0	0	0	0	0	0	0	95	0	0	0	
942765	0	0	0	0	0	0	0	0	107	0	0	0	
943518	0	0	0	0	0	0	0	0	79	0	0	0	
944267	0	0	0	0	0	0	0	0	101	0	0	0	
945018	0	0	0	0	0	0	0	0	115	0	0	0	
945773	0	0	0	0	0	0	0	0	97	0	0	0	
946524	0	0	0	0	0	0	0	0	97	0	0	0	
947272	0	0	0	0	0	0	0	0	87	0	0	0	
948020	0	0	0	0	0	0	0	0	93	0	0	0	
948770	0	0	0	0	0	0	0	0	95	0	0	0	
949520	0	0	0	0	0	0	0	0	87	0	0	0	
950271	0	0	0	0	0	0	0	0	87	0	0	0	
951020	0	0	0	0	0	0	0	0	91	0	0	0	
951768	0	0	0	0	0	0	0	0	83	0	0	0	
952520	0	0	0	0	0	0	0	101	0	0	0	0	
953269	0	0	0	0	0	0	0	107	0	0	0	0	
954019	0	0	0	0	0	0	0	135	0	0	0	0	
954770	0	0	0	0	0	0	0	97	0	0	0	0	
955521	0	0	0	0	0	0	0	139	0	0	0	0	
956269	0	0	0	0	0	0	0	99	0	0	0	0	
957018	0	0	0	0	0	0	0	99	0	0	0	0	
957765	0	0	0	0	0	0	0	109	0	0	0	0	
958517	0	0	0	0	0	0	0	123	0	0	0	0	
959266	0	0	0	0	0	0	0	119	0	0	0	0	
960014	0	0	0	0	0	0	0	119	0	0	0	0	
960769	0	0	0	0	0	0	0	111	0	0	0	0	
961517	0	0	0	0	0	0	0	99	0	0	0	0	
962267	0	0	0	0	0	0	0	111	0	0	0	0	
963016	0	0	0	0	0	0	0	109	0	0	0	0	
963761	0	0	0	0	0	0	0	107	0	0	0	0	
964512	0	0	0	0	0	0	0	109	0	0	0	0	
965261	0	0	0	0	0	0	0	123	0	0	0	0	
966010	0	0	0	0	0	0	0	95	0	0	0	0	
966761	0	0	0	0	0	0	0	119	0	0	0	0	
967513	0	0	0	0	0	0	0	115	0	0	0	0	
968264	0	0	0	0	0	0	0	103	0	0	0	0	
969015	0	0	0	0	0	0	0	121	0	0	0	0	
969764	0	0	0	0	0	0	0	119	0	0	0	0	
970514	0	0	0	0	0	0	0	107	0	0	0	0	
971265	0	0	0	0	0	0	0	113	0	0	0	0	
972017	0	0	0	0	0	0	0	117	0	0	0	0	
972766	0	0	0	0	0	0	0	123	0	0	0	0	
973516	0	0	0	0	0	0	0	102	1	0	0	0	
974261	0	0	0	0	0	0	0	117	0	0	0	0	
975012	0	0	0	0	0	0	0	109	0	0	0	0	
975767	0	0	0	0	0	0	0	137	0	0	0	0	
976515	0	0	0	0	0	0	0	135	0	0	0	0	
977262	0	0	0	0	0	0	0	103	0	0	0	0	
978011	0	0	0	0	0	0	0	117	0	0	0	0	
978761	0	0	0	0	0	0	0	103	0	0	0	0	
979512	0	0	0	0	0	0	0	119	0	0	0	0	
980259	0	0	0	0	0	0	0	115	0	0	0	0	
981011	0	0	0	0	0	0	141	0	0	0	0	0	
981761	0	0	0	0	0	0	135	0	0	0	0	0	
982512	0	0	0	0	0	0	153	0	0	0	0	0	
983264	0	0	0	0	0	0	151	0	0	0	0	0	
984015	0	0	0	0	0	0	153	0	0	0	0	0	
984764	0	0	0	0	0	0	131	0	0	0	0	0	
985514	0	0	0	0	0	0	165	0	0	0	0	0	
986269	0	0	0	0	0	0	137	0	0	0	0	0	
987022	0	0	0	0	0	0	133	0	0	0	0	0	
987771	0	0	0	0	0	0	147	0	0	0	0	0	
988523	0	0	0	0	0	195	0	0	0	0	0	0	
989270	0	0	0	0	0	191	0	0	0	0	0	0	
990023	0	0	0	0	235	0	0	0	0	0	0	0	
990772	0	0	0	0	201	0	0	0	0	0	0	0	
991520	0	0	0	0	215	0	0	0	0	0	0	0	
992268	0	0	0	0	175	0	0	0	0	0	0	0	
993019	0	0	0	0	231	0	0	0	0	0	0	0	
993767	0	0	0	0	233	0	0	0	0	0	0	0	
994515	0	0	0	0	219	0	0	0	0	0	0	0	
995263	0	0	0	0	253	0	0	0	0	0	0	0	
996013	0	0	0	0	139	60	0	0	0	0	0	0	
996764	0	0	0	0	197	0	0	0	0	0	0	0	
997511	0	0	0	0	205	0	0	0	0	0	0	0	
998261	0	0	0	0	231	0	0	0	0	0	0	0	
999008	0	0	0	0	203	0	0	0	0	0	0	0	
999761	0	0	0	0	227	0	0	0	0	0	0	0	
1.00051e+06	0	0	0	0	227	0	0	0	0	0	0	0	
1.00126e+06	0	0	0	0	231	0	0	0	0	0	0	0	
1.00201e+06	0	0	0	0	223	0	0	0	0	0	0	0	
1.00276e+06	0	0	0	0	197	0	0	0	0	0	0	0	
1.00351e+06	0	0	0	0	215	0	0	0	0	0	0	0	
1.00426e+06	0	0	0	0	199	0	0	0	0	0	0	0	
1.00501e+06	0	0	0	0	207	0	0	0	0	0	0	0	
1.00576e+06	0	0	0	0	219	0	0	0	0	0	0	0	
1.00651e+06	0	0	0	0	233	0	0	0	0	0	0	0	
1.00727e+06	0	0	0	0	235	0	0	0	0	0	0	0	
1.00801e+06	0	0	0	0	205	0	0	0	0	0	0	0	
1.00877e+06	0	0	0	0	199	0	0	0	0	0	0	0	
1.00952e+06	0	0	0	0	213	0	0	0	0	0	0	0	
1.01027e+06	0	0	0	0	197	0	0	0	0	0	0	0	
1.01101e+06	0	0	0	0	217	0	0	0	0	0	0	0	
1.01177e+06	0	0	0	0	227	0	0	0	0	0	0	0	
1.01252e+06	0	0	0	0	213	0	0	0	0	0	0	0	
1.01327e+06	0	0	0	0	237	0	0	0	0	0	0	0	
1.01402e+06	0	0	0	0	199	0	0	0	0	0	0	0	
1.01477e+06	0	0	0	0	211	0	0	0	0	0	0	0	
1.01552e+06	0	0	0	0	227	0	0	0	0	0	0	0	
1.01627e+06	0	0	0	0	193	0	0	0	0	0	0	0	
1.01702e+06	0	0	0	0	231	0	0	0	0	0	0	0	
1.01778e+06	0	0	0	0	207	0	0	0	0	0	0	0	
1.01853e+06	0	0	0	0	233	0	0	0	0	0	0	0	
1.01928e+06	0	0	0	0	211	0	0	0	0	0	0	0	
1.02004e+06	0	0	0	0	237	0	0	0	0	0	0	0	
1.02079e+06	0	0	0	0	145	56	0	0	0	0	0	0	
1.02154e+06	0	0	0	0	237	0	0	0	0	0	0	0	
1.0223e+06	0	0	0	0	223	0	0	0	0	0	0	0	
1.02305e+06	0	0	0	0	215	0	0	0	0	0	0	0	
1.0238e+06	0	0	0	263	0	0	0	0	0	0	0	0	
1.02454e+06	0	0	1	266	0	0	0	0	0	0	0	0	
1.0253e+06	0	0	0	287	0	0	0	0	0	0	0	0	
1.02605e+06	0	0	0	234	1	0	0	0	0	0	0	0	
1.0268e+06	0	0	0	263	0	0	0	0	0	0	0	0	
1.02755e+06	0	0	0	99	152	0	0	0	0	0	0	0	
1.0283e+06	0	0	0	16	203	0	0	0	0	0	0	0	
1.02904e+06	0	0	0	0	237	0	0	0	0	0	0	0	
1.02979e+06	0	0	0	0	223	0	0	0	0	0	0	0	
1.03054e+06	0	0	0	0	199	0	0	0	0	0	0	0	
1.03129e+06	0	0	0	0	203	0	0	0	0	0	0	0	
1.03204e+06	0	0	0	0	221	0	0	0	0	0	0	0	
1.03279e+06	0	0	0	0	215	0	0	0	0	0	0	0	
1.03354e+06	0	0	0	0	227	0	0	0	0	0	0	0	
1.03429e+06	0	0	0	0	215	0	0	0	0	0	0	0	
1.03504e+06	0	0	0	0	209	0	0	0	0	0	0	0	
1.03579e+06	0	0	0	0	215	0	0	0	0	0	0	0	
1.03654e+06	0	0	0	0	217	0	0	0	0	0	0	0	
1.03729e+06	0	0	0	0	211	0	0	0	0	0	0	0	
1.03804e+06	0	0	0	0	189	0	0	0	0	0	0	0	
1.03879e+06	0	0	0	0	193	0	0	0	0	0	0	0	
1.03954e+06	0	0	0	0	223	0	0	0	0	0	0	0	
1.04029e+06	0	0	0	0	231	0	0	0	0	0	0	0	
1.04104e+06	0	0	0	0	205	0	0	0	0	0	0	0	
1.04179e+06	0	0	0	0	239	0	0	0	0	0	0	0	
1.04254e+06	0	0	0	0	217	0	0	0	0	0	0	0	
1.04329e+06	0	0	0	0	219	0	0	0	0	0	0	0	
1.04404e+06	0	0	0	0	213	0	0	0	0	0	0	0	
1.04479e+06	0	0	0	0	231	0	0	0	0	0	0	0	
1.04554e+06	0	0	0	0	193	0	0	0	0	0	0	0	
1.04628e+06	0	0	0	0	217	0	0	0	0	0	0	0	
1.04703e+06	0	0	0	0	243	0	0	0	0	0	0	0	
1.04778e+06	0	0	0	0	199	0	0	0	0	0	0	0	
1.04853e+06	0	0	0	0	215	0	0	0	0	0	0	0	
1.04929e+06	0	0	0	0	221	0	0	0	0	0	0	0	
1.05004e+06	0	0	0	0	221	6	0	0	0	0	0	0	
1.05079e+06	0	0	0	130	129	0	0	0	0	0	0	0	
1.05153e+06	0	0	0	56	155	0	0	0	0	0	0	0	
1.05229e+06	0	0	0	0	207	0	0	0	0	0	0	0	
1.05304e+06	0	0	0	0	203	0	0	0	0	0	0	0	
1.05379e+06	0	0	0	0	199	0	0	0	0	0	0	0	
1.05453e+06	0	0	0	0	195	0	0	0	0	0	0	0	
1.05529e+06	0	0	0	0	233	0	0	0	0	0	0	0	
1.05604e+06	0	0	0	0	215	0	0	0	0	0	0	0	
1.05679e+06	0	0	0	0	203	0	0	0	0	0	0	0	
1.05754e+06	0	0	0	0	207	0	0	0	0	0	0	0	
1.05829e+06	0	0	0	0	219	0	0	0	0	0	0	0	
1.05904e+06	0	0	0	0	217	0	0	0	0	0	0	0	
1.05979e+06	0	0	0	0	207	0	0	0	0	0	0	0	
1.06054e+06	0	0	0	0	189	0	0	0	0	0	0	0	
1.06129e+06	0	0	0	0	227	0	0	0	0	0	0	0	
1.06204e+06	0	0	0	0	209	0	0	0	0	0	0	0	
1.06279e+06	0	0	0	0	229	0	0	0	0	0	0	0	
1.06354e+06	0	0	0	0	237	0	0	0	0	0	0	0	
1.06429e+06	0	0	0	0	207	0	0	0	0	0	0	0	
1.06505e+06	0	0	0	0	197	0	0	0	0	0	0	0	
1.0658e+06	0	0	0	0	219	0	0	0	0	0	0	0	
1.06655e+06	0	0	0	31	176	0	0	0	0	0	0	0	
1.0673e+06	0	0	0	0	189	0	0	0	0	0	0	0	
1.06805e+06	0	0	0	0	247	0	0	0	0	0	0	0	
1.0688e+06	0	0	0	0	193	0	0	0	0	0	0	0	
1.06955e+06	0	0	0	0	219	0	0	0	0	0	0	0	
1.0703e+06	0	0	0	0	219	0	0	0	0	0	0	0	
1.07105e+06	0	0	0	0	215	0	0	0	0	0	0	0	
1.0718e+06	0	0	0	0	227	0	0	0	0	0	0	0	
1.07255e+06	0	0	0	0	191	0	0	0	0	0	0	0	
1.0733e+06	0	0	0	0	213	0	0	0	0	0	0	0	
1.07405e+06	0	0	0	0	193	0	0	0	0	0	0	0	
1.0748e+06	0	0	0	0	203	0	0	0	0	0	0	0	
1.07555e+06	0	0	0	0	237	0	0	0	0	0	0	0	
1.0763e+06	0	0	0	0	223	0	0	0	0	0	0	0	
1.07705e+06	0	0	0	0	209	0	0	0	0	0	0	0	
1.0778e+06	0	0	0	0	233	0	0	0	0	0	0	0	
1.07855e+06	0	0	0	0	263	0	0	0	0	0	0	0	
1.07929e+06	0	0	0	0	217	0	0	0	0	0	0	0	
1.08004e+06	0	0	0	0	209	0	0	0	0	0	0	0	
1.08079e+06	0	0	0	0	203	0	0	0	0	0	0	0	
1.08154e+06	0	0	0	0	213	0	0	0	0	0	0	0	
1.08229e+06	0	0	0	0	225	0	0	0	0	0	0	0	
1.08304e+06	0	0	0	0	213	0	0	0	0	0	0	0	
1.08379e+06	0	0	0	0	203	0	0	0	0	0	0	0	
1.08454e+06	0	0	0	0	213	0	0	0	0	0	0	0	
1.08529e+06	0	0	0	0	217	0	0	0	0	0	0	0	
1.08604e+06	0	0	0	0	195	0	0	0	0	0	0	0	
1.08679e+06	0	0	0	0	215	0	0	0	0	0	0	0	
1.08754e+06	0	0	0	0	213	0	0	0	0	0	0	0	
1.08829e+06	0	0	0	0	209	0	0	0	0	0	0	0	
1.08904e+06	0	0	0	0	229	0	0	0	0	0	0	0	
1.08979e+06	0	0	0	0	211	0	0	0	0	0	0	0	
1.09054e+06	0	0	0	0	229	0	0	0	0	0	0	0	
1.09129e+06	0	0	0	0	229	0	0	0	0	0	0	0	
1.09204e+06	0	0	0	0	221	0	0	0	0	0	0	0	
1.09279e+06	0	0	0	0	231	0	0	0	0	0	0	0	
1.09353e+06	0	0	0	0	213	0	0	0	0	0	0	0	
1.09428e+06	0	0	0	0	247	0	0	0	0	0	0	0	
1.09503e+06	0	0	0	0	211	0	0	0	0	0	0	0	
1.09578e+06	0	0	0	0	207	0	0	0	0	0	0	0	
1.09653e+06	0	0	0	0	215	0	0	0	0	0	0	0	
1.09728e+06	0	0	0	0	195	0	0	0	0	0	0	0	
1.09803e+06	0	0	0	0	228	1	0	0	0	0	0	0	
1.09878e+06	0	0	0	0	213	0	0	0	0	0	0	0	
1.09953e+06	0	0	0	0	213	0	0	0	0	0	0	0	
1.10027e+06	0	0	0	0	203	0	0	0	0	0	0	0	
1.10102e+06	0	0	0	0	231	0	0	0	0	0	0	0	
1.10177e+06	0	0	0	0	207	0	0	0	0	0	0	0	
1.10253e+06	0	0	0	0	189	0	0	0	0	0	0	0	
1.10328e+06	0	0	0	0	223	0	0	0	0	0	0	0	
1.10403e+06	0	0	0	0	207	0	0	0	0	0	0	0	
1.10478e+06	0	0	0	0	201	0	0	0	0	0	0	0	
1.10553e+06	0	0	0	0	209	0	0	0	0	0	0	0	
1.10628e+06	0	0	0	0	235	0	0	0	0	0	0	0	
1.10703e+06	0	0	0	0	187	0	0	0	0	0	0	0	
1.10778e+06	0	0	0	0	213	0	0	0	0	0	0	0	
1.10853e+06	0	0	0	0	189	0	0	0	0	0	0	0	
1.10928e+06	0	0	0	0	213	0	0	0	0	0	0	0	
1.11003e+06	0	0	0	0	197	0	0	0	0	0	0	0	
1.11078e+06	0	0	0	0	221	0	0	0	0	0	0	0	
1.11153e+06	0	0	0	0	223	0	0	0	0	0	0	0	
1.11228e+06	0	0	0	0	215	0	0	0	0	0	0	0	
1.11303e+06	0	0	0	0	209	0	0	0	0	0	0	0	
1.11378e+06	0	0	0	0	221	0	0	0	0	0	0	0	
1.11453e+06	0	0	0	0	237	0	0	0	0	0	0	0	
1.11528e+06	0	0	0	0	225	0	0	0	0	0	0	0	
1.11602e+06	0	0	0	0	199	0	0	0	0	0	0	0	
1.11678e+06	0	0	0	0	227	0	0	0	0	0	0	0	
1.11752e+06	0	0	0	0	245	0	0	0	0	0	0	0	
1.11827e+06	0	0	0	0	215	0	0	0	0	0	0	0	
1.11903e+06	0	0	0	0	215	0	0	0	0	0	0	0	
1.11977e+06	0	0	0	0	201	0	0	0	0	0	0	0	
1.12052e+06	0	0	0	0	215	0	0	0	0	0	0	0	
1.12127e+06	0	0	0	0	195	0	0	0	0	0	0	0	
1.12202e+06	0	0	0	0	215	0	0	0	0	0	0	0	
1.12277e+06	0	0	0	0	201	0	0	0	0	0	0	0	
1.12352e+06	0	0	0	0	217	0	0	0	0	0	0	0	
1.12427e+06	0	0	0	0	213	0	0	0	0	0	0	0	
1.12502e+06	0	0	0	0	215	0	0	0	0	0	0	0	
1.12577e+06	0	0	0	0	201	0	0	0	0	0	0	0	
1.12652e+06	0	0	0	0	207	0	0	0	0	0	0	0	
1.12727e+06	0	0	0	0	247	0	0	0	0	0	0	0	
1.12802e+06	0	0	0	0	213	0	0	0	0	0	0	0	
1.12877e+06	0	0	0	0	219	0	0	0	0	0	0	0	
1.12953e+06	0	0	0	0	207	0	0	0	0	0	0	0	
1.13028e+06	0	0	0	0	219	0	0	0	0	0	0	0	
1.13103e+06	0	0	0	0	229	0	0	0	0	0	0	0	
1.13178e+06	0	0	0	0	235	0	0	0	0	0	0	0	
1.13253e+06	0	0	0	0	201	0	0	0	0	0	0	0	
1.13327e+06	0	0	0	0	215	0	0	0	0	0	0	0	
1.13402e+06	0	0	0	0	192	1	0	0	0	0	0	0	
1.13477e+06	0	0	0	0	203	0	0	0	0	0	0	0	
1.13552e+06	0	0	0	0	221	0	0	0	0	0	0	0	
1.13626e+06	0	0	0	0	205	0	0	0	0	0	0	0	
1.13701e+06	0	0	0	0	175	0	0	0	0	0	0	0	
1.13776e+06	0	0	0	0	225	0	0	0	0	0	0	0	
1.13851e+06	0	0	0	0	233	0	0	0	0	0	0	0	
1.13925e+06	0	0	0	0	239	0	0	0	0	0	0	0	
1.14e+06	0	0	0	0	183	0	0	0	0	0	0	0	
1.14075e+06	0	0	0	0	215	0	0	0	0	0	0	0	
1.1415e+06	0	0	0	0	229	0	0	0	0	0	0	0	
1.14226e+06	0	0	0	0	221	0	0	0	0	0	0	0	
1.14301e+06	0	0	0	0	239	0	0	0	0	0	0	0	
1.14376e+06	0	0	0	0	199	0	0	0	0	0	0	0	
1.1445e+06	0	0	0	0	213	0	0	0	0	0	0	0	
1.14525e+06	0	0	0	0	239	0	0	0	0	0	0	0	
1.146e+06	0	0	0	0	223	0	0	0	0	0	0	0	
1.14675e+06	0	0	0	0	215	0	0	0	0	0	0	0	
1.14751e+06	0	0	0	0	215	0	0	0	0	0	0	0	
1.14826e+06	0	0	0	0	217	0	0	0	0	0	0	0	
1.14901e+06	0	0	0	0	187	0	0	0	0	0	0	0	
1.14975e+06	0	0	0	0	201	0	0	0	0	0	0	0	
1.1505e+06	0	0	14	243	0	0	0	0	0	0	0	0	
1.15126e+06	0	0	0	261	0	0	0	0	0	0	0	0	
1.15201e+06	0	0	0	267	0	0	0	0	0	0	0	0	
1.15275e+06	0	0	0	247	0	0	0	0	0	0	0	0	
1.1535e+06	0	0	0	245	0	0	0	0	0	0	0	0	
1.15425e+06	0	0	0	271	0	0	0	0	0	0	0	0	
1.155e+06	0	0	0	283	0	0	0	0	0	0	0	0	
1.15575e+06	0	0	0	263	0	0	0	0	0	0	0	0	
1.1565e+06	0	0	0	267	0	0	0	0	0	0	0	0	
1.15725e+06	0	0	0	299	0	0	0	0	0	0	0	0	
1.158e+06	0	0	0	275	0	0	0	0	0	0	0	0	
1.15874e+06	0	0	0	281	0	0	0	0	0	0	0	0	
1.15949e+06	0	0	0	279	0	0	0	0	0	0	0	0	
1.16024e+06	0	0	0	285	0	0	0	0	0	0	0	0	
1.16099e+06	0	0	0	247	0	0	0	0	0	0	0	0	
1.16174e+06	0	0	0	275	0	0	0	0	0	0	0	0	
1.16249e+06	0	0	0	287	0	0	0	0	0	0	0	0	
1.16324e+06	0	0	0	301	0	0	0	0	0	0	0	0	
1.16399e+06	0	0	0	235	0	0	0	0	0	0	0	0	
1.16474e+06	0	0	0	261	0	0	0	0	0	0	0	0	
1.1655e+06	0	0	0	263	0	0	0	0	0	0	0	0	
1.16625e+06	0	0	0	237	0	0	0	0	0	0	0	0	
1.16699e+06	0	0	0	233	0	0	0	0	0	0	0	0	
1.16774e+06	0	0	0	265	0	0	0	0	0	0	0	0	
1.16849e+06	0	0	0	257	0	0	0	0	0	0	0	0	
1.16924e+06	0	0	0	251	0	0	0	0	0	0	0	0	
1.16999e+06	0	0	0	291	0	0	0	0	0	0	0	0	
1.17074e+06	0	0	0	285	0	0	0	0	0	0	0	0	
1.17149e+06	0	0	0	261	0	0	0	0	0	0	0	0	
1.17224e+06	0	0	0	267	0	0	0	0	0	0	0	0	
1.17299e+06	0	0	0	255	0	0	0	0	0	0	0	0	
1.17374e+06	0	0	0	281	0	0	0	0	0	0	0	0	
1.17448e+06	0	0	0	249	0	0	0	0	0	0	0	0	
1.17524e+06	0	0	0	241	0	0	0	0	0	0	0	0	
1.17598e+06	0	0	0	279	0	0	0	0	0	0	0	0	
1.17673e+06	0	0	0	279	0	0	0	0	0	0	0	0	
1.17748e+06	0	0	0	243	0	0	0	0	0	0	0	0	
1.17823e+06	0	0	0	275	0	0	0	0	0	0	0	0	
1.17898e+06	0	0	0	265	0	0	0	0	0	0	0	0	
1.17973e+06	0	0	0	251	0	0	0	0	0	0	0	0	
1.18048e+06	0	0	0	269	0	0	0	0	0	0	0	0	
1.18123e+06	0	0	0	235	0	0	0	0	0	0	0	0	
1.18198e+06	0	0	0	0	207	0	0	0	0	0	0	0	
1.18273e+06	0	0	0	0	223	0	0	0	0	0	0	0	
1.18348e+06	0	0	0	0	213	0	0	0	0	0	0	0	
1.18423e+06	0	0	0	0	195	0	0	0	0	0	0	0	
1.18498e+06	0	0	0	0	219	0	0	0	0	0	0	0	
1.18573e+06	0	0	0	0	203	0	0	0	0	0	0	0	
1.18648e+06	0	0	0	0	209	0	0	0	0	0	0	0	
1.18723e+06	0	0	0	0	193	0	0	0	0	0	0	0	
1.18798e+06	0	0	0	0	217	0	0	0	0	0	0	0	
1.18873e+06	0	0	0	0	209	0	0	0	0	0	0	0	
1.18948e+06	0	0	0	0	205	0	0	0	0	0	0	0	
1.19023e+06	0	0	0	0	201	0	0	0	0	0	0	0	
1.19098e+06	0	0	0	0	233	0	0	0	0	0	0	0	
1.19173e+06	0	0	0	0	223	0	0	0	0	0	0	0	
1.19248e+06	0	0	0	0	211	0	0	0	0	0	0	0	
1.19323e+06	0	0	0	0	239	0	0	0	0	0	0	0	
1.19398e+06	0	0	0	0	200	7	0	0	0	0	0	0	
1.19474e+06	0	0	0	0	231	0	0	0	0	0	0	0	
1.19548e+06	0	0	0	0	211	0	0	0	0	0	0	0	
1.19623e+06	0	0	0	0	197	0	0	0	0	0	0	0	
1.19698e+06	0	0	0	0	211	0	0	0	0	0	0	0	
1.19774e+06	0	0	0	0	223	0	0	0	0	0	0	0	
1.19848e+06	0	0	0	0	203	0	0	0	0	0	0	0	
1.19924e+06	0	0	0	0	213	0	0	0	0	0	0	0	
1.19998e+06	0	0	0	0	221	0	0	0	0	0	0	0	
1.20073e+06	0	0	0	0	207	0	0	0	0	0	0	0	
1.20148e+06	0	0	0	0	197	0	0	0	0	0	0	0	
1.20224e+06	0	0	0	0	213	0	0	0	0	0	0	0	
1.20299e+06	0	0	0	0	227	0	0	0	0	0	0	0	
1.20374e+06	0	0	0	0	175	0	0	0	0	0	0	0	
1.20449e+06	0	0	0	0	209	0	0	0	0	0	0	0	
1.20523e+06	0	0	0	0	205	0	0	0	0	0	0	0	
1.20599e+06	0	0	0	0	213	0	0	0	0	0	0	0	
1.20674e+06	0	0	0	0	197	0	0	0	0	0	0	0	
1.20749e+06	0	0	0	0	203	0	0	0	0	0	0	0	
1.20824e+06	0	0	0	0	217	0	0	0	0	0	0	0	
1.20898e+06	0	0	0	0	201	0	0	0	0	0	0	0	
1.20973e+06	0	0	0	0	215	0	0	0	0	0	0	0	
1.21048e+06	0	0	0	0	187	0	0	0	0	0	0	0	
1.21123e+06	0	0	0	0	223	0	0	0	0	0	0	0	
1.21198e+06	0	0	0	0	215	0	0	0	0	0	0	0	
1.21274e+06	0	0	0	0	209	0	0	0	0	0	0	0	
1.21349e+06	0	0	0	0	207	0	0	0	0	0	0	0	
1.21423e+06	0	0	0	0	235	0	0	0	0	0	0	0	
1.21498e+06	0	0	0	0	223	0	0	0	0	0	0	0	
1.21573e+06	0	0	0	0	209	0	0	0	0	0	0	0	
1.21647e+06	0	0	0	0	231	0	0	0	0	0	0	0	
1.21722e+06	0	0	0	0	243	0	0	0	0	0	0	0	
1.21797e+06	0	0	0	0	211	0	0	0	0	0	0	0	
1.21872e+06	0	0	0	0	219	0	0	0	0	0	0	0	
1.21947e+06	0	0	0	0	213	0	0	0	0	0	0	0	
1.22023e+06	0	0	0	0	211	0	0	0	0	0	0	0	
1.22097e+06	0	0	0	0	223	0	0	0	0	0	0	0	
1.22172e+06	0	0	0	0	235	0	0	0	0	0	0	0	
1.22248e+06	0	0	0	0	223	0	0	0	0	0	0	0	
1.22323e+06	0	0	0	0	197	0	0	0	0	0	0	0	
1.22398e+06	0	0	0	0	181	0	0	0	0	0	0	0	
1.22473e+06	0	0	0	0	213	0	0	0	0	0	0	0	
1.22548e+06	0	0	0	0	207	0	0	0	0	0	0	0	
1.22623e+06	0	0	0	0	225	0	0	0	0	0	0	0	
1.22698e+06	0	0	0	0	219	0	0	0	0	0	0	0	
1.22773e+06	0	0	0	0	199	0	0	0	0	0	0	0	
1.22848e+06	0	0	0	0	215	0	0	0	0	0	0	0	
1.22923e+06	0	0	0	0	201	0	0	0	0	0	0	0	
1.22998e+06	0	0	0	0	197	0	0	0	0	0	0	0	
1.23072e+06	0	0	0	0	233	0	0	0	0	0	0	0	
1.23148e+06	0	0	0	0	191	0	0	0	0	0	0	0	
1.23223e+06	0	0	0	0	213	0	0	0	0	0	0	0	
1.23298e+06	0	0	0	0	209	0	0	0	0	0	0	0	
1.23374e+06	0	0	0	0	221	0	0	0	0	0	0	0	
1.23449e+06	0	0	0	0	195	0	0	0	0	0	0	0	
1.23524e+06	0	0	0	0	201	0	0	0	0	0	0	0	
1.23599e+06	0	0	0	0	221	0	0	0	0	0	0	0	
1.23674e+06	0	0	0	0	205	0	0	0	0	0	0	0	
1.23749e+06	0	0	0	0	231	0	0	0	0	0	0	0	
1.23824e+06	0	0	0	0	175	0	0	0	0	0	0	0	
1.23899e+06	0	0	0	0	213	0	0	0	0	0	0	0	
1.23974e+06	0	0	0	0	201	0	0	0	0	0	0	0	
1.24049e+06	0	0	0	0	213	0	0	0	0	0	0	0	
1.24124e+06	0	0	0	0	235	0	0	0	0	0	0	0	
1.24199e+06	0	0	0	9	218	0	0	0	0	0	0	0	
1.24274e+06	0	0	0	0	197	0	0	0	0	0	0	0	
1.2435e+06	0	0	0	0	213	0	0	0	0	0	0	0	
1.24425e+06	0	0	0	0	225	0	0	0	0	0	0	0	
1.245e+06	0	0	0	0	187	0	0	0	0	0	0	0	
1.24574e+06	0	0	0	0	223	0	0	0	0	0	0	0	
1.2465e+06	0	0	0	0	213	0	0	0	0	0	0	0	
1.24725e+06	0	0	0	0	213	0	0	0	0	0	0	0	
1.248e+06	0	0	0	0	193	0	0	0	0	0	0	0	
1.24874e+06	0	0	0	0	221	0	0	0	0	0	0	0	
1.2495e+06	0	0	0	0	217	0	0	0	0	0	0	0	
1.25025e+06	0	0	0	0	179	0	0	0	0	0	0	0	
1.25099e+06	0	0	0	0	203	0	0	0	0	0	0	0	
1.25174e+06	0	0	0	0	221	0	0	0	0	0	0	0	
1.25249e+06	0	0	0	0	193	0	0	0	0	0	0	0	
1.25324e+06	0	0	0	0	215	0	0	0	0	0	0	0	
1.25399e+06	0	0	0	0	209	0	0	0	0	0	0	0	
1.25474e+06	0	0	0	0	199	0	0	0	0	0	0	0	
1.25549e+06	0	0	0	0	223	0	0	0	0	0	0	0	
1.25624e+06	0	0	0	0	217	0	0	0	0	0	0	0	
1.25699e+06	0	0	0	0	239	0	0	0	0	0	0	0	
1.25774e+06	0	0	0	0	203	0	0	0	0	0	0	0	
1.25849e+06	0	0	0	0	217	0	0	0	0	0	0	0	
1.25924e+06	0	0	0	0	205	0	0	0	0	0	0	0	
1.25999e+06	0	0	0	0	221	0	0	0	0	0	0	0	
1.26075e+06	0	0	0	1	214	0	0	0	0	0	0	0	
1.26149e+06	0	0	0	0	207	0	0	0	0	0	0	0	
1.26224e+06	0	0	0	0	225	0	0	0	0	0	0	0	
1.26299e+06	0	0	0	0	193	0	0	0	0	0	0	0	
1.26374e+06	0	0	0	0	221	0	0	0	0	0	0	0	
1.26449e+06	0	0	0	0	231	0	0	0	0	0	0	0	
1.26524e+06	0	0	0	0	191	0	0	0	0	0	0	0	
1.26599e+06	0	0	0	0	221	0	0	0	0	0	0	0	
1.26674e+06	0	0	0	0	187	0	0	0	0	0	0	0	
1.26749e+06	0	0	0	0	213	0	0	0	0	0	0	0	
1.26824e+06	0	0	0	0	229	0	0	0	0	0	0	0	
1.26899e+06	0	0	0	0	233	0	0	0	0	0	0	0	
1.26974e+06	0	0	0	0	219	0	0	0	0	0	0	0	
1.27049e+06	0	0	0	0	197	0	0	0	0	0	0	0	
1.27124e+06	0	0	0	0	233	0	0	0	0	0	0	0	
1.27199e+06	0	0	0	2	233	0	0	0	0	0	0	0	
1.27274e+06	0	0	0	0	251	0	0	0	0	0	0	0	
1.27349e+06	0	0	0	0	189	0	0	0	0	0	0	0	
1.27424e+06	0	0	0	0	225	0	0	0	0	0	0	0	
1.27499e+06	0	0	0	0	191	0	0	0	0	0	0	0	
1.27575e+06	0	0	0	0	203	0	0	0	0	0	0	0	
1.27649e+06	0	0	0	0	205	0	0	0	0	0	0	0	
1.27725e+06	0	0	0	0	207	0	0	0	0	0	0	0	
1.278e+06	0	0	0	0	207	0	0	0	0	0	0	0	
1.27875e+06	0	0	0	0	215	0	0	0	0	0	0	0	
1.2795e+06	0	0	0	13	200	0	0	0	0	0	0	0	
1.28025e+06	0	0	0	0	207	0	0	0	0	0	0	0	
1.281e+06	0	0	0	0	219	0	0	0	0	0	0	0	
1.28175e+06	0	0	0	0	217	0	0	0	0	0	0	0	
1.2825e+06	0	0	0	117	132	0	0	0	0	0	0	0	
1.28324e+06	0	0	0	0	209	0	0	0	0	0	0	0	
1.28399e+06	0	0	0	0	207	0	0	0	0	0	0	0	
1.28474e+06	0	0	0	0	235	0	0	0	0	0	0	0	
1.28549e+06	0	0	0	0	199	0	0	0	0	0	0	0	
1.28624e+06	0	0	0	0	0	177	0	0	0	0	0	0	
1.28699e+06	0	0	0	0	0	171	0	0	0	0	0	0	
1.28774e+06	0	0	0	0	0	171	0	0	0	0	0	0	
1.28849e+06	0	0	0	0	0	169	0	0	0	0	0	0	
1.28924e+06	0	0	0	0	0	173	0	0	0	0	0	0	
1.28999e+06	0	0	0	0	0	195	0	0	0	0	0	0	
1.29074e+06	0	0	0	0	0	163	0	0	0	0	0	0	
1.29149e+06	0	0	0	0	0	177	0	0	0	0	0	0	
1.29224e+06	0	0	0	0	0	181	0	0	0	0	0	0	
1.29299e+06	0	0	0	0	0	167	0	0	0	0	0	0	
1.29374e+06	0	0	0	0	0	175	0	0	0	0	0	0	
1.29449e+06	0	0	0	0	0	191	0	0	0	0	0	0	
1.29524e+06	0	0	0	0	0	181	0	0	0	0	0	0	
1.29599e+06	0	0	0	0	0	187	0	0	0	0	0	0	
1.29674e+06	0	0	0	0	0	169	0	0	0	0	0	0	
1.29749e+06	0	0	0	0	0	185	0	0	0	0	0	0	
1.29824e+06	0	0	0	0	0	191	0	0	0	0	0	0	
1.29899e+06	0	0	0	0	0	185	0	0	0	0	0	0	
1.29975e+06	0	0	0	0	0	155	0	0	0	0	0	0	
1.3005e+06	0	0	0	0	0	175	0	0	0	0	0	0	
1.30125e+06	0	0	0	0	0	161	0	0	0	0	0	0	
1.30199e+06	0	0	0	0	0	171	0	0	0	0	0	0	
1.30275e+06	0	0	0	0	0	173	0	0	0	0	0	0	
1.3035e+06	0	0	0	0	0	177	0	0	0	0	0	0	
1.30425e+06	0	0	0	0	136	47	0	0	0	0	0	0	
1.305e+06	0	0	0	0	257	0	0	0	0	0	0	0	
1.30575e+06	0	0	0	0	213	0	0	0	0	0	0	0	
1.3065e+06	0	0	0	0	217	0	0	0	0	0	0	0	
1.30725e+06	0	0	0	0	213	0	0	0	0	0	0	0	
1.308e+06	0	0	0	0	217	0	0	0	0	0	0	0	
1.30876e+06	0	0	0	0	209	0	0	0	0	0	0	0	
1.30951e+06	0	0	0	0	233	0	0	0	0	0	0	0	
1.31026e+06	0	0	0	0	219	0	0	0	0	0	0	0	
1.31101e+06	0	0	0	0	199	0	0	0	0	0	0	0	
1.31176e+06	0	0	2	251	0	0	0	0	0	0	0	0	
1.31251e+06	0	0	0	269	0	0	0	0	0	0	0	0	
1.31326e+06	0	0	0	277	0	0	0	0	0	0	0	0	
1.31401e+06	0	0	0	267	0	0	0	0	0	0	0	0	
1.31476e+06	0	0	0	247	0	0	0	0	0	0	0	0	
1.31551e+06	0	0	0	245	0	0	0	0	0	0	0	0	
1.31626e+06	0	0	0	251	0	0	0	0	0	0	0	0	
1.31701e+06	0	0	1	250	0	0	0	0	0	0	0	0	
1.31776e+06	0	0	0	281	0	0	0	0	0	0	0	0	
1.31851e+06	0	0	0	267	0	0	0	0	0	0	0	0	
1.31926e+06	0	0	0	243	0	0	0	0	0	0	0	0	
1.32001e+06	0	0	0	253	0	0	0	0	0	0	0	0	
1.32076e+06	0	0	0	307	0	0	0	0	0	0	0	0	
1.32151e+06	0	0	0	247	0	0	0	0	0	0	0	0	
1.32226e+06	0	0	0	255	0	0	0	0	0	0	0	0	
1.32301e+06	0	0	0	237	4	0	0	0	0	0	0	0	
1.32376e+06	0	0	0	281	0	0	0	0	0	0	0	0	
1.32451e+06	0	0	0	269	0	0	0	0	0	0	0	0	
1.32526e+06	0	0	0	255	0	0	0	0	0	0	0	0	
1.32601e+06	0	0	0	275	0	0	0	0	0	0	0	0	
1.32676e+06	0	0	0	283	0	0	0	0	0	0	0	0	
1.32751e+06	0	0	0	285	0	0	0	0	0	0	0	0	
1.32826e+06	0	0	0	269	0	0	0	0	0	0	0	0	
1.32901e+06	0	0	0	247	0	0	0	0	0	0	0	0	
1.32976e+06	0	0	0	271	0	0	0	0	0	0	0	0	
1.33052e+06	0	0	0	259	0	0	0	0	0	0	0	0	
1.33127e+06	0	0	0	267	0	0	0	0	0	0	0	0	
1.33202e+06	0	0	0	258	5	0	0	0	0	0	0	0	
1.33277e+06	0	0	0	229	0	0	0	0	0	0	0	0	
1.33352e+06	0	0	0	291	0	0	0	0	0	0	0	0	
1.33426e+06	0	0	14	253	0	0	0	0	0	0	0	0	
1.33502e+06	0	0	0	277	0	0	0	0	0	0	0	0	
1.33577e+06	0	0	0	269	0	0	0	0	0	0	0	0	
1.33652e+06	0	0	22	249	0	0	0	0	0	0	0	0	
1.33727e+06	0	0	0	237	0	0	0	0	0	0	0	0	
1.33801e+06	0	0	0	275	0	0	0	0	0	0	0	0	
1.33876e+06	0	0	0	249	0	0	0	0	0	0	0	0	
1.33951e+06	0	0	0	271	0	0	0	0	0	0	0	0	
1.34026e+06	0	0	0	245	0	0	0	0	0	0	0	0	
1.34102e+06	0	0	0	251	0	0	0	0	0	0	0	0	
1.34177e+06	0	0	0	243	0	0	0	0	0	0	0	0	
1.34252e+06	0	0	0	279	0	0	0	0	0	0	0	0	
1.34327e+06	0	0	0	255	0	0	0	0	0	0	0	0	
1.34402e+06	0	0	0	247	0	0	0	0	0	0	0	0	
1.34477e+06	0	0	0	255	0	0	0	0	0	0	0	0	
1.34551e+06	0	0	0	249	0	0	0	0	0	0	0	0	
1.34626e+06	0	0	0	285	0	0	0	0	0	0	0	0	
1.34701e+06	0	0	0	239	0	0	0	0	0	0	0	0	
1.34776e+06	0	0	0	271	0	0	0	0	0	0	0	0	
1.34851e+06	0	0	0	245	0	0	0	0	0	0	0	0	
1.34926e+06	0	0	0	321	0	0	0	0	0	0	0	0	
1.35001e+06	0	0	0	267	0	0	0	0	0	0	0	0	
1.35076e+06	0	0	0	275	0	0	0	0	0	0	0	0	
1.35151e+06	0	0	0	253	0	0	0	0	0	0	0	0	
1.35226e+06	0	0	0	255	0	0	0	0	0	0	0	0	
1.35301e+06	0	0	0	287	0	0	0	0	0	0	0	0	
1.35375e+06	0	0	0	257	0	0	0	0	0	0	0	0	
1.35451e+06	0	0	0	291	0	0	0	0	0	0	0	0	
1.35525e+06	0	0	0	277	0	0	0	0	0	0	0	0	
1.356e+06	0	0	0	253	0	0	0	0	0	0	0	0	
1.35676e+06	0	0	0	283	0	0	0	0	0	0	0	0	
1.35751e+06	0	0	0	267	0	0	0	0	0	0	0	0	
1.35825e+06	0	0	0	247	0	0	0	0	0	0	0	0	
1.359e+06	0	0	0	281	0	0	0	0	0	0	0	0	
1.35975e+06	0	0	0	243	0	0	0	0	0	0	0	0	
1.3605e+06	0	0	1	230	0	0	0	0	0	0	0	0	
1.36126e+06	0	0	0	263	0	0	0	0	0	0	0	0	
1.36201e+06	0	0	0	243	0	0	0	0	0	0	0	0	
1.36276e+06	0	0	0	243	0	0	0	0	0	0	0	0	
1.36351e+06	0	0	0	265	0	0	0	0	0	0	0	0	
1.36426e+06	0	0	0	226	27	0	0	0	0	0	0	0	
1.36501e+06	0	0	0	0	217	0	0	0	0	0	0	0	
1.36576e+06	0	0	0	0	221	0	0	0	0	0	0	0	
1.36651e+06	0	0	0	0	197	0	0	0	0	0	0	0	
1.36726e+06	0	0	0	0	203	0	0	0	0	0	0	0	
1.36801e+06	0	0	0	0	227	0	0	0	0	0	0	0	
1.36876e+06	0	0	0	0	211	0	0	0	0	0	0	0	
1.36951e+06	0	0	0	0	197	0	0	0	0	0	0	0	
1.37026e+06	0	0	0	0	235	0	0	0	0	0	0	0	
1.37101e+06	0	0	0	0	197	0	0	0	0	0	0	0	
1.37175e+06	0	0	0	0	223	0	0	0	0	0	0	0	
1.3725e+06	0	0	0	0	209	0	0	0	0	0	0	0	
1.37326e+06	0	0	0	0	201	0	0	0	0	0	0	0	
1.374e+06	0	0	0	0	207	0	0	0	0	0	0	0	
1.37476e+06	0	0	0	0	213	0	0	0	0	0	0	0	
1.37551e+06	0	0	0	0	205	0	0	0	0	0	0	0	
1.37625e+06	0	0	0	0	203	0	0	0	0	0	0	0	
1.377e+06	0	0	0	0	233	0	0	0	0	0	0	0	
1.37775e+06	0	0	0	0	207	0	0	0	0	0	0	0	
1.3785e+06	0	0	0	0	215	0	0	0	0	0	0	0	
1.37925e+06	0	0	0	0	163	0	0	0	0	0	0	0	
1.38e+06	0	0	0	0	205	0	0	0	0	0	0	0	
1.38075e+06	0	0	0	0	213	0	0	0	0	0	0	0	
1.3815e+06	0	0	0	0	221	0	0	0	0	0	0	0	
1.38225e+06	0	0	0	0	201	0	0	0	0	0	0	0	
1.383e+06	0	0	0	0	205	0	0	0	0	0	0	0	
1.38375e+06	0	0	0	0	231	0	0	0	0	0	0	0	
1.3845e+06	0	0	0	0	237	0	0	0	0	0	0	0	
1.38525e+06	0	0	0	0	221	0	0	0	0	0	0	0	
1.386e+06	0	0	0	0	233	0	0	0	0	0	0	0	
1.38676e+06	0	0	0	0	213	0	0	0	0	0	0	0	
1.38751e+06	0	0	0	0	195	0	0	0	0	0	0	0	
1.38826e+06	0	0	0	0	217	0	0	0	0	0	0	0	
1.389e+06	0	0	0	0	229	0	0	0	0	0	0	0	
1.38975e+06	0	0	0	0	221	0	0	0	0	0	0	0	
1.3905e+06	0	0	0	0	215	0	0	0	0	0	0	0	
1.39126e+06	0	0	0	0	223	0	0	0	0	0	0	0	
1.39201e+06	0	0	0	0	211	0	0	0	0	0	0	0	
1.39276e+06	0	0	0	0	207	0	0	0	0	0	0	0	
1.39351e+06	0	0	0	0	201	0	0	0	0	0	0	0	
1.39426e+06	0	0	0	0	207	0	0	0	0	0	0	0	
1.39501e+06	0	0	0	0	223	0	0	0	0	0	0	0	
1.39576e+06	0	0	0	0	214	3	0	0	0	0	0	0	
1.39651e+06	0	0	0	239	0	0	0	0	0	0	0	0	
1.39725e+06	0	0	0	269	0	0	0	0	0	0	0	0	
1.398e+06	0	0	1	264	0	0	0	0	0	0	0	0	
1.39875e+06	0	0	0	269	0	0	0	0	0	0	0	0	
1.3995e+06	0	0	0	261	0	0	0	0	0	0	0	0	
1.40026e+06	0	0	0	213	0	0	0	0	0	0	0	0	
1.40101e+06	0	0	0	259	0	0	0	0	0	0	0	0	
1.40176e+06	0	0	0	267	0	0	0	0	0	0	0	0	
1.40251e+06	0	0	0	271	0	0	0	0	0	0	0	0	
1.40326e+06	0	0	0	251	0	0	0	0	0	0	0	0	
1.40401e+06	0	0	0	273	0	0	0	0	0	0	0	0	
1.40476e+06	0	0	0	229	0	0	0	0	0	0	0	0	
1.40551e+06	0	0	0	267	0	0	0	0	0	0	0	0	
1.40626e+06	0	0	0	255	0	0	0	0	0	0	0	0	
1.40701e+06	0	0	0	269	0	0	0	0	0	0	0	0	
1.40776e+06	0	0	0	281	0	0	0	0	0	0	0	0	
1.40851e+06	0	0	47	228	0	0	0	0	0	0	0	0	
1.40926e+06	0	0	297	0	0	0	0	0	0	0	0	0	
1.41001e+06	0	0	369	0	0	0	0	0	0	0	0	0	
1.41076e+06	0	0	297	0	0	0	0	0	0	0	0	0	
1.41151e+06	0	0	311	0	0	0	0	0	0	0	0	0	
1.41226e+06	0	0	335	0	0	0	0	0	0	0	0	0	
1.41301e+06	0	0	285	0	0	0	0	0	0	0	0	0	
1.41376e+06	0	0	337	0	0	0	0	0	0	0	0	0	
1.41451e+06	0	0	319	0	0	0	0	0	0	0	0	0	
1.41526e+06	0	0	309	0	0	0	0	0	0	0	0	0	
1.41601e+06	0	385	0	0	0	0	0	0	0	0	0	0	
1.41676e+06	0	375	0	0	0	0	0	0	0	0	0	0	
1.41751e+06	0	399	0	0	0	0	0	0	0	0	0	0	
1.41826e+06	0	441	0	0	0	0	0	0	0	0	0	0	
1.41901e+06	0	385	0	0	0	0	0	0	0	0	0	0	
1.41976e+06	17	410	0	0	0	0	0	0	0	0	0	0	
1.42051e+06	4	417	0	0	0	0	0	0	0	0	0	0	
1.42126e+06	0	397	0	0	0	0	0	0	0	0	0	0	
1.42201e+06	2	417	0	0	0	0	0	0	0	0	0	0	
1.42276e+06	0	401	0	0	0	0	0	0	0	0	0	0	
1.42351e+06	0	405	0	0	0	0	0	0	0	0	0	0	
1.42426e+06	0	369	0	0	0	0	0	0	0	0	0	0	
1.42501e+06	0	389	0	0	0	0	0	0	0	0	0	0	
1.42576e+06	0	393	0	0	0	0	0	0	0	0	0	0	
1.42651e+06	0	415	0	0	0	0	0	0	0	0	0	0	
1.42726e+06	0	363	0	0	0	0	0	0	0	0	0	0	
1.42801e+06	0	373	0	0	0	0	0	0	0	0	0	0	
1.42876e+06	0	403	0	0	0	0	0	0	0	0	0	0	
1.42951e+06	0	417	0	0	0	0	0	0	0	0	0	0	
1.43026e+06	0	385	0	0	0	0	0	0	0	0	0	0	
1.43101e+06	0	417	0	0	0	0	0	0	0	0	0	0	
1.43176e+06	0	423	0	0	0	0	0	0	0	0	0	0	
1.43251e+06	0	389	0	0	0	0	0	0	0	0	0	0	
1.43326e+06	0	413	0	0	0	0	0	0	0	0	0	0	
1.43401e+06	0	395	0	0	0	0	0	0	0	0	0	0	
1.43476e+06	0	447	0	0	0	0	0	0	0	0	0	0	
1.43551e+06	0	371	0	0	0	0	0	0	0	0	0	0	
1.43626e+06	0	377	0	0	0	0	0	0	0	0	0	0	
1.43701e+06	0	413	0	0	0	0	0	0	0	0	0	0	
1.43776e+06	0	383	0	0	0	0	0	0	0	0	0	0	
1.43851e+06	0	411	0	0	0	0	0	0	0	0	0	0	
1.43926e+06	0	389	0	0	0	0	0	0	0	0	0	0	
1.44001e+06	0	373	0	0	0	0	0	0	0	0	0	0	
1.44077e+06	0	415	0	0	0	0	0	0	0	0	0	0	
1.44152e+06	0	407	0	0	0	0	0	0	0	0	0	0	
1.44227e+06	0	421	0	0	0	0	0	0	0	0	0	0	
1.44302e+06	0	403	0	0	0	0	0	0	0	0	0	0	
1.44377e+06	0	387	0	0	0	0	0	0	0	0	0	0	
1.44452e+06	0	401	0	0	0	0	0	0	0	0	0	0	
1.44527e+06	0	368	17	0	0	0	0	0	0	0	0	0	
1.44602e+06	0	415	0	0	0	0	0	0	0	0	0	0	
1.44677e+06	0	357	0	0	0	0	0	0	0	0	0	0	
1.44752e+06	0	405	0	0	0	0	0	0	0	0	0	0	
1.44827e+06	0	413	0	0	0	0	0	0	0	0	0	0	
1.44902e+06	0	389	0	0	0	0	0	0	0	0	0	0	
1.44977e+06	0	378	17	0	0	0	0	0	0	0	0	0	
1.45052e+06	0	401	0	0	0	0	0	0	0	0	0	0	
1.45127e+06	0	409	0	0	0	0	0	0	0	0	0	0	
1.45202e+06	0	326	73	0	0	0	0	0	0	0	0	0	
1.45277e+06	0	0	349	0	0	0	0	0	0	0	0	0	
1.45352e+06	0	0	315	0	0	0	0	0	0	0	0	0	
1.45427e+06	0	0	349	0	0	0	0	0	0	0	0	0	
1.45502e+06	0	0	329	0	0	0	0	0	0	0	0	0	
1.45578e+06	0	0	305	0	0	0	0	0	0	0	0	0	
1.45653e+06	0	0	305	0	0	0	0	0	0	0	0	0	
1.45728e+06	0	0	325	0	0	0	0	0	0	0	0	0	
1.45803e+06	0	0	61	208	0	0	0	0	0	0	0	0	
1.45878e+06	0	0	0	273	0	0	0	0	0	0	0	0	
1.45953e+06	0	0	0	243	0	0	0	0	0	0	0	0	
1.46028e+06	0	0	0	269	0	0	0	0	0	0	0	0	
1.46103e+06	0	0	0	265	0	0	0	0	0	0	0	0	
1.46178e+06	0	0	0	263	0	0	0	0	0	0	0	0	
1.46253e+06	0	0	0	289	0	0	0	0	0	0	0	0	
1.46328e+06	0	0	0	255	0	0	0	0	0	0	0	0	
1.46403e+06	0	0	0	269	0	0	0	0	0	0	0	0	
1.46478e+06	0	0	0	287	0	0	0	0	0	0	0	0	
1.46553e+06	0	0	0	263	0	0	0	0	0	0	0	0	
1.46627e+06	0	0	0	255	0	0	0	0	0	0	0	0	
1.46702e+06	0	0	0	247	0	0	0	0	0	0	0	0	
1.46777e+06	0	0	0	285	0	0	0	0	0	0	0	0	
1.46853e+06	0	0	0	275	0	0	0	0	0	0	0	0	
1.46928e+06	0	0	0	279	0	0	0	0	0	0	0	0	
1.47003e+06	0	0	0	259	0	0	0	0	0	0	0	0	
1.47077e+06	0	0	0	263	0	0	0	0	0	0	0	0	
1.47153e+06	0	0	0	263	0	0	0	0	0	0	0	0	
1.47227e+06	0	0	0	263	0	0	0	0	0	0	0	0	
1.47302e+06	0	0	0	255	0	0	0	0	0	0	0	0	
1.47377e+06	0	0	0	249	0	0	0	0	0	0	0	0	
1.47452e+06	0	0	0	257	0	0	0	0	0	0	0	0	
1.47527e+06	0	0	0	281	0	0	0	0	0	0	0	0	
1.47602e+06	0	0	0	122	115	0	0	0	0	0	0	0	
1.47677e+06	0	0	0	0	229	0	0	0	0	0	0	0	
1.47752e+06	0	0	0	0	195	0	0	0	0	0	0	0	
1.47827e+06	0	0	0	0	215	0	0	0	0	0	0	0	
1.47902e+06	0	0	0	0	241	0	0	0	0	0	0	0	
1.47977e+06	0	0	0	0	249	0	0	0	0	0	0	0	
1.48053e+06	0	0	0	0	203	0	0	0	0	0	0	0	
1.48128e+06	0	0	0	0	223	0	0	0	0	0	0	0	
1.48203e+06	0	0	0	0	211	0	0	0	0	0	0	0	
1.48277e+06	0	0	0	0	197	0	0	0	0	0	0	0	
1.48353e+06	0	0	0	0	205	0	0	0	0	0	0	0	
1.48428e+06	0	0	0	0	211	0	0	0	0	0	0	0	
1.48503e+06	0	0	0	0	205	0	0	0	0	0	0	0	
1.48578e+06	0	0	0	0	217	0	0	0	0	0	0	0	
1.48653e+06	0	0	0	0	205	0	0	0	0	0	0	0	
1.48728e+06	0	0	0	29	208	0	0	0	0	0	0	0	
1.48803e+06	0	0	0	259	0	0	0	0	0	0	0	0	
1.48878e+06	0	0	0	263	0	0	0	0	0	0	0	0	
1.48953e+06	0	0	0	267	0	0	0	0	0	0	0	0	
1.49028e+06	0	0	0	251	0	0	0	0	0	0	0	0	
1.49103e+06	0	0	0	223	0	0	0	0	0	0	0	0	
1.49178e+06	0	0	0	265	0	0	0	0	0	0	0	0	
1.49253e+06	0	0	0	245	0	0	0	0	0	0	0	0	
1.49328e+06	0	0	0	267	0	0	0	0	0	0	0	0	
1.49403e+06	0	0	0	279	0	0	0	0	0	0	0	0	
1.49478e+06	0	0	0	271	0	0	0	0	0	0	0	0	
1.49553e+06	0	0	0	247	0	0	0	0	0	0	0	0	
1.49628e+06	0	0	0	263	0	0	0	0	0	0	0	0	
1.49703e+06	0	0	0	281	0	0	0	0	0	0	0	0	
1.49778e+06	0	0	0	283	0	0	0	0	0	0	0	0	
1.49853e+06	0	0	0	269	0	0	0	0	0	0	0	0	
1.49928e+06	0	0	0	249	0	0	0	0	0	0	0	0	
1.50003e+06	0	0	0	271	0	0	0	0	0	0	0	0	
1.50003e+06	0	0	0	271	0	0	0	0	0	0	0	0	
