Time	s0	s1	s2	s3	s4	s5	s6	s7	s8	s9	s10	s11	
0	0	0	0	0	0	0	0	0	0	0	0	200	
0.00369521	0	0	0	0	0	0	0	0	0	0	0	199	
751.239	0	0	0	0	0	0	0	0	0	0	0	51	
1503.84	0	0	0	0	0	0	0	0	0	0	0	45	
2251.88	0	0	0	0	0	0	0	0	0	0	0	51	
2997.9	0	0	0	0	0	0	0	0	0	0	0	47	
3747.32	0	0	0	0	0	0	0	0	0	0	0	49	
4497.4	0	0	0	0	0	0	0	0	0	0	0	53	
5241.56	0	0	0	0	0	0	0	0	0	0	0	45	
5989.8	0	0	0	0	0	0	0	0	0	0	0	59	
6741.02	0	0	0	0	0	0	0	0	0	0	0	49	
7493.17	0	0	0	0	0	0	0	0	0	0	0	41	
8242.7	0	0	0	0	0	0	0	0	0	0	0	39	
8992.86	0	0	0	0	0	0	0	0	0	0	0	41	
9742.71	0	0	0	0	0	0	0	0	0	0	55	0	
10492	0	0	0	0	0	0	0	0	0	0	61	0	
11244.5	0	0	0	0	0	0	0	0	0	0	49	0	
11994.2	0	0	0	0	0	0	0	0	0	0	51	0	
12745	0	0	0	0	0	0	0	0	0	0	69	0	
13493.9	0	0	0	0	0	0	0	0	0	0	55	0	
14246.3	0	0	0	0	0	0	0	0	0	65	0	0	
14998.8	0	0	0	0	0	0	0	0	0	75	0	0	
15748.9	0	0	0	0	0	0	0	0	0	85	0	0	
16499	0	0	0	0	0	0	0	0	0	85	0	0	
17251.1	0	0	0	0	0	0	0	0	0	89	0	0	
17999.4	0	0	0	0	0	0	0	0	97	0	0	0	
18750.1	0	0	0	0	0	0	0	0	93	0	0	0	
19500.4	0	0	0	0	0	0	0	0	91	0	0	0	
20250.1	0	0	0	0	0	0	0	0	91	0	0	0	
21000.3	0	0	0	0	0	0	0	0	79	0	0	0	
21746.2	0	0	0	0	0	0	0	0	113	0	0	0	
22496	0	0	0	0	0	0	0	0	99	0	0	0	
23246.3	0	0	0	0	0	0	0	0	81	0	0	0	
23999	0	0	0	0	0	0	0	0	93	0	0	0	
24751.4	0	0	0	0	0	0	0	0	89	0	0	0	
25502.6	0	0	0	0	0	0	0	0	85	0	0	0	
26251.1	0	0	0	0	0	0	0	0	75	0	0	0	
27001.3	0	0	0	0	0	0	0	0	111	0	0	0	
27752	0	0	0	0	0	0	0	0	101	0	0	0	
28503.2	0	0	0	0	0	0	0	0	95	0	0	0	
29251.9	0	0	0	0	0	0	0	0	91	0	0	0	
30005.3	0	0	0	0	0	0	0	0	109	0	0	0	
30753.3	0	0	0	0	0	0	0	0	97	0	0	0	
31501.9	0	0	0	0	0	0	0	0	81	0	0	0	
32250.7	0	0	0	0	0	0	0	0	91	0	0	0	
33004.9	0	0	0	0	0	0	0	0	77	0	0	0	
33753.4	0	0	0	0	0	0	0	0	97	0	0	0	
34501.2	0	0	0	0	0	0	0	0	95	0	0	0	
35247.9	0	0	0	0	0	0	0	0	87	0	0	0	
35996.5	0	0	0	0	0	0	0	0	89	0	0	0	
36750.5	0	0	0	0	0	0	0	0	89	0	0	0	
37503.2	0	0	0	0	0	0	0	0	95	0	0	0	
38252.6	0	0	0	0	0	0	0	0	93	0	0	0	
39000.4	0	0	0	0	0	0	0	0	101	0	0	0	
39747.7	0	0	0	0	0	0	0	0	111	0	0	0	
40496.2	0	0	0	0	0	0	0	0	97	0	0	0	
41250.2	0	0	0	0	0	0	0	0	87	0	0	0	
42000.8	0	0	0	0	0	0	0	0	89	0	0	0	
42753.7	0	0	0	0	0	0	0	0	73	0	0	0	
43501.6	0	0	0	0	0	0	0	0	83	0	0	0	
44250.6	0	0	0	0	0	0	0	0	93	0	0	0	
45001.9	0	0	0	0	0	0	0	0	87	0	0	0	
45751.6	0	0	0	0	0	0	0	0	83	0	0	0	
46506.1	0	0	0	0	0	0	0	0	0	83	0	0	
47256.2	0	0	0	0	0	0	0	0	0	83	0	0	
48005.6	0	0	0	0	0	0	0	0	89	0	0	0	
48755.7	0	0	0	0	0	0	0	0	89	0	0	0	
49501.9	0	0	0	0	0	0	0	0	85	0	0	0	
50251.1	0	0	0	0	0	0	0	0	101	0	0	0	
51001.6	0	0	0	0	0	0	0	0	93	0	0	0	
51751.8	0	0	0	0	0	0	0	0	101	0	0	0	
52497.2	0	0	0	0	0	0	0	0	85	0	0	0	
53245.1	0	0	0	0	0	0	0	0	24	49	0	0	
53993.2	0	0	0	0	0	0	0	0	0	73	0	0	
54741.4	0	0	0	0	0	0	0	0	0	77	0	0	
55492.5	0	0	0	0	0	0	0	0	0	69	0	0	
56238.9	0	0	0	0	0	0	0	0	0	85	0	0	
56992.1	0	0	0	0	0	0	0	0	0	79	0	0	
57740.3	0	0	0	0	0	0	0	0	0	71	0	0	
58492	0	0	0	0	0	0	0	0	0	87	0	0	
59240.6	0	0	0	0	0	0	0	0	0	69	0	0	
59990.7	0	0	0	0	0	0	0	0	0	81	0	0	
60739	0	0	0	0	0	0	0	0	0	73	0	0	
61488.8	0	0	0	0	0	0	0	0	0	77	0	0	
62238.2	0	0	0	0	0	0	0	0	0	77	0	0	
62990.2	0	0	0	0	0	0	0	0	0	79	0	0	
63738.7	0	0	0	0	0	0	0	0	0	61	0	0	
64487.9	0	0	0	0	0	0	0	0	0	77	0	0	
65236.9	0	0	0	0	0	0	0	0	0	81	0	0	
65984.4	0	0	0	0	0	0	0	0	0	89	0	0	
66734.7	0	0	0	0	0	0	0	0	0	83	0	0	
67484.3	0	0	0	0	0	0	0	0	0	65	0	0	
68233.3	0	0	0	0	0	0	0	0	0	83	0	0	
68980.4	0	0	0	0	0	0	0	0	0	77	0	0	
69732.2	0	0	0	0	0	0	0	0	0	81	0	0	
70484.4	0	0	0	0	0	0	0	0	0	75	0	0	
71234	0	0	0	0	0	0	0	0	0	83	0	0	
71985.2	0	0	0	0	0	0	0	0	0	73	0	0	
72733.9	0	0	0	0	0	0	0	0	0	81	0	0	
73482.6	0	0	0	0	0	0	0	0	0	69	0	0	
74232.3	0	0	0	0	0	0	0	0	0	73	0	0	
74984.4	0	0	0	0	0	0	0	0	0	67	0	0	
75735.3	0	0	0	0	0	0	0	0	0	77	0	0	
76481.9	0	0	0	0	0	0	0	0	0	71	0	0	
77233.3	0	0	0	0	0	0	0	0	0	79	0	0	
77979.8	0	0	0	0	0	0	0	0	85	0	0	0	
78729.7	0	0	0	0	0	0	0	0	81	0	0	0	
79479.2	0	0	0	0	0	0	0	0	109	0	0	0	
80229.4	0	0	0	0	0	0	0	0	93	0	0	0	
80979.3	0	0	0	0	0	0	0	0	83	0	0	0	
81731	0	0	0	0	0	0	0	0	87	0	0	0	
82480.3	0	0	0	0	0	0	0	0	117	0	0	0	
83228.9	0	0	0	0	0	0	0	0	109	0	0	0	
83978.8	0	0	0	0	0	0	0	0	109	0	0	0	
84726.3	0	0	0	0	0	0	0	0	83	0	0	0	
85478	0	0	0	0	0	0	0	0	85	0	0	0	
86226.6	0	0	0	0	0	0	0	0	87	0	0	0	
86975.8	0	0	0	0	0	0	0	0	99	0	0	0	
87726.1	0	0	0	0	0	0	0	0	79	0	0	0	
88480.1	0	0	0	0	0	0	0	0	93	0	0	0	
89230.5	0	0	0	0	0	0	0	0	99	0	0	0	
89981.4	0	0	0	0	0	0	0	0	0	71	0	0	
90733.5	0	0	0	0	0	0	0	0	0	0	65	0	
91482.9	0	0	0	0	0	0	0	0	0	0	53	0	
92231	0	0	0	0	0	0	0	0	0	0	55	0	
92981.5	0	0	0	0	0	0	0	0	0	0	61	0	
93732.7	0	0	0	0	0	0	0	0	0	0	67	0	
94484.1	0	0	0	0	0	0	0	0	0	0	0	49	
95234.1	0	0	0	0	0	0	0	0	0	0	0	51	
95986.6	0	0	0	0	0	0	0	0	0	0	0	43	
96736.7	0	0	0	0	0	0	0	0	0	0	0	43	
97485.8	0	0	0	0	0	0	0	0	0	0	0	47	
98235.4	0	0	0	0	0	0	0	0	0	0	0	57	
98982.9	0	0	0	0	0	0	0	0	0	0	0	51	
99731.9	0	0	0	0	0	0	0	0	0	0	0	49	
100481	0	0	0	0	0	0	0	0	0	0	0	49	
101231	0	0	0	0	0	0	0	0	0	0	0	55	
101986	0	0	0	0	0	0	0	0	0	0	0	47	
102734	0	0	0	0	0	0	0	0	0	0	0	61	
103485	0	0	0	0	0	0	0	0	0	0	0	47	
104231	0	0	0	0	0	0	0	0	0	0	0	59	
104981	0	0	0	0	0	0	0	0	0	0	0	49	
105729	0	0	0	0	0	0	0	0	0	0	0	43	
106476	0	0	0	0	0	0	0	0	0	0	0	45	
107227	0	0	0	0	0	0	0	0	0	0	0	47	
107975	0	0	0	0	0	0	0	0	0	0	0	47	
108722	0	0	0	0	0	0	0	0	0	0	0	39	
109469	0	0	0	0	0	0	0	0	0	0	0	47	
110221	0	0	0	0	0	0	0	0	0	0	0	41	
110971	0	0	0	0	0	0	0	0	0	0	0	41	
111721	0	0	0	0	0	0	0	0	0	0	0	61	
112474	0	0	0	0	0	0	0	0	0	0	0	53	
113223	0	0	0	0	0	0	0	0	0	0	0	59	
113973	0	0	0	0	0	0	0	0	0	0	0	45	
114724	0	0	0	0	0	0	0	0	0	0	0	59	
115472	0	0	0	0	0	0	0	0	0	0	0	55	
116222	0	0	0	0	0	0	0	0	0	0	0	47	
116973	0	0	0	0	0	0	0	0	0	0	0	41	
117722	0	0	0	0	0	0	0	0	0	0	0	49	
118471	0	0	0	0	0	0	0	0	0	0	0	47	
119219	0	0	0	0	0	0	0	0	0	0	0	55	
119971	0	0	0	0	0	0	0	0	0	0	0	67	
120726	0	0	0	0	0	0	0	0	0	0	0	65	
121478	0	0	0	0	0	0	0	0	0	0	0	55	
122226	0	0	0	0	0	0	0	0	0	0	0	45	
122976	0	0	0	0	0	0	0	0	0	0	0	59	
123728	0	0	0	0	0	0	0	0	0	0	0	55	
124479	0	0	0	0	0	0	0	0	0	0	53	0	
125226	0	0	0	0	0	0	0	0	0	0	51	0	
125977	0	0	0	0	0	0	0	0	0	0	75	0	
126727	0	0	0	0	0	0	0	0	0	0	43	0	
127477	0	0	0	0	0	0	0	0	0	0	67	0	
128225	0	0	0	0	0	0	0	0	0	0	61	0	
128975	0	0	0	0	0	0	0	0	0	0	53	0	
129725	0	0	0	0	0	0	0	0	0	0	71	0	
130476	0	0	0	0	0	0	0	0	0	0	63	0	
131227	0	0	0	0	0	0	0	0	0	0	63	0	
131975	0	0	0	0	0	0	0	0	0	0	69	0	
132724	0	0	0	0	0	0	0	0	0	0	51	0	
133474	0	0	0	0	0	0	0	0	0	0	65	0	
134224	0	0	0	0	0	0	0	0	0	0	45	0	
134975	0	0	0	0	0	0	0	0	0	0	63	0	
135725	0	0	0	0	0	0	0	0	0	0	67	0	
136474	0	0	0	0	0	0	0	0	0	0	65	0	
137223	0	0	0	0	0	0	0	0	0	0	61	0	
137977	0	0	0	0	0	0	0	0	0	0	61	0	
138728	0	0	0	0	0	0	0	0	0	0	63	0	
139476	0	0	0	0	0	0	0	0	0	0	61	0	
140228	0	0	0	0	0	0	0	0	0	0	61	0	
140975	0	0	0	0	0	0	0	0	0	0	65	0	
141725	0	0	0	0	0	0	0	0	0	0	57	0	
142475	0	0	0	0	0	0	0	0	0	0	65	0	
143220	0	0	0	0	0	0	0	0	0	0	65	0	
143968	0	0	0	0	0	0	0	0	0	0	45	0	
144720	0	0	0	0	0	0	0	0	0	0	75	0	
145470	0	0	0	0	0	0	0	0	0	0	77	0	
146220	0	0	0	0	0	0	0	0	0	0	75	0	
146970	0	0	0	0	0	0	0	0	0	0	69	0	
147721	0	0	0	0	0	0	0	0	0	0	67	0	
148474	0	0	0	0	0	0	0	0	0	0	67	0	
149226	0	0	0	0	0	0	0	0	0	0	61	0	
149977	0	0	0	0	0	0	0	0	0	0	55	0	
150729	0	0	0	0	0	0	0	0	0	0	67	0	
151482	0	0	0	0	0	0	0	0	0	0	61	0	
152230	0	0	0	0	0	0	0	0	0	0	57	0	
152978	0	0	0	0	0	0	0	0	0	0	57	0	
153729	0	0	0	0	0	0	0	0	0	0	63	0	
154480	0	0	0	0	0	0	0	0	0	0	63	0	
155229	0	0	0	0	0	0	0	0	0	0	67	0	
155981	0	0	0	0	0	0	0	0	0	0	51	0	
156733	0	0	0	0	0	0	0	0	0	0	71	0	
157483	0	0	0	0	0	0	0	0	0	0	55	0	
158232	0	0	0	0	0	0	0	0	0	0	0	41	
158980	0	0	0	0	0	0	0	0	0	0	0	67	
159737	0	0	0	0	0	0	0	0	0	0	0	51	
160487	0	0	0	0	0	0	0	0	0	0	0	61	
161237	0	0	0	0	0	0	0	0	0	0	0	51	
161987	0	0	0	0	0	0	0	0	0	0	0	53	
162738	0	0	0	0	0	0	0	0	0	0	0	39	
163488	0	0	0	0	0	0	0	0	0	0	0	53	
164242	0	0	0	0	0	0	0	0	0	0	0	47	
164989	0	0	0	0	0	0	0	0	0	0	0	45	
165736	0	0	0	0	0	0	0	0	0	0	0	41	
166486	0	0	0	0	0	0	0	0	0	0	0	41	
167232	0	0	0	0	0	0	0	0	0	0	0	51	
167985	0	0	0	0	0	0	0	0	0	0	59	0	
168735	0	0	0	0	0	0	0	0	0	67	0	0	
169484	0	0	0	0	0	0	0	0	0	85	0	0	
170235	0	0	0	0	0	0	0	0	0	81	0	0	
170983	0	0	0	0	0	0	0	0	0	77	0	0	
171731	0	0	0	0	0	0	0	0	0	67	0	0	
172482	0	0	0	0	0	0	0	0	0	77	0	0	
173231	0	0	0	0	0	0	0	0	0	85	0	0	
173979	0	0	0	0	0	0	0	0	101	0	0	0	
174730	0	0	0	0	0	0	0	0	105	0	0	0	
175482	0	0	0	0	0	0	0	0	91	0	0	0	
176234	0	0	0	0	0	0	0	0	105	0	0	0	
176983	0	0	0	0	0	0	0	0	91	0	0	0	
177732	0	0	0	0	0	0	0	0	91	0	0	0	
178483	0	0	0	0	0	0	0	0	85	0	0	0	
179230	0	0	0	0	0	0	0	0	95	0	0	0	
179978	0	0	0	0	0	0	0	0	109	0	0	0	
180729	0	0	0	0	0	0	0	0	77	0	0	0	
181476	0	0	0	0	0	0	0	0	96	5	0	0	
182223	0	0	0	0	0	0	0	0	97	0	0	0	
182971	0	0	0	0	0	0	0	0	99	0	0	0	
183725	0	0	0	0	0	0	0	121	0	0	0	0	
184481	0	0	0	0	0	0	0	101	0	0	0	0	
185229	0	0	0	0	0	0	0	125	0	0	0	0	
185980	0	0	0	0	0	0	0	99	0	0	0	0	
186731	0	0	0	0	0	0	0	123	0	0	0	0	
187482	0	0	0	0	0	0	0	121	0	0	0	0	
188232	0	0	0	0	0	0	0	125	0	0	0	0	
188985	0	0	0	0	0	0	0	127	0	0	0	0	
189737	0	0	0	0	0	0	0	117	0	0	0	0	
190490	0	0	0	0	0	0	0	127	0	0	0	0	
191237	0	0	0	0	0	0	0	97	0	0	0	0	
191989	0	0	0	0	0	0	0	115	0	0	0	0	
192740	0	0	0	0	0	0	0	123	0	0	0	0	
193492	0	0	0	0	0	0	0	127	0	0	0	0	
194243	0	0	0	0	0	0	0	135	0	0	0	0	
194994	0	0	0	0	0	0	0	127	0	0	0	0	
195748	0	0	0	0	0	0	0	121	0	0	0	0	
196498	0	0	0	0	0	0	0	135	0	0	0	0	
197248	0	0	0	0	0	0	0	99	0	0	0	0	
197999	0	0	0	0	0	0	0	113	0	0	0	0	
198751	0	0	0	0	0	0	0	133	0	0	0	0	
199499	0	0	0	0	0	0	0	121	0	0	0	0	
200249	0	0	0	0	0	0	0	0	91	0	0	0	
201000	0	0	0	0	0	0	0	0	89	0	0	0	
201751	0	0	0	0	0	0	0	0	97	0	0	0	
202500	0	0	0	0	0	0	0	0	95	0	0	0	
203247	0	0	0	0	0	0	0	0	113	0	0	0	
204000	0	0	0	0	0	0	0	0	95	0	0	0	
204747	0	0	0	0	0	0	0	0	101	0	0	0	
205497	0	0	0	0	0	0	0	0	89	0	0	0	
206247	0	0	0	0	0	0	0	0	87	0	0	0	
206998	0	0	0	0	0	0	0	0	83	0	0	0	
207751	0	0	0	0	0	0	0	0	109	0	0	0	
208500	0	0	0	0	0	0	0	0	101	0	0	0	
209251	0	0	0	0	0	0	0	0	85	0	0	0	
210006	0	0	0	0	0	0	0	0	89	0	0	0	
210756	0	0	0	0	0	0	0	0	105	0	0	0	
211504	0	0	0	0	0	0	0	0	85	0	0	0	
212256	0	0	0	0	0	0	0	0	91	0	0	0	
213006	0	0	0	0	0	0	0	0	101	0	0	0	
213755	0	0	0	0	0	0	0	0	75	0	0	0	
214503	0	0	0	0	0	0	0	0	103	0	0	0	
215253	0	0	0	0	0	0	0	0	95	0	0	0	
216005	0	0	0	0	0	0	0	0	87	0	0	0	
216757	0	0	0	0	0	0	0	0	83	0	0	0	
217506	0	0	0	0	0	0	0	0	91	0	0	0	
218254	0	0	0	0	0	0	0	0	91	0	0	0	
219003	0	0	0	0	0	0	0	0	0	79	0	0	
219752	0	0	0	0	0	0	0	0	0	89	0	0	
220503	0	0	0	0	0	0	0	0	0	69	0	0	
221251	0	0	0	0	0	0	0	0	0	69	0	0	
222005	0	0	0	0	0	0	0	0	101	0	0	0	
222752	0	0	0	0	0	0	0	0	87	0	0	0	
223504	0	0	0	0	0	0	0	0	93	0	0	0	
224248	0	0	0	0	0	0	0	0	93	0	0	0	
224999	0	0	0	0	0	0	0	0	111	0	0	0	
225747	0	0	0	0	0	0	0	0	97	0	0	0	
226498	0	0	0	0	0	0	0	0	91	0	0	0	
227249	0	0	0	0	0	0	0	0	87	0	0	0	
227997	0	0	0	0	0	0	0	0	97	0	0	0	
228750	0	0	0	0	0	0	0	0	109	0	0	0	
229501	0	0	0	0	0	0	0	12	77	0	0	0	
230249	0	0	0	0	0	0	0	121	0	0	0	0	
230997	0	0	0	0	0	0	0	97	0	0	0	0	
231748	0	0	0	0	0	0	140	1	0	0	0	0	
232498	0	0	0	0	0	0	143	0	0	0	0	0	
233249	0	0	0	0	0	0	137	0	0	0	0	0	
233999	0	0	0	0	0	0	133	0	0	0	0	0	
234749	0	0	0	0	0	0	127	0	0	0	0	0	
235495	0	0	0	0	0	0	141	0	0	0	0	0	
236244	0	0	0	0	0	0	135	0	0	0	0	0	
236996	0	0	0	0	0	0	153	0	0	0	0	0	
237749	0	0	0	0	0	0	137	0	0	0	0	0	
238499	0	0	0	0	0	0	145	0	0	0	0	0	
239246	0	0	0	0	0	0	133	0	0	0	0	0	
239996	0	0	0	0	0	0	147	0	0	0	0	0	
240745	0	0	0	0	0	0	153	0	0	0	0	0	
241495	0	0	0	0	0	0	135	0	0	0	0	0	
242240	0	0	0	0	0	0	151	0	0	0	0	0	
242991	0	0	0	0	0	96	63	0	0	0	0	0	
243742	0	0	0	0	0	0	131	0	0	0	0	0	
244494	0	0	0	0	0	0	165	0	0	0	0	0	
245246	0	0	0	0	0	0	119	0	0	0	0	0	
245997	0	0	0	0	0	0	129	0	0	0	0	0	
246748	0	0	0	0	0	0	157	0	0	0	0	0	
247497	0	0	0	0	0	0	149	0	0	0	0	0	
248245	0	0	0	0	0	0	141	0	0	0	0	0	
248993	0	0	0	0	0	0	115	0	0	0	0	0	
249742	0	0	0	0	0	0	137	0	0	0	0	0	
250491	0	0	0	0	0	0	163	0	0	0	0	0	
251243	0	0	0	0	0	0	123	0	0	0	0	0	
251992	0	0	0	0	0	0	153	0	0	0	0	0	
252745	0	0	0	0	0	0	155	0	0	0	0	0	
253493	0	0	0	0	0	0	143	0	0	0	0	0	
254243	0	0	0	0	0	0	145	0	0	0	0	0	
254993	0	0	0	0	0	0	161	0	0	0	0	0	
255741	0	0	0	0	0	0	119	0	0	0	0	0	
256489	0	0	0	0	0	0	155	0	0	0	0	0	
257237	0	0	0	0	0	0	125	0	0	0	0	0	
257986	0	0	0	0	0	0	117	0	0	0	0	0	
258738	0	0	0	0	0	0	121	0	0	0	0	0	
259490	0	0	0	0	0	0	141	0	0	0	0	0	
260242	0	0	0	0	0	0	153	0	0	0	0	0	
260990	0	0	0	0	0	0	151	0	0	0	0	0	
261738	0	0	0	0	0	0	159	0	0	0	0	0	
262491	0	0	0	0	0	0	12	87	0	0	0	0	
263242	0	0	0	0	0	0	0	131	0	0	0	0	
263993	0	0	0	0	0	0	0	117	0	0	0	0	
264742	0	0	0	0	0	0	0	135	0	0	0	0	
265491	0	0	0	0	0	0	0	111	0	0	0	0	
266240	0	0	0	0	0	0	0	127	0	0	0	0	
266992	0	0	0	0	0	0	0	113	0	0	0	0	
267742	0	0	0	0	0	0	129	0	0	0	0	0	
268489	0	0	0	0	0	0	123	0	0	0	0	0	
269238	0	0	0	0	0	0	143	0	0	0	0	0	
269990	0	0	0	0	0	0	119	0	0	0	0	0	
270738	0	0	0	0	0	0	127	0	0	0	0	0	
271487	0	0	0	0	0	0	133	0	0	0	0	0	
272234	0	0	0	0	0	0	135	0	0	0	0	0	
272984	0	0	0	0	0	0	139	0	0	0	0	0	
273734	0	0	0	0	0	0	135	0	0	0	0	0	
274481	0	0	0	0	0	0	157	0	0	0	0	0	
275230	0	0	0	0	0	0	145	0	0	0	0	0	
275981	0	0	0	0	0	0	155	0	0	0	0	0	
276731	0	0	0	0	0	0	143	0	0	0	0	0	
277481	0	0	0	0	0	0	149	0	0	0	0	0	
278230	0	0	0	0	0	0	123	0	0	0	0	0	
278981	0	0	0	0	0	0	131	0	0	0	0	0	
279733	0	0	0	0	0	0	147	0	0	0	0	0	
280483	0	0	0	0	0	0	153	0	0	0	0	0	
281231	0	0	0	0	0	0	157	0	0	0	0	0	
281979	0	0	0	0	0	0	141	0	0	0	0	0	
282730	0	0	0	0	0	0	131	0	0	0	0	0	
283483	0	0	0	0	0	0	143	0	0	0	0	0	
284234	0	0	0	0	0	0	139	0	0	0	0	0	
284986	0	0	0	0	0	0	123	0	0	0	0	0	
285734	0	0	0	0	0	0	163	0	0	0	0	0	
286485	0	0	0	0	0	0	127	0	0	0	0	0	
287235	0	0	0	0	0	0	129	0	0	0	0	0	
287988	0	0	0	0	0	0	149	0	0	0	0	0	
288737	0	0	0	0	0	0	177	0	0	0	0	0	
289486	0	0	0	0	0	0	143	0	0	0	0	0	
290237	0	0	0	0	0	0	131	0	0	0	0	0	
290987	0	0	0	0	0	0	131	0	0	0	0	0	
291737	0	0	0	0	0	0	139	0	0	0	0	0	
292487	0	0	0	0	0	0	147	0	0	0	0	0	
293234	0	0	0	0	0	0	141	0	0	0	0	0	
293981	0	0	0	0	0	0	155	0	0	0	0	0	
294731	0	0	0	0	0	0	147	0	0	0	0	0	
295478	0	0	0	0	0	0	143	0	0	0	0	0	
296229	0	0	0	0	0	0	149	0	0	0	0	0	
296983	0	0	0	0	0	0	129	0	0	0	0	0	
297737	0	0	0	0	0	0	133	0	0	0	0	0	
298486	0	0	0	0	0	0	149	0	0	0	0	0	
299233	0	0	0	0	0	0	133	0	0	0	0	0	
299985	0	0	0	0	0	0	125	0	0	0	0	0	
300736	0	0	0	0	0	0	141	0	0	0	0	0	
301486	0	0	0	0	0	0	129	0	0	0	0	0	
302238	0	0	0	0	0	0	139	0	0	0	0	0	
302989	0	0	0	0	0	0	141	0	0	0	0	0	
303741	0	0	0	0	0	0	119	0	0	0	0	0	
304493	0	0	0	0	0	0	141	0	0	0	0	0	
305242	0	0	0	0	0	0	129	0	0	0	0	0	
305993	0	0	0	0	0	0	147	0	0	0	0	0	
306743	0	0	0	0	0	0	139	0	0	0	0	0	
307495	0	0	0	0	0	0	149	0	0	0	0	0	
308248	0	0	0	0	0	0	161	0	0	0	0	0	
308998	0	0	0	0	0	0	127	0	0	0	0	0	
309747	0	0	0	0	0	0	147	0	0	0	0	0	
310499	0	0	0	0	0	0	0	113	0	0	0	0	
311249	0	0	0	0	0	0	141	0	0	0	0	0	
311998	0	0	0	0	0	0	137	0	0	0	0	0	
312748	0	0	0	0	0	0	141	0	0	0	0	0	
313497	0	0	0	0	0	0	155	0	0	0	0	0	
314247	0	0	0	0	0	0	143	0	0	0	0	0	
314996	0	0	0	0	0	0	135	0	0	0	0	0	
315747	0	0	0	0	0	0	139	0	0	0	0	0	
316497	0	0	0	0	0	0	171	0	0	0	0	0	
317251	0	0	0	0	0	0	133	0	0	0	0	0	
318000	0	0	0	0	0	0	147	0	0	0	0	0	
318750	0	0	0	0	0	0	157	0	0	0	0	0	
319498	0	0	0	0	0	0	155	0	0	0	0	0	
320246	0	0	0	0	0	0	143	0	0	0	0	0	
320996	0	0	0	0	0	0	133	0	0	0	0	0	
321743	0	0	0	0	0	0	141	0	0	0	0	0	
322493	0	0	0	0	0	0	133	0	0	0	0	0	
323242	0	0	0	0	0	0	155	0	0	0	0	0	
323993	0	0	0	0	0	0	146	7	0	0	0	0	
324744	0	0	0	0	0	0	145	0	0	0	0	0	
325492	0	0	0	0	0	0	155	0	0	0	0	0	
326244	0	0	0	0	0	0	139	0	0	0	0	0	
326994	0	0	0	0	0	0	145	0	0	0	0	0	
327746	0	0	0	0	0	0	131	2	0	0	0	0	
328497	0	0	0	0	0	0	169	0	0	0	0	0	
329245	0	0	0	0	0	0	139	0	0	0	0	0	
329994	0	0	0	0	0	0	161	0	0	0	0	0	
330743	0	0	0	0	0	0	149	0	0	0	0	0	
331494	0	0	0	0	0	0	155	0	0	0	0	0	
332243	0	0	0	0	0	0	121	0	0	0	0	0	
332991	0	0	0	0	0	165	0	0	0	0	0	0	
333743	0	0	0	0	0	207	0	0	0	0	0	0	
334490	0	0	0	0	0	167	0	0	0	0	0	0	
335241	0	0	0	0	0	171	0	0	0	0	0	0	
335991	0	0	0	0	0	181	0	0	0	0	0	0	
336739	0	0	0	0	0	159	0	0	0	0	0	0	
337490	0	0	0	0	0	165	0	0	0	0	0	0	
338242	0	0	0	0	0	155	0	0	0	0	0	0	
338994	0	0	0	0	0	193	0	0	0	0	0	0	
339745	0	0	0	0	0	159	0	0	0	0	0	0	
340493	0	0	0	0	0	205	0	0	0	0	0	0	
341239	0	0	0	0	0	183	0	0	0	0	0	0	
341990	0	0	0	0	0	181	0	0	0	0	0	0	
342741	0	0	0	0	0	167	0	0	0	0	0	0	
343493	0	0	0	0	0	163	0	0	0	0	0	0	
344244	0	0	0	0	0	171	2	0	0	0	0	0	
344995	0	0	0	0	0	167	0	0	0	0	0	0	
345745	0	0	0	0	0	165	0	0	0	0	0	0	
346494	0	0	0	0	0	175	0	0	0	0	0	0	
347244	0	0	0	0	0	199	0	0	0	0	0	0	
347994	0	0	0	0	0	157	0	0	0	0	0	0	
348745	0	0	0	0	0	157	0	0	0	0	0	0	
349496	0	0	0	0	0	199	0	0	0	0	0	0	
350247	0	0	0	0	0	169	0	0	0	0	0	0	
350998	0	0	0	0	0	173	0	0	0	0	0	0	
351746	0	0	0	0	0	189	0	0	0	0	0	0	
352495	0	0	0	0	0	183	0	0	0	0	0	0	
353244	0	0	0	0	0	183	0	0	0	0	0	0	
353996	0	0	0	0	0	181	0	0	0	0	0	0	
354746	0	0	0	0	0	155	0	0	0	0	0	0	
355496	0	0	0	0	0	181	0	0	0	0	0	0	
356243	0	0	0	0	0	173	0	0	0	0	0	0	
356995	0	0	0	0	0	165	0	0	0	0	0	0	
357745	0	0	0	0	0	155	0	0	0	0	0	0	
358495	0	0	0	0	0	189	0	0	0	0	0	0	
359246	0	0	0	0	0	181	0	0	0	0	0	0	
359995	0	0	0	0	0	157	0	0	0	0	0	0	
360751	0	0	0	0	0	187	0	0	0	0	0	0	
361499	0	0	0	0	0	165	0	0	0	0	0	0	
362250	0	0	0	0	0	157	0	0	0	0	0	0	
363000	0	0	0	0	0	183	0	0	0	0	0	0	
363750	0	0	0	0	0	197	0	0	0	0	0	0	
364505	0	0	0	0	0	179	0	0	0	0	0	0	
365255	0	0	0	0	0	173	0	0	0	0	0	0	
366005	0	0	0	0	0	191	0	0	0	0	0	0	
366752	0	0	0	0	0	179	0	0	0	0	0	0	
367502	0	0	0	0	0	187	0	0	0	0	0	0	
368250	0	0	0	0	0	157	0	0	0	0	0	0	
369002	0	0	0	0	0	179	0	0	0	0	0	0	
369750	0	0	0	0	0	173	0	0	0	0	0	0	
370500	0	0	0	0	0	167	0	0	0	0	0	0	
371249	0	0	0	0	0	169	0	0	0	0	0	0	
372000	0	0	0	0	124	83	0	0	0	0	0	0	
372748	0	0	0	0	0	159	0	0	0	0	0	0	
373497	0	0	0	0	0	171	0	0	0	0	0	0	
374247	0	0	0	0	0	147	0	0	0	0	0	0	
374998	0	0	0	0	0	171	0	0	0	0	0	0	
375748	0	0	0	0	0	191	0	0	0	0	0	0	
376499	0	0	0	0	0	167	0	0	0	0	0	0	
377246	0	0	0	0	0	187	0	0	0	0	0	0	
377994	0	0	0	0	0	201	0	0	0	0	0	0	
378743	0	0	0	0	0	183	0	0	0	0	0	0	
379491	0	0	0	0	0	177	0	0	0	0	0	0	
380238	0	0	0	0	0	179	0	0	0	0	0	0	
380989	0	0	0	0	0	175	0	0	0	0	0	0	
381737	0	0	0	0	0	159	0	0	0	0	0	0	
382484	0	0	0	0	0	209	0	0	0	0	0	0	
383232	0	0	0	0	0	171	0	0	0	0	0	0	
383982	0	0	0	0	0	191	0	0	0	0	0	0	
384733	0	0	0	0	0	213	0	0	0	0	0	0	
385482	0	0	0	0	0	0	161	0	0	0	0	0	
386230	0	0	0	0	0	0	145	0	0	0	0	0	
386979	0	0	0	0	0	0	135	0	0	0	0	0	
387725	0	0	0	0	0	0	143	0	0	0	0	0	
388476	0	0	0	0	0	0	141	0	0	0	0	0	
389223	0	0	0	0	0	0	139	0	0	0	0	0	
389973	0	0	0	0	0	0	151	0	0	0	0	0	
390725	0	0	0	0	0	0	145	0	0	0	0	0	
391475	0	0	0	0	0	0	141	0	0	0	0	0	
392219	0	0	0	0	0	0	157	0	0	0	0	0	
392972	0	0	0	0	0	0	141	0	0	0	0	0	
393723	0	0	0	0	0	0	157	0	0	0	0	0	
394476	0	0	0	0	0	0	133	0	0	0	0	0	
395226	0	0	0	0	0	0	129	0	0	0	0	0	
395975	0	0	0	0	0	0	145	0	0	0	0	0	
396721	0	0	0	0	0	0	157	0	0	0	0	0	
397469	0	0	0	0	0	0	143	0	0	0	0	0	
398222	0	0	0	0	0	1	140	0	0	0	0	0	
398968	0	0	0	0	0	0	153	0	0	0	0	0	
399719	0	0	0	0	0	0	113	0	0	0	0	0	
400470	0	0	0	0	0	0	127	0	0	0	0	0	
401226	0	0	0	0	0	0	143	0	0	0	0	0	
401972	0	0	0	0	0	0	151	0	0	0	0	0	
402720	0	0	0	0	0	0	117	0	0	0	0	0	
403470	0	0	0	0	0	0	141	0	0	0	0	0	
404219	0	0	0	0	0	0	125	0	0	0	0	0	
404966	0	0	0	0	0	0	145	0	0	0	0	0	
405717	0	0	0	0	0	0	143	0	0	0	0	0	
406464	0	0	0	0	0	0	0	125	0	0	0	0	
407216	0	0	0	0	0	0	0	113	0	0	0	0	
407968	0	0	0	0	0	0	0	127	0	0	0	0	
408718	0	0	0	0	0	0	0	133	0	0	0	0	
409469	0	0	0	0	0	0	0	97	0	0	0	0	
410218	0	0	0	0	0	0	0	113	0	0	0	0	
410968	0	0	0	0	0	0	0	109	0	0	0	0	
411722	0	0	0	0	0	0	0	121	0	0	0	0	
412470	0	0	0	0	0	0	0	129	0	0	0	0	
413220	0	0	0	0	0	0	0	127	0	0	0	0	
413970	0	0	0	0	0	0	0	125	0	0	0	0	
414721	0	0	0	0	0	0	0	123	0	0	0	0	
415469	0	0	0	0	0	0	0	107	0	0	0	0	
416221	0	0	0	0	0	0	0	87	0	0	0	0	
416970	0	0	0	0	0	0	0	111	0	0	0	0	
417718	0	0	0	0	0	0	0	113	0	0	0	0	
418468	0	0	0	0	0	0	0	111	0	0	0	0	
419213	0	0	0	0	0	0	0	123	0	0	0	0	
419960	0	0	0	0	0	0	0	129	0	0	0	0	
420709	0	0	0	0	0	0	0	91	0	0	0	0	
421458	0	0	0	0	0	0	0	121	0	0	0	0	
422207	0	0	0	0	0	0	0	111	0	0	0	0	
422959	0	0	0	0	0	0	0	105	0	0	0	0	
423709	0	0	0	0	0	0	0	119	0	0	0	0	
424460	0	0	0	0	0	0	0	127	0	0	0	0	
425212	0	0	0	0	0	0	0	141	0	0	0	0	
425964	0	0	0	0	0	0	0	123	0	0	0	0	
426712	0	0	0	0	0	0	0	113	0	0	0	0	
427460	0	0	0	0	0	0	0	107	0	0	0	0	
428208	0	0	0	0	0	0	0	107	0	0	0	0	
428961	0	0	0	0	0	0	0	127	0	0	0	0	
429710	0	0	0	0	0	0	0	107	0	0	0	0	
430459	0	0	0	0	0	0	139	0	0	0	0	0	
431212	0	0	0	0	0	0	145	0	0	0	0	0	
431964	0	0	0	0	0	0	123	0	0	0	0	0	
432716	0	0	0	0	0	0	159	0	0	0	0	0	
433466	0	0	0	0	0	0	147	0	0	0	0	0	
434218	0	0	0	0	0	0	143	0	0	0	0	0	
434968	0	0	0	0	0	0	135	0	0	0	0	0	
435716	0	0	0	0	0	0	159	0	0	0	0	0	
436466	0	0	0	0	0	0	141	0	0	0	0	0	
437214	0	0	0	0	0	0	133	0	0	0	0	0	
437962	0	0	0	0	0	0	133	0	0	0	0	0	
438713	0	0	0	0	0	0	151	0	0	0	0	0	
439464	0	0	0	0	0	0	137	0	0	0	0	0	
440215	0	0	0	0	0	0	157	0	0	0	0	0	
440969	0	0	0	0	0	0	159	0	0	0	0	0	
441718	0	0	0	0	0	0	133	0	0	0	0	0	
442466	0	0	0	0	0	0	129	0	0	0	0	0	
443218	0	0	0	0	0	0	165	0	0	0	0	0	
443969	0	0	0	0	0	0	153	0	0	0	0	0	
444718	0	0	0	0	0	0	145	0	0	0	0	0	
445467	0	0	0	0	0	0	133	0	0	0	0	0	
446219	0	0	0	0	0	0	123	0	0	0	0	0	
446970	0	0	0	0	0	0	135	0	0	0	0	0	
447722	0	0	0	0	0	0	147	0	0	0	0	0	
448473	0	0	0	0	0	0	163	0	0	0	0	0	
449224	0	0	0	0	0	0	117	0	0	0	0	0	
449978	0	0	0	0	0	0	129	0	0	0	0	0	
450728	0	0	0	0	0	0	111	0	0	0	0	0	
451482	0	0	0	0	0	0	147	0	0	0	0	0	
452231	0	0	0	0	0	0	123	0	0	0	0	0	
452980	0	0	0	0	0	0	119	0	0	0	0	0	
453732	0	0	0	0	0	0	143	0	0	0	0	0	
454480	0	0	0	0	0	0	131	0	0	0	0	0	
455232	0	0	0	0	0	0	161	0	0	0	0	0	
455984	0	0	0	0	0	0	117	0	0	0	0	0	
456732	0	0	0	0	0	0	169	0	0	0	0	0	
457481	0	0	0	0	0	0	131	0	0	0	0	0	
458230	0	0	0	0	0	0	161	0	0	0	0	0	
458981	0	0	0	0	0	0	119	0	0	0	0	0	
459728	0	0	0	0	0	0	137	0	0	0	0	0	
460476	0	0	0	0	0	0	149	0	0	0	0	0	
461221	0	0	0	0	0	0	133	0	0	0	0	0	
461970	0	0	0	0	0	0	139	0	0	0	0	0	
462720	0	0	0	0	0	0	139	0	0	0	0	0	
463470	0	0	0	0	0	0	149	0	0	0	0	0	
464221	0	0	0	0	0	0	139	0	0	0	0	0	
464974	0	0	0	0	0	0	139	0	0	0	0	0	
465726	0	0	0	0	0	0	141	0	0	0	0	0	
466477	0	0	0	0	0	0	137	0	0	0	0	0	
467227	0	0	0	0	0	0	135	0	0	0	0	0	
467977	0	0	0	0	0	0	141	0	0	0	0	0	
468723	0	0	0	0	0	0	141	0	0	0	0	0	
469473	0	0	0	0	0	0	161	0	0	0	0	0	
470226	0	0	0	0	0	185	0	0	0	0	0	0	
470978	0	0	0	0	0	149	0	0	0	0	0	0	
471729	0	0	0	0	0	169	0	0	0	0	0	0	
472479	0	0	0	0	0	185	0	0	0	0	0	0	
473234	0	0	0	0	0	181	0	0	0	0	0	0	
473985	0	0	0	0	0	181	0	0	0	0	0	0	
474735	0	0	0	0	0	165	0	0	0	0	0	0	
475488	0	0	0	0	0	183	0	0	0	0	0	0	
476239	0	0	0	0	0	195	0	0	0	0	0	0	
476987	0	0	0	0	0	175	0	0	0	0	0	0	
477737	0	0	0	0	0	183	0	0	0	0	0	0	
478492	0	0	0	0	0	173	0	0	0	0	0	0	
479244	0	0	0	0	37	144	0	0	0	0	0	0	
479990	0	0	0	0	0	173	0	0	0	0	0	0	
480741	0	0	0	0	0	189	0	0	0	0	0	0	
481488	0	0	0	0	0	175	0	0	0	0	0	0	
482237	0	0	0	0	0	181	0	0	0	0	0	0	
482989	0	0	0	0	0	173	0	0	0	0	0	0	
483742	0	0	0	0	0	173	0	0	0	0	0	0	
484491	0	0	0	0	0	161	0	0	0	0	0	0	
485239	0	0	0	0	0	183	0	0	0	0	0	0	
485988	0	0	0	0	0	171	0	0	0	0	0	0	
486736	0	0	0	0	0	177	0	0	0	0	0	0	
487485	0	0	0	0	0	175	0	0	0	0	0	0	
488232	0	0	0	0	0	167	0	0	0	0	0	0	
488982	0	0	0	0	199	0	0	0	0	0	0	0	
489733	0	0	0	0	207	0	0	0	0	0	0	0	
490484	0	0	0	0	211	0	0	0	0	0	0	0	
491235	0	0	0	0	209	0	0	0	0	0	0	0	
491983	0	0	0	0	215	0	0	0	0	0	0	0	
492732	0	0	0	0	221	0	0	0	0	0	0	0	
493486	0	0	0	0	229	0	0	0	0	0	0	0	
494232	0	0	0	0	217	0	0	0	0	0	0	0	
494981	0	0	0	0	221	0	0	0	0	0	0	0	
495728	0	0	0	0	237	0	0	0	0	0	0	0	
496480	0	0	0	0	223	0	0	0	0	0	0	0	
497229	0	0	0	220	35	0	0	0	0	0	0	0	
497981	0	0	0	0	217	0	0	0	0	0	0	0	
498731	0	0	0	0	181	0	0	0	0	0	0	0	
499478	0	0	0	0	243	0	0	0	0	0	0	0	
500229	0	0	0	0	219	0	0	0	0	0	0	0	
500978	0	0	0	0	215	0	0	0	0	0	0	0	
501727	0	0	0	0	225	0	0	0	0	0	0	0	
502476	0	0	0	0	201	0	0	0	0	0	0	0	
503223	0	0	0	0	205	0	0	0	0	0	0	0	
503970	0	0	0	0	225	0	0	0	0	0	0	0	
504721	0	0	0	0	227	0	0	0	0	0	0	0	
505473	0	0	0	0	217	0	0	0	0	0	0	0	
506221	0	0	0	0	100	79	0	0	0	0	0	0	
506971	0	0	0	0	205	0	0	0	0	0	0	0	
507718	0	0	0	0	211	0	0	0	0	0	0	0	
508466	0	0	0	0	219	0	0	0	0	0	0	0	
509218	0	0	0	0	219	0	0	0	0	0	0	0	
509969	0	0	0	0	209	0	0	0	0	0	0	0	
510719	0	0	0	0	209	0	0	0	0	0	0	0	
511473	0	0	0	0	215	0	0	0	0	0	0	0	
512221	0	0	0	0	203	0	0	0	0	0	0	0	
512971	0	0	0	0	215	0	0	0	0	0	0	0	
513719	0	0	0	0	223	0	0	0	0	0	0	0	
514471	0	0	0	0	219	0	0	0	0	0	0	0	
515224	0	0	0	0	221	0	0	0	0	0	0	0	
515977	0	0	0	0	209	0	0	0	0	0	0	0	
516728	0	0	0	0	199	0	0	0	0	0	0	0	
517478	0	0	0	0	197	0	0	0	0	0	0	0	
518230	0	0	0	0	189	0	0	0	0	0	0	0	
518982	0	0	0	0	233	0	0	0	0	0	0	0	
519733	0	0	0	0	219	0	0	0	0	0	0	0	
520483	0	0	0	0	213	0	0	0	0	0	0	0	
521236	0	0	0	0	207	0	0	0	0	0	0	0	
521987	0	0	0	0	253	0	0	0	0	0	0	0	
522737	0	0	0	0	221	0	0	0	0	0	0	0	
523488	0	0	0	0	227	0	0	0	0	0	0	0	
524238	0	0	0	0	189	0	0	0	0	0	0	0	
524988	0	0	0	0	223	0	0	0	0	0	0	0	
525737	0	0	0	0	207	0	0	0	0	0	0	0	
526489	0	0	0	0	223	0	0	0	0	0	0	0	
527236	0	0	0	0	215	0	0	0	0	0	0	0	
527989	0	0	0	0	221	0	0	0	0	0	0	0	
528740	0	0	0	0	215	0	0	0	0	0	0	0	
529493	0	0	0	0	213	0	0	0	0	0	0	0	
530240	0	0	0	0	199	0	0	0	0	0	0	0	
530990	0	0	0	0	243	0	0	0	0	0	0	0	
531742	0	0	0	0	213	0	0	0	0	0	0	0	
532495	0	0	0	0	211	0	0	0	0	0	0	0	
533246	0	0	0	0	219	0	0	0	0	0	0	0	
533995	0	0	0	0	217	0	0	0	0	0	0	0	
534748	0	0	0	0	211	0	0	0	0	0	0	0	
535494	0	0	0	0	243	0	0	0	0	0	0	0	
536243	0	0	0	0	207	0	0	0	0	0	0	0	
536994	0	0	0	0	183	0	0	0	0	0	0	0	
537742	0	0	0	0	211	0	0	0	0	0	0	0	
538492	0	0	0	0	223	0	0	0	0	0	0	0	
539239	0	0	0	0	213	0	0	0	0	0	0	0	
539988	0	0	0	0	0	173	0	0	0	0	0	0	
540737	0	0	0	0	0	163	0	0	0	0	0	0	
541488	0	0	0	0	0	179	0	0	0	0	0	0	
542237	0	0	0	0	0	167	0	0	0	0	0	0	
542985	0	0	0	0	0	171	0	0	0	0	0	0	
543734	0	0	0	0	0	161	0	0	0	0	0	0	
544486	0	0	0	0	0	185	0	0	0	0	0	0	
545235	0	0	0	0	0	165	0	0	0	0	0	0	
545984	0	0	0	0	0	169	0	0	0	0	0	0	
546732	0	0	0	0	0	177	0	0	0	0	0	0	
547480	0	0	0	0	0	181	0	0	0	0	0	0	
548233	0	0	0	0	0	165	0	0	0	0	0	0	
548982	0	0	0	0	0	147	0	0	0	0	0	0	
549732	0	0	0	0	0	181	0	0	0	0	0	0	
550485	0	0	0	0	0	161	0	0	0	0	0	0	
551233	0	0	0	0	0	179	0	0	0	0	0	0	
551981	0	0	0	0	0	201	0	0	0	0	0	0	
552731	0	0	0	0	0	169	0	0	0	0	0	0	
553478	0	0	0	0	0	199	0	0	0	0	0	0	
554226	0	0	0	0	0	191	0	0	0	0	0	0	
554974	0	0	0	0	0	175	0	0	0	0	0	0	
555726	0	0	0	0	0	167	0	0	0	0	0	0	
556477	0	0	0	0	0	173	0	0	0	0	0	0	
557225	0	0	0	0	0	169	0	0	0	0	0	0	
557974	0	0	0	0	0	175	0	0	0	0	0	0	
558722	0	0	0	0	0	167	0	0	0	0	0	0	
559470	0	0	0	0	0	155	0	0	0	0	0	0	
560217	0	0	0	0	0	181	0	0	0	0	0	0	
560968	0	0	0	0	0	173	0	0	0	0	0	0	
561718	0	0	0	0	0	173	0	0	0	0	0	0	
562467	0	0	0	0	0	179	0	0	0	0	0	0	
563216	0	0	0	0	0	199	0	0	0	0	0	0	
563961	0	0	0	0	0	187	0	0	0	0	0	0	
564711	0	0	0	0	0	157	0	0	0	0	0	0	
565460	0	0	0	0	0	169	0	0	0	0	0	0	
566211	0	0	0	0	0	177	2	0	0	0	0	0	
566959	0	0	0	0	0	167	0	0	0	0	0	0	
567711	0	0	0	0	0	161	0	0	0	0	0	0	
568458	0	0	0	0	0	179	0	0	0	0	0	0	
569209	0	0	0	0	9	166	0	0	0	0	0	0	
569959	0	0	0	0	0	177	0	0	0	0	0	0	
570710	0	0	0	0	0	151	0	0	0	0	0	0	
571459	0	0	0	0	0	183	0	0	0	0	0	0	
572211	0	0	0	0	0	155	0	0	0	0	0	0	
572961	0	0	0	0	0	193	0	0	0	0	0	0	
573712	0	0	0	0	0	159	0	0	0	0	0	0	
574459	0	0	0	0	0	181	0	0	0	0	0	0	
575208	0	0	0	0	0	177	0	0	0	0	0	0	
575954	0	0	0	0	0	173	0	0	0	0	0	0	
576706	0	0	0	0	0	163	0	0	0	0	0	0	
577455	0	0	0	0	0	181	0	0	0	0	0	0	
578205	0	0	0	0	37	150	0	0	0	0	0	0	
578957	0	0	0	0	0	149	0	0	0	0	0	0	
579707	0	0	0	0	0	0	141	0	0	0	0	0	
580458	0	0	0	0	0	0	151	0	0	0	0	0	
581208	0	0	0	0	0	0	125	0	0	0	0	0	
581959	0	0	0	0	0	0	135	0	0	0	0	0	
582710	0	0	0	0	0	0	135	0	0	0	0	0	
583464	0	0	0	0	0	0	157	0	0	0	0	0	
584212	0	0	0	0	0	0	151	0	0	0	0	0	
584963	0	0	0	0	0	0	169	0	0	0	0	0	
585710	0	0	0	0	0	0	137	0	0	0	0	0	
586460	0	0	0	0	0	0	0	101	0	0	0	0	
587209	0	0	0	0	0	0	0	127	0	0	0	0	
587955	0	0	0	0	0	0	0	133	0	0	0	0	
588705	0	0	0	0	0	0	0	121	0	0	0	0	
589457	0	0	0	0	0	0	0	123	0	0	0	0	
590209	0	0	0	0	0	0	0	135	0	0	0	0	
590957	0	0	0	0	0	0	0	125	0	0	0	0	
591707	0	0	0	0	0	0	0	103	0	0	0	0	
592460	0	0	0	0	0	0	0	111	0	0	0	0	
593211	0	0	0	0	0	0	0	117	0	0	0	0	
593963	0	0	0	0	0	0	0	137	0	0	0	0	
594714	0	0	0	0	0	0	0	119	0	0	0	0	
595465	0	0	0	0	0	0	0	95	0	0	0	0	
596215	0	0	0	0	0	0	0	111	0	0	0	0	
596968	0	0	0	0	0	0	0	109	0	0	0	0	
597716	0	0	0	0	0	0	0	117	0	0	0	0	
598463	0	0	0	0	0	0	0	101	0	0	0	0	
599214	0	0	0	0	0	0	0	121	0	0	0	0	
599966	0	0	0	0	0	0	0	121	0	0	0	0	
600715	0	0	0	0	0	0	0	93	0	0	0	0	
601467	0	0	0	0	0	0	0	91	0	0	0	0	
602216	0	0	0	0	0	0	0	115	0	0	0	0	
602963	0	0	0	0	0	0	0	137	0	0	0	0	
603712	0	0	0	0	0	0	0	123	0	0	0	0	
604465	0	0	0	0	0	0	0	131	0	0	0	0	
605214	0	0	0	0	0	0	0	127	0	0	0	0	
605966	0	0	0	0	0	0	0	133	0	0	0	0	
606717	0	0	0	0	0	0	0	121	0	0	0	0	
607466	0	0	0	0	0	0	0	105	0	0	0	0	
608216	0	0	0	0	0	0	0	99	0	0	0	0	
608964	0	0	0	0	0	0	0	133	0	0	0	0	
609712	0	0	0	0	0	0	0	113	0	0	0	0	
610464	0	0	0	0	0	0	0	91	0	0	0	0	
611216	0	0	0	0	0	0	0	111	0	0	0	0	
611966	0	0	0	0	0	0	0	113	0	0	0	0	
612719	0	0	0	0	0	0	0	137	0	0	0	0	
613468	0	0	0	0	0	0	0	123	0	0	0	0	
614216	0	0	0	0	0	0	0	97	0	0	0	0	
614965	0	0	0	0	0	0	0	123	0	0	0	0	
615717	0	0	0	0	0	0	0	135	0	0	0	0	
616467	0	0	0	0	0	0	0	109	0	0	0	0	
617217	0	0	0	0	0	0	0	115	0	0	0	0	
617967	0	0	0	0	0	0	0	115	0	0	0	0	
618714	0	0	0	0	0	0	0	101	0	0	0	0	
619465	0	0	0	0	0	0	0	99	0	0	0	0	
620215	0	0	0	0	0	0	0	105	0	0	0	0	
620967	0	0	0	0	0	0	0	101	0	0	0	0	
621721	0	0	0	0	0	0	0	103	0	0	0	0	
622472	0	0	0	0	0	0	0	117	0	0	0	0	
623222	0	0	0	0	0	0	0	0	105	0	0	0	
623967	0	0	0	0	0	0	0	0	91	0	0	0	
624717	0	0	0	0	0	0	0	0	97	0	0	0	
625468	0	0	0	0	0	0	0	0	103	0	0	0	
626217	0	0	0	0	0	0	0	0	77	0	0	0	
626965	0	0	0	0	0	0	0	0	99	0	0	0	
627715	0	0	0	0	0	0	0	0	97	0	0	0	
628467	0	0	0	0	0	0	0	0	73	0	0	0	
629216	0	0	0	0	0	0	0	0	93	0	0	0	
629963	0	0	0	0	0	0	0	0	93	0	0	0	
630715	0	0	0	0	0	0	0	0	95	0	0	0	
631465	0	0	0	0	0	0	0	0	107	0	0	0	
632214	0	0	0	0	0	0	0	0	107	0	0	0	
632961	0	0	0	0	0	0	0	0	81	0	0	0	
633714	0	0	0	0	0	0	0	0	81	0	0	0	
634461	0	0	0	0	0	0	0	0	75	0	0	0	
635209	0	0	0	0	0	0	0	0	0	77	0	0	
635956	0	0	0	0	0	0	0	0	0	71	0	0	
636706	0	0	0	0	0	0	0	0	0	79	0	0	
637453	0	0	0	0	0	0	0	0	0	75	0	0	
638203	0	0	0	0	0	0	0	0	0	81	0	0	
638958	0	0	0	0	0	0	0	0	0	69	0	0	
639704	0	0	0	0	0	0	0	0	0	83	0	0	
640453	0	0	0	0	0	0	0	0	0	71	0	0	
641203	0	0	0	0	0	0	0	0	0	71	0	0	
641953	0	0	0	0	0	0	0	0	0	91	0	0	
642702	0	0	0	0	0	0	0	0	0	59	0	0	
643453	0	0	0	0	0	0	0	0	0	85	0	0	
644203	0	0	0	0	0	0	0	0	0	67	0	0	
644953	0	0	0	0	0	0	0	0	0	69	0	0	
645701	0	0	0	0	0	0	0	0	0	77	0	0	
646453	0	0	0	0	0	0	0	0	0	51	0	0	
647204	0	0	0	0	0	0	0	0	0	81	0	0	
647952	0	0	0	0	0	0	0	0	0	71	0	0	
648698	0	0	0	0	0	0	0	0	0	0	49	0	
649449	0	0	0	0	0	0	0	0	0	0	51	0	
650197	0	0	0	0	0	0	0	0	0	0	59	0	
650949	0	0	0	0	0	0	0	0	0	0	57	0	
651694	0	0	0	0	0	0	0	0	0	0	55	0	
652445	0	0	0	0	0	0	0	0	0	0	63	0	
653194	0	0	0	0	0	0	0	0	0	0	77	0	
653944	0	0	0	0	0	0	0	0	0	93	0	0	
654696	0	0	0	0	0	0	0	0	0	77	0	0	
655448	0	0	0	0	0	0	0	0	0	85	0	0	
656203	0	0	0	0	0	0	0	0	0	83	0	0	
656954	0	0	0	0	0	0	0	0	0	71	0	0	
657704	0	0	0	0	0	0	0	0	0	75	0	0	
658451	0	0	0	0	0	0	0	0	97	0	0	0	
659199	0	0	0	0	0	0	0	0	97	0	0	0	
659945	0	0	0	0	0	0	0	0	99	0	0	0	
660696	0	0	0	0	0	0	0	0	85	0	0	0	
661447	0	0	0	0	0	0	0	0	93	0	0	0	
662201	0	0	0	0	0	0	0	0	79	0	0	0	
662952	0	0	0	0	0	0	0	0	101	0	0	0	
663702	0	0	0	0	0	0	0	0	87	0	0	0	
664451	0	0	0	0	0	0	0	101	0	0	0	0	
665200	0	0	0	0	0	0	0	111	0	0	0	0	
665949	0	0	0	0	0	0	0	121	0	0	0	0	
666698	0	0	0	0	0	0	0	121	0	0	0	0	
667451	0	0	0	0	0	0	0	127	2	0	0	0	
668199	0	0	0	0	0	0	11	118	0	0	0	0	
668945	0	0	0	0	0	0	0	117	0	0	0	0	
669694	0	0	0	0	0	0	0	129	0	0	0	0	
670443	0	0	0	0	0	0	0	97	0	0	0	0	
671195	0	0	0	0	0	0	0	127	0	0	0	0	
671944	0	0	0	0	0	0	0	103	0	0	0	0	
672699	0	0	0	0	0	0	0	125	0	0	0	0	
673449	0	0	0	0	0	0	0	121	0	0	0	0	
674202	0	0	0	0	0	0	0	113	0	0	0	0	
674954	0	0	0	0	0	0	0	113	0	0	0	0	
675706	0	0	0	0	0	0	0	117	0	0	0	0	
676456	0	0	0	0	0	0	0	125	0	0	0	0	
677208	0	0	0	0	0	0	0	113	0	0	0	0	
677958	0	0	0	0	0	0	0	101	0	0	0	0	
678708	0	0	0	0	0	0	0	111	0	0	0	0	
679455	0	0	0	0	0	0	0	127	0	0	0	0	
680204	0	0	0	0	0	0	0	111	0	0	0	0	
680955	0	0	0	0	0	0	0	111	0	0	0	0	
681703	0	0	0	0	0	0	0	95	0	0	0	0	
682455	0	0	0	0	0	0	0	125	0	0	0	0	
683202	0	0	0	0	0	0	0	109	0	0	0	0	
683952	0	0	0	0	0	0	117	0	0	0	0	0	
684702	0	0	0	0	0	0	135	0	0	0	0	0	
685451	0	0	0	0	0	0	131	0	0	0	0	0	
686206	0	0	0	0	0	0	147	0	0	0	0	0	
686953	0	0	0	0	0	0	149	0	0	0	0	0	
687702	0	0	0	0	0	0	151	0	0	0	0	0	
688454	0	0	0	0	0	0	155	0	0	0	0	0	
689200	0	0	0	0	0	0	133	0	0	0	0	0	
689952	0	0	0	0	0	0	155	0	0	0	0	0	
690703	0	0	0	0	0	0	135	0	0	0	0	0	
691456	0	0	0	0	0	0	141	0	0	0	0	0	
692205	0	0	0	0	0	0	137	0	0	0	0	0	
692951	0	0	0	0	0	0	131	0	0	0	0	0	
693698	0	0	0	0	0	0	141	0	0	0	0	0	
694443	0	0	0	0	0	0	147	0	0	0	0	0	
695193	0	0	0	0	0	0	145	0	0	0	0	0	
695942	0	0	0	0	0	0	125	0	0	0	0	0	
696693	0	0	0	0	0	0	129	0	0	0	0	0	
697445	0	0	0	0	0	0	123	0	0	0	0	0	
698195	0	0	0	0	0	0	153	0	0	0	0	0	
698945	0	0	0	0	0	0	145	0	0	0	0	0	
699693	0	0	0	0	0	0	139	0	0	0	0	0	
700439	0	0	0	0	0	0	157	0	0	0	0	0	
701188	0	0	0	0	0	0	141	0	0	0	0	0	
701936	0	0	0	0	0	0	145	0	0	0	0	0	
702682	0	0	0	0	0	0	161	0	0	0	0	0	
703433	0	0	0	0	0	0	135	0	0	0	0	0	
704186	0	0	0	0	0	0	113	0	0	0	0	0	
704936	0	0	0	0	0	0	127	0	0	0	0	0	
705683	0	0	0	0	0	0	127	0	0	0	0	0	
706436	0	0	0	0	0	0	141	0	0	0	0	0	
707188	0	0	0	0	0	0	147	0	0	0	0	0	
707937	0	0	0	0	0	0	153	0	0	0	0	0	
708684	0	0	0	0	0	0	139	0	0	0	0	0	
709436	0	0	0	0	0	0	147	0	0	0	0	0	
710188	0	0	0	0	0	0	149	0	0	0	0	0	
710935	0	0	0	0	0	0	131	0	0	0	0	0	
711683	0	0	0	0	0	183	0	0	0	0	0	0	
712432	0	0	0	0	0	193	0	0	0	0	0	0	
713185	0	0	0	0	0	181	0	0	0	0	0	0	
713940	0	0	0	0	0	173	0	0	0	0	0	0	
714690	0	0	0	0	0	0	135	0	0	0	0	0	
715440	0	0	0	0	0	0	145	0	0	0	0	0	
716188	0	0	0	0	0	0	167	0	0	0	0	0	
716939	0	0	0	0	0	0	159	0	0	0	0	0	
717690	0	0	0	0	0	0	139	0	0	0	0	0	
718441	0	0	0	0	0	0	153	0	0	0	0	0	
719194	0	0	0	0	0	0	155	0	0	0	0	0	
719947	0	0	0	0	0	0	133	0	0	0	0	0	
720698	0	0	0	0	0	0	125	0	0	0	0	0	
721446	0	0	0	0	0	0	161	0	0	0	0	0	
722197	0	0	0	0	0	0	151	0	0	0	0	0	
722946	0	0	0	0	0	0	137	0	0	0	0	0	
723699	0	0	0	0	0	0	155	0	0	0	0	0	
724452	0	0	0	0	0	0	0	123	0	0	0	0	
725200	0	0	0	0	0	0	0	117	0	0	0	0	
725952	0	0	0	0	0	0	0	115	0	0	0	0	
726702	0	0	0	0	0	0	0	105	0	0	0	0	
727449	0	0	0	0	0	0	0	99	0	0	0	0	
728201	0	0	0	0	0	0	0	119	0	0	0	0	
728950	0	0	0	0	0	0	0	129	0	0	0	0	
729701	0	0	0	0	0	0	0	0	97	0	0	0	
730455	0	0	0	0	0	0	0	0	95	0	0	0	
731207	0	0	0	0	0	0	0	0	81	0	0	0	
731960	0	0	0	0	0	0	0	0	95	0	0	0	
732711	0	0	0	0	0	0	0	0	103	0	0	0	
733461	0	0	0	0	0	0	0	0	99	0	0	0	
734210	0	0	0	0	0	0	0	0	95	0	0	0	
734958	0	0	0	0	0	0	0	0	91	0	0	0	
735707	0	0	0	0	0	0	0	0	101	0	0	0	
736458	0	0	0	0	0	0	0	0	101	0	0	0	
737210	0	0	0	0	0	0	0	0	93	0	0	0	
737958	0	0	0	0	0	0	0	0	93	0	0	0	
738706	0	0	0	0	0	0	0	0	91	0	0	0	
739455	0	0	0	0	0	0	0	0	77	0	0	0	
740207	0	0	0	0	0	0	0	0	95	0	0	0	
740958	0	0	0	0	0	0	0	0	103	0	0	0	
741707	0	0	0	0	0	0	0	0	103	0	0	0	
742455	0	0	0	0	0	0	0	0	91	0	0	0	
743201	0	0	0	0	0	0	0	0	97	0	0	0	
743950	0	0	0	0	0	0	0	0	99	0	0	0	
744700	0	0	0	0	0	0	0	0	109	0	0	0	
745448	0	0	0	0	0	0	0	0	99	0	0	0	
746198	0	0	0	0	0	0	0	0	93	0	0	0	
746946	0	0	0	0	0	0	0	0	93	0	0	0	
747697	0	0	0	0	0	0	0	0	99	0	0	0	
748449	0	0	0	0	0	0	0	0	87	0	0	0	
749197	0	0	0	0	0	0	0	0	87	0	0	0	
749946	0	0	0	0	0	0	0	0	101	0	0	0	
750699	0	0	0	0	0	0	0	0	91	0	0	0	
751448	0	0	0	0	0	0	0	0	95	0	0	0	
752194	0	0	0	0	0	0	0	0	85	0	0	0	
752941	0	0	0	0	0	0	0	0	95	0	0	0	
753690	0	0	0	0	0	0	0	0	95	0	0	0	
754444	0	0	0	0	0	0	0	0	99	0	0	0	
755195	0	0	0	0	0	0	0	0	91	0	0	0	
755948	0	0	0	0	0	0	0	0	91	0	0	0	
756697	0	0	0	0	0	0	0	0	89	0	0	0	
757447	0	0	0	0	0	0	0	0	91	0	0	0	
758196	0	0	0	0	0	0	0	0	85	0	0	0	
758943	0	0	0	0	0	0	0	0	0	67	0	0	
759691	0	0	0	0	0	0	0	0	0	71	0	0	
760441	0	0	0	0	0	0	0	0	0	71	0	0	
761191	0	0	0	0	0	0	0	0	0	67	0	0	
761941	0	0	0	0	0	0	0	0	0	77	0	0	
762695	0	0	0	0	0	0	0	0	0	75	0	0	
763443	0	0	0	0	0	0	0	0	0	77	0	0	
764192	0	0	0	0	0	0	0	0	0	75	0	0	
764940	0	0	0	0	0	0	0	0	0	65	0	0	
765689	0	0	0	0	0	0	0	0	0	89	0	0	
766438	0	0	0	0	0	0	0	0	0	0	49	0	
767189	0	0	0	0	0	0	0	0	0	0	67	0	
767940	0	0	0	0	0	0	0	0	0	65	0	0	
768692	0	0	0	0	0	0	0	0	0	57	0	0	
769444	0	0	0	0	0	0	0	0	0	73	0	0	
770194	0	0	0	0	0	0	0	0	0	79	0	0	
770943	0	0	0	0	0	0	0	0	0	73	0	0	
771692	0	0	0	0	0	0	0	0	0	79	0	0	
772442	0	0	0	0	0	0	0	0	0	77	0	0	
773191	0	0	0	0	0	0	0	0	0	73	0	0	
773945	0	0	0	0	0	0	0	0	0	79	0	0	
774694	0	0	0	0	0	0	0	0	0	81	0	0	
775445	0	0	0	0	0	0	0	0	0	67	0	0	
776197	0	0	0	0	0	0	0	0	0	79	0	0	
776948	0	0	0	0	0	0	0	0	0	83	0	0	
777699	0	0	0	0	0	0	0	0	0	75	0	0	
778443	0	0	0	0	0	0	0	0	0	67	0	0	
779195	0	0	0	0	0	0	0	0	0	77	0	0	
779945	0	0	0	0	0	0	0	0	0	51	0	0	
780693	0	0	0	0	0	0	0	0	0	83	0	0	
781445	0	0	0	0	0	0	0	0	0	77	0	0	
782196	0	0	0	0	0	0	0	0	0	79	0	0	
782946	0	0	0	0	0	0	0	0	0	75	0	0	
783696	0	0	0	0	0	0	0	0	0	75	0	0	
784444	0	0	0	0	0	0	0	0	0	73	0	0	
785194	0	0	0	0	0	0	0	0	0	79	0	0	
785942	0	0	0	0	0	0	0	0	0	73	0	0	
786693	0	0	0	0	0	0	0	0	0	73	0	0	
787445	0	0	0	0	0	0	0	0	0	87	0	0	
788200	0	0	0	0	0	0	0	0	0	67	0	0	
788950	0	0	0	0	0	0	0	0	95	0	0	0	
789699	0	0	0	0	0	0	0	0	97	0	0	0	
790453	0	0	0	0	0	0	0	0	0	87	0	0	
791203	0	0	0	0	0	0	0	0	0	87	0	0	
791951	0	0	0	0	0	0	0	0	0	69	0	0	
792699	0	0	0	0	0	0	0	0	0	89	0	0	
793446	0	0	0	0	0	0	0	0	0	67	0	0	
794196	0	0	0	0	0	0	0	0	0	67	0	0	
794948	0	0	0	0	0	0	0	0	0	81	0	0	
795699	0	0	0	0	0	0	0	0	0	75	0	0	
796446	0	0	0	0	0	0	0	0	95	0	0	0	
797194	0	0	0	0	0	0	0	0	83	0	0	0	
797947	0	0	0	0	0	0	0	0	81	0	0	0	
798697	0	0	0	0	0	0	0	0	95	0	0	0	
799449	0	0	0	0	0	0	0	0	97	0	0	0	
800198	0	0	0	0	0	0	0	0	105	0	0	0	
800947	0	0	0	0	0	0	0	0	93	0	0	0	
801700	0	0	0	0	0	0	0	0	111	0	0	0	
802448	0	0	0	0	0	0	0	0	87	0	0	0	
803198	0	0	0	0	0	0	0	0	97	0	0	0	
803947	0	0	0	0	0	0	0	0	81	0	0	0	
804698	0	0	0	0	0	0	0	0	87	0	0	0	
805448	0	0	0	0	0	0	0	131	0	0	0	0	
806197	0	0	0	0	0	0	0	97	0	0	0	0	
806945	0	0	0	0	0	0	0	129	0	0	0	0	
807696	0	0	0	0	0	0	0	105	0	0	0	0	
808446	0	0	0	0	0	0	0	109	0	0	0	0	
809194	0	0	0	0	0	0	0	119	0	0	0	0	
809944	0	0	0	0	0	0	0	131	0	0	0	0	
810696	0	0	0	0	0	0	0	111	0	0	0	0	
811449	0	0	0	0	0	0	0	101	0	0	0	0	
812201	0	0	0	0	0	0	0	115	0	0	0	0	
812949	0	0	0	0	0	0	0	123	0	0	0	0	
813702	0	0	0	0	0	0	0	113	0	0	0	0	
814453	0	0	0	0	0	0	0	103	0	0	0	0	
815200	0	0	0	0	0	0	0	103	0	0	0	0	
815951	0	0	0	0	0	0	0	109	0	0	0	0	
816700	0	0	0	0	0	0	0	115	0	0	0	0	
817452	0	0	0	0	0	0	0	117	0	0	0	0	
818202	0	0	0	0	0	0	0	113	0	0	0	0	
818950	0	0	0	0	0	0	167	0	0	0	0	0	
819700	0	0	0	0	0	0	131	0	0	0	0	0	
820451	0	0	0	0	0	0	139	0	0	0	0	0	
821203	0	0	0	0	0	0	157	0	0	0	0	0	
821951	0	0	0	0	0	0	133	0	0	0	0	0	
822705	0	0	0	0	0	0	145	0	0	0	0	0	
823453	0	0	0	0	0	0	145	0	0	0	0	0	
824200	0	0	0	0	0	0	135	0	0	0	0	0	
824951	0	0	0	0	0	0	123	0	0	0	0	0	
825705	0	0	0	0	0	0	125	0	0	0	0	0	
826458	0	0	0	0	0	0	145	0	0	0	0	0	
827207	0	0	0	0	0	0	119	0	0	0	0	0	
827956	0	0	0	0	0	0	127	0	0	0	0	0	
828705	0	0	0	0	0	0	127	0	0	0	0	0	
829455	0	0	0	0	0	0	119	0	0	0	0	0	
830203	0	0	0	0	0	0	139	0	0	0	0	0	
830952	0	0	0	0	0	0	137	0	0	0	0	0	
831703	0	0	0	0	0	0	141	0	0	0	0	0	
832453	0	0	0	0	0	0	135	0	0	0	0	0	
833204	0	0	0	0	0	0	165	0	0	0	0	0	
833953	0	0	0	0	0	0	151	0	0	0	0	0	
834704	0	0	0	0	0	0	149	0	0	0	0	0	
835452	0	0	0	0	0	0	121	0	0	0	0	0	
836205	0	0	0	0	0	0	131	0	0	0	0	0	
836956	0	0	0	0	0	0	157	0	0	0	0	0	
837708	0	0	0	0	0	0	171	0	0	0	0	0	
838456	0	0	0	0	0	0	125	0	0	0	0	0	
839203	0	0	0	0	0	0	131	0	0	0	0	0	
839953	0	0	0	0	0	0	149	0	0	0	0	0	
840702	0	0	0	0	0	0	113	0	0	0	0	0	
841453	0	0	0	0	0	0	163	0	0	0	0	0	
842201	0	0	0	0	0	0	137	0	0	0	0	0	
842950	0	0	0	0	0	0	149	0	0	0	0	0	
843699	0	0	0	0	0	0	139	0	0	0	0	0	
844453	0	0	0	0	0	0	151	0	0	0	0	0	
845201	0	0	0	0	0	0	131	0	0	0	0	0	
845953	0	0	0	0	0	0	130	5	0	0	0	0	
846704	0	0	0	0	0	0	157	0	0	0	0	0	
847453	0	0	0	0	0	0	147	0	0	0	0	0	
848200	0	0	0	0	0	0	123	0	0	0	0	0	
848952	0	0	0	0	0	0	149	0	0	0	0	0	
849702	0	0	0	0	0	0	167	0	0	0	0	0	
850455	0	0	0	0	0	0	139	0	0	0	0	0	
851205	0	0	0	0	0	0	139	0	0	0	0	0	
851956	0	0	0	0	0	0	147	0	0	0	0	0	
852704	0	0	0	0	0	0	135	0	0	0	0	0	
853455	0	0	0	0	0	0	153	0	0	0	0	0	
854203	0	0	0	0	0	0	153	0	0	0	0	0	
854954	0	0	0	0	0	0	135	0	0	0	0	0	
855703	0	0	0	0	0	0	133	0	0	0	0	0	
856454	0	0	0	0	0	0	149	0	0	0	0	0	
857203	0	0	0	0	0	0	145	0	0	0	0	0	
857952	0	0	0	0	0	0	149	0	0	0	0	0	
858700	0	0	0	0	0	0	157	0	0	0	0	0	
859450	0	0	0	0	0	0	145	0	0	0	0	0	
860202	0	0	0	0	0	0	141	0	0	0	0	0	
860948	0	0	0	0	0	0	169	0	0	0	0	0	
861697	0	0	0	0	0	0	141	0	0	0	0	0	
862448	0	0	0	0	0	0	139	0	0	0	0	0	
863198	0	0	0	0	0	0	165	0	0	0	0	0	
863946	0	0	0	0	0	0	137	0	0	0	0	0	
864695	0	0	0	0	0	0	145	0	0	0	0	0	
865443	0	0	0	0	0	0	121	0	0	0	0	0	
866192	0	0	0	0	0	0	131	0	0	0	0	0	
866942	0	0	0	0	0	0	141	0	0	0	0	0	
867690	0	0	0	0	0	0	145	0	0	0	0	0	
868446	0	0	0	0	0	0	129	0	0	0	0	0	
869196	0	0	0	0	0	0	133	0	0	0	0	0	
869943	0	0	0	0	0	0	143	0	0	0	0	0	
870695	0	0	0	0	0	0	133	0	0	0	0	0	
871443	0	0	0	0	0	0	117	0	0	0	0	0	
872192	0	0	0	0	0	0	135	0	0	0	0	0	
872942	0	0	0	0	0	0	153	0	0	0	0	0	
873698	0	0	0	0	0	0	145	0	0	0	0	0	
874447	0	0	0	0	0	0	145	0	0	0	0	0	
875203	0	0	0	0	0	0	133	0	0	0	0	0	
875954	0	0	0	0	0	0	135	0	0	0	0	0	
876705	0	0	0	0	0	0	131	0	0	0	0	0	
877455	0	0	0	0	0	0	167	0	0	0	0	0	
878208	0	0	0	0	0	0	143	0	0	0	0	0	
878958	0	0	0	0	0	0	149	0	0	0	0	0	
879709	0	0	0	0	0	0	137	0	0	0	0	0	
880456	0	0	0	0	0	0	139	0	0	0	0	0	
881209	0	0	0	0	0	173	0	0	0	0	0	0	
881955	0	0	0	0	0	167	0	0	0	0	0	0	
882706	0	0	0	0	0	181	0	0	0	0	0	0	
883458	0	0	0	0	0	189	0	0	0	0	0	0	
884206	0	0	0	0	0	181	0	0	0	0	0	0	
884955	0	0	0	0	0	151	0	0	0	0	0	0	
885703	0	0	0	0	0	189	0	0	0	0	0	0	
886453	0	0	0	0	0	177	0	0	0	0	0	0	
887203	0	0	0	0	209	0	0	0	0	0	0	0	
887951	0	0	0	0	227	0	0	0	0	0	0	0	
888700	0	0	0	0	209	0	0	0	0	0	0	0	
889451	0	0	0	0	217	0	0	0	0	0	0	0	
890204	0	0	0	0	221	0	0	0	0	0	0	0	
890955	0	0	0	0	233	0	0	0	0	0	0	0	
891705	0	0	0	0	197	0	0	0	0	0	0	0	
892459	0	0	0	0	219	0	0	0	0	0	0	0	
893210	0	0	0	0	205	0	0	0	0	0	0	0	
893958	0	0	0	0	219	0	0	0	0	0	0	0	
894706	0	0	0	0	209	0	0	0	0	0	0	0	
895457	0	0	0	0	217	0	0	0	0	0	0	0	
896207	0	0	0	0	209	0	0	0	0	0	0	0	
896958	0	0	0	0	215	0	0	0	0	0	0	0	
897709	0	0	0	0	187	0	0	0	0	0	0	0	
898460	0	0	0	0	247	0	0	0	0	0	0	0	
899208	0	0	0	0	213	0	0	0	0	0	0	0	
899958	0	0	0	0	195	0	0	0	0	0	0	0	
900709	0	0	0	0	195	0	0	0	0	0	0	0	
901459	0	0	0	0	219	0	0	0	0	0	0	0	
902208	0	0	0	0	19	164	0	0	0	0	0	0	
902955	0	0	0	0	0	179	0	0	0	0	0	0	
903705	0	0	0	0	0	173	0	0	0	0	0	0	
904457	0	0	0	0	0	165	0	0	0	0	0	0	
905207	0	0	0	0	0	189	0	0	0	0	0	0	
905955	0	0	0	0	0	195	0	0	0	0	0	0	
906704	0	0	0	0	0	0	129	0	0	0	0	0	
907455	0	0	0	0	0	0	129	0	0	0	0	0	
908209	0	0	0	0	0	0	139	0	0	0	0	0	
908958	0	0	0	0	0	0	0	139	0	0	0	0	
909704	0	0	0	0	0	0	0	99	0	0	0	0	
910452	0	0	0	0	0	0	0	117	0	0	0	0	
911201	0	0	0	0	0	0	0	115	0	0	0	0	
911953	0	0	0	0	0	0	0	97	0	0	0	0	
912700	0	0	0	0	0	0	0	117	0	0	0	0	
913452	0	0	0	0	0	0	0	103	0	0	0	0	
914201	0	0	0	0	0	0	0	117	0	0	0	0	
914951	0	0	0	0	0	0	0	133	0	0	0	0	
915702	0	0	0	0	0	0	0	117	0	0	0	0	
916452	0	0	0	0	0	0	0	127	0	0	0	0	
917204	0	0	0	0	0	0	0	129	0	0	0	0	
917953	0	0	0	0	0	0	0	123	0	0	0	0	
918703	0	0	0	0	0	0	0	121	0	0	0	0	
919451	0	0	0	0	0	0	0	117	0	0	0	0	
920201	0	0	0	0	0	0	0	135	0	0	0	0	
920950	0	0	0	0	0	0	0	121	0	0	0	0	
921700	0	0	0	0	0	0	0	107	0	0	0	0	
922451	0	0	0	0	0	0	151	0	0	0	0	0	
923199	0	0	0	0	0	0	137	0	0	0	0	0	
923947	0	0	0	0	0	0	0	113	0	0	0	0	
924695	0	0	0	0	0	0	0	101	0	0	0	0	
925442	0	0	0	0	0	0	0	133	0	0	0	0	
926193	0	0	0	0	0	0	0	103	0	0	0	0	
926941	0	0	0	0	0	0	0	117	0	0	0	0	
927690	0	0	0	0	0	0	0	111	0	0	0	0	
928441	0	0	0	0	0	0	0	99	0	0	0	0	
929192	0	0	0	0	0	0	0	111	0	0	0	0	
929943	0	0	0	0	0	0	0	115	0	0	0	0	
930691	0	0	0	0	0	0	0	101	0	0	0	0	
931440	0	0	0	0	0	0	0	117	0	0	0	0	
932191	0	0	0	0	0	0	0	105	0	0	0	0	
932942	0	0	0	0	0	0	0	111	0	0	0	0	
933689	0	0	0	0	0	0	0	113	0	0	0	0	
934441	0	0	0	0	0	0	0	101	0	0	0	0	
935191	0	0	0	0	0	0	0	101	0	0	0	0	
935942	0	0	0	0	0	0	0	105	0	0	0	0	
936691	0	0	0	0	0	0	0	121	0	0	0	0	
937441	0	0	0	0	0	0	0	111	0	0	0	0	
938192	0	0	0	0	0	0	0	131	0	0	0	0	
938944	0	0	0	0	0	0	0	107	0	0	0	0	
939694	0	0	0	0	0	0	0	89	0	0	0	0	
940443	0	0	0	0	0	0	0	107	0	0	0	0	
941192	0	0	0	0	0	0	0	125	0	0	0	0	
941941	0	0	0	0	0	0	0	137	0	0	0	0	
942690	0	0	0	0	0	0	0	113	0	0	0	0	
943440	0	0	0	0	0	0	0	123	0	0	0	0	
944189	0	0	0	0	0	0	0	137	0	0	0	0	
944939	0	0	0	0	0	0	0	113	0	0	0	0	
945689	0	0	0	0	0	0	0	101	0	0	0	0	
946437	0	0	0	0	0	0	0	95	0	0	0	0	
947188	0	0	0	0	0	0	0	123	0	0	0	0	
947941	0	0	0	0	0	0	0	111	0	0	0	0	
948690	0	0	0	0	0	0	0	137	0	0	0	0	
949437	0	0	0	0	0	0	0	137	0	0	0	0	
950188	0	0	0	0	0	0	0	129	0	0	0	0	
950940	0	0	0	0	0	0	0	113	0	0	0	0	
951692	0	0	0	0	0	0	0	111	0	0	0	0	
952439	0	0	0	0	0	0	0	129	0	0	0	0	
953191	0	0	0	0	0	0	0	145	0	0	0	0	
953944	0	0	0	0	0	0	0	123	0	0	0	0	
954695	0	0	0	0	0	0	0	115	0	0	0	0	
955446	0	0	0	0	0	0	0	109	0	0	0	0	
956194	0	0	0	0	0	0	0	83	0	0	0	0	
956944	0	0	0	0	0	0	0	113	4	0	0	0	
957696	0	0	0	0	0	0	0	107	0	0	0	0	
958446	0	0	0	0	0	0	0	121	0	0	0	0	
959200	0	0	0	0	0	0	0	129	0	0	0	0	
959950	0	0	0	0	0	0	0	123	0	0	0	0	
960702	0	0	0	0	0	0	127	0	0	0	0	0	
961448	0	0	0	0	0	16	147	0	0	0	0	0	
962199	0	0	0	0	0	0	153	0	0	0	0	0	
962948	0	0	0	0	0	0	169	0	0	0	0	0	
963700	0	0	0	0	0	54	83	0	0	0	0	0	
964453	0	0	0	0	0	0	127	0	0	0	0	0	
965202	0	0	0	0	0	0	137	0	0	0	0	0	
965957	0	0	0	0	0	0	125	0	0	0	0	0	
966708	0	0	0	0	0	0	145	0	0	0	0	0	
967456	0	0	0	0	0	0	155	0	0	0	0	0	
968204	0	0	0	0	0	0	159	0	0	0	0	0	
968952	0	0	0	0	0	0	131	0	0	0	0	0	
969702	0	0	0	0	0	169	0	0	0	0	0	0	
970453	0	0	0	0	0	179	0	0	0	0	0	0	
971202	0	0	0	0	0	153	0	0	0	0	0	0	
971954	0	0	0	0	0	165	0	0	0	0	0	0	
972706	0	0	0	0	0	175	0	0	0	0	0	0	
973456	0	0	0	0	0	197	0	0	0	0	0	0	
974205	0	0	0	0	0	165	0	0	0	0	0	0	
974954	0	0	0	0	0	161	0	0	0	0	0	0	
975705	0	0	0	0	0	169	0	0	0	0	0	0	
976457	0	0	0	0	0	183	0	0	0	0	0	0	
977206	0	0	0	0	0	131	28	0	0	0	0	0	
977958	0	0	0	0	0	187	0	0	0	0	0	0	
978708	0	0	0	0	0	175	0	0	0	0	0	0	
979461	0	0	0	0	0	167	0	0	0	0	0	0	
980210	0	0	0	0	0	179	0	0	0	0	0	0	
980958	0	0	0	0	0	177	0	0	0	0	0	0	
981706	0	0	0	0	0	195	0	0	0	0	0	0	
982457	0	0	0	0	0	159	0	0	0	0	0	0	
983206	0	0	0	0	0	191	0	0	0	0	0	0	
983957	0	0	0	0	0	197	0	0	0	0	0	0	
984709	0	0	0	0	0	169	0	0	0	0	0	0	
985461	0	0	0	0	0	193	0	0	0	0	0	0	
986209	0	0	0	0	0	163	0	0	0	0	0	0	
986962	0	0	0	0	0	159	0	0	0	0	0	0	
987712	0	0	0	0	1	170	0	0	0	0	0	0	
988464	0	0	0	0	0	185	0	0	0	0	0	0	
989213	0	0	0	0	0	161	0	0	0	0	0	0	
989963	0	0	0	0	0	177	0	0	0	0	0	0	
990717	0	0	0	0	0	193	0	0	0	0	0	0	
991466	0	0	0	0	0	181	0	0	0	0	0	0	
992216	0	0	0	0	0	197	0	0	0	0	0	0	
992964	0	0	0	0	0	165	0	0	0	0	0	0	
993716	0	0	0	0	0	157	0	0	0	0	0	0	
994468	0	0	0	0	0	163	0	0	0	0	0	0	
995216	0	0	0	0	0	171	0	0	0	0	0	0	
995963	0	0	0	0	0	177	0	0	0	0	0	0	
996709	0	0	0	0	0	157	0	0	0	0	0	0	
997458	0	0	0	0	0	183	0	0	0	0	0	0	
998209	0	0	0	0	0	185	0	0	0	0	0	0	
998959	0	0	0	0	0	171	0	0	0	0	0	0	
999707	0	0	0	0	0	169	0	0	0	0	0	0	
1.00045e+06	0	0	0	0	0	161	0	0	0	0	0	0	
1.0012e+06	0	0	0	0	0	171	0	0	0	0	0	0	
1.00196e+06	0	0	0	0	0	167	0	0	0	0	0	0	
1.00271e+06	0	0	0	0	0	145	0	0	0	0	0	0	
1.00346e+06	0	0	0	0	0	157	0	0	0	0	0	0	
1.00421e+06	0	0	0	0	0	187	0	0	0	0	0	0	
1.00496e+06	0	0	0	0	0	175	0	0	0	0	0	0	
1.00571e+06	0	0	0	0	0	159	0	0	0	0	0	0	
1.00646e+06	0	0	0	0	0	167	0	0	0	0	0	0	
1.00721e+06	0	0	0	0	0	167	0	0	0	0	0	0	
1.00796e+06	0	0	0	0	0	191	0	0	0	0	0	0	
1.00871e+06	0	0	0	0	0	177	0	0	0	0	0	0	
1.00946e+06	0	0	0	0	0	177	0	0	0	0	0	0	
1.01021e+06	0	0	0	0	0	173	0	0	0	0	0	0	
1.01096e+06	0	0	0	0	0	78	91	0	0	0	0	0	
1.01171e+06	0	0	0	0	0	177	0	0	0	0	0	0	
1.01246e+06	0	0	0	0	0	195	0	0	0	0	0	0	
1.01322e+06	0	0	0	0	0	177	0	0	0	0	0	0	
1.01397e+06	0	0	0	0	0	183	0	0	0	0	0	0	
1.01472e+06	0	0	0	0	0	177	0	0	0	0	0	0	
1.01547e+06	0	0	0	0	0	169	0	0	0	0	0	0	
1.01622e+06	0	0	0	0	0	191	0	0	0	0	0	0	
1.01697e+06	0	0	0	0	0	161	0	0	0	0	0	0	
1.01772e+06	0	0	0	0	205	0	0	0	0	0	0	0	
1.01848e+06	0	0	0	0	223	0	0	0	0	0	0	0	
1.01922e+06	0	0	0	0	227	0	0	0	0	0	0	0	
1.01998e+06	0	0	0	0	247	0	0	0	0	0	0	0	
1.02073e+06	0	0	0	14	203	0	0	0	0	0	0	0	
1.02147e+06	0	0	0	261	0	0	0	0	0	0	0	0	
1.02222e+06	0	0	0	285	0	0	0	0	0	0	0	0	
1.02297e+06	0	0	0	279	0	0	0	0	0	0	0	0	
1.02372e+06	0	0	0	253	0	0	0	0	0	0	0	0	
1.02447e+06	0	0	0	267	0	0	0	0	0	0	0	0	
1.02523e+06	0	0	0	257	0	0	0	0	0	0	0	0	
1.02598e+06	0	0	0	283	0	0	0	0	0	0	0	0	
1.02673e+06	0	0	0	249	0	0	0	0	0	0	0	0	
1.02748e+06	0	0	0	273	0	0	0	0	0	0	0	0	
1.02822e+06	0	0	0	265	0	0	0	0	0	0	0	0	
1.02897e+06	0	0	0	265	0	0	0	0	0	0	0	0	
1.02973e+06	0	0	0	277	0	0	0	0	0	0	0	0	
1.03048e+06	0	0	0	275	0	0	0	0	0	0	0	0	
1.03123e+06	0	0	0	269	0	0	0	0	0	0	0	0	
1.03198e+06	0	0	0	275	0	0	0	0	0	0	0	0	
1.03273e+06	0	0	0	257	0	0	0	0	0	0	0	0	
1.03347e+06	0	0	0	255	0	0	0	0	0	0	0	0	
1.03422e+06	0	0	0	273	0	0	0	0	0	0	0	0	
1.03497e+06	0	0	0	0	209	0	0	0	0	0	0	0	
1.03572e+06	0	0	0	0	199	0	0	0	0	0	0	0	
1.03647e+06	0	0	0	0	243	0	0	0	0	0	0	0	
1.03722e+06	0	0	0	0	225	0	0	0	0	0	0	0	
1.03796e+06	0	0	0	0	209	0	0	0	0	0	0	0	
1.03871e+06	0	0	0	0	221	0	0	0	0	0	0	0	
1.03946e+06	0	0	0	0	189	0	0	0	0	0	0	0	
1.04021e+06	0	0	0	0	225	0	0	0	0	0	0	0	
1.04096e+06	0	0	0	0	227	0	0	0	0	0	0	0	
1.04171e+06	0	0	0	265	0	0	0	0	0	0	0	0	
1.04246e+06	0	0	0	283	0	0	0	0	0	0	0	0	
1.04321e+06	0	0	0	253	0	0	0	0	0	0	0	0	
1.04396e+06	0	0	0	287	0	0	0	0	0	0	0	0	
1.04471e+06	0	0	0	283	0	0	0	0	0	0	0	0	
1.04546e+06	0	0	7	250	0	0	0	0	0	0	0	0	
1.04621e+06	0	0	0	261	0	0	0	0	0	0	0	0	
1.04696e+06	0	0	0	275	0	0	0	0	0	0	0	0	
1.04771e+06	0	0	0	239	20	0	0	0	0	0	0	0	
1.04846e+06	0	0	0	265	0	0	0	0	0	0	0	0	
1.04921e+06	0	0	0	279	0	0	0	0	0	0	0	0	
1.04996e+06	0	0	0	251	0	0	0	0	0	0	0	0	
1.05071e+06	0	0	0	263	0	0	0	0	0	0	0	0	
1.05146e+06	0	0	0	259	0	0	0	0	0	0	0	0	
1.05221e+06	0	0	0	223	0	0	0	0	0	0	0	0	
1.05296e+06	0	0	0	255	0	0	0	0	0	0	0	0	
1.05371e+06	0	0	0	289	0	0	0	0	0	0	0	0	
1.05446e+06	0	0	0	265	0	0	0	0	0	0	0	0	
1.05521e+06	0	0	0	253	0	0	0	0	0	0	0	0	
1.05596e+06	0	0	2	243	0	0	0	0	0	0	0	0	
1.05671e+06	0	0	0	263	0	0	0	0	0	0	0	0	
1.05746e+06	0	0	0	247	0	0	0	0	0	0	0	0	
1.05821e+06	0	0	0	249	0	0	0	0	0	0	0	0	
1.05896e+06	0	0	0	261	0	0	0	0	0	0	0	0	
1.05971e+06	0	0	0	297	0	0	0	0	0	0	0	0	
1.06046e+06	0	0	0	261	0	0	0	0	0	0	0	0	
1.06121e+06	0	0	0	249	0	0	0	0	0	0	0	0	
1.06196e+06	0	0	0	253	0	0	0	0	0	0	0	0	
1.06271e+06	0	0	0	235	0	0	0	0	0	0	0	0	
1.06346e+06	0	0	0	251	0	0	0	0	0	0	0	0	
1.06422e+06	0	0	0	273	0	0	0	0	0	0	0	0	
1.06497e+06	0	0	0	265	0	0	0	0	0	0	0	0	
1.06571e+06	0	0	0	267	0	0	0	0	0	0	0	0	
1.06646e+06	0	0	0	255	0	0	0	0	0	0	0	0	
1.06722e+06	0	0	0	265	0	0	0	0	0	0	0	0	
1.06797e+06	0	0	0	269	0	0	0	0	0	0	0	0	
1.06872e+06	0	0	0	275	0	0	0	0	0	0	0	0	
1.06946e+06	0	0	0	271	0	0	0	0	0	0	0	0	
1.07021e+06	0	0	0	271	0	0	0	0	0	0	0	0	
1.07096e+06	0	0	0	265	0	0	0	0	0	0	0	0	
1.07172e+06	0	0	0	257	0	0	0	0	0	0	0	0	
1.07246e+06	0	0	0	267	0	0	0	0	0	0	0	0	
1.07321e+06	0	0	0	261	0	0	0	0	0	0	0	0	
1.07396e+06	0	0	0	223	0	0	0	0	0	0	0	0	
1.07471e+06	0	0	0	249	0	0	0	0	0	0	0	0	
1.07545e+06	0	0	0	279	0	0	0	0	0	0	0	0	
1.0762e+06	0	0	0	273	0	0	0	0	0	0	0	0	
1.07695e+06	0	0	2	267	0	0	0	0	0	0	0	0	
1.0777e+06	0	0	0	263	0	0	0	0	0	0	0	0	
1.07845e+06	0	0	0	233	0	0	0	0	0	0	0	0	
1.0792e+06	0	0	0	259	0	0	0	0	0	0	0	0	
1.07995e+06	0	0	0	253	0	0	0	0	0	0	0	0	
1.0807e+06	0	0	0	257	0	0	0	0	0	0	0	0	
1.08145e+06	0	0	0	255	0	0	0	0	0	0	0	0	
1.08221e+06	0	0	0	291	0	0	0	0	0	0	0	0	
1.08296e+06	0	0	0	265	0	0	0	0	0	0	0	0	
1.08371e+06	0	0	0	271	0	0	0	0	0	0	0	0	
1.08446e+06	0	0	0	239	0	0	0	0	0	0	0	0	
1.08521e+06	0	0	0	293	0	0	0	0	0	0	0	0	
1.08596e+06	0	0	0	257	0	0	0	0	0	0	0	0	
1.08671e+06	0	0	0	289	0	0	0	0	0	0	0	0	
1.08746e+06	0	0	47	200	0	0	0	0	0	0	0	0	
1.08821e+06	0	0	0	285	0	0	0	0	0	0	0	0	
1.08896e+06	0	0	0	273	0	0	0	0	0	0	0	0	
1.08971e+06	0	0	0	249	0	0	0	0	0	0	0	0	
1.09047e+06	0	0	0	243	0	0	0	0	0	0	0	0	
1.09121e+06	0	0	0	245	0	0	0	0	0	0	0	0	
1.09196e+06	0	0	0	269	0	0	0	0	0	0	0	0	
1.09271e+06	0	0	0	263	0	0	0	0	0	0	0	0	
1.09346e+06	0	0	1	246	0	0	0	0	0	0	0	0	
1.09421e+06	0	0	0	257	0	0	0	0	0	0	0	0	
1.09496e+06	0	0	0	281	0	0	0	0	0	0	0	0	
1.09571e+06	0	0	0	257	0	0	0	0	0	0	0	0	
1.09646e+06	0	0	0	249	0	0	0	0	0	0	0	0	
1.09721e+06	0	0	0	275	0	0	0	0	0	0	0	0	
1.09796e+06	0	0	0	261	0	0	0	0	0	0	0	0	
1.09871e+06	0	0	0	253	0	0	0	0	0	0	0	0	
1.09946e+06	0	0	0	249	0	0	0	0	0	0	0	0	
1.10021e+06	0	0	0	249	0	0	0	0	0	0	0	0	
1.10096e+06	0	0	0	277	0	0	0	0	0	0	0	0	
1.1017e+06	0	0	0	261	0	0	0	0	0	0	0	0	
1.10245e+06	0	0	0	271	0	0	0	0	0	0	0	0	
1.1032e+06	0	0	0	295	0	0	0	0	0	0	0	0	
1.10395e+06	0	0	0	267	0	0	0	0	0	0	0	0	
1.1047e+06	0	0	0	263	0	0	0	0	0	0	0	0	
1.10545e+06	0	0	0	289	0	0	0	0	0	0	0	0	
1.1062e+06	0	0	0	271	0	0	0	0	0	0	0	0	
1.10695e+06	0	0	0	267	0	0	0	0	0	0	0	0	
1.1077e+06	0	0	0	255	0	0	0	0	0	0	0	0	
1.10845e+06	0	0	0	253	0	0	0	0	0	0	0	0	
1.1092e+06	0	0	0	249	0	0	0	0	0	0	0	0	
1.10995e+06	0	0	0	255	0	0	0	0	0	0	0	0	
1.1107e+06	0	0	0	271	0	0	0	0	0	0	0	0	
1.11145e+06	0	0	0	263	0	0	0	0	0	0	0	0	
1.11219e+06	0	0	0	263	0	0	0	0	0	0	0	0	
1.11294e+06	0	0	0	255	0	0	0	0	0	0	0	0	
1.11369e+06	0	0	0	251	0	0	0	0	0	0	0	0	
1.11444e+06	0	0	0	289	0	0	0	0	0	0	0	0	
1.11519e+06	0	0	0	295	0	0	0	0	0	0	0	0	
1.11594e+06	0	0	0	263	0	0	0	0	0	0	0	0	
1.11669e+06	0	0	0	283	0	0	0	0	0	0	0	0	
1.11744e+06	0	0	0	243	0	0	0	0	0	0	0	0	
1.11819e+06	0	0	0	257	0	0	0	0	0	0	0	0	
1.11894e+06	0	0	0	227	0	0	0	0	0	0	0	0	
1.11969e+06	0	0	0	261	0	0	0	0	0	0	0	0	
1.12044e+06	0	0	0	261	0	0	0	0	0	0	0	0	
1.12118e+06	0	0	0	275	0	0	0	0	0	0	0	0	
1.12194e+06	0	0	0	253	0	0	0	0	0	0	0	0	
1.12269e+06	0	0	0	229	0	0	0	0	0	0	0	0	
1.12344e+06	0	0	0	287	0	0	0	0	0	0	0	0	
1.12419e+06	0	0	0	276	7	0	0	0	0	0	0	0	
1.12494e+06	0	0	0	287	0	0	0	0	0	0	0	0	
1.12569e+06	0	0	0	293	0	0	0	0	0	0	0	0	
1.12643e+06	0	0	0	271	0	0	0	0	0	0	0	0	
1.12718e+06	0	0	0	263	0	0	0	0	0	0	0	0	
1.12793e+06	0	0	0	251	0	0	0	0	0	0	0	0	
1.12868e+06	0	0	0	259	0	0	0	0	0	0	0	0	
1.12943e+06	0	0	0	267	0	0	0	0	0	0	0	0	
1.13017e+06	0	0	0	263	0	0	0	0	0	0	0	0	
1.13092e+06	0	0	0	237	0	0	0	0	0	0	0	0	
1.13167e+06	0	0	0	247	0	0	0	0	0	0	0	0	
1.13242e+06	0	0	0	245	0	0	0	0	0	0	0	0	
1.13317e+06	0	0	0	271	0	0	0	0	0	0	0	0	
1.13392e+06	0	0	0	253	0	0	0	0	0	0	0	0	
1.13467e+06	0	0	0	281	0	0	0	0	0	0	0	0	
1.13542e+06	0	0	0	265	0	0	0	0	0	0	0	0	
1.13617e+06	0	0	0	243	0	0	0	0	0	0	0	0	
1.13692e+06	0	0	0	239	0	0	0	0	0	0	0	0	
1.13767e+06	0	0	0	237	0	0	0	0	0	0	0	0	
1.13842e+06	0	0	0	259	0	0	0	0	0	0	0	0	
1.13917e+06	0	0	0	291	0	0	0	0	0	0	0	0	
1.13992e+06	0	0	0	291	0	0	0	0	0	0	0	0	
1.14067e+06	0	0	0	257	0	0	0	0	0	0	0	0	
1.14142e+06	0	0	0	257	0	0	0	0	0	0	0	0	
1.14217e+06	0	0	0	235	0	0	0	0	0	0	0	0	
1.14292e+06	0	0	0	271	0	0	0	0	0	0	0	0	
1.14367e+06	0	0	0	271	0	0	0	0	0	0	0	0	
1.14442e+06	0	0	172	149	0	0	0	0	0	0	0	0	
1.14517e+06	0	0	333	0	0	0	0	0	0	0	0	0	
1.14592e+06	0	0	353	0	0	0	0	0	0	0	0	0	
1.14667e+06	0	0	313	0	0	0	0	0	0	0	0	0	
1.14741e+06	0	0	323	0	0	0	0	0	0	0	0	0	
1.14816e+06	0	0	305	0	0	0	0	0	0	0	0	0	
1.14891e+06	0	0	329	0	0	0	0	0	0	0	0	0	
1.14966e+06	0	0	317	0	0	0	0	0	0	0	0	0	
1.15041e+06	0	0	309	0	0	0	0	0	0	0	0	0	
1.15116e+06	0	0	335	0	0	0	0	0	0	0	0	0	
1.15191e+06	0	0	317	0	0	0	0	0	0	0	0	0	
1.15266e+06	0	0	289	0	0	0	0	0	0	0	0	0	
1.15341e+06	0	0	325	0	0	0	0	0	0	0	0	0	
1.15416e+06	0	0	325	0	0	0	0	0	0	0	0	0	
1.15491e+06	0	0	351	0	0	0	0	0	0	0	0	0	
1.15566e+06	0	0	315	0	0	0	0	0	0	0	0	0	
1.15641e+06	0	0	299	0	0	0	0	0	0	0	0	0	
1.15716e+06	0	0	305	0	0	0	0	0	0	0	0	0	
1.15791e+06	0	0	335	0	0	0	0	0	0	0	0	0	
1.15866e+06	0	0	345	0	0	0	0	0	0	0	0	0	
1.15941e+06	0	0	325	0	0	0	0	0	0	0	0	0	
1.16016e+06	0	0	335	0	0	0	0	0	0	0	0	0	
1.16091e+06	0	0	0	261	10	0	0	0	0	0	0	0	
1.16166e+06	0	0	0	259	0	0	0	0	0	0	0	0	
1.1624e+06	0	0	0	273	0	0	0	0	0	0	0	0	
1.16315e+06	0	0	0	265	0	0	0	0	0	0	0	0	
1.1639e+06	0	0	0	261	0	0	0	0	0	0	0	0	
1.16465e+06	0	0	0	273	0	0	0	0	0	0	0	0	
1.1654e+06	0	0	0	181	58	0	0	0	0	0	0	0	
1.16615e+06	0	0	0	0	231	0	0	0	0	0	0	0	
1.1669e+06	0	0	0	0	201	0	0	0	0	0	0	0	
1.16765e+06	0	0	0	0	237	0	0	0	0	0	0	0	
1.1684e+06	0	0	0	0	215	0	0	0	0	0	0	0	
1.16915e+06	0	0	0	0	219	0	0	0	0	0	0	0	
1.16991e+06	0	0	0	0	233	0	0	0	0	0	0	0	
1.17066e+06	0	0	0	0	213	0	0	0	0	0	0	0	
1.17141e+06	0	0	0	0	199	0	0	0	0	0	0	0	
1.17216e+06	0	0	0	0	229	0	0	0	0	0	0	0	
1.17291e+06	0	0	0	0	205	0	0	0	0	0	0	0	
1.17366e+06	0	0	0	0	229	0	0	0	0	0	0	0	
1.17441e+06	0	0	0	3	200	0	0	0	0	0	0	0	
1.17516e+06	0	0	0	0	211	0	0	0	0	0	0	0	
1.17591e+06	0	0	0	0	217	0	0	0	0	0	0	0	
1.17666e+06	0	0	0	0	215	0	0	0	0	0	0	0	
1.17741e+06	0	0	0	0	207	0	0	0	0	0	0	0	
1.17816e+06	0	0	0	0	205	0	0	0	0	0	0	0	
1.17891e+06	0	0	0	0	211	0	0	0	0	0	0	0	
1.17966e+06	0	0	0	0	225	0	0	0	0	0	0	0	
1.18041e+06	0	0	0	0	231	0	0	0	0	0	0	0	
1.18116e+06	0	0	0	0	231	0	0	0	0	0	0	0	
1.18192e+06	0	0	0	0	197	0	0	0	0	0	0	0	
1.18267e+06	0	0	0	0	205	0	0	0	0	0	0	0	
1.18342e+06	0	0	0	0	219	0	0	0	0	0	0	0	
1.18417e+06	0	0	0	0	213	0	0	0	0	0	0	0	
1.18492e+06	0	0	0	0	205	0	0	0	0	0	0	0	
1.18567e+06	0	0	0	0	215	0	0	0	0	0	0	0	
1.18642e+06	0	0	0	0	197	0	0	0	0	0	0	0	
1.18717e+06	0	0	0	0	199	0	0	0	0	0	0	0	
1.18792e+06	0	0	0	0	205	0	0	0	0	0	0	0	
1.18868e+06	0	0	0	0	213	0	0	0	0	0	0	0	
1.18943e+06	0	0	0	0	263	0	0	0	0	0	0	0	
1.19018e+06	0	0	0	0	209	0	0	0	0	0	0	0	
1.19093e+06	0	0	0	0	215	0	0	0	0	0	0	0	
1.19168e+06	0	0	0	0	225	0	0	0	0	0	0	0	
1.19243e+06	0	0	0	0	221	0	0	0	0	0	0	0	
1.19318e+06	0	0	0	0	217	0	0	0	0	0	0	0	
1.19393e+06	0	0	0	0	225	0	0	0	0	0	0	0	
1.19468e+06	0	0	0	0	235	0	0	0	0	0	0	0	
1.19543e+06	0	0	0	0	237	0	0	0	0	0	0	0	
1.19618e+06	0	0	0	0	188	21	0	0	0	0	0	0	
1.19693e+06	0	0	0	0	223	0	0	0	0	0	0	0	
1.19768e+06	0	0	0	0	175	0	0	0	0	0	0	0	
1.19843e+06	0	0	0	0	209	0	0	0	0	0	0	0	
1.19918e+06	0	0	0	0	235	0	0	0	0	0	0	0	
1.19993e+06	0	0	0	0	197	0	0	0	0	0	0	0	
1.20068e+06	0	0	0	0	221	0	0	0	0	0	0	0	
1.20143e+06	0	0	0	0	213	0	0	0	0	0	0	0	
1.20218e+06	0	0	0	0	203	0	0	0	0	0	0	0	
1.20292e+06	0	0	0	0	219	0	0	0	0	0	0	0	
1.20368e+06	0	0	0	0	223	0	0	0	0	0	0	0	
1.20443e+06	0	0	0	0	235	0	0	0	0	0	0	0	
1.20518e+06	0	0	0	0	227	0	0	0	0	0	0	0	
1.20593e+06	0	0	0	0	211	0	0	0	0	0	0	0	
1.20668e+06	0	0	0	0	205	0	0	0	0	0	0	0	
1.20743e+06	0	0	0	0	213	0	0	0	0	0	0	0	
1.20818e+06	0	0	0	0	209	0	0	0	0	0	0	0	
1.20893e+06	0	0	0	0	213	0	0	0	0	0	0	0	
1.20968e+06	0	0	0	0	213	0	0	0	0	0	0	0	
1.21043e+06	0	0	0	0	205	0	0	0	0	0	0	0	
1.21118e+06	0	0	0	0	211	0	0	0	0	0	0	0	
1.21193e+06	0	0	0	0	219	0	0	0	0	0	0	0	
1.21268e+06	0	0	0	0	239	0	0	0	0	0	0	0	
1.21343e+06	0	0	0	0	223	0	0	0	0	0	0	0	
1.21418e+06	0	0	0	0	199	0	0	0	0	0	0	0	
1.21493e+06	0	0	0	0	239	0	0	0	0	0	0	0	
1.21568e+06	0	0	0	0	231	0	0	0	0	0	0	0	
1.21643e+06	0	0	0	0	207	0	0	0	0	0	0	0	
1.21718e+06	0	0	0	0	227	0	0	0	0	0	0	0	
1.21793e+06	0	0	0	0	205	0	0	0	0	0	0	0	
1.21868e+06	0	0	0	0	205	0	0	0	0	0	0	0	
1.21942e+06	0	0	0	0	231	0	0	0	0	0	0	0	
1.22018e+06	0	0	0	0	195	0	0	0	0	0	0	0	
1.22093e+06	0	0	0	0	219	0	0	0	0	0	0	0	
1.22167e+06	0	0	0	0	225	0	0	0	0	0	0	0	
1.22242e+06	0	0	0	0	231	0	0	0	0	0	0	0	
1.22317e+06	0	0	0	0	211	0	0	0	0	0	0	0	
1.22392e+06	0	0	0	0	179	0	0	0	0	0	0	0	
1.22467e+06	0	0	0	0	201	0	0	0	0	0	0	0	
1.22542e+06	0	0	0	0	181	0	0	0	0	0	0	0	
1.22617e+06	0	0	0	0	225	0	0	0	0	0	0	0	
1.22692e+06	0	0	0	0	233	0	0	0	0	0	0	0	
1.22767e+06	0	0	0	0	219	0	0	0	0	0	0	0	
1.22842e+06	0	0	0	0	219	0	0	0	0	0	0	0	
1.22917e+06	0	0	0	0	191	0	0	0	0	0	0	0	
1.22992e+06	0	0	0	0	235	0	0	0	0	0	0	0	
1.23067e+06	0	0	0	0	217	0	0	0	0	0	0	0	
1.23142e+06	0	0	0	0	195	0	0	0	0	0	0	0	
1.23217e+06	0	0	0	0	221	0	0	0	0	0	0	0	
1.23293e+06	0	0	0	0	221	0	0	0	0	0	0	0	
1.23368e+06	0	0	0	0	185	0	0	0	0	0	0	0	
1.23443e+06	0	0	0	0	211	0	0	0	0	0	0	0	
1.23517e+06	0	0	0	0	191	0	0	0	0	0	0	0	
1.23593e+06	0	0	0	0	247	0	0	0	0	0	0	0	
1.23668e+06	0	0	0	0	181	0	0	0	0	0	0	0	
1.23743e+06	0	0	0	0	203	0	0	0	0	0	0	0	
1.23818e+06	0	0	0	0	219	0	0	0	0	0	0	0	
1.23893e+06	0	0	0	0	221	0	0	0	0	0	0	0	
1.23968e+06	0	0	0	0	227	0	0	0	0	0	0	0	
1.24043e+06	0	0	0	0	205	0	0	0	0	0	0	0	
1.24118e+06	0	0	0	0	219	0	0	0	0	0	0	0	
1.24194e+06	0	0	0	0	237	0	0	0	0	0	0	0	
1.24269e+06	0	0	0	0	207	0	0	0	0	0	0	0	
1.24344e+06	0	0	0	0	207	0	0	0	0	0	0	0	
1.24418e+06	0	0	0	0	199	0	0	0	0	0	0	0	
1.24494e+06	0	0	0	0	214	1	0	0	0	0	0	0	
1.24569e+06	0	0	0	0	199	0	0	0	0	0	0	0	
1.24644e+06	0	0	0	0	201	0	0	0	0	0	0	0	
1.24719e+06	0	0	0	0	231	0	0	0	0	0	0	0	
1.24793e+06	0	0	0	0	187	0	0	0	0	0	0	0	
1.24869e+06	0	0	0	0	203	0	0	0	0	0	0	0	
1.24943e+06	0	0	0	0	219	0	0	0	0	0	0	0	
1.25018e+06	0	0	0	0	223	0	0	0	0	0	0	0	
1.25093e+06	0	0	0	0	211	0	0	0	0	0	0	0	
1.25168e+06	0	0	0	0	217	0	0	0	0	0	0	0	
1.25243e+06	0	0	0	5	212	0	0	0	0	0	0	0	
1.25318e+06	0	0	0	0	229	0	0	0	0	0	0	0	
1.25394e+06	0	0	0	0	249	0	0	0	0	0	0	0	
1.25469e+06	0	0	0	0	223	0	0	0	0	0	0	0	
1.25544e+06	0	0	0	0	221	0	0	0	0	0	0	0	
1.25619e+06	0	0	0	0	213	0	0	0	0	0	0	0	
1.25694e+06	0	0	0	0	207	0	0	0	0	0	0	0	
1.25768e+06	0	0	0	0	33	132	0	0	0	0	0	0	
1.25844e+06	0	0	0	0	221	0	0	0	0	0	0	0	
1.25919e+06	0	0	0	0	235	0	0	0	0	0	0	0	
1.25994e+06	0	0	0	0	189	0	0	0	0	0	0	0	
1.26069e+06	0	0	0	0	231	0	0	0	0	0	0	0	
1.26144e+06	0	0	0	0	229	0	0	0	0	0	0	0	
1.26219e+06	0	0	0	0	239	0	0	0	0	0	0	0	
1.26294e+06	0	0	0	0	227	0	0	0	0	0	0	0	
1.26369e+06	0	0	0	0	213	0	0	0	0	0	0	0	
1.26444e+06	0	0	0	0	217	0	0	0	0	0	0	0	
1.26519e+06	0	0	0	0	203	0	0	0	0	0	0	0	
1.26594e+06	0	0	0	0	223	0	0	0	0	0	0	0	
1.26669e+06	0	0	0	0	231	0	0	0	0	0	0	0	
1.26745e+06	0	0	0	0	207	0	0	0	0	0	0	0	
1.2682e+06	0	0	0	0	215	0	0	0	0	0	0	0	
1.26894e+06	0	0	0	0	217	0	0	0	0	0	0	0	
1.2697e+06	0	0	0	0	219	0	0	0	0	0	0	0	
1.27044e+06	0	0	0	0	245	0	0	0	0	0	0	0	
1.2712e+06	0	0	0	0	233	0	0	0	0	0	0	0	
1.27195e+06	0	0	0	0	235	0	0	0	0	0	0	0	
1.2727e+06	0	0	0	0	207	0	0	0	0	0	0	0	
1.27345e+06	0	0	0	0	237	0	0	0	0	0	0	0	
1.2742e+06	0	0	0	0	205	0	0	0	0	0	0	0	
1.27495e+06	0	0	0	0	241	0	0	0	0	0	0	0	
1.2757e+06	0	0	0	0	221	0	0	0	0	0	0	0	
1.27645e+06	0	0	0	0	205	0	0	0	0	0	0	0	
1.2772e+06	0	0	0	0	223	0	0	0	0	0	0	0	
1.27795e+06	0	0	0	0	217	0	0	0	0	0	0	0	
1.2787e+06	0	0	0	0	209	0	0	0	0	0	0	0	
1.27945e+06	0	0	0	0	179	0	0	0	0	0	0	0	
1.2802e+06	0	0	0	0	199	0	0	0	0	0	0	0	
1.28095e+06	0	0	0	0	209	0	0	0	0	0	0	0	
1.2817e+06	0	0	0	0	213	0	0	0	0	0	0	0	
1.28245e+06	0	0	0	0	205	0	0	0	0	0	0	0	
1.2832e+06	0	0	0	0	203	0	0	0	0	0	0	0	
1.28395e+06	0	0	0	0	243	0	0	0	0	0	0	0	
1.2847e+06	0	0	0	0	209	0	0	0	0	0	0	0	
1.28545e+06	0	0	0	0	199	0	0	0	0	0	0	0	
1.2862e+06	0	0	0	0	201	0	0	0	0	0	0	0	
1.28695e+06	0	0	0	0	211	0	0	0	0	0	0	0	
1.2877e+06	0	0	0	0	229	0	0	0	0	0	0	0	
1.28845e+06	0	0	0	0	217	0	0	0	0	0	0	0	
1.2892e+06	0	0	0	0	215	0	0	0	0	0	0	0	
1.28995e+06	0	0	0	0	217	0	0	0	0	0	0	0	
1.2907e+06	0	0	0	0	219	0	0	0	0	0	0	0	
1.29145e+06	0	0	0	0	193	0	0	0	0	0	0	0	
1.2922e+06	0	0	0	0	203	0	0	0	0	0	0	0	
1.29295e+06	0	0	0	0	217	0	0	0	0	0	0	0	
1.2937e+06	0	0	0	0	213	0	0	0	0	0	0	0	
1.29445e+06	0	0	0	0	233	0	0	0	0	0	0	0	
1.29519e+06	0	0	0	0	203	0	0	0	0	0	0	0	
1.29594e+06	0	0	0	0	235	0	0	0	0	0	0	0	
1.2967e+06	0	0	0	0	207	0	0	0	0	0	0	0	
1.29745e+06	0	0	0	0	223	0	0	0	0	0	0	0	
1.2982e+06	0	0	0	0	221	0	0	0	0	0	0	0	
1.29895e+06	0	0	0	0	205	0	0	0	0	0	0	0	
1.2997e+06	0	0	0	0	221	0	0	0	0	0	0	0	
1.30045e+06	0	0	0	0	237	0	0	0	0	0	0	0	
1.3012e+06	0	0	0	0	211	0	0	0	0	0	0	0	
1.30195e+06	0	0	0	0	207	0	0	0	0	0	0	0	
1.3027e+06	0	0	0	0	207	0	0	0	0	0	0	0	
1.30345e+06	0	0	0	0	189	0	0	0	0	0	0	0	
1.3042e+06	0	0	0	0	237	0	0	0	0	0	0	0	
1.30495e+06	0	0	0	0	211	0	0	0	0	0	0	0	
1.3057e+06	0	0	0	0	209	0	0	0	0	0	0	0	
1.30644e+06	0	0	0	0	211	0	0	0	0	0	0	0	
1.3072e+06	0	0	0	0	217	0	0	0	0	0	0	0	
1.30795e+06	0	0	0	0	205	0	0	0	0	0	0	0	
1.3087e+06	0	0	0	0	241	0	0	0	0	0	0	0	
1.30945e+06	0	0	0	0	209	0	0	0	0	0	0	0	
1.3102e+06	0	0	0	0	217	0	0	0	0	0	0	0	
1.31095e+06	0	0	0	0	209	0	0	0	0	0	0	0	
1.3117e+06	0	0	0	0	209	0	0	0	0	0	0	0	
1.31245e+06	0	0	0	0	207	0	0	0	0	0	0	0	
1.3132e+06	0	0	0	0	185	0	0	0	0	0	0	0	
1.31395e+06	0	0	0	0	0	195	0	0	0	0	0	0	
1.3147e+06	0	0	0	0	0	153	0	0	0	0	0	0	
1.31545e+06	0	0	0	0	0	177	0	0	0	0	0	0	
1.3162e+06	0	0	0	0	0	167	0	0	0	0	0	0	
1.31695e+06	0	0	0	0	0	191	0	0	0	0	0	0	
1.3177e+06	0	0	0	0	0	163	0	0	0	0	0	0	
1.31845e+06	0	0	0	0	0	169	0	0	0	0	0	0	
1.3192e+06	0	0	0	0	0	183	0	0	0	0	0	0	
1.31995e+06	0	0	0	0	0	163	0	0	0	0	0	0	
1.32069e+06	0	0	0	0	0	169	0	0	0	0	0	0	
1.32144e+06	0	0	0	0	0	163	0	0	0	0	0	0	
1.32219e+06	0	0	0	0	0	177	0	0	0	0	0	0	
1.32294e+06	0	0	0	0	0	169	0	0	0	0	0	0	
1.32369e+06	0	0	0	0	0	163	0	0	0	0	0	0	
1.32444e+06	0	0	0	0	0	181	0	0	0	0	0	0	
1.32519e+06	0	0	0	0	203	0	0	0	0	0	0	0	
1.32595e+06	0	0	0	0	207	0	0	0	0	0	0	0	
1.32669e+06	0	0	0	0	205	0	0	0	0	0	0	0	
1.32744e+06	0	0	0	0	227	0	0	0	0	0	0	0	
1.32819e+06	0	0	0	0	225	0	0	0	0	0	0	0	
1.32894e+06	0	0	0	0	205	0	0	0	0	0	0	0	
1.32969e+06	0	0	0	0	219	0	0	0	0	0	0	0	
1.33045e+06	0	0	0	0	227	0	0	0	0	0	0	0	
1.3312e+06	0	0	0	0	227	0	0	0	0	0	0	0	
1.33195e+06	0	0	0	0	35	150	0	0	0	0	0	0	
1.3327e+06	0	0	0	0	0	173	0	0	0	0	0	0	
1.33345e+06	0	0	0	0	0	163	0	0	0	0	0	0	
1.3342e+06	0	0	0	0	0	165	0	0	0	0	0	0	
1.33495e+06	0	0	0	0	0	181	0	0	0	0	0	0	
1.3357e+06	0	0	0	0	0	157	0	0	0	0	0	0	
1.33645e+06	0	0	0	0	0	155	0	0	0	0	0	0	
1.3372e+06	0	0	0	0	0	177	0	0	0	0	0	0	
1.33796e+06	0	0	0	0	0	159	0	0	0	0	0	0	
1.33871e+06	0	0	0	0	0	185	0	0	0	0	0	0	
1.33946e+06	0	0	0	0	0	161	0	0	0	0	0	0	
1.34021e+06	0	0	0	0	0	187	0	0	0	0	0	0	
1.34096e+06	0	0	0	0	0	163	0	0	0	0	0	0	
1.34172e+06	0	0	0	0	0	179	0	0	0	0	0	0	
1.34246e+06	0	0	0	0	0	163	0	0	0	0	0	0	
1.34322e+06	0	0	0	0	0	183	0	0	0	0	0	0	
1.34397e+06	0	0	0	0	0	157	0	0	0	0	0	0	
1.34472e+06	0	0	0	0	0	35	102	0	0	0	0	0	
1.34546e+06	0	0	0	0	0	0	133	0	0	0	0	0	
1.34621e+06	0	0	0	0	0	0	141	0	0	0	0	0	
1.34696e+06	0	0	0	0	0	0	147	0	0	0	0	0	
1.34771e+06	0	0	0	0	0	0	135	0	0	0	0	0	
1.34846e+06	0	0	0	0	0	0	139	0	0	0	0	0	
1.34921e+06	0	0	0	0	0	0	145	0	0	0	0	0	
1.34996e+06	0	0	0	0	0	0	127	0	0	0	0	0	
1.35071e+06	0	0	0	0	0	0	131	0	0	0	0	0	
1.35145e+06	0	0	0	0	0	0	153	0	0	0	0	0	
1.35221e+06	0	0	0	0	0	0	139	0	0	0	0	0	
1.35295e+06	0	0	0	0	0	0	127	20	0	0	0	0	
1.3537e+06	0	0	0	0	0	0	137	0	0	0	0	0	
1.35445e+06	0	0	0	0	0	0	135	0	0	0	0	0	
1.3552e+06	0	0	0	0	0	0	145	0	0	0	0	0	
1.35595e+06	0	0	0	0	0	0	149	0	0	0	0	0	
1.3567e+06	0	0	0	0	0	0	155	0	0	0	0	0	
1.35745e+06	0	0	0	0	0	0	137	0	0	0	0	0	
1.3582e+06	0	0	0	0	0	0	153	0	0	0	0	0	
1.35895e+06	0	0	0	0	0	0	141	0	0	0	0	0	
1.3597e+06	0	0	0	0	0	0	147	0	0	0	0	0	
1.36045e+06	0	0	0	0	0	0	145	0	0	0	0	0	
1.3612e+06	0	0	0	0	0	0	139	0	0	0	0	0	
1.36195e+06	0	0	0	0	0	0	143	0	0	0	0	0	
1.3627e+06	0	0	0	0	0	0	151	0	0	0	0	0	
1.36345e+06	0	0	0	0	0	0	150	11	0	0	0	0	
1.3642e+06	0	0	0	0	0	0	155	0	0	0	0	0	
1.36495e+06	0	0	0	0	0	0	145	0	0	0	0	0	
1.3657e+06	0	0	0	0	0	0	133	0	0	0	0	0	
1.36645e+06	0	0	0	0	0	0	177	0	0	0	0	0	
1.3672e+06	0	0	0	0	0	0	143	0	0	0	0	0	
1.36795e+06	0	0	0	0	0	0	147	0	0	0	0	0	
1.3687e+06	0	0	0	0	0	0	137	0	0	0	0	0	
1.36944e+06	0	0	0	0	0	0	157	0	0	0	0	0	
1.37019e+06	0	0	0	0	0	0	127	0	0	0	0	0	
1.37094e+06	0	0	0	0	0	0	151	0	0	0	0	0	
1.37169e+06	0	0	0	0	0	0	163	0	0	0	0	0	
1.37245e+06	0	0	0	0	0	0	145	0	0	0	0	0	
1.37319e+06	0	0	0	0	0	0	123	0	0	0	0	0	
1.37394e+06	0	0	0	0	0	0	157	0	0	0	0	0	
1.37469e+06	0	0	0	0	0	0	125	0	0	0	0	0	
1.37544e+06	0	0	0	0	0	0	141	0	0	0	0	0	
1.37619e+06	0	0	0	0	0	0	141	0	0	0	0	0	
1.37695e+06	0	0	0	0	0	0	148	1	0	0	0	0	
1.3777e+06	0	0	0	0	0	0	161	0	0	0	0	0	
1.37845e+06	0	0	0	0	0	9	132	0	0	0	0	0	
1.3792e+06	0	0	0	0	0	0	141	0	0	0	0	0	
1.37995e+06	0	0	0	0	0	0	131	0	0	0	0	0	
1.3807e+06	0	0	0	0	0	0	147	0	0	0	0	0	
1.38145e+06	0	0	0	0	0	0	145	0	0	0	0	0	
1.3822e+06	0	0	0	0	0	0	135	0	0	0	0	0	
1.38295e+06	0	0	0	0	0	0	155	0	0	0	0	0	
1.3837e+06	0	0	0	0	0	0	133	0	0	0	0	0	
1.38445e+06	0	0	0	0	0	0	137	0	0	0	0	0	
1.3852e+06	0	0	0	0	0	0	133	0	0	0	0	0	
1.38595e+06	0	0	0	0	0	0	147	0	0	0	0	0	
1.3867e+06	0	0	0	0	0	0	137	0	0	0	0	0	
1.38744e+06	0	0	0	0	0	0	137	0	0	0	0	0	
1.38819e+06	0	0	0	0	0	0	141	0	0	0	0	0	
1.38894e+06	0	0	0	0	0	0	143	0	0	0	0	0	
1.38969e+06	0	0	0	0	0	0	135	0	0	0	0	0	
1.39044e+06	0	0	0	0	0	0	131	0	0	0	0	0	
1.39119e+06	0	0	0	0	0	2	133	0	0	0	0	0	
1.39194e+06	0	0	0	0	0	0	145	0	0	0	0	0	
1.39268e+06	0	0	0	0	0	0	153	0	0	0	0	0	
1.39343e+06	0	0	0	0	0	0	139	0	0	0	0	0	
1.39418e+06	0	0	0	0	0	0	151	0	0	0	0	0	
1.39493e+06	0	0	0	0	0	0	157	0	0	0	0	0	
1.39568e+06	0	0	0	0	0	0	131	0	0	0	0	0	
1.39644e+06	0	0	0	0	0	0	0	115	0	0	0	0	
1.39719e+06	0	0	0	0	0	0	0	103	0	0	0	0	
1.39794e+06	0	0	0	0	0	0	0	113	0	0	0	0	
1.39869e+06	0	0	0	0	0	0	0	119	0	0	0	0	
1.39944e+06	0	0	0	0	0	0	0	117	0	0	0	0	
1.40019e+06	0	0	0	0	0	0	0	111	0	0	0	0	
1.40094e+06	0	0	0	0	0	0	0	127	0	0	0	0	
1.40169e+06	0	0	0	0	0	0	0	113	0	0	0	0	
1.40244e+06	0	0	0	0	0	0	0	117	0	0	0	0	
1.40319e+06	0	0	0	0	0	0	0	111	0	0	0	0	
1.40395e+06	0	0	0	0	0	0	0	133	0	0	0	0	
1.4047e+06	0	0	0	0	0	0	0	103	0	0	0	0	
1.40544e+06	0	0	0	0	0	0	0	119	0	0	0	0	
1.4062e+06	0	0	0	0	0	0	0	89	0	0	0	0	
1.40695e+06	0	0	0	0	0	0	0	117	0	0	0	0	
1.4077e+06	0	0	0	0	0	0	0	119	0	0	0	0	
1.40845e+06	0	0	0	0	0	0	0	121	0	0	0	0	
1.4092e+06	0	0	0	0	0	0	0	113	0	0	0	0	
1.40995e+06	0	0	0	0	0	0	0	115	0	0	0	0	
1.4107e+06	0	0	0	0	0	0	0	119	0	0	0	0	
1.41145e+06	0	0	0	0	0	0	0	109	0	0	0	0	
1.4122e+06	0	0	0	0	0	0	0	117	0	0	0	0	
1.41295e+06	0	0	0	0	0	0	0	35	70	0	0	0	
1.4137e+06	0	0	0	0	0	0	137	0	0	0	0	0	
1.41445e+06	0	0	0	0	0	0	155	0	0	0	0	0	
1.4152e+06	0	0	0	0	0	0	139	0	0	0	0	0	
1.41595e+06	0	0	0	0	0	0	145	0	0	0	0	0	
1.4167e+06	0	0	0	0	0	0	135	0	0	0	0	0	
1.41745e+06	0	0	0	0	0	0	145	0	0	0	0	0	
1.4182e+06	0	0	0	0	0	0	143	0	0	0	0	0	
1.41895e+06	0	0	0	0	0	0	147	0	0	0	0	0	
1.4197e+06	0	0	0	0	0	0	139	0	0	0	0	0	
1.42045e+06	0	0	0	0	0	0	135	0	0	0	0	0	
1.4212e+06	0	0	0	0	0	0	121	0	0	0	0	0	
1.42195e+06	0	0	0	0	0	0	159	0	0	0	0	0	
1.4227e+06	0	0	0	0	0	0	133	0	0	0	0	0	
1.42346e+06	0	0	0	0	0	0	133	0	0	0	0	0	
1.42421e+06	0	0	0	0	0	0	153	0	0	0	0	0	
1.42496e+06	0	0	0	0	0	0	125	0	0	0	0	0	
1.4257e+06	0	0	0	0	0	0	135	0	0	0	0	0	
1.42645e+06	0	0	0	0	0	0	119	0	0	0	0	0	
1.4272e+06	0	0	0	0	0	0	0	121	0	0	0	0	
1.42796e+06	0	0	0	0	0	0	0	103	0	0	0	0	
1.42871e+06	0	0	0	0	0	0	0	121	0	0	0	0	
1.42946e+06	0	0	0	0	0	0	0	99	0	0	0	0	
1.43022e+06	0	0	0	0	0	0	0	109	0	0	0	0	
1.43097e+06	0	0	0	0	0	0	0	119	0	0	0	0	
1.43172e+06	0	0	0	0	0	0	0	111	0	0	0	0	
1.43246e+06	0	0	0	0	0	0	0	119	0	0	0	0	
1.43321e+06	0	0	0	0	0	0	0	109	0	0	0	0	
1.43396e+06	0	0	0	0	0	0	0	109	0	0	0	0	
1.43471e+06	0	0	0	0	0	0	0	107	0	0	0	0	
1.43546e+06	0	0	0	0	0	0	0	115	0	0	0	0	
1.43621e+06	0	0	0	0	0	0	0	129	0	0	0	0	
1.43696e+06	0	0	0	0	0	0	0	107	0	0	0	0	
1.43771e+06	0	0	0	0	0	0	0	107	0	0	0	0	
1.43846e+06	0	0	0	0	0	0	0	99	0	0	0	0	
1.43921e+06	0	0	0	0	0	0	0	107	0	0	0	0	
1.43996e+06	0	0	0	0	0	0	0	97	0	0	0	0	
1.44071e+06	0	0	0	0	0	0	0	115	0	0	0	0	
1.44145e+06	0	0	0	0	0	0	0	117	0	0	0	0	
1.4422e+06	0	0	0	0	0	0	0	117	0	0	0	0	
1.44295e+06	0	0	0	0	0	0	0	117	0	0	0	0	
1.4437e+06	0	0	0	0	0	0	0	127	0	0	0	0	
1.44446e+06	0	0	0	0	0	0	38	93	0	0	0	0	
1.4452e+06	0	0	0	0	0	0	0	117	0	0	0	0	
1.44596e+06	0	0	0	0	0	0	0	107	0	0	0	0	
1.44671e+06	0	0	0	0	0	0	0	129	0	0	0	0	
1.44746e+06	0	0	0	0	0	0	0	111	0	0	0	0	
1.44821e+06	0	0	0	0	0	0	0	121	0	0	0	0	
1.44896e+06	0	0	0	0	0	0	0	123	0	0	0	0	
1.44971e+06	0	0	0	0	0	0	0	119	0	0	0	0	
1.45046e+06	0	0	0	0	0	0	0	115	0	0	0	0	
1.45121e+06	0	0	0	0	0	0	0	127	0	0	0	0	
1.45196e+06	0	0	0	0	0	0	0	111	0	0	0	0	
1.45271e+06	0	0	0	0	0	0	0	99	14	0	0	0	
1.45346e+06	0	0	0	0	0	0	0	109	0	0	0	0	
1.45421e+06	0	0	0	0	0	0	0	105	0	0	0	0	
1.45496e+06	0	0	0	0	0	0	0	99	0	0	0	0	
1.45571e+06	0	0	0	0	0	0	0	123	0	0	0	0	
1.45646e+06	0	0	0	0	0	0	20	87	0	0	0	0	
1.45721e+06	0	0	0	0	0	0	0	113	0	0	0	0	
1.45796e+06	0	0	0	0	0	0	0	117	0	0	0	0	
1.45871e+06	0	0	0	0	0	0	0	117	0	0	0	0	
1.45946e+06	0	0	0	0	0	0	0	141	0	0	0	0	
1.46021e+06	0	0	0	0	0	0	0	119	0	0	0	0	
1.46096e+06	0	0	0	0	0	0	0	107	0	0	0	0	
1.46171e+06	0	0	0	0	0	0	0	123	0	0	0	0	
1.46246e+06	0	0	0	0	0	0	0	125	0	0	0	0	
1.46321e+06	0	0	0	0	0	0	0	113	0	0	0	0	
1.46396e+06	0	0	0	0	0	0	0	131	0	0	0	0	
1.46471e+06	0	0	0	0	0	0	0	109	0	0	0	0	
1.46546e+06	0	0	0	0	0	0	47	66	0	0	0	0	
1.46621e+06	0	0	0	0	0	0	0	95	0	0	0	0	
1.46696e+06	0	0	0	0	0	0	0	117	0	0	0	0	
1.46771e+06	0	0	0	0	0	0	0	101	0	0	0	0	
1.46846e+06	0	0	0	0	0	0	0	105	0	0	0	0	
1.46921e+06	0	0	0	0	0	0	0	123	0	0	0	0	
1.46996e+06	0	0	0	0	0	0	0	117	0	0	0	0	
1.47071e+06	0	0	0	0	0	0	0	115	0	0	0	0	
1.47145e+06	0	0	0	0	0	0	0	123	0	0	0	0	
1.4722e+06	0	0	0	0	0	0	0	113	0	0	0	0	
1.47295e+06	0	0	0	0	0	0	0	111	0	0	0	0	
1.47371e+06	0	0	0	0	0	0	0	107	0	0	0	0	
1.47446e+06	0	0	0	0	0	0	0	109	0	0	0	0	
1.47521e+06	0	0	0	0	0	0	0	143	0	0	0	0	
1.47595e+06	0	0	0	0	0	0	0	101	0	0	0	0	
1.4767e+06	0	0	0	0	0	0	0	127	0	0	0	0	
1.47745e+06	0	0	0	0	0	0	0	101	0	0	0	0	
1.47821e+06	0	0	0	0	0	0	0	145	0	0	0	0	
1.47896e+06	0	0	0	0	0	0	0	107	0	0	0	0	
1.47971e+06	0	0	0	0	0	0	0	109	0	0	0	0	
1.48046e+06	0	0	0	0	0	0	0	121	0	0	0	0	
1.48121e+06	0	0	0	0	0	0	0	117	0	0	0	0	
1.48196e+06	0	0	0	0	0	0	0	101	0	0	0	0	
1.48271e+06	0	0	0	0	0	0	163	0	0	0	0	0	
1.48346e+06	0	0	0	0	0	0	147	0	0	0	0	0	
1.48422e+06	0	0	0	0	0	0	151	0	0	0	0	0	
1.48496e+06	0	0	0	0	0	0	139	0	0	0	0	0	
1.48572e+06	0	0	0	0	0	0	122	1	0	0	0	0	
1.48646e+06	0	0	0	0	0	0	139	0	0	0	0	0	
1.48721e+06	0	0	0	0	0	0	127	0	0	0	0	0	
1.48797e+06	0	0	0	0	0	0	123	0	0	0	0	0	
1.48872e+06	0	0	0	0	0	0	161	0	0	0	0	0	
1.48947e+06	0	0	0	0	0	0	157	0	0	0	0	0	
1.49022e+06	0	0	0	0	0	0	159	0	0	0	0	0	
1.49097e+06	0	0	0	0	0	0	135	0	0	0	0	0	
1.49171e+06	0	0	0	0	0	0	141	0	0	0	0	0	
1.49246e+06	0	0	0	0	0	0	133	0	0	0	0	0	
1.49321e+06	0	0	0	0	0	0	147	0	0	0	0	0	
1.49396e+06	0	0	0	0	0	0	137	0	0	0	0	0	
1.49471e+06	0	0	0	0	0	0	147	0	0	0	0	0	
1.49546e+06	0	0	0	0	0	0	137	0	0	0	0	0	
1.49621e+06	0	0	0	0	0	0	143	0	0	0	0	0	
1.49696e+06	0	0	0	0	0	0	153	0	0	0	0	0	
1.49771e+06	0	0	0	0	0	0	137	0	0	0	0	0	
1.49846e+06	0	0	0	0	0	0	153	0	0	0	0	0	
1.49921e+06	0	0	0	0	0	0	133	0	0	0	0	0	
1.49996e+06	0	0	0	0	0	0	143	0	0	0	0	0	
1.49996e+06	0	0	0	0	0	0	143	0	0	0	0	0	
