Time	s0	s1	s2	s3	s4	s5	s6	s7	s8	s9	s10	s11	
0	0	0	0	0	0	0	0	0	0	0	0	200	
0.000704983	0	0	0	0	0	0	0	0	0	0	0	199	
749.445	0	0	0	0	0	0	0	0	0	0	0	43	
1496.84	0	0	0	0	0	0	0	0	0	0	0	49	
2245.19	0	0	0	0	0	0	0	0	0	0	0	45	
2994.14	0	0	0	0	0	0	0	0	0	0	0	47	
3745.47	0	0	0	0	0	0	0	0	0	0	0	43	
4495.38	0	0	0	0	0	0	0	0	0	0	0	53	
5245.81	0	0	0	0	0	0	0	0	0	0	0	45	
5994.68	0	0	0	0	0	0	0	0	0	0	0	53	
6742.83	0	0	0	0	0	0	0	0	0	0	0	39	
7494.09	0	0	0	0	0	0	0	0	0	0	0	51	
8245.22	0	0	0	0	0	0	0	0	0	0	69	0	
8997.45	0	0	0	0	0	0	0	0	0	0	55	0	
9745.27	0	0	0	0	0	0	0	0	0	79	0	0	
10495.3	0	0	0	0	0	0	0	0	0	71	0	0	
11243.4	0	0	0	0	0	0	0	0	0	73	0	0	
11995.8	0	0	0	0	0	0	0	0	85	0	0	0	
12743.7	0	0	0	0	0	0	0	0	111	0	0	0	
13496.5	0	0	0	0	0	0	0	0	95	0	0	0	
14245.4	0	0	0	0	0	0	0	0	97	0	0	0	
14997	0	0	0	0	0	0	0	0	105	0	0	0	
15748.6	0	0	0	0	0	0	0	0	105	0	0	0	
16500.3	0	0	0	0	0	0	0	0	85	0	0	0	
17252.1	0	0	0	0	0	0	0	0	101	0	0	0	
18000	0	0	0	0	0	0	0	0	95	0	0	0	
18747.7	0	0	0	0	0	0	0	0	71	10	0	0	
19499.1	0	0	0	0	0	0	0	0	93	0	0	0	
20246.4	0	0	0	0	0	0	0	0	101	0	0	0	
21000.7	0	0	0	0	0	0	0	0	91	0	0	0	
21746.8	0	0	0	0	0	0	0	0	83	0	0	0	
22497.8	0	0	0	0	0	0	0	0	95	0	0	0	
23248.8	0	0	0	0	0	0	0	0	93	0	0	0	
23998.3	0	0	0	0	0	0	0	0	79	0	0	0	
24747.8	0	0	0	0	0	0	0	119	0	0	0	0	
25499.3	0	0	0	0	0	0	0	115	0	0	0	0	
26246.6	0	0	0	0	0	0	0	105	0	0	0	0	
26993.2	0	0	0	0	0	0	0	121	0	0	0	0	
27741.9	0	0	0	0	0	0	0	117	0	0	0	0	
28491.8	0	0	0	0	0	0	0	111	0	0	0	0	
29239.8	0	0	0	0	0	0	0	113	0	0	0	0	
29986.5	0	0	0	0	0	0	0	111	0	0	0	0	
30734.8	0	0	0	0	0	0	0	121	0	0	0	0	
31485.2	0	0	0	0	0	0	0	127	0	0	0	0	
32236.1	0	0	0	0	0	0	0	125	0	0	0	0	
32989.4	0	0	0	0	0	0	0	105	0	0	0	0	
33738.7	0	0	0	0	0	0	0	113	0	0	0	0	
34491.5	0	0	0	0	0	0	0	135	0	0	0	0	
35238.5	0	0	0	0	0	0	0	113	0	0	0	0	
35990.3	0	0	0	0	0	0	0	127	0	0	0	0	
36743.1	0	0	0	0	0	0	0	119	0	0	0	0	
37495.2	0	0	0	0	0	0	0	107	0	0	0	0	
38246.1	0	0	0	0	0	0	0	101	0	0	0	0	
38999.4	0	0	0	0	0	0	0	95	0	0	0	0	
39748.2	0	0	0	0	0	0	0	121	0	0	0	0	
40500.3	0	0	0	0	0	0	0	113	0	0	0	0	
41252.6	0	0	0	0	0	0	0	121	0	0	0	0	
42001.8	0	0	0	0	0	0	0	105	0	0	0	0	
42749.3	0	0	0	0	0	0	0	99	0	0	0	0	
43499.2	0	0	0	0	0	0	0	115	0	0	0	0	
44248.8	0	0	0	0	0	0	0	121	0	0	0	0	
44996	0	0	0	0	0	0	0	101	0	0	0	0	
45747.9	0	0	0	0	0	0	0	113	0	0	0	0	
46499.6	0	0	0	0	0	0	0	105	0	0	0	0	
47248.9	0	0	0	0	0	0	0	119	0	0	0	0	
47998.4	0	0	0	0	0	0	0	115	0	0	0	0	
48750.9	0	0	0	0	0	0	0	129	0	0	0	0	
49500.4	0	0	0	0	0	0	0	113	0	0	0	0	
50251.6	0	0	0	0	0	0	0	105	0	0	0	0	
51002.7	0	0	0	0	0	0	0	115	0	0	0	0	
51752.1	0	0	0	0	0	0	0	117	0	0	0	0	
52500.2	0	0	0	0	0	0	0	131	0	0	0	0	
53248.2	0	0	0	0	0	0	0	105	0	0	0	0	
53999.5	0	0	0	0	0	0	0	105	0	0	0	0	
54750.3	0	0	0	0	0	0	0	117	0	0	0	0	
55501.3	0	0	0	0	0	0	0	117	0	0	0	0	
56251.3	0	0	0	0	0	0	0	105	0	0	0	0	
57000.5	0	0	0	0	0	0	0	121	0	0	0	0	
57749.7	0	0	0	0	0	0	0	121	0	0	0	0	
58498.3	0	0	0	0	0	0	0	115	0	0	0	0	
59248.1	0	0	0	0	0	0	149	0	0	0	0	0	
59998.5	0	0	0	0	0	0	137	0	0	0	0	0	
60747.2	0	0	0	0	0	0	157	0	0	0	0	0	
61497.5	0	0	0	0	0	0	163	0	0	0	0	0	
62249.9	0	0	0	0	0	0	133	0	0	0	0	0	
63000.1	0	0	0	0	0	0	141	0	0	0	0	0	
63751.1	0	0	0	0	0	0	137	0	0	0	0	0	
64500	0	0	0	0	0	0	147	0	0	0	0	0	
65249.4	0	0	0	0	0	0	151	0	0	0	0	0	
65999.4	0	0	0	0	0	0	163	0	0	0	0	0	
66747	0	0	0	0	0	0	141	0	0	0	0	0	
67498.3	0	0	0	0	0	0	159	0	0	0	0	0	
68249.6	0	0	0	0	0	0	155	0	0	0	0	0	
69004.2	0	0	0	0	0	0	129	0	0	0	0	0	
69756.4	0	0	0	0	0	0	137	0	0	0	0	0	
70507.3	0	0	0	0	0	0	135	0	0	0	0	0	
71256.1	0	0	0	0	0	0	133	0	0	0	0	0	
72003.3	0	0	0	0	0	0	145	0	0	0	0	0	
72751.7	0	0	0	0	0	0	131	0	0	0	0	0	
73500.1	0	0	0	0	0	0	127	0	0	0	0	0	
74250.3	0	0	0	0	0	0	139	0	0	0	0	0	
75002.3	0	0	0	0	0	0	139	0	0	0	0	0	
75752.8	0	0	0	0	0	0	113	0	0	0	0	0	
76503.5	0	0	0	0	0	0	151	0	0	0	0	0	
77253	0	0	0	0	0	0	149	0	0	0	0	0	
78004.6	0	0	0	0	0	0	133	0	0	0	0	0	
78757.6	0	0	0	0	0	0	147	0	0	0	0	0	
79509.9	0	0	0	0	0	0	121	0	0	0	0	0	
80261.2	0	0	0	0	0	0	149	0	0	0	0	0	
81012.6	0	0	0	0	0	0	133	0	0	0	0	0	
81761.9	0	0	0	0	0	0	135	0	0	0	0	0	
82508.4	0	0	0	0	0	0	141	0	0	0	0	0	
83258.8	0	0	0	0	0	0	125	0	0	0	0	0	
84009.1	0	0	0	0	0	0	0	117	0	0	0	0	
84759	0	0	0	0	0	0	0	109	0	0	0	0	
85506.8	0	0	0	0	0	0	0	121	0	0	0	0	
86257.9	0	0	0	0	0	0	0	129	0	0	0	0	
87005.5	0	0	0	0	0	0	0	119	0	0	0	0	
87754.6	0	0	0	0	0	0	147	0	0	0	0	0	
88504.4	0	0	0	0	0	0	135	0	0	0	0	0	
89253.1	0	0	0	0	0	0	159	0	0	0	0	0	
90002.3	0	0	0	0	0	0	133	0	0	0	0	0	
90750.2	0	0	0	0	0	0	143	0	0	0	0	0	
91498.8	0	0	0	0	0	0	167	0	0	0	0	0	
92246.8	0	0	0	0	0	0	127	0	0	0	0	0	
92997.3	0	0	0	0	0	0	121	0	0	0	0	0	
93748.8	0	0	0	0	0	0	147	0	0	0	0	0	
94497.4	0	0	0	0	0	0	145	0	0	0	0	0	
95244	0	0	0	0	0	0	141	0	0	0	0	0	
95991.3	0	0	0	0	0	0	143	0	0	0	0	0	
96737.7	0	0	0	0	0	0	153	0	0	0	0	0	
97486.6	0	0	0	0	0	0	141	0	0	0	0	0	
98235.1	0	0	0	0	0	0	155	0	0	0	0	0	
98985.7	0	0	0	0	0	0	151	0	0	0	0	0	
99729.8	0	0	0	0	0	0	137	0	0	0	0	0	
100480	0	0	0	0	0	0	145	0	0	0	0	0	
101228	0	0	0	0	0	0	147	0	0	0	0	0	
101980	0	0	0	0	0	0	157	0	0	0	0	0	
102734	0	0	0	0	0	0	151	0	0	0	0	0	
103484	0	0	0	0	0	0	149	0	0	0	0	0	
104234	0	0	0	0	0	0	149	0	0	0	0	0	
104984	0	0	0	0	0	0	157	0	0	0	0	0	
105735	0	0	0	0	0	0	137	0	0	0	0	0	
106487	0	0	0	0	0	0	177	0	0	0	0	0	
107234	0	0	0	0	0	0	131	0	0	0	0	0	
107985	0	0	0	0	0	0	149	0	0	0	0	0	
108737	0	0	0	0	0	0	147	0	0	0	0	0	
109488	0	0	0	0	0	0	149	0	0	0	0	0	
110236	0	0	0	0	0	0	151	0	0	0	0	0	
110986	0	0	0	0	0	0	127	0	0	0	0	0	
111737	0	0	0	0	0	0	129	0	0	0	0	0	
112486	0	0	0	0	0	0	125	0	0	0	0	0	
113235	0	0	0	0	0	0	109	0	0	0	0	0	
113987	0	0	0	0	0	0	149	0	0	0	0	0	
114735	0	0	0	0	0	0	125	0	0	0	0	0	
115482	0	0	0	0	0	0	0	101	0	0	0	0	
116232	0	0	0	0	0	0	0	111	0	0	0	0	
116981	0	0	0	0	0	0	0	111	0	0	0	0	
117735	0	0	0	0	0	0	0	99	0	0	0	0	
118487	0	0	0	0	0	0	0	103	0	0	0	0	
119236	0	0	0	0	0	0	0	133	0	0	0	0	
119985	0	0	0	0	0	0	0	115	0	0	0	0	
120738	0	0	0	0	0	0	0	97	0	0	0	0	
121488	0	0	0	0	0	0	0	105	0	0	0	0	
122238	0	0	0	0	0	0	0	115	0	0	0	0	
122988	0	0	0	0	0	0	0	105	0	0	0	0	
123735	0	0	0	0	0	0	0	101	0	0	0	0	
124486	0	0	0	0	0	0	0	137	0	0	0	0	
125233	0	0	0	0	0	0	0	131	0	0	0	0	
125983	0	0	0	0	0	0	0	113	0	0	0	0	
126730	0	0	0	0	0	0	0	113	0	0	0	0	
127477	0	0	0	0	0	0	0	139	0	0	0	0	
128225	0	0	0	0	0	0	0	109	0	0	0	0	
128973	0	0	0	0	0	0	0	133	0	0	0	0	
129724	0	0	0	0	0	0	0	107	0	0	0	0	
130473	0	0	0	0	0	0	0	103	0	0	0	0	
131223	0	0	0	0	0	0	0	123	0	0	0	0	
131972	0	0	0	0	0	0	0	115	0	0	0	0	
132724	0	0	0	0	0	0	0	107	0	0	0	0	
133473	0	0	0	0	0	0	0	125	0	0	0	0	
134225	0	0	0	0	0	0	0	97	0	0	0	0	
134975	0	0	0	0	0	0	0	103	0	0	0	0	
135724	0	0	0	0	0	0	0	139	0	0	0	0	
136474	0	0	0	0	0	0	0	99	0	0	0	0	
137223	0	0	0	0	0	0	0	117	0	0	0	0	
137975	0	0	0	0	0	0	0	119	0	0	0	0	
138725	0	0	0	0	0	0	0	121	0	0	0	0	
139475	0	0	0	0	0	0	0	123	0	0	0	0	
140219	0	0	0	0	0	0	0	117	0	0	0	0	
140971	0	0	0	0	0	0	0	121	0	0	0	0	
141722	0	0	0	0	0	0	0	99	0	0	0	0	
142474	0	0	0	0	0	0	0	153	0	0	0	0	
143222	0	0	0	0	0	0	0	137	0	0	0	0	
143971	0	0	0	0	0	0	0	117	0	0	0	0	
144724	0	0	0	0	0	0	0	105	0	0	0	0	
145476	0	0	0	0	0	0	0	111	0	0	0	0	
146227	0	0	0	0	0	0	149	0	0	0	0	0	
146977	0	0	0	0	0	0	147	0	0	0	0	0	
147725	0	0	0	0	0	0	137	0	0	0	0	0	
148473	0	0	0	0	0	0	151	0	0	0	0	0	
149221	0	0	0	0	0	0	147	0	0	0	0	0	
149973	0	0	0	0	0	0	135	0	0	0	0	0	
150725	0	0	0	0	0	0	161	0	0	0	0	0	
151476	0	0	0	0	0	0	143	0	0	0	0	0	
152227	0	0	0	0	0	0	151	0	0	0	0	0	
152977	0	0	0	0	0	0	141	0	0	0	0	0	
153728	0	0	0	0	0	0	167	0	0	0	0	0	
154477	0	0	0	0	0	0	151	0	0	0	0	0	
155227	0	0	0	0	0	0	129	0	0	0	0	0	
155979	0	0	0	0	0	0	127	0	0	0	0	0	
156728	0	0	0	0	0	0	135	0	0	0	0	0	
157481	0	0	0	0	0	0	137	0	0	0	0	0	
158230	0	0	0	0	0	0	135	0	0	0	0	0	
158981	0	0	0	0	0	0	137	0	0	0	0	0	
159732	0	0	0	0	0	0	161	0	0	0	0	0	
160482	0	0	0	0	0	0	125	0	0	0	0	0	
161233	0	0	0	0	0	0	137	0	0	0	0	0	
161983	0	0	0	0	0	0	141	0	0	0	0	0	
162732	0	0	0	0	0	0	141	0	0	0	0	0	
163481	0	0	0	0	0	0	135	0	0	0	0	0	
164232	0	0	0	0	0	0	147	0	0	0	0	0	
164980	0	0	0	0	0	0	141	0	0	0	0	0	
165728	0	0	0	0	0	0	143	0	0	0	0	0	
166478	0	0	0	0	0	0	0	139	0	0	0	0	
167228	0	0	0	0	0	0	0	95	0	0	0	0	
167983	0	0	0	0	0	0	155	0	0	0	0	0	
168735	0	0	0	0	0	0	143	0	0	0	0	0	
169484	0	0	0	0	0	0	151	0	0	0	0	0	
170230	0	0	0	0	0	0	131	0	0	0	0	0	
170978	0	0	0	0	0	0	127	0	0	0	0	0	
171728	0	0	0	0	0	0	145	0	0	0	0	0	
172479	0	0	0	0	0	0	141	0	0	0	0	0	
173231	0	0	0	0	0	0	0	115	0	0	0	0	
173985	0	0	0	0	0	0	0	133	0	0	0	0	
174739	0	0	0	0	0	0	0	107	0	0	0	0	
175488	0	0	0	0	0	0	0	119	0	0	0	0	
176235	0	0	0	0	0	0	0	131	0	0	0	0	
176982	0	0	0	0	0	0	0	119	0	0	0	0	
177731	0	0	0	0	0	0	0	113	0	0	0	0	
178480	0	0	0	0	0	0	0	121	0	0	0	0	
179229	0	0	0	0	0	0	0	113	0	0	0	0	
179983	0	0	0	0	0	0	0	107	0	0	0	0	
180731	0	0	0	0	0	0	0	131	0	0	0	0	
181481	0	0	0	0	0	0	0	99	0	0	0	0	
182230	0	0	0	0	0	0	0	149	0	0	0	0	
182980	0	0	0	0	0	0	0	103	0	0	0	0	
183730	0	0	0	0	0	0	0	115	0	0	0	0	
184479	0	0	0	0	0	0	0	113	0	0	0	0	
185231	0	0	0	0	0	0	0	131	0	0	0	0	
185981	0	0	0	0	0	0	0	125	0	0	0	0	
186732	0	0	0	0	0	0	0	125	0	0	0	0	
187480	0	0	0	0	0	0	0	133	0	0	0	0	
188227	0	0	0	0	0	0	0	115	6	0	0	0	
188978	0	0	0	0	0	0	0	123	0	0	0	0	
189727	0	0	0	0	0	0	0	127	0	0	0	0	
190477	0	0	0	0	0	0	0	105	0	0	0	0	
191226	0	0	0	0	0	0	0	133	0	0	0	0	
191976	0	0	0	0	0	0	0	117	0	0	0	0	
192728	0	0	0	0	0	0	0	103	0	0	0	0	
193480	0	0	0	0	0	0	121	0	0	0	0	0	
194230	0	0	0	0	0	0	129	0	0	0	0	0	
194977	0	0	0	0	0	0	131	0	0	0	0	0	
195728	0	0	0	0	0	0	0	129	0	0	0	0	
196478	0	0	0	0	0	0	0	119	0	0	0	0	
197225	0	0	0	0	0	0	0	109	0	0	0	0	
197973	0	0	0	0	0	0	0	105	0	0	0	0	
198725	0	0	0	0	0	0	0	125	0	0	0	0	
199476	0	0	0	0	0	0	0	121	0	0	0	0	
200225	0	0	0	0	0	0	0	107	0	0	0	0	
200974	0	0	0	0	0	0	0	133	0	0	0	0	
201728	0	0	0	0	0	0	0	111	0	0	0	0	
202480	0	0	0	0	0	0	0	111	0	0	0	0	
203228	0	0	0	0	0	0	0	113	0	0	0	0	
203977	0	0	0	0	0	0	0	117	0	0	0	0	
204727	0	0	0	0	0	0	0	113	0	0	0	0	
205480	0	0	0	0	0	0	0	117	0	0	0	0	
206232	0	0	0	0	0	0	0	111	0	0	0	0	
206985	0	0	0	0	0	0	0	111	0	0	0	0	
207737	0	0	0	0	0	0	0	111	0	0	0	0	
208488	0	0	0	0	0	0	0	113	0	0	0	0	
209241	0	0	0	0	0	0	0	113	0	0	0	0	
209993	0	0	0	0	0	0	0	121	0	0	0	0	
210742	0	0	0	0	0	0	0	107	0	0	0	0	
211494	0	0	0	0	0	0	0	127	0	0	0	0	
212243	0	0	0	0	0	0	0	117	0	0	0	0	
212992	0	0	0	0	0	0	0	105	0	0	0	0	
213743	0	0	0	0	0	0	0	105	0	0	0	0	
214496	0	0	0	0	0	0	0	111	0	0	0	0	
215245	0	0	0	0	0	0	0	109	0	0	0	0	
215996	0	0	0	0	0	0	0	113	0	0	0	0	
216748	0	0	0	0	0	0	0	139	0	0	0	0	
217494	0	0	0	0	0	0	0	123	0	0	0	0	
218246	0	0	0	0	0	0	129	0	0	0	0	0	
218995	0	0	0	0	0	0	143	0	0	0	0	0	
219747	0	0	0	0	0	0	125	0	0	0	0	0	
220499	0	0	0	0	0	0	145	0	0	0	0	0	
221250	0	0	0	0	0	0	153	0	0	0	0	0	
222001	0	0	0	0	0	0	149	0	0	0	0	0	
222751	0	0	0	0	0	0	147	0	0	0	0	0	
223499	0	0	0	0	0	0	151	0	0	0	0	0	
224246	0	0	0	0	0	0	157	0	0	0	0	0	
224995	0	0	0	0	0	0	133	0	0	0	0	0	
225746	0	0	0	0	0	0	149	0	0	0	0	0	
226497	0	0	0	0	0	0	143	0	0	0	0	0	
227244	0	0	0	0	0	0	153	0	0	0	0	0	
227991	0	0	0	0	0	0	139	0	0	0	0	0	
228740	0	0	0	0	0	0	0	119	0	0	0	0	
229486	0	0	0	0	0	0	139	0	0	0	0	0	
230234	0	0	0	0	0	0	133	0	0	0	0	0	
230985	0	0	0	0	0	0	121	0	0	0	0	0	
231734	0	0	0	0	0	0	151	0	0	0	0	0	
232483	0	0	0	0	0	0	149	0	0	0	0	0	
233234	0	0	0	0	0	0	155	0	0	0	0	0	
233984	0	0	0	0	0	0	137	0	0	0	0	0	
234736	0	0	0	0	0	0	123	0	0	0	0	0	
235486	0	0	0	0	0	0	125	0	0	0	0	0	
236237	0	0	0	0	0	0	163	0	0	0	0	0	
236989	0	0	0	0	0	0	153	0	0	0	0	0	
237740	0	0	0	0	0	0	131	0	0	0	0	0	
238492	0	0	0	0	0	0	141	0	0	0	0	0	
239238	0	0	0	0	0	0	153	0	0	0	0	0	
239989	0	0	0	0	0	0	133	0	0	0	0	0	
240740	0	0	0	0	0	0	143	0	0	0	0	0	
241488	0	0	0	0	0	0	139	0	0	0	0	0	
242241	0	0	0	0	0	0	173	0	0	0	0	0	
242993	0	0	0	0	0	0	147	0	0	0	0	0	
243744	0	0	0	0	0	0	133	0	0	0	0	0	
244493	0	0	0	0	0	0	135	0	0	0	0	0	
245243	0	0	0	0	0	0	141	0	0	0	0	0	
245995	0	0	0	0	0	0	129	0	0	0	0	0	
246744	0	0	0	0	0	0	139	0	0	0	0	0	
247494	0	0	0	0	0	0	137	0	0	0	0	0	
248244	0	0	0	0	0	0	145	0	0	0	0	0	
248995	0	0	0	0	0	0	125	0	0	0	0	0	
249747	0	0	0	0	0	0	143	0	0	0	0	0	
250501	0	0	0	0	0	0	123	0	0	0	0	0	
251250	0	0	0	0	0	0	163	0	0	0	0	0	
252001	0	0	0	0	0	0	133	0	0	0	0	0	
252749	0	0	0	0	0	0	147	0	0	0	0	0	
253500	0	0	0	0	0	0	141	0	0	0	0	0	
254251	0	0	0	0	0	0	127	0	0	0	0	0	
255004	0	0	0	0	0	0	131	0	0	0	0	0	
255755	0	0	0	0	0	0	135	0	0	0	0	0	
256505	0	0	0	0	0	0	141	0	0	0	0	0	
257255	0	0	0	0	0	0	162	1	0	0	0	0	
258004	0	0	0	0	0	0	133	0	0	0	0	0	
258755	0	0	0	0	0	0	143	0	0	0	0	0	
259501	0	0	0	0	0	0	159	0	0	0	0	0	
260249	0	0	0	0	0	0	131	0	0	0	0	0	
260998	0	0	0	0	0	0	135	0	0	0	0	0	
261749	0	0	0	0	0	0	0	127	0	0	0	0	
262501	0	0	0	0	0	0	0	129	0	0	0	0	
263250	0	0	0	0	0	0	0	109	0	0	0	0	
264001	0	0	0	0	0	0	0	103	0	0	0	0	
264751	0	0	0	0	0	0	0	115	0	0	0	0	
265500	0	0	0	0	0	0	0	123	0	0	0	0	
266248	0	0	0	0	0	0	0	111	0	0	0	0	
266999	0	0	0	0	0	0	0	113	0	0	0	0	
267746	0	0	0	0	0	0	0	103	0	0	0	0	
268493	0	0	0	0	0	0	0	109	0	0	0	0	
269242	0	0	0	0	0	0	0	109	0	0	0	0	
269992	0	0	0	0	0	0	0	125	0	0	0	0	
270743	0	0	0	0	0	0	0	125	0	0	0	0	
271490	0	0	0	0	0	0	0	133	0	0	0	0	
272240	0	0	0	0	0	0	0	95	0	0	0	0	
272990	0	0	0	0	0	0	0	97	0	0	0	0	
273739	0	0	0	0	0	0	0	113	0	0	0	0	
274489	0	0	0	0	0	0	0	121	0	0	0	0	
275237	0	0	0	0	0	0	0	125	0	0	0	0	
275986	0	0	0	0	0	0	15	100	0	0	0	0	
276737	0	0	0	0	0	0	0	113	0	0	0	0	
277484	0	0	0	0	0	0	0	139	2	0	0	0	
278235	0	0	0	0	0	0	0	119	0	0	0	0	
278987	0	0	0	0	0	0	0	131	0	0	0	0	
279739	0	0	0	0	0	0	0	125	0	0	0	0	
280491	0	0	0	0	0	0	0	109	0	0	0	0	
281241	0	0	0	0	0	0	0	111	0	0	0	0	
281990	0	0	0	0	0	0	0	107	0	0	0	0	
282739	0	0	0	0	0	0	0	129	0	0	0	0	
283488	0	0	0	0	0	0	0	113	0	0	0	0	
284237	0	0	0	0	0	0	0	119	0	0	0	0	
284988	0	0	0	0	0	0	0	119	0	0	0	0	
285737	0	0	0	0	0	0	0	111	0	0	0	0	
286485	0	0	0	0	0	0	0	107	0	0	0	0	
287234	0	0	0	0	0	0	0	115	0	0	0	0	
287986	0	0	0	0	0	0	0	115	0	0	0	0	
288735	0	0	0	0	0	0	0	111	0	0	0	0	
289486	0	0	0	0	0	0	76	59	0	0	0	0	
290239	0	0	0	0	0	0	0	0	89	0	0	0	
290990	0	0	0	0	0	0	0	0	101	0	0	0	
291741	0	0	0	0	0	0	0	0	75	0	0	0	
292490	0	0	0	0	0	0	0	0	75	8	0	0	
293239	0	0	0	0	0	0	0	0	0	87	0	0	
293991	0	0	0	0	0	0	0	0	0	67	0	0	
294741	0	0	0	0	0	0	0	0	0	75	0	0	
295490	0	0	0	0	0	0	0	0	0	79	0	0	
296240	0	0	0	0	0	0	0	0	0	67	0	0	
296990	0	0	0	0	0	0	0	0	0	69	0	0	
297744	0	0	0	0	0	0	0	0	0	69	0	0	
298494	0	0	0	0	0	0	0	0	0	79	0	0	
299239	0	0	0	0	0	0	0	0	0	83	0	0	
299989	0	0	0	0	0	0	0	0	0	79	0	0	
300739	0	0	0	0	0	0	0	0	0	77	0	0	
301484	0	0	0	0	0	0	0	0	0	85	0	0	
302235	0	0	0	0	0	0	0	0	0	65	0	0	
302983	0	0	0	0	0	0	0	0	0	83	0	0	
303732	0	0	0	0	0	0	0	0	0	79	0	0	
304481	0	0	0	0	0	0	0	0	0	79	0	0	
305234	0	0	0	0	0	0	0	0	0	81	0	0	
305985	0	0	0	0	0	0	0	0	0	57	0	0	
306738	0	0	0	0	0	0	0	0	0	77	0	0	
307492	0	0	0	0	0	0	0	0	0	83	0	0	
308246	0	0	0	0	0	0	0	0	0	67	0	0	
308996	0	0	0	0	0	0	0	0	0	71	0	0	
309747	0	0	0	0	0	0	0	0	0	83	0	0	
310500	0	0	0	0	0	0	0	0	0	85	0	0	
311251	0	0	0	0	0	0	0	0	0	65	0	0	
311998	0	0	0	0	0	0	0	0	0	89	0	0	
312748	0	0	0	0	0	0	0	0	0	67	0	0	
313500	0	0	0	0	0	0	0	0	0	71	0	0	
314248	0	0	0	0	0	0	0	0	0	83	0	0	
314998	0	0	0	0	0	0	0	0	0	67	0	0	
315748	0	0	0	0	0	0	0	0	0	65	0	0	
316500	0	0	0	0	0	0	0	0	0	79	0	0	
317250	0	0	0	0	0	0	0	0	0	89	0	0	
318002	0	0	0	0	0	0	0	0	0	73	0	0	
318752	0	0	0	0	0	0	0	0	0	77	0	0	
319502	0	0	0	0	0	0	0	0	0	81	0	0	
320251	0	0	0	0	0	0	0	0	0	89	0	0	
321001	0	0	0	0	0	0	0	0	0	75	0	0	
321750	0	0	0	0	0	0	0	0	0	71	0	0	
322499	0	0	0	0	0	0	0	0	0	61	0	0	
323248	0	0	0	0	0	0	0	0	0	67	0	0	
323998	0	0	0	0	0	0	0	0	0	77	0	0	
324748	0	0	0	0	0	0	0	0	0	71	0	0	
325500	0	0	0	0	0	0	0	0	0	83	0	0	
326251	0	0	0	0	0	0	0	0	0	85	0	0	
327001	0	0	0	0	0	0	0	0	0	83	0	0	
327752	0	0	0	0	0	0	0	0	0	79	0	0	
328500	0	0	0	0	0	0	0	0	0	81	0	0	
329251	0	0	0	0	0	0	0	0	0	75	0	0	
330000	0	0	0	0	0	0	0	0	0	69	0	0	
330750	0	0	0	0	0	0	0	0	0	67	0	0	
331501	0	0	0	0	0	0	0	0	0	73	0	0	
332249	0	0	0	0	0	0	0	0	0	83	0	0	
332999	0	0	0	0	0	0	0	0	0	65	0	0	
333748	0	0	0	0	0	0	0	0	0	59	0	0	
334496	0	0	0	0	0	0	0	0	0	73	0	0	
335247	0	0	0	0	0	0	0	0	0	67	0	0	
335997	0	0	0	0	0	0	0	0	0	0	67	0	
336747	0	0	0	0	0	0	0	0	0	0	63	0	
337496	0	0	0	0	0	0	0	0	0	0	75	0	
338249	0	0	0	0	0	0	0	0	0	0	69	0	
338996	0	0	0	0	0	0	0	0	0	0	61	0	
339744	0	0	0	0	0	0	0	0	0	0	75	0	
340495	0	0	0	0	0	0	0	0	0	0	63	0	
341245	0	0	0	0	0	0	0	0	0	0	57	0	
341993	0	0	0	0	0	0	0	0	0	0	43	0	
342744	0	0	0	0	0	0	0	0	0	0	53	0	
343495	0	0	0	0	0	0	0	0	0	0	0	59	
344243	0	0	0	0	0	0	0	0	0	0	0	51	
344990	0	0	0	0	0	0	0	0	0	0	0	65	
345742	0	0	0	0	0	0	0	0	0	0	0	39	
346492	0	0	0	0	0	0	0	0	0	0	0	39	
347241	0	0	0	0	0	0	0	0	0	0	0	43	
347993	0	0	0	0	0	0	0	0	0	0	0	37	
348745	0	0	0	0	0	0	0	0	0	0	0	41	
349493	0	0	0	0	0	0	0	0	0	0	0	55	
350246	0	0	0	0	0	0	0	0	0	0	0	57	
350995	0	0	0	0	0	0	0	0	0	0	0	57	
351746	0	0	0	0	0	0	0	0	0	0	0	45	
352497	0	0	0	0	0	0	0	0	0	0	0	61	
353245	0	0	0	0	0	0	0	0	0	0	0	59	
353993	0	0	0	0	0	0	0	0	0	0	0	47	
354743	0	0	0	0	0	0	0	0	0	0	0	57	
355492	0	0	0	0	0	0	0	0	0	0	0	61	
356241	0	0	0	0	0	0	0	0	0	0	0	37	
356992	0	0	0	0	0	0	0	0	0	0	0	39	
357743	0	0	0	0	0	0	0	0	0	0	0	47	
358493	0	0	0	0	0	0	0	0	0	0	0	59	
359246	0	0	0	0	0	0	0	0	0	0	0	49	
359994	0	0	0	0	0	0	0	0	0	0	0	67	
360746	0	0	0	0	0	0	0	0	0	0	0	39	
361497	0	0	0	0	0	0	0	0	0	0	0	41	
362247	0	0	0	0	0	0	0	0	0	0	0	51	
362997	0	0	0	0	0	0	0	0	0	0	0	53	
363748	0	0	0	0	0	0	0	0	0	0	0	45	
364499	0	0	0	0	0	0	0	0	0	0	0	61	
365250	0	0	0	0	0	0	0	0	0	0	0	55	
366000	0	0	0	0	0	0	0	0	0	0	0	47	
366750	0	0	0	0	0	0	0	0	0	0	0	41	
367499	0	0	0	0	0	0	0	0	0	0	0	59	
368248	0	0	0	0	0	0	0	0	0	0	0	53	
368995	0	0	0	0	0	0	0	0	0	0	0	45	
369743	0	0	0	0	0	0	0	0	0	0	0	35	
370494	0	0	0	0	0	0	0	0	0	0	0	45	
371244	0	0	0	0	0	0	0	0	0	0	0	43	
371994	0	0	0	0	0	0	0	0	0	0	0	49	
372745	0	0	0	0	0	0	0	0	0	0	20	41	
373495	0	0	0	0	0	0	0	0	0	0	0	49	
374245	0	0	0	0	0	0	0	0	0	0	0	47	
374999	0	0	0	0	0	0	0	0	0	0	0	53	
375749	0	0	0	0	0	0	0	0	0	0	0	49	
376498	0	0	0	0	0	0	0	0	0	0	0	63	
377245	0	0	0	0	0	0	0	0	0	0	0	57	
377996	0	0	0	0	0	0	0	0	0	0	0	43	
378743	0	0	0	0	0	0	0	0	0	0	0	47	
379492	0	0	0	0	0	0	0	0	0	0	0	59	
380244	0	0	0	0	0	0	0	0	0	0	0	47	
380996	0	0	0	0	0	0	0	0	0	0	0	49	
381746	0	0	0	0	0	0	0	0	0	0	0	45	
382499	0	0	0	0	0	0	0	0	0	0	51	0	
383250	0	0	0	0	0	0	0	0	0	0	67	0	
384003	0	0	0	0	0	0	0	0	0	0	51	0	
384752	0	0	0	0	0	0	0	0	0	0	51	2	
385500	0	0	0	0	0	0	0	0	0	0	67	0	
386251	0	0	0	0	0	0	0	0	0	0	55	0	
387002	0	0	0	0	0	0	0	0	0	0	69	0	
387752	0	0	0	0	0	0	0	0	0	0	63	0	
388500	0	0	0	0	0	0	0	0	0	0	53	0	
389250	0	0	0	0	0	0	0	0	0	0	49	0	
389996	0	0	0	0	0	0	0	0	0	0	53	0	
390745	0	0	0	0	0	0	0	0	0	0	53	0	
391493	0	0	0	0	0	0	0	0	0	0	61	0	
392246	0	0	0	0	0	0	0	0	0	0	41	0	
392996	0	0	0	0	0	0	0	0	0	0	49	0	
393746	0	0	0	0	0	0	0	0	0	0	65	0	
394495	0	0	0	0	0	0	0	0	0	0	73	0	
395248	0	0	0	0	0	0	0	0	0	0	71	0	
396001	0	0	0	0	0	0	0	0	0	0	55	0	
396751	0	0	0	0	0	0	0	0	0	0	65	0	
397505	0	0	0	0	0	0	0	0	0	0	69	0	
398255	0	0	0	0	0	0	0	0	0	0	55	0	
399004	0	0	0	0	0	0	0	0	0	0	45	0	
399757	0	0	0	0	0	0	0	0	0	0	57	0	
400508	0	0	0	0	0	0	0	0	0	0	63	0	
401256	0	0	0	0	0	0	0	0	0	0	67	0	
402009	0	0	0	0	0	0	0	0	0	0	59	0	
402758	0	0	0	0	0	0	0	0	0	0	59	0	
403508	0	0	0	0	0	0	0	0	0	0	47	0	
404254	0	0	0	0	0	0	0	0	0	0	65	0	
405004	0	0	0	0	0	0	0	0	0	0	63	0	
405756	0	0	0	0	0	0	0	0	0	0	71	0	
406507	0	0	0	0	0	0	0	0	0	0	77	0	
407259	0	0	0	0	0	0	0	0	0	0	61	0	
408008	0	0	0	0	0	0	0	0	0	0	55	0	
408760	0	0	0	0	0	0	0	0	0	0	55	0	
409510	0	0	0	0	0	0	0	0	0	0	73	0	
410259	0	0	0	0	0	0	0	0	0	0	57	0	
411006	0	0	0	0	0	0	0	0	0	0	63	0	
411756	0	0	0	0	0	0	0	0	0	0	53	0	
412504	0	0	0	0	0	0	0	0	0	0	69	0	
413252	0	0	0	0	0	0	0	0	0	0	53	0	
414001	0	0	0	0	0	0	0	0	0	0	57	0	
414751	0	0	0	0	0	0	0	0	0	0	63	0	
415501	0	0	0	0	0	0	0	0	0	0	85	0	
416255	0	0	0	0	0	0	0	0	0	0	53	0	
417007	0	0	0	0	0	0	0	0	0	0	71	0	
417754	0	0	0	0	0	0	0	0	0	0	69	0	
418505	0	0	0	0	0	0	0	0	0	0	63	0	
419256	0	0	0	0	0	0	0	0	0	0	53	0	
420006	0	0	0	0	0	0	0	0	0	0	69	0	
420758	0	0	0	0	0	0	0	0	0	0	49	0	
421507	0	0	0	0	0	0	0	0	0	0	63	0	
422258	0	0	0	0	0	0	0	0	0	71	0	0	
423011	0	0	0	0	0	0	0	0	0	79	0	0	
423764	0	0	0	0	0	0	0	0	99	0	0	0	
424514	0	0	0	0	0	0	0	0	99	0	0	0	
425261	0	0	0	0	0	0	0	0	99	0	0	0	
426010	0	0	0	0	0	0	0	0	107	0	0	0	
426762	0	0	0	0	0	0	0	0	89	0	0	0	
427512	0	0	0	0	0	0	0	0	81	0	0	0	
428262	0	0	0	0	0	0	0	0	89	0	0	0	
429010	0	0	0	0	0	0	0	0	89	0	0	0	
429759	0	0	0	0	0	0	0	0	109	0	0	0	
430507	0	0	0	0	0	0	0	0	113	0	0	0	
431259	0	0	0	0	0	0	0	0	77	0	0	0	
432010	0	0	0	0	0	0	0	0	0	67	0	0	
432760	0	0	0	0	0	0	0	0	99	0	0	0	
433508	0	0	0	0	0	0	0	0	87	0	0	0	
434258	0	0	0	0	0	0	0	0	93	0	0	0	
435007	0	0	0	0	0	0	0	0	97	0	0	0	
435758	0	0	0	0	0	0	0	0	97	0	0	0	
436508	0	0	0	0	0	0	0	0	105	0	0	0	
437255	0	0	0	0	0	0	0	0	101	0	0	0	
438006	0	0	0	0	0	0	0	0	87	0	0	0	
438755	0	0	0	0	0	0	0	0	97	0	0	0	
439504	0	0	0	0	0	0	0	0	91	0	0	0	
440255	0	0	0	0	0	0	0	0	101	0	0	0	
441005	0	0	0	0	0	0	0	0	97	0	0	0	
441756	0	0	0	0	0	0	0	0	95	0	0	0	
442503	0	0	0	0	0	0	0	0	73	0	0	0	
443251	0	0	0	0	0	0	0	0	91	0	0	0	
443999	0	0	0	0	0	0	0	0	107	0	0	0	
444746	0	0	0	0	0	0	0	0	99	0	0	0	
445495	0	0	0	0	0	0	0	0	81	0	0	0	
446242	0	0	0	0	0	0	0	0	75	10	0	0	
446992	0	0	0	0	0	0	0	0	101	0	0	0	
447744	0	0	0	0	0	0	0	0	105	0	0	0	
448491	0	0	0	0	0	0	0	0	91	0	0	0	
449241	0	0	0	0	0	0	0	0	83	0	0	0	
449991	0	0	0	0	0	0	0	0	77	0	0	0	
450740	0	0	0	0	0	0	0	0	75	0	0	0	
451488	0	0	0	0	0	0	0	0	105	0	0	0	
452237	0	0	0	0	0	0	0	0	93	0	0	0	
452988	0	0	0	0	0	0	0	0	81	0	0	0	
453737	0	0	0	0	0	0	0	0	109	0	0	0	
454486	0	0	0	0	0	0	0	0	79	0	0	0	
455240	0	0	0	0	0	0	0	3	92	0	0	0	
455986	0	0	0	0	0	0	0	0	83	0	0	0	
456740	0	0	0	0	0	0	0	119	0	0	0	0	
457491	0	0	0	0	0	0	10	111	0	0	0	0	
458237	0	0	0	0	0	0	0	101	0	0	0	0	
458989	0	0	0	0	0	0	0	111	0	0	0	0	
459739	0	0	0	0	0	0	0	117	0	0	0	0	
460489	0	0	0	0	0	0	0	107	0	0	0	0	
461240	0	0	0	0	0	0	0	109	0	0	0	0	
461988	0	0	0	0	0	0	0	109	0	0	0	0	
462739	0	0	0	0	0	0	3	118	0	0	0	0	
463491	0	0	0	0	0	0	0	105	0	0	0	0	
464238	0	0	0	0	0	0	0	99	0	0	0	0	
464987	0	0	0	0	0	0	0	109	0	0	0	0	
465735	0	0	0	0	0	0	0	119	0	0	0	0	
466486	0	0	0	0	0	0	0	113	0	0	0	0	
467235	0	0	0	0	0	0	0	119	0	0	0	0	
467985	0	0	0	0	0	0	0	111	0	0	0	0	
468736	0	0	0	0	0	0	0	125	0	0	0	0	
469489	0	0	0	0	0	0	0	111	0	0	0	0	
470239	0	0	0	0	0	0	0	115	0	0	0	0	
470990	0	0	0	0	0	0	0	105	0	0	0	0	
471743	0	0	0	0	0	0	0	119	0	0	0	0	
472494	0	0	0	0	0	0	0	111	0	0	0	0	
473249	0	0	0	0	0	0	0	127	0	0	0	0	
473997	0	0	0	0	0	0	0	135	0	0	0	0	
474748	0	0	0	0	0	0	0	133	0	0	0	0	
475501	0	0	0	0	0	0	0	123	0	0	0	0	
476252	0	0	0	0	0	0	0	99	0	0	0	0	
477000	0	0	0	0	0	0	0	137	0	0	0	0	
477750	0	0	0	0	0	0	0	115	0	0	0	0	
478499	0	0	0	0	0	0	0	115	0	0	0	0	
479246	0	0	0	0	0	0	0	119	0	0	0	0	
479994	0	0	0	0	0	0	0	123	0	0	0	0	
480746	0	0	0	0	0	0	0	99	0	0	0	0	
481501	0	0	0	0	0	0	0	121	0	0	0	0	
482252	0	0	0	0	0	0	0	123	0	0	0	0	
482999	0	0	0	0	0	0	0	99	0	0	0	0	
483748	0	0	0	0	0	0	0	131	0	0	0	0	
484500	0	0	0	0	0	0	0	103	0	0	0	0	
485251	0	0	0	0	0	0	0	109	0	0	0	0	
486001	0	0	0	0	0	0	0	115	0	0	0	0	
486753	0	0	0	0	0	0	0	0	71	0	0	0	
487503	0	0	0	0	0	0	0	9	84	0	0	0	
488254	0	0	0	0	0	0	0	0	95	0	0	0	
489001	0	0	0	0	0	0	0	0	103	0	0	0	
489753	0	0	0	0	0	0	0	0	97	0	0	0	
490501	0	0	0	0	0	0	0	0	83	0	0	0	
491248	0	0	0	0	0	0	0	0	97	0	0	0	
491998	0	0	0	0	0	0	0	0	101	0	0	0	
492751	0	0	0	0	0	0	0	0	85	0	0	0	
493502	0	0	0	0	0	0	0	0	101	0	0	0	
494251	0	0	0	0	0	0	0	0	101	0	0	0	
495000	0	0	0	0	0	0	0	0	87	0	0	0	
495751	0	0	0	0	0	0	0	0	93	0	0	0	
496499	0	0	0	0	0	0	0	0	77	0	0	0	
497253	0	0	0	0	0	0	0	0	103	0	0	0	
498003	0	0	0	0	0	0	0	0	99	0	0	0	
498751	0	0	0	0	0	0	0	0	83	0	0	0	
499505	0	0	0	0	0	0	0	0	93	0	0	0	
500257	0	0	0	0	0	0	0	0	85	0	0	0	
501009	0	0	0	0	0	0	0	0	87	0	0	0	
501762	0	0	0	0	0	0	0	0	87	0	0	0	
502511	0	0	0	0	0	0	0	0	105	0	0	0	
503260	0	0	0	0	0	0	0	0	103	0	0	0	
504011	0	0	0	0	0	0	0	0	97	0	0	0	
504764	0	0	0	0	0	0	0	0	87	0	0	0	
505513	0	0	0	0	0	0	0	0	89	0	0	0	
506260	0	0	0	0	0	0	0	121	0	0	0	0	
507008	0	0	0	0	0	0	0	117	0	0	0	0	
507757	0	0	0	0	0	0	0	119	0	0	0	0	
508506	0	0	0	0	0	0	0	121	0	0	0	0	
509258	0	0	0	0	0	0	0	111	0	0	0	0	
510008	0	0	0	0	0	0	0	115	0	0	0	0	
510761	0	0	0	0	0	0	0	123	0	0	0	0	
511509	0	0	0	0	0	0	0	127	0	0	0	0	
512259	0	0	0	0	0	0	0	117	0	0	0	0	
513010	0	0	0	0	0	0	0	129	0	0	0	0	
513757	0	0	0	0	0	0	0	123	0	0	0	0	
514505	0	0	0	0	0	0	0	117	0	0	0	0	
515255	0	0	0	0	0	0	0	109	0	0	0	0	
516003	0	0	0	0	0	0	0	125	0	0	0	0	
516751	0	0	0	0	0	0	0	117	0	0	0	0	
517505	0	0	0	0	0	0	0	101	0	0	0	0	
518253	0	0	0	0	0	0	0	141	0	0	0	0	
519001	0	0	0	0	0	0	0	105	0	0	0	0	
519749	0	0	0	0	0	0	0	117	0	0	0	0	
520501	0	0	0	0	0	0	0	117	0	0	0	0	
521250	0	0	0	0	0	0	0	147	0	0	0	0	
521999	0	0	0	0	0	0	0	107	0	0	0	0	
522749	0	0	0	0	0	0	0	105	0	0	0	0	
523497	0	0	0	0	0	0	0	133	0	0	0	0	
524247	0	0	0	0	0	0	0	111	0	0	0	0	
525003	0	0	0	0	0	0	0	109	0	0	0	0	
525753	0	0	0	0	0	0	0	119	0	0	0	0	
526501	0	0	0	0	0	0	0	103	0	0	0	0	
527252	0	0	0	0	0	0	0	125	0	0	0	0	
528000	0	0	0	0	0	0	0	133	0	0	0	0	
528748	0	0	0	0	0	0	0	105	0	0	0	0	
529495	0	0	0	0	0	0	0	115	0	0	0	0	
530245	0	0	0	0	0	0	0	133	0	0	0	0	
530996	0	0	0	0	0	0	0	113	0	0	0	0	
531745	0	0	0	0	0	0	0	123	0	0	0	0	
532495	0	0	0	0	0	0	0	109	0	0	0	0	
533244	0	0	0	0	0	0	0	131	0	0	0	0	
533994	0	0	0	0	0	0	0	101	0	0	0	0	
534746	0	0	0	0	0	0	0	113	0	0	0	0	
535493	0	0	0	0	0	0	0	119	0	0	0	0	
536241	0	0	0	0	0	0	0	109	0	0	0	0	
536988	0	0	0	0	0	0	0	127	0	0	0	0	
537740	0	0	0	0	0	0	0	111	0	0	0	0	
538492	0	0	0	0	0	0	0	127	0	0	0	0	
539239	0	0	0	0	0	0	0	129	0	0	0	0	
539991	0	0	0	0	0	0	0	115	0	0	0	0	
540740	0	0	0	0	0	0	0	105	0	0	0	0	
541490	0	0	0	0	0	0	0	131	0	0	0	0	
542239	0	0	0	0	0	0	0	109	0	0	0	0	
542989	0	0	0	0	0	0	0	123	0	0	0	0	
543736	0	0	0	0	0	0	0	135	0	0	0	0	
544489	0	0	0	0	0	0	0	119	0	0	0	0	
545241	0	0	0	0	0	0	0	113	0	0	0	0	
545990	0	0	0	0	0	0	0	131	0	0	0	0	
546738	0	0	0	0	0	0	0	109	0	0	0	0	
547487	0	0	0	0	0	0	0	91	0	0	0	0	
548239	0	0	0	0	0	0	0	113	0	0	0	0	
548990	0	0	0	0	0	0	0	133	0	0	0	0	
549739	0	0	0	0	0	0	0	135	0	0	0	0	
550489	0	0	0	0	0	0	0	119	0	0	0	0	
551237	0	0	0	0	0	0	0	109	0	0	0	0	
551987	0	0	0	0	0	0	0	103	0	0	0	0	
552737	0	0	0	0	0	0	0	117	0	0	0	0	
553484	0	0	0	0	0	0	0	111	0	0	0	0	
554234	0	0	0	0	0	0	0	106	5	0	0	0	
554985	0	0	0	0	0	0	0	115	0	0	0	0	
555737	0	0	0	0	0	0	0	117	0	0	0	0	
556486	0	0	0	0	0	0	0	115	0	0	0	0	
557234	0	0	0	0	0	0	0	107	0	0	0	0	
557982	0	0	0	0	0	0	0	107	0	0	0	0	
558735	0	0	0	0	0	0	0	101	0	0	0	0	
559485	0	0	0	0	0	0	0	97	0	0	0	0	
560238	0	0	0	0	0	0	0	131	0	0	0	0	
560987	0	0	0	0	0	0	0	113	0	0	0	0	
561739	0	0	0	0	0	0	0	123	0	0	0	0	
562489	0	0	0	0	0	0	0	111	0	0	0	0	
563239	0	0	0	0	0	0	0	129	0	0	0	0	
563990	0	0	0	0	0	0	0	111	0	0	0	0	
564743	0	0	0	0	0	0	165	0	0	0	0	0	
565488	0	0	0	0	0	0	135	0	0	0	0	0	
566240	0	0	0	0	0	0	139	0	0	0	0	0	
566989	0	0	0	0	0	0	123	0	0	0	0	0	
567742	0	0	0	0	0	0	127	0	0	0	0	0	
568491	0	0	0	0	0	0	0	135	0	0	0	0	
569243	0	0	0	0	0	0	0	119	0	0	0	0	
569996	0	0	0	0	0	0	0	105	0	0	0	0	
570745	0	0	0	0	0	0	0	107	0	0	0	0	
571494	0	0	0	0	0	0	0	119	0	0	0	0	
572244	0	0	0	0	0	0	0	125	0	0	0	0	
572994	0	0	0	0	0	0	0	115	0	0	0	0	
573747	0	0	0	0	0	0	0	117	0	0	0	0	
574498	0	0	0	0	0	0	0	129	0	0	0	0	
575248	0	0	0	0	0	0	0	107	0	0	0	0	
575997	0	0	0	0	0	0	0	125	0	0	0	0	
576747	0	0	0	0	0	0	0	121	0	0	0	0	
577500	0	0	0	0	0	0	0	121	0	0	0	0	
578249	0	0	0	0	0	0	0	101	0	0	0	0	
578999	0	0	0	0	0	0	0	115	0	0	0	0	
579750	0	0	0	0	0	0	0	119	0	0	0	0	
580501	0	0	0	0	0	0	0	117	0	0	0	0	
581250	0	0	0	0	0	0	0	123	0	0	0	0	
582001	0	0	0	0	0	0	0	103	0	0	0	0	
582747	0	0	0	0	0	0	0	137	0	0	0	0	
583496	0	0	0	0	0	0	0	93	0	0	0	0	
584248	0	0	0	0	0	0	0	113	0	0	0	0	
584998	0	0	0	0	0	0	0	103	0	0	0	0	
585744	0	0	0	0	0	0	0	0	109	0	0	0	
586495	0	0	0	0	0	0	0	0	0	103	0	0	
587247	0	0	0	0	0	0	0	0	0	81	0	0	
587995	0	0	0	0	0	0	0	0	0	87	0	0	
588744	0	0	0	0	0	0	0	0	0	79	0	0	
589496	0	0	0	0	0	0	0	0	0	75	0	0	
590243	0	0	0	0	0	0	0	0	0	69	0	0	
590994	0	0	0	0	0	0	0	0	0	81	0	0	
591744	0	0	0	0	0	0	0	0	0	81	0	0	
592498	0	0	0	0	0	0	0	0	0	81	0	0	
593247	0	0	0	0	0	0	0	0	0	63	0	0	
593997	0	0	0	0	0	0	0	0	0	93	0	0	
594749	0	0	0	0	0	0	0	0	0	73	0	0	
595500	0	0	0	0	0	0	0	0	0	85	0	0	
596248	0	0	0	0	0	0	0	0	0	83	0	0	
596996	0	0	0	0	0	0	0	0	0	79	0	0	
597750	0	0	0	0	0	0	0	0	0	79	0	0	
598499	0	0	0	0	0	0	0	0	0	77	0	0	
599249	0	0	0	0	0	0	0	0	0	69	0	0	
600003	0	0	0	0	0	0	0	0	0	89	0	0	
600754	0	0	0	0	0	0	0	0	0	59	0	0	
601505	0	0	0	0	0	0	0	0	0	85	0	0	
602255	0	0	0	0	0	0	0	0	0	85	0	0	
603007	0	0	0	0	0	0	0	0	0	79	0	0	
603756	0	0	0	0	0	0	0	0	0	71	0	0	
604503	0	0	0	0	0	0	0	0	0	85	0	0	
605252	0	0	0	0	0	0	0	0	0	77	0	0	
606003	0	0	0	0	0	0	0	0	0	79	0	0	
606755	0	0	0	0	0	0	0	0	0	87	0	0	
607506	0	0	0	0	0	0	0	0	0	71	0	0	
608256	0	0	0	0	0	0	0	0	0	73	0	0	
609011	0	0	0	0	0	0	0	0	0	69	0	0	
609762	0	0	0	0	0	0	0	0	0	71	0	0	
610512	0	0	0	0	0	0	0	0	0	81	0	0	
611260	0	0	0	0	0	0	0	0	0	0	67	0	
612008	0	0	0	0	0	0	0	0	0	0	47	0	
612760	0	0	0	0	0	0	0	0	0	2	53	0	
613509	0	0	0	0	0	0	0	0	0	0	69	0	
614257	0	0	0	0	0	0	0	0	0	0	0	51	
615006	0	0	0	0	0	0	0	0	0	0	0	51	
615755	0	0	0	0	0	0	0	0	0	0	0	55	
616504	0	0	0	0	0	0	0	0	0	0	0	47	
617253	0	0	0	0	0	0	0	0	0	0	0	47	
618001	0	0	0	0	0	0	0	0	0	0	0	55	
618756	0	0	0	0	0	0	0	0	0	0	53	0	
619506	0	0	0	0	0	0	0	0	0	0	55	0	
620257	0	0	0	0	0	0	0	0	0	0	73	0	
621007	0	0	0	0	0	0	0	0	0	0	55	0	
621756	0	0	0	0	0	0	0	0	0	0	69	0	
622506	0	0	0	0	0	0	0	0	0	0	55	0	
623256	0	0	0	0	0	0	0	0	0	0	55	0	
624005	0	0	0	0	0	0	0	0	0	0	55	0	
624755	0	0	0	0	0	0	0	0	0	0	61	0	
625507	0	0	0	0	0	0	0	0	0	0	61	0	
626259	0	0	0	0	0	0	0	0	0	0	65	0	
627011	0	0	0	0	0	0	0	0	0	0	65	0	
627764	0	0	0	0	0	0	0	0	0	0	83	0	
628513	0	0	0	0	0	0	0	0	0	0	63	0	
629262	0	0	0	0	0	0	0	0	0	0	67	0	
630014	0	0	0	0	0	0	0	0	0	0	55	0	
630765	0	0	0	0	0	0	0	0	0	0	61	0	
631516	0	0	0	0	0	0	0	0	0	0	75	0	
632267	0	0	0	0	0	0	0	0	0	0	57	0	
633017	0	0	0	0	0	0	0	0	0	0	51	0	
633768	0	0	0	0	0	0	0	0	0	0	81	0	
634522	0	0	0	0	0	0	0	0	0	0	73	0	
635274	0	0	0	0	0	0	0	0	0	0	57	0	
636025	0	0	0	0	0	0	0	0	0	0	53	0	
636773	0	0	0	0	0	0	0	0	0	0	59	0	
637517	0	0	0	0	0	0	0	0	0	0	55	0	
638271	0	0	0	0	0	0	0	0	0	0	63	0	
639022	0	0	0	0	0	0	0	0	0	0	65	0	
639771	0	0	0	0	0	0	0	0	0	0	65	0	
640524	0	0	0	0	0	0	0	0	0	0	71	0	
641270	0	0	0	0	0	0	0	0	0	0	55	0	
642019	0	0	0	0	0	0	0	0	0	0	0	43	
642767	0	0	0	0	0	0	0	0	0	0	0	51	
643517	0	0	0	0	0	0	0	0	0	0	0	43	
644267	0	0	0	0	0	0	0	0	0	0	0	49	
645019	0	0	0	0	0	0	0	0	0	0	0	61	
645767	0	0	0	0	0	0	0	0	0	0	75	0	
646519	0	0	0	0	0	0	0	0	0	0	65	0	
647267	0	0	0	0	0	0	0	0	0	0	71	0	
648019	0	0	0	0	0	0	0	0	0	0	77	0	
648767	0	0	0	0	0	0	0	0	0	0	57	0	
649513	0	0	0	0	0	0	0	0	0	0	59	0	
650260	0	0	0	0	0	0	0	0	0	0	67	0	
651008	0	0	0	0	0	0	0	0	0	0	63	0	
651760	0	0	0	0	0	0	0	0	0	0	57	0	
652510	0	0	0	0	0	0	0	0	0	0	59	0	
653262	0	0	0	0	0	0	0	0	0	0	73	0	
654009	0	0	0	0	0	0	0	0	0	0	59	0	
654762	0	0	0	0	0	0	0	0	0	0	57	0	
655512	0	0	0	0	0	0	0	0	0	0	45	0	
656265	0	0	0	0	0	0	0	0	0	95	0	0	
657011	0	0	0	0	0	0	0	0	0	73	0	0	
657763	0	0	0	0	0	0	0	0	0	79	0	0	
658513	0	0	0	0	0	0	0	0	0	57	0	0	
659262	0	0	0	0	0	0	0	0	0	73	0	0	
660012	0	0	0	0	0	0	0	0	0	81	0	0	
660760	0	0	0	0	0	0	0	0	0	75	0	0	
661511	0	0	0	0	0	0	0	0	0	85	0	0	
662258	0	0	0	0	0	0	0	0	0	65	0	0	
663006	0	0	0	0	0	0	0	0	0	71	0	0	
663758	0	0	0	0	0	0	0	0	0	83	0	0	
664508	0	0	0	0	0	0	0	0	0	65	0	0	
665261	0	0	0	0	0	0	0	0	0	81	0	0	
666014	0	0	0	0	0	0	0	0	0	67	0	0	
666763	0	0	0	0	0	0	0	0	0	75	0	0	
667511	0	0	0	0	0	0	0	0	0	83	0	0	
668263	0	0	0	0	0	0	0	0	0	79	0	0	
669011	0	0	0	0	0	0	0	0	0	75	0	0	
669761	0	0	0	0	0	0	0	0	0	81	0	0	
670514	0	0	0	0	0	0	0	0	0	77	0	0	
671262	0	0	0	0	0	0	0	0	0	79	0	0	
672009	0	0	0	0	0	0	0	0	0	59	0	0	
672756	0	0	0	0	0	0	0	0	0	51	0	0	
673503	0	0	0	0	0	0	0	0	0	73	0	0	
674249	0	0	0	0	0	0	0	0	0	87	0	0	
675000	0	0	0	0	0	0	0	0	0	79	0	0	
675750	0	0	0	0	0	0	0	0	0	75	0	0	
676499	0	0	0	0	0	0	0	0	0	65	0	0	
677248	0	0	0	0	0	0	0	0	0	81	0	0	
677995	0	0	0	0	0	0	0	0	0	69	0	0	
678745	0	0	0	0	0	0	0	0	0	69	0	0	
679495	0	0	0	0	0	0	0	0	0	77	0	0	
680243	0	0	0	0	0	0	0	0	0	69	0	0	
680996	0	0	0	0	0	0	0	0	0	83	0	0	
681745	0	0	0	0	0	0	0	0	0	0	81	0	
682496	0	0	0	0	0	0	0	0	0	0	71	0	
683246	0	0	0	0	0	0	0	0	0	0	61	0	
683997	0	0	0	0	0	0	0	0	0	0	61	0	
684747	0	0	0	0	0	0	0	0	0	0	49	0	
685499	0	0	0	0	0	0	0	0	0	0	67	0	
686250	0	0	0	0	0	0	0	0	0	0	67	0	
686999	0	0	0	0	0	0	0	0	0	0	67	0	
687748	0	0	0	0	0	0	0	0	0	0	67	0	
688495	0	0	0	0	0	0	0	0	0	0	69	0	
689244	0	0	0	0	0	0	0	0	0	0	65	0	
689998	0	0	0	0	0	0	0	0	0	0	65	0	
690749	0	0	0	0	0	0	0	0	0	0	59	0	
691500	0	0	0	0	0	0	0	0	0	0	0	49	
692252	0	0	0	0	0	0	0	0	0	0	0	47	
692997	0	0	0	0	0	0	0	0	0	0	0	55	
693750	0	0	0	0	0	0	0	0	0	0	0	51	
694501	0	0	0	0	0	0	0	0	0	0	0	43	
695254	0	0	0	0	0	0	0	0	0	0	0	61	
696005	0	0	0	0	0	0	0	0	0	0	0	51	
696759	0	0	0	0	0	0	0	0	0	0	0	47	
697509	0	0	0	0	0	0	0	0	0	0	0	45	
698260	0	0	0	0	0	0	0	0	0	0	0	39	
699012	0	0	0	0	0	0	0	0	0	0	0	45	
699757	0	0	0	0	0	0	0	0	0	0	0	43	
700510	0	0	0	0	0	0	0	0	0	0	0	51	
701261	0	0	0	0	0	0	0	0	0	0	0	49	
702005	0	0	0	0	0	0	0	0	0	0	0	43	
702758	0	0	0	0	0	0	0	0	0	0	0	41	
703505	0	0	0	0	0	0	0	0	0	0	0	51	
704257	0	0	0	0	0	0	0	0	0	0	1	48	
705006	0	0	0	0	0	0	0	0	0	0	0	45	
705754	0	0	0	0	0	0	0	0	0	0	0	59	
706504	0	0	0	0	0	0	0	0	0	0	0	61	
707254	0	0	0	0	0	0	0	0	0	0	0	59	
708005	0	0	0	0	0	0	0	0	0	0	0	49	
708754	0	0	0	0	0	0	0	0	0	0	0	53	
709503	0	0	0	0	0	0	0	0	0	0	0	59	
710254	0	0	0	0	0	0	0	0	0	0	0	41	
711009	0	0	0	0	0	0	0	0	0	0	65	0	
711758	0	0	0	0	0	0	0	0	0	4	59	0	
712507	0	0	0	0	0	0	0	0	0	75	0	0	
713256	0	0	0	0	0	0	0	0	0	79	0	0	
714005	0	0	0	0	0	0	0	0	0	0	69	0	
714754	0	0	0	0	0	0	0	0	0	0	55	0	
715505	0	0	0	0	0	0	0	0	0	0	57	0	
716258	0	0	0	0	0	0	0	0	0	0	61	0	
717007	0	0	0	0	0	0	0	0	0	0	43	0	
717757	0	0	0	0	0	0	0	0	0	0	61	0	
718505	0	0	0	0	0	0	0	0	0	0	57	0	
719257	0	0	0	0	0	0	0	0	0	0	69	0	
720009	0	0	0	0	0	0	0	0	0	0	73	0	
720762	0	0	0	0	0	0	0	0	0	0	53	0	
721514	0	0	0	0	0	0	0	0	0	0	55	0	
722266	0	0	0	0	0	0	0	0	0	0	69	0	
723017	0	0	0	0	0	0	0	0	0	0	75	0	
723768	0	0	0	0	0	0	0	0	0	0	0	43	
724518	0	0	0	0	0	0	0	0	0	0	0	57	
725267	0	0	0	0	0	0	0	0	0	0	0	49	
726019	0	0	0	0	0	0	0	0	0	0	73	0	
726768	0	0	0	0	0	0	0	0	0	0	63	0	
727519	0	0	0	0	0	0	0	0	0	61	0	0	
728270	0	0	0	0	0	0	0	0	0	69	0	0	
729020	0	0	0	0	0	0	0	0	0	75	0	0	
729772	0	0	0	0	0	0	0	0	0	67	0	0	
730524	0	0	0	0	0	0	0	0	0	73	0	0	
731271	0	0	0	0	0	0	0	0	0	75	0	0	
732024	0	0	0	0	0	0	0	0	0	91	0	0	
732777	0	0	0	0	0	0	0	0	0	71	0	0	
733524	0	0	0	0	0	0	0	0	0	101	0	0	
734273	0	0	0	0	0	0	0	0	0	85	0	0	
735023	0	0	0	0	0	0	0	0	0	77	0	0	
735771	0	0	0	0	0	0	0	0	0	85	0	0	
736518	0	0	0	0	0	0	0	0	103	0	0	0	
737268	0	0	0	0	0	0	0	0	93	0	0	0	
738017	0	0	0	0	0	0	0	0	119	0	0	0	
738765	0	0	0	0	0	0	0	0	105	0	0	0	
739516	0	0	0	0	0	0	0	0	87	0	0	0	
740266	0	0	0	0	0	0	0	0	103	0	0	0	
741015	0	0	0	0	0	0	0	0	79	0	0	0	
741764	0	0	0	0	0	0	0	0	113	0	0	0	
742515	0	0	0	0	0	0	0	0	95	0	0	0	
743262	0	0	0	0	0	0	0	0	95	0	0	0	
744010	0	0	0	0	0	0	0	0	89	0	0	0	
744760	0	0	0	0	0	0	0	0	113	0	0	0	
745507	0	0	0	0	0	0	0	0	93	0	0	0	
746259	0	0	0	0	0	0	0	0	97	0	0	0	
747007	0	0	0	0	0	0	0	0	91	0	0	0	
747762	0	0	0	0	0	0	0	0	93	0	0	0	
748513	0	0	0	0	0	0	0	0	87	0	0	0	
749261	0	0	0	0	0	0	0	0	105	0	0	0	
750011	0	0	0	0	0	0	0	0	107	0	0	0	
750761	0	0	0	0	0	0	0	0	91	0	0	0	
751514	0	0	0	0	0	0	0	0	85	0	0	0	
752267	0	0	0	0	0	0	0	0	101	0	0	0	
753019	0	0	0	0	0	0	0	0	99	0	0	0	
753770	0	0	0	0	0	0	0	105	0	0	0	0	
754520	0	0	0	0	0	0	0	125	0	0	0	0	
755272	0	0	0	0	0	0	0	93	0	0	0	0	
756023	0	0	0	0	0	0	0	107	0	0	0	0	
756773	0	0	0	0	0	0	0	119	0	0	0	0	
757526	0	0	0	0	0	0	0	105	0	0	0	0	
758276	0	0	0	0	0	0	0	121	0	0	0	0	
759028	0	0	0	0	0	0	0	119	0	0	0	0	
759781	0	0	0	0	0	0	0	123	0	0	0	0	
760530	0	0	0	0	0	0	0	113	0	0	0	0	
761282	0	0	0	0	0	0	0	123	0	0	0	0	
762032	0	0	0	0	0	0	0	115	0	0	0	0	
762781	0	0	0	0	0	0	0	133	0	0	0	0	
763532	0	0	0	0	0	0	0	119	0	0	0	0	
764285	0	0	0	0	0	0	0	119	0	0	0	0	
765039	0	0	0	0	0	0	0	103	0	0	0	0	
765788	0	0	0	0	0	0	0	111	0	0	0	0	
766537	0	0	0	0	0	0	0	119	0	0	0	0	
767286	0	0	0	0	0	0	0	117	0	0	0	0	
768034	0	0	0	0	0	0	0	121	0	0	0	0	
768784	0	0	0	0	0	0	0	123	0	0	0	0	
769535	0	0	0	0	0	0	0	115	0	0	0	0	
770287	0	0	0	0	0	0	0	119	0	0	0	0	
771035	0	0	0	0	0	0	0	115	0	0	0	0	
771782	0	0	0	0	0	0	0	111	0	0	0	0	
772528	0	0	0	0	0	0	0	131	0	0	0	0	
773277	0	0	0	0	0	0	0	127	0	0	0	0	
774024	0	0	0	0	0	0	0	119	0	0	0	0	
774772	0	0	0	0	0	0	0	99	0	0	0	0	
775519	0	0	0	0	0	0	0	113	0	0	0	0	
776271	0	0	0	0	0	0	0	113	0	0	0	0	
777022	0	0	0	0	0	0	0	121	0	0	0	0	
777772	0	0	0	0	0	0	0	113	0	0	0	0	
778520	0	0	0	0	0	0	0	117	0	0	0	0	
779267	0	0	0	0	0	0	0	129	0	0	0	0	
780013	0	0	0	0	0	0	0	125	0	0	0	0	
780764	0	0	0	0	0	0	0	131	0	0	0	0	
781516	0	0	0	0	0	0	0	125	0	0	0	0	
782263	0	0	0	0	0	0	0	113	0	0	0	0	
783013	0	0	0	0	0	0	0	111	0	0	0	0	
783764	0	0	0	0	0	0	0	135	0	0	0	0	
784513	0	0	0	0	0	0	0	127	0	0	0	0	
785263	0	0	0	0	0	0	0	119	0	0	0	0	
786007	0	0	0	0	0	0	143	0	0	0	0	0	
786757	0	0	0	0	0	0	141	0	0	0	0	0	
787506	0	0	0	0	0	153	0	0	0	0	0	0	
788256	0	0	0	0	0	181	0	0	0	0	0	0	
789002	0	0	0	0	0	179	0	0	0	0	0	0	
789751	0	0	0	0	0	169	0	0	0	0	0	0	
790499	0	0	0	0	0	189	0	0	0	0	0	0	
791253	0	0	0	0	0	181	0	0	0	0	0	0	
792001	0	0	0	0	0	189	0	0	0	0	0	0	
792752	0	0	0	0	0	161	0	0	0	0	0	0	
793502	0	0	0	0	0	159	0	0	0	0	0	0	
794252	0	0	0	0	0	159	0	0	0	0	0	0	
795004	0	0	0	0	0	183	0	0	0	0	0	0	
795754	0	0	0	0	0	187	0	0	0	0	0	0	
796506	0	0	0	0	0	173	0	0	0	0	0	0	
797257	0	0	0	0	0	195	0	0	0	0	0	0	
798008	0	0	0	0	0	165	0	0	0	0	0	0	
798756	0	0	0	0	0	137	0	0	0	0	0	0	
799506	0	0	0	0	0	175	0	0	0	0	0	0	
800256	0	0	0	0	0	0	147	0	0	0	0	0	
801003	0	0	0	0	0	0	149	0	0	0	0	0	
801754	0	0	0	0	0	0	165	0	0	0	0	0	
802506	0	0	0	0	0	0	155	0	0	0	0	0	
803254	0	0	0	0	0	0	141	0	0	0	0	0	
804008	0	0	0	0	0	0	133	0	0	0	0	0	
804758	0	0	0	0	0	0	135	0	0	0	0	0	
805506	0	0	0	0	0	0	145	0	0	0	0	0	
806260	0	0	0	0	0	0	143	0	0	0	0	0	
807009	0	0	0	0	0	0	115	0	0	0	0	0	
807758	0	0	0	0	0	0	145	0	0	0	0	0	
808506	0	0	0	0	0	0	131	0	0	0	0	0	
809257	0	0	0	0	0	0	127	0	0	0	0	0	
810007	0	0	0	0	0	0	129	0	0	0	0	0	
810756	0	0	0	0	0	0	129	0	0	0	0	0	
811506	0	0	0	0	0	0	135	0	0	0	0	0	
812258	0	0	0	0	0	0	165	0	0	0	0	0	
813011	0	0	0	0	0	0	151	0	0	0	0	0	
813760	0	0	0	0	0	0	135	0	0	0	0	0	
814508	0	0	0	0	0	0	131	0	0	0	0	0	
815259	0	0	0	0	0	0	141	0	0	0	0	0	
816006	0	0	0	0	0	0	0	121	0	0	0	0	
816757	0	0	0	0	0	0	131	0	0	0	0	0	
817504	0	0	0	0	0	0	121	0	0	0	0	0	
818251	0	0	0	0	0	0	149	0	0	0	0	0	
819001	0	0	0	0	0	0	151	0	0	0	0	0	
819753	0	0	0	0	0	0	159	0	0	0	0	0	
820505	0	0	0	0	0	0	147	0	0	0	0	0	
821253	0	0	0	0	0	0	0	117	0	0	0	0	
822004	0	0	0	0	0	0	0	97	0	0	0	0	
822753	0	0	0	0	0	0	0	143	0	0	0	0	
823504	0	0	0	0	0	0	0	117	0	0	0	0	
824254	0	0	0	0	0	0	0	111	0	0	0	0	
825007	0	0	0	0	0	0	0	131	0	0	0	0	
825759	0	0	0	0	0	0	0	123	0	0	0	0	
826507	0	0	0	0	0	0	0	129	0	0	0	0	
827259	0	0	0	0	0	0	125	0	0	0	0	0	
828007	0	0	0	0	0	0	139	0	0	0	0	0	
828760	0	0	0	0	0	0	111	0	0	0	0	0	
829508	0	0	0	0	0	0	167	0	0	0	0	0	
830254	0	0	0	0	0	0	133	0	0	0	0	0	
831005	0	0	0	0	0	0	135	0	0	0	0	0	
831756	0	0	0	0	0	0	131	0	0	0	0	0	
832507	0	0	0	0	0	0	123	0	0	0	0	0	
833256	0	0	0	0	0	0	117	0	0	0	0	0	
834008	0	0	0	0	0	0	143	0	0	0	0	0	
834761	0	0	0	0	0	0	159	0	0	0	0	0	
835511	0	0	0	0	0	0	143	0	0	0	0	0	
836261	0	0	0	0	0	0	157	0	0	0	0	0	
837009	0	0	0	0	0	0	143	0	0	0	0	0	
837757	0	0	0	0	0	0	139	0	0	0	0	0	
838504	0	0	0	0	0	0	151	0	0	0	0	0	
839252	0	0	0	0	0	0	0	109	0	0	0	0	
840001	0	0	0	0	0	0	0	0	101	0	0	0	
840752	0	0	0	0	0	0	0	121	0	0	0	0	
841501	0	0	0	0	0	0	0	105	0	0	0	0	
842250	0	0	0	0	0	0	0	113	0	0	0	0	
842999	0	0	0	0	0	0	6	101	0	0	0	0	
843749	0	0	0	0	0	0	0	119	0	0	0	0	
844496	0	0	0	0	0	0	0	127	0	0	0	0	
845246	0	0	0	0	0	0	0	117	0	0	0	0	
845996	0	0	0	0	0	0	0	125	0	0	0	0	
846747	0	0	0	0	0	0	0	131	0	0	0	0	
847495	0	0	0	0	0	0	0	119	0	0	0	0	
848247	0	0	0	0	0	0	0	105	0	0	0	0	
848995	0	0	0	0	0	0	0	105	0	0	0	0	
849745	0	0	0	0	0	0	0	105	0	0	0	0	
850495	0	0	0	0	0	0	0	113	0	0	0	0	
851244	0	0	0	0	0	0	0	109	0	0	0	0	
851992	0	0	0	0	0	0	0	0	85	0	0	0	
852742	0	0	0	0	0	0	0	0	101	0	0	0	
853492	0	0	0	0	0	0	0	0	103	0	0	0	
854241	0	0	0	0	0	0	0	0	113	0	0	0	
854989	0	0	0	0	0	0	0	0	91	0	0	0	
855740	0	0	0	0	0	0	0	0	75	0	0	0	
856492	0	0	0	0	0	0	0	0	91	0	0	0	
857242	0	0	0	0	0	0	0	0	111	0	0	0	
857993	0	0	0	0	0	0	0	0	99	0	0	0	
858745	0	0	0	0	0	0	0	0	71	0	0	0	
859497	0	0	0	0	0	0	0	113	0	0	0	0	
860250	0	0	0	0	0	0	0	127	0	0	0	0	
861000	0	0	0	0	0	0	0	127	0	0	0	0	
861750	0	0	0	0	0	0	0	107	0	0	0	0	
862503	0	0	0	0	0	0	0	113	0	0	0	0	
863252	0	0	0	0	0	0	0	121	0	0	0	0	
864000	0	0	0	0	0	0	0	109	0	0	0	0	
864751	0	0	0	0	0	0	0	107	0	0	0	0	
865500	0	0	0	0	0	0	0	125	0	0	0	0	
866252	0	0	0	0	0	0	0	103	0	0	0	0	
867001	0	0	0	0	0	0	0	99	0	0	0	0	
867752	0	0	0	0	0	0	0	93	0	0	0	0	
868501	0	0	0	0	0	0	0	99	0	0	0	0	
869251	0	0	0	0	0	0	0	133	0	0	0	0	
869999	0	0	0	0	0	0	0	119	0	0	0	0	
870749	0	0	0	0	0	0	0	125	0	0	0	0	
871500	0	0	0	0	0	0	0	111	0	0	0	0	
872252	0	0	0	0	0	0	0	117	0	0	0	0	
873002	0	0	0	0	0	0	0	107	0	0	0	0	
873750	0	0	0	0	0	0	0	141	0	0	0	0	
874500	0	0	0	0	0	0	0	113	0	0	0	0	
875253	0	0	0	0	0	0	0	103	0	0	0	0	
876001	0	0	0	0	0	0	0	115	0	0	0	0	
876754	0	0	0	0	0	0	0	0	105	0	0	0	
877505	0	0	0	0	0	0	0	0	83	0	0	0	
878255	0	0	0	0	0	0	0	0	95	0	0	0	
879004	0	0	0	0	0	0	0	0	107	0	0	0	
879756	0	0	0	0	0	0	0	0	107	0	0	0	
880506	0	0	0	0	0	0	0	0	103	0	0	0	
881255	0	0	0	0	0	0	0	0	91	0	0	0	
882004	0	0	0	0	0	0	0	0	97	0	0	0	
882752	0	0	0	0	0	0	0	0	101	0	0	0	
883507	0	0	0	0	0	0	0	0	97	0	0	0	
884254	0	0	0	0	0	0	0	0	107	0	0	0	
885009	0	0	0	0	0	0	0	0	95	0	0	0	
885759	0	0	0	0	0	0	0	0	81	0	0	0	
886512	0	0	0	0	0	0	0	1	96	0	0	0	
887261	0	0	0	0	0	0	0	0	113	0	0	0	
888010	0	0	0	0	0	0	0	0	91	0	0	0	
888760	0	0	0	0	0	0	0	0	103	0	0	0	
889508	0	0	0	0	0	0	0	0	91	0	0	0	
890255	0	0	0	0	0	0	0	0	87	0	0	0	
891004	0	0	0	0	0	0	0	0	95	0	0	0	
891755	0	0	0	0	0	0	0	0	85	0	0	0	
892501	0	0	0	0	0	0	0	0	99	0	0	0	
893247	0	0	0	0	0	0	0	0	95	0	0	0	
893997	0	0	0	0	0	0	0	0	93	0	0	0	
894747	0	0	0	0	0	0	0	0	91	0	0	0	
895495	0	0	0	0	0	0	0	0	81	0	0	0	
896244	0	0	0	0	0	0	0	0	95	0	0	0	
896997	0	0	0	0	0	0	125	0	0	0	0	0	
897746	0	0	0	0	0	0	115	0	0	0	0	0	
898501	0	0	0	0	0	0	135	0	0	0	0	0	
899251	0	0	0	0	0	0	121	0	0	0	0	0	
900001	0	0	0	0	0	0	133	0	0	0	0	0	
900752	0	0	0	0	0	0	151	0	0	0	0	0	
901503	0	0	0	0	0	0	135	0	0	0	0	0	
902253	0	0	0	0	0	13	140	0	0	0	0	0	
903005	0	0	0	0	0	0	121	0	0	0	0	0	
903759	0	0	0	0	0	0	133	0	0	0	0	0	
904509	0	0	0	0	0	0	161	0	0	0	0	0	
905260	0	0	0	0	0	0	151	0	0	0	0	0	
906007	0	0	0	0	0	0	143	0	0	0	0	0	
906757	0	0	0	0	0	0	163	0	0	0	0	0	
907508	0	0	0	0	0	140	27	0	0	0	0	0	
908256	0	0	0	0	0	175	0	0	0	0	0	0	
909007	0	0	0	0	0	159	0	0	0	0	0	0	
909755	0	0	0	0	0	159	0	0	0	0	0	0	
910506	0	0	0	0	0	141	0	0	0	0	0	0	
911256	0	0	0	0	0	177	0	0	0	0	0	0	
912006	0	0	0	0	0	173	0	0	0	0	0	0	
912757	0	0	0	0	0	217	0	0	0	0	0	0	
913510	0	0	0	0	0	201	0	0	0	0	0	0	
914259	0	0	0	0	0	151	0	0	0	0	0	0	
915008	0	0	0	0	0	145	0	0	0	0	0	0	
915758	0	0	0	0	0	167	0	0	0	0	0	0	
916508	0	0	0	0	0	189	0	0	0	0	0	0	
917258	0	0	0	0	0	191	0	0	0	0	0	0	
918007	0	0	0	0	0	179	0	0	0	0	0	0	
918757	0	0	0	0	0	161	0	0	0	0	0	0	
919504	0	0	0	0	0	181	0	0	0	0	0	0	
920250	0	0	0	0	0	161	0	0	0	0	0	0	
920999	0	0	0	0	0	163	0	0	0	0	0	0	
921750	0	0	0	0	0	173	0	0	0	0	0	0	
922501	0	0	0	0	0	167	0	0	0	0	0	0	
923254	0	0	0	0	0	173	0	0	0	0	0	0	
924002	0	0	0	0	0	165	0	0	0	0	0	0	
924751	0	0	0	0	0	179	0	0	0	0	0	0	
925498	0	0	0	0	0	173	0	0	0	0	0	0	
926250	0	0	0	0	0	165	0	0	0	0	0	0	
927000	0	0	0	0	0	179	0	0	0	0	0	0	
927751	0	0	0	0	0	163	0	0	0	0	0	0	
928501	0	0	0	0	0	151	0	0	0	0	0	0	
929250	0	0	0	0	0	171	0	0	0	0	0	0	
929998	0	0	0	0	0	173	0	0	0	0	0	0	
930750	0	0	0	0	0	169	0	0	0	0	0	0	
931498	0	0	0	0	0	185	0	0	0	0	0	0	
932247	0	0	0	0	0	171	0	0	0	0	0	0	
932999	0	0	0	0	0	169	0	0	0	0	0	0	
933748	0	0	0	0	0	183	0	0	0	0	0	0	
934497	0	0	0	0	0	171	0	0	0	0	0	0	
935245	0	0	0	0	0	197	0	0	0	0	0	0	
935995	0	0	0	0	0	151	0	0	0	0	0	0	
936743	0	0	0	0	0	151	0	0	0	0	0	0	
937492	0	0	0	0	0	173	0	0	0	0	0	0	
938241	0	0	0	0	0	201	0	0	0	0	0	0	
938987	0	0	0	0	0	171	0	0	0	0	0	0	
939736	0	0	0	0	0	195	0	0	0	0	0	0	
940485	0	0	0	0	0	165	0	0	0	0	0	0	
941233	0	0	0	0	0	181	0	0	0	0	0	0	
941985	0	0	0	0	0	193	0	0	0	0	0	0	
942739	0	0	0	0	0	185	0	0	0	0	0	0	
943492	0	0	0	0	0	179	0	0	0	0	0	0	
944242	0	0	0	0	0	175	0	0	0	0	0	0	
944994	0	0	0	0	0	181	0	0	0	0	0	0	
945745	0	0	0	0	0	181	0	0	0	0	0	0	
946493	0	0	0	0	0	187	0	0	0	0	0	0	
947244	0	0	0	0	0	163	0	0	0	0	0	0	
947994	0	0	0	0	231	0	0	0	0	0	0	0	
948742	0	0	0	0	195	0	0	0	0	0	0	0	
949492	0	0	0	0	253	0	0	0	0	0	0	0	
950245	0	0	0	0	215	0	0	0	0	0	0	0	
950990	0	0	0	0	217	0	0	0	0	0	0	0	
951740	0	0	0	0	233	0	0	0	0	0	0	0	
952491	0	0	0	0	199	0	0	0	0	0	0	0	
953239	0	0	0	0	237	0	0	0	0	0	0	0	
953989	0	0	0	0	217	0	0	0	0	0	0	0	
954745	0	0	0	0	221	0	0	0	0	0	0	0	
955495	0	0	0	0	123	52	0	0	0	0	0	0	
956248	0	0	0	151	98	0	0	0	0	0	0	0	
957001	0	0	0	291	0	0	0	0	0	0	0	0	
957747	0	0	0	249	0	0	0	0	0	0	0	0	
958498	0	0	0	247	0	0	0	0	0	0	0	0	
959246	0	0	0	221	0	0	0	0	0	0	0	0	
959995	0	0	0	233	0	0	0	0	0	0	0	0	
960746	0	0	0	265	0	0	0	0	0	0	0	0	
961501	0	0	0	251	0	0	0	0	0	0	0	0	
962250	0	0	0	277	0	0	0	0	0	0	0	0	
963000	0	0	0	259	0	0	0	0	0	0	0	0	
963746	0	0	0	251	0	0	0	0	0	0	0	0	
964492	0	0	7	266	0	0	0	0	0	0	0	0	
965239	0	0	0	255	0	0	0	0	0	0	0	0	
965990	0	0	0	253	0	0	0	0	0	0	0	0	
966741	0	0	124	195	0	0	0	0	0	0	0	0	
967490	0	0	0	277	0	0	0	0	0	0	0	0	
968239	0	0	0	249	0	0	0	0	0	0	0	0	
968989	0	0	0	257	0	0	0	0	0	0	0	0	
969739	0	0	0	245	0	0	0	0	0	0	0	0	
970491	0	0	0	267	0	0	0	0	0	0	0	0	
971236	0	0	18	215	0	0	0	0	0	0	0	0	
971989	0	0	0	291	0	0	0	0	0	0	0	0	
972739	0	0	0	247	0	0	0	0	0	0	0	0	
973490	0	0	7	268	0	0	0	0	0	0	0	0	
974240	0	0	0	245	0	0	0	0	0	0	0	0	
974991	0	0	0	275	0	0	0	0	0	0	0	0	
975744	0	0	0	279	0	0	0	0	0	0	0	0	
976496	0	0	0	265	0	0	0	0	0	0	0	0	
977249	0	0	0	289	0	0	0	0	0	0	0	0	
977996	0	0	0	247	0	0	0	0	0	0	0	0	
978745	0	0	0	271	0	0	0	0	0	0	0	0	
979493	0	0	0	243	0	0	0	0	0	0	0	0	
980247	0	0	0	233	0	0	0	0	0	0	0	0	
980996	0	0	0	227	0	0	0	0	0	0	0	0	
981750	0	0	0	245	0	0	0	0	0	0	0	0	
982502	0	0	0	287	0	0	0	0	0	0	0	0	
983252	0	0	0	265	0	0	0	0	0	0	0	0	
984000	0	0	0	269	0	0	0	0	0	0	0	0	
984746	0	0	0	255	0	0	0	0	0	0	0	0	
985500	0	0	0	255	0	0	0	0	0	0	0	0	
986252	0	0	0	245	0	0	0	0	0	0	0	0	
987005	0	0	0	255	0	0	0	0	0	0	0	0	
987755	0	0	0	229	0	0	0	0	0	0	0	0	
988503	0	0	0	251	0	0	0	0	0	0	0	0	
989254	0	0	0	249	0	0	0	0	0	0	0	0	
990007	0	0	0	277	0	0	0	0	0	0	0	0	
990762	0	0	0	247	0	0	0	0	0	0	0	0	
991510	0	0	0	269	0	0	0	0	0	0	0	0	
992258	0	0	0	277	0	0	0	0	0	0	0	0	
993008	0	0	0	255	0	0	0	0	0	0	0	0	
993755	0	0	0	267	0	0	0	0	0	0	0	0	
994504	0	0	0	247	0	0	0	0	0	0	0	0	
995250	0	0	0	255	0	0	0	0	0	0	0	0	
996002	0	0	0	267	0	0	0	0	0	0	0	0	
996755	0	0	0	267	0	0	0	0	0	0	0	0	
997509	0	0	0	279	0	0	0	0	0	0	0	0	
998259	0	0	0	255	0	0	0	0	0	0	0	0	
999009	0	0	0	297	0	0	0	0	0	0	0	0	
999760	0	0	0	279	0	0	0	0	0	0	0	0	
1.00051e+06	0	0	0	261	0	0	0	0	0	0	0	0	
1.00126e+06	0	0	0	275	0	0	0	0	0	0	0	0	
1.00201e+06	0	0	0	231	0	0	0	0	0	0	0	0	
1.00276e+06	0	0	0	261	0	0	0	0	0	0	0	0	
1.00351e+06	0	0	0	241	0	0	0	0	0	0	0	0	
1.00426e+06	0	0	0	249	0	0	0	0	0	0	0	0	
1.00502e+06	0	0	0	275	0	0	0	0	0	0	0	0	
1.00577e+06	0	0	0	249	0	0	0	0	0	0	0	0	
1.00652e+06	0	0	0	285	0	0	0	0	0	0	0	0	
1.00727e+06	0	0	0	297	0	0	0	0	0	0	0	0	
1.00802e+06	0	0	0	295	0	0	0	0	0	0	0	0	
1.00877e+06	0	0	0	257	0	0	0	0	0	0	0	0	
1.00952e+06	0	0	0	277	0	0	0	0	0	0	0	0	
1.01026e+06	0	0	0	289	0	0	0	0	0	0	0	0	
1.01102e+06	0	0	0	253	0	0	0	0	0	0	0	0	
1.01176e+06	0	0	0	249	0	0	0	0	0	0	0	0	
1.01252e+06	0	0	0	263	0	0	0	0	0	0	0	0	
1.01327e+06	0	0	5	294	0	0	0	0	0	0	0	0	
1.01401e+06	0	0	0	259	0	0	0	0	0	0	0	0	
1.01476e+06	0	0	0	255	0	0	0	0	0	0	0	0	
1.01551e+06	0	0	0	283	0	0	0	0	0	0	0	0	
1.01626e+06	0	0	0	247	0	0	0	0	0	0	0	0	
1.01701e+06	0	0	0	253	0	0	0	0	0	0	0	0	
1.01777e+06	0	0	0	273	0	0	0	0	0	0	0	0	
1.01852e+06	0	0	0	228	19	0	0	0	0	0	0	0	
1.01927e+06	0	0	0	245	0	0	0	0	0	0	0	0	
1.02002e+06	0	0	0	251	0	0	0	0	0	0	0	0	
1.02077e+06	0	0	0	263	0	0	0	0	0	0	0	0	
1.02152e+06	0	0	0	274	17	0	0	0	0	0	0	0	
1.02227e+06	0	0	0	279	0	0	0	0	0	0	0	0	
1.02302e+06	0	0	0	283	0	0	0	0	0	0	0	0	
1.02377e+06	0	0	0	277	0	0	0	0	0	0	0	0	
1.02453e+06	0	0	0	255	0	0	0	0	0	0	0	0	
1.02528e+06	0	0	0	271	0	0	0	0	0	0	0	0	
1.02602e+06	0	0	0	269	0	0	0	0	0	0	0	0	
1.02677e+06	0	0	0	279	0	0	0	0	0	0	0	0	
1.02752e+06	0	0	0	245	0	0	0	0	0	0	0	0	
1.02827e+06	0	0	0	259	0	0	0	0	0	0	0	0	
1.02902e+06	0	0	0	263	0	0	0	0	0	0	0	0	
1.02977e+06	0	0	0	271	0	0	0	0	0	0	0	0	
1.03052e+06	0	0	0	285	0	0	0	0	0	0	0	0	
1.03127e+06	0	0	0	259	0	0	0	0	0	0	0	0	
1.03201e+06	0	0	0	255	0	0	0	0	0	0	0	0	
1.03276e+06	0	0	0	281	0	0	0	0	0	0	0	0	
1.03351e+06	0	0	0	249	0	0	0	0	0	0	0	0	
1.03426e+06	0	0	0	263	0	0	0	0	0	0	0	0	
1.03501e+06	0	0	0	257	0	0	0	0	0	0	0	0	
1.03576e+06	0	0	0	277	0	0	0	0	0	0	0	0	
1.03651e+06	0	0	0	269	0	0	0	0	0	0	0	0	
1.03726e+06	0	0	0	253	0	0	0	0	0	0	0	0	
1.03801e+06	0	0	0	279	0	0	0	0	0	0	0	0	
1.03877e+06	0	0	0	283	0	0	0	0	0	0	0	0	
1.03952e+06	0	0	0	257	0	0	0	0	0	0	0	0	
1.04027e+06	0	0	0	271	0	0	0	0	0	0	0	0	
1.04102e+06	0	0	0	293	0	0	0	0	0	0	0	0	
1.04177e+06	0	0	0	235	0	0	0	0	0	0	0	0	
1.04251e+06	0	0	0	259	0	0	0	0	0	0	0	0	
1.04326e+06	0	0	0	255	0	0	0	0	0	0	0	0	
1.04402e+06	0	0	0	261	0	0	0	0	0	0	0	0	
1.04477e+06	0	0	0	287	0	0	0	0	0	0	0	0	
1.04552e+06	0	0	0	259	0	0	0	0	0	0	0	0	
1.04627e+06	0	0	0	255	0	0	0	0	0	0	0	0	
1.04703e+06	0	0	0	253	0	0	0	0	0	0	0	0	
1.04778e+06	0	0	0	241	0	0	0	0	0	0	0	0	
1.04853e+06	0	0	0	247	0	0	0	0	0	0	0	0	
1.04928e+06	0	0	0	275	0	0	0	0	0	0	0	0	
1.05003e+06	0	0	0	269	0	0	0	0	0	0	0	0	
1.05078e+06	0	0	0	253	0	0	0	0	0	0	0	0	
1.05153e+06	0	0	0	253	0	0	0	0	0	0	0	0	
1.05227e+06	0	0	0	281	0	0	0	0	0	0	0	0	
1.05302e+06	0	0	0	283	0	0	0	0	0	0	0	0	
1.05377e+06	0	0	0	269	0	0	0	0	0	0	0	0	
1.05452e+06	0	0	0	239	0	0	0	0	0	0	0	0	
1.05527e+06	0	0	0	271	0	0	0	0	0	0	0	0	
1.05602e+06	0	0	0	263	0	0	0	0	0	0	0	0	
1.05677e+06	0	0	0	291	0	0	0	0	0	0	0	0	
1.05752e+06	0	0	0	269	0	0	0	0	0	0	0	0	
1.05827e+06	0	0	0	247	0	0	0	0	0	0	0	0	
1.05902e+06	0	0	0	267	0	0	0	0	0	0	0	0	
1.05977e+06	0	0	0	241	0	0	0	0	0	0	0	0	
1.06052e+06	0	0	0	243	0	0	0	0	0	0	0	0	
1.06126e+06	0	0	0	271	0	0	0	0	0	0	0	0	
1.06201e+06	0	0	0	281	0	0	0	0	0	0	0	0	
1.06276e+06	0	0	0	265	0	0	0	0	0	0	0	0	
1.06351e+06	0	0	0	243	0	0	0	0	0	0	0	0	
1.06426e+06	0	0	0	263	0	0	0	0	0	0	0	0	
1.06501e+06	0	0	0	253	0	0	0	0	0	0	0	0	
1.06576e+06	0	0	0	257	0	0	0	0	0	0	0	0	
1.06651e+06	0	0	0	267	0	0	0	0	0	0	0	0	
1.06726e+06	0	0	0	249	0	0	0	0	0	0	0	0	
1.06801e+06	0	0	0	249	0	0	0	0	0	0	0	0	
1.06876e+06	0	0	0	253	0	0	0	0	0	0	0	0	
1.06951e+06	0	0	0	269	0	0	0	0	0	0	0	0	
1.07026e+06	0	0	0	263	0	0	0	0	0	0	0	0	
1.07101e+06	0	0	0	273	0	0	0	0	0	0	0	0	
1.07176e+06	0	0	0	243	0	0	0	0	0	0	0	0	
1.07252e+06	0	0	0	263	0	0	0	0	0	0	0	0	
1.07327e+06	0	0	0	219	0	0	0	0	0	0	0	0	
1.07402e+06	0	0	0	267	0	0	0	0	0	0	0	0	
1.07477e+06	0	0	0	275	0	0	0	0	0	0	0	0	
1.07552e+06	0	0	0	261	0	0	0	0	0	0	0	0	
1.07627e+06	0	0	0	287	0	0	0	0	0	0	0	0	
1.07702e+06	0	0	0	257	0	0	0	0	0	0	0	0	
1.07777e+06	0	0	0	271	0	0	0	0	0	0	0	0	
1.07852e+06	0	0	0	285	0	0	0	0	0	0	0	0	
1.07927e+06	0	0	0	277	0	0	0	0	0	0	0	0	
1.08002e+06	0	0	0	273	0	0	0	0	0	0	0	0	
1.08077e+06	0	0	313	0	0	0	0	0	0	0	0	0	
1.08152e+06	0	2	309	0	0	0	0	0	0	0	0	0	
1.08227e+06	0	0	331	0	0	0	0	0	0	0	0	0	
1.08302e+06	0	0	311	0	0	0	0	0	0	0	0	0	
1.08377e+06	0	0	333	0	0	0	0	0	0	0	0	0	
1.08452e+06	0	0	311	0	0	0	0	0	0	0	0	0	
1.08527e+06	0	0	299	0	0	0	0	0	0	0	0	0	
1.08603e+06	0	0	343	0	0	0	0	0	0	0	0	0	
1.08678e+06	0	0	361	0	0	0	0	0	0	0	0	0	
1.08753e+06	0	0	285	0	0	0	0	0	0	0	0	0	
1.08828e+06	0	0	319	0	0	0	0	0	0	0	0	0	
1.08903e+06	0	0	283	0	0	0	0	0	0	0	0	0	
1.08978e+06	0	0	349	0	0	0	0	0	0	0	0	0	
1.09053e+06	0	0	313	0	0	0	0	0	0	0	0	0	
1.09128e+06	0	0	341	0	0	0	0	0	0	0	0	0	
1.09203e+06	0	0	315	0	0	0	0	0	0	0	0	0	
1.09278e+06	0	0	323	0	0	0	0	0	0	0	0	0	
1.09353e+06	0	0	307	0	0	0	0	0	0	0	0	0	
1.09427e+06	0	0	321	0	0	0	0	0	0	0	0	0	
1.09502e+06	0	0	323	0	0	0	0	0	0	0	0	0	
1.09577e+06	0	0	329	0	0	0	0	0	0	0	0	0	
1.09651e+06	0	0	323	0	0	0	0	0	0	0	0	0	
1.09726e+06	0	0	349	0	0	0	0	0	0	0	0	0	
1.09801e+06	0	0	341	0	0	0	0	0	0	0	0	0	
1.09876e+06	0	17	318	0	0	0	0	0	0	0	0	0	
1.09951e+06	0	0	311	0	0	0	0	0	0	0	0	0	
1.10026e+06	0	0	347	0	0	0	0	0	0	0	0	0	
1.10101e+06	0	0	317	0	0	0	0	0	0	0	0	0	
1.10176e+06	0	0	345	0	0	0	0	0	0	0	0	0	
1.10251e+06	0	0	325	0	0	0	0	0	0	0	0	0	
1.10325e+06	0	213	156	0	0	0	0	0	0	0	0	0	
1.10401e+06	0	425	0	0	0	0	0	0	0	0	0	0	
1.10476e+06	0	379	0	0	0	0	0	0	0	0	0	0	
1.10551e+06	0	399	0	0	0	0	0	0	0	0	0	0	
1.10626e+06	0	421	0	0	0	0	0	0	0	0	0	0	
1.10701e+06	0	397	0	0	0	0	0	0	0	0	0	0	
1.10776e+06	0	379	0	0	0	0	0	0	0	0	0	0	
1.10851e+06	0	369	0	0	0	0	0	0	0	0	0	0	
1.10926e+06	0	373	0	0	0	0	0	0	0	0	0	0	
1.11001e+06	0	415	0	0	0	0	0	0	0	0	0	0	
1.11076e+06	0	411	0	0	0	0	0	0	0	0	0	0	
1.11151e+06	0	389	0	0	0	0	0	0	0	0	0	0	
1.11225e+06	0	401	0	0	0	0	0	0	0	0	0	0	
1.113e+06	0	395	0	0	0	0	0	0	0	0	0	0	
1.11375e+06	0	401	0	0	0	0	0	0	0	0	0	0	
1.1145e+06	0	399	0	0	0	0	0	0	0	0	0	0	
1.11525e+06	0	409	0	0	0	0	0	0	0	0	0	0	
1.116e+06	0	401	0	0	0	0	0	0	0	0	0	0	
1.11675e+06	0	415	0	0	0	0	0	0	0	0	0	0	
1.1175e+06	255	192	0	0	0	0	0	0	0	0	0	0	
1.11825e+06	511	0	0	0	0	0	0	0	0	0	0	0	
1.119e+06	527	0	0	0	0	0	0	0	0	0	0	0	
1.11974e+06	507	0	0	0	0	0	0	0	0	0	0	0	
1.12049e+06	489	0	0	0	0	0	0	0	0	0	0	0	
1.12125e+06	493	0	0	0	0	0	0	0	0	0	0	0	
1.12199e+06	501	0	0	0	0	0	0	0	0	0	0	0	
1.12275e+06	473	4	0	0	0	0	0	0	0	0	0	0	
1.1235e+06	489	0	0	0	0	0	0	0	0	0	0	0	
1.12425e+06	469	0	0	0	0	0	0	0	0	0	0	0	
1.12499e+06	501	0	0	0	0	0	0	0	0	0	0	0	
1.12574e+06	25	354	0	0	0	0	0	0	0	0	0	0	
1.12649e+06	0	413	0	0	0	0	0	0	0	0	0	0	
1.12724e+06	0	316	41	0	0	0	0	0	0	0	0	0	
1.12799e+06	4	383	0	0	0	0	0	0	0	0	0	0	
1.12874e+06	0	373	0	0	0	0	0	0	0	0	0	0	
1.12949e+06	0	401	0	0	0	0	0	0	0	0	0	0	
1.13024e+06	0	371	0	0	0	0	0	0	0	0	0	0	
1.13099e+06	0	433	0	0	0	0	0	0	0	0	0	0	
1.13174e+06	0	401	0	0	0	0	0	0	0	0	0	0	
1.13249e+06	0	411	0	0	0	0	0	0	0	0	0	0	
1.13324e+06	0	413	0	0	0	0	0	0	0	0	0	0	
1.13399e+06	0	415	0	0	0	0	0	0	0	0	0	0	
1.13474e+06	0	319	40	0	0	0	0	0	0	0	0	0	
1.13549e+06	0	373	0	0	0	0	0	0	0	0	0	0	
1.13624e+06	0	391	0	0	0	0	0	0	0	0	0	0	
1.13699e+06	0	381	0	0	0	0	0	0	0	0	0	0	
1.13774e+06	0	391	0	0	0	0	0	0	0	0	0	0	
1.13849e+06	0	417	0	0	0	0	0	0	0	0	0	0	
1.13924e+06	0	383	0	0	0	0	0	0	0	0	0	0	
1.13999e+06	0	425	0	0	0	0	0	0	0	0	0	0	
1.14074e+06	0	385	0	0	0	0	0	0	0	0	0	0	
1.14149e+06	0	373	0	0	0	0	0	0	0	0	0	0	
1.14224e+06	0	373	0	0	0	0	0	0	0	0	0	0	
1.14299e+06	0	391	0	0	0	0	0	0	0	0	0	0	
1.14374e+06	0	403	0	0	0	0	0	0	0	0	0	0	
1.14448e+06	0	447	0	0	0	0	0	0	0	0	0	0	
1.14523e+06	0	395	0	0	0	0	0	0	0	0	0	0	
1.14599e+06	3	372	0	0	0	0	0	0	0	0	0	0	
1.14674e+06	0	361	0	0	0	0	0	0	0	0	0	0	
1.14749e+06	0	407	0	0	0	0	0	0	0	0	0	0	
1.14824e+06	0	425	0	0	0	0	0	0	0	0	0	0	
1.14899e+06	0	421	0	0	0	0	0	0	0	0	0	0	
1.14974e+06	0	387	0	0	0	0	0	0	0	0	0	0	
1.15049e+06	0	405	0	0	0	0	0	0	0	0	0	0	
1.15123e+06	0	377	0	0	0	0	0	0	0	0	0	0	
1.15199e+06	0	399	0	0	0	0	0	0	0	0	0	0	
1.15273e+06	0	403	0	0	0	0	0	0	0	0	0	0	
1.15348e+06	0	443	0	0	0	0	0	0	0	0	0	0	
1.15424e+06	0	409	0	0	0	0	0	0	0	0	0	0	
1.15499e+06	0	401	0	0	0	0	0	0	0	0	0	0	
1.15573e+06	0	403	0	0	0	0	0	0	0	0	0	0	
1.15648e+06	0	361	0	0	0	0	0	0	0	0	0	0	
1.15723e+06	0	417	0	0	0	0	0	0	0	0	0	0	
1.15798e+06	0	401	0	0	0	0	0	0	0	0	0	0	
1.15873e+06	0	355	0	0	0	0	0	0	0	0	0	0	
1.15948e+06	0	383	0	0	0	0	0	0	0	0	0	0	
1.16024e+06	0	407	0	0	0	0	0	0	0	0	0	0	
1.16098e+06	0	385	0	0	0	0	0	0	0	0	0	0	
1.16174e+06	0	381	0	0	0	0	0	0	0	0	0	0	
1.16249e+06	0	407	0	0	0	0	0	0	0	0	0	0	
1.16324e+06	0	415	0	0	0	0	0	0	0	0	0	0	
1.16399e+06	0	387	0	0	0	0	0	0	0	0	0	0	
1.16474e+06	0	441	0	0	0	0	0	0	0	0	0	0	
1.16549e+06	0	377	0	0	0	0	0	0	0	0	0	0	
1.16624e+06	0	377	0	0	0	0	0	0	0	0	0	0	
1.16699e+06	0	345	0	0	0	0	0	0	0	0	0	0	
1.16774e+06	0	405	0	0	0	0	0	0	0	0	0	0	
1.1685e+06	0	375	0	0	0	0	0	0	0	0	0	0	
1.16924e+06	0	417	0	0	0	0	0	0	0	0	0	0	
1.16999e+06	0	443	0	0	0	0	0	0	0	0	0	0	
1.17074e+06	0	401	0	0	0	0	0	0	0	0	0	0	
1.17149e+06	0	391	0	0	0	0	0	0	0	0	0	0	
1.17223e+06	0	393	0	0	0	0	0	0	0	0	0	0	
1.17299e+06	0	375	0	0	0	0	0	0	0	0	0	0	
1.17374e+06	1	378	0	0	0	0	0	0	0	0	0	0	
1.17449e+06	0	367	0	0	0	0	0	0	0	0	0	0	
1.17524e+06	0	26	283	0	0	0	0	0	0	0	0	0	
1.17599e+06	0	0	313	0	0	0	0	0	0	0	0	0	
1.17674e+06	0	0	333	0	0	0	0	0	0	0	0	0	
1.17749e+06	0	0	337	0	0	0	0	0	0	0	0	0	
1.17824e+06	0	0	345	0	0	0	0	0	0	0	0	0	
1.17899e+06	0	0	331	0	0	0	0	0	0	0	0	0	
1.17974e+06	0	0	341	0	0	0	0	0	0	0	0	0	
1.18049e+06	0	0	339	0	0	0	0	0	0	0	0	0	
1.18123e+06	0	0	305	0	0	0	0	0	0	0	0	0	
1.18198e+06	0	0	313	0	0	0	0	0	0	0	0	0	
1.18273e+06	0	0	327	0	0	0	0	0	0	0	0	0	
1.18349e+06	0	0	313	0	0	0	0	0	0	0	0	0	
1.18424e+06	0	0	293	0	0	0	0	0	0	0	0	0	
1.18499e+06	0	0	0	257	0	0	0	0	0	0	0	0	
1.18574e+06	0	0	0	271	0	0	0	0	0	0	0	0	
1.18649e+06	0	0	0	243	0	0	0	0	0	0	0	0	
1.18724e+06	0	0	0	287	0	0	0	0	0	0	0	0	
1.18799e+06	0	0	0	253	6	0	0	0	0	0	0	0	
1.18873e+06	0	0	0	263	0	0	0	0	0	0	0	0	
1.18948e+06	0	0	0	255	0	0	0	0	0	0	0	0	
1.19023e+06	0	0	0	279	0	0	0	0	0	0	0	0	
1.19098e+06	0	0	0	265	0	0	0	0	0	0	0	0	
1.19173e+06	0	0	0	261	0	0	0	0	0	0	0	0	
1.19248e+06	0	0	0	259	0	0	0	0	0	0	0	0	
1.19323e+06	0	0	0	281	0	0	0	0	0	0	0	0	
1.19397e+06	0	0	0	283	0	0	0	0	0	0	0	0	
1.19472e+06	0	0	0	271	0	0	0	0	0	0	0	0	
1.19547e+06	0	0	0	281	0	0	0	0	0	0	0	0	
1.19622e+06	0	0	0	279	0	0	0	0	0	0	0	0	
1.19697e+06	0	0	0	271	0	0	0	0	0	0	0	0	
1.19772e+06	0	0	0	275	0	0	0	0	0	0	0	0	
1.19847e+06	0	0	0	233	0	0	0	0	0	0	0	0	
1.19923e+06	0	0	0	273	0	0	0	0	0	0	0	0	
1.19998e+06	0	0	0	267	0	0	0	0	0	0	0	0	
1.20073e+06	0	0	0	273	0	0	0	0	0	0	0	0	
1.20148e+06	0	0	1	290	0	0	0	0	0	0	0	0	
1.20223e+06	0	0	0	259	0	0	0	0	0	0	0	0	
1.20298e+06	0	0	0	291	0	0	0	0	0	0	0	0	
1.20373e+06	0	0	0	261	0	0	0	0	0	0	0	0	
1.20448e+06	0	0	0	249	0	0	0	0	0	0	0	0	
1.20523e+06	0	0	0	269	0	0	0	0	0	0	0	0	
1.20598e+06	0	0	0	281	0	0	0	0	0	0	0	0	
1.20673e+06	0	0	0	251	0	0	0	0	0	0	0	0	
1.20748e+06	0	0	0	273	0	0	0	0	0	0	0	0	
1.20823e+06	0	0	0	273	0	0	0	0	0	0	0	0	
1.20898e+06	0	0	0	271	0	0	0	0	0	0	0	0	
1.20973e+06	0	0	0	259	0	0	0	0	0	0	0	0	
1.21048e+06	0	0	0	265	0	0	0	0	0	0	0	0	
1.21123e+06	0	0	0	277	0	0	0	0	0	0	0	0	
1.21198e+06	0	0	0	263	0	0	0	0	0	0	0	0	
1.21273e+06	0	0	0	261	0	0	0	0	0	0	0	0	
1.21348e+06	0	0	0	0	215	0	0	0	0	0	0	0	
1.21423e+06	0	0	0	0	209	0	0	0	0	0	0	0	
1.21498e+06	0	0	0	0	227	0	0	0	0	0	0	0	
1.21574e+06	0	0	0	0	211	0	0	0	0	0	0	0	
1.21649e+06	0	0	0	0	241	0	0	0	0	0	0	0	
1.21724e+06	0	0	0	0	217	0	0	0	0	0	0	0	
1.21799e+06	0	0	0	0	215	0	0	0	0	0	0	0	
1.21873e+06	0	0	0	0	239	0	0	0	0	0	0	0	
1.21949e+06	0	0	0	0	215	0	0	0	0	0	0	0	
1.22024e+06	0	0	0	0	227	0	0	0	0	0	0	0	
1.22099e+06	0	0	0	0	228	1	0	0	0	0	0	0	
1.22174e+06	0	0	0	0	199	34	0	0	0	0	0	0	
1.22249e+06	0	0	0	0	203	0	0	0	0	0	0	0	
1.22324e+06	0	0	0	0	247	0	0	0	0	0	0	0	
1.22399e+06	0	0	0	0	207	0	0	0	0	0	0	0	
1.22474e+06	0	0	0	0	215	0	0	0	0	0	0	0	
1.22549e+06	0	0	0	0	201	0	0	0	0	0	0	0	
1.22624e+06	0	0	0	0	233	0	0	0	0	0	0	0	
1.22699e+06	0	0	0	0	217	0	0	0	0	0	0	0	
1.22774e+06	0	0	0	0	229	0	0	0	0	0	0	0	
1.22849e+06	0	0	0	0	207	0	0	0	0	0	0	0	
1.22924e+06	0	0	0	0	237	0	0	0	0	0	0	0	
1.22999e+06	0	0	0	0	207	0	0	0	0	0	0	0	
1.23074e+06	0	0	0	0	219	0	0	0	0	0	0	0	
1.23148e+06	0	0	0	0	231	0	0	0	0	0	0	0	
1.23223e+06	0	0	0	0	203	0	0	0	0	0	0	0	
1.23298e+06	0	0	0	0	227	0	0	0	0	0	0	0	
1.23373e+06	0	0	0	0	215	0	0	0	0	0	0	0	
1.23448e+06	0	0	0	0	217	0	0	0	0	0	0	0	
1.23523e+06	0	0	0	0	212	1	0	0	0	0	0	0	
1.23598e+06	0	0	0	0	211	0	0	0	0	0	0	0	
1.23673e+06	0	0	0	0	215	0	0	0	0	0	0	0	
1.23748e+06	0	0	0	0	211	0	0	0	0	0	0	0	
1.23823e+06	0	0	0	0	233	0	0	0	0	0	0	0	
1.23898e+06	0	0	0	13	186	0	0	0	0	0	0	0	
1.23973e+06	0	0	0	0	237	0	0	0	0	0	0	0	
1.24048e+06	0	0	0	0	233	0	0	0	0	0	0	0	
1.24124e+06	0	0	0	0	225	0	0	0	0	0	0	0	
1.24199e+06	0	0	0	0	193	0	0	0	0	0	0	0	
1.24273e+06	0	0	0	0	203	0	0	0	0	0	0	0	
1.24348e+06	0	0	0	0	191	0	0	0	0	0	0	0	
1.24424e+06	0	0	0	0	221	0	0	0	0	0	0	0	
1.24498e+06	0	0	0	0	181	0	0	0	0	0	0	0	
1.24573e+06	0	0	0	0	245	0	0	0	0	0	0	0	
1.24648e+06	0	0	0	0	225	0	0	0	0	0	0	0	
1.24723e+06	0	0	0	0	203	0	0	0	0	0	0	0	
1.24798e+06	0	0	0	0	231	0	0	0	0	0	0	0	
1.24873e+06	0	0	0	0	215	0	0	0	0	0	0	0	
1.24948e+06	0	0	0	0	199	0	0	0	0	0	0	0	
1.25023e+06	0	0	0	0	251	0	0	0	0	0	0	0	
1.25099e+06	0	0	0	0	183	0	0	0	0	0	0	0	
1.25174e+06	0	0	0	0	199	0	0	0	0	0	0	0	
1.25249e+06	0	0	0	0	201	0	0	0	0	0	0	0	
1.25324e+06	0	0	0	0	217	0	0	0	0	0	0	0	
1.25399e+06	0	0	0	0	207	0	0	0	0	0	0	0	
1.25474e+06	0	0	0	0	173	0	0	0	0	0	0	0	
1.25549e+06	0	0	0	0	211	0	0	0	0	0	0	0	
1.25624e+06	0	0	0	0	209	0	0	0	0	0	0	0	
1.25699e+06	0	0	0	0	225	0	0	0	0	0	0	0	
1.25774e+06	0	0	0	0	219	0	0	0	0	0	0	0	
1.25849e+06	0	0	0	0	221	0	0	0	0	0	0	0	
1.25924e+06	0	0	0	0	225	0	0	0	0	0	0	0	
1.25999e+06	0	0	0	0	203	0	0	0	0	0	0	0	
1.26074e+06	0	0	0	0	213	0	0	0	0	0	0	0	
1.26149e+06	0	0	0	0	199	0	0	0	0	0	0	0	
1.26225e+06	0	0	0	0	203	0	0	0	0	0	0	0	
1.263e+06	0	0	0	0	215	0	0	0	0	0	0	0	
1.26374e+06	0	0	0	0	199	0	0	0	0	0	0	0	
1.26449e+06	0	0	0	0	235	0	0	0	0	0	0	0	
1.26524e+06	0	0	0	0	199	0	0	0	0	0	0	0	
1.26599e+06	0	0	0	0	225	0	0	0	0	0	0	0	
1.26674e+06	0	0	0	0	211	0	0	0	0	0	0	0	
1.26749e+06	0	0	0	0	197	0	0	0	0	0	0	0	
1.26824e+06	0	0	0	0	219	0	0	0	0	0	0	0	
1.26899e+06	0	0	0	0	235	0	0	0	0	0	0	0	
1.26975e+06	0	0	0	0	231	0	0	0	0	0	0	0	
1.2705e+06	0	0	0	0	193	0	0	0	0	0	0	0	
1.27124e+06	0	0	0	0	229	0	0	0	0	0	0	0	
1.27199e+06	0	0	0	1	200	0	0	0	0	0	0	0	
1.27275e+06	0	0	0	0	207	0	0	0	0	0	0	0	
1.2735e+06	0	0	0	0	211	0	0	0	0	0	0	0	
1.27424e+06	0	0	0	0	221	0	0	0	0	0	0	0	
1.27499e+06	0	0	0	0	201	0	0	0	0	0	0	0	
1.27575e+06	0	0	0	0	215	0	0	0	0	0	0	0	
1.2765e+06	0	0	0	0	215	0	0	0	0	0	0	0	
1.27725e+06	0	0	0	0	205	0	0	0	0	0	0	0	
1.278e+06	0	0	0	0	221	0	0	0	0	0	0	0	
1.27875e+06	0	0	0	0	203	0	0	0	0	0	0	0	
1.2795e+06	0	0	0	277	0	0	0	0	0	0	0	0	
1.28025e+06	0	0	0	233	0	0	0	0	0	0	0	0	
1.281e+06	0	0	0	231	0	0	0	0	0	0	0	0	
1.28175e+06	0	0	0	251	0	0	0	0	0	0	0	0	
1.2825e+06	0	0	0	241	0	0	0	0	0	0	0	0	
1.28325e+06	0	0	0	259	0	0	0	0	0	0	0	0	
1.284e+06	0	0	0	247	0	0	0	0	0	0	0	0	
1.28475e+06	0	0	3	232	0	0	0	0	0	0	0	0	
1.2855e+06	0	0	0	275	0	0	0	0	0	0	0	0	
1.28625e+06	0	0	0	243	0	0	0	0	0	0	0	0	
1.287e+06	0	0	0	267	0	0	0	0	0	0	0	0	
1.28775e+06	0	0	0	272	1	0	0	0	0	0	0	0	
1.2885e+06	0	0	0	283	0	0	0	0	0	0	0	0	
1.28925e+06	0	0	0	261	0	0	0	0	0	0	0	0	
1.28999e+06	0	0	0	231	0	0	0	0	0	0	0	0	
1.29074e+06	0	0	0	245	0	0	0	0	0	0	0	0	
1.29149e+06	0	0	0	261	0	0	0	0	0	0	0	0	
1.29224e+06	0	0	0	277	0	0	0	0	0	0	0	0	
1.29299e+06	0	0	19	242	0	0	0	0	0	0	0	0	
1.29374e+06	0	0	0	297	0	0	0	0	0	0	0	0	
1.29449e+06	0	0	0	271	0	0	0	0	0	0	0	0	
1.29524e+06	0	0	0	250	21	0	0	0	0	0	0	0	
1.29599e+06	0	0	0	263	0	0	0	0	0	0	0	0	
1.29674e+06	0	0	0	275	0	0	0	0	0	0	0	0	
1.29749e+06	0	0	0	262	9	0	0	0	0	0	0	0	
1.29824e+06	0	0	0	267	0	0	0	0	0	0	0	0	
1.29899e+06	0	0	0	259	0	0	0	0	0	0	0	0	
1.29974e+06	0	0	0	68	153	0	0	0	0	0	0	0	
1.30049e+06	0	0	0	0	203	0	0	0	0	0	0	0	
1.30124e+06	0	0	0	0	207	0	0	0	0	0	0	0	
1.30199e+06	0	0	0	0	197	0	0	0	0	0	0	0	
1.30273e+06	0	0	0	0	195	0	0	0	0	0	0	0	
1.30348e+06	0	0	0	136	93	0	0	0	0	0	0	0	
1.30423e+06	0	0	0	0	205	0	0	0	0	0	0	0	
1.30498e+06	0	0	0	0	207	0	0	0	0	0	0	0	
1.30573e+06	0	0	0	0	205	0	0	0	0	0	0	0	
1.30648e+06	0	0	0	0	209	0	0	0	0	0	0	0	
1.30723e+06	0	0	0	0	219	0	0	0	0	0	0	0	
1.30798e+06	0	0	0	265	0	0	0	0	0	0	0	0	
1.30873e+06	0	0	315	0	0	0	0	0	0	0	0	0	
1.30948e+06	0	0	347	0	0	0	0	0	0	0	0	0	
1.31022e+06	0	0	327	0	0	0	0	0	0	0	0	0	
1.31097e+06	0	0	311	0	0	0	0	0	0	0	0	0	
1.31172e+06	0	0	295	0	0	0	0	0	0	0	0	0	
1.31247e+06	0	0	345	0	0	0	0	0	0	0	0	0	
1.31322e+06	0	0	323	0	0	0	0	0	0	0	0	0	
1.31397e+06	0	0	357	0	0	0	0	0	0	0	0	0	
1.31472e+06	0	0	313	0	0	0	0	0	0	0	0	0	
1.31548e+06	0	0	319	0	0	0	0	0	0	0	0	0	
1.31622e+06	0	0	315	0	0	0	0	0	0	0	0	0	
1.31698e+06	0	0	315	0	0	0	0	0	0	0	0	0	
1.31773e+06	0	0	339	0	0	0	0	0	0	0	0	0	
1.31848e+06	0	0	341	0	0	0	0	0	0	0	0	0	
1.31923e+06	0	0	341	0	0	0	0	0	0	0	0	0	
1.31998e+06	0	0	351	0	0	0	0	0	0	0	0	0	
1.32073e+06	0	0	307	0	0	0	0	0	0	0	0	0	
1.32148e+06	0	0	325	0	0	0	0	0	0	0	0	0	
1.32223e+06	0	0	343	0	0	0	0	0	0	0	0	0	
1.32298e+06	0	0	339	0	0	0	0	0	0	0	0	0	
1.32373e+06	0	0	309	0	0	0	0	0	0	0	0	0	
1.32448e+06	0	0	327	0	0	0	0	0	0	0	0	0	
1.32523e+06	0	0	321	0	0	0	0	0	0	0	0	0	
1.32598e+06	0	0	165	122	0	0	0	0	0	0	0	0	
1.32673e+06	0	0	331	0	0	0	0	0	0	0	0	0	
1.32748e+06	0	0	307	0	0	0	0	0	0	0	0	0	
1.32823e+06	0	0	319	0	0	0	0	0	0	0	0	0	
1.32898e+06	0	0	332	3	0	0	0	0	0	0	0	0	
1.32972e+06	0	0	327	0	0	0	0	0	0	0	0	0	
1.33047e+06	0	0	319	0	0	0	0	0	0	0	0	0	
1.33123e+06	0	0	307	0	0	0	0	0	0	0	0	0	
1.33198e+06	0	0	309	0	0	0	0	0	0	0	0	0	
1.33273e+06	0	0	309	0	0	0	0	0	0	0	0	0	
1.33348e+06	0	0	327	0	0	0	0	0	0	0	0	0	
1.33422e+06	0	0	327	0	0	0	0	0	0	0	0	0	
1.33497e+06	0	0	319	0	0	0	0	0	0	0	0	0	
1.33572e+06	0	0	319	0	0	0	0	0	0	0	0	0	
1.33647e+06	0	0	327	0	0	0	0	0	0	0	0	0	
1.33722e+06	0	0	287	0	0	0	0	0	0	0	0	0	
1.33797e+06	0	0	311	0	0	0	0	0	0	0	0	0	
1.33872e+06	0	0	323	0	0	0	0	0	0	0	0	0	
1.33947e+06	0	0	319	0	0	0	0	0	0	0	0	0	
1.34022e+06	0	0	311	0	0	0	0	0	0	0	0	0	
1.34097e+06	0	0	309	0	0	0	0	0	0	0	0	0	
1.34172e+06	0	0	309	0	0	0	0	0	0	0	0	0	
1.34247e+06	0	0	321	0	0	0	0	0	0	0	0	0	
1.34322e+06	0	0	317	0	0	0	0	0	0	0	0	0	
1.34397e+06	0	0	343	0	0	0	0	0	0	0	0	0	
1.34473e+06	0	0	295	0	0	0	0	0	0	0	0	0	
1.34548e+06	0	0	337	0	0	0	0	0	0	0	0	0	
1.34623e+06	0	0	277	0	0	0	0	0	0	0	0	0	
1.34698e+06	0	0	347	0	0	0	0	0	0	0	0	0	
1.34773e+06	0	0	315	0	0	0	0	0	0	0	0	0	
1.34848e+06	0	0	303	0	0	0	0	0	0	0	0	0	
1.34923e+06	0	0	303	0	0	0	0	0	0	0	0	0	
1.34998e+06	0	83	250	0	0	0	0	0	0	0	0	0	
1.35073e+06	0	191	164	0	0	0	0	0	0	0	0	0	
1.35148e+06	0	384	7	0	0	0	0	0	0	0	0	0	
1.35223e+06	0	387	0	0	0	0	0	0	0	0	0	0	
1.35298e+06	1	414	0	0	0	0	0	0	0	0	0	0	
1.35373e+06	0	419	0	0	0	0	0	0	0	0	0	0	
1.35448e+06	0	377	0	0	0	0	0	0	0	0	0	0	
1.35523e+06	0	437	0	0	0	0	0	0	0	0	0	0	
1.35598e+06	0	395	0	0	0	0	0	0	0	0	0	0	
1.35673e+06	0	421	0	0	0	0	0	0	0	0	0	0	
1.35747e+06	0	387	0	0	0	0	0	0	0	0	0	0	
1.35822e+06	0	387	0	0	0	0	0	0	0	0	0	0	
1.35898e+06	0	395	0	0	0	0	0	0	0	0	0	0	
1.35973e+06	31	398	0	0	0	0	0	0	0	0	0	0	
1.36048e+06	0	359	0	0	0	0	0	0	0	0	0	0	
1.36123e+06	0	369	0	0	0	0	0	0	0	0	0	0	
1.36198e+06	0	411	0	0	0	0	0	0	0	0	0	0	
1.36273e+06	0	411	0	0	0	0	0	0	0	0	0	0	
1.36348e+06	0	419	0	0	0	0	0	0	0	0	0	0	
1.36423e+06	0	401	0	0	0	0	0	0	0	0	0	0	
1.36498e+06	0	397	0	0	0	0	0	0	0	0	0	0	
1.36573e+06	0	375	0	0	0	0	0	0	0	0	0	0	
1.36648e+06	0	427	0	0	0	0	0	0	0	0	0	0	
1.36723e+06	0	433	0	0	0	0	0	0	0	0	0	0	
1.36798e+06	0	403	0	0	0	0	0	0	0	0	0	0	
1.36873e+06	0	421	0	0	0	0	0	0	0	0	0	0	
1.36948e+06	0	397	0	0	0	0	0	0	0	0	0	0	
1.37023e+06	0	399	0	0	0	0	0	0	0	0	0	0	
1.37099e+06	0	395	0	0	0	0	0	0	0	0	0	0	
1.37174e+06	0	385	0	0	0	0	0	0	0	0	0	0	
1.37249e+06	0	359	0	0	0	0	0	0	0	0	0	0	
1.37325e+06	1	404	0	0	0	0	0	0	0	0	0	0	
1.374e+06	0	423	0	0	0	0	0	0	0	0	0	0	
1.37475e+06	0	389	0	0	0	0	0	0	0	0	0	0	
1.3755e+06	0	407	0	0	0	0	0	0	0	0	0	0	
1.37625e+06	0	389	0	0	0	0	0	0	0	0	0	0	
1.377e+06	0	389	0	0	0	0	0	0	0	0	0	0	
1.37775e+06	0	407	0	0	0	0	0	0	0	0	0	0	
1.3785e+06	0	439	0	0	0	0	0	0	0	0	0	0	
1.37925e+06	0	397	0	0	0	0	0	0	0	0	0	0	
1.38e+06	0	415	0	0	0	0	0	0	0	0	0	0	
1.38075e+06	0	381	0	0	0	0	0	0	0	0	0	0	
1.3815e+06	0	461	0	0	0	0	0	0	0	0	0	0	
1.38225e+06	0	411	0	0	0	0	0	0	0	0	0	0	
1.38299e+06	0	387	0	0	0	0	0	0	0	0	0	0	
1.38375e+06	0	395	0	0	0	0	0	0	0	0	0	0	
1.3845e+06	0	395	0	0	0	0	0	0	0	0	0	0	
1.38524e+06	0	397	0	0	0	0	0	0	0	0	0	0	
1.386e+06	0	371	6	0	0	0	0	0	0	0	0	0	
1.38675e+06	0	405	0	0	0	0	0	0	0	0	0	0	
1.3875e+06	0	393	0	0	0	0	0	0	0	0	0	0	
1.38825e+06	0	363	0	0	0	0	0	0	0	0	0	0	
1.389e+06	0	419	0	0	0	0	0	0	0	0	0	0	
1.38975e+06	0	381	0	0	0	0	0	0	0	0	0	0	
1.3905e+06	0	417	0	0	0	0	0	0	0	0	0	0	
1.39125e+06	0	250	121	0	0	0	0	0	0	0	0	0	
1.392e+06	0	0	319	0	0	0	0	0	0	0	0	0	
1.39276e+06	0	0	321	0	0	0	0	0	0	0	0	0	
1.39351e+06	0	0	325	0	0	0	0	0	0	0	0	0	
1.39426e+06	0	0	313	0	0	0	0	0	0	0	0	0	
1.39501e+06	0	0	347	0	0	0	0	0	0	0	0	0	
1.39576e+06	0	0	309	0	0	0	0	0	0	0	0	0	
1.39651e+06	0	0	315	0	0	0	0	0	0	0	0	0	
1.39725e+06	0	0	313	0	0	0	0	0	0	0	0	0	
1.398e+06	0	0	315	0	0	0	0	0	0	0	0	0	
1.39875e+06	0	0	335	0	0	0	0	0	0	0	0	0	
1.3995e+06	0	0	321	0	0	0	0	0	0	0	0	0	
1.40025e+06	0	0	319	0	0	0	0	0	0	0	0	0	
1.40101e+06	0	0	362	1	0	0	0	0	0	0	0	0	
1.40175e+06	0	0	351	0	0	0	0	0	0	0	0	0	
1.40251e+06	0	0	305	0	0	0	0	0	0	0	0	0	
1.40326e+06	0	0	313	0	0	0	0	0	0	0	0	0	
1.40401e+06	0	0	303	0	0	0	0	0	0	0	0	0	
1.40475e+06	0	0	315	0	0	0	0	0	0	0	0	0	
1.40551e+06	0	0	305	0	0	0	0	0	0	0	0	0	
1.40626e+06	0	1	308	0	0	0	0	0	0	0	0	0	
1.40701e+06	0	0	319	0	0	0	0	0	0	0	0	0	
1.40776e+06	0	0	321	0	0	0	0	0	0	0	0	0	
1.4085e+06	0	0	345	0	0	0	0	0	0	0	0	0	
1.40926e+06	0	0	355	0	0	0	0	0	0	0	0	0	
1.41001e+06	0	0	329	0	0	0	0	0	0	0	0	0	
1.41076e+06	0	0	327	0	0	0	0	0	0	0	0	0	
1.41151e+06	0	0	307	0	0	0	0	0	0	0	0	0	
1.41226e+06	0	0	315	0	0	0	0	0	0	0	0	0	
1.41301e+06	0	0	303	0	0	0	0	0	0	0	0	0	
1.41376e+06	0	0	345	0	0	0	0	0	0	0	0	0	
1.41451e+06	0	0	337	0	0	0	0	0	0	0	0	0	
1.41526e+06	0	0	367	0	0	0	0	0	0	0	0	0	
1.41601e+06	0	0	303	0	0	0	0	0	0	0	0	0	
1.41676e+06	0	0	333	0	0	0	0	0	0	0	0	0	
1.41751e+06	0	0	327	0	0	0	0	0	0	0	0	0	
1.41826e+06	0	0	337	0	0	0	0	0	0	0	0	0	
1.41901e+06	0	0	343	0	0	0	0	0	0	0	0	0	
1.41976e+06	0	0	333	0	0	0	0	0	0	0	0	0	
1.42051e+06	0	0	309	0	0	0	0	0	0	0	0	0	
1.42126e+06	0	0	335	0	0	0	0	0	0	0	0	0	
1.42201e+06	0	0	355	0	0	0	0	0	0	0	0	0	
1.42276e+06	0	0	329	0	0	0	0	0	0	0	0	0	
1.42351e+06	0	0	331	0	0	0	0	0	0	0	0	0	
1.42427e+06	0	0	317	0	0	0	0	0	0	0	0	0	
1.42502e+06	0	0	331	0	0	0	0	0	0	0	0	0	
1.42577e+06	0	0	0	241	0	0	0	0	0	0	0	0	
1.42652e+06	0	0	0	275	0	0	0	0	0	0	0	0	
1.42727e+06	0	0	0	261	0	0	0	0	0	0	0	0	
1.42802e+06	0	0	0	230	27	0	0	0	0	0	0	0	
1.42877e+06	0	0	0	281	0	0	0	0	0	0	0	0	
1.42952e+06	0	0	0	283	0	0	0	0	0	0	0	0	
1.43027e+06	0	0	0	251	0	0	0	0	0	0	0	0	
1.43102e+06	0	0	0	233	0	0	0	0	0	0	0	0	
1.43177e+06	0	0	0	283	0	0	0	0	0	0	0	0	
1.43252e+06	0	0	0	267	0	0	0	0	0	0	0	0	
1.43327e+06	0	0	0	261	0	0	0	0	0	0	0	0	
1.43401e+06	0	0	0	243	0	0	0	0	0	0	0	0	
1.43476e+06	0	0	0	261	0	0	0	0	0	0	0	0	
1.43551e+06	0	0	0	289	0	0	0	0	0	0	0	0	
1.43626e+06	0	0	0	265	0	0	0	0	0	0	0	0	
1.43701e+06	0	0	0	275	0	0	0	0	0	0	0	0	
1.43776e+06	0	0	0	245	0	0	0	0	0	0	0	0	
1.43851e+06	0	0	0	275	0	0	0	0	0	0	0	0	
1.43926e+06	0	0	0	281	0	0	0	0	0	0	0	0	
1.44001e+06	0	0	0	233	0	0	0	0	0	0	0	0	
1.44076e+06	0	0	0	271	0	0	0	0	0	0	0	0	
1.44151e+06	0	0	0	243	0	0	0	0	0	0	0	0	
1.44226e+06	0	0	0	259	0	0	0	0	0	0	0	0	
1.44301e+06	0	0	0	271	0	0	0	0	0	0	0	0	
1.44376e+06	0	0	0	271	0	0	0	0	0	0	0	0	
1.44451e+06	0	0	0	251	0	0	0	0	0	0	0	0	
1.44526e+06	0	0	0	227	0	0	0	0	0	0	0	0	
1.44601e+06	0	0	0	261	0	0	0	0	0	0	0	0	
1.44676e+06	0	0	0	243	0	0	0	0	0	0	0	0	
1.44751e+06	0	0	0	253	0	0	0	0	0	0	0	0	
1.44826e+06	0	0	0	245	0	0	0	0	0	0	0	0	
1.44901e+06	0	0	0	257	0	0	0	0	0	0	0	0	
1.44976e+06	0	0	0	155	98	0	0	0	0	0	0	0	
1.45051e+06	0	0	0	269	0	0	0	0	0	0	0	0	
1.45126e+06	0	0	0	287	0	0	0	0	0	0	0	0	
1.45201e+06	0	0	0	291	0	0	0	0	0	0	0	0	
1.45276e+06	0	0	0	273	0	0	0	0	0	0	0	0	
1.45351e+06	0	0	0	285	0	0	0	0	0	0	0	0	
1.45426e+06	0	0	0	261	0	0	0	0	0	0	0	0	
1.455e+06	0	0	0	243	0	0	0	0	0	0	0	0	
1.45576e+06	0	0	0	257	0	0	0	0	0	0	0	0	
1.4565e+06	0	0	0	241	0	0	0	0	0	0	0	0	
1.45726e+06	0	0	0	263	0	0	0	0	0	0	0	0	
1.45801e+06	0	0	0	267	0	0	0	0	0	0	0	0	
1.45876e+06	0	0	0	255	0	0	0	0	0	0	0	0	
1.45951e+06	0	0	0	267	0	0	0	0	0	0	0	0	
1.46026e+06	0	0	0	255	0	0	0	0	0	0	0	0	
1.46101e+06	0	0	0	237	0	0	0	0	0	0	0	0	
1.46176e+06	0	0	0	297	0	0	0	0	0	0	0	0	
1.46251e+06	0	0	0	253	0	0	0	0	0	0	0	0	
1.46326e+06	0	0	0	223	0	0	0	0	0	0	0	0	
1.46401e+06	0	0	0	261	0	0	0	0	0	0	0	0	
1.46476e+06	0	0	0	257	0	0	0	0	0	0	0	0	
1.46552e+06	0	0	0	267	0	0	0	0	0	0	0	0	
1.46627e+06	0	0	0	261	0	0	0	0	0	0	0	0	
1.46701e+06	0	0	70	189	0	0	0	0	0	0	0	0	
1.46776e+06	0	0	315	0	0	0	0	0	0	0	0	0	
1.46851e+06	0	0	295	0	0	0	0	0	0	0	0	0	
1.46926e+06	0	0	327	0	0	0	0	0	0	0	0	0	
1.47001e+06	0	0	335	0	0	0	0	0	0	0	0	0	
1.47076e+06	0	0	335	0	0	0	0	0	0	0	0	0	
1.47151e+06	0	0	321	0	0	0	0	0	0	0	0	0	
1.47226e+06	0	0	301	0	0	0	0	0	0	0	0	0	
1.47301e+06	0	0	309	0	0	0	0	0	0	0	0	0	
1.47376e+06	0	0	345	0	0	0	0	0	0	0	0	0	
1.47451e+06	0	0	299	0	0	0	0	0	0	0	0	0	
1.47526e+06	0	1	302	0	0	0	0	0	0	0	0	0	
1.47601e+06	0	0	313	0	0	0	0	0	0	0	0	0	
1.47676e+06	0	0	319	0	0	0	0	0	0	0	0	0	
1.47751e+06	0	0	319	0	0	0	0	0	0	0	0	0	
1.47826e+06	0	0	297	0	0	0	0	0	0	0	0	0	
1.47901e+06	0	0	347	0	0	0	0	0	0	0	0	0	
1.47976e+06	0	0	355	0	0	0	0	0	0	0	0	0	
1.4805e+06	0	0	333	0	0	0	0	0	0	0	0	0	
1.48125e+06	0	0	317	0	0	0	0	0	0	0	0	0	
1.482e+06	0	0	359	0	0	0	0	0	0	0	0	0	
1.48275e+06	0	0	323	0	0	0	0	0	0	0	0	0	
1.4835e+06	0	0	347	0	0	0	0	0	0	0	0	0	
1.48425e+06	0	0	329	0	0	0	0	0	0	0	0	0	
1.485e+06	0	0	339	0	0	0	0	0	0	0	0	0	
1.48576e+06	0	0	319	0	0	0	0	0	0	0	0	0	
1.48651e+06	0	0	333	0	0	0	0	0	0	0	0	0	
1.48726e+06	0	0	351	0	0	0	0	0	0	0	0	0	
1.48801e+06	0	0	317	0	0	0	0	0	0	0	0	0	
1.48876e+06	0	0	295	0	0	0	0	0	0	0	0	0	
1.48951e+06	0	0	301	0	0	0	0	0	0	0	0	0	
1.49026e+06	0	0	325	0	0	0	0	0	0	0	0	0	
1.49101e+06	0	0	102	155	0	0	0	0	0	0	0	0	
1.49176e+06	0	0	329	0	0	0	0	0	0	0	0	0	
1.49251e+06	0	0	345	0	0	0	0	0	0	0	0	0	
1.49326e+06	0	0	333	0	0	0	0	0	0	0	0	0	
1.49401e+06	0	0	339	0	0	0	0	0	0	0	0	0	
1.49476e+06	0	0	329	0	0	0	0	0	0	0	0	0	
1.49551e+06	0	0	303	0	0	0	0	0	0	0	0	0	
1.49626e+06	0	0	325	0	0	0	0	0	0	0	0	0	
1.49701e+06	0	0	337	0	0	0	0	0	0	0	0	0	
1.49776e+06	0	0	317	0	0	0	0	0	0	0	0	0	
1.49851e+06	0	0	325	0	0	0	0	0	0	0	0	0	
1.49926e+06	0	0	331	0	0	0	0	0	0	0	0	0	
1.50001e+06	0	0	333	0	0	0	0	0	0	0	0	0	
1.50001e+06	0	0	333	0	0	0	0	0	0	0	0	0	
