Time	s0	s1	s2	s3	s4	s5	s6	s7	s8	s9	s10	s11	
0	0	0	0	0	0	0	0	0	0	0	0	200	
0.000560657	0	0	0	0	0	0	0	0	0	0	0	199	
749.002	0	0	0	0	0	0	0	0	0	0	0	49	
1495.66	0	0	0	0	0	0	0	0	0	0	0	53	
2245.17	0	0	0	0	0	0	0	0	0	0	0	55	
2992.59	0	0	0	0	0	0	0	0	0	0	0	55	
3742.96	0	0	0	0	0	0	0	0	0	0	0	65	
4493.5	0	0	0	0	0	0	0	0	0	0	0	51	
5240.81	0	0	0	0	0	0	0	0	0	0	0	53	
5993.27	0	0	0	0	0	0	0	0	0	0	0	63	
6745.65	0	0	0	0	0	0	0	0	0	0	0	45	
7501.15	0	0	0	0	0	0	0	0	0	0	0	55	
8254.28	0	0	0	0	0	0	0	0	0	0	0	53	
9001.14	0	0	0	0	0	0	0	0	0	0	0	57	
9749.52	0	0	0	0	0	0	0	0	0	0	0	43	
10496.9	0	0	0	0	0	0	0	0	0	0	0	55	
11247.1	0	0	0	0	0	0	0	0	0	0	0	51	
11996.2	0	0	0	0	0	0	0	0	0	0	59	0	
12749.9	0	0	0	0	0	0	0	0	0	0	77	0	
13502.9	0	0	0	0	0	0	0	0	0	77	0	0	
14254	0	0	0	0	0	0	0	0	0	81	0	0	
15001.1	0	0	0	0	0	0	0	0	0	83	0	0	
15752.8	0	0	0	0	0	0	0	0	0	69	0	0	
16506.3	0	0	0	0	0	0	0	0	0	95	0	0	
17256.7	0	0	0	0	0	0	0	0	0	81	0	0	
18005.8	0	0	0	0	0	0	0	0	0	65	0	0	
18757.7	0	0	0	0	0	0	0	0	0	81	0	0	
19510.4	0	0	0	0	0	0	0	0	0	69	0	0	
20262.4	0	0	0	0	0	0	0	0	0	81	0	0	
21012.7	0	0	0	0	0	0	0	0	0	77	0	0	
21763.2	0	0	0	0	0	0	0	0	0	83	0	0	
22515.3	0	0	0	0	0	0	0	0	0	81	0	0	
23264.9	0	0	0	0	0	0	0	0	0	79	0	0	
24014.5	0	0	0	0	0	0	0	0	0	77	0	0	
24762.8	0	0	0	0	0	0	0	0	93	0	0	0	
25510.9	0	0	0	0	0	0	0	0	93	0	0	0	
26264	0	0	0	0	0	0	0	0	93	0	0	0	
27011.2	0	0	0	0	0	0	0	0	83	0	0	0	
27761.7	0	0	0	0	0	0	0	0	101	0	0	0	
28507.2	0	0	0	0	0	0	0	0	105	0	0	0	
29256	0	0	0	0	0	0	0	0	87	0	0	0	
30007.3	0	0	0	0	0	0	0	0	109	0	0	0	
30754.1	0	0	0	0	0	0	0	0	101	0	0	0	
31501.7	0	0	0	0	0	0	0	0	95	0	0	0	
32251.8	0	0	0	0	0	0	0	0	111	0	0	0	
33003.1	0	0	0	0	0	0	0	0	93	0	0	0	
33747.4	0	0	0	0	0	0	0	0	101	0	0	0	
34495.1	0	0	0	0	0	0	0	0	95	0	0	0	
35247.1	0	0	0	0	0	0	0	0	95	0	0	0	
35999.1	0	0	0	0	0	0	0	0	0	79	0	0	
36748.1	0	0	0	0	0	0	0	0	111	0	0	0	
37496.5	0	0	0	0	0	0	0	0	97	0	0	0	
38243.6	0	0	0	0	0	0	0	0	99	0	0	0	
38994.8	0	0	0	0	0	0	0	0	97	0	0	0	
39745.6	0	0	0	0	0	0	0	0	99	0	0	0	
40497.4	0	0	0	0	0	0	0	0	95	0	0	0	
41251.2	0	0	0	0	0	0	0	0	81	0	0	0	
42000.7	0	0	0	0	0	0	0	0	89	0	0	0	
42751	0	0	0	0	0	0	0	0	93	0	0	0	
43498.6	0	0	0	0	0	0	0	0	85	0	0	0	
44249.9	0	0	0	0	0	0	0	0	69	0	0	0	
45000.1	0	0	0	0	0	0	0	0	81	0	0	0	
45749.5	0	0	0	0	0	0	0	0	85	0	0	0	
46500.2	0	0	0	0	0	0	0	0	0	87	0	0	
47250	0	0	0	0	0	0	0	0	0	77	0	0	
47998.3	0	0	0	0	0	0	0	0	0	73	0	0	
48748.4	0	0	0	0	0	0	0	0	0	79	0	0	
49499.6	0	0	0	0	0	0	0	0	0	73	0	0	
50251.4	0	0	0	0	0	0	0	0	0	93	0	0	
50999.2	0	0	0	0	0	0	0	0	0	85	0	0	
51746.5	0	0	0	0	0	0	0	0	0	77	0	0	
52496.9	0	0	0	0	0	0	0	0	0	79	0	0	
53247.6	0	0	0	0	0	0	0	0	0	87	0	0	
53996.2	0	0	0	0	0	0	0	0	0	75	0	0	
54747.6	0	0	0	0	0	0	0	0	0	93	0	0	
55494.3	0	0	0	0	0	0	0	0	0	85	0	0	
56245.6	0	0	0	0	0	0	0	0	0	79	0	0	
56991.9	0	0	0	0	0	0	0	0	0	71	0	0	
57744.2	0	0	0	0	0	0	0	0	0	77	0	0	
58491.8	0	0	0	0	0	0	0	0	0	67	0	0	
59239.8	0	0	0	0	0	0	0	0	0	89	0	0	
59991.4	0	0	0	0	0	0	0	0	0	83	0	0	
60742.5	0	0	0	0	0	0	0	0	0	73	0	0	
61494.3	0	0	0	0	0	0	0	0	0	95	0	0	
62248	0	0	0	0	0	0	0	0	0	71	0	0	
62997.8	0	0	0	0	0	0	0	0	0	57	0	0	
63746.7	0	0	0	0	0	0	0	0	0	67	0	0	
64493	0	0	0	0	0	0	0	0	0	63	0	0	
65243.4	0	0	0	0	0	0	0	0	0	59	0	0	
65992.9	0	0	0	0	0	0	0	0	0	79	0	0	
66743.4	0	0	0	0	0	0	0	0	0	79	0	0	
67492.4	0	0	0	0	0	0	0	0	0	77	0	0	
68242.7	0	0	0	0	0	0	0	0	0	87	0	0	
68991.7	0	0	0	0	0	0	0	0	0	83	0	0	
69738.3	0	0	0	0	0	0	0	0	0	83	0	0	
70485.3	0	0	0	0	0	0	0	0	93	0	0	0	
71231.1	0	0	0	0	0	0	0	0	103	0	0	0	
71979.2	0	0	0	0	0	0	0	0	109	0	0	0	
72727.1	0	0	0	0	0	0	0	0	85	0	0	0	
73476.3	0	0	0	0	0	0	0	0	103	0	0	0	
74231.5	0	0	0	0	0	0	0	0	85	0	0	0	
74982.4	0	0	0	0	0	0	0	0	0	91	0	0	
75732.7	0	0	0	0	0	0	0	0	0	81	0	0	
76482.2	0	0	0	0	0	0	0	0	0	83	0	0	
77231.4	0	0	0	0	0	0	0	0	0	77	0	0	
77984.1	0	0	0	0	0	0	0	0	0	79	0	0	
78734.3	0	0	0	0	0	0	0	0	0	77	0	0	
79484.3	0	0	0	0	0	0	0	0	0	87	0	0	
80233.9	0	0	0	0	0	0	0	0	0	75	0	0	
80983.5	0	0	0	0	0	0	0	0	0	71	0	0	
81734.6	0	0	0	0	0	0	0	0	0	67	0	0	
82480.9	0	0	0	0	0	0	0	0	0	79	0	0	
83231.9	0	0	0	0	0	0	0	0	0	79	0	0	
83982.9	0	0	0	0	0	0	0	0	0	77	0	0	
84729.2	0	0	0	0	0	0	0	0	0	75	0	0	
85480.5	0	0	0	0	0	0	0	0	0	65	0	0	
86230.3	0	0	0	0	0	0	0	0	0	79	0	0	
86979.7	0	0	0	0	0	0	0	0	0	69	0	0	
87730.7	0	0	0	0	0	0	0	0	0	79	0	0	
88481	0	0	0	0	0	0	0	0	0	79	0	0	
89230.6	0	0	0	0	0	0	0	0	0	77	0	0	
89981	0	0	0	0	0	0	0	0	0	71	0	0	
90731	0	0	0	0	0	0	0	0	0	77	0	0	
91480.4	0	0	0	0	0	0	0	0	0	0	69	0	
92227.4	0	0	0	0	0	0	0	0	0	0	55	0	
92980.8	0	0	0	0	0	0	0	0	0	77	0	0	
93728.3	0	0	0	0	0	0	0	0	0	0	61	0	
94476.2	0	0	0	0	0	0	0	0	0	0	75	0	
95229.2	0	0	0	0	0	0	0	0	0	0	41	0	
95974.6	0	0	0	0	0	0	0	0	0	0	59	0	
96728.2	0	0	0	0	0	0	0	0	0	0	65	0	
97479.6	0	0	0	0	0	0	0	0	0	0	67	0	
98228	0	0	0	0	0	0	0	0	0	0	73	0	
98975.1	0	0	0	0	0	0	0	0	0	0	81	0	
99724.7	0	0	0	0	0	0	0	0	0	0	65	0	
100478	0	0	0	0	0	0	0	0	0	0	57	0	
101225	0	0	0	0	0	0	0	0	0	0	63	0	
101976	0	0	0	0	0	0	0	0	0	0	59	0	
102726	0	0	0	0	0	0	0	0	0	0	57	0	
103474	0	0	0	0	0	0	0	0	0	0	63	0	
104225	0	0	0	0	0	0	0	0	0	0	0	37	
104975	0	0	0	0	0	0	0	0	0	0	0	53	
105726	0	0	0	0	0	0	0	0	0	0	0	59	
106474	0	0	0	0	0	0	0	0	0	0	0	47	
107223	0	0	0	0	0	0	0	0	0	0	0	53	
107975	0	0	0	0	0	0	0	0	0	0	0	67	
108723	0	0	0	0	0	0	0	0	0	0	0	53	
109473	0	0	0	0	0	0	0	0	0	0	0	53	
110223	0	0	0	0	0	0	0	0	0	0	0	49	
110975	0	0	0	0	0	0	0	0	0	0	0	39	
111726	0	0	0	0	0	0	0	0	0	0	63	0	
112474	0	0	0	0	0	0	0	0	0	0	67	0	
113225	0	0	0	0	0	0	0	0	0	0	71	0	
113974	0	0	0	0	0	0	0	0	0	0	79	0	
114723	0	0	0	0	0	0	0	0	0	0	59	0	
115474	0	0	0	0	0	0	0	0	0	0	83	0	
116221	0	0	0	0	0	0	0	0	0	0	63	0	
116969	0	0	0	0	0	0	0	0	0	0	51	0	
117721	0	0	0	0	0	0	0	0	0	0	73	0	
118471	0	0	0	0	0	0	0	0	0	0	55	0	
119219	0	0	0	0	0	0	0	0	0	0	67	0	
119972	0	0	0	0	0	0	0	0	0	0	59	0	
120724	0	0	0	0	0	0	0	0	0	0	69	0	
121475	0	0	0	0	0	0	0	0	0	6	61	0	
122227	0	0	0	0	0	0	0	0	0	0	67	0	
122980	0	0	0	0	0	0	0	0	0	0	65	0	
123730	0	0	0	0	0	0	0	0	0	0	77	0	
124479	0	0	0	0	0	0	0	0	0	0	61	0	
125227	0	0	0	0	0	0	0	0	0	0	59	0	
125975	0	0	0	0	0	0	0	0	0	0	57	0	
126725	0	0	0	0	0	0	0	0	0	0	59	0	
127473	0	0	0	0	0	0	0	0	0	0	59	0	
128224	0	0	0	0	0	0	0	0	0	0	69	0	
128974	0	0	0	0	0	0	0	0	0	0	61	0	
129724	0	0	0	0	0	0	0	0	0	0	55	0	
130472	0	0	0	0	0	0	0	0	0	0	59	0	
131223	0	0	0	0	0	0	0	0	0	87	0	0	
131972	0	0	0	0	0	0	0	0	0	0	71	0	
132722	0	0	0	0	0	0	0	0	0	0	47	0	
133472	0	0	0	0	0	0	0	0	0	91	0	0	
134220	0	0	0	0	0	0	0	0	0	0	57	0	
134966	0	0	0	0	0	0	0	0	0	0	51	0	
135715	0	0	0	0	0	0	0	0	0	0	61	0	
136465	0	0	0	0	0	0	0	0	0	0	59	0	
137214	0	0	0	0	0	0	0	0	0	0	71	0	
137962	0	0	0	0	0	0	0	0	0	0	77	0	
138709	0	0	0	0	0	0	0	0	0	0	61	0	
139456	0	0	0	0	0	0	0	0	0	0	61	0	
140206	0	0	0	0	0	0	0	0	0	0	73	0	
140957	0	0	0	0	0	0	0	0	0	0	67	0	
141703	0	0	0	0	0	0	0	0	0	0	67	0	
142454	0	0	0	0	0	0	0	0	0	0	71	0	
143204	0	0	0	0	0	0	0	0	0	0	63	0	
143952	0	0	0	0	0	0	0	0	0	0	61	0	
144701	0	0	0	0	0	0	0	0	0	0	63	0	
145452	0	0	0	0	0	0	0	0	0	0	65	0	
146201	0	0	0	0	0	0	0	0	0	0	65	0	
146952	0	0	0	0	0	0	0	0	0	0	61	0	
147703	0	0	0	0	0	0	0	0	0	0	67	0	
148451	0	0	0	0	0	0	0	0	0	0	61	0	
149201	0	0	0	0	0	0	0	0	0	0	59	0	
149945	0	0	0	0	0	0	0	0	0	0	71	0	
150698	0	0	0	0	0	0	0	0	0	0	73	0	
151450	0	0	0	0	0	0	0	0	0	0	69	0	
152197	0	0	0	0	0	0	0	0	0	0	47	0	
152948	0	0	0	0	0	0	0	0	0	0	73	0	
153700	0	0	0	0	0	0	0	0	0	0	65	0	
154451	0	0	0	0	0	0	0	0	0	0	55	0	
155204	0	0	0	0	0	0	0	0	0	0	59	0	
155951	0	0	0	0	0	0	0	0	0	0	59	0	
156702	0	0	0	0	0	0	0	0	0	0	75	0	
157451	0	0	0	0	0	0	0	0	0	0	73	0	
158202	0	0	0	0	0	0	0	0	0	0	0	47	
158948	0	0	0	0	0	0	0	0	0	0	0	31	
159697	0	0	0	0	0	0	0	0	0	0	0	45	
160446	0	0	0	0	0	0	0	0	0	0	0	49	
161196	0	0	0	0	0	0	0	0	0	0	0	51	
161951	0	0	0	0	0	0	0	0	0	0	55	0	
162701	0	0	0	0	0	0	0	0	0	0	49	0	
163452	0	0	0	0	0	0	0	0	0	0	69	0	
164208	0	0	0	0	0	0	0	0	0	0	51	0	
164959	0	0	0	0	0	0	0	0	0	0	57	0	
165706	0	0	0	0	0	0	0	0	0	77	0	0	
166459	0	0	0	0	0	0	0	0	0	71	0	0	
167208	0	0	0	0	0	0	0	0	0	77	0	0	
167955	0	0	0	0	0	0	0	0	0	83	0	0	
168707	0	0	0	0	0	0	0	0	0	75	0	0	
169454	0	0	0	0	0	0	0	0	0	71	0	0	
170202	0	0	0	0	0	0	0	0	0	83	0	0	
170952	0	0	0	0	0	0	0	0	0	71	0	0	
171700	0	0	0	0	0	0	0	0	0	93	0	0	
172455	0	0	0	0	0	0	0	0	0	75	0	0	
173203	0	0	0	0	0	0	0	0	0	81	0	0	
173954	0	0	0	0	0	0	0	0	0	87	0	0	
174706	0	0	0	0	0	0	0	0	0	83	0	0	
175456	0	0	0	0	0	0	0	0	0	71	0	0	
176202	0	0	0	0	0	0	0	0	0	89	0	0	
176952	0	0	0	0	0	0	0	0	0	73	0	0	
177700	0	0	0	0	0	0	0	0	3	78	0	0	
178451	0	0	0	0	0	0	0	0	0	79	0	0	
179202	0	0	0	0	0	0	0	0	0	77	0	0	
179953	0	0	0	0	0	0	0	0	0	69	0	0	
180704	0	0	0	0	0	0	0	0	0	71	0	0	
181451	0	0	0	0	0	0	0	0	0	79	0	0	
182201	0	0	0	0	0	0	0	0	0	81	0	0	
182947	0	0	0	0	0	0	0	0	0	74	1	0	
183696	0	0	0	0	0	0	0	0	0	65	0	0	
184446	0	0	0	0	0	0	0	0	0	63	0	0	
185195	0	0	0	0	0	0	0	0	0	89	0	0	
185945	0	0	0	0	0	0	0	0	0	69	0	0	
186696	0	0	0	0	0	0	0	0	0	85	0	0	
187448	0	0	0	0	0	0	0	0	0	73	0	0	
188198	0	0	0	0	0	0	0	0	0	81	0	0	
188951	0	0	0	0	0	0	0	0	0	79	0	0	
189699	0	0	0	0	0	0	0	0	0	75	0	0	
190451	0	0	0	0	0	0	0	0	0	67	0	0	
191203	0	0	0	0	0	0	0	0	0	71	0	0	
191954	0	0	0	0	0	0	0	0	0	2	53	0	
192703	0	0	0	0	0	0	0	0	0	63	0	0	
193453	0	0	0	0	0	0	0	0	0	85	0	0	
194204	0	0	0	0	0	0	0	0	0	79	0	0	
194956	0	0	0	0	0	0	0	0	0	75	0	0	
195708	0	0	0	0	0	0	0	0	0	73	0	0	
196454	0	0	0	0	0	0	0	0	91	0	0	0	
197208	0	0	0	0	0	0	0	0	77	0	0	0	
197961	0	0	0	0	0	0	0	0	111	0	0	0	
198711	0	0	0	0	0	0	0	0	97	8	0	0	
199463	0	0	0	0	0	0	0	0	103	0	0	0	
200213	0	0	0	0	0	0	0	0	91	0	0	0	
200964	0	0	0	0	0	0	0	0	97	0	0	0	
201713	0	0	0	0	0	0	0	0	91	0	0	0	
202463	0	0	0	0	0	0	0	0	91	0	0	0	
203213	0	0	0	0	0	0	0	0	111	0	0	0	
203965	0	0	0	0	0	0	0	0	89	0	0	0	
204715	0	0	0	0	0	0	0	0	93	0	0	0	
205462	0	0	0	0	0	0	0	0	103	0	0	0	
206215	0	0	0	0	0	0	0	0	85	0	0	0	
206966	0	0	0	0	0	0	0	0	95	0	0	0	
207714	0	0	0	0	0	0	0	0	85	0	0	0	
208464	0	0	0	0	0	0	0	0	93	0	0	0	
209211	0	0	0	0	0	0	0	0	87	0	0	0	
209961	0	0	0	0	0	0	0	0	119	0	0	0	
210711	0	0	0	0	0	0	0	0	95	0	0	0	
211459	0	0	0	0	0	0	0	0	105	0	0	0	
212209	0	0	0	0	0	0	0	0	95	0	0	0	
212960	0	0	0	0	0	0	0	0	75	0	0	0	
213710	0	0	0	0	0	0	0	0	101	0	0	0	
214459	0	0	0	0	0	0	0	0	89	0	0	0	
215210	0	0	0	0	0	0	0	0	99	0	0	0	
215958	0	0	0	0	0	0	0	0	0	79	0	0	
216707	0	0	0	0	0	0	0	0	0	95	0	0	
217460	0	0	0	0	0	0	0	0	0	75	0	0	
218210	0	0	0	0	0	0	0	0	0	83	0	0	
218960	0	0	0	0	0	0	0	0	0	67	0	0	
219711	0	0	0	0	0	0	0	0	0	75	0	0	
220458	0	0	0	0	0	0	0	0	0	81	0	0	
221210	0	0	0	0	0	0	0	0	0	79	0	0	
221963	0	0	0	0	0	0	0	0	91	0	0	0	
222713	0	0	0	0	0	0	0	0	69	0	0	0	
223466	0	0	0	0	0	0	0	0	97	0	0	0	
224215	0	0	0	0	0	0	0	0	99	0	0	0	
224968	0	0	0	0	0	0	0	0	113	0	0	0	
225718	0	0	0	0	0	0	0	0	101	0	0	0	
226469	0	0	0	0	0	0	0	0	73	0	0	0	
227215	0	0	0	0	0	0	0	0	101	0	0	0	
227966	0	0	0	0	0	0	0	0	0	81	0	0	
228713	0	0	0	0	0	0	0	0	0	77	0	0	
229470	0	0	0	0	0	0	0	0	0	79	0	0	
230221	0	0	0	0	0	0	0	0	0	73	0	0	
230971	0	0	0	0	0	0	0	0	0	85	0	0	
231720	0	0	0	0	0	0	0	0	0	0	73	0	
232472	0	0	0	0	0	0	0	0	0	0	53	0	
233220	0	0	0	0	0	0	0	0	0	0	65	0	
233968	0	0	0	0	0	0	0	0	0	0	69	0	
234719	0	0	0	0	0	0	0	0	0	0	59	0	
235469	0	0	0	0	0	0	0	0	0	0	71	0	
236218	0	0	0	0	0	0	0	0	0	0	55	0	
236967	0	0	0	0	0	0	0	0	0	0	59	0	
237720	0	0	0	0	0	0	0	0	0	0	61	0	
238470	0	0	0	0	0	0	0	0	0	0	0	49	
239218	0	0	0	0	0	0	0	0	0	0	0	51	
239970	0	0	0	0	0	0	0	0	0	0	0	53	
240718	0	0	0	0	0	0	0	0	0	0	0	51	
241469	0	0	0	0	0	0	0	0	0	0	0	45	
242221	0	0	0	0	0	0	0	0	0	0	0	53	
242969	0	0	0	0	0	0	0	0	0	0	0	55	
243717	0	0	0	0	0	0	0	0	0	0	0	51	
244465	0	0	0	0	0	0	0	0	0	0	0	47	
245218	0	0	0	0	0	0	0	0	0	0	0	49	
245968	0	0	0	0	0	0	0	0	0	0	0	47	
246719	0	0	0	0	0	0	0	0	0	0	0	49	
247467	0	0	0	0	0	0	0	0	0	0	0	51	
248215	0	0	0	0	0	0	0	0	0	0	59	0	
248965	0	0	0	0	0	0	0	0	0	0	63	0	
249716	0	0	0	0	0	0	0	0	0	0	63	0	
250465	0	0	0	0	0	0	0	0	0	0	49	0	
251213	0	0	0	0	0	0	0	0	0	0	49	0	
251963	0	0	0	0	0	0	0	0	0	0	59	0	
252715	0	0	0	0	0	0	0	0	0	0	65	0	
253465	0	0	0	0	0	0	0	0	0	0	65	0	
254213	0	0	0	0	0	0	0	0	0	0	83	0	
254963	0	0	0	0	0	0	0	0	0	0	55	0	
255713	0	0	0	0	0	0	0	0	0	0	73	0	
256464	0	0	0	0	0	0	0	0	0	0	55	0	
257215	0	0	0	0	0	0	0	0	0	0	61	0	
257967	0	0	0	0	0	0	0	0	0	0	0	57	
258716	0	0	0	0	0	0	0	0	0	0	0	65	
259468	0	0	0	0	0	0	0	0	0	0	0	47	
260216	0	0	0	0	0	0	0	0	0	0	47	0	
260966	0	0	0	0	0	0	0	0	0	0	73	0	
261718	0	0	0	0	0	0	0	0	0	0	65	0	
262469	0	0	0	0	0	0	0	0	0	0	49	0	
263218	0	0	0	0	0	0	0	0	0	89	0	0	
263970	0	0	0	0	0	0	0	0	0	69	0	0	
264720	0	0	0	0	0	0	0	0	0	67	0	0	
265469	0	0	0	0	0	0	0	0	0	71	0	0	
266220	0	0	0	0	0	0	0	0	0	73	0	0	
266971	0	0	0	0	0	0	0	0	0	83	0	0	
267722	0	0	0	0	0	0	0	0	0	77	0	0	
268470	0	0	0	0	0	0	0	0	0	91	0	0	
269222	0	0	0	0	0	0	0	0	0	89	0	0	
269970	0	0	0	0	0	0	0	0	93	0	0	0	
270721	0	0	0	0	0	0	0	0	85	0	0	0	
271471	0	0	0	0	0	0	0	0	85	0	0	0	
272223	0	0	0	0	0	0	0	0	89	0	0	0	
272974	0	0	0	0	0	0	0	0	97	0	0	0	
273729	0	0	0	0	0	0	0	0	97	0	0	0	
274482	0	0	0	0	0	0	0	0	103	0	0	0	
275230	0	0	0	0	0	0	0	0	83	0	0	0	
275983	0	0	0	0	0	0	0	0	103	0	0	0	
276732	0	0	0	0	0	0	0	0	83	0	0	0	
277479	0	0	0	0	0	0	0	0	129	0	0	0	
278229	0	0	0	0	0	0	0	0	95	0	0	0	
278979	0	0	0	0	0	0	0	0	79	0	0	0	
279727	0	0	0	0	0	0	0	0	89	0	0	0	
280479	0	0	0	0	0	0	0	0	91	0	0	0	
281229	0	0	0	0	0	0	0	0	95	0	0	0	
281980	0	0	0	0	0	0	0	0	89	0	0	0	
282728	0	0	0	0	0	0	0	0	85	0	0	0	
283480	0	0	0	0	0	0	0	0	85	0	0	0	
284228	0	0	0	0	0	0	0	0	85	0	0	0	
284978	0	0	0	0	0	0	0	0	75	0	0	0	
285730	0	0	0	0	0	0	0	0	99	0	0	0	
286479	0	0	0	0	0	0	0	0	103	0	0	0	
287229	0	0	0	0	0	0	0	0	97	0	0	0	
287983	0	0	0	0	0	0	0	0	81	0	0	0	
288731	0	0	0	0	0	0	0	0	107	0	0	0	
289480	0	0	0	0	0	0	0	0	87	0	0	0	
290232	0	0	0	0	0	0	0	0	97	0	0	0	
290980	0	0	0	0	0	0	0	0	103	0	0	0	
291725	0	0	0	0	0	0	0	0	91	0	0	0	
292476	0	0	0	0	0	0	0	0	89	0	0	0	
293229	0	0	0	0	0	0	0	0	87	0	0	0	
293981	0	0	0	0	0	0	0	0	111	0	0	0	
294730	0	0	0	0	0	0	0	93	0	0	0	0	
295480	0	0	0	0	0	0	0	101	0	0	0	0	
296229	0	0	0	0	0	0	0	115	0	0	0	0	
296978	0	0	0	0	0	0	0	121	0	0	0	0	
297726	0	0	0	0	0	0	0	119	0	0	0	0	
298476	0	0	0	0	0	0	0	115	0	0	0	0	
299223	0	0	0	0	0	0	0	111	0	0	0	0	
299969	0	0	0	0	0	0	7	98	0	0	0	0	
300722	0	0	0	0	0	0	0	105	0	0	0	0	
301470	0	0	0	0	0	0	0	111	0	0	0	0	
302220	0	0	0	0	0	0	0	99	0	0	0	0	
302968	0	0	0	0	0	0	0	135	0	0	0	0	
303713	0	0	0	0	0	0	0	133	0	0	0	0	
304463	0	0	0	0	0	0	0	107	0	0	0	0	
305214	0	0	0	0	0	0	0	119	0	0	0	0	
305963	0	0	0	0	0	0	0	99	0	0	0	0	
306719	0	0	0	0	0	0	0	109	0	0	0	0	
307474	0	0	0	0	0	0	0	115	0	0	0	0	
308223	0	0	0	0	0	0	0	123	0	0	0	0	
308975	0	0	0	0	0	0	0	113	0	0	0	0	
309722	0	0	0	0	0	0	0	113	0	0	0	0	
310475	0	0	0	0	0	0	0	99	0	0	0	0	
311227	0	0	0	0	0	0	0	113	0	0	0	0	
311976	0	0	0	0	0	0	0	119	0	0	0	0	
312727	0	0	0	0	0	0	0	0	91	0	0	0	
313477	0	0	0	0	0	0	0	0	105	0	0	0	
314224	0	0	0	0	0	0	0	0	85	0	0	0	
314973	0	0	0	0	0	0	0	0	77	0	0	0	
315723	0	0	0	0	0	0	0	0	95	0	0	0	
316473	0	0	0	0	0	0	0	0	99	0	0	0	
317223	0	0	0	0	0	0	0	0	99	0	0	0	
317975	0	0	0	0	0	0	0	0	91	0	0	0	
318725	0	0	0	0	0	0	0	0	91	0	0	0	
319469	0	0	0	0	0	0	0	0	95	0	0	0	
320221	0	0	0	0	0	0	0	0	87	0	0	0	
320969	0	0	0	0	0	0	0	0	93	0	0	0	
321718	0	0	0	0	0	0	0	0	101	0	0	0	
322471	0	0	0	0	0	0	0	0	81	0	0	0	
323222	0	0	0	0	0	0	0	0	95	0	0	0	
323970	0	0	0	0	0	0	0	0	89	0	0	0	
324717	0	0	0	0	0	0	0	0	91	0	0	0	
325468	0	0	0	0	0	0	0	0	103	0	0	0	
326222	0	0	0	0	0	0	0	0	93	0	0	0	
326971	0	0	0	0	0	0	0	0	105	0	0	0	
327720	0	0	0	0	0	0	0	0	95	0	0	0	
328474	0	0	0	0	0	0	0	0	93	0	0	0	
329221	0	0	0	0	0	0	0	109	0	0	0	0	
329970	0	0	0	0	0	0	131	0	0	0	0	0	
330721	0	0	0	0	0	0	121	0	0	0	0	0	
331472	0	0	0	0	0	0	131	0	0	0	0	0	
332225	0	0	0	0	0	0	149	0	0	0	0	0	
332974	0	0	0	0	0	0	127	0	0	0	0	0	
333724	0	0	0	0	0	0	115	0	0	0	0	0	
334475	0	0	0	0	0	0	155	0	0	0	0	0	
335224	0	0	0	0	0	0	137	0	0	0	0	0	
335977	0	0	0	0	0	0	151	0	0	0	0	0	
336729	0	0	0	0	0	0	153	0	0	0	0	0	
337477	0	0	0	0	0	0	149	0	0	0	0	0	
338225	0	0	0	0	0	0	147	0	0	0	0	0	
338975	0	0	0	0	0	0	153	0	0	0	0	0	
339724	0	0	0	0	0	0	141	0	0	0	0	0	
340475	0	0	0	0	0	0	135	0	0	0	0	0	
341223	0	0	0	0	0	0	151	0	0	0	0	0	
341972	0	0	0	0	0	0	163	0	0	0	0	0	
342724	0	0	0	0	0	0	109	0	0	0	0	0	
343474	0	0	0	0	0	0	153	0	0	0	0	0	
344227	0	0	0	0	0	0	153	0	0	0	0	0	
344975	0	0	0	0	0	0	131	0	0	0	0	0	
345728	0	0	0	0	0	0	0	93	0	0	0	0	
346476	0	0	0	0	0	0	0	129	0	0	0	0	
347226	0	0	0	0	0	0	0	103	0	0	0	0	
347971	0	0	0	0	0	0	0	111	0	0	0	0	
348723	0	0	0	0	0	0	0	115	0	0	0	0	
349472	0	0	0	0	0	0	0	109	0	0	0	0	
350222	0	0	0	0	0	0	0	109	0	0	0	0	
350970	0	0	0	0	0	0	0	101	0	0	0	0	
351718	0	0	0	0	0	0	0	107	0	0	0	0	
352467	0	0	0	0	0	0	0	127	0	0	0	0	
353220	0	0	0	0	0	0	0	127	0	0	0	0	
353971	0	0	0	0	0	0	0	117	0	0	0	0	
354719	0	0	0	0	0	0	0	103	0	0	0	0	
355467	0	0	0	0	0	0	0	129	0	0	0	0	
356219	0	0	0	0	0	0	0	113	0	0	0	0	
356968	0	0	0	0	0	0	0	109	0	0	0	0	
357716	0	0	0	0	0	0	0	117	0	0	0	0	
358467	0	0	0	0	0	0	0	121	0	0	0	0	
359216	0	0	0	0	0	0	0	99	0	0	0	0	
359967	0	0	0	0	0	0	0	109	0	0	0	0	
360716	0	0	0	0	0	0	0	115	0	0	0	0	
361467	0	0	0	0	0	0	0	107	0	0	0	0	
362215	0	0	0	0	0	0	0	119	0	0	0	0	
362967	0	0	0	0	0	0	0	103	0	0	0	0	
363718	0	0	0	0	0	0	0	113	0	0	0	0	
364464	0	0	0	0	0	0	0	139	0	0	0	0	
365210	0	0	0	0	0	0	0	0	83	0	0	0	
365960	0	0	0	0	0	0	0	0	91	0	0	0	
366708	0	0	0	0	0	0	0	0	93	0	0	0	
367453	0	0	0	0	0	0	0	0	93	0	0	0	
368201	0	0	0	0	0	0	0	0	85	0	0	0	
368952	0	0	0	0	0	0	0	0	95	0	0	0	
369702	0	0	0	0	0	0	0	0	93	0	0	0	
370456	0	0	0	0	0	0	0	0	101	0	0	0	
371207	0	0	0	0	0	0	0	0	103	0	0	0	
371954	0	0	0	0	0	0	0	0	93	0	0	0	
372703	0	0	0	0	0	0	0	0	109	0	0	0	
373451	0	0	0	0	0	0	0	0	87	0	0	0	
374197	0	0	0	0	0	0	0	0	109	0	0	0	
374949	0	0	0	0	0	0	0	0	69	0	0	0	
375700	0	0	0	0	0	0	0	0	99	0	0	0	
376450	0	0	0	0	0	0	0	0	75	0	0	0	
377201	0	0	0	0	0	0	0	111	0	0	0	0	
377953	0	0	0	0	0	0	0	115	0	0	0	0	
378703	0	0	0	0	0	0	0	117	0	0	0	0	
379454	0	0	0	0	0	0	0	129	0	0	0	0	
380203	0	0	0	0	0	0	0	0	97	0	0	0	
380953	0	0	0	0	0	0	0	0	87	0	0	0	
381702	0	0	0	0	0	0	0	0	87	0	0	0	
382447	0	0	0	0	0	0	0	0	93	0	0	0	
383198	0	0	0	0	0	0	0	0	95	0	0	0	
383948	0	0	0	0	0	0	0	0	113	0	0	0	
384700	0	0	0	0	0	0	0	0	93	0	0	0	
385449	0	0	0	0	0	0	0	0	95	0	0	0	
386201	0	0	0	0	0	0	0	0	89	0	0	0	
386951	0	0	0	0	0	0	0	0	85	0	0	0	
387699	0	0	0	0	0	0	0	0	103	0	0	0	
388449	0	0	0	0	0	0	0	0	96	1	0	0	
389198	0	0	0	0	0	0	0	0	85	0	0	0	
389947	0	0	0	0	0	0	0	0	105	0	0	0	
390697	0	0	0	0	0	0	0	103	0	0	0	0	
391447	0	0	0	0	0	0	0	131	0	0	0	0	
392198	0	0	0	0	0	0	0	109	0	0	0	0	
392951	0	0	0	0	0	0	0	133	0	0	0	0	
393703	0	0	0	0	0	0	0	115	0	0	0	0	
394452	0	0	0	0	0	0	0	111	0	0	0	0	
395201	0	0	0	0	0	0	0	101	0	0	0	0	
395951	0	0	0	0	0	0	0	111	0	0	0	0	
396705	0	0	0	0	0	0	65	58	0	0	0	0	
397456	0	0	0	0	0	0	155	0	0	0	0	0	
398204	0	0	0	0	0	0	127	0	0	0	0	0	
398959	0	0	0	0	0	0	149	0	0	0	0	0	
399709	0	0	0	0	0	0	139	0	0	0	0	0	
400459	0	0	0	0	0	0	153	0	0	0	0	0	
401205	0	0	0	0	0	0	141	0	0	0	0	0	
401954	0	0	0	0	0	0	153	0	0	0	0	0	
402703	0	0	0	0	0	0	133	0	0	0	0	0	
403455	0	0	0	0	0	0	137	0	0	0	0	0	
404205	0	0	0	0	0	0	153	0	0	0	0	0	
404958	0	0	0	0	0	0	153	0	0	0	0	0	
405709	0	0	0	0	0	0	133	0	0	0	0	0	
406457	0	0	0	0	0	0	149	0	0	0	0	0	
407206	0	0	0	0	0	0	145	0	0	0	0	0	
407954	0	0	0	0	0	0	146	1	0	0	0	0	
408703	0	0	0	0	0	0	131	0	0	0	0	0	
409454	0	0	0	0	0	0	141	0	0	0	0	0	
410202	0	0	0	0	0	0	147	0	0	0	0	0	
410952	0	0	0	0	0	0	139	0	0	0	0	0	
411704	0	0	0	0	0	9	146	0	0	0	0	0	
412455	0	0	0	0	0	0	127	0	0	0	0	0	
413204	0	0	0	0	0	0	131	0	0	0	0	0	
413954	0	0	0	0	0	0	145	0	0	0	0	0	
414703	0	0	0	0	0	0	139	0	0	0	0	0	
415452	0	0	0	0	0	0	157	0	0	0	0	0	
416201	0	0	0	0	0	0	135	0	0	0	0	0	
416954	0	0	0	0	0	0	155	0	0	0	0	0	
417706	0	0	0	0	0	0	129	0	0	0	0	0	
418457	0	0	0	0	0	0	169	0	0	0	0	0	
419209	0	0	0	0	0	0	0	111	0	0	0	0	
419957	0	0	0	0	0	0	0	111	0	0	0	0	
420708	0	0	0	0	0	0	139	0	0	0	0	0	
421459	0	0	0	0	0	0	127	0	0	0	0	0	
422212	0	0	0	0	0	0	129	0	0	0	0	0	
422965	0	0	0	0	0	0	137	0	0	0	0	0	
423710	0	0	0	0	0	0	133	0	0	0	0	0	
424463	0	0	0	0	0	0	139	0	0	0	0	0	
425213	0	0	0	0	0	0	149	0	0	0	0	0	
425963	0	0	0	0	0	0	135	0	0	0	0	0	
426711	0	0	0	0	0	0	141	0	0	0	0	0	
427463	0	0	0	0	0	0	145	0	0	0	0	0	
428214	0	0	0	0	0	0	145	0	0	0	0	0	
428966	0	0	0	0	0	0	157	0	0	0	0	0	
429715	0	0	0	0	0	0	163	0	0	0	0	0	
430463	0	0	0	0	0	0	123	0	0	0	0	0	
431214	0	0	0	0	0	0	147	0	0	0	0	0	
431965	0	0	0	0	0	0	143	0	0	0	0	0	
432719	0	0	0	0	0	0	161	0	0	0	0	0	
433472	0	0	0	0	0	0	135	0	0	0	0	0	
434223	0	0	0	0	0	0	171	0	0	0	0	0	
434975	0	0	0	0	0	0	0	133	0	0	0	0	
435723	0	0	0	0	0	0	0	111	0	0	0	0	
436471	0	0	0	0	0	0	0	103	0	0	0	0	
437220	0	0	0	0	0	0	0	123	0	0	0	0	
437972	0	0	0	0	0	0	0	0	91	0	0	0	
438723	0	0	0	0	0	0	0	0	99	0	0	0	
439473	0	0	0	0	0	0	0	0	85	0	0	0	
440223	0	0	0	0	0	0	0	0	97	0	0	0	
440971	0	0	0	0	0	0	0	0	101	0	0	0	
441721	0	0	0	0	0	0	0	0	91	0	0	0	
442470	0	0	0	0	0	0	0	0	89	0	0	0	
443218	0	0	0	0	0	0	0	0	85	0	0	0	
443966	0	0	0	0	0	0	0	0	101	0	0	0	
444715	0	0	0	0	0	0	0	0	91	0	0	0	
445462	0	0	0	0	0	0	0	0	95	0	0	0	
446213	0	0	0	0	0	0	0	0	79	0	0	0	
446962	0	0	0	0	0	0	0	0	101	0	0	0	
447713	0	0	0	0	0	0	0	0	107	0	0	0	
448463	0	0	0	0	0	0	0	0	97	0	0	0	
449216	0	0	0	0	0	0	0	0	85	0	0	0	
449965	0	0	0	0	0	0	0	115	0	0	0	0	
450719	0	0	0	0	0	0	0	103	0	0	0	0	
451467	0	0	0	0	0	0	0	107	0	0	0	0	
452218	0	0	0	0	0	0	0	109	0	0	0	0	
452969	0	0	0	0	0	0	0	115	0	0	0	0	
453718	0	0	0	0	0	0	0	119	0	0	0	0	
454468	0	0	0	0	0	0	0	115	0	0	0	0	
455221	0	0	0	0	0	0	0	111	0	0	0	0	
455970	0	0	0	0	0	0	0	93	0	0	0	0	
456722	0	0	0	0	0	0	0	101	0	0	0	0	
457471	0	0	0	0	0	0	0	117	0	0	0	0	
458224	0	0	0	0	0	0	0	109	0	0	0	0	
458974	0	0	0	0	0	0	0	123	0	0	0	0	
459727	0	0	0	0	0	0	0	105	0	0	0	0	
460478	0	0	0	0	0	0	0	119	0	0	0	0	
461227	0	0	0	0	0	0	0	109	0	0	0	0	
461974	0	0	0	0	0	0	0	107	0	0	0	0	
462722	0	0	0	0	0	0	0	109	0	0	0	0	
463470	0	0	0	0	0	0	0	95	0	0	0	0	
464221	0	0	0	0	0	0	0	117	0	0	0	0	
464967	0	0	0	0	0	0	0	111	0	0	0	0	
465713	0	0	0	0	0	0	0	99	0	0	0	0	
466465	0	0	0	0	0	0	0	117	0	0	0	0	
467219	0	0	0	0	0	0	0	113	0	0	0	0	
467970	0	0	0	0	0	0	0	121	0	0	0	0	
468722	0	0	0	0	0	0	0	89	0	0	0	0	
469476	0	0	0	0	0	0	0	101	0	0	0	0	
470231	0	0	0	0	0	0	0	119	0	0	0	0	
470984	0	0	0	0	0	0	0	111	0	0	0	0	
471733	0	0	0	0	0	0	0	127	0	0	0	0	
472487	0	0	0	0	0	0	0	125	0	0	0	0	
473237	0	0	0	0	0	0	0	121	0	0	0	0	
473984	0	0	0	0	0	0	0	111	0	0	0	0	
474737	0	0	0	0	0	0	0	115	0	0	0	0	
475487	0	0	0	0	0	0	0	107	0	0	0	0	
476241	0	0	0	0	0	0	0	107	0	0	0	0	
476991	0	0	0	0	0	0	0	141	0	0	0	0	
477735	0	0	0	0	0	0	0	113	0	0	0	0	
478489	0	0	0	0	0	0	0	99	0	0	0	0	
479244	0	0	0	0	0	0	0	101	0	0	0	0	
479994	0	0	0	0	0	0	0	121	0	0	0	0	
480745	0	0	0	0	0	0	0	121	0	0	0	0	
481492	0	0	0	0	0	0	0	125	0	0	0	0	
482242	0	0	0	0	0	0	0	121	0	0	0	0	
482994	0	0	0	0	0	0	0	99	0	0	0	0	
483745	0	0	0	0	0	0	0	105	0	0	0	0	
484495	0	0	0	0	0	0	0	111	0	0	0	0	
485245	0	0	0	0	0	0	0	103	0	0	0	0	
485997	0	0	0	0	0	0	0	117	0	0	0	0	
486747	0	0	0	0	0	0	0	115	0	0	0	0	
487495	0	0	0	0	0	0	0	115	0	0	0	0	
488246	0	0	0	0	0	0	0	111	0	0	0	0	
488995	0	0	0	0	0	0	0	115	0	0	0	0	
489748	0	0	0	0	0	0	0	119	0	0	0	0	
490497	0	0	0	0	0	0	0	129	0	0	0	0	
491248	0	0	0	0	0	0	0	103	0	0	0	0	
491998	0	0	0	0	0	0	0	123	0	0	0	0	
492746	0	0	0	0	0	0	0	107	0	0	0	0	
493493	0	0	0	0	0	0	0	115	0	0	0	0	
494247	0	0	0	0	0	0	0	125	0	0	0	0	
494994	0	0	0	0	0	0	0	113	0	0	0	0	
495745	0	0	0	0	0	0	0	103	0	0	0	0	
496494	0	0	0	0	0	0	0	115	0	0	0	0	
497241	0	0	0	0	0	0	0	119	0	0	0	0	
497991	0	0	0	0	0	0	0	123	0	0	0	0	
498740	0	0	0	0	0	0	0	113	0	0	0	0	
499488	0	0	0	0	0	0	0	127	0	0	0	0	
500238	0	0	0	0	0	0	0	115	0	0	0	0	
500986	0	0	0	0	0	0	0	0	87	0	0	0	
501734	0	0	0	0	0	0	0	0	89	0	0	0	
502486	0	0	0	0	0	0	0	0	81	0	0	0	
503239	0	0	0	0	0	0	0	0	75	0	0	0	
503989	0	0	0	0	0	0	0	0	81	0	0	0	
504736	0	0	0	0	0	0	0	0	83	0	0	0	
505486	0	0	0	0	0	0	0	0	83	0	0	0	
506238	0	0	0	0	0	0	0	0	105	0	0	0	
506988	0	0	0	0	0	0	0	0	89	0	0	0	
507738	0	0	0	0	0	0	0	0	97	0	0	0	
508489	0	0	0	0	0	0	0	0	93	0	0	0	
509243	0	0	0	0	0	0	0	0	103	0	0	0	
509994	0	0	0	0	0	0	0	0	0	89	0	0	
510745	0	0	0	0	0	0	0	0	0	85	0	0	
511492	0	0	0	0	0	0	0	0	0	0	63	0	
512242	0	0	0	0	0	0	0	0	0	0	79	0	
512993	0	0	0	0	0	0	0	0	0	0	69	0	
513747	0	0	0	0	0	0	0	0	0	0	65	0	
514499	0	0	0	0	0	0	0	0	0	0	65	0	
515249	0	0	0	0	0	0	0	0	0	2	61	0	
516000	0	0	0	0	0	0	0	0	0	0	63	0	
516752	0	0	0	0	0	0	0	0	0	0	69	0	
517501	0	0	0	0	0	0	0	0	0	0	57	0	
518248	0	0	0	0	0	0	0	0	0	0	73	0	
518995	0	0	0	0	0	0	0	0	0	0	61	0	
519741	0	0	0	0	0	0	0	0	0	0	63	0	
520491	0	0	0	0	0	0	0	0	0	0	53	0	
521243	0	0	0	0	0	0	0	0	0	0	59	0	
521995	0	0	0	0	0	0	0	0	0	0	57	0	
522747	0	0	0	0	0	0	0	0	0	0	57	0	
523494	0	0	0	0	0	0	0	0	0	0	55	0	
524242	0	0	0	0	0	0	0	0	0	0	57	0	
524992	0	0	0	0	0	0	0	0	0	0	55	0	
525741	0	0	0	0	0	0	0	0	0	0	75	0	
526496	0	0	0	0	0	0	0	0	0	0	59	0	
527248	0	0	0	0	0	0	0	0	0	0	69	0	
527999	0	0	0	0	0	0	0	0	0	0	55	0	
528746	0	0	0	0	0	0	0	0	0	0	61	0	
529496	0	0	0	0	0	0	0	0	0	0	57	0	
530245	0	0	0	0	0	0	0	0	0	0	49	0	
530994	0	0	0	0	0	0	0	0	0	0	69	0	
531749	0	0	0	0	0	0	0	0	0	0	71	0	
532497	0	0	0	0	0	0	0	0	0	0	67	0	
533246	0	0	0	0	0	0	0	0	0	0	61	0	
533994	0	0	0	0	0	0	0	0	0	0	47	0	
534746	0	0	0	0	0	0	0	0	0	0	77	0	
535498	0	0	0	0	0	0	0	0	0	0	55	0	
536248	0	0	0	0	0	0	0	0	0	0	65	0	
536996	0	0	0	0	0	0	0	0	0	0	55	0	
537743	0	0	0	0	0	0	0	0	0	0	53	0	
538490	0	0	0	0	0	0	0	0	0	0	59	0	
539238	0	0	0	0	0	0	0	0	0	0	65	0	
539991	0	0	0	0	0	0	0	0	0	0	59	0	
540738	0	0	0	0	0	0	0	0	0	0	67	0	
541489	0	0	0	0	0	0	0	0	0	0	57	0	
542238	0	0	0	0	0	0	0	0	0	0	59	0	
542990	0	0	0	0	0	0	0	0	0	0	65	0	
543741	0	0	0	0	0	0	0	0	0	0	63	0	
544490	0	0	0	0	0	0	0	0	0	0	67	0	
545243	0	0	0	0	0	0	0	0	0	0	57	0	
545996	0	0	0	0	0	0	0	0	0	0	77	0	
546746	0	0	0	0	0	0	0	0	0	0	69	0	
547497	0	0	0	0	0	0	0	0	0	0	57	0	
548249	0	0	0	0	0	0	0	0	0	0	57	0	
548997	0	0	0	0	0	0	0	0	0	0	65	0	
549747	0	0	0	0	0	0	0	0	0	0	61	0	
550498	0	0	0	0	0	0	0	0	0	0	61	0	
551246	0	0	0	0	0	0	0	0	0	0	63	0	
551994	0	0	0	0	0	0	0	0	0	0	53	0	
552745	0	0	0	0	0	0	0	0	0	0	53	0	
553494	0	0	0	0	0	0	0	0	0	0	53	0	
554243	0	0	0	0	0	0	0	0	0	0	57	0	
554995	0	0	0	0	0	0	0	0	0	0	55	0	
555749	0	0	0	0	0	0	0	0	0	0	63	0	
556500	0	0	0	0	0	0	0	0	0	0	63	0	
557251	0	0	0	0	0	0	0	0	0	0	59	0	
557997	0	0	0	0	0	0	0	0	0	0	61	0	
558745	0	0	0	0	0	0	0	0	0	0	61	0	
559495	0	0	0	0	0	0	0	0	0	0	65	0	
560246	0	0	0	0	0	0	0	0	0	0	47	0	
560996	0	0	0	0	0	0	0	0	0	0	59	0	
561745	0	0	0	0	0	0	0	0	0	0	67	0	
562495	0	0	0	0	0	0	0	0	0	0	71	0	
563247	0	0	0	0	0	0	0	0	0	0	61	0	
563998	0	0	0	0	0	0	0	0	0	0	55	0	
564745	0	0	0	0	0	0	0	0	0	0	61	0	
565497	0	0	0	0	0	0	0	0	0	0	69	0	
566248	0	0	0	0	0	0	0	0	0	0	61	0	
566996	0	0	0	0	0	0	0	0	0	0	65	0	
567743	0	0	0	0	0	0	0	0	0	75	0	0	
568496	0	0	0	0	0	0	0	0	0	89	0	0	
569245	0	0	0	0	0	0	0	0	0	87	0	0	
569999	0	0	0	0	0	0	0	0	0	69	0	0	
570752	0	0	0	0	0	0	0	0	0	71	0	0	
571502	0	0	0	0	0	0	0	0	0	71	0	0	
572253	0	0	0	0	0	0	0	0	0	87	0	0	
573002	0	0	0	0	0	0	0	0	0	75	0	0	
573750	0	0	0	0	0	0	0	0	0	65	0	0	
574499	0	0	0	0	0	0	0	0	0	71	0	0	
575248	0	0	0	0	0	0	0	0	0	67	0	0	
576000	0	0	0	0	0	0	0	0	0	63	0	0	
576750	0	0	0	0	0	0	0	0	0	81	0	0	
577498	0	0	0	0	0	0	0	0	10	59	0	0	
578251	0	0	0	0	0	0	0	0	0	59	0	0	
579005	0	0	0	0	0	0	0	0	0	85	0	0	
579754	0	0	0	0	0	0	0	0	0	79	0	0	
580505	0	0	0	0	0	0	0	0	0	95	0	0	
581257	0	0	0	0	0	0	0	0	0	67	0	0	
582006	0	0	0	0	0	0	0	0	0	85	0	0	
582755	0	0	0	0	0	0	0	0	0	71	0	0	
583507	0	0	0	0	0	0	0	0	0	75	0	0	
584257	0	0	0	0	0	0	0	0	0	71	0	0	
585009	0	0	0	0	0	0	0	0	0	69	0	0	
585759	0	0	0	0	0	0	0	0	0	0	61	0	
586510	0	0	0	0	0	0	0	0	0	0	61	0	
587258	0	0	0	0	0	0	0	0	0	0	53	0	
588010	0	0	0	0	0	0	0	0	0	0	65	0	
588759	0	0	0	0	0	0	0	0	0	0	67	0	
589507	0	0	0	0	0	0	0	0	0	0	59	0	
590259	0	0	0	0	0	0	0	0	0	0	67	0	
591008	0	0	0	0	0	0	0	0	0	0	61	0	
591759	0	0	0	0	0	0	0	0	0	0	67	0	
592510	0	0	0	0	0	0	0	0	0	0	67	0	
593260	0	0	0	0	0	0	0	0	0	0	57	0	
594009	0	0	0	0	0	0	0	0	0	0	71	0	
594755	0	0	0	0	0	0	0	0	0	0	67	0	
595504	0	0	0	0	0	0	0	0	0	0	69	0	
596250	0	0	0	0	0	0	0	0	0	0	65	0	
597001	0	0	0	0	0	0	0	0	0	0	51	0	
597748	0	0	0	0	0	0	0	0	0	0	69	0	
598497	0	0	0	0	0	0	0	0	0	0	61	0	
599246	0	0	0	0	0	0	0	0	0	0	59	0	
599996	0	0	0	0	0	0	0	0	0	0	63	0	
600744	0	0	0	0	0	0	0	0	0	0	71	0	
601493	0	0	0	0	0	0	0	0	0	0	67	0	
602243	0	0	0	0	0	0	0	0	0	83	0	0	
602995	0	0	0	0	0	0	0	0	0	73	0	0	
603743	0	0	0	0	0	0	0	0	0	77	0	0	
604497	0	0	0	0	0	0	0	0	0	77	0	0	
605246	0	0	0	0	0	0	0	0	0	77	0	0	
605999	0	0	0	0	0	0	0	0	0	0	63	0	
606751	0	0	0	0	0	0	0	0	0	0	55	0	
607501	0	0	0	0	0	0	0	0	0	0	75	0	
608252	0	0	0	0	0	0	0	0	0	0	61	0	
609001	0	0	0	0	0	0	0	0	0	93	0	0	
609752	0	0	0	0	0	0	0	0	0	73	0	0	
610503	0	0	0	0	0	0	0	0	0	71	0	0	
611248	0	0	0	0	0	0	0	0	0	59	0	0	
611998	0	0	0	0	0	0	0	0	0	0	69	0	
612749	0	0	0	0	0	0	0	0	0	0	63	0	
613500	0	0	0	0	0	0	0	0	0	87	0	0	
614250	0	0	0	0	0	0	0	0	0	65	0	0	
615000	0	0	0	0	0	0	0	0	0	57	0	0	
615748	0	0	0	0	0	0	0	0	0	85	0	0	
616497	0	0	0	0	0	0	0	0	0	61	0	0	
617246	0	0	0	0	0	0	0	0	0	55	0	0	
617996	0	0	0	0	0	0	0	0	0	69	0	0	
618744	0	0	0	0	0	0	0	0	0	71	0	0	
619495	0	0	0	0	0	0	0	0	0	73	0	0	
620240	0	0	0	0	0	0	0	0	0	71	0	0	
620990	0	0	0	0	0	0	0	0	0	71	0	0	
621739	0	0	0	0	0	0	0	0	0	73	0	0	
622487	0	0	0	0	0	0	0	0	0	97	0	0	
623240	0	0	0	0	0	0	0	0	0	79	0	0	
623992	0	0	0	0	0	0	0	0	0	79	0	0	
624743	0	0	0	0	0	0	0	0	0	57	0	0	
625492	0	0	0	0	0	0	0	0	0	71	0	0	
626243	0	0	0	0	0	0	0	0	0	77	0	0	
626991	0	0	0	0	0	0	0	0	0	81	0	0	
627741	0	0	0	0	0	0	0	0	0	87	0	0	
628489	0	0	0	0	0	0	0	0	0	77	0	0	
629238	0	0	0	0	0	0	0	0	0	81	0	0	
629989	0	0	0	0	0	0	0	0	0	93	0	0	
630742	0	0	0	0	0	0	0	0	0	79	0	0	
631492	0	0	0	0	0	0	0	0	0	69	0	0	
632243	0	0	0	0	0	0	0	0	0	79	0	0	
632995	0	0	0	0	0	0	0	0	0	71	0	0	
633747	0	0	0	0	0	0	0	0	0	69	0	0	
634496	0	0	0	0	0	0	0	0	0	81	0	0	
635248	0	0	0	0	0	0	0	0	0	75	0	0	
635996	0	0	0	0	0	0	0	0	0	75	0	0	
636743	0	0	0	0	0	0	0	0	0	59	0	0	
637492	0	0	0	0	0	0	0	0	0	87	0	0	
638241	0	0	0	0	0	0	0	0	0	77	0	0	
638989	0	0	0	0	0	0	0	0	0	73	0	0	
639740	0	0	0	0	0	0	0	0	0	73	8	0	
640488	0	0	0	0	0	0	0	0	0	63	0	0	
641238	0	0	0	0	0	0	0	0	37	48	0	0	
641987	0	0	0	0	0	0	0	0	0	85	0	0	
642737	0	0	0	0	0	0	0	0	0	79	0	0	
643487	0	0	0	0	0	0	0	0	0	73	0	0	
644241	0	0	0	0	0	0	0	0	0	65	0	0	
644987	0	0	0	0	0	0	0	0	0	69	0	0	
645737	0	0	0	0	0	0	0	0	0	73	0	0	
646488	0	0	0	0	0	0	0	0	1	78	0	0	
647239	0	0	0	0	0	0	0	0	0	87	0	0	
647987	0	0	0	0	0	0	0	0	0	63	0	0	
648738	0	0	0	0	0	0	0	0	0	73	0	0	
649493	0	0	0	0	0	0	0	0	0	65	0	0	
650247	0	0	0	0	0	0	0	0	0	73	0	0	
650999	0	0	0	0	0	0	0	0	0	87	0	0	
651749	0	0	0	0	0	0	0	0	0	57	0	0	
652502	0	0	0	0	0	0	0	0	0	65	0	0	
653253	0	0	0	0	0	0	0	0	0	85	0	0	
654002	0	0	0	0	0	0	0	0	0	53	0	0	
654752	0	0	0	0	0	0	0	0	0	65	0	0	
655504	0	0	0	0	0	0	0	0	0	61	0	0	
656255	0	0	0	0	0	0	0	0	0	81	0	0	
657005	0	0	0	0	0	0	0	0	11	60	0	0	
657756	0	0	0	0	0	0	0	0	0	65	0	0	
658507	0	0	0	0	0	0	0	0	0	75	0	0	
659257	0	0	0	0	0	0	0	0	103	0	0	0	
660008	0	0	0	0	0	0	0	0	87	0	0	0	
660758	0	0	0	0	0	0	0	0	105	0	0	0	
661505	0	0	0	0	0	0	0	0	85	0	0	0	
662255	0	0	0	0	0	0	0	0	87	0	0	0	
663003	0	0	0	0	0	0	0	0	101	0	0	0	
663755	0	0	0	0	0	0	0	0	79	0	0	0	
664506	0	0	0	0	0	0	0	0	105	0	0	0	
665258	0	0	0	0	0	0	0	0	111	0	0	0	
666006	0	0	0	0	0	0	0	0	89	0	0	0	
666755	0	0	0	0	0	0	0	0	99	0	0	0	
667504	0	0	0	0	0	0	0	0	84	3	0	0	
668256	0	0	0	0	0	0	0	0	93	0	0	0	
669004	0	0	0	0	0	0	0	0	83	0	0	0	
669757	0	0	0	0	0	0	0	0	105	0	0	0	
670504	0	0	0	0	0	0	0	0	0	65	0	0	
671257	0	0	0	0	0	0	0	0	0	67	0	0	
672006	0	0	0	0	0	0	0	0	0	0	65	0	
672753	0	0	0	0	0	0	0	0	0	0	65	0	
673505	0	0	0	0	0	0	0	0	0	0	65	0	
674257	0	0	0	0	0	0	0	0	0	0	79	0	
675008	0	0	0	0	0	0	0	0	0	0	67	0	
675756	0	0	0	0	0	0	0	0	0	0	61	0	
676504	0	0	0	0	0	0	0	0	0	0	67	0	
677258	0	0	0	0	0	0	0	0	0	0	75	0	
678009	0	0	0	0	0	0	0	0	0	0	51	0	
678758	0	0	0	0	0	0	0	0	0	0	77	0	
679508	0	0	0	0	0	0	0	0	0	0	59	0	
680259	0	0	0	0	0	0	0	0	0	0	57	0	
681010	0	0	0	0	0	0	0	0	0	0	61	0	
681760	0	0	0	0	0	0	0	0	0	0	65	0	
682509	0	0	0	0	0	0	0	0	0	0	63	0	
683260	0	0	0	0	0	0	0	0	0	0	47	0	
684005	0	0	0	0	0	0	0	0	0	0	77	0	
684754	0	0	0	0	0	0	0	0	0	0	63	0	
685505	0	0	0	0	0	0	0	0	0	0	63	0	
686251	0	0	0	0	0	0	0	0	0	0	51	0	
687003	0	0	0	0	0	0	0	0	0	0	67	0	
687755	0	0	0	0	0	0	0	0	0	0	53	0	
688505	0	0	0	0	0	0	0	0	0	0	55	0	
689258	0	0	0	0	0	0	0	0	0	0	0	65	
690011	0	0	0	0	0	0	0	0	0	0	49	0	
690764	0	0	0	0	0	0	0	0	0	0	55	0	
691514	0	0	0	0	0	0	0	0	0	0	73	0	
692263	0	0	0	0	0	0	0	0	0	0	65	0	
693014	0	0	0	0	0	0	0	0	0	0	61	0	
693765	0	0	0	0	0	0	0	0	0	0	65	0	
694513	0	0	0	0	0	0	0	0	0	0	61	0	
695264	0	0	0	0	0	0	0	0	0	0	55	0	
696017	0	0	0	0	0	0	0	0	0	0	61	0	
696766	0	0	0	0	0	0	0	0	0	0	61	0	
697516	0	0	0	0	0	0	0	0	0	0	61	0	
698263	0	0	0	0	0	0	0	0	0	0	67	0	
699012	0	0	0	0	0	0	0	0	0	0	55	0	
699766	0	0	0	0	0	0	0	0	0	0	57	0	
700513	0	0	0	0	0	0	0	0	0	0	63	0	
701260	0	0	0	0	0	0	0	0	0	0	59	0	
702007	0	0	0	0	0	0	0	0	0	0	63	0	
702754	0	0	0	0	0	0	0	0	0	0	57	0	
703505	0	0	0	0	0	0	0	0	0	0	63	0	
704258	0	0	0	0	0	0	0	0	0	59	0	0	
705009	0	0	0	0	0	0	0	0	0	69	0	0	
705759	0	0	0	0	0	0	0	0	85	0	0	0	
706509	0	0	0	0	0	0	0	0	0	77	0	0	
707259	0	0	0	0	0	0	0	0	0	83	0	0	
708007	0	0	0	0	0	0	0	0	0	87	0	0	
708758	0	0	0	0	0	0	0	0	0	91	0	0	
709509	0	0	0	0	0	0	0	0	0	71	0	0	
710260	0	0	0	0	0	0	0	0	0	73	0	0	
711008	0	0	0	0	0	0	0	0	0	69	0	0	
711761	0	0	0	0	0	0	0	0	0	81	0	0	
712511	0	0	0	0	0	0	0	0	0	73	0	0	
713259	0	0	0	0	0	0	0	0	0	85	0	0	
714010	0	0	0	0	0	0	0	0	0	73	0	0	
714762	0	0	0	0	0	0	0	0	0	83	0	0	
715511	0	0	0	0	0	0	0	0	0	81	0	0	
716261	0	0	0	0	0	0	0	0	0	55	0	0	
717011	0	0	0	0	0	0	0	0	0	71	0	0	
717760	0	0	0	0	0	0	0	0	0	87	0	0	
718508	0	0	0	0	0	0	0	0	0	59	0	0	
719259	0	0	0	0	0	0	0	0	0	0	67	0	
720008	0	0	0	0	0	0	0	0	0	0	63	0	
720758	0	0	0	0	0	0	0	0	0	0	65	0	
721510	0	0	0	0	0	0	0	0	0	0	57	0	
722259	0	0	0	0	0	0	0	0	0	0	57	0	
723014	0	0	0	0	0	0	0	0	0	6	65	0	
723763	0	0	0	0	0	0	0	0	0	0	51	0	
724513	0	0	0	0	0	0	0	0	0	0	75	0	
725264	0	0	0	0	0	0	0	0	0	0	55	0	
726013	0	0	0	0	0	0	0	0	0	0	71	0	
726762	0	0	0	0	0	0	0	0	0	0	59	0	
727513	0	0	0	0	0	0	0	0	0	0	0	43	
728262	0	0	0	0	0	0	0	0	0	0	61	0	
729012	0	0	0	0	0	0	0	0	0	0	51	0	
729763	0	0	0	0	0	0	0	0	0	0	61	0	
730514	0	0	0	0	0	0	0	0	0	0	59	0	
731264	0	0	0	0	0	0	0	0	0	0	63	0	
732009	0	0	0	0	0	0	0	0	0	0	55	0	
732757	0	0	0	0	0	0	0	0	0	0	65	0	
733508	0	0	0	0	0	0	0	0	0	0	69	0	
734255	0	0	0	0	0	0	0	0	0	0	71	0	
735005	0	0	0	0	0	0	0	0	0	0	71	0	
735756	0	0	0	0	0	0	0	0	0	0	63	0	
736509	0	0	0	0	0	0	0	0	0	0	55	0	
737261	0	0	0	0	0	0	0	0	0	0	55	0	
738007	0	0	0	0	0	0	0	0	0	0	71	0	
738755	0	0	0	0	0	0	0	0	0	0	69	0	
739505	0	0	0	0	0	0	0	0	0	0	57	0	
740254	0	0	0	0	0	0	0	0	0	0	69	0	
741009	0	0	0	0	0	0	0	0	0	0	57	0	
741758	0	0	0	0	0	0	0	0	0	0	41	0	
742504	0	0	0	0	0	0	0	0	0	0	0	39	
743257	0	0	0	0	0	0	0	0	0	0	0	47	
744005	0	0	0	0	0	0	0	0	0	0	0	45	
744751	0	0	0	0	0	0	0	0	0	0	61	0	
745502	0	0	0	0	0	0	0	0	0	0	61	0	
746252	0	0	0	0	0	0	0	0	0	0	67	0	
747005	0	0	0	0	0	0	0	0	0	0	65	0	
747752	0	0	0	0	0	0	0	0	0	0	67	0	
748499	0	0	0	0	0	0	0	0	0	0	53	0	
749249	0	0	0	0	0	0	0	0	0	0	57	0	
749999	0	0	0	0	0	0	0	0	0	0	51	0	
750753	0	0	0	0	0	0	0	0	0	0	71	0	
751503	0	0	0	0	0	0	0	0	0	0	59	0	
752255	0	0	0	0	0	0	0	0	0	0	71	0	
753006	0	0	0	0	0	0	0	0	0	0	77	0	
753757	0	0	0	0	0	0	0	0	0	77	0	0	
754509	0	0	0	0	0	0	0	0	0	67	0	0	
755260	0	0	0	0	0	0	0	0	0	81	0	0	
756012	0	0	0	0	0	0	0	0	0	89	0	0	
756760	0	0	0	0	0	0	0	0	0	57	0	0	
757509	0	0	0	0	0	0	0	0	0	71	0	0	
758260	0	0	0	0	0	0	0	0	0	81	0	0	
759010	0	0	0	0	0	0	0	0	75	0	0	0	
759761	0	0	0	0	0	0	0	0	87	0	0	0	
760511	0	0	0	0	0	0	0	0	109	0	0	0	
761262	0	0	0	0	0	0	0	0	103	0	0	0	
762011	0	0	0	0	0	0	0	0	79	0	0	0	
762762	0	0	0	0	0	0	0	0	99	0	0	0	
763513	0	0	0	0	0	0	0	0	87	0	0	0	
764262	0	0	0	0	0	0	0	0	93	0	0	0	
765011	0	0	0	0	0	0	0	0	107	0	0	0	
765761	0	0	0	0	0	0	0	0	0	67	0	0	
766509	0	0	0	0	0	0	0	0	0	79	0	0	
767260	0	0	0	0	0	0	0	0	0	65	0	0	
768010	0	0	0	0	0	0	0	0	93	0	0	0	
768758	0	0	0	0	0	0	0	0	0	75	0	0	
769511	0	0	0	0	0	0	0	0	0	67	0	0	
770259	0	0	0	0	0	0	0	0	0	77	0	0	
771013	0	0	0	0	0	0	0	0	0	69	0	0	
771764	0	0	0	0	0	0	0	0	0	65	0	0	
772511	0	0	0	0	0	0	0	0	0	89	0	0	
773263	0	0	0	0	0	0	0	0	0	63	2	0	
774016	0	0	0	0	0	0	0	0	0	75	0	0	
774768	0	0	0	0	0	0	0	0	0	75	0	0	
775516	0	0	0	0	0	0	0	0	0	65	0	0	
776264	0	0	0	0	0	0	0	0	0	67	0	0	
777016	0	0	0	0	0	0	0	0	0	63	0	0	
777766	0	0	0	0	0	0	0	0	0	89	0	0	
778515	0	0	0	0	0	0	0	0	0	79	0	0	
779267	0	0	0	0	0	0	0	0	0	83	0	0	
780017	0	0	0	0	0	0	0	0	0	61	0	0	
780767	0	0	0	0	0	0	0	0	0	95	0	0	
781518	0	0	0	0	0	0	0	0	0	87	0	0	
782269	0	0	0	0	0	0	0	0	0	83	0	0	
783016	0	0	0	0	0	0	0	0	0	69	0	0	
783763	0	0	0	0	0	0	0	0	0	99	0	0	
784513	0	0	0	0	0	0	0	0	0	83	0	0	
785263	0	0	0	0	0	0	0	0	0	81	0	0	
786014	0	0	0	0	0	0	0	0	0	83	0	0	
786766	0	0	0	0	0	0	0	0	0	79	0	0	
787516	0	0	0	0	0	0	0	0	0	89	0	0	
788267	0	0	0	0	0	0	0	0	0	85	0	0	
789018	0	0	0	0	0	0	0	0	0	87	0	0	
789770	0	0	0	0	0	0	0	0	0	71	0	0	
790518	0	0	0	0	0	0	0	0	0	79	0	0	
791269	0	0	0	0	0	0	0	0	0	75	0	0	
792023	0	0	0	0	0	0	0	0	0	87	0	0	
792775	0	0	0	0	0	0	0	0	0	71	0	0	
793525	0	0	0	0	0	0	0	0	0	76	1	0	
794276	0	0	0	0	0	0	0	0	0	71	0	0	
795021	0	0	0	0	0	0	0	0	0	71	0	0	
795770	0	0	0	0	0	0	0	0	0	77	0	0	
796525	0	0	0	0	0	0	0	0	0	59	0	0	
797273	0	0	0	0	0	0	0	0	0	59	0	0	
798024	0	0	0	0	0	0	0	0	0	0	59	0	
798775	0	0	0	0	0	0	0	0	0	0	65	0	
799524	0	0	0	0	0	0	0	0	0	0	57	0	
800273	0	0	0	0	0	0	0	0	0	0	67	0	
801023	0	0	0	0	0	0	0	0	0	0	61	0	
801776	0	0	0	0	0	0	0	0	0	0	69	0	
802527	0	0	0	0	0	0	0	0	0	0	67	0	
803276	0	0	0	0	0	0	0	0	0	0	57	0	
804023	0	0	0	0	0	0	0	0	0	73	0	0	
804773	0	0	0	0	0	0	0	0	0	71	0	0	
805526	0	0	0	0	0	0	0	0	0	71	0	0	
806276	0	0	0	0	0	0	0	0	0	79	0	0	
807026	0	0	0	0	0	0	0	0	0	71	0	0	
807774	0	0	0	0	0	0	0	0	0	67	0	0	
808525	0	0	0	0	0	0	0	0	0	83	0	0	
809277	0	0	0	0	0	0	0	0	0	77	0	0	
810028	0	0	0	0	0	0	0	0	0	83	0	0	
810779	0	0	0	0	0	0	0	0	0	91	0	0	
811527	0	0	0	0	0	0	0	0	0	71	0	0	
812279	0	0	0	0	0	0	0	0	0	77	0	0	
813029	0	0	0	0	0	0	0	0	0	87	0	0	
813778	0	0	0	0	0	0	0	0	0	81	0	0	
814525	0	0	0	0	0	0	0	0	0	81	0	0	
815274	0	0	0	0	0	0	0	0	0	79	0	0	
816025	0	0	0	0	0	0	0	0	0	83	0	0	
816775	0	0	0	0	0	0	0	0	0	73	0	0	
817529	0	0	0	0	0	0	0	0	0	83	0	0	
818279	0	0	0	0	0	0	0	0	0	69	0	0	
819026	0	0	0	0	0	0	0	0	0	0	69	0	
819772	0	0	0	0	0	0	0	0	0	0	65	0	
820522	0	0	0	0	0	0	0	0	0	0	51	0	
821274	0	0	0	0	0	0	0	0	0	0	61	0	
822025	0	0	0	0	0	0	0	0	0	0	55	0	
822772	0	0	0	0	0	0	0	0	0	0	55	0	
823521	0	0	0	0	0	0	0	0	0	0	67	0	
824272	0	0	0	0	0	0	0	0	0	0	49	0	
825019	0	0	0	0	0	0	0	0	0	75	0	0	
825767	0	0	0	0	0	0	0	0	0	69	0	0	
826513	0	0	0	0	0	0	0	0	0	69	0	0	
827263	0	0	0	0	0	0	0	0	0	73	0	0	
828011	0	0	0	0	0	0	0	0	0	83	0	0	
828757	0	0	0	0	0	0	0	0	0	83	0	0	
829509	0	0	0	0	0	0	0	0	0	71	0	0	
830260	0	0	0	0	0	0	0	0	0	59	0	0	
831009	0	0	0	0	0	0	0	0	0	71	0	0	
831762	0	0	0	0	0	0	0	0	0	75	0	0	
832513	0	0	0	0	0	0	0	0	0	71	0	0	
833264	0	0	0	0	0	0	0	0	0	93	0	0	
834015	0	0	0	0	0	0	0	0	0	97	0	0	
834765	0	0	0	0	0	0	0	0	0	69	0	0	
835518	0	0	0	0	0	0	0	0	0	75	0	0	
836273	0	0	0	0	0	0	0	0	0	79	0	0	
837020	0	0	0	0	0	0	0	0	0	81	0	0	
837771	0	0	0	0	0	0	0	0	0	83	0	0	
838522	0	0	0	0	0	0	0	0	0	75	0	0	
839270	0	0	0	0	0	0	0	0	0	91	0	0	
840022	0	0	0	0	0	0	0	0	0	87	0	0	
840771	0	0	0	0	0	0	0	0	0	83	0	0	
841519	0	0	0	0	0	0	0	0	0	79	0	0	
842269	0	0	0	0	0	0	0	0	0	81	0	0	
843021	0	0	0	0	0	0	0	0	89	0	0	0	
843773	0	0	0	0	0	0	0	0	79	0	0	0	
844524	0	0	0	0	0	0	0	0	77	0	0	0	
845276	0	0	0	0	0	0	0	0	81	0	0	0	
846027	0	0	0	0	0	0	0	0	93	0	0	0	
846784	0	0	0	0	0	0	0	0	87	0	0	0	
847535	0	0	0	0	0	0	0	0	99	0	0	0	
848285	0	0	0	0	0	0	0	0	85	0	0	0	
849030	0	0	0	0	0	0	0	0	85	0	0	0	
849784	0	0	0	0	0	0	0	0	103	0	0	0	
850531	0	0	0	0	0	0	0	0	109	0	0	0	
851278	0	0	0	0	0	0	0	0	89	0	0	0	
852033	0	0	0	0	0	0	0	0	79	0	0	0	
852782	0	0	0	0	0	0	0	0	95	0	0	0	
853534	0	0	0	0	0	0	0	0	95	0	0	0	
854285	0	0	0	0	0	0	0	0	0	81	0	0	
855034	0	0	0	0	0	0	0	0	0	67	0	0	
855786	0	0	0	0	0	0	0	0	0	93	0	0	
856536	0	0	0	0	0	0	0	0	0	86	1	0	
857287	0	0	0	0	0	0	0	0	0	77	0	0	
858036	0	0	0	0	0	0	0	0	0	83	0	0	
858787	0	0	0	0	0	0	0	0	0	73	0	0	
859536	0	0	0	0	0	0	0	0	0	77	0	0	
860285	0	0	0	0	0	0	0	0	0	79	0	0	
861037	0	0	0	0	0	0	0	0	0	69	0	0	
861788	0	0	0	0	0	0	0	0	0	75	0	0	
862540	0	0	0	0	0	0	0	0	0	69	0	0	
863289	0	0	0	0	0	0	0	0	0	71	0	0	
864041	0	0	0	0	0	0	0	0	0	87	0	0	
864790	0	0	0	0	0	0	0	0	0	73	0	0	
865540	0	0	0	0	0	0	0	0	0	87	0	0	
866285	0	0	0	0	0	0	0	0	0	61	0	0	
867035	0	0	0	0	0	0	0	0	0	85	0	0	
867783	0	0	0	0	0	0	0	0	0	59	0	0	
868532	0	0	0	0	0	0	0	0	0	95	0	0	
869283	0	0	0	0	0	0	0	0	0	89	0	0	
870037	0	0	0	0	0	0	0	0	0	69	0	0	
870787	0	0	0	0	0	0	0	0	0	79	0	0	
871536	0	0	0	0	0	0	0	0	0	75	0	0	
872286	0	0	0	0	0	0	0	0	0	71	0	0	
873036	0	0	0	0	0	0	0	0	0	73	0	0	
873781	0	0	0	0	0	0	0	0	0	67	0	0	
874531	0	0	0	0	0	0	0	0	0	67	0	0	
875281	0	0	0	0	0	0	0	0	0	73	0	0	
876034	0	0	0	0	0	0	0	0	0	75	0	0	
876784	0	0	0	0	0	0	0	0	0	81	0	0	
877532	0	0	0	0	0	0	0	0	0	61	0	0	
878281	0	0	0	0	0	0	0	0	0	65	0	0	
879032	0	0	0	0	0	0	0	0	0	59	0	0	
879787	0	0	0	0	0	0	0	0	0	67	0	0	
880537	0	0	0	0	0	0	0	0	0	77	0	0	
881285	0	0	0	0	0	0	0	0	1	82	0	0	
882032	0	0	0	0	0	0	0	0	0	89	0	0	
882782	0	0	0	0	0	0	0	0	0	77	4	0	
883528	0	0	0	0	0	0	0	0	0	87	0	0	
884279	0	0	0	0	0	0	0	0	0	63	0	0	
885030	0	0	0	0	0	0	0	0	0	89	0	0	
885780	0	0	0	0	0	0	0	0	0	71	0	0	
886534	0	0	0	0	0	0	0	0	0	81	0	0	
887283	0	0	0	0	0	0	0	0	0	79	0	0	
888035	0	0	0	0	0	0	0	0	0	71	0	0	
888785	0	0	0	0	0	0	0	0	0	53	0	0	
889531	0	0	0	0	0	0	0	0	0	61	0	0	
890282	0	0	0	0	0	0	0	0	0	79	0	0	
891031	0	0	0	0	0	0	0	0	0	81	0	0	
891777	0	0	0	0	0	0	0	0	0	79	0	0	
892529	0	0	0	0	0	0	0	0	0	75	0	0	
893279	0	0	0	0	0	0	0	0	0	73	0	0	
894029	0	0	0	0	0	0	0	0	0	85	0	0	
894776	0	0	0	0	0	0	0	0	0	95	0	0	
895527	0	0	0	0	0	0	0	0	0	79	0	0	
896277	0	0	0	0	0	0	0	0	0	93	0	0	
897028	0	0	0	0	0	0	0	0	0	87	0	0	
897781	0	0	0	0	0	0	0	0	0	73	0	0	
898529	0	0	0	0	0	0	0	0	0	75	0	0	
899279	0	0	0	0	0	0	0	0	0	81	0	0	
900030	0	0	0	0	0	0	0	0	0	73	0	0	
900781	0	0	0	0	0	0	0	0	0	83	0	0	
901531	0	0	0	0	0	0	0	0	0	79	0	0	
902283	0	0	0	0	0	0	0	0	0	87	0	0	
903032	0	0	0	0	0	0	0	0	0	75	0	0	
903780	0	0	0	0	0	0	0	0	0	87	0	0	
904532	0	0	0	0	0	0	0	0	0	85	0	0	
905280	0	0	0	0	0	0	0	0	0	81	0	0	
906025	0	0	0	0	0	0	0	0	0	77	0	0	
906775	0	0	0	0	0	0	0	0	0	81	0	0	
907527	0	0	0	0	0	0	0	0	0	73	0	0	
908280	0	0	0	0	0	0	0	0	0	73	0	0	
909026	0	0	0	0	0	0	0	0	0	73	0	0	
909774	0	0	0	0	0	0	0	0	0	77	0	0	
910524	0	0	0	0	0	0	0	0	0	79	0	0	
911275	0	0	0	0	0	0	0	0	0	87	0	0	
912023	0	0	0	0	0	0	0	0	0	89	0	0	
912773	0	0	0	0	0	0	0	0	0	65	0	0	
913521	0	0	0	0	0	0	0	0	0	79	0	0	
914268	0	0	0	0	0	0	0	0	0	79	0	0	
915018	0	0	0	0	0	0	0	0	0	63	0	0	
915768	0	0	0	0	0	0	0	0	0	63	0	0	
916518	0	0	0	0	0	0	0	0	0	71	0	0	
917267	0	0	0	0	0	0	0	0	0	71	0	0	
918018	0	0	0	0	0	0	0	0	0	73	0	0	
918767	0	0	0	0	0	0	0	0	0	79	0	0	
919513	0	0	0	0	0	0	0	0	0	75	0	0	
920263	0	0	0	0	0	0	0	0	0	75	0	0	
921013	0	0	0	0	0	0	0	0	0	81	0	0	
921766	0	0	0	0	0	0	0	0	0	71	0	0	
922513	0	0	0	0	0	0	0	0	93	0	0	0	
923263	0	0	0	0	0	0	0	0	99	0	0	0	
924015	0	0	0	0	0	0	0	0	93	0	0	0	
924764	0	0	0	0	0	0	0	0	99	0	0	0	
925518	0	0	0	0	0	0	0	0	89	0	0	0	
926269	0	0	0	0	0	0	0	0	101	0	0	0	
927020	0	0	0	0	0	0	0	0	101	0	0	0	
927771	0	0	0	0	0	0	0	0	95	0	0	0	
928521	0	0	0	0	0	0	0	0	83	0	0	0	
929272	0	0	0	0	0	0	0	0	83	0	0	0	
930021	0	0	0	0	0	0	0	0	101	0	0	0	
930772	0	0	0	0	0	0	0	0	109	0	0	0	
931519	0	0	0	0	0	0	0	0	97	0	0	0	
932270	0	0	0	0	0	0	0	0	83	0	0	0	
933021	0	0	0	0	0	0	0	0	103	0	0	0	
933770	0	0	0	0	0	0	0	0	101	0	0	0	
934522	0	0	0	0	0	0	0	0	93	0	0	0	
935269	0	0	0	0	0	0	0	0	97	0	0	0	
936020	0	0	0	0	0	0	0	0	95	0	0	0	
936775	0	0	0	0	0	0	0	0	79	0	0	0	
937529	0	0	0	0	0	0	0	0	107	0	0	0	
938276	0	0	0	0	0	0	0	0	95	0	0	0	
939027	0	0	0	0	0	0	0	0	103	0	0	0	
939776	0	0	0	0	0	0	0	9	90	0	0	0	
940525	0	0	0	0	0	0	0	0	95	0	0	0	
941272	0	0	0	0	0	0	0	0	89	0	0	0	
942023	0	0	0	0	0	0	0	0	99	0	0	0	
942773	0	0	0	0	0	0	0	0	109	0	0	0	
943526	0	0	0	0	0	0	0	0	89	0	0	0	
944277	0	0	0	0	0	0	0	0	101	0	0	0	
945028	0	0	0	0	0	0	0	0	109	0	0	0	
945777	0	0	0	0	0	0	0	0	0	67	0	0	
946527	0	0	0	0	0	0	0	0	0	67	0	0	
947271	0	0	0	0	0	0	0	0	0	81	0	0	
948023	0	0	0	0	0	0	0	0	12	69	0	0	
948769	0	0	0	0	0	0	0	0	0	57	0	0	
949521	0	0	0	0	0	0	0	0	0	87	0	0	
950271	0	0	0	0	0	0	0	0	0	75	0	0	
951019	0	0	0	0	0	0	0	0	0	63	0	0	
951774	0	0	0	0	0	0	0	0	0	91	0	0	
952526	0	0	0	0	0	0	0	0	0	85	0	0	
953275	0	0	0	0	0	0	0	0	0	79	0	0	
954028	0	0	0	0	0	0	0	0	0	61	0	0	
954777	0	0	0	0	0	0	0	0	0	83	0	0	
955530	0	0	0	0	0	0	0	0	0	61	0	0	
956279	0	0	0	0	0	0	0	0	0	75	0	0	
957026	0	0	0	0	0	0	0	0	0	73	0	0	
957773	0	0	0	0	0	0	0	0	0	77	0	0	
958523	0	0	0	0	0	0	0	0	0	85	0	0	
959270	0	0	0	0	0	0	0	0	0	65	0	0	
960017	0	0	0	0	0	0	0	0	0	79	0	0	
960769	0	0	0	0	0	0	0	0	0	67	0	0	
961520	0	0	0	0	0	0	0	0	0	61	0	0	
962270	0	0	0	0	0	0	0	0	0	79	0	0	
963025	0	0	0	0	0	0	0	0	0	79	0	0	
963775	0	0	0	0	0	0	0	0	0	67	0	0	
964530	0	0	0	0	0	0	0	0	0	67	0	0	
965279	0	0	0	0	0	0	0	0	0	75	0	0	
966029	0	0	0	0	0	0	0	0	0	83	0	0	
966780	0	0	0	0	0	0	0	0	103	0	0	0	
967530	0	0	0	0	0	0	0	0	97	0	0	0	
968282	0	0	0	0	0	0	0	0	105	0	0	0	
969033	0	0	0	0	0	0	0	0	89	0	0	0	
969781	0	0	0	0	0	0	0	0	36	41	0	0	
970529	0	0	0	0	0	0	0	0	97	0	0	0	
971277	0	0	0	0	0	0	0	0	105	0	0	0	
972026	0	0	0	0	0	0	0	0	109	0	0	0	
972775	0	0	0	0	0	0	0	0	85	0	0	0	
973526	0	0	0	0	0	0	0	0	103	0	0	0	
974277	0	0	0	0	0	0	0	0	101	0	0	0	
975027	0	0	0	0	0	0	0	0	101	0	0	0	
975778	0	0	0	0	0	0	0	0	111	0	0	0	
976525	0	0	0	0	0	0	0	0	97	0	0	0	
977272	0	0	0	0	0	0	0	0	0	77	0	0	
978021	0	0	0	0	0	0	0	0	0	93	0	0	
978772	0	0	0	0	0	0	0	0	0	69	0	0	
979523	0	0	0	0	0	0	0	0	50	41	0	0	
980270	0	0	0	0	0	0	0	0	0	79	0	0	
981017	0	0	0	0	0	0	0	0	0	63	0	0	
981766	0	0	0	0	0	0	0	0	119	0	0	0	
982519	0	0	0	0	0	0	0	0	115	0	0	0	
983269	0	0	0	0	0	0	0	0	87	0	0	0	
984020	0	0	0	0	0	0	0	0	91	0	0	0	
984772	0	0	0	0	0	0	0	0	91	0	0	0	
985522	0	0	0	0	0	0	0	0	103	0	0	0	
986276	0	0	0	0	0	0	0	0	103	0	0	0	
987024	0	0	0	0	0	0	0	0	101	0	0	0	
987771	0	0	0	0	0	0	0	0	83	0	0	0	
988520	0	0	0	0	0	0	0	0	0	83	0	0	
989268	0	0	0	0	0	0	0	0	0	81	0	0	
990022	0	0	0	0	0	0	0	0	0	87	0	0	
990772	0	0	0	0	0	0	0	0	0	61	0	0	
991523	0	0	0	0	0	0	0	0	0	77	0	0	
992273	0	0	0	0	0	0	0	0	0	85	0	0	
993026	0	0	0	0	0	0	0	0	0	81	0	0	
993775	0	0	0	0	0	0	0	0	0	79	0	0	
994524	0	0	0	0	0	0	0	0	89	2	0	0	
995275	0	0	0	0	0	0	0	0	83	0	0	0	
996023	0	0	0	0	0	0	0	0	99	0	0	0	
996770	0	0	0	0	0	0	0	0	99	0	0	0	
997519	0	0	0	0	0	0	0	117	2	0	0	0	
998269	0	0	0	0	0	0	0	113	0	0	0	0	
999021	0	0	0	0	0	0	0	101	0	0	0	0	
999772	0	0	0	0	0	0	0	127	0	0	0	0	
1.00052e+06	0	0	0	0	0	0	0	97	0	0	0	0	
1.00127e+06	0	0	0	0	0	0	0	119	0	0	0	0	
1.00202e+06	0	0	0	0	0	0	0	111	0	0	0	0	
1.00277e+06	0	0	0	0	0	0	5	114	0	0	0	0	
1.00352e+06	0	0	0	0	0	0	0	123	0	0	0	0	
1.00428e+06	0	0	0	0	0	0	0	111	0	0	0	0	
1.00503e+06	0	0	0	0	0	0	0	117	0	0	0	0	
1.00578e+06	0	0	0	0	0	0	0	119	0	0	0	0	
1.00653e+06	0	0	0	0	0	0	0	107	0	0	0	0	
1.00728e+06	0	0	0	0	0	0	0	111	0	0	0	0	
1.00803e+06	0	0	0	0	0	0	0	113	0	0	0	0	
1.00878e+06	0	0	0	0	0	0	0	123	0	0	0	0	
1.00953e+06	0	0	0	0	0	0	0	111	0	0	0	0	
1.01028e+06	0	0	0	0	0	0	0	113	0	0	0	0	
1.01103e+06	0	0	0	0	0	0	0	127	0	0	0	0	
1.01178e+06	0	0	0	0	0	0	0	105	0	0	0	0	
1.01253e+06	0	0	0	0	0	0	0	123	0	0	0	0	
1.01328e+06	0	0	0	0	0	0	0	127	0	0	0	0	
1.01403e+06	0	0	0	0	0	0	0	119	0	0	0	0	
1.01478e+06	0	0	0	0	0	0	0	113	0	0	0	0	
1.01553e+06	0	0	0	0	0	0	151	0	0	0	0	0	
1.01628e+06	0	0	0	0	0	0	139	0	0	0	0	0	
1.01703e+06	0	0	0	0	0	0	131	0	0	0	0	0	
1.01777e+06	0	0	0	0	0	0	125	0	0	0	0	0	
1.01853e+06	0	0	0	0	0	0	125	0	0	0	0	0	
1.01928e+06	0	0	0	0	0	0	143	0	0	0	0	0	
1.02003e+06	0	0	0	0	0	0	135	0	0	0	0	0	
1.02078e+06	0	0	0	0	0	0	123	0	0	0	0	0	
1.02153e+06	0	0	0	0	0	0	123	0	0	0	0	0	
1.02228e+06	0	0	0	0	0	0	167	0	0	0	0	0	
1.02303e+06	0	0	0	0	0	0	119	0	0	0	0	0	
1.02378e+06	0	0	0	0	0	0	155	0	0	0	0	0	
1.02453e+06	0	0	0	0	0	0	133	0	0	0	0	0	
1.02528e+06	0	0	0	0	0	0	139	0	0	0	0	0	
1.02603e+06	0	0	0	0	0	0	145	0	0	0	0	0	
1.02678e+06	0	0	0	0	0	0	149	0	0	0	0	0	
1.02753e+06	0	0	0	0	0	0	141	0	0	0	0	0	
1.02828e+06	0	0	0	0	0	0	157	0	0	0	0	0	
1.02903e+06	0	0	0	0	0	0	169	0	0	0	0	0	
1.02979e+06	0	0	0	0	0	0	153	0	0	0	0	0	
1.03054e+06	0	0	0	0	0	0	135	0	0	0	0	0	
1.03128e+06	0	0	0	0	0	0	135	0	0	0	0	0	
1.03203e+06	0	0	0	0	0	0	153	0	0	0	0	0	
1.03278e+06	0	0	0	0	0	0	155	0	0	0	0	0	
1.03353e+06	0	0	0	0	0	0	147	0	0	0	0	0	
1.03428e+06	0	0	0	0	0	0	145	0	0	0	0	0	
1.03503e+06	0	0	0	0	0	0	159	0	0	0	0	0	
1.03578e+06	0	0	0	0	0	0	125	0	0	0	0	0	
1.03653e+06	0	0	0	0	0	13	142	0	0	0	0	0	
1.03727e+06	0	0	0	0	0	0	123	0	0	0	0	0	
1.03802e+06	0	0	0	0	0	0	133	0	0	0	0	0	
1.03877e+06	0	0	0	0	0	0	141	0	0	0	0	0	
1.03952e+06	0	0	0	0	0	0	133	0	0	0	0	0	
1.04028e+06	0	0	0	0	0	0	109	0	0	0	0	0	
1.04103e+06	0	0	0	0	0	0	113	0	0	0	0	0	
1.04178e+06	0	0	0	0	0	0	131	0	0	0	0	0	
1.04253e+06	0	0	0	0	0	0	153	0	0	0	0	0	
1.04328e+06	0	0	0	0	0	0	141	0	0	0	0	0	
1.04403e+06	0	0	0	0	0	0	139	0	0	0	0	0	
1.04479e+06	0	0	0	0	0	0	141	0	0	0	0	0	
1.04554e+06	0	0	0	0	0	0	145	0	0	0	0	0	
1.04629e+06	0	0	0	0	0	0	137	0	0	0	0	0	
1.04703e+06	0	0	0	0	0	0	139	0	0	0	0	0	
1.04778e+06	0	0	0	0	0	0	155	0	0	0	0	0	
1.04854e+06	0	0	0	0	0	0	133	0	0	0	0	0	
1.04929e+06	0	0	0	0	0	0	117	0	0	0	0	0	
1.05004e+06	0	0	0	0	0	0	165	0	0	0	0	0	
1.05079e+06	0	0	0	0	0	0	145	0	0	0	0	0	
1.05154e+06	0	0	0	0	0	0	137	0	0	0	0	0	
1.05228e+06	0	0	0	0	0	0	149	0	0	0	0	0	
1.05303e+06	0	0	0	0	0	0	171	0	0	0	0	0	
1.05379e+06	0	0	0	0	0	0	139	0	0	0	0	0	
1.05454e+06	0	0	0	0	0	0	129	0	0	0	0	0	
1.05529e+06	0	0	0	0	0	0	165	0	0	0	0	0	
1.05604e+06	0	0	0	0	0	0	139	0	0	0	0	0	
1.05679e+06	0	0	0	0	0	0	139	0	0	0	0	0	
1.05754e+06	0	0	0	0	0	0	23	80	0	0	0	0	
1.05829e+06	0	0	0	0	0	0	0	121	0	0	0	0	
1.05904e+06	0	0	0	0	0	0	0	119	0	0	0	0	
1.05979e+06	0	0	0	0	0	0	0	111	0	0	0	0	
1.06054e+06	0	0	0	0	0	0	0	117	0	0	0	0	
1.06129e+06	0	0	0	0	0	0	0	121	0	0	0	0	
1.06204e+06	0	0	0	0	0	0	0	123	0	0	0	0	
1.06279e+06	0	0	0	0	0	0	0	127	0	0	0	0	
1.06354e+06	0	0	0	0	0	0	1	118	0	0	0	0	
1.06429e+06	0	0	0	0	0	0	0	135	0	0	0	0	
1.06504e+06	0	0	0	0	0	0	0	147	0	0	0	0	
1.06579e+06	0	0	0	0	0	0	0	115	0	0	0	0	
1.06654e+06	0	0	0	0	0	0	0	107	0	0	0	0	
1.06729e+06	0	0	0	0	0	0	0	105	0	0	0	0	
1.06804e+06	0	0	0	0	0	0	0	103	0	0	0	0	
1.06879e+06	0	0	0	0	0	0	0	119	0	0	0	0	
1.06954e+06	0	0	0	0	0	0	0	121	0	0	0	0	
1.07029e+06	0	0	0	0	0	0	0	111	0	0	0	0	
1.07104e+06	0	0	0	0	0	0	0	0	103	0	0	0	
1.07178e+06	0	0	0	0	0	0	0	0	101	0	0	0	
1.07253e+06	0	0	0	0	0	0	0	0	85	0	0	0	
1.07328e+06	0	0	0	0	0	0	0	0	87	0	0	0	
1.07403e+06	0	0	0	0	0	0	0	41	60	0	0	0	
1.07477e+06	0	0	0	0	0	0	0	0	83	0	0	0	
1.07553e+06	0	0	0	0	0	0	0	0	73	0	0	0	
1.07628e+06	0	0	0	0	0	0	0	0	101	0	0	0	
1.07703e+06	0	0	0	0	0	0	0	0	89	0	0	0	
1.07778e+06	0	0	0	0	0	0	0	0	85	0	0	0	
1.07853e+06	0	0	0	0	0	0	0	0	73	0	0	0	
1.07928e+06	0	0	0	0	0	0	0	0	81	0	0	0	
1.08003e+06	0	0	0	0	0	0	0	0	99	0	0	0	
1.08077e+06	0	0	0	0	0	0	0	0	85	0	0	0	
1.08153e+06	0	0	0	0	0	0	0	0	97	0	0	0	
1.08228e+06	0	0	0	0	0	0	0	0	87	0	0	0	
1.08303e+06	0	0	0	0	0	0	0	0	101	0	0	0	
1.08378e+06	0	0	0	0	0	0	0	0	77	0	0	0	
1.08452e+06	0	0	0	0	0	0	0	0	81	0	0	0	
1.08527e+06	0	0	0	0	0	0	0	0	91	0	0	0	
1.08602e+06	0	0	0	0	0	0	0	0	105	0	0	0	
1.08677e+06	0	0	0	0	0	0	0	0	81	0	0	0	
1.08752e+06	0	0	0	0	0	0	0	111	0	0	0	0	
1.08828e+06	0	0	0	0	0	0	0	115	0	0	0	0	
1.08902e+06	0	0	0	0	0	0	0	111	0	0	0	0	
1.08977e+06	0	0	0	0	0	0	0	123	0	0	0	0	
1.09052e+06	0	0	0	0	0	0	0	99	0	0	0	0	
1.09127e+06	0	0	0	0	0	0	0	127	0	0	0	0	
1.09202e+06	0	0	0	0	0	0	0	123	0	0	0	0	
1.09277e+06	0	0	0	0	0	0	0	123	0	0	0	0	
1.09352e+06	0	0	0	0	0	0	0	115	0	0	0	0	
1.09427e+06	0	0	0	0	0	0	0	149	0	0	0	0	
1.09502e+06	0	0	0	0	0	0	0	113	0	0	0	0	
1.09577e+06	0	0	0	0	0	0	0	117	0	0	0	0	
1.09652e+06	0	0	0	0	0	0	0	155	0	0	0	0	
1.09727e+06	0	0	0	0	0	0	0	115	0	0	0	0	
1.09802e+06	0	0	0	0	0	0	0	121	0	0	0	0	
1.09877e+06	0	0	0	0	0	0	0	117	0	0	0	0	
1.09952e+06	0	0	0	0	0	0	0	125	0	0	0	0	
1.10027e+06	0	0	0	0	0	0	0	137	0	0	0	0	
1.10102e+06	0	0	0	0	0	0	0	117	0	0	0	0	
1.10177e+06	0	0	0	0	0	0	0	103	0	0	0	0	
1.10252e+06	0	0	0	0	0	0	0	117	0	0	0	0	
1.10327e+06	0	0	0	0	0	0	0	107	0	0	0	0	
1.10402e+06	0	0	0	0	0	0	0	101	0	0	0	0	
1.10477e+06	0	0	0	0	0	0	0	0	95	0	0	0	
1.10552e+06	0	0	0	0	0	0	0	0	73	0	0	0	
1.10627e+06	0	0	0	0	0	0	0	0	87	0	0	0	
1.10702e+06	0	0	0	0	0	0	0	0	83	0	0	0	
1.10777e+06	0	0	0	0	0	0	0	0	99	0	0	0	
1.10852e+06	0	0	0	0	0	0	0	0	109	0	0	0	
1.10927e+06	0	0	0	0	0	0	0	0	99	0	0	0	
1.11002e+06	0	0	0	0	0	0	0	0	91	0	0	0	
1.11077e+06	0	0	0	0	0	0	0	0	103	0	0	0	
1.11152e+06	0	0	0	0	0	0	0	0	93	0	0	0	
1.11227e+06	0	0	0	0	0	0	0	0	89	0	0	0	
1.11302e+06	0	0	0	0	0	0	0	0	105	0	0	0	
1.11377e+06	0	0	0	0	0	0	0	0	117	0	0	0	
1.11452e+06	0	0	0	0	0	0	0	0	103	0	0	0	
1.11527e+06	0	0	0	0	0	0	0	0	81	0	0	0	
1.11602e+06	0	0	0	0	0	0	0	0	105	0	0	0	
1.11678e+06	0	0	0	0	0	0	0	0	95	0	0	0	
1.11753e+06	0	0	0	0	0	0	0	115	0	0	0	0	
1.11828e+06	0	0	0	0	0	0	0	117	0	0	0	0	
1.11903e+06	0	0	0	0	0	0	0	121	0	0	0	0	
1.11978e+06	0	0	0	0	0	0	0	107	0	0	0	0	
1.12053e+06	0	0	0	0	0	0	0	115	0	0	0	0	
1.12128e+06	0	0	0	0	0	0	0	105	0	0	0	0	
1.12203e+06	0	0	0	0	0	0	0	119	0	0	0	0	
1.12278e+06	0	0	0	0	0	0	0	121	0	0	0	0	
1.12353e+06	0	0	0	0	0	0	0	107	0	0	0	0	
1.12428e+06	0	0	0	0	0	0	0	115	0	0	0	0	
1.12503e+06	0	0	0	0	0	0	0	125	0	0	0	0	
1.12578e+06	0	0	0	0	0	0	0	115	0	0	0	0	
1.12652e+06	0	0	0	0	0	0	0	127	0	0	0	0	
1.12727e+06	0	0	0	0	0	0	0	97	0	0	0	0	
1.12802e+06	0	0	0	0	0	0	0	119	0	0	0	0	
1.12877e+06	0	0	0	0	0	0	0	119	0	0	0	0	
1.12952e+06	0	0	0	0	0	0	0	119	0	0	0	0	
1.13028e+06	0	0	0	0	0	0	0	119	0	0	0	0	
1.13103e+06	0	0	0	0	0	0	25	102	0	0	0	0	
1.13178e+06	0	0	0	0	0	0	0	103	0	0	0	0	
1.13253e+06	0	0	0	0	0	0	0	95	0	0	0	0	
1.13328e+06	0	0	0	0	0	0	0	97	0	0	0	0	
1.13403e+06	0	0	0	0	0	0	0	99	0	0	0	0	
1.13479e+06	0	0	0	0	0	0	0	125	0	0	0	0	
1.13554e+06	0	0	0	0	0	0	0	103	0	0	0	0	
1.13628e+06	0	0	0	0	0	0	0	125	0	0	0	0	
1.13703e+06	0	0	0	0	0	0	0	123	0	0	0	0	
1.13778e+06	0	0	0	0	0	0	0	109	0	0	0	0	
1.13853e+06	0	0	0	0	0	0	0	103	0	0	0	0	
1.13928e+06	0	0	0	0	0	0	0	123	0	0	0	0	
1.14003e+06	0	0	0	0	0	0	0	121	0	0	0	0	
1.14078e+06	0	0	0	0	0	0	0	127	0	0	0	0	
1.14153e+06	0	0	0	0	0	0	0	117	0	0	0	0	
1.14228e+06	0	0	0	0	0	0	0	105	0	0	0	0	
1.14303e+06	0	0	0	0	0	0	0	101	0	0	0	0	
1.14378e+06	0	0	0	0	0	0	0	105	0	0	0	0	
1.14453e+06	0	0	0	0	0	0	0	117	0	0	0	0	
1.14528e+06	0	0	0	0	0	0	0	115	0	0	0	0	
1.14603e+06	0	0	0	0	0	0	0	139	0	0	0	0	
1.14678e+06	0	0	0	0	0	0	0	113	0	0	0	0	
1.14753e+06	0	0	0	0	0	0	0	119	0	0	0	0	
1.14828e+06	0	0	0	0	0	0	0	121	0	0	0	0	
1.14903e+06	0	0	0	0	0	0	0	111	0	0	0	0	
1.14977e+06	0	0	0	0	0	0	0	101	0	0	0	0	
1.15052e+06	0	0	0	0	0	0	0	117	0	0	0	0	
1.15128e+06	0	0	0	0	0	0	0	119	0	0	0	0	
1.15203e+06	0	0	0	0	0	0	0	99	0	0	0	0	
1.15277e+06	0	0	0	0	0	0	0	113	0	0	0	0	
1.15352e+06	0	0	0	0	0	0	0	125	0	0	0	0	
1.15427e+06	0	0	0	0	0	0	0	107	0	0	0	0	
1.15502e+06	0	0	0	0	0	0	0	101	0	0	0	0	
1.15577e+06	0	0	0	0	0	0	0	115	0	0	0	0	
1.15652e+06	0	0	0	0	0	0	0	119	0	0	0	0	
1.15727e+06	0	0	0	0	0	0	0	113	0	0	0	0	
1.15802e+06	0	0	0	0	0	0	0	107	0	0	0	0	
1.15877e+06	0	0	0	0	0	0	0	113	0	0	0	0	
1.15952e+06	0	0	0	0	0	0	0	133	0	0	0	0	
1.16027e+06	0	0	0	0	0	0	0	105	0	0	0	0	
1.16102e+06	0	0	0	0	0	0	0	113	0	0	0	0	
1.16177e+06	0	0	0	0	0	0	0	111	0	0	0	0	
1.16252e+06	0	0	0	0	0	0	0	115	0	0	0	0	
1.16327e+06	0	0	0	0	0	0	0	111	0	0	0	0	
1.16402e+06	0	0	0	0	0	0	0	97	0	0	0	0	
1.16477e+06	0	0	0	0	0	0	0	109	0	0	0	0	
1.16552e+06	0	0	0	0	0	0	0	105	0	0	0	0	
1.16627e+06	0	0	0	0	0	0	0	109	0	0	0	0	
1.16702e+06	0	0	0	0	0	0	0	101	0	0	0	0	
1.16777e+06	0	0	0	0	0	0	0	111	0	0	0	0	
1.16852e+06	0	0	0	0	0	0	0	115	0	0	0	0	
1.16927e+06	0	0	0	0	0	0	0	109	0	0	0	0	
1.17002e+06	0	0	0	0	0	0	0	123	0	0	0	0	
1.17077e+06	0	0	0	0	0	0	0	121	0	0	0	0	
1.17152e+06	0	0	0	0	0	0	0	97	0	0	0	0	
1.17227e+06	0	0	0	0	0	0	0	105	0	0	0	0	
1.17302e+06	0	0	0	0	0	0	0	117	0	0	0	0	
1.17377e+06	0	0	0	0	0	0	0	125	0	0	0	0	
1.17452e+06	0	0	0	0	0	0	0	123	0	0	0	0	
1.17527e+06	0	0	0	0	0	0	0	113	0	0	0	0	
1.17602e+06	0	0	0	0	0	0	0	123	0	0	0	0	
1.17677e+06	0	0	0	0	0	0	0	0	95	0	0	0	
1.17752e+06	0	0	0	0	0	0	0	1	102	0	0	0	
1.17827e+06	0	0	0	0	0	0	0	0	93	0	0	0	
1.17902e+06	0	0	0	0	0	0	0	0	93	0	0	0	
1.17977e+06	0	0	0	0	0	0	0	115	0	0	0	0	
1.18052e+06	0	0	0	0	0	0	0	125	0	0	0	0	
1.18127e+06	0	0	0	0	0	0	0	95	0	0	0	0	
1.18202e+06	0	0	0	0	0	0	139	0	0	0	0	0	
1.18277e+06	0	0	0	0	0	0	189	0	0	0	0	0	
1.18352e+06	0	0	0	0	0	0	159	0	0	0	0	0	
1.18427e+06	0	0	0	0	0	0	145	0	0	0	0	0	
1.18502e+06	0	0	0	0	0	0	139	0	0	0	0	0	
1.18577e+06	0	0	0	0	0	0	78	45	0	0	0	0	
1.18652e+06	0	0	0	0	0	3	160	0	0	0	0	0	
1.18726e+06	0	0	0	0	0	0	163	0	0	0	0	0	
1.18801e+06	0	0	0	0	0	0	141	0	0	0	0	0	
1.18877e+06	0	0	0	0	0	0	157	0	0	0	0	0	
1.18952e+06	0	0	0	0	0	0	137	0	0	0	0	0	
1.19027e+06	0	0	0	0	0	0	157	0	0	0	0	0	
1.19101e+06	0	0	0	0	0	0	133	0	0	0	0	0	
1.19176e+06	0	0	0	0	0	0	139	0	0	0	0	0	
1.19251e+06	0	0	0	0	0	0	157	0	0	0	0	0	
1.19326e+06	0	0	0	0	0	0	149	0	0	0	0	0	
1.194e+06	0	0	0	0	0	0	153	0	0	0	0	0	
1.19475e+06	0	0	0	0	0	0	149	0	0	0	0	0	
1.1955e+06	0	0	0	0	0	0	151	0	0	0	0	0	
1.19625e+06	0	0	0	0	0	0	157	0	0	0	0	0	
1.197e+06	0	0	0	0	0	0	167	0	0	0	0	0	
1.19775e+06	0	0	0	0	0	0	127	0	0	0	0	0	
1.1985e+06	0	0	0	0	0	0	143	0	0	0	0	0	
1.19925e+06	0	0	0	0	0	1	128	0	0	0	0	0	
1.2e+06	0	0	0	0	0	0	143	0	0	0	0	0	
1.20075e+06	0	0	0	0	0	0	141	0	0	0	0	0	
1.2015e+06	0	0	0	0	0	0	135	0	0	0	0	0	
1.20225e+06	0	0	0	0	0	0	151	0	0	0	0	0	
1.203e+06	0	0	0	0	0	0	143	0	0	0	0	0	
1.20375e+06	0	0	0	0	0	0	115	0	0	0	0	0	
1.2045e+06	0	0	0	0	0	0	131	0	0	0	0	0	
1.20525e+06	0	0	0	0	0	0	145	0	0	0	0	0	
1.206e+06	0	0	0	0	0	0	127	0	0	0	0	0	
1.20675e+06	0	0	0	0	0	0	127	0	0	0	0	0	
1.2075e+06	0	0	0	0	0	0	147	0	0	0	0	0	
1.20825e+06	0	0	0	0	0	0	139	0	0	0	0	0	
1.209e+06	0	0	0	0	0	0	143	0	0	0	0	0	
1.20975e+06	0	0	0	0	0	0	159	0	0	0	0	0	
1.2105e+06	0	0	0	0	0	0	145	0	0	0	0	0	
1.21125e+06	0	0	0	0	0	0	145	0	0	0	0	0	
1.212e+06	0	0	0	0	0	0	145	0	0	0	0	0	
1.21275e+06	0	0	0	0	0	0	155	0	0	0	0	0	
1.2135e+06	0	0	0	0	0	0	143	0	0	0	0	0	
1.21425e+06	0	0	0	0	0	0	135	0	0	0	0	0	
1.215e+06	0	0	0	0	0	0	159	0	0	0	0	0	
1.21575e+06	0	0	0	0	0	0	155	0	0	0	0	0	
1.21649e+06	0	0	0	0	0	0	127	0	0	0	0	0	
1.21724e+06	0	0	0	0	0	0	127	0	0	0	0	0	
1.21799e+06	0	0	0	0	0	0	125	0	0	0	0	0	
1.21874e+06	0	0	0	0	0	0	157	0	0	0	0	0	
1.21949e+06	0	0	0	0	0	0	155	0	0	0	0	0	
1.22024e+06	0	0	0	0	0	0	157	0	0	0	0	0	
1.221e+06	0	0	0	0	0	0	131	0	0	0	0	0	
1.22175e+06	0	0	0	0	0	0	159	0	0	0	0	0	
1.22249e+06	0	0	0	0	0	0	131	0	0	0	0	0	
1.22324e+06	0	0	0	0	0	0	145	0	0	0	0	0	
1.22399e+06	0	0	0	0	0	0	149	0	0	0	0	0	
1.22474e+06	0	0	0	0	0	0	139	0	0	0	0	0	
1.22548e+06	0	0	0	0	0	0	143	0	0	0	0	0	
1.22623e+06	0	0	0	0	0	0	155	0	0	0	0	0	
1.22698e+06	0	0	0	0	0	0	151	0	0	0	0	0	
1.22773e+06	0	0	0	0	0	0	141	0	0	0	0	0	
1.22848e+06	0	0	0	0	0	0	131	0	0	0	0	0	
1.22923e+06	0	0	0	0	0	0	137	0	0	0	0	0	
1.22998e+06	0	0	0	0	0	0	136	13	0	0	0	0	
1.23073e+06	0	0	0	0	0	0	0	107	0	0	0	0	
1.23148e+06	0	0	0	0	0	0	0	127	0	0	0	0	
1.23223e+06	0	0	0	0	0	0	0	119	0	0	0	0	
1.23299e+06	0	0	0	0	0	0	0	111	0	0	0	0	
1.23373e+06	0	0	0	0	0	0	0	97	0	0	0	0	
1.23448e+06	0	0	0	0	0	0	0	109	0	0	0	0	
1.23523e+06	0	0	0	0	0	0	0	111	0	0	0	0	
1.23598e+06	0	0	0	0	0	0	0	14	83	0	0	0	
1.23673e+06	0	0	0	0	0	0	0	0	97	0	0	0	
1.23748e+06	0	0	0	0	0	0	0	0	99	0	0	0	
1.23823e+06	0	0	0	0	0	0	0	0	101	0	0	0	
1.23898e+06	0	0	0	0	0	0	0	0	85	0	0	0	
1.23973e+06	0	0	0	0	0	0	0	0	77	0	0	0	
1.24049e+06	0	0	0	0	0	0	0	0	85	0	0	0	
1.24124e+06	0	0	0	0	0	0	0	0	97	0	0	0	
1.24199e+06	0	0	0	0	0	0	0	0	107	0	0	0	
1.24273e+06	0	0	0	0	0	0	0	0	100	1	0	0	
1.24348e+06	0	0	0	0	0	0	0	0	89	0	0	0	
1.24423e+06	0	0	0	0	0	0	0	0	93	0	0	0	
1.24498e+06	0	0	0	0	0	0	0	0	87	0	0	0	
1.24573e+06	0	0	0	0	0	0	0	0	89	0	0	0	
1.24648e+06	0	0	0	0	0	0	0	0	87	0	0	0	
1.24724e+06	0	0	0	0	0	0	0	0	119	0	0	0	
1.24799e+06	0	0	0	0	0	0	0	0	91	0	0	0	
1.24874e+06	0	0	0	0	0	0	0	37	56	0	0	0	
1.24949e+06	0	0	0	0	0	0	0	117	0	0	0	0	
1.25024e+06	0	0	0	0	0	0	0	111	0	0	0	0	
1.25098e+06	0	0	0	0	0	0	0	103	0	0	0	0	
1.25173e+06	0	0	0	0	0	0	0	103	0	0	0	0	
1.25248e+06	0	0	0	0	0	0	0	113	0	0	0	0	
1.25323e+06	0	0	0	0	0	0	0	111	0	0	0	0	
1.25398e+06	0	0	0	0	0	0	0	125	0	0	0	0	
1.25473e+06	0	0	0	0	0	0	0	143	0	0	0	0	
1.25548e+06	0	0	0	0	0	0	0	113	0	0	0	0	
1.25623e+06	0	0	0	0	0	0	0	113	0	0	0	0	
1.25698e+06	0	0	0	0	0	0	0	115	0	0	0	0	
1.25773e+06	0	0	0	0	0	0	0	109	0	0	0	0	
1.25848e+06	0	0	0	0	0	0	0	127	0	0	0	0	
1.25923e+06	0	0	0	0	0	0	0	103	0	0	0	0	
1.25998e+06	0	0	0	0	0	0	4	123	0	0	0	0	
1.26073e+06	0	0	0	0	0	0	115	0	0	0	0	0	
1.26148e+06	0	0	0	0	0	0	139	0	0	0	0	0	
1.26222e+06	0	0	0	0	0	0	141	0	0	0	0	0	
1.26298e+06	0	0	0	0	0	0	161	0	0	0	0	0	
1.26373e+06	0	0	0	0	0	0	137	0	0	0	0	0	
1.26448e+06	0	0	0	0	0	0	153	0	0	0	0	0	
1.26523e+06	0	0	0	0	0	0	127	0	0	0	0	0	
1.26598e+06	0	0	0	0	0	0	121	0	0	0	0	0	
1.26672e+06	0	0	0	0	0	0	161	0	0	0	0	0	
1.26747e+06	0	0	0	0	0	0	135	0	0	0	0	0	
1.26822e+06	0	0	0	0	0	0	155	0	0	0	0	0	
1.26898e+06	0	0	0	0	0	0	155	0	0	0	0	0	
1.26973e+06	0	0	0	0	0	0	137	0	0	0	0	0	
1.27048e+06	0	0	0	0	0	0	125	0	0	0	0	0	
1.27123e+06	0	0	0	0	0	0	149	0	0	0	0	0	
1.27198e+06	0	0	0	0	0	0	135	0	0	0	0	0	
1.27273e+06	0	0	0	0	0	0	133	0	0	0	0	0	
1.27348e+06	0	0	0	0	0	0	117	0	0	0	0	0	
1.27423e+06	0	0	0	0	0	0	151	0	0	0	0	0	
1.27498e+06	0	0	0	0	0	0	165	0	0	0	0	0	
1.27573e+06	0	0	0	0	0	0	149	0	0	0	0	0	
1.27648e+06	0	0	0	0	0	0	161	0	0	0	0	0	
1.27723e+06	0	0	0	0	0	0	135	0	0	0	0	0	
1.27798e+06	0	0	0	0	0	0	139	0	0	0	0	0	
1.27873e+06	0	0	0	0	0	48	125	0	0	0	0	0	
1.27947e+06	0	0	0	0	0	0	141	0	0	0	0	0	
1.28022e+06	0	0	0	0	0	0	137	0	0	0	0	0	
1.28097e+06	0	0	0	0	0	0	147	0	0	0	0	0	
1.28172e+06	0	0	0	0	0	0	145	0	0	0	0	0	
1.28247e+06	0	0	0	0	0	0	153	0	0	0	0	0	
1.28322e+06	0	0	0	0	0	0	149	0	0	0	0	0	
1.28398e+06	0	0	0	0	0	0	131	0	0	0	0	0	
1.28473e+06	0	0	0	0	0	0	145	0	0	0	0	0	
1.28548e+06	0	0	0	0	0	0	135	0	0	0	0	0	
1.28623e+06	0	0	0	0	0	0	153	0	0	0	0	0	
1.28698e+06	0	0	0	0	0	0	139	0	0	0	0	0	
1.28773e+06	0	0	0	0	0	0	137	0	0	0	0	0	
1.28848e+06	0	0	0	0	0	0	161	0	0	0	0	0	
1.28923e+06	0	0	0	0	0	0	131	0	0	0	0	0	
1.28998e+06	0	0	0	0	0	0	145	0	0	0	0	0	
1.29073e+06	0	0	0	0	0	0	141	0	0	0	0	0	
1.29149e+06	0	0	0	0	0	20	123	0	0	0	0	0	
1.29224e+06	0	0	0	0	0	0	137	0	0	0	0	0	
1.29298e+06	0	0	0	0	0	0	129	0	0	0	0	0	
1.29374e+06	0	0	0	0	0	183	0	0	0	0	0	0	
1.29449e+06	0	0	0	0	0	171	0	0	0	0	0	0	
1.29524e+06	0	0	0	0	0	185	0	0	0	0	0	0	
1.29599e+06	0	0	0	0	0	0	161	0	0	0	0	0	
1.29674e+06	0	0	0	0	0	185	0	0	0	0	0	0	
1.29749e+06	0	0	0	0	0	167	0	0	0	0	0	0	
1.29824e+06	0	0	0	0	0	175	0	0	0	0	0	0	
1.29899e+06	0	0	0	0	0	171	0	0	0	0	0	0	
1.29974e+06	0	0	0	0	0	163	0	0	0	0	0	0	
1.30049e+06	0	0	0	0	0	199	0	0	0	0	0	0	
1.30124e+06	0	0	0	0	0	167	0	0	0	0	0	0	
1.30199e+06	0	0	0	0	0	183	0	0	0	0	0	0	
1.30274e+06	0	0	0	0	0	169	0	0	0	0	0	0	
1.30349e+06	0	0	0	0	0	171	0	0	0	0	0	0	
1.30424e+06	0	0	0	0	0	185	0	0	0	0	0	0	
1.30499e+06	0	0	0	0	0	193	0	0	0	0	0	0	
1.30574e+06	0	0	0	0	0	153	0	0	0	0	0	0	
1.30649e+06	0	0	0	0	0	171	0	0	0	0	0	0	
1.30724e+06	0	0	0	0	0	159	0	0	0	0	0	0	
1.30799e+06	0	0	0	0	0	183	0	0	0	0	0	0	
1.30874e+06	0	0	0	0	0	179	0	0	0	0	0	0	
1.3095e+06	0	0	0	0	0	161	0	0	0	0	0	0	
1.31024e+06	0	0	0	0	0	169	0	0	0	0	0	0	
1.311e+06	0	0	0	0	0	177	0	0	0	0	0	0	
1.31174e+06	0	0	0	0	0	171	0	0	0	0	0	0	
1.31249e+06	0	0	0	0	0	187	0	0	0	0	0	0	
1.31325e+06	0	0	0	0	0	7	120	0	0	0	0	0	
1.31399e+06	0	0	0	0	0	0	141	0	0	0	0	0	
1.31474e+06	0	0	0	0	0	0	153	0	0	0	0	0	
1.31549e+06	0	0	0	0	0	0	155	0	0	0	0	0	
1.31624e+06	0	0	0	0	0	0	153	0	0	0	0	0	
1.31699e+06	0	0	0	0	0	177	0	0	0	0	0	0	
1.31774e+06	0	0	0	0	0	185	0	0	0	0	0	0	
1.31849e+06	0	0	0	0	0	173	0	0	0	0	0	0	
1.31925e+06	0	0	0	0	0	169	0	0	0	0	0	0	
1.31999e+06	0	0	0	0	0	171	0	0	0	0	0	0	
1.32075e+06	0	0	0	0	0	171	0	0	0	0	0	0	
1.3215e+06	0	0	0	0	0	175	0	0	0	0	0	0	
1.32225e+06	0	0	0	0	0	179	0	0	0	0	0	0	
1.323e+06	0	0	0	0	0	187	0	0	0	0	0	0	
1.32375e+06	0	0	0	0	0	195	0	0	0	0	0	0	
1.3245e+06	0	0	0	0	0	163	0	0	0	0	0	0	
1.32525e+06	0	0	0	0	0	159	0	0	0	0	0	0	
1.326e+06	0	0	0	0	0	174	1	0	0	0	0	0	
1.32674e+06	0	0	0	0	0	183	0	0	0	0	0	0	
1.32749e+06	0	0	0	0	0	195	0	0	0	0	0	0	
1.32824e+06	0	0	0	0	9	166	0	0	0	0	0	0	
1.32899e+06	0	0	0	0	0	183	0	0	0	0	0	0	
1.32974e+06	0	0	0	0	0	0	121	0	0	0	0	0	
1.33049e+06	0	0	0	0	0	0	145	0	0	0	0	0	
1.33124e+06	0	0	0	0	0	0	143	0	0	0	0	0	
1.332e+06	0	0	0	0	0	0	121	0	0	0	0	0	
1.33275e+06	0	0	0	0	0	0	139	0	0	0	0	0	
1.3335e+06	0	0	0	0	0	0	133	0	0	0	0	0	
1.33425e+06	0	0	0	0	0	0	145	0	0	0	0	0	
1.335e+06	0	0	0	0	0	0	151	0	0	0	0	0	
1.33575e+06	0	0	0	0	0	3	140	0	0	0	0	0	
1.3365e+06	0	0	0	0	0	0	135	0	0	0	0	0	
1.33725e+06	0	0	0	0	0	0	127	0	0	0	0	0	
1.338e+06	0	0	0	0	0	0	137	0	0	0	0	0	
1.33876e+06	0	0	0	0	0	0	125	0	0	0	0	0	
1.3395e+06	0	0	0	0	0	0	137	0	0	0	0	0	
1.34026e+06	0	0	0	0	0	0	169	0	0	0	0	0	
1.34101e+06	0	0	0	0	0	0	139	0	0	0	0	0	
1.34176e+06	0	0	0	0	0	0	139	0	0	0	0	0	
1.34251e+06	0	0	0	0	0	0	137	0	0	0	0	0	
1.34326e+06	0	0	0	0	0	0	143	0	0	0	0	0	
1.34401e+06	0	0	0	0	0	0	147	0	0	0	0	0	
1.34476e+06	0	0	0	0	0	0	131	0	0	0	0	0	
1.34551e+06	0	0	0	0	0	0	155	0	0	0	0	0	
1.34626e+06	0	0	0	0	0	0	117	0	0	0	0	0	
1.34701e+06	0	0	0	0	0	0	137	0	0	0	0	0	
1.34776e+06	0	0	0	0	0	0	129	0	0	0	0	0	
1.34851e+06	0	0	0	0	0	189	0	0	0	0	0	0	
1.34925e+06	0	0	0	0	0	173	0	0	0	0	0	0	
1.35001e+06	0	0	0	0	0	179	0	0	0	0	0	0	
1.35076e+06	0	0	0	0	0	169	0	0	0	0	0	0	
1.35151e+06	0	0	0	0	0	181	0	0	0	0	0	0	
1.35226e+06	0	0	0	0	0	169	0	0	0	0	0	0	
1.35301e+06	0	0	0	0	0	173	0	0	0	0	0	0	
1.35376e+06	0	0	0	0	0	177	0	0	0	0	0	0	
1.35451e+06	0	0	0	0	0	175	0	0	0	0	0	0	
1.35526e+06	0	0	0	0	0	175	0	0	0	0	0	0	
1.35601e+06	0	0	0	0	0	181	0	0	0	0	0	0	
1.35676e+06	0	0	0	0	0	169	0	0	0	0	0	0	
1.35751e+06	0	0	0	0	0	161	0	0	0	0	0	0	
1.35826e+06	0	0	0	0	0	191	0	0	0	0	0	0	
1.35901e+06	0	0	0	0	0	159	0	0	0	0	0	0	
1.35976e+06	0	0	0	0	0	177	0	0	0	0	0	0	
1.36051e+06	0	0	0	0	0	169	0	0	0	0	0	0	
1.36126e+06	0	0	0	0	0	165	0	0	0	0	0	0	
1.36201e+06	0	0	0	0	0	175	0	0	0	0	0	0	
1.36276e+06	0	0	0	0	0	185	0	0	0	0	0	0	
1.36351e+06	0	0	0	0	0	183	0	0	0	0	0	0	
1.36426e+06	0	0	0	0	42	129	0	0	0	0	0	0	
1.36501e+06	0	0	0	0	209	0	0	0	0	0	0	0	
1.36576e+06	0	0	0	0	157	0	0	0	0	0	0	0	
1.36651e+06	0	0	0	0	211	0	0	0	0	0	0	0	
1.36725e+06	0	0	0	0	233	0	0	0	0	0	0	0	
1.368e+06	0	0	0	0	233	0	0	0	0	0	0	0	
1.36875e+06	0	0	0	0	247	0	0	0	0	0	0	0	
1.3695e+06	0	0	0	0	209	0	0	0	0	0	0	0	
1.37025e+06	0	0	0	0	205	0	0	0	0	0	0	0	
1.371e+06	0	0	0	0	241	0	0	0	0	0	0	0	
1.37175e+06	0	0	0	0	209	0	0	0	0	0	0	0	
1.3725e+06	0	0	0	0	219	0	0	0	0	0	0	0	
1.37325e+06	0	0	0	0	223	0	0	0	0	0	0	0	
1.374e+06	0	0	0	0	239	0	0	0	0	0	0	0	
1.37475e+06	0	0	0	0	223	0	0	0	0	0	0	0	
1.3755e+06	0	0	0	253	0	0	0	0	0	0	0	0	
1.37625e+06	0	0	0	259	0	0	0	0	0	0	0	0	
1.377e+06	0	0	0	255	0	0	0	0	0	0	0	0	
1.37775e+06	0	0	0	239	0	0	0	0	0	0	0	0	
1.3785e+06	0	0	0	279	0	0	0	0	0	0	0	0	
1.37925e+06	0	0	0	267	0	0	0	0	0	0	0	0	
1.38e+06	0	0	0	0	221	0	0	0	0	0	0	0	
1.38074e+06	0	0	0	0	239	0	0	0	0	0	0	0	
1.38149e+06	0	0	0	0	233	0	0	0	0	0	0	0	
1.38224e+06	0	0	0	0	203	0	0	0	0	0	0	0	
1.38299e+06	0	0	0	0	197	0	0	0	0	0	0	0	
1.38374e+06	0	0	0	0	205	0	0	0	0	0	0	0	
1.3845e+06	0	0	0	0	213	0	0	0	0	0	0	0	
1.38525e+06	0	0	0	0	215	0	0	0	0	0	0	0	
1.38599e+06	0	0	0	0	219	0	0	0	0	0	0	0	
1.38674e+06	0	0	0	0	191	0	0	0	0	0	0	0	
1.38749e+06	0	0	0	0	213	0	0	0	0	0	0	0	
1.38823e+06	0	0	0	0	211	0	0	0	0	0	0	0	
1.38898e+06	0	0	0	0	221	0	0	0	0	0	0	0	
1.38973e+06	0	0	0	0	215	0	0	0	0	0	0	0	
1.39048e+06	0	0	0	0	191	0	0	0	0	0	0	0	
1.39123e+06	0	0	0	0	211	0	0	0	0	0	0	0	
1.39198e+06	0	0	0	0	189	0	0	0	0	0	0	0	
1.39273e+06	0	0	0	0	219	0	0	0	0	0	0	0	
1.39348e+06	0	0	0	0	215	0	0	0	0	0	0	0	
1.39423e+06	0	0	0	0	219	0	0	0	0	0	0	0	
1.39498e+06	0	0	0	0	211	0	0	0	0	0	0	0	
1.39573e+06	0	0	0	0	225	0	0	0	0	0	0	0	
1.39648e+06	0	0	0	0	223	0	0	0	0	0	0	0	
1.39723e+06	0	0	0	0	209	0	0	0	0	0	0	0	
1.39798e+06	0	0	0	0	213	0	0	0	0	0	0	0	
1.39873e+06	0	0	0	0	215	0	0	0	0	0	0	0	
1.39948e+06	0	0	0	0	223	0	0	0	0	0	0	0	
1.40023e+06	0	0	0	0	237	0	0	0	0	0	0	0	
1.40098e+06	0	0	0	0	183	0	0	0	0	0	0	0	
1.40173e+06	0	0	0	0	229	0	0	0	0	0	0	0	
1.40248e+06	0	0	0	0	207	0	0	0	0	0	0	0	
1.40323e+06	0	0	0	0	233	0	0	0	0	0	0	0	
1.40398e+06	0	0	0	0	237	0	0	0	0	0	0	0	
1.40473e+06	0	0	0	0	205	0	0	0	0	0	0	0	
1.40548e+06	0	0	0	0	213	0	0	0	0	0	0	0	
1.40623e+06	0	0	0	0	237	0	0	0	0	0	0	0	
1.40698e+06	0	0	0	0	210	1	0	0	0	0	0	0	
1.40773e+06	0	0	0	0	227	0	0	0	0	0	0	0	
1.40848e+06	0	0	0	0	211	0	0	0	0	0	0	0	
1.40923e+06	0	0	0	0	223	0	0	0	0	0	0	0	
1.40998e+06	0	0	0	0	223	0	0	0	0	0	0	0	
1.41073e+06	0	0	0	0	185	0	0	0	0	0	0	0	
1.41148e+06	0	0	0	0	195	0	0	0	0	0	0	0	
1.41223e+06	0	0	0	0	187	0	0	0	0	0	0	0	
1.41298e+06	0	0	0	0	209	0	0	0	0	0	0	0	
1.41373e+06	0	0	0	0	209	0	0	0	0	0	0	0	
1.41448e+06	0	0	0	0	207	0	0	0	0	0	0	0	
1.41523e+06	0	0	0	0	209	0	0	0	0	0	0	0	
1.41598e+06	0	0	0	0	217	0	0	0	0	0	0	0	
1.41673e+06	0	0	0	0	219	0	0	0	0	0	0	0	
1.41748e+06	0	0	0	0	215	0	0	0	0	0	0	0	
1.41823e+06	0	0	0	0	221	0	0	0	0	0	0	0	
1.41898e+06	0	0	0	0	203	0	0	0	0	0	0	0	
1.41973e+06	0	0	0	0	213	0	0	0	0	0	0	0	
1.42048e+06	0	0	0	6	243	0	0	0	0	0	0	0	
1.42123e+06	0	0	0	0	197	0	0	0	0	0	0	0	
1.42198e+06	0	0	0	0	221	0	0	0	0	0	0	0	
1.42273e+06	0	0	0	0	209	0	0	0	0	0	0	0	
1.42348e+06	0	0	0	0	215	0	0	0	0	0	0	0	
1.42423e+06	0	0	0	0	191	0	0	0	0	0	0	0	
1.42498e+06	0	0	0	0	199	0	0	0	0	0	0	0	
1.42573e+06	0	0	0	0	219	0	0	0	0	0	0	0	
1.42648e+06	0	0	0	0	223	0	0	0	0	0	0	0	
1.42723e+06	0	0	0	0	203	0	0	0	0	0	0	0	
1.42798e+06	0	0	0	0	219	0	0	0	0	0	0	0	
1.42873e+06	0	0	0	0	183	0	0	0	0	0	0	0	
1.42948e+06	0	0	0	0	221	0	0	0	0	0	0	0	
1.43023e+06	0	0	0	0	213	0	0	0	0	0	0	0	
1.43098e+06	0	0	0	0	207	0	0	0	0	0	0	0	
1.43173e+06	0	0	0	0	223	0	0	0	0	0	0	0	
1.43248e+06	0	0	0	0	203	0	0	0	0	0	0	0	
1.43323e+06	0	0	0	0	203	0	0	0	0	0	0	0	
1.43398e+06	0	0	0	0	225	0	0	0	0	0	0	0	
1.43473e+06	0	0	0	0	199	0	0	0	0	0	0	0	
1.43548e+06	0	0	0	0	207	0	0	0	0	0	0	0	
1.43623e+06	0	0	0	0	243	0	0	0	0	0	0	0	
1.43698e+06	0	0	0	0	205	0	0	0	0	0	0	0	
1.43773e+06	0	0	0	0	229	0	0	0	0	0	0	0	
1.43848e+06	0	0	0	0	205	0	0	0	0	0	0	0	
1.43923e+06	0	0	0	0	203	0	0	0	0	0	0	0	
1.43998e+06	0	0	0	0	231	0	0	0	0	0	0	0	
1.44073e+06	0	0	0	0	195	0	0	0	0	0	0	0	
1.44148e+06	0	0	0	0	203	0	0	0	0	0	0	0	
1.44223e+06	0	0	0	0	217	0	0	0	0	0	0	0	
1.44298e+06	0	0	0	0	203	0	0	0	0	0	0	0	
1.44372e+06	0	0	0	0	233	0	0	0	0	0	0	0	
1.44447e+06	0	0	0	0	223	0	0	0	0	0	0	0	
1.44522e+06	0	0	0	0	225	0	0	0	0	0	0	0	
1.44598e+06	0	0	0	0	229	0	0	0	0	0	0	0	
1.44673e+06	0	0	0	0	233	0	0	0	0	0	0	0	
1.44748e+06	0	0	0	0	193	0	0	0	0	0	0	0	
1.44823e+06	0	0	0	0	225	0	0	0	0	0	0	0	
1.44898e+06	0	0	0	0	231	0	0	0	0	0	0	0	
1.44973e+06	0	0	0	263	0	0	0	0	0	0	0	0	
1.45048e+06	0	0	0	265	0	0	0	0	0	0	0	0	
1.45123e+06	0	0	0	253	0	0	0	0	0	0	0	0	
1.45198e+06	0	0	0	257	14	0	0	0	0	0	0	0	
1.45273e+06	0	0	0	267	0	0	0	0	0	0	0	0	
1.45348e+06	0	0	0	281	0	0	0	0	0	0	0	0	
1.45423e+06	0	0	0	241	0	0	0	0	0	0	0	0	
1.45498e+06	0	0	0	239	0	0	0	0	0	0	0	0	
1.45573e+06	0	0	0	251	0	0	0	0	0	0	0	0	
1.45648e+06	0	0	0	261	0	0	0	0	0	0	0	0	
1.45723e+06	0	0	0	279	0	0	0	0	0	0	0	0	
1.45797e+06	0	0	0	257	0	0	0	0	0	0	0	0	
1.45873e+06	0	0	0	287	0	0	0	0	0	0	0	0	
1.45947e+06	0	0	0	273	0	0	0	0	0	0	0	0	
1.46023e+06	0	0	0	287	0	0	0	0	0	0	0	0	
1.46098e+06	0	0	44	223	0	0	0	0	0	0	0	0	
1.46173e+06	0	0	0	277	0	0	0	0	0	0	0	0	
1.46248e+06	0	0	0	269	0	0	0	0	0	0	0	0	
1.46323e+06	0	0	0	261	0	0	0	0	0	0	0	0	
1.46398e+06	0	0	0	241	0	0	0	0	0	0	0	0	
1.46472e+06	0	0	0	0	209	0	0	0	0	0	0	0	
1.46547e+06	0	0	0	0	229	0	0	0	0	0	0	0	
1.46622e+06	0	0	0	0	181	0	0	0	0	0	0	0	
1.46697e+06	0	0	0	0	213	0	0	0	0	0	0	0	
1.46773e+06	0	0	0	0	195	0	0	0	0	0	0	0	
1.46848e+06	0	0	0	0	211	0	0	0	0	0	0	0	
1.46923e+06	0	0	0	0	213	0	0	0	0	0	0	0	
1.46998e+06	0	0	0	0	223	0	0	0	0	0	0	0	
1.47073e+06	0	0	0	0	229	0	0	0	0	0	0	0	
1.47148e+06	0	0	0	0	207	0	0	0	0	0	0	0	
1.47223e+06	0	0	0	0	205	0	0	0	0	0	0	0	
1.47298e+06	0	0	0	0	231	0	0	0	0	0	0	0	
1.47373e+06	0	0	0	0	191	0	0	0	0	0	0	0	
1.47448e+06	0	0	0	0	201	0	0	0	0	0	0	0	
1.47522e+06	0	0	0	0	243	0	0	0	0	0	0	0	
1.47598e+06	0	0	0	0	193	0	0	0	0	0	0	0	
1.47673e+06	0	0	0	0	219	0	0	0	0	0	0	0	
1.47747e+06	0	0	0	0	205	0	0	0	0	0	0	0	
1.47823e+06	0	0	0	0	193	0	0	0	0	0	0	0	
1.47898e+06	0	0	0	0	195	0	0	0	0	0	0	0	
1.47973e+06	0	0	0	0	185	0	0	0	0	0	0	0	
1.48048e+06	0	0	0	0	0	179	0	0	0	0	0	0	
1.48123e+06	0	0	0	0	0	183	0	0	0	0	0	0	
1.48198e+06	0	0	0	0	0	141	0	0	0	0	0	0	
1.48273e+06	0	0	0	0	0	187	0	0	0	0	0	0	
1.48348e+06	0	0	0	0	0	165	0	0	0	0	0	0	
1.48423e+06	0	0	0	0	229	0	0	0	0	0	0	0	
1.48497e+06	0	0	0	0	219	0	0	0	0	0	0	0	
1.48572e+06	0	0	0	0	199	0	0	0	0	0	0	0	
1.48647e+06	0	0	0	0	223	0	0	0	0	0	0	0	
1.48722e+06	0	0	0	0	219	0	0	0	0	0	0	0	
1.48797e+06	0	0	0	0	247	0	0	0	0	0	0	0	
1.48872e+06	0	0	0	0	215	0	0	0	0	0	0	0	
1.48947e+06	0	0	0	0	211	0	0	0	0	0	0	0	
1.49022e+06	0	0	0	0	217	0	0	0	0	0	0	0	
1.49096e+06	0	0	0	0	208	3	0	0	0	0	0	0	
1.49172e+06	0	0	0	0	217	0	0	0	0	0	0	0	
1.49247e+06	0	0	0	0	223	0	0	0	0	0	0	0	
1.49322e+06	0	0	0	0	225	0	0	0	0	0	0	0	
1.49396e+06	0	0	0	0	207	0	0	0	0	0	0	0	
1.49472e+06	0	0	0	0	221	0	0	0	0	0	0	0	
1.49547e+06	0	0	0	0	201	0	0	0	0	0	0	0	
1.49621e+06	0	0	0	0	199	0	0	0	0	0	0	0	
1.49697e+06	0	0	0	0	201	0	0	0	0	0	0	0	
1.49771e+06	0	0	0	0	219	0	0	0	0	0	0	0	
1.49847e+06	0	0	0	0	217	0	0	0	0	0	0	0	
1.49922e+06	0	0	0	0	235	0	0	0	0	0	0	0	
1.49997e+06	0	0	0	0	193	0	0	0	0	0	0	0	
1.49997e+06	0	0	0	0	193	0	0	0	0	0	0	0	
