Time	s0	s1	s2	s3	s4	s5	s6	s7	s8	s9	s10	s11	
0	0	0	0	0	0	0	0	0	0	0	0	200	
0.000641702	0	0	0	0	0	0	0	0	0	0	0	199	
749.662	0	0	0	0	0	0	0	0	0	0	55	0	
1498.25	0	0	0	0	0	0	0	0	0	0	51	0	
2250.55	0	0	0	0	0	0	0	0	0	0	67	0	
3002.48	0	0	0	0	0	0	0	0	0	0	59	0	
3753.8	0	0	0	0	0	0	0	0	0	0	69	0	
4506.74	0	0	0	0	0	0	0	0	0	0	57	0	
5257.82	0	0	0	0	0	0	0	0	0	0	73	0	
6007.82	0	0	0	0	0	0	0	0	0	0	53	0	
6754.93	0	0	0	0	0	0	0	0	0	0	63	0	
7506.32	0	0	0	0	0	0	0	0	0	0	53	0	
8257.1	0	0	0	0	0	0	0	0	0	0	0	41	
9006.61	0	0	0	0	0	0	0	0	0	0	0	49	
9755.08	0	0	0	0	0	0	0	0	0	0	0	45	
10505.3	0	0	0	0	0	0	0	0	0	0	0	45	
11252.4	0	0	0	0	0	0	0	0	0	0	0	51	
12002.7	0	0	0	0	0	0	0	0	0	0	0	49	
12754.8	0	0	0	0	0	0	0	0	0	0	0	41	
13503.4	0	0	0	0	0	0	0	0	0	0	0	41	
14257.5	0	0	0	0	0	0	0	0	0	0	0	53	
15005.6	0	0	0	0	0	0	0	0	0	0	0	49	
15755.6	0	0	0	0	0	0	0	0	0	0	0	45	
16505	0	0	0	0	0	0	0	0	0	0	0	51	
17256.3	0	0	0	0	0	0	0	0	0	0	0	43	
18006.9	0	0	0	0	0	0	0	0	0	0	0	61	
18754.2	0	0	0	0	0	0	0	0	0	0	0	57	
19505.1	0	0	0	0	0	0	0	0	0	0	0	57	
20252.7	0	0	0	0	0	0	0	0	0	0	0	47	
21004.8	0	0	0	0	0	0	0	0	0	0	0	67	
21756.3	0	0	0	0	0	0	0	0	0	0	65	0	
22503.8	0	0	0	0	0	0	0	0	0	0	57	0	
23255.5	0	0	0	0	0	0	0	0	0	0	69	0	
24003.9	0	0	0	0	0	0	0	0	0	0	59	0	
24754	0	0	0	0	0	0	0	0	0	0	57	0	
25505.6	0	0	0	0	0	0	0	0	0	0	71	0	
26257.3	0	0	0	0	0	0	0	0	0	0	45	0	
27007.4	0	0	0	0	0	0	0	0	0	0	67	0	
27753.7	0	0	0	0	0	0	0	0	0	52	29	0	
28502.6	0	0	0	0	0	0	0	0	0	0	63	0	
29253.3	0	0	0	0	0	0	0	0	0	0	61	0	
30003.2	0	0	0	0	0	0	0	0	0	0	61	0	
30754.3	0	0	0	0	0	0	0	0	0	0	65	0	
31504.1	0	0	0	0	0	0	0	0	0	0	53	0	
32257.9	0	0	0	0	0	0	0	0	0	0	55	0	
33008.7	0	0	0	0	0	0	0	0	0	0	63	0	
33762.6	0	0	0	0	0	0	0	0	0	0	57	0	
34512.5	0	0	0	0	0	0	0	0	0	0	61	0	
35260.1	0	0	0	0	0	0	0	0	0	0	57	0	
36010.2	0	0	0	0	0	0	0	0	0	0	61	0	
36759.6	0	0	0	0	0	0	0	0	0	0	65	0	
37510.2	0	0	0	0	0	0	0	0	0	0	57	0	
38259.3	0	0	0	0	0	0	0	0	0	0	61	0	
39007.2	0	0	0	0	0	0	0	0	0	0	67	0	
39754	0	0	0	0	0	0	0	0	0	0	85	0	
40503.5	0	0	0	0	0	0	0	0	0	0	67	0	
41253.5	0	0	0	0	0	0	0	0	0	0	55	0	
42004.1	0	0	0	0	0	0	0	0	0	0	61	0	
42755.1	0	0	0	0	0	0	0	0	0	0	59	0	
43505.6	0	0	0	0	0	0	0	0	0	0	63	0	
44256.5	0	0	0	0	0	0	0	0	0	0	65	0	
45011.5	0	0	0	0	0	0	0	0	0	73	0	0	
45759.7	0	0	0	0	0	0	0	0	0	75	0	0	
46508.1	0	0	0	0	0	0	0	0	0	73	0	0	
47262.6	0	0	0	0	0	0	0	0	0	87	0	0	
48013.6	0	0	0	0	0	0	0	0	0	79	0	0	
48761	0	0	0	0	0	0	0	0	0	71	0	0	
49513.4	0	0	0	0	0	0	0	0	0	75	0	0	
50262.6	0	0	0	0	0	0	0	0	0	91	0	0	
51013.7	0	0	0	0	0	0	0	0	0	65	0	0	
51764	0	0	0	0	0	0	0	0	0	93	0	0	
52513	0	0	0	0	0	0	0	0	0	83	0	0	
53263.7	0	0	0	0	0	0	0	0	0	75	0	0	
54012.7	0	0	0	0	0	0	0	0	0	79	0	0	
54766.4	0	0	0	0	0	0	0	0	0	83	0	0	
55515.4	0	0	0	0	0	0	0	0	0	77	0	0	
56264.2	0	0	0	0	0	0	0	0	0	77	0	0	
57011.5	0	0	0	0	0	0	0	0	0	71	0	0	
57764	0	0	0	0	0	0	0	0	0	0	53	0	
58513.6	0	0	0	0	0	0	0	0	0	0	65	0	
59260.6	0	0	0	0	0	0	0	0	0	0	57	0	
60009.4	0	0	0	0	0	0	0	0	0	0	61	0	
60759.7	0	0	0	0	0	0	0	0	0	0	71	0	
61510.9	0	0	0	0	0	0	0	0	0	0	57	0	
62258.1	0	0	0	0	0	0	0	0	0	0	65	0	
63004.9	0	0	0	0	0	0	0	0	0	0	63	0	
63755.3	0	0	0	0	0	0	0	0	0	0	0	51	
64504.8	0	0	0	0	0	0	0	0	0	0	0	53	
65259.2	0	0	0	0	0	0	0	0	0	0	0	47	
66009.5	0	0	0	0	0	0	0	0	0	0	0	67	
66758.8	0	0	0	0	0	0	0	0	0	0	0	47	
67511.9	0	0	0	0	0	0	0	0	0	0	0	55	
68262.7	0	0	0	0	0	0	0	0	0	0	0	51	
69015.9	0	0	0	0	0	0	0	0	0	0	0	53	
69767.4	0	0	0	0	0	0	0	0	0	0	0	49	
70514.8	0	0	0	0	0	0	0	0	0	0	0	57	
71266.8	0	0	0	0	0	0	0	0	0	0	0	47	
72017	0	0	0	0	0	0	0	0	0	0	57	0	
72763.9	0	0	0	0	0	0	0	0	0	0	51	0	
73511.5	0	0	0	0	0	0	0	0	0	0	55	0	
74260.6	0	0	0	0	0	0	0	0	0	0	57	0	
75010.8	0	0	0	0	0	0	0	0	0	0	71	0	
75760.6	0	0	0	0	0	0	0	0	0	0	71	0	
76509.6	0	0	0	0	0	0	0	0	0	0	55	0	
77257.5	0	0	0	0	0	0	0	0	0	0	63	0	
78008.7	0	0	0	0	0	0	0	0	0	0	49	0	
78758.6	0	0	0	0	0	0	0	0	0	0	73	0	
79510.3	0	0	0	0	0	0	0	0	0	0	57	0	
80259.8	0	0	0	0	0	0	0	0	0	0	65	0	
81012.6	0	0	0	0	0	0	0	0	0	0	57	0	
81762.5	0	0	0	0	0	0	0	0	0	75	0	0	
82513.7	0	0	0	0	0	0	0	0	0	59	0	0	
83264.9	0	0	0	0	0	0	0	0	85	0	0	0	
84016.5	0	0	0	0	0	0	0	0	107	0	0	0	
84766.6	0	0	0	0	0	0	0	0	81	0	0	0	
85516.7	0	0	0	0	0	0	0	0	95	0	0	0	
86265.5	0	0	0	0	0	0	0	0	99	0	0	0	
87017.5	0	0	0	0	0	0	0	0	85	0	0	0	
87764.1	0	0	0	0	0	0	0	0	103	0	0	0	
88512.6	0	0	0	0	0	0	0	0	85	0	0	0	
89261.8	0	0	0	0	0	0	0	0	109	0	0	0	
90014.8	0	0	0	0	0	0	0	0	83	0	0	0	
90764.4	0	0	0	0	0	0	0	0	91	0	0	0	
91512.9	0	0	0	0	0	0	0	0	91	0	0	0	
92263.1	0	0	0	0	0	0	0	0	113	0	0	0	
93011.1	0	0	0	0	0	0	0	0	95	0	0	0	
93762.8	0	0	0	0	0	0	0	0	91	0	0	0	
94514.6	0	0	0	0	0	0	0	0	99	0	0	0	
95266.5	0	0	0	0	0	0	0	0	83	0	0	0	
96013.5	0	0	0	0	0	0	0	0	83	0	0	0	
96763.9	0	0	0	0	0	0	0	0	99	0	0	0	
97514.9	0	0	0	0	0	0	0	0	81	0	0	0	
98265.5	0	0	0	0	0	0	0	0	111	0	0	0	
99016.2	0	0	0	0	0	0	0	0	97	0	0	0	
99765.1	0	0	0	0	0	0	0	0	103	0	0	0	
100513	0	0	0	0	0	0	0	0	91	0	0	0	
101264	0	0	0	0	0	0	0	0	85	0	0	0	
102015	0	0	0	0	0	0	0	0	105	0	0	0	
102764	0	0	0	0	0	0	0	0	85	0	0	0	
103513	0	0	0	0	0	0	0	0	91	0	0	0	
104264	0	0	0	0	0	0	0	0	105	0	0	0	
105015	0	0	0	0	0	0	0	0	99	0	0	0	
105766	0	0	0	0	0	0	0	0	83	0	0	0	
106516	0	0	0	0	0	0	0	0	107	0	0	0	
107269	0	0	0	0	0	0	0	0	95	0	0	0	
108019	0	0	0	0	0	0	0	0	93	0	0	0	
108763	0	0	0	0	0	0	0	0	105	0	0	0	
109510	0	0	0	0	0	0	0	0	91	0	0	0	
110262	0	0	0	0	0	0	0	0	0	73	0	0	
111010	0	0	0	0	0	0	0	0	0	0	0	49	
111763	0	0	0	0	0	0	0	0	0	0	0	59	
112510	0	0	0	0	0	0	0	0	0	0	0	43	
113262	0	0	0	0	0	0	0	0	0	0	0	59	
114017	0	0	0	0	0	0	0	0	0	0	0	61	
114769	0	0	0	0	0	0	0	0	0	0	0	41	
115518	0	0	0	0	0	0	0	0	0	0	0	43	
116268	0	0	0	0	0	0	0	0	0	0	0	51	
117020	0	0	0	0	0	0	0	0	0	0	0	53	
117773	0	0	0	0	0	0	0	0	0	0	0	47	
118521	0	0	0	0	0	0	0	0	0	0	0	45	
119270	0	0	0	0	0	0	0	0	0	0	0	65	
120019	0	0	0	0	0	0	0	0	0	0	0	47	
120770	0	0	0	0	0	0	0	0	0	0	0	45	
121516	0	0	0	0	0	0	0	0	0	0	0	45	
122265	0	0	0	0	0	0	0	0	0	0	0	53	
123015	0	0	0	0	0	0	0	0	0	0	0	57	
123767	0	0	0	0	0	0	0	0	0	0	0	57	
124515	0	0	0	0	0	0	0	0	0	0	0	53	
125266	0	0	0	0	0	0	0	0	0	0	0	51	
126018	0	0	0	0	0	0	0	0	0	0	0	53	
126767	0	0	0	0	0	0	0	0	0	0	0	53	
127517	0	0	0	0	0	0	0	0	0	0	0	61	
128269	0	0	0	0	0	0	0	0	0	0	0	47	
129016	0	0	0	0	0	0	0	0	0	0	0	43	
129765	0	0	0	0	0	0	0	0	0	0	0	43	
130514	0	0	0	0	0	0	0	0	0	0	0	55	
131264	0	0	0	0	0	0	0	0	0	0	0	37	
132014	0	0	0	0	0	0	0	0	0	0	0	39	
132764	0	0	0	0	0	0	0	0	0	0	0	37	
133513	0	0	0	0	0	0	0	0	0	0	0	47	
134265	0	0	0	0	0	0	0	0	0	0	0	57	
135014	0	0	0	0	0	0	0	0	0	0	0	45	
135765	0	0	0	0	0	0	0	0	0	0	0	45	
136514	0	0	0	0	0	0	0	0	0	0	0	47	
137264	0	0	0	0	0	0	0	0	0	0	0	51	
138016	0	0	0	0	0	0	0	0	0	0	0	61	
138764	0	0	0	0	0	0	0	0	0	0	0	57	
139515	0	0	0	0	0	0	0	0	0	0	0	57	
140264	0	0	0	0	0	0	0	0	0	0	55	0	
141012	0	0	0	0	0	0	0	0	0	0	69	0	
141761	0	0	0	0	0	0	0	0	0	0	49	0	
142508	0	0	0	0	0	0	0	0	0	0	73	0	
143258	0	0	0	0	0	0	0	0	0	0	57	0	
144008	0	0	0	0	0	0	0	0	0	61	0	0	
144761	0	0	0	0	0	0	0	0	0	87	0	0	
145511	0	0	0	0	0	0	0	0	0	63	0	0	
146262	0	0	0	0	0	0	0	0	1	76	0	0	
147014	0	0	0	0	0	0	0	0	0	77	0	0	
147762	0	0	0	0	0	0	0	0	0	63	0	0	
148514	0	0	0	0	0	0	0	0	0	85	0	0	
149264	0	0	0	0	0	0	0	0	93	0	0	0	
150014	0	0	0	0	0	0	0	0	95	0	0	0	
150764	0	0	0	0	0	0	0	0	0	67	0	0	
151511	0	0	0	0	0	0	0	0	0	79	0	0	
152262	0	0	0	0	0	0	0	0	0	61	0	0	
153012	0	0	0	0	0	0	0	0	119	0	0	0	
153758	0	0	0	0	0	0	0	0	117	0	0	0	
154507	0	0	0	0	0	0	0	0	93	0	0	0	
155256	0	0	0	0	0	0	0	0	107	0	0	0	
156002	0	0	0	0	0	0	0	0	101	0	0	0	
156749	0	0	0	0	0	0	0	0	95	0	0	0	
157496	0	0	0	0	0	0	0	0	75	0	0	0	
158247	0	0	0	0	0	0	0	0	93	0	0	0	
158993	0	0	0	0	0	0	0	0	83	0	0	0	
159741	0	0	0	0	0	0	0	0	89	0	0	0	
160491	0	0	0	0	0	0	0	0	79	0	0	0	
161243	0	0	0	0	0	0	0	0	89	0	0	0	
161992	0	0	0	0	0	0	0	0	111	0	0	0	
162743	0	0	0	0	0	0	0	0	99	0	0	0	
163494	0	0	0	0	0	0	0	51	46	0	0	0	
164244	0	0	0	0	0	0	0	0	95	0	0	0	
164993	0	0	0	0	0	0	0	0	107	0	0	0	
165745	0	0	0	0	0	0	0	1	76	0	0	0	
166498	0	0	0	0	0	0	0	0	107	0	0	0	
167249	0	0	0	0	0	0	0	0	99	0	0	0	
168000	0	0	0	0	0	0	0	0	109	0	0	0	
168751	0	0	0	0	0	0	0	0	103	0	0	0	
169499	0	0	0	0	0	0	0	0	99	0	0	0	
170250	0	0	0	0	0	0	0	0	97	0	0	0	
170999	0	0	0	0	0	0	0	119	0	0	0	0	
171747	0	0	0	0	0	0	8	111	0	0	0	0	
172493	0	0	0	0	0	0	0	111	0	0	0	0	
173243	0	0	0	0	0	0	0	0	85	0	0	0	
173995	0	0	0	0	0	0	0	0	111	0	0	0	
174745	0	0	0	0	0	0	0	0	87	0	0	0	
175496	0	0	0	0	0	0	0	0	93	0	0	0	
176247	0	0	0	0	0	0	0	0	93	0	0	0	
176996	0	0	0	0	0	0	0	0	87	0	0	0	
177744	0	0	0	0	0	0	0	0	89	0	0	0	
178491	0	0	0	0	0	0	0	0	111	0	0	0	
179241	0	0	0	0	0	0	0	0	0	77	0	0	
179992	0	0	0	0	0	0	0	0	0	85	0	0	
180744	0	0	0	0	0	0	0	0	0	81	0	0	
181493	0	0	0	0	0	0	0	0	0	67	0	0	
182238	0	0	0	0	0	0	0	0	101	0	0	0	
182991	0	0	0	0	0	0	0	0	91	0	0	0	
183740	0	0	0	0	0	0	0	0	89	0	0	0	
184492	0	0	0	0	0	0	0	0	81	0	0	0	
185240	0	0	0	0	0	0	0	0	81	0	0	0	
185990	0	0	0	0	0	0	0	0	91	0	0	0	
186734	0	0	0	0	0	0	0	0	81	0	0	0	
187483	0	0	0	0	0	0	0	4	85	0	0	0	
188235	0	0	0	0	0	0	0	0	89	0	0	0	
188984	0	0	0	0	0	0	0	0	91	0	0	0	
189736	0	0	0	0	0	0	0	0	85	0	0	0	
190489	0	0	0	0	0	0	0	0	91	0	0	0	
191239	0	0	0	0	0	0	0	0	111	0	0	0	
191993	0	0	0	0	0	0	0	0	79	0	0	0	
192740	0	0	0	0	0	0	0	0	87	0	0	0	
193485	0	0	0	0	0	0	0	0	85	0	0	0	
194232	0	0	0	0	0	0	0	0	101	0	0	0	
194982	0	0	0	0	0	0	0	0	91	0	0	0	
195734	0	0	0	0	0	0	0	0	91	0	0	0	
196484	0	0	0	0	0	0	0	0	85	0	0	0	
197234	0	0	0	0	0	0	0	0	89	0	0	0	
197983	0	0	0	0	0	0	0	0	99	0	0	0	
198735	0	0	0	0	0	0	0	0	99	0	0	0	
199487	0	0	0	0	0	0	0	0	95	0	0	0	
200237	0	0	0	0	0	0	0	0	107	0	0	0	
200987	0	0	0	0	0	0	0	0	103	0	0	0	
201740	0	0	0	0	0	0	0	0	89	0	0	0	
202490	0	0	0	0	0	0	0	0	0	79	0	0	
203239	0	0	0	0	0	0	0	0	0	67	0	0	
203991	0	0	0	0	0	0	0	0	0	79	0	0	
204745	0	0	0	0	0	0	0	0	0	75	0	0	
205492	0	0	0	0	0	0	0	0	0	67	0	0	
206245	0	0	0	0	0	0	0	0	79	0	0	0	
206997	0	0	0	0	0	0	0	0	91	0	0	0	
207748	0	0	0	0	0	0	0	0	99	0	0	0	
208497	0	0	0	0	0	0	0	127	0	0	0	0	
209247	0	0	0	0	0	0	0	129	0	0	0	0	
209998	0	0	0	0	0	0	0	117	0	0	0	0	
210747	0	0	0	0	0	0	0	105	0	0	0	0	
211498	0	0	0	0	0	0	0	113	0	0	0	0	
212246	0	0	0	0	0	0	0	125	0	0	0	0	
212996	0	0	0	0	0	0	0	135	0	0	0	0	
213743	0	0	0	0	0	0	0	119	0	0	0	0	
214493	0	0	0	0	0	0	0	32	85	0	0	0	
215244	0	0	0	0	0	0	0	0	44	41	0	0	
215991	0	0	0	0	0	0	0	0	91	0	0	0	
216743	0	0	0	0	0	0	0	0	105	0	0	0	
217491	0	0	0	0	0	0	0	0	89	0	0	0	
218239	0	0	0	0	0	0	0	0	85	0	0	0	
218989	0	0	0	0	0	0	0	0	99	0	0	0	
219742	0	0	0	0	0	0	0	0	85	0	0	0	
220489	0	0	0	0	0	0	0	0	93	0	0	0	
221241	0	0	0	0	0	0	0	0	0	87	0	0	
221990	0	0	0	0	0	0	0	0	0	81	0	0	
222741	0	0	0	0	0	0	0	0	0	91	0	0	
223489	0	0	0	0	0	0	0	0	0	79	0	0	
224237	0	0	0	0	0	0	0	0	0	79	0	0	
224986	0	0	0	0	0	0	0	0	0	81	0	0	
225734	0	0	0	0	0	0	0	0	0	75	0	0	
226485	0	0	0	0	0	0	0	0	0	71	0	0	
227236	0	0	0	0	0	0	0	0	0	73	0	0	
227987	0	0	0	0	0	0	0	0	0	81	0	0	
228740	0	0	0	0	0	0	0	0	0	75	0	0	
229491	0	0	0	0	0	0	0	0	0	87	0	0	
230239	0	0	0	0	0	0	0	0	0	77	0	0	
230991	0	0	0	0	0	0	0	0	0	71	0	0	
231741	0	0	0	0	0	0	0	0	0	79	0	0	
232494	0	0	0	0	0	0	0	0	0	81	0	0	
233247	0	0	0	0	0	0	0	0	0	77	0	0	
233996	0	0	0	0	0	0	0	0	0	83	0	0	
234745	0	0	0	0	0	0	0	0	0	75	0	0	
235495	0	0	0	0	0	0	0	0	0	73	0	0	
236245	0	0	0	0	0	0	0	0	0	87	0	0	
236994	0	0	0	0	0	0	0	0	0	85	0	0	
237742	0	0	0	0	0	0	0	0	0	73	0	0	
238491	0	0	0	0	0	0	0	0	0	83	0	0	
239242	0	0	0	0	0	0	0	0	75	0	0	0	
239994	0	0	0	0	0	0	0	0	95	0	0	0	
240740	0	0	0	0	0	0	0	2	87	0	0	0	
241490	0	0	0	0	0	0	0	0	0	69	0	0	
242241	0	0	0	0	0	0	0	0	0	75	0	0	
242994	0	0	0	0	0	0	0	0	0	73	0	0	
243742	0	0	0	0	0	0	0	0	0	83	0	0	
244496	0	0	0	0	0	0	0	0	0	73	0	0	
245249	0	0	0	0	0	0	0	0	0	65	0	0	
245997	0	0	0	0	0	0	0	0	0	81	0	0	
246747	0	0	0	0	0	0	0	0	0	0	67	0	
247499	0	0	0	0	0	0	0	0	0	0	67	0	
248248	0	0	0	0	0	0	0	0	0	0	73	0	
248999	0	0	0	0	0	0	0	0	0	0	59	0	
249745	0	0	0	0	0	0	0	0	0	0	65	0	
250493	0	0	0	0	0	0	0	0	0	0	63	0	
251245	0	0	0	0	0	0	0	0	0	81	0	0	
251997	0	0	0	0	0	0	0	0	0	79	0	0	
252749	0	0	0	0	0	0	0	0	0	59	0	0	
253497	0	0	0	0	0	0	0	0	0	69	0	0	
254249	0	0	0	0	0	0	0	0	0	0	61	0	
255000	0	0	0	0	0	0	0	0	0	0	77	0	
255749	0	0	0	0	0	0	0	0	0	0	61	0	
256498	0	0	0	0	0	0	0	0	0	0	65	0	
257247	0	0	0	0	0	0	0	0	0	0	41	0	
257996	0	0	0	0	0	0	0	0	0	0	71	0	
258743	0	0	0	0	0	0	0	0	0	0	63	0	
259494	0	0	0	0	0	0	0	0	0	0	59	0	
260244	0	0	0	0	0	0	0	0	0	0	79	0	
260995	0	0	0	0	0	0	0	0	0	0	61	0	
261747	0	0	0	0	0	0	0	0	0	0	61	0	
262497	0	0	0	0	0	0	0	0	0	0	65	0	
263249	0	0	0	0	0	0	0	0	0	87	0	0	
264001	0	0	0	0	0	0	0	0	0	75	0	0	
264750	0	0	0	0	0	0	0	0	0	75	0	0	
265496	0	0	0	0	0	0	0	0	0	83	0	0	
266245	0	0	0	0	0	0	0	0	0	71	0	0	
266997	0	0	0	0	0	0	0	0	0	73	0	0	
267747	0	0	0	0	0	0	0	0	0	65	0	0	
268499	0	0	0	0	0	0	0	0	0	0	57	0	
269246	0	0	0	0	0	0	0	0	0	0	65	0	
269998	0	0	0	0	0	0	0	0	0	0	57	0	
270745	0	0	0	0	0	0	0	0	0	0	53	0	
271494	0	0	0	0	0	0	0	0	0	0	51	0	
272244	0	0	0	0	0	0	0	0	0	0	57	0	
272993	0	0	0	0	0	0	0	0	0	0	61	0	
273744	0	0	0	0	0	0	0	0	0	0	59	0	
274490	0	0	0	0	0	0	0	0	0	0	63	0	
275238	0	0	0	0	0	0	0	0	0	0	61	0	
275988	0	0	0	0	0	0	0	0	0	0	71	0	
276740	0	0	0	0	0	0	0	0	0	65	0	0	
277490	0	0	0	0	0	0	0	0	0	83	0	0	
278242	0	0	0	0	0	0	0	0	95	0	0	0	
278994	0	0	0	0	0	0	0	0	103	0	0	0	
279741	0	0	0	0	0	0	0	0	101	0	0	0	
280492	0	0	0	0	0	0	0	0	91	0	0	0	
281239	0	0	0	0	0	0	0	129	0	0	0	0	
281991	0	0	0	0	0	0	0	129	0	0	0	0	
282742	0	0	0	0	0	0	0	101	0	0	0	0	
283495	0	0	0	0	0	0	0	121	0	0	0	0	
284245	0	0	0	0	0	0	0	117	0	0	0	0	
284996	0	0	0	0	0	0	0	113	0	0	0	0	
285745	0	0	0	0	0	0	0	123	0	0	0	0	
286495	0	0	0	0	0	0	0	123	0	0	0	0	
287246	0	0	0	0	0	0	0	113	0	0	0	0	
287995	0	0	0	0	0	0	0	113	0	0	0	0	
288746	0	0	0	0	0	0	0	133	0	0	0	0	
289493	0	0	0	0	0	0	0	117	0	0	0	0	
290242	0	0	0	0	0	0	0	95	0	0	0	0	
290991	0	0	0	0	0	0	0	127	0	0	0	0	
291739	0	0	0	0	0	0	0	113	0	0	0	0	
292491	0	0	0	0	0	0	0	121	0	0	0	0	
293238	0	0	0	0	0	0	0	105	0	0	0	0	
293984	0	0	0	0	0	0	0	111	0	0	0	0	
294736	0	0	0	0	0	0	0	119	0	0	0	0	
295485	0	0	0	0	0	0	0	127	0	0	0	0	
296232	0	0	0	0	0	0	0	121	0	0	0	0	
296979	0	0	0	0	0	0	0	113	0	0	0	0	
297727	0	0	0	0	0	0	0	121	0	0	0	0	
298477	0	0	0	0	0	0	0	127	0	0	0	0	
299229	0	0	0	0	0	0	0	131	0	0	0	0	
299979	0	0	0	0	0	0	0	123	0	0	0	0	
300729	0	0	0	0	0	0	0	131	0	0	0	0	
301476	0	0	0	0	0	0	0	109	0	0	0	0	
302223	0	0	0	0	0	0	0	0	75	0	0	0	
302971	0	0	0	0	0	0	0	0	105	0	0	0	
303723	0	0	0	0	0	0	0	0	99	0	0	0	
304475	0	0	0	0	0	0	0	0	89	0	0	0	
305224	0	0	0	0	0	0	0	0	93	0	0	0	
305974	0	0	0	0	0	0	0	0	105	0	0	0	
306721	0	0	0	0	0	0	0	0	117	0	0	0	
307471	0	0	0	0	0	0	0	0	91	0	0	0	
308218	0	0	0	0	0	0	0	0	91	0	0	0	
308965	0	0	0	0	0	0	0	121	0	0	0	0	
309717	0	0	0	0	0	0	0	137	0	0	0	0	
310468	0	0	0	0	0	0	0	109	0	0	0	0	
311217	0	0	0	0	0	0	0	125	0	0	0	0	
311965	0	0	0	0	0	0	0	117	0	0	0	0	
312714	0	0	0	0	0	0	0	115	0	0	0	0	
313464	0	0	0	0	0	0	0	133	0	0	0	0	
314216	0	0	0	0	0	0	0	119	0	0	0	0	
314967	0	0	0	0	0	0	0	113	0	0	0	0	
315717	0	0	0	0	0	0	0	119	0	0	0	0	
316467	0	0	0	0	0	0	0	135	0	0	0	0	
317218	0	0	0	0	0	0	0	0	85	0	0	0	
317970	0	0	0	0	0	0	0	0	101	0	0	0	
318720	0	0	0	0	0	0	0	0	79	0	0	0	
319470	0	0	0	0	0	0	0	0	83	0	0	0	
320219	0	0	0	0	0	0	0	0	93	0	0	0	
320967	0	0	0	0	0	0	0	0	105	0	0	0	
321717	0	0	0	0	0	0	0	0	77	16	0	0	
322466	0	0	0	0	0	0	0	0	111	0	0	0	
323216	0	0	0	0	0	0	0	0	83	0	0	0	
323967	0	0	0	0	0	0	0	0	99	0	0	0	
324716	0	0	0	0	0	0	0	0	91	0	0	0	
325469	0	0	0	0	0	0	0	0	89	0	0	0	
326220	0	0	0	0	0	0	0	0	87	0	0	0	
326971	0	0	0	0	0	0	0	0	101	0	0	0	
327719	0	0	0	0	0	0	0	0	0	69	0	0	
328468	0	0	0	0	0	0	0	0	0	73	0	0	
329220	0	0	0	0	0	0	0	0	0	69	0	0	
329973	0	0	0	0	0	0	0	0	0	81	0	0	
330722	0	0	0	0	0	0	0	0	0	0	53	0	
331476	0	0	0	0	0	0	0	0	0	0	55	0	
332226	0	0	0	0	0	0	0	0	0	0	49	0	
332979	0	0	0	0	0	0	0	0	0	0	65	0	
333728	0	0	0	0	0	0	0	0	0	0	69	0	
334478	0	0	0	0	0	0	0	0	0	0	61	0	
335227	0	0	0	0	0	0	0	0	0	0	57	0	
335976	0	0	0	0	0	0	0	0	0	0	71	0	
336724	0	0	0	0	0	0	0	0	0	0	63	0	
337472	0	0	0	0	0	0	0	0	0	0	51	0	
338225	0	0	0	0	0	0	0	0	0	0	61	0	
338971	0	0	0	0	0	0	0	0	0	0	51	0	
339719	0	0	0	0	0	0	0	0	0	0	61	0	
340470	0	0	0	0	0	0	0	0	0	0	53	0	
341218	0	0	0	0	0	0	0	0	0	0	55	0	
341967	0	0	0	0	0	0	0	0	0	0	67	0	
342715	0	0	0	0	0	0	0	0	0	0	65	0	
343461	0	0	0	0	0	0	0	0	0	77	0	0	
344209	0	0	0	0	0	0	0	0	0	65	0	0	
344957	0	0	0	0	0	0	0	0	0	69	0	0	
345707	0	0	0	0	0	0	0	0	0	87	0	0	
346456	0	0	0	0	0	0	0	0	0	69	0	0	
347207	0	0	0	0	0	0	0	0	101	0	0	0	
347956	0	0	0	0	0	0	0	0	91	0	0	0	
348706	0	0	0	0	0	0	0	0	99	0	0	0	
349453	0	0	0	0	0	0	0	0	95	0	0	0	
350204	0	0	0	0	0	0	0	0	91	0	0	0	
350956	0	0	0	0	0	0	0	0	89	0	0	0	
351704	0	0	0	0	0	0	0	0	73	0	0	0	
352453	0	0	0	0	0	0	0	0	103	0	0	0	
353206	0	0	0	0	0	0	0	0	109	0	0	0	
353957	0	0	0	0	0	0	0	0	95	0	0	0	
354709	0	0	0	0	0	0	0	0	115	0	0	0	
355460	0	0	0	0	0	0	0	0	7	66	0	0	
356215	0	0	0	0	0	0	0	0	0	65	0	0	
356965	0	0	0	0	0	0	0	0	0	77	0	0	
357716	0	0	0	0	0	0	0	0	0	63	0	0	
358469	0	0	0	0	0	0	0	0	0	69	0	0	
359218	0	0	0	0	0	0	0	0	0	83	0	0	
359970	0	0	0	0	0	0	0	0	0	87	0	0	
360723	0	0	0	0	0	0	0	0	0	71	0	0	
361473	0	0	0	0	0	0	0	0	0	73	0	0	
362224	0	0	0	0	0	0	0	0	0	93	0	0	
362974	0	0	0	0	0	0	0	0	0	85	0	0	
363722	0	0	0	0	0	0	0	0	0	61	0	0	
364472	0	0	0	0	0	0	0	0	0	57	0	0	
365222	0	0	0	0	0	0	0	0	0	67	0	0	
365971	0	0	0	0	0	0	0	0	0	81	0	0	
366723	0	0	0	0	0	0	0	0	0	81	0	0	
367474	0	0	0	0	0	0	0	0	0	77	0	0	
368227	0	0	0	0	0	0	0	0	0	77	0	0	
368975	0	0	0	0	0	0	0	0	0	69	0	0	
369724	0	0	0	0	0	0	0	0	0	0	61	0	
370478	0	0	0	0	0	0	0	0	0	0	55	0	
371230	0	0	0	0	0	0	0	0	0	0	67	0	
371980	0	0	0	0	0	0	0	0	0	0	65	0	
372728	0	0	0	0	0	0	0	0	0	0	53	0	
373479	0	0	0	0	0	0	0	0	0	0	59	0	
374227	0	0	0	0	0	0	0	0	0	0	65	0	
374979	0	0	0	0	0	0	0	0	0	0	83	0	
375730	0	0	0	0	0	0	0	0	0	0	59	0	
376477	0	0	0	0	0	0	0	0	0	0	69	0	
377230	0	0	0	0	0	0	0	0	0	0	73	0	
377981	0	0	0	0	0	0	0	0	0	0	69	0	
378729	0	0	0	0	0	0	0	0	0	0	65	0	
379480	0	0	0	0	0	0	0	0	0	0	71	0	
380229	0	0	0	0	0	0	0	0	0	0	71	0	
380978	0	0	0	0	0	0	0	0	0	0	55	0	
381727	0	0	0	0	0	0	0	0	0	0	51	0	
382476	0	0	0	0	0	0	0	0	0	0	65	0	
383223	0	0	0	0	0	0	0	0	0	0	67	0	
383973	0	0	0	0	0	0	0	0	0	0	61	0	
384727	0	0	0	0	0	0	0	0	0	0	57	0	
385473	0	0	0	0	0	0	0	0	0	0	49	0	
386220	0	0	0	0	0	0	0	0	0	0	63	0	
386970	0	0	0	0	0	0	0	0	0	0	65	0	
387719	0	0	0	0	0	0	0	0	0	0	65	0	
388469	0	0	0	0	0	0	0	0	0	0	61	0	
389218	0	0	0	0	0	0	0	0	0	0	69	0	
389970	0	0	0	0	0	0	0	0	0	0	77	0	
390720	0	0	0	0	0	0	0	0	0	0	0	43	
391467	0	0	0	0	0	0	0	0	0	0	77	0	
392217	0	0	0	0	0	0	0	0	0	0	61	0	
392967	0	0	0	0	0	0	0	0	0	0	67	0	
393716	0	0	0	0	0	0	0	0	0	0	55	0	
394464	0	0	0	0	0	0	0	0	0	0	69	0	
395213	0	0	0	0	0	0	0	0	0	0	67	0	
395964	0	0	0	0	0	0	0	0	0	0	51	0	
396715	0	0	0	0	0	0	0	0	0	0	73	0	
397468	0	0	0	0	0	0	0	0	0	0	53	0	
398219	0	0	0	0	0	0	0	0	0	0	61	0	
398968	0	0	0	0	0	0	0	0	0	0	51	0	
399720	0	0	0	0	0	0	0	0	0	0	53	0	
400468	0	0	0	0	0	0	0	0	0	0	57	0	
401220	0	0	0	0	0	0	0	0	0	0	57	0	
401970	0	0	0	0	0	0	0	0	0	0	69	0	
402721	0	0	0	0	0	0	0	0	0	0	85	0	
403470	0	0	0	0	0	0	0	0	0	0	71	0	
404220	0	0	0	0	0	0	0	0	0	0	77	0	
404973	0	0	0	0	0	0	0	0	0	0	47	0	
405727	0	0	0	0	0	0	0	0	0	0	45	0	
406478	0	0	0	0	0	0	0	0	0	0	73	0	
407232	0	0	0	0	0	0	0	0	0	0	63	0	
407984	0	0	0	0	0	0	0	0	0	0	61	0	
408736	0	0	0	0	0	0	0	0	0	0	43	0	
409486	0	0	0	0	0	0	0	0	0	0	59	0	
410238	0	0	0	0	0	0	0	0	0	0	0	41	
410985	0	0	0	0	0	0	0	0	0	0	0	49	
411735	0	0	0	0	0	0	0	0	0	0	69	0	
412484	0	0	0	0	0	0	0	0	0	0	63	0	
413233	0	0	0	0	0	0	0	0	0	0	65	0	
413982	0	0	0	0	0	0	0	0	0	0	55	0	
414736	0	0	0	0	0	0	0	0	0	0	65	0	
415485	0	0	0	0	0	0	0	0	0	0	53	0	
416236	0	0	0	0	0	0	0	0	0	0	63	0	
416987	0	0	0	0	0	0	0	0	0	0	73	0	
417738	0	0	0	0	0	0	0	0	0	0	57	0	
418489	0	0	0	0	0	0	0	0	0	0	57	0	
419239	0	0	0	0	0	0	0	0	0	0	61	0	
419990	0	0	0	0	0	0	0	0	0	0	63	0	
420739	0	0	0	0	0	0	0	0	0	0	51	0	
421488	0	0	0	0	0	0	0	0	0	0	47	0	
422238	0	0	0	0	0	0	0	0	0	0	51	0	
422989	0	0	0	0	0	0	0	0	0	0	57	0	
423739	0	0	0	0	0	0	0	0	0	0	59	0	
424488	0	0	0	0	0	0	0	0	0	0	59	0	
425237	0	0	0	0	0	0	0	0	0	0	49	0	
425986	0	0	0	0	0	0	0	0	0	0	67	0	
426735	0	0	0	0	0	0	0	0	0	0	63	0	
427486	0	0	0	0	0	0	0	0	0	0	71	0	
428234	0	0	0	0	0	0	0	0	0	0	67	0	
428987	0	0	0	0	0	0	0	0	0	0	63	0	
429738	0	0	0	0	0	0	0	0	0	0	65	0	
430485	0	0	0	0	0	0	0	0	0	0	59	0	
431233	0	0	0	0	0	0	0	0	0	0	67	0	
431982	0	0	0	0	0	0	0	0	0	0	59	0	
432729	0	0	0	0	0	0	0	0	0	0	65	0	
433479	0	0	0	0	0	0	0	0	0	0	57	0	
434227	0	0	0	0	0	0	0	0	0	0	59	0	
434978	0	0	0	0	0	0	0	0	0	0	59	0	
435729	0	0	0	0	0	0	0	0	0	0	69	0	
436476	0	0	0	0	0	0	0	0	0	0	61	0	
437226	0	0	0	0	0	0	0	0	0	0	53	0	
437976	0	0	0	0	0	0	0	0	0	0	77	0	
438725	0	0	0	0	0	0	0	0	0	0	59	0	
439477	0	0	0	0	0	0	0	0	0	0	63	0	
440226	0	0	0	0	0	0	0	0	0	0	63	0	
440976	0	0	0	0	0	0	0	0	0	0	59	0	
441728	0	0	0	0	0	0	0	0	0	0	57	0	
442477	0	0	0	0	0	0	0	0	0	0	53	0	
443227	0	0	0	0	0	0	0	0	0	0	77	0	
443974	0	0	0	0	0	0	0	0	0	0	73	0	
444722	0	0	0	0	0	0	0	0	0	0	51	0	
445478	0	0	0	0	0	0	0	0	0	0	77	0	
446226	0	0	0	0	0	0	0	0	0	0	55	0	
446975	0	0	0	0	0	0	0	0	0	0	77	0	
447726	0	0	0	0	0	0	0	0	0	0	61	0	
448477	0	0	0	0	0	0	0	0	0	0	61	0	
449223	0	0	0	0	0	0	0	0	0	0	53	0	
449974	0	0	0	0	0	0	0	0	0	73	0	0	
450721	0	0	0	0	0	0	0	0	0	77	0	0	
451470	0	0	0	0	0	0	0	0	0	85	0	0	
452218	0	0	0	0	0	0	0	0	0	75	0	0	
452964	0	0	0	0	0	0	0	0	0	77	0	0	
453714	0	0	0	0	0	0	0	0	0	77	0	0	
454465	0	0	0	0	0	0	0	0	0	75	0	0	
455215	0	0	0	0	0	0	0	0	0	65	0	0	
455965	0	0	0	0	0	0	0	0	0	67	0	0	
456711	0	0	0	0	0	0	0	0	0	0	65	0	
457461	0	0	0	0	0	0	0	0	0	0	63	0	
458210	0	0	0	0	0	0	0	0	0	0	47	0	
458959	0	0	0	0	0	0	0	0	0	54	27	0	
459706	0	0	0	0	0	0	0	0	0	0	79	0	
460458	0	0	0	0	0	0	0	0	0	0	73	0	
461208	0	0	0	0	0	0	0	0	0	0	55	0	
461957	0	0	0	0	0	0	0	0	0	0	59	0	
462706	0	0	0	0	0	0	0	0	0	0	81	0	
463455	0	0	0	0	0	0	0	0	0	0	63	0	
464206	0	0	0	0	0	0	0	0	0	0	71	0	
464956	0	0	0	0	0	0	0	0	0	0	51	0	
465706	0	0	0	0	0	0	0	0	0	0	65	0	
466458	0	0	0	0	0	0	0	0	0	0	85	0	
467209	0	0	0	0	0	0	0	0	0	0	59	0	
467963	0	0	0	0	0	0	0	0	0	0	55	0	
468713	0	0	0	0	0	0	0	0	0	0	51	0	
469464	0	0	0	0	0	0	0	0	0	0	53	0	
470217	0	0	0	0	0	0	0	0	0	0	0	47	
470969	0	0	0	0	0	0	0	0	0	0	0	49	
471720	0	0	0	0	0	0	0	0	0	0	0	49	
472471	0	0	0	0	0	0	0	0	0	0	0	45	
473223	0	0	0	0	0	0	0	0	0	0	0	59	
473973	0	0	0	0	0	0	0	0	0	0	0	51	
474724	0	0	0	0	0	0	0	0	0	0	0	37	
475473	0	0	0	0	0	0	0	0	0	0	0	57	
476222	0	0	0	0	0	0	0	0	0	0	0	45	
476973	0	0	0	0	0	0	0	0	0	0	0	47	
477727	0	0	0	0	0	0	0	0	0	0	0	49	
478479	0	0	0	0	0	0	0	0	0	0	0	49	
479229	0	0	0	0	0	0	0	0	0	0	0	39	
479979	0	0	0	0	0	0	0	0	0	0	0	43	
480724	0	0	0	0	0	0	0	0	0	0	0	55	
481477	0	0	0	0	0	0	0	0	0	0	0	57	
482227	0	0	0	0	0	0	0	0	0	0	0	45	
482979	0	0	0	0	0	0	0	0	0	0	0	65	
483731	0	0	0	0	0	0	0	0	0	0	65	0	
484479	0	0	0	0	0	0	0	0	0	0	49	0	
485227	0	0	0	0	0	0	0	0	0	0	75	0	
485981	0	0	0	0	0	0	0	0	0	0	59	0	
486730	0	0	0	0	0	0	0	0	0	0	63	0	
487480	0	0	0	0	0	0	0	0	0	0	71	0	
488229	0	0	0	0	0	0	0	0	0	0	71	0	
488980	0	0	0	0	0	0	0	0	0	0	61	0	
489734	0	0	0	0	0	0	0	0	0	0	55	0	
490484	0	0	0	0	0	0	0	0	0	0	75	0	
491234	0	0	0	0	0	0	0	0	0	0	59	0	
491989	0	0	0	0	0	0	0	0	0	0	63	0	
492738	0	0	0	0	0	0	0	0	0	0	0	47	
493485	0	0	0	0	0	0	0	0	0	0	0	53	
494234	0	0	0	0	0	0	0	0	0	0	0	45	
494983	0	0	0	0	0	0	0	0	0	0	0	53	
495734	0	0	0	0	0	0	0	0	0	0	0	55	
496486	0	0	0	0	0	0	0	0	0	0	0	43	
497235	0	0	0	0	0	0	0	0	0	0	0	63	
497987	0	0	0	0	0	0	0	0	0	0	0	53	
498733	0	0	0	0	0	0	0	0	0	0	51	0	
499484	0	0	0	0	0	0	0	0	0	0	53	0	
500239	0	0	0	0	0	0	0	0	0	0	61	0	
500993	0	0	0	0	0	0	0	0	0	0	59	0	
501742	0	0	0	0	0	0	0	0	0	0	59	0	
502490	0	0	0	0	0	0	0	0	0	0	69	0	
503238	0	0	0	0	0	0	0	0	0	0	69	0	
503987	0	0	0	0	0	0	0	0	0	0	53	0	
504735	0	0	0	0	0	0	0	0	0	0	51	0	
505483	0	0	0	0	0	0	0	0	0	0	69	0	
506233	0	0	0	0	0	0	0	0	0	0	57	0	
506982	0	0	0	0	0	0	0	0	0	0	63	0	
507732	0	0	0	0	0	0	0	0	0	0	79	0	
508485	0	0	0	0	0	0	0	0	0	0	63	0	
509237	0	0	0	0	0	0	0	0	0	0	57	0	
509986	0	0	0	0	0	0	0	0	0	83	0	0	
510737	0	0	0	0	0	0	0	0	0	73	0	0	
511488	0	0	0	0	0	0	0	0	0	73	0	0	
512238	0	0	0	0	0	0	0	0	0	79	0	0	
512988	0	0	0	0	0	0	0	0	0	75	0	0	
513737	0	0	0	0	0	0	0	0	0	79	0	0	
514487	0	0	0	0	0	0	0	0	87	0	0	0	
515237	0	0	0	0	0	0	0	0	103	0	0	0	
515988	0	0	0	0	0	0	0	0	97	0	0	0	
516738	0	0	0	0	0	0	0	0	111	0	0	0	
517490	0	0	0	0	0	0	0	0	99	0	0	0	
518238	0	0	0	0	0	0	0	0	83	0	0	0	
518988	0	0	0	0	0	0	0	0	99	0	0	0	
519736	0	0	0	0	0	0	0	0	89	0	0	0	
520490	0	0	0	0	0	0	0	0	87	0	0	0	
521239	0	0	0	0	0	0	0	0	81	0	0	0	
521987	0	0	0	0	0	0	0	0	0	77	0	0	
522733	0	0	0	0	0	0	0	0	0	57	0	0	
523481	0	0	0	0	0	0	0	0	0	79	0	0	
524231	0	0	0	0	0	0	0	0	0	79	0	0	
524982	0	0	0	0	0	0	0	0	0	67	0	0	
525735	0	0	0	0	0	0	0	0	0	81	0	0	
526485	0	0	0	0	0	0	0	0	0	77	0	0	
527234	0	0	0	0	0	0	0	0	0	93	0	0	
527984	0	0	0	0	0	0	0	0	0	75	0	0	
528732	0	0	0	0	0	0	0	0	0	91	0	0	
529482	0	0	0	0	0	0	0	0	0	0	67	0	
530232	0	0	0	0	0	0	0	0	0	0	61	0	
530981	0	0	0	0	0	0	0	0	0	0	79	0	
531729	0	0	0	0	0	0	0	0	0	0	77	0	
532480	0	0	0	0	0	0	0	0	0	73	0	0	
533231	0	0	0	0	0	0	0	0	0	73	0	0	
533980	0	0	0	0	0	0	0	0	0	91	0	0	
534724	0	0	0	0	0	0	0	0	0	87	0	0	
535474	0	0	0	0	0	0	0	0	0	79	0	0	
536223	0	0	0	0	0	0	0	0	0	71	0	0	
536974	0	0	0	0	0	0	0	0	0	85	0	0	
537726	0	0	0	0	0	0	0	0	0	69	0	0	
538478	0	0	0	0	0	0	0	0	0	75	0	0	
539229	0	0	0	0	0	0	0	0	0	77	0	0	
539981	0	0	0	0	0	0	0	0	0	63	0	0	
540734	0	0	0	0	0	0	0	0	0	77	0	0	
541482	0	0	0	0	0	0	0	0	0	79	0	0	
542232	0	0	0	0	0	0	0	0	0	79	0	0	
542984	0	0	0	0	0	0	0	0	0	73	0	0	
543735	0	0	0	0	0	0	0	0	0	77	0	0	
544483	0	0	0	0	0	0	0	0	0	83	0	0	
545234	0	0	0	0	0	0	0	0	0	67	0	0	
545983	0	0	0	0	0	0	0	0	0	73	0	0	
546732	0	0	0	0	0	0	0	0	0	67	0	0	
547484	0	0	0	0	0	0	0	0	0	71	0	0	
548235	0	0	0	0	0	0	0	0	0	63	0	0	
548986	0	0	0	0	0	0	0	0	0	57	0	0	
549737	0	0	0	0	0	0	0	0	0	87	0	0	
550487	0	0	0	0	0	0	0	0	0	81	0	0	
551235	0	0	0	0	0	0	0	0	0	65	0	0	
551982	0	0	0	0	0	0	0	0	0	79	0	0	
552733	0	0	0	0	0	0	0	0	0	69	0	0	
553483	0	0	0	0	0	0	0	0	0	89	0	0	
554233	0	0	0	0	0	0	0	0	0	85	0	0	
554982	0	0	0	0	0	0	0	0	0	83	0	0	
555733	0	0	0	0	0	0	0	0	0	83	0	0	
556484	0	0	0	0	0	0	0	0	0	67	0	0	
557233	0	0	0	0	0	0	0	0	0	73	0	0	
557987	0	0	0	0	0	0	0	0	0	85	0	0	
558737	0	0	0	0	0	0	0	0	0	89	0	0	
559487	0	0	0	0	0	0	0	0	0	69	0	0	
560237	0	0	0	0	0	0	0	0	0	79	0	0	
560988	0	0	0	0	0	0	0	0	0	77	0	0	
561739	0	0	0	0	0	0	0	0	0	73	0	0	
562490	0	0	0	0	0	0	0	0	0	91	0	0	
563242	0	0	0	0	0	0	0	0	0	85	0	0	
563991	0	0	0	0	0	0	0	0	119	0	0	0	
564739	0	0	0	0	0	0	0	0	101	0	0	0	
565492	0	0	0	0	0	0	0	0	91	0	0	0	
566238	0	0	0	0	0	0	0	0	95	0	0	0	
566985	0	0	0	0	0	0	0	0	81	0	0	0	
567738	0	0	0	0	0	0	0	0	97	0	0	0	
568493	0	0	0	0	0	0	0	0	99	0	0	0	
569241	0	0	0	0	0	0	0	0	97	0	0	0	
569995	0	0	0	0	0	0	0	0	95	0	0	0	
570747	0	0	0	0	0	0	0	0	97	0	0	0	
571500	0	0	0	0	0	0	0	0	101	0	0	0	
572249	0	0	0	0	0	0	0	0	99	0	0	0	
572995	0	0	0	0	0	0	0	0	81	0	0	0	
573741	0	0	0	0	0	0	0	0	101	0	0	0	
574491	0	0	0	0	0	0	0	0	99	0	0	0	
575242	0	0	0	0	0	0	0	0	93	0	0	0	
575994	0	0	0	0	0	0	0	0	85	0	0	0	
576746	0	0	0	0	0	0	0	0	99	0	0	0	
577493	0	0	0	0	0	0	0	0	97	0	0	0	
578245	0	0	0	0	0	0	0	0	99	0	0	0	
578997	0	0	0	0	0	0	0	0	103	0	0	0	
579749	0	0	0	0	0	0	0	0	99	0	0	0	
580499	0	0	0	0	0	0	0	0	99	0	0	0	
581252	0	0	0	0	0	0	0	0	97	0	0	0	
581999	0	0	0	0	0	0	0	0	99	0	0	0	
582754	0	0	0	0	0	0	0	0	89	0	0	0	
583503	0	0	0	0	0	0	0	0	91	0	0	0	
584255	0	0	0	0	0	0	0	0	93	0	0	0	
585006	0	0	0	0	0	0	0	0	91	0	0	0	
585759	0	0	0	0	0	0	0	0	79	0	0	0	
586512	0	0	0	0	0	0	0	0	95	0	0	0	
587260	0	0	0	0	0	0	0	0	87	0	0	0	
588011	0	0	0	0	0	0	0	0	81	0	0	0	
588761	0	0	0	0	0	0	0	0	99	0	0	0	
589514	0	0	0	0	0	0	0	0	83	0	0	0	
590264	0	0	0	0	0	0	0	0	79	0	0	0	
591015	0	0	0	0	0	0	0	0	91	0	0	0	
591765	0	0	0	0	0	0	0	0	99	0	0	0	
592515	0	0	0	0	0	0	0	0	85	0	0	0	
593266	0	0	0	0	0	0	0	0	97	0	0	0	
594016	0	0	0	0	0	0	0	0	85	0	0	0	
594764	0	0	0	0	0	0	0	0	79	0	0	0	
595510	0	0	0	0	0	0	0	0	77	0	0	0	
596258	0	0	0	0	0	0	0	0	109	0	0	0	
597011	0	0	0	0	0	0	0	0	99	0	0	0	
597761	0	0	0	0	0	0	0	0	105	0	0	0	
598511	0	0	0	0	0	0	0	0	93	0	0	0	
599262	0	0	0	0	0	0	0	0	67	0	0	0	
600011	0	0	0	0	0	0	0	105	0	0	0	0	
600761	0	0	0	0	0	0	0	99	0	0	0	0	
601511	0	0	0	0	0	0	0	135	0	0	0	0	
602259	0	0	0	0	0	0	0	109	0	0	0	0	
603012	0	0	0	0	0	0	0	99	0	0	0	0	
603761	0	0	0	0	0	0	0	115	0	0	0	0	
604511	0	0	0	0	0	0	0	119	0	0	0	0	
605260	0	0	0	0	0	0	0	109	0	0	0	0	
606007	0	0	0	0	0	0	0	125	0	0	0	0	
606756	0	0	0	0	0	0	0	107	0	0	0	0	
607503	0	0	0	0	0	0	0	117	0	0	0	0	
608254	0	0	0	0	0	0	0	117	0	0	0	0	
609007	0	0	0	0	0	0	0	123	0	0	0	0	
609757	0	0	0	0	0	0	0	135	0	0	0	0	
610508	0	0	0	0	0	0	0	113	0	0	0	0	
611260	0	0	0	0	0	0	0	111	0	0	0	0	
612012	0	0	0	0	0	0	0	107	0	0	0	0	
612760	0	0	0	0	0	0	0	103	0	0	0	0	
613508	0	0	0	0	0	0	0	121	0	0	0	0	
614259	0	0	0	0	0	0	0	111	0	0	0	0	
615007	0	0	0	0	0	0	0	111	0	0	0	0	
615755	0	0	0	0	0	0	0	101	0	0	0	0	
616503	0	0	0	0	0	0	0	107	0	0	0	0	
617250	0	0	0	0	0	0	0	125	0	0	0	0	
617998	0	0	0	0	0	0	0	93	0	0	0	0	
618747	0	0	0	0	0	0	0	117	0	0	0	0	
619495	0	0	0	0	0	0	0	123	0	0	0	0	
620245	0	0	0	0	0	0	127	0	0	0	0	0	
620992	0	0	0	0	0	0	149	0	0	0	0	0	
621743	0	0	0	0	0	0	129	0	0	0	0	0	
622491	0	0	0	0	0	0	135	0	0	0	0	0	
623240	0	0	0	0	0	0	113	0	0	0	0	0	
623988	0	0	0	0	0	0	145	0	0	0	0	0	
624740	0	0	0	0	0	0	145	0	0	0	0	0	
625488	0	0	0	0	0	0	141	0	0	0	0	0	
626236	0	0	0	0	0	0	149	0	0	0	0	0	
626984	0	0	0	0	0	0	145	0	0	0	0	0	
627732	0	0	0	0	0	0	139	0	0	0	0	0	
628484	0	0	0	0	0	0	153	0	0	0	0	0	
629234	0	0	0	0	0	0	115	0	0	0	0	0	
629988	0	0	0	0	0	0	153	0	0	0	0	0	
630735	0	0	0	0	0	0	157	0	0	0	0	0	
631485	0	0	0	0	0	0	155	0	0	0	0	0	
632233	0	0	0	0	0	0	163	0	0	0	0	0	
632982	0	0	0	0	0	0	137	0	0	0	0	0	
633731	0	0	0	0	0	0	145	0	0	0	0	0	
634483	0	0	0	0	0	0	119	0	0	0	0	0	
635237	0	0	0	0	0	0	133	0	0	0	0	0	
635987	0	0	0	0	0	0	129	0	0	0	0	0	
636734	0	0	0	0	0	0	161	0	0	0	0	0	
637486	0	0	0	0	0	0	143	0	0	0	0	0	
638234	0	0	0	0	0	0	147	0	0	0	0	0	
638982	0	0	0	0	0	0	135	0	0	0	0	0	
639729	0	0	0	0	0	0	137	0	0	0	0	0	
640478	0	0	0	0	0	0	123	0	0	0	0	0	
641229	0	0	0	0	0	0	145	0	0	0	0	0	
641977	0	0	0	0	0	0	133	0	0	0	0	0	
642728	0	0	0	0	0	0	155	0	0	0	0	0	
643477	0	0	0	0	0	0	157	0	0	0	0	0	
644227	0	0	0	0	0	0	131	0	0	0	0	0	
644975	0	0	0	0	0	0	147	0	0	0	0	0	
645723	0	0	0	0	0	2	117	0	0	0	0	0	
646473	0	0	0	0	0	0	147	0	0	0	0	0	
647224	0	0	0	0	0	0	125	0	0	0	0	0	
647975	0	0	0	0	0	0	135	0	0	0	0	0	
648725	0	0	0	0	0	0	133	0	0	0	0	0	
649477	0	0	0	0	0	0	137	0	0	0	0	0	
650223	0	0	0	0	0	0	123	0	0	0	0	0	
650972	0	0	0	0	0	0	153	0	0	0	0	0	
651724	0	0	0	0	0	0	147	0	0	0	0	0	
652476	0	0	0	0	0	0	125	0	0	0	0	0	
653223	0	0	0	0	0	0	135	0	0	0	0	0	
653972	0	0	0	0	0	0	155	0	0	0	0	0	
654721	0	0	0	0	0	0	143	0	0	0	0	0	
655475	0	0	0	0	0	0	157	0	0	0	0	0	
656226	0	0	0	0	0	0	151	0	0	0	0	0	
656975	0	0	0	0	0	0	127	0	0	0	0	0	
657726	0	0	0	0	0	0	143	0	0	0	0	0	
658477	0	0	0	0	0	0	135	0	0	0	0	0	
659232	0	0	0	0	0	0	129	0	0	0	0	0	
659981	0	0	0	0	0	0	135	0	0	0	0	0	
660726	0	0	0	0	0	0	137	0	0	0	0	0	
661476	0	0	0	0	0	0	145	0	0	0	0	0	
662226	0	0	0	0	0	0	143	0	0	0	0	0	
662978	0	0	0	0	0	0	151	0	0	0	0	0	
663728	0	0	0	0	0	0	157	0	0	0	0	0	
664482	0	0	0	0	0	0	143	0	0	0	0	0	
665231	0	0	0	0	0	171	0	0	0	0	0	0	
665980	0	0	0	0	0	177	0	0	0	0	0	0	
666728	0	0	0	0	0	191	0	0	0	0	0	0	
667478	0	0	0	0	0	179	0	0	0	0	0	0	
668230	0	0	0	0	9	182	0	0	0	0	0	0	
668979	0	0	0	0	0	187	0	0	0	0	0	0	
669731	0	0	0	0	0	197	0	0	0	0	0	0	
670483	0	0	0	0	0	159	0	0	0	0	0	0	
671236	0	0	0	0	0	165	0	0	0	0	0	0	
671988	0	0	0	0	0	193	0	0	0	0	0	0	
672738	0	0	0	0	0	147	0	0	0	0	0	0	
673488	0	0	0	0	0	193	0	0	0	0	0	0	
674235	0	0	0	0	0	173	0	0	0	0	0	0	
674985	0	0	0	0	0	157	0	0	0	0	0	0	
675734	0	0	0	0	0	175	0	0	0	0	0	0	
676483	0	0	0	0	0	179	0	0	0	0	0	0	
677234	0	0	0	0	0	167	0	0	0	0	0	0	
677984	0	0	0	0	0	171	0	0	0	0	0	0	
678732	0	0	0	0	0	181	0	0	0	0	0	0	
679482	0	0	0	0	0	173	0	0	0	0	0	0	
680232	0	0	0	0	0	153	0	0	0	0	0	0	
680978	0	0	0	0	0	187	0	0	0	0	0	0	
681722	0	0	0	0	0	169	0	0	0	0	0	0	
682473	0	0	0	0	0	153	0	0	0	0	0	0	
683225	0	0	0	0	0	163	0	0	0	0	0	0	
683976	0	0	0	0	0	185	0	0	0	0	0	0	
684727	0	0	0	0	0	171	0	0	0	0	0	0	
685477	0	0	0	0	0	173	0	0	0	0	0	0	
686226	0	0	0	0	0	175	0	0	0	0	0	0	
686977	0	0	0	0	0	151	0	0	0	0	0	0	
687725	0	0	0	0	0	169	0	0	0	0	0	0	
688477	0	0	0	0	0	185	0	0	0	0	0	0	
689225	0	0	0	0	0	46	97	0	0	0	0	0	
689978	0	0	0	0	0	173	0	0	0	0	0	0	
690728	0	0	0	0	0	145	0	0	0	0	0	0	
691477	0	0	0	0	0	171	0	0	0	0	0	0	
692229	0	0	0	0	0	181	0	0	0	0	0	0	
692978	0	0	0	0	0	167	0	0	0	0	0	0	
693728	0	0	0	0	0	163	0	0	0	0	0	0	
694478	0	0	0	0	0	169	0	0	0	0	0	0	
695227	0	0	0	0	0	181	0	0	0	0	0	0	
695977	0	0	0	0	0	159	0	0	0	0	0	0	
696728	0	0	0	0	0	173	0	0	0	0	0	0	
697478	0	0	0	0	0	179	0	0	0	0	0	0	
698228	0	0	0	0	0	169	0	0	0	0	0	0	
698977	0	0	0	0	0	191	0	0	0	0	0	0	
699729	0	0	0	0	0	171	4	0	0	0	0	0	
700476	0	0	0	0	0	179	0	0	0	0	0	0	
701224	0	0	0	0	0	153	0	0	0	0	0	0	
701975	0	0	0	0	0	175	0	0	0	0	0	0	
702727	0	0	0	0	0	183	0	0	0	0	0	0	
703479	0	0	0	0	0	191	0	0	0	0	0	0	
704228	0	0	0	0	0	183	0	0	0	0	0	0	
704978	0	0	0	0	0	181	0	0	0	0	0	0	
705726	0	0	0	0	0	165	0	0	0	0	0	0	
706477	0	0	0	0	0	147	0	0	0	0	0	0	
707228	0	0	0	0	0	169	0	0	0	0	0	0	
707981	0	0	0	0	0	187	0	0	0	0	0	0	
708730	0	0	0	0	0	187	0	0	0	0	0	0	
709483	0	0	0	0	0	187	0	0	0	0	0	0	
710234	0	0	0	0	0	189	0	0	0	0	0	0	
710986	0	0	0	0	0	193	0	0	0	0	0	0	
711734	0	0	0	0	0	161	0	0	0	0	0	0	
712485	0	0	0	0	0	167	0	0	0	0	0	0	
713233	0	0	0	0	0	172	1	0	0	0	0	0	
713983	0	0	0	0	0	177	0	0	0	0	0	0	
714732	0	0	0	0	0	181	0	0	0	0	0	0	
715484	0	0	0	0	0	167	0	0	0	0	0	0	
716230	0	0	0	0	0	183	0	0	0	0	0	0	
716978	0	0	0	0	0	155	0	0	0	0	0	0	
717730	0	0	0	0	0	183	0	0	0	0	0	0	
718481	0	0	0	0	0	189	0	0	0	0	0	0	
719229	0	0	0	0	0	165	0	0	0	0	0	0	
719981	0	0	0	0	0	179	0	0	0	0	0	0	
720731	0	0	0	0	0	157	0	0	0	0	0	0	
721483	0	0	0	0	0	159	0	0	0	0	0	0	
722232	0	0	0	0	0	183	0	0	0	0	0	0	
722982	0	0	0	0	0	199	0	0	0	0	0	0	
723733	0	0	0	0	0	161	0	0	0	0	0	0	
724484	0	0	0	0	0	169	0	0	0	0	0	0	
725235	0	0	0	0	0	0	123	0	0	0	0	0	
725983	0	0	0	0	0	0	139	0	0	0	0	0	
726731	0	0	0	0	0	0	143	0	0	0	0	0	
727483	0	0	0	0	0	24	111	0	0	0	0	0	
728229	0	0	0	0	0	0	151	0	0	0	0	0	
728978	0	0	0	0	0	0	149	0	0	0	0	0	
729727	0	0	0	0	0	0	131	0	0	0	0	0	
730477	0	0	0	0	0	0	137	0	0	0	0	0	
731230	0	0	0	0	0	0	139	0	0	0	0	0	
731977	0	0	0	0	0	0	153	0	0	0	0	0	
732730	0	0	0	0	0	0	139	0	0	0	0	0	
733478	0	0	0	0	0	0	141	0	0	0	0	0	
734228	0	0	0	0	0	0	145	0	0	0	0	0	
734976	0	0	0	0	0	0	147	0	0	0	0	0	
735729	0	0	0	0	0	0	123	0	0	0	0	0	
736477	0	0	0	0	0	0	161	0	0	0	0	0	
737226	0	0	0	0	0	0	159	0	0	0	0	0	
737977	0	0	0	0	0	0	123	0	0	0	0	0	
738728	0	0	0	0	0	0	125	0	0	0	0	0	
739478	0	0	0	0	0	0	127	0	0	0	0	0	
740225	0	0	0	0	0	0	143	0	0	0	0	0	
740974	0	0	0	0	0	0	135	0	0	0	0	0	
741727	0	0	0	0	0	0	155	0	0	0	0	0	
742473	0	0	0	0	0	0	171	0	0	0	0	0	
743222	0	0	0	0	0	0	161	0	0	0	0	0	
743973	0	0	0	0	0	0	123	0	0	0	0	0	
744720	0	0	0	0	0	0	141	0	0	0	0	0	
745470	0	0	0	0	0	0	171	0	0	0	0	0	
746220	0	0	0	0	0	0	139	0	0	0	0	0	
746967	0	0	0	0	0	0	119	0	0	0	0	0	
747716	0	0	0	0	0	0	115	0	0	0	0	0	
748466	0	0	0	0	0	0	141	0	0	0	0	0	
749214	0	0	0	0	0	0	137	0	0	0	0	0	
749966	0	0	0	0	0	0	161	0	0	0	0	0	
750716	0	0	0	0	0	0	157	0	0	0	0	0	
751464	0	0	0	0	0	0	145	0	0	0	0	0	
752214	0	0	0	0	0	0	139	0	0	0	0	0	
752966	0	0	0	0	0	0	157	0	0	0	0	0	
753717	0	0	0	0	0	0	131	0	0	0	0	0	
754465	0	0	0	0	0	0	145	0	0	0	0	0	
755212	0	0	0	0	0	0	143	0	0	0	0	0	
755960	0	0	0	0	0	0	135	0	0	0	0	0	
756710	0	0	0	0	0	0	149	0	0	0	0	0	
757459	0	0	0	0	0	0	155	0	0	0	0	0	
758206	0	0	0	0	0	0	133	0	0	0	0	0	
758957	0	0	0	0	0	0	133	0	0	0	0	0	
759705	0	0	0	0	0	0	0	109	0	0	0	0	
760457	0	0	0	0	0	0	0	129	0	0	0	0	
761206	0	0	0	0	0	0	0	13	92	0	0	0	
761957	0	0	0	0	0	0	0	0	83	0	0	0	
762705	0	0	0	0	0	0	0	0	87	0	0	0	
763452	0	0	0	0	0	0	0	0	91	0	0	0	
764203	0	0	0	0	0	0	0	0	101	0	0	0	
764954	0	0	0	0	0	0	0	0	81	0	0	0	
765707	0	0	0	0	0	0	0	93	0	0	0	0	
766459	0	0	0	0	0	0	0	117	0	0	0	0	
767213	0	0	0	0	0	0	0	117	0	0	0	0	
767962	0	0	0	0	0	0	0	109	0	0	0	0	
768711	0	0	0	0	0	0	0	121	0	0	0	0	
769460	0	0	0	0	0	0	0	125	0	0	0	0	
770212	0	0	0	0	0	0	0	113	0	0	0	0	
770960	0	0	0	0	0	0	0	117	0	0	0	0	
771716	0	0	0	0	0	0	0	111	0	0	0	0	
772469	0	0	0	0	0	0	0	99	0	0	0	0	
773222	0	0	0	0	0	0	0	117	0	0	0	0	
773976	0	0	0	0	0	0	0	105	0	0	0	0	
774725	0	0	0	0	0	0	0	109	0	0	0	0	
775477	0	0	0	0	0	0	0	89	0	0	0	0	
776228	0	0	0	0	0	0	0	137	0	0	0	0	
776977	0	0	0	0	0	0	0	127	0	0	0	0	
777727	0	0	0	0	0	0	125	0	0	0	0	0	
778478	0	0	0	0	0	0	139	0	0	0	0	0	
779229	0	0	0	0	0	0	153	0	0	0	0	0	
779979	0	0	0	0	0	0	161	0	0	0	0	0	
780729	0	0	0	0	0	0	153	0	0	0	0	0	
781482	0	0	0	0	0	0	161	0	0	0	0	0	
782229	0	0	0	0	0	0	137	0	0	0	0	0	
782979	0	0	0	0	0	0	151	0	0	0	0	0	
783725	0	0	0	0	0	0	135	0	0	0	0	0	
784477	0	0	0	0	0	0	141	0	0	0	0	0	
785225	0	0	0	0	0	0	159	0	0	0	0	0	
785978	0	0	0	0	0	0	145	0	0	0	0	0	
786732	0	0	0	0	0	0	147	0	0	0	0	0	
787483	0	0	0	0	0	0	121	0	0	0	0	0	
788235	0	0	0	0	0	0	131	0	0	0	0	0	
788984	0	0	0	0	0	0	139	0	0	0	0	0	
789736	0	0	0	0	0	0	147	0	0	0	0	0	
790486	0	0	0	0	0	0	153	0	0	0	0	0	
791234	0	0	0	0	0	0	127	0	0	0	0	0	
791982	0	0	0	0	0	0	127	0	0	0	0	0	
792732	0	0	0	0	0	0	169	0	0	0	0	0	
793483	0	0	0	0	0	0	155	0	0	0	0	0	
794231	0	0	0	0	0	0	0	107	0	0	0	0	
794978	0	0	0	0	0	0	0	99	0	0	0	0	
795729	0	0	0	0	0	0	115	0	0	0	0	0	
796479	0	0	0	0	0	0	147	0	0	0	0	0	
797228	0	0	0	0	0	0	147	0	0	0	0	0	
797977	0	0	0	0	0	0	137	0	0	0	0	0	
798728	0	0	0	0	0	0	135	0	0	0	0	0	
799477	0	0	0	0	0	0	149	0	0	0	0	0	
800226	0	0	0	0	0	0	143	0	0	0	0	0	
800979	0	0	0	0	0	0	147	0	0	0	0	0	
801727	0	0	0	0	0	0	173	0	0	0	0	0	
802477	0	0	0	0	0	0	141	0	0	0	0	0	
803228	0	0	0	0	0	0	145	0	0	0	0	0	
803981	0	0	0	0	0	0	157	0	0	0	0	0	
804734	0	0	0	0	0	0	141	0	0	0	0	0	
805485	0	0	0	0	0	0	129	0	0	0	0	0	
806235	0	0	0	0	0	0	133	0	0	0	0	0	
806982	0	0	0	0	0	0	93	44	0	0	0	0	
807734	0	0	0	0	0	0	155	0	0	0	0	0	
808485	0	0	0	0	0	0	177	0	0	0	0	0	
809234	0	0	0	0	0	0	153	0	0	0	0	0	
809984	0	0	0	0	0	0	135	0	0	0	0	0	
810737	0	0	0	0	0	0	145	0	0	0	0	0	
811489	0	0	0	0	0	0	139	0	0	0	0	0	
812236	0	0	0	0	0	0	149	0	0	0	0	0	
812985	0	0	0	0	0	0	143	0	0	0	0	0	
813734	0	0	0	0	0	0	153	0	0	0	0	0	
814485	0	0	0	0	0	0	135	0	0	0	0	0	
815234	0	0	0	0	0	0	137	0	0	0	0	0	
815982	0	0	0	0	0	0	153	0	0	0	0	0	
816729	0	0	0	0	0	0	161	0	0	0	0	0	
817475	0	0	0	0	0	0	131	0	0	0	0	0	
818226	0	0	0	0	0	0	145	0	0	0	0	0	
818978	0	0	0	0	0	0	149	0	0	0	0	0	
819729	0	0	0	0	0	0	161	0	0	0	0	0	
820481	0	0	0	0	0	0	151	0	0	0	0	0	
821233	0	0	0	0	0	0	157	0	0	0	0	0	
821984	0	0	0	0	0	0	153	0	0	0	0	0	
822735	0	0	0	0	0	0	139	0	0	0	0	0	
823487	0	0	0	0	0	0	147	0	0	0	0	0	
824237	0	0	0	0	0	0	151	0	0	0	0	0	
824987	0	0	0	0	0	0	153	0	0	0	0	0	
825735	0	0	0	0	0	0	115	0	0	0	0	0	
826483	0	0	0	0	0	0	137	0	0	0	0	0	
827238	0	0	0	0	0	33	120	0	0	0	0	0	
827990	0	0	0	0	0	0	135	0	0	0	0	0	
828739	0	0	0	0	0	0	19	92	0	0	0	0	
829492	0	0	0	0	0	0	42	75	0	0	0	0	
830246	0	0	0	0	0	0	0	113	0	0	0	0	
831000	0	0	0	0	0	0	0	107	0	0	0	0	
831751	0	0	0	0	0	0	0	107	0	0	0	0	
832496	0	0	0	0	0	0	0	105	0	0	0	0	
833244	0	0	0	0	0	0	0	117	0	0	0	0	
833995	0	0	0	0	0	0	0	111	0	0	0	0	
834746	0	0	0	0	0	0	0	105	0	0	0	0	
835495	0	0	0	0	0	0	0	117	0	0	0	0	
836249	0	0	0	0	0	0	0	119	0	0	0	0	
836999	0	0	0	0	0	0	0	115	0	0	0	0	
837754	0	0	0	0	0	0	0	119	0	0	0	0	
838506	0	0	0	0	0	0	0	105	0	0	0	0	
839258	0	0	0	0	0	0	0	117	0	0	0	0	
840007	0	0	0	0	0	0	0	113	0	0	0	0	
840755	0	0	0	0	0	0	0	115	0	0	0	0	
841507	0	0	0	0	0	0	0	99	0	0	0	0	
842254	0	0	0	0	0	0	0	117	0	0	0	0	
843007	0	0	0	0	0	0	0	97	0	0	0	0	
843761	0	0	0	0	0	0	0	91	0	0	0	0	
844513	0	0	0	0	0	0	0	117	0	0	0	0	
845264	0	0	0	0	0	0	0	113	0	0	0	0	
846015	0	0	0	0	0	0	0	117	0	0	0	0	
846765	0	0	0	0	0	0	0	117	0	0	0	0	
847513	0	0	0	0	0	0	0	131	0	0	0	0	
848263	0	0	0	0	0	0	0	123	0	0	0	0	
849015	0	0	0	0	0	0	0	105	0	0	0	0	
849765	0	0	0	0	0	0	0	111	0	0	0	0	
850514	0	0	0	0	0	0	0	121	0	0	0	0	
851263	0	0	0	0	0	0	0	127	0	0	0	0	
852012	0	0	0	0	0	0	0	111	0	0	0	0	
852766	0	0	0	0	0	0	0	123	0	0	0	0	
853518	0	0	0	0	0	0	0	119	0	0	0	0	
854266	0	0	0	0	0	0	0	119	0	0	0	0	
855018	0	0	0	0	0	0	0	129	0	0	0	0	
855766	0	0	0	0	0	0	0	103	0	0	0	0	
856515	0	0	0	0	0	0	0	125	0	0	0	0	
857263	0	0	0	0	0	0	0	125	0	0	0	0	
858015	0	0	0	0	0	0	0	0	97	0	0	0	
858766	0	0	0	0	0	0	0	0	111	0	0	0	
859517	0	0	0	0	0	0	0	0	89	0	0	0	
860263	0	0	0	0	0	0	0	0	89	0	0	0	
861016	0	0	0	0	0	0	0	0	77	0	0	0	
861764	0	0	0	0	0	0	0	0	107	0	0	0	
862515	0	0	0	0	0	0	0	0	95	0	0	0	
863264	0	0	0	0	0	0	0	0	97	0	0	0	
864019	0	0	0	0	0	0	0	0	93	0	0	0	
864768	0	0	0	0	0	0	0	0	111	0	0	0	
865519	0	0	0	0	0	0	0	0	105	0	0	0	
866269	0	0	0	0	0	0	0	0	75	0	0	0	
867016	0	0	0	0	0	0	0	0	73	0	0	0	
867767	0	0	0	0	0	0	0	0	97	0	0	0	
868517	0	0	0	0	0	0	0	0	93	0	0	0	
869267	0	0	0	0	0	0	0	0	79	0	0	0	
870017	0	0	0	0	0	0	0	0	105	0	0	0	
870765	0	0	0	0	0	0	0	0	87	0	0	0	
871515	0	0	0	0	0	0	0	0	95	0	0	0	
872267	0	0	0	0	0	0	0	0	91	0	0	0	
873017	0	0	0	0	0	0	0	0	89	0	0	0	
873768	0	0	0	0	0	0	0	0	95	0	0	0	
874521	0	0	0	0	0	0	0	0	89	0	0	0	
875268	0	0	0	0	0	0	0	0	83	0	0	0	
876016	0	0	0	0	0	0	0	0	95	0	0	0	
876762	0	0	0	0	0	0	0	0	89	0	0	0	
877514	0	0	0	0	0	0	0	0	103	0	0	0	
878262	0	0	0	0	0	0	0	0	109	0	0	0	
879014	0	0	0	0	0	0	0	0	85	0	0	0	
879763	0	0	0	0	0	0	0	0	115	0	0	0	
880511	0	0	0	0	0	0	0	0	91	0	0	0	
881261	0	0	0	0	0	0	0	0	83	0	0	0	
882012	0	0	0	0	0	0	0	0	109	0	0	0	
882763	0	0	0	0	0	0	0	0	93	0	0	0	
883516	0	0	0	0	0	0	0	0	91	0	0	0	
884268	0	0	0	0	0	0	0	0	101	0	0	0	
885017	0	0	0	0	0	0	0	0	95	0	0	0	
885766	0	0	0	0	0	0	0	0	77	0	0	0	
886516	0	0	0	0	0	0	0	0	85	0	0	0	
887264	0	0	0	0	0	0	0	0	97	0	0	0	
888013	0	0	0	0	0	0	0	0	83	0	0	0	
888763	0	0	0	0	0	0	0	0	107	0	0	0	
889512	0	0	0	0	0	0	0	0	101	0	0	0	
890261	0	0	0	0	0	0	0	0	91	0	0	0	
891013	0	0	0	0	0	0	0	0	125	0	0	0	
891762	0	0	0	0	0	0	0	0	95	0	0	0	
892513	0	0	0	0	0	0	0	0	77	0	0	0	
893266	0	0	0	0	0	0	0	0	89	0	0	0	
894017	0	0	0	0	0	0	0	0	93	0	0	0	
894764	0	0	0	0	0	0	0	0	85	0	0	0	
895514	0	0	0	0	0	0	0	0	91	0	0	0	
896262	0	0	0	0	0	0	0	0	99	0	0	0	
897014	0	0	0	0	0	0	0	0	101	0	0	0	
897766	0	0	0	0	0	0	0	0	87	0	0	0	
898518	0	0	0	0	0	0	0	0	111	0	0	0	
899268	0	0	0	0	0	0	0	0	93	0	0	0	
900016	0	0	0	0	0	0	0	0	95	0	0	0	
900766	0	0	0	0	0	0	0	0	79	0	0	0	
901517	0	0	0	0	0	0	0	0	107	0	0	0	
902266	0	0	0	0	0	0	0	0	97	0	0	0	
903014	0	0	0	0	0	0	0	0	93	0	0	0	
903764	0	0	0	0	0	0	0	0	103	0	0	0	
904512	0	0	0	0	0	0	0	0	105	0	0	0	
905257	0	0	0	0	0	0	0	0	99	0	0	0	
906007	0	0	0	0	0	0	0	0	99	0	0	0	
906757	0	0	0	0	0	0	0	0	95	0	0	0	
907504	0	0	0	0	0	0	0	0	107	0	0	0	
908253	0	0	0	0	0	0	0	0	87	0	0	0	
909007	0	0	0	0	0	0	0	0	95	0	0	0	
909755	0	0	0	0	0	0	0	151	0	0	0	0	
910508	0	0	0	0	0	0	0	107	0	0	0	0	
911259	0	0	0	0	0	0	0	125	0	0	0	0	
912005	0	0	0	0	0	0	0	109	0	0	0	0	
912755	0	0	0	0	0	0	0	87	0	0	0	0	
913505	0	0	0	0	0	0	0	91	0	0	0	0	
914255	0	0	0	0	0	0	0	101	0	0	0	0	
915004	0	0	0	0	0	0	0	125	0	0	0	0	
915752	0	0	0	0	0	0	0	123	0	0	0	0	
916500	0	0	0	0	0	0	0	101	0	0	0	0	
917250	0	0	0	0	0	0	141	0	0	0	0	0	
917995	0	0	0	0	0	0	131	0	0	0	0	0	
918746	0	0	0	0	0	0	130	31	0	0	0	0	
919495	0	0	0	0	0	0	0	127	0	0	0	0	
920244	0	0	0	0	0	0	153	0	0	0	0	0	
920993	0	0	0	0	0	0	139	0	0	0	0	0	
921742	0	0	0	0	0	0	153	0	0	0	0	0	
922493	0	0	0	0	0	0	145	0	0	0	0	0	
923242	0	0	0	0	0	0	131	0	0	0	0	0	
923992	0	0	0	0	0	0	165	0	0	0	0	0	
924741	0	0	0	0	0	0	139	0	0	0	0	0	
925490	0	0	0	0	0	0	147	0	0	0	0	0	
926239	0	0	0	0	0	4	131	0	0	0	0	0	
926990	0	0	0	0	0	0	149	0	0	0	0	0	
927743	0	0	0	0	0	0	155	0	0	0	0	0	
928494	0	0	0	0	0	0	139	0	0	0	0	0	
929242	0	0	0	0	0	0	157	0	0	0	0	0	
929995	0	0	0	0	0	24	131	0	0	0	0	0	
930742	0	0	0	0	0	183	0	0	0	0	0	0	
931492	0	0	0	0	0	175	0	0	0	0	0	0	
932241	0	0	0	0	0	193	0	0	0	0	0	0	
932992	0	0	0	0	0	189	0	0	0	0	0	0	
933743	0	0	0	0	0	153	0	0	0	0	0	0	
934496	0	0	0	0	0	183	4	0	0	0	0	0	
935248	0	0	0	0	0	179	0	0	0	0	0	0	
936003	0	0	0	0	0	150	15	0	0	0	0	0	
936753	0	0	0	0	0	170	3	0	0	0	0	0	
937500	0	0	0	0	0	197	0	0	0	0	0	0	
938253	0	0	0	0	0	171	0	0	0	0	0	0	
939002	0	0	0	0	0	165	0	0	0	0	0	0	
939750	0	0	0	0	0	155	0	0	0	0	0	0	
940501	0	0	0	0	0	171	0	0	0	0	0	0	
941253	0	0	0	0	0	159	0	0	0	0	0	0	
942008	0	0	0	0	0	165	0	0	0	0	0	0	
942758	0	0	0	0	0	173	0	0	0	0	0	0	
943509	0	0	0	0	0	145	0	0	0	0	0	0	
944255	0	0	0	0	0	193	0	0	0	0	0	0	
945004	0	0	0	0	0	159	0	0	0	0	0	0	
945755	0	0	0	0	0	141	0	0	0	0	0	0	
946505	0	0	0	0	187	0	0	0	0	0	0	0	
947252	0	0	0	0	211	0	0	0	0	0	0	0	
948005	0	0	0	0	207	0	0	0	0	0	0	0	
948755	0	0	0	0	217	0	0	0	0	0	0	0	
949503	0	0	0	0	217	0	0	0	0	0	0	0	
950253	0	0	0	0	217	0	0	0	0	0	0	0	
951003	0	0	0	0	0	181	0	0	0	0	0	0	
951751	0	0	0	0	0	161	0	0	0	0	0	0	
952503	0	0	0	0	0	173	0	0	0	0	0	0	
953254	0	0	0	0	0	193	0	0	0	0	0	0	
954003	0	0	0	0	0	179	0	0	0	0	0	0	
954751	0	0	0	0	0	169	0	0	0	0	0	0	
955498	0	0	0	0	0	179	0	0	0	0	0	0	
956247	0	0	0	0	0	149	0	0	0	0	0	0	
956997	0	0	0	0	0	167	0	0	0	0	0	0	
957749	0	0	0	0	0	155	0	0	0	0	0	0	
958501	0	0	0	0	0	169	0	0	0	0	0	0	
959248	0	0	0	0	0	173	0	0	0	0	0	0	
959999	0	0	0	0	0	173	0	0	0	0	0	0	
960751	0	0	0	0	0	161	0	0	0	0	0	0	
961503	0	0	0	0	0	179	0	0	0	0	0	0	
962251	0	0	0	0	0	171	0	0	0	0	0	0	
962999	0	0	0	0	0	163	0	0	0	0	0	0	
963749	0	0	0	0	0	185	0	0	0	0	0	0	
964502	0	0	0	0	0	185	0	0	0	0	0	0	
965255	0	0	0	0	0	177	0	0	0	0	0	0	
966001	0	0	0	0	0	157	0	0	0	0	0	0	
966753	0	0	0	0	0	185	0	0	0	0	0	0	
967504	0	0	0	0	0	179	0	0	0	0	0	0	
968251	0	0	0	0	0	185	0	0	0	0	0	0	
969003	0	0	0	0	0	189	0	0	0	0	0	0	
969754	0	0	0	0	0	175	0	0	0	0	0	0	
970501	0	0	0	0	0	175	0	0	0	0	0	0	
971252	0	0	0	0	0	195	0	0	0	0	0	0	
972001	0	0	0	0	0	183	0	0	0	0	0	0	
972752	0	0	0	0	0	153	0	0	0	0	0	0	
973501	0	0	0	0	0	161	0	0	0	0	0	0	
974256	0	0	0	0	0	149	0	0	0	0	0	0	
975002	0	0	0	0	0	191	0	0	0	0	0	0	
975754	0	0	0	0	0	163	0	0	0	0	0	0	
976506	0	0	0	0	0	159	0	0	0	0	0	0	
977255	0	0	0	0	0	201	0	0	0	0	0	0	
978005	0	0	0	0	106	85	0	0	0	0	0	0	
978756	0	0	0	0	241	0	0	0	0	0	0	0	
979504	0	0	0	0	201	0	0	0	0	0	0	0	
980256	0	0	0	0	229	0	0	0	0	0	0	0	
981006	0	0	0	0	215	0	0	0	0	0	0	0	
981755	0	0	0	0	0	185	0	0	0	0	0	0	
982507	0	0	0	0	0	177	0	0	0	0	0	0	
983260	0	0	0	0	0	171	0	0	0	0	0	0	
984012	0	0	0	0	0	183	0	0	0	0	0	0	
984763	0	0	0	0	0	151	0	0	0	0	0	0	
985513	0	0	0	0	0	189	0	0	0	0	0	0	
986263	0	0	0	0	0	171	0	0	0	0	0	0	
987013	0	0	0	0	0	165	0	0	0	0	0	0	
987764	0	0	0	0	0	211	0	0	0	0	0	0	
988514	0	0	0	0	0	195	0	0	0	0	0	0	
989265	0	0	0	0	0	205	0	0	0	0	0	0	
990017	0	0	0	0	0	189	0	0	0	0	0	0	
990769	0	0	0	0	0	171	0	0	0	0	0	0	
991523	0	0	0	0	0	155	0	0	0	0	0	0	
992271	0	0	0	0	0	161	0	0	0	0	0	0	
993020	0	0	0	0	0	195	0	0	0	0	0	0	
993772	0	0	0	0	0	191	0	0	0	0	0	0	
994524	0	0	0	0	0	191	0	0	0	0	0	0	
995272	0	0	0	0	0	167	0	0	0	0	0	0	
996025	0	0	0	0	0	179	0	0	0	0	0	0	
996776	0	0	0	0	0	175	0	0	0	0	0	0	
997525	0	0	0	0	0	171	0	0	0	0	0	0	
998280	0	0	0	0	0	157	0	0	0	0	0	0	
999030	0	0	0	0	0	177	0	0	0	0	0	0	
999775	0	0	0	0	0	185	0	0	0	0	0	0	
1.00053e+06	0	0	0	0	0	195	0	0	0	0	0	0	
1.00127e+06	0	0	0	0	0	159	0	0	0	0	0	0	
1.00202e+06	0	0	0	0	0	187	0	0	0	0	0	0	
1.00277e+06	0	0	0	0	0	163	0	0	0	0	0	0	
1.00352e+06	0	0	0	0	0	175	0	0	0	0	0	0	
1.00426e+06	0	0	0	0	0	183	0	0	0	0	0	0	
1.00501e+06	0	0	0	0	0	179	0	0	0	0	0	0	
1.00576e+06	0	0	0	0	0	173	0	0	0	0	0	0	
1.00651e+06	0	0	0	0	0	179	0	0	0	0	0	0	
1.00725e+06	0	0	0	0	0	171	0	0	0	0	0	0	
1.008e+06	0	0	0	0	0	173	0	0	0	0	0	0	
1.00875e+06	0	0	0	0	0	159	0	0	0	0	0	0	
1.0095e+06	0	0	0	0	0	165	0	0	0	0	0	0	
1.01025e+06	0	0	0	0	0	181	0	0	0	0	0	0	
1.011e+06	0	0	0	0	0	173	0	0	0	0	0	0	
1.01175e+06	0	0	0	0	0	0	151	0	0	0	0	0	
1.0125e+06	0	0	0	0	0	0	147	0	0	0	0	0	
1.01325e+06	0	0	0	0	0	0	131	0	0	0	0	0	
1.014e+06	0	0	0	0	0	0	141	0	0	0	0	0	
1.01475e+06	0	0	0	0	0	0	131	0	0	0	0	0	
1.01549e+06	0	0	0	0	0	0	135	0	0	0	0	0	
1.01624e+06	0	0	0	0	0	0	121	0	0	0	0	0	
1.017e+06	0	0	0	0	0	0	157	0	0	0	0	0	
1.01775e+06	0	0	0	0	0	0	163	0	0	0	0	0	
1.0185e+06	0	0	0	0	0	0	143	0	0	0	0	0	
1.01924e+06	0	0	0	0	0	0	141	0	0	0	0	0	
1.01999e+06	0	0	0	0	0	0	151	0	0	0	0	0	
1.02075e+06	0	0	0	0	0	0	147	0	0	0	0	0	
1.02149e+06	0	0	0	0	0	0	175	0	0	0	0	0	
1.02224e+06	0	0	0	0	0	0	151	0	0	0	0	0	
1.023e+06	0	0	0	0	0	0	151	0	0	0	0	0	
1.02375e+06	0	0	0	0	0	0	129	0	0	0	0	0	
1.02449e+06	0	0	0	0	0	0	133	0	0	0	0	0	
1.02524e+06	0	0	0	0	0	0	155	0	0	0	0	0	
1.02599e+06	0	0	0	0	0	0	151	0	0	0	0	0	
1.02674e+06	0	0	0	0	0	0	141	0	0	0	0	0	
1.02749e+06	0	0	0	0	0	0	149	0	0	0	0	0	
1.02824e+06	0	0	0	0	0	0	157	0	0	0	0	0	
1.02899e+06	0	0	0	0	0	0	139	0	0	0	0	0	
1.02973e+06	0	0	0	0	0	0	149	0	0	0	0	0	
1.03048e+06	0	0	0	0	0	0	143	0	0	0	0	0	
1.03123e+06	0	0	0	0	0	0	139	0	0	0	0	0	
1.03198e+06	0	0	0	0	0	0	127	0	0	0	0	0	
1.03273e+06	0	0	0	0	0	0	147	0	0	0	0	0	
1.03347e+06	0	0	0	0	0	0	143	0	0	0	0	0	
1.03422e+06	0	0	0	0	0	0	137	0	0	0	0	0	
1.03497e+06	0	0	0	0	0	0	141	0	0	0	0	0	
1.03572e+06	0	0	0	0	0	0	137	0	0	0	0	0	
1.03648e+06	0	0	0	0	0	0	133	0	0	0	0	0	
1.03722e+06	0	0	0	0	0	0	131	0	0	0	0	0	
1.03797e+06	0	0	0	0	0	0	161	0	0	0	0	0	
1.03872e+06	0	0	0	0	0	0	119	0	0	0	0	0	
1.03946e+06	0	0	0	0	0	0	141	0	0	0	0	0	
1.04022e+06	0	0	0	0	0	0	131	0	0	0	0	0	
1.04096e+06	0	0	0	0	0	0	141	0	0	0	0	0	
1.04171e+06	0	0	0	0	0	0	131	0	0	0	0	0	
1.04247e+06	0	0	0	0	0	0	159	0	0	0	0	0	
1.04322e+06	0	0	0	0	0	0	137	0	0	0	0	0	
1.04397e+06	0	0	0	0	0	0	145	0	0	0	0	0	
1.04472e+06	0	0	0	0	0	0	139	0	0	0	0	0	
1.04547e+06	0	0	0	0	0	0	145	0	0	0	0	0	
1.04622e+06	0	0	0	0	0	0	133	0	0	0	0	0	
1.04697e+06	0	0	0	0	0	0	143	0	0	0	0	0	
1.04772e+06	0	0	0	0	0	0	139	0	0	0	0	0	
1.04847e+06	0	0	0	0	0	0	165	0	0	0	0	0	
1.04922e+06	0	0	0	0	0	0	141	0	0	0	0	0	
1.04997e+06	0	0	0	0	0	0	137	0	0	0	0	0	
1.05072e+06	0	0	0	0	0	0	153	0	0	0	0	0	
1.05147e+06	0	0	0	0	0	0	135	0	0	0	0	0	
1.05221e+06	0	0	0	0	0	0	143	0	0	0	0	0	
1.05296e+06	0	0	0	0	0	0	133	0	0	0	0	0	
1.05372e+06	0	0	0	0	0	0	137	0	0	0	0	0	
1.05446e+06	0	0	0	0	0	0	147	0	0	0	0	0	
1.05522e+06	0	0	0	0	0	0	159	0	0	0	0	0	
1.05597e+06	0	0	0	0	0	0	125	0	0	0	0	0	
1.05672e+06	0	0	0	0	0	207	0	0	0	0	0	0	
1.05747e+06	0	0	0	0	0	157	0	0	0	0	0	0	
1.05822e+06	0	0	0	0	0	175	0	0	0	0	0	0	
1.05897e+06	0	0	0	0	0	181	0	0	0	0	0	0	
1.05972e+06	0	0	0	0	0	155	0	0	0	0	0	0	
1.06047e+06	0	0	0	0	0	143	0	0	0	0	0	0	
1.06122e+06	0	0	0	0	0	167	0	0	0	0	0	0	
1.06197e+06	0	0	0	0	0	193	0	0	0	0	0	0	
1.06272e+06	0	0	0	0	0	193	0	0	0	0	0	0	
1.06347e+06	0	0	0	0	0	199	0	0	0	0	0	0	
1.06422e+06	0	0	0	0	0	163	0	0	0	0	0	0	
1.06497e+06	0	0	0	0	0	169	0	0	0	0	0	0	
1.06572e+06	0	0	0	0	0	189	0	0	0	0	0	0	
1.06647e+06	0	0	0	0	0	209	0	0	0	0	0	0	
1.06722e+06	0	0	0	0	0	197	0	0	0	0	0	0	
1.06797e+06	0	0	0	0	0	165	0	0	0	0	0	0	
1.06872e+06	0	0	0	0	0	149	0	0	0	0	0	0	
1.06947e+06	0	0	0	0	0	181	0	0	0	0	0	0	
1.07022e+06	0	0	0	0	0	161	0	0	0	0	0	0	
1.07097e+06	0	0	0	0	213	0	0	0	0	0	0	0	
1.07172e+06	0	0	0	0	217	0	0	0	0	0	0	0	
1.07247e+06	0	0	0	0	211	0	0	0	0	0	0	0	
1.07322e+06	0	0	0	0	217	0	0	0	0	0	0	0	
1.07397e+06	0	0	0	0	227	0	0	0	0	0	0	0	
1.07473e+06	0	0	0	0	215	0	0	0	0	0	0	0	
1.07548e+06	0	0	0	0	209	0	0	0	0	0	0	0	
1.07623e+06	0	0	0	0	231	0	0	0	0	0	0	0	
1.07698e+06	0	0	0	0	219	0	0	0	0	0	0	0	
1.07773e+06	0	0	0	0	223	0	0	0	0	0	0	0	
1.07848e+06	0	0	0	0	215	0	0	0	0	0	0	0	
1.07923e+06	0	0	0	0	211	0	0	0	0	0	0	0	
1.07998e+06	0	0	0	0	235	0	0	0	0	0	0	0	
1.08072e+06	0	0	0	0	197	0	0	0	0	0	0	0	
1.08147e+06	0	0	0	0	207	0	0	0	0	0	0	0	
1.08222e+06	0	0	0	0	207	0	0	0	0	0	0	0	
1.08297e+06	0	0	0	0	211	0	0	0	0	0	0	0	
1.08372e+06	0	0	0	0	201	0	0	0	0	0	0	0	
1.08448e+06	0	0	0	0	189	0	0	0	0	0	0	0	
1.08523e+06	0	0	0	135	98	0	0	0	0	0	0	0	
1.08598e+06	0	0	18	281	0	0	0	0	0	0	0	0	
1.08672e+06	0	0	0	265	0	0	0	0	0	0	0	0	
1.08747e+06	0	0	0	255	0	0	0	0	0	0	0	0	
1.08822e+06	0	0	0	253	0	0	0	0	0	0	0	0	
1.08897e+06	0	0	0	239	36	0	0	0	0	0	0	0	
1.08972e+06	0	0	0	0	235	0	0	0	0	0	0	0	
1.09047e+06	0	0	0	0	185	0	0	0	0	0	0	0	
1.09122e+06	0	0	0	0	195	0	0	0	0	0	0	0	
1.09197e+06	0	0	0	0	209	0	0	0	0	0	0	0	
1.09272e+06	0	0	0	0	211	0	0	0	0	0	0	0	
1.09347e+06	0	0	0	0	203	0	0	0	0	0	0	0	
1.09422e+06	0	0	0	0	227	0	0	0	0	0	0	0	
1.09497e+06	0	0	0	0	215	0	0	0	0	0	0	0	
1.09572e+06	0	0	0	0	193	0	0	0	0	0	0	0	
1.09646e+06	0	0	0	0	245	0	0	0	0	0	0	0	
1.09721e+06	0	0	0	0	211	0	0	0	0	0	0	0	
1.09796e+06	0	0	0	0	227	0	0	0	0	0	0	0	
1.09871e+06	0	0	0	0	203	0	0	0	0	0	0	0	
1.09947e+06	0	0	0	0	215	0	0	0	0	0	0	0	
1.10021e+06	0	0	0	0	237	0	0	0	0	0	0	0	
1.10096e+06	0	0	0	0	205	0	0	0	0	0	0	0	
1.10171e+06	0	0	0	0	230	3	0	0	0	0	0	0	
1.10246e+06	0	0	0	0	207	0	0	0	0	0	0	0	
1.10322e+06	0	0	0	0	223	0	0	0	0	0	0	0	
1.10397e+06	0	0	0	0	227	0	0	0	0	0	0	0	
1.10471e+06	0	0	0	0	221	0	0	0	0	0	0	0	
1.10546e+06	0	0	0	0	205	0	0	0	0	0	0	0	
1.10621e+06	0	0	0	0	223	0	0	0	0	0	0	0	
1.10696e+06	0	0	0	0	197	0	0	0	0	0	0	0	
1.10771e+06	0	0	0	0	219	0	0	0	0	0	0	0	
1.10846e+06	0	0	0	0	217	0	0	0	0	0	0	0	
1.10921e+06	0	0	0	0	235	0	0	0	0	0	0	0	
1.10996e+06	0	0	0	0	217	0	0	0	0	0	0	0	
1.11071e+06	0	0	0	0	231	0	0	0	0	0	0	0	
1.11146e+06	0	0	0	0	201	0	0	0	0	0	0	0	
1.11221e+06	0	0	0	0	223	0	0	0	0	0	0	0	
1.11296e+06	0	0	0	0	211	0	0	0	0	0	0	0	
1.11371e+06	0	0	0	0	215	0	0	0	0	0	0	0	
1.11446e+06	0	0	0	0	205	0	0	0	0	0	0	0	
1.11521e+06	0	0	0	0	231	0	0	0	0	0	0	0	
1.11596e+06	0	0	0	0	207	0	0	0	0	0	0	0	
1.11671e+06	0	0	0	0	215	0	0	0	0	0	0	0	
1.11745e+06	0	0	0	0	227	0	0	0	0	0	0	0	
1.1182e+06	0	0	0	0	183	0	0	0	0	0	0	0	
1.11895e+06	0	0	0	0	209	0	0	0	0	0	0	0	
1.1197e+06	0	0	0	0	201	0	0	0	0	0	0	0	
1.12045e+06	0	0	0	0	177	0	0	0	0	0	0	0	
1.1212e+06	0	0	0	0	207	0	0	0	0	0	0	0	
1.12195e+06	0	0	0	0	227	0	0	0	0	0	0	0	
1.1227e+06	0	0	0	0	219	0	0	0	0	0	0	0	
1.12345e+06	0	0	0	5	230	0	0	0	0	0	0	0	
1.1242e+06	0	0	0	0	233	0	0	0	0	0	0	0	
1.12495e+06	0	0	0	1	200	0	0	0	0	0	0	0	
1.1257e+06	0	0	0	0	191	0	0	0	0	0	0	0	
1.12645e+06	0	0	0	0	203	0	0	0	0	0	0	0	
1.1272e+06	0	0	0	0	197	0	0	0	0	0	0	0	
1.12795e+06	0	0	0	0	213	0	0	0	0	0	0	0	
1.1287e+06	0	0	0	0	215	0	0	0	0	0	0	0	
1.12945e+06	0	0	0	0	207	0	0	0	0	0	0	0	
1.1302e+06	0	0	0	0	211	0	0	0	0	0	0	0	
1.13095e+06	0	0	0	0	195	0	0	0	0	0	0	0	
1.13171e+06	0	0	0	0	203	0	0	0	0	0	0	0	
1.13246e+06	0	0	0	0	227	0	0	0	0	0	0	0	
1.1332e+06	0	0	0	0	209	0	0	0	0	0	0	0	
1.13395e+06	0	0	0	0	231	0	0	0	0	0	0	0	
1.1347e+06	0	0	0	0	203	0	0	0	0	0	0	0	
1.13545e+06	0	0	0	0	209	0	0	0	0	0	0	0	
1.1362e+06	0	0	0	0	215	0	0	0	0	0	0	0	
1.13695e+06	0	0	0	0	209	0	0	0	0	0	0	0	
1.1377e+06	0	0	0	0	217	0	0	0	0	0	0	0	
1.13845e+06	0	0	0	0	219	0	0	0	0	0	0	0	
1.1392e+06	0	0	0	0	217	0	0	0	0	0	0	0	
1.13995e+06	0	0	0	0	201	0	0	0	0	0	0	0	
1.14071e+06	0	0	0	0	249	0	0	0	0	0	0	0	
1.14145e+06	0	0	0	0	183	0	0	0	0	0	0	0	
1.1422e+06	0	0	0	0	213	0	0	0	0	0	0	0	
1.14295e+06	0	0	0	0	197	0	0	0	0	0	0	0	
1.1437e+06	0	0	0	0	207	0	0	0	0	0	0	0	
1.14445e+06	0	0	0	0	215	0	0	0	0	0	0	0	
1.14519e+06	0	0	0	0	223	0	0	0	0	0	0	0	
1.14594e+06	0	0	0	0	205	0	0	0	0	0	0	0	
1.1467e+06	0	0	0	0	219	0	0	0	0	0	0	0	
1.14745e+06	0	0	0	0	233	0	0	0	0	0	0	0	
1.1482e+06	0	0	0	0	221	0	0	0	0	0	0	0	
1.14895e+06	0	0	0	0	205	0	0	0	0	0	0	0	
1.1497e+06	0	0	0	0	191	0	0	0	0	0	0	0	
1.15045e+06	0	0	0	7	216	0	0	0	0	0	0	0	
1.1512e+06	0	0	0	0	255	0	0	0	0	0	0	0	
1.15195e+06	0	0	0	0	217	0	0	0	0	0	0	0	
1.1527e+06	0	0	0	1	198	0	0	0	0	0	0	0	
1.15345e+06	0	0	0	0	175	0	0	0	0	0	0	0	
1.1542e+06	0	0	0	0	249	0	0	0	0	0	0	0	
1.15494e+06	0	0	0	0	221	0	0	0	0	0	0	0	
1.15569e+06	0	0	0	0	213	0	0	0	0	0	0	0	
1.15644e+06	0	0	0	0	215	0	0	0	0	0	0	0	
1.15719e+06	0	0	0	0	235	0	0	0	0	0	0	0	
1.15795e+06	0	0	0	0	235	0	0	0	0	0	0	0	
1.1587e+06	0	0	0	0	217	0	0	0	0	0	0	0	
1.15945e+06	0	0	0	0	217	0	0	0	0	0	0	0	
1.1602e+06	0	0	0	0	217	0	0	0	0	0	0	0	
1.16095e+06	0	0	0	0	205	0	0	0	0	0	0	0	
1.1617e+06	0	0	0	0	221	0	0	0	0	0	0	0	
1.16244e+06	0	0	0	0	195	0	0	0	0	0	0	0	
1.16319e+06	0	0	0	0	187	0	0	0	0	0	0	0	
1.16395e+06	0	0	0	0	209	0	0	0	0	0	0	0	
1.1647e+06	0	0	0	0	225	0	0	0	0	0	0	0	
1.16545e+06	0	0	0	0	203	0	0	0	0	0	0	0	
1.1662e+06	0	0	0	0	203	0	0	0	0	0	0	0	
1.16695e+06	0	0	0	0	231	0	0	0	0	0	0	0	
1.1677e+06	0	0	0	0	201	0	0	0	0	0	0	0	
1.16845e+06	0	0	0	0	191	0	0	0	0	0	0	0	
1.1692e+06	0	0	0	0	229	0	0	0	0	0	0	0	
1.16995e+06	0	0	0	0	0	172	1	0	0	0	0	0	
1.1707e+06	0	0	0	0	0	151	0	0	0	0	0	0	
1.17145e+06	0	0	0	0	0	165	0	0	0	0	0	0	
1.1722e+06	0	0	0	0	0	189	0	0	0	0	0	0	
1.17295e+06	0	0	0	0	0	187	0	0	0	0	0	0	
1.1737e+06	0	0	0	0	0	197	0	0	0	0	0	0	
1.17446e+06	0	0	0	0	0	153	0	0	0	0	0	0	
1.1752e+06	0	0	0	0	0	171	0	0	0	0	0	0	
1.17595e+06	0	0	0	0	0	179	0	0	0	0	0	0	
1.1767e+06	0	0	0	0	0	167	0	0	0	0	0	0	
1.17745e+06	0	0	0	0	72	117	0	0	0	0	0	0	
1.1782e+06	0	0	0	0	227	0	0	0	0	0	0	0	
1.17895e+06	0	0	0	0	237	0	0	0	0	0	0	0	
1.1797e+06	0	0	0	0	249	0	0	0	0	0	0	0	
1.18045e+06	0	0	0	0	219	0	0	0	0	0	0	0	
1.1812e+06	0	0	0	0	205	0	0	0	0	0	0	0	
1.18195e+06	0	0	0	0	231	0	0	0	0	0	0	0	
1.1827e+06	0	0	0	0	243	0	0	0	0	0	0	0	
1.18345e+06	0	0	0	0	231	0	0	0	0	0	0	0	
1.1842e+06	0	0	0	0	213	0	0	0	0	0	0	0	
1.18495e+06	0	0	0	0	215	0	0	0	0	0	0	0	
1.1857e+06	0	0	0	0	237	0	0	0	0	0	0	0	
1.18645e+06	0	0	0	0	223	0	0	0	0	0	0	0	
1.1872e+06	0	0	0	0	189	0	0	0	0	0	0	0	
1.18795e+06	0	0	0	0	197	0	0	0	0	0	0	0	
1.1887e+06	0	0	0	0	219	0	0	0	0	0	0	0	
1.18945e+06	0	0	0	0	213	0	0	0	0	0	0	0	
1.1902e+06	0	0	0	0	223	0	0	0	0	0	0	0	
1.19095e+06	0	0	0	0	251	0	0	0	0	0	0	0	
1.1917e+06	0	0	0	0	175	0	0	0	0	0	0	0	
1.19245e+06	0	0	0	0	199	0	0	0	0	0	0	0	
1.1932e+06	0	0	0	0	209	0	0	0	0	0	0	0	
1.19395e+06	0	0	0	0	215	0	0	0	0	0	0	0	
1.1947e+06	0	0	0	0	221	0	0	0	0	0	0	0	
1.19545e+06	0	0	0	0	213	0	0	0	0	0	0	0	
1.1962e+06	0	0	0	0	235	0	0	0	0	0	0	0	
1.19694e+06	0	0	0	5	206	0	0	0	0	0	0	0	
1.19769e+06	0	0	0	0	209	0	0	0	0	0	0	0	
1.19844e+06	0	0	0	0	231	0	0	0	0	0	0	0	
1.19919e+06	0	0	0	0	197	0	0	0	0	0	0	0	
1.19994e+06	0	0	0	0	219	0	0	0	0	0	0	0	
1.20069e+06	0	0	0	0	187	0	0	0	0	0	0	0	
1.20144e+06	0	0	0	0	221	0	0	0	0	0	0	0	
1.20219e+06	0	0	0	0	215	0	0	0	0	0	0	0	
1.20294e+06	0	0	0	0	203	0	0	0	0	0	0	0	
1.20369e+06	0	0	0	0	223	0	0	0	0	0	0	0	
1.20444e+06	0	0	0	0	211	0	0	0	0	0	0	0	
1.20519e+06	0	0	0	1	218	0	0	0	0	0	0	0	
1.20594e+06	0	0	0	0	211	0	0	0	0	0	0	0	
1.20669e+06	0	0	0	0	215	0	0	0	0	0	0	0	
1.20744e+06	0	0	0	0	219	0	0	0	0	0	0	0	
1.20819e+06	0	0	0	0	215	0	0	0	0	0	0	0	
1.20894e+06	0	0	0	0	213	0	0	0	0	0	0	0	
1.20969e+06	0	0	0	0	185	0	0	0	0	0	0	0	
1.21044e+06	0	0	0	0	213	0	0	0	0	0	0	0	
1.21119e+06	0	0	0	0	203	0	0	0	0	0	0	0	
1.21194e+06	0	0	0	0	245	0	0	0	0	0	0	0	
1.21269e+06	0	0	0	0	223	0	0	0	0	0	0	0	
1.21344e+06	0	0	0	0	209	0	0	0	0	0	0	0	
1.21419e+06	0	0	0	0	217	0	0	0	0	0	0	0	
1.21494e+06	0	0	0	0	205	0	0	0	0	0	0	0	
1.21569e+06	0	0	0	0	213	0	0	0	0	0	0	0	
1.21644e+06	0	0	0	0	213	0	0	0	0	0	0	0	
1.21719e+06	0	0	0	0	187	0	0	0	0	0	0	0	
1.21794e+06	0	0	0	0	235	0	0	0	0	0	0	0	
1.21869e+06	0	0	0	0	207	0	0	0	0	0	0	0	
1.21944e+06	0	0	0	0	205	0	0	0	0	0	0	0	
1.22019e+06	0	0	0	0	219	0	0	0	0	0	0	0	
1.22094e+06	0	0	0	175	72	0	0	0	0	0	0	0	
1.22169e+06	0	0	0	263	0	0	0	0	0	0	0	0	
1.22244e+06	0	0	0	289	0	0	0	0	0	0	0	0	
1.22319e+06	0	0	0	255	0	0	0	0	0	0	0	0	
1.22395e+06	0	0	0	239	0	0	0	0	0	0	0	0	
1.2247e+06	0	0	0	241	0	0	0	0	0	0	0	0	
1.22545e+06	0	0	0	223	0	0	0	0	0	0	0	0	
1.2262e+06	0	0	0	257	0	0	0	0	0	0	0	0	
1.22696e+06	0	0	0	233	0	0	0	0	0	0	0	0	
1.2277e+06	0	0	0	249	0	0	0	0	0	0	0	0	
1.22846e+06	0	0	0	273	0	0	0	0	0	0	0	0	
1.2292e+06	0	0	0	271	0	0	0	0	0	0	0	0	
1.22995e+06	0	0	0	267	0	0	0	0	0	0	0	0	
1.2307e+06	0	0	0	247	0	0	0	0	0	0	0	0	
1.23145e+06	0	0	0	257	0	0	0	0	0	0	0	0	
1.23221e+06	0	0	0	265	0	0	0	0	0	0	0	0	
1.23295e+06	0	0	0	261	0	0	0	0	0	0	0	0	
1.23371e+06	0	0	0	257	0	0	0	0	0	0	0	0	
1.23446e+06	0	0	0	277	0	0	0	0	0	0	0	0	
1.23521e+06	0	0	0	243	0	0	0	0	0	0	0	0	
1.23596e+06	0	0	0	233	0	0	0	0	0	0	0	0	
1.23671e+06	0	0	0	230	15	0	0	0	0	0	0	0	
1.23746e+06	0	0	0	259	0	0	0	0	0	0	0	0	
1.23821e+06	0	0	0	283	0	0	0	0	0	0	0	0	
1.23896e+06	0	0	0	251	0	0	0	0	0	0	0	0	
1.23971e+06	0	0	0	273	0	0	0	0	0	0	0	0	
1.24046e+06	0	0	0	259	0	0	0	0	0	0	0	0	
1.24122e+06	0	0	0	261	0	0	0	0	0	0	0	0	
1.24197e+06	0	0	0	263	0	0	0	0	0	0	0	0	
1.24272e+06	0	0	0	241	0	0	0	0	0	0	0	0	
1.24347e+06	0	0	0	265	0	0	0	0	0	0	0	0	
1.24422e+06	0	0	0	269	0	0	0	0	0	0	0	0	
1.24497e+06	0	0	0	265	0	0	0	0	0	0	0	0	
1.24572e+06	0	0	0	188	51	0	0	0	0	0	0	0	
1.24647e+06	0	0	0	283	0	0	0	0	0	0	0	0	
1.24722e+06	0	0	0	253	0	0	0	0	0	0	0	0	
1.24797e+06	0	0	0	263	0	0	0	0	0	0	0	0	
1.24873e+06	0	0	0	265	0	0	0	0	0	0	0	0	
1.24948e+06	0	0	0	291	0	0	0	0	0	0	0	0	
1.25023e+06	0	0	0	251	0	0	0	0	0	0	0	0	
1.25098e+06	0	0	0	265	0	0	0	0	0	0	0	0	
1.25173e+06	0	0	0	255	0	0	0	0	0	0	0	0	
1.25248e+06	0	0	0	235	0	0	0	0	0	0	0	0	
1.25324e+06	0	0	0	263	0	0	0	0	0	0	0	0	
1.25398e+06	0	0	0	277	0	0	0	0	0	0	0	0	
1.25474e+06	0	0	0	241	0	0	0	0	0	0	0	0	
1.25549e+06	0	0	0	275	0	0	0	0	0	0	0	0	
1.25624e+06	0	0	0	265	0	0	0	0	0	0	0	0	
1.25699e+06	0	0	0	261	0	0	0	0	0	0	0	0	
1.25774e+06	0	0	0	247	0	0	0	0	0	0	0	0	
1.25849e+06	0	0	8	257	0	0	0	0	0	0	0	0	
1.25925e+06	0	0	0	269	0	0	0	0	0	0	0	0	
1.26e+06	0	0	0	281	0	0	0	0	0	0	0	0	
1.26074e+06	0	0	0	277	0	0	0	0	0	0	0	0	
1.2615e+06	0	0	0	253	0	0	0	0	0	0	0	0	
1.26224e+06	0	0	0	249	0	0	0	0	0	0	0	0	
1.26299e+06	0	0	0	263	0	0	0	0	0	0	0	0	
1.26374e+06	0	0	0	285	0	0	0	0	0	0	0	0	
1.26449e+06	0	0	0	255	0	0	0	0	0	0	0	0	
1.26524e+06	0	0	0	267	0	0	0	0	0	0	0	0	
1.266e+06	0	0	0	166	87	0	0	0	0	0	0	0	
1.26675e+06	0	0	0	243	0	0	0	0	0	0	0	0	
1.2675e+06	0	0	0	281	0	0	0	0	0	0	0	0	
1.26825e+06	0	0	0	261	0	0	0	0	0	0	0	0	
1.269e+06	0	0	0	253	0	0	0	0	0	0	0	0	
1.26974e+06	0	0	0	225	0	0	0	0	0	0	0	0	
1.27049e+06	0	0	0	263	0	0	0	0	0	0	0	0	
1.27124e+06	0	0	0	241	0	0	0	0	0	0	0	0	
1.272e+06	0	0	0	271	0	0	0	0	0	0	0	0	
1.27275e+06	0	0	0	283	0	0	0	0	0	0	0	0	
1.27349e+06	0	0	0	243	0	0	0	0	0	0	0	0	
1.27424e+06	0	0	0	247	0	0	0	0	0	0	0	0	
1.27499e+06	0	0	0	267	0	0	0	0	0	0	0	0	
1.27574e+06	0	0	0	279	0	0	0	0	0	0	0	0	
1.27649e+06	0	0	0	281	0	0	0	0	0	0	0	0	
1.27725e+06	0	0	0	267	0	0	0	0	0	0	0	0	
1.278e+06	0	0	0	277	0	0	0	0	0	0	0	0	
1.27875e+06	0	0	0	231	0	0	0	0	0	0	0	0	
1.2795e+06	0	0	0	257	0	0	0	0	0	0	0	0	
1.28025e+06	0	0	0	273	0	0	0	0	0	0	0	0	
1.281e+06	0	0	0	275	0	0	0	0	0	0	0	0	
1.28175e+06	0	0	0	269	0	0	0	0	0	0	0	0	
1.2825e+06	0	0	0	247	0	0	0	0	0	0	0	0	
1.28324e+06	0	0	0	267	0	0	0	0	0	0	0	0	
1.28399e+06	0	0	0	273	0	0	0	0	0	0	0	0	
1.28474e+06	0	0	0	295	0	0	0	0	0	0	0	0	
1.28549e+06	0	0	0	245	0	0	0	0	0	0	0	0	
1.28624e+06	0	0	0	273	0	0	0	0	0	0	0	0	
1.28699e+06	0	0	0	265	0	0	0	0	0	0	0	0	
1.28774e+06	0	0	0	267	0	0	0	0	0	0	0	0	
1.28849e+06	0	0	0	269	0	0	0	0	0	0	0	0	
1.28924e+06	0	0	0	263	0	0	0	0	0	0	0	0	
1.28999e+06	0	0	0	241	0	0	0	0	0	0	0	0	
1.29074e+06	0	0	0	0	203	0	0	0	0	0	0	0	
1.29149e+06	0	0	0	0	219	0	0	0	0	0	0	0	
1.29224e+06	0	0	0	0	197	0	0	0	0	0	0	0	
1.29299e+06	0	0	0	0	233	0	0	0	0	0	0	0	
1.29374e+06	0	0	0	0	211	0	0	0	0	0	0	0	
1.29449e+06	0	0	0	0	197	0	0	0	0	0	0	0	
1.29524e+06	0	0	0	0	203	0	0	0	0	0	0	0	
1.29599e+06	0	0	0	0	217	0	0	0	0	0	0	0	
1.29674e+06	0	0	0	0	215	0	0	0	0	0	0	0	
1.29749e+06	0	0	0	0	225	0	0	0	0	0	0	0	
1.29824e+06	0	0	0	0	211	0	0	0	0	0	0	0	
1.29899e+06	0	0	0	0	219	0	0	0	0	0	0	0	
1.29974e+06	0	0	0	0	209	0	0	0	0	0	0	0	
1.3005e+06	0	0	0	0	217	2	0	0	0	0	0	0	
1.30125e+06	0	0	0	0	209	0	0	0	0	0	0	0	
1.302e+06	0	0	0	0	231	0	0	0	0	0	0	0	
1.30275e+06	0	0	0	0	233	0	0	0	0	0	0	0	
1.3035e+06	0	0	0	0	182	33	0	0	0	0	0	0	
1.30424e+06	0	0	0	0	217	0	0	0	0	0	0	0	
1.30499e+06	0	0	0	0	213	0	0	0	0	0	0	0	
1.30574e+06	0	0	0	0	207	0	0	0	0	0	0	0	
1.30649e+06	0	0	0	0	223	0	0	0	0	0	0	0	
1.30724e+06	0	0	0	0	205	0	0	0	0	0	0	0	
1.30799e+06	0	0	0	0	243	0	0	0	0	0	0	0	
1.30874e+06	0	0	0	0	239	0	0	0	0	0	0	0	
1.30949e+06	0	0	0	0	229	0	0	0	0	0	0	0	
1.31024e+06	0	0	0	0	179	0	0	0	0	0	0	0	
1.31099e+06	0	0	0	0	21	166	0	0	0	0	0	0	
1.31174e+06	0	0	0	0	0	165	0	0	0	0	0	0	
1.31249e+06	0	0	0	0	0	180	5	0	0	0	0	0	
1.31324e+06	0	0	0	0	0	185	0	0	0	0	0	0	
1.31399e+06	0	0	0	0	0	187	0	0	0	0	0	0	
1.31474e+06	0	0	0	0	0	169	0	0	0	0	0	0	
1.3155e+06	0	0	0	0	0	163	0	0	0	0	0	0	
1.31625e+06	0	0	0	0	0	175	0	0	0	0	0	0	
1.31699e+06	0	0	0	0	223	0	0	0	0	0	0	0	
1.31774e+06	0	0	0	0	189	0	0	0	0	0	0	0	
1.31849e+06	0	0	0	1	222	0	0	0	0	0	0	0	
1.31924e+06	0	0	0	0	207	0	0	0	0	0	0	0	
1.31999e+06	0	0	0	0	233	0	0	0	0	0	0	0	
1.32074e+06	0	0	0	175	74	0	0	0	0	0	0	0	
1.32149e+06	0	0	0	255	0	0	0	0	0	0	0	0	
1.32224e+06	0	0	0	273	0	0	0	0	0	0	0	0	
1.323e+06	0	0	0	259	0	0	0	0	0	0	0	0	
1.32375e+06	0	0	0	249	0	0	0	0	0	0	0	0	
1.3245e+06	0	0	0	227	0	0	0	0	0	0	0	0	
1.32525e+06	0	0	0	281	0	0	0	0	0	0	0	0	
1.326e+06	0	0	0	273	0	0	0	0	0	0	0	0	
1.32675e+06	0	0	0	237	0	0	0	0	0	0	0	0	
1.32749e+06	0	0	0	269	0	0	0	0	0	0	0	0	
1.32825e+06	0	0	29	236	0	0	0	0	0	0	0	0	
1.329e+06	0	0	0	267	0	0	0	0	0	0	0	0	
1.32975e+06	0	0	0	261	0	0	0	0	0	0	0	0	
1.3305e+06	0	0	0	225	0	0	0	0	0	0	0	0	
1.33124e+06	0	0	0	273	0	0	0	0	0	0	0	0	
1.332e+06	0	0	0	253	0	0	0	0	0	0	0	0	
1.33275e+06	0	0	0	273	0	0	0	0	0	0	0	0	
1.3335e+06	0	0	0	293	0	0	0	0	0	0	0	0	
1.33425e+06	0	0	0	259	0	0	0	0	0	0	0	0	
1.335e+06	0	0	0	253	0	0	0	0	0	0	0	0	
1.33575e+06	0	0	0	269	0	0	0	0	0	0	0	0	
1.3365e+06	0	0	0	255	0	0	0	0	0	0	0	0	
1.33725e+06	0	0	0	265	0	0	0	0	0	0	0	0	
1.338e+06	0	0	0	265	0	0	0	0	0	0	0	0	
1.33875e+06	0	0	0	255	0	0	0	0	0	0	0	0	
1.33949e+06	0	0	0	269	0	0	0	0	0	0	0	0	
1.34024e+06	0	0	0	251	0	0	0	0	0	0	0	0	
1.34099e+06	0	0	0	251	0	0	0	0	0	0	0	0	
1.34175e+06	0	0	0	247	0	0	0	0	0	0	0	0	
1.34249e+06	0	0	0	0	215	0	0	0	0	0	0	0	
1.34325e+06	0	0	0	0	187	0	0	0	0	0	0	0	
1.344e+06	0	0	0	0	215	0	0	0	0	0	0	0	
1.34475e+06	0	0	0	0	233	0	0	0	0	0	0	0	
1.3455e+06	0	0	0	35	190	0	0	0	0	0	0	0	
1.34625e+06	0	0	0	0	215	0	0	0	0	0	0	0	
1.347e+06	0	0	0	0	217	0	0	0	0	0	0	0	
1.34775e+06	0	0	0	0	219	0	0	0	0	0	0	0	
1.3485e+06	0	0	0	0	227	0	0	0	0	0	0	0	
1.34925e+06	0	0	0	0	219	0	0	0	0	0	0	0	
1.35e+06	0	0	0	0	211	0	0	0	0	0	0	0	
1.35075e+06	0	0	0	0	219	0	0	0	0	0	0	0	
1.3515e+06	0	0	0	0	251	0	0	0	0	0	0	0	
1.35225e+06	0	0	0	0	209	0	0	0	0	0	0	0	
1.353e+06	0	0	0	0	199	0	0	0	0	0	0	0	
1.35375e+06	0	0	0	0	207	0	0	0	0	0	0	0	
1.3545e+06	0	0	0	0	235	0	0	0	0	0	0	0	
1.35525e+06	0	0	0	0	227	0	0	0	0	0	0	0	
1.356e+06	0	0	0	0	219	0	0	0	0	0	0	0	
1.35675e+06	0	0	0	0	247	0	0	0	0	0	0	0	
1.35749e+06	0	0	0	0	263	0	0	0	0	0	0	0	
1.35824e+06	0	0	0	0	191	0	0	0	0	0	0	0	
1.359e+06	0	0	0	0	175	0	0	0	0	0	0	0	
1.35975e+06	0	0	0	0	225	0	0	0	0	0	0	0	
1.36049e+06	0	0	0	0	219	0	0	0	0	0	0	0	
1.36124e+06	0	0	0	0	215	0	0	0	0	0	0	0	
1.362e+06	0	0	0	0	195	0	0	0	0	0	0	0	
1.36275e+06	0	0	0	0	225	0	0	0	0	0	0	0	
1.3635e+06	0	0	0	0	205	0	0	0	0	0	0	0	
1.36424e+06	0	0	0	0	205	0	0	0	0	0	0	0	
1.36499e+06	0	0	0	0	217	0	0	0	0	0	0	0	
1.36574e+06	0	0	0	0	207	0	0	0	0	0	0	0	
1.36649e+06	0	0	0	0	207	0	0	0	0	0	0	0	
1.36724e+06	0	0	0	0	221	0	0	0	0	0	0	0	
1.36799e+06	0	0	0	0	203	0	0	0	0	0	0	0	
1.36875e+06	0	0	0	0	231	0	0	0	0	0	0	0	
1.36949e+06	0	0	0	0	221	0	0	0	0	0	0	0	
1.37025e+06	0	0	0	0	215	0	0	0	0	0	0	0	
1.371e+06	0	0	0	10	189	0	0	0	0	0	0	0	
1.37174e+06	0	0	0	0	211	0	0	0	0	0	0	0	
1.37249e+06	0	0	0	0	201	0	0	0	0	0	0	0	
1.37324e+06	0	0	0	0	227	0	0	0	0	0	0	0	
1.37399e+06	0	0	0	0	213	0	0	0	0	0	0	0	
1.37474e+06	0	0	0	0	203	0	0	0	0	0	0	0	
1.37549e+06	0	0	0	0	215	0	0	0	0	0	0	0	
1.37624e+06	0	0	0	0	217	0	0	0	0	0	0	0	
1.377e+06	0	0	0	0	217	0	0	0	0	0	0	0	
1.37775e+06	0	0	0	0	213	0	0	0	0	0	0	0	
1.3785e+06	0	0	0	0	199	0	0	0	0	0	0	0	
1.37925e+06	0	0	0	0	223	0	0	0	0	0	0	0	
1.38e+06	0	0	0	0	213	0	0	0	0	0	0	0	
1.38075e+06	0	0	0	0	225	0	0	0	0	0	0	0	
1.3815e+06	0	0	0	0	203	0	0	0	0	0	0	0	
1.38225e+06	0	0	0	0	207	0	0	0	0	0	0	0	
1.383e+06	0	0	0	0	229	0	0	0	0	0	0	0	
1.38375e+06	0	0	0	0	197	0	0	0	0	0	0	0	
1.38449e+06	0	0	0	0	239	0	0	0	0	0	0	0	
1.38525e+06	0	0	0	0	209	0	0	0	0	0	0	0	
1.386e+06	0	0	0	0	213	0	0	0	0	0	0	0	
1.38675e+06	0	0	0	15	192	0	0	0	0	0	0	0	
1.3875e+06	0	0	0	0	207	0	0	0	0	0	0	0	
1.38824e+06	0	0	0	0	213	0	0	0	0	0	0	0	
1.38899e+06	0	0	0	0	217	0	0	0	0	0	0	0	
1.38974e+06	0	0	0	0	233	0	0	0	0	0	0	0	
1.39049e+06	0	0	0	0	211	0	0	0	0	0	0	0	
1.39125e+06	0	0	0	0	229	0	0	0	0	0	0	0	
1.392e+06	0	0	0	0	211	0	0	0	0	0	0	0	
1.39275e+06	0	0	0	0	195	0	0	0	0	0	0	0	
1.3935e+06	0	0	0	0	231	0	0	0	0	0	0	0	
1.39424e+06	0	0	0	0	217	0	0	0	0	0	0	0	
1.39499e+06	0	0	0	0	219	0	0	0	0	0	0	0	
1.39574e+06	0	0	0	0	211	0	0	0	0	0	0	0	
1.39649e+06	0	0	0	0	219	0	0	0	0	0	0	0	
1.39724e+06	0	0	0	0	193	0	0	0	0	0	0	0	
1.39799e+06	0	0	0	0	203	0	0	0	0	0	0	0	
1.39874e+06	0	0	0	0	225	0	0	0	0	0	0	0	
1.39949e+06	0	0	0	0	219	0	0	0	0	0	0	0	
1.40024e+06	0	0	0	0	203	0	0	0	0	0	0	0	
1.40099e+06	0	0	0	0	193	0	0	0	0	0	0	0	
1.40174e+06	0	0	0	0	213	0	0	0	0	0	0	0	
1.40249e+06	0	0	0	0	211	0	0	0	0	0	0	0	
1.40325e+06	0	0	0	3	170	0	0	0	0	0	0	0	
1.40399e+06	0	0	0	0	213	0	0	0	0	0	0	0	
1.40474e+06	0	0	0	0	219	0	0	0	0	0	0	0	
1.4055e+06	0	0	0	1	216	0	0	0	0	0	0	0	
1.40624e+06	0	0	0	0	217	0	0	0	0	0	0	0	
1.40699e+06	0	0	0	0	203	0	0	0	0	0	0	0	
1.40775e+06	0	0	0	0	225	0	0	0	0	0	0	0	
1.4085e+06	0	0	0	0	217	0	0	0	0	0	0	0	
1.40925e+06	0	0	0	0	243	0	0	0	0	0	0	0	
1.40999e+06	0	0	0	0	207	0	0	0	0	0	0	0	
1.41075e+06	0	0	0	0	205	0	0	0	0	0	0	0	
1.4115e+06	0	0	0	0	225	0	0	0	0	0	0	0	
1.41225e+06	0	0	0	0	201	0	0	0	0	0	0	0	
1.413e+06	0	0	0	0	183	0	0	0	0	0	0	0	
1.41375e+06	0	0	0	0	227	0	0	0	0	0	0	0	
1.41449e+06	0	0	0	0	219	0	0	0	0	0	0	0	
1.41524e+06	0	0	0	0	239	0	0	0	0	0	0	0	
1.416e+06	0	0	0	0	207	0	0	0	0	0	0	0	
1.41675e+06	0	0	0	0	197	0	0	0	0	0	0	0	
1.4175e+06	0	0	0	0	245	0	0	0	0	0	0	0	
1.41824e+06	0	0	0	0	211	0	0	0	0	0	0	0	
1.41899e+06	0	0	0	0	217	0	0	0	0	0	0	0	
1.41974e+06	0	0	0	0	201	0	0	0	0	0	0	0	
1.42049e+06	0	0	0	0	211	0	0	0	0	0	0	0	
1.42125e+06	0	0	0	0	221	0	0	0	0	0	0	0	
1.422e+06	0	0	0	0	229	0	0	0	0	0	0	0	
1.42274e+06	0	0	0	0	0	173	0	0	0	0	0	0	
1.4235e+06	0	0	0	0	0	151	0	0	0	0	0	0	
1.42425e+06	0	0	0	0	0	165	0	0	0	0	0	0	
1.42499e+06	0	0	0	0	0	169	0	0	0	0	0	0	
1.42574e+06	0	0	0	0	0	159	0	0	0	0	0	0	
1.42649e+06	0	0	0	0	0	167	0	0	0	0	0	0	
1.42724e+06	0	0	0	0	0	165	0	0	0	0	0	0	
1.428e+06	0	0	0	0	0	171	0	0	0	0	0	0	
1.42875e+06	0	0	0	0	0	187	0	0	0	0	0	0	
1.4295e+06	0	0	0	0	0	159	0	0	0	0	0	0	
1.43024e+06	0	0	0	0	81	124	0	0	0	0	0	0	
1.43099e+06	0	0	0	0	229	0	0	0	0	0	0	0	
1.43174e+06	0	0	0	0	207	0	0	0	0	0	0	0	
1.43249e+06	0	0	0	0	217	0	0	0	0	0	0	0	
1.43324e+06	0	0	0	0	203	0	0	0	0	0	0	0	
1.43399e+06	0	0	0	0	211	0	0	0	0	0	0	0	
1.43474e+06	0	0	0	0	211	0	0	0	0	0	0	0	
1.4355e+06	0	0	0	0	217	0	0	0	0	0	0	0	
1.43624e+06	0	0	0	0	225	0	0	0	0	0	0	0	
1.43699e+06	0	0	0	0	203	0	0	0	0	0	0	0	
1.43775e+06	0	0	0	0	203	0	0	0	0	0	0	0	
1.43849e+06	0	0	0	0	0	177	0	0	0	0	0	0	
1.43925e+06	0	0	0	0	0	169	0	0	0	0	0	0	
1.44e+06	0	0	0	0	0	0	135	0	0	0	0	0	
1.44075e+06	0	0	0	0	0	0	133	0	0	0	0	0	
1.4415e+06	0	0	0	0	0	0	117	0	0	0	0	0	
1.44225e+06	0	0	0	0	0	0	151	0	0	0	0	0	
1.443e+06	0	0	0	0	0	0	141	0	0	0	0	0	
1.44374e+06	0	0	0	0	0	0	169	0	0	0	0	0	
1.44449e+06	0	0	0	0	0	0	131	0	0	0	0	0	
1.44524e+06	0	0	0	0	0	0	145	0	0	0	0	0	
1.44599e+06	0	0	0	0	0	0	141	0	0	0	0	0	
1.44674e+06	0	0	0	0	0	0	129	0	0	0	0	0	
1.44749e+06	0	0	0	0	0	0	143	0	0	0	0	0	
1.44824e+06	0	0	0	0	0	0	139	0	0	0	0	0	
1.44899e+06	0	0	0	0	0	167	0	0	0	0	0	0	
1.44974e+06	0	0	0	0	0	183	0	0	0	0	0	0	
1.45049e+06	0	0	0	0	0	167	0	0	0	0	0	0	
1.45124e+06	0	0	0	0	0	181	0	0	0	0	0	0	
1.45199e+06	0	0	0	0	0	173	0	0	0	0	0	0	
1.45274e+06	0	0	0	0	0	165	0	0	0	0	0	0	
1.45349e+06	0	0	0	0	0	175	0	0	0	0	0	0	
1.45424e+06	0	0	0	0	0	153	0	0	0	0	0	0	
1.45499e+06	0	0	0	0	0	161	0	0	0	0	0	0	
1.45574e+06	0	0	0	0	0	183	0	0	0	0	0	0	
1.45649e+06	0	0	0	0	0	179	0	0	0	0	0	0	
1.45724e+06	0	0	0	0	0	193	0	0	0	0	0	0	
1.45799e+06	0	0	0	0	0	161	0	0	0	0	0	0	
1.45874e+06	0	0	0	0	0	161	0	0	0	0	0	0	
1.45949e+06	0	0	0	0	0	207	0	0	0	0	0	0	
1.46024e+06	0	0	0	0	0	203	0	0	0	0	0	0	
1.46099e+06	0	0	0	0	0	195	0	0	0	0	0	0	
1.46174e+06	0	0	0	0	0	169	0	0	0	0	0	0	
1.46248e+06	0	0	0	0	0	139	0	0	0	0	0	0	
1.46323e+06	0	0	0	0	0	175	0	0	0	0	0	0	
1.46398e+06	0	0	0	0	0	161	0	0	0	0	0	0	
1.46473e+06	0	0	0	0	0	181	0	0	0	0	0	0	
1.46548e+06	0	0	0	0	0	173	0	0	0	0	0	0	
1.46624e+06	0	0	0	0	0	173	0	0	0	0	0	0	
1.46698e+06	0	0	0	0	0	169	0	0	0	0	0	0	
1.46773e+06	0	0	0	0	0	157	0	0	0	0	0	0	
1.46848e+06	0	0	0	0	0	163	0	0	0	0	0	0	
1.46923e+06	0	0	0	0	0	179	0	0	0	0	0	0	
1.46998e+06	0	0	0	0	0	185	0	0	0	0	0	0	
1.47073e+06	0	0	0	0	0	187	0	0	0	0	0	0	
1.47148e+06	0	0	0	0	0	169	0	0	0	0	0	0	
1.47223e+06	0	0	0	0	0	151	0	0	0	0	0	0	
1.47298e+06	0	0	0	0	0	167	0	0	0	0	0	0	
1.47373e+06	0	0	0	0	0	177	0	0	0	0	0	0	
1.47448e+06	0	0	0	0	0	163	0	0	0	0	0	0	
1.47523e+06	0	0	0	0	0	179	0	0	0	0	0	0	
1.47598e+06	0	0	0	0	0	179	0	0	0	0	0	0	
1.47673e+06	0	0	0	0	0	211	0	0	0	0	0	0	
1.47748e+06	0	0	0	0	0	165	0	0	0	0	0	0	
1.47822e+06	0	0	0	0	0	191	0	0	0	0	0	0	
1.47897e+06	0	0	0	0	0	183	0	0	0	0	0	0	
1.47972e+06	0	0	0	0	0	167	0	0	0	0	0	0	
1.48047e+06	0	0	0	0	0	161	0	0	0	0	0	0	
1.48122e+06	0	0	0	0	0	179	0	0	0	0	0	0	
1.48197e+06	0	0	0	0	0	165	0	0	0	0	0	0	
1.48272e+06	0	0	0	0	0	185	0	0	0	0	0	0	
1.48347e+06	0	0	0	0	0	167	0	0	0	0	0	0	
1.48422e+06	0	0	0	0	0	177	0	0	0	0	0	0	
1.48497e+06	0	0	0	0	0	167	0	0	0	0	0	0	
1.48572e+06	0	0	0	0	0	177	0	0	0	0	0	0	
1.48647e+06	0	0	0	0	0	175	0	0	0	0	0	0	
1.48722e+06	0	0	0	0	0	171	0	0	0	0	0	0	
1.48797e+06	0	0	0	0	0	203	0	0	0	0	0	0	
1.48872e+06	0	0	0	0	0	161	0	0	0	0	0	0	
1.48947e+06	0	0	0	0	0	161	0	0	0	0	0	0	
1.49023e+06	0	0	0	0	0	187	0	0	0	0	0	0	
1.49097e+06	0	0	0	0	0	165	0	0	0	0	0	0	
1.49173e+06	0	0	0	0	223	0	0	0	0	0	0	0	
1.49248e+06	0	0	0	0	215	0	0	0	0	0	0	0	
1.49323e+06	0	0	0	0	233	0	0	0	0	0	0	0	
1.49398e+06	0	0	0	0	203	0	0	0	0	0	0	0	
1.49473e+06	0	0	0	0	235	0	0	0	0	0	0	0	
1.49548e+06	0	0	0	0	207	0	0	0	0	0	0	0	
1.49622e+06	0	0	0	0	203	0	0	0	0	0	0	0	
1.49698e+06	0	0	0	0	211	0	0	0	0	0	0	0	
1.49773e+06	0	0	0	0	195	0	0	0	0	0	0	0	
1.49847e+06	0	0	0	0	223	4	0	0	0	0	0	0	
1.49922e+06	0	0	0	0	239	0	0	0	0	0	0	0	
1.49997e+06	0	0	0	0	223	0	0	0	0	0	0	0	
1.49997e+06	0	0	0	0	223	0	0	0	0	0	0	0	
