Time	s0	s1	s2	s3	s4	s5	s6	s7	s8	s9	s10	s11	
0	0	0	0	0	0	0	0	0	0	0	0	200	
0.00305549	0	0	0	0	0	0	0	0	0	0	0	199	
746.291	0	0	0	0	0	0	0	0	0	0	0	43	
1496.53	0	0	0	0	0	0	0	0	0	0	0	37	
2247.9	0	0	0	0	0	0	0	0	0	0	65	0	
3000.58	0	0	0	0	0	0	0	0	0	0	69	0	
3748.16	0	0	0	0	0	0	0	0	0	0	67	0	
4498.19	0	0	0	0	0	0	0	0	0	0	63	0	
5250.39	0	0	0	0	0	0	0	0	0	0	69	0	
6001.73	0	0	0	0	0	0	0	0	0	0	53	0	
6753.27	0	0	0	0	0	0	0	0	0	0	59	0	
7501.52	0	0	0	0	0	0	0	0	0	0	61	0	
8251.04	0	0	0	0	0	0	0	0	0	0	63	0	
8999.65	0	0	0	0	0	0	0	0	0	0	69	0	
9745.98	0	0	0	0	0	0	0	0	0	0	71	0	
10497.6	0	0	0	0	0	0	0	0	0	0	65	0	
11249	0	0	0	0	0	0	0	0	0	0	61	0	
11997.4	0	0	0	0	0	0	0	0	0	0	65	0	
12750	0	0	0	0	0	0	0	0	0	0	73	0	
13498.9	0	0	0	0	0	0	0	0	0	0	59	0	
14252.5	0	0	0	0	0	0	0	0	0	0	65	0	
15000.2	0	0	0	0	0	0	0	0	0	0	39	0	
15752.6	0	0	0	0	0	0	0	0	0	0	53	0	
16505.8	0	0	0	0	0	0	0	0	0	73	0	0	
17257.2	0	0	0	0	0	0	0	0	0	93	0	0	
18008.2	0	0	0	0	0	0	0	0	0	81	0	0	
18758.4	0	0	0	0	0	0	0	0	0	89	0	0	
19509.9	0	0	0	0	0	0	0	0	0	75	0	0	
20258.4	0	0	0	0	0	0	0	0	0	75	0	0	
21004.8	0	0	0	0	0	0	0	0	0	63	0	0	
21754.6	0	0	0	0	0	0	0	0	0	69	0	0	
22503.8	0	0	0	0	0	0	0	0	0	75	0	0	
23253.3	0	0	0	0	0	0	0	0	103	0	0	0	
24000.9	0	0	0	0	0	0	0	0	87	0	0	0	
24751.1	0	0	0	0	0	0	0	0	101	0	0	0	
25504.1	0	0	0	0	0	0	0	0	85	0	0	0	
26252.7	0	0	0	0	0	0	0	0	85	0	0	0	
27006.7	0	0	0	0	0	0	0	0	97	0	0	0	
27753.8	0	0	0	0	0	0	0	0	99	0	0	0	
28503.6	0	0	0	0	0	0	0	0	91	0	0	0	
29254.3	0	0	0	0	0	0	0	0	91	0	0	0	
30008.4	0	0	0	0	0	0	0	0	91	0	0	0	
30762	0	0	0	0	0	0	0	0	81	0	0	0	
31511.5	0	0	0	0	0	0	0	0	107	0	0	0	
32259	0	0	0	0	0	0	0	0	73	0	0	0	
33010.5	0	0	0	0	0	0	0	0	89	0	0	0	
33765.1	0	0	0	0	0	0	0	0	81	0	0	0	
34514.5	0	0	0	0	0	0	0	0	115	0	0	0	
35261.8	0	0	0	0	0	0	0	0	127	0	0	0	
36011	0	0	0	0	0	0	0	131	0	0	0	0	
36762.5	0	0	0	0	0	0	0	107	0	0	0	0	
37508.7	0	0	0	0	0	0	0	115	0	0	0	0	
38260	0	0	0	0	0	0	0	123	0	0	0	0	
39012.4	0	0	0	0	0	0	0	119	0	0	0	0	
39762.2	0	0	0	0	0	0	0	109	0	0	0	0	
40509.6	0	0	0	0	0	0	0	125	0	0	0	0	
41261.5	0	0	0	0	0	0	0	121	0	0	0	0	
42010.1	0	0	0	0	0	0	0	123	0	0	0	0	
42762.8	0	0	0	0	0	0	0	113	0	0	0	0	
43511.2	0	0	0	0	0	0	0	125	0	0	0	0	
44260.3	0	0	0	0	0	0	0	127	0	0	0	0	
45009.3	0	0	0	0	0	0	0	117	0	0	0	0	
45761.2	0	0	0	0	0	0	0	113	0	0	0	0	
46512.5	0	0	0	0	0	0	0	109	0	0	0	0	
47261.7	0	0	0	0	0	0	0	109	0	0	0	0	
48012	0	0	0	0	0	0	0	121	0	0	0	0	
48761.3	0	0	0	0	0	0	0	93	0	0	0	0	
49511.2	0	0	0	0	0	0	0	109	0	0	0	0	
50261.5	0	0	0	0	0	0	0	125	0	0	0	0	
51010.1	0	0	0	0	0	0	0	97	0	0	0	0	
51761.5	0	0	0	0	0	0	0	107	0	0	0	0	
52515.7	0	0	0	0	0	0	0	0	87	0	0	0	
53267.5	0	0	0	0	0	0	0	0	103	0	0	0	
54018.1	0	0	0	0	0	0	0	0	91	0	0	0	
54770.2	0	0	0	0	0	0	0	0	91	0	0	0	
55522.5	0	0	0	0	0	0	0	0	99	0	0	0	
56270.9	0	0	0	0	0	0	0	0	81	0	0	0	
57019.3	0	0	0	0	0	0	0	0	105	0	0	0	
57770.7	0	0	0	0	0	0	0	0	99	0	0	0	
58521.4	0	0	0	0	0	0	0	0	103	0	0	0	
59269.6	0	0	0	0	0	0	0	0	87	0	0	0	
60017.8	0	0	0	0	0	0	0	0	103	0	0	0	
60765.4	0	0	0	0	0	0	0	0	93	0	0	0	
61512.8	0	0	0	0	0	0	0	0	87	0	0	0	
62263.2	0	0	0	0	0	0	0	0	99	0	0	0	
63012.4	0	0	0	0	0	0	0	0	119	0	0	0	
63761.7	0	0	0	0	0	0	0	0	103	0	0	0	
64512	0	0	0	0	0	0	0	0	71	0	0	0	
65263.9	0	0	0	0	0	0	0	0	93	0	0	0	
66016.4	0	0	0	0	0	0	0	0	91	0	0	0	
66768	0	0	0	0	0	0	0	0	85	0	0	0	
67515.3	0	0	0	0	0	0	0	0	107	0	0	0	
68265.6	0	0	0	0	0	0	0	0	95	0	0	0	
69015.2	0	0	0	0	0	0	0	0	83	0	0	0	
69764.6	0	0	0	0	0	0	0	0	97	0	0	0	
70511.7	0	0	0	0	0	0	0	0	85	0	0	0	
71258.4	0	0	0	0	0	0	0	0	99	0	0	0	
72010.1	0	0	0	0	0	0	0	0	91	0	0	0	
72759.5	0	0	0	0	0	0	0	0	103	0	0	0	
73508.4	0	0	0	0	0	0	0	0	95	0	0	0	
74256.8	0	0	0	0	0	0	0	0	87	0	0	0	
75005.3	0	0	0	0	0	0	0	0	93	0	0	0	
75756.5	0	0	0	0	0	0	0	0	97	0	0	0	
76504	0	0	0	0	0	0	0	0	97	0	0	0	
77257.7	0	0	0	0	0	0	0	0	103	0	0	0	
78004.1	0	0	0	0	0	0	0	0	101	0	0	0	
78754	0	0	0	0	0	0	0	0	85	0	0	0	
79501.3	0	0	0	0	0	0	0	0	103	0	0	0	
80250.3	0	0	0	0	0	0	0	0	87	0	0	0	
80998	0	0	0	0	0	0	0	0	0	87	0	0	
81747.1	0	0	0	0	0	0	0	0	0	85	0	0	
82496.6	0	0	0	0	0	0	0	0	0	89	0	0	
83250.4	0	0	0	0	0	0	0	0	0	75	0	0	
83997.8	0	0	0	0	0	0	0	0	0	63	0	0	
84751.1	0	0	0	0	0	0	0	0	0	69	0	0	
85501.1	0	0	0	0	0	0	0	0	0	85	0	0	
86250.9	0	0	0	0	0	0	0	0	0	85	0	0	
86999.7	0	0	0	0	0	0	0	0	0	71	0	0	
87752.2	0	0	0	0	0	0	0	0	0	79	0	0	
88501.1	0	0	0	0	0	0	0	0	0	83	0	0	
89248.1	0	0	0	0	0	0	0	0	0	87	0	0	
89999.7	0	0	0	0	0	0	0	0	0	79	0	0	
90749.5	0	0	0	0	0	0	0	0	0	89	0	0	
91499.2	0	0	0	0	0	0	0	0	0	0	63	0	
92250.2	0	0	0	0	0	0	0	0	0	0	55	0	
93000.1	0	0	0	0	0	0	0	0	0	0	59	0	
93749.5	0	0	0	0	0	0	0	0	0	0	53	0	
94499.9	0	0	0	0	0	0	0	0	0	0	51	0	
95249.6	0	0	0	0	0	0	0	0	0	0	63	0	
95999.7	0	0	0	0	0	0	0	0	0	0	59	0	
96750.1	0	0	0	0	0	0	0	0	0	0	61	0	
97502.3	0	0	0	0	0	0	0	0	0	0	51	0	
98250.3	0	0	0	0	0	0	0	0	0	0	59	0	
98996.9	0	0	0	0	0	0	0	0	0	0	55	0	
99746.5	0	0	0	0	0	0	0	0	0	0	53	0	
100498	0	0	0	0	0	0	0	0	0	0	51	0	
101249	0	0	0	0	0	0	0	0	0	0	65	0	
102001	0	0	0	0	0	0	0	0	0	0	57	0	
102750	0	0	0	0	0	0	0	0	0	0	53	0	
103498	0	0	0	0	0	0	0	0	0	0	55	0	
104246	0	0	0	0	0	0	0	0	0	0	55	0	
104996	0	0	0	0	0	0	0	0	0	0	49	0	
105743	0	0	0	0	0	0	0	0	0	0	61	0	
106497	0	0	0	0	0	0	0	0	0	0	57	0	
107245	0	0	0	0	0	0	0	0	0	0	43	0	
107997	0	0	0	0	0	0	0	0	0	0	0	45	
108748	0	0	0	0	0	0	0	0	0	0	0	55	
109495	0	0	0	0	0	0	0	0	0	0	0	53	
110243	0	0	0	0	0	0	0	0	0	0	0	41	
110993	0	0	0	0	0	0	0	0	0	0	0	35	
111743	0	0	0	0	0	0	0	0	0	0	75	0	
112491	0	0	0	0	0	0	0	0	0	0	49	0	
113241	0	0	0	0	0	0	0	0	0	0	59	0	
113988	0	0	0	0	0	0	0	0	0	0	67	0	
114739	0	0	0	0	0	0	0	0	0	0	69	0	
115490	0	0	0	0	0	0	0	0	0	0	55	0	
116241	0	0	0	0	0	0	0	0	0	0	59	0	
116992	0	0	0	0	0	0	0	0	0	0	57	0	
117741	0	0	0	0	0	0	0	0	0	0	65	0	
118493	0	0	0	0	0	0	0	0	0	0	61	0	
119246	0	0	0	0	0	0	0	0	0	0	53	0	
119997	0	0	0	0	0	0	0	0	0	0	55	0	
120746	0	0	0	0	0	0	0	0	0	0	73	0	
121494	0	0	0	0	0	0	0	0	0	71	0	0	
122242	0	0	0	0	0	0	0	0	0	73	0	0	
122996	0	0	0	0	0	0	0	0	0	89	0	0	
123742	0	0	0	0	0	0	0	0	0	73	0	0	
124492	0	0	0	0	0	0	0	0	0	81	0	0	
125243	0	0	0	0	0	0	0	0	0	87	0	0	
125993	0	0	0	0	0	0	0	0	0	83	0	0	
126742	0	0	0	0	0	0	0	0	0	69	0	0	
127492	0	0	0	0	0	0	0	0	0	69	0	0	
128242	0	0	0	0	0	0	0	0	0	71	0	0	
128994	0	0	0	0	0	0	0	0	0	75	0	0	
129744	0	0	0	0	0	0	0	0	0	71	0	0	
130496	0	0	0	0	0	0	0	0	0	0	65	0	
131246	0	0	0	0	0	0	0	0	0	0	55	0	
131994	0	0	0	0	0	0	0	0	0	0	53	0	
132742	0	0	0	0	0	0	0	0	0	0	45	0	
133491	0	0	0	0	0	0	0	0	0	0	63	0	
134243	0	0	0	0	0	0	0	0	0	0	56	11	
134993	0	0	0	0	0	0	0	0	0	0	57	0	
135740	0	0	0	0	0	0	0	0	0	0	57	0	
136491	0	0	0	0	0	0	0	0	0	0	53	0	
137243	0	0	0	0	0	0	0	0	0	0	61	0	
137990	0	0	0	0	0	0	0	0	0	0	63	0	
138741	0	0	0	0	0	0	0	0	0	0	61	0	
139491	0	0	0	0	0	0	0	0	0	0	51	0	
140238	0	0	0	0	0	0	0	0	0	0	55	0	
140990	0	0	0	0	0	0	0	0	0	77	0	0	
141738	0	0	0	0	0	0	0	0	0	75	0	0	
142489	0	0	0	0	0	0	0	0	0	79	0	0	
143237	0	0	0	0	0	0	0	0	0	65	0	0	
143989	0	0	0	0	0	0	0	0	0	89	0	0	
144738	0	0	0	0	0	0	0	0	0	87	0	0	
145485	0	0	0	0	0	0	0	0	0	77	0	0	
146232	0	0	0	0	0	0	0	0	0	71	0	0	
146983	0	0	0	0	0	0	0	0	0	91	0	0	
147732	0	0	0	0	0	0	0	0	0	69	0	0	
148481	0	0	0	0	0	0	0	0	0	87	0	0	
149233	0	0	0	0	0	0	0	0	0	67	0	0	
149986	0	0	0	0	0	0	0	0	0	63	0	0	
150736	0	0	0	0	0	0	0	0	0	71	0	0	
151485	0	0	0	0	0	0	0	0	0	63	0	0	
152235	0	0	0	0	0	0	0	0	0	73	0	0	
152987	0	0	0	0	0	0	0	0	0	71	0	0	
153738	0	0	0	0	0	0	0	0	0	81	0	0	
154487	0	0	0	0	0	0	0	0	0	83	0	0	
155237	0	0	0	0	0	0	0	0	0	73	0	0	
155990	0	0	0	0	0	0	0	0	0	83	0	0	
156741	0	0	0	0	0	0	0	0	0	69	0	0	
157492	0	0	0	0	0	0	0	0	0	69	0	0	
158239	0	0	0	0	0	0	0	0	0	79	0	0	
158991	0	0	0	0	0	0	0	0	0	75	0	0	
159742	0	0	0	0	0	0	0	0	0	79	0	0	
160494	0	0	0	0	0	0	0	0	0	77	0	0	
161242	0	0	0	0	0	0	0	0	0	85	0	0	
161996	0	0	0	0	0	0	0	0	0	85	0	0	
162746	0	0	0	0	0	0	0	0	0	79	0	0	
163495	0	0	0	0	0	0	0	0	0	83	0	0	
164245	0	0	0	0	0	0	0	0	0	81	0	0	
164997	0	0	0	0	0	0	0	0	6	77	0	0	
165749	0	0	0	0	0	0	0	0	0	79	2	0	
166499	0	0	0	0	0	0	0	0	0	93	0	0	
167251	0	0	0	0	0	0	0	0	0	81	0	0	
167999	0	0	0	0	0	0	0	0	0	73	0	0	
168751	0	0	0	0	0	0	0	0	0	91	0	0	
169504	0	0	0	0	0	0	0	0	0	67	0	0	
170254	0	0	0	0	0	0	0	0	0	79	0	0	
171005	0	0	0	0	0	0	0	0	93	0	0	0	
171758	0	0	0	0	0	0	0	0	83	0	0	0	
172511	0	0	0	0	0	0	0	0	87	0	0	0	
173262	0	0	0	0	0	0	0	0	79	0	0	0	
174015	0	0	0	0	0	0	0	0	95	0	0	0	
174765	0	0	0	0	0	0	0	0	95	0	0	0	
175520	0	0	0	0	0	0	0	0	101	0	0	0	
176275	0	0	0	0	0	0	0	0	105	0	0	0	
177024	0	0	0	0	0	0	0	107	0	0	0	0	
177776	0	0	0	0	0	0	0	129	0	0	0	0	
178527	0	0	0	0	0	0	1	96	0	0	0	0	
179274	0	0	0	0	0	0	0	97	0	0	0	0	
180026	0	0	0	0	0	0	0	103	0	0	0	0	
180776	0	0	0	0	0	0	0	107	0	0	0	0	
181526	0	0	0	0	0	0	0	0	93	0	0	0	
182277	0	0	0	0	0	0	0	0	83	0	0	0	
183030	0	0	0	0	0	0	0	0	79	0	0	0	
183777	0	0	0	0	0	0	0	0	105	0	0	0	
184526	0	0	0	0	0	0	0	0	95	0	0	0	
185275	0	0	0	0	0	0	0	0	97	0	0	0	
186022	0	0	0	0	0	0	0	0	91	0	0	0	
186775	0	0	0	0	0	0	0	0	99	0	0	0	
187523	0	0	0	0	0	0	0	0	109	0	0	0	
188275	0	0	0	0	0	0	0	0	93	0	0	0	
189028	0	0	0	0	0	0	0	0	77	0	0	0	
189777	0	0	0	0	0	0	0	0	91	0	0	0	
190529	0	0	0	0	0	0	0	0	99	0	0	0	
191281	0	0	0	0	0	0	0	0	99	0	0	0	
192032	0	0	0	0	0	0	0	0	95	0	0	0	
192784	0	0	0	0	0	0	0	0	103	0	0	0	
193535	0	0	0	0	0	0	0	0	87	0	0	0	
194286	0	0	0	0	0	0	0	0	91	0	0	0	
195035	0	0	0	0	0	0	0	0	89	0	0	0	
195785	0	0	0	0	0	0	0	0	83	0	0	0	
196532	0	0	0	0	0	0	0	0	97	0	0	0	
197285	0	0	0	0	0	0	0	0	91	0	0	0	
198035	0	0	0	0	0	0	0	0	87	0	0	0	
198787	0	0	0	0	0	0	0	0	91	0	0	0	
199539	0	0	0	0	0	0	0	0	79	0	0	0	
200287	0	0	0	0	0	0	0	0	119	0	0	0	
201040	0	0	0	0	0	0	0	0	87	0	0	0	
201789	0	0	0	0	0	0	0	0	93	0	0	0	
202540	0	0	0	0	0	0	0	0	79	0	0	0	
203293	0	0	0	0	0	0	0	0	105	0	0	0	
204044	0	0	0	0	0	0	0	0	93	0	0	0	
204794	0	0	0	0	0	0	0	0	93	0	0	0	
205542	0	0	0	0	0	0	0	0	93	0	0	0	
206293	0	0	0	0	0	0	0	0	89	0	0	0	
207047	0	0	0	0	0	0	0	0	89	0	0	0	
207797	0	0	0	0	0	0	0	0	109	0	0	0	
208544	0	0	0	0	0	0	0	0	93	0	0	0	
209298	0	0	0	0	0	0	0	0	89	0	0	0	
210049	0	0	0	0	0	0	0	0	83	0	0	0	
210794	0	0	0	0	0	0	0	0	101	0	0	0	
211544	0	0	0	0	0	0	0	0	109	0	0	0	
212296	0	0	0	0	0	0	0	0	93	0	0	0	
213049	0	0	0	0	0	0	0	0	89	0	0	0	
213799	0	0	0	0	0	0	0	0	87	0	0	0	
214551	0	0	0	0	0	0	0	0	81	0	0	0	
215298	0	0	0	0	0	0	0	0	81	0	0	0	
216050	0	0	0	0	0	0	0	0	99	0	0	0	
216803	0	0	0	0	0	0	0	0	97	0	0	0	
217557	0	0	0	0	0	0	0	115	0	0	0	0	
218308	0	0	0	0	0	0	0	131	0	0	0	0	
219058	0	0	0	0	0	0	0	135	0	0	0	0	
219803	0	0	0	0	0	0	0	115	0	0	0	0	
220555	0	0	0	0	0	0	0	115	0	0	0	0	
221302	0	0	0	0	0	0	0	115	0	0	0	0	
222054	0	0	0	0	0	0	0	109	0	0	0	0	
222807	0	0	0	0	0	0	0	123	0	0	0	0	
223558	0	0	0	0	0	0	0	107	0	0	0	0	
224310	0	0	0	0	0	0	0	103	0	0	0	0	
225062	0	0	0	0	0	0	0	133	0	0	0	0	
225811	0	0	0	0	0	0	0	125	0	0	0	0	
226559	0	0	0	0	0	0	0	99	0	0	0	0	
227309	0	0	0	0	0	0	0	111	0	0	0	0	
228060	0	0	0	0	0	0	0	115	0	0	0	0	
228811	0	0	0	0	0	0	0	123	0	0	0	0	
229560	0	0	0	0	0	0	0	0	95	0	0	0	
230311	0	0	0	0	0	0	0	0	83	0	0	0	
231061	0	0	0	0	0	0	0	0	99	0	0	0	
231811	0	0	0	0	0	0	0	0	99	0	0	0	
232563	0	0	0	0	0	0	0	107	0	0	0	0	
233315	0	0	0	0	0	0	133	0	0	0	0	0	
234066	0	0	0	0	0	0	151	0	0	0	0	0	
234815	0	0	0	0	0	0	145	0	0	0	0	0	
235564	0	0	0	0	0	0	145	0	0	0	0	0	
236309	0	0	0	0	0	0	139	0	0	0	0	0	
237057	0	0	0	0	0	2	135	0	0	0	0	0	
237807	0	0	0	0	0	0	159	0	0	0	0	0	
238554	0	0	0	0	0	0	143	0	0	0	0	0	
239303	0	0	0	0	0	0	143	0	0	0	0	0	
240056	0	0	0	0	0	0	155	0	0	0	0	0	
240804	0	0	0	0	0	0	129	0	0	0	0	0	
241554	0	0	0	0	0	0	155	0	0	0	0	0	
242303	0	0	0	0	0	0	135	0	0	0	0	0	
243054	0	0	0	0	0	0	131	0	0	0	0	0	
243806	0	0	0	0	0	0	153	0	0	0	0	0	
244550	0	0	0	0	0	0	139	0	0	0	0	0	
245301	0	0	0	0	0	0	147	0	0	0	0	0	
246049	0	0	0	0	0	0	151	0	0	0	0	0	
246799	0	0	0	0	0	0	143	0	0	0	0	0	
247549	0	0	0	0	0	0	131	0	0	0	0	0	
248297	0	0	0	0	0	0	127	0	0	0	0	0	
249047	0	0	0	0	0	0	161	0	0	0	0	0	
249798	0	0	0	0	0	0	137	0	0	0	0	0	
250549	0	0	0	0	0	0	139	0	0	0	0	0	
251299	0	0	0	0	0	0	143	0	0	0	0	0	
252046	0	0	0	0	0	0	141	0	0	0	0	0	
252798	0	0	0	0	0	0	155	0	0	0	0	0	
253550	0	0	0	0	0	30	109	0	0	0	0	0	
254302	0	0	0	0	0	0	127	0	0	0	0	0	
255050	0	0	0	0	0	0	145	0	0	0	0	0	
255802	0	0	0	0	0	0	135	0	0	0	0	0	
256551	0	0	0	0	0	0	165	0	0	0	0	0	
257302	0	0	0	0	0	0	145	0	0	0	0	0	
258050	0	0	0	0	0	0	161	0	0	0	0	0	
258803	0	0	0	0	0	0	147	0	0	0	0	0	
259552	0	0	0	0	0	0	131	0	0	0	0	0	
260301	0	0	0	0	0	0	155	0	0	0	0	0	
261052	0	0	0	0	0	0	139	0	0	0	0	0	
261802	0	0	0	0	0	0	125	0	0	0	0	0	
262553	0	0	0	0	0	0	135	0	0	0	0	0	
263299	0	0	0	0	0	0	123	0	0	0	0	0	
264051	0	0	0	0	0	0	165	0	0	0	0	0	
264801	0	0	0	0	0	0	141	0	0	0	0	0	
265550	0	0	0	0	0	0	133	0	0	0	0	0	
266299	0	0	0	0	0	0	183	0	0	0	0	0	
267050	0	0	0	0	0	0	145	0	0	0	0	0	
267803	0	0	0	0	0	0	131	0	0	0	0	0	
268550	0	0	0	0	0	0	145	0	0	0	0	0	
269297	0	0	0	0	0	0	131	0	0	0	0	0	
270048	0	0	0	0	0	0	139	0	0	0	0	0	
270795	0	0	0	0	0	0	121	0	0	0	0	0	
271547	0	0	0	0	0	0	143	0	0	0	0	0	
272297	0	0	0	0	0	0	137	0	0	0	0	0	
273048	0	0	0	0	0	0	137	0	0	0	0	0	
273796	0	0	0	0	0	0	123	0	0	0	0	0	
274548	0	0	0	0	0	0	147	0	0	0	0	0	
275300	0	0	0	0	0	0	155	0	0	0	0	0	
276050	0	0	0	0	0	0	139	0	0	0	0	0	
276800	0	0	0	0	0	0	131	0	0	0	0	0	
277546	0	0	0	0	0	0	149	0	0	0	0	0	
278295	0	0	0	0	0	51	108	0	0	0	0	0	
279044	0	0	0	0	0	0	125	0	0	0	0	0	
279795	0	0	0	0	0	0	123	0	0	0	0	0	
280547	0	0	0	0	0	0	151	0	0	0	0	0	
281296	0	0	0	0	0	0	131	0	0	0	0	0	
282043	0	0	0	0	0	0	121	0	0	0	0	0	
282793	0	0	0	0	0	0	147	0	0	0	0	0	
283542	0	0	0	0	0	2	151	0	0	0	0	0	
284293	0	0	0	0	0	0	159	0	0	0	0	0	
285040	0	0	0	0	0	0	0	125	0	0	0	0	
285789	0	0	0	0	0	0	0	121	0	0	0	0	
286540	0	0	0	0	0	0	0	117	0	0	0	0	
287291	0	0	0	0	0	0	0	117	0	0	0	0	
288040	0	0	0	0	0	0	0	117	0	0	0	0	
288790	0	0	0	0	0	0	0	90	11	0	0	0	
289538	0	0	0	0	0	0	0	101	0	0	0	0	
290286	0	0	0	0	0	0	139	0	0	0	0	0	
291033	0	0	0	0	0	0	137	0	0	0	0	0	
291786	0	0	0	0	0	0	141	0	0	0	0	0	
292536	0	0	0	0	0	0	129	0	0	0	0	0	
293286	0	0	0	0	0	0	141	0	0	0	0	0	
294036	0	0	0	0	0	0	141	0	0	0	0	0	
294787	0	0	0	0	0	0	141	0	0	0	0	0	
295536	0	0	0	0	0	0	147	0	0	0	0	0	
296290	0	0	0	0	0	0	135	0	0	0	0	0	
297039	0	0	0	0	0	0	151	0	0	0	0	0	
297788	0	0	0	0	0	0	133	0	0	0	0	0	
298537	0	0	0	0	0	0	159	0	0	0	0	0	
299284	0	0	0	0	0	0	165	0	0	0	0	0	
300033	0	0	0	0	0	0	161	0	0	0	0	0	
300779	0	0	0	0	0	0	149	0	0	0	0	0	
301530	0	0	0	0	0	0	147	0	0	0	0	0	
302278	0	0	0	0	0	0	153	0	0	0	0	0	
303035	0	0	0	0	0	0	147	0	0	0	0	0	
303787	0	0	0	0	0	0	159	0	0	0	0	0	
304537	0	0	0	0	0	0	155	0	0	0	0	0	
305286	0	0	0	0	0	0	137	0	0	0	0	0	
306035	0	0	0	0	0	0	149	0	0	0	0	0	
306784	0	0	0	0	0	0	127	0	0	0	0	0	
307534	0	0	0	0	0	0	185	0	0	0	0	0	
308283	0	0	0	0	0	0	127	0	0	0	0	0	
309034	0	0	0	0	0	0	123	0	0	0	0	0	
309784	0	0	0	0	0	0	135	0	0	0	0	0	
310537	0	0	0	0	0	0	157	0	0	0	0	0	
311285	0	0	0	0	0	0	131	0	0	0	0	0	
312037	0	0	0	0	0	0	129	0	0	0	0	0	
312785	0	0	0	0	0	0	149	0	0	0	0	0	
313535	0	0	0	0	0	0	131	0	0	0	0	0	
314284	0	0	0	0	0	0	153	0	0	0	0	0	
315036	0	0	0	0	0	0	137	0	0	0	0	0	
315783	0	0	0	0	0	0	149	0	0	0	0	0	
316530	0	0	0	0	0	0	139	0	0	0	0	0	
317280	0	0	0	0	0	0	153	0	0	0	0	0	
318032	0	0	0	0	0	0	145	0	0	0	0	0	
318781	0	0	0	0	0	0	163	0	0	0	0	0	
319531	0	0	0	0	0	0	139	0	0	0	0	0	
320282	0	0	0	0	0	0	113	0	0	0	0	0	
321033	0	0	0	0	0	0	121	0	0	0	0	0	
321784	0	0	0	0	0	0	0	113	0	0	0	0	
322532	0	0	0	0	0	0	0	111	0	0	0	0	
323282	0	0	0	0	0	0	0	105	0	0	0	0	
324033	0	0	0	0	0	0	0	103	0	0	0	0	
324783	0	0	0	0	0	0	0	123	0	0	0	0	
325533	0	0	0	0	0	0	0	123	0	0	0	0	
326286	0	0	0	0	0	0	0	127	0	0	0	0	
327038	0	0	0	0	0	0	0	125	0	0	0	0	
327788	0	0	0	0	0	0	0	99	0	0	0	0	
328541	0	0	0	0	0	0	0	117	0	0	0	0	
329293	0	0	0	0	0	0	0	131	0	0	0	0	
330043	0	0	0	0	0	0	0	95	0	0	0	0	
330793	0	0	0	0	0	0	0	115	0	0	0	0	
331546	0	0	0	0	0	0	0	115	0	0	0	0	
332295	0	0	0	0	0	0	0	117	0	0	0	0	
333045	0	0	0	0	0	0	0	111	0	0	0	0	
333793	0	0	0	0	0	0	0	123	0	0	0	0	
334547	0	0	0	0	0	0	0	101	0	0	0	0	
335297	0	0	0	0	0	0	0	109	0	0	0	0	
336047	0	0	0	0	0	0	0	123	0	0	0	0	
336799	0	0	0	0	0	0	0	131	0	0	0	0	
337548	0	0	0	0	0	0	0	103	0	0	0	0	
338299	0	0	0	0	0	0	0	137	0	0	0	0	
339050	0	0	0	0	0	0	0	115	0	0	0	0	
339801	0	0	0	0	0	0	0	113	0	0	0	0	
340550	0	0	0	0	0	0	0	121	0	0	0	0	
341303	0	0	0	0	0	0	0	101	0	0	0	0	
342053	0	0	0	0	0	0	0	115	0	0	0	0	
342803	0	0	0	0	0	0	0	115	0	0	0	0	
343552	0	0	0	0	0	0	0	115	0	0	0	0	
344300	0	0	0	0	0	0	0	115	0	0	0	0	
345052	0	0	0	0	0	0	0	131	0	0	0	0	
345806	0	0	0	0	0	0	0	103	0	0	0	0	
346557	0	0	0	0	0	0	0	103	0	0	0	0	
347307	0	0	0	0	0	0	0	101	0	0	0	0	
348061	0	0	0	0	0	0	0	127	0	0	0	0	
348812	0	0	0	0	0	0	0	115	0	0	0	0	
349564	0	0	0	0	0	0	0	103	0	0	0	0	
350312	0	0	0	0	0	0	0	123	0	0	0	0	
351061	0	0	0	0	0	0	0	109	0	0	0	0	
351812	0	0	0	0	0	0	0	101	0	0	0	0	
352559	0	0	0	0	0	0	0	0	91	0	0	0	
353310	0	0	0	0	0	0	0	0	83	0	0	0	
354059	0	0	0	0	0	0	0	0	77	0	0	0	
354812	0	0	0	0	0	0	0	0	93	0	0	0	
355559	0	0	0	0	0	0	0	0	93	0	0	0	
356308	0	0	0	0	0	0	0	0	95	0	0	0	
357057	0	0	0	0	0	0	0	0	79	0	0	0	
357811	0	0	0	0	0	0	0	0	101	0	0	0	
358560	0	0	0	0	0	0	0	0	89	0	0	0	
359308	0	0	0	0	0	0	0	0	79	0	0	0	
360060	0	0	0	0	0	0	0	0	101	0	0	0	
360809	0	0	0	0	0	0	0	0	93	0	0	0	
361560	0	0	0	0	0	0	0	0	81	0	0	0	
362313	0	0	0	0	0	0	0	7	74	0	0	0	
363062	0	0	0	0	0	0	0	0	81	0	0	0	
363811	0	0	0	0	0	0	0	0	103	0	0	0	
364563	0	0	0	0	0	0	0	0	89	0	0	0	
365316	0	0	0	0	0	0	0	0	99	0	0	0	
366066	0	0	0	0	0	0	0	0	77	0	0	0	
366821	0	0	0	0	0	0	0	0	105	0	0	0	
367569	0	0	0	0	0	0	0	0	105	0	0	0	
368318	0	0	0	0	0	0	0	0	93	0	0	0	
369069	0	0	0	0	0	0	0	0	83	0	0	0	
369822	0	0	0	0	0	0	0	0	97	0	0	0	
370574	0	0	0	0	0	0	0	0	83	0	0	0	
371324	0	0	0	0	0	0	0	0	97	0	0	0	
372073	0	0	0	0	0	0	0	0	83	0	0	0	
372824	0	0	0	0	0	0	0	0	89	0	0	0	
373576	0	0	0	0	0	0	0	0	75	0	0	0	
374328	0	0	0	0	0	0	0	0	107	0	0	0	
375078	0	0	0	0	0	0	0	0	93	0	0	0	
375829	0	0	0	0	0	0	0	0	97	0	0	0	
376580	0	0	0	0	0	0	0	0	93	0	0	0	
377328	0	0	0	0	0	0	0	0	107	0	0	0	
378080	0	0	0	0	0	0	0	0	0	61	0	0	
378827	0	0	0	0	0	0	0	0	0	65	0	0	
379576	0	0	0	0	0	0	0	0	0	99	0	0	
380325	0	0	0	0	0	0	0	0	0	75	0	0	
381077	0	0	0	0	0	0	0	0	0	65	0	0	
381827	0	0	0	0	0	0	0	0	0	83	0	0	
382576	0	0	0	0	0	0	0	0	0	63	0	0	
383326	0	0	0	0	0	0	0	0	0	83	0	0	
384074	0	0	0	0	0	0	0	0	0	75	0	0	
384827	0	0	0	0	0	0	0	0	0	75	0	0	
385578	0	0	0	0	0	0	0	0	0	87	0	0	
386327	0	0	0	0	0	0	0	0	0	75	0	0	
387076	0	0	0	0	0	0	0	0	0	79	0	0	
387828	0	0	0	0	0	0	0	0	0	59	0	0	
388578	0	0	0	0	0	0	0	0	0	67	0	0	
389330	0	0	0	0	0	0	0	0	0	75	0	0	
390078	0	0	0	0	0	0	0	0	7	64	0	0	
390826	0	0	0	0	0	0	0	0	0	97	0	0	
391573	0	0	0	0	0	0	0	0	87	0	0	0	
392320	0	0	0	0	0	0	0	0	97	0	0	0	
393071	0	0	0	0	0	0	0	0	89	0	0	0	
393822	0	0	0	0	0	0	0	0	77	0	0	0	
394571	0	0	0	0	0	0	0	0	89	0	0	0	
395321	0	0	0	0	0	0	0	9	80	0	0	0	
396069	0	0	0	0	0	0	0	0	95	0	0	0	
396821	0	0	0	0	0	0	0	0	85	0	0	0	
397571	0	0	0	0	0	0	0	0	0	73	0	0	
398324	0	0	0	0	0	0	0	0	0	0	55	0	
399076	0	0	0	0	0	0	0	0	0	0	65	0	
399822	0	0	0	0	0	0	0	0	0	0	63	0	
400574	0	0	0	0	0	0	0	0	0	0	69	0	
401325	0	0	0	0	0	0	0	0	0	0	67	0	
402079	0	0	0	0	0	0	0	0	0	0	71	0	
402828	0	0	0	0	0	0	0	0	0	0	67	0	
403577	0	0	0	0	0	0	0	0	0	0	63	0	
404329	0	0	0	0	0	0	0	0	0	0	59	0	
405078	0	0	0	0	0	0	0	0	0	54	15	0	
405827	0	0	0	0	0	0	0	0	0	85	0	0	
406578	0	0	0	0	0	0	0	0	0	59	0	0	
407327	0	0	0	0	0	0	0	0	0	0	47	0	
408078	0	0	0	0	0	0	0	0	0	0	73	0	
408829	0	0	0	0	0	0	0	0	0	0	59	0	
409576	0	0	0	0	0	0	0	0	0	0	61	0	
410327	0	0	0	0	0	0	0	0	0	0	57	0	
411076	0	0	0	0	0	0	0	0	0	0	49	0	
411826	0	0	0	0	0	0	0	0	0	0	63	0	
412575	0	0	0	0	0	0	0	0	0	0	51	0	
413326	0	0	0	0	0	0	0	0	0	0	53	0	
414074	0	0	0	0	0	0	0	0	0	0	61	0	
414826	0	0	0	0	0	0	0	0	0	0	55	0	
415575	0	0	0	0	0	0	0	0	0	0	53	0	
416324	0	0	0	0	0	0	0	0	0	0	55	0	
417073	0	0	0	0	0	0	0	0	0	0	59	0	
417823	0	0	0	0	0	0	0	0	0	0	59	0	
418572	0	0	0	0	0	0	0	0	0	0	55	0	
419322	0	0	0	0	0	0	0	0	0	0	53	0	
420070	0	0	0	0	0	0	0	0	0	0	67	0	
420821	0	0	0	0	0	0	0	0	0	0	0	57	
421571	0	0	0	0	0	0	0	0	0	0	0	49	
422321	0	0	0	0	0	0	0	0	0	0	0	63	
423071	0	0	0	0	0	0	0	0	0	0	0	43	
423824	0	0	0	0	0	0	0	0	0	0	0	59	
424576	0	0	0	0	0	0	0	0	0	0	0	47	
425325	0	0	0	0	0	0	0	0	0	0	0	51	
426073	0	0	0	0	0	0	0	0	0	0	0	49	
426819	0	0	0	0	0	0	0	0	0	0	0	61	
427571	0	0	0	0	0	0	0	0	0	0	0	51	
428320	0	0	0	0	0	0	0	0	0	0	75	0	
429071	0	0	0	0	0	0	0	0	0	0	67	0	
429821	0	0	0	0	0	0	0	0	0	0	69	0	
430571	0	0	0	0	0	0	0	0	0	0	63	0	
431322	0	0	0	0	0	0	0	0	0	0	69	0	
432074	0	0	0	0	0	0	0	0	0	0	73	0	
432825	0	0	0	0	0	0	0	0	0	0	67	0	
433572	0	0	0	0	0	0	0	0	0	0	67	0	
434322	0	0	0	0	0	0	0	0	0	0	63	0	
435072	0	0	0	0	0	0	0	0	0	0	57	0	
435821	0	0	0	0	0	0	0	0	0	0	61	0	
436569	0	0	0	0	0	0	0	0	0	0	59	0	
437322	0	0	0	0	0	0	0	0	0	0	73	0	
438072	0	0	0	0	0	0	0	0	0	0	55	0	
438824	0	0	0	0	0	0	0	0	0	0	71	0	
439575	0	0	0	0	0	0	0	0	0	0	39	0	
440325	0	0	0	0	0	0	0	0	0	0	49	0	
441073	0	0	0	0	0	0	0	0	0	0	59	0	
441824	0	0	0	0	0	0	0	0	0	0	71	0	
442574	0	0	0	0	0	0	0	0	0	0	63	0	
443322	0	0	0	0	0	0	0	0	0	0	65	0	
444070	0	0	0	0	0	0	0	0	0	0	61	0	
444819	0	0	0	0	0	0	0	0	0	0	73	0	
445569	0	0	0	0	0	0	0	0	0	0	79	0	
446319	0	0	0	0	0	0	0	0	0	0	87	0	
447072	0	0	0	0	0	0	0	0	0	0	57	0	
447823	0	0	0	0	0	0	0	0	0	75	0	0	
448575	0	0	0	0	0	0	0	0	0	79	0	0	
449324	0	0	0	0	0	0	0	0	0	83	0	0	
450075	0	0	0	0	0	0	0	0	0	83	0	0	
450826	0	0	0	0	0	0	0	0	0	71	0	0	
451578	0	0	0	0	0	0	0	0	79	0	0	0	
452328	0	0	0	0	0	0	0	0	85	0	0	0	
453078	0	0	0	0	0	0	0	0	103	0	0	0	
453826	0	0	0	0	0	0	0	0	85	0	0	0	
454580	0	0	0	0	0	0	0	0	99	0	0	0	
455328	0	0	0	0	0	0	0	0	87	0	0	0	
456076	0	0	0	0	0	0	0	0	83	0	0	0	
456828	0	0	0	0	0	0	0	0	73	0	0	0	
457581	0	0	0	0	0	0	0	0	85	0	0	0	
458329	0	0	0	0	0	0	0	7	86	0	0	0	
459078	0	0	0	0	0	0	0	0	83	0	0	0	
459830	0	0	0	0	0	0	0	0	95	0	0	0	
460581	0	0	0	0	0	0	0	0	101	0	0	0	
461333	0	0	0	0	0	0	0	0	103	0	0	0	
462081	0	0	0	0	0	0	0	0	83	0	0	0	
462833	0	0	0	0	0	0	0	0	105	0	0	0	
463583	0	0	0	0	0	0	0	0	87	0	0	0	
464335	0	0	0	0	0	0	0	0	91	0	0	0	
465087	0	0	0	0	0	0	0	0	103	0	0	0	
465835	0	0	0	0	0	0	0	0	105	4	0	0	
466588	0	0	0	0	0	0	0	0	95	0	0	0	
467336	0	0	0	0	0	0	0	0	99	0	0	0	
468086	0	0	0	0	0	0	0	0	91	0	0	0	
468831	0	0	0	0	0	0	0	0	91	0	0	0	
469581	0	0	0	0	0	0	0	0	107	0	0	0	
470332	0	0	0	0	0	0	0	0	97	0	0	0	
471081	0	0	0	0	0	0	0	0	95	0	0	0	
471834	0	0	0	0	0	0	0	0	105	0	0	0	
472586	0	0	0	0	0	0	0	0	103	0	0	0	
473332	0	0	0	0	0	0	0	0	81	0	0	0	
474078	0	0	0	0	0	0	0	0	107	0	0	0	
474830	0	0	0	0	0	0	0	0	87	0	0	0	
475582	0	0	0	0	0	0	0	0	85	0	0	0	
476331	0	0	0	0	0	0	0	0	95	0	0	0	
477079	0	0	0	0	0	0	0	0	85	0	0	0	
477831	0	0	0	0	0	0	0	0	101	0	0	0	
478584	0	0	0	0	0	0	0	0	109	0	0	0	
479336	0	0	0	0	0	0	0	0	91	0	0	0	
480086	0	0	0	0	0	0	0	0	93	0	0	0	
480837	0	0	0	0	0	0	0	0	91	0	0	0	
481586	0	0	0	0	0	0	0	0	107	0	0	0	
482332	0	0	0	0	0	0	0	0	85	0	0	0	
483082	0	0	0	0	0	0	0	0	99	0	0	0	
483830	0	0	0	0	0	0	0	113	0	0	0	0	
484579	0	0	0	0	0	0	0	115	0	0	0	0	
485329	0	0	0	0	0	0	0	121	0	0	0	0	
486082	0	0	0	0	0	0	0	119	0	0	0	0	
486832	0	0	0	0	0	0	0	109	0	0	0	0	
487582	0	0	0	0	0	0	0	125	0	0	0	0	
488331	0	0	0	0	0	0	0	113	0	0	0	0	
489079	0	0	0	0	0	0	0	125	0	0	0	0	
489829	0	0	0	0	0	0	0	109	0	0	0	0	
490581	0	0	0	0	0	0	0	131	0	0	0	0	
491332	0	0	0	0	0	0	0	131	0	0	0	0	
492079	0	0	0	0	0	0	0	121	0	0	0	0	
492830	0	0	0	0	0	0	0	111	0	0	0	0	
493580	0	0	0	0	0	0	0	123	0	0	0	0	
494331	0	0	0	0	0	0	0	137	0	0	0	0	
495083	0	0	0	0	0	0	0	129	0	0	0	0	
495833	0	0	0	0	0	0	0	117	0	0	0	0	
496582	0	0	0	0	0	0	143	0	0	0	0	0	
497328	0	0	0	0	0	0	129	0	0	0	0	0	
498078	0	0	0	0	0	0	147	0	0	0	0	0	
498826	0	0	0	0	0	0	151	0	0	0	0	0	
499576	0	0	0	0	0	0	155	0	0	0	0	0	
500327	0	0	0	0	0	0	155	0	0	0	0	0	
501079	0	0	0	0	0	0	111	0	0	0	0	0	
501830	0	0	0	0	0	0	151	0	0	0	0	0	
502576	0	0	0	0	0	0	151	0	0	0	0	0	
503328	0	0	0	0	0	0	163	0	0	0	0	0	
504075	0	0	0	0	0	0	151	0	0	0	0	0	
504827	0	0	0	0	0	0	151	0	0	0	0	0	
505575	0	0	0	0	0	0	141	0	0	0	0	0	
506324	0	0	0	0	0	0	137	0	0	0	0	0	
507072	0	0	0	0	0	0	157	0	0	0	0	0	
507820	0	0	0	0	0	0	141	0	0	0	0	0	
508574	0	0	0	0	0	0	129	0	0	0	0	0	
509324	0	0	0	0	0	0	141	0	0	0	0	0	
510072	0	0	0	0	0	0	143	0	0	0	0	0	
510824	0	0	0	0	0	0	129	0	0	0	0	0	
511577	0	0	0	0	0	0	137	0	0	0	0	0	
512324	0	0	0	0	0	177	0	0	0	0	0	0	
513076	0	0	0	0	0	177	0	0	0	0	0	0	
513829	0	0	0	0	0	179	0	0	0	0	0	0	
514580	0	0	0	0	0	151	0	0	0	0	0	0	
515333	0	0	0	0	0	175	0	0	0	0	0	0	
516082	0	0	0	0	0	165	0	0	0	0	0	0	
516830	0	0	0	0	13	152	0	0	0	0	0	0	
517580	0	0	0	0	0	175	0	0	0	0	0	0	
518328	0	0	0	0	0	187	0	0	0	0	0	0	
519078	0	0	0	0	0	187	0	0	0	0	0	0	
519828	0	0	0	0	0	181	0	0	0	0	0	0	
520579	0	0	0	0	0	171	0	0	0	0	0	0	
521328	0	0	0	0	3	182	0	0	0	0	0	0	
522078	0	0	0	0	0	187	0	0	0	0	0	0	
522825	0	0	0	0	0	175	0	0	0	0	0	0	
523574	0	0	0	0	0	0	147	0	0	0	0	0	
524325	0	0	0	0	0	0	141	0	0	0	0	0	
525073	0	0	0	0	0	0	137	0	0	0	0	0	
525824	0	0	0	0	0	0	155	0	0	0	0	0	
526573	0	0	0	0	0	0	159	0	0	0	0	0	
527324	0	0	0	0	0	0	143	0	0	0	0	0	
528075	0	0	0	0	0	0	137	0	0	0	0	0	
528824	0	0	0	0	0	0	157	0	0	0	0	0	
529575	0	0	0	0	0	0	131	0	0	0	0	0	
530323	0	0	0	0	0	0	139	0	0	0	0	0	
531073	0	0	0	0	0	0	147	0	0	0	0	0	
531824	0	0	0	0	0	0	125	0	0	0	0	0	
532571	0	0	0	0	0	0	138	1	0	0	0	0	
533321	0	0	0	0	0	0	155	0	0	0	0	0	
534069	0	0	0	0	0	0	115	0	0	0	0	0	
534819	0	0	0	0	0	0	143	0	0	0	0	0	
535570	0	0	0	0	0	0	153	0	0	0	0	0	
536325	0	0	0	0	0	0	133	0	0	0	0	0	
537074	0	0	0	0	0	0	127	0	0	0	0	0	
537823	0	0	0	0	0	0	145	0	0	0	0	0	
538575	0	0	0	0	0	0	141	0	0	0	0	0	
539323	0	0	0	0	0	0	153	0	0	0	0	0	
540070	0	0	0	0	0	0	145	0	0	0	0	0	
540822	0	0	0	0	0	0	135	0	0	0	0	0	
541567	0	0	0	0	0	2	115	0	0	0	0	0	
542316	0	0	0	0	0	0	143	0	0	0	0	0	
543065	0	0	0	0	0	0	143	0	0	0	0	0	
543813	0	0	0	0	0	0	163	0	0	0	0	0	
544562	0	0	0	0	0	0	181	0	0	0	0	0	
545314	0	0	0	0	0	0	141	0	0	0	0	0	
546064	0	0	0	0	0	0	147	0	0	0	0	0	
546813	0	0	0	0	0	0	137	0	0	0	0	0	
547563	0	0	0	0	0	0	167	0	0	0	0	0	
548314	0	0	0	0	0	0	157	0	0	0	0	0	
549065	0	0	0	0	0	41	114	0	0	0	0	0	
549816	0	0	0	0	0	0	141	0	0	0	0	0	
550568	0	0	0	0	0	0	117	0	0	0	0	0	
551317	0	0	0	0	0	0	127	0	0	0	0	0	
552067	0	0	0	0	0	0	135	0	0	0	0	0	
552815	0	0	0	0	0	0	129	0	0	0	0	0	
553568	0	0	0	0	0	0	141	0	0	0	0	0	
554319	0	0	0	0	0	0	145	0	0	0	0	0	
555069	0	0	0	0	0	0	141	0	0	0	0	0	
555816	0	0	0	0	0	0	159	0	0	0	0	0	
556567	0	0	0	0	0	0	125	0	0	0	0	0	
557318	0	0	0	0	0	0	145	0	0	0	0	0	
558068	0	0	0	0	0	0	163	0	0	0	0	0	
558818	0	0	0	0	0	0	145	0	0	0	0	0	
559571	0	0	0	0	0	0	143	0	0	0	0	0	
560322	0	0	0	0	0	0	121	0	0	0	0	0	
561071	0	0	0	0	0	0	175	0	0	0	0	0	
561819	0	0	0	0	0	0	151	0	0	0	0	0	
562566	0	0	0	0	0	0	153	0	0	0	0	0	
563316	0	0	0	0	0	0	139	0	0	0	0	0	
564070	0	0	0	0	0	0	159	0	0	0	0	0	
564819	0	0	0	0	0	0	125	0	0	0	0	0	
565569	0	0	0	0	0	0	161	0	0	0	0	0	
566321	0	0	0	0	0	0	143	0	0	0	0	0	
567070	0	0	0	0	0	0	131	0	0	0	0	0	
567820	0	0	0	0	0	0	163	0	0	0	0	0	
568568	0	0	0	0	0	0	145	0	0	0	0	0	
569319	0	0	0	0	0	0	145	0	0	0	0	0	
570068	0	0	0	0	0	0	137	0	0	0	0	0	
570822	0	0	0	0	0	0	129	0	0	0	0	0	
571569	0	0	0	0	0	0	137	0	0	0	0	0	
572321	0	0	0	0	0	0	137	0	0	0	0	0	
573071	0	0	0	0	0	0	135	0	0	0	0	0	
573822	0	0	0	0	0	0	153	0	0	0	0	0	
574570	0	0	0	0	0	0	135	0	0	0	0	0	
575318	0	0	0	0	0	0	127	0	0	0	0	0	
576067	0	0	0	0	0	0	163	0	0	0	0	0	
576817	0	0	0	0	0	0	157	0	0	0	0	0	
577565	0	0	0	0	0	0	137	0	0	0	0	0	
578315	0	0	0	0	0	0	147	0	0	0	0	0	
579065	0	0	0	0	0	0	153	0	0	0	0	0	
579817	0	0	0	0	0	0	155	0	0	0	0	0	
580569	0	0	0	0	0	0	153	0	0	0	0	0	
581321	0	0	0	0	0	0	148	1	0	0	0	0	
582069	0	0	0	0	0	30	111	0	0	0	0	0	
582816	0	0	0	0	0	0	133	0	0	0	0	0	
583568	0	0	0	0	0	0	171	0	0	0	0	0	
584323	0	0	0	0	0	0	141	0	0	0	0	0	
585075	0	0	0	0	0	0	143	0	0	0	0	0	
585826	0	0	0	0	0	0	147	0	0	0	0	0	
586581	0	0	0	0	0	0	139	0	0	0	0	0	
587331	0	0	0	0	0	0	141	0	0	0	0	0	
588082	0	0	0	0	0	0	139	0	0	0	0	0	
588832	0	0	0	0	0	0	127	0	0	0	0	0	
589583	0	0	0	0	0	7	136	0	0	0	0	0	
590329	0	0	0	0	0	0	161	0	0	0	0	0	
591079	0	0	0	0	0	0	153	0	0	0	0	0	
591826	0	0	0	0	0	0	147	0	0	0	0	0	
592574	0	0	0	0	0	0	139	0	0	0	0	0	
593325	0	0	0	0	0	0	143	0	0	0	0	0	
594074	0	0	0	0	0	0	151	0	0	0	0	0	
594825	0	0	0	0	0	0	147	0	0	0	0	0	
595576	0	0	0	0	0	0	155	0	0	0	0	0	
596326	0	0	0	0	0	0	129	0	0	0	0	0	
597078	0	0	0	0	0	0	127	0	0	0	0	0	
597827	0	0	0	0	0	0	0	0	75	0	0	0	
598579	0	0	0	0	0	0	0	0	87	0	0	0	
599329	0	0	0	0	0	0	0	0	91	0	0	0	
600075	0	0	0	0	0	0	0	0	93	0	0	0	
600824	0	0	0	0	0	0	0	0	99	0	0	0	
601573	0	0	0	0	0	0	0	0	97	0	0	0	
602325	0	0	0	0	0	0	0	0	101	0	0	0	
603073	0	0	0	0	0	0	0	0	89	0	0	0	
603824	0	0	0	0	0	0	0	0	79	0	0	0	
604574	0	0	0	0	0	0	0	0	97	0	0	0	
605322	0	0	0	0	0	0	0	0	77	0	0	0	
606071	0	0	0	0	0	0	0	0	81	0	0	0	
606819	0	0	0	0	0	0	0	0	85	0	0	0	
607569	0	0	0	0	0	0	0	0	75	0	0	0	
608319	0	0	0	0	0	0	0	0	91	0	0	0	
609072	0	0	0	0	0	0	0	0	95	0	0	0	
609823	0	0	0	0	0	0	0	0	93	0	0	0	
610577	0	0	0	0	0	0	0	0	87	0	0	0	
611329	0	0	0	0	0	0	0	0	89	0	0	0	
612081	0	0	0	0	0	0	0	99	0	0	0	0	
612827	0	0	0	0	0	0	0	109	0	0	0	0	
613583	0	0	0	0	0	0	0	103	0	0	0	0	
614332	0	0	0	0	0	0	0	133	0	0	0	0	
615081	0	0	0	0	0	0	0	119	0	0	0	0	
615829	0	0	0	0	0	0	0	129	0	0	0	0	
616580	0	0	0	0	0	0	0	113	0	0	0	0	
617331	0	0	0	0	0	0	0	133	0	0	0	0	
618081	0	0	0	0	0	0	0	113	0	0	0	0	
618835	0	0	0	0	0	0	0	109	0	0	0	0	
619585	0	0	0	0	0	0	0	119	0	0	0	0	
620335	0	0	0	0	0	0	0	109	0	0	0	0	
621090	0	0	0	0	0	0	0	121	0	0	0	0	
621841	0	0	0	0	0	0	0	117	0	0	0	0	
622591	0	0	0	0	0	0	0	121	0	0	0	0	
623340	0	0	0	0	0	0	0	107	0	0	0	0	
624093	0	0	0	0	0	0	0	125	0	0	0	0	
624846	0	0	0	0	0	0	145	0	0	0	0	0	
625595	0	0	0	0	0	0	131	0	0	0	0	0	
626349	0	0	0	0	0	0	159	0	0	0	0	0	
627096	0	0	0	0	0	0	149	0	0	0	0	0	
627845	0	0	0	0	0	0	137	0	0	0	0	0	
628598	0	0	0	0	0	0	139	0	0	0	0	0	
629348	0	0	0	0	0	0	163	0	0	0	0	0	
630097	0	0	0	0	0	0	135	0	0	0	0	0	
630845	0	0	0	0	0	0	131	0	0	0	0	0	
631591	0	0	0	0	0	0	141	0	0	0	0	0	
632343	0	0	0	0	0	0	141	0	0	0	0	0	
633090	0	0	0	0	0	0	145	0	0	0	0	0	
633841	0	0	0	0	0	0	129	0	0	0	0	0	
634591	0	0	0	0	0	2	129	0	0	0	0	0	
635342	0	0	0	0	0	0	165	0	0	0	0	0	
636090	0	0	0	0	0	0	139	0	0	0	0	0	
636839	0	0	0	0	0	0	0	121	0	0	0	0	
637592	0	0	0	0	0	0	0	107	2	0	0	0	
638346	0	0	0	0	0	0	0	125	0	0	0	0	
639095	0	0	0	0	0	0	0	131	0	0	0	0	
639844	0	0	0	0	0	0	0	129	0	0	0	0	
640593	0	0	0	0	0	0	8	103	0	0	0	0	
641345	0	0	0	0	0	0	0	115	0	0	0	0	
642093	0	0	0	0	0	0	0	113	0	0	0	0	
642848	0	0	0	0	0	0	0	117	0	0	0	0	
643594	0	0	0	0	0	0	0	103	0	0	0	0	
644341	0	0	0	0	0	0	0	105	0	0	0	0	
645091	0	0	0	0	0	0	0	109	0	0	0	0	
645839	0	0	0	0	0	0	0	79	0	0	0	0	
646588	0	0	0	0	0	0	0	91	0	0	0	0	
647340	0	0	0	0	0	0	0	109	0	0	0	0	
648094	0	0	0	0	0	0	0	99	0	0	0	0	
648843	0	0	0	0	0	0	0	137	0	0	0	0	
649594	0	0	0	0	0	0	11	84	0	0	0	0	
650347	0	0	0	0	0	0	0	95	0	0	0	0	
651096	0	0	0	0	0	0	0	117	0	0	0	0	
651844	0	0	0	0	0	0	0	137	0	0	0	0	
652591	0	0	0	0	0	0	0	107	0	0	0	0	
653340	0	0	0	0	0	0	0	119	0	0	0	0	
654089	0	0	0	0	0	0	0	113	0	0	0	0	
654840	0	0	0	0	0	0	0	109	0	0	0	0	
655591	0	0	0	0	0	0	0	107	0	0	0	0	
656341	0	0	0	0	0	0	0	113	0	0	0	0	
657092	0	0	0	0	0	0	0	113	0	0	0	0	
657846	0	0	0	0	0	0	0	121	0	0	0	0	
658595	0	0	0	0	0	0	0	133	0	0	0	0	
659340	0	0	0	0	0	0	0	99	0	0	0	0	
660090	0	0	0	0	0	0	0	107	0	0	0	0	
660840	0	0	0	0	0	0	0	101	0	0	0	0	
661589	0	0	0	0	0	0	127	0	0	0	0	0	
662338	0	0	0	0	0	0	149	0	0	0	0	0	
663090	0	0	0	0	0	0	141	0	0	0	0	0	
663838	0	0	0	0	0	0	147	0	0	0	0	0	
664587	0	0	0	0	0	0	159	0	0	0	0	0	
665338	0	0	0	0	0	0	131	0	0	0	0	0	
666087	0	0	0	0	0	0	147	0	0	0	0	0	
666834	0	0	0	0	0	199	0	0	0	0	0	0	
667583	0	0	0	0	0	177	0	0	0	0	0	0	
668333	0	0	0	0	0	191	0	0	0	0	0	0	
669079	0	0	0	0	0	211	0	0	0	0	0	0	
669827	0	0	0	0	0	169	0	0	0	0	0	0	
670580	0	0	0	0	0	161	0	0	0	0	0	0	
671329	0	0	0	0	0	179	0	0	0	0	0	0	
672082	0	0	0	0	0	165	0	0	0	0	0	0	
672832	0	0	0	0	0	173	0	0	0	0	0	0	
673582	0	0	0	0	0	179	0	0	0	0	0	0	
674330	0	0	0	0	0	181	0	0	0	0	0	0	
675082	0	0	0	0	0	167	0	0	0	0	0	0	
675831	0	0	0	0	0	167	0	0	0	0	0	0	
676579	0	0	0	0	0	167	0	0	0	0	0	0	
677331	0	0	0	0	0	193	0	0	0	0	0	0	
678078	0	0	0	0	0	179	0	0	0	0	0	0	
678829	0	0	0	0	0	165	0	0	0	0	0	0	
679578	0	0	0	0	0	175	0	0	0	0	0	0	
680329	0	0	0	0	0	181	0	0	0	0	0	0	
681078	0	0	0	0	0	181	0	0	0	0	0	0	
681832	0	0	0	0	0	203	0	0	0	0	0	0	
682585	0	0	0	0	0	159	0	0	0	0	0	0	
683335	0	0	0	0	0	187	0	0	0	0	0	0	
684086	0	0	0	0	0	181	0	0	0	0	0	0	
684835	0	0	0	0	0	147	0	0	0	0	0	0	
685584	0	0	0	0	0	167	0	0	0	0	0	0	
686335	0	0	0	0	0	169	0	0	0	0	0	0	
687084	0	0	0	0	0	175	0	0	0	0	0	0	
687835	0	0	0	0	0	161	0	0	0	0	0	0	
688583	0	0	0	0	0	171	0	0	0	0	0	0	
689336	0	0	0	0	0	171	0	0	0	0	0	0	
690084	0	0	0	0	0	163	0	0	0	0	0	0	
690834	0	0	0	0	0	179	0	0	0	0	0	0	
691585	0	0	0	0	0	177	0	0	0	0	0	0	
692338	0	0	0	0	0	177	0	0	0	0	0	0	
693090	0	0	0	0	0	149	0	0	0	0	0	0	
693841	0	0	0	0	0	169	0	0	0	0	0	0	
694591	0	0	0	0	0	169	0	0	0	0	0	0	
695347	0	0	0	0	0	171	0	0	0	0	0	0	
696100	0	0	0	0	0	159	0	0	0	0	0	0	
696852	0	0	0	0	0	205	0	0	0	0	0	0	
697600	0	0	0	0	0	175	0	0	0	0	0	0	
698347	0	0	0	0	0	189	0	0	0	0	0	0	
699099	0	0	0	0	0	167	0	0	0	0	0	0	
699846	0	0	0	0	0	165	0	0	0	0	0	0	
700596	0	0	0	0	0	189	0	0	0	0	0	0	
701344	0	0	0	0	0	173	0	0	0	0	0	0	
702092	0	0	0	0	0	0	147	0	0	0	0	0	
702840	0	0	0	0	0	0	129	0	0	0	0	0	
703590	0	0	0	0	0	0	129	0	0	0	0	0	
704340	0	0	0	0	0	0	117	0	0	0	0	0	
705090	0	0	0	0	0	0	145	0	0	0	0	0	
705837	0	0	0	0	0	0	147	2	0	0	0	0	
706586	0	0	0	0	0	0	145	0	0	0	0	0	
707337	0	0	0	0	0	0	153	0	0	0	0	0	
708087	0	0	0	0	0	0	149	0	0	0	0	0	
708839	0	0	0	0	0	0	143	0	0	0	0	0	
709589	0	0	0	0	0	0	137	0	0	0	0	0	
710333	0	0	0	0	0	0	155	0	0	0	0	0	
711082	0	0	0	0	0	0	147	0	0	0	0	0	
711831	0	0	0	0	0	0	147	0	0	0	0	0	
712581	0	0	0	0	0	0	147	0	0	0	0	0	
713335	0	0	0	0	0	0	141	0	0	0	0	0	
714083	0	0	0	0	0	0	127	0	0	0	0	0	
714834	0	0	0	0	0	0	145	0	0	0	0	0	
715588	0	0	0	0	0	0	163	0	0	0	0	0	
716337	0	0	0	0	0	0	149	0	0	0	0	0	
717085	0	0	0	0	0	0	155	0	0	0	0	0	
717840	0	0	0	0	0	0	139	0	0	0	0	0	
718594	0	0	0	0	0	0	157	0	0	0	0	0	
719345	0	0	0	0	0	0	137	0	0	0	0	0	
720096	0	0	0	0	0	0	131	0	0	0	0	0	
720846	0	0	0	0	0	0	137	0	0	0	0	0	
721596	0	0	0	0	0	0	139	0	0	0	0	0	
722346	0	0	0	0	0	0	153	0	0	0	0	0	
723095	0	0	0	0	0	0	137	0	0	0	0	0	
723842	0	0	0	0	0	0	119	0	0	0	0	0	
724594	0	0	0	0	0	0	145	0	0	0	0	0	
725346	0	0	0	0	0	0	153	0	0	0	0	0	
726099	0	0	0	0	0	0	153	0	0	0	0	0	
726848	0	0	0	0	0	0	139	0	0	0	0	0	
727599	0	0	0	0	0	0	119	0	0	0	0	0	
728348	0	0	0	0	0	0	121	0	0	0	0	0	
729097	0	0	0	0	0	0	149	0	0	0	0	0	
729849	0	0	0	0	0	175	0	0	0	0	0	0	
730600	0	0	0	0	0	179	0	0	0	0	0	0	
731351	0	0	0	0	0	181	0	0	0	0	0	0	
732102	0	0	0	0	0	177	0	0	0	0	0	0	
732848	0	0	0	0	0	189	0	0	0	0	0	0	
733597	0	0	0	0	0	167	0	0	0	0	0	0	
734349	0	0	0	0	1	154	0	0	0	0	0	0	
735093	0	0	0	0	0	173	0	0	0	0	0	0	
735843	0	0	0	0	0	167	0	0	0	0	0	0	
736594	0	0	0	0	0	0	141	0	0	0	0	0	
737348	0	0	0	0	0	0	133	0	0	0	0	0	
738096	0	0	0	0	0	0	141	0	0	0	0	0	
738846	0	0	0	0	0	0	129	0	0	0	0	0	
739597	0	0	0	0	0	0	135	0	0	0	0	0	
740347	0	0	0	0	0	0	135	0	0	0	0	0	
741097	0	0	0	0	0	0	139	0	0	0	0	0	
741847	0	0	0	0	0	0	145	0	0	0	0	0	
742597	0	0	0	0	0	0	143	0	0	0	0	0	
743348	0	0	0	0	0	0	155	0	0	0	0	0	
744095	0	0	0	0	0	0	139	0	0	0	0	0	
744847	0	0	0	0	0	0	143	0	0	0	0	0	
745599	0	0	0	0	0	0	133	0	0	0	0	0	
746347	0	0	0	0	0	0	139	0	0	0	0	0	
747101	0	0	0	0	0	8	129	0	0	0	0	0	
747852	0	0	0	0	0	0	139	0	0	0	0	0	
748605	0	0	0	0	0	0	133	0	0	0	0	0	
749355	0	0	0	0	0	0	131	0	0	0	0	0	
750104	0	0	0	0	0	0	147	0	0	0	0	0	
750853	0	0	0	0	0	0	163	0	0	0	0	0	
751602	0	0	0	0	0	0	111	0	0	0	0	0	
752355	0	0	0	0	0	0	145	0	0	0	0	0	
753105	0	0	0	0	0	0	163	0	0	0	0	0	
753856	0	0	0	0	0	0	161	0	0	0	0	0	
754603	0	0	0	0	0	0	139	0	0	0	0	0	
755355	0	0	0	0	0	0	131	0	0	0	0	0	
756108	0	0	0	0	0	0	127	0	0	0	0	0	
756859	0	0	0	0	0	0	137	0	0	0	0	0	
757607	0	0	0	0	0	0	133	0	0	0	0	0	
758357	0	0	0	0	0	0	147	0	0	0	0	0	
759111	0	0	0	0	0	0	141	0	0	0	0	0	
759858	0	0	0	0	0	0	153	0	0	0	0	0	
760608	0	0	0	0	0	0	153	0	0	0	0	0	
761357	0	0	0	0	0	0	145	0	0	0	0	0	
762110	0	0	0	0	0	0	127	0	0	0	0	0	
762858	0	0	0	0	0	0	147	0	0	0	0	0	
763606	0	0	0	0	0	0	141	0	0	0	0	0	
764356	0	0	0	0	0	0	139	0	0	0	0	0	
765108	0	0	0	0	0	0	159	0	0	0	0	0	
765859	0	0	0	0	0	0	151	0	0	0	0	0	
766609	0	0	0	0	0	0	157	0	0	0	0	0	
767358	0	0	0	0	0	0	121	0	0	0	0	0	
768108	0	0	0	0	0	0	147	0	0	0	0	0	
768859	0	0	0	0	0	0	141	0	0	0	0	0	
769609	0	0	0	0	0	0	137	0	0	0	0	0	
770360	0	0	0	0	0	0	137	0	0	0	0	0	
771108	0	0	0	0	0	0	141	0	0	0	0	0	
771858	0	0	0	0	0	0	141	0	0	0	0	0	
772605	0	0	0	0	0	0	161	0	0	0	0	0	
773355	0	0	0	0	0	1	124	0	0	0	0	0	
774105	0	0	0	0	0	0	133	0	0	0	0	0	
774853	0	0	0	0	0	0	129	0	0	0	0	0	
775604	0	0	0	0	0	0	165	0	0	0	0	0	
776352	0	0	0	0	0	0	139	0	0	0	0	0	
777102	0	0	0	0	0	0	133	0	0	0	0	0	
777852	0	0	0	0	0	0	135	0	0	0	0	0	
778602	0	0	0	0	0	0	141	0	0	0	0	0	
779351	0	0	0	0	0	0	133	0	0	0	0	0	
780103	0	0	0	0	0	0	0	129	0	0	0	0	
780853	0	0	0	0	0	0	0	105	0	0	0	0	
781603	0	0	0	0	0	0	0	115	0	0	0	0	
782352	0	0	0	0	0	0	0	111	0	0	0	0	
783102	0	0	0	0	0	0	0	119	0	0	0	0	
783849	0	0	0	0	0	0	0	109	0	0	0	0	
784598	0	0	0	0	0	0	0	119	0	0	0	0	
785347	0	0	0	0	0	0	0	103	0	0	0	0	
786099	0	0	0	0	0	0	0	111	0	0	0	0	
786846	0	0	0	0	0	0	0	109	0	0	0	0	
787595	0	0	0	0	0	0	0	113	0	0	0	0	
788347	0	0	0	0	0	0	0	105	0	0	0	0	
789097	0	0	0	0	0	0	0	123	0	0	0	0	
789848	0	0	0	0	0	0	0	101	0	0	0	0	
790601	0	0	0	0	0	0	0	111	0	0	0	0	
791350	0	0	0	0	0	0	0	117	0	0	0	0	
792100	0	0	0	0	0	0	0	129	0	0	0	0	
792852	0	0	0	0	0	0	0	127	0	0	0	0	
793607	0	0	0	0	0	0	0	123	0	0	0	0	
794355	0	0	0	0	0	0	0	111	0	0	0	0	
795105	0	0	0	0	0	0	0	105	0	0	0	0	
795854	0	0	0	0	0	0	0	105	0	0	0	0	
796606	0	0	0	0	0	0	0	123	0	0	0	0	
797355	0	0	0	0	0	0	0	119	0	0	0	0	
798103	0	0	0	0	0	0	0	135	0	0	0	0	
798852	0	0	0	0	0	0	145	0	0	0	0	0	
799599	0	0	0	0	0	0	145	0	0	0	0	0	
800348	0	0	0	0	0	0	0	105	0	0	0	0	
801099	0	0	0	0	0	0	0	107	0	0	0	0	
801851	0	0	0	0	0	0	0	137	0	0	0	0	
802599	0	0	0	0	0	0	0	107	0	0	0	0	
803351	0	0	0	0	0	0	0	115	0	0	0	0	
804098	0	0	0	0	0	0	0	131	0	0	0	0	
804844	0	0	0	0	0	0	0	115	0	0	0	0	
805595	0	0	0	0	0	0	0	103	0	0	0	0	
806345	0	0	0	0	0	0	149	0	0	0	0	0	
807092	0	0	0	0	0	0	152	1	0	0	0	0	
807843	0	0	0	0	0	0	139	0	0	0	0	0	
808591	0	0	0	0	0	0	143	0	0	0	0	0	
809343	0	0	0	0	0	0	163	0	0	0	0	0	
810092	0	0	0	0	0	0	145	0	0	0	0	0	
810842	0	0	0	0	0	0	161	0	0	0	0	0	
811591	0	0	0	0	0	0	131	0	0	0	0	0	
812340	0	0	0	0	0	0	143	0	0	0	0	0	
813091	0	0	0	0	0	0	149	0	0	0	0	0	
813843	0	0	0	0	0	0	139	0	0	0	0	0	
814591	0	0	0	0	0	0	149	0	0	0	0	0	
815340	0	0	0	0	0	0	127	0	0	0	0	0	
816090	0	0	0	0	0	0	171	0	0	0	0	0	
816839	0	0	0	0	0	0	141	0	0	0	0	0	
817590	0	0	0	0	0	0	135	0	0	0	0	0	
818339	0	0	0	0	0	0	153	0	0	0	0	0	
819090	0	0	0	0	0	0	119	0	0	0	0	0	
819840	0	0	0	0	0	0	145	0	0	0	0	0	
820587	0	0	0	0	0	0	135	0	0	0	0	0	
821337	0	0	0	0	0	0	129	0	0	0	0	0	
822086	0	0	0	0	0	0	135	0	0	0	0	0	
822835	0	0	0	0	0	0	163	0	0	0	0	0	
823585	0	0	0	0	0	0	153	0	0	0	0	0	
824334	0	0	0	0	0	0	147	0	0	0	0	0	
825085	0	0	0	0	0	0	137	0	0	0	0	0	
825835	0	0	0	0	0	0	165	0	0	0	0	0	
826587	0	0	0	0	0	0	125	0	0	0	0	0	
827335	0	0	0	0	0	0	153	0	0	0	0	0	
828085	0	0	0	0	0	0	133	0	0	0	0	0	
828832	0	0	0	0	0	0	159	0	0	0	0	0	
829582	0	0	0	0	0	0	163	0	0	0	0	0	
830327	0	0	0	0	0	0	131	0	0	0	0	0	
831078	0	0	0	0	0	0	169	0	0	0	0	0	
831826	0	0	0	0	0	0	165	0	0	0	0	0	
832574	0	0	0	0	0	0	155	0	0	0	0	0	
833320	0	0	0	0	0	0	155	0	0	0	0	0	
834071	0	0	0	0	0	0	135	0	0	0	0	0	
834820	0	0	0	0	0	0	133	0	0	0	0	0	
835567	0	0	0	0	0	0	155	0	0	0	0	0	
836317	0	0	0	0	0	0	145	0	0	0	0	0	
837064	0	0	0	0	0	0	125	0	0	0	0	0	
837814	0	0	0	0	0	0	0	111	0	0	0	0	
838566	0	0	0	0	0	0	0	117	0	0	0	0	
839315	0	0	0	0	0	0	0	121	0	0	0	0	
840067	0	0	0	0	0	0	0	129	0	0	0	0	
840815	0	0	0	0	0	0	0	111	0	0	0	0	
841566	0	0	0	0	0	0	0	119	0	0	0	0	
842319	0	0	0	0	0	0	0	131	0	0	0	0	
843068	0	0	0	0	0	0	0	99	0	0	0	0	
843820	0	0	0	0	0	0	0	129	0	0	0	0	
844571	0	0	0	0	0	0	0	107	0	0	0	0	
845318	0	0	0	0	0	0	0	117	0	0	0	0	
846066	0	0	0	0	0	0	0	99	0	0	0	0	
846820	0	0	0	0	0	0	0	115	0	0	0	0	
847572	0	0	0	0	0	0	0	135	0	0	0	0	
848318	0	0	0	0	0	0	0	99	0	0	0	0	
849068	0	0	0	0	0	0	0	103	0	0	0	0	
849820	0	0	0	0	0	0	0	93	0	0	0	0	
850565	0	0	0	0	0	0	0	133	0	0	0	0	
851314	0	0	0	0	0	0	0	109	0	0	0	0	
852063	0	0	0	0	0	0	0	127	0	0	0	0	
852817	0	0	0	0	0	0	0	109	0	0	0	0	
853569	0	0	0	0	0	0	0	97	0	0	0	0	
854319	0	0	0	0	0	0	0	123	0	0	0	0	
855070	0	0	0	0	0	0	0	123	0	0	0	0	
855820	0	0	0	0	0	0	0	123	0	0	0	0	
856572	0	0	0	0	0	0	0	121	0	0	0	0	
857323	0	0	0	0	0	0	0	113	0	0	0	0	
858077	0	0	0	0	0	0	0	109	0	0	0	0	
858825	0	0	0	0	0	0	0	97	0	0	0	0	
859572	0	0	0	0	0	0	0	123	0	0	0	0	
860323	0	0	0	0	0	0	0	109	2	0	0	0	
861072	0	0	0	0	0	0	0	111	0	0	0	0	
861823	0	0	0	0	0	0	0	121	0	0	0	0	
862576	0	0	0	0	0	0	0	119	0	0	0	0	
863324	0	0	0	0	0	0	0	133	0	0	0	0	
864072	0	0	0	0	0	0	0	111	0	0	0	0	
864821	0	0	0	0	0	0	0	101	0	0	0	0	
865568	0	0	0	0	0	0	0	131	0	0	0	0	
866319	0	0	0	0	0	0	0	131	0	0	0	0	
867072	0	0	0	0	0	0	0	113	0	0	0	0	
867823	0	0	0	0	0	0	0	111	0	0	0	0	
868572	0	0	0	0	0	0	0	135	0	0	0	0	
869322	0	0	0	0	0	0	0	105	0	0	0	0	
870070	0	0	0	0	0	0	0	121	0	0	0	0	
870820	0	0	0	0	0	0	0	137	0	0	0	0	
871574	0	0	0	0	0	0	0	115	0	0	0	0	
872323	0	0	0	0	0	0	0	109	0	0	0	0	
873076	0	0	0	0	0	0	0	119	0	0	0	0	
873823	0	0	0	0	0	0	0	121	0	0	0	0	
874576	0	0	0	0	0	0	0	93	0	0	0	0	
875329	0	0	0	0	0	0	141	0	0	0	0	0	
876079	0	0	0	0	0	0	135	0	0	0	0	0	
876828	0	0	0	0	0	0	149	0	0	0	0	0	
877576	0	0	0	0	0	0	157	0	0	0	0	0	
878327	0	0	0	0	0	0	141	0	0	0	0	0	
879077	0	0	0	0	0	0	125	0	0	0	0	0	
879825	0	0	0	0	0	0	149	0	0	0	0	0	
880572	0	0	0	0	0	0	151	0	0	0	0	0	
881323	0	0	0	0	0	0	137	0	0	0	0	0	
882074	0	0	0	0	0	0	137	0	0	0	0	0	
882825	0	0	0	0	0	169	0	0	0	0	0	0	
883574	0	0	0	0	0	173	0	0	0	0	0	0	
884318	0	0	0	0	0	99	56	0	0	0	0	0	
885069	0	0	0	0	0	0	107	0	0	0	0	0	
885818	0	0	0	0	0	0	177	0	0	0	0	0	
886564	0	0	0	0	0	0	147	0	0	0	0	0	
887314	0	0	0	0	0	0	149	0	0	0	0	0	
888062	0	0	0	0	0	0	119	0	0	0	0	0	
888813	0	0	0	0	0	0	151	0	0	0	0	0	
889561	0	0	0	0	0	0	139	0	0	0	0	0	
890310	0	0	0	0	0	0	155	0	0	0	0	0	
891060	0	0	0	0	0	0	143	0	0	0	0	0	
891808	0	0	0	0	0	0	153	0	0	0	0	0	
892558	0	0	0	0	0	0	113	0	0	0	0	0	
893308	0	0	0	0	0	0	131	0	0	0	0	0	
894057	0	0	0	0	0	0	127	0	0	0	0	0	
894808	0	0	0	0	0	0	145	0	0	0	0	0	
895557	0	0	0	0	0	0	129	0	0	0	0	0	
896307	0	0	0	0	0	0	149	0	0	0	0	0	
897055	0	0	0	0	0	0	141	0	0	0	0	0	
897807	0	0	0	0	0	173	0	0	0	0	0	0	
898560	0	0	0	0	0	191	0	0	0	0	0	0	
899309	0	0	0	0	0	177	0	0	0	0	0	0	
900060	0	0	0	0	0	201	0	0	0	0	0	0	
900809	0	0	0	0	0	179	0	0	0	0	0	0	
901559	0	0	0	0	0	177	0	0	0	0	0	0	
902310	0	0	0	0	0	149	0	0	0	0	0	0	
903059	0	0	0	0	135	64	0	0	0	0	0	0	
903807	0	0	0	0	213	0	0	0	0	0	0	0	
904557	0	0	0	0	233	0	0	0	0	0	0	0	
905307	0	0	0	0	247	0	0	0	0	0	0	0	
906057	0	0	0	0	221	0	0	0	0	0	0	0	
906805	0	0	0	0	227	0	0	0	0	0	0	0	
907554	0	0	0	0	209	0	0	0	0	0	0	0	
908306	0	0	0	0	217	0	0	0	0	0	0	0	
909057	0	0	0	0	205	0	0	0	0	0	0	0	
909808	0	0	0	0	195	0	0	0	0	0	0	0	
910560	0	0	0	0	219	0	0	0	0	0	0	0	
911310	0	0	0	0	239	0	0	0	0	0	0	0	
912061	0	0	0	0	201	0	0	0	0	0	0	0	
912810	0	0	0	0	217	0	0	0	0	0	0	0	
913563	0	0	0	0	207	0	0	0	0	0	0	0	
914311	0	0	0	0	219	0	0	0	0	0	0	0	
915060	0	0	0	0	225	0	0	0	0	0	0	0	
915808	0	0	0	0	215	0	0	0	0	0	0	0	
916560	0	0	0	0	219	0	0	0	0	0	0	0	
917309	0	0	0	0	205	0	0	0	0	0	0	0	
918063	0	0	0	0	217	0	0	0	0	0	0	0	
918811	0	0	0	0	201	0	0	0	0	0	0	0	
919563	0	0	0	0	213	0	0	0	0	0	0	0	
920312	0	0	0	0	219	0	0	0	0	0	0	0	
921062	0	0	0	0	215	0	0	0	0	0	0	0	
921814	0	0	0	0	211	0	0	0	0	0	0	0	
922561	0	0	0	8	217	0	0	0	0	0	0	0	
923311	0	0	0	0	207	0	0	0	0	0	0	0	
924063	0	0	0	0	221	0	0	0	0	0	0	0	
924815	0	0	0	0	235	0	0	0	0	0	0	0	
925565	0	0	0	0	247	0	0	0	0	0	0	0	
926314	0	0	0	0	235	0	0	0	0	0	0	0	
927063	0	0	0	0	223	0	0	0	0	0	0	0	
927813	0	0	0	0	247	0	0	0	0	0	0	0	
928562	0	0	0	0	221	0	0	0	0	0	0	0	
929315	0	0	0	0	211	0	0	0	0	0	0	0	
930062	0	0	0	0	0	173	0	0	0	0	0	0	
930811	0	0	0	0	22	185	0	0	0	0	0	0	
931563	0	0	0	0	0	171	0	0	0	0	0	0	
932314	0	0	0	0	0	153	0	0	0	0	0	0	
933063	0	0	0	0	0	183	0	0	0	0	0	0	
933813	0	0	0	0	0	151	0	0	0	0	0	0	
934566	0	0	0	0	0	155	0	0	0	0	0	0	
935314	0	0	0	0	0	185	0	0	0	0	0	0	
936061	0	0	0	0	0	187	0	0	0	0	0	0	
936814	0	0	0	0	0	223	0	0	0	0	0	0	
937561	0	0	0	0	0	185	0	0	0	0	0	0	
938314	0	0	0	0	0	195	0	0	0	0	0	0	
939066	0	0	0	0	0	189	0	0	0	0	0	0	
939815	0	0	0	0	0	0	147	0	0	0	0	0	
940567	0	0	0	0	0	0	145	0	0	0	0	0	
941314	0	0	0	0	0	0	143	0	0	0	0	0	
942067	0	0	0	0	0	0	141	0	0	0	0	0	
942816	0	0	0	0	0	0	143	0	0	0	0	0	
943567	0	0	0	0	0	0	143	0	0	0	0	0	
944316	0	0	0	0	0	0	141	0	0	0	0	0	
945066	0	0	0	0	0	0	141	0	0	0	0	0	
945815	0	0	0	0	0	0	139	0	0	0	0	0	
946568	0	0	0	0	0	0	135	0	0	0	0	0	
947318	0	0	0	0	0	0	149	0	0	0	0	0	
948068	0	0	0	0	0	0	175	0	0	0	0	0	
948814	0	0	0	0	0	0	145	0	0	0	0	0	
949564	0	0	0	0	0	0	0	125	0	0	0	0	
950316	0	0	0	0	0	0	0	111	0	0	0	0	
951065	0	0	0	0	0	0	0	111	0	0	0	0	
951813	0	0	0	0	0	0	0	107	0	0	0	0	
952561	0	0	0	0	0	0	0	107	0	0	0	0	
953312	0	0	0	0	0	0	0	101	0	0	0	0	
954062	0	0	0	0	0	0	0	109	0	0	0	0	
954812	0	0	0	0	0	0	0	115	0	0	0	0	
955561	0	0	0	0	0	0	0	0	89	0	0	0	
956310	0	0	0	0	0	0	0	0	101	0	0	0	
957059	0	0	0	0	0	0	0	0	107	0	0	0	
957810	0	0	0	0	0	0	0	0	0	91	0	0	
958560	0	0	0	0	0	0	0	0	0	71	0	0	
959308	0	0	0	0	0	0	0	0	0	83	0	0	
960061	0	0	0	0	0	0	0	0	0	71	0	0	
960810	0	0	0	0	0	0	0	0	0	0	53	0	
961561	0	0	0	0	0	0	0	0	0	0	45	0	
962312	0	0	0	0	0	0	0	0	0	0	63	0	
963059	0	0	0	0	0	0	0	0	0	81	0	0	
963811	0	0	0	0	0	0	0	0	0	65	0	0	
964562	0	0	0	0	0	0	0	0	0	67	0	0	
965312	0	0	0	0	0	0	0	0	0	75	0	0	
966062	0	0	0	0	0	0	0	0	0	77	0	0	
966812	0	0	0	0	0	0	0	3	94	0	0	0	
967561	0	0	0	0	0	0	0	0	101	0	0	0	
968312	0	0	0	0	0	0	0	0	85	0	0	0	
969065	0	0	0	0	0	0	0	0	103	0	0	0	
969815	0	0	0	0	0	0	0	0	121	0	0	0	
970567	0	0	0	0	0	0	0	0	93	0	0	0	
971312	0	0	0	0	0	0	0	0	83	0	0	0	
972064	0	0	0	0	0	0	0	0	105	0	0	0	
972815	0	0	0	0	0	0	0	0	99	0	0	0	
973566	0	0	0	0	0	0	0	0	107	0	0	0	
974314	0	0	0	0	0	0	0	0	95	0	0	0	
975064	0	0	0	0	0	0	0	0	125	0	0	0	
975816	0	0	0	0	0	0	0	0	79	0	0	0	
976568	0	0	0	0	0	0	0	0	91	0	0	0	
977318	0	0	0	0	0	0	0	0	89	0	0	0	
978072	0	0	0	0	0	0	0	0	95	0	0	0	
978822	0	0	0	0	0	0	0	0	109	0	0	0	
979572	0	0	0	0	0	0	0	0	89	0	0	0	
980323	0	0	0	0	0	0	0	0	105	0	0	0	
981073	0	0	0	0	0	0	0	0	85	0	0	0	
981824	0	0	0	0	0	0	0	0	87	0	0	0	
982571	0	0	0	0	0	0	0	0	77	0	0	0	
983321	0	0	0	0	0	0	0	0	93	0	0	0	
984072	0	0	0	0	0	0	0	0	109	0	0	0	
984820	0	0	0	0	0	0	0	0	101	0	0	0	
985569	0	0	0	0	0	0	0	0	99	0	0	0	
986321	0	0	0	0	0	0	0	0	95	0	0	0	
987073	0	0	0	0	0	0	0	0	83	0	0	0	
987822	0	0	0	0	0	0	0	0	101	0	0	0	
988571	0	0	0	0	0	0	0	0	81	0	0	0	
989322	0	0	0	0	0	0	0	0	0	83	0	0	
990074	0	0	0	0	0	0	0	0	0	91	0	0	
990823	0	0	0	0	0	0	0	0	0	53	0	0	
991574	0	0	0	0	0	0	0	0	0	79	0	0	
992323	0	0	0	0	0	0	0	0	0	91	0	0	
993074	0	0	0	0	0	0	0	0	0	71	0	0	
993828	0	0	0	0	0	0	0	0	0	83	0	0	
994577	0	0	0	0	0	0	0	0	0	77	0	0	
995323	0	0	0	0	0	0	0	0	0	75	0	0	
996073	0	0	0	0	0	0	0	0	0	103	0	0	
996820	0	0	0	0	0	0	0	0	0	61	0	0	
997570	0	0	0	0	0	0	0	0	0	77	0	0	
998320	0	0	0	0	0	0	0	0	0	85	0	0	
999069	0	0	0	0	0	0	0	0	0	83	0	0	
999820	0	0	0	0	0	0	0	0	0	75	0	0	
1.00057e+06	0	0	0	0	0	0	0	0	0	69	0	0	
1.00132e+06	0	0	0	0	0	0	0	0	0	77	0	0	
1.00207e+06	0	0	0	0	0	0	0	0	0	81	0	0	
1.00282e+06	0	0	0	0	0	0	0	0	103	0	0	0	
1.00358e+06	0	0	0	0	0	0	0	0	77	0	0	0	
1.00432e+06	0	0	0	0	0	0	0	0	99	0	0	0	
1.00508e+06	0	0	0	0	0	0	0	0	101	0	0	0	
1.00582e+06	0	0	0	0	0	0	0	0	99	0	0	0	
1.00657e+06	0	0	0	0	0	0	0	0	105	0	0	0	
1.00733e+06	0	0	0	0	0	0	0	0	0	81	0	0	
1.00808e+06	0	0	0	0	0	0	0	0	0	71	0	0	
1.00882e+06	0	0	0	0	0	0	0	0	0	77	0	0	
1.00957e+06	0	0	0	0	0	0	0	0	0	87	0	0	
1.01032e+06	0	0	0	0	0	0	0	0	0	77	0	0	
1.01107e+06	0	0	0	0	0	0	0	0	0	69	0	0	
1.01182e+06	0	0	0	0	0	0	0	0	0	69	0	0	
1.01257e+06	0	0	0	0	0	0	0	0	0	85	0	0	
1.01332e+06	0	0	0	0	0	0	0	0	0	81	0	0	
1.01407e+06	0	0	0	0	0	0	0	0	0	79	0	0	
1.01482e+06	0	0	0	0	0	0	0	0	0	83	0	0	
1.01557e+06	0	0	0	0	0	0	0	0	0	85	0	0	
1.01633e+06	0	0	0	0	0	0	0	0	0	79	0	0	
1.01707e+06	0	0	0	0	0	0	0	0	0	83	0	0	
1.01782e+06	0	0	0	0	0	0	0	0	89	0	0	0	
1.01857e+06	0	0	0	0	0	0	0	0	97	0	0	0	
1.01932e+06	0	0	0	0	0	0	0	0	95	0	0	0	
1.02008e+06	0	0	0	0	0	0	0	0	99	0	0	0	
1.02083e+06	0	0	0	0	0	0	0	0	95	0	0	0	
1.02157e+06	0	0	0	0	0	0	0	0	91	0	0	0	
1.02232e+06	0	0	0	0	0	0	0	0	95	0	0	0	
1.02307e+06	0	0	0	0	0	0	0	0	117	0	0	0	
1.02382e+06	0	0	0	0	0	0	0	0	101	0	0	0	
1.02456e+06	0	0	0	0	0	0	0	0	115	0	0	0	
1.02531e+06	0	0	0	0	0	0	0	0	103	0	0	0	
1.02606e+06	0	0	0	0	0	0	0	0	103	0	0	0	
1.02681e+06	0	0	0	0	0	0	0	0	93	0	0	0	
1.02756e+06	0	0	0	0	0	0	0	0	91	0	0	0	
1.02831e+06	0	0	0	0	0	0	0	0	99	0	0	0	
1.02907e+06	0	0	0	0	0	0	0	0	79	0	0	0	
1.02982e+06	0	0	0	0	0	0	0	0	79	0	0	0	
1.03057e+06	0	0	0	0	0	0	0	0	111	0	0	0	
1.03132e+06	0	0	0	0	0	0	0	0	93	0	0	0	
1.03207e+06	0	0	0	0	0	0	0	0	89	0	0	0	
1.03282e+06	0	0	0	0	0	0	0	0	101	0	0	0	
1.03357e+06	0	0	0	0	0	0	0	0	111	0	0	0	
1.03432e+06	0	0	0	0	0	0	0	0	79	0	0	0	
1.03507e+06	0	0	0	0	0	0	0	0	79	0	0	0	
1.03582e+06	0	0	0	0	0	0	0	0	91	0	0	0	
1.03657e+06	0	0	0	0	0	0	0	0	109	0	0	0	
1.03732e+06	0	0	0	0	0	0	0	0	91	0	0	0	
1.03807e+06	0	0	0	0	0	0	0	0	95	0	0	0	
1.03882e+06	0	0	0	0	0	0	0	0	85	0	0	0	
1.03957e+06	0	0	0	0	0	0	0	0	105	0	0	0	
1.04032e+06	0	0	0	0	0	0	0	0	85	0	0	0	
1.04107e+06	0	0	0	0	0	0	0	0	99	0	0	0	
1.04182e+06	0	0	0	0	0	0	0	0	107	0	0	0	
1.04257e+06	0	0	0	0	0	0	0	0	89	0	0	0	
1.04332e+06	0	0	0	0	0	0	0	0	85	0	0	0	
1.04407e+06	0	0	0	0	0	0	0	0	91	0	0	0	
1.04482e+06	0	0	0	0	0	0	0	0	89	0	0	0	
1.04557e+06	0	0	0	0	0	0	0	0	107	0	0	0	
1.04632e+06	0	0	0	0	0	0	0	0	101	0	0	0	
1.04707e+06	0	0	0	0	0	0	0	0	107	0	0	0	
1.04783e+06	0	0	0	0	0	0	0	0	73	10	0	0	
1.04857e+06	0	0	0	0	0	0	0	0	0	95	0	0	
1.04932e+06	0	0	0	0	0	0	0	0	0	79	0	0	
1.05008e+06	0	0	0	0	0	0	0	0	0	85	0	0	
1.05083e+06	0	0	0	0	0	0	0	0	0	77	0	0	
1.05158e+06	0	0	0	0	0	0	0	0	0	89	0	0	
1.05233e+06	0	0	0	0	0	0	0	0	0	73	0	0	
1.05308e+06	0	0	0	0	0	0	0	0	0	67	0	0	
1.05384e+06	0	0	0	0	0	0	0	0	0	79	0	0	
1.05458e+06	0	0	0	0	0	0	0	0	44	31	0	0	
1.05534e+06	0	0	0	0	0	0	0	0	93	0	0	0	
1.05608e+06	0	0	0	0	0	0	0	0	105	0	0	0	
1.05683e+06	0	0	0	0	0	0	0	0	105	0	0	0	
1.05758e+06	0	0	0	0	0	0	0	0	91	0	0	0	
1.05834e+06	0	0	0	0	0	0	0	0	85	0	0	0	
1.05908e+06	0	0	0	0	0	0	0	0	85	0	0	0	
1.05984e+06	0	0	0	0	0	0	0	0	87	0	0	0	
1.06058e+06	0	0	0	0	0	0	0	0	95	0	0	0	
1.06133e+06	0	0	0	0	0	0	0	0	91	0	0	0	
1.06208e+06	0	0	0	0	0	0	0	0	97	0	0	0	
1.06283e+06	0	0	0	0	0	0	0	0	109	0	0	0	
1.06358e+06	0	0	0	0	0	0	0	0	97	0	0	0	
1.06433e+06	0	0	0	0	0	0	0	0	91	0	0	0	
1.06508e+06	0	0	0	0	0	0	0	0	85	0	0	0	
1.06584e+06	0	0	0	0	0	0	0	0	77	0	0	0	
1.06659e+06	0	0	0	0	0	0	0	0	93	0	0	0	
1.06733e+06	0	0	0	0	0	0	0	0	113	0	0	0	
1.06808e+06	0	0	0	0	0	0	0	0	101	0	0	0	
1.06883e+06	0	0	0	0	0	0	0	9	80	0	0	0	
1.06958e+06	0	0	0	0	0	0	0	0	95	0	0	0	
1.07033e+06	0	0	0	0	0	0	0	0	85	0	0	0	
1.07108e+06	0	0	0	0	0	0	0	0	101	0	0	0	
1.07183e+06	0	0	0	0	0	0	0	0	99	0	0	0	
1.07258e+06	0	0	0	0	0	0	0	0	89	0	0	0	
1.07333e+06	0	0	0	0	0	0	0	0	97	0	0	0	
1.07407e+06	0	0	0	0	0	0	0	0	93	0	0	0	
1.07482e+06	0	0	0	0	0	0	0	0	95	0	0	0	
1.07558e+06	0	0	0	0	0	0	0	0	93	0	0	0	
1.07632e+06	0	0	0	0	0	0	0	0	107	0	0	0	
1.07707e+06	0	0	0	0	0	0	0	0	99	0	0	0	
1.07783e+06	0	0	0	0	0	0	0	0	83	0	0	0	
1.07858e+06	0	0	0	0	0	0	0	0	87	0	0	0	
1.07933e+06	0	0	0	0	0	0	0	0	95	0	0	0	
1.08008e+06	0	0	0	0	0	0	0	0	85	0	0	0	
1.08083e+06	0	0	0	0	0	0	0	0	85	0	0	0	
1.08158e+06	0	0	0	0	0	0	0	0	97	0	0	0	
1.08233e+06	0	0	0	0	0	0	0	0	111	0	0	0	
1.08308e+06	0	0	0	0	0	0	0	0	95	0	0	0	
1.08383e+06	0	0	0	0	0	0	0	0	89	0	0	0	
1.08458e+06	0	0	0	0	0	0	0	0	89	0	0	0	
1.08534e+06	0	0	0	0	0	0	0	0	99	0	0	0	
1.08608e+06	0	0	0	0	0	0	0	125	0	0	0	0	
1.08683e+06	0	0	0	0	0	0	0	109	0	0	0	0	
1.08758e+06	0	0	0	0	0	0	0	117	0	0	0	0	
1.08833e+06	0	0	0	0	0	0	0	115	0	0	0	0	
1.08907e+06	0	0	0	0	0	0	0	129	0	0	0	0	
1.08982e+06	0	0	0	0	0	0	0	119	0	0	0	0	
1.09057e+06	0	0	0	0	0	0	0	101	0	0	0	0	
1.09132e+06	0	0	0	0	0	0	0	125	0	0	0	0	
1.09207e+06	0	0	0	0	0	0	0	113	0	0	0	0	
1.09282e+06	0	0	0	0	0	0	0	115	0	0	0	0	
1.09357e+06	0	0	0	0	0	0	0	0	89	0	0	0	
1.09432e+06	0	0	0	0	0	0	0	0	0	73	0	0	
1.09506e+06	0	0	0	0	0	0	0	0	0	75	0	0	
1.09581e+06	0	0	0	0	0	0	0	0	0	65	0	0	
1.09656e+06	0	0	0	0	0	0	0	0	0	77	0	0	
1.09731e+06	0	0	0	0	0	0	0	0	0	75	0	0	
1.09807e+06	0	0	0	0	0	0	0	0	0	83	0	0	
1.09881e+06	0	0	0	0	0	0	0	0	0	71	0	0	
1.09957e+06	0	0	0	0	0	0	0	0	0	77	0	0	
1.10031e+06	0	0	0	0	0	0	0	0	0	77	0	0	
1.10107e+06	0	0	0	0	0	0	0	0	0	61	0	0	
1.10182e+06	0	0	0	0	0	0	0	0	0	69	0	0	
1.10257e+06	0	0	0	0	0	0	0	0	0	77	0	0	
1.10331e+06	0	0	0	0	0	0	0	0	0	87	0	0	
1.10407e+06	0	0	0	0	0	0	0	0	0	73	0	0	
1.10482e+06	0	0	0	0	0	0	0	0	0	75	0	0	
1.10557e+06	0	0	0	0	0	0	0	0	0	75	0	0	
1.10631e+06	0	0	0	0	0	0	0	0	0	59	0	0	
1.10706e+06	0	0	0	0	0	0	0	0	0	65	0	0	
1.10781e+06	0	0	0	0	0	0	0	0	0	65	0	0	
1.10856e+06	0	0	0	0	0	0	0	0	0	79	0	0	
1.10931e+06	0	0	0	0	0	0	0	0	0	79	0	0	
1.11006e+06	0	0	0	0	0	0	0	0	0	71	0	0	
1.11081e+06	0	0	0	0	0	0	0	0	0	65	0	0	
1.11156e+06	0	0	0	0	0	0	0	0	0	61	0	0	
1.11231e+06	0	0	0	0	0	0	0	0	0	77	0	0	
1.11306e+06	0	0	0	0	0	0	0	0	0	87	0	0	
1.11381e+06	0	0	0	0	0	0	17	104	0	0	0	0	
1.11456e+06	0	0	0	0	0	0	0	113	0	0	0	0	
1.11532e+06	0	0	0	0	0	0	0	105	0	0	0	0	
1.11607e+06	0	0	0	0	0	0	0	113	0	0	0	0	
1.11682e+06	0	0	0	0	0	0	0	105	0	0	0	0	
1.11757e+06	0	0	0	0	0	0	0	103	0	0	0	0	
1.11832e+06	0	0	0	0	0	0	0	127	0	0	0	0	
1.11907e+06	0	0	0	0	0	0	0	101	0	0	0	0	
1.11982e+06	0	0	0	0	0	0	0	89	0	0	0	0	
1.12057e+06	0	0	0	0	0	0	0	117	0	0	0	0	
1.12132e+06	0	0	0	0	0	0	0	113	0	0	0	0	
1.12207e+06	0	0	0	0	0	0	0	137	0	0	0	0	
1.12282e+06	0	0	0	0	0	0	0	115	0	0	0	0	
1.12357e+06	0	0	0	0	0	0	0	117	0	0	0	0	
1.12432e+06	0	0	0	0	0	0	0	129	0	0	0	0	
1.12507e+06	0	0	0	0	0	0	133	0	0	0	0	0	
1.12583e+06	0	0	0	0	0	0	133	0	0	0	0	0	
1.12657e+06	0	0	0	0	0	0	141	0	0	0	0	0	
1.12732e+06	0	0	0	0	0	0	157	0	0	0	0	0	
1.12807e+06	0	0	0	0	0	0	159	0	0	0	0	0	
1.12883e+06	0	0	0	0	0	0	159	0	0	0	0	0	
1.12958e+06	0	0	0	0	0	0	149	0	0	0	0	0	
1.13033e+06	0	0	0	0	0	0	135	0	0	0	0	0	
1.13108e+06	0	0	0	0	0	0	137	0	0	0	0	0	
1.13183e+06	0	0	0	0	0	0	131	0	0	0	0	0	
1.13258e+06	0	0	0	0	0	0	151	0	0	0	0	0	
1.13333e+06	0	0	0	0	0	0	137	0	0	0	0	0	
1.13408e+06	0	0	0	0	0	0	147	0	0	0	0	0	
1.13483e+06	0	0	0	0	0	0	141	0	0	0	0	0	
1.13557e+06	0	0	0	0	0	0	157	0	0	0	0	0	
1.13632e+06	0	0	0	0	0	0	157	0	0	0	0	0	
1.13708e+06	0	0	0	0	0	0	137	0	0	0	0	0	
1.13783e+06	0	0	0	0	0	0	161	0	0	0	0	0	
1.13858e+06	0	0	0	0	0	0	143	0	0	0	0	0	
1.13933e+06	0	0	0	0	0	0	163	0	0	0	0	0	
1.14007e+06	0	0	0	0	0	179	0	0	0	0	0	0	
1.14082e+06	0	0	0	0	0	197	0	0	0	0	0	0	
1.14157e+06	0	0	0	0	0	183	0	0	0	0	0	0	
1.14232e+06	0	0	0	0	0	193	0	0	0	0	0	0	
1.14307e+06	0	0	0	0	0	163	0	0	0	0	0	0	
1.14382e+06	0	0	0	0	167	16	0	0	0	0	0	0	
1.14457e+06	0	0	0	0	205	0	0	0	0	0	0	0	
1.14532e+06	0	0	0	0	225	0	0	0	0	0	0	0	
1.14607e+06	0	0	0	0	215	0	0	0	0	0	0	0	
1.14682e+06	0	0	0	0	231	0	0	0	0	0	0	0	
1.14757e+06	0	0	0	0	211	0	0	0	0	0	0	0	
1.14832e+06	0	0	0	0	201	0	0	0	0	0	0	0	
1.14907e+06	0	0	0	0	223	0	0	0	0	0	0	0	
1.14982e+06	0	0	0	0	203	0	0	0	0	0	0	0	
1.15057e+06	0	0	0	0	195	0	0	0	0	0	0	0	
1.15132e+06	0	0	0	0	227	0	0	0	0	0	0	0	
1.15207e+06	0	0	0	0	215	0	0	0	0	0	0	0	
1.15282e+06	0	0	0	0	225	0	0	0	0	0	0	0	
1.15357e+06	0	0	0	0	199	0	0	0	0	0	0	0	
1.15432e+06	0	0	0	0	219	0	0	0	0	0	0	0	
1.15507e+06	0	0	0	0	213	0	0	0	0	0	0	0	
1.15582e+06	0	0	0	0	221	0	0	0	0	0	0	0	
1.15657e+06	0	0	0	0	235	0	0	0	0	0	0	0	
1.15732e+06	0	0	0	0	237	0	0	0	0	0	0	0	
1.15807e+06	0	0	0	55	182	0	0	0	0	0	0	0	
1.15882e+06	0	0	0	0	209	0	0	0	0	0	0	0	
1.15956e+06	0	0	0	0	235	0	0	0	0	0	0	0	
1.16032e+06	0	0	0	0	195	0	0	0	0	0	0	0	
1.16107e+06	0	0	0	0	197	0	0	0	0	0	0	0	
1.16182e+06	0	0	0	0	239	0	0	0	0	0	0	0	
1.16256e+06	0	0	0	0	209	0	0	0	0	0	0	0	
1.16332e+06	0	0	0	0	213	0	0	0	0	0	0	0	
1.16407e+06	0	0	0	0	241	0	0	0	0	0	0	0	
1.16481e+06	0	0	0	0	223	0	0	0	0	0	0	0	
1.16557e+06	0	0	0	0	231	0	0	0	0	0	0	0	
1.16632e+06	0	0	0	0	195	0	0	0	0	0	0	0	
1.16707e+06	0	0	0	0	215	0	0	0	0	0	0	0	
1.16783e+06	0	0	0	0	225	0	0	0	0	0	0	0	
1.16858e+06	0	0	0	0	217	0	0	0	0	0	0	0	
1.16933e+06	0	0	0	0	223	0	0	0	0	0	0	0	
1.17007e+06	0	0	0	0	203	0	0	0	0	0	0	0	
1.17082e+06	0	0	0	0	217	0	0	0	0	0	0	0	
1.17157e+06	0	0	0	0	217	0	0	0	0	0	0	0	
1.17232e+06	0	0	0	0	229	0	0	0	0	0	0	0	
1.17307e+06	0	0	0	0	193	0	0	0	0	0	0	0	
1.17382e+06	0	0	0	0	0	175	0	0	0	0	0	0	
1.17458e+06	0	0	0	0	0	193	0	0	0	0	0	0	
1.17533e+06	0	0	0	0	0	187	0	0	0	0	0	0	
1.17608e+06	0	0	0	0	0	189	0	0	0	0	0	0	
1.17682e+06	0	0	0	0	0	185	0	0	0	0	0	0	
1.17757e+06	0	0	0	0	0	171	0	0	0	0	0	0	
1.17832e+06	0	0	0	0	0	163	0	0	0	0	0	0	
1.17907e+06	0	0	0	0	0	209	0	0	0	0	0	0	
1.17982e+06	0	0	0	0	0	165	0	0	0	0	0	0	
1.18056e+06	0	0	0	0	0	167	0	0	0	0	0	0	
1.18131e+06	0	0	0	0	0	169	0	0	0	0	0	0	
1.18206e+06	0	0	0	0	0	165	0	0	0	0	0	0	
1.18281e+06	0	0	0	0	0	165	0	0	0	0	0	0	
1.18356e+06	0	0	0	0	0	191	0	0	0	0	0	0	
1.18431e+06	0	0	0	0	0	181	0	0	0	0	0	0	
1.18507e+06	0	0	0	0	0	159	0	0	0	0	0	0	
1.18581e+06	0	0	0	0	0	149	0	0	0	0	0	0	
1.18657e+06	0	0	0	0	0	163	0	0	0	0	0	0	
1.18731e+06	0	0	0	0	0	171	0	0	0	0	0	0	
1.18806e+06	0	0	0	0	0	165	0	0	0	0	0	0	
1.18881e+06	0	0	0	0	0	171	0	0	0	0	0	0	
1.18956e+06	0	0	0	0	0	179	0	0	0	0	0	0	
1.19031e+06	0	0	0	0	0	183	0	0	0	0	0	0	
1.19106e+06	0	0	0	0	0	189	0	0	0	0	0	0	
1.19181e+06	0	0	0	0	0	173	0	0	0	0	0	0	
1.19256e+06	0	0	0	0	0	157	0	0	0	0	0	0	
1.19331e+06	0	0	0	0	0	183	0	0	0	0	0	0	
1.19406e+06	0	0	0	0	0	179	0	0	0	0	0	0	
1.19481e+06	0	0	0	0	0	167	0	0	0	0	0	0	
1.19556e+06	0	0	0	0	0	145	0	0	0	0	0	0	
1.19631e+06	0	0	0	0	0	199	0	0	0	0	0	0	
1.19706e+06	0	0	0	0	0	171	0	0	0	0	0	0	
1.19781e+06	0	0	0	0	223	0	0	0	0	0	0	0	
1.19856e+06	0	0	0	0	213	0	0	0	0	0	0	0	
1.19931e+06	0	0	0	0	201	0	0	0	0	0	0	0	
1.20006e+06	0	0	0	0	199	0	0	0	0	0	0	0	
1.20081e+06	0	0	0	0	201	0	0	0	0	0	0	0	
1.20156e+06	0	0	0	0	217	0	0	0	0	0	0	0	
1.20231e+06	0	0	0	0	215	0	0	0	0	0	0	0	
1.20306e+06	0	0	0	0	205	0	0	0	0	0	0	0	
1.20381e+06	0	0	0	0	231	0	0	0	0	0	0	0	
1.20456e+06	0	0	0	0	213	0	0	0	0	0	0	0	
1.20531e+06	0	0	0	0	187	0	0	0	0	0	0	0	
1.20606e+06	0	0	0	0	243	0	0	0	0	0	0	0	
1.20681e+06	0	0	0	0	195	0	0	0	0	0	0	0	
1.20756e+06	0	0	0	0	203	0	0	0	0	0	0	0	
1.20831e+06	0	0	0	0	215	0	0	0	0	0	0	0	
1.20906e+06	0	0	0	0	217	0	0	0	0	0	0	0	
1.20981e+06	0	0	0	0	207	0	0	0	0	0	0	0	
1.21056e+06	0	0	0	0	247	0	0	0	0	0	0	0	
1.21131e+06	0	0	0	0	195	0	0	0	0	0	0	0	
1.21206e+06	0	0	0	0	199	0	0	0	0	0	0	0	
1.21281e+06	0	0	0	0	198	1	0	0	0	0	0	0	
1.21356e+06	0	0	0	0	211	0	0	0	0	0	0	0	
1.21431e+06	0	0	0	0	211	0	0	0	0	0	0	0	
1.21506e+06	0	0	0	0	215	0	0	0	0	0	0	0	
1.21581e+06	0	0	0	0	203	0	0	0	0	0	0	0	
1.21656e+06	0	0	0	0	213	0	0	0	0	0	0	0	
1.21731e+06	0	0	0	0	207	0	0	0	0	0	0	0	
1.21806e+06	0	0	0	0	229	0	0	0	0	0	0	0	
1.21881e+06	0	0	0	0	223	0	0	0	0	0	0	0	
1.21956e+06	0	0	0	0	231	0	0	0	0	0	0	0	
1.22031e+06	0	0	0	0	209	0	0	0	0	0	0	0	
1.22106e+06	0	0	0	0	215	0	0	0	0	0	0	0	
1.22181e+06	0	0	0	0	233	0	0	0	0	0	0	0	
1.22256e+06	0	0	0	0	189	0	0	0	0	0	0	0	
1.22331e+06	0	0	0	0	215	0	0	0	0	0	0	0	
1.22406e+06	0	0	0	0	213	0	0	0	0	0	0	0	
1.22481e+06	0	0	0	0	203	0	0	0	0	0	0	0	
1.22556e+06	0	0	0	0	229	0	0	0	0	0	0	0	
1.22631e+06	0	0	0	0	231	0	0	0	0	0	0	0	
1.22706e+06	0	0	0	0	209	0	0	0	0	0	0	0	
1.22781e+06	0	0	0	0	195	0	0	0	0	0	0	0	
1.22855e+06	0	0	0	0	199	0	0	0	0	0	0	0	
1.2293e+06	0	0	0	0	205	0	0	0	0	0	0	0	
1.23005e+06	0	0	0	0	213	0	0	0	0	0	0	0	
1.2308e+06	0	0	0	0	217	0	0	0	0	0	0	0	
1.23155e+06	0	0	0	0	223	0	0	0	0	0	0	0	
1.2323e+06	0	0	0	0	225	0	0	0	0	0	0	0	
1.23306e+06	0	0	0	0	0	163	0	0	0	0	0	0	
1.2338e+06	0	0	0	0	0	175	0	0	0	0	0	0	
1.23456e+06	0	0	0	0	0	177	0	0	0	0	0	0	
1.23531e+06	0	0	0	0	0	177	0	0	0	0	0	0	
1.23605e+06	0	0	0	0	0	179	0	0	0	0	0	0	
1.2368e+06	0	0	0	0	0	187	0	0	0	0	0	0	
1.23755e+06	0	0	0	0	0	171	0	0	0	0	0	0	
1.2383e+06	0	0	0	0	0	177	0	0	0	0	0	0	
1.23905e+06	0	0	0	0	0	193	0	0	0	0	0	0	
1.2398e+06	0	0	0	0	0	173	0	0	0	0	0	0	
1.24055e+06	0	0	0	0	0	171	0	0	0	0	0	0	
1.2413e+06	0	0	0	0	0	165	0	0	0	0	0	0	
1.24205e+06	0	0	0	0	0	173	0	0	0	0	0	0	
1.2428e+06	0	0	0	0	0	163	0	0	0	0	0	0	
1.24355e+06	0	0	0	0	0	175	0	0	0	0	0	0	
1.2443e+06	0	0	0	0	0	181	0	0	0	0	0	0	
1.24505e+06	0	0	0	0	0	171	0	0	0	0	0	0	
1.2458e+06	0	0	0	0	0	183	0	0	0	0	0	0	
1.24655e+06	0	0	0	0	0	179	0	0	0	0	0	0	
1.2473e+06	0	0	0	0	0	175	0	0	0	0	0	0	
1.24806e+06	0	0	0	0	0	189	0	0	0	0	0	0	
1.24881e+06	0	0	0	0	0	185	0	0	0	0	0	0	
1.24956e+06	0	0	0	0	67	96	0	0	0	0	0	0	
1.25031e+06	0	0	0	0	0	183	0	0	0	0	0	0	
1.25106e+06	0	0	0	0	64	95	0	0	0	0	0	0	
1.25181e+06	0	0	0	0	0	0	123	0	0	0	0	0	
1.25256e+06	0	0	0	0	0	0	129	0	0	0	0	0	
1.25331e+06	0	0	0	0	0	0	129	0	0	0	0	0	
1.25406e+06	0	0	0	0	0	0	141	0	0	0	0	0	
1.25481e+06	0	0	0	0	0	0	133	0	0	0	0	0	
1.25556e+06	0	0	0	0	0	0	151	0	0	0	0	0	
1.25631e+06	0	0	0	0	0	0	161	0	0	0	0	0	
1.25706e+06	0	0	0	0	0	0	143	0	0	0	0	0	
1.25781e+06	0	0	0	0	0	0	147	0	0	0	0	0	
1.25856e+06	0	0	0	0	0	0	159	0	0	0	0	0	
1.25931e+06	0	0	0	0	0	0	143	0	0	0	0	0	
1.26005e+06	0	0	0	0	0	0	161	0	0	0	0	0	
1.2608e+06	0	0	0	0	0	0	155	0	0	0	0	0	
1.26155e+06	0	0	0	0	0	0	119	0	0	0	0	0	
1.2623e+06	0	0	0	0	0	0	161	0	0	0	0	0	
1.26305e+06	0	0	0	0	0	0	175	0	0	0	0	0	
1.2638e+06	0	0	0	0	0	0	147	0	0	0	0	0	
1.26455e+06	0	0	0	0	0	0	149	0	0	0	0	0	
1.2653e+06	0	0	0	0	0	0	139	0	0	0	0	0	
1.26605e+06	0	0	0	0	0	0	143	0	0	0	0	0	
1.2668e+06	0	0	0	0	0	0	145	0	0	0	0	0	
1.26755e+06	0	0	0	0	0	0	135	0	0	0	0	0	
1.26829e+06	0	0	0	0	0	0	133	0	0	0	0	0	
1.26904e+06	0	0	0	0	0	0	133	0	0	0	0	0	
1.26979e+06	0	0	0	0	0	0	145	0	0	0	0	0	
1.27054e+06	0	0	0	0	0	0	149	0	0	0	0	0	
1.27129e+06	0	0	0	0	0	0	145	0	0	0	0	0	
1.27204e+06	0	0	0	0	0	0	155	0	0	0	0	0	
1.27279e+06	0	0	0	0	0	0	159	0	0	0	0	0	
1.27355e+06	0	0	0	0	0	0	123	0	0	0	0	0	
1.2743e+06	0	0	0	0	0	0	151	0	0	0	0	0	
1.27505e+06	0	0	0	0	0	0	125	0	0	0	0	0	
1.2758e+06	0	0	0	0	0	0	137	0	0	0	0	0	
1.27655e+06	0	0	0	0	0	0	147	0	0	0	0	0	
1.2773e+06	0	0	0	0	0	0	133	0	0	0	0	0	
1.27805e+06	0	0	0	0	0	0	155	0	0	0	0	0	
1.2788e+06	0	0	0	0	0	0	147	0	0	0	0	0	
1.27956e+06	0	0	0	0	0	0	157	0	0	0	0	0	
1.28031e+06	0	0	0	0	0	0	147	0	0	0	0	0	
1.28106e+06	0	0	0	0	0	0	137	0	0	0	0	0	
1.28181e+06	0	0	0	0	0	0	131	0	0	0	0	0	
1.28256e+06	0	0	0	0	0	185	0	0	0	0	0	0	
1.28331e+06	0	0	0	0	0	185	0	0	0	0	0	0	
1.28406e+06	0	0	0	0	0	185	0	0	0	0	0	0	
1.28481e+06	0	0	0	0	0	173	0	0	0	0	0	0	
1.28557e+06	0	0	0	0	0	177	0	0	0	0	0	0	
1.28631e+06	0	0	0	0	0	171	0	0	0	0	0	0	
1.28707e+06	0	0	0	0	0	167	0	0	0	0	0	0	
1.28782e+06	0	0	0	0	0	179	0	0	0	0	0	0	
1.28857e+06	0	0	0	0	0	165	0	0	0	0	0	0	
1.28932e+06	0	0	0	0	0	175	0	0	0	0	0	0	
1.29007e+06	0	0	0	0	0	159	0	0	0	0	0	0	
1.29082e+06	0	0	0	0	0	183	0	0	0	0	0	0	
1.29157e+06	0	0	0	0	0	167	0	0	0	0	0	0	
1.29232e+06	0	0	0	0	0	147	0	0	0	0	0	0	
1.29307e+06	0	0	0	0	0	173	0	0	0	0	0	0	
1.29382e+06	0	0	0	0	0	179	0	0	0	0	0	0	
1.29457e+06	0	0	0	0	0	189	0	0	0	0	0	0	
1.29531e+06	0	0	0	0	0	161	0	0	0	0	0	0	
1.29606e+06	0	0	0	0	0	205	0	0	0	0	0	0	
1.29681e+06	0	0	0	0	0	167	0	0	0	0	0	0	
1.29756e+06	0	0	0	0	0	175	0	0	0	0	0	0	
1.29831e+06	0	0	0	0	0	183	0	0	0	0	0	0	
1.29906e+06	0	0	0	0	0	163	0	0	0	0	0	0	
1.29981e+06	0	0	0	0	0	151	0	0	0	0	0	0	
1.30056e+06	0	0	0	0	0	181	0	0	0	0	0	0	
1.30131e+06	0	0	0	0	0	175	0	0	0	0	0	0	
1.30206e+06	0	0	0	0	0	171	0	0	0	0	0	0	
1.3028e+06	0	0	0	0	0	155	0	0	0	0	0	0	
1.30355e+06	0	0	0	0	0	163	0	0	0	0	0	0	
1.3043e+06	0	0	0	0	0	157	0	0	0	0	0	0	
1.30505e+06	0	0	0	0	0	171	0	0	0	0	0	0	
1.3058e+06	0	0	0	0	0	159	0	0	0	0	0	0	
1.30655e+06	0	0	0	0	0	159	0	0	0	0	0	0	
1.3073e+06	0	0	0	0	0	165	0	0	0	0	0	0	
1.30805e+06	0	0	0	0	217	0	0	0	0	0	0	0	
1.3088e+06	0	0	0	0	233	0	0	0	0	0	0	0	
1.30955e+06	0	0	0	0	223	0	0	0	0	0	0	0	
1.3103e+06	0	0	0	0	205	0	0	0	0	0	0	0	
1.31105e+06	0	0	0	0	211	0	0	0	0	0	0	0	
1.3118e+06	0	0	0	0	215	0	0	0	0	0	0	0	
1.31255e+06	0	0	0	0	191	0	0	0	0	0	0	0	
1.3133e+06	0	0	0	0	217	0	0	0	0	0	0	0	
1.31405e+06	0	0	0	0	199	0	0	0	0	0	0	0	
1.3148e+06	0	0	0	0	185	0	0	0	0	0	0	0	
1.31555e+06	0	0	0	0	229	0	0	0	0	0	0	0	
1.3163e+06	0	0	0	0	219	0	0	0	0	0	0	0	
1.31705e+06	0	0	0	0	237	0	0	0	0	0	0	0	
1.3178e+06	0	0	0	0	203	0	0	0	0	0	0	0	
1.31855e+06	0	0	0	0	223	0	0	0	0	0	0	0	
1.3193e+06	0	0	0	0	195	0	0	0	0	0	0	0	
1.32005e+06	0	0	0	0	217	0	0	0	0	0	0	0	
1.3208e+06	0	0	0	0	227	0	0	0	0	0	0	0	
1.32155e+06	0	0	0	89	162	0	0	0	0	0	0	0	
1.3223e+06	0	0	0	133	74	0	0	0	0	0	0	0	
1.32305e+06	0	0	0	279	0	0	0	0	0	0	0	0	
1.3238e+06	0	0	0	255	0	0	0	0	0	0	0	0	
1.32455e+06	0	0	0	261	0	0	0	0	0	0	0	0	
1.3253e+06	0	0	0	277	0	0	0	0	0	0	0	0	
1.32605e+06	0	0	0	251	0	0	0	0	0	0	0	0	
1.3268e+06	0	0	0	247	0	0	0	0	0	0	0	0	
1.32755e+06	0	0	0	218	17	0	0	0	0	0	0	0	
1.3283e+06	0	0	0	259	0	0	0	0	0	0	0	0	
1.32905e+06	0	0	0	265	0	0	0	0	0	0	0	0	
1.3298e+06	0	0	0	265	0	0	0	0	0	0	0	0	
1.33055e+06	0	0	0	265	0	0	0	0	0	0	0	0	
1.3313e+06	0	0	0	263	0	0	0	0	0	0	0	0	
1.33205e+06	0	0	0	301	0	0	0	0	0	0	0	0	
1.3328e+06	0	0	0	221	0	0	0	0	0	0	0	0	
1.33355e+06	0	0	0	243	0	0	0	0	0	0	0	0	
1.3343e+06	0	0	0	265	0	0	0	0	0	0	0	0	
1.33505e+06	0	0	0	267	0	0	0	0	0	0	0	0	
1.3358e+06	0	0	0	231	0	0	0	0	0	0	0	0	
1.33655e+06	0	0	0	273	0	0	0	0	0	0	0	0	
1.3373e+06	0	0	0	277	0	0	0	0	0	0	0	0	
1.33805e+06	0	0	0	275	0	0	0	0	0	0	0	0	
1.3388e+06	0	0	0	247	0	0	0	0	0	0	0	0	
1.33955e+06	0	0	0	279	0	0	0	0	0	0	0	0	
1.3403e+06	0	0	0	269	0	0	0	0	0	0	0	0	
1.34105e+06	0	0	0	247	0	0	0	0	0	0	0	0	
1.3418e+06	0	0	0	243	0	0	0	0	0	0	0	0	
1.34255e+06	0	0	0	257	0	0	0	0	0	0	0	0	
1.3433e+06	0	0	0	253	0	0	0	0	0	0	0	0	
1.34405e+06	0	0	0	261	0	0	0	0	0	0	0	0	
1.3448e+06	0	0	0	259	0	0	0	0	0	0	0	0	
1.34555e+06	0	0	0	269	0	0	0	0	0	0	0	0	
1.3463e+06	0	0	0	263	0	0	0	0	0	0	0	0	
1.34705e+06	0	0	0	299	0	0	0	0	0	0	0	0	
1.3478e+06	0	0	0	271	0	0	0	0	0	0	0	0	
1.34855e+06	0	0	0	241	0	0	0	0	0	0	0	0	
1.34929e+06	0	0	0	285	0	0	0	0	0	0	0	0	
1.35004e+06	0	0	0	271	0	0	0	0	0	0	0	0	
1.35079e+06	0	0	0	243	0	0	0	0	0	0	0	0	
1.35154e+06	0	0	0	273	0	0	0	0	0	0	0	0	
1.35228e+06	0	0	13	220	0	0	0	0	0	0	0	0	
1.35303e+06	0	0	0	257	0	0	0	0	0	0	0	0	
1.35378e+06	0	0	0	265	0	0	0	0	0	0	0	0	
1.35453e+06	0	0	0	259	0	0	0	0	0	0	0	0	
1.35528e+06	0	0	0	263	0	0	0	0	0	0	0	0	
1.35603e+06	0	0	0	245	0	0	0	0	0	0	0	0	
1.35678e+06	0	0	0	269	0	0	0	0	0	0	0	0	
1.35753e+06	0	0	0	285	0	0	0	0	0	0	0	0	
1.35828e+06	0	0	0	251	0	0	0	0	0	0	0	0	
1.35904e+06	0	0	0	245	0	0	0	0	0	0	0	0	
1.35979e+06	0	0	0	245	0	0	0	0	0	0	0	0	
1.36054e+06	0	0	0	275	0	0	0	0	0	0	0	0	
1.36129e+06	0	0	0	263	0	0	0	0	0	0	0	0	
1.36204e+06	0	0	0	237	0	0	0	0	0	0	0	0	
1.36279e+06	0	0	12	253	0	0	0	0	0	0	0	0	
1.36354e+06	0	0	0	247	0	0	0	0	0	0	0	0	
1.36429e+06	0	0	0	285	0	0	0	0	0	0	0	0	
1.36504e+06	0	0	0	0	235	0	0	0	0	0	0	0	
1.36579e+06	0	0	0	0	223	0	0	0	0	0	0	0	
1.36654e+06	0	0	0	0	221	0	0	0	0	0	0	0	
1.36729e+06	0	0	0	0	233	0	0	0	0	0	0	0	
1.36804e+06	0	0	0	0	193	0	0	0	0	0	0	0	
1.36879e+06	0	0	0	0	197	0	0	0	0	0	0	0	
1.36954e+06	0	0	0	0	215	0	0	0	0	0	0	0	
1.37029e+06	0	0	0	0	203	0	0	0	0	0	0	0	
1.37104e+06	0	0	0	0	225	0	0	0	0	0	0	0	
1.37179e+06	0	0	0	0	219	0	0	0	0	0	0	0	
1.37254e+06	0	0	0	0	225	0	0	0	0	0	0	0	
1.37329e+06	0	0	0	0	201	0	0	0	0	0	0	0	
1.37403e+06	0	0	0	0	225	0	0	0	0	0	0	0	
1.37478e+06	0	0	0	0	193	0	0	0	0	0	0	0	
1.37553e+06	0	0	0	0	203	0	0	0	0	0	0	0	
1.37629e+06	0	0	0	0	229	0	0	0	0	0	0	0	
1.37704e+06	0	0	0	0	241	0	0	0	0	0	0	0	
1.37778e+06	0	0	0	0	225	0	0	0	0	0	0	0	
1.37853e+06	0	0	0	0	215	0	0	0	0	0	0	0	
1.37928e+06	0	0	0	0	223	0	0	0	0	0	0	0	
1.38003e+06	0	0	0	0	213	0	0	0	0	0	0	0	
1.38078e+06	0	0	0	0	0	171	0	0	0	0	0	0	
1.38153e+06	0	0	0	0	0	197	0	0	0	0	0	0	
1.38229e+06	0	0	0	0	0	175	0	0	0	0	0	0	
1.38304e+06	0	0	0	0	0	159	0	0	0	0	0	0	
1.38379e+06	0	0	0	0	0	193	0	0	0	0	0	0	
1.38454e+06	0	0	0	0	0	193	0	0	0	0	0	0	
1.38529e+06	0	0	0	0	0	179	0	0	0	0	0	0	
1.38604e+06	0	0	0	0	0	149	0	0	0	0	0	0	
1.38679e+06	0	0	0	0	0	177	0	0	0	0	0	0	
1.38754e+06	0	0	0	0	0	157	0	0	0	0	0	0	
1.38829e+06	0	0	0	0	231	0	0	0	0	0	0	0	
1.38904e+06	0	0	0	0	185	0	0	0	0	0	0	0	
1.38978e+06	0	0	0	0	203	0	0	0	0	0	0	0	
1.39053e+06	0	0	0	0	211	0	0	0	0	0	0	0	
1.39128e+06	0	0	0	0	209	0	0	0	0	0	0	0	
1.39203e+06	0	0	0	0	205	0	0	0	0	0	0	0	
1.39278e+06	0	0	0	7	210	0	0	0	0	0	0	0	
1.39353e+06	0	0	0	0	209	0	0	0	0	0	0	0	
1.39428e+06	0	0	0	0	205	0	0	0	0	0	0	0	
1.39503e+06	0	0	0	0	207	0	0	0	0	0	0	0	
1.39578e+06	0	0	0	0	201	0	0	0	0	0	0	0	
1.39653e+06	0	0	0	0	217	0	0	0	0	0	0	0	
1.39728e+06	0	0	0	0	199	0	0	0	0	0	0	0	
1.39803e+06	0	0	0	0	235	0	0	0	0	0	0	0	
1.39878e+06	0	0	0	0	211	0	0	0	0	0	0	0	
1.39953e+06	0	0	0	0	219	0	0	0	0	0	0	0	
1.40028e+06	0	0	0	0	203	0	0	0	0	0	0	0	
1.40102e+06	0	0	0	0	215	0	0	0	0	0	0	0	
1.40177e+06	0	0	0	0	185	0	0	0	0	0	0	0	
1.40252e+06	0	0	0	0	193	0	0	0	0	0	0	0	
1.40326e+06	0	0	0	0	213	0	0	0	0	0	0	0	
1.40401e+06	0	0	0	0	217	0	0	0	0	0	0	0	
1.40476e+06	0	0	0	0	217	0	0	0	0	0	0	0	
1.40552e+06	0	0	0	0	231	0	0	0	0	0	0	0	
1.40627e+06	0	0	0	0	219	0	0	0	0	0	0	0	
1.40702e+06	0	0	0	0	225	0	0	0	0	0	0	0	
1.40777e+06	0	0	0	0	207	0	0	0	0	0	0	0	
1.40852e+06	0	0	0	0	199	0	0	0	0	0	0	0	
1.40927e+06	0	0	0	0	229	0	0	0	0	0	0	0	
1.41002e+06	0	0	0	0	217	0	0	0	0	0	0	0	
1.41077e+06	0	0	0	0	195	0	0	0	0	0	0	0	
1.41152e+06	0	0	0	0	231	0	0	0	0	0	0	0	
1.41227e+06	0	0	0	0	223	0	0	0	0	0	0	0	
1.41302e+06	0	0	0	0	207	0	0	0	0	0	0	0	
1.41377e+06	0	0	0	0	209	0	0	0	0	0	0	0	
1.41452e+06	0	0	0	0	217	0	0	0	0	0	0	0	
1.41527e+06	0	0	0	0	221	0	0	0	0	0	0	0	
1.41602e+06	0	0	0	0	211	0	0	0	0	0	0	0	
1.41677e+06	0	0	0	0	217	0	0	0	0	0	0	0	
1.41752e+06	0	0	0	0	217	0	0	0	0	0	0	0	
1.41827e+06	0	0	0	0	219	0	0	0	0	0	0	0	
1.41902e+06	0	0	0	0	217	0	0	0	0	0	0	0	
1.41977e+06	0	0	0	0	219	0	0	0	0	0	0	0	
1.42052e+06	0	0	0	0	199	0	0	0	0	0	0	0	
1.42127e+06	0	0	0	0	233	0	0	0	0	0	0	0	
1.42202e+06	0	0	0	0	229	0	0	0	0	0	0	0	
1.42277e+06	0	0	0	0	207	0	0	0	0	0	0	0	
1.42352e+06	0	0	0	0	195	0	0	0	0	0	0	0	
1.42427e+06	0	0	0	0	225	0	0	0	0	0	0	0	
1.42503e+06	0	0	0	0	201	0	0	0	0	0	0	0	
1.42577e+06	0	0	0	0	233	0	0	0	0	0	0	0	
1.42653e+06	0	0	0	0	201	0	0	0	0	0	0	0	
1.42727e+06	0	0	0	0	195	0	0	0	0	0	0	0	
1.42802e+06	0	0	0	0	189	0	0	0	0	0	0	0	
1.42877e+06	0	0	0	0	225	0	0	0	0	0	0	0	
1.42952e+06	0	0	0	0	211	0	0	0	0	0	0	0	
1.43027e+06	0	0	0	0	221	0	0	0	0	0	0	0	
1.43102e+06	0	0	0	0	229	0	0	0	0	0	0	0	
1.43177e+06	0	0	0	0	199	0	0	0	0	0	0	0	
1.43252e+06	0	0	0	0	231	0	0	0	0	0	0	0	
1.43327e+06	0	0	0	0	217	0	0	0	0	0	0	0	
1.43402e+06	0	0	0	0	195	0	0	0	0	0	0	0	
1.43477e+06	0	0	0	0	189	0	0	0	0	0	0	0	
1.43552e+06	0	0	0	0	213	0	0	0	0	0	0	0	
1.43627e+06	0	0	0	0	189	0	0	0	0	0	0	0	
1.43702e+06	0	0	0	0	235	0	0	0	0	0	0	0	
1.43777e+06	0	0	0	0	209	0	0	0	0	0	0	0	
1.43852e+06	0	0	0	0	195	0	0	0	0	0	0	0	
1.43927e+06	0	0	0	0	195	0	0	0	0	0	0	0	
1.44002e+06	0	0	0	0	229	0	0	0	0	0	0	0	
1.44077e+06	0	0	0	0	205	0	0	0	0	0	0	0	
1.44152e+06	0	0	0	0	217	0	0	0	0	0	0	0	
1.44227e+06	0	0	0	0	235	0	0	0	0	0	0	0	
1.44302e+06	0	0	0	0	225	0	0	0	0	0	0	0	
1.44377e+06	0	0	0	0	217	0	0	0	0	0	0	0	
1.44452e+06	0	0	0	0	249	0	0	0	0	0	0	0	
1.44527e+06	0	0	0	0	205	0	0	0	0	0	0	0	
1.44602e+06	0	0	0	0	205	0	0	0	0	0	0	0	
1.44677e+06	0	0	0	0	217	0	0	0	0	0	0	0	
1.44752e+06	0	0	0	0	231	0	0	0	0	0	0	0	
1.44826e+06	0	0	0	0	205	0	0	0	0	0	0	0	
1.44902e+06	0	0	0	0	207	0	0	0	0	0	0	0	
1.44976e+06	0	0	0	0	217	0	0	0	0	0	0	0	
1.45051e+06	0	0	0	0	233	0	0	0	0	0	0	0	
1.45127e+06	0	0	0	0	211	0	0	0	0	0	0	0	
1.45202e+06	0	0	0	0	237	0	0	0	0	0	0	0	
1.45276e+06	0	0	0	0	231	0	0	0	0	0	0	0	
1.45352e+06	0	0	0	0	187	0	0	0	0	0	0	0	
1.45426e+06	0	0	0	0	237	0	0	0	0	0	0	0	
1.45501e+06	0	0	0	0	195	0	0	0	0	0	0	0	
1.45577e+06	0	0	0	0	187	0	0	0	0	0	0	0	
1.45651e+06	0	0	0	0	235	0	0	0	0	0	0	0	
1.45726e+06	0	0	0	0	229	0	0	0	0	0	0	0	
1.45801e+06	0	0	0	0	199	0	0	0	0	0	0	0	
1.45877e+06	0	0	0	0	239	0	0	0	0	0	0	0	
1.45952e+06	0	0	0	0	0	181	0	0	0	0	0	0	
1.46027e+06	0	0	0	0	0	171	0	0	0	0	0	0	
1.46101e+06	0	0	0	0	0	177	0	0	0	0	0	0	
1.46176e+06	0	0	0	0	0	171	0	0	0	0	0	0	
1.46251e+06	0	0	0	0	0	0	127	0	0	0	0	0	
1.46326e+06	0	0	0	0	0	0	157	0	0	0	0	0	
1.46402e+06	0	0	0	0	0	0	133	0	0	0	0	0	
1.46477e+06	0	0	0	0	0	0	119	0	0	0	0	0	
1.46552e+06	0	0	0	0	0	0	153	0	0	0	0	0	
1.46627e+06	0	0	0	0	0	0	159	0	0	0	0	0	
1.46703e+06	0	0	0	0	0	0	149	0	0	0	0	0	
1.46778e+06	0	0	0	0	0	0	141	0	0	0	0	0	
1.46853e+06	0	0	0	0	0	0	139	0	0	0	0	0	
1.46928e+06	0	0	0	0	0	0	135	0	0	0	0	0	
1.47003e+06	0	0	0	0	0	0	179	0	0	0	0	0	
1.47078e+06	0	0	0	0	0	0	145	0	0	0	0	0	
1.47153e+06	0	0	0	0	0	0	135	0	0	0	0	0	
1.47228e+06	0	0	0	0	0	0	169	0	0	0	0	0	
1.47303e+06	0	0	0	0	0	0	121	0	0	0	0	0	
1.47378e+06	0	0	0	0	0	0	155	0	0	0	0	0	
1.47453e+06	0	0	0	0	0	0	161	0	0	0	0	0	
1.47528e+06	0	0	0	0	0	0	135	0	0	0	0	0	
1.47603e+06	0	0	0	0	0	0	157	0	0	0	0	0	
1.47678e+06	0	0	0	0	0	0	157	0	0	0	0	0	
1.47753e+06	0	0	0	0	0	0	157	0	0	0	0	0	
1.47828e+06	0	0	0	0	0	0	165	0	0	0	0	0	
1.47902e+06	0	0	0	0	0	0	20	93	0	0	0	0	
1.47977e+06	0	0	0	0	0	0	0	113	0	0	0	0	
1.48053e+06	0	0	0	0	0	0	0	107	0	0	0	0	
1.48128e+06	0	0	0	0	0	0	0	127	0	0	0	0	
1.48203e+06	0	0	0	0	0	0	0	111	0	0	0	0	
1.48278e+06	0	0	0	0	0	0	0	127	0	0	0	0	
1.48353e+06	0	0	0	0	0	0	0	121	0	0	0	0	
1.48428e+06	0	0	0	0	0	0	0	129	0	0	0	0	
1.48503e+06	0	0	0	0	0	0	0	123	0	0	0	0	
1.48578e+06	0	0	0	0	0	0	0	115	0	0	0	0	
1.48653e+06	0	0	0	0	0	0	0	131	0	0	0	0	
1.48728e+06	0	0	0	0	0	0	0	123	0	0	0	0	
1.48803e+06	0	0	0	0	0	0	0	119	0	0	0	0	
1.48878e+06	0	0	0	0	0	0	0	127	0	0	0	0	
1.48953e+06	0	0	0	0	0	0	0	109	0	0	0	0	
1.49028e+06	0	0	0	0	0	0	0	97	0	0	0	0	
1.49103e+06	0	0	0	0	0	0	0	127	0	0	0	0	
1.49178e+06	0	0	0	0	0	0	0	117	0	0	0	0	
1.49253e+06	0	0	0	0	0	0	0	115	0	0	0	0	
1.49328e+06	0	0	0	0	0	0	0	115	0	0	0	0	
1.49403e+06	0	0	0	0	0	0	0	111	0	0	0	0	
1.49478e+06	0	0	0	0	0	0	0	105	0	0	0	0	
1.49553e+06	0	0	0	0	0	0	0	119	0	0	0	0	
1.49628e+06	0	0	0	0	0	0	0	107	0	0	0	0	
1.49703e+06	0	0	0	0	0	0	0	115	0	0	0	0	
1.49778e+06	0	0	0	0	0	0	0	113	0	0	0	0	
1.49853e+06	0	0	0	0	0	0	0	121	0	0	0	0	
1.49928e+06	0	0	0	0	0	0	0	105	0	0	0	0	
1.50003e+06	0	0	0	0	0	0	0	127	0	0	0	0	
1.50003e+06	0	0	0	0	0	0	0	127	0	0	0	0	
