Time	s0	s1	s2	s3	s4	s5	s6	s7	s8	s9	s10	s11	
0	0	0	0	0	0	0	0	0	0	0	0	200	
0.000545721	0	0	0	0	0	0	0	0	0	0	0	199	
748.286	0	0	0	0	0	0	0	0	0	0	57	0	
1496.73	0	0	0	0	0	0	0	0	0	0	53	0	
2244.96	0	0	0	0	0	0	0	0	0	0	71	0	
2995.93	0	0	0	0	0	0	0	0	0	0	55	0	
3746.06	0	0	0	0	0	0	0	0	0	0	61	0	
4499.64	0	0	0	0	0	0	0	0	0	0	69	0	
5249.29	0	0	0	0	0	0	0	0	0	0	0	51	
5997.11	0	0	0	0	0	0	0	0	0	0	0	47	
6746.98	0	0	0	0	0	0	0	0	0	0	0	57	
7496.59	0	0	0	0	0	0	0	0	0	0	0	33	
8247.06	0	0	0	0	0	0	0	0	0	0	0	65	
8995.71	0	0	0	0	0	0	0	0	0	0	0	47	
9746.51	0	0	0	0	0	0	0	0	0	0	0	53	
10500.9	0	0	0	0	0	0	0	0	0	0	0	51	
11251.9	0	0	0	0	0	0	0	0	0	0	0	49	
12001.1	0	0	0	0	0	0	0	0	0	0	0	45	
12750.4	0	0	0	0	0	0	0	0	0	0	0	59	
13500.7	0	0	0	0	0	0	0	0	0	0	0	45	
14250	0	0	0	0	0	0	0	0	0	0	0	47	
15002.1	0	0	0	0	0	0	0	0	0	0	0	57	
15750.3	0	0	0	0	0	0	0	0	0	0	0	43	
16500.9	0	0	0	0	0	0	0	0	0	0	0	45	
17248.9	0	0	0	0	0	0	0	0	0	0	0	47	
17999.9	0	0	0	0	0	0	0	0	0	0	73	0	
18749.1	0	0	0	0	0	0	0	0	0	0	53	0	
19497.1	0	0	0	0	0	0	0	0	0	0	57	0	
20245.3	0	0	0	0	0	0	0	0	0	0	57	0	
20994.2	0	0	0	0	0	0	0	0	0	0	0	51	
21743.5	0	0	0	0	0	0	0	0	0	0	0	47	
22491.2	0	0	0	0	0	0	0	0	0	0	0	47	
23240.3	0	0	0	0	0	0	0	0	0	0	0	47	
23993.1	0	0	0	0	0	0	0	0	0	0	0	61	
24745.6	0	0	0	0	0	0	0	0	0	0	0	55	
25494.4	0	0	0	0	0	0	0	0	0	0	0	59	
26242.8	0	0	0	0	0	0	0	0	0	0	0	49	
26996.5	0	0	0	0	0	0	0	0	0	0	0	43	
27748	0	0	0	0	0	0	0	0	0	0	0	53	
28500.5	0	0	0	0	0	0	0	0	0	0	0	43	
29253.9	0	0	0	0	0	0	0	0	0	0	0	45	
30005.2	0	0	0	0	0	0	0	0	0	0	53	0	
30754.9	0	0	0	0	0	0	0	0	0	0	65	0	
31506	0	0	0	0	0	0	0	0	0	0	61	0	
32254.4	0	0	0	0	0	0	0	0	0	0	63	0	
33000.1	0	0	0	0	0	0	0	0	0	0	65	0	
33750.8	0	0	0	0	0	0	0	0	0	61	0	0	
34496.2	0	0	0	0	0	0	0	0	0	81	0	0	
35245.3	0	0	0	0	0	0	0	0	0	89	0	0	
35996.2	0	0	0	0	0	0	0	0	0	79	0	0	
36746.9	0	0	0	0	0	0	0	0	0	77	0	0	
37495.3	0	0	0	0	0	0	0	0	0	69	0	0	
38248.6	0	0	0	0	0	0	0	0	0	75	0	0	
39001.1	0	0	0	0	0	0	0	0	0	81	0	0	
39750.5	0	0	0	0	0	0	0	0	0	0	71	0	
40501.7	0	0	0	0	0	0	0	0	0	0	59	0	
41252.5	0	0	0	0	0	0	0	0	0	0	69	0	
42005	0	0	0	0	0	0	0	0	0	0	75	0	
42754	0	0	0	0	0	0	0	0	0	0	71	0	
43504.9	0	0	0	0	0	0	0	0	0	0	67	0	
44255.3	0	0	0	0	0	0	0	0	0	0	61	0	
45007	0	0	0	0	0	0	0	0	0	0	63	0	
45760	0	0	0	0	0	0	0	0	0	0	63	0	
46509.2	0	0	0	0	0	0	0	0	0	0	71	0	
47259.6	0	0	0	0	0	0	0	0	0	0	57	0	
48012	0	0	0	0	0	0	0	0	0	0	47	0	
48763.3	0	0	0	0	0	0	0	0	0	0	57	0	
49514.8	0	0	0	0	0	0	0	0	0	0	59	0	
50265.8	0	0	0	0	0	0	0	0	0	0	57	0	
51014.8	0	0	0	0	0	0	0	0	0	0	47	0	
51763.7	0	0	0	0	0	0	0	0	0	0	71	0	
52513	0	0	0	0	0	0	0	0	0	0	63	0	
53258.3	0	0	0	0	0	0	0	0	0	0	61	0	
54009.2	0	0	0	0	0	0	0	0	0	0	59	0	
54761.1	0	0	0	0	0	0	0	0	0	0	75	0	
55509.1	0	0	0	0	0	0	0	0	0	0	61	0	
56258.4	0	0	0	0	0	0	0	0	0	79	0	0	
57009.5	0	0	0	0	0	0	0	0	0	63	0	0	
57761.9	0	0	0	0	0	0	0	0	0	77	0	0	
58513.2	0	0	0	0	0	0	0	0	0	55	0	0	
59262	0	0	0	0	0	0	0	0	0	77	0	0	
60012.7	0	0	0	0	0	0	0	0	0	77	0	0	
60766	0	0	0	0	0	0	0	0	0	67	0	0	
61514.5	0	0	0	0	0	0	0	0	0	85	0	0	
62264.1	0	0	0	0	0	0	0	0	0	65	0	0	
63013.8	0	0	0	0	0	0	0	0	0	71	0	0	
63762.6	0	0	0	0	0	0	0	0	9	64	0	0	
64513.3	0	0	0	0	0	0	0	0	0	77	0	0	
65261.4	0	0	0	0	0	0	0	0	0	77	0	0	
66010.8	0	0	0	0	0	0	0	0	0	63	0	0	
66760.3	0	0	0	0	0	0	0	0	0	77	0	0	
67507.9	0	0	0	0	0	0	0	0	0	69	0	0	
68257	0	0	0	0	0	0	0	0	0	71	0	0	
69007.2	0	0	0	0	0	0	0	0	89	0	0	0	
69756.2	0	0	0	0	0	0	0	0	97	0	0	0	
70509.2	0	0	0	0	0	0	0	0	85	0	0	0	
71259.1	0	0	0	0	0	0	0	0	91	0	0	0	
72012.6	0	0	0	0	0	0	0	0	81	0	0	0	
72761.6	0	0	0	0	0	0	0	0	95	0	0	0	
73508.7	0	0	0	0	0	0	0	0	93	0	0	0	
74260.1	0	0	0	0	0	0	0	0	103	0	0	0	
75010.7	0	0	0	0	0	0	0	0	95	0	0	0	
75759.3	0	0	0	0	0	0	0	0	97	0	0	0	
76512.4	0	0	0	0	0	0	0	0	117	0	0	0	
77262.2	0	0	0	0	0	0	0	0	77	0	0	0	
78011.8	0	0	0	0	0	0	0	0	87	0	0	0	
78758.5	0	0	0	0	0	0	0	0	91	0	0	0	
79507.6	0	0	0	0	0	0	0	0	97	0	0	0	
80261.7	0	0	0	0	0	0	0	0	93	0	0	0	
81012.2	0	0	0	0	0	0	0	0	95	0	0	0	
81764.2	0	0	0	0	0	0	0	0	107	0	0	0	
82514	0	0	0	0	0	0	0	0	101	0	0	0	
83264.5	0	0	0	0	0	0	0	0	95	0	0	0	
84014.1	0	0	0	0	0	0	0	0	89	0	0	0	
84766.7	0	0	0	0	0	0	0	0	91	0	0	0	
85516.1	0	0	0	0	0	0	0	0	89	0	0	0	
86267.5	0	0	0	0	0	0	0	0	79	0	0	0	
87017.7	0	0	0	0	0	0	0	0	107	0	0	0	
87769.7	0	0	0	0	0	0	0	0	97	0	0	0	
88519	0	0	0	0	0	0	0	0	87	0	0	0	
89270.2	0	0	0	0	0	0	0	0	99	0	0	0	
90016.5	0	0	0	0	0	0	0	0	95	0	0	0	
90766	0	0	0	0	0	0	0	119	0	0	0	0	
91516.7	0	0	0	0	0	0	0	133	0	0	0	0	
92270.1	0	0	0	0	0	0	0	117	0	0	0	0	
93021.6	0	0	0	0	0	0	0	99	0	0	0	0	
93772	0	0	0	0	0	0	0	125	0	0	0	0	
94522.7	0	0	0	0	0	0	0	119	0	0	0	0	
95273.3	0	0	0	0	0	0	0	106	1	0	0	0	
96021.3	0	0	0	0	0	0	0	95	0	0	0	0	
96770.9	0	0	0	0	0	0	0	123	0	0	0	0	
97518.1	0	0	0	0	0	0	0	103	0	0	0	0	
98268.2	0	0	0	0	0	0	0	105	0	0	0	0	
99019	0	0	0	0	0	0	0	111	0	0	0	0	
99765.7	0	0	0	0	0	0	0	129	0	0	0	0	
100516	0	0	0	0	0	0	0	125	0	0	0	0	
101267	0	0	0	0	0	0	0	0	93	0	0	0	
102017	0	0	0	0	0	0	0	0	85	0	0	0	
102767	0	0	0	0	0	0	0	0	91	0	0	0	
103520	0	0	0	0	0	0	0	0	109	0	0	0	
104271	0	0	0	0	0	0	0	0	97	0	0	0	
105020	0	0	0	0	0	0	0	105	0	0	0	0	
105771	0	0	0	0	0	0	0	149	0	0	0	0	
106521	0	0	0	0	0	0	0	103	0	0	0	0	
107270	0	0	0	0	0	0	0	119	0	0	0	0	
108020	0	0	0	0	0	0	0	125	0	0	0	0	
108773	0	0	0	0	0	0	0	123	0	0	0	0	
109523	0	0	0	0	0	0	0	123	0	0	0	0	
110271	0	0	0	0	0	0	7	106	0	0	0	0	
111020	0	0	0	0	0	0	0	105	0	0	0	0	
111770	0	0	0	0	0	0	0	115	0	0	0	0	
112520	0	0	0	0	0	0	0	123	0	0	0	0	
113273	0	0	0	0	0	0	0	111	0	0	0	0	
114028	0	0	0	0	0	0	0	113	0	0	0	0	
114781	0	0	0	0	0	0	0	109	0	0	0	0	
115529	0	0	0	0	0	0	0	105	0	0	0	0	
116278	0	0	0	0	0	0	0	117	0	0	0	0	
117033	0	0	0	0	0	0	0	117	0	0	0	0	
117781	0	0	0	0	0	0	0	131	0	0	0	0	
118533	0	0	0	0	0	0	0	115	0	0	0	0	
119284	0	0	0	0	0	0	0	93	0	0	0	0	
120034	0	0	0	0	0	0	0	91	0	0	0	0	
120782	0	0	0	0	0	0	0	115	0	0	0	0	
121534	0	0	0	0	0	0	0	115	0	0	0	0	
122284	0	0	0	0	0	0	0	135	0	0	0	0	
123034	0	0	0	0	0	0	0	117	0	0	0	0	
123783	0	0	0	0	0	0	127	0	0	0	0	0	
124535	0	0	0	0	0	0	127	0	0	0	0	0	
125285	0	0	0	0	0	0	139	0	0	0	0	0	
126036	0	0	0	0	0	0	157	0	0	0	0	0	
126788	0	0	0	0	0	0	127	0	0	0	0	0	
127535	0	0	0	0	0	0	151	0	0	0	0	0	
128284	0	0	0	0	0	0	143	0	0	0	0	0	
129032	0	0	0	0	0	0	151	0	0	0	0	0	
129782	0	0	0	0	0	0	147	0	0	0	0	0	
130532	0	0	0	0	0	0	139	0	0	0	0	0	
131284	0	0	0	0	0	0	145	0	0	0	0	0	
132032	0	0	0	0	0	0	141	0	0	0	0	0	
132782	0	0	0	0	0	0	157	0	0	0	0	0	
133534	0	0	0	0	0	0	141	0	0	0	0	0	
134283	0	0	0	0	0	0	143	0	0	0	0	0	
135029	0	0	0	0	0	0	137	0	0	0	0	0	
135783	0	0	0	0	0	0	123	0	0	0	0	0	
136532	0	0	0	0	0	0	159	0	0	0	0	0	
137283	0	0	0	0	0	0	133	0	0	0	0	0	
138037	0	0	0	0	0	0	131	0	0	0	0	0	
138785	0	0	0	0	0	0	145	0	0	0	0	0	
139534	0	0	0	0	0	0	0	113	0	0	0	0	
140286	0	0	0	0	0	0	0	93	0	0	0	0	
141039	0	0	0	0	0	0	0	129	0	0	0	0	
141792	0	0	0	0	0	0	0	119	0	0	0	0	
142543	0	0	0	0	0	0	0	109	0	0	0	0	
143290	0	0	0	0	0	0	0	127	0	0	0	0	
144039	0	0	0	0	0	0	0	109	0	0	0	0	
144788	0	0	0	0	0	0	0	109	0	0	0	0	
145539	0	0	0	0	0	0	0	107	0	0	0	0	
146289	0	0	0	0	0	0	0	107	0	0	0	0	
147037	0	0	0	0	0	0	0	127	0	0	0	0	
147785	0	0	0	0	0	0	0	133	0	0	0	0	
148536	0	0	0	0	0	0	0	113	6	0	0	0	
149289	0	0	0	0	0	0	0	105	0	0	0	0	
150040	0	0	0	0	0	0	0	113	0	0	0	0	
150789	0	0	0	0	0	0	0	119	0	0	0	0	
151542	0	0	0	0	0	0	0	127	0	0	0	0	
152292	0	0	0	0	0	0	0	123	0	0	0	0	
153044	0	0	0	0	0	0	0	117	0	0	0	0	
153794	0	0	0	0	0	0	0	97	0	0	0	0	
154542	0	0	0	0	0	0	0	113	0	0	0	0	
155291	0	0	0	0	0	0	0	117	0	0	0	0	
156044	0	0	0	0	0	0	0	115	0	0	0	0	
156791	0	0	0	0	0	0	0	123	0	0	0	0	
157542	0	0	0	0	0	0	0	111	0	0	0	0	
158292	0	0	0	0	0	0	0	129	0	0	0	0	
159045	0	0	0	0	0	0	0	135	0	0	0	0	
159793	0	0	0	0	0	0	0	131	0	0	0	0	
160544	0	0	0	0	0	0	0	109	0	0	0	0	
161292	0	0	0	0	0	0	0	113	0	0	0	0	
162042	0	0	0	0	0	0	0	113	0	0	0	0	
162790	0	0	0	0	0	0	0	125	0	0	0	0	
163539	0	0	0	0	0	0	165	0	0	0	0	0	
164289	0	0	0	0	0	0	129	0	0	0	0	0	
165038	0	0	0	0	0	0	129	0	0	0	0	0	
165790	0	0	0	0	0	0	145	0	0	0	0	0	
166540	0	0	0	0	0	0	151	0	0	0	0	0	
167290	0	0	0	0	0	0	143	0	0	0	0	0	
168040	0	0	0	0	0	0	137	0	0	0	0	0	
168789	0	0	0	0	0	0	121	0	0	0	0	0	
169543	0	0	0	0	0	0	139	0	0	0	0	0	
170295	0	0	0	0	0	0	151	0	0	0	0	0	
171048	0	0	0	0	0	0	147	0	0	0	0	0	
171799	0	0	0	0	0	4	131	0	0	0	0	0	
172547	0	0	0	0	0	157	0	0	0	0	0	0	
173301	0	0	0	0	0	171	0	0	0	0	0	0	
174050	0	0	0	0	0	175	0	0	0	0	0	0	
174801	0	0	0	0	0	115	80	0	0	0	0	0	
175551	0	0	0	0	0	0	149	0	0	0	0	0	
176298	0	0	0	0	0	0	127	0	0	0	0	0	
177049	0	0	0	0	0	0	143	0	0	0	0	0	
177798	0	0	0	0	0	0	127	0	0	0	0	0	
178549	0	0	0	0	0	0	155	0	0	0	0	0	
179299	0	0	0	0	0	0	143	0	0	0	0	0	
180048	0	0	0	0	0	0	141	0	0	0	0	0	
180798	0	0	0	0	0	0	165	0	0	0	0	0	
181549	0	0	0	0	0	0	135	0	0	0	0	0	
182301	0	0	0	0	0	0	155	0	0	0	0	0	
183052	0	0	0	0	0	0	139	0	0	0	0	0	
183803	0	0	0	0	0	0	157	0	0	0	0	0	
184556	0	0	0	0	0	0	161	0	0	0	0	0	
185307	0	0	0	0	0	0	135	0	0	0	0	0	
186060	0	0	0	0	0	0	145	0	0	0	0	0	
186809	0	0	0	0	0	2	145	0	0	0	0	0	
187560	0	0	0	0	0	0	155	0	0	0	0	0	
188308	0	0	0	0	0	0	141	0	0	0	0	0	
189056	0	0	0	0	0	0	149	0	0	0	0	0	
189807	0	0	0	0	0	0	143	0	0	0	0	0	
190554	0	0	0	0	0	0	137	0	0	0	0	0	
191300	0	0	0	0	0	0	145	0	0	0	0	0	
192051	0	0	0	0	0	0	149	0	0	0	0	0	
192797	0	0	0	0	0	0	143	0	0	0	0	0	
193547	0	0	0	0	0	0	145	0	0	0	0	0	
194299	0	0	0	0	0	0	127	0	0	0	0	0	
195048	0	0	0	0	0	0	147	0	0	0	0	0	
195797	0	0	0	0	0	0	129	0	0	0	0	0	
196549	0	0	0	0	0	0	143	0	0	0	0	0	
197298	0	0	0	0	0	0	133	0	0	0	0	0	
198048	0	0	0	0	0	0	133	0	0	0	0	0	
198801	0	0	0	0	0	0	125	0	0	0	0	0	
199551	0	0	0	0	0	179	0	0	0	0	0	0	
200301	0	0	0	0	0	153	0	0	0	0	0	0	
201050	0	0	0	0	0	0	147	0	0	0	0	0	
201796	0	0	0	0	0	0	141	0	0	0	0	0	
202548	0	0	0	0	0	0	129	0	0	0	0	0	
203297	0	0	0	0	0	0	131	0	0	0	0	0	
204046	0	0	0	0	0	0	139	0	0	0	0	0	
204798	0	0	0	0	0	0	121	0	0	0	0	0	
205548	0	0	0	0	0	0	131	0	0	0	0	0	
206297	0	0	0	0	0	0	0	103	0	0	0	0	
207044	0	0	0	0	0	0	0	119	0	0	0	0	
207798	0	0	0	0	0	0	0	123	0	0	0	0	
208550	0	0	0	0	0	0	0	109	0	0	0	0	
209300	0	0	0	0	0	0	0	107	0	0	0	0	
210047	0	0	0	0	0	0	0	135	0	0	0	0	
210797	0	0	0	0	0	0	0	107	0	0	0	0	
211546	0	0	0	0	0	0	0	109	0	0	0	0	
212295	0	0	0	0	0	0	0	111	0	0	0	0	
213043	0	0	0	0	0	0	0	105	0	0	0	0	
213795	0	0	0	0	0	0	0	99	0	0	0	0	
214546	0	0	0	0	0	0	0	121	0	0	0	0	
215293	0	0	0	0	0	0	0	123	0	0	0	0	
216044	0	0	0	0	0	0	0	103	0	0	0	0	
216793	0	0	0	0	0	0	0	111	0	0	0	0	
217543	0	0	0	0	0	0	0	125	0	0	0	0	
218292	0	0	0	0	0	0	131	0	0	0	0	0	
219041	0	0	0	0	0	0	161	0	0	0	0	0	
219789	0	0	0	0	0	0	131	0	0	0	0	0	
220540	0	0	0	0	0	0	121	0	0	0	0	0	
221289	0	0	0	0	0	0	145	0	0	0	0	0	
222037	0	0	0	0	0	0	137	0	0	0	0	0	
222788	0	0	0	0	0	0	161	0	0	0	0	0	
223537	0	0	0	0	0	0	137	0	0	0	0	0	
224285	0	0	0	0	0	0	145	0	0	0	0	0	
225039	0	0	0	0	0	0	153	0	0	0	0	0	
225789	0	0	0	0	0	0	141	0	0	0	0	0	
226540	0	0	0	0	0	0	145	0	0	0	0	0	
227288	0	0	0	0	0	0	149	0	0	0	0	0	
228037	0	0	0	0	0	0	141	0	0	0	0	0	
228786	0	0	0	0	0	0	129	0	0	0	0	0	
229534	0	0	0	0	0	0	139	0	0	0	0	0	
230285	0	0	0	0	0	0	165	0	0	0	0	0	
231031	0	0	0	0	0	0	135	0	0	0	0	0	
231781	0	0	0	0	0	0	129	0	0	0	0	0	
232529	0	0	0	0	0	0	151	0	0	0	0	0	
233282	0	0	0	0	0	0	153	0	0	0	0	0	
234031	0	0	0	0	0	0	153	0	0	0	0	0	
234782	0	0	0	0	0	0	141	0	0	0	0	0	
235533	0	0	0	0	0	0	151	0	0	0	0	0	
236285	0	0	0	0	0	0	149	0	0	0	0	0	
237033	0	0	0	0	0	0	145	0	0	0	0	0	
237787	0	0	0	0	0	0	141	0	0	0	0	0	
238535	0	0	0	0	0	0	139	0	0	0	0	0	
239288	0	0	0	0	0	0	167	0	0	0	0	0	
240035	0	0	0	0	0	0	147	0	0	0	0	0	
240787	0	0	0	0	0	0	129	0	0	0	0	0	
241540	0	0	0	0	0	0	137	0	0	0	0	0	
242293	0	0	0	0	0	0	147	0	0	0	0	0	
243043	0	0	0	0	0	0	143	0	0	0	0	0	
243793	0	0	0	0	0	0	133	0	0	0	0	0	
244543	0	0	0	0	0	0	125	0	0	0	0	0	
245291	0	0	0	0	0	0	147	0	0	0	0	0	
246038	0	0	0	0	0	0	125	0	0	0	0	0	
246787	0	0	0	0	0	0	163	0	0	0	0	0	
247535	0	0	0	0	0	177	0	0	0	0	0	0	
248285	0	0	0	0	0	203	0	0	0	0	0	0	
249035	0	0	0	0	0	165	0	0	0	0	0	0	
249787	0	0	0	0	0	179	0	0	0	0	0	0	
250537	0	0	0	0	0	167	0	0	0	0	0	0	
251289	0	0	0	0	0	165	0	0	0	0	0	0	
252038	0	0	0	0	0	185	0	0	0	0	0	0	
252785	0	0	0	0	0	173	0	0	0	0	0	0	
253537	0	0	0	0	0	179	2	0	0	0	0	0	
254285	0	0	0	0	0	163	0	0	0	0	0	0	
255035	0	0	0	0	0	195	0	0	0	0	0	0	
255786	0	0	0	0	0	175	0	0	0	0	0	0	
256537	0	0	0	0	0	179	0	0	0	0	0	0	
257282	0	0	0	0	0	193	0	0	0	0	0	0	
258029	0	0	0	0	0	167	0	0	0	0	0	0	
258779	0	0	0	0	0	189	0	0	0	0	0	0	
259527	0	0	0	0	0	163	8	0	0	0	0	0	
260275	0	0	0	0	0	169	0	0	0	0	0	0	
261025	0	0	0	0	0	183	0	0	0	0	0	0	
261774	0	0	0	0	0	147	0	0	0	0	0	0	
262526	0	0	0	0	0	189	0	0	0	0	0	0	
263275	0	0	0	0	0	143	0	0	0	0	0	0	
264025	0	0	0	0	0	181	0	0	0	0	0	0	
264776	0	0	0	0	0	161	0	0	0	0	0	0	
265524	0	0	0	0	0	179	0	0	0	0	0	0	
266277	0	0	0	0	0	171	0	0	0	0	0	0	
267027	0	0	0	0	0	193	0	0	0	0	0	0	
267776	0	0	0	0	0	155	0	0	0	0	0	0	
268524	0	0	0	0	0	175	0	0	0	0	0	0	
269274	0	0	0	0	0	183	0	0	0	0	0	0	
270022	0	0	0	0	0	169	0	0	0	0	0	0	
270772	0	0	0	0	0	167	0	0	0	0	0	0	
271518	0	0	0	0	0	177	0	0	0	0	0	0	
272269	0	0	0	0	0	181	0	0	0	0	0	0	
273018	0	0	0	0	0	185	0	0	0	0	0	0	
273766	0	0	0	0	0	189	0	0	0	0	0	0	
274513	0	0	0	0	0	185	0	0	0	0	0	0	
275262	0	0	0	0	25	158	0	0	0	0	0	0	
276011	0	0	0	0	0	179	0	0	0	0	0	0	
276764	0	0	0	0	0	151	0	0	0	0	0	0	
277516	0	0	0	0	0	181	0	0	0	0	0	0	
278264	0	0	0	0	0	163	0	0	0	0	0	0	
279017	0	0	0	0	0	153	0	0	0	0	0	0	
279768	0	0	0	0	0	165	0	0	0	0	0	0	
280519	0	0	0	0	19	160	0	0	0	0	0	0	
281268	0	0	0	0	203	0	0	0	0	0	0	0	
282019	0	0	0	0	197	0	0	0	0	0	0	0	
282773	0	0	0	0	217	0	0	0	0	0	0	0	
283521	0	0	0	0	229	0	0	0	0	0	0	0	
284267	0	0	0	0	199	0	0	0	0	0	0	0	
285018	0	0	0	0	193	0	0	0	0	0	0	0	
285769	0	0	0	0	219	0	0	0	0	0	0	0	
286521	0	0	0	0	229	0	0	0	0	0	0	0	
287272	0	0	0	0	195	0	0	0	0	0	0	0	
288022	0	0	0	0	193	0	0	0	0	0	0	0	
288771	0	0	0	0	211	0	0	0	0	0	0	0	
289521	0	0	0	0	249	0	0	0	0	0	0	0	
290270	0	0	0	0	209	0	0	0	0	0	0	0	
291020	0	0	0	0	215	0	0	0	0	0	0	0	
291769	0	0	0	0	229	0	0	0	0	0	0	0	
292516	0	0	0	0	221	0	0	0	0	0	0	0	
293274	0	0	0	0	219	0	0	0	0	0	0	0	
294024	0	0	0	0	209	0	0	0	0	0	0	0	
294775	0	0	0	0	201	0	0	0	0	0	0	0	
295524	0	0	0	0	217	0	0	0	0	0	0	0	
296271	0	0	0	0	235	0	0	0	0	0	0	0	
297022	0	0	0	0	179	0	0	0	0	0	0	0	
297774	0	0	0	0	205	0	0	0	0	0	0	0	
298528	0	0	0	0	195	0	0	0	0	0	0	0	
299280	0	0	0	0	199	0	0	0	0	0	0	0	
300031	0	0	0	0	217	0	0	0	0	0	0	0	
300780	0	0	0	0	209	0	0	0	0	0	0	0	
301529	0	0	0	0	207	0	0	0	0	0	0	0	
302277	0	0	0	0	223	0	0	0	0	0	0	0	
303026	0	0	0	0	223	0	0	0	0	0	0	0	
303775	0	0	0	0	197	0	0	0	0	0	0	0	
304528	0	0	0	0	209	0	0	0	0	0	0	0	
305280	0	0	0	0	217	0	0	0	0	0	0	0	
306033	0	0	0	0	225	0	0	0	0	0	0	0	
306782	0	0	0	0	197	0	0	0	0	0	0	0	
307535	0	0	0	0	219	0	0	0	0	0	0	0	
308286	0	0	0	0	211	0	0	0	0	0	0	0	
309040	0	0	0	0	225	0	0	0	0	0	0	0	
309790	0	0	0	0	0	189	0	0	0	0	0	0	
310540	0	0	0	0	0	177	0	0	0	0	0	0	
311291	0	0	0	0	0	187	0	0	0	0	0	0	
312042	0	0	0	0	3	164	0	0	0	0	0	0	
312792	0	0	0	0	0	187	0	0	0	0	0	0	
313542	0	0	0	0	0	167	0	0	0	0	0	0	
314290	0	0	0	0	0	203	0	0	0	0	0	0	
315043	0	0	0	0	0	171	0	0	0	0	0	0	
315793	0	0	0	0	0	185	0	0	0	0	0	0	
316543	0	0	0	0	0	167	0	0	0	0	0	0	
317290	0	0	0	0	0	187	0	0	0	0	0	0	
318041	0	0	0	0	0	149	0	0	0	0	0	0	
318790	0	0	0	0	0	0	145	0	0	0	0	0	
319539	0	0	0	0	0	0	147	0	0	0	0	0	
320287	0	0	0	0	0	0	129	0	0	0	0	0	
321039	0	0	0	0	0	0	129	0	0	0	0	0	
321791	0	0	0	0	0	0	133	0	0	0	0	0	
322541	0	0	0	0	0	0	153	0	0	0	0	0	
323289	0	0	0	0	0	0	137	0	0	0	0	0	
324039	0	0	0	0	0	0	145	0	0	0	0	0	
324791	0	0	0	0	0	17	112	0	0	0	0	0	
325541	0	0	0	0	0	0	141	0	0	0	0	0	
326294	0	0	0	0	0	0	143	0	0	0	0	0	
327047	0	0	0	0	0	0	147	0	0	0	0	0	
327799	0	0	0	0	0	0	133	0	0	0	0	0	
328549	0	0	0	0	0	0	139	0	0	0	0	0	
329300	0	0	0	0	0	0	145	0	0	0	0	0	
330052	0	0	0	0	0	0	0	115	0	0	0	0	
330801	0	0	0	0	0	0	0	107	0	0	0	0	
331554	0	0	0	0	0	0	0	107	0	0	0	0	
332304	0	0	0	0	0	0	0	115	0	0	0	0	
333053	0	0	0	0	0	0	147	0	0	0	0	0	
333805	0	0	0	0	0	0	145	0	0	0	0	0	
334555	0	0	0	0	0	0	147	0	0	0	0	0	
335303	0	0	0	0	0	0	0	115	0	0	0	0	
336054	0	0	0	0	0	0	0	111	0	0	0	0	
336804	0	0	0	0	0	0	0	119	0	0	0	0	
337553	0	0	0	0	0	0	0	127	0	0	0	0	
338301	0	0	0	0	0	0	0	125	0	0	0	0	
339048	0	0	0	0	0	0	0	123	0	0	0	0	
339800	0	0	0	0	0	0	0	107	0	0	0	0	
340549	0	0	0	0	0	0	0	113	0	0	0	0	
341300	0	0	0	0	0	0	0	99	0	0	0	0	
342047	0	0	0	0	0	0	0	103	0	0	0	0	
342798	0	0	0	0	0	0	0	123	0	0	0	0	
343548	0	0	0	0	0	0	0	113	0	0	0	0	
344297	0	0	0	0	0	0	0	109	0	0	0	0	
345045	0	0	0	0	0	0	0	107	0	0	0	0	
345797	0	0	0	0	0	0	0	125	0	0	0	0	
346547	0	0	0	0	0	0	0	0	101	0	0	0	
347296	0	0	0	0	0	0	0	0	95	0	0	0	
348045	0	0	0	0	0	0	0	0	87	0	0	0	
348794	0	0	0	0	0	0	0	0	87	0	0	0	
349543	0	0	0	0	0	0	0	0	95	0	0	0	
350292	0	0	0	0	0	0	0	0	101	0	0	0	
351040	0	0	0	0	0	0	0	0	87	0	0	0	
351792	0	0	0	0	0	0	0	109	0	0	0	0	
352539	0	0	0	0	0	0	0	113	0	0	0	0	
353287	0	0	0	0	0	0	0	141	0	0	0	0	
354040	0	0	0	0	0	0	0	7	70	0	0	0	
354788	0	0	0	0	0	0	0	0	93	0	0	0	
355537	0	0	0	0	0	0	0	0	81	0	0	0	
356286	0	0	0	0	0	0	0	0	91	0	0	0	
357035	0	0	0	0	0	0	0	0	107	0	0	0	
357787	0	0	0	0	0	0	0	0	75	0	0	0	
358536	0	0	0	0	0	0	0	0	83	0	0	0	
359287	0	0	0	0	0	0	0	0	85	0	0	0	
360036	0	0	0	0	0	0	0	0	99	0	0	0	
360785	0	0	0	0	0	0	0	0	0	75	0	0	
361538	0	0	0	0	0	0	0	0	0	75	0	0	
362287	0	0	0	0	0	0	0	0	0	83	0	0	
363038	0	0	0	0	0	0	0	0	0	65	0	0	
363786	0	0	0	0	0	0	0	0	0	75	0	0	
364537	0	0	0	0	0	0	0	0	0	79	0	0	
365286	0	0	0	0	0	0	0	0	0	85	0	0	
366037	0	0	0	0	0	0	0	0	2	65	0	0	
366787	0	0	0	0	0	0	0	0	0	73	0	0	
367541	0	0	0	0	0	0	0	0	0	75	0	0	
368295	0	0	0	0	0	0	0	0	0	77	0	0	
369045	0	0	0	0	0	0	0	0	0	59	0	0	
369793	0	0	0	0	0	0	0	0	0	81	0	0	
370540	0	0	0	0	0	0	0	0	0	69	0	0	
371294	0	0	0	0	0	0	0	0	0	79	0	0	
372046	0	0	0	0	0	0	0	0	95	0	0	0	
372795	0	0	0	0	0	0	0	0	103	0	0	0	
373543	0	0	0	0	0	0	0	0	89	0	0	0	
374295	0	0	0	0	0	0	0	0	111	0	0	0	
375045	0	0	0	0	0	0	0	0	95	0	0	0	
375795	0	0	0	0	0	0	0	0	93	0	0	0	
376543	0	0	0	0	0	0	0	0	95	0	0	0	
377294	0	0	0	0	0	0	0	0	93	0	0	0	
378047	0	0	0	0	0	0	0	0	85	0	0	0	
378798	0	0	0	0	0	0	0	0	97	0	0	0	
379547	0	0	0	0	0	0	0	0	111	0	0	0	
380296	0	0	0	0	0	0	0	0	95	0	0	0	
381049	0	0	0	0	0	0	0	0	105	0	0	0	
381801	0	0	0	0	0	0	0	0	103	0	0	0	
382550	0	0	0	0	0	0	0	0	97	0	0	0	
383300	0	0	0	0	0	0	0	0	89	0	0	0	
384049	0	0	0	0	0	0	0	0	101	0	0	0	
384799	0	0	0	0	0	0	0	0	109	0	0	0	
385545	0	0	0	0	0	0	0	0	103	0	0	0	
386300	0	0	0	0	0	0	0	0	105	0	0	0	
387051	0	0	0	0	0	0	0	0	93	0	0	0	
387802	0	0	0	0	0	0	0	0	87	0	0	0	
388552	0	0	0	0	0	0	0	0	81	0	0	0	
389306	0	0	0	0	0	0	0	0	91	0	0	0	
390057	0	0	0	0	0	0	0	0	93	0	0	0	
390804	0	0	0	0	0	0	0	0	85	0	0	0	
391554	0	0	0	0	0	0	0	0	99	0	0	0	
392302	0	0	0	0	0	0	0	0	81	0	0	0	
393054	0	0	0	0	0	0	0	0	95	0	0	0	
393806	0	0	0	0	0	0	0	0	87	0	0	0	
394554	0	0	0	0	0	0	0	0	75	0	0	0	
395301	0	0	0	0	0	0	0	0	113	0	0	0	
396052	0	0	0	0	0	0	0	0	97	0	0	0	
396804	0	0	0	0	0	0	0	0	85	0	0	0	
397552	0	0	0	0	0	0	0	0	85	0	0	0	
398300	0	0	0	0	0	0	0	0	101	0	0	0	
399049	0	0	0	0	0	0	0	0	105	0	0	0	
399799	0	0	0	0	0	0	0	0	83	0	0	0	
400548	0	0	0	0	0	0	0	0	0	89	0	0	
401298	0	0	0	0	0	0	0	0	0	77	0	0	
402048	0	0	0	0	0	0	0	0	0	69	0	0	
402798	0	0	0	0	0	0	0	0	0	77	0	0	
403548	0	0	0	0	0	0	0	0	0	71	0	0	
404300	0	0	0	0	0	0	0	0	0	73	0	0	
405050	0	0	0	0	0	0	0	0	0	73	0	0	
405801	0	0	0	0	0	0	0	0	0	89	0	0	
406551	0	0	0	0	0	0	0	0	0	97	0	0	
407302	0	0	0	0	0	0	0	0	0	65	0	0	
408052	0	0	0	0	0	0	0	0	0	75	0	0	
408800	0	0	0	0	0	0	0	0	0	0	71	0	
409545	0	0	0	0	0	0	0	0	0	0	53	0	
410294	0	0	0	0	0	0	0	0	0	0	79	0	
411046	0	0	0	0	0	0	0	0	0	0	71	0	
411795	0	0	0	0	0	0	0	0	0	0	61	0	
412543	0	0	0	0	0	0	0	0	0	0	71	0	
413292	0	0	0	0	0	0	0	0	0	0	65	0	
414044	0	0	0	0	0	0	0	0	0	0	63	0	
414794	0	0	0	0	0	0	0	0	0	0	69	0	
415543	0	0	0	0	0	0	0	0	0	0	69	0	
416290	0	0	0	0	0	0	0	0	0	0	63	0	
417042	0	0	0	0	0	0	0	0	0	0	0	47	
417797	0	0	0	0	0	0	0	0	0	0	0	49	
418546	0	0	0	0	0	0	0	0	0	0	0	51	
419294	0	0	0	0	0	0	0	0	0	0	0	55	
420043	0	0	0	0	0	0	0	0	0	0	0	49	
420793	0	0	0	0	0	0	0	0	0	0	0	41	
421540	0	0	0	0	0	0	0	0	0	0	0	51	
422289	0	0	0	0	0	0	0	0	0	0	71	0	
423038	0	0	0	0	0	0	0	0	0	0	57	0	
423787	0	0	0	0	0	0	0	0	0	0	77	0	
424539	0	0	0	0	0	0	0	0	0	0	49	0	
425291	0	0	0	0	0	0	0	0	0	0	57	0	
426039	0	0	0	0	0	0	0	0	0	0	71	0	
426791	0	0	0	0	0	0	0	0	0	0	69	0	
427538	0	0	0	0	0	0	0	0	0	0	55	0	
428283	0	0	0	0	0	0	0	0	0	0	53	0	
429034	0	0	0	0	0	0	0	0	0	0	61	0	
429784	0	0	0	0	0	0	0	0	0	0	67	0	
430534	0	0	0	0	0	0	0	0	0	0	63	0	
431285	0	0	0	0	0	0	0	0	0	0	49	0	
432037	0	0	0	0	0	0	0	0	0	0	75	0	
432786	0	0	0	0	0	0	0	0	0	0	65	0	
433536	0	0	0	0	0	0	0	0	0	0	61	0	
434287	0	0	0	0	0	0	0	0	0	0	49	0	
435039	0	0	0	0	0	0	0	0	0	0	49	0	
435785	0	0	0	0	0	0	0	0	0	0	63	0	
436537	0	0	0	0	0	0	0	0	0	0	55	0	
437286	0	0	0	0	0	0	0	0	0	0	55	0	
438036	0	0	0	0	0	0	0	0	0	0	63	0	
438784	0	0	0	0	0	0	0	0	0	0	61	0	
439536	0	0	0	0	0	0	0	0	0	0	65	0	
440285	0	0	0	0	0	0	0	0	0	0	59	0	
441032	0	0	0	0	0	0	0	0	0	0	45	0	
441785	0	0	0	0	0	0	0	0	0	0	67	0	
442536	0	0	0	0	0	0	0	0	0	0	57	0	
443285	0	0	0	0	0	0	0	0	0	0	51	0	
444040	0	0	0	0	0	0	0	0	0	0	53	0	
444790	0	0	0	0	0	0	0	0	0	0	51	0	
445539	0	0	0	0	0	0	0	0	0	0	57	0	
446291	0	0	0	0	0	0	0	0	0	0	61	0	
447039	0	0	0	0	0	0	0	0	0	0	71	0	
447790	0	0	0	0	0	0	0	0	0	0	53	0	
448542	0	0	0	0	0	0	0	0	0	0	67	0	
449291	0	0	0	0	0	0	0	0	0	0	53	0	
450042	0	0	0	0	0	0	0	0	0	0	63	0	
450790	0	0	0	0	0	0	0	0	0	0	45	0	
451542	0	0	0	0	0	0	0	0	0	0	55	0	
452292	0	0	0	0	0	0	0	0	0	0	61	0	
453039	0	0	0	0	0	0	0	0	0	0	53	0	
453788	0	0	0	0	0	0	0	0	0	0	65	0	
454541	0	0	0	0	0	0	0	0	0	0	63	0	
455291	0	0	0	0	0	0	0	0	0	0	61	0	
456041	0	0	0	0	0	0	0	0	0	0	69	0	
456794	0	0	0	0	0	0	0	0	0	0	59	0	
457543	0	0	0	0	0	0	0	0	0	0	61	0	
458293	0	0	0	0	0	0	0	0	0	0	65	0	
459043	0	0	0	0	0	0	0	0	0	0	61	0	
459793	0	0	0	0	0	0	0	0	0	0	63	0	
460547	0	0	0	0	0	0	0	0	0	0	65	0	
461296	0	0	0	0	0	0	0	0	0	0	65	0	
462045	0	0	0	0	0	0	0	0	0	0	75	0	
462797	0	0	0	0	0	0	0	0	0	0	67	0	
463547	0	0	0	0	0	0	0	0	0	0	61	0	
464294	0	0	0	0	0	0	0	0	0	0	61	0	
465041	0	0	0	0	0	0	0	0	0	0	61	0	
465791	0	0	0	0	0	0	0	0	0	0	67	0	
466541	0	0	0	0	0	0	0	0	0	0	65	0	
467292	0	0	0	0	0	0	0	0	0	0	57	0	
468046	0	0	0	0	0	0	0	0	0	0	77	0	
468799	0	0	0	0	0	0	0	0	0	0	61	0	
469551	0	0	0	0	0	0	0	0	0	0	63	0	
470306	0	0	0	0	0	0	0	0	0	0	57	0	
471055	0	0	0	0	0	0	0	0	0	0	61	0	
471807	0	0	0	0	0	0	0	0	0	0	77	0	
472560	0	0	0	0	0	0	0	0	0	69	0	0	
473316	0	0	0	0	0	0	0	0	0	63	0	0	
474064	0	0	0	0	0	0	0	0	0	77	0	0	
474815	0	0	0	0	0	0	0	0	0	77	0	0	
475567	0	0	0	0	0	0	0	0	0	69	0	0	
476317	0	0	0	0	0	0	0	0	0	91	0	0	
477068	0	0	0	0	0	0	0	0	0	103	0	0	
477817	0	0	0	0	0	0	0	0	0	83	0	0	
478569	0	0	0	0	0	0	0	0	0	69	0	0	
479319	0	0	0	0	0	0	0	0	0	83	0	0	
480073	0	0	0	0	0	0	0	0	0	69	0	0	
480821	0	0	0	0	0	0	0	0	0	65	0	0	
481573	0	0	0	0	0	0	0	0	0	83	0	0	
482326	0	0	0	0	0	0	0	0	0	81	0	0	
483076	0	0	0	0	0	0	0	0	0	81	0	0	
483828	0	0	0	0	0	0	0	0	0	73	0	0	
484578	0	0	0	0	0	0	0	0	0	75	0	0	
485330	0	0	0	0	0	0	0	0	0	73	0	0	
486083	0	0	0	0	0	0	0	0	0	75	0	0	
486829	0	0	0	0	0	0	0	0	85	0	0	0	
487581	0	0	0	0	0	0	0	0	0	79	0	0	
488332	0	0	0	0	0	0	0	0	0	75	0	0	
489081	0	0	0	0	0	0	0	0	0	73	0	0	
489831	0	0	0	0	0	0	0	0	0	69	0	0	
490581	0	0	0	0	0	0	0	0	0	67	0	0	
491333	0	0	0	0	0	0	0	0	0	81	0	0	
492079	0	0	0	0	0	0	0	0	0	63	0	0	
492828	0	0	0	0	0	0	0	0	0	57	0	0	
493575	0	0	0	0	0	0	0	0	0	87	0	0	
494327	0	0	0	0	0	0	0	0	0	93	0	0	
495075	0	0	0	0	0	0	0	0	0	101	0	0	
495828	0	0	0	0	0	0	0	0	0	79	0	0	
496577	0	0	0	0	0	0	0	0	0	69	0	0	
497328	0	0	0	0	0	0	0	0	0	75	0	0	
498077	0	0	0	0	0	0	0	0	0	77	0	0	
498821	0	0	0	0	0	0	0	0	0	71	0	0	
499572	0	0	0	0	0	0	0	0	0	79	0	0	
500324	0	0	0	0	0	0	0	0	0	81	0	0	
501075	0	0	0	0	0	0	0	0	0	69	0	0	
501824	0	0	0	0	0	0	0	0	0	79	0	0	
502577	0	0	0	0	0	0	0	0	0	61	0	0	
503322	0	0	0	0	0	0	0	0	0	81	0	0	
504072	0	0	0	0	0	0	0	0	0	0	65	0	
504820	0	0	0	0	0	0	0	0	0	0	65	0	
505571	0	0	0	0	0	0	0	0	0	0	61	0	
506318	0	0	0	0	0	0	0	0	0	0	69	0	
507066	0	0	0	0	0	0	0	0	0	0	67	0	
507820	0	0	0	0	0	0	0	0	0	0	63	0	
508570	0	0	0	0	0	0	0	0	0	0	57	0	
509319	0	0	0	0	0	0	0	0	0	0	75	0	
510070	0	0	0	0	0	0	0	0	0	0	61	0	
510821	0	0	0	0	0	0	0	0	0	0	59	0	
511571	0	0	0	0	0	0	0	0	0	0	63	0	
512320	0	0	0	0	0	0	0	0	0	0	65	0	
513068	0	0	0	0	0	0	0	0	0	0	67	0	
513820	0	0	0	0	0	0	0	0	0	0	47	0	
514568	0	0	0	0	0	0	0	0	0	0	69	0	
515319	0	0	0	0	0	0	0	0	0	0	63	0	
516072	0	0	0	0	0	0	0	0	0	67	0	0	
516822	0	0	0	0	0	0	0	0	111	0	0	0	
517573	0	0	0	0	0	0	0	0	75	0	0	0	
518319	0	0	0	0	0	0	0	0	97	0	0	0	
519069	0	0	0	0	0	0	0	0	75	0	0	0	
519818	0	0	0	0	0	0	0	0	101	0	0	0	
520570	0	0	0	0	0	0	0	0	93	0	0	0	
521320	0	0	0	0	0	0	0	0	103	0	0	0	
522073	0	0	0	0	0	0	0	0	93	0	0	0	
522826	0	0	0	0	0	0	0	0	99	0	0	0	
523575	0	0	0	0	0	0	0	0	99	0	0	0	
524323	0	0	0	0	0	0	0	127	0	0	0	0	
525070	0	0	0	0	0	0	0	117	0	0	0	0	
525823	0	0	0	0	0	0	0	109	0	0	0	0	
526572	0	0	0	0	0	0	0	103	6	0	0	0	
527324	0	0	0	0	0	0	0	117	0	0	0	0	
528073	0	0	0	0	0	0	0	113	0	0	0	0	
528825	0	0	0	0	0	0	0	123	0	0	0	0	
529576	0	0	0	0	0	0	0	97	0	0	0	0	
530325	0	0	0	0	0	0	0	119	0	0	0	0	
531075	0	0	0	0	0	0	0	103	0	0	0	0	
531823	0	0	0	0	0	0	0	123	0	0	0	0	
532571	0	0	0	0	0	0	0	117	0	0	0	0	
533322	0	0	0	0	0	0	0	107	0	0	0	0	
534074	0	0	0	0	0	0	0	125	0	0	0	0	
534823	0	0	0	0	0	0	0	109	0	0	0	0	
535571	0	0	0	0	0	0	0	101	0	0	0	0	
536316	0	0	0	0	0	0	0	101	0	0	0	0	
537063	0	0	0	0	0	0	0	119	0	0	0	0	
537810	0	0	0	0	0	0	0	129	0	0	0	0	
538557	0	0	0	0	0	0	0	115	0	0	0	0	
539307	0	0	0	0	0	0	4	103	0	0	0	0	
540059	0	0	0	0	0	0	0	105	0	0	0	0	
540807	0	0	0	0	0	0	0	127	0	0	0	0	
541555	0	0	0	0	0	0	0	121	0	0	0	0	
542308	0	0	0	0	0	0	0	113	0	0	0	0	
543056	0	0	0	0	0	0	0	119	0	0	0	0	
543806	0	0	0	0	0	0	0	107	0	0	0	0	
544559	0	0	0	0	0	0	0	131	0	0	0	0	
545307	0	0	0	0	0	0	0	101	0	0	0	0	
546054	0	0	0	0	0	0	0	109	0	0	0	0	
546807	0	0	0	0	0	0	0	117	0	0	0	0	
547560	0	0	0	0	0	0	0	97	0	0	0	0	
548310	0	0	0	0	0	0	0	119	0	0	0	0	
549060	0	0	0	0	0	0	0	99	0	0	0	0	
549809	0	0	0	0	0	0	0	117	0	0	0	0	
550558	0	0	0	0	0	0	0	113	0	0	0	0	
551308	0	0	0	0	0	0	0	101	0	0	0	0	
552059	0	0	0	0	0	0	0	103	0	0	0	0	
552808	0	0	0	0	0	0	0	117	0	0	0	0	
553560	0	0	0	0	0	0	0	91	0	0	0	0	
554311	0	0	0	0	0	0	0	0	75	0	0	0	
555061	0	0	0	0	0	0	0	0	83	0	0	0	
555812	0	0	0	0	0	0	0	0	95	0	0	0	
556562	0	0	0	0	0	0	0	0	89	0	0	0	
557309	0	0	0	0	0	0	0	0	90	1	0	0	
558058	0	0	0	0	0	0	0	0	105	0	0	0	
558807	0	0	0	0	0	0	0	0	81	0	0	0	
559556	0	0	0	0	0	0	0	0	87	0	0	0	
560307	0	0	0	0	0	0	0	0	77	0	0	0	
561055	0	0	0	0	0	0	0	0	91	0	0	0	
561804	0	0	0	0	0	0	0	0	107	0	0	0	
562552	0	0	0	0	0	0	0	0	109	0	0	0	
563303	0	0	0	0	0	0	0	0	91	0	0	0	
564056	0	0	0	0	0	0	0	0	99	0	0	0	
564805	0	0	0	0	0	0	0	0	101	0	0	0	
565555	0	0	0	0	0	0	0	0	103	0	0	0	
566303	0	0	0	0	0	0	0	0	87	0	0	0	
567054	0	0	0	0	0	0	0	0	95	0	0	0	
567802	0	0	0	0	0	0	0	0	75	0	0	0	
568554	0	0	0	0	0	0	0	0	87	0	0	0	
569303	0	0	0	0	0	0	0	0	85	0	0	0	
570053	0	0	0	0	0	0	0	0	95	0	0	0	
570803	0	0	0	0	0	0	0	0	95	0	0	0	
571553	0	0	0	0	0	0	0	0	101	0	0	0	
572300	0	0	0	0	0	0	0	0	93	0	0	0	
573049	0	0	0	0	0	0	0	0	89	0	0	0	
573800	0	0	0	0	0	0	0	0	99	0	0	0	
574548	0	0	0	0	0	0	0	0	97	0	0	0	
575300	0	0	0	0	0	0	0	0	91	0	0	0	
576048	0	0	0	0	0	0	0	0	123	0	0	0	
576797	0	0	0	0	0	0	0	0	81	0	0	0	
577545	0	0	0	0	0	0	0	0	95	0	0	0	
578295	0	0	0	0	0	0	0	0	95	0	0	0	
579044	0	0	0	0	0	0	0	0	85	0	0	0	
579795	0	0	0	0	0	0	0	0	89	0	0	0	
580544	0	0	0	0	0	0	0	0	85	0	0	0	
581291	0	0	0	0	0	0	0	0	79	0	0	0	
582040	0	0	0	0	0	0	0	0	95	0	0	0	
582789	0	0	0	0	0	0	0	0	95	0	0	0	
583538	0	0	0	0	0	0	0	0	107	0	0	0	
584292	0	0	0	0	0	0	0	0	77	0	0	0	
585043	0	0	0	0	0	0	0	0	103	0	0	0	
585790	0	0	0	0	0	0	0	0	85	0	0	0	
586541	0	0	0	0	0	0	0	0	99	0	0	0	
587292	0	0	0	0	0	0	0	0	89	0	0	0	
588043	0	0	0	0	0	0	0	0	105	0	0	0	
588792	0	0	0	0	0	0	0	0	89	0	0	0	
589543	0	0	0	0	0	0	0	0	93	0	0	0	
590289	0	0	0	0	0	0	0	0	73	0	0	0	
591040	0	0	0	0	0	0	0	0	85	0	0	0	
591790	0	0	0	0	0	0	0	0	105	0	0	0	
592540	0	0	0	0	0	0	0	0	81	0	0	0	
593293	0	0	0	0	0	0	0	0	103	0	0	0	
594043	0	0	0	0	0	0	0	0	97	0	0	0	
594792	0	0	0	0	0	0	0	0	101	0	0	0	
595539	0	0	0	0	0	0	0	0	87	0	0	0	
596291	0	0	0	0	0	0	0	0	93	0	0	0	
597041	0	0	0	0	0	0	0	0	101	0	0	0	
597793	0	0	0	0	0	0	0	0	117	0	0	0	
598544	0	0	0	0	0	0	0	0	99	0	0	0	
599296	0	0	0	0	0	0	0	0	95	0	0	0	
600049	0	0	0	0	0	0	0	0	111	0	0	0	
600798	0	0	0	0	0	0	0	0	79	0	0	0	
601548	0	0	0	0	0	0	0	0	81	0	0	0	
602298	0	0	0	0	0	0	0	0	113	0	0	0	
603047	0	0	0	0	0	0	0	0	107	0	0	0	
603799	0	0	0	0	0	0	0	0	97	0	0	0	
604551	0	0	0	0	0	0	0	0	75	0	0	0	
605300	0	0	0	0	0	0	0	0	111	0	0	0	
606050	0	0	0	0	0	0	0	0	89	0	0	0	
606801	0	0	0	0	0	0	0	0	67	0	0	0	
607555	0	0	0	0	0	0	0	0	83	0	0	0	
608303	0	0	0	0	0	0	0	0	105	0	0	0	
609050	0	0	0	0	0	0	0	0	103	0	0	0	
609799	0	0	0	0	0	0	0	0	107	0	0	0	
610547	0	0	0	0	0	0	0	0	83	0	0	0	
611300	0	0	0	0	0	0	0	0	103	0	0	0	
612048	0	0	0	0	0	0	0	0	97	0	0	0	
612795	0	0	0	0	0	0	0	0	89	0	0	0	
613544	0	0	0	0	0	0	0	0	87	0	0	0	
614298	0	0	0	0	0	0	0	0	0	77	0	0	
615048	0	0	0	0	0	0	0	0	0	75	0	0	
615798	0	0	0	0	0	0	0	0	0	75	0	0	
616548	0	0	0	0	0	0	0	0	0	75	0	0	
617297	0	0	0	0	0	0	0	0	0	75	0	0	
618048	0	0	0	0	0	0	0	0	0	75	0	0	
618797	0	0	0	0	0	0	0	0	0	77	0	0	
619544	0	0	0	0	0	0	0	0	0	77	0	0	
620292	0	0	0	0	0	0	0	0	0	77	0	0	
621042	0	0	0	0	0	0	0	0	0	79	0	0	
621796	0	0	0	0	0	0	0	0	0	63	0	0	
622545	0	0	0	0	0	0	0	0	0	59	0	0	
623296	0	0	0	0	0	0	0	0	0	79	0	0	
624043	0	0	0	0	0	0	0	0	0	73	0	0	
624792	0	0	0	0	0	0	0	0	0	87	0	0	
625543	0	0	0	0	0	0	0	0	0	83	0	0	
626290	0	0	0	0	0	0	0	0	0	75	0	0	
627043	0	0	0	0	0	0	0	0	0	81	0	0	
627791	0	0	0	0	0	0	0	0	0	69	0	0	
628543	0	0	0	0	0	0	0	0	0	75	0	0	
629292	0	0	0	0	0	0	0	0	0	87	0	0	
630040	0	0	0	0	0	0	0	0	0	69	0	0	
630794	0	0	0	0	0	0	0	0	0	59	0	0	
631545	0	0	0	0	0	0	0	0	0	77	0	0	
632293	0	0	0	0	0	0	0	0	0	81	0	0	
633041	0	0	0	0	0	0	0	0	0	81	0	0	
633788	0	0	0	0	0	0	0	0	0	83	0	0	
634541	0	0	0	0	0	0	0	0	0	81	0	0	
635289	0	0	0	0	0	0	0	0	0	0	59	0	
636045	0	0	0	0	0	0	0	0	0	0	55	0	
636792	0	0	0	0	0	0	0	0	0	0	53	0	
637543	0	0	0	0	0	0	0	0	0	0	55	0	
638296	0	0	0	0	0	0	0	0	0	0	53	0	
639046	0	0	0	0	0	0	0	0	0	0	67	0	
639795	0	0	0	0	0	0	0	0	0	0	71	0	
640544	0	0	0	0	0	0	0	0	0	0	69	0	
641294	0	0	0	0	0	0	0	0	0	0	59	2	
642040	0	0	0	0	0	0	0	0	0	0	59	0	
642787	0	0	0	0	0	0	0	0	0	0	65	0	
643540	0	0	0	0	0	0	0	0	0	0	59	0	
644288	0	0	0	0	0	0	0	0	0	0	45	0	
645042	0	0	0	0	0	0	0	0	0	0	67	0	
645790	0	0	0	0	0	0	0	0	0	0	57	0	
646542	0	0	0	0	0	0	0	0	0	0	55	0	
647295	0	0	0	0	0	0	0	0	0	0	49	0	
648047	0	0	0	0	0	0	0	0	0	0	55	0	
648800	0	0	0	0	0	0	0	0	0	0	73	0	
649551	0	0	0	0	0	0	0	0	0	0	53	0	
650302	0	0	0	0	0	0	0	0	0	0	53	0	
651052	0	0	0	0	0	0	0	0	0	0	63	0	
651801	0	0	0	0	0	0	0	0	0	0	61	0	
652550	0	0	0	0	0	0	0	0	0	0	59	0	
653297	0	0	0	0	0	0	0	0	0	0	65	0	
654044	0	0	0	0	0	0	0	0	0	0	55	0	
654794	0	0	0	0	0	0	0	0	0	0	59	0	
655545	0	0	0	0	0	0	0	0	0	0	53	0	
656295	0	0	0	0	0	0	0	0	0	0	63	0	
657046	0	0	0	0	0	0	0	0	0	0	51	0	
657796	0	0	0	0	0	0	0	0	0	0	63	0	
658545	0	0	0	0	0	0	0	0	0	0	61	0	
659296	0	0	0	0	0	0	0	0	0	0	73	0	
660045	0	0	0	0	0	0	0	0	0	93	0	0	
660797	0	0	0	0	0	0	0	0	0	73	0	0	
661546	0	0	0	0	0	0	0	0	0	77	0	0	
662296	0	0	0	0	0	0	0	0	0	75	0	0	
663045	0	0	0	0	0	0	0	0	0	85	0	0	
663795	0	0	0	0	0	0	0	0	0	73	0	0	
664545	0	0	0	0	0	0	0	0	0	61	0	0	
665293	0	0	0	0	0	0	0	0	0	67	0	0	
666046	0	0	0	0	0	0	0	0	0	83	0	0	
666797	0	0	0	0	0	0	0	0	0	73	0	0	
667545	0	0	0	0	0	0	0	0	0	85	0	0	
668296	0	0	0	0	0	0	0	0	0	0	0	31	
669048	0	0	0	0	0	0	0	0	0	0	55	0	
669794	0	0	0	0	0	0	0	0	0	79	0	0	
670544	0	0	0	0	0	0	0	0	0	69	0	0	
671294	0	0	0	0	0	0	0	0	0	73	0	0	
672046	0	0	0	0	0	0	0	0	0	77	0	0	
672796	0	0	0	0	0	0	0	0	0	81	0	0	
673545	0	0	0	0	0	0	0	0	0	73	0	0	
674295	0	0	0	0	0	0	0	0	99	0	0	0	
675040	0	0	0	0	0	0	0	0	99	0	0	0	
675789	0	0	0	0	0	0	0	0	89	0	0	0	
676539	0	0	0	0	0	0	0	0	107	0	0	0	
677288	0	0	0	0	0	0	0	0	119	0	0	0	
678040	0	0	0	0	0	0	0	0	99	0	0	0	
678791	0	0	0	0	0	0	0	0	0	85	0	0	
679542	0	0	0	0	0	0	0	0	0	89	0	0	
680290	0	0	0	0	0	0	0	0	0	75	0	0	
681044	0	0	0	0	0	0	0	0	0	77	0	0	
681795	0	0	0	0	0	0	0	0	0	77	0	0	
682544	0	0	0	0	0	0	0	0	0	75	0	0	
683294	0	0	0	0	0	0	0	0	0	87	0	0	
684044	0	0	0	0	0	0	0	0	0	83	0	0	
684795	0	0	0	0	0	0	0	0	0	67	0	0	
685545	0	0	0	0	0	0	0	0	0	0	59	0	
686294	0	0	0	0	0	0	0	0	0	0	51	0	
687045	0	0	0	0	0	0	0	0	0	0	61	0	
687796	0	0	0	0	0	0	0	0	0	0	63	0	
688546	0	0	0	0	0	0	0	0	0	0	59	0	
689297	0	0	0	0	0	0	0	0	0	0	77	0	
690051	0	0	0	0	0	0	0	0	0	0	59	0	
690803	0	0	0	0	0	0	0	0	0	0	61	0	
691553	0	0	0	0	0	0	0	0	0	0	57	0	
692301	0	0	0	0	0	0	0	0	0	0	55	0	
693051	0	0	0	0	0	0	0	0	0	0	57	0	
693802	0	0	0	0	0	0	0	0	0	0	67	0	
694549	0	0	0	0	0	0	0	0	0	0	67	0	
695299	0	0	0	0	0	0	0	0	0	0	57	0	
696048	0	0	0	0	0	0	0	0	0	0	57	0	
696798	0	0	0	0	0	0	0	0	0	0	59	0	
697548	0	0	0	0	0	0	0	0	0	0	67	0	
698299	0	0	0	0	0	0	0	0	0	81	0	0	
699053	0	0	0	0	0	0	0	0	0	83	0	0	
699803	0	0	0	0	0	0	0	0	0	75	0	0	
700551	0	0	0	0	0	0	0	0	0	63	0	0	
701297	0	0	0	0	0	0	0	0	0	75	0	0	
702045	0	0	0	0	0	0	0	0	0	87	0	0	
702798	0	0	0	0	0	0	0	0	0	73	0	0	
703545	0	0	0	0	0	0	0	0	0	73	0	0	
704296	0	0	0	0	0	0	0	0	0	85	0	0	
705046	0	0	0	0	0	0	0	0	93	0	0	0	
705797	0	0	0	0	0	0	0	0	99	0	0	0	
706544	0	0	0	0	0	0	0	0	109	0	0	0	
707293	0	0	0	0	0	0	0	0	93	0	0	0	
708044	0	0	0	0	0	0	0	0	85	0	0	0	
708793	0	0	0	0	0	0	0	0	95	0	0	0	
709543	0	0	0	0	0	0	0	0	81	0	0	0	
710293	0	0	0	0	0	0	0	0	85	0	0	0	
711043	0	0	0	0	0	0	0	0	81	0	0	0	
711793	0	0	0	0	0	0	0	0	105	0	0	0	
712543	0	0	0	0	0	0	0	0	91	0	0	0	
713297	0	0	0	0	0	0	0	0	91	0	0	0	
714046	0	0	0	0	0	0	0	0	83	0	0	0	
714794	0	0	0	0	0	0	0	0	85	0	0	0	
715542	0	0	0	0	0	0	0	0	111	0	0	0	
716291	0	0	0	0	0	0	0	0	77	0	0	0	
717038	0	0	0	0	0	0	0	0	97	0	0	0	
717783	0	0	0	0	0	0	0	0	97	0	0	0	
718536	0	0	0	0	0	0	0	111	0	0	0	0	
719283	0	0	0	0	0	0	0	105	0	0	0	0	
720036	0	0	0	0	0	0	0	93	0	0	0	0	
720789	0	0	0	0	0	0	0	101	0	0	0	0	
721540	0	0	0	0	0	0	0	105	0	0	0	0	
722294	0	0	0	0	0	0	0	113	0	0	0	0	
723043	0	0	0	0	0	0	0	109	0	0	0	0	
723792	0	0	0	0	0	0	0	125	0	0	0	0	
724545	0	0	0	0	0	0	86	63	0	0	0	0	
725295	0	0	0	0	0	0	165	0	0	0	0	0	
726044	0	0	0	0	0	0	143	0	0	0	0	0	
726793	0	0	0	0	0	0	127	0	0	0	0	0	
727545	0	0	0	0	0	0	139	0	0	0	0	0	
728295	0	0	0	0	0	0	137	0	0	0	0	0	
729047	0	0	0	0	0	0	137	0	0	0	0	0	
729797	0	0	0	0	0	0	137	0	0	0	0	0	
730549	0	0	0	0	0	0	151	0	0	0	0	0	
731299	0	0	0	0	0	0	125	0	0	0	0	0	
732048	0	0	0	0	0	0	153	0	0	0	0	0	
732798	0	0	0	0	0	0	137	0	0	0	0	0	
733549	0	0	0	0	0	0	125	0	0	0	0	0	
734296	0	0	0	0	0	0	141	0	0	0	0	0	
735046	0	0	0	0	0	0	151	0	0	0	0	0	
735796	0	0	0	0	0	0	139	0	0	0	0	0	
736548	0	0	0	0	0	0	139	0	0	0	0	0	
737300	0	0	0	0	0	0	189	0	0	0	0	0	
738051	0	0	0	0	0	0	149	0	0	0	0	0	
738801	0	0	0	0	0	0	153	0	0	0	0	0	
739549	0	0	0	0	0	0	159	0	0	0	0	0	
740295	0	0	0	0	0	0	133	0	0	0	0	0	
741042	0	0	0	0	0	14	161	0	0	0	0	0	
741792	0	0	0	0	0	0	135	0	0	0	0	0	
742542	0	0	0	0	0	0	139	0	0	0	0	0	
743290	0	0	0	0	0	0	129	0	0	0	0	0	
744042	0	0	0	0	0	0	139	0	0	0	0	0	
744792	0	0	0	0	0	0	149	0	0	0	0	0	
745543	0	0	0	0	0	0	131	0	0	0	0	0	
746291	0	0	0	0	0	0	149	0	0	0	0	0	
747038	0	0	0	0	0	0	145	0	0	0	0	0	
747789	0	0	0	0	0	0	123	0	0	0	0	0	
748542	0	0	0	0	0	0	137	0	0	0	0	0	
749294	0	0	0	0	0	0	155	0	0	0	0	0	
750046	0	0	0	0	0	0	123	0	0	0	0	0	
750794	0	0	0	0	0	0	149	0	0	0	0	0	
751544	0	0	0	0	0	0	141	0	0	0	0	0	
752294	0	0	0	0	0	0	131	0	0	0	0	0	
753043	0	0	0	0	0	0	141	0	0	0	0	0	
753794	0	0	0	0	0	0	155	0	0	0	0	0	
754544	0	0	0	0	0	0	121	0	0	0	0	0	
755296	0	0	0	0	0	0	137	0	0	0	0	0	
756045	0	0	0	0	0	0	143	0	0	0	0	0	
756795	0	0	0	0	0	0	147	0	0	0	0	0	
757549	0	0	0	0	0	0	139	0	0	0	0	0	
758298	0	0	0	0	0	0	137	0	0	0	0	0	
759051	0	0	0	0	0	0	143	0	0	0	0	0	
759802	0	0	0	0	0	0	145	0	0	0	0	0	
760551	0	0	0	0	0	0	137	0	0	0	0	0	
761298	0	0	0	0	0	0	137	0	0	0	0	0	
762048	0	0	0	0	0	0	149	0	0	0	0	0	
762796	0	0	0	0	0	0	151	0	0	0	0	0	
763546	0	0	0	0	0	0	139	0	0	0	0	0	
764296	0	0	0	0	0	0	131	0	0	0	0	0	
765044	0	0	0	0	0	169	0	0	0	0	0	0	
765796	0	0	0	0	0	185	0	0	0	0	0	0	
766544	0	0	0	0	0	167	0	0	0	0	0	0	
767294	0	0	0	0	0	175	0	0	0	0	0	0	
768045	0	0	0	0	0	171	0	0	0	0	0	0	
768797	0	0	0	0	0	173	0	0	0	0	0	0	
769547	0	0	0	0	0	191	0	0	0	0	0	0	
770297	0	0	0	0	0	157	0	0	0	0	0	0	
771045	0	0	0	0	0	159	0	0	0	0	0	0	
771798	0	0	0	0	0	171	0	0	0	0	0	0	
772549	0	0	0	0	0	180	3	0	0	0	0	0	
773301	0	0	0	0	66	105	0	0	0	0	0	0	
774057	0	0	0	0	0	173	0	0	0	0	0	0	
774809	0	0	0	0	0	167	0	0	0	0	0	0	
775558	0	0	0	0	0	201	0	0	0	0	0	0	
776308	0	0	0	0	0	177	0	0	0	0	0	0	
777057	0	0	0	0	0	165	0	0	0	0	0	0	
777806	0	0	0	0	0	0	153	0	0	0	0	0	
778556	0	0	0	0	0	0	139	0	0	0	0	0	
779307	0	0	0	0	0	0	133	0	0	0	0	0	
780055	0	0	0	0	0	0	131	0	0	0	0	0	
780803	0	0	0	0	0	0	131	0	0	0	0	0	
781555	0	0	0	0	0	0	139	0	0	0	0	0	
782304	0	0	0	0	0	0	133	0	0	0	0	0	
783056	0	0	0	0	0	0	145	0	0	0	0	0	
783806	0	0	0	0	0	0	119	0	0	0	0	0	
784560	0	0	0	0	0	0	137	0	0	0	0	0	
785309	0	0	0	0	0	0	135	0	0	0	0	0	
786059	0	0	0	0	0	0	147	0	0	0	0	0	
786809	0	0	0	0	0	0	141	0	0	0	0	0	
787560	0	0	0	0	0	0	151	0	0	0	0	0	
788309	0	0	0	0	0	0	141	0	0	0	0	0	
789058	0	0	0	0	0	0	157	0	0	0	0	0	
789808	0	0	0	0	0	0	129	0	0	0	0	0	
790558	0	0	0	0	0	0	151	0	0	0	0	0	
791305	0	0	0	0	0	0	139	0	0	0	0	0	
792056	0	0	0	0	0	0	153	0	0	0	0	0	
792805	0	0	0	0	0	0	163	0	0	0	0	0	
793555	0	0	0	0	0	0	139	0	0	0	0	0	
794303	0	0	0	0	0	0	139	0	0	0	0	0	
795053	0	0	0	0	0	0	0	97	0	0	0	0	
795800	0	0	0	0	0	0	0	105	0	0	0	0	
796550	0	0	0	0	0	0	0	97	0	0	0	0	
797297	0	0	0	0	0	0	0	107	0	0	0	0	
798046	0	0	0	0	0	0	0	107	0	0	0	0	
798799	0	0	0	0	0	0	0	119	0	0	0	0	
799547	0	0	0	0	0	0	0	109	0	0	0	0	
800298	0	0	0	0	0	0	0	115	0	0	0	0	
801050	0	0	0	0	0	0	0	108	1	0	0	0	
801798	0	0	0	0	0	0	0	111	0	0	0	0	
802549	0	0	0	0	0	0	0	117	0	0	0	0	
803299	0	0	0	0	0	0	0	119	0	0	0	0	
804050	0	0	0	0	0	0	0	121	0	0	0	0	
804805	0	0	0	0	0	0	0	139	0	0	0	0	
805554	0	0	0	0	0	0	0	115	0	0	0	0	
806304	0	0	0	0	0	0	0	111	0	0	0	0	
807053	0	0	0	0	0	0	0	103	0	0	0	0	
807805	0	0	0	0	0	0	0	127	0	0	0	0	
808550	0	0	0	0	0	0	1	124	0	0	0	0	
809299	0	0	0	0	0	0	0	113	0	0	0	0	
810051	0	0	0	0	0	0	0	129	0	0	0	0	
810796	0	0	0	0	0	0	0	95	0	0	0	0	
811547	0	0	0	0	0	0	0	125	0	0	0	0	
812299	0	0	0	0	0	0	0	123	0	0	0	0	
813047	0	0	0	0	0	0	0	107	0	0	0	0	
813800	0	0	0	0	0	0	0	121	0	0	0	0	
814547	0	0	0	0	0	0	0	101	0	0	0	0	
815299	0	0	0	0	0	0	0	103	0	0	0	0	
816046	0	0	0	0	0	0	163	0	0	0	0	0	
816796	0	0	0	0	0	0	147	0	0	0	0	0	
817547	0	0	0	0	0	0	133	0	0	0	0	0	
818295	0	0	0	0	0	0	143	0	0	0	0	0	
819046	0	0	0	0	0	0	135	0	0	0	0	0	
819794	0	0	0	0	0	0	159	0	0	0	0	0	
820544	0	0	0	0	0	0	143	0	0	0	0	0	
821292	0	0	0	0	0	0	147	0	0	0	0	0	
822041	0	0	0	0	0	0	135	0	0	0	0	0	
822788	0	0	0	0	0	0	137	0	0	0	0	0	
823540	0	0	0	0	0	0	137	0	0	0	0	0	
824289	0	0	0	0	0	0	151	0	0	0	0	0	
825038	0	0	0	0	0	0	141	0	0	0	0	0	
825788	0	0	0	0	0	0	139	0	0	0	0	0	
826537	0	0	0	0	0	0	131	0	0	0	0	0	
827288	0	0	0	0	0	0	111	0	0	0	0	0	
828039	0	0	0	0	0	0	151	0	0	0	0	0	
828791	0	0	0	0	0	0	137	0	0	0	0	0	
829543	0	0	0	0	0	0	143	0	0	0	0	0	
830293	0	0	0	0	0	0	143	0	0	0	0	0	
831045	0	0	0	0	0	0	149	0	0	0	0	0	
831794	0	0	0	0	0	0	125	0	0	0	0	0	
832545	0	0	0	0	0	0	139	0	0	0	0	0	
833296	0	0	0	0	0	0	151	0	0	0	0	0	
834047	0	0	0	0	0	0	137	0	0	0	0	0	
834797	0	0	0	0	0	0	129	0	0	0	0	0	
835548	0	0	0	0	0	0	133	0	0	0	0	0	
836298	0	0	0	0	0	0	145	0	0	0	0	0	
837044	0	0	0	0	0	0	139	0	0	0	0	0	
837799	0	0	0	0	0	0	151	0	0	0	0	0	
838547	0	0	0	0	0	0	143	0	0	0	0	0	
839297	0	0	0	0	0	0	131	0	0	0	0	0	
840048	0	0	0	0	0	0	165	0	0	0	0	0	
840795	0	0	0	0	0	0	137	0	0	0	0	0	
841544	0	0	0	0	0	0	143	0	0	0	0	0	
842296	0	0	0	0	0	0	129	0	0	0	0	0	
843046	0	0	0	0	0	0	135	0	0	0	0	0	
843798	0	0	0	0	0	0	143	0	0	0	0	0	
844550	0	0	0	0	0	0	133	0	0	0	0	0	
845298	0	0	0	0	0	0	127	0	0	0	0	0	
846046	0	0	0	0	0	0	135	0	0	0	0	0	
846798	0	0	0	0	0	0	135	0	0	0	0	0	
847548	0	0	0	0	0	0	155	0	0	0	0	0	
848296	0	0	0	0	0	0	141	0	0	0	0	0	
849046	0	0	0	0	0	0	147	0	0	0	0	0	
849794	0	0	0	0	0	0	133	0	0	0	0	0	
850546	0	0	0	0	0	0	165	0	0	0	0	0	
851296	0	0	0	0	0	0	143	0	0	0	0	0	
852047	0	0	0	0	0	0	139	0	0	0	0	0	
852796	0	0	0	0	0	0	133	0	0	0	0	0	
853545	0	0	0	0	0	0	137	0	0	0	0	0	
854300	0	0	0	0	0	0	141	0	0	0	0	0	
855052	0	0	0	0	0	0	159	0	0	0	0	0	
855803	0	0	0	0	0	0	135	0	0	0	0	0	
856552	0	0	0	0	0	0	147	0	0	0	0	0	
857302	0	0	0	0	0	0	131	0	0	0	0	0	
858057	0	0	0	0	0	0	129	0	0	0	0	0	
858806	0	0	0	0	0	0	125	0	0	0	0	0	
859555	0	0	0	0	0	0	135	0	0	0	0	0	
860308	0	0	0	0	0	0	135	0	0	0	0	0	
861061	0	0	0	0	0	0	141	0	0	0	0	0	
861811	0	0	0	0	0	0	149	0	0	0	0	0	
862558	0	0	0	0	0	159	0	0	0	0	0	0	
863309	0	0	0	0	0	179	0	0	0	0	0	0	
864061	0	0	0	0	0	169	0	0	0	0	0	0	
864811	0	0	0	0	0	165	0	0	0	0	0	0	
865560	0	0	0	0	0	175	0	0	0	0	0	0	
866310	0	0	0	0	0	175	0	0	0	0	0	0	
867062	0	0	0	0	0	153	0	0	0	0	0	0	
867811	0	0	0	0	19	142	0	0	0	0	0	0	
868559	0	0	0	0	0	165	0	0	0	0	0	0	
869306	0	0	0	0	0	153	0	0	0	0	0	0	
870056	0	0	0	0	0	169	0	0	0	0	0	0	
870804	0	0	0	0	0	175	0	0	0	0	0	0	
871554	0	0	0	0	0	145	0	0	0	0	0	0	
872309	0	0	0	0	0	165	0	0	0	0	0	0	
873061	0	0	0	0	0	179	0	0	0	0	0	0	
873809	0	0	0	0	0	173	0	0	0	0	0	0	
874557	0	0	0	0	0	185	0	0	0	0	0	0	
875305	0	0	0	0	0	181	0	0	0	0	0	0	
876051	0	0	0	0	0	203	0	0	0	0	0	0	
876804	0	0	0	0	0	199	0	0	0	0	0	0	
877552	0	0	0	0	0	195	0	0	0	0	0	0	
878303	0	0	0	0	0	201	0	0	0	0	0	0	
879055	0	0	0	0	0	187	0	0	0	0	0	0	
879805	0	0	0	0	0	169	0	0	0	0	0	0	
880557	0	0	0	0	0	177	0	0	0	0	0	0	
881306	0	0	0	0	0	161	0	0	0	0	0	0	
882056	0	0	0	0	0	177	0	0	0	0	0	0	
882807	0	0	0	0	0	179	0	0	0	0	0	0	
883556	0	0	0	0	0	165	0	0	0	0	0	0	
884303	0	0	0	0	0	177	0	0	0	0	0	0	
885056	0	0	0	0	0	167	0	0	0	0	0	0	
885807	0	0	0	0	0	183	0	0	0	0	0	0	
886557	0	0	0	0	0	185	0	0	0	0	0	0	
887306	0	0	0	0	0	169	0	0	0	0	0	0	
888056	0	0	0	0	0	185	0	0	0	0	0	0	
888807	0	0	0	0	0	177	0	0	0	0	0	0	
889558	0	0	0	0	0	175	0	0	0	0	0	0	
890306	0	0	0	0	0	0	151	0	0	0	0	0	
891056	0	0	0	0	0	0	127	0	0	0	0	0	
891807	0	0	0	0	0	0	137	0	0	0	0	0	
892559	0	0	0	0	0	0	129	0	0	0	0	0	
893310	0	0	0	0	0	0	157	0	0	0	0	0	
894057	0	0	0	0	0	0	147	0	0	0	0	0	
894809	0	0	0	0	0	0	141	0	0	0	0	0	
895558	0	0	0	0	0	0	155	0	0	0	0	0	
896307	0	0	0	0	0	0	143	0	0	0	0	0	
897056	0	0	0	0	0	0	103	0	0	0	0	0	
897808	0	0	0	0	0	0	157	0	0	0	0	0	
898559	0	0	0	0	0	0	141	0	0	0	0	0	
899307	0	0	0	0	0	0	139	0	0	0	0	0	
900058	0	0	0	0	0	0	133	0	0	0	0	0	
900809	0	0	0	0	0	0	147	0	0	0	0	0	
901554	0	0	0	0	0	0	131	0	0	0	0	0	
902303	0	0	0	0	0	0	159	0	0	0	0	0	
903053	0	0	0	0	0	0	129	0	0	0	0	0	
903804	0	0	0	0	0	0	155	0	0	0	0	0	
904554	0	0	0	0	0	0	135	0	0	0	0	0	
905302	0	0	0	0	0	0	149	0	0	0	0	0	
906053	0	0	0	0	0	0	153	0	0	0	0	0	
906798	0	0	0	0	0	0	141	0	0	0	0	0	
907550	0	0	0	0	0	0	139	0	0	0	0	0	
908301	0	0	0	0	0	0	141	0	0	0	0	0	
909050	0	0	0	0	0	0	133	0	0	0	0	0	
909799	0	0	0	0	0	0	0	99	0	0	0	0	
910545	0	0	0	0	0	0	0	121	0	0	0	0	
911295	0	0	0	0	0	0	0	121	0	0	0	0	
912047	0	0	0	0	0	0	0	115	0	0	0	0	
912793	0	0	0	0	0	0	0	123	0	0	0	0	
913544	0	0	0	0	0	0	0	105	0	0	0	0	
914294	0	0	0	0	0	0	0	103	0	0	0	0	
915046	0	0	0	0	0	0	0	113	0	0	0	0	
915795	0	0	0	0	0	0	0	123	0	0	0	0	
916543	0	0	0	0	0	0	0	103	0	0	0	0	
917292	0	0	0	0	0	0	0	111	0	0	0	0	
918042	0	0	0	0	0	0	0	117	0	0	0	0	
918791	0	0	0	0	0	0	0	109	0	0	0	0	
919541	0	0	0	0	0	0	0	131	0	0	0	0	
920292	0	0	0	0	0	0	0	123	0	0	0	0	
921045	0	0	0	0	0	0	0	129	0	0	0	0	
921794	0	0	0	0	0	0	0	121	0	0	0	0	
922543	0	0	0	0	0	0	0	109	0	0	0	0	
923293	0	0	0	0	0	0	0	101	0	0	0	0	
924044	0	0	0	0	0	0	0	111	0	0	0	0	
924794	0	0	0	0	0	0	0	129	0	0	0	0	
925544	0	0	0	0	0	0	0	121	0	0	0	0	
926295	0	0	0	0	0	0	0	113	0	0	0	0	
927042	0	0	0	0	0	0	0	117	0	0	0	0	
927791	0	0	0	0	0	0	0	113	0	0	0	0	
928540	0	0	0	0	0	0	0	105	0	0	0	0	
929294	0	0	0	0	0	0	0	125	0	0	0	0	
930041	0	0	0	0	0	0	0	57	30	0	0	0	
930790	0	0	0	0	0	0	0	121	0	0	0	0	
931538	0	0	0	0	0	0	0	87	0	0	0	0	
932290	0	0	0	0	0	0	0	121	0	0	0	0	
933040	0	0	0	0	0	0	0	85	0	0	0	0	
933791	0	0	0	0	0	0	0	115	0	0	0	0	
934540	0	0	0	0	0	0	0	113	0	0	0	0	
935289	0	0	0	0	0	0	0	131	0	0	0	0	
936041	0	0	0	0	0	0	0	111	0	0	0	0	
936791	0	0	0	0	0	0	0	137	0	0	0	0	
937539	0	0	0	0	0	0	0	123	0	0	0	0	
938290	0	0	0	0	0	0	0	109	0	0	0	0	
939041	0	0	0	0	0	0	0	105	0	0	0	0	
939790	0	0	0	0	0	0	0	115	0	0	0	0	
940537	0	0	0	0	0	0	0	105	0	0	0	0	
941291	0	0	0	0	0	0	0	109	0	0	0	0	
942040	0	0	0	0	0	0	0	111	0	0	0	0	
942787	0	0	0	0	0	0	0	117	0	0	0	0	
943541	0	0	0	0	0	0	0	129	0	0	0	0	
944289	0	0	0	0	0	0	0	121	0	0	0	0	
945039	0	0	0	0	0	0	0	119	0	0	0	0	
945789	0	0	0	0	0	0	0	113	0	0	0	0	
946542	0	0	0	0	0	0	0	111	0	0	0	0	
947295	0	0	0	0	0	0	0	115	0	0	0	0	
948045	0	0	0	0	0	0	0	109	0	0	0	0	
948794	0	0	0	0	0	0	0	129	0	0	0	0	
949545	0	0	0	0	0	0	0	125	0	0	0	0	
950297	0	0	0	0	0	0	0	95	0	0	0	0	
951048	0	0	0	0	0	0	0	121	0	0	0	0	
951798	0	0	0	0	0	0	0	111	0	0	0	0	
952547	0	0	0	0	0	0	0	119	0	0	0	0	
953297	0	0	0	0	0	0	0	117	0	0	0	0	
954047	0	0	0	0	0	0	0	125	0	0	0	0	
954795	0	0	0	0	0	0	0	139	0	0	0	0	
955543	0	0	0	0	0	0	0	115	0	0	0	0	
956294	0	0	0	0	0	0	3	114	0	0	0	0	
957045	0	0	0	0	0	0	0	129	0	0	0	0	
957791	0	0	0	0	0	0	0	133	0	0	0	0	
958540	0	0	0	0	0	0	0	123	0	0	0	0	
959291	0	0	0	0	0	0	0	129	0	0	0	0	
960041	0	0	0	0	0	0	0	107	0	0	0	0	
960793	0	0	0	0	0	0	0	121	0	0	0	0	
961542	0	0	0	0	0	0	0	127	0	0	0	0	
962295	0	0	0	0	0	0	0	99	0	0	0	0	
963043	0	0	0	0	0	0	0	131	0	0	0	0	
963797	0	0	0	0	0	0	0	111	0	0	0	0	
964548	0	0	0	0	0	0	0	115	0	0	0	0	
965296	0	0	0	0	0	0	0	101	0	0	0	0	
966047	0	0	0	0	0	0	0	111	0	0	0	0	
966794	0	0	0	0	0	0	0	113	0	0	0	0	
967546	0	0	0	0	0	0	0	95	0	0	0	0	
968297	0	0	0	0	0	0	0	107	0	0	0	0	
969045	0	0	0	0	0	0	0	121	0	0	0	0	
969794	0	0	0	0	0	0	0	129	0	0	0	0	
970546	0	0	0	0	0	0	0	121	0	0	0	0	
971297	0	0	0	0	0	0	0	117	0	0	0	0	
972045	0	0	0	0	0	0	0	121	0	0	0	0	
972795	0	0	0	0	0	0	0	111	0	0	0	0	
973546	0	0	0	0	0	0	0	112	1	0	0	0	
974300	0	0	0	0	0	0	0	121	0	0	0	0	
975048	0	0	0	0	0	0	0	115	0	0	0	0	
975796	0	0	0	0	0	0	0	121	0	0	0	0	
976544	0	0	0	0	0	0	0	99	0	0	0	0	
977294	0	0	0	0	0	0	0	99	0	0	0	0	
978045	0	0	0	0	0	0	0	129	0	0	0	0	
978793	0	0	0	0	0	0	0	115	0	0	0	0	
979545	0	0	0	0	0	0	0	93	0	0	0	0	
980294	0	0	0	0	0	0	0	119	0	0	0	0	
981039	0	0	0	0	0	0	0	109	0	0	0	0	
981791	0	0	0	0	0	0	0	125	0	0	0	0	
982538	0	0	0	0	0	0	0	125	0	0	0	0	
983287	0	0	0	0	0	0	0	109	0	0	0	0	
984036	0	0	0	0	0	0	0	107	0	0	0	0	
984786	0	0	0	0	0	0	0	107	0	0	0	0	
985536	0	0	0	0	0	0	0	101	0	0	0	0	
986286	0	0	0	0	0	0	0	111	0	0	0	0	
987038	0	0	0	0	0	0	0	103	0	0	0	0	
987787	0	0	0	0	0	0	0	119	0	0	0	0	
988538	0	0	0	0	0	0	0	124	1	0	0	0	
989290	0	0	0	0	0	0	0	117	0	0	0	0	
990040	0	0	0	0	0	0	0	117	0	0	0	0	
990790	0	0	0	0	0	0	0	109	0	0	0	0	
991543	0	0	0	0	0	0	0	119	0	0	0	0	
992291	0	0	0	0	0	0	0	125	0	0	0	0	
993039	0	0	0	0	0	0	0	123	0	0	0	0	
993791	0	0	0	0	0	0	0	135	0	0	0	0	
994547	0	0	0	0	0	0	0	109	0	0	0	0	
995294	0	0	0	0	0	0	0	129	0	0	0	0	
996044	0	0	0	0	0	0	151	0	0	0	0	0	
996791	0	0	0	0	0	0	151	0	0	0	0	0	
997541	0	0	0	0	0	0	159	0	0	0	0	0	
998291	0	0	0	0	0	0	137	0	0	0	0	0	
999042	0	0	0	0	0	0	135	0	0	0	0	0	
999794	0	0	0	0	0	0	143	0	0	0	0	0	
1.00054e+06	0	0	0	0	0	0	153	0	0	0	0	0	
1.0013e+06	0	0	0	0	0	0	141	0	0	0	0	0	
1.00205e+06	0	0	0	0	0	0	133	0	0	0	0	0	
1.0028e+06	0	0	0	0	0	0	135	0	0	0	0	0	
1.00355e+06	0	0	0	0	0	0	145	0	0	0	0	0	
1.0043e+06	0	0	0	0	0	0	145	0	0	0	0	0	
1.00505e+06	0	0	0	0	0	0	155	0	0	0	0	0	
1.0058e+06	0	0	0	0	0	0	147	0	0	0	0	0	
1.00655e+06	0	0	0	0	0	0	145	0	0	0	0	0	
1.0073e+06	0	0	0	0	0	0	137	0	0	0	0	0	
1.00805e+06	0	0	0	0	0	0	141	0	0	0	0	0	
1.0088e+06	0	0	0	0	0	0	139	0	0	0	0	0	
1.00955e+06	0	0	0	0	0	0	155	0	0	0	0	0	
1.0103e+06	0	0	0	0	0	0	155	0	0	0	0	0	
1.01105e+06	0	0	0	0	0	0	149	0	0	0	0	0	
1.0118e+06	0	0	0	0	0	0	159	0	0	0	0	0	
1.01255e+06	0	0	0	0	0	0	141	0	0	0	0	0	
1.0133e+06	0	0	0	0	0	0	139	0	0	0	0	0	
1.01405e+06	0	0	0	0	0	0	151	0	0	0	0	0	
1.0148e+06	0	0	0	0	0	0	165	0	0	0	0	0	
1.01555e+06	0	0	0	0	0	0	153	0	0	0	0	0	
1.0163e+06	0	0	0	0	0	0	0	121	0	0	0	0	
1.01705e+06	0	0	0	0	0	0	0	105	0	0	0	0	
1.0178e+06	0	0	0	0	0	0	0	113	0	0	0	0	
1.01855e+06	0	0	0	0	0	0	0	123	0	0	0	0	
1.0193e+06	0	0	0	0	0	0	0	105	0	0	0	0	
1.02005e+06	0	0	0	0	0	0	0	111	0	0	0	0	
1.0208e+06	0	0	0	0	0	0	0	123	0	0	0	0	
1.02155e+06	0	0	0	0	0	0	0	115	0	0	0	0	
1.0223e+06	0	0	0	0	0	0	0	119	0	0	0	0	
1.02305e+06	0	0	0	0	0	0	0	119	0	0	0	0	
1.0238e+06	0	0	0	0	0	0	157	0	0	0	0	0	
1.02455e+06	0	0	0	0	0	0	159	0	0	0	0	0	
1.0253e+06	0	0	0	0	0	0	139	0	0	0	0	0	
1.02605e+06	0	0	0	0	0	0	165	0	0	0	0	0	
1.0268e+06	0	0	0	0	0	0	139	0	0	0	0	0	
1.02755e+06	0	0	0	0	0	0	145	0	0	0	0	0	
1.0283e+06	0	0	0	0	0	0	139	0	0	0	0	0	
1.02905e+06	0	0	0	0	0	0	153	0	0	0	0	0	
1.0298e+06	0	0	0	0	0	0	135	0	0	0	0	0	
1.03055e+06	0	0	0	0	0	0	149	0	0	0	0	0	
1.0313e+06	0	0	0	0	0	0	145	0	0	0	0	0	
1.03205e+06	0	0	0	0	0	0	169	0	0	0	0	0	
1.0328e+06	0	0	0	0	0	0	123	0	0	0	0	0	
1.03355e+06	0	0	0	0	0	0	151	0	0	0	0	0	
1.0343e+06	0	0	0	0	0	0	161	0	0	0	0	0	
1.03505e+06	0	0	0	0	0	0	157	0	0	0	0	0	
1.0358e+06	0	0	0	0	0	0	133	0	0	0	0	0	
1.03655e+06	0	0	0	0	0	0	121	0	0	0	0	0	
1.0373e+06	0	0	0	0	0	0	125	0	0	0	0	0	
1.03805e+06	0	0	0	0	0	0	151	0	0	0	0	0	
1.0388e+06	0	0	0	0	0	0	155	0	0	0	0	0	
1.03955e+06	0	0	0	0	0	0	135	0	0	0	0	0	
1.0403e+06	0	0	0	0	0	0	151	0	0	0	0	0	
1.04105e+06	0	0	0	0	0	0	133	0	0	0	0	0	
1.0418e+06	0	0	0	0	0	0	163	0	0	0	0	0	
1.04255e+06	0	0	0	0	0	0	133	0	0	0	0	0	
1.0433e+06	0	0	0	0	0	0	143	0	0	0	0	0	
1.04405e+06	0	0	0	0	0	0	165	0	0	0	0	0	
1.0448e+06	0	0	0	0	0	0	143	0	0	0	0	0	
1.04556e+06	0	0	0	0	0	0	129	0	0	0	0	0	
1.04631e+06	0	0	0	0	0	0	131	0	0	0	0	0	
1.04706e+06	0	0	0	0	0	0	129	0	0	0	0	0	
1.04781e+06	0	0	0	0	0	0	127	0	0	0	0	0	
1.04855e+06	0	0	0	0	0	0	163	0	0	0	0	0	
1.04931e+06	0	0	0	0	0	0	139	0	0	0	0	0	
1.05006e+06	0	0	0	0	0	0	127	0	0	0	0	0	
1.0508e+06	0	0	0	0	0	0	149	0	0	0	0	0	
1.05156e+06	0	0	0	0	0	0	125	0	0	0	0	0	
1.05231e+06	0	0	0	0	0	0	149	0	0	0	0	0	
1.05306e+06	0	0	0	0	0	0	163	0	0	0	0	0	
1.05381e+06	0	0	0	0	0	0	135	0	0	0	0	0	
1.05456e+06	0	0	0	0	0	0	147	0	0	0	0	0	
1.05531e+06	0	0	0	0	0	0	133	0	0	0	0	0	
1.05606e+06	0	0	0	0	0	0	117	0	0	0	0	0	
1.05681e+06	0	0	0	0	0	0	139	0	0	0	0	0	
1.05756e+06	0	0	0	0	0	0	131	0	0	0	0	0	
1.05831e+06	0	0	0	0	0	0	155	0	0	0	0	0	
1.05906e+06	0	0	0	0	0	0	137	0	0	0	0	0	
1.0598e+06	0	0	0	0	0	0	151	0	0	0	0	0	
1.06056e+06	0	0	0	0	0	0	143	0	0	0	0	0	
1.0613e+06	0	0	0	0	0	0	143	0	0	0	0	0	
1.06205e+06	0	0	0	0	0	0	143	0	0	0	0	0	
1.0628e+06	0	0	0	0	0	0	151	0	0	0	0	0	
1.06355e+06	0	0	0	0	0	0	145	0	0	0	0	0	
1.06431e+06	0	0	0	0	0	0	159	0	0	0	0	0	
1.06505e+06	0	0	0	0	0	0	163	0	0	0	0	0	
1.06581e+06	0	0	0	0	0	0	155	0	0	0	0	0	
1.06656e+06	0	0	0	0	0	0	131	0	0	0	0	0	
1.06731e+06	0	0	0	0	0	0	121	0	0	0	0	0	
1.06806e+06	0	0	0	0	0	0	149	0	0	0	0	0	
1.06881e+06	0	0	0	0	0	0	147	0	0	0	0	0	
1.06956e+06	0	0	0	0	0	0	153	0	0	0	0	0	
1.07031e+06	0	0	0	0	0	0	131	0	0	0	0	0	
1.07106e+06	0	0	0	0	0	0	159	0	0	0	0	0	
1.07182e+06	0	0	0	0	0	169	0	0	0	0	0	0	
1.07257e+06	0	0	0	0	0	155	0	0	0	0	0	0	
1.07332e+06	0	0	0	0	0	149	0	0	0	0	0	0	
1.07407e+06	0	0	0	0	45	122	0	0	0	0	0	0	
1.07482e+06	0	0	0	0	0	201	0	0	0	0	0	0	
1.07557e+06	0	0	0	0	0	167	0	0	0	0	0	0	
1.07632e+06	0	0	0	0	0	169	0	0	0	0	0	0	
1.07707e+06	0	0	0	0	0	169	0	0	0	0	0	0	
1.07782e+06	0	0	0	0	0	173	0	0	0	0	0	0	
1.07857e+06	0	0	0	0	0	169	0	0	0	0	0	0	
1.07932e+06	0	0	0	0	0	153	0	0	0	0	0	0	
1.08007e+06	0	0	0	0	0	155	0	0	0	0	0	0	
1.08081e+06	0	0	0	0	0	197	0	0	0	0	0	0	
1.08157e+06	0	0	0	0	0	187	0	0	0	0	0	0	
1.08231e+06	0	0	0	0	0	173	0	0	0	0	0	0	
1.08306e+06	0	0	0	0	0	155	0	0	0	0	0	0	
1.08381e+06	0	0	0	0	0	171	0	0	0	0	0	0	
1.08456e+06	0	0	0	0	0	155	0	0	0	0	0	0	
1.08531e+06	0	0	0	0	0	181	0	0	0	0	0	0	
1.08606e+06	0	0	0	0	0	151	0	0	0	0	0	0	
1.08681e+06	0	0	0	0	0	181	0	0	0	0	0	0	
1.08756e+06	0	0	0	0	0	181	0	0	0	0	0	0	
1.08831e+06	0	0	0	0	0	159	0	0	0	0	0	0	
1.08907e+06	0	0	0	0	0	166	3	0	0	0	0	0	
1.08981e+06	0	0	0	0	0	191	0	0	0	0	0	0	
1.09056e+06	0	0	0	6	221	0	0	0	0	0	0	0	
1.09131e+06	0	0	0	0	175	0	0	0	0	0	0	0	
1.09206e+06	0	0	0	0	235	0	0	0	0	0	0	0	
1.0928e+06	0	0	0	0	203	0	0	0	0	0	0	0	
1.09355e+06	0	0	0	0	211	0	0	0	0	0	0	0	
1.0943e+06	0	0	0	0	185	0	0	0	0	0	0	0	
1.09505e+06	0	0	0	0	207	0	0	0	0	0	0	0	
1.0958e+06	0	0	0	0	229	0	0	0	0	0	0	0	
1.09655e+06	0	0	0	0	191	0	0	0	0	0	0	0	
1.0973e+06	0	0	0	0	199	0	0	0	0	0	0	0	
1.09805e+06	0	0	0	5	220	0	0	0	0	0	0	0	
1.0988e+06	0	0	0	0	223	0	0	0	0	0	0	0	
1.09955e+06	0	0	0	0	239	0	0	0	0	0	0	0	
1.1003e+06	0	0	0	0	211	0	0	0	0	0	0	0	
1.10105e+06	0	0	0	0	193	0	0	0	0	0	0	0	
1.1018e+06	0	0	0	0	205	0	0	0	0	0	0	0	
1.10255e+06	0	0	0	0	213	0	0	0	0	0	0	0	
1.1033e+06	0	0	0	0	195	0	0	0	0	0	0	0	
1.10405e+06	0	0	0	0	171	0	0	0	0	0	0	0	
1.1048e+06	0	0	0	0	241	0	0	0	0	0	0	0	
1.10555e+06	0	0	0	0	235	0	0	0	0	0	0	0	
1.1063e+06	0	0	0	0	203	0	0	0	0	0	0	0	
1.10705e+06	0	0	0	0	205	0	0	0	0	0	0	0	
1.1078e+06	0	0	0	0	235	0	0	0	0	0	0	0	
1.10855e+06	0	0	0	0	211	0	0	0	0	0	0	0	
1.1093e+06	0	0	0	0	227	0	0	0	0	0	0	0	
1.11005e+06	0	0	0	0	199	0	0	0	0	0	0	0	
1.1108e+06	0	0	0	0	203	0	0	0	0	0	0	0	
1.11155e+06	0	0	0	0	225	0	0	0	0	0	0	0	
1.1123e+06	0	0	0	0	189	0	0	0	0	0	0	0	
1.11305e+06	0	0	0	0	201	0	0	0	0	0	0	0	
1.1138e+06	0	0	0	0	209	0	0	0	0	0	0	0	
1.11455e+06	0	0	0	0	203	0	0	0	0	0	0	0	
1.1153e+06	0	0	0	0	231	0	0	0	0	0	0	0	
1.11605e+06	0	0	0	0	201	0	0	0	0	0	0	0	
1.1168e+06	0	0	0	0	233	0	0	0	0	0	0	0	
1.11755e+06	0	0	0	0	211	0	0	0	0	0	0	0	
1.1183e+06	0	0	0	0	237	0	0	0	0	0	0	0	
1.11905e+06	0	0	0	0	229	0	0	0	0	0	0	0	
1.1198e+06	0	0	0	0	223	0	0	0	0	0	0	0	
1.12055e+06	0	0	0	0	221	0	0	0	0	0	0	0	
1.1213e+06	0	0	0	0	219	0	0	0	0	0	0	0	
1.12205e+06	0	0	0	0	237	0	0	0	0	0	0	0	
1.1228e+06	0	0	0	0	233	0	0	0	0	0	0	0	
1.12355e+06	0	0	0	0	217	0	0	0	0	0	0	0	
1.1243e+06	0	0	0	0	237	0	0	0	0	0	0	0	
1.12505e+06	0	0	0	0	193	0	0	0	0	0	0	0	
1.1258e+06	0	0	0	0	213	0	0	0	0	0	0	0	
1.12656e+06	0	0	0	0	241	0	0	0	0	0	0	0	
1.12731e+06	0	0	0	0	207	0	0	0	0	0	0	0	
1.12806e+06	0	0	0	0	215	0	0	0	0	0	0	0	
1.1288e+06	0	0	0	0	255	0	0	0	0	0	0	0	
1.12955e+06	0	0	0	0	209	0	0	0	0	0	0	0	
1.1303e+06	0	0	0	0	227	0	0	0	0	0	0	0	
1.13105e+06	0	0	0	0	205	0	0	0	0	0	0	0	
1.1318e+06	0	0	0	0	213	0	0	0	0	0	0	0	
1.13255e+06	0	0	0	0	189	0	0	0	0	0	0	0	
1.1333e+06	0	0	0	0	187	0	0	0	0	0	0	0	
1.13406e+06	0	0	0	0	231	0	0	0	0	0	0	0	
1.1348e+06	0	0	0	0	209	0	0	0	0	0	0	0	
1.13555e+06	0	0	0	2	207	0	0	0	0	0	0	0	
1.13631e+06	0	0	0	0	217	0	0	0	0	0	0	0	
1.13706e+06	0	0	0	0	209	0	0	0	0	0	0	0	
1.13781e+06	0	0	0	0	219	0	0	0	0	0	0	0	
1.13856e+06	0	0	0	0	0	161	0	0	0	0	0	0	
1.13931e+06	0	0	0	0	0	173	0	0	0	0	0	0	
1.14006e+06	0	0	0	0	0	171	0	0	0	0	0	0	
1.14081e+06	0	0	0	0	0	171	0	0	0	0	0	0	
1.14156e+06	0	0	0	0	0	163	0	0	0	0	0	0	
1.14231e+06	0	0	0	0	0	175	0	0	0	0	0	0	
1.14306e+06	0	0	0	0	0	175	0	0	0	0	0	0	
1.14381e+06	0	0	0	0	0	142	25	0	0	0	0	0	
1.14457e+06	0	0	0	0	0	165	0	0	0	0	0	0	
1.14532e+06	0	0	0	0	0	187	0	0	0	0	0	0	
1.14606e+06	0	0	0	0	0	183	0	0	0	0	0	0	
1.14681e+06	0	0	0	0	0	171	0	0	0	0	0	0	
1.14757e+06	0	0	0	0	0	161	0	0	0	0	0	0	
1.14831e+06	0	0	0	0	0	155	0	0	0	0	0	0	
1.14907e+06	0	0	0	0	0	163	0	0	0	0	0	0	
1.14982e+06	0	0	0	0	0	175	0	0	0	0	0	0	
1.15057e+06	0	0	0	0	0	181	0	0	0	0	0	0	
1.15132e+06	0	0	0	0	0	180	1	0	0	0	0	0	
1.15207e+06	0	0	0	0	0	193	0	0	0	0	0	0	
1.15282e+06	0	0	0	0	0	191	0	0	0	0	0	0	
1.15357e+06	0	0	0	0	0	171	0	0	0	0	0	0	
1.15432e+06	0	0	0	0	0	185	0	0	0	0	0	0	
1.15507e+06	0	0	0	0	0	167	0	0	0	0	0	0	
1.15582e+06	0	0	0	0	0	167	0	0	0	0	0	0	
1.15657e+06	0	0	0	0	0	181	0	0	0	0	0	0	
1.15732e+06	0	0	0	0	0	177	0	0	0	0	0	0	
1.15807e+06	0	0	0	0	0	165	0	0	0	0	0	0	
1.15882e+06	0	0	0	0	0	177	0	0	0	0	0	0	
1.15957e+06	0	0	0	0	0	175	0	0	0	0	0	0	
1.16032e+06	0	0	0	0	0	195	0	0	0	0	0	0	
1.16108e+06	0	0	0	0	0	183	0	0	0	0	0	0	
1.16183e+06	0	0	0	0	0	179	0	0	0	0	0	0	
1.16258e+06	0	0	0	0	0	149	0	0	0	0	0	0	
1.16333e+06	0	0	0	0	0	171	0	0	0	0	0	0	
1.16407e+06	0	0	0	0	0	167	0	0	0	0	0	0	
1.16483e+06	0	0	0	0	0	185	0	0	0	0	0	0	
1.16558e+06	0	0	0	0	0	161	0	0	0	0	0	0	
1.16633e+06	0	0	0	0	0	183	0	0	0	0	0	0	
1.16708e+06	0	0	0	0	0	167	0	0	0	0	0	0	
1.16783e+06	0	0	0	0	0	163	0	0	0	0	0	0	
1.16858e+06	0	0	0	0	0	179	0	0	0	0	0	0	
1.16933e+06	0	0	0	0	0	187	0	0	0	0	0	0	
1.17008e+06	0	0	0	0	0	153	0	0	0	0	0	0	
1.17083e+06	0	0	0	0	0	183	0	0	0	0	0	0	
1.17158e+06	0	0	0	0	0	177	0	0	0	0	0	0	
1.17233e+06	0	0	0	0	0	163	0	0	0	0	0	0	
1.17308e+06	0	0	0	0	0	191	0	0	0	0	0	0	
1.17383e+06	0	0	0	0	0	185	0	0	0	0	0	0	
1.17459e+06	0	0	0	0	0	181	0	0	0	0	0	0	
1.17534e+06	0	0	0	0	0	187	0	0	0	0	0	0	
1.17609e+06	0	0	0	0	0	173	0	0	0	0	0	0	
1.17684e+06	0	0	0	0	227	0	0	0	0	0	0	0	
1.17758e+06	0	0	0	0	233	0	0	0	0	0	0	0	
1.17833e+06	0	0	0	0	203	0	0	0	0	0	0	0	
1.17908e+06	0	0	0	0	217	0	0	0	0	0	0	0	
1.17983e+06	0	0	0	0	203	0	0	0	0	0	0	0	
1.18058e+06	0	0	0	0	203	0	0	0	0	0	0	0	
1.18133e+06	0	0	0	0	191	0	0	0	0	0	0	0	
1.18208e+06	0	0	0	0	247	0	0	0	0	0	0	0	
1.18283e+06	0	0	0	126	101	0	0	0	0	0	0	0	
1.18358e+06	0	0	0	275	0	0	0	0	0	0	0	0	
1.18433e+06	0	0	0	269	0	0	0	0	0	0	0	0	
1.18508e+06	0	0	0	245	0	0	0	0	0	0	0	0	
1.18583e+06	0	0	0	261	0	0	0	0	0	0	0	0	
1.18658e+06	0	0	0	259	0	0	0	0	0	0	0	0	
1.18733e+06	0	0	0	261	0	0	0	0	0	0	0	0	
1.18809e+06	0	0	0	255	0	0	0	0	0	0	0	0	
1.18884e+06	0	0	0	275	0	0	0	0	0	0	0	0	
1.18959e+06	0	0	0	259	0	0	0	0	0	0	0	0	
1.19034e+06	0	0	0	229	0	0	0	0	0	0	0	0	
1.19109e+06	0	0	0	255	0	0	0	0	0	0	0	0	
1.19183e+06	0	0	0	277	0	0	0	0	0	0	0	0	
1.19258e+06	0	0	0	289	0	0	0	0	0	0	0	0	
1.19334e+06	0	0	0	253	0	0	0	0	0	0	0	0	
1.19409e+06	0	0	0	285	0	0	0	0	0	0	0	0	
1.19484e+06	0	0	0	257	0	0	0	0	0	0	0	0	
1.19559e+06	0	0	0	247	0	0	0	0	0	0	0	0	
1.19634e+06	0	0	0	283	0	0	0	0	0	0	0	0	
1.19708e+06	0	0	0	277	0	0	0	0	0	0	0	0	
1.19784e+06	0	0	0	271	0	0	0	0	0	0	0	0	
1.19859e+06	0	0	0	243	0	0	0	0	0	0	0	0	
1.19934e+06	0	0	0	227	0	0	0	0	0	0	0	0	
1.20009e+06	0	0	0	275	0	0	0	0	0	0	0	0	
1.20084e+06	0	0	0	275	0	0	0	0	0	0	0	0	
1.20159e+06	0	0	0	262	1	0	0	0	0	0	0	0	
1.20235e+06	0	0	0	271	0	0	0	0	0	0	0	0	
1.2031e+06	0	0	0	267	0	0	0	0	0	0	0	0	
1.20385e+06	0	0	0	287	0	0	0	0	0	0	0	0	
1.2046e+06	0	0	0	261	0	0	0	0	0	0	0	0	
1.20535e+06	0	0	0	263	0	0	0	0	0	0	0	0	
1.2061e+06	0	0	0	261	0	0	0	0	0	0	0	0	
1.20685e+06	0	0	329	0	0	0	0	0	0	0	0	0	
1.2076e+06	0	0	335	0	0	0	0	0	0	0	0	0	
1.20835e+06	0	0	297	0	0	0	0	0	0	0	0	0	
1.2091e+06	0	0	321	0	0	0	0	0	0	0	0	0	
1.20985e+06	0	0	349	0	0	0	0	0	0	0	0	0	
1.2106e+06	0	0	331	0	0	0	0	0	0	0	0	0	
1.21136e+06	0	0	341	0	0	0	0	0	0	0	0	0	
1.21211e+06	0	0	313	0	0	0	0	0	0	0	0	0	
1.21286e+06	0	0	355	0	0	0	0	0	0	0	0	0	
1.21361e+06	0	0	313	0	0	0	0	0	0	0	0	0	
1.21436e+06	0	0	371	0	0	0	0	0	0	0	0	0	
1.21511e+06	0	0	289	0	0	0	0	0	0	0	0	0	
1.21586e+06	0	0	299	0	0	0	0	0	0	0	0	0	
1.21661e+06	0	0	307	0	0	0	0	0	0	0	0	0	
1.21736e+06	0	12	309	0	0	0	0	0	0	0	0	0	
1.21811e+06	0	0	303	0	0	0	0	0	0	0	0	0	
1.21886e+06	0	0	321	0	0	0	0	0	0	0	0	0	
1.21961e+06	0	0	307	0	0	0	0	0	0	0	0	0	
1.22036e+06	0	0	341	0	0	0	0	0	0	0	0	0	
1.22111e+06	0	0	331	0	0	0	0	0	0	0	0	0	
1.22186e+06	0	0	341	0	0	0	0	0	0	0	0	0	
1.22261e+06	0	0	341	0	0	0	0	0	0	0	0	0	
1.22336e+06	0	0	327	0	0	0	0	0	0	0	0	0	
1.22411e+06	0	0	317	0	0	0	0	0	0	0	0	0	
1.22486e+06	0	0	341	0	0	0	0	0	0	0	0	0	
1.22561e+06	0	0	351	0	0	0	0	0	0	0	0	0	
1.22636e+06	0	0	323	0	0	0	0	0	0	0	0	0	
1.22711e+06	0	0	287	0	0	0	0	0	0	0	0	0	
1.22787e+06	0	0	297	0	0	0	0	0	0	0	0	0	
1.22862e+06	0	0	297	0	0	0	0	0	0	0	0	0	
1.22937e+06	0	0	315	0	0	0	0	0	0	0	0	0	
1.23012e+06	0	0	323	0	0	0	0	0	0	0	0	0	
1.23087e+06	0	0	313	0	0	0	0	0	0	0	0	0	
1.23162e+06	0	0	317	0	0	0	0	0	0	0	0	0	
1.23237e+06	0	0	319	0	0	0	0	0	0	0	0	0	
1.23312e+06	0	0	307	0	0	0	0	0	0	0	0	0	
1.23388e+06	0	0	331	0	0	0	0	0	0	0	0	0	
1.23463e+06	0	0	339	0	0	0	0	0	0	0	0	0	
1.23538e+06	0	0	313	0	0	0	0	0	0	0	0	0	
1.23613e+06	0	0	291	0	0	0	0	0	0	0	0	0	
1.23688e+06	0	0	299	0	0	0	0	0	0	0	0	0	
1.23763e+06	0	0	351	0	0	0	0	0	0	0	0	0	
1.23838e+06	0	0	303	0	0	0	0	0	0	0	0	0	
1.23913e+06	0	0	309	0	0	0	0	0	0	0	0	0	
1.23988e+06	0	0	331	0	0	0	0	0	0	0	0	0	
1.24063e+06	0	0	313	0	0	0	0	0	0	0	0	0	
1.24138e+06	0	0	305	0	0	0	0	0	0	0	0	0	
1.24213e+06	0	0	309	0	0	0	0	0	0	0	0	0	
1.24288e+06	0	0	329	0	0	0	0	0	0	0	0	0	
1.24363e+06	0	0	329	0	0	0	0	0	0	0	0	0	
1.24437e+06	0	0	349	0	0	0	0	0	0	0	0	0	
1.24512e+06	0	0	323	0	0	0	0	0	0	0	0	0	
1.24588e+06	0	0	319	0	0	0	0	0	0	0	0	0	
1.24662e+06	0	114	295	0	0	0	0	0	0	0	0	0	
1.24737e+06	0	389	0	0	0	0	0	0	0	0	0	0	
1.24813e+06	0	373	0	0	0	0	0	0	0	0	0	0	
1.24888e+06	0	429	0	0	0	0	0	0	0	0	0	0	
1.24963e+06	0	433	0	0	0	0	0	0	0	0	0	0	
1.25038e+06	0	397	0	0	0	0	0	0	0	0	0	0	
1.25113e+06	0	361	0	0	0	0	0	0	0	0	0	0	
1.25188e+06	0	379	0	0	0	0	0	0	0	0	0	0	
1.25263e+06	0	399	0	0	0	0	0	0	0	0	0	0	
1.25338e+06	0	401	0	0	0	0	0	0	0	0	0	0	
1.25413e+06	0	385	0	0	0	0	0	0	0	0	0	0	
1.25488e+06	0	391	0	0	0	0	0	0	0	0	0	0	
1.25563e+06	0	393	0	0	0	0	0	0	0	0	0	0	
1.25639e+06	0	409	0	0	0	0	0	0	0	0	0	0	
1.25714e+06	0	403	0	0	0	0	0	0	0	0	0	0	
1.25788e+06	36	375	0	0	0	0	0	0	0	0	0	0	
1.25863e+06	114	293	0	0	0	0	0	0	0	0	0	0	
1.25938e+06	0	427	0	0	0	0	0	0	0	0	0	0	
1.26013e+06	0	425	0	0	0	0	0	0	0	0	0	0	
1.26088e+06	0	393	0	0	0	0	0	0	0	0	0	0	
1.26163e+06	0	379	0	0	0	0	0	0	0	0	0	0	
1.26238e+06	0	367	0	0	0	0	0	0	0	0	0	0	
1.26313e+06	0	413	0	0	0	0	0	0	0	0	0	0	
1.26388e+06	0	411	0	0	0	0	0	0	0	0	0	0	
1.26463e+06	0	409	0	0	0	0	0	0	0	0	0	0	
1.26538e+06	0	387	0	0	0	0	0	0	0	0	0	0	
1.26613e+06	3	398	0	0	0	0	0	0	0	0	0	0	
1.26688e+06	0	391	0	0	0	0	0	0	0	0	0	0	
1.26763e+06	0	409	0	0	0	0	0	0	0	0	0	0	
1.26838e+06	1	392	0	0	0	0	0	0	0	0	0	0	
1.26912e+06	0	415	0	0	0	0	0	0	0	0	0	0	
1.26987e+06	0	395	0	0	0	0	0	0	0	0	0	0	
1.27062e+06	0	407	0	0	0	0	0	0	0	0	0	0	
1.27137e+06	0	385	0	0	0	0	0	0	0	0	0	0	
1.27212e+06	0	431	0	0	0	0	0	0	0	0	0	0	
1.27287e+06	0	381	0	0	0	0	0	0	0	0	0	0	
1.27362e+06	0	381	0	0	0	0	0	0	0	0	0	0	
1.27437e+06	367	84	0	0	0	0	0	0	0	0	0	0	
1.27512e+06	503	0	0	0	0	0	0	0	0	0	0	0	
1.27587e+06	483	0	0	0	0	0	0	0	0	0	0	0	
1.27662e+06	485	0	0	0	0	0	0	0	0	0	0	0	
1.27737e+06	529	0	0	0	0	0	0	0	0	0	0	0	
1.27812e+06	462	5	0	0	0	0	0	0	0	0	0	0	
1.27887e+06	505	0	0	0	0	0	0	0	0	0	0	0	
1.27962e+06	493	0	0	0	0	0	0	0	0	0	0	0	
1.28037e+06	489	0	0	0	0	0	0	0	0	0	0	0	
1.28112e+06	503	0	0	0	0	0	0	0	0	0	0	0	
1.28187e+06	493	22	0	0	0	0	0	0	0	0	0	0	
1.28262e+06	0	359	20	0	0	0	0	0	0	0	0	0	
1.28336e+06	0	425	0	0	0	0	0	0	0	0	0	0	
1.28412e+06	12	364	1	0	0	0	0	0	0	0	0	0	
1.28487e+06	0	403	0	0	0	0	0	0	0	0	0	0	
1.28561e+06	0	405	0	0	0	0	0	0	0	0	0	0	
1.28637e+06	0	383	0	0	0	0	0	0	0	0	0	0	
1.28711e+06	0	435	0	0	0	0	0	0	0	0	0	0	
1.28787e+06	0	421	0	0	0	0	0	0	0	0	0	0	
1.28862e+06	0	365	0	0	0	0	0	0	0	0	0	0	
1.28937e+06	0	375	0	0	0	0	0	0	0	0	0	0	
1.29012e+06	0	385	0	0	0	0	0	0	0	0	0	0	
1.29087e+06	0	383	0	0	0	0	0	0	0	0	0	0	
1.29162e+06	0	423	0	0	0	0	0	0	0	0	0	0	
1.29237e+06	0	403	0	0	0	0	0	0	0	0	0	0	
1.29312e+06	0	389	0	0	0	0	0	0	0	0	0	0	
1.29387e+06	1	382	0	0	0	0	0	0	0	0	0	0	
1.29462e+06	0	397	0	0	0	0	0	0	0	0	0	0	
1.29537e+06	0	371	0	0	0	0	0	0	0	0	0	0	
1.29612e+06	0	423	0	0	0	0	0	0	0	0	0	0	
1.29687e+06	0	373	0	0	0	0	0	0	0	0	0	0	
1.29762e+06	0	377	0	0	0	0	0	0	0	0	0	0	
1.29836e+06	0	439	0	0	0	0	0	0	0	0	0	0	
1.29911e+06	0	383	0	0	0	0	0	0	0	0	0	0	
1.29986e+06	0	425	0	0	0	0	0	0	0	0	0	0	
1.30061e+06	0	433	0	0	0	0	0	0	0	0	0	0	
1.30136e+06	0	385	0	0	0	0	0	0	0	0	0	0	
1.30211e+06	0	369	0	0	0	0	0	0	0	0	0	0	
1.30286e+06	0	421	0	0	0	0	0	0	0	0	0	0	
1.30361e+06	0	387	0	0	0	0	0	0	0	0	0	0	
1.30436e+06	0	411	0	0	0	0	0	0	0	0	0	0	
1.30511e+06	0	365	0	0	0	0	0	0	0	0	0	0	
1.30586e+06	0	395	0	0	0	0	0	0	0	0	0	0	
1.30661e+06	0	391	0	0	0	0	0	0	0	0	0	0	
1.30736e+06	0	389	0	0	0	0	0	0	0	0	0	0	
1.30811e+06	0	365	0	0	0	0	0	0	0	0	0	0	
1.30886e+06	0	413	0	0	0	0	0	0	0	0	0	0	
1.30961e+06	0	397	0	0	0	0	0	0	0	0	0	0	
1.31036e+06	0	387	0	0	0	0	0	0	0	0	0	0	
1.31111e+06	0	361	0	0	0	0	0	0	0	0	0	0	
1.31186e+06	0	403	0	0	0	0	0	0	0	0	0	0	
1.31261e+06	1	370	0	0	0	0	0	0	0	0	0	0	
1.31336e+06	0	429	0	0	0	0	0	0	0	0	0	0	
1.31411e+06	0	399	0	0	0	0	0	0	0	0	0	0	
1.31486e+06	0	421	0	0	0	0	0	0	0	0	0	0	
1.31561e+06	0	403	0	0	0	0	0	0	0	0	0	0	
1.31636e+06	0	369	0	0	0	0	0	0	0	0	0	0	
1.31711e+06	0	383	0	0	0	0	0	0	0	0	0	0	
1.31786e+06	0	421	0	0	0	0	0	0	0	0	0	0	
1.31861e+06	0	415	0	0	0	0	0	0	0	0	0	0	
1.31936e+06	0	423	0	0	0	0	0	0	0	0	0	0	
1.32011e+06	0	397	0	0	0	0	0	0	0	0	0	0	
1.32086e+06	0	397	0	0	0	0	0	0	0	0	0	0	
1.3216e+06	0	405	0	0	0	0	0	0	0	0	0	0	
1.32235e+06	0	387	0	0	0	0	0	0	0	0	0	0	
1.32311e+06	0	419	0	0	0	0	0	0	0	0	0	0	
1.32385e+06	0	407	0	0	0	0	0	0	0	0	0	0	
1.3246e+06	0	401	0	0	0	0	0	0	0	0	0	0	
1.32535e+06	10	407	0	0	0	0	0	0	0	0	0	0	
1.3261e+06	0	389	0	0	0	0	0	0	0	0	0	0	
1.32686e+06	0	397	0	0	0	0	0	0	0	0	0	0	
1.32761e+06	0	395	0	0	0	0	0	0	0	0	0	0	
1.32836e+06	0	401	0	0	0	0	0	0	0	0	0	0	
1.32911e+06	0	385	0	0	0	0	0	0	0	0	0	0	
1.32986e+06	5	384	0	0	0	0	0	0	0	0	0	0	
1.33061e+06	0	403	0	0	0	0	0	0	0	0	0	0	
1.33136e+06	0	417	0	0	0	0	0	0	0	0	0	0	
1.33211e+06	0	403	0	0	0	0	0	0	0	0	0	0	
1.33286e+06	0	393	0	0	0	0	0	0	0	0	0	0	
1.33361e+06	0	373	0	0	0	0	0	0	0	0	0	0	
1.33436e+06	0	387	0	0	0	0	0	0	0	0	0	0	
1.33511e+06	0	391	0	0	0	0	0	0	0	0	0	0	
1.33586e+06	0	389	0	0	0	0	0	0	0	0	0	0	
1.33661e+06	0	367	0	0	0	0	0	0	0	0	0	0	
1.33737e+06	0	403	0	0	0	0	0	0	0	0	0	0	
1.33812e+06	0	387	0	0	0	0	0	0	0	0	0	0	
1.33887e+06	0	389	0	0	0	0	0	0	0	0	0	0	
1.33962e+06	0	401	0	0	0	0	0	0	0	0	0	0	
1.34037e+06	0	411	0	0	0	0	0	0	0	0	0	0	
1.34112e+06	0	391	0	0	0	0	0	0	0	0	0	0	
1.34187e+06	0	385	0	0	0	0	0	0	0	0	0	0	
1.34262e+06	0	411	0	0	0	0	0	0	0	0	0	0	
1.34337e+06	0	439	0	0	0	0	0	0	0	0	0	0	
1.34413e+06	0	379	0	0	0	0	0	0	0	0	0	0	
1.34488e+06	0	415	0	0	0	0	0	0	0	0	0	0	
1.34563e+06	0	411	0	0	0	0	0	0	0	0	0	0	
1.34638e+06	0	367	0	0	0	0	0	0	0	0	0	0	
1.34713e+06	0	0	345	0	0	0	0	0	0	0	0	0	
1.34789e+06	0	0	323	0	0	0	0	0	0	0	0	0	
1.34864e+06	0	0	339	0	0	0	0	0	0	0	0	0	
1.34939e+06	0	0	355	0	0	0	0	0	0	0	0	0	
1.35014e+06	0	0	311	0	0	0	0	0	0	0	0	0	
1.35089e+06	0	0	333	0	0	0	0	0	0	0	0	0	
1.35164e+06	0	0	331	0	0	0	0	0	0	0	0	0	
1.35239e+06	0	0	319	0	0	0	0	0	0	0	0	0	
1.35314e+06	0	0	301	0	0	0	0	0	0	0	0	0	
1.35389e+06	0	0	289	0	0	0	0	0	0	0	0	0	
1.35464e+06	0	0	319	0	0	0	0	0	0	0	0	0	
1.35539e+06	0	0	321	0	0	0	0	0	0	0	0	0	
1.35614e+06	0	3	316	0	0	0	0	0	0	0	0	0	
1.35689e+06	0	0	313	0	0	0	0	0	0	0	0	0	
1.35764e+06	0	0	307	0	0	0	0	0	0	0	0	0	
1.35839e+06	0	112	213	0	0	0	0	0	0	0	0	0	
1.35913e+06	150	291	0	0	0	0	0	0	0	0	0	0	
1.35988e+06	0	391	0	0	0	0	0	0	0	0	0	0	
1.36063e+06	0	417	0	0	0	0	0	0	0	0	0	0	
1.36137e+06	1	418	0	0	0	0	0	0	0	0	0	0	
1.36212e+06	179	248	0	0	0	0	0	0	0	0	0	0	
1.36287e+06	376	101	0	0	0	0	0	0	0	0	0	0	
1.36362e+06	475	0	0	0	0	0	0	0	0	0	0	0	
1.36438e+06	525	0	0	0	0	0	0	0	0	0	0	0	
1.36512e+06	470	5	0	0	0	0	0	0	0	0	0	0	
1.36587e+06	517	0	0	0	0	0	0	0	0	0	0	0	
1.36662e+06	461	0	0	0	0	0	0	0	0	0	0	0	
1.36737e+06	493	0	0	0	0	0	0	0	0	0	0	0	
1.36812e+06	487	0	0	0	0	0	0	0	0	0	0	0	
1.36888e+06	531	0	0	0	0	0	0	0	0	0	0	0	
1.36962e+06	533	0	0	0	0	0	0	0	0	0	0	0	
1.37037e+06	481	0	0	0	0	0	0	0	0	0	0	0	
1.37112e+06	501	0	0	0	0	0	0	0	0	0	0	0	
1.37187e+06	465	0	0	0	0	0	0	0	0	0	0	0	
1.37262e+06	455	0	0	0	0	0	0	0	0	0	0	0	
1.37338e+06	485	0	0	0	0	0	0	0	0	0	0	0	
1.37413e+06	489	0	0	0	0	0	0	0	0	0	0	0	
1.37488e+06	505	0	0	0	0	0	0	0	0	0	0	0	
1.37563e+06	511	0	0	0	0	0	0	0	0	0	0	0	
1.37638e+06	465	0	0	0	0	0	0	0	0	0	0	0	
1.37713e+06	491	0	0	0	0	0	0	0	0	0	0	0	
1.37788e+06	493	0	0	0	0	0	0	0	0	0	0	0	
1.37863e+06	515	0	0	0	0	0	0	0	0	0	0	0	
1.37938e+06	501	0	0	0	0	0	0	0	0	0	0	0	
1.38013e+06	489	0	0	0	0	0	0	0	0	0	0	0	
1.38088e+06	515	0	0	0	0	0	0	0	0	0	0	0	
1.38163e+06	463	0	0	0	0	0	0	0	0	0	0	0	
1.38238e+06	499	0	0	0	0	0	0	0	0	0	0	0	
1.38313e+06	477	0	0	0	0	0	0	0	0	0	0	0	
1.38388e+06	465	0	0	0	0	0	0	0	0	0	0	0	
1.38463e+06	409	32	0	0	0	0	0	0	0	0	0	0	
1.38538e+06	439	0	0	0	0	0	0	0	0	0	0	0	
1.38613e+06	491	0	0	0	0	0	0	0	0	0	0	0	
1.38688e+06	509	0	0	0	0	0	0	0	0	0	0	0	
1.38763e+06	441	0	0	0	0	0	0	0	0	0	0	0	
1.38838e+06	483	0	0	0	0	0	0	0	0	0	0	0	
1.38912e+06	487	0	0	0	0	0	0	0	0	0	0	0	
1.38987e+06	473	0	0	0	0	0	0	0	0	0	0	0	
1.39063e+06	529	0	0	0	0	0	0	0	0	0	0	0	
1.39137e+06	485	0	0	0	0	0	0	0	0	0	0	0	
1.39213e+06	475	0	0	0	0	0	0	0	0	0	0	0	
1.39287e+06	449	0	0	0	0	0	0	0	0	0	0	0	
1.39362e+06	487	0	0	0	0	0	0	0	0	0	0	0	
1.39438e+06	457	0	0	0	0	0	0	0	0	0	0	0	
1.39513e+06	481	0	0	0	0	0	0	0	0	0	0	0	
1.39588e+06	499	0	0	0	0	0	0	0	0	0	0	0	
1.39663e+06	489	0	0	0	0	0	0	0	0	0	0	0	
1.39738e+06	463	0	0	0	0	0	0	0	0	0	0	0	
1.39813e+06	475	0	0	0	0	0	0	0	0	0	0	0	
1.39888e+06	495	0	0	0	0	0	0	0	0	0	0	0	
1.39963e+06	477	0	0	0	0	0	0	0	0	0	0	0	
1.40038e+06	455	0	0	0	0	0	0	0	0	0	0	0	
1.40113e+06	495	0	0	0	0	0	0	0	0	0	0	0	
1.40187e+06	481	0	0	0	0	0	0	0	0	0	0	0	
1.40262e+06	531	0	0	0	0	0	0	0	0	0	0	0	
1.40337e+06	519	0	0	0	0	0	0	0	0	0	0	0	
1.40412e+06	471	0	0	0	0	0	0	0	0	0	0	0	
1.40487e+06	479	0	0	0	0	0	0	0	0	0	0	0	
1.40561e+06	507	0	0	0	0	0	0	0	0	0	0	0	
1.40637e+06	493	0	0	0	0	0	0	0	0	0	0	0	
1.40711e+06	505	0	0	0	0	0	0	0	0	0	0	0	
1.40787e+06	485	0	0	0	0	0	0	0	0	0	0	0	
1.40862e+06	503	0	0	0	0	0	0	0	0	0	0	0	
1.40937e+06	485	0	0	0	0	0	0	0	0	0	0	0	
1.41012e+06	481	0	0	0	0	0	0	0	0	0	0	0	
1.41087e+06	457	0	0	0	0	0	0	0	0	0	0	0	
1.41162e+06	491	0	0	0	0	0	0	0	0	0	0	0	
1.41237e+06	513	0	0	0	0	0	0	0	0	0	0	0	
1.41312e+06	523	0	0	0	0	0	0	0	0	0	0	0	
1.41387e+06	481	0	0	0	0	0	0	0	0	0	0	0	
1.41462e+06	519	0	0	0	0	0	0	0	0	0	0	0	
1.41537e+06	501	0	0	0	0	0	0	0	0	0	0	0	
1.41612e+06	473	0	0	0	0	0	0	0	0	0	0	0	
1.41687e+06	475	0	0	0	0	0	0	0	0	0	0	0	
1.41762e+06	473	0	0	0	0	0	0	0	0	0	0	0	
1.41837e+06	449	0	0	0	0	0	0	0	0	0	0	0	
1.41912e+06	513	0	0	0	0	0	0	0	0	0	0	0	
1.41987e+06	513	0	0	0	0	0	0	0	0	0	0	0	
1.42062e+06	481	0	0	0	0	0	0	0	0	0	0	0	
1.42137e+06	541	0	0	0	0	0	0	0	0	0	0	0	
1.42212e+06	535	0	0	0	0	0	0	0	0	0	0	0	
1.42287e+06	481	0	0	0	0	0	0	0	0	0	0	0	
1.42362e+06	499	0	0	0	0	0	0	0	0	0	0	0	
1.42437e+06	513	0	0	0	0	0	0	0	0	0	0	0	
1.42512e+06	507	0	0	0	0	0	0	0	0	0	0	0	
1.42587e+06	505	0	0	0	0	0	0	0	0	0	0	0	
1.42662e+06	517	0	0	0	0	0	0	0	0	0	0	0	
1.42737e+06	501	0	0	0	0	0	0	0	0	0	0	0	
1.42812e+06	501	0	0	0	0	0	0	0	0	0	0	0	
1.42887e+06	447	0	0	0	0	0	0	0	0	0	0	0	
1.42961e+06	495	0	0	0	0	0	0	0	0	0	0	0	
1.43036e+06	459	0	0	0	0	0	0	0	0	0	0	0	
1.43111e+06	475	0	0	0	0	0	0	0	0	0	0	0	
1.43186e+06	497	0	0	0	0	0	0	0	0	0	0	0	
1.43261e+06	461	0	0	0	0	0	0	0	0	0	0	0	
1.43335e+06	449	0	0	0	0	0	0	0	0	0	0	0	
1.4341e+06	467	0	0	0	0	0	0	0	0	0	0	0	
1.43485e+06	459	0	0	0	0	0	0	0	0	0	0	0	
1.4356e+06	485	0	0	0	0	0	0	0	0	0	0	0	
1.43635e+06	489	0	0	0	0	0	0	0	0	0	0	0	
1.4371e+06	503	0	0	0	0	0	0	0	0	0	0	0	
1.43785e+06	471	0	0	0	0	0	0	0	0	0	0	0	
1.4386e+06	511	0	0	0	0	0	0	0	0	0	0	0	
1.43935e+06	499	0	0	0	0	0	0	0	0	0	0	0	
1.4401e+06	493	0	0	0	0	0	0	0	0	0	0	0	
1.44085e+06	521	0	0	0	0	0	0	0	0	0	0	0	
1.4416e+06	471	0	0	0	0	0	0	0	0	0	0	0	
1.44235e+06	509	0	0	0	0	0	0	0	0	0	0	0	
1.4431e+06	487	0	0	0	0	0	0	0	0	0	0	0	
1.44385e+06	487	0	0	0	0	0	0	0	0	0	0	0	
1.4446e+06	515	0	0	0	0	0	0	0	0	0	0	0	
1.44535e+06	521	0	0	0	0	0	0	0	0	0	0	0	
1.4461e+06	473	0	0	0	0	0	0	0	0	0	0	0	
1.44685e+06	477	0	0	0	0	0	0	0	0	0	0	0	
1.4476e+06	523	0	0	0	0	0	0	0	0	0	0	0	
1.44835e+06	467	0	0	0	0	0	0	0	0	0	0	0	
1.44909e+06	489	0	0	0	0	0	0	0	0	0	0	0	
1.44984e+06	477	0	0	0	0	0	0	0	0	0	0	0	
1.45059e+06	471	0	0	0	0	0	0	0	0	0	0	0	
1.45134e+06	483	0	0	0	0	0	0	0	0	0	0	0	
1.4521e+06	523	0	0	0	0	0	0	0	0	0	0	0	
1.45284e+06	307	158	0	0	0	0	0	0	0	0	0	0	
1.45359e+06	495	0	0	0	0	0	0	0	0	0	0	0	
1.45435e+06	479	0	0	0	0	0	0	0	0	0	0	0	
1.4551e+06	495	0	0	0	0	0	0	0	0	0	0	0	
1.45585e+06	493	0	0	0	0	0	0	0	0	0	0	0	
1.4566e+06	477	0	0	0	0	0	0	0	0	0	0	0	
1.45735e+06	487	0	0	0	0	0	0	0	0	0	0	0	
1.4581e+06	471	0	0	0	0	0	0	0	0	0	0	0	
1.45885e+06	477	0	0	0	0	0	0	0	0	0	0	0	
1.4596e+06	513	0	0	0	0	0	0	0	0	0	0	0	
1.46035e+06	475	0	0	0	0	0	0	0	0	0	0	0	
1.4611e+06	493	0	0	0	0	0	0	0	0	0	0	0	
1.46185e+06	521	0	0	0	0	0	0	0	0	0	0	0	
1.4626e+06	451	0	0	0	0	0	0	0	0	0	0	0	
1.46335e+06	487	0	0	0	0	0	0	0	0	0	0	0	
1.4641e+06	519	0	0	0	0	0	0	0	0	0	0	0	
1.46485e+06	489	0	0	0	0	0	0	0	0	0	0	0	
1.46559e+06	489	0	0	0	0	0	0	0	0	0	0	0	
1.46634e+06	493	0	0	0	0	0	0	0	0	0	0	0	
1.46709e+06	481	0	0	0	0	0	0	0	0	0	0	0	
1.46785e+06	483	0	0	0	0	0	0	0	0	0	0	0	
1.46859e+06	507	0	0	0	0	0	0	0	0	0	0	0	
1.46934e+06	435	0	0	0	0	0	0	0	0	0	0	0	
1.47009e+06	505	0	0	0	0	0	0	0	0	0	0	0	
1.47085e+06	543	0	0	0	0	0	0	0	0	0	0	0	
1.4716e+06	475	0	0	0	0	0	0	0	0	0	0	0	
1.47234e+06	477	0	0	0	0	0	0	0	0	0	0	0	
1.47309e+06	481	2	0	0	0	0	0	0	0	0	0	0	
1.47384e+06	467	0	0	0	0	0	0	0	0	0	0	0	
1.47459e+06	463	0	0	0	0	0	0	0	0	0	0	0	
1.47534e+06	481	0	0	0	0	0	0	0	0	0	0	0	
1.47609e+06	466	21	0	0	0	0	0	0	0	0	0	0	
1.47684e+06	491	0	0	0	0	0	0	0	0	0	0	0	
1.47759e+06	495	0	0	0	0	0	0	0	0	0	0	0	
1.47834e+06	503	0	0	0	0	0	0	0	0	0	0	0	
1.47909e+06	475	0	0	0	0	0	0	0	0	0	0	0	
1.47984e+06	511	0	0	0	0	0	0	0	0	0	0	0	
1.48059e+06	479	0	0	0	0	0	0	0	0	0	0	0	
1.48134e+06	499	0	0	0	0	0	0	0	0	0	0	0	
1.48209e+06	481	0	0	0	0	0	0	0	0	0	0	0	
1.48284e+06	521	0	0	0	0	0	0	0	0	0	0	0	
1.48359e+06	469	0	0	0	0	0	0	0	0	0	0	0	
1.48434e+06	499	0	0	0	0	0	0	0	0	0	0	0	
1.48509e+06	501	0	0	0	0	0	0	0	0	0	0	0	
1.48584e+06	489	0	0	0	0	0	0	0	0	0	0	0	
1.48659e+06	491	0	0	0	0	0	0	0	0	0	0	0	
1.48734e+06	515	0	0	0	0	0	0	0	0	0	0	0	
1.48809e+06	537	0	0	0	0	0	0	0	0	0	0	0	
1.48884e+06	487	0	0	0	0	0	0	0	0	0	0	0	
1.4896e+06	479	0	0	0	0	0	0	0	0	0	0	0	
1.49034e+06	459	0	0	0	0	0	0	0	0	0	0	0	
1.49109e+06	273	198	0	0	0	0	0	0	0	0	0	0	
1.49184e+06	0	379	0	0	0	0	0	0	0	0	0	0	
1.49259e+06	0	367	0	0	0	0	0	0	0	0	0	0	
1.49334e+06	0	425	0	0	0	0	0	0	0	0	0	0	
1.49409e+06	92	309	0	0	0	0	0	0	0	0	0	0	
1.49484e+06	0	397	0	0	0	0	0	0	0	0	0	0	
1.4956e+06	0	399	0	0	0	0	0	0	0	0	0	0	
1.49635e+06	0	427	0	0	0	0	0	0	0	0	0	0	
1.4971e+06	0	397	0	0	0	0	0	0	0	0	0	0	
1.49785e+06	1	422	0	0	0	0	0	0	0	0	0	0	
1.4986e+06	0	371	0	0	0	0	0	0	0	0	0	0	
1.49935e+06	0	435	0	0	0	0	0	0	0	0	0	0	
1.5001e+06	0	359	0	0	0	0	0	0	0	0	0	0	
1.5001e+06	0	359	0	0	0	0	0	0	0	0	0	0	
