Time	s0	s1	s2	s3	s4	s5	s6	s7	s8	s9	s10	s11	
0	0	0	0	0	0	0	0	0	0	0	0	200	
0.000947827	0	0	0	0	0	0	0	0	0	0	0	199	
747.083	0	0	0	0	0	0	0	0	0	0	0	39	
1495.41	0	0	0	0	0	0	0	0	0	0	0	53	
2245.96	0	0	0	0	0	0	0	0	0	0	0	49	
2992.75	0	0	0	0	0	0	0	0	0	0	67	0	
3741.95	0	0	0	0	0	0	0	0	0	0	63	0	
4491.2	0	0	0	0	0	0	0	0	0	0	65	0	
5241.03	0	0	0	0	0	0	0	0	0	0	67	0	
5991.7	0	0	0	0	0	0	0	0	0	0	61	0	
6739.57	0	0	0	0	0	0	0	0	0	0	65	0	
7489.65	0	0	0	0	0	0	0	0	0	0	59	0	
8238.39	0	0	0	0	0	0	0	0	0	77	0	0	
8989.08	0	0	0	0	0	0	0	0	0	75	0	0	
9740.4	0	0	0	0	0	0	0	0	0	79	0	0	
10488.7	0	0	0	0	0	0	0	0	0	89	0	0	
11237.3	0	0	0	0	0	0	0	0	0	73	0	0	
11986.1	0	0	0	0	0	0	0	0	0	83	0	0	
12736.2	0	0	0	0	0	0	0	0	0	79	0	0	
13485.9	0	0	0	0	0	0	0	0	101	0	0	0	
14238.5	0	0	0	0	0	0	0	0	83	0	0	0	
14985.7	0	0	0	0	0	0	0	0	111	0	0	0	
15736	0	0	0	0	0	0	0	0	83	0	0	0	
16485.9	0	0	0	0	0	0	0	0	0	67	0	0	
17237.4	0	0	0	0	0	0	0	0	0	83	0	0	
17984.5	0	0	0	0	0	0	0	0	0	73	0	0	
18732.1	0	0	0	0	0	0	0	0	0	79	0	0	
19480.2	0	0	0	0	0	0	0	0	0	73	0	0	
20232	0	0	0	0	0	0	0	0	0	65	0	0	
20980.5	0	0	0	0	0	0	0	0	0	61	0	0	
21731.5	0	0	0	0	0	0	0	0	0	64	3	0	
22480	0	0	0	0	0	0	0	0	0	79	0	0	
23229.9	0	0	0	0	0	0	0	0	0	63	0	0	
23980.2	0	0	0	0	0	0	0	0	99	0	0	0	
24730.6	0	0	0	0	0	0	0	0	89	0	0	0	
25481.9	0	0	0	0	0	0	0	0	99	0	0	0	
26229.9	0	0	0	0	0	0	0	0	107	0	0	0	
26978	0	0	0	0	0	0	0	0	99	0	0	0	
27725.7	0	0	0	0	0	0	0	0	93	0	0	0	
28475.1	0	0	0	0	0	0	0	0	97	0	0	0	
29228.6	0	0	0	0	0	0	0	0	97	0	0	0	
29978.7	0	0	0	0	0	0	0	0	81	0	0	0	
30731.6	0	0	0	0	0	0	0	0	97	0	0	0	
31481.1	0	0	0	0	0	0	0	0	85	0	0	0	
32228.9	0	0	0	0	0	0	0	0	73	0	0	0	
32976.8	0	0	0	0	0	0	0	0	95	0	0	0	
33727.6	0	0	0	0	0	0	0	0	109	0	0	0	
34475.6	0	0	0	0	0	0	0	0	95	0	0	0	
35226	0	0	0	0	0	0	0	0	91	0	0	0	
35976.5	0	0	0	0	0	0	0	0	87	0	0	0	
36724.2	0	0	0	0	0	0	0	0	93	0	0	0	
37475.9	0	0	0	0	0	0	0	0	101	0	0	0	
38228.9	0	0	0	0	0	0	0	0	91	0	0	0	
38979.4	0	0	0	0	0	0	0	0	95	0	0	0	
39729.2	0	0	0	0	0	0	0	0	103	0	0	0	
40477.5	0	0	0	0	0	0	0	0	97	0	0	0	
41228.4	0	0	0	0	0	0	0	0	99	0	0	0	
41980.5	0	0	0	0	0	0	0	0	99	0	0	0	
42730.7	0	0	0	0	0	0	0	0	111	0	0	0	
43482.3	0	0	0	0	0	0	0	0	99	0	0	0	
44232.8	0	0	0	0	0	0	0	0	89	0	0	0	
44981.5	0	0	0	0	0	0	0	0	95	0	0	0	
45729.2	0	0	0	0	0	0	0	0	99	0	0	0	
46475.7	0	0	0	0	0	0	0	0	89	0	0	0	
47224.4	0	0	0	0	0	0	0	0	99	0	0	0	
47972.2	0	0	0	0	0	0	0	0	89	0	0	0	
48721.1	0	0	0	0	0	0	0	0	105	0	0	0	
49471.6	0	0	0	0	0	0	0	0	83	0	0	0	
50223	0	0	0	0	0	0	0	0	85	0	0	0	
50973.3	0	0	0	0	0	0	0	0	91	0	0	0	
51722.9	0	0	0	0	0	0	0	0	0	89	0	0	
52472.7	0	0	0	0	0	0	0	0	0	87	0	0	
53221.3	0	0	0	0	0	0	0	0	0	71	0	0	
53970.9	0	0	0	0	0	0	0	0	0	71	0	0	
54719.4	0	0	0	0	0	0	0	0	0	67	0	0	
55469.2	0	0	0	0	0	0	0	0	0	73	0	0	
56217.7	0	0	0	0	0	0	0	0	0	75	0	0	
56967.5	0	0	0	0	0	0	0	0	0	89	0	0	
57717	0	0	0	0	0	0	0	0	0	73	0	0	
58469.3	0	0	0	0	0	0	0	0	0	71	0	0	
59221.5	0	0	0	0	0	0	0	0	0	77	0	0	
59975	0	0	0	0	0	0	0	0	0	69	0	0	
60724	0	0	0	0	0	0	0	0	0	73	0	0	
61475.7	0	0	0	0	0	0	0	0	0	85	0	0	
62226.5	0	0	0	0	0	0	0	0	0	73	0	0	
62975.1	0	0	0	0	0	0	0	0	0	79	0	0	
63724.6	0	0	0	0	0	0	0	0	0	87	0	0	
64474.7	0	0	0	0	0	0	0	0	0	71	0	0	
65222.8	0	0	0	0	0	0	0	0	0	69	0	0	
65976.2	0	0	0	0	0	0	0	0	0	81	0	0	
66726.7	0	0	0	0	0	0	0	0	0	67	0	0	
67479.6	0	0	0	0	0	0	0	0	0	73	0	0	
68227.2	0	0	0	0	0	0	0	0	0	69	0	0	
68975.7	0	0	0	0	0	0	0	0	0	87	0	0	
69727.7	0	0	0	0	0	0	0	0	0	59	0	0	
70480.8	0	0	0	0	0	0	0	0	0	79	0	0	
71230.2	0	0	0	0	0	0	0	0	103	0	0	0	
71976.3	0	0	0	0	0	0	0	0	111	0	0	0	
72726.5	0	0	0	0	0	0	0	0	107	0	0	0	
73479.2	0	0	0	0	0	0	0	0	101	0	0	0	
74230.6	0	0	0	0	0	0	0	0	87	0	0	0	
74978.6	0	0	0	0	0	0	0	0	85	0	0	0	
75729.2	0	0	0	0	0	0	0	0	97	0	0	0	
76479.2	0	0	0	0	0	0	0	0	99	0	0	0	
77227.7	0	0	0	0	0	0	0	0	89	0	0	0	
77974.9	0	0	0	0	0	0	0	0	103	0	0	0	
78724.2	0	0	0	0	0	0	0	0	93	0	0	0	
79473.7	0	0	0	0	0	0	0	0	95	0	0	0	
80225	0	0	0	0	0	0	0	0	95	0	0	0	
80974.7	0	0	0	0	0	0	0	0	103	0	0	0	
81726.3	0	0	0	0	0	0	0	0	0	57	0	0	
82476.9	0	0	0	0	0	0	0	0	0	85	0	0	
83226.9	0	0	0	0	0	0	0	0	0	67	0	0	
83976.8	0	0	0	0	0	0	0	0	0	73	0	0	
84727.7	0	0	0	0	0	0	0	0	0	61	0	0	
85479	0	0	0	0	0	0	0	0	0	67	0	0	
86229.9	0	0	0	0	0	0	0	0	0	67	0	0	
86978.8	0	0	0	0	0	0	0	0	0	95	0	0	
87726.5	0	0	0	0	0	0	0	0	0	77	0	0	
88475	0	0	0	0	0	0	0	0	0	79	0	0	
89227	0	0	0	0	0	0	0	0	0	73	0	0	
89978.6	0	0	0	0	0	0	0	0	0	61	0	0	
90728.3	0	0	0	0	0	0	0	0	0	63	0	0	
91477.2	0	0	0	0	0	0	0	0	0	65	0	0	
92230.8	0	0	0	0	0	0	0	0	0	67	0	0	
92982.1	0	0	0	0	0	0	0	0	0	0	69	0	
93731.6	0	0	0	0	0	0	0	0	0	0	61	0	
94483.8	0	0	0	0	0	0	0	0	0	0	57	0	
95231.3	0	0	0	0	0	0	0	0	0	0	59	0	
95980.6	0	0	0	0	0	0	0	0	0	0	75	0	
96725.9	0	0	0	0	0	0	0	0	0	0	61	0	
97475.4	0	0	0	0	0	0	0	0	0	0	77	0	
98222.7	0	0	0	0	0	0	0	0	0	0	57	0	
98971.4	0	0	0	0	0	0	0	0	0	0	57	0	
99720.8	0	0	0	0	0	0	0	0	0	0	65	0	
100472	0	0	0	0	0	0	0	0	0	0	57	0	
101221	0	0	0	0	0	0	0	0	0	0	61	0	
101970	0	0	0	0	0	0	0	0	0	0	85	0	
102719	0	0	0	0	0	0	0	0	0	0	59	0	
103468	0	0	0	0	0	0	0	0	0	0	45	0	
104217	0	0	0	0	0	0	0	0	0	81	0	0	
104969	0	0	0	0	0	0	0	0	0	69	0	0	
105721	0	0	0	0	0	0	0	0	93	0	0	0	
106472	0	0	0	0	0	0	0	0	101	0	0	0	
107222	0	0	0	0	0	0	0	0	83	0	0	0	
107974	0	0	0	0	0	0	0	0	81	0	0	0	
108726	0	0	0	0	0	0	0	0	97	0	0	0	
109477	0	0	0	0	0	0	0	0	81	0	0	0	
110226	0	0	0	0	0	0	0	0	0	79	0	0	
110979	0	0	0	0	0	0	0	0	0	1	54	0	
111730	0	0	0	0	0	0	0	0	0	0	57	0	
112479	0	0	0	0	0	0	0	0	0	0	79	0	
113229	0	0	0	0	0	0	0	0	0	0	73	0	
113981	0	0	0	0	0	0	0	0	0	0	69	0	
114731	0	0	0	0	0	0	0	0	0	0	61	0	
115484	0	0	0	0	0	0	0	0	0	0	79	0	
116236	0	0	0	0	0	0	0	0	0	0	69	0	
116983	0	0	0	0	0	0	0	0	0	0	59	0	
117734	0	0	0	0	0	0	0	0	0	0	55	0	
118484	0	0	0	0	0	0	0	0	0	0	0	53	
119236	0	0	0	0	0	0	0	0	0	0	0	55	
119987	0	0	0	0	0	0	0	0	0	0	0	43	
120738	0	0	0	0	0	0	0	0	0	0	0	49	
121484	0	0	0	0	0	0	0	0	0	0	0	47	
122234	0	0	0	0	0	0	0	0	0	0	0	61	
122989	0	0	0	0	0	0	0	0	0	0	0	49	
123739	0	0	0	0	0	0	0	0	0	0	0	49	
124487	0	0	0	0	0	0	0	0	0	0	0	53	
125239	0	0	0	0	0	0	0	0	0	0	0	43	
125989	0	0	0	0	0	0	0	0	0	0	0	39	
126736	0	0	0	0	0	0	0	0	0	0	0	51	
127488	0	0	0	0	0	0	0	0	0	0	0	41	
128238	0	0	0	0	0	0	0	0	0	0	67	0	
128988	0	0	0	0	0	0	0	0	0	0	53	0	
129738	0	0	0	0	0	0	0	0	0	0	49	0	
130485	0	0	0	0	0	0	0	0	0	0	59	0	
131235	0	0	0	0	0	0	0	0	0	0	59	0	
131988	0	0	0	0	0	0	0	0	0	0	57	0	
132739	0	0	0	0	0	0	0	0	0	0	55	0	
133491	0	0	0	0	0	0	0	0	0	0	51	0	
134238	0	0	0	0	0	0	0	0	0	0	47	0	
134989	0	0	0	0	0	0	0	0	0	0	59	0	
135740	0	0	0	0	0	0	0	0	0	0	65	0	
136488	0	0	0	0	0	0	0	0	0	85	0	0	
137239	0	0	0	0	0	0	0	0	0	83	0	0	
137991	0	0	0	0	0	0	0	0	0	73	0	0	
138742	0	0	0	0	0	0	0	0	0	65	0	0	
139491	0	0	0	0	0	0	0	0	0	87	0	0	
140244	0	0	0	0	0	0	0	0	91	0	0	0	
140988	0	0	0	0	0	0	0	0	87	0	0	0	
141740	0	0	0	0	0	0	0	0	97	0	0	0	
142491	0	0	0	0	0	0	0	0	85	0	0	0	
143244	0	0	0	0	0	0	0	0	95	0	0	0	
143992	0	0	0	0	0	0	0	0	93	0	0	0	
144741	0	0	0	0	0	0	0	0	85	0	0	0	
145493	0	0	0	0	0	0	0	0	115	0	0	0	
146245	0	0	0	0	0	0	0	0	107	0	0	0	
146996	0	0	0	0	0	0	0	0	97	0	0	0	
147745	0	0	0	0	0	0	0	0	93	0	0	0	
148500	0	0	0	0	0	0	0	0	85	0	0	0	
149253	0	0	0	0	0	0	0	0	101	0	0	0	
150005	0	0	0	0	0	0	0	0	85	0	0	0	
150752	0	0	0	0	0	0	0	0	89	0	0	0	
151501	0	0	0	0	0	0	0	0	0	77	0	0	
152254	0	0	0	0	0	0	0	0	0	89	0	0	
153002	0	0	0	0	0	0	0	0	0	83	0	0	
153753	0	0	0	0	0	0	0	0	0	75	0	0	
154503	0	0	0	0	0	0	0	0	0	79	0	0	
155252	0	0	0	0	0	0	0	0	0	79	0	0	
156002	0	0	0	0	0	0	0	0	0	51	0	0	
156753	0	0	0	0	0	0	0	0	99	0	0	0	
157502	0	0	0	0	0	0	0	0	81	0	0	0	
158252	0	0	0	0	0	0	0	1	80	0	0	0	
159001	0	0	0	0	0	0	0	0	95	0	0	0	
159754	0	0	0	0	0	0	0	0	89	0	0	0	
160504	0	0	0	0	0	0	0	0	101	0	0	0	
161256	0	0	0	0	0	0	0	0	69	0	0	0	
162009	0	0	0	0	0	0	0	0	85	0	0	0	
162758	0	0	0	0	0	0	0	0	81	0	0	0	
163509	0	0	0	0	0	0	0	0	107	0	0	0	
164254	0	0	0	0	0	0	0	0	101	0	0	0	
165002	0	0	0	0	0	0	0	0	105	0	0	0	
165754	0	0	0	0	0	0	0	0	101	0	0	0	
166506	0	0	0	0	0	0	0	0	89	0	0	0	
167256	0	0	0	0	0	0	0	0	91	0	0	0	
168006	0	0	0	0	0	0	0	0	95	0	0	0	
168754	0	0	0	0	0	0	0	0	95	0	0	0	
169506	0	0	0	0	0	0	0	0	91	0	0	0	
170253	0	0	0	0	0	0	0	0	109	0	0	0	
171006	0	0	0	0	0	0	0	0	73	0	0	0	
171756	0	0	0	0	0	0	0	0	103	0	0	0	
172508	0	0	0	0	0	0	0	0	89	0	0	0	
173256	0	0	0	0	0	0	0	0	91	0	0	0	
174005	0	0	0	0	0	0	0	0	87	0	0	0	
174757	0	0	0	0	0	0	0	0	87	0	0	0	
175505	0	0	0	0	0	0	0	0	81	0	0	0	
176256	0	0	0	0	0	0	0	0	87	0	0	0	
177004	0	0	0	0	0	0	0	0	95	0	0	0	
177755	0	0	0	0	0	0	0	0	0	83	0	0	
178502	0	0	0	0	0	0	0	0	0	85	0	0	
179252	0	0	0	0	0	0	0	0	0	79	0	0	
180003	0	0	0	0	0	0	0	0	0	87	0	0	
180757	0	0	0	0	0	0	0	0	0	83	0	0	
181507	0	0	0	0	0	0	0	0	0	73	0	0	
182258	0	0	0	0	0	0	0	0	0	79	0	0	
183003	0	0	0	0	0	0	0	0	79	0	0	0	
183752	0	0	0	0	0	0	0	0	99	0	0	0	
184499	0	0	0	0	0	0	0	113	0	0	0	0	
185255	0	0	0	0	0	0	0	117	0	0	0	0	
186005	0	0	0	0	0	0	0	111	0	0	0	0	
186757	0	0	0	0	0	0	0	115	0	0	0	0	
187508	0	0	0	0	0	0	0	113	0	0	0	0	
188260	0	0	0	0	0	0	0	125	0	0	0	0	
189005	0	0	0	0	0	0	0	109	0	0	0	0	
189752	0	0	0	0	0	0	0	113	0	0	0	0	
190502	0	0	0	0	0	0	0	123	0	0	0	0	
191251	0	0	0	0	0	0	0	119	0	0	0	0	
192001	0	0	0	0	0	0	0	131	0	0	0	0	
192750	0	0	0	0	0	0	0	115	0	0	0	0	
193501	0	0	0	0	0	0	0	113	0	0	0	0	
194249	0	0	0	0	0	0	0	99	0	0	0	0	
194998	0	0	0	0	0	0	0	105	0	0	0	0	
195747	0	0	0	0	0	0	0	111	0	0	0	0	
196495	0	0	0	0	0	0	0	141	0	0	0	0	
197242	0	0	0	0	0	0	0	107	0	0	0	0	
197994	0	0	0	0	0	0	0	105	0	0	0	0	
198747	0	0	0	0	0	0	0	125	0	0	0	0	
199498	0	0	0	0	0	0	0	101	0	0	0	0	
200248	0	0	0	0	0	0	0	103	0	0	0	0	
200997	0	0	0	0	0	0	0	143	0	0	0	0	
201740	0	0	0	0	0	0	0	99	0	0	0	0	
202487	0	0	0	0	0	0	0	131	0	0	0	0	
203237	0	0	0	0	0	0	0	125	0	0	0	0	
203987	0	0	0	0	0	0	0	105	0	0	0	0	
204737	0	0	0	0	0	0	0	121	0	0	0	0	
205487	0	0	0	0	0	0	0	117	0	0	0	0	
206237	0	0	0	0	0	0	0	113	0	0	0	0	
206988	0	0	0	0	0	0	0	113	0	0	0	0	
207739	0	0	0	0	0	0	0	113	0	0	0	0	
208490	0	0	0	0	0	0	0	119	0	0	0	0	
209240	0	0	0	0	0	0	0	109	0	0	0	0	
209988	0	0	0	0	0	0	0	135	0	0	0	0	
210737	0	0	0	0	0	0	0	117	0	0	0	0	
211486	0	0	0	0	0	0	0	119	0	0	0	0	
212236	0	0	0	0	0	0	0	115	0	0	0	0	
212988	0	0	0	0	0	0	0	123	0	0	0	0	
213738	0	0	0	0	0	0	0	129	0	0	0	0	
214489	0	0	0	0	0	0	0	125	0	0	0	0	
215237	0	0	0	0	0	0	0	117	0	0	0	0	
215989	0	0	0	0	0	0	0	125	0	0	0	0	
216737	0	0	0	0	0	0	0	99	0	0	0	0	
217489	0	0	0	0	0	0	0	127	0	0	0	0	
218240	0	0	0	0	0	0	0	119	0	0	0	0	
218991	0	0	0	0	0	0	0	113	0	0	0	0	
219744	0	0	0	0	0	0	0	111	0	0	0	0	
220493	0	0	0	0	0	0	0	107	0	0	0	0	
221244	0	0	0	0	0	0	0	129	0	0	0	0	
221995	0	0	0	0	0	0	0	95	0	0	0	0	
222744	0	0	0	0	0	0	0	111	0	0	0	0	
223495	0	0	0	0	0	0	0	123	0	0	0	0	
224247	0	0	0	0	0	0	0	119	0	0	0	0	
224998	0	0	0	0	0	0	0	0	87	0	0	0	
225750	0	0	0	0	0	0	0	0	97	0	0	0	
226499	0	0	0	0	0	0	0	0	89	0	0	0	
227251	0	0	0	0	0	0	0	0	91	0	0	0	
228005	0	0	0	0	0	0	0	0	99	0	0	0	
228754	0	0	0	0	0	0	0	0	109	0	0	0	
229507	0	0	0	0	0	0	0	3	86	0	0	0	
230258	0	0	0	0	0	0	0	0	103	0	0	0	
231009	0	0	0	0	0	0	0	0	109	0	0	0	
231758	0	0	0	0	0	0	0	0	71	0	0	0	
232508	0	0	0	0	0	0	0	0	107	0	0	0	
233260	0	0	0	0	0	0	0	0	97	0	0	0	
234010	0	0	0	0	0	0	0	0	93	0	0	0	
234763	0	0	0	0	0	0	0	0	93	0	0	0	
235514	0	0	0	0	0	0	0	0	95	0	0	0	
236261	0	0	0	0	0	0	0	0	93	0	0	0	
237008	0	0	0	0	0	0	0	0	111	0	0	0	
237756	0	0	0	0	0	0	0	0	95	0	0	0	
238506	0	0	0	0	0	0	0	0	97	0	0	0	
239259	0	0	0	0	0	0	0	0	83	0	0	0	
240006	0	0	0	0	0	0	0	0	97	0	0	0	
240755	0	0	0	0	0	0	0	0	0	71	0	0	
241503	0	0	0	0	0	0	0	0	0	87	0	0	
242255	0	0	0	0	0	0	0	0	0	75	0	0	
243004	0	0	0	0	0	0	0	0	0	73	0	0	
243754	0	0	0	0	0	0	0	0	0	67	0	0	
244500	0	0	0	0	0	0	0	0	0	89	0	0	
245248	0	0	0	0	0	0	0	0	0	83	0	0	
245997	0	0	0	0	0	0	0	0	0	79	0	0	
246748	0	0	0	0	0	0	0	0	0	75	0	0	
247497	0	0	0	0	0	0	0	0	0	0	73	0	
248248	0	0	0	0	0	0	0	0	0	0	57	0	
248998	0	0	0	0	0	0	0	0	0	0	55	0	
249752	0	0	0	0	0	0	0	0	0	0	0	41	
250501	0	0	0	0	0	0	0	0	0	0	0	51	
251254	0	0	0	0	0	0	0	0	0	0	0	35	
252004	0	0	0	0	0	0	0	0	0	0	0	57	
252752	0	0	0	0	0	0	0	0	0	0	0	51	
253501	0	0	0	0	0	0	0	0	0	0	0	43	
254249	0	0	0	0	0	0	0	0	0	0	67	0	
254998	0	0	0	0	0	0	0	0	0	0	69	0	
255750	0	0	0	0	0	0	0	0	0	0	55	0	
256499	0	0	0	0	0	0	0	0	0	0	57	0	
257245	0	0	0	0	0	0	0	0	0	93	0	0	
257994	0	0	0	0	0	0	0	0	0	85	0	0	
258743	0	0	0	0	0	0	0	0	0	73	0	0	
259495	0	0	0	0	0	0	0	0	0	67	0	0	
260243	0	0	0	0	0	0	0	0	0	85	0	0	
260994	0	0	0	0	0	0	0	0	0	75	0	0	
261745	0	0	0	0	0	0	0	0	0	85	0	0	
262495	0	0	0	0	0	0	0	0	0	75	0	0	
263244	0	0	0	0	0	0	0	0	97	0	0	0	
263995	0	0	0	0	0	0	0	0	107	0	0	0	
264746	0	0	0	0	0	0	0	0	91	0	0	0	
265494	0	0	0	0	0	0	0	0	87	0	0	0	
266244	0	0	0	0	0	0	0	0	95	0	0	0	
266999	0	0	0	0	0	0	0	0	89	0	0	0	
267752	0	0	0	0	0	0	0	0	83	0	0	0	
268500	0	0	0	0	0	0	0	0	83	0	0	0	
269247	0	0	0	0	0	0	0	0	83	0	0	0	
269995	0	0	0	0	0	0	0	95	0	0	0	0	
270745	0	0	0	0	0	0	0	99	0	0	0	0	
271493	0	0	0	0	0	0	0	139	0	0	0	0	
272245	0	0	0	0	0	0	153	0	0	0	0	0	
272996	0	0	0	0	0	0	123	0	0	0	0	0	
273744	0	0	0	0	0	0	133	0	0	0	0	0	
274494	0	0	0	0	0	0	129	0	0	0	0	0	
275242	0	0	0	0	0	0	161	0	0	0	0	0	
275992	0	0	0	0	0	0	155	0	0	0	0	0	
276744	0	0	0	0	0	0	153	0	0	0	0	0	
277495	0	0	0	0	0	173	0	0	0	0	0	0	
278244	0	0	0	0	0	185	0	0	0	0	0	0	
278996	0	0	0	0	0	175	0	0	0	0	0	0	
279745	0	0	0	0	0	179	0	0	0	0	0	0	
280494	0	0	0	0	0	147	0	0	0	0	0	0	
281245	0	0	0	0	0	197	0	0	0	0	0	0	
281993	0	0	0	0	0	181	0	0	0	0	0	0	
282743	0	0	0	0	0	173	0	0	0	0	0	0	
283494	0	0	0	0	0	191	0	0	0	0	0	0	
284246	0	0	0	0	34	137	0	0	0	0	0	0	
284994	0	0	0	0	0	193	0	0	0	0	0	0	
285747	0	0	0	0	0	195	0	0	0	0	0	0	
286495	0	0	0	0	0	177	0	0	0	0	0	0	
287248	0	0	0	0	0	169	0	0	0	0	0	0	
287996	0	0	0	0	0	163	0	0	0	0	0	0	
288748	0	0	0	0	0	167	0	0	0	0	0	0	
289502	0	0	0	0	0	185	0	0	0	0	0	0	
290252	0	0	0	0	0	191	0	0	0	0	0	0	
291002	0	0	0	0	0	169	0	0	0	0	0	0	
291752	0	0	0	0	0	187	0	0	0	0	0	0	
292504	0	0	0	0	0	151	0	0	0	0	0	0	
293257	0	0	0	0	0	159	0	0	0	0	0	0	
294009	0	0	0	0	0	161	0	0	0	0	0	0	
294761	0	0	0	0	0	189	0	0	0	0	0	0	
295510	0	0	0	0	0	189	0	0	0	0	0	0	
296259	0	0	0	0	0	161	0	0	0	0	0	0	
297008	0	0	0	0	0	185	0	0	0	0	0	0	
297759	0	0	0	0	0	161	0	0	0	0	0	0	
298507	0	0	0	0	0	175	0	0	0	0	0	0	
299259	0	0	0	0	0	181	0	0	0	0	0	0	
300012	0	0	0	0	0	167	0	0	0	0	0	0	
300761	0	0	0	0	0	183	0	0	0	0	0	0	
301511	0	0	0	0	0	215	0	0	0	0	0	0	
302261	0	0	0	0	0	195	0	0	0	0	0	0	
303011	0	0	0	0	0	147	0	0	0	0	0	0	
303759	0	0	0	0	0	169	0	0	0	0	0	0	
304510	0	0	0	0	0	153	0	0	0	0	0	0	
305259	0	0	0	0	0	169	0	0	0	0	0	0	
306011	0	0	0	0	0	171	0	0	0	0	0	0	
306762	0	0	0	0	0	199	0	0	0	0	0	0	
307513	0	0	0	0	0	165	0	0	0	0	0	0	
308264	0	0	0	0	0	189	0	0	0	0	0	0	
309012	0	0	0	0	0	183	0	0	0	0	0	0	
309763	0	0	0	0	0	171	0	0	0	0	0	0	
310515	0	0	0	0	0	175	0	0	0	0	0	0	
311266	0	0	0	0	2	171	0	0	0	0	0	0	
312020	0	0	0	0	0	185	0	0	0	0	0	0	
312766	0	0	0	0	0	25	118	0	0	0	0	0	
313517	0	0	0	0	0	0	133	0	0	0	0	0	
314268	0	0	0	0	0	0	143	0	0	0	0	0	
315017	0	0	0	0	0	0	161	0	0	0	0	0	
315765	0	0	0	0	0	0	147	0	0	0	0	0	
316513	0	0	0	0	0	0	133	0	0	0	0	0	
317264	0	0	0	0	0	0	125	0	0	0	0	0	
318014	0	0	0	0	0	0	137	0	0	0	0	0	
318768	0	0	0	0	0	0	153	0	0	0	0	0	
319520	0	0	0	0	0	0	153	0	0	0	0	0	
320270	0	0	0	0	0	0	145	0	0	0	0	0	
321021	0	0	0	0	0	0	135	0	0	0	0	0	
321774	0	0	0	0	0	0	143	0	0	0	0	0	
322523	0	0	0	0	0	0	133	0	0	0	0	0	
323270	0	0	0	0	0	0	137	0	0	0	0	0	
324020	0	0	0	0	0	0	139	0	0	0	0	0	
324768	0	0	0	0	0	0	119	0	0	0	0	0	
325522	0	0	0	0	0	0	151	0	0	0	0	0	
326270	0	0	0	0	0	0	141	0	0	0	0	0	
327020	0	0	0	0	0	0	135	0	0	0	0	0	
327769	0	0	0	0	0	0	139	0	0	0	0	0	
328516	0	0	0	0	0	0	127	0	0	0	0	0	
329269	0	0	0	0	0	0	149	0	0	0	0	0	
330021	0	0	0	0	0	0	167	0	0	0	0	0	
330771	0	0	0	0	0	0	129	0	0	0	0	0	
331522	0	0	0	0	0	0	155	0	0	0	0	0	
332273	0	0	0	0	0	0	143	0	0	0	0	0	
333022	0	0	0	0	0	0	121	0	0	0	0	0	
333769	0	0	0	0	0	0	165	0	0	0	0	0	
334519	0	0	0	0	0	0	131	0	0	0	0	0	
335271	0	0	0	0	0	0	139	0	0	0	0	0	
336020	0	0	0	0	0	0	149	0	0	0	0	0	
336769	0	0	0	0	0	0	137	0	0	0	0	0	
337515	0	0	0	0	0	0	133	0	0	0	0	0	
338266	0	0	0	0	0	0	141	0	0	0	0	0	
339015	0	0	0	0	0	0	125	0	0	0	0	0	
339762	0	0	0	0	0	0	139	0	0	0	0	0	
340513	0	0	0	0	0	0	137	0	0	0	0	0	
341266	0	0	0	0	0	0	107	0	0	0	0	0	
342018	0	0	0	0	0	0	143	0	0	0	0	0	
342765	0	0	0	0	0	0	139	0	0	0	0	0	
343512	0	0	0	0	0	0	139	0	0	0	0	0	
344259	0	0	0	0	0	0	137	0	0	0	0	0	
345006	0	0	0	0	0	0	135	0	0	0	0	0	
345755	0	0	0	0	0	0	151	0	0	0	0	0	
346506	0	0	0	0	0	0	139	0	0	0	0	0	
347259	0	0	0	0	0	0	133	0	0	0	0	0	
348009	0	0	0	0	0	0	157	0	0	0	0	0	
348758	0	0	0	0	0	0	141	0	0	0	0	0	
349507	0	0	0	0	0	0	147	0	0	0	0	0	
350256	0	0	0	0	0	0	145	0	0	0	0	0	
351008	0	0	0	0	0	0	129	0	0	0	0	0	
351757	0	0	0	0	0	0	151	0	0	0	0	0	
352504	0	0	0	0	0	0	0	115	0	0	0	0	
353256	0	0	0	0	0	0	0	99	0	0	0	0	
354006	0	0	0	0	0	0	0	123	0	0	0	0	
354758	0	0	0	0	0	0	0	117	0	0	0	0	
355507	0	0	0	0	0	0	0	109	0	0	0	0	
356256	0	0	0	0	0	0	0	111	0	0	0	0	
357006	0	0	0	0	0	0	0	105	0	0	0	0	
357755	0	0	0	0	0	0	0	111	0	0	0	0	
358506	0	0	0	0	0	0	0	123	0	0	0	0	
359255	0	0	0	0	0	0	0	105	0	0	0	0	
360009	0	0	0	0	0	0	0	111	0	0	0	0	
360762	0	0	0	0	0	0	0	123	0	0	0	0	
361512	0	0	0	0	0	0	0	105	0	0	0	0	
362262	0	0	0	0	0	0	0	123	0	0	0	0	
363013	0	0	0	0	0	0	0	123	0	0	0	0	
363763	0	0	0	0	0	0	0	107	0	0	0	0	
364513	0	0	0	0	0	0	0	105	0	0	0	0	
365264	0	0	0	0	0	0	0	117	0	0	0	0	
366015	0	0	0	0	0	0	0	129	0	0	0	0	
366764	0	0	0	0	0	2	133	0	0	0	0	0	
367517	0	0	0	0	0	0	133	0	0	0	0	0	
368264	0	0	0	0	0	0	137	0	0	0	0	0	
369011	0	0	0	0	0	0	133	0	0	0	0	0	
369764	0	0	0	0	0	1	128	0	0	0	0	0	
370515	0	0	0	0	0	0	73	52	0	0	0	0	
371269	0	0	0	0	0	0	139	0	0	0	0	0	
372017	0	0	0	0	0	2	127	0	0	0	0	0	
372766	0	0	0	0	0	0	123	0	0	0	0	0	
373514	0	0	0	0	0	193	0	0	0	0	0	0	
374261	0	0	0	0	0	165	0	0	0	0	0	0	
375009	0	0	0	0	0	169	0	0	0	0	0	0	
375762	0	0	0	0	0	173	0	0	0	0	0	0	
376511	0	0	0	0	0	177	0	0	0	0	0	0	
377264	0	0	0	0	0	177	0	0	0	0	0	0	
378014	0	0	0	0	0	197	0	0	0	0	0	0	
378765	0	0	0	0	0	197	0	0	0	0	0	0	
379516	0	0	0	0	0	177	0	0	0	0	0	0	
380270	0	0	0	0	0	203	0	0	0	0	0	0	
381023	0	0	0	0	0	169	0	0	0	0	0	0	
381772	0	0	0	0	0	181	0	0	0	0	0	0	
382520	0	0	0	0	0	213	0	0	0	0	0	0	
383271	0	0	0	0	0	171	0	0	0	0	0	0	
384020	0	0	0	0	0	167	0	0	0	0	0	0	
384770	0	0	0	0	0	153	0	0	0	0	0	0	
385519	0	0	0	0	0	171	0	0	0	0	0	0	
386271	0	0	0	0	0	169	0	0	0	0	0	0	
387017	0	0	0	0	0	185	0	0	0	0	0	0	
387766	0	0	0	0	0	187	0	0	0	0	0	0	
388517	0	0	0	0	0	161	0	0	0	0	0	0	
389265	0	0	0	0	8	185	0	0	0	0	0	0	
390018	0	0	0	0	0	155	0	0	0	0	0	0	
390770	0	0	0	0	0	169	0	0	0	0	0	0	
391519	0	0	0	0	83	94	0	0	0	0	0	0	
392268	0	0	0	0	0	175	0	0	0	0	0	0	
393016	0	0	0	0	0	187	0	0	0	0	0	0	
393768	0	0	0	0	0	0	143	0	0	0	0	0	
394517	0	0	0	0	0	0	171	0	0	0	0	0	
395265	0	0	0	0	0	0	153	0	0	0	0	0	
396020	0	0	0	0	0	0	129	0	0	0	0	0	
396767	0	0	0	0	0	0	155	0	0	0	0	0	
397518	0	0	0	0	0	0	139	0	0	0	0	0	
398267	0	0	0	0	0	0	173	0	0	0	0	0	
399014	0	0	0	0	0	0	157	0	0	0	0	0	
399762	0	0	0	0	0	0	141	0	0	0	0	0	
400510	0	0	0	0	0	0	0	107	0	0	0	0	
401258	0	0	0	0	0	0	0	133	0	0	0	0	
402011	0	0	0	0	0	0	0	119	0	0	0	0	
402758	0	0	0	0	0	0	0	97	0	0	0	0	
403506	0	0	0	0	0	0	0	87	0	0	0	0	
404257	0	0	0	0	0	0	10	91	0	0	0	0	
405009	0	0	0	0	0	0	143	0	0	0	0	0	
405756	0	0	0	0	0	0	133	0	0	0	0	0	
406507	0	0	0	0	0	0	0	111	0	0	0	0	
407258	0	0	0	0	0	0	0	123	0	0	0	0	
408009	0	0	0	0	0	0	131	0	0	0	0	0	
408756	0	0	0	0	0	0	161	0	0	0	0	0	
409509	0	0	0	0	0	0	141	0	0	0	0	0	
410259	0	0	0	0	0	0	133	0	0	0	0	0	
411009	0	0	0	0	0	0	145	0	0	0	0	0	
411757	0	0	0	0	0	0	169	0	0	0	0	0	
412506	0	0	0	0	0	0	139	0	0	0	0	0	
413255	0	0	0	0	0	0	135	0	0	0	0	0	
414007	0	0	0	0	0	0	141	0	0	0	0	0	
414760	0	0	0	0	0	0	133	0	0	0	0	0	
415510	0	0	0	0	0	0	129	0	0	0	0	0	
416261	0	0	0	0	0	0	137	0	0	0	0	0	
417009	0	0	0	0	0	0	0	93	0	0	0	0	
417758	0	0	0	0	0	0	0	107	0	0	0	0	
418507	0	0	0	0	0	0	0	111	0	0	0	0	
419254	0	0	0	0	0	0	0	107	0	0	0	0	
420007	0	0	0	0	0	0	0	123	0	0	0	0	
420759	0	0	0	0	0	0	0	117	0	0	0	0	
421508	0	0	0	0	0	0	0	105	0	0	0	0	
422255	0	0	0	0	0	0	0	133	0	0	0	0	
423005	0	0	0	0	0	0	0	121	0	0	0	0	
423753	0	0	0	0	0	0	0	135	0	0	0	0	
424503	0	0	0	0	0	0	0	107	0	0	0	0	
425250	0	0	0	0	0	0	0	105	0	0	0	0	
426001	0	0	0	0	0	0	0	121	0	0	0	0	
426752	0	0	0	0	0	0	0	107	0	0	0	0	
427501	0	0	0	0	0	0	0	135	0	0	0	0	
428252	0	0	0	0	0	0	0	107	0	0	0	0	
429003	0	0	0	0	0	0	0	107	0	0	0	0	
429753	0	0	0	0	0	0	0	117	0	0	0	0	
430500	0	0	0	0	0	0	0	107	0	0	0	0	
431253	0	0	0	0	0	0	0	113	0	0	0	0	
432002	0	0	0	0	0	0	0	133	0	0	0	0	
432750	0	0	0	0	0	0	0	141	0	0	0	0	
433501	0	0	0	0	0	0	0	138	1	0	0	0	
434250	0	0	0	0	0	0	0	111	0	0	0	0	
435001	0	0	0	0	0	0	0	0	95	0	0	0	
435751	0	0	0	0	0	0	0	0	103	0	0	0	
436503	0	0	0	0	0	0	0	0	97	0	0	0	
437253	0	0	0	0	0	0	0	0	85	0	0	0	
438000	0	0	0	0	0	0	0	0	103	0	0	0	
438752	0	0	0	0	0	0	0	0	97	0	0	0	
439501	0	0	0	0	0	0	0	0	93	0	0	0	
440250	0	0	0	0	0	0	0	0	99	0	0	0	
441000	0	0	0	0	0	0	0	0	83	0	0	0	
441751	0	0	0	0	0	0	0	0	91	0	0	0	
442502	0	0	0	0	0	0	0	0	103	0	0	0	
443253	0	0	0	0	0	0	0	0	95	0	0	0	
444001	0	0	0	0	0	0	0	0	67	0	0	0	
444752	0	0	0	0	0	0	0	0	89	0	0	0	
445499	0	0	0	0	0	0	0	0	75	0	0	0	
446248	0	0	0	0	0	0	0	0	71	0	0	0	
447000	0	0	0	0	0	0	0	0	107	0	0	0	
447751	0	0	0	0	0	0	0	0	87	0	0	0	
448502	0	0	0	0	0	0	0	0	91	0	0	0	
449250	0	0	0	0	0	0	0	0	83	0	0	0	
449999	0	0	0	0	0	0	0	0	101	0	0	0	
450746	0	0	0	0	0	0	0	0	95	0	0	0	
451493	0	0	0	0	0	0	0	0	89	0	0	0	
452246	0	0	0	0	0	0	0	0	107	0	0	0	
453000	0	0	0	0	0	0	0	0	85	0	0	0	
453750	0	0	0	0	0	0	0	0	99	0	0	0	
454504	0	0	0	0	0	0	0	0	89	0	0	0	
455251	0	0	0	0	0	0	0	0	105	0	0	0	
456002	0	0	0	0	0	0	0	0	89	0	0	0	
456750	0	0	0	0	0	0	0	0	0	73	0	0	
457494	0	0	0	0	0	0	0	0	0	81	0	0	
458242	0	0	0	0	0	0	0	0	0	83	0	0	
458992	0	0	0	0	0	0	0	0	0	79	0	0	
459741	0	0	0	0	0	0	0	0	0	87	0	0	
460494	0	0	0	0	0	0	0	0	0	77	0	0	
461247	0	0	0	0	0	0	0	0	0	63	0	0	
461994	0	0	0	0	0	0	0	0	0	71	0	0	
462742	0	0	0	0	0	0	0	0	0	85	0	0	
463493	0	0	0	0	0	0	0	0	0	75	0	0	
464242	0	0	0	0	0	0	0	0	0	79	0	0	
464993	0	0	0	0	0	0	0	0	0	91	0	0	
465747	0	0	0	0	0	0	0	0	0	75	0	0	
466498	0	0	0	0	0	0	0	0	0	73	0	0	
467249	0	0	0	0	0	0	0	0	0	91	0	0	
467999	0	0	0	0	0	0	0	0	0	75	0	0	
468748	0	0	0	0	0	0	0	0	0	67	0	0	
469500	0	0	0	0	0	0	0	0	0	51	0	0	
470247	0	0	0	0	0	0	0	0	0	75	0	0	
470996	0	0	0	0	0	0	0	0	0	89	0	0	
471748	0	0	0	0	0	0	0	0	0	67	0	0	
472498	0	0	0	0	0	0	0	0	0	87	0	0	
473251	0	0	0	0	0	0	0	0	0	65	0	0	
474002	0	0	0	0	0	0	0	0	0	65	0	0	
474748	0	0	0	0	0	0	0	0	0	69	0	0	
475498	0	0	0	0	0	0	0	0	0	73	0	0	
476245	0	0	0	0	0	0	0	0	0	81	0	0	
476996	0	0	0	0	0	0	0	0	0	83	0	0	
477750	0	0	0	0	0	0	0	0	0	53	0	0	
478500	0	0	0	0	0	0	0	0	20	55	0	0	
479249	0	0	0	0	0	0	0	0	101	0	0	0	
480001	0	0	0	0	0	0	0	0	93	0	0	0	
480751	0	0	0	0	0	0	0	0	101	0	0	0	
481501	0	0	0	0	0	0	0	0	99	0	0	0	
482251	0	0	0	0	0	0	0	0	99	0	0	0	
483000	0	0	0	0	0	0	0	0	93	0	0	0	
483751	0	0	0	0	0	0	0	0	109	0	0	0	
484503	0	0	0	0	0	0	0	0	81	0	0	0	
485252	0	0	0	0	0	0	0	0	117	0	0	0	
485999	0	0	0	0	0	0	0	0	81	0	0	0	
486748	0	0	0	0	0	0	0	0	0	81	0	0	
487500	0	0	0	0	0	0	0	0	0	71	0	0	
488254	0	0	0	0	0	0	0	0	0	85	0	0	
489004	0	0	0	0	0	0	0	0	0	63	0	0	
489754	0	0	0	0	0	0	0	0	0	73	0	0	
490505	0	0	0	0	0	0	0	0	0	65	0	0	
491256	0	0	0	0	0	0	0	0	0	79	0	0	
492007	0	0	0	0	0	0	0	0	0	75	0	0	
492756	0	0	0	0	0	0	0	0	0	79	0	0	
493504	0	0	0	0	0	0	0	0	0	81	0	0	
494254	0	0	0	0	0	0	0	0	0	71	0	0	
495005	0	0	0	0	0	0	0	0	0	71	0	0	
495757	0	0	0	0	0	0	0	0	0	65	0	0	
496506	0	0	0	0	0	0	0	0	0	77	0	0	
497258	0	0	0	0	0	0	0	0	0	81	0	0	
498007	0	0	0	0	0	0	0	0	0	73	0	0	
498756	0	0	0	0	0	0	0	0	0	59	0	0	
499506	0	0	0	0	0	0	0	0	0	75	0	0	
500262	0	0	0	0	0	0	0	0	0	71	0	0	
501013	0	0	0	0	0	0	0	0	0	71	0	0	
501765	0	0	0	0	0	0	0	0	0	83	0	0	
502516	0	0	0	0	0	0	0	0	0	79	0	0	
503266	0	0	0	0	0	0	0	0	0	73	0	0	
504017	0	0	0	0	0	0	0	0	0	85	0	0	
504766	0	0	0	0	0	0	0	0	0	91	0	0	
505517	0	0	0	0	0	0	0	0	0	81	0	0	
506266	0	0	0	0	0	0	0	0	0	69	0	0	
507012	0	0	0	0	0	0	0	0	0	85	0	0	
507759	0	0	0	0	0	0	0	0	0	89	0	0	
508508	0	0	0	0	0	0	0	0	0	75	0	0	
509255	0	0	0	0	0	0	0	0	0	83	0	0	
510007	0	0	0	0	0	0	0	0	0	83	0	0	
510756	0	0	0	0	0	0	0	0	0	63	0	0	
511502	0	0	0	0	0	0	0	0	0	83	0	0	
512250	0	0	0	0	0	0	0	0	0	75	0	0	
513002	0	0	0	0	0	0	0	0	0	83	0	0	
513751	0	0	0	0	0	0	0	0	0	85	0	0	
514504	0	0	0	0	0	0	0	0	0	95	0	0	
515255	0	0	0	0	0	0	0	0	0	75	0	0	
516005	0	0	0	0	0	0	0	0	0	81	0	0	
516753	0	0	0	0	0	0	0	0	0	79	0	0	
517502	0	0	0	0	0	0	0	0	0	69	0	0	
518248	0	0	0	0	0	0	0	0	101	0	0	0	
518999	0	0	0	0	0	0	0	0	101	0	0	0	
519750	0	0	0	0	0	0	0	0	89	0	0	0	
520498	0	0	0	0	0	0	0	0	85	0	0	0	
521246	0	0	0	0	0	0	0	0	85	0	0	0	
521995	0	0	0	0	0	0	0	0	83	0	0	0	
522748	0	0	0	0	0	0	0	0	93	0	0	0	
523496	0	0	0	0	0	0	0	0	97	0	0	0	
524246	0	0	0	0	0	0	0	0	93	0	0	0	
524997	0	0	0	0	0	0	0	0	109	0	0	0	
525746	0	0	0	0	0	0	0	0	111	0	0	0	
526496	0	0	0	0	0	0	0	0	93	0	0	0	
527244	0	0	0	0	0	0	0	0	99	0	0	0	
527995	0	0	0	0	0	0	0	0	79	0	0	0	
528746	0	0	0	0	0	0	0	0	79	0	0	0	
529492	0	0	0	0	0	0	0	0	93	0	0	0	
530240	0	0	0	0	0	0	0	0	87	0	0	0	
530988	0	0	0	0	0	0	0	0	105	0	0	0	
531737	0	0	0	0	0	0	0	0	93	0	0	0	
532482	0	0	0	0	0	0	0	0	91	0	0	0	
533231	0	0	0	0	0	0	0	0	111	0	0	0	
533981	0	0	0	0	0	0	0	0	87	0	0	0	
534732	0	0	0	0	0	0	0	0	99	0	0	0	
535480	0	0	0	0	0	0	0	0	109	0	0	0	
536232	0	0	0	0	0	0	0	0	0	71	0	0	
536979	0	0	0	0	0	0	0	0	0	75	0	0	
537728	0	0	0	0	0	0	0	0	0	93	0	0	
538478	0	0	0	0	0	0	0	0	0	81	0	0	
539228	0	0	0	0	0	0	0	0	0	67	0	0	
539973	0	0	0	0	0	0	0	0	0	71	0	0	
540726	0	0	0	0	0	0	0	0	0	81	0	0	
541478	0	0	0	0	0	0	0	0	0	79	0	0	
542227	0	0	0	0	0	0	0	0	0	81	0	0	
542974	0	0	0	0	0	0	0	0	0	81	0	0	
543722	0	0	0	0	0	0	0	0	0	67	0	0	
544472	0	0	0	0	0	0	0	0	0	87	0	0	
545220	0	0	0	0	0	0	0	0	0	81	0	0	
545970	0	0	0	0	0	0	0	0	0	0	63	0	
546721	0	0	0	0	0	0	0	0	0	0	69	0	
547472	0	0	0	0	0	0	0	0	0	0	59	0	
548219	0	0	0	0	0	0	0	0	0	0	73	0	
548967	0	0	0	0	0	0	0	0	0	0	65	0	
549714	0	0	0	0	0	0	0	0	0	0	59	0	
550465	0	0	0	0	0	0	0	0	0	0	59	0	
551215	0	0	0	0	0	0	0	0	0	0	49	0	
551964	0	0	0	0	0	0	0	0	0	0	67	0	
552714	0	0	0	0	0	0	0	0	0	0	59	0	
553465	0	0	0	0	0	0	0	0	0	0	63	0	
554215	0	0	0	0	0	0	0	0	0	0	59	0	
554967	0	0	0	0	0	0	0	0	0	0	57	0	
555718	0	0	0	0	0	0	0	0	0	0	73	0	
556468	0	0	0	0	0	0	0	0	0	3	68	0	
557215	0	0	0	0	0	0	0	0	0	0	53	0	
557964	0	0	0	0	0	0	0	0	0	0	63	0	
558716	0	0	0	0	0	0	0	0	0	0	67	0	
559470	0	0	0	0	0	0	0	0	0	0	53	0	
560222	0	0	0	0	0	0	0	0	0	0	63	0	
560975	0	0	0	0	0	0	0	0	0	0	61	0	
561727	0	0	0	0	0	0	0	0	0	0	77	0	
562474	0	0	0	0	0	0	0	0	0	0	63	0	
563224	0	0	0	0	0	0	0	0	0	0	67	0	
563975	0	0	0	0	0	0	0	0	0	0	0	49	
564726	0	0	0	0	0	0	0	0	0	0	59	0	
565475	0	0	0	0	0	0	0	0	0	0	63	0	
566229	0	0	0	0	0	0	0	0	0	0	71	0	
566976	0	0	0	0	0	0	0	0	0	0	49	0	
567725	0	0	0	0	0	0	0	0	0	0	79	0	
568476	0	0	0	0	0	0	0	0	0	0	63	0	
569227	0	0	0	0	0	0	0	0	0	0	55	0	
569979	0	0	0	0	0	0	0	0	0	1	64	0	
570727	0	0	0	0	0	0	0	0	0	0	71	0	
571475	0	0	0	0	0	0	0	0	0	0	59	0	
572224	0	0	0	0	0	0	0	0	0	0	59	0	
572975	0	0	0	0	0	0	0	0	0	0	67	0	
573725	0	0	0	0	0	0	0	0	0	0	61	0	
574478	0	0	0	0	0	0	0	0	0	0	63	0	
575227	0	0	0	0	0	0	0	0	0	0	49	0	
575977	0	0	0	0	0	0	0	0	0	0	67	0	
576727	0	0	0	0	0	0	0	0	0	0	61	0	
577476	0	0	0	0	0	0	0	0	0	0	69	0	
578228	0	0	0	0	0	0	0	0	0	0	59	0	
578978	0	0	0	0	0	0	0	0	0	0	77	0	
579730	0	0	0	0	0	0	0	0	0	0	53	0	
580481	0	0	0	0	0	0	0	0	0	0	59	0	
581231	0	0	0	0	0	0	0	0	0	0	69	0	
581978	0	0	0	0	0	0	0	0	0	0	51	0	
582727	0	0	0	0	0	0	0	0	0	0	65	0	
583478	0	0	0	0	0	0	0	0	0	0	65	0	
584225	0	0	0	0	0	0	0	0	0	0	67	0	
584975	0	0	0	0	0	0	0	0	0	0	51	0	
585725	0	0	0	0	0	0	0	0	0	0	57	0	
586472	0	0	0	0	0	0	0	0	0	0	63	0	
587217	0	0	0	0	0	0	0	0	0	0	75	0	
587969	0	0	0	0	0	0	0	0	0	0	47	0	
588719	0	0	0	0	0	0	0	0	0	0	61	0	
589467	0	0	0	0	0	0	0	0	0	0	75	0	
590214	0	0	0	0	0	0	0	0	0	0	59	0	
590965	0	0	0	0	0	0	0	0	0	0	43	0	
591712	0	0	0	0	0	0	0	0	0	0	49	0	
592464	0	0	0	0	0	0	0	0	0	0	67	0	
593210	0	0	0	0	0	0	0	0	0	0	65	0	
593964	0	0	0	0	0	0	0	0	0	0	61	0	
594713	0	0	0	0	0	0	0	0	0	0	57	0	
595459	0	0	0	0	0	0	0	0	0	0	63	0	
596210	0	0	0	0	0	0	0	0	0	0	47	0	
596963	0	0	0	0	0	0	0	0	0	0	51	0	
597713	0	0	0	0	0	0	0	0	0	0	61	0	
598462	0	0	0	0	0	0	0	0	0	0	63	0	
599215	0	0	0	0	0	0	0	0	0	0	69	0	
599964	0	0	0	0	0	0	0	0	0	64	5	0	
600716	0	0	0	0	0	0	0	0	0	75	0	0	
601464	0	0	0	0	0	0	0	0	81	0	0	0	
602214	0	0	0	0	0	0	0	0	117	0	0	0	
602963	0	0	0	0	0	0	0	107	0	0	0	0	
603712	0	0	0	0	0	0	0	103	0	0	0	0	
604462	0	0	0	0	0	0	0	127	0	0	0	0	
605215	0	0	0	0	0	0	0	109	0	0	0	0	
605966	0	0	0	0	0	0	2	109	0	0	0	0	
606718	0	0	0	0	0	0	0	109	0	0	0	0	
607467	0	0	0	0	0	0	0	135	0	0	0	0	
608218	0	0	0	0	0	0	0	113	0	0	0	0	
608967	0	0	0	0	0	0	0	119	0	0	0	0	
609714	0	0	0	0	0	0	0	121	0	0	0	0	
610463	0	0	0	0	0	0	0	127	0	0	0	0	
611214	0	0	0	0	0	0	0	109	0	0	0	0	
611961	0	0	0	0	0	0	0	125	0	0	0	0	
612709	0	0	0	0	0	0	0	107	0	0	0	0	
613457	0	0	0	0	0	0	0	127	0	0	0	0	
614205	0	0	0	0	0	0	0	121	0	0	0	0	
614954	0	0	0	0	0	0	0	111	0	0	0	0	
615703	0	0	0	0	0	0	0	99	0	0	0	0	
616452	0	0	0	0	0	0	0	133	0	0	0	0	
617203	0	0	0	0	0	0	127	0	0	0	0	0	
617954	0	0	0	0	0	165	0	0	0	0	0	0	
618704	0	0	0	0	0	167	0	0	0	0	0	0	
619453	0	0	0	0	0	161	0	0	0	0	0	0	
620202	0	0	0	0	0	159	0	0	0	0	0	0	
620952	0	0	0	0	0	183	0	0	0	0	0	0	
621698	0	0	0	0	0	155	0	0	0	0	0	0	
622447	0	0	0	0	0	159	0	0	0	0	0	0	
623198	0	0	0	0	0	167	0	0	0	0	0	0	
623944	0	0	0	0	0	183	0	0	0	0	0	0	
624696	0	0	0	0	0	171	0	0	0	0	0	0	
625449	0	0	0	0	0	189	0	0	0	0	0	0	
626200	0	0	0	0	0	187	0	0	0	0	0	0	
626949	0	0	0	0	0	155	0	0	0	0	0	0	
627695	0	0	0	0	0	173	0	0	0	0	0	0	
628446	0	0	0	0	0	171	0	0	0	0	0	0	
629194	0	0	0	0	0	157	0	0	0	0	0	0	
629945	0	0	0	0	0	189	0	0	0	0	0	0	
630692	0	0	0	0	0	171	0	0	0	0	0	0	
631443	0	0	0	0	0	108	37	0	0	0	0	0	
632190	0	0	0	0	0	189	0	0	0	0	0	0	
632937	0	0	0	0	0	167	0	0	0	0	0	0	
633686	0	0	0	0	0	171	0	0	0	0	0	0	
634437	0	0	0	0	0	169	0	0	0	0	0	0	
635190	0	0	0	0	0	177	0	0	0	0	0	0	
635942	0	0	0	0	0	169	0	0	0	0	0	0	
636695	0	0	0	0	0	187	0	0	0	0	0	0	
637442	0	0	0	0	0	179	0	0	0	0	0	0	
638194	0	0	0	0	0	153	0	0	0	0	0	0	
638944	0	0	0	0	0	175	0	0	0	0	0	0	
639696	0	0	0	0	0	165	0	0	0	0	0	0	
640443	0	0	0	0	0	173	0	0	0	0	0	0	
641194	0	0	0	0	0	171	0	0	0	0	0	0	
641946	0	0	0	0	2	163	0	0	0	0	0	0	
642698	0	0	0	0	0	181	0	0	0	0	0	0	
643451	0	0	0	0	0	195	0	0	0	0	0	0	
644203	0	0	0	0	0	151	0	0	0	0	0	0	
644955	0	0	0	0	0	0	165	0	0	0	0	0	
645705	0	0	0	0	0	0	139	0	0	0	0	0	
646457	0	0	0	0	0	0	161	0	0	0	0	0	
647209	0	0	0	0	0	163	0	0	0	0	0	0	
647959	0	0	0	0	0	171	0	0	0	0	0	0	
648710	0	0	0	0	0	211	0	0	0	0	0	0	
649458	0	0	0	0	0	173	0	0	0	0	0	0	
650209	0	0	0	0	0	189	0	0	0	0	0	0	
650959	0	0	0	0	0	165	0	0	0	0	0	0	
651704	0	0	0	0	0	181	0	0	0	0	0	0	
652454	0	0	0	0	0	155	0	0	0	0	0	0	
653204	0	0	0	0	0	193	0	0	0	0	0	0	
653950	0	0	0	0	0	179	0	0	0	0	0	0	
654698	0	0	0	0	0	149	0	0	0	0	0	0	
655445	0	0	0	0	0	169	0	0	0	0	0	0	
656196	0	0	0	0	0	195	0	0	0	0	0	0	
656942	0	0	0	0	0	165	0	0	0	0	0	0	
657690	0	0	0	0	21	164	0	0	0	0	0	0	
658438	0	0	0	0	0	173	0	0	0	0	0	0	
659189	0	0	0	0	0	169	0	0	0	0	0	0	
659938	0	0	0	0	0	163	0	0	0	0	0	0	
660685	0	0	0	0	0	187	0	0	0	0	0	0	
661436	0	0	0	0	0	163	0	0	0	0	0	0	
662187	0	0	0	0	0	177	0	0	0	0	0	0	
662939	0	0	0	0	0	173	0	0	0	0	0	0	
663688	0	0	0	0	0	159	0	0	0	0	0	0	
664435	0	0	0	0	0	171	0	0	0	0	0	0	
665184	0	0	0	0	0	217	0	0	0	0	0	0	
665933	0	0	0	0	0	165	0	0	0	0	0	0	
666683	0	0	0	0	0	171	0	0	0	0	0	0	
667432	0	0	0	0	0	161	0	0	0	0	0	0	
668182	0	0	0	0	0	175	0	0	0	0	0	0	
668933	0	0	0	0	0	175	0	0	0	0	0	0	
669685	0	0	0	0	0	171	0	0	0	0	0	0	
670434	0	0	0	0	0	161	0	0	0	0	0	0	
671182	0	0	0	0	0	201	0	0	0	0	0	0	
671931	0	0	0	0	0	175	0	0	0	0	0	0	
672680	0	0	0	0	0	143	0	0	0	0	0	0	
673427	0	0	0	0	84	119	0	0	0	0	0	0	
674176	0	0	0	0	0	187	0	0	0	0	0	0	
674928	0	0	0	0	0	181	0	0	0	0	0	0	
675677	0	0	0	0	0	191	0	0	0	0	0	0	
676423	0	0	0	0	0	185	0	0	0	0	0	0	
677173	0	0	0	0	0	183	0	0	0	0	0	0	
677920	0	0	0	0	0	179	0	0	0	0	0	0	
678670	0	0	0	0	0	155	0	0	0	0	0	0	
679423	0	0	0	0	0	167	0	0	0	0	0	0	
680172	0	0	0	0	0	161	0	0	0	0	0	0	
680923	0	0	0	0	0	187	0	0	0	0	0	0	
681674	0	0	0	0	0	159	0	0	0	0	0	0	
682425	0	0	0	0	0	181	0	0	0	0	0	0	
683172	0	0	0	0	0	171	0	0	0	0	0	0	
683919	0	0	0	0	0	185	0	0	0	0	0	0	
684666	0	0	0	0	0	151	0	0	0	0	0	0	
685416	0	0	0	0	0	163	0	0	0	0	0	0	
686165	0	0	0	0	0	183	0	0	0	0	0	0	
686915	0	0	0	0	14	189	0	0	0	0	0	0	
687662	0	0	0	0	0	139	0	0	0	0	0	0	
688414	0	0	0	0	0	207	0	0	0	0	0	0	
689164	0	0	0	0	0	149	0	0	0	0	0	0	
689913	0	0	0	0	0	175	0	0	0	0	0	0	
690664	0	0	0	0	0	185	0	0	0	0	0	0	
691416	0	0	0	0	0	159	0	0	0	0	0	0	
692166	0	0	0	0	0	163	0	0	0	0	0	0	
692918	0	0	0	0	0	177	0	0	0	0	0	0	
693670	0	0	0	0	0	163	0	0	0	0	0	0	
694419	0	0	0	0	0	159	0	0	0	0	0	0	
695167	0	0	0	0	0	189	0	0	0	0	0	0	
695914	0	0	0	0	0	175	0	0	0	0	0	0	
696660	0	0	0	0	0	229	0	0	0	0	0	0	
697407	0	0	0	0	0	177	0	0	0	0	0	0	
698154	0	0	0	0	0	187	0	0	0	0	0	0	
698901	0	0	0	0	0	161	0	0	0	0	0	0	
699649	0	0	0	0	0	173	0	0	0	0	0	0	
700398	0	0	0	0	0	179	0	0	0	0	0	0	
701151	0	0	0	0	0	177	0	0	0	0	0	0	
701900	0	0	0	0	0	163	0	0	0	0	0	0	
702651	0	0	0	0	0	169	0	0	0	0	0	0	
703400	0	0	0	0	0	155	0	0	0	0	0	0	
704144	0	0	0	0	0	171	0	0	0	0	0	0	
704896	0	0	0	0	0	189	0	0	0	0	0	0	
705646	0	0	0	0	0	185	0	0	0	0	0	0	
706398	0	0	0	0	0	167	0	0	0	0	0	0	
707146	0	0	0	0	0	153	0	0	0	0	0	0	
707891	0	0	0	0	0	151	0	0	0	0	0	0	
708640	0	0	0	0	0	179	0	0	0	0	0	0	
709388	0	0	0	0	0	169	0	0	0	0	0	0	
710139	0	0	0	0	0	175	0	0	0	0	0	0	
710891	0	0	0	0	0	193	0	0	0	0	0	0	
711643	0	0	0	0	0	173	0	0	0	0	0	0	
712392	0	0	0	0	0	163	0	0	0	0	0	0	
713143	0	0	0	0	0	165	0	0	0	0	0	0	
713893	0	0	0	0	0	193	0	0	0	0	0	0	
714646	0	0	0	0	0	197	0	0	0	0	0	0	
715394	0	0	0	0	0	171	0	0	0	0	0	0	
716145	0	0	0	0	0	163	0	0	0	0	0	0	
716895	0	0	0	0	0	191	0	0	0	0	0	0	
717647	0	0	0	0	0	157	0	0	0	0	0	0	
718398	0	0	0	0	0	183	0	0	0	0	0	0	
719148	0	0	0	0	0	183	0	0	0	0	0	0	
719898	0	0	0	0	0	165	0	0	0	0	0	0	
720644	0	0	0	0	0	159	0	0	0	0	0	0	
721394	0	0	0	0	0	179	0	0	0	0	0	0	
722141	0	0	0	0	0	161	0	0	0	0	0	0	
722892	0	0	0	0	0	145	0	0	0	0	0	0	
723645	0	0	0	0	0	177	0	0	0	0	0	0	
724396	0	0	0	0	0	181	0	0	0	0	0	0	
725146	0	0	0	0	0	201	0	0	0	0	0	0	
725896	0	0	0	0	0	195	0	0	0	0	0	0	
726644	0	0	0	0	0	165	0	0	0	0	0	0	
727394	0	0	0	0	0	171	0	0	0	0	0	0	
728146	0	0	0	0	0	177	0	0	0	0	0	0	
728898	0	0	0	0	0	177	0	0	0	0	0	0	
729650	0	0	0	0	0	185	0	0	0	0	0	0	
730399	0	0	0	0	0	157	0	0	0	0	0	0	
731149	0	0	0	0	0	179	0	0	0	0	0	0	
731901	0	0	0	0	0	171	0	0	0	0	0	0	
732651	0	0	0	0	0	153	0	0	0	0	0	0	
733403	0	0	0	0	0	175	0	0	0	0	0	0	
734153	0	0	0	0	0	219	0	0	0	0	0	0	
734899	0	0	0	0	0	167	0	0	0	0	0	0	
735650	0	0	0	0	0	173	0	0	0	0	0	0	
736399	0	0	0	0	0	169	0	0	0	0	0	0	
737150	0	0	0	0	0	181	0	0	0	0	0	0	
737900	0	0	0	0	0	153	0	0	0	0	0	0	
738649	0	0	0	0	0	159	0	0	0	0	0	0	
739400	0	0	0	0	205	0	0	0	0	0	0	0	
740150	0	0	0	0	225	0	0	0	0	0	0	0	
740901	0	0	0	0	225	0	0	0	0	0	0	0	
741651	0	0	0	0	191	0	0	0	0	0	0	0	
742401	0	0	0	0	207	0	0	0	0	0	0	0	
743152	0	0	0	0	203	0	0	0	0	0	0	0	
743899	0	0	0	0	215	0	0	0	0	0	0	0	
744649	0	0	0	0	195	0	0	0	0	0	0	0	
745397	0	0	0	0	207	0	0	0	0	0	0	0	
746147	0	0	0	0	189	0	0	0	0	0	0	0	
746899	0	0	0	0	227	0	0	0	0	0	0	0	
747649	0	0	0	0	199	0	0	0	0	0	0	0	
748400	0	0	0	0	241	0	0	0	0	0	0	0	
749149	0	0	0	0	219	0	0	0	0	0	0	0	
749899	0	0	0	0	229	0	0	0	0	0	0	0	
750646	0	0	0	0	223	0	0	0	0	0	0	0	
751394	0	0	0	0	219	0	0	0	0	0	0	0	
752145	0	0	0	0	182	33	0	0	0	0	0	0	
752896	0	0	0	0	227	0	0	0	0	0	0	0	
753649	0	0	0	0	207	0	0	0	0	0	0	0	
754399	0	0	0	0	235	0	0	0	0	0	0	0	
755148	0	0	0	0	223	0	0	0	0	0	0	0	
755897	0	0	0	0	241	0	0	0	0	0	0	0	
756648	0	0	0	0	211	0	0	0	0	0	0	0	
757393	0	0	0	0	203	0	0	0	0	0	0	0	
758141	0	0	0	0	235	0	0	0	0	0	0	0	
758891	0	0	0	0	183	0	0	0	0	0	0	0	
759641	0	0	0	0	195	0	0	0	0	0	0	0	
760391	0	0	0	0	193	0	0	0	0	0	0	0	
761141	0	0	0	0	217	0	0	0	0	0	0	0	
761893	0	0	0	0	219	0	0	0	0	0	0	0	
762643	0	0	0	0	213	0	0	0	0	0	0	0	
763392	0	0	0	0	243	0	0	0	0	0	0	0	
764143	0	0	0	0	189	0	0	0	0	0	0	0	
764896	0	0	0	0	229	0	0	0	0	0	0	0	
765644	0	0	0	0	0	173	0	0	0	0	0	0	
766392	0	0	0	0	0	179	0	0	0	0	0	0	
767145	0	0	0	0	0	209	0	0	0	0	0	0	
767892	0	0	0	0	0	173	0	0	0	0	0	0	
768642	0	0	0	0	0	187	0	0	0	0	0	0	
769393	0	0	0	0	0	191	0	0	0	0	0	0	
770143	0	0	0	0	0	151	0	0	0	0	0	0	
770894	0	0	0	0	0	167	0	0	0	0	0	0	
771644	0	0	0	0	0	179	0	0	0	0	0	0	
772394	0	0	0	0	0	175	0	0	0	0	0	0	
773147	0	0	0	0	0	175	0	0	0	0	0	0	
773899	0	0	0	0	0	177	0	0	0	0	0	0	
774649	0	0	0	0	0	155	0	0	0	0	0	0	
775400	0	0	0	0	210	1	0	0	0	0	0	0	
776151	0	0	0	0	233	0	0	0	0	0	0	0	
776900	0	0	0	0	225	0	0	0	0	0	0	0	
777650	0	0	0	0	199	0	0	0	0	0	0	0	
778399	0	0	0	0	221	0	0	0	0	0	0	0	
779150	0	0	0	0	217	0	0	0	0	0	0	0	
779902	0	0	0	0	207	0	0	0	0	0	0	0	
780654	0	0	0	1	224	0	0	0	0	0	0	0	
781403	0	0	0	0	231	0	0	0	0	0	0	0	
782152	0	0	0	0	195	0	0	0	0	0	0	0	
782898	0	0	0	0	221	0	0	0	0	0	0	0	
783649	0	0	0	0	197	0	0	0	0	0	0	0	
784398	0	0	0	0	217	0	0	0	0	0	0	0	
785147	0	0	0	0	195	0	0	0	0	0	0	0	
785899	0	0	0	0	211	0	0	0	0	0	0	0	
786647	0	0	0	0	187	18	0	0	0	0	0	0	
787398	0	0	0	0	201	0	0	0	0	0	0	0	
788145	0	0	0	0	203	0	0	0	0	0	0	0	
788892	0	0	0	0	205	0	0	0	0	0	0	0	
789641	0	0	0	0	231	0	0	0	0	0	0	0	
790387	0	0	0	0	227	0	0	0	0	0	0	0	
791136	0	0	0	0	209	0	0	0	0	0	0	0	
791885	0	0	0	0	201	10	0	0	0	0	0	0	
792634	0	0	0	0	205	0	0	0	0	0	0	0	
793383	0	0	0	0	231	0	0	0	0	0	0	0	
794134	0	0	0	1	220	0	0	0	0	0	0	0	
794882	0	0	0	0	209	0	0	0	0	0	0	0	
795634	0	0	0	0	239	0	0	0	0	0	0	0	
796382	0	0	0	0	213	0	0	0	0	0	0	0	
797133	0	0	0	0	223	0	0	0	0	0	0	0	
797881	0	0	0	0	225	0	0	0	0	0	0	0	
798631	0	0	0	0	197	0	0	0	0	0	0	0	
799379	0	0	0	0	189	0	0	0	0	0	0	0	
800130	0	0	0	0	213	0	0	0	0	0	0	0	
800881	0	0	0	0	207	0	0	0	0	0	0	0	
801630	0	0	0	0	221	0	0	0	0	0	0	0	
802379	0	0	0	0	209	0	0	0	0	0	0	0	
803132	0	0	0	0	221	0	0	0	0	0	0	0	
803881	0	0	0	0	203	0	0	0	0	0	0	0	
804629	0	0	0	0	219	0	0	0	0	0	0	0	
805380	0	0	0	0	215	0	0	0	0	0	0	0	
806129	0	0	0	0	225	0	0	0	0	0	0	0	
806880	0	0	0	0	217	0	0	0	0	0	0	0	
807631	0	0	0	0	205	0	0	0	0	0	0	0	
808381	0	0	0	0	235	0	0	0	0	0	0	0	
809129	0	0	0	0	205	0	0	0	0	0	0	0	
809878	0	0	0	0	227	0	0	0	0	0	0	0	
810628	0	0	0	0	191	0	0	0	0	0	0	0	
811377	0	0	0	0	219	0	0	0	0	0	0	0	
812127	0	0	0	0	233	0	0	0	0	0	0	0	
812879	0	0	0	0	227	0	0	0	0	0	0	0	
813626	0	0	0	0	211	0	0	0	0	0	0	0	
814376	0	0	0	0	211	0	0	0	0	0	0	0	
815129	0	0	0	0	203	0	0	0	0	0	0	0	
815880	0	0	0	0	191	0	0	0	0	0	0	0	
816626	0	0	0	0	241	0	0	0	0	0	0	0	
817379	0	0	0	0	203	0	0	0	0	0	0	0	
818129	0	0	0	0	223	0	0	0	0	0	0	0	
818876	0	0	0	0	217	0	0	0	0	0	0	0	
819624	0	0	0	0	197	0	0	0	0	0	0	0	
820376	0	0	0	0	199	0	0	0	0	0	0	0	
821125	0	0	0	0	203	0	0	0	0	0	0	0	
821875	0	0	0	0	225	0	0	0	0	0	0	0	
822623	0	0	0	0	231	0	0	0	0	0	0	0	
823371	0	0	0	0	201	0	0	0	0	0	0	0	
824123	0	0	0	0	229	0	0	0	0	0	0	0	
824873	0	0	0	0	221	0	0	0	0	0	0	0	
825625	0	0	0	0	231	0	0	0	0	0	0	0	
826376	0	0	0	0	229	0	0	0	0	0	0	0	
827126	0	0	0	0	223	0	0	0	0	0	0	0	
827873	0	0	0	3	208	0	0	0	0	0	0	0	
828623	0	0	0	0	205	0	0	0	0	0	0	0	
829374	0	0	0	0	231	0	0	0	0	0	0	0	
830128	0	0	0	259	0	0	0	0	0	0	0	0	
830875	0	0	0	269	0	0	0	0	0	0	0	0	
831625	0	0	0	263	0	0	0	0	0	0	0	0	
832375	0	0	0	253	0	0	0	0	0	0	0	0	
833126	0	0	0	231	0	0	0	0	0	0	0	0	
833875	0	0	0	289	0	0	0	0	0	0	0	0	
834626	0	0	0	261	0	0	0	0	0	0	0	0	
835379	0	0	0	261	0	0	0	0	0	0	0	0	
836129	0	0	0	271	0	0	0	0	0	0	0	0	
836878	0	0	0	261	0	0	0	0	0	0	0	0	
837623	0	0	0	229	0	0	0	0	0	0	0	0	
838378	0	0	0	273	0	0	0	0	0	0	0	0	
839130	0	0	0	243	0	0	0	0	0	0	0	0	
839878	0	0	0	261	0	0	0	0	0	0	0	0	
840626	0	0	0	243	0	0	0	0	0	0	0	0	
841372	0	0	0	265	0	0	0	0	0	0	0	0	
842124	0	0	0	259	0	0	0	0	0	0	0	0	
842876	0	0	0	251	0	0	0	0	0	0	0	0	
843626	0	0	0	249	0	0	0	0	0	0	0	0	
844378	0	0	0	287	0	0	0	0	0	0	0	0	
845130	0	0	0	263	0	0	0	0	0	0	0	0	
845881	0	0	0	245	0	0	0	0	0	0	0	0	
846635	0	0	0	251	0	0	0	0	0	0	0	0	
847385	0	0	0	253	0	0	0	0	0	0	0	0	
848132	0	0	0	273	0	0	0	0	0	0	0	0	
848883	0	0	0	241	0	0	0	0	0	0	0	0	
849628	0	0	0	273	0	0	0	0	0	0	0	0	
850380	0	0	0	309	0	0	0	0	0	0	0	0	
851127	0	0	0	281	0	0	0	0	0	0	0	0	
851877	0	0	0	247	0	0	0	0	0	0	0	0	
852628	0	0	0	237	0	0	0	0	0	0	0	0	
853378	0	0	0	267	0	0	0	0	0	0	0	0	
854128	0	0	0	253	0	0	0	0	0	0	0	0	
854876	0	0	0	279	0	0	0	0	0	0	0	0	
855625	0	0	0	239	0	0	0	0	0	0	0	0	
856375	0	0	0	267	0	0	0	0	0	0	0	0	
857123	0	0	0	257	0	0	0	0	0	0	0	0	
857874	0	0	0	265	0	0	0	0	0	0	0	0	
858624	0	0	0	271	0	0	0	0	0	0	0	0	
859376	0	0	0	275	0	0	0	0	0	0	0	0	
860130	0	0	0	271	0	0	0	0	0	0	0	0	
860876	0	0	0	245	0	0	0	0	0	0	0	0	
861623	0	0	0	255	0	0	0	0	0	0	0	0	
862374	0	0	0	263	0	0	0	0	0	0	0	0	
863125	0	0	110	161	0	0	0	0	0	0	0	0	
863872	0	0	313	0	0	0	0	0	0	0	0	0	
864625	0	0	343	0	0	0	0	0	0	0	0	0	
865374	0	0	341	0	0	0	0	0	0	0	0	0	
866121	0	0	329	0	0	0	0	0	0	0	0	0	
866868	0	0	325	0	0	0	0	0	0	0	0	0	
867617	0	0	329	0	0	0	0	0	0	0	0	0	
868366	0	0	279	0	0	0	0	0	0	0	0	0	
869116	0	0	317	0	0	0	0	0	0	0	0	0	
869867	0	0	321	0	0	0	0	0	0	0	0	0	
870618	0	0	307	0	0	0	0	0	0	0	0	0	
871368	0	0	323	0	0	0	0	0	0	0	0	0	
872115	0	0	305	0	0	0	0	0	0	0	0	0	
872864	0	0	345	0	0	0	0	0	0	0	0	0	
873618	0	0	339	0	0	0	0	0	0	0	0	0	
874364	0	0	319	0	0	0	0	0	0	0	0	0	
875109	0	0	337	0	0	0	0	0	0	0	0	0	
875858	0	0	335	0	0	0	0	0	0	0	0	0	
876610	0	0	311	0	0	0	0	0	0	0	0	0	
877358	0	0	319	0	0	0	0	0	0	0	0	0	
878109	0	0	327	0	0	0	0	0	0	0	0	0	
878858	0	0	289	0	0	0	0	0	0	0	0	0	
879608	0	0	317	0	0	0	0	0	0	0	0	0	
880360	0	0	327	0	0	0	0	0	0	0	0	0	
881112	0	0	333	0	0	0	0	0	0	0	0	0	
881863	0	0	297	0	0	0	0	0	0	0	0	0	
882613	0	0	345	0	0	0	0	0	0	0	0	0	
883362	0	0	339	0	0	0	0	0	0	0	0	0	
884114	0	0	335	0	0	0	0	0	0	0	0	0	
884862	0	0	321	0	0	0	0	0	0	0	0	0	
885614	0	0	327	0	0	0	0	0	0	0	0	0	
886364	0	0	329	0	0	0	0	0	0	0	0	0	
887114	0	0	315	0	0	0	0	0	0	0	0	0	
887862	0	0	313	0	0	0	0	0	0	0	0	0	
888616	0	0	309	0	0	0	0	0	0	0	0	0	
889367	0	0	351	0	0	0	0	0	0	0	0	0	
890115	0	1	308	0	0	0	0	0	0	0	0	0	
890866	0	0	347	0	0	0	0	0	0	0	0	0	
891618	0	0	361	0	0	0	0	0	0	0	0	0	
892367	0	1	306	0	0	0	0	0	0	0	0	0	
893117	0	2	365	0	0	0	0	0	0	0	0	0	
893870	0	0	299	0	0	0	0	0	0	0	0	0	
894621	0	403	0	0	0	0	0	0	0	0	0	0	
895371	0	427	0	0	0	0	0	0	0	0	0	0	
896120	0	425	0	0	0	0	0	0	0	0	0	0	
896872	0	441	0	0	0	0	0	0	0	0	0	0	
897621	0	385	0	0	0	0	0	0	0	0	0	0	
898375	0	423	0	0	0	0	0	0	0	0	0	0	
899126	0	355	0	0	0	0	0	0	0	0	0	0	
899875	0	403	0	0	0	0	0	0	0	0	0	0	
900627	0	435	0	0	0	0	0	0	0	0	0	0	
901377	0	397	0	0	0	0	0	0	0	0	0	0	
902124	0	433	0	0	0	0	0	0	0	0	0	0	
902876	0	375	0	0	0	0	0	0	0	0	0	0	
903627	0	385	0	0	0	0	0	0	0	0	0	0	
904376	0	399	0	0	0	0	0	0	0	0	0	0	
905130	0	393	0	0	0	0	0	0	0	0	0	0	
905880	64	341	0	0	0	0	0	0	0	0	0	0	
906630	0	69	268	0	0	0	0	0	0	0	0	0	
907380	0	0	323	0	0	0	0	0	0	0	0	0	
908131	0	0	304	5	0	0	0	0	0	0	0	0	
908880	0	0	313	0	0	0	0	0	0	0	0	0	
909630	0	0	323	0	0	0	0	0	0	0	0	0	
910381	0	0	367	0	0	0	0	0	0	0	0	0	
911129	0	0	333	0	0	0	0	0	0	0	0	0	
911880	0	0	309	0	0	0	0	0	0	0	0	0	
912632	0	0	301	0	0	0	0	0	0	0	0	0	
913382	0	0	323	0	0	0	0	0	0	0	0	0	
914128	0	0	339	0	0	0	0	0	0	0	0	0	
914881	0	0	345	0	0	0	0	0	0	0	0	0	
915630	0	0	305	0	0	0	0	0	0	0	0	0	
916380	0	0	317	0	0	0	0	0	0	0	0	0	
917128	0	0	313	0	0	0	0	0	0	0	0	0	
917877	0	0	303	0	0	0	0	0	0	0	0	0	
918627	0	0	349	0	0	0	0	0	0	0	0	0	
919374	0	0	329	0	0	0	0	0	0	0	0	0	
920124	0	0	341	0	0	0	0	0	0	0	0	0	
920874	0	0	311	0	0	0	0	0	0	0	0	0	
921622	0	0	323	0	0	0	0	0	0	0	0	0	
922371	0	0	351	0	0	0	0	0	0	0	0	0	
923124	0	59	292	0	0	0	0	0	0	0	0	0	
923877	0	371	0	0	0	0	0	0	0	0	0	0	
924626	0	401	0	0	0	0	0	0	0	0	0	0	
925374	0	421	0	0	0	0	0	0	0	0	0	0	
926123	0	385	0	0	0	0	0	0	0	0	0	0	
926872	0	401	0	0	0	0	0	0	0	0	0	0	
927622	0	395	0	0	0	0	0	0	0	0	0	0	
928369	0	454	1	0	0	0	0	0	0	0	0	0	
929119	0	381	0	0	0	0	0	0	0	0	0	0	
929869	0	403	0	0	0	0	0	0	0	0	0	0	
930617	0	409	0	0	0	0	0	0	0	0	0	0	
931367	0	383	0	0	0	0	0	0	0	0	0	0	
932117	0	359	0	0	0	0	0	0	0	0	0	0	
932866	0	387	0	0	0	0	0	0	0	0	0	0	
933614	0	405	0	0	0	0	0	0	0	0	0	0	
934370	0	369	0	0	0	0	0	0	0	0	0	0	
935123	3	414	0	0	0	0	0	0	0	0	0	0	
935873	0	389	0	0	0	0	0	0	0	0	0	0	
936619	0	367	0	0	0	0	0	0	0	0	0	0	
937368	0	383	0	0	0	0	0	0	0	0	0	0	
938116	0	435	0	0	0	0	0	0	0	0	0	0	
938864	0	407	0	0	0	0	0	0	0	0	0	0	
939615	0	373	0	0	0	0	0	0	0	0	0	0	
940361	0	429	0	0	0	0	0	0	0	0	0	0	
941111	147	304	0	0	0	0	0	0	0	0	0	0	
941859	0	405	0	0	0	0	0	0	0	0	0	0	
942607	0	387	0	0	0	0	0	0	0	0	0	0	
943356	0	383	0	0	0	0	0	0	0	0	0	0	
944106	0	373	0	0	0	0	0	0	0	0	0	0	
944857	0	429	0	0	0	0	0	0	0	0	0	0	
945606	0	409	0	0	0	0	0	0	0	0	0	0	
946355	0	397	0	0	0	0	0	0	0	0	0	0	
947105	0	395	0	0	0	0	0	0	0	0	0	0	
947856	0	373	0	0	0	0	0	0	0	0	0	0	
948603	0	397	0	0	0	0	0	0	0	0	0	0	
949353	0	397	0	0	0	0	0	0	0	0	0	0	
950102	0	409	0	0	0	0	0	0	0	0	0	0	
950851	0	387	0	0	0	0	0	0	0	0	0	0	
951604	0	365	0	0	0	0	0	0	0	0	0	0	
952355	0	393	0	0	0	0	0	0	0	0	0	0	
953104	0	401	0	0	0	0	0	0	0	0	0	0	
953858	0	403	0	0	0	0	0	0	0	0	0	0	
954609	0	373	0	0	0	0	0	0	0	0	0	0	
955360	0	433	0	0	0	0	0	0	0	0	0	0	
956111	0	425	0	0	0	0	0	0	0	0	0	0	
956861	0	427	0	0	0	0	0	0	0	0	0	0	
957608	0	411	0	0	0	0	0	0	0	0	0	0	
958359	0	417	0	0	0	0	0	0	0	0	0	0	
959109	0	399	0	0	0	0	0	0	0	0	0	0	
959857	0	397	0	0	0	0	0	0	0	0	0	0	
960607	0	423	0	0	0	0	0	0	0	0	0	0	
961359	0	415	0	0	0	0	0	0	0	0	0	0	
962109	0	371	0	0	0	0	0	0	0	0	0	0	
962860	0	405	0	0	0	0	0	0	0	0	0	0	
963607	0	425	0	0	0	0	0	0	0	0	0	0	
964360	0	393	0	0	0	0	0	0	0	0	0	0	
965110	0	393	0	0	0	0	0	0	0	0	0	0	
965860	0	431	0	0	0	0	0	0	0	0	0	0	
966610	0	413	0	0	0	0	0	0	0	0	0	0	
967357	0	412	1	0	0	0	0	0	0	0	0	0	
968107	37	360	0	0	0	0	0	0	0	0	0	0	
968860	0	391	0	0	0	0	0	0	0	0	0	0	
969608	0	381	0	0	0	0	0	0	0	0	0	0	
970364	0	395	0	0	0	0	0	0	0	0	0	0	
971117	0	411	0	0	0	0	0	0	0	0	0	0	
971865	0	359	0	0	0	0	0	0	0	0	0	0	
972616	491	0	0	0	0	0	0	0	0	0	0	0	
973360	471	0	0	0	0	0	0	0	0	0	0	0	
974109	475	0	0	0	0	0	0	0	0	0	0	0	
974859	497	0	0	0	0	0	0	0	0	0	0	0	
975609	459	0	0	0	0	0	0	0	0	0	0	0	
976360	493	0	0	0	0	0	0	0	0	0	0	0	
977107	503	0	0	0	0	0	0	0	0	0	0	0	
977854	505	0	0	0	0	0	0	0	0	0	0	0	
978604	487	0	0	0	0	0	0	0	0	0	0	0	
979358	503	0	0	0	0	0	0	0	0	0	0	0	
980108	499	0	0	0	0	0	0	0	0	0	0	0	
980857	519	0	0	0	0	0	0	0	0	0	0	0	
981605	481	0	0	0	0	0	0	0	0	0	0	0	
982354	483	0	0	0	0	0	0	0	0	0	0	0	
983102	515	0	0	0	0	0	0	0	0	0	0	0	
983851	495	0	0	0	0	0	0	0	0	0	0	0	
984602	479	0	0	0	0	0	0	0	0	0	0	0	
985351	501	0	0	0	0	0	0	0	0	0	0	0	
986099	513	0	0	0	0	0	0	0	0	0	0	0	
986847	487	0	0	0	0	0	0	0	0	0	0	0	
987600	449	0	0	0	0	0	0	0	0	0	0	0	
988349	465	0	0	0	0	0	0	0	0	0	0	0	
989096	0	393	0	0	0	0	0	0	0	0	0	0	
989849	0	409	0	0	0	0	0	0	0	0	0	0	
990602	0	431	0	0	0	0	0	0	0	0	0	0	
991350	0	357	0	0	0	0	0	0	0	0	0	0	
992100	0	369	0	0	0	0	0	0	0	0	0	0	
992850	0	387	0	0	0	0	0	0	0	0	0	0	
993598	0	381	0	0	0	0	0	0	0	0	0	0	
994352	0	445	0	0	0	0	0	0	0	0	0	0	
995104	0	395	0	0	0	0	0	0	0	0	0	0	
995856	0	401	0	0	0	0	0	0	0	0	0	0	
996604	0	383	0	0	0	0	0	0	0	0	0	0	
997354	0	359	0	0	0	0	0	0	0	0	0	0	
998109	0	419	0	0	0	0	0	0	0	0	0	0	
998858	0	395	0	0	0	0	0	0	0	0	0	0	
999608	0	391	0	0	0	0	0	0	0	0	0	0	
1.00036e+06	0	391	0	0	0	0	0	0	0	0	0	0	
1.00111e+06	13	390	0	0	0	0	0	0	0	0	0	0	
1.00185e+06	0	423	0	0	0	0	0	0	0	0	0	0	
1.0026e+06	0	381	14	0	0	0	0	0	0	0	0	0	
1.00336e+06	0	82	241	0	0	0	0	0	0	0	0	0	
1.0041e+06	0	0	321	0	0	0	0	0	0	0	0	0	
1.00485e+06	0	0	305	0	0	0	0	0	0	0	0	0	
1.0056e+06	0	0	361	0	0	0	0	0	0	0	0	0	
1.00635e+06	0	0	335	0	0	0	0	0	0	0	0	0	
1.0071e+06	0	0	347	0	0	0	0	0	0	0	0	0	
1.00785e+06	0	0	329	0	0	0	0	0	0	0	0	0	
1.00859e+06	0	0	323	0	0	0	0	0	0	0	0	0	
1.00934e+06	0	0	301	0	0	0	0	0	0	0	0	0	
1.0101e+06	0	0	325	0	0	0	0	0	0	0	0	0	
1.01084e+06	0	0	331	4	0	0	0	0	0	0	0	0	
1.01159e+06	0	0	281	0	0	0	0	0	0	0	0	0	
1.01234e+06	0	0	295	0	0	0	0	0	0	0	0	0	
1.01309e+06	0	0	355	0	0	0	0	0	0	0	0	0	
1.01385e+06	0	0	343	0	0	0	0	0	0	0	0	0	
1.0146e+06	0	0	327	0	0	0	0	0	0	0	0	0	
1.01535e+06	0	0	345	0	0	0	0	0	0	0	0	0	
1.0161e+06	0	0	319	0	0	0	0	0	0	0	0	0	
1.01685e+06	0	0	313	0	0	0	0	0	0	0	0	0	
1.0176e+06	0	0	221	82	0	0	0	0	0	0	0	0	
1.01835e+06	0	0	343	0	0	0	0	0	0	0	0	0	
1.0191e+06	0	0	347	0	0	0	0	0	0	0	0	0	
1.01985e+06	0	0	318	5	0	0	0	0	0	0	0	0	
1.0206e+06	0	0	349	0	0	0	0	0	0	0	0	0	
1.02135e+06	0	0	327	0	0	0	0	0	0	0	0	0	
1.0221e+06	0	0	319	0	0	0	0	0	0	0	0	0	
1.02285e+06	0	0	333	0	0	0	0	0	0	0	0	0	
1.0236e+06	0	0	305	0	0	0	0	0	0	0	0	0	
1.02435e+06	0	0	331	0	0	0	0	0	0	0	0	0	
1.0251e+06	0	0	348	1	0	0	0	0	0	0	0	0	
1.02585e+06	0	0	325	0	0	0	0	0	0	0	0	0	
1.0266e+06	0	0	299	0	0	0	0	0	0	0	0	0	
1.02735e+06	0	0	317	0	0	0	0	0	0	0	0	0	
1.0281e+06	0	0	327	0	0	0	0	0	0	0	0	0	
1.02885e+06	0	0	347	0	0	0	0	0	0	0	0	0	
1.0296e+06	0	0	321	0	0	0	0	0	0	0	0	0	
1.03035e+06	0	0	341	0	0	0	0	0	0	0	0	0	
1.0311e+06	0	0	287	0	0	0	0	0	0	0	0	0	
1.03185e+06	0	0	327	0	0	0	0	0	0	0	0	0	
1.0326e+06	0	0	299	0	0	0	0	0	0	0	0	0	
1.03335e+06	0	0	323	0	0	0	0	0	0	0	0	0	
1.0341e+06	0	0	327	0	0	0	0	0	0	0	0	0	
1.03485e+06	0	0	317	0	0	0	0	0	0	0	0	0	
1.0356e+06	0	0	309	0	0	0	0	0	0	0	0	0	
1.03635e+06	0	0	321	0	0	0	0	0	0	0	0	0	
1.0371e+06	0	0	319	0	0	0	0	0	0	0	0	0	
1.03786e+06	0	0	343	0	0	0	0	0	0	0	0	0	
1.03861e+06	0	0	337	0	0	0	0	0	0	0	0	0	
1.03935e+06	0	0	331	0	0	0	0	0	0	0	0	0	
1.0401e+06	0	0	341	0	0	0	0	0	0	0	0	0	
1.04085e+06	0	0	351	0	0	0	0	0	0	0	0	0	
1.0416e+06	0	0	325	0	0	0	0	0	0	0	0	0	
1.04235e+06	0	0	311	0	0	0	0	0	0	0	0	0	
1.0431e+06	0	0	307	0	0	0	0	0	0	0	0	0	
1.04386e+06	0	1	318	0	0	0	0	0	0	0	0	0	
1.04461e+06	0	0	347	0	0	0	0	0	0	0	0	0	
1.04536e+06	0	0	305	0	0	0	0	0	0	0	0	0	
1.04611e+06	0	0	311	0	0	0	0	0	0	0	0	0	
1.04686e+06	0	0	335	0	0	0	0	0	0	0	0	0	
1.0476e+06	0	0	325	0	0	0	0	0	0	0	0	0	
1.04835e+06	0	0	313	0	0	0	0	0	0	0	0	0	
1.0491e+06	0	0	343	0	0	0	0	0	0	0	0	0	
1.04985e+06	0	0	331	0	0	0	0	0	0	0	0	0	
1.0506e+06	0	0	311	0	0	0	0	0	0	0	0	0	
1.05135e+06	0	0	313	0	0	0	0	0	0	0	0	0	
1.0521e+06	0	0	297	0	0	0	0	0	0	0	0	0	
1.05285e+06	0	0	319	0	0	0	0	0	0	0	0	0	
1.0536e+06	0	0	303	8	0	0	0	0	0	0	0	0	
1.05435e+06	0	0	357	0	0	0	0	0	0	0	0	0	
1.0551e+06	0	0	309	0	0	0	0	0	0	0	0	0	
1.05585e+06	0	0	321	0	0	0	0	0	0	0	0	0	
1.0566e+06	0	0	301	0	0	0	0	0	0	0	0	0	
1.05735e+06	0	0	353	0	0	0	0	0	0	0	0	0	
1.0581e+06	0	0	347	0	0	0	0	0	0	0	0	0	
1.05885e+06	0	0	305	0	0	0	0	0	0	0	0	0	
1.0596e+06	0	0	343	0	0	0	0	0	0	0	0	0	
1.06035e+06	0	0	327	0	0	0	0	0	0	0	0	0	
1.0611e+06	0	1	320	0	0	0	0	0	0	0	0	0	
1.06185e+06	0	0	341	0	0	0	0	0	0	0	0	0	
1.0626e+06	0	0	321	0	0	0	0	0	0	0	0	0	
1.06335e+06	0	3	326	0	0	0	0	0	0	0	0	0	
1.0641e+06	0	0	315	0	0	0	0	0	0	0	0	0	
1.06485e+06	0	0	315	0	0	0	0	0	0	0	0	0	
1.0656e+06	0	0	323	0	0	0	0	0	0	0	0	0	
1.06634e+06	0	0	331	0	0	0	0	0	0	0	0	0	
1.06709e+06	0	23	334	0	0	0	0	0	0	0	0	0	
1.06784e+06	0	0	325	0	0	0	0	0	0	0	0	0	
1.06859e+06	0	0	323	0	0	0	0	0	0	0	0	0	
1.06934e+06	0	0	305	0	0	0	0	0	0	0	0	0	
1.07009e+06	0	0	317	0	0	0	0	0	0	0	0	0	
1.07084e+06	0	0	311	0	0	0	0	0	0	0	0	0	
1.0716e+06	0	0	313	0	0	0	0	0	0	0	0	0	
1.07234e+06	0	0	325	0	0	0	0	0	0	0	0	0	
1.07309e+06	0	0	349	0	0	0	0	0	0	0	0	0	
1.07384e+06	0	0	313	0	0	0	0	0	0	0	0	0	
1.07459e+06	0	0	343	0	0	0	0	0	0	0	0	0	
1.07534e+06	0	0	345	0	0	0	0	0	0	0	0	0	
1.07609e+06	0	0	295	0	0	0	0	0	0	0	0	0	
1.07684e+06	0	0	301	0	0	0	0	0	0	0	0	0	
1.07759e+06	0	0	334	1	0	0	0	0	0	0	0	0	
1.07834e+06	0	0	349	0	0	0	0	0	0	0	0	0	
1.07909e+06	0	0	347	0	0	0	0	0	0	0	0	0	
1.07984e+06	0	0	313	0	0	0	0	0	0	0	0	0	
1.08059e+06	0	0	335	0	0	0	0	0	0	0	0	0	
1.08134e+06	0	0	325	0	0	0	0	0	0	0	0	0	
1.08209e+06	0	0	339	0	0	0	0	0	0	0	0	0	
1.08284e+06	0	0	329	0	0	0	0	0	0	0	0	0	
1.08359e+06	0	0	317	0	0	0	0	0	0	0	0	0	
1.08434e+06	0	0	319	0	0	0	0	0	0	0	0	0	
1.08509e+06	0	0	369	0	0	0	0	0	0	0	0	0	
1.08584e+06	0	0	295	0	0	0	0	0	0	0	0	0	
1.08659e+06	0	0	287	0	0	0	0	0	0	0	0	0	
1.08734e+06	0	0	319	0	0	0	0	0	0	0	0	0	
1.08809e+06	0	0	309	0	0	0	0	0	0	0	0	0	
1.08884e+06	0	0	303	4	0	0	0	0	0	0	0	0	
1.08959e+06	0	0	327	0	0	0	0	0	0	0	0	0	
1.09035e+06	0	0	353	0	0	0	0	0	0	0	0	0	
1.0911e+06	0	0	343	0	0	0	0	0	0	0	0	0	
1.09185e+06	0	0	319	0	0	0	0	0	0	0	0	0	
1.0926e+06	0	0	317	0	0	0	0	0	0	0	0	0	
1.09335e+06	0	0	323	0	0	0	0	0	0	0	0	0	
1.0941e+06	0	0	313	0	0	0	0	0	0	0	0	0	
1.09484e+06	0	0	307	0	0	0	0	0	0	0	0	0	
1.09559e+06	0	0	313	0	0	0	0	0	0	0	0	0	
1.09634e+06	0	0	331	0	0	0	0	0	0	0	0	0	
1.09709e+06	0	0	323	0	0	0	0	0	0	0	0	0	
1.09784e+06	0	0	309	0	0	0	0	0	0	0	0	0	
1.0986e+06	0	0	319	0	0	0	0	0	0	0	0	0	
1.09935e+06	0	0	307	0	0	0	0	0	0	0	0	0	
1.1001e+06	0	0	333	0	0	0	0	0	0	0	0	0	
1.10084e+06	0	0	321	0	0	0	0	0	0	0	0	0	
1.10159e+06	0	0	343	0	0	0	0	0	0	0	0	0	
1.10234e+06	0	0	335	0	0	0	0	0	0	0	0	0	
1.10309e+06	0	0	333	0	0	0	0	0	0	0	0	0	
1.10384e+06	0	0	351	0	0	0	0	0	0	0	0	0	
1.10459e+06	0	0	343	0	0	0	0	0	0	0	0	0	
1.10534e+06	0	0	305	0	0	0	0	0	0	0	0	0	
1.10609e+06	0	0	315	0	0	0	0	0	0	0	0	0	
1.10684e+06	0	0	303	0	0	0	0	0	0	0	0	0	
1.10759e+06	0	0	309	0	0	0	0	0	0	0	0	0	
1.10834e+06	0	0	311	0	0	0	0	0	0	0	0	0	
1.10909e+06	0	0	345	0	0	0	0	0	0	0	0	0	
1.10983e+06	0	0	323	0	0	0	0	0	0	0	0	0	
1.11058e+06	0	0	343	0	0	0	0	0	0	0	0	0	
1.11133e+06	0	0	303	0	0	0	0	0	0	0	0	0	
1.11208e+06	0	0	327	0	0	0	0	0	0	0	0	0	
1.11283e+06	0	0	313	0	0	0	0	0	0	0	0	0	
1.11358e+06	0	0	299	0	0	0	0	0	0	0	0	0	
1.11433e+06	0	13	318	0	0	0	0	0	0	0	0	0	
1.11508e+06	0	0	325	0	0	0	0	0	0	0	0	0	
1.11583e+06	0	0	317	0	0	0	0	0	0	0	0	0	
1.11658e+06	0	0	329	0	0	0	0	0	0	0	0	0	
1.11733e+06	0	0	325	0	0	0	0	0	0	0	0	0	
1.11808e+06	0	41	310	0	0	0	0	0	0	0	0	0	
1.11883e+06	0	0	317	0	0	0	0	0	0	0	0	0	
1.11958e+06	0	0	325	0	0	0	0	0	0	0	0	0	
1.12032e+06	0	0	317	0	0	0	0	0	0	0	0	0	
1.12108e+06	0	0	327	0	0	0	0	0	0	0	0	0	
1.12182e+06	0	0	353	0	0	0	0	0	0	0	0	0	
1.12257e+06	0	0	331	0	0	0	0	0	0	0	0	0	
1.12333e+06	0	0	331	0	0	0	0	0	0	0	0	0	
1.12408e+06	0	0	325	0	0	0	0	0	0	0	0	0	
1.12483e+06	0	0	359	0	0	0	0	0	0	0	0	0	
1.12558e+06	0	0	297	0	0	0	0	0	0	0	0	0	
1.12633e+06	0	0	285	0	0	0	0	0	0	0	0	0	
1.12708e+06	0	0	319	0	0	0	0	0	0	0	0	0	
1.12783e+06	0	0	315	0	0	0	0	0	0	0	0	0	
1.12858e+06	0	0	313	0	0	0	0	0	0	0	0	0	
1.12933e+06	0	0	321	0	0	0	0	0	0	0	0	0	
1.13008e+06	0	0	349	0	0	0	0	0	0	0	0	0	
1.13083e+06	0	0	299	0	0	0	0	0	0	0	0	0	
1.13158e+06	0	0	339	0	0	0	0	0	0	0	0	0	
1.13233e+06	0	0	339	0	0	0	0	0	0	0	0	0	
1.13308e+06	0	0	345	0	0	0	0	0	0	0	0	0	
1.13384e+06	0	0	341	0	0	0	0	0	0	0	0	0	
1.13458e+06	0	0	335	0	0	0	0	0	0	0	0	0	
1.13533e+06	0	0	317	0	0	0	0	0	0	0	0	0	
1.13608e+06	0	0	329	0	0	0	0	0	0	0	0	0	
1.13683e+06	0	0	319	0	0	0	0	0	0	0	0	0	
1.13759e+06	0	0	325	0	0	0	0	0	0	0	0	0	
1.13834e+06	0	0	341	0	0	0	0	0	0	0	0	0	
1.13909e+06	0	420	3	0	0	0	0	0	0	0	0	0	
1.13984e+06	0	415	0	0	0	0	0	0	0	0	0	0	
1.14059e+06	0	395	0	0	0	0	0	0	0	0	0	0	
1.14134e+06	0	379	0	0	0	0	0	0	0	0	0	0	
1.14209e+06	0	411	0	0	0	0	0	0	0	0	0	0	
1.14284e+06	0	427	0	0	0	0	0	0	0	0	0	0	
1.14358e+06	8	353	0	0	0	0	0	0	0	0	0	0	
1.14434e+06	0	415	0	0	0	0	0	0	0	0	0	0	
1.14509e+06	0	361	0	0	0	0	0	0	0	0	0	0	
1.14584e+06	0	411	0	0	0	0	0	0	0	0	0	0	
1.14658e+06	0	403	0	0	0	0	0	0	0	0	0	0	
1.14733e+06	0	411	0	0	0	0	0	0	0	0	0	0	
1.14809e+06	0	355	0	0	0	0	0	0	0	0	0	0	
1.14884e+06	0	371	0	0	0	0	0	0	0	0	0	0	
1.14959e+06	0	377	0	0	0	0	0	0	0	0	0	0	
1.15034e+06	0	389	0	0	0	0	0	0	0	0	0	0	
1.15109e+06	0	395	0	0	0	0	0	0	0	0	0	0	
1.15184e+06	0	395	0	0	0	0	0	0	0	0	0	0	
1.15259e+06	0	391	0	0	0	0	0	0	0	0	0	0	
1.15334e+06	31	394	0	0	0	0	0	0	0	0	0	0	
1.15409e+06	0	345	0	0	0	0	0	0	0	0	0	0	
1.15484e+06	0	413	0	0	0	0	0	0	0	0	0	0	
1.15559e+06	0	399	0	0	0	0	0	0	0	0	0	0	
1.15634e+06	0	399	0	0	0	0	0	0	0	0	0	0	
1.15709e+06	0	377	0	0	0	0	0	0	0	0	0	0	
1.15784e+06	0	409	0	0	0	0	0	0	0	0	0	0	
1.15859e+06	0	385	0	0	0	0	0	0	0	0	0	0	
1.15934e+06	0	403	0	0	0	0	0	0	0	0	0	0	
1.16009e+06	0	393	0	0	0	0	0	0	0	0	0	0	
1.16084e+06	0	427	0	0	0	0	0	0	0	0	0	0	
1.16159e+06	0	391	0	0	0	0	0	0	0	0	0	0	
1.16234e+06	0	385	0	0	0	0	0	0	0	0	0	0	
1.16309e+06	0	387	0	0	0	0	0	0	0	0	0	0	
1.16384e+06	0	377	0	0	0	0	0	0	0	0	0	0	
1.16459e+06	0	393	0	0	0	0	0	0	0	0	0	0	
1.16534e+06	0	443	0	0	0	0	0	0	0	0	0	0	
1.16609e+06	0	397	0	0	0	0	0	0	0	0	0	0	
1.16685e+06	0	425	0	0	0	0	0	0	0	0	0	0	
1.1676e+06	0	403	0	0	0	0	0	0	0	0	0	0	
1.16835e+06	0	413	0	0	0	0	0	0	0	0	0	0	
1.16909e+06	50	367	0	0	0	0	0	0	0	0	0	0	
1.16985e+06	0	375	0	0	0	0	0	0	0	0	0	0	
1.17059e+06	0	383	0	0	0	0	0	0	0	0	0	0	
1.17134e+06	0	381	0	0	0	0	0	0	0	0	0	0	
1.17209e+06	0	371	0	0	0	0	0	0	0	0	0	0	
1.17284e+06	0	345	0	0	0	0	0	0	0	0	0	0	
1.17359e+06	0	425	0	0	0	0	0	0	0	0	0	0	
1.17435e+06	0	389	0	0	0	0	0	0	0	0	0	0	
1.1751e+06	0	371	6	0	0	0	0	0	0	0	0	0	
1.17585e+06	0	379	0	0	0	0	0	0	0	0	0	0	
1.1766e+06	0	375	0	0	0	0	0	0	0	0	0	0	
1.17735e+06	0	427	0	0	0	0	0	0	0	0	0	0	
1.1781e+06	0	425	0	0	0	0	0	0	0	0	0	0	
1.17885e+06	0	389	0	0	0	0	0	0	0	0	0	0	
1.1796e+06	0	411	0	0	0	0	0	0	0	0	0	0	
1.18035e+06	0	343	0	0	0	0	0	0	0	0	0	0	
1.18109e+06	0	392	1	0	0	0	0	0	0	0	0	0	
1.18185e+06	0	413	0	0	0	0	0	0	0	0	0	0	
1.1826e+06	0	403	0	0	0	0	0	0	0	0	0	0	
1.18335e+06	0	401	0	0	0	0	0	0	0	0	0	0	
1.1841e+06	0	391	0	0	0	0	0	0	0	0	0	0	
1.18485e+06	0	262	135	0	0	0	0	0	0	0	0	0	
1.1856e+06	0	0	323	0	0	0	0	0	0	0	0	0	
1.18636e+06	0	0	331	0	0	0	0	0	0	0	0	0	
1.18711e+06	0	0	353	0	0	0	0	0	0	0	0	0	
1.18786e+06	0	0	303	0	0	0	0	0	0	0	0	0	
1.18861e+06	0	0	335	0	0	0	0	0	0	0	0	0	
1.18935e+06	0	0	307	0	0	0	0	0	0	0	0	0	
1.19011e+06	0	0	321	0	0	0	0	0	0	0	0	0	
1.19085e+06	0	0	311	0	0	0	0	0	0	0	0	0	
1.1916e+06	0	0	329	0	0	0	0	0	0	0	0	0	
1.19235e+06	0	0	301	0	0	0	0	0	0	0	0	0	
1.1931e+06	0	0	311	0	0	0	0	0	0	0	0	0	
1.19385e+06	0	0	327	0	0	0	0	0	0	0	0	0	
1.1946e+06	0	0	325	0	0	0	0	0	0	0	0	0	
1.19535e+06	0	0	313	0	0	0	0	0	0	0	0	0	
1.1961e+06	0	0	331	0	0	0	0	0	0	0	0	0	
1.19686e+06	0	0	331	0	0	0	0	0	0	0	0	0	
1.19761e+06	0	0	323	0	0	0	0	0	0	0	0	0	
1.19836e+06	0	0	327	0	0	0	0	0	0	0	0	0	
1.19911e+06	0	0	355	0	0	0	0	0	0	0	0	0	
1.19986e+06	0	0	325	0	0	0	0	0	0	0	0	0	
1.20061e+06	0	0	313	0	0	0	0	0	0	0	0	0	
1.20136e+06	0	0	361	0	0	0	0	0	0	0	0	0	
1.20211e+06	0	0	307	0	0	0	0	0	0	0	0	0	
1.20286e+06	0	7	322	0	0	0	0	0	0	0	0	0	
1.20361e+06	0	0	317	0	0	0	0	0	0	0	0	0	
1.20436e+06	0	0	319	4	0	0	0	0	0	0	0	0	
1.20511e+06	0	0	305	0	0	0	0	0	0	0	0	0	
1.20586e+06	0	0	299	0	0	0	0	0	0	0	0	0	
1.20661e+06	0	0	323	0	0	0	0	0	0	0	0	0	
1.20736e+06	0	0	325	0	0	0	0	0	0	0	0	0	
1.20811e+06	0	0	321	0	0	0	0	0	0	0	0	0	
1.20886e+06	0	0	313	0	0	0	0	0	0	0	0	0	
1.20961e+06	0	0	313	0	0	0	0	0	0	0	0	0	
1.21036e+06	0	0	331	0	0	0	0	0	0	0	0	0	
1.21111e+06	0	0	313	0	0	0	0	0	0	0	0	0	
1.21185e+06	0	0	313	0	0	0	0	0	0	0	0	0	
1.2126e+06	0	0	327	0	0	0	0	0	0	0	0	0	
1.21335e+06	0	0	305	0	0	0	0	0	0	0	0	0	
1.2141e+06	0	0	295	0	0	0	0	0	0	0	0	0	
1.21485e+06	0	0	335	0	0	0	0	0	0	0	0	0	
1.2156e+06	0	0	353	0	0	0	0	0	0	0	0	0	
1.21635e+06	0	0	309	0	0	0	0	0	0	0	0	0	
1.2171e+06	0	0	361	0	0	0	0	0	0	0	0	0	
1.21786e+06	0	0	309	0	0	0	0	0	0	0	0	0	
1.21861e+06	0	0	303	0	0	0	0	0	0	0	0	0	
1.21936e+06	0	0	331	0	0	0	0	0	0	0	0	0	
1.22011e+06	0	0	327	0	0	0	0	0	0	0	0	0	
1.22086e+06	0	0	300	3	0	0	0	0	0	0	0	0	
1.2216e+06	0	0	323	0	0	0	0	0	0	0	0	0	
1.22235e+06	0	0	325	10	0	0	0	0	0	0	0	0	
1.2231e+06	0	0	319	0	0	0	0	0	0	0	0	0	
1.22385e+06	0	397	0	0	0	0	0	0	0	0	0	0	
1.2246e+06	0	381	0	0	0	0	0	0	0	0	0	0	
1.22535e+06	0	399	0	0	0	0	0	0	0	0	0	0	
1.2261e+06	0	379	0	0	0	0	0	0	0	0	0	0	
1.22685e+06	0	417	0	0	0	0	0	0	0	0	0	0	
1.22761e+06	0	383	0	0	0	0	0	0	0	0	0	0	
1.22835e+06	0	365	0	0	0	0	0	0	0	0	0	0	
1.2291e+06	92	194	169	0	0	0	0	0	0	0	0	0	
1.22985e+06	0	0	321	0	0	0	0	0	0	0	0	0	
1.23061e+06	0	0	335	0	0	0	0	0	0	0	0	0	
1.23135e+06	0	0	333	0	0	0	0	0	0	0	0	0	
1.23211e+06	0	0	353	0	0	0	0	0	0	0	0	0	
1.23285e+06	0	0	329	0	0	0	0	0	0	0	0	0	
1.2336e+06	0	0	303	0	0	0	0	0	0	0	0	0	
1.23435e+06	0	0	309	0	0	0	0	0	0	0	0	0	
1.2351e+06	0	0	329	0	0	0	0	0	0	0	0	0	
1.23585e+06	0	0	333	0	0	0	0	0	0	0	0	0	
1.2366e+06	0	0	351	0	0	0	0	0	0	0	0	0	
1.23735e+06	0	0	347	0	0	0	0	0	0	0	0	0	
1.2381e+06	0	0	341	0	0	0	0	0	0	0	0	0	
1.23885e+06	0	0	323	0	0	0	0	0	0	0	0	0	
1.2396e+06	0	0	329	0	0	0	0	0	0	0	0	0	
1.24035e+06	0	0	297	0	0	0	0	0	0	0	0	0	
1.2411e+06	0	0	317	0	0	0	0	0	0	0	0	0	
1.24185e+06	0	0	305	0	0	0	0	0	0	0	0	0	
1.2426e+06	0	0	343	0	0	0	0	0	0	0	0	0	
1.24336e+06	0	0	315	0	0	0	0	0	0	0	0	0	
1.24411e+06	0	0	317	0	0	0	0	0	0	0	0	0	
1.24486e+06	0	0	301	0	0	0	0	0	0	0	0	0	
1.24561e+06	0	0	305	0	0	0	0	0	0	0	0	0	
1.24636e+06	0	0	283	0	0	0	0	0	0	0	0	0	
1.24711e+06	0	0	353	0	0	0	0	0	0	0	0	0	
1.24786e+06	0	0	325	0	0	0	0	0	0	0	0	0	
1.24861e+06	0	0	327	0	0	0	0	0	0	0	0	0	
1.24935e+06	0	0	311	0	0	0	0	0	0	0	0	0	
1.2501e+06	0	0	351	0	0	0	0	0	0	0	0	0	
1.25085e+06	0	0	333	0	0	0	0	0	0	0	0	0	
1.2516e+06	0	102	247	0	0	0	0	0	0	0	0	0	
1.25236e+06	0	0	309	0	0	0	0	0	0	0	0	0	
1.2531e+06	0	0	321	0	0	0	0	0	0	0	0	0	
1.25385e+06	0	0	313	0	0	0	0	0	0	0	0	0	
1.2546e+06	0	0	341	0	0	0	0	0	0	0	0	0	
1.25535e+06	0	0	294	3	0	0	0	0	0	0	0	0	
1.2561e+06	0	0	331	0	0	0	0	0	0	0	0	0	
1.25685e+06	0	0	317	0	0	0	0	0	0	0	0	0	
1.2576e+06	0	0	0	245	0	0	0	0	0	0	0	0	
1.25835e+06	0	0	0	243	0	0	0	0	0	0	0	0	
1.2591e+06	0	0	0	277	0	0	0	0	0	0	0	0	
1.25985e+06	0	0	0	231	0	0	0	0	0	0	0	0	
1.2606e+06	0	0	0	265	0	0	0	0	0	0	0	0	
1.26135e+06	0	0	20	251	0	0	0	0	0	0	0	0	
1.2621e+06	0	0	0	257	0	0	0	0	0	0	0	0	
1.26285e+06	0	0	0	271	0	0	0	0	0	0	0	0	
1.2636e+06	0	0	0	277	0	0	0	0	0	0	0	0	
1.26435e+06	0	0	0	265	0	0	0	0	0	0	0	0	
1.26509e+06	0	0	0	269	0	0	0	0	0	0	0	0	
1.26584e+06	0	0	0	279	0	0	0	0	0	0	0	0	
1.26659e+06	0	0	0	251	0	0	0	0	0	0	0	0	
1.26734e+06	0	0	0	279	0	0	0	0	0	0	0	0	
1.26809e+06	0	0	11	272	0	0	0	0	0	0	0	0	
1.26884e+06	0	0	0	277	0	0	0	0	0	0	0	0	
1.26959e+06	0	0	0	257	0	0	0	0	0	0	0	0	
1.27034e+06	0	0	0	269	0	0	0	0	0	0	0	0	
1.27109e+06	0	0	0	281	0	0	0	0	0	0	0	0	
1.27184e+06	0	0	0	281	0	0	0	0	0	0	0	0	
1.27259e+06	0	0	0	255	0	0	0	0	0	0	0	0	
1.27334e+06	0	0	0	251	0	0	0	0	0	0	0	0	
1.27409e+06	0	0	0	287	0	0	0	0	0	0	0	0	
1.27484e+06	0	0	0	271	0	0	0	0	0	0	0	0	
1.27559e+06	0	0	0	237	0	0	0	0	0	0	0	0	
1.27633e+06	0	0	0	265	0	0	0	0	0	0	0	0	
1.27708e+06	0	0	0	249	0	0	0	0	0	0	0	0	
1.27784e+06	0	0	0	235	0	0	0	0	0	0	0	0	
1.27859e+06	0	0	0	251	0	0	0	0	0	0	0	0	
1.27934e+06	0	0	0	263	0	0	0	0	0	0	0	0	
1.28009e+06	0	0	0	257	0	0	0	0	0	0	0	0	
1.28084e+06	0	0	0	233	8	0	0	0	0	0	0	0	
1.28159e+06	0	0	0	263	0	0	0	0	0	0	0	0	
1.28234e+06	0	0	0	261	0	0	0	0	0	0	0	0	
1.28309e+06	0	0	0	293	0	0	0	0	0	0	0	0	
1.28384e+06	0	0	0	301	0	0	0	0	0	0	0	0	
1.28459e+06	0	0	0	285	0	0	0	0	0	0	0	0	
1.28534e+06	0	0	0	297	0	0	0	0	0	0	0	0	
1.2861e+06	0	0	0	247	0	0	0	0	0	0	0	0	
1.28685e+06	0	0	0	265	0	0	0	0	0	0	0	0	
1.28759e+06	0	0	0	239	0	0	0	0	0	0	0	0	
1.28834e+06	0	0	0	257	0	0	0	0	0	0	0	0	
1.28909e+06	0	0	0	267	0	0	0	0	0	0	0	0	
1.28984e+06	0	0	0	265	0	0	0	0	0	0	0	0	
1.29058e+06	0	0	0	271	0	0	0	0	0	0	0	0	
1.29133e+06	0	0	0	279	0	0	0	0	0	0	0	0	
1.29208e+06	0	0	0	253	0	0	0	0	0	0	0	0	
1.29283e+06	0	0	303	0	0	0	0	0	0	0	0	0	
1.29358e+06	0	0	317	0	0	0	0	0	0	0	0	0	
1.29433e+06	0	0	307	0	0	0	0	0	0	0	0	0	
1.29508e+06	0	0	353	0	0	0	0	0	0	0	0	0	
1.29583e+06	0	0	315	0	0	0	0	0	0	0	0	0	
1.29658e+06	0	0	303	0	0	0	0	0	0	0	0	0	
1.29733e+06	0	0	333	0	0	0	0	0	0	0	0	0	
1.29809e+06	0	0	335	0	0	0	0	0	0	0	0	0	
1.29884e+06	0	0	311	0	0	0	0	0	0	0	0	0	
1.29959e+06	0	0	305	0	0	0	0	0	0	0	0	0	
1.30034e+06	0	0	317	0	0	0	0	0	0	0	0	0	
1.30109e+06	0	0	341	0	0	0	0	0	0	0	0	0	
1.30184e+06	0	0	339	0	0	0	0	0	0	0	0	0	
1.30259e+06	0	0	337	0	0	0	0	0	0	0	0	0	
1.30334e+06	0	0	321	0	0	0	0	0	0	0	0	0	
1.30409e+06	0	0	325	0	0	0	0	0	0	0	0	0	
1.30484e+06	0	0	176	109	0	0	0	0	0	0	0	0	
1.30558e+06	0	0	0	283	0	0	0	0	0	0	0	0	
1.30633e+06	0	0	0	207	0	0	0	0	0	0	0	0	
1.30709e+06	0	0	0	249	0	0	0	0	0	0	0	0	
1.30784e+06	0	0	22	243	0	0	0	0	0	0	0	0	
1.30859e+06	0	0	0	271	0	0	0	0	0	0	0	0	
1.30933e+06	0	0	0	269	0	0	0	0	0	0	0	0	
1.31008e+06	0	0	0	265	0	0	0	0	0	0	0	0	
1.31083e+06	0	0	0	271	0	0	0	0	0	0	0	0	
1.31158e+06	0	0	0	275	0	0	0	0	0	0	0	0	
1.31233e+06	0	0	0	261	0	0	0	0	0	0	0	0	
1.31308e+06	0	0	0	269	0	0	0	0	0	0	0	0	
1.31384e+06	0	0	0	249	0	0	0	0	0	0	0	0	
1.31459e+06	0	0	0	285	0	0	0	0	0	0	0	0	
1.31534e+06	0	0	0	257	0	0	0	0	0	0	0	0	
1.31609e+06	0	0	0	299	0	0	0	0	0	0	0	0	
1.31684e+06	0	0	0	263	0	0	0	0	0	0	0	0	
1.31759e+06	0	0	0	227	0	0	0	0	0	0	0	0	
1.31834e+06	0	0	0	257	0	0	0	0	0	0	0	0	
1.31909e+06	0	0	0	235	0	0	0	0	0	0	0	0	
1.31984e+06	0	0	0	239	0	0	0	0	0	0	0	0	
1.32059e+06	0	0	0	253	0	0	0	0	0	0	0	0	
1.32134e+06	0	0	0	259	0	0	0	0	0	0	0	0	
1.32209e+06	0	0	0	285	0	0	0	0	0	0	0	0	
1.32283e+06	0	0	22	233	0	0	0	0	0	0	0	0	
1.32359e+06	0	0	0	287	0	0	0	0	0	0	0	0	
1.32434e+06	0	0	0	271	0	0	0	0	0	0	0	0	
1.32509e+06	0	0	0	245	0	0	0	0	0	0	0	0	
1.32584e+06	0	0	0	249	0	0	0	0	0	0	0	0	
1.32659e+06	0	0	0	273	0	0	0	0	0	0	0	0	
1.32734e+06	0	0	0	271	0	0	0	0	0	0	0	0	
1.32809e+06	0	0	0	263	0	0	0	0	0	0	0	0	
1.32884e+06	0	0	0	275	0	0	0	0	0	0	0	0	
1.32959e+06	0	0	0	243	0	0	0	0	0	0	0	0	
1.33034e+06	0	0	0	237	0	0	0	0	0	0	0	0	
1.33109e+06	0	0	0	263	0	0	0	0	0	0	0	0	
1.33184e+06	0	0	0	269	0	0	0	0	0	0	0	0	
1.33259e+06	0	0	0	255	0	0	0	0	0	0	0	0	
1.33334e+06	0	0	0	247	0	0	0	0	0	0	0	0	
1.33408e+06	0	0	0	287	0	0	0	0	0	0	0	0	
1.33483e+06	0	0	0	271	0	0	0	0	0	0	0	0	
1.33558e+06	0	0	0	301	0	0	0	0	0	0	0	0	
1.33633e+06	0	0	0	281	0	0	0	0	0	0	0	0	
1.33708e+06	0	0	0	257	0	0	0	0	0	0	0	0	
1.33783e+06	0	0	0	255	0	0	0	0	0	0	0	0	
1.33858e+06	0	0	0	249	0	0	0	0	0	0	0	0	
1.33933e+06	0	0	0	259	0	0	0	0	0	0	0	0	
1.34008e+06	0	0	0	253	0	0	0	0	0	0	0	0	
1.34083e+06	0	0	0	263	0	0	0	0	0	0	0	0	
1.34158e+06	0	0	0	277	0	0	0	0	0	0	0	0	
1.34233e+06	0	0	0	271	0	0	0	0	0	0	0	0	
1.34308e+06	0	0	0	275	0	0	0	0	0	0	0	0	
1.34383e+06	0	0	0	271	0	0	0	0	0	0	0	0	
1.34458e+06	0	0	0	265	0	0	0	0	0	0	0	0	
1.34533e+06	0	0	1	262	0	0	0	0	0	0	0	0	
1.34608e+06	0	0	0	259	0	0	0	0	0	0	0	0	
1.34683e+06	0	0	0	265	0	0	0	0	0	0	0	0	
1.34758e+06	0	0	0	267	0	0	0	0	0	0	0	0	
1.34834e+06	0	0	0	265	0	0	0	0	0	0	0	0	
1.34909e+06	0	0	0	261	0	0	0	0	0	0	0	0	
1.34984e+06	0	0	0	279	0	0	0	0	0	0	0	0	
1.35059e+06	0	0	0	263	0	0	0	0	0	0	0	0	
1.35134e+06	0	0	0	245	0	0	0	0	0	0	0	0	
1.35209e+06	0	0	0	261	0	0	0	0	0	0	0	0	
1.35284e+06	0	0	0	249	0	0	0	0	0	0	0	0	
1.35358e+06	0	0	0	253	0	0	0	0	0	0	0	0	
1.35433e+06	0	0	0	283	0	0	0	0	0	0	0	0	
1.35508e+06	0	0	308	7	0	0	0	0	0	0	0	0	
1.35584e+06	0	0	321	0	0	0	0	0	0	0	0	0	
1.35659e+06	0	0	331	0	0	0	0	0	0	0	0	0	
1.35733e+06	0	0	321	0	0	0	0	0	0	0	0	0	
1.35808e+06	0	0	323	0	0	0	0	0	0	0	0	0	
1.35883e+06	0	0	333	0	0	0	0	0	0	0	0	0	
1.35959e+06	0	0	327	0	0	0	0	0	0	0	0	0	
1.36033e+06	0	0	0	245	0	0	0	0	0	0	0	0	
1.36108e+06	0	0	0	271	0	0	0	0	0	0	0	0	
1.36183e+06	0	0	0	277	0	0	0	0	0	0	0	0	
1.36258e+06	0	0	0	275	0	0	0	0	0	0	0	0	
1.36333e+06	0	0	0	249	0	0	0	0	0	0	0	0	
1.36408e+06	0	0	0	283	0	0	0	0	0	0	0	0	
1.36483e+06	0	0	0	271	0	0	0	0	0	0	0	0	
1.36557e+06	0	0	0	291	0	0	0	0	0	0	0	0	
1.36632e+06	0	0	0	269	0	0	0	0	0	0	0	0	
1.36707e+06	0	0	0	239	0	0	0	0	0	0	0	0	
1.36782e+06	0	0	0	263	0	0	0	0	0	0	0	0	
1.36857e+06	0	0	0	277	0	0	0	0	0	0	0	0	
1.36932e+06	0	0	0	267	0	0	0	0	0	0	0	0	
1.37007e+06	0	0	0	249	0	0	0	0	0	0	0	0	
1.37082e+06	0	0	0	257	0	0	0	0	0	0	0	0	
1.37157e+06	0	0	0	295	0	0	0	0	0	0	0	0	
1.37232e+06	0	0	0	263	0	0	0	0	0	0	0	0	
1.37307e+06	0	0	0	275	0	0	0	0	0	0	0	0	
1.37382e+06	0	0	0	241	0	0	0	0	0	0	0	0	
1.37456e+06	0	0	0	283	0	0	0	0	0	0	0	0	
1.37532e+06	0	0	0	267	0	0	0	0	0	0	0	0	
1.37606e+06	0	0	0	251	0	0	0	0	0	0	0	0	
1.37681e+06	0	0	0	277	0	0	0	0	0	0	0	0	
1.37756e+06	0	0	0	269	0	0	0	0	0	0	0	0	
1.37831e+06	0	0	0	263	0	0	0	0	0	0	0	0	
1.37906e+06	0	0	0	271	0	0	0	0	0	0	0	0	
1.37981e+06	0	0	0	267	0	0	0	0	0	0	0	0	
1.38056e+06	0	0	0	285	0	0	0	0	0	0	0	0	
1.38132e+06	0	0	0	263	0	0	0	0	0	0	0	0	
1.38206e+06	0	0	0	257	0	0	0	0	0	0	0	0	
1.38282e+06	0	0	0	283	0	0	0	0	0	0	0	0	
1.38356e+06	0	0	0	263	0	0	0	0	0	0	0	0	
1.38431e+06	0	0	5	274	0	0	0	0	0	0	0	0	
1.38506e+06	0	0	0	253	0	0	0	0	0	0	0	0	
1.38581e+06	0	0	0	251	0	0	0	0	0	0	0	0	
1.38656e+06	0	0	0	273	0	0	0	0	0	0	0	0	
1.38731e+06	0	0	0	243	0	0	0	0	0	0	0	0	
1.38806e+06	0	0	0	233	0	0	0	0	0	0	0	0	
1.38881e+06	0	0	0	259	0	0	0	0	0	0	0	0	
1.38956e+06	0	0	0	251	0	0	0	0	0	0	0	0	
1.39031e+06	0	0	0	273	0	0	0	0	0	0	0	0	
1.39106e+06	0	0	0	257	0	0	0	0	0	0	0	0	
1.39181e+06	0	0	0	273	0	0	0	0	0	0	0	0	
1.39256e+06	0	0	0	269	0	0	0	0	0	0	0	0	
1.39331e+06	0	0	0	279	0	0	0	0	0	0	0	0	
1.39406e+06	0	0	0	255	0	0	0	0	0	0	0	0	
1.39481e+06	0	0	0	257	0	0	0	0	0	0	0	0	
1.39556e+06	0	0	0	281	0	0	0	0	0	0	0	0	
1.39631e+06	0	0	0	263	0	0	0	0	0	0	0	0	
1.39706e+06	0	0	0	263	0	0	0	0	0	0	0	0	
1.39781e+06	0	0	0	255	0	0	0	0	0	0	0	0	
1.39856e+06	0	0	0	257	0	0	0	0	0	0	0	0	
1.39931e+06	0	0	301	0	0	0	0	0	0	0	0	0	
1.40006e+06	0	0	315	0	0	0	0	0	0	0	0	0	
1.40081e+06	0	0	327	0	0	0	0	0	0	0	0	0	
1.40156e+06	0	0	331	0	0	0	0	0	0	0	0	0	
1.40231e+06	0	0	335	0	0	0	0	0	0	0	0	0	
1.40306e+06	0	0	325	0	0	0	0	0	0	0	0	0	
1.40381e+06	0	0	347	0	0	0	0	0	0	0	0	0	
1.40456e+06	0	0	325	0	0	0	0	0	0	0	0	0	
1.4053e+06	0	0	307	0	0	0	0	0	0	0	0	0	
1.40605e+06	0	0	315	0	0	0	0	0	0	0	0	0	
1.4068e+06	0	0	319	0	0	0	0	0	0	0	0	0	
1.40755e+06	0	0	323	0	0	0	0	0	0	0	0	0	
1.4083e+06	0	5	328	0	0	0	0	0	0	0	0	0	
1.40905e+06	0	0	341	0	0	0	0	0	0	0	0	0	
1.4098e+06	0	0	323	0	0	0	0	0	0	0	0	0	
1.41055e+06	0	0	333	0	0	0	0	0	0	0	0	0	
1.4113e+06	0	0	309	0	0	0	0	0	0	0	0	0	
1.41205e+06	0	0	317	0	0	0	0	0	0	0	0	0	
1.4128e+06	0	0	309	0	0	0	0	0	0	0	0	0	
1.41355e+06	0	0	347	0	0	0	0	0	0	0	0	0	
1.4143e+06	0	0	297	0	0	0	0	0	0	0	0	0	
1.41505e+06	0	0	331	0	0	0	0	0	0	0	0	0	
1.4158e+06	0	0	287	0	0	0	0	0	0	0	0	0	
1.41655e+06	0	0	331	0	0	0	0	0	0	0	0	0	
1.4173e+06	0	0	305	0	0	0	0	0	0	0	0	0	
1.41805e+06	0	0	306	1	0	0	0	0	0	0	0	0	
1.4188e+06	0	0	319	0	0	0	0	0	0	0	0	0	
1.41956e+06	0	0	337	0	0	0	0	0	0	0	0	0	
1.42031e+06	0	0	359	0	0	0	0	0	0	0	0	0	
1.42106e+06	0	0	319	0	0	0	0	0	0	0	0	0	
1.42181e+06	0	0	321	0	0	0	0	0	0	0	0	0	
1.42257e+06	0	0	339	0	0	0	0	0	0	0	0	0	
1.42331e+06	0	0	309	0	0	0	0	0	0	0	0	0	
1.42407e+06	0	0	327	0	0	0	0	0	0	0	0	0	
1.42481e+06	0	0	333	0	0	0	0	0	0	0	0	0	
1.42557e+06	0	0	333	0	0	0	0	0	0	0	0	0	
1.42632e+06	0	0	305	0	0	0	0	0	0	0	0	0	
1.42706e+06	0	0	321	0	0	0	0	0	0	0	0	0	
1.42781e+06	0	0	279	0	0	0	0	0	0	0	0	0	
1.42856e+06	0	0	309	0	0	0	0	0	0	0	0	0	
1.42932e+06	0	0	315	0	0	0	0	0	0	0	0	0	
1.43007e+06	0	0	319	0	0	0	0	0	0	0	0	0	
1.43082e+06	0	0	303	0	0	0	0	0	0	0	0	0	
1.43157e+06	0	0	343	0	0	0	0	0	0	0	0	0	
1.43232e+06	0	0	329	0	0	0	0	0	0	0	0	0	
1.43307e+06	0	0	347	0	0	0	0	0	0	0	0	0	
1.43382e+06	0	5	336	0	0	0	0	0	0	0	0	0	
1.43457e+06	0	0	315	0	0	0	0	0	0	0	0	0	
1.43532e+06	0	0	287	0	0	0	0	0	0	0	0	0	
1.43607e+06	0	0	313	0	0	0	0	0	0	0	0	0	
1.43682e+06	0	0	311	0	0	0	0	0	0	0	0	0	
1.43757e+06	0	0	305	0	0	0	0	0	0	0	0	0	
1.43832e+06	0	0	325	0	0	0	0	0	0	0	0	0	
1.43907e+06	0	0	291	0	0	0	0	0	0	0	0	0	
1.43982e+06	0	0	331	0	0	0	0	0	0	0	0	0	
1.44057e+06	0	0	323	0	0	0	0	0	0	0	0	0	
1.44132e+06	0	0	303	0	0	0	0	0	0	0	0	0	
1.44207e+06	0	0	321	0	0	0	0	0	0	0	0	0	
1.44282e+06	0	0	313	0	0	0	0	0	0	0	0	0	
1.44357e+06	0	0	325	0	0	0	0	0	0	0	0	0	
1.44431e+06	0	0	343	0	0	0	0	0	0	0	0	0	
1.44506e+06	0	0	323	0	0	0	0	0	0	0	0	0	
1.44581e+06	0	0	313	0	0	0	0	0	0	0	0	0	
1.44656e+06	0	3	294	0	0	0	0	0	0	0	0	0	
1.44731e+06	0	0	349	0	0	0	0	0	0	0	0	0	
1.44806e+06	0	0	341	0	0	0	0	0	0	0	0	0	
1.44881e+06	0	0	325	0	0	0	0	0	0	0	0	0	
1.44956e+06	0	0	329	0	0	0	0	0	0	0	0	0	
1.45031e+06	0	0	317	0	0	0	0	0	0	0	0	0	
1.45106e+06	0	0	295	0	0	0	0	0	0	0	0	0	
1.45181e+06	0	0	323	0	0	0	0	0	0	0	0	0	
1.45256e+06	0	0	315	0	0	0	0	0	0	0	0	0	
1.45331e+06	0	0	295	0	0	0	0	0	0	0	0	0	
1.45406e+06	0	56	297	0	0	0	0	0	0	0	0	0	
1.4548e+06	0	0	331	0	0	0	0	0	0	0	0	0	
1.45555e+06	0	0	337	0	0	0	0	0	0	0	0	0	
1.4563e+06	0	0	353	0	0	0	0	0	0	0	0	0	
1.45705e+06	0	0	337	0	0	0	0	0	0	0	0	0	
1.4578e+06	0	5	340	0	0	0	0	0	0	0	0	0	
1.45855e+06	0	0	339	0	0	0	0	0	0	0	0	0	
1.4593e+06	0	0	327	0	0	0	0	0	0	0	0	0	
1.46005e+06	0	0	295	0	0	0	0	0	0	0	0	0	
1.4608e+06	0	0	343	0	0	0	0	0	0	0	0	0	
1.46155e+06	0	0	383	0	0	0	0	0	0	0	0	0	
1.4623e+06	0	0	339	0	0	0	0	0	0	0	0	0	
1.46305e+06	0	0	327	0	0	0	0	0	0	0	0	0	
1.4638e+06	4	365	16	0	0	0	0	0	0	0	0	0	
1.46455e+06	0	403	0	0	0	0	0	0	0	0	0	0	
1.4653e+06	0	399	0	0	0	0	0	0	0	0	0	0	
1.46604e+06	0	375	0	0	0	0	0	0	0	0	0	0	
1.46679e+06	0	361	0	0	0	0	0	0	0	0	0	0	
1.46754e+06	0	391	0	0	0	0	0	0	0	0	0	0	
1.4683e+06	0	373	0	0	0	0	0	0	0	0	0	0	
1.46905e+06	4	393	0	0	0	0	0	0	0	0	0	0	
1.46979e+06	0	409	0	0	0	0	0	0	0	0	0	0	
1.47054e+06	0	397	0	0	0	0	0	0	0	0	0	0	
1.47129e+06	0	401	0	0	0	0	0	0	0	0	0	0	
1.47204e+06	0	413	0	0	0	0	0	0	0	0	0	0	
1.47279e+06	0	391	0	0	0	0	0	0	0	0	0	0	
1.47354e+06	0	405	0	0	0	0	0	0	0	0	0	0	
1.47429e+06	0	375	0	0	0	0	0	0	0	0	0	0	
1.47504e+06	0	397	0	0	0	0	0	0	0	0	0	0	
1.4758e+06	0	413	0	0	0	0	0	0	0	0	0	0	
1.47655e+06	0	417	0	0	0	0	0	0	0	0	0	0	
1.4773e+06	0	419	0	0	0	0	0	0	0	0	0	0	
1.47805e+06	0	417	0	0	0	0	0	0	0	0	0	0	
1.4788e+06	0	421	0	0	0	0	0	0	0	0	0	0	
1.47955e+06	0	393	0	0	0	0	0	0	0	0	0	0	
1.48029e+06	0	405	0	0	0	0	0	0	0	0	0	0	
1.48104e+06	0	409	0	0	0	0	0	0	0	0	0	0	
1.48179e+06	0	419	0	0	0	0	0	0	0	0	0	0	
1.48255e+06	0	387	0	0	0	0	0	0	0	0	0	0	
1.4833e+06	0	431	0	0	0	0	0	0	0	0	0	0	
1.48405e+06	0	389	0	0	0	0	0	0	0	0	0	0	
1.4848e+06	0	401	0	0	0	0	0	0	0	0	0	0	
1.48556e+06	0	433	0	0	0	0	0	0	0	0	0	0	
1.48631e+06	0	381	0	0	0	0	0	0	0	0	0	0	
1.48706e+06	0	411	0	0	0	0	0	0	0	0	0	0	
1.48781e+06	0	349	0	0	0	0	0	0	0	0	0	0	
1.48856e+06	0	417	0	0	0	0	0	0	0	0	0	0	
1.48931e+06	0	373	0	0	0	0	0	0	0	0	0	0	
1.49006e+06	0	369	0	0	0	0	0	0	0	0	0	0	
1.49081e+06	0	395	0	0	0	0	0	0	0	0	0	0	
1.49156e+06	0	399	0	0	0	0	0	0	0	0	0	0	
1.49231e+06	0	435	0	0	0	0	0	0	0	0	0	0	
1.49306e+06	0	77	296	0	0	0	0	0	0	0	0	0	
1.49381e+06	0	377	0	0	0	0	0	0	0	0	0	0	
1.49456e+06	0	387	0	0	0	0	0	0	0	0	0	0	
1.49531e+06	0	379	0	0	0	0	0	0	0	0	0	0	
1.49606e+06	0	409	0	0	0	0	0	0	0	0	0	0	
1.49681e+06	0	403	0	0	0	0	0	0	0	0	0	0	
1.49756e+06	0	407	0	0	0	0	0	0	0	0	0	0	
1.49831e+06	0	383	0	0	0	0	0	0	0	0	0	0	
1.49906e+06	0	417	0	0	0	0	0	0	0	0	0	0	
1.49981e+06	0	377	0	0	0	0	0	0	0	0	0	0	
1.49981e+06	0	377	0	0	0	0	0	0	0	0	0	0	
