Time	s0	s1	s2	s3	s4	s5	s6	s7	s8	s9	s10	s11	
0	0	0	0	0	0	0	0	0	0	0	0	200	
8.25668e-05	0	0	0	0	0	0	0	0	0	0	0	199	
746.134	0	0	0	0	0	0	0	0	0	0	0	53	
1497.38	0	0	0	0	0	0	0	0	0	0	0	51	
2248.79	0	0	0	0	0	0	0	0	0	0	0	47	
2997.66	0	0	0	0	0	0	0	0	0	0	0	63	
3746.98	0	0	0	0	0	0	0	0	0	0	0	47	
4494.23	0	0	0	0	0	0	0	0	0	0	0	55	
5244.98	0	0	0	0	0	0	0	0	0	0	0	49	
5997.44	0	0	0	0	0	0	0	0	0	0	0	45	
6750.81	0	0	0	0	0	0	0	0	0	0	0	53	
7498.36	0	0	0	0	0	0	0	0	0	0	0	55	
8249.72	0	0	0	0	0	0	0	0	0	0	0	49	
9003.07	0	0	0	0	0	0	0	0	0	0	61	0	
9753.64	0	0	0	0	0	0	0	0	0	0	57	0	
10502.2	0	0	0	0	0	0	0	0	0	0	75	0	
11253.9	0	0	0	0	0	0	0	0	0	0	61	0	
12003.2	0	0	0	0	0	0	0	0	0	0	75	0	
12752.6	0	0	0	0	0	0	0	0	0	0	53	0	
13500.6	0	0	0	0	0	0	0	0	0	0	49	0	
14250.4	0	0	0	0	0	0	0	0	0	0	63	0	
14999.4	0	0	0	0	0	0	0	0	0	0	59	0	
15751.4	0	0	0	0	0	0	0	0	0	0	65	0	
16501.4	0	0	0	0	0	0	0	0	0	0	55	0	
17253.7	0	0	0	0	0	0	0	0	0	0	67	0	
18003.2	0	0	0	0	0	0	0	0	0	0	55	0	
18753.2	0	0	0	0	0	0	0	0	0	2	69	0	
19503.2	0	0	0	0	0	0	0	0	0	0	69	0	
20254.7	0	0	0	0	0	0	0	0	0	0	67	0	
21004.9	0	0	0	0	0	0	0	0	0	0	61	0	
21752.4	0	0	0	0	0	0	0	0	0	0	57	0	
22504.7	0	0	0	0	0	0	0	0	0	0	53	0	
23254.2	0	0	0	0	0	0	0	0	0	0	69	0	
24004.3	0	0	0	0	0	0	0	0	0	0	61	0	
24757.5	0	0	0	0	0	0	0	0	0	0	63	0	
25508.9	0	0	0	0	0	0	0	0	0	0	67	0	
26257.5	0	0	0	0	0	0	0	0	0	0	49	0	
27007.9	0	0	0	0	0	0	0	0	0	0	63	0	
27753.9	0	0	0	0	0	0	0	0	0	0	69	0	
28502.2	0	0	0	0	0	0	0	0	0	4	59	0	
29253.8	0	0	0	0	0	0	0	0	0	0	51	0	
30004.2	0	0	0	0	0	0	0	0	0	0	0	49	
30752.9	0	0	0	0	0	0	0	0	0	0	0	47	
31506	0	0	0	0	0	0	0	0	0	0	0	63	
32255.4	0	0	0	0	0	0	0	0	0	0	0	53	
33009.4	0	0	0	0	0	0	0	0	0	0	0	57	
33756.5	0	0	0	0	0	0	0	0	0	0	0	49	
34507	0	0	0	0	0	0	0	0	0	0	0	53	
35254.3	0	0	0	0	0	0	0	0	0	0	0	45	
36005.4	0	0	0	0	0	0	0	0	0	0	0	51	
36756.1	0	0	0	0	0	0	0	0	0	0	0	57	
37503.5	0	0	0	0	0	0	0	0	0	0	0	49	
38254.6	0	0	0	0	0	0	0	0	0	0	61	0	
39002.2	0	0	0	0	0	0	0	0	0	0	49	0	
39753.6	0	0	0	0	0	0	0	0	0	0	53	0	
40502.2	0	0	0	0	0	0	0	0	0	0	59	0	
41250.7	0	0	0	0	0	0	0	0	0	0	73	0	
42001.1	0	0	0	0	0	0	0	0	0	0	57	0	
42751.5	0	0	0	0	0	0	0	0	0	0	47	0	
43499.9	0	0	0	0	0	0	0	0	0	0	63	0	
44252.4	0	0	0	0	0	0	0	0	0	0	67	0	
45001.7	0	0	0	0	0	0	0	0	0	0	47	0	
45753.3	0	0	0	0	0	0	0	0	0	95	0	0	
46505.5	0	0	0	0	0	0	0	0	0	73	0	0	
47254.9	0	0	0	0	0	0	0	0	0	73	0	0	
48007.6	0	0	0	0	0	0	0	0	0	69	0	0	
48756.1	0	0	0	0	0	0	0	0	0	87	0	0	
49505	0	0	0	0	0	0	0	0	0	61	0	0	
50255.5	0	0	0	0	0	0	0	0	0	87	0	0	
51002.6	0	0	0	0	0	0	0	0	0	73	0	0	
51753.5	0	0	0	0	0	0	0	0	0	69	0	0	
52499.1	0	0	0	0	0	0	0	0	0	75	0	0	
53249.4	0	0	0	0	0	0	0	0	0	77	0	0	
54000.8	0	0	0	0	0	0	0	0	0	87	0	0	
54745.1	0	0	0	0	0	0	0	0	0	73	0	0	
55493.3	0	0	0	0	0	0	0	0	0	63	0	0	
56242	0	0	0	0	0	0	0	0	0	65	0	0	
56990.9	0	0	0	0	0	0	0	0	0	73	0	0	
57740.3	0	0	0	0	0	0	0	0	0	75	0	0	
58490.6	0	0	0	0	0	0	0	0	0	72	1	0	
59242.1	0	0	0	0	0	0	0	0	0	61	0	0	
59996	0	0	0	0	0	0	0	0	0	67	0	0	
60745	0	0	0	0	0	0	0	0	0	63	0	0	
61494.8	0	0	0	0	0	0	0	0	0	67	0	0	
62247.7	0	0	0	0	0	0	0	0	0	93	0	0	
62999.7	0	0	0	0	0	0	0	0	0	85	0	0	
63748.3	0	0	0	0	0	0	0	0	75	0	0	0	
64500.7	0	0	0	0	0	0	0	0	75	6	0	0	
65249.3	0	0	0	0	0	0	0	0	107	0	0	0	
66001.4	0	0	0	0	0	0	0	111	0	0	0	0	
66753.7	0	0	0	0	0	0	0	115	0	0	0	0	
67502.7	0	0	0	0	0	0	0	89	0	0	0	0	
68253.9	0	0	0	0	0	0	0	129	0	0	0	0	
69004.6	0	0	0	0	0	0	0	117	0	0	0	0	
69755	0	0	0	0	0	0	0	117	0	0	0	0	
70505.5	0	0	0	0	0	0	0	121	0	0	0	0	
71255.9	0	0	0	0	0	0	0	111	0	0	0	0	
72006.8	0	0	0	0	0	0	0	105	0	0	0	0	
72755.9	0	0	0	0	0	0	0	127	0	0	0	0	
73504.4	0	0	0	0	0	0	0	91	0	0	0	0	
74256.3	0	0	0	0	0	0	0	117	0	0	0	0	
75005.9	0	0	0	0	0	0	0	113	0	0	0	0	
75756.1	0	0	0	0	0	0	0	91	0	0	0	0	
76505.7	0	0	0	0	0	0	0	113	0	0	0	0	
77256.7	0	0	0	0	0	0	0	105	0	0	0	0	
78008	0	0	0	0	0	0	0	121	0	0	0	0	
78759.4	0	0	0	0	0	0	0	129	0	0	0	0	
79508	0	0	0	0	0	0	0	101	0	0	0	0	
80254.9	0	0	0	0	0	0	0	141	0	0	0	0	
81004.9	0	0	0	0	0	0	0	113	0	0	0	0	
81752.6	0	0	0	0	0	0	0	127	0	0	0	0	
82503.4	0	0	0	0	0	0	0	127	0	0	0	0	
83256.5	0	0	0	0	0	0	0	127	0	0	0	0	
84007.8	0	0	0	0	0	0	0	111	0	0	0	0	
84757	0	0	0	0	0	0	0	107	0	0	0	0	
85508.7	0	0	0	0	0	0	0	123	0	0	0	0	
86258.7	0	0	0	0	0	0	0	115	0	0	0	0	
87007.1	0	0	0	0	0	0	0	121	0	0	0	0	
87755.9	0	0	0	0	0	0	0	129	0	0	0	0	
88505.5	0	0	0	0	0	0	0	117	0	0	0	0	
89254.5	0	0	0	0	0	0	0	121	0	0	0	0	
90007.9	0	0	0	0	0	0	0	125	0	0	0	0	
90756	0	0	0	0	0	0	0	115	0	0	0	0	
91507.7	0	0	0	0	0	0	0	133	0	0	0	0	
92255	0	0	0	0	0	0	0	137	0	0	0	0	
93003.8	0	0	0	0	0	0	0	117	0	0	0	0	
93753.3	0	0	0	0	0	0	0	115	0	0	0	0	
94505.6	0	0	0	0	0	0	0	117	0	0	0	0	
95257.1	0	0	0	0	0	0	0	101	0	0	0	0	
96011.5	0	0	0	0	0	0	0	129	0	0	0	0	
96761.7	0	0	0	0	0	0	0	129	0	0	0	0	
97514.8	0	0	0	0	0	0	0	109	0	0	0	0	
98268.6	0	0	0	0	0	0	0	0	83	0	0	0	
99019.9	0	0	0	0	0	0	0	0	99	0	0	0	
99772.1	0	0	0	0	0	0	0	0	71	0	0	0	
100523	0	0	0	0	0	0	0	0	89	0	0	0	
101274	0	0	0	0	0	0	0	0	83	0	0	0	
102021	0	0	0	0	0	0	0	0	97	0	0	0	
102769	0	0	0	0	0	0	0	0	77	0	0	0	
103519	0	0	0	0	0	0	0	0	81	0	0	0	
104267	0	0	0	0	0	0	0	0	97	0	0	0	
105015	0	0	0	0	0	0	0	0	95	0	0	0	
105764	0	0	0	0	0	0	0	0	77	0	0	0	
106516	0	0	0	0	0	0	0	137	0	0	0	0	
107265	0	0	0	0	0	0	0	109	0	0	0	0	
108016	0	0	0	0	0	0	0	121	0	0	0	0	
108770	0	0	0	0	0	0	14	103	0	0	0	0	
109517	0	0	0	0	0	0	0	135	0	0	0	0	
110270	0	0	0	0	0	0	0	125	0	0	0	0	
111018	0	0	0	0	0	0	0	117	0	0	0	0	
111770	0	0	0	0	0	0	0	117	0	0	0	0	
112521	0	0	0	0	0	0	0	123	0	0	0	0	
113273	0	0	0	0	0	0	0	125	0	0	0	0	
114023	0	0	0	0	0	0	0	109	0	0	0	0	
114774	0	0	0	0	0	0	4	109	0	0	0	0	
115525	0	0	0	0	0	0	0	107	0	0	0	0	
116271	0	0	0	0	0	0	0	111	0	0	0	0	
117023	0	0	0	0	0	0	0	123	0	0	0	0	
117772	0	0	0	0	0	0	0	103	0	0	0	0	
118520	0	0	0	0	0	0	0	121	0	0	0	0	
119269	0	0	0	0	0	0	0	119	0	0	0	0	
120018	0	0	0	0	0	0	0	125	0	0	0	0	
120767	0	0	0	0	0	0	0	109	0	0	0	0	
121520	0	0	0	0	0	0	0	109	0	0	0	0	
122270	0	0	0	0	0	0	0	115	0	0	0	0	
123018	0	0	0	0	0	0	0	123	0	0	0	0	
123768	0	0	0	0	0	0	151	0	0	0	0	0	
124519	0	0	0	0	0	0	119	0	0	0	0	0	
125269	0	0	0	0	0	0	141	0	0	0	0	0	
126018	0	0	0	0	0	0	141	0	0	0	0	0	
126768	0	0	0	0	0	0	115	0	0	0	0	0	
127517	0	0	0	0	0	0	135	0	0	0	0	0	
128265	0	0	0	0	0	0	147	0	0	0	0	0	
129015	0	0	0	0	0	16	117	0	0	0	0	0	
129766	0	0	0	0	0	0	155	0	0	0	0	0	
130513	0	0	0	0	0	0	159	0	0	0	0	0	
131265	0	0	0	0	0	0	147	0	0	0	0	0	
132015	0	0	0	0	0	0	143	0	0	0	0	0	
132762	0	0	0	0	0	0	131	0	0	0	0	0	
133509	0	0	0	0	0	0	129	0	0	0	0	0	
134258	0	0	0	0	0	0	143	0	0	0	0	0	
135010	0	0	0	0	0	0	139	0	0	0	0	0	
135761	0	0	0	0	0	0	123	0	0	0	0	0	
136510	0	0	0	0	0	0	0	113	0	0	0	0	
137263	0	0	0	0	0	0	0	103	0	0	0	0	
138013	0	0	0	0	0	0	0	127	0	0	0	0	
138767	0	0	0	0	0	0	0	105	0	0	0	0	
139517	0	0	0	0	0	0	0	101	0	0	0	0	
140268	0	0	0	0	0	0	0	103	0	0	0	0	
141019	0	0	0	0	0	0	0	125	0	0	0	0	
141769	0	0	0	0	0	0	0	99	0	0	0	0	
142519	0	0	0	0	0	0	0	127	0	0	0	0	
143270	0	0	0	0	0	0	149	0	0	0	0	0	
144022	0	0	0	0	0	0	141	0	0	0	0	0	
144774	0	0	0	0	0	0	139	0	0	0	0	0	
145526	0	0	0	0	0	0	149	0	0	0	0	0	
146272	0	0	0	0	0	0	149	0	0	0	0	0	
147020	0	0	0	0	0	0	137	0	0	0	0	0	
147769	0	0	0	0	0	0	127	0	0	0	0	0	
148515	0	0	0	0	0	0	151	0	0	0	0	0	
149265	0	0	0	0	0	0	113	0	0	0	0	0	
150014	0	0	0	0	0	0	137	0	0	0	0	0	
150764	0	0	0	0	0	0	161	0	0	0	0	0	
151514	0	0	0	0	0	0	131	0	0	0	0	0	
152261	0	0	0	0	0	0	151	0	0	0	0	0	
153007	0	0	0	0	0	0	135	0	0	0	0	0	
153757	0	0	0	0	0	0	145	0	0	0	0	0	
154507	0	0	0	0	0	0	141	0	0	0	0	0	
155257	0	0	0	0	0	0	181	0	0	0	0	0	
156006	0	0	0	0	0	163	0	0	0	0	0	0	
156756	0	0	0	0	0	203	0	0	0	0	0	0	
157507	0	0	0	0	0	185	0	0	0	0	0	0	
158258	0	0	0	0	0	175	0	0	0	0	0	0	
159010	0	0	0	0	0	167	0	0	0	0	0	0	
159758	0	0	0	0	0	183	0	0	0	0	0	0	
160506	0	0	0	0	0	185	0	0	0	0	0	0	
161260	0	0	0	0	0	169	0	0	0	0	0	0	
162011	0	0	0	0	0	181	0	0	0	0	0	0	
162760	0	0	0	0	0	173	0	0	0	0	0	0	
163512	0	0	0	0	0	171	0	0	0	0	0	0	
164260	0	0	0	0	0	161	0	0	0	0	0	0	
165011	0	0	0	0	0	203	0	0	0	0	0	0	
165762	0	0	0	0	0	179	0	0	0	0	0	0	
166513	0	0	0	0	0	169	0	0	0	0	0	0	
167261	0	0	0	0	0	187	0	0	0	0	0	0	
168016	0	0	0	0	0	183	0	0	0	0	0	0	
168765	0	0	0	0	0	179	0	0	0	0	0	0	
169513	0	0	0	0	0	185	0	0	0	0	0	0	
170258	0	0	0	0	0	169	0	0	0	0	0	0	
171009	0	0	0	0	0	163	0	0	0	0	0	0	
171758	0	0	0	0	0	193	0	0	0	0	0	0	
172505	0	0	0	0	0	167	0	0	0	0	0	0	
173254	0	0	0	0	0	211	0	0	0	0	0	0	
174004	0	0	0	0	0	191	0	0	0	0	0	0	
174757	0	0	0	0	0	185	0	0	0	0	0	0	
175508	0	0	0	0	0	177	0	0	0	0	0	0	
176258	0	0	0	0	0	169	0	0	0	0	0	0	
177011	0	0	0	0	0	171	0	0	0	0	0	0	
177761	0	0	0	0	0	161	0	0	0	0	0	0	
178510	0	0	0	0	0	195	0	0	0	0	0	0	
179262	0	0	0	0	0	145	0	0	0	0	0	0	
180014	0	0	0	0	0	171	0	0	0	0	0	0	
180764	0	0	0	0	0	161	0	0	0	0	0	0	
181516	0	0	0	0	0	167	0	0	0	0	0	0	
182264	0	0	0	0	0	171	0	0	0	0	0	0	
183015	0	0	0	0	0	177	0	0	0	0	0	0	
183764	0	0	0	0	0	171	0	0	0	0	0	0	
184516	0	0	0	0	0	177	0	0	0	0	0	0	
185264	0	0	0	0	0	151	0	0	0	0	0	0	
186013	0	0	0	0	0	163	0	0	0	0	0	0	
186764	0	0	0	0	0	173	0	0	0	0	0	0	
187510	0	0	0	0	0	185	0	0	0	0	0	0	
188261	0	0	0	0	0	149	0	0	0	0	0	0	
189012	0	0	0	0	0	191	0	0	0	0	0	0	
189762	0	0	0	0	0	191	0	0	0	0	0	0	
190511	0	0	0	0	0	131	32	0	0	0	0	0	
191262	0	0	0	0	0	175	0	0	0	0	0	0	
192009	0	0	0	0	0	179	0	0	0	0	0	0	
192757	0	0	0	0	0	169	0	0	0	0	0	0	
193508	0	0	0	0	0	171	0	0	0	0	0	0	
194254	0	0	0	0	0	189	0	0	0	0	0	0	
195003	0	0	0	0	0	181	0	0	0	0	0	0	
195756	0	0	0	0	0	185	0	0	0	0	0	0	
196505	0	0	0	0	0	203	0	0	0	0	0	0	
197256	0	0	0	0	0	165	0	0	0	0	0	0	
198007	0	0	0	0	0	173	0	0	0	0	0	0	
198761	0	0	0	0	0	189	0	0	0	0	0	0	
199511	0	0	0	0	0	179	0	0	0	0	0	0	
200263	0	0	0	0	0	169	0	0	0	0	0	0	
201011	0	0	0	0	0	155	0	0	0	0	0	0	
201761	0	0	0	0	0	171	0	0	0	0	0	0	
202510	0	0	0	0	0	181	0	0	0	0	0	0	
203260	0	0	0	0	0	167	0	0	0	0	0	0	
204010	0	0	0	0	0	165	0	0	0	0	0	0	
204757	0	0	0	0	0	179	0	0	0	0	0	0	
205506	0	0	0	0	0	189	0	0	0	0	0	0	
206257	0	0	0	0	0	159	0	0	0	0	0	0	
207005	0	0	0	0	0	181	0	0	0	0	0	0	
207756	0	0	0	0	0	171	0	0	0	0	0	0	
208506	0	0	0	0	0	163	0	0	0	0	0	0	
209257	0	0	0	0	0	173	0	0	0	0	0	0	
210005	0	0	0	0	0	153	0	0	0	0	0	0	
210756	0	0	0	0	0	163	0	0	0	0	0	0	
211507	0	0	0	0	0	183	0	0	0	0	0	0	
212255	0	0	0	0	0	169	0	0	0	0	0	0	
213003	0	0	0	0	0	175	0	0	0	0	0	0	
213754	0	0	0	0	219	0	0	0	0	0	0	0	
214505	0	0	0	0	219	0	0	0	0	0	0	0	
215255	0	0	0	0	195	0	0	0	0	0	0	0	
216006	0	0	0	0	207	0	0	0	0	0	0	0	
216759	0	0	0	0	223	0	0	0	0	0	0	0	
217508	0	0	0	0	203	0	0	0	0	0	0	0	
218255	0	0	0	0	233	0	0	0	0	0	0	0	
219002	0	0	0	0	237	0	0	0	0	0	0	0	
219750	0	0	0	0	239	0	0	0	0	0	0	0	
220496	0	0	0	0	203	0	0	0	0	0	0	0	
221245	0	0	0	0	209	0	0	0	0	0	0	0	
221994	0	0	0	0	199	0	0	0	0	0	0	0	
222743	0	0	0	0	209	0	0	0	0	0	0	0	
223492	0	0	0	0	227	0	0	0	0	0	0	0	
224245	0	0	0	0	217	0	0	0	0	0	0	0	
224995	0	0	0	0	211	0	0	0	0	0	0	0	
225747	0	0	0	244	5	0	0	0	0	0	0	0	
226497	0	0	0	277	0	0	0	0	0	0	0	0	
227249	0	0	0	289	0	0	0	0	0	0	0	0	
228000	0	0	0	259	0	0	0	0	0	0	0	0	
228753	0	0	0	239	0	0	0	0	0	0	0	0	
229502	0	0	0	265	0	0	0	0	0	0	0	0	
230251	0	0	0	263	0	0	0	0	0	0	0	0	
231002	0	0	0	261	0	0	0	0	0	0	0	0	
231752	0	0	0	281	0	0	0	0	0	0	0	0	
232504	0	0	141	168	0	0	0	0	0	0	0	0	
233254	0	0	0	233	0	0	0	0	0	0	0	0	
234007	0	0	0	0	207	0	0	0	0	0	0	0	
234756	0	0	0	0	195	0	0	0	0	0	0	0	
235506	0	0	0	0	221	0	0	0	0	0	0	0	
236256	0	0	0	0	207	0	0	0	0	0	0	0	
237008	0	0	0	0	37	126	0	0	0	0	0	0	
237759	0	0	0	0	0	187	0	0	0	0	0	0	
238508	0	0	0	0	0	171	0	0	0	0	0	0	
239260	0	0	0	0	0	181	0	0	0	0	0	0	
240010	0	0	0	0	0	187	0	0	0	0	0	0	
240760	0	0	0	0	0	177	0	0	0	0	0	0	
241507	0	0	0	0	0	183	0	0	0	0	0	0	
242255	0	0	0	0	0	177	0	0	0	0	0	0	
243005	0	0	0	0	0	169	0	0	0	0	0	0	
243756	0	0	0	0	0	173	0	0	0	0	0	0	
244509	0	0	0	0	0	177	0	0	0	0	0	0	
245256	0	0	0	0	0	171	0	0	0	0	0	0	
246009	0	0	0	0	0	177	0	0	0	0	0	0	
246761	0	0	0	0	0	161	0	0	0	0	0	0	
247509	0	0	0	0	0	183	0	0	0	0	0	0	
248256	0	0	0	0	0	205	0	0	0	0	0	0	
249008	0	0	0	0	0	171	0	0	0	0	0	0	
249758	0	0	0	0	4	173	0	0	0	0	0	0	
250509	0	0	0	0	0	159	0	0	0	0	0	0	
251257	0	0	0	0	0	159	0	0	0	0	0	0	
252005	0	0	0	0	5	152	0	0	0	0	0	0	
252757	0	0	0	0	0	165	0	0	0	0	0	0	
253508	0	0	0	0	0	195	0	0	0	0	0	0	
254262	0	0	0	0	0	173	0	0	0	0	0	0	
255009	0	0	0	0	0	178	3	0	0	0	0	0	
255757	0	0	0	0	0	145	0	0	0	0	0	0	
256508	0	0	0	0	0	185	0	0	0	0	0	0	
257257	0	0	0	0	0	161	0	0	0	0	0	0	
258005	0	0	0	0	0	173	0	0	0	0	0	0	
258754	0	0	0	15	188	0	0	0	0	0	0	0	
259504	0	0	0	0	0	163	0	0	0	0	0	0	
260254	0	0	0	0	0	175	0	0	0	0	0	0	
261005	0	0	0	0	0	203	0	0	0	0	0	0	
261755	0	0	0	0	0	155	0	0	0	0	0	0	
262501	0	0	0	0	0	159	0	0	0	0	0	0	
263249	0	0	0	0	0	183	0	0	0	0	0	0	
264001	0	0	0	0	0	185	0	0	0	0	0	0	
264755	0	0	0	0	0	149	0	0	0	0	0	0	
265505	0	0	0	0	0	167	0	0	0	0	0	0	
266254	0	0	0	0	0	177	0	0	0	0	0	0	
267003	0	0	0	0	0	171	0	0	0	0	0	0	
267752	0	0	0	0	0	201	0	0	0	0	0	0	
268504	0	0	0	0	0	179	0	0	0	0	0	0	
269251	0	0	0	0	0	173	0	0	0	0	0	0	
269998	0	0	0	0	0	151	0	0	0	0	0	0	
270748	0	0	0	0	0	173	0	0	0	0	0	0	
271500	0	0	0	0	0	169	0	0	0	0	0	0	
272252	0	0	0	0	0	169	0	0	0	0	0	0	
273004	0	0	0	0	0	181	0	0	0	0	0	0	
273754	0	0	0	0	0	169	0	0	0	0	0	0	
274504	0	0	0	0	0	175	0	0	0	0	0	0	
275253	0	0	0	0	0	199	0	0	0	0	0	0	
276001	0	0	0	0	0	169	0	0	0	0	0	0	
276748	0	0	0	0	0	171	0	0	0	0	0	0	
277498	0	0	0	0	0	179	0	0	0	0	0	0	
278244	0	0	0	0	0	167	0	0	0	0	0	0	
278994	0	0	0	0	0	179	0	0	0	0	0	0	
279743	0	0	0	0	1	196	0	0	0	0	0	0	
280496	0	0	0	0	0	185	0	0	0	0	0	0	
281245	0	0	0	0	0	187	0	0	0	0	0	0	
281997	0	0	0	0	0	159	0	0	0	0	0	0	
282747	0	0	0	0	0	173	0	0	0	0	0	0	
283497	0	0	0	0	0	191	0	0	0	0	0	0	
284243	0	0	0	0	0	153	0	0	0	0	0	0	
284991	0	0	0	0	0	177	0	0	0	0	0	0	
285738	0	0	0	0	0	177	0	0	0	0	0	0	
286490	0	0	0	0	0	183	0	0	0	0	0	0	
287240	0	0	0	0	11	148	0	0	0	0	0	0	
287988	0	0	0	0	0	165	0	0	0	0	0	0	
288737	0	0	0	0	0	193	0	0	0	0	0	0	
289488	0	0	0	0	0	171	0	0	0	0	0	0	
290238	0	0	0	0	0	165	0	0	0	0	0	0	
290989	0	0	0	0	0	175	0	0	0	0	0	0	
291741	0	0	0	0	0	185	0	0	0	0	0	0	
292493	0	0	0	0	0	187	0	0	0	0	0	0	
293241	0	0	0	0	0	171	0	0	0	0	0	0	
293990	0	0	0	0	0	167	0	0	0	0	0	0	
294741	0	0	0	0	0	161	0	0	0	0	0	0	
295490	0	0	0	0	0	203	0	0	0	0	0	0	
296242	0	0	0	0	0	163	0	0	0	0	0	0	
296992	0	0	0	0	0	183	0	0	0	0	0	0	
297740	0	0	0	0	0	201	0	0	0	0	0	0	
298488	0	0	0	0	0	183	0	0	0	0	0	0	
299241	0	0	0	0	0	185	0	0	0	0	0	0	
299990	0	0	0	0	0	173	0	0	0	0	0	0	
300742	0	0	0	0	0	183	0	0	0	0	0	0	
301492	0	0	0	0	201	0	0	0	0	0	0	0	
302243	0	0	0	0	221	0	0	0	0	0	0	0	
302994	0	0	0	0	215	0	0	0	0	0	0	0	
303742	0	0	0	0	213	0	0	0	0	0	0	0	
304491	0	0	0	0	221	0	0	0	0	0	0	0	
305243	0	0	0	0	207	0	0	0	0	0	0	0	
305995	0	0	0	0	187	0	0	0	0	0	0	0	
306743	0	0	0	0	233	0	0	0	0	0	0	0	
307490	0	0	0	0	207	0	0	0	0	0	0	0	
308243	0	0	0	0	207	0	0	0	0	0	0	0	
308993	0	0	0	0	225	0	0	0	0	0	0	0	
309742	0	0	0	0	229	0	0	0	0	0	0	0	
310493	0	0	0	0	243	0	0	0	0	0	0	0	
311242	0	0	0	0	225	0	0	0	0	0	0	0	
311995	0	0	0	0	185	0	0	0	0	0	0	0	
312745	0	0	0	0	209	0	0	0	0	0	0	0	
313494	0	0	0	0	223	0	0	0	0	0	0	0	
314246	0	0	0	0	201	0	0	0	0	0	0	0	
314995	0	0	0	0	223	0	0	0	0	0	0	0	
315744	0	0	0	0	197	0	0	0	0	0	0	0	
316495	0	0	0	0	241	0	0	0	0	0	0	0	
317243	0	0	0	0	215	0	0	0	0	0	0	0	
317995	0	0	0	0	199	0	0	0	0	0	0	0	
318744	0	0	0	0	215	0	0	0	0	0	0	0	
319493	0	0	0	0	237	0	0	0	0	0	0	0	
320244	0	0	0	0	205	0	0	0	0	0	0	0	
320993	0	0	0	0	201	0	0	0	0	0	0	0	
321745	0	0	0	0	211	0	0	0	0	0	0	0	
322494	0	0	0	0	207	0	0	0	0	0	0	0	
323246	0	0	0	0	207	0	0	0	0	0	0	0	
323997	0	0	0	0	209	0	0	0	0	0	0	0	
324748	0	0	0	0	199	0	0	0	0	0	0	0	
325501	0	0	0	0	227	0	0	0	0	0	0	0	
326251	0	0	0	0	221	0	0	0	0	0	0	0	
327001	0	0	0	0	227	0	0	0	0	0	0	0	
327753	0	0	0	0	221	0	0	0	0	0	0	0	
328499	0	0	0	0	205	0	0	0	0	0	0	0	
329251	0	0	0	0	231	0	0	0	0	0	0	0	
330002	0	0	0	0	229	0	0	0	0	0	0	0	
330748	0	0	0	0	195	0	0	0	0	0	0	0	
331499	0	0	0	0	203	0	0	0	0	0	0	0	
332250	0	0	0	0	215	0	0	0	0	0	0	0	
333001	0	0	0	0	233	0	0	0	0	0	0	0	
333755	0	0	0	0	201	0	0	0	0	0	0	0	
334505	0	0	0	0	229	0	0	0	0	0	0	0	
335255	0	0	0	0	213	0	0	0	0	0	0	0	
336009	0	0	0	0	197	0	0	0	0	0	0	0	
336755	0	0	0	2	227	0	0	0	0	0	0	0	
337505	0	0	0	0	217	0	0	0	0	0	0	0	
338256	0	0	0	0	265	0	0	0	0	0	0	0	
339006	0	0	0	0	219	0	0	0	0	0	0	0	
339757	0	0	0	0	211	0	0	0	0	0	0	0	
340508	0	0	0	0	177	0	0	0	0	0	0	0	
341257	0	0	0	0	233	0	0	0	0	0	0	0	
342006	0	0	0	161	68	0	0	0	0	0	0	0	
342754	0	0	0	237	0	0	0	0	0	0	0	0	
343505	0	0	0	279	0	0	0	0	0	0	0	0	
344257	0	0	0	227	0	0	0	0	0	0	0	0	
345009	0	0	0	277	0	0	0	0	0	0	0	0	
345764	0	0	0	263	0	0	0	0	0	0	0	0	
346513	0	0	0	255	0	0	0	0	0	0	0	0	
347266	0	0	0	269	0	0	0	0	0	0	0	0	
348018	0	0	0	263	0	0	0	0	0	0	0	0	
348768	0	0	0	235	0	0	0	0	0	0	0	0	
349515	0	0	0	249	0	0	0	0	0	0	0	0	
350266	0	0	0	271	0	0	0	0	0	0	0	0	
351016	0	0	0	251	0	0	0	0	0	0	0	0	
351765	0	0	0	269	0	0	0	0	0	0	0	0	
352517	0	0	0	255	0	0	0	0	0	0	0	0	
353265	0	0	0	249	0	0	0	0	0	0	0	0	
354015	0	0	0	271	0	0	0	0	0	0	0	0	
354760	0	0	18	259	0	0	0	0	0	0	0	0	
355511	0	0	0	267	0	0	0	0	0	0	0	0	
356262	0	0	0	273	0	0	0	0	0	0	0	0	
357014	0	0	0	271	0	0	0	0	0	0	0	0	
357762	0	0	0	231	0	0	0	0	0	0	0	0	
358517	0	0	0	257	0	0	0	0	0	0	0	0	
359270	0	0	0	271	0	0	0	0	0	0	0	0	
360021	0	0	0	243	0	0	0	0	0	0	0	0	
360771	0	0	0	259	0	0	0	0	0	0	0	0	
361521	0	0	0	267	0	0	0	0	0	0	0	0	
362269	0	0	0	271	0	0	0	0	0	0	0	0	
363019	0	0	0	231	0	0	0	0	0	0	0	0	
363770	0	0	0	277	0	0	0	0	0	0	0	0	
364518	0	0	0	255	0	0	0	0	0	0	0	0	
365269	0	0	0	261	0	0	0	0	0	0	0	0	
366017	0	0	0	249	0	0	0	0	0	0	0	0	
366768	0	0	0	252	3	0	0	0	0	0	0	0	
367521	0	0	0	249	0	0	0	0	0	0	0	0	
368271	0	0	0	283	0	0	0	0	0	0	0	0	
369023	0	0	0	281	0	0	0	0	0	0	0	0	
369770	0	0	0	287	0	0	0	0	0	0	0	0	
370518	0	0	0	291	0	0	0	0	0	0	0	0	
371266	0	0	0	287	0	0	0	0	0	0	0	0	
372018	0	0	0	259	0	0	0	0	0	0	0	0	
372768	0	0	0	263	0	0	0	0	0	0	0	0	
373517	0	0	0	239	0	0	0	0	0	0	0	0	
374268	0	0	0	277	0	0	0	0	0	0	0	0	
375014	0	0	0	265	0	0	0	0	0	0	0	0	
375765	0	0	0	269	0	0	0	0	0	0	0	0	
376517	0	0	0	261	0	0	0	0	0	0	0	0	
377265	0	0	0	275	0	0	0	0	0	0	0	0	
378015	0	0	0	259	0	0	0	0	0	0	0	0	
378765	0	0	0	285	0	0	0	0	0	0	0	0	
379515	0	0	0	261	0	0	0	0	0	0	0	0	
380267	0	0	0	279	0	0	0	0	0	0	0	0	
381019	0	0	0	245	0	0	0	0	0	0	0	0	
381769	0	0	0	281	0	0	0	0	0	0	0	0	
382517	0	0	0	277	0	0	0	0	0	0	0	0	
383264	0	0	0	285	0	0	0	0	0	0	0	0	
384013	0	0	0	267	0	0	0	0	0	0	0	0	
384765	0	0	0	257	0	0	0	0	0	0	0	0	
385516	0	0	10	249	0	0	0	0	0	0	0	0	
386264	0	0	5	262	0	0	0	0	0	0	0	0	
387012	0	0	0	265	0	0	0	0	0	0	0	0	
387764	0	0	0	277	0	0	0	0	0	0	0	0	
388515	0	0	0	253	0	0	0	0	0	0	0	0	
389264	0	0	0	269	0	0	0	0	0	0	0	0	
390011	0	0	0	265	0	0	0	0	0	0	0	0	
390764	0	0	0	307	0	0	0	0	0	0	0	0	
391514	0	0	0	277	0	0	0	0	0	0	0	0	
392265	0	0	0	267	0	0	0	0	0	0	0	0	
393018	0	0	0	279	0	0	0	0	0	0	0	0	
393769	0	0	0	251	0	0	0	0	0	0	0	0	
394520	0	0	0	0	213	0	0	0	0	0	0	0	
395269	0	0	0	0	225	0	0	0	0	0	0	0	
396020	0	0	0	139	120	0	0	0	0	0	0	0	
396771	0	0	0	0	211	0	0	0	0	0	0	0	
397526	0	0	0	0	227	0	0	0	0	0	0	0	
398279	0	0	0	0	193	0	0	0	0	0	0	0	
399025	0	0	0	0	197	0	0	0	0	0	0	0	
399777	0	0	0	0	205	0	0	0	0	0	0	0	
400524	0	0	0	0	195	0	0	0	0	0	0	0	
401275	0	0	0	0	237	0	0	0	0	0	0	0	
402022	0	0	0	0	211	0	0	0	0	0	0	0	
402772	0	0	0	0	203	0	0	0	0	0	0	0	
403519	0	0	0	0	213	0	0	0	0	0	0	0	
404272	0	0	0	0	191	0	0	0	0	0	0	0	
405025	0	0	0	0	215	0	0	0	0	0	0	0	
405773	0	0	0	0	251	0	0	0	0	0	0	0	
406522	0	0	0	0	225	0	0	0	0	0	0	0	
407270	0	0	0	0	255	0	0	0	0	0	0	0	
408022	0	0	0	0	227	0	0	0	0	0	0	0	
408773	0	0	0	0	227	0	0	0	0	0	0	0	
409521	0	0	0	0	214	1	0	0	0	0	0	0	
410272	0	0	0	0	211	0	0	0	0	0	0	0	
411022	0	0	0	0	203	0	0	0	0	0	0	0	
411775	0	0	0	0	205	0	0	0	0	0	0	0	
412523	0	0	0	0	219	0	0	0	0	0	0	0	
413272	0	0	0	0	227	0	0	0	0	0	0	0	
414026	0	0	0	0	199	0	0	0	0	0	0	0	
414773	0	0	0	0	187	4	0	0	0	0	0	0	
415524	0	0	0	0	215	0	0	0	0	0	0	0	
416277	0	0	0	0	219	0	0	0	0	0	0	0	
417027	0	0	0	0	231	0	0	0	0	0	0	0	
417775	0	0	0	0	225	0	0	0	0	0	0	0	
418527	0	0	0	0	223	0	0	0	0	0	0	0	
419275	0	0	0	0	237	0	0	0	0	0	0	0	
420025	0	0	0	0	229	0	0	0	0	0	0	0	
420773	0	0	0	0	205	0	0	0	0	0	0	0	
421525	0	0	0	0	221	0	0	0	0	0	0	0	
422274	0	0	0	0	221	0	0	0	0	0	0	0	
423022	0	0	0	0	197	0	0	0	0	0	0	0	
423770	0	0	0	0	203	0	0	0	0	0	0	0	
424519	0	0	0	0	219	0	0	0	0	0	0	0	
425269	0	0	0	0	201	0	0	0	0	0	0	0	
426019	0	0	0	0	227	0	0	0	0	0	0	0	
426769	0	0	0	0	191	0	0	0	0	0	0	0	
427518	0	0	0	0	227	0	0	0	0	0	0	0	
428269	0	0	0	0	269	0	0	0	0	0	0	0	
429022	0	0	0	0	191	0	0	0	0	0	0	0	
429775	0	0	0	0	209	0	0	0	0	0	0	0	
430524	0	0	0	0	227	0	0	0	0	0	0	0	
431273	0	0	0	0	199	0	0	0	0	0	0	0	
432020	0	0	0	0	199	0	0	0	0	0	0	0	
432769	0	0	0	0	237	0	0	0	0	0	0	0	
433517	0	0	0	0	205	0	0	0	0	0	0	0	
434264	0	0	0	0	209	0	0	0	0	0	0	0	
435012	0	0	0	0	229	0	0	0	0	0	0	0	
435763	0	0	0	0	183	0	0	0	0	0	0	0	
436512	0	0	0	0	203	0	0	0	0	0	0	0	
437262	0	0	0	0	191	0	0	0	0	0	0	0	
438013	0	0	0	0	211	0	0	0	0	0	0	0	
438765	0	0	0	0	231	0	0	0	0	0	0	0	
439511	0	0	0	0	197	0	0	0	0	0	0	0	
440261	0	0	0	0	195	0	0	0	0	0	0	0	
441010	0	0	0	0	227	0	0	0	0	0	0	0	
441759	0	0	0	0	219	0	0	0	0	0	0	0	
442509	0	0	0	0	191	0	0	0	0	0	0	0	
443259	0	0	0	0	203	0	0	0	0	0	0	0	
444006	0	0	0	0	193	0	0	0	0	0	0	0	
444755	0	0	0	0	203	0	0	0	0	0	0	0	
445507	0	0	0	0	201	0	0	0	0	0	0	0	
446255	0	0	0	0	231	0	0	0	0	0	0	0	
447005	0	0	0	0	231	0	0	0	0	0	0	0	
447754	0	0	0	0	243	0	0	0	0	0	0	0	
448507	0	0	0	0	199	0	0	0	0	0	0	0	
449257	0	0	0	0	199	0	0	0	0	0	0	0	
450010	0	0	0	0	221	0	0	0	0	0	0	0	
450760	0	0	0	0	221	0	0	0	0	0	0	0	
451509	0	0	0	0	205	0	0	0	0	0	0	0	
452259	0	0	0	0	174	29	0	0	0	0	0	0	
453011	0	0	0	0	215	0	0	0	0	0	0	0	
453758	0	0	0	0	209	0	0	0	0	0	0	0	
454508	0	0	0	0	205	0	0	0	0	0	0	0	
455256	0	0	0	3	216	0	0	0	0	0	0	0	
456007	0	0	0	0	227	0	0	0	0	0	0	0	
456755	0	0	0	0	197	0	0	0	0	0	0	0	
457505	0	0	0	0	197	0	0	0	0	0	0	0	
458258	0	0	0	0	213	0	0	0	0	0	0	0	
459007	0	0	0	0	213	0	0	0	0	0	0	0	
459758	0	0	0	0	181	0	0	0	0	0	0	0	
460507	0	0	0	0	201	0	0	0	0	0	0	0	
461258	0	0	0	0	239	0	0	0	0	0	0	0	
462008	0	0	0	0	217	0	0	0	0	0	0	0	
462760	0	0	0	0	233	0	0	0	0	0	0	0	
463510	0	0	0	0	215	0	0	0	0	0	0	0	
464261	0	0	0	0	201	0	0	0	0	0	0	0	
465014	0	0	0	0	203	0	0	0	0	0	0	0	
465763	0	0	0	0	0	165	0	0	0	0	0	0	
466513	0	0	0	0	0	153	0	0	0	0	0	0	
467261	0	0	0	0	0	157	0	0	0	0	0	0	
468012	0	0	0	0	0	195	0	0	0	0	0	0	
468760	0	0	0	0	0	161	0	0	0	0	0	0	
469513	0	0	0	0	0	177	0	0	0	0	0	0	
470261	0	0	0	0	0	175	0	0	0	0	0	0	
471010	0	0	0	0	0	173	0	0	0	0	0	0	
471757	0	0	0	0	0	171	0	0	0	0	0	0	
472508	0	0	0	0	0	181	0	0	0	0	0	0	
473260	0	0	0	0	0	187	0	0	0	0	0	0	
474014	0	0	0	0	0	181	0	0	0	0	0	0	
474760	0	0	0	0	0	191	0	0	0	0	0	0	
475509	0	0	0	0	0	195	0	0	0	0	0	0	
476260	0	0	0	0	0	187	0	0	0	0	0	0	
477009	0	0	0	0	0	155	0	0	0	0	0	0	
477757	0	0	0	0	0	165	0	0	0	0	0	0	
478505	0	0	0	0	0	177	0	0	0	0	0	0	
479257	0	0	0	0	0	175	0	0	0	0	0	0	
480007	0	0	0	0	0	0	147	0	0	0	0	0	
480760	0	0	0	0	0	0	149	0	0	0	0	0	
481508	0	0	0	0	0	0	125	0	0	0	0	0	
482259	0	0	0	0	0	0	153	0	0	0	0	0	
483011	0	0	0	0	0	0	129	0	0	0	0	0	
483761	0	0	0	0	0	0	139	0	0	0	0	0	
484510	0	0	0	0	0	0	143	0	0	0	0	0	
485257	0	0	0	0	0	0	137	0	0	0	0	0	
486005	0	0	0	0	0	64	89	0	0	0	0	0	
486758	0	0	0	0	0	15	124	0	0	0	0	0	
487511	0	0	0	0	0	0	111	0	0	0	0	0	
488266	0	0	0	0	0	0	149	0	0	0	0	0	
489016	0	0	0	0	0	0	119	0	0	0	0	0	
489768	0	0	0	0	0	0	0	107	0	0	0	0	
490518	0	0	0	0	0	0	0	119	0	0	0	0	
491266	0	0	0	0	0	0	0	121	0	0	0	0	
492013	0	0	0	0	0	0	0	95	0	0	0	0	
492765	0	0	0	0	0	0	0	111	0	0	0	0	
493520	0	0	0	0	0	0	0	123	0	0	0	0	
494270	0	0	0	0	0	0	0	91	0	0	0	0	
495020	0	0	0	0	0	0	0	107	0	0	0	0	
495771	0	0	0	0	0	0	0	133	0	0	0	0	
496522	0	0	0	0	0	0	0	109	0	0	0	0	
497276	0	0	0	0	0	0	0	113	0	0	0	0	
498024	0	0	0	0	0	0	0	113	0	0	0	0	
498773	0	0	0	0	0	0	0	103	0	0	0	0	
499520	0	0	0	0	0	0	2	109	0	0	0	0	
500271	0	0	0	0	0	0	0	127	0	0	0	0	
501023	0	0	0	0	0	0	0	131	0	0	0	0	
501776	0	0	0	0	0	0	0	105	0	0	0	0	
502525	0	0	0	0	0	0	0	155	0	0	0	0	
503271	0	0	0	0	0	0	0	135	0	0	0	0	
504020	0	0	0	0	0	0	0	117	0	0	0	0	
504769	0	0	0	0	0	0	0	127	0	0	0	0	
505519	0	0	0	0	0	0	0	119	0	0	0	0	
506272	0	0	0	0	0	0	0	99	0	0	0	0	
507025	0	0	0	0	0	0	0	113	0	0	0	0	
507777	0	0	0	0	0	0	0	117	0	0	0	0	
508526	0	0	0	0	0	0	0	131	0	0	0	0	
509277	0	0	0	0	0	0	0	107	0	0	0	0	
510025	0	0	0	0	0	0	0	123	0	0	0	0	
510777	0	0	0	0	0	0	0	123	0	0	0	0	
511527	0	0	0	0	0	0	0	129	0	0	0	0	
512278	0	0	0	0	0	0	0	123	0	0	0	0	
513027	0	0	0	0	0	0	0	93	0	0	0	0	
513774	0	0	0	0	0	0	0	119	0	0	0	0	
514521	0	0	0	0	0	0	0	121	0	0	0	0	
515270	0	0	0	0	0	0	0	121	0	0	0	0	
516022	0	0	0	0	0	0	0	125	0	0	0	0	
516771	0	0	0	0	0	0	0	131	0	0	0	0	
517522	0	0	0	0	0	0	0	117	0	0	0	0	
518273	0	0	0	0	0	0	0	115	0	0	0	0	
519024	0	0	0	0	0	0	0	121	0	0	0	0	
519773	0	0	0	0	0	0	0	127	0	0	0	0	
520524	0	0	0	0	0	0	0	121	0	0	0	0	
521273	0	0	0	0	0	0	0	101	0	0	0	0	
522022	0	0	0	0	0	0	0	119	0	0	0	0	
522770	0	0	0	0	0	0	0	109	0	0	0	0	
523517	0	0	0	0	0	0	0	99	0	0	0	0	
524266	0	0	0	0	0	0	0	143	0	0	0	0	
525014	0	0	0	0	0	0	0	101	0	0	0	0	
525768	0	0	0	0	0	0	0	113	0	0	0	0	
526518	0	0	0	0	0	0	0	101	0	0	0	0	
527269	0	0	0	0	0	0	0	119	0	0	0	0	
528021	0	0	0	0	0	0	0	129	0	0	0	0	
528769	0	0	0	0	0	0	0	111	0	0	0	0	
529519	0	0	0	0	0	0	0	115	0	0	0	0	
530272	0	0	0	0	0	0	0	121	0	0	0	0	
531024	0	0	0	0	0	0	0	147	0	0	0	0	
531773	0	0	0	0	0	0	0	85	0	0	0	0	
532522	0	0	0	0	0	0	0	107	0	0	0	0	
533271	0	0	0	0	0	0	0	105	0	0	0	0	
534022	0	0	0	0	0	0	0	97	0	0	0	0	
534772	0	0	0	0	0	0	0	115	0	0	0	0	
535520	0	0	0	0	0	0	0	117	0	0	0	0	
536271	0	0	0	0	0	0	0	109	0	0	0	0	
537022	0	0	0	0	0	0	0	109	0	0	0	0	
537774	0	0	0	0	0	0	0	126	1	0	0	0	
538531	0	0	0	0	0	0	0	117	0	0	0	0	
539277	0	0	0	0	0	0	0	0	95	0	0	0	
540027	0	0	0	0	0	0	0	0	0	75	0	0	
540779	0	0	0	0	0	0	0	0	0	91	0	0	
541531	0	0	0	0	0	0	0	0	0	93	0	0	
542284	0	0	0	0	0	0	0	0	0	85	0	0	
543033	0	0	0	0	0	0	0	0	0	67	0	0	
543782	0	0	0	0	0	0	0	0	0	83	0	0	
544533	0	0	0	0	0	0	0	0	1	82	0	0	
545284	0	0	0	0	0	0	0	0	0	75	0	0	
546036	0	0	0	0	0	0	0	0	0	85	0	0	
546785	0	0	0	0	0	0	0	0	0	69	0	0	
547534	0	0	0	0	0	0	0	0	0	81	0	0	
548283	0	0	0	0	0	0	0	0	0	77	0	0	
549031	0	0	0	0	0	0	0	0	0	71	0	0	
549777	0	0	0	0	0	0	0	0	0	69	0	0	
550530	0	0	0	0	0	0	0	0	0	71	0	0	
551282	0	0	0	0	0	0	0	0	0	0	61	0	
552029	0	0	0	0	0	0	0	0	0	0	61	0	
552775	0	0	0	0	0	0	0	0	0	0	71	0	
553524	0	0	0	0	0	0	0	0	0	0	71	0	
554277	0	0	0	0	0	0	0	0	0	0	47	0	
555026	0	0	0	0	0	0	0	0	0	0	63	0	
555775	0	0	0	0	0	0	0	0	0	0	57	0	
556524	0	0	0	0	0	0	0	0	0	0	53	0	
557274	0	0	0	0	0	0	0	0	0	0	65	0	
558020	0	0	0	0	0	0	0	0	0	0	63	0	
558770	0	0	0	0	0	0	0	0	0	73	0	0	
559523	0	0	0	0	0	0	0	0	0	77	0	0	
560275	0	0	0	0	0	0	0	0	0	61	0	0	
561024	0	0	0	0	0	0	0	0	22	39	0	0	
561773	0	0	0	0	0	0	0	0	87	0	0	0	
562521	0	0	0	0	0	0	0	0	89	0	0	0	
563271	0	0	0	0	0	0	0	0	81	0	0	0	
564020	0	0	0	0	0	0	0	0	103	0	0	0	
564769	0	0	0	0	0	0	0	0	89	0	0	0	
565519	0	0	0	0	0	0	0	0	97	0	0	0	
566266	0	0	0	0	0	0	0	0	85	0	0	0	
567015	0	0	0	0	0	0	0	0	91	0	0	0	
567768	0	0	0	0	0	0	0	0	87	0	0	0	
568519	0	0	0	0	0	0	0	0	101	0	0	0	
569268	0	0	0	0	0	0	0	0	89	0	0	0	
570020	0	0	0	0	0	0	0	0	103	0	0	0	
570767	0	0	0	0	0	0	0	0	95	0	0	0	
571518	0	0	0	0	0	0	0	0	99	0	0	0	
572270	0	0	0	0	0	0	0	0	0	83	0	0	
573022	0	0	0	0	0	0	0	0	0	67	0	0	
573771	0	0	0	0	0	0	0	0	0	81	0	0	
574521	0	0	0	0	0	0	0	0	0	79	0	0	
575275	0	0	0	0	0	0	0	0	0	57	0	0	
576023	0	0	0	0	0	0	0	0	0	0	65	0	
576773	0	0	0	0	0	0	0	0	0	0	67	0	
577523	0	0	0	0	0	0	0	0	0	0	59	0	
578273	0	0	0	0	0	0	0	0	0	0	69	0	
579021	0	0	0	0	0	0	0	0	0	0	59	0	
579774	0	0	0	0	0	0	0	0	0	0	49	0	
580525	0	0	0	0	0	0	0	0	0	0	55	0	
581274	0	0	0	0	0	0	0	0	0	0	69	0	
582023	0	0	0	0	0	0	0	0	0	0	59	0	
582774	0	0	0	0	0	0	0	0	0	0	69	0	
583525	0	0	0	0	0	0	0	0	0	0	0	41	
584274	0	0	0	0	0	0	0	0	0	0	0	57	
585024	0	0	0	0	0	0	0	0	0	0	0	45	
585773	0	0	0	0	0	0	0	0	0	0	0	63	
586524	0	0	0	0	0	0	0	0	0	0	0	43	
587272	0	0	0	0	0	0	0	0	0	0	0	47	
588021	0	0	0	0	0	0	0	0	0	0	0	43	
588770	0	0	0	0	0	0	0	0	0	0	0	63	
589523	0	0	0	0	0	0	0	0	0	0	0	53	
590272	0	0	0	0	0	0	0	0	0	0	0	31	
591017	0	0	0	0	0	0	0	0	0	0	0	55	
591768	0	0	0	0	0	0	0	0	0	0	0	43	
592518	0	0	0	0	0	0	0	0	0	0	0	57	
593267	0	0	0	0	0	0	0	0	0	0	0	43	
594018	0	0	0	0	0	0	0	0	0	0	0	45	
594770	0	0	0	0	0	0	0	0	0	0	0	45	
595521	0	0	0	0	0	0	0	0	0	0	0	55	
596273	0	0	0	0	0	0	0	0	0	0	0	63	
597021	0	0	0	0	0	0	0	0	0	0	0	49	
597771	0	0	0	0	0	0	0	0	0	0	0	55	
598520	0	0	0	0	0	0	0	0	0	0	0	47	
599271	0	0	0	0	0	0	0	0	0	0	0	51	
600025	0	0	0	0	0	0	0	0	0	0	0	37	
600775	0	0	0	0	0	0	0	0	0	0	0	49	
601526	0	0	0	0	0	0	0	0	0	0	0	45	
602276	0	0	0	0	0	0	0	0	0	0	0	43	
603024	0	0	0	0	0	0	0	0	0	0	0	45	
603774	0	0	0	0	0	0	0	0	0	0	0	63	
604524	0	0	0	0	0	0	0	0	0	0	0	51	
605274	0	0	0	0	0	0	0	0	0	0	0	53	
606024	0	0	0	0	0	0	0	0	0	0	0	41	
606775	0	0	0	0	0	0	0	0	0	0	0	51	
607522	0	0	0	0	0	0	0	0	0	0	0	61	
608272	0	0	0	0	0	0	0	0	0	0	0	55	
609017	0	0	0	0	0	0	0	0	0	0	0	61	
609768	0	0	0	0	0	0	0	0	0	0	0	53	
610521	0	0	0	0	0	0	0	0	0	0	0	57	
611270	0	0	0	0	0	0	0	0	0	0	0	55	
612018	0	0	0	0	0	0	0	0	0	0	0	55	
612768	0	0	0	0	0	0	0	0	0	0	0	49	
613519	0	0	0	0	0	0	0	0	0	0	0	53	
614270	0	0	0	0	0	0	0	0	0	0	0	57	
615020	0	0	0	0	0	0	0	0	0	0	0	61	
615768	0	0	0	0	0	0	0	0	0	0	0	49	
616516	0	0	0	0	0	0	0	0	0	0	0	55	
617268	0	0	0	0	0	0	0	0	0	0	0	65	
618015	0	0	0	0	0	0	0	0	0	0	63	0	
618767	0	0	0	0	0	0	0	0	0	0	53	0	
619516	0	0	0	0	0	0	0	0	0	0	57	0	
620269	0	0	0	0	0	0	0	0	0	0	65	0	
621018	0	0	0	0	0	0	0	0	0	0	57	0	
621766	0	0	0	0	0	0	0	0	0	0	61	0	
622517	0	0	0	0	0	0	0	0	0	0	65	0	
623264	0	0	0	0	0	0	0	0	0	0	77	0	
624009	0	0	0	0	0	0	0	0	0	0	61	0	
624759	0	0	0	0	0	0	0	0	0	0	61	0	
625506	0	0	0	0	0	0	0	0	0	0	44	5	
626257	0	0	0	0	0	0	0	0	0	0	0	47	
627008	0	0	0	0	0	0	0	0	0	0	53	0	
627756	0	0	0	0	0	0	0	0	0	0	67	0	
628505	0	0	0	0	0	0	0	0	0	0	63	0	
629253	0	0	0	0	0	0	0	0	0	0	71	0	
630001	0	0	0	0	0	0	0	0	0	0	69	0	
630754	0	0	0	0	0	0	0	0	0	0	59	0	
631501	0	0	0	0	0	0	0	0	0	0	63	0	
632250	0	0	0	0	0	0	0	0	0	0	71	0	
633000	0	0	0	0	0	0	0	0	0	0	63	0	
633752	0	0	0	0	0	0	0	0	0	0	0	47	
634501	0	0	0	0	0	0	0	0	0	0	0	53	
635253	0	0	0	0	0	0	0	0	0	0	0	55	
636004	0	0	0	0	0	0	0	0	0	0	0	45	
636754	0	0	0	0	0	0	0	0	0	0	0	43	
637504	0	0	0	0	0	0	0	0	0	0	0	47	
638256	0	0	0	0	0	0	0	0	0	0	0	49	
639007	0	0	0	0	0	0	0	0	0	0	0	47	
639753	0	0	0	0	0	0	0	0	0	0	0	51	
640504	0	0	0	0	0	0	0	0	0	0	0	53	
641254	0	0	0	0	0	0	0	0	0	0	0	53	
642004	0	0	0	0	0	0	0	0	0	0	0	55	
642754	0	0	0	0	0	0	0	0	0	0	0	43	
643505	0	0	0	0	0	0	0	0	0	0	0	63	
644257	0	0	0	0	0	0	0	0	0	0	0	61	
645006	0	0	0	0	0	0	0	0	0	0	0	47	
645753	0	0	0	0	0	0	0	0	0	0	0	59	
646501	0	0	0	0	0	0	0	0	0	0	0	39	
647249	0	0	0	0	0	0	0	0	0	0	0	39	
647998	0	0	0	0	0	0	0	0	0	0	0	41	
648747	0	0	0	0	0	0	0	0	0	0	0	51	
649495	0	0	0	0	0	0	0	0	0	0	0	57	
650245	0	0	0	0	0	0	0	0	0	0	0	49	
650993	0	0	0	0	0	0	0	0	0	0	0	53	
651741	0	0	0	0	0	0	0	0	0	0	0	49	
652491	0	0	0	0	0	0	0	0	0	0	0	49	
653243	0	0	0	0	0	0	0	0	0	0	0	63	
653993	0	0	0	0	0	0	0	0	0	0	0	47	
654743	0	0	0	0	0	0	0	0	0	0	0	49	
655493	0	0	0	0	0	0	0	0	0	0	0	35	
656242	0	0	0	0	0	0	0	0	0	0	0	41	
656991	0	0	0	0	0	0	0	0	0	0	0	45	
657739	0	0	0	0	0	0	0	0	0	0	0	57	
658490	0	0	0	0	0	0	0	0	0	0	0	35	
659237	0	0	0	0	0	0	0	0	0	0	0	43	
659984	0	0	0	0	0	0	0	0	0	0	0	45	
660737	0	0	0	0	0	0	0	0	0	0	0	49	
661492	0	0	0	0	0	0	0	0	0	0	0	45	
662242	0	0	0	0	0	0	0	0	0	0	0	53	
662996	0	0	0	0	0	0	0	0	0	0	0	51	
663746	0	0	0	0	0	0	0	0	0	0	0	45	
664495	0	0	0	0	0	0	0	0	0	0	0	39	
665243	0	0	0	0	0	0	0	0	0	0	0	63	
665996	0	0	0	0	0	0	0	0	0	0	0	51	
666743	0	0	0	0	0	0	0	0	0	0	0	51	
667493	0	0	0	0	0	0	0	0	0	0	0	53	
668243	0	0	0	0	0	0	0	0	0	0	0	57	
668993	0	0	0	0	0	0	0	0	0	0	0	51	
669741	0	0	0	0	0	0	0	0	0	0	0	63	
670490	0	0	0	0	0	0	0	0	0	0	0	47	
671243	0	0	0	0	0	0	0	0	0	0	0	49	
671993	0	0	0	0	0	0	0	0	0	0	0	49	
672744	0	0	0	0	0	0	0	0	0	0	0	37	
673496	0	0	0	0	0	0	0	0	0	0	0	39	
674246	0	0	0	0	0	0	0	0	0	0	0	51	
674997	0	0	0	0	0	0	0	0	0	0	0	41	
675745	0	0	0	0	0	0	0	0	0	0	0	49	
676496	0	0	0	0	0	0	0	0	0	0	0	45	
677242	0	0	0	0	0	0	0	0	0	0	0	55	
677993	0	0	0	0	0	0	0	0	0	0	0	45	
678745	0	0	0	0	0	0	0	0	0	0	0	61	
679496	0	0	0	0	0	0	0	0	0	0	0	43	
680244	0	0	0	0	0	0	0	0	0	0	0	57	
680993	0	0	0	0	0	0	0	0	0	0	0	53	
681739	0	0	0	0	0	0	0	0	0	0	0	49	
682489	0	0	0	0	0	0	0	0	0	0	0	57	
683240	0	0	0	0	0	0	0	0	0	0	0	57	
683991	0	0	0	0	0	0	0	0	0	0	0	47	
684735	0	0	0	0	0	0	0	0	0	0	67	0	
685485	0	0	0	0	0	0	0	0	0	0	45	0	
686233	0	0	0	0	0	0	0	0	0	0	61	0	
686984	0	0	0	0	0	0	0	0	0	0	57	0	
687730	0	0	0	0	0	0	0	0	0	0	71	0	
688481	0	0	0	0	0	0	0	0	0	0	65	0	
689231	0	0	0	0	0	0	0	0	0	0	75	0	
689978	0	0	0	0	0	0	0	0	0	93	0	0	
690732	0	0	0	0	0	0	0	0	0	55	0	0	
691483	0	0	0	0	0	0	0	0	0	67	0	0	
692234	0	0	0	0	0	0	0	0	0	71	0	0	
692983	0	0	0	0	0	0	0	0	0	81	0	0	
693733	0	0	0	0	0	0	0	0	0	77	0	0	
694481	0	0	0	0	0	0	0	0	0	81	0	0	
695231	0	0	0	0	0	0	0	0	0	67	0	0	
695979	0	0	0	0	0	0	0	0	0	69	0	0	
696732	0	0	0	0	0	0	0	0	0	79	0	0	
697484	0	0	0	0	0	0	0	0	0	75	0	0	
698238	0	0	0	0	0	0	0	0	0	57	0	0	
698990	0	0	0	0	0	0	0	0	0	81	0	0	
699740	0	0	0	0	0	0	0	0	0	69	0	0	
700489	0	0	0	0	0	0	0	0	0	79	0	0	
701239	0	0	0	0	0	0	0	0	0	89	0	0	
701985	0	0	0	0	0	0	0	0	0	87	0	0	
702733	0	0	0	0	0	0	0	0	0	0	55	0	
703483	0	0	0	0	0	0	0	0	0	0	61	0	
704235	0	0	0	0	0	0	0	0	0	67	0	0	
704981	0	0	0	0	0	0	0	0	0	63	0	0	
705734	0	0	0	0	0	0	0	0	0	69	0	0	
706483	0	0	0	0	0	0	0	0	0	77	0	0	
707231	0	0	0	0	0	0	0	0	0	79	0	0	
707978	0	0	0	0	0	0	0	0	0	79	0	0	
708724	0	0	0	0	0	0	0	0	0	83	0	0	
709475	0	0	0	0	0	0	0	0	0	67	0	0	
710222	0	0	0	0	0	0	0	0	0	95	0	0	
710973	0	0	0	0	0	0	0	0	0	63	0	0	
711724	0	0	0	0	0	0	0	0	0	73	0	0	
712477	0	0	0	0	0	0	0	0	0	75	0	0	
713228	0	0	0	0	0	0	0	0	0	73	0	0	
713980	0	0	0	0	0	0	0	0	0	75	0	0	
714728	0	0	0	0	0	0	0	0	0	77	0	0	
715479	0	0	0	0	0	0	0	0	0	73	0	0	
716226	0	0	0	0	0	0	0	0	0	82	1	0	
716975	0	0	0	0	0	0	0	0	0	75	0	0	
717721	0	0	0	0	0	0	0	0	0	69	0	0	
718469	0	0	0	0	0	0	0	0	0	73	0	0	
719221	0	0	0	0	0	0	0	0	0	69	0	0	
719971	0	0	0	0	0	0	0	0	95	0	0	0	
720721	0	0	0	0	0	0	0	0	99	0	0	0	
721473	0	0	0	0	0	0	0	0	79	0	0	0	
722221	0	0	0	0	0	0	0	0	95	0	0	0	
722969	0	0	0	0	0	0	0	0	99	0	0	0	
723722	0	0	0	0	0	0	0	0	85	0	0	0	
724469	0	0	0	0	0	0	0	0	79	0	0	0	
725218	0	0	0	0	0	0	0	0	89	0	0	0	
725969	0	0	0	0	0	0	0	0	97	0	0	0	
726721	0	0	0	0	0	0	0	0	74	13	0	0	
727472	0	0	0	0	0	0	0	0	93	0	0	0	
728221	0	0	0	0	0	0	0	0	75	0	0	0	
728972	0	0	0	0	0	0	0	0	93	0	0	0	
729723	0	0	0	0	0	0	0	0	87	0	0	0	
730476	0	0	0	0	0	0	0	0	95	0	0	0	
731226	0	0	0	0	0	0	0	0	95	0	0	0	
731972	0	0	0	0	0	0	0	0	95	0	0	0	
732720	0	0	0	0	0	0	0	0	89	0	0	0	
733473	0	0	0	0	0	0	0	0	95	0	0	0	
734221	0	0	0	0	0	0	0	0	107	0	0	0	
734969	0	0	0	0	0	0	0	0	87	0	0	0	
735718	0	0	0	0	0	0	0	0	89	0	0	0	
736465	0	0	0	0	0	0	0	0	0	85	0	0	
737213	0	0	0	0	0	0	0	0	0	71	0	0	
737962	0	0	0	0	0	0	0	0	0	77	0	0	
738712	0	0	0	0	0	0	0	0	87	0	0	0	
739460	0	0	0	0	0	0	0	0	103	0	0	0	
740207	0	0	0	0	0	0	0	0	0	73	0	0	
740959	0	0	0	0	0	0	0	0	0	75	0	0	
741708	0	0	0	0	0	0	0	0	0	59	0	0	
742459	0	0	0	0	0	0	0	0	0	71	0	0	
743211	0	0	0	0	0	0	0	0	0	81	0	0	
743962	0	0	0	0	0	0	0	0	0	69	0	0	
744709	0	0	0	0	0	0	0	0	0	69	0	0	
745460	0	0	0	0	0	0	0	0	0	77	0	0	
746210	0	0	0	0	0	0	0	0	0	85	0	0	
746956	0	0	0	0	0	0	0	0	0	83	0	0	
747706	0	0	0	0	0	0	0	0	0	75	0	0	
748456	0	0	0	0	0	0	0	0	0	69	0	0	
749208	0	0	0	0	0	0	0	0	0	79	0	0	
749960	0	0	0	0	0	0	0	0	0	69	0	0	
750712	0	0	0	0	0	0	0	0	0	73	0	0	
751463	0	0	0	0	0	0	0	0	0	67	0	0	
752213	0	0	0	0	0	0	0	0	0	85	0	0	
752964	0	0	0	0	0	0	0	0	0	81	0	0	
753716	0	0	0	0	0	0	0	0	0	0	55	0	
754466	0	0	0	0	0	0	0	0	0	0	55	0	
755215	0	0	0	0	0	0	0	0	0	87	0	0	
755963	0	0	0	0	0	0	0	0	0	57	0	0	
756713	0	0	0	0	0	0	0	0	0	93	0	0	
757460	0	0	0	0	0	0	0	0	0	81	0	0	
758210	0	0	0	0	0	0	0	0	0	0	65	0	
758958	0	0	0	0	0	0	0	0	0	0	71	0	
759710	0	0	0	0	0	0	0	0	0	15	44	0	
760462	0	0	0	0	0	0	0	0	0	0	71	0	
761209	0	0	0	0	0	0	0	0	0	0	69	0	
761960	0	0	0	0	0	0	0	0	0	0	59	0	
762708	0	0	0	0	0	0	0	0	0	0	63	0	
763456	0	0	0	0	0	0	0	0	0	0	59	0	
764209	0	0	0	0	0	0	0	0	0	0	63	0	
764959	0	0	0	0	0	0	0	0	0	0	71	0	
765708	0	0	0	0	0	0	0	0	0	0	69	0	
766460	0	0	0	0	0	0	0	0	0	0	57	0	
767213	0	0	0	0	0	0	0	0	0	0	59	0	
767962	0	0	0	0	0	0	0	0	0	0	63	0	
768712	0	0	0	0	0	0	0	0	0	0	61	0	
769461	0	0	0	0	0	0	0	0	0	0	61	0	
770213	0	0	0	0	0	0	0	0	0	0	71	0	
770963	0	0	0	0	0	0	0	0	0	0	61	0	
771715	0	0	0	0	0	0	0	0	0	0	73	0	
772466	0	0	0	0	0	0	0	0	0	0	71	0	
773217	0	0	0	0	0	0	0	0	0	0	61	0	
773968	0	0	0	0	0	0	0	0	0	81	0	0	
774719	0	0	0	0	0	0	0	0	0	83	0	0	
775470	0	0	0	0	0	0	0	0	0	81	0	0	
776218	0	0	0	0	0	0	0	0	0	71	0	0	
776969	0	0	0	0	0	0	0	0	0	69	0	0	
777717	0	0	0	0	0	0	0	0	0	77	0	0	
778469	0	0	0	0	0	0	0	0	0	0	59	0	
779218	0	0	0	0	0	0	0	0	0	0	67	0	
779968	0	0	0	0	0	0	0	0	0	0	53	0	
780717	0	0	0	0	0	0	0	0	0	0	59	0	
781467	0	0	0	0	0	0	0	0	0	0	65	0	
782217	0	0	0	0	0	0	0	0	0	0	71	0	
782965	0	0	0	0	0	0	0	0	0	0	57	0	
783715	0	0	0	0	0	0	0	0	0	0	61	0	
784463	0	0	0	0	0	0	0	0	0	0	63	0	
785214	0	0	0	0	0	0	0	0	0	0	73	0	
785964	0	0	0	0	0	0	0	0	0	69	0	0	
786715	0	0	0	0	0	0	0	0	0	79	0	0	
787465	0	0	0	0	0	0	0	0	53	32	0	0	
788215	0	0	0	0	0	0	0	0	99	0	0	0	
788964	0	0	0	0	0	0	0	0	83	0	0	0	
789713	0	0	0	0	0	0	0	0	105	0	0	0	
790466	0	0	0	0	0	0	0	0	93	0	0	0	
791214	0	0	0	0	0	0	0	0	95	0	0	0	
791963	0	0	0	0	0	0	0	0	95	0	0	0	
792715	0	0	0	0	0	0	0	0	89	0	0	0	
793464	0	0	0	0	0	0	0	0	0	81	0	0	
794215	0	0	0	0	0	0	0	0	0	81	0	0	
794963	0	0	0	0	0	0	0	0	0	0	59	0	
795713	0	0	0	0	0	0	0	0	0	0	53	0	
796463	0	0	0	0	0	0	0	0	0	0	71	0	
797214	0	0	0	0	0	0	0	0	0	0	61	0	
797963	0	0	0	0	0	0	0	0	0	0	69	0	
798714	0	0	0	0	0	0	0	0	0	0	65	0	
799462	0	0	0	0	0	0	0	0	0	0	0	51	
800210	0	0	0	0	0	0	0	0	0	0	0	41	
800961	0	0	0	0	0	0	0	0	0	0	59	0	
801710	0	0	0	0	0	0	0	0	0	0	59	0	
802463	0	0	0	0	0	0	0	0	0	0	57	0	
803215	0	0	0	0	0	0	0	0	0	0	57	0	
803966	0	0	0	0	0	0	0	0	0	0	73	0	
804718	0	0	0	0	0	0	0	0	0	0	61	0	
805468	0	0	0	0	0	0	0	0	0	0	63	0	
806217	0	0	0	0	0	0	0	0	0	0	51	0	
806963	0	0	0	0	0	0	0	0	0	0	63	0	
807715	0	0	0	0	0	0	0	0	0	0	67	0	
808468	0	0	0	0	0	0	0	0	0	0	63	0	
809220	0	0	0	0	0	0	0	0	0	0	59	0	
809971	0	0	0	0	0	0	0	0	0	0	55	0	
810722	0	0	0	0	0	0	0	0	0	0	67	0	
811468	0	0	0	0	0	0	0	0	0	0	57	0	
812217	0	0	0	0	0	0	0	0	0	0	67	0	
812965	0	0	0	0	0	0	0	0	0	0	65	0	
813718	0	0	0	0	0	0	0	0	0	77	0	0	
814470	0	0	0	0	0	0	0	0	0	65	0	0	
815218	0	0	0	0	0	0	0	0	0	67	0	0	
815966	0	0	0	0	0	0	0	0	0	81	0	0	
816714	0	0	0	0	0	0	0	0	93	0	0	0	
817464	0	0	0	0	0	0	0	0	101	0	0	0	
818213	0	0	0	0	0	0	0	0	97	0	0	0	
818966	0	0	0	0	0	0	0	0	91	0	0	0	
819714	0	0	0	0	0	0	0	0	87	0	0	0	
820466	0	0	0	0	0	0	0	0	89	0	0	0	
821216	0	0	0	0	0	0	0	0	97	0	0	0	
821965	0	0	0	0	0	0	0	0	83	0	0	0	
822715	0	0	0	0	0	0	0	0	95	0	0	0	
823468	0	0	0	0	0	0	0	0	81	0	0	0	
824217	0	0	0	0	0	0	0	0	87	0	0	0	
824971	0	0	0	0	0	0	0	0	77	0	0	0	
825719	0	0	0	0	0	0	0	0	89	0	0	0	
826469	0	0	0	0	0	0	0	0	95	0	0	0	
827221	0	0	0	0	0	0	0	0	101	0	0	0	
827975	0	0	0	0	0	0	0	0	81	0	0	0	
828724	0	0	0	0	0	0	0	0	69	0	0	0	
829472	0	0	0	0	0	0	0	0	103	0	0	0	
830223	0	0	0	0	0	0	0	0	89	0	0	0	
830971	0	0	0	0	0	0	0	0	103	0	0	0	
831718	0	0	0	0	0	0	0	0	95	0	0	0	
832468	0	0	0	0	0	0	0	0	81	0	0	0	
833221	0	0	0	0	0	0	0	0	105	0	0	0	
833971	0	0	0	0	0	0	0	0	107	0	0	0	
834721	0	0	0	0	0	0	0	0	89	0	0	0	
835471	0	0	0	0	0	0	0	0	79	0	0	0	
836222	0	0	0	0	0	0	0	0	89	0	0	0	
836971	0	0	0	0	0	0	0	0	93	0	0	0	
837724	0	0	0	0	0	0	0	0	97	0	0	0	
838472	0	0	0	0	0	0	0	0	97	0	0	0	
839224	0	0	0	0	0	0	0	0	97	0	0	0	
839974	0	0	0	0	0	0	0	0	105	0	0	0	
840724	0	0	0	0	0	0	0	0	95	0	0	0	
841475	0	0	0	0	0	0	0	0	95	0	0	0	
842224	0	0	0	0	0	0	0	0	91	0	0	0	
842976	0	0	0	0	0	0	0	0	87	0	0	0	
843728	0	0	0	0	0	0	0	0	89	0	0	0	
844480	0	0	0	0	0	0	0	0	93	0	0	0	
845233	0	0	0	0	0	0	0	0	97	0	0	0	
845983	0	0	0	0	0	0	0	0	89	0	0	0	
846735	0	0	0	0	0	0	0	0	93	0	0	0	
847485	0	0	0	0	0	0	0	0	87	0	0	0	
848233	0	0	0	0	0	0	0	0	87	0	0	0	
848983	0	0	0	0	0	0	0	0	0	85	0	0	
849734	0	0	0	0	0	0	0	0	0	59	0	0	
850482	0	0	0	0	0	0	0	0	0	75	0	0	
851231	0	0	0	0	0	0	0	0	0	75	0	0	
851983	0	0	0	0	0	0	0	0	0	65	0	0	
852737	0	0	0	0	0	0	0	0	0	77	0	0	
853484	0	0	0	0	0	0	0	0	0	77	0	0	
854235	0	0	0	0	0	0	0	0	0	97	0	0	
854987	0	0	0	0	0	0	0	0	0	65	0	0	
855736	0	0	0	0	0	0	0	0	0	77	0	0	
856486	0	0	0	0	0	0	0	0	0	75	0	0	
857239	0	0	0	0	0	0	0	0	0	81	0	0	
857990	0	0	0	0	0	0	0	0	0	75	0	0	
858739	0	0	0	0	0	0	0	0	0	81	0	0	
859490	0	0	0	0	0	0	0	0	0	79	0	0	
860241	0	0	0	0	0	0	0	0	0	89	0	0	
860990	0	0	0	0	0	0	0	0	0	77	0	0	
861739	0	0	0	0	0	0	0	0	0	65	0	0	
862493	0	0	0	0	0	0	0	0	0	67	0	0	
863245	0	0	0	0	0	0	0	0	0	79	0	0	
863993	0	0	0	0	0	0	0	0	0	83	0	0	
864745	0	0	0	0	0	0	0	0	0	85	0	0	
865495	0	0	0	0	0	0	0	0	0	73	0	0	
866244	0	0	0	0	0	0	0	0	0	71	0	0	
866992	0	0	0	0	0	0	0	0	0	73	0	0	
867744	0	0	0	0	0	0	0	0	95	0	0	0	
868491	0	0	0	0	0	0	0	0	93	0	0	0	
869243	0	0	0	0	0	0	0	0	89	0	0	0	
869993	0	0	0	0	0	0	0	0	93	0	0	0	
870741	0	0	0	0	0	0	0	0	93	0	0	0	
871489	0	0	0	0	0	0	0	0	91	0	0	0	
872237	0	0	0	0	0	0	0	0	97	0	0	0	
872990	0	0	0	0	0	0	0	0	95	0	0	0	
873743	0	0	0	0	0	0	0	0	91	0	0	0	
874492	0	0	0	0	0	0	0	0	85	0	0	0	
875241	0	0	0	0	0	0	0	0	87	0	0	0	
875988	0	0	0	0	0	0	0	0	103	0	0	0	
876737	0	0	0	0	0	0	0	0	101	0	0	0	
877488	0	0	0	0	0	0	0	0	107	0	0	0	
878238	0	0	0	0	0	0	0	0	77	0	0	0	
878989	0	0	0	0	0	0	0	0	89	0	0	0	
879742	0	0	0	0	0	0	0	0	101	0	0	0	
880490	0	0	0	0	0	0	0	0	0	61	0	0	
881241	0	0	0	0	0	0	0	0	0	63	0	0	
881989	0	0	0	0	0	0	0	0	0	75	0	0	
882740	0	0	0	0	0	0	0	0	97	0	0	0	
883490	0	0	0	0	0	0	0	0	97	0	0	0	
884239	0	0	0	0	0	0	0	111	0	0	0	0	
884987	0	0	0	0	0	0	0	115	0	0	0	0	
885735	0	0	0	0	0	0	0	117	0	0	0	0	
886486	0	0	0	0	0	0	0	119	0	0	0	0	
887235	0	0	0	0	0	0	0	115	0	0	0	0	
887986	0	0	0	0	0	0	0	97	0	0	0	0	
888736	0	0	0	0	0	0	0	121	0	0	0	0	
889485	0	0	0	0	0	0	0	97	0	0	0	0	
890231	0	0	0	0	0	0	0	105	0	0	0	0	
890980	0	0	0	0	0	0	0	109	0	0	0	0	
891733	0	0	0	0	0	0	0	97	0	0	0	0	
892482	0	0	0	0	0	0	0	119	0	0	0	0	
893234	0	0	0	0	0	0	0	141	0	0	0	0	
893984	0	0	0	0	0	0	0	131	0	0	0	0	
894734	0	0	0	0	0	0	0	99	0	0	0	0	
895484	0	0	0	0	0	0	0	119	0	0	0	0	
896235	0	0	0	0	0	0	0	123	0	0	0	0	
896988	0	0	0	0	0	0	0	115	0	0	0	0	
897736	0	0	0	0	0	0	0	101	0	0	0	0	
898485	0	0	0	0	0	0	0	115	0	0	0	0	
899235	0	0	0	0	0	0	0	107	0	0	0	0	
899983	0	0	0	0	0	0	0	107	0	0	0	0	
900731	0	0	0	0	0	0	0	103	0	0	0	0	
901484	0	0	0	0	0	0	0	125	0	0	0	0	
902233	0	0	0	0	0	0	0	131	0	0	0	0	
902986	0	0	0	0	0	0	0	117	0	0	0	0	
903737	0	0	0	0	0	0	0	103	0	0	0	0	
904487	0	0	0	0	0	0	0	0	97	0	0	0	
905237	0	0	0	0	0	0	0	0	101	0	0	0	
905987	0	0	0	0	0	0	0	0	99	0	0	0	
906736	0	0	0	0	0	0	0	0	83	0	0	0	
907484	0	0	0	0	0	0	0	0	73	0	0	0	
908235	0	0	0	0	0	0	0	0	91	0	0	0	
908985	0	0	0	0	0	0	0	0	115	0	0	0	
909733	0	0	0	0	0	0	0	0	97	0	0	0	
910483	0	0	0	0	0	0	0	0	91	0	0	0	
911232	0	0	0	0	0	0	0	0	89	0	0	0	
911984	0	0	0	0	0	0	0	0	109	0	0	0	
912738	0	0	0	0	0	0	0	0	97	0	0	0	
913486	0	0	0	0	0	0	0	0	95	0	0	0	
914236	0	0	0	0	0	0	0	0	105	0	0	0	
914988	0	0	0	0	0	0	0	0	91	0	0	0	
915738	0	0	0	0	0	0	0	0	89	0	0	0	
916491	0	0	0	0	0	0	0	0	93	0	0	0	
917241	0	0	0	0	0	0	0	0	115	0	0	0	
917989	0	0	0	0	0	0	0	0	99	0	0	0	
918739	0	0	0	0	0	0	0	0	87	0	0	0	
919486	0	0	0	0	0	0	0	0	95	0	0	0	
920236	0	0	0	0	0	0	0	0	89	0	0	0	
920990	0	0	0	0	0	0	0	0	103	0	0	0	
921742	0	0	0	0	0	0	0	0	91	0	0	0	
922491	0	0	0	0	0	0	0	0	89	0	0	0	
923240	0	0	0	0	0	0	0	0	101	0	0	0	
923989	0	0	0	0	0	0	0	0	99	0	0	0	
924739	0	0	0	0	0	0	0	0	87	0	0	0	
925489	0	0	0	0	0	0	0	0	83	0	0	0	
926239	0	0	0	0	0	0	0	0	83	0	0	0	
926989	0	0	0	0	0	0	0	0	85	0	0	0	
927740	0	0	0	0	0	0	0	0	79	0	0	0	
928489	0	0	0	0	0	0	0	0	85	0	0	0	
929241	0	0	0	0	0	0	0	0	109	0	0	0	
929992	0	0	0	0	0	0	0	125	0	0	0	0	
930743	0	0	0	0	0	0	0	107	0	0	0	0	
931495	0	0	0	0	0	0	0	117	0	0	0	0	
932244	0	0	0	0	0	0	0	105	0	0	0	0	
932996	0	0	0	0	0	0	0	109	0	0	0	0	
933746	0	0	0	0	0	0	0	113	0	0	0	0	
934498	0	0	0	0	0	0	0	117	0	0	0	0	
935247	0	0	0	0	0	0	0	119	0	0	0	0	
935996	0	0	0	0	0	0	0	109	0	0	0	0	
936744	0	0	0	0	0	0	0	135	0	0	0	0	
937494	0	0	0	0	0	0	0	121	0	0	0	0	
938245	0	0	0	0	0	0	0	105	0	0	0	0	
938995	0	0	0	0	0	0	0	97	0	0	0	0	
939743	0	0	0	0	0	0	0	103	0	0	0	0	
940497	0	0	0	0	0	0	0	115	0	0	0	0	
941251	0	0	0	0	0	0	0	111	8	0	0	0	
942002	0	0	0	0	0	0	0	111	0	0	0	0	
942752	0	0	0	0	0	0	0	119	0	0	0	0	
943503	0	0	0	0	0	0	0	121	0	0	0	0	
944250	0	0	0	0	0	0	0	107	0	0	0	0	
945005	0	0	0	0	0	0	0	127	0	0	0	0	
945754	0	0	0	0	0	0	0	113	0	0	0	0	
946505	0	0	0	0	0	0	0	115	0	0	0	0	
947256	0	0	0	0	0	0	0	107	0	0	0	0	
948006	0	0	0	0	0	0	0	121	0	0	0	0	
948757	0	0	0	0	0	0	0	123	0	0	0	0	
949507	0	0	0	0	0	0	0	121	0	0	0	0	
950257	0	0	0	0	0	0	0	123	0	0	0	0	
951005	0	0	0	0	0	0	0	97	0	0	0	0	
951753	0	0	0	0	0	0	0	113	0	0	0	0	
952503	0	0	0	0	0	0	0	105	0	0	0	0	
953252	0	0	0	0	0	0	0	109	0	0	0	0	
954000	0	0	0	0	0	0	0	119	0	0	0	0	
954753	0	0	0	0	0	0	0	125	0	0	0	0	
955505	0	0	0	0	0	0	0	111	0	0	0	0	
956254	0	0	0	0	0	0	0	121	0	0	0	0	
957001	0	0	0	0	0	0	0	123	0	0	0	0	
957753	0	0	0	0	0	0	0	127	0	0	0	0	
958503	0	0	0	0	0	0	0	111	0	0	0	0	
959255	0	0	0	0	0	0	0	127	0	0	0	0	
960003	0	0	0	0	0	0	39	62	0	0	0	0	
960754	0	0	0	0	0	0	0	115	0	0	0	0	
961505	0	0	0	0	0	0	0	137	0	0	0	0	
962259	0	0	0	0	0	0	0	131	0	0	0	0	
963009	0	0	0	0	0	0	0	121	0	0	0	0	
963757	0	0	0	0	0	0	0	103	0	0	0	0	
964510	0	0	0	0	0	0	0	121	0	0	0	0	
965262	0	0	0	0	0	0	0	97	0	0	0	0	
966012	0	0	0	0	0	0	0	115	0	0	0	0	
966762	0	0	0	0	0	0	0	121	0	0	0	0	
967512	0	0	0	0	0	0	0	115	0	0	0	0	
968265	0	0	0	0	0	0	0	113	0	0	0	0	
969014	0	0	0	0	0	0	0	97	0	0	0	0	
969761	0	0	0	0	0	0	0	111	0	0	0	0	
970509	0	0	0	0	0	0	0	109	0	0	0	0	
971257	0	0	0	0	0	0	0	103	0	0	0	0	
972008	0	0	0	0	0	0	0	103	0	0	0	0	
972758	0	0	0	0	0	0	0	105	0	0	0	0	
973506	0	0	0	0	0	0	143	0	0	0	0	0	
974254	0	0	0	0	0	0	161	0	0	0	0	0	
975004	0	0	0	0	0	0	133	0	0	0	0	0	
975753	0	0	0	0	0	0	143	0	0	0	0	0	
976505	0	0	0	0	0	0	121	0	0	0	0	0	
977257	0	0	0	0	0	0	155	0	0	0	0	0	
978007	0	0	0	0	0	0	147	0	0	0	0	0	
978757	0	0	0	0	0	0	135	0	0	0	0	0	
979505	0	0	0	0	0	0	143	0	0	0	0	0	
980251	0	0	0	0	0	0	129	0	0	0	0	0	
981000	0	0	0	0	0	0	143	0	0	0	0	0	
981749	0	0	0	0	0	0	0	117	0	0	0	0	
982502	0	0	0	0	0	0	23	112	0	0	0	0	
983250	0	0	0	0	0	0	0	119	0	0	0	0	
984002	0	0	0	0	0	0	0	117	0	0	0	0	
984752	0	0	0	0	0	0	0	125	0	0	0	0	
985504	0	0	0	0	0	0	0	107	0	0	0	0	
986253	0	0	0	0	0	0	0	111	0	0	0	0	
987005	0	0	0	0	0	0	0	107	0	0	0	0	
987756	0	0	0	0	0	0	0	113	0	0	0	0	
988509	0	0	0	0	0	0	0	119	0	0	0	0	
989257	0	0	0	0	0	0	0	119	0	0	0	0	
990008	0	0	0	0	0	0	0	101	0	0	0	0	
990759	0	0	0	0	0	0	0	115	0	0	0	0	
991508	0	0	0	0	0	0	0	111	0	0	0	0	
992261	0	0	0	0	0	0	0	109	0	0	0	0	
993009	0	0	0	0	0	0	0	113	0	0	0	0	
993760	0	0	0	0	0	0	0	101	0	0	0	0	
994509	0	0	0	0	0	0	0	99	0	0	0	0	
995259	0	0	0	0	0	0	0	123	0	0	0	0	
996007	0	0	0	0	0	0	0	109	0	0	0	0	
996757	0	0	0	0	0	0	0	117	0	0	0	0	
997504	0	0	0	0	0	0	0	117	0	0	0	0	
998258	0	0	0	0	0	0	0	101	0	0	0	0	
999009	0	0	0	0	0	0	0	105	0	0	0	0	
999760	0	0	0	0	0	0	0	121	0	0	0	0	
1.00051e+06	0	0	0	0	0	0	0	109	0	0	0	0	
1.00126e+06	0	0	0	0	0	0	0	125	0	0	0	0	
1.00201e+06	0	0	0	0	0	0	0	115	0	0	0	0	
1.00276e+06	0	0	0	0	0	0	0	119	0	0	0	0	
1.00351e+06	0	0	0	0	0	0	0	129	0	0	0	0	
1.00426e+06	0	0	0	0	0	0	0	111	0	0	0	0	
1.00501e+06	0	0	0	0	0	0	173	0	0	0	0	0	
1.00576e+06	0	0	0	0	0	0	141	0	0	0	0	0	
1.0065e+06	0	0	0	0	0	0	141	0	0	0	0	0	
1.00725e+06	0	0	0	0	0	0	129	0	0	0	0	0	
1.008e+06	0	0	0	0	0	0	155	0	0	0	0	0	
1.00875e+06	0	0	0	0	0	0	127	0	0	0	0	0	
1.0095e+06	0	0	0	0	0	0	137	0	0	0	0	0	
1.01025e+06	0	0	0	0	0	0	143	0	0	0	0	0	
1.011e+06	0	0	0	0	0	0	137	0	0	0	0	0	
1.01175e+06	0	0	0	0	0	0	145	0	0	0	0	0	
1.0125e+06	0	0	0	0	0	0	139	0	0	0	0	0	
1.01325e+06	0	0	0	0	0	0	137	0	0	0	0	0	
1.014e+06	0	0	0	0	0	0	163	0	0	0	0	0	
1.01474e+06	0	0	0	0	0	0	145	0	0	0	0	0	
1.01549e+06	0	0	0	0	0	0	131	0	0	0	0	0	
1.01624e+06	0	0	0	0	0	0	125	0	0	0	0	0	
1.01699e+06	0	0	0	0	0	0	159	0	0	0	0	0	
1.01774e+06	0	0	0	0	0	0	147	0	0	0	0	0	
1.01849e+06	0	0	0	0	0	0	165	0	0	0	0	0	
1.01924e+06	0	0	0	0	0	0	151	0	0	0	0	0	
1.01999e+06	0	0	0	0	0	0	161	0	0	0	0	0	
1.02075e+06	0	0	0	0	0	0	135	0	0	0	0	0	
1.0215e+06	0	0	0	0	0	0	149	0	0	0	0	0	
1.02225e+06	0	0	0	0	0	0	165	0	0	0	0	0	
1.023e+06	0	0	0	0	0	0	137	0	0	0	0	0	
1.02375e+06	0	0	0	0	0	0	153	0	0	0	0	0	
1.0245e+06	0	0	0	0	0	0	137	0	0	0	0	0	
1.02525e+06	0	0	0	0	0	0	159	0	0	0	0	0	
1.026e+06	0	0	0	0	0	0	147	0	0	0	0	0	
1.02676e+06	0	0	0	0	0	0	151	0	0	0	0	0	
1.02751e+06	0	0	0	0	0	0	153	0	0	0	0	0	
1.02826e+06	0	0	0	0	0	0	137	0	0	0	0	0	
1.029e+06	0	0	0	0	0	0	149	0	0	0	0	0	
1.02975e+06	0	0	0	0	0	0	139	0	0	0	0	0	
1.03051e+06	0	0	0	0	0	0	149	0	0	0	0	0	
1.03126e+06	0	0	0	0	0	0	143	0	0	0	0	0	
1.032e+06	0	0	0	0	0	0	147	0	0	0	0	0	
1.03275e+06	0	0	0	0	0	0	161	0	0	0	0	0	
1.0335e+06	0	0	0	0	0	0	143	0	0	0	0	0	
1.03425e+06	0	0	0	0	0	0	139	0	0	0	0	0	
1.035e+06	0	0	0	0	0	0	149	0	0	0	0	0	
1.03575e+06	0	0	0	0	0	3	138	0	0	0	0	0	
1.0365e+06	0	0	0	0	0	0	139	0	0	0	0	0	
1.03725e+06	0	0	0	0	0	0	0	123	0	0	0	0	
1.038e+06	0	0	0	0	0	0	0	97	0	0	0	0	
1.03875e+06	0	0	0	0	0	0	0	105	0	0	0	0	
1.0395e+06	0	0	0	0	0	0	0	127	0	0	0	0	
1.04025e+06	0	0	0	0	0	0	0	105	0	0	0	0	
1.04099e+06	0	0	0	0	0	0	0	105	0	0	0	0	
1.04174e+06	0	0	0	0	0	0	0	117	0	0	0	0	
1.04249e+06	0	0	0	0	0	0	0	119	0	0	0	0	
1.04324e+06	0	0	0	0	0	0	0	113	0	0	0	0	
1.04399e+06	0	0	0	0	0	0	0	121	0	0	0	0	
1.04474e+06	0	0	0	0	0	0	0	131	0	0	0	0	
1.0455e+06	0	0	0	0	0	0	0	103	0	0	0	0	
1.04624e+06	0	0	0	0	0	0	0	109	0	0	0	0	
1.047e+06	0	0	0	0	0	0	0	141	0	0	0	0	
1.04775e+06	0	0	0	0	0	0	0	117	0	0	0	0	
1.0485e+06	0	0	0	0	0	0	0	101	0	0	0	0	
1.04924e+06	0	0	0	0	0	0	0	121	0	0	0	0	
1.04999e+06	0	0	0	0	0	0	0	99	0	0	0	0	
1.05074e+06	0	0	0	0	0	0	125	0	0	0	0	0	
1.05149e+06	0	0	0	0	0	0	141	0	0	0	0	0	
1.05224e+06	0	0	0	0	0	0	139	0	0	0	0	0	
1.05299e+06	0	0	0	0	0	1	162	0	0	0	0	0	
1.05374e+06	0	0	0	0	0	0	129	0	0	0	0	0	
1.05449e+06	0	0	0	0	0	0	153	0	0	0	0	0	
1.05524e+06	0	0	0	0	0	0	143	0	0	0	0	0	
1.05599e+06	0	0	0	0	0	0	76	47	0	0	0	0	
1.05674e+06	0	0	0	0	0	0	0	0	85	0	0	0	
1.0575e+06	0	0	0	0	0	0	0	0	89	0	0	0	
1.05825e+06	0	0	0	0	0	0	0	0	79	0	0	0	
1.059e+06	0	0	0	0	0	0	0	0	91	0	0	0	
1.05975e+06	0	0	0	0	0	0	0	0	81	0	0	0	
1.0605e+06	0	0	0	0	0	0	0	0	107	0	0	0	
1.06125e+06	0	0	0	0	0	0	0	0	99	0	0	0	
1.062e+06	0	0	0	0	0	0	0	0	81	0	0	0	
1.06275e+06	0	0	0	0	0	0	0	0	99	0	0	0	
1.06351e+06	0	0	0	0	0	0	0	0	91	0	0	0	
1.06426e+06	0	0	0	0	0	0	0	0	103	0	0	0	
1.06501e+06	0	0	0	0	0	0	0	0	111	0	0	0	
1.06575e+06	0	0	0	0	0	0	0	0	103	0	0	0	
1.0665e+06	0	0	0	0	0	0	0	0	109	0	0	0	
1.06725e+06	0	0	0	0	0	0	0	0	83	0	0	0	
1.068e+06	0	0	0	0	0	0	0	0	99	0	0	0	
1.06875e+06	0	0	0	0	0	0	0	0	93	0	0	0	
1.0695e+06	0	0	0	0	0	0	0	0	95	0	0	0	
1.07026e+06	0	0	0	0	0	0	0	0	101	0	0	0	
1.071e+06	0	0	0	0	0	0	0	0	93	0	0	0	
1.07175e+06	0	0	0	0	0	0	0	0	89	0	0	0	
1.0725e+06	0	0	0	0	0	0	0	0	81	0	0	0	
1.07326e+06	0	0	0	0	0	0	0	0	101	0	0	0	
1.074e+06	0	0	0	0	0	0	0	0	87	0	0	0	
1.07476e+06	0	0	0	0	0	0	0	0	87	0	0	0	
1.07551e+06	0	0	0	0	0	0	0	0	95	0	0	0	
1.07626e+06	0	0	0	0	0	0	0	0	89	0	0	0	
1.07701e+06	0	0	0	0	0	0	0	0	85	0	0	0	
1.07777e+06	0	0	0	0	0	0	0	0	89	0	0	0	
1.07852e+06	0	0	0	0	0	0	0	0	97	0	0	0	
1.07927e+06	0	0	0	0	0	0	0	0	89	0	0	0	
1.08002e+06	0	0	0	0	0	0	0	0	79	0	0	0	
1.08077e+06	0	0	0	0	0	0	0	0	99	0	0	0	
1.08152e+06	0	0	0	0	0	0	0	0	87	0	0	0	
1.08227e+06	0	0	0	0	0	0	0	0	101	0	0	0	
1.08302e+06	0	0	0	0	0	0	0	0	105	0	0	0	
1.08377e+06	0	0	0	0	0	0	0	131	0	0	0	0	
1.08452e+06	0	0	0	0	0	0	0	0	85	0	0	0	
1.08527e+06	0	0	0	0	0	0	0	0	91	0	0	0	
1.08602e+06	0	0	0	0	0	0	0	0	101	0	0	0	
1.08677e+06	0	0	0	0	0	0	0	0	101	0	0	0	
1.08752e+06	0	0	0	0	0	0	0	0	105	0	0	0	
1.08826e+06	0	0	0	0	0	0	0	0	87	0	0	0	
1.08901e+06	0	0	0	0	0	0	0	0	97	0	0	0	
1.08976e+06	0	0	0	0	0	0	0	0	97	0	0	0	
1.09051e+06	0	0	0	0	0	0	0	0	97	0	0	0	
1.09126e+06	0	0	0	0	0	0	0	0	95	0	0	0	
1.09201e+06	0	0	0	0	0	0	0	0	91	0	0	0	
1.09277e+06	0	0	0	0	0	0	0	0	97	0	0	0	
1.09352e+06	0	0	0	0	0	0	0	0	83	0	0	0	
1.09427e+06	0	0	0	0	0	0	0	0	97	0	0	0	
1.09502e+06	0	0	0	0	0	0	0	0	85	0	0	0	
1.09577e+06	0	0	0	0	0	0	0	0	71	0	0	0	
1.09652e+06	0	0	0	0	0	0	0	0	97	0	0	0	
1.09727e+06	0	0	0	0	0	0	0	0	99	0	0	0	
1.09802e+06	0	0	0	0	0	0	0	0	105	0	0	0	
1.09877e+06	0	0	0	0	0	0	0	0	89	0	0	0	
1.09952e+06	0	0	0	0	0	0	0	0	81	0	0	0	
1.10027e+06	0	0	0	0	0	0	0	0	105	0	0	0	
1.10102e+06	0	0	0	0	0	0	0	0	105	0	0	0	
1.10176e+06	0	0	0	0	0	0	0	0	103	0	0	0	
1.10252e+06	0	0	0	0	0	0	0	0	93	0	0	0	
1.10327e+06	0	0	0	0	0	0	0	0	101	0	0	0	
1.10401e+06	0	0	0	0	0	0	0	0	85	0	0	0	
1.10476e+06	0	0	0	0	0	0	0	0	103	0	0	0	
1.10552e+06	0	0	0	0	0	0	0	0	91	0	0	0	
1.10626e+06	0	0	0	0	0	0	0	0	77	0	0	0	
1.10701e+06	0	0	0	0	0	0	0	0	93	0	0	0	
1.10776e+06	0	0	0	0	0	0	0	0	71	0	0	0	
1.10851e+06	0	0	0	0	0	0	0	0	95	0	0	0	
1.10926e+06	0	0	0	0	0	0	0	0	93	0	0	0	
1.11001e+06	0	0	0	0	0	0	0	0	85	0	0	0	
1.11076e+06	0	0	0	0	0	0	0	0	81	0	0	0	
1.11151e+06	0	0	0	0	0	0	0	0	83	0	0	0	
1.11225e+06	0	0	0	0	0	0	0	0	91	0	0	0	
1.11301e+06	0	0	0	0	0	0	0	0	60	23	0	0	
1.11376e+06	0	0	0	0	0	0	0	0	93	0	0	0	
1.11451e+06	0	0	0	0	0	0	0	0	99	0	0	0	
1.11526e+06	0	0	0	0	0	0	0	0	99	0	0	0	
1.11601e+06	0	0	0	0	0	0	0	0	91	0	0	0	
1.11676e+06	0	0	0	0	0	0	0	0	101	0	0	0	
1.11751e+06	0	0	0	0	0	0	0	0	93	0	0	0	
1.11826e+06	0	0	0	0	0	0	0	0	99	0	0	0	
1.11901e+06	0	0	0	0	0	0	0	0	85	0	0	0	
1.11976e+06	0	0	0	0	0	0	0	0	99	0	0	0	
1.1205e+06	0	0	0	0	0	0	0	0	85	0	0	0	
1.12125e+06	0	0	0	0	0	0	0	0	75	0	0	0	
1.12201e+06	0	0	0	0	0	0	0	0	83	0	0	0	
1.12276e+06	0	0	0	0	0	0	0	0	107	0	0	0	
1.12351e+06	0	0	0	0	0	0	0	0	95	0	0	0	
1.12426e+06	0	0	0	0	0	0	0	0	99	0	0	0	
1.12501e+06	0	0	0	0	0	0	0	0	0	73	0	0	
1.12575e+06	0	0	0	0	0	0	0	0	0	93	0	0	
1.12651e+06	0	0	0	0	0	0	0	0	0	73	0	0	
1.12725e+06	0	0	0	0	0	0	0	0	0	75	0	0	
1.128e+06	0	0	0	0	0	0	0	0	0	83	0	0	
1.12875e+06	0	0	0	0	0	0	0	0	0	79	0	0	
1.1295e+06	0	0	0	0	0	0	0	0	0	0	65	0	
1.13025e+06	0	0	0	0	0	0	0	0	0	0	59	0	
1.131e+06	0	0	0	0	0	0	0	0	0	0	67	0	
1.13175e+06	0	0	0	0	0	0	0	0	0	0	57	0	
1.1325e+06	0	0	0	0	0	0	0	0	0	0	53	0	
1.13325e+06	0	0	0	0	0	0	0	0	0	0	61	0	
1.134e+06	0	0	0	0	0	0	0	0	0	0	63	0	
1.13475e+06	0	0	0	0	0	0	0	0	0	0	53	0	
1.1355e+06	0	0	0	0	0	0	0	0	0	0	63	0	
1.13625e+06	0	0	0	0	0	0	0	0	0	0	55	0	
1.137e+06	0	0	0	0	0	0	0	0	0	0	57	0	
1.13775e+06	0	0	0	0	0	0	0	0	0	0	59	0	
1.1385e+06	0	0	0	0	0	0	0	0	0	0	65	0	
1.13925e+06	0	0	0	0	0	0	0	0	0	0	59	0	
1.14e+06	0	0	0	0	0	0	0	0	0	0	71	0	
1.14075e+06	0	0	0	0	0	0	0	0	0	26	31	0	
1.1415e+06	0	0	0	0	0	0	0	0	0	69	0	0	
1.14225e+06	0	0	0	0	0	0	0	0	0	71	0	0	
1.14301e+06	0	0	0	0	0	0	0	0	0	77	0	0	
1.14376e+06	0	0	0	0	0	0	0	0	0	69	0	0	
1.14451e+06	0	0	0	0	0	0	0	0	0	81	0	0	
1.14526e+06	0	0	0	0	0	0	0	0	0	67	0	0	
1.14601e+06	0	0	0	0	0	0	0	0	0	89	0	0	
1.14676e+06	0	0	0	0	0	0	0	0	0	73	0	0	
1.14751e+06	0	0	0	0	0	0	0	0	0	73	0	0	
1.14826e+06	0	0	0	0	0	0	0	0	0	93	0	0	
1.14901e+06	0	0	0	0	0	0	0	0	0	71	0	0	
1.14976e+06	0	0	0	0	0	0	0	0	0	81	0	0	
1.15051e+06	0	0	0	0	0	0	0	0	0	73	0	0	
1.15126e+06	0	0	0	0	0	0	0	0	0	71	0	0	
1.15201e+06	0	0	0	0	0	0	0	0	0	77	0	0	
1.15276e+06	0	0	0	0	0	0	0	0	0	75	0	0	
1.15351e+06	0	0	0	0	0	0	0	0	101	0	0	0	
1.15426e+06	0	0	0	0	0	0	0	0	85	0	0	0	
1.15501e+06	0	0	0	0	0	0	0	0	73	0	0	0	
1.15576e+06	0	0	0	0	0	0	0	0	0	79	0	0	
1.15651e+06	0	0	0	0	0	0	0	0	0	79	0	0	
1.15725e+06	0	0	0	0	0	0	0	0	0	77	0	0	
1.15801e+06	0	0	0	0	0	0	0	0	0	87	0	0	
1.15875e+06	0	0	0	0	0	0	0	0	0	77	0	0	
1.15951e+06	0	0	0	0	0	0	0	0	0	81	0	0	
1.16026e+06	0	0	0	0	0	0	0	0	0	75	0	0	
1.16101e+06	0	0	0	0	0	0	0	0	0	87	0	0	
1.16176e+06	0	0	0	0	0	0	0	0	0	77	0	0	
1.16251e+06	0	0	0	0	0	0	0	0	0	75	0	0	
1.16326e+06	0	0	0	0	0	0	0	0	0	83	0	0	
1.16401e+06	0	0	0	0	0	0	0	0	0	75	0	0	
1.16476e+06	0	0	0	0	0	0	0	0	0	71	0	0	
1.16551e+06	0	0	0	0	0	0	0	0	0	71	0	0	
1.16625e+06	0	0	0	0	0	0	0	0	0	69	0	0	
1.16701e+06	0	0	0	0	0	0	0	0	0	59	0	0	
1.16776e+06	0	0	0	0	0	0	0	0	0	67	0	0	
1.1685e+06	0	0	0	0	0	0	0	0	0	69	0	0	
1.16925e+06	0	0	0	0	0	0	0	0	83	0	0	0	
1.17001e+06	0	0	0	0	0	0	0	0	65	0	0	0	
1.17075e+06	0	0	0	0	0	0	0	0	93	0	0	0	
1.1715e+06	0	0	0	0	0	0	0	0	87	0	0	0	
1.17225e+06	0	0	0	0	0	0	0	0	91	0	0	0	
1.173e+06	0	0	0	0	0	0	0	101	0	0	0	0	
1.17375e+06	0	0	0	0	0	0	0	125	0	0	0	0	
1.1745e+06	0	0	0	0	0	0	0	113	0	0	0	0	
1.17525e+06	0	0	0	0	0	0	0	113	0	0	0	0	
1.176e+06	0	0	0	0	0	0	0	99	0	0	0	0	
1.17675e+06	0	0	0	0	0	0	0	123	0	0	0	0	
1.1775e+06	0	0	0	0	0	0	0	137	0	0	0	0	
1.17825e+06	0	0	0	0	0	0	0	127	0	0	0	0	
1.179e+06	0	0	0	0	0	0	0	111	0	0	0	0	
1.17975e+06	0	0	0	0	0	0	0	129	0	0	0	0	
1.1805e+06	0	0	0	0	0	0	38	103	0	0	0	0	
1.18125e+06	0	0	0	0	0	0	139	0	0	0	0	0	
1.182e+06	0	0	0	0	0	0	127	0	0	0	0	0	
1.18274e+06	0	0	0	0	0	0	143	0	0	0	0	0	
1.18349e+06	0	0	0	0	0	0	161	0	0	0	0	0	
1.18424e+06	0	0	0	0	0	0	169	0	0	0	0	0	
1.18499e+06	0	0	0	0	0	0	125	0	0	0	0	0	
1.18574e+06	0	0	0	0	0	0	155	0	0	0	0	0	
1.18649e+06	0	0	0	0	0	0	161	0	0	0	0	0	
1.18724e+06	0	0	0	0	0	0	145	0	0	0	0	0	
1.18799e+06	0	0	0	0	0	0	147	0	0	0	0	0	
1.18874e+06	0	0	0	0	0	0	141	0	0	0	0	0	
1.18948e+06	0	0	0	0	0	0	147	0	0	0	0	0	
1.19023e+06	0	0	0	0	0	0	129	0	0	0	0	0	
1.19098e+06	0	0	0	0	0	0	0	93	0	0	0	0	
1.19173e+06	0	0	0	0	0	0	0	121	0	0	0	0	
1.19248e+06	0	0	0	0	0	0	0	109	0	0	0	0	
1.19324e+06	0	0	0	0	0	0	0	123	0	0	0	0	
1.19399e+06	0	0	0	0	0	0	0	99	0	0	0	0	
1.19474e+06	0	0	0	0	0	0	0	131	0	0	0	0	
1.19549e+06	0	0	0	0	0	0	0	111	0	0	0	0	
1.19624e+06	0	0	0	0	0	0	0	109	0	0	0	0	
1.19699e+06	0	0	0	0	0	0	0	127	0	0	0	0	
1.19774e+06	0	0	0	0	0	0	0	0	113	0	0	0	
1.19848e+06	0	0	0	0	0	0	0	0	85	0	0	0	
1.19923e+06	0	0	0	0	0	0	0	0	0	67	0	0	
1.19999e+06	0	0	0	0	0	0	0	0	0	79	0	0	
1.20073e+06	0	0	0	0	0	0	0	0	0	77	0	0	
1.20148e+06	0	0	0	0	0	0	0	0	0	85	0	0	
1.20223e+06	0	0	0	0	0	0	0	0	0	79	0	0	
1.20298e+06	0	0	0	0	0	0	0	0	0	81	0	0	
1.20373e+06	0	0	0	0	0	0	0	0	0	97	0	0	
1.20448e+06	0	0	0	0	0	0	0	0	0	73	0	0	
1.20523e+06	0	0	0	0	0	0	0	0	0	65	0	0	
1.20598e+06	0	0	0	0	0	0	0	0	0	73	0	0	
1.20673e+06	0	0	0	0	0	0	0	0	0	87	0	0	
1.20748e+06	0	0	0	0	0	0	0	0	0	87	0	0	
1.20823e+06	0	0	0	0	0	0	0	0	0	69	0	0	
1.20898e+06	0	0	0	0	0	0	0	0	0	85	0	0	
1.20973e+06	0	0	0	0	0	0	0	0	0	71	0	0	
1.21048e+06	0	0	0	0	0	0	0	0	0	69	0	0	
1.21123e+06	0	0	0	0	0	0	0	0	0	67	0	0	
1.21198e+06	0	0	0	0	0	0	0	0	0	89	0	0	
1.21273e+06	0	0	0	0	0	0	0	0	0	79	0	0	
1.21349e+06	0	0	0	0	0	0	0	0	0	73	0	0	
1.21423e+06	0	0	0	0	0	0	0	0	0	77	0	0	
1.21499e+06	0	0	0	0	0	0	0	0	0	0	55	0	
1.21574e+06	0	0	0	0	0	0	0	0	0	0	63	0	
1.21649e+06	0	0	0	0	0	0	0	0	0	0	63	0	
1.21724e+06	0	0	0	0	0	0	0	0	0	0	0	51	
1.21799e+06	0	0	0	0	0	0	0	0	0	0	0	49	
1.21874e+06	0	0	0	0	0	0	0	0	0	0	0	49	
1.21948e+06	0	0	0	0	0	0	0	0	0	0	0	51	
1.22023e+06	0	0	0	0	0	0	0	0	0	0	0	49	
1.22098e+06	0	0	0	0	0	0	0	0	0	0	0	65	
1.22173e+06	0	0	0	0	0	0	0	0	0	0	0	39	
1.22248e+06	0	0	0	0	0	0	0	0	0	0	8	31	
1.22323e+06	0	0	0	0	0	0	0	0	0	0	0	53	
1.22398e+06	0	0	0	0	0	0	0	0	0	0	0	53	
1.22473e+06	0	0	0	0	0	0	0	0	0	0	0	47	
1.22548e+06	0	0	0	0	0	0	0	0	0	0	0	45	
1.22623e+06	0	0	0	0	0	0	0	0	0	0	0	61	
1.22699e+06	0	0	0	0	0	0	0	0	0	0	0	43	
1.22774e+06	0	0	0	0	0	0	0	0	0	0	0	59	
1.22848e+06	0	0	0	0	0	0	0	0	0	0	0	57	
1.22924e+06	0	0	0	0	0	0	0	0	0	0	0	55	
1.22999e+06	0	0	0	0	0	0	0	0	0	0	0	43	
1.23074e+06	0	0	0	0	0	0	0	0	0	0	0	49	
1.23149e+06	0	0	0	0	0	0	0	0	0	0	0	37	
1.23224e+06	0	0	0	0	0	0	0	0	0	0	0	53	
1.23299e+06	0	0	0	0	0	0	0	0	0	0	0	69	
1.23374e+06	0	0	0	0	0	0	0	0	0	0	0	49	
1.23449e+06	0	0	0	0	0	0	0	0	0	0	57	0	
1.23524e+06	0	0	0	0	0	0	0	0	0	0	0	51	
1.23599e+06	0	0	0	0	0	0	0	0	0	0	0	51	
1.23674e+06	0	0	0	0	0	0	0	0	0	0	0	47	
1.23749e+06	0	0	0	0	0	0	0	0	0	0	0	53	
1.23824e+06	0	0	0	0	0	0	0	0	0	0	0	55	
1.23899e+06	0	0	0	0	0	0	0	0	0	0	0	55	
1.23974e+06	0	0	0	0	0	0	0	0	0	0	0	49	
1.24049e+06	0	0	0	0	0	0	0	0	0	0	0	57	
1.24124e+06	0	0	0	0	0	0	0	0	0	0	0	57	
1.24199e+06	0	0	0	0	0	0	0	0	0	0	0	43	
1.24274e+06	0	0	0	0	0	0	0	0	0	0	0	41	
1.24349e+06	0	0	0	0	0	0	0	0	0	0	0	43	
1.24424e+06	0	0	0	0	0	0	0	0	0	0	0	37	
1.24499e+06	0	0	0	0	0	0	0	0	0	0	0	53	
1.24574e+06	0	0	0	0	0	0	0	0	0	0	0	49	
1.24649e+06	0	0	0	0	0	0	0	0	0	0	0	45	
1.24724e+06	0	0	0	0	0	0	0	0	0	0	0	59	
1.24799e+06	0	0	0	0	0	0	0	0	0	0	0	51	
1.24873e+06	0	0	0	0	0	0	0	0	0	0	0	53	
1.24948e+06	0	0	0	0	0	0	0	0	0	0	0	49	
1.25023e+06	0	0	0	0	0	0	0	0	0	0	0	41	
1.25098e+06	0	0	0	0	0	0	0	0	0	0	0	45	
1.25173e+06	0	0	0	0	0	0	0	0	0	0	0	65	
1.25248e+06	0	0	0	0	0	0	0	0	0	0	0	41	
1.25323e+06	0	0	0	0	0	0	0	0	0	0	0	45	
1.25398e+06	0	0	0	0	0	0	0	0	0	0	0	55	
1.25472e+06	0	0	0	0	0	0	0	0	0	0	0	51	
1.25548e+06	0	0	0	0	0	0	0	0	0	0	0	51	
1.25623e+06	0	0	0	0	0	0	0	0	0	0	0	57	
1.25698e+06	0	0	0	0	0	0	0	0	0	0	0	65	
1.25773e+06	0	0	0	0	0	0	0	0	0	0	0	55	
1.25848e+06	0	0	0	0	0	0	0	0	0	0	0	35	
1.25923e+06	0	0	0	0	0	0	0	0	0	0	0	45	
1.25998e+06	0	0	0	0	0	0	0	0	0	0	0	61	
1.26073e+06	0	0	0	0	0	0	0	0	0	0	0	45	
1.26148e+06	0	0	0	0	0	0	0	0	0	0	0	67	
1.26223e+06	0	0	0	0	0	0	0	0	0	0	0	61	
1.26298e+06	0	0	0	0	0	0	0	0	0	0	0	45	
1.26373e+06	0	0	0	0	0	0	0	0	0	0	45	0	
1.26448e+06	0	0	0	0	0	0	0	0	0	0	65	0	
1.26523e+06	0	0	0	0	0	0	0	0	0	0	51	0	
1.26599e+06	0	0	0	0	0	0	0	0	0	0	59	0	
1.26674e+06	0	0	0	0	0	0	0	0	0	0	47	0	
1.26749e+06	0	0	0	0	0	0	0	0	0	0	51	0	
1.26824e+06	0	0	0	0	0	0	0	0	0	0	0	45	
1.26899e+06	0	0	0	0	0	0	0	0	0	0	0	45	
1.26974e+06	0	0	0	0	0	0	0	0	0	0	0	67	
1.2705e+06	0	0	0	0	0	0	0	0	0	0	0	47	
1.27125e+06	0	0	0	0	0	0	0	0	0	0	0	35	
1.272e+06	0	0	0	0	0	0	0	0	0	0	0	59	
1.27274e+06	0	0	0	0	0	0	0	0	0	0	0	63	
1.27349e+06	0	0	0	0	0	0	0	0	0	0	0	47	
1.27425e+06	0	0	0	0	0	0	0	0	0	0	0	43	
1.27499e+06	0	0	0	0	0	0	0	0	0	0	0	43	
1.27574e+06	0	0	0	0	0	0	0	0	0	0	0	51	
1.2765e+06	0	0	0	0	0	0	0	0	0	0	0	51	
1.27725e+06	0	0	0	0	0	0	0	0	0	0	0	51	
1.278e+06	0	0	0	0	0	0	0	0	0	0	51	0	
1.27875e+06	0	0	0	0	0	0	0	0	0	0	61	0	
1.27949e+06	0	0	0	0	0	0	0	0	0	0	65	0	
1.28024e+06	0	0	0	0	0	0	0	0	0	0	69	0	
1.281e+06	0	0	0	0	0	0	0	0	0	0	77	0	
1.28175e+06	0	0	0	0	0	0	0	0	0	0	53	0	
1.28249e+06	0	0	0	0	0	0	0	0	0	0	53	0	
1.28325e+06	0	0	0	0	0	0	0	0	0	0	65	0	
1.284e+06	0	0	0	0	0	0	0	0	0	0	67	0	
1.28475e+06	0	0	0	0	0	0	0	0	0	0	55	0	
1.2855e+06	0	0	0	0	0	0	0	0	0	0	35	0	
1.28625e+06	0	0	0	0	0	0	0	0	0	0	63	0	
1.287e+06	0	0	0	0	0	0	0	0	0	0	55	0	
1.28775e+06	0	0	0	0	0	0	0	0	0	0	59	0	
1.2885e+06	0	0	0	0	0	0	0	0	0	0	69	0	
1.28925e+06	0	0	0	0	0	0	0	0	0	0	63	0	
1.29e+06	0	0	0	0	0	0	0	0	0	0	71	0	
1.29076e+06	0	0	0	0	0	0	0	0	0	0	55	0	
1.29151e+06	0	0	0	0	0	0	0	0	0	0	77	0	
1.29226e+06	0	0	0	0	0	0	0	0	0	0	57	0	
1.29301e+06	0	0	0	0	0	0	0	0	0	0	57	0	
1.29375e+06	0	0	0	0	0	0	0	0	0	0	69	0	
1.2945e+06	0	0	0	0	0	0	0	0	0	0	61	0	
1.29525e+06	0	0	0	0	0	0	0	0	0	0	57	0	
1.29601e+06	0	0	0	0	0	0	0	0	0	0	61	0	
1.29676e+06	0	0	0	0	0	0	0	0	0	0	53	0	
1.29751e+06	0	0	0	0	0	0	0	0	0	67	0	0	
1.29826e+06	0	0	0	0	0	0	0	0	0	77	0	0	
1.29901e+06	0	0	0	0	0	0	0	0	0	65	0	0	
1.29976e+06	0	0	0	0	0	0	0	0	0	87	0	0	
1.30051e+06	0	0	0	0	0	0	0	0	89	0	0	0	
1.30126e+06	0	0	0	0	0	0	0	0	77	0	0	0	
1.30201e+06	0	0	0	0	0	0	0	0	99	0	0	0	
1.30276e+06	0	0	0	0	0	0	0	0	89	0	0	0	
1.30351e+06	0	0	0	0	0	0	0	0	87	0	0	0	
1.30426e+06	0	0	0	0	0	0	0	0	99	0	0	0	
1.30501e+06	0	0	0	0	0	0	0	0	85	0	0	0	
1.30576e+06	0	0	0	0	0	0	0	0	85	0	0	0	
1.30651e+06	0	0	0	0	0	0	0	0	89	0	0	0	
1.30726e+06	0	0	0	0	0	0	0	0	0	75	0	0	
1.308e+06	0	0	0	0	0	0	0	0	0	87	0	0	
1.30876e+06	0	0	0	0	0	0	0	0	0	69	0	0	
1.30951e+06	0	0	0	0	0	0	0	0	0	81	0	0	
1.31026e+06	0	0	0	0	0	0	0	0	0	67	0	0	
1.311e+06	0	0	0	0	0	0	0	0	0	67	0	0	
1.31176e+06	0	0	0	0	0	0	0	0	0	81	0	0	
1.31251e+06	0	0	0	0	0	0	0	0	0	81	0	0	
1.31326e+06	0	0	0	0	0	0	0	0	0	83	0	0	
1.31401e+06	0	0	0	0	0	0	0	0	0	83	0	0	
1.31476e+06	0	0	0	0	0	0	0	0	0	75	0	0	
1.3155e+06	0	0	0	0	0	0	0	0	0	81	0	0	
1.31625e+06	0	0	0	0	0	0	0	0	0	83	0	0	
1.31701e+06	0	0	0	0	0	0	0	0	0	85	0	0	
1.31775e+06	0	0	0	0	0	0	0	0	0	83	0	0	
1.3185e+06	0	0	0	0	0	0	0	0	0	83	0	0	
1.31925e+06	0	0	0	0	0	0	0	0	0	65	0	0	
1.32001e+06	0	0	0	0	0	0	0	0	0	79	0	0	
1.32076e+06	0	0	0	0	0	0	0	0	0	85	0	0	
1.3215e+06	0	0	0	0	0	0	0	0	0	81	0	0	
1.32226e+06	0	0	0	0	0	0	0	0	0	61	0	0	
1.323e+06	0	0	0	0	0	0	0	0	0	75	0	0	
1.32375e+06	0	0	0	0	0	0	0	0	0	57	0	0	
1.3245e+06	0	0	0	0	0	0	0	0	0	63	0	0	
1.32525e+06	0	0	0	0	0	0	0	0	0	79	0	0	
1.326e+06	0	0	0	0	0	0	0	0	0	69	0	0	
1.32675e+06	0	0	0	0	0	0	0	0	0	91	0	0	
1.3275e+06	0	0	0	0	0	0	0	0	0	63	0	0	
1.32825e+06	0	0	0	0	0	0	0	0	0	85	0	0	
1.329e+06	0	0	0	0	0	0	0	0	107	0	0	0	
1.32975e+06	0	0	0	0	0	0	0	0	91	0	0	0	
1.3305e+06	0	0	0	0	0	0	0	0	91	0	0	0	
1.33125e+06	0	0	0	0	0	0	0	0	97	0	0	0	
1.33199e+06	0	0	0	0	0	0	0	0	81	0	0	0	
1.33274e+06	0	0	0	0	0	0	0	0	85	0	0	0	
1.33349e+06	0	0	0	0	0	0	0	0	87	0	0	0	
1.33424e+06	0	0	0	0	0	0	0	0	97	0	0	0	
1.33499e+06	0	0	0	0	0	0	0	0	93	0	0	0	
1.33574e+06	0	0	0	0	0	0	0	0	99	0	0	0	
1.33649e+06	0	0	0	0	0	0	0	0	87	0	0	0	
1.33724e+06	0	0	0	0	0	0	0	0	93	0	0	0	
1.33799e+06	0	0	0	0	0	0	0	0	97	0	0	0	
1.33874e+06	0	0	0	0	0	0	0	125	0	0	0	0	
1.33949e+06	0	0	0	0	0	0	0	119	0	0	0	0	
1.34024e+06	0	0	0	0	0	0	0	123	0	0	0	0	
1.34099e+06	0	0	0	0	0	0	0	117	0	0	0	0	
1.34174e+06	0	0	0	0	0	0	0	123	0	0	0	0	
1.34249e+06	0	0	0	0	0	0	0	103	0	0	0	0	
1.34324e+06	0	0	0	0	0	0	143	0	0	0	0	0	
1.34399e+06	0	0	0	0	0	0	143	0	0	0	0	0	
1.34474e+06	0	0	0	0	0	0	131	0	0	0	0	0	
1.34549e+06	0	0	0	0	0	0	139	0	0	0	0	0	
1.34625e+06	0	0	0	0	0	0	155	0	0	0	0	0	
1.347e+06	0	0	0	0	0	0	163	0	0	0	0	0	
1.34774e+06	0	0	0	0	0	0	133	0	0	0	0	0	
1.34849e+06	0	0	0	0	0	0	151	0	0	0	0	0	
1.34924e+06	0	0	0	0	0	0	135	0	0	0	0	0	
1.34999e+06	0	0	0	0	0	0	131	0	0	0	0	0	
1.35074e+06	0	0	0	0	0	0	119	0	0	0	0	0	
1.3515e+06	0	0	0	0	0	0	129	0	0	0	0	0	
1.35225e+06	0	0	0	0	0	0	135	0	0	0	0	0	
1.353e+06	0	0	0	0	0	0	133	0	0	0	0	0	
1.35375e+06	0	0	0	0	0	0	133	0	0	0	0	0	
1.3545e+06	0	0	0	0	0	2	157	0	0	0	0	0	
1.35525e+06	0	0	0	0	0	157	0	0	0	0	0	0	
1.35599e+06	0	0	0	0	0	177	0	0	0	0	0	0	
1.35674e+06	0	0	0	0	0	177	0	0	0	0	0	0	
1.35749e+06	0	0	0	0	0	167	0	0	0	0	0	0	
1.35824e+06	0	0	0	0	0	177	0	0	0	0	0	0	
1.35899e+06	0	0	0	0	0	187	0	0	0	0	0	0	
1.35973e+06	0	0	0	0	0	165	0	0	0	0	0	0	
1.36048e+06	0	0	0	0	0	183	0	0	0	0	0	0	
1.36123e+06	0	0	0	0	0	185	0	0	0	0	0	0	
1.36198e+06	0	0	0	0	0	177	0	0	0	0	0	0	
1.36273e+06	0	0	0	0	0	165	0	0	0	0	0	0	
1.36348e+06	0	0	0	0	0	177	0	0	0	0	0	0	
1.36423e+06	0	0	0	0	0	181	0	0	0	0	0	0	
1.36498e+06	0	0	0	0	0	169	0	0	0	0	0	0	
1.36573e+06	0	0	0	0	0	181	0	0	0	0	0	0	
1.36649e+06	0	0	0	0	0	171	0	0	0	0	0	0	
1.36723e+06	0	0	0	0	0	177	0	0	0	0	0	0	
1.36798e+06	0	0	0	0	0	171	0	0	0	0	0	0	
1.36873e+06	0	0	0	0	0	169	0	0	0	0	0	0	
1.36948e+06	0	0	0	0	0	197	0	0	0	0	0	0	
1.37023e+06	0	0	0	0	0	189	0	0	0	0	0	0	
1.37098e+06	0	0	0	0	0	177	0	0	0	0	0	0	
1.37173e+06	0	0	0	0	0	161	0	0	0	0	0	0	
1.37248e+06	0	0	0	0	0	143	0	0	0	0	0	0	
1.37323e+06	0	0	0	0	0	185	0	0	0	0	0	0	
1.37398e+06	0	0	0	0	0	167	0	0	0	0	0	0	
1.37472e+06	0	0	0	0	0	181	0	0	0	0	0	0	
1.37547e+06	0	0	0	0	0	173	0	0	0	0	0	0	
1.37622e+06	0	0	0	0	0	173	0	0	0	0	0	0	
1.37697e+06	0	0	0	0	0	181	0	0	0	0	0	0	
1.37773e+06	0	0	0	0	0	195	0	0	0	0	0	0	
1.37848e+06	0	0	0	0	0	159	0	0	0	0	0	0	
1.37923e+06	0	0	0	0	0	169	0	0	0	0	0	0	
1.37998e+06	0	0	0	0	0	169	0	0	0	0	0	0	
1.38073e+06	0	0	0	0	0	155	0	0	0	0	0	0	
1.38148e+06	0	0	0	0	0	177	0	0	0	0	0	0	
1.38224e+06	0	0	0	0	0	165	0	0	0	0	0	0	
1.38298e+06	0	0	0	0	0	165	0	0	0	0	0	0	
1.38373e+06	0	0	0	0	0	193	0	0	0	0	0	0	
1.38448e+06	0	0	0	0	0	169	0	0	0	0	0	0	
1.38523e+06	0	0	0	0	0	173	0	0	0	0	0	0	
1.38598e+06	0	0	0	0	0	157	0	0	0	0	0	0	
1.38673e+06	0	0	0	0	0	159	0	0	0	0	0	0	
1.38748e+06	0	0	0	0	0	189	0	0	0	0	0	0	
1.38823e+06	0	0	0	0	0	161	0	0	0	0	0	0	
1.38898e+06	0	0	0	0	0	173	0	0	0	0	0	0	
1.38973e+06	0	0	0	0	0	155	0	0	0	0	0	0	
1.39048e+06	0	0	0	0	0	191	0	0	0	0	0	0	
1.39123e+06	0	0	0	0	0	173	0	0	0	0	0	0	
1.39198e+06	0	0	0	0	1	180	0	0	0	0	0	0	
1.39273e+06	0	0	0	0	0	175	0	0	0	0	0	0	
1.39348e+06	0	0	0	0	0	161	0	0	0	0	0	0	
1.39423e+06	0	0	0	0	0	179	0	0	0	0	0	0	
1.39498e+06	0	0	0	0	0	177	0	0	0	0	0	0	
1.39573e+06	0	0	0	0	0	167	0	0	0	0	0	0	
1.39648e+06	0	0	0	0	0	157	0	0	0	0	0	0	
1.39723e+06	0	0	0	0	1	160	0	0	0	0	0	0	
1.39798e+06	0	0	0	0	0	167	0	0	0	0	0	0	
1.39874e+06	0	0	0	0	0	163	0	0	0	0	0	0	
1.39949e+06	0	0	0	0	0	175	0	0	0	0	0	0	
1.40024e+06	0	0	0	0	0	159	0	0	0	0	0	0	
1.40099e+06	0	0	0	0	0	171	0	0	0	0	0	0	
1.40174e+06	0	0	0	0	0	179	0	0	0	0	0	0	
1.40249e+06	0	0	0	0	0	173	0	0	0	0	0	0	
1.40324e+06	0	0	0	0	0	173	0	0	0	0	0	0	
1.40399e+06	0	0	0	0	0	171	0	0	0	0	0	0	
1.40474e+06	0	0	0	0	0	185	0	0	0	0	0	0	
1.40548e+06	0	0	0	0	0	179	0	0	0	0	0	0	
1.40623e+06	0	0	0	0	0	197	0	0	0	0	0	0	
1.40698e+06	0	0	0	0	0	171	0	0	0	0	0	0	
1.40774e+06	0	0	0	0	0	191	0	0	0	0	0	0	
1.40849e+06	0	0	0	0	0	153	0	0	0	0	0	0	
1.40924e+06	0	0	0	0	0	189	0	0	0	0	0	0	
1.40999e+06	0	0	0	0	0	181	0	0	0	0	0	0	
1.41074e+06	0	0	0	0	0	181	0	0	0	0	0	0	
1.41149e+06	0	0	0	0	0	177	0	0	0	0	0	0	
1.41224e+06	0	0	0	0	0	189	0	0	0	0	0	0	
1.41298e+06	0	0	0	0	0	165	0	0	0	0	0	0	
1.41373e+06	0	0	0	0	0	185	0	0	0	0	0	0	
1.41448e+06	0	0	0	0	0	173	0	0	0	0	0	0	
1.41523e+06	0	0	0	0	0	159	0	0	0	0	0	0	
1.41598e+06	0	0	0	0	0	185	0	0	0	0	0	0	
1.41673e+06	0	0	0	0	0	179	0	0	0	0	0	0	
1.41749e+06	0	0	0	0	0	181	0	0	0	0	0	0	
1.41823e+06	0	0	0	0	0	171	0	0	0	0	0	0	
1.41898e+06	0	0	0	0	0	125	0	0	0	0	0	0	
1.41973e+06	0	0	0	0	0	173	0	0	0	0	0	0	
1.42048e+06	0	0	0	0	0	179	0	0	0	0	0	0	
1.42123e+06	0	0	0	0	0	167	0	0	0	0	0	0	
1.42198e+06	0	0	0	0	0	169	0	0	0	0	0	0	
1.42273e+06	0	0	0	0	0	169	0	0	0	0	0	0	
1.42348e+06	0	0	0	0	0	167	0	0	0	0	0	0	
1.42423e+06	0	0	0	0	0	173	0	0	0	0	0	0	
1.42498e+06	0	0	0	0	0	179	0	0	0	0	0	0	
1.42573e+06	0	0	0	0	0	171	0	0	0	0	0	0	
1.42648e+06	0	0	0	0	0	201	0	0	0	0	0	0	
1.42723e+06	0	0	0	0	0	181	0	0	0	0	0	0	
1.42798e+06	0	0	0	0	0	179	0	0	0	0	0	0	
1.42872e+06	0	0	0	0	0	187	0	0	0	0	0	0	
1.42947e+06	0	0	0	0	0	207	0	0	0	0	0	0	
1.43023e+06	0	0	0	0	0	201	0	0	0	0	0	0	
1.43097e+06	0	0	0	0	0	155	0	0	0	0	0	0	
1.43173e+06	0	0	0	0	0	161	0	0	0	0	0	0	
1.43248e+06	0	0	0	0	0	173	0	0	0	0	0	0	
1.43323e+06	0	0	0	0	0	195	0	0	0	0	0	0	
1.43398e+06	0	0	0	0	0	161	0	0	0	0	0	0	
1.43473e+06	0	0	0	0	0	179	0	0	0	0	0	0	
1.43549e+06	0	0	0	0	0	147	28	0	0	0	0	0	
1.43623e+06	0	0	0	0	0	155	0	0	0	0	0	0	
1.43698e+06	0	0	0	0	0	181	0	0	0	0	0	0	
1.43773e+06	0	0	0	0	0	195	0	0	0	0	0	0	
1.43848e+06	0	0	0	0	0	0	145	0	0	0	0	0	
1.43923e+06	0	0	0	0	0	0	131	0	0	0	0	0	
1.43998e+06	0	0	0	0	0	0	137	0	0	0	0	0	
1.44073e+06	0	0	0	0	0	0	133	0	0	0	0	0	
1.44148e+06	0	0	0	0	0	0	129	0	0	0	0	0	
1.44223e+06	0	0	0	0	0	0	133	0	0	0	0	0	
1.44298e+06	0	0	0	0	0	0	139	0	0	0	0	0	
1.44373e+06	0	0	0	0	0	0	137	0	0	0	0	0	
1.44448e+06	0	0	0	0	0	0	151	0	0	0	0	0	
1.44523e+06	0	0	0	0	0	0	143	0	0	0	0	0	
1.44598e+06	0	0	0	0	0	0	161	0	0	0	0	0	
1.44673e+06	0	0	0	0	0	0	151	0	0	0	0	0	
1.44748e+06	0	0	0	0	0	0	135	0	0	0	0	0	
1.44823e+06	0	0	0	0	0	0	139	0	0	0	0	0	
1.44897e+06	0	0	0	0	0	0	167	0	0	0	0	0	
1.44972e+06	0	0	0	0	0	0	131	0	0	0	0	0	
1.45047e+06	0	0	0	0	0	0	133	0	0	0	0	0	
1.45122e+06	0	0	0	0	0	0	147	0	0	0	0	0	
1.45197e+06	0	0	0	0	0	0	143	0	0	0	0	0	
1.45272e+06	0	0	0	0	0	0	119	0	0	0	0	0	
1.45346e+06	0	0	0	0	0	0	157	0	0	0	0	0	
1.45421e+06	0	0	0	0	0	0	149	0	0	0	0	0	
1.45496e+06	0	0	0	0	0	0	141	0	0	0	0	0	
1.45571e+06	0	0	0	0	0	0	141	0	0	0	0	0	
1.45646e+06	0	0	0	0	0	0	151	0	0	0	0	0	
1.45721e+06	0	0	0	0	0	0	141	0	0	0	0	0	
1.45796e+06	0	0	0	0	0	0	139	0	0	0	0	0	
1.45871e+06	0	0	0	0	0	0	147	0	0	0	0	0	
1.45946e+06	0	0	0	0	0	0	137	0	0	0	0	0	
1.46021e+06	0	0	0	0	0	1	134	0	0	0	0	0	
1.46096e+06	0	0	0	0	0	0	165	0	0	0	0	0	
1.46171e+06	0	0	0	0	0	0	151	0	0	0	0	0	
1.46246e+06	0	0	0	0	0	0	155	0	0	0	0	0	
1.46321e+06	0	0	0	0	0	0	147	0	0	0	0	0	
1.46396e+06	0	0	0	0	0	0	155	0	0	0	0	0	
1.46471e+06	0	0	0	0	0	0	0	119	0	0	0	0	
1.46546e+06	0	0	0	0	0	0	0	115	0	0	0	0	
1.46621e+06	0	0	0	0	0	0	0	117	0	0	0	0	
1.46696e+06	0	0	0	0	0	0	0	0	95	0	0	0	
1.46771e+06	0	0	0	0	0	0	0	0	95	0	0	0	
1.46846e+06	0	0	0	0	0	0	0	0	103	0	0	0	
1.46921e+06	0	0	0	0	0	0	0	0	93	4	0	0	
1.46996e+06	0	0	0	0	0	0	0	0	89	0	0	0	
1.47071e+06	0	0	0	0	0	0	0	0	89	0	0	0	
1.47146e+06	0	0	0	0	0	0	0	0	91	0	0	0	
1.47221e+06	0	0	0	0	0	0	0	0	109	0	0	0	
1.47296e+06	0	0	0	0	0	0	0	0	105	0	0	0	
1.47371e+06	0	0	0	0	0	0	0	0	111	0	0	0	
1.47446e+06	0	0	0	0	0	0	0	0	97	0	0	0	
1.47521e+06	0	0	0	0	0	0	0	0	71	0	0	0	
1.47596e+06	0	0	0	0	0	0	0	0	85	0	0	0	
1.47671e+06	0	0	0	0	0	0	0	0	115	0	0	0	
1.47746e+06	0	0	0	0	0	0	0	0	91	0	0	0	
1.47821e+06	0	0	0	0	0	0	0	0	85	0	0	0	
1.47896e+06	0	0	0	0	0	0	0	0	125	0	0	0	
1.47971e+06	0	0	0	0	0	0	0	0	81	0	0	0	
1.48047e+06	0	0	0	0	0	0	0	0	83	0	0	0	
1.48122e+06	0	0	0	0	0	0	0	0	99	0	0	0	
1.48197e+06	0	0	0	0	0	0	0	0	85	0	0	0	
1.48272e+06	0	0	0	0	0	0	0	0	81	0	0	0	
1.48347e+06	0	0	0	0	0	0	0	0	115	0	0	0	
1.48421e+06	0	0	0	0	0	0	0	0	99	0	0	0	
1.48496e+06	0	0	0	0	0	0	0	0	89	0	0	0	
1.48571e+06	0	0	0	0	0	0	0	0	119	0	0	0	
1.48646e+06	0	0	0	0	0	0	0	0	89	0	0	0	
1.48721e+06	0	0	0	0	0	0	0	0	0	65	0	0	
1.48796e+06	0	0	0	0	0	0	0	0	0	79	0	0	
1.48871e+06	0	0	0	0	0	0	0	0	0	73	0	0	
1.48946e+06	0	0	0	0	0	0	0	0	0	67	0	0	
1.49021e+06	0	0	0	0	0	0	0	0	0	81	0	0	
1.49096e+06	0	0	0	0	0	0	0	0	0	85	0	0	
1.49171e+06	0	0	0	0	0	0	0	0	0	93	0	0	
1.49246e+06	0	0	0	0	0	0	0	0	0	95	0	0	
1.49321e+06	0	0	0	0	0	0	0	0	101	0	0	0	
1.49396e+06	0	0	0	0	0	0	0	0	109	0	0	0	
1.49471e+06	0	0	0	0	0	0	0	97	0	0	0	0	
1.49546e+06	0	0	0	0	0	0	0	135	0	0	0	0	
1.4962e+06	0	0	0	0	0	0	149	0	0	0	0	0	
1.49695e+06	0	0	0	0	0	0	123	0	0	0	0	0	
1.4977e+06	0	0	0	0	0	0	141	0	0	0	0	0	
1.49845e+06	0	0	0	0	0	0	119	0	0	0	0	0	
1.4992e+06	0	0	0	0	0	0	141	0	0	0	0	0	
1.49995e+06	0	0	0	0	0	0	151	0	0	0	0	0	
1.49995e+06	0	0	0	0	0	0	151	0	0	0	0	0	
