Time	s0	s1	s2	s3	s4	s5	s6	s7	s8	s9	s10	s11	
0	0	0	0	0	0	0	0	0	0	0	0	200	
0.00243942	0	0	0	0	0	0	0	0	0	0	0	199	
748.311	0	0	0	0	0	0	0	0	0	0	0	45	
1499.86	0	0	0	0	0	0	0	0	0	0	0	51	
2249.78	0	0	0	0	0	0	0	0	0	0	63	0	
2999.33	0	0	0	0	0	0	0	0	0	2	57	0	
3748.24	0	0	0	0	0	0	0	0	0	0	55	0	
4495.97	0	0	0	0	0	0	0	0	0	0	51	0	
5246.2	0	0	0	0	0	0	0	0	0	0	73	0	
5996.57	0	0	0	0	0	0	0	0	0	0	83	0	
6745.73	0	0	0	0	0	0	0	0	0	0	57	0	
7496.29	0	0	0	0	0	0	0	0	0	0	67	0	
8245.14	0	0	0	0	0	0	0	0	0	0	53	0	
8994.39	0	0	0	0	0	0	0	0	0	0	65	0	
9745.95	0	0	0	0	0	0	0	0	0	0	71	0	
10496.4	0	0	0	0	0	0	0	0	0	0	53	0	
11247.8	0	0	0	0	0	0	0	0	0	0	69	0	
12000.3	0	0	0	0	0	0	0	0	0	0	63	0	
12749.7	0	0	0	0	0	0	0	0	0	0	67	0	
13502.6	0	0	0	0	0	0	0	0	0	0	57	0	
14251.3	0	0	0	0	0	0	0	0	0	0	65	0	
14998.8	0	0	0	0	0	0	0	0	0	0	0	45	
15750.3	0	0	0	0	0	0	0	0	0	0	0	41	
16500	0	0	0	0	0	0	0	0	0	0	0	41	
17251.3	0	0	0	0	0	0	0	0	0	0	0	39	
18002.1	0	0	0	0	0	0	0	0	0	0	0	59	
18752.9	0	0	0	0	0	0	0	0	0	0	0	43	
19500.7	0	0	0	0	0	0	0	0	0	0	0	57	
20250.2	0	0	0	0	0	0	0	0	0	0	0	43	
21000.6	0	0	0	0	0	0	0	0	0	0	0	51	
21749.5	0	0	0	0	0	0	0	0	0	0	0	53	
22498.8	0	0	0	0	0	0	0	0	0	0	0	55	
23249.5	0	0	0	0	0	0	0	0	0	0	0	57	
23999	0	0	0	0	0	0	0	0	0	0	0	43	
24745.7	0	0	0	0	0	0	0	0	0	0	0	49	
25498.9	0	0	0	0	0	0	0	0	0	0	0	47	
26246.2	0	0	0	0	0	0	0	0	0	0	0	47	
26994.9	0	0	0	0	0	0	0	0	0	0	0	41	
27744.8	0	0	0	0	0	0	0	0	0	0	0	53	
28493.2	0	0	0	0	0	0	0	0	0	0	0	53	
29242.1	0	0	0	0	0	0	0	0	0	0	0	47	
29990	0	0	0	0	0	0	0	0	0	0	0	53	
30740.5	0	0	0	0	0	0	0	0	0	0	0	45	
31488.3	0	0	0	0	0	0	0	0	0	0	0	51	
32239.3	0	0	0	0	0	0	0	0	0	0	0	57	
32990.7	0	0	0	0	0	0	0	0	0	0	0	47	
33741.1	0	0	0	0	0	0	0	0	0	0	49	0	
34493	0	0	0	0	0	0	0	0	4	73	0	0	
35245	0	0	0	0	0	0	0	0	0	89	0	0	
35997.3	0	0	0	0	0	0	0	0	0	71	0	0	
36747.4	0	0	0	0	0	0	0	0	0	65	0	0	
37499.7	0	0	0	0	0	0	0	0	0	75	0	0	
38248.1	0	0	0	0	0	0	0	0	0	85	0	0	
38997.7	0	0	0	0	0	0	0	0	0	79	0	0	
39751.1	0	0	0	0	0	0	0	0	0	75	0	0	
40500.4	0	0	0	0	0	0	0	0	0	69	0	0	
41251.5	0	0	0	0	0	0	0	0	0	79	0	0	
42005.7	0	0	0	0	0	0	0	0	0	87	0	0	
42754.5	0	0	0	0	0	0	0	0	0	71	0	0	
43505.3	0	0	0	0	0	0	0	0	0	75	0	0	
44254.7	0	0	0	0	0	0	0	0	0	85	0	0	
45007	0	0	0	0	0	0	0	0	0	63	0	0	
45760.7	0	0	0	0	0	0	0	0	0	65	0	0	
46509.2	0	0	0	0	0	0	0	0	0	59	0	0	
47258.3	0	0	0	0	0	0	0	0	0	75	0	0	
48008.8	0	0	0	0	0	0	0	0	0	77	0	0	
48761.7	0	0	0	0	0	0	0	0	0	67	0	0	
49508.9	0	0	0	0	0	0	0	0	0	87	0	0	
50256.8	0	0	0	0	0	0	0	0	0	71	0	0	
51007.9	0	0	0	0	0	0	0	0	0	73	0	0	
51760	0	0	0	0	0	0	0	0	0	73	0	0	
52513.2	0	0	0	0	0	0	0	0	0	87	0	0	
53259.2	0	0	0	0	0	0	0	0	0	73	0	0	
54012	0	0	0	0	0	0	0	0	0	0	53	0	
54758.6	0	0	0	0	0	0	0	0	0	0	26	43	
55508.2	0	0	0	0	0	0	0	0	0	0	0	53	
56260.2	0	0	0	0	0	0	0	0	0	0	0	49	
57007.7	0	0	0	0	0	0	0	0	0	0	0	55	
57758.1	0	0	0	0	0	0	0	0	0	0	0	43	
58507.9	0	0	0	0	0	0	0	0	0	0	0	53	
59254.7	0	0	0	0	0	0	0	0	0	0	0	53	
60002.6	0	0	0	0	0	0	0	0	0	0	0	39	
60752.9	0	0	0	0	0	0	0	0	0	0	0	61	
61503.8	0	0	0	0	0	0	0	0	0	0	0	57	
62255.8	0	0	0	0	0	0	0	0	0	0	0	47	
63004.1	0	0	0	0	0	0	0	0	0	0	0	51	
63753.7	0	0	0	0	0	0	0	0	0	0	0	35	
64501.1	0	0	0	0	0	0	0	0	0	0	0	55	
65250.7	0	0	0	0	0	0	0	0	0	0	0	67	
66002.2	0	0	0	0	0	0	0	0	0	0	0	55	
66755.9	0	0	0	0	0	0	0	0	0	0	0	45	
67504.4	0	0	0	0	0	0	0	0	0	0	0	55	
68256.7	0	0	0	0	0	0	0	0	0	0	0	45	
69006.8	0	0	0	0	0	0	0	0	0	0	85	0	
69755.6	0	0	0	0	0	0	0	0	0	0	65	0	
70505.1	0	0	0	0	0	0	0	0	0	0	69	0	
71255.2	0	0	0	0	0	0	0	0	0	0	53	0	
72007.9	0	0	0	0	0	0	0	0	0	0	57	0	
72756.8	0	0	0	0	0	0	0	0	0	0	69	0	
73505.2	0	0	0	0	0	0	0	0	0	0	63	0	
74253	0	0	0	0	0	0	0	0	0	0	73	0	
75001.2	0	0	0	0	0	0	0	0	0	0	53	0	
75752.6	0	0	0	0	0	0	0	0	0	73	0	0	
76503.2	0	0	0	0	0	0	0	0	0	75	0	0	
77252.2	0	0	0	0	0	0	0	0	0	75	0	0	
78001.1	0	0	0	0	0	0	0	0	0	85	0	0	
78751	0	0	0	0	0	0	0	0	0	73	0	0	
79497.6	0	0	0	0	0	0	0	0	0	61	0	0	
80250	0	0	0	0	0	0	0	0	0	81	0	0	
80997.4	0	0	0	0	0	0	0	0	0	83	0	0	
81744.9	0	0	0	0	0	0	0	0	0	81	0	0	
82494.1	0	0	0	0	0	0	0	0	0	61	0	0	
83247.1	0	0	0	0	0	0	0	0	0	83	0	0	
83996.8	0	0	0	0	0	0	0	0	0	73	0	0	
84746.8	0	0	0	0	0	0	0	0	0	79	0	0	
85497.4	0	0	0	0	0	0	0	0	0	87	0	0	
86249	0	0	0	0	0	0	0	0	0	69	0	0	
87001.1	0	0	0	0	0	0	0	0	0	89	0	0	
87752.5	0	0	0	0	0	0	0	0	0	101	0	0	
88502.2	0	0	0	0	0	0	0	0	0	77	0	0	
89250.9	0	0	0	0	0	0	0	0	0	97	0	0	
89999.6	0	0	0	0	0	0	0	0	0	89	0	0	
90750.1	0	0	0	0	0	0	0	0	0	0	65	0	
91499.7	0	0	0	0	0	0	0	0	0	0	49	0	
92248.3	0	0	0	0	0	0	0	0	0	0	55	0	
92996.7	0	0	0	0	0	0	0	0	0	83	0	0	
93743.6	0	0	0	0	0	0	0	0	0	83	0	0	
94491.6	0	0	0	0	0	0	0	0	0	81	0	0	
95246.5	0	0	0	0	0	0	0	0	0	89	0	0	
95995	0	0	0	0	0	0	0	0	0	75	0	0	
96741.1	0	0	0	0	0	0	0	0	0	87	0	0	
97492.8	0	0	0	0	0	0	0	0	0	75	0	0	
98239.5	0	0	0	0	0	0	0	0	0	79	0	0	
98988.6	0	0	0	0	0	0	0	0	0	77	0	0	
99736.1	0	0	0	0	0	0	0	0	0	89	0	0	
100485	0	0	0	0	0	0	0	0	0	73	0	0	
101234	0	0	0	0	0	0	0	0	0	81	0	0	
101982	0	0	0	0	0	0	0	0	0	71	0	0	
102730	0	0	0	0	0	0	0	0	0	93	0	0	
103480	0	0	0	0	0	0	0	0	0	85	0	0	
104233	0	0	0	0	0	0	0	0	0	63	0	0	
104986	0	0	0	0	0	0	0	0	0	0	47	0	
105737	0	0	0	0	0	0	0	0	0	0	61	0	
106486	0	0	0	0	0	0	0	0	0	0	51	0	
107237	0	0	0	0	0	0	0	0	0	0	53	0	
107985	0	0	0	0	0	0	0	0	0	0	55	0	
108734	0	0	0	0	0	0	0	0	0	0	47	0	
109482	0	0	0	0	0	0	0	0	0	0	53	0	
110234	0	0	0	0	0	0	0	0	0	0	67	0	
110981	0	0	0	0	0	0	0	0	0	0	75	0	
111731	0	0	0	0	0	0	0	0	0	71	0	0	
112483	0	0	0	0	0	0	0	0	0	85	0	0	
113230	0	0	0	0	0	0	0	0	0	81	0	0	
113983	0	0	0	0	0	0	0	0	0	71	0	0	
114732	0	0	0	0	0	0	0	0	0	81	0	0	
115482	0	0	0	0	0	0	0	0	0	83	0	0	
116231	0	0	0	0	0	0	0	0	0	67	0	0	
116982	0	0	0	0	0	0	0	0	0	95	0	0	
117731	0	0	0	0	0	0	0	0	0	87	0	0	
118482	0	0	0	0	0	0	0	0	0	69	0	0	
119234	0	0	0	0	0	0	0	0	0	79	0	0	
119988	0	0	0	0	0	0	0	0	0	69	0	0	
120737	0	0	0	0	0	0	0	0	0	77	0	0	
121486	0	0	0	0	0	0	0	0	0	73	0	0	
122237	0	0	0	0	0	0	0	0	0	79	0	0	
122987	0	0	0	0	0	0	0	0	0	85	0	0	
123736	0	0	0	0	0	0	0	0	0	91	0	0	
124486	0	0	0	0	0	0	0	0	0	73	0	0	
125236	0	0	0	0	0	0	0	0	0	65	0	0	
125985	0	0	0	0	0	0	0	0	0	85	0	0	
126738	0	0	0	0	0	0	0	0	0	83	0	0	
127488	0	0	0	0	0	0	0	0	0	81	0	0	
128238	0	0	0	0	0	0	0	0	0	77	0	0	
128988	0	0	0	0	0	0	0	0	0	83	0	0	
129736	0	0	0	0	0	0	0	0	0	77	0	0	
130485	0	0	0	0	0	0	0	0	0	71	0	0	
131229	0	0	0	0	0	0	0	0	0	83	0	0	
131979	0	0	0	0	0	0	0	0	0	79	0	0	
132727	0	0	0	0	0	0	0	0	0	71	0	0	
133476	0	0	0	0	0	0	0	0	0	69	0	0	
134226	0	0	0	0	0	0	0	0	0	69	0	0	
134976	0	0	0	0	0	0	0	0	0	65	0	0	
135724	0	0	0	0	0	0	0	0	0	85	0	0	
136473	0	0	0	0	0	0	0	0	0	73	0	0	
137220	0	0	0	0	0	0	0	0	0	75	0	0	
137969	0	0	0	0	0	0	0	0	0	61	0	0	
138719	0	0	0	0	0	0	0	0	0	77	0	0	
139469	0	0	0	0	0	0	0	0	0	81	0	0	
140223	0	0	0	0	0	0	0	0	0	63	0	0	
140972	0	0	0	0	0	0	0	0	0	67	0	0	
141721	0	0	0	0	0	0	0	0	0	83	0	0	
142472	0	0	0	0	0	0	0	0	0	0	49	0	
143225	0	0	0	0	0	0	0	0	0	0	77	0	
143974	0	0	0	0	0	0	0	0	0	0	69	0	
144722	0	0	0	0	0	0	0	0	0	0	55	0	
145471	0	0	0	0	0	0	0	0	0	0	55	0	
146220	0	0	0	0	0	0	0	0	0	0	55	0	
146970	0	0	0	0	0	0	0	0	0	81	0	0	
147718	0	0	0	0	0	0	0	0	0	85	0	0	
148469	0	0	0	0	0	0	0	0	0	89	0	0	
149217	0	0	0	0	0	0	0	0	0	73	0	0	
149965	0	0	0	0	0	0	0	0	0	75	0	0	
150713	0	0	0	0	0	0	0	0	0	91	0	0	
151460	0	0	0	0	0	0	0	0	0	77	0	0	
152212	0	0	0	0	0	0	0	0	0	77	0	0	
152962	0	0	0	0	0	0	0	0	0	79	0	0	
153711	0	0	0	0	0	0	0	0	0	79	0	0	
154458	0	0	0	0	0	0	0	0	0	83	0	0	
155214	0	0	0	0	0	0	0	0	0	73	0	0	
155963	0	0	0	0	0	0	0	0	0	65	0	0	
156716	0	0	0	0	0	0	0	0	0	89	0	0	
157467	0	0	0	0	0	0	0	0	0	0	59	0	
158214	0	0	0	0	0	0	0	0	0	0	57	0	
158965	0	0	0	0	0	0	0	0	0	0	63	0	
159714	0	0	0	0	0	0	0	0	0	0	63	0	
160464	0	0	0	0	0	0	0	0	0	0	55	0	
161213	0	0	0	0	0	0	0	0	0	75	0	0	
161964	0	0	0	0	0	0	0	0	0	73	0	0	
162713	0	0	0	0	0	0	0	0	0	71	0	0	
163461	0	0	0	0	0	0	0	0	0	79	0	0	
164210	0	0	0	0	0	0	0	0	0	87	0	0	
164960	0	0	0	0	0	0	0	0	0	67	0	0	
165709	0	0	0	0	0	0	0	0	0	67	0	0	
166454	0	0	0	0	0	0	0	0	0	57	0	0	
167204	0	0	0	0	0	0	0	0	0	77	0	0	
167956	0	0	0	0	0	0	0	0	0	93	0	0	
168703	0	0	0	0	0	0	0	0	0	91	0	0	
169453	0	0	0	0	0	0	0	0	0	85	0	0	
170203	0	0	0	0	0	0	0	0	0	81	0	0	
170954	0	0	0	0	0	0	0	0	0	95	0	0	
171708	0	0	0	0	0	0	0	0	0	91	0	0	
172457	0	0	0	0	0	0	0	0	0	81	0	0	
173206	0	0	0	0	0	0	0	0	0	77	0	0	
173961	0	0	0	0	0	0	0	0	0	85	0	0	
174710	0	0	0	0	0	0	0	0	0	71	0	0	
175463	0	0	0	0	0	0	0	0	0	75	0	0	
176215	0	0	0	0	0	0	0	0	0	71	0	0	
176963	0	0	0	0	0	0	0	0	0	83	0	0	
177715	0	0	0	0	0	0	0	0	0	69	0	0	
178467	0	0	0	0	0	0	0	0	0	75	0	0	
179213	0	0	0	0	0	0	0	0	93	0	0	0	
179967	0	0	0	0	0	0	0	0	91	0	0	0	
180719	0	0	0	0	0	0	0	0	89	0	0	0	
181470	0	0	0	0	0	0	0	0	93	0	0	0	
182221	0	0	0	0	0	0	0	0	0	75	0	0	
182970	0	0	0	0	0	0	0	0	0	61	0	0	
183716	0	0	0	0	0	0	0	0	0	61	0	0	
184465	0	0	0	0	0	0	0	0	0	89	0	0	
185211	0	0	0	0	0	0	0	0	0	75	0	0	
185964	0	0	0	0	0	0	0	0	0	65	0	0	
186712	0	0	0	0	0	0	0	0	0	77	0	0	
187461	0	0	0	0	0	0	0	0	0	69	0	0	
188209	0	0	0	0	0	0	0	0	0	73	0	0	
188957	0	0	0	0	0	0	0	0	91	0	0	0	
189712	0	0	0	0	0	0	0	0	103	0	0	0	
190462	0	0	0	0	0	0	0	0	99	0	0	0	
191212	0	0	0	0	0	0	0	0	81	0	0	0	
191960	0	0	0	0	0	0	0	0	85	0	0	0	
192709	0	0	0	0	0	0	0	0	85	0	0	0	
193457	0	0	0	0	0	0	0	0	89	0	0	0	
194206	0	0	0	0	0	0	0	0	99	0	0	0	
194959	0	0	0	0	0	0	0	0	93	0	0	0	
195708	0	0	0	0	0	0	0	0	95	0	0	0	
196459	0	0	0	0	0	0	0	0	95	0	0	0	
197210	0	0	0	0	0	0	0	0	83	0	0	0	
197958	0	0	0	0	0	0	0	0	101	0	0	0	
198708	0	0	0	0	0	0	0	0	103	0	0	0	
199459	0	0	0	0	0	0	0	0	95	0	0	0	
200209	0	0	0	0	0	0	0	0	93	0	0	0	
200956	0	0	0	0	0	0	0	0	81	0	0	0	
201704	0	0	0	0	0	0	0	0	93	0	0	0	
202455	0	0	0	0	0	0	0	0	91	0	0	0	
203204	0	0	0	0	0	0	0	0	81	0	0	0	
203955	0	0	0	0	0	0	0	0	97	0	0	0	
204706	0	0	0	0	0	0	0	0	91	0	0	0	
205457	0	0	0	0	0	0	0	0	95	0	0	0	
206208	0	0	0	0	0	0	0	0	103	0	0	0	
206956	0	0	0	0	0	0	0	0	105	0	0	0	
207701	0	0	0	0	0	0	0	0	117	0	0	0	
208448	0	0	0	0	0	0	0	0	87	0	0	0	
209197	0	0	0	0	0	0	0	0	113	0	0	0	
209948	0	0	0	0	0	0	0	0	87	0	0	0	
210697	0	0	0	0	0	0	0	0	93	0	0	0	
211444	0	0	0	0	0	0	0	0	95	0	0	0	
212195	0	0	0	0	0	0	0	0	93	0	0	0	
212946	0	0	0	0	0	0	0	0	93	0	0	0	
213700	0	0	0	0	0	0	0	0	99	0	0	0	
214451	0	0	0	0	0	0	0	0	77	0	0	0	
215203	0	0	0	0	0	0	0	0	75	0	0	0	
215952	0	0	0	0	0	0	0	0	101	0	0	0	
216703	0	0	0	0	0	0	0	0	75	0	0	0	
217452	0	0	0	0	0	0	0	0	87	0	0	0	
218200	0	0	0	0	0	0	0	0	71	0	0	0	
218950	0	0	0	0	0	0	0	1	80	0	0	0	
219696	0	0	0	0	0	0	0	0	115	0	0	0	
220441	0	0	0	0	0	0	0	0	97	0	0	0	
221190	0	0	0	0	0	0	0	0	75	2	0	0	
221938	0	0	0	0	0	0	0	0	87	0	0	0	
222689	0	0	0	0	0	0	0	0	103	0	0	0	
223438	0	0	0	0	0	0	0	0	77	0	0	0	
224190	0	0	0	0	0	0	0	0	79	0	0	0	
224941	0	0	0	0	0	0	0	0	101	0	0	0	
225690	0	0	0	0	0	0	0	0	115	0	0	0	
226440	0	0	0	0	0	0	0	0	95	0	0	0	
227187	0	0	0	0	0	0	0	0	97	0	0	0	
227935	0	0	0	0	0	0	0	0	97	0	0	0	
228685	0	0	0	0	0	0	0	0	103	0	0	0	
229434	0	0	0	0	0	0	0	0	95	0	0	0	
230183	0	0	0	0	0	0	0	0	103	0	0	0	
230933	0	0	0	0	0	0	0	0	83	0	0	0	
231682	0	0	0	0	0	0	0	0	83	0	0	0	
232434	0	0	0	0	0	0	0	0	95	0	0	0	
233186	0	0	0	0	0	0	0	0	81	0	0	0	
233935	0	0	0	0	0	0	0	0	99	0	0	0	
234685	0	0	0	0	0	0	0	0	95	0	0	0	
235438	0	0	0	0	0	0	0	0	0	79	0	0	
236191	0	0	0	0	0	0	0	0	0	81	0	0	
236938	0	0	0	0	0	0	0	0	0	71	0	0	
237688	0	0	0	0	0	0	0	0	0	71	0	0	
238437	0	0	0	0	0	0	0	0	0	49	0	0	
239185	0	0	0	0	0	0	0	0	0	77	0	0	
239935	0	0	0	0	0	0	0	0	0	79	0	0	
240686	0	0	0	0	0	0	0	0	0	69	0	0	
241438	0	0	0	0	0	0	0	0	0	73	0	0	
242187	0	0	0	0	0	0	0	0	0	71	0	0	
242936	0	0	0	0	0	0	0	0	0	89	0	0	
243683	0	0	0	0	0	0	0	0	0	67	0	0	
244436	0	0	0	0	0	0	0	0	0	67	0	0	
245186	0	0	0	0	0	0	0	0	0	63	0	0	
245935	0	0	0	0	0	0	0	0	0	61	0	0	
246683	0	0	0	0	0	0	0	0	0	87	0	0	
247430	0	0	0	0	0	0	0	0	0	73	0	0	
248180	0	0	0	0	0	0	0	0	0	71	0	0	
248930	0	0	0	0	0	0	0	0	0	75	0	0	
249677	0	0	0	0	0	0	0	0	0	79	0	0	
250427	0	0	0	0	0	0	0	0	0	61	0	0	
251180	0	0	0	0	0	0	0	0	0	69	0	0	
251929	0	0	0	0	0	0	0	0	0	0	59	0	
252680	0	0	0	0	0	0	0	0	0	0	57	0	
253431	0	0	0	0	0	0	0	0	0	0	59	0	
254178	0	0	0	0	0	0	0	0	0	0	75	0	
254931	0	0	0	0	0	0	0	0	0	0	71	0	
255683	0	0	0	0	0	0	0	0	0	93	0	0	
256433	0	0	0	0	0	0	0	0	0	63	0	0	
257183	0	0	0	0	0	0	0	0	0	73	0	0	
257931	0	0	0	0	0	0	0	0	0	81	0	0	
258677	0	0	0	0	0	0	0	0	0	57	0	0	
259431	0	0	0	0	0	0	0	0	0	0	65	0	
260184	0	0	0	0	0	0	0	0	0	0	59	0	
260932	0	0	0	0	0	0	0	0	0	0	53	0	
261685	0	0	0	0	0	0	0	0	0	0	65	0	
262433	0	0	0	0	0	0	0	0	0	0	73	0	
263180	0	0	0	0	0	0	0	0	0	0	59	0	
263929	0	0	0	0	0	0	0	0	0	0	55	0	
264678	0	0	0	0	0	0	0	0	0	0	49	0	
265427	0	0	0	0	0	0	0	0	0	0	47	0	
266175	0	0	0	0	0	0	0	0	0	0	47	0	
266929	0	0	0	0	0	0	0	0	0	0	69	0	
267680	0	0	0	0	0	0	0	0	0	0	55	0	
268430	0	0	0	0	0	0	0	0	0	0	57	0	
269176	0	0	0	0	0	0	0	0	0	0	49	0	
269928	0	0	0	0	0	0	0	0	0	0	61	0	
270675	0	0	0	0	0	0	0	0	0	0	53	0	
271425	0	0	0	0	0	0	0	0	0	0	47	0	
272176	0	0	0	0	0	0	0	0	0	0	57	0	
272925	0	0	0	0	0	0	0	0	0	0	49	0	
273679	0	0	0	0	0	0	0	0	0	0	0	53	
274431	0	0	0	0	0	0	0	0	0	0	0	39	
275182	0	0	0	0	0	0	0	0	0	0	0	53	
275932	0	0	0	0	0	0	0	0	0	0	0	47	
276682	0	0	0	0	0	0	0	0	0	0	0	41	
277433	0	0	0	0	0	0	0	0	0	0	0	51	
278180	0	0	0	0	0	0	0	0	0	0	0	55	
278929	0	0	0	0	0	0	0	0	0	0	0	43	
279678	0	0	0	0	0	0	0	0	0	0	0	49	
280429	0	0	0	0	0	0	0	0	0	0	0	31	
281185	0	0	0	0	0	0	0	0	0	0	0	51	
281936	0	0	0	0	0	0	0	0	0	0	0	63	
282686	0	0	0	0	0	0	0	0	0	0	0	43	
283436	0	0	0	0	0	0	0	0	0	0	0	49	
284185	0	0	0	0	0	0	0	0	0	0	55	0	
284933	0	0	0	0	0	0	0	0	0	0	59	0	
285684	0	0	0	0	0	0	0	0	0	0	71	0	
286433	0	0	0	0	0	0	0	0	0	0	55	0	
287182	0	0	0	0	0	0	0	0	0	0	61	0	
287930	0	0	0	0	0	0	0	0	0	0	57	0	
288678	0	0	0	0	0	0	0	0	0	0	53	0	
289423	0	0	0	0	0	0	0	0	0	0	65	0	
290172	0	0	0	0	0	0	0	0	0	0	65	0	
290921	0	0	0	0	0	0	0	0	0	0	49	0	
291668	0	0	0	0	0	0	0	0	0	73	0	0	
292419	0	0	0	0	0	0	0	0	0	83	0	0	
293169	0	0	0	0	0	0	0	0	0	59	0	0	
293917	0	0	0	0	0	0	0	0	0	87	0	0	
294669	0	0	0	0	0	0	0	0	0	63	0	0	
295420	0	0	0	0	0	0	0	0	0	85	0	0	
296167	0	0	0	0	0	0	0	0	0	69	0	0	
296917	0	0	0	0	0	0	0	0	0	83	0	0	
297662	0	0	0	0	0	0	0	0	0	77	0	0	
298413	0	0	0	0	0	0	0	0	0	87	0	0	
299163	0	0	0	0	0	0	0	0	0	73	0	0	
299913	0	0	0	0	0	0	0	0	0	75	0	0	
300666	0	0	0	0	0	0	0	0	0	75	0	0	
301414	0	0	0	0	0	0	0	0	0	75	0	0	
302162	0	0	0	0	0	0	0	0	0	69	0	0	
302912	0	0	0	0	0	0	0	0	0	75	0	0	
303660	0	0	0	0	0	0	0	0	0	83	0	0	
304409	0	0	0	0	0	0	0	0	0	73	0	0	
305161	0	0	0	0	0	0	0	0	0	83	0	0	
305905	0	0	0	0	0	0	0	0	0	73	0	0	
306653	0	0	0	0	0	0	0	0	0	73	0	0	
307402	0	0	0	0	0	0	0	0	0	89	0	0	
308149	0	0	0	0	0	0	0	0	103	0	0	0	
308900	0	0	0	0	0	0	0	0	99	0	0	0	
309652	0	0	0	0	0	0	0	0	89	0	0	0	
310401	0	0	0	0	0	0	0	0	99	0	0	0	
311155	0	0	0	0	0	0	0	0	103	0	0	0	
311906	0	0	0	0	0	0	0	0	91	0	0	0	
312659	0	0	0	0	0	0	0	0	81	0	0	0	
313407	0	0	0	0	0	0	0	0	93	0	0	0	
314157	0	0	0	0	0	0	0	0	101	0	0	0	
314908	0	0	0	0	0	0	0	0	75	0	0	0	
315655	0	0	0	0	0	0	0	0	81	0	0	0	
316401	0	0	0	0	0	0	0	0	101	0	0	0	
317152	0	0	0	0	0	0	0	0	89	0	0	0	
317901	0	0	0	0	0	0	0	0	87	0	0	0	
318650	0	0	0	0	0	0	0	0	83	0	0	0	
319401	0	0	0	0	0	0	0	0	81	0	0	0	
320149	0	0	0	0	0	0	0	0	97	0	0	0	
320900	0	0	0	0	0	0	0	0	105	0	0	0	
321651	0	0	0	0	0	0	0	0	109	0	0	0	
322403	0	0	0	0	0	0	0	0	91	0	0	0	
323153	0	0	0	0	0	0	0	0	101	0	0	0	
323906	0	0	0	0	0	0	0	0	99	0	0	0	
324656	0	0	0	0	0	0	0	0	115	0	0	0	
325406	0	0	0	0	0	0	0	0	97	0	0	0	
326154	0	0	0	0	0	0	0	0	77	0	0	0	
326907	0	0	0	0	0	0	0	0	107	0	0	0	
327651	0	0	0	0	0	0	0	0	93	0	0	0	
328404	0	0	0	0	0	0	0	0	109	0	0	0	
329159	0	0	0	0	0	0	0	0	79	0	0	0	
329908	0	0	0	0	0	0	0	0	87	0	0	0	
330660	0	0	0	0	0	0	0	0	85	0	0	0	
331409	0	0	0	0	0	0	0	0	87	0	0	0	
332159	0	0	0	0	0	0	0	0	101	0	0	0	
332911	0	0	0	0	0	0	0	0	81	0	0	0	
333664	0	0	0	0	0	0	0	0	83	0	0	0	
334415	0	0	0	0	0	0	0	111	0	0	0	0	
335160	0	0	0	0	0	0	0	131	0	0	0	0	
335911	0	0	0	0	0	0	0	115	0	0	0	0	
336664	0	0	0	0	0	0	0	115	0	0	0	0	
337419	0	0	0	0	0	0	0	123	0	0	0	0	
338165	0	0	0	0	0	0	0	119	0	0	0	0	
338914	0	0	0	0	0	0	0	111	0	0	0	0	
339664	0	0	0	0	0	0	0	127	0	0	0	0	
340412	0	0	0	0	0	0	0	109	0	0	0	0	
341161	0	0	0	0	0	0	0	117	0	0	0	0	
341910	0	0	0	0	0	0	0	115	0	0	0	0	
342659	0	0	0	0	0	0	0	109	0	0	0	0	
343410	0	0	0	0	0	0	0	125	0	0	0	0	
344158	0	0	0	0	0	0	0	99	0	0	0	0	
344908	0	0	0	0	0	0	0	121	0	0	0	0	
345656	0	0	0	0	0	0	0	125	0	0	0	0	
346406	0	0	0	0	0	0	0	101	0	0	0	0	
347154	0	0	0	0	0	0	0	123	0	0	0	0	
347904	0	0	0	0	0	0	0	113	0	0	0	0	
348654	0	0	0	0	0	0	0	105	0	0	0	0	
349408	0	0	0	0	0	0	0	119	0	0	0	0	
350157	0	0	0	0	0	0	0	117	0	0	0	0	
350910	0	0	0	0	0	0	0	119	0	0	0	0	
351657	0	0	0	0	0	0	0	123	0	0	0	0	
352410	0	0	0	0	0	0	0	101	0	0	0	0	
353158	0	0	0	0	0	0	0	111	0	0	0	0	
353909	0	0	0	0	0	0	0	129	0	0	0	0	
354659	0	0	0	0	0	0	0	101	0	0	0	0	
355407	0	0	0	0	0	0	0	143	0	0	0	0	
356160	0	0	0	0	0	0	155	0	0	0	0	0	
356910	0	0	0	0	0	0	129	0	0	0	0	0	
357661	0	0	0	0	0	1	160	0	0	0	0	0	
358413	0	0	0	0	0	0	151	0	0	0	0	0	
359164	0	0	0	0	0	0	141	0	0	0	0	0	
359916	0	0	0	0	0	0	127	0	0	0	0	0	
360667	0	0	0	0	0	0	127	0	0	0	0	0	
361418	0	0	0	0	0	0	141	0	0	0	0	0	
362167	0	0	0	0	0	0	147	0	0	0	0	0	
362918	0	0	0	0	0	0	135	0	0	0	0	0	
363669	0	0	0	0	0	0	145	0	0	0	0	0	
364416	0	0	0	0	0	0	153	0	0	0	0	0	
365169	0	0	0	0	0	0	141	0	0	0	0	0	
365916	0	0	0	0	0	0	135	0	0	0	0	0	
366666	0	0	0	0	0	0	141	0	0	0	0	0	
367417	0	0	0	0	0	0	137	0	0	0	0	0	
368165	0	0	0	0	0	0	133	0	0	0	0	0	
368918	0	0	0	0	0	0	141	0	0	0	0	0	
369669	0	0	0	0	0	0	135	0	0	0	0	0	
370421	0	0	0	0	0	0	145	0	0	0	0	0	
371171	0	0	0	0	0	0	147	0	0	0	0	0	
371921	0	0	0	0	0	0	135	0	0	0	0	0	
372670	0	0	0	0	0	0	129	0	0	0	0	0	
373419	0	0	0	0	0	0	135	0	0	0	0	0	
374171	0	0	0	0	0	0	125	0	0	0	0	0	
374923	0	0	0	0	0	0	127	0	0	0	0	0	
375677	0	0	0	0	0	0	127	0	0	0	0	0	
376427	0	0	0	0	0	0	143	0	0	0	0	0	
377176	0	0	0	0	0	0	145	0	0	0	0	0	
377926	0	0	0	0	0	0	155	0	0	0	0	0	
378677	0	0	0	0	0	0	143	0	0	0	0	0	
379428	0	0	0	0	0	0	163	0	0	0	0	0	
380175	0	0	0	0	0	0	145	0	0	0	0	0	
380924	0	0	0	0	0	0	131	0	0	0	0	0	
381675	0	0	0	0	0	0	141	0	0	0	0	0	
382426	0	0	0	0	0	0	143	0	0	0	0	0	
383173	0	0	0	0	0	0	109	0	0	0	0	0	
383924	0	0	0	0	0	0	139	0	0	0	0	0	
384673	0	0	0	0	0	0	143	0	0	0	0	0	
385425	0	0	0	0	0	0	137	0	0	0	0	0	
386176	0	0	0	0	0	0	151	0	0	0	0	0	
386925	0	0	0	0	0	0	155	0	0	0	0	0	
387675	0	0	0	0	0	0	139	0	0	0	0	0	
388426	0	0	0	0	0	0	135	0	0	0	0	0	
389179	0	0	0	0	0	0	151	0	0	0	0	0	
389928	0	0	0	0	0	0	157	0	0	0	0	0	
390677	0	0	0	0	0	0	167	0	0	0	0	0	
391428	0	0	0	0	0	0	129	0	0	0	0	0	
392177	0	0	0	0	0	0	159	0	0	0	0	0	
392928	0	0	0	0	0	0	141	0	0	0	0	0	
393678	0	0	0	0	0	0	149	0	0	0	0	0	
394429	0	0	0	0	0	0	139	0	0	0	0	0	
395177	0	0	0	0	0	0	141	0	0	0	0	0	
395926	0	0	0	0	0	0	145	0	0	0	0	0	
396679	0	0	0	0	0	0	127	0	0	0	0	0	
397431	0	0	0	0	0	0	149	0	0	0	0	0	
398182	0	0	0	0	0	0	145	0	0	0	0	0	
398931	0	0	0	0	0	0	145	0	0	0	0	0	
399680	0	0	0	0	0	0	141	0	0	0	0	0	
400430	0	0	0	0	0	0	131	0	0	0	0	0	
401180	0	0	0	0	0	0	141	0	0	0	0	0	
401929	0	0	0	0	0	0	149	0	0	0	0	0	
402681	0	0	0	0	0	0	159	0	0	0	0	0	
403431	0	0	0	0	0	0	135	2	0	0	0	0	
404186	0	0	0	0	0	0	125	0	0	0	0	0	
404940	0	0	0	0	0	0	135	0	0	0	0	0	
405688	0	0	0	0	0	0	143	0	0	0	0	0	
406437	0	0	0	0	0	0	155	0	0	0	0	0	
407188	0	0	0	0	0	155	0	0	0	0	0	0	
407939	0	0	0	0	0	191	0	0	0	0	0	0	
408692	0	0	0	0	0	179	0	0	0	0	0	0	
409440	0	0	0	0	0	171	0	0	0	0	0	0	
410185	0	0	0	0	0	163	0	0	0	0	0	0	
410935	0	0	0	0	0	149	0	0	0	0	0	0	
411686	0	0	0	0	0	179	0	0	0	0	0	0	
412435	0	0	0	0	0	153	0	0	0	0	0	0	
413186	0	0	0	0	0	171	0	0	0	0	0	0	
413937	0	0	0	0	0	163	0	0	0	0	0	0	
414685	0	0	0	0	0	169	0	0	0	0	0	0	
415432	0	0	0	0	0	187	0	0	0	0	0	0	
416183	0	0	0	0	0	181	0	0	0	0	0	0	
416930	0	0	0	0	0	167	0	0	0	0	0	0	
417683	0	0	0	0	0	179	0	0	0	0	0	0	
418433	0	0	0	0	0	173	0	0	0	0	0	0	
419188	0	0	0	0	0	171	0	0	0	0	0	0	
419937	0	0	0	0	0	141	0	0	0	0	0	0	
420686	0	0	0	0	0	189	0	0	0	0	0	0	
421435	0	0	0	0	0	173	0	0	0	0	0	0	
422186	0	0	0	0	0	171	0	0	0	0	0	0	
422934	0	0	0	0	0	167	0	0	0	0	0	0	
423684	0	0	0	0	0	163	0	0	0	0	0	0	
424433	0	0	0	0	0	167	0	0	0	0	0	0	
425183	0	0	0	0	0	155	0	0	0	0	0	0	
425931	0	0	0	0	0	191	0	0	0	0	0	0	
426680	0	0	0	0	0	185	0	0	0	0	0	0	
427429	0	0	0	0	0	171	0	0	0	0	0	0	
428177	0	0	0	0	0	165	0	0	0	0	0	0	
428927	0	0	0	0	0	179	0	0	0	0	0	0	
429674	0	0	0	0	0	149	0	0	0	0	0	0	
430426	0	0	0	0	0	179	0	0	0	0	0	0	
431176	0	0	0	0	0	169	0	0	0	0	0	0	
431929	0	0	0	0	0	187	0	0	0	0	0	0	
432677	0	0	0	0	0	169	0	0	0	0	0	0	
433431	0	0	0	0	0	201	0	0	0	0	0	0	
434184	0	0	0	0	0	161	0	0	0	0	0	0	
434934	0	0	0	0	0	185	0	0	0	0	0	0	
435681	0	0	0	0	0	187	0	0	0	0	0	0	
436431	0	0	0	0	0	183	0	0	0	0	0	0	
437180	0	0	0	0	0	183	0	0	0	0	0	0	
437926	0	0	0	0	0	157	0	0	0	0	0	0	
438676	0	0	0	0	0	187	0	0	0	0	0	0	
439424	0	0	0	0	0	169	0	0	0	0	0	0	
440174	0	0	0	0	0	151	0	0	0	0	0	0	
440924	0	0	0	0	0	171	0	0	0	0	0	0	
441677	0	0	0	0	0	183	0	0	0	0	0	0	
442424	0	0	0	0	0	187	0	0	0	0	0	0	
443176	0	0	0	0	0	159	0	0	0	0	0	0	
443928	0	0	0	0	0	169	0	0	0	0	0	0	
444675	0	0	0	0	0	181	0	0	0	0	0	0	
445425	0	0	0	0	78	97	0	0	0	0	0	0	
446174	0	0	0	0	0	173	0	0	0	0	0	0	
446924	0	0	0	0	0	189	0	0	0	0	0	0	
447672	0	0	0	0	0	193	0	0	0	0	0	0	
448422	0	0	0	0	0	165	0	0	0	0	0	0	
449172	0	0	0	0	0	181	0	0	0	0	0	0	
449920	0	0	0	0	0	175	0	0	0	0	0	0	
450672	0	0	0	0	0	173	0	0	0	0	0	0	
451422	0	0	0	0	0	179	0	0	0	0	0	0	
452170	0	0	0	0	0	185	0	0	0	0	0	0	
452921	0	0	0	0	0	167	0	0	0	0	0	0	
453670	0	0	0	0	0	175	0	0	0	0	0	0	
454422	0	0	0	0	0	205	0	0	0	0	0	0	
455171	0	0	0	0	0	143	0	0	0	0	0	0	
455922	0	0	0	0	0	167	0	0	0	0	0	0	
456670	0	0	0	0	0	157	0	0	0	0	0	0	
457422	0	0	0	0	0	167	0	0	0	0	0	0	
458173	0	0	0	0	0	181	0	0	0	0	0	0	
458922	0	0	0	0	0	167	0	0	0	0	0	0	
459670	0	0	0	0	0	157	0	0	0	0	0	0	
460421	0	0	0	0	0	181	0	0	0	0	0	0	
461169	0	0	0	0	0	163	0	0	0	0	0	0	
461919	0	0	0	0	0	153	0	0	0	0	0	0	
462668	0	0	0	0	0	175	0	0	0	0	0	0	
463421	0	0	0	0	0	157	0	0	0	0	0	0	
464171	0	0	0	0	0	185	0	0	0	0	0	0	
464919	0	0	0	0	0	169	0	0	0	0	0	0	
465670	0	0	0	0	0	161	0	0	0	0	0	0	
466420	0	0	0	0	0	173	0	0	0	0	0	0	
467170	0	0	0	0	0	151	0	0	0	0	0	0	
467922	0	0	0	0	0	155	0	0	0	0	0	0	
468677	0	0	0	0	0	155	0	0	0	0	0	0	
469428	0	0	0	0	0	167	0	0	0	0	0	0	
470180	0	0	0	0	0	173	0	0	0	0	0	0	
470930	0	0	0	0	0	149	0	0	0	0	0	0	
471685	0	0	0	0	0	0	149	0	0	0	0	0	
472433	0	0	0	0	0	0	143	0	0	0	0	0	
473184	0	0	0	0	0	0	119	0	0	0	0	0	
473929	0	0	0	0	0	0	149	0	0	0	0	0	
474673	0	0	0	0	0	0	141	0	0	0	0	0	
475422	0	0	0	0	0	0	121	0	0	0	0	0	
476172	0	0	0	0	0	0	139	0	0	0	0	0	
476923	0	0	0	0	0	0	141	0	0	0	0	0	
477667	0	0	0	0	0	0	149	0	0	0	0	0	
478418	0	0	0	0	0	0	135	0	0	0	0	0	
479166	0	0	0	0	0	0	145	0	0	0	0	0	
479912	0	0	0	0	0	0	141	0	0	0	0	0	
480666	0	0	0	0	0	0	165	0	0	0	0	0	
481416	0	0	0	0	0	0	137	0	0	0	0	0	
482165	0	0	0	0	0	189	0	0	0	0	0	0	
482912	0	0	0	0	0	177	0	0	0	0	0	0	
483666	0	0	0	0	0	181	0	0	0	0	0	0	
484418	0	0	0	0	0	185	0	0	0	0	0	0	
485169	0	0	0	0	0	177	0	0	0	0	0	0	
485919	0	0	0	0	0	183	0	0	0	0	0	0	
486671	0	0	0	0	0	177	0	0	0	0	0	0	
487422	0	0	0	0	0	173	0	0	0	0	0	0	
488170	0	0	0	0	0	187	0	0	0	0	0	0	
488918	0	0	0	0	0	177	0	0	0	0	0	0	
489668	0	0	0	0	0	0	157	0	0	0	0	0	
490416	0	0	0	0	0	0	129	0	0	0	0	0	
491167	0	0	0	0	0	0	137	0	0	0	0	0	
491916	0	0	0	0	0	0	147	0	0	0	0	0	
492667	0	0	0	0	0	0	137	0	0	0	0	0	
493416	0	0	0	0	0	0	0	113	0	0	0	0	
494166	0	0	0	0	0	0	0	129	0	0	0	0	
494913	0	0	0	0	0	0	0	107	0	0	0	0	
495662	0	0	0	0	0	0	0	137	0	0	0	0	
496411	0	0	0	0	0	0	0	123	0	0	0	0	
497160	0	0	0	0	0	0	0	105	0	0	0	0	
497912	0	0	0	0	0	0	0	115	0	0	0	0	
498664	0	0	0	0	0	0	0	121	0	0	0	0	
499417	0	0	0	0	0	0	0	111	0	0	0	0	
500167	0	0	0	0	0	0	0	107	0	0	0	0	
500919	0	0	0	0	0	0	0	101	0	0	0	0	
501667	0	0	0	0	0	0	0	95	0	0	0	0	
502419	0	0	0	0	0	0	0	107	0	0	0	0	
503170	0	0	0	0	0	0	0	101	0	0	0	0	
503919	0	0	0	0	0	0	0	119	0	0	0	0	
504672	0	0	0	0	0	0	0	107	0	0	0	0	
505421	0	0	0	0	0	0	0	117	0	0	0	0	
506171	0	0	0	0	0	0	0	133	0	0	0	0	
506921	0	0	0	0	0	0	0	95	0	0	0	0	
507671	0	0	0	0	0	0	0	107	0	0	0	0	
508422	0	0	0	0	0	0	0	121	0	0	0	0	
509172	0	0	0	0	0	0	0	125	0	0	0	0	
509922	0	0	0	0	0	0	0	123	0	0	0	0	
510672	0	0	0	0	0	0	0	133	0	0	0	0	
511419	0	0	0	0	0	0	0	0	89	0	0	0	
512168	0	0	0	0	0	0	0	0	109	0	0	0	
512917	0	0	0	0	0	0	0	0	95	0	0	0	
513668	0	0	0	0	0	0	0	0	67	0	0	0	
514415	0	0	0	0	0	0	0	0	101	0	0	0	
515164	0	0	0	0	0	0	0	0	81	0	0	0	
515912	0	0	0	0	0	0	0	0	91	0	0	0	
516661	0	0	0	0	0	0	0	0	107	0	0	0	
517411	0	0	0	0	0	0	0	0	103	0	0	0	
518164	0	0	0	0	0	0	0	0	89	0	0	0	
518912	0	0	0	0	0	0	0	0	93	0	0	0	
519664	0	0	0	0	0	0	0	0	117	0	0	0	
520413	0	0	0	0	0	0	0	0	103	0	0	0	
521163	0	0	0	0	0	0	0	0	89	0	0	0	
521913	0	0	0	0	0	0	0	0	105	0	0	0	
522663	0	0	0	0	0	0	0	0	85	0	0	0	
523411	0	0	0	0	0	0	0	0	93	0	0	0	
524160	0	0	0	0	0	0	0	0	83	0	0	0	
524910	0	0	0	0	0	0	0	0	77	0	0	0	
525661	0	0	0	0	0	0	0	0	105	0	0	0	
526410	0	0	0	0	0	0	0	0	79	0	0	0	
527156	0	0	0	0	0	0	0	0	97	0	0	0	
527903	0	0	0	0	0	0	0	0	93	0	0	0	
528655	0	0	0	0	0	0	0	0	103	0	0	0	
529408	0	0	0	0	0	0	0	0	95	0	0	0	
530160	0	0	0	0	0	0	0	0	87	0	0	0	
530910	0	0	0	0	0	0	0	0	91	0	0	0	
531660	0	0	0	0	0	0	0	0	93	0	0	0	
532412	0	0	0	0	0	0	0	1	100	0	0	0	
533159	0	0	0	0	0	0	0	0	91	0	0	0	
533909	0	0	0	0	0	0	0	0	95	0	0	0	
534657	0	0	0	0	0	0	0	0	87	0	0	0	
535409	0	0	0	0	0	0	0	0	93	0	0	0	
536159	0	0	0	0	0	0	0	0	101	0	0	0	
536910	0	0	0	0	0	0	0	0	105	0	0	0	
537663	0	0	0	0	0	0	0	0	81	0	0	0	
538412	0	0	0	0	0	0	0	0	89	0	0	0	
539165	0	0	0	0	0	0	0	103	0	0	0	0	
539917	0	0	0	0	0	0	0	91	8	0	0	0	
540665	0	0	0	0	0	0	0	113	0	0	0	0	
541413	0	0	0	0	0	0	0	105	0	0	0	0	
542161	0	0	0	0	0	0	0	127	0	0	0	0	
542914	0	0	0	0	0	0	0	115	0	0	0	0	
543665	0	0	0	0	0	0	0	10	73	0	0	0	
544413	0	0	0	0	0	0	0	0	95	0	0	0	
545164	0	0	0	0	0	0	0	0	75	0	0	0	
545912	0	0	0	0	0	0	0	0	97	0	0	0	
546662	0	0	0	0	0	0	0	0	85	0	0	0	
547412	0	0	0	0	0	0	0	0	95	0	0	0	
548164	0	0	0	0	0	0	0	0	91	0	0	0	
548916	0	0	0	0	0	0	0	0	89	0	0	0	
549664	0	0	0	0	0	0	0	0	89	0	0	0	
550414	0	0	0	0	0	0	0	0	95	0	0	0	
551162	0	0	0	0	0	0	0	0	77	0	0	0	
551914	0	0	0	0	0	0	0	0	103	0	0	0	
552662	0	0	0	0	0	0	0	0	115	0	0	0	
553412	0	0	0	0	0	0	0	0	97	0	0	0	
554163	0	0	0	0	0	0	0	0	81	0	0	0	
554912	0	0	0	0	0	0	0	0	77	0	0	0	
555659	0	0	0	0	0	0	0	0	101	0	0	0	
556410	0	0	0	0	0	0	0	119	0	0	0	0	
557163	0	0	0	0	0	0	0	129	0	0	0	0	
557915	0	0	0	0	0	0	0	119	0	0	0	0	
558667	0	0	0	0	0	0	0	0	93	0	0	0	
559419	0	0	0	0	0	0	0	0	105	0	0	0	
560169	0	0	0	0	0	0	0	0	0	75	0	0	
560920	0	0	0	0	0	0	0	0	0	83	0	0	
561670	0	0	0	0	0	0	0	0	0	77	0	0	
562420	0	0	0	0	0	0	0	0	0	79	0	0	
563167	0	0	0	0	0	0	0	0	0	69	0	0	
563918	0	0	0	0	0	0	0	0	0	73	0	0	
564668	0	0	0	0	0	0	0	0	0	71	0	0	
565418	0	0	0	0	0	0	0	0	0	67	0	0	
566170	0	0	0	0	0	0	0	0	0	71	0	0	
566919	0	0	0	0	0	0	0	0	0	89	0	0	
567670	0	0	0	0	0	0	0	0	0	0	61	0	
568420	0	0	0	0	0	0	0	0	0	0	67	0	
569172	0	0	0	0	0	0	0	0	0	0	65	0	
569925	0	0	0	0	0	0	0	0	0	0	65	0	
570675	0	0	0	0	0	0	0	0	0	0	59	0	
571424	0	0	0	0	0	0	0	0	0	0	55	0	
572174	0	0	0	0	0	0	0	0	0	0	49	0	
572923	0	0	0	0	0	0	0	0	0	0	67	0	
573674	0	0	0	0	0	0	0	0	0	0	57	0	
574426	0	0	0	0	0	0	0	0	0	0	69	0	
575178	0	0	0	0	0	0	0	0	0	0	79	0	
575926	0	0	0	0	0	0	0	0	0	0	51	0	
576676	0	0	0	0	0	0	0	0	0	0	63	0	
577422	0	0	0	0	0	0	0	0	0	0	49	0	
578170	0	0	0	0	0	0	0	0	0	0	69	0	
578920	0	0	0	0	0	0	0	0	0	0	59	0	
579671	0	0	0	0	0	0	0	0	0	0	73	0	
580423	0	0	0	0	0	0	0	0	0	0	71	0	
581175	0	0	0	0	0	0	0	0	0	0	67	0	
581925	0	0	0	0	0	0	0	0	0	0	57	0	
582676	0	0	0	0	0	0	0	0	0	0	61	0	
583429	0	0	0	0	0	0	0	0	0	0	57	0	
584179	0	0	0	0	0	0	0	0	0	0	57	0	
584925	0	0	0	0	0	0	0	0	0	0	61	0	
585673	0	0	0	0	0	0	0	0	0	0	63	0	
586429	0	0	0	0	0	0	0	0	0	0	51	0	
587176	0	0	0	0	0	0	0	0	0	0	57	0	
587923	0	0	0	0	0	0	0	0	0	0	35	22	
588675	0	0	0	0	0	0	0	0	0	0	61	0	
589426	0	0	0	0	0	0	0	0	0	0	61	0	
590172	0	0	0	0	0	0	0	0	0	0	55	0	
590921	0	0	0	0	0	0	0	0	0	0	53	0	
591669	0	0	0	0	0	0	0	0	0	0	57	0	
592418	0	0	0	0	0	0	0	0	0	0	59	0	
593168	0	0	0	0	0	0	0	0	0	0	61	0	
593916	0	0	0	0	0	0	0	0	0	0	59	0	
594667	0	0	0	0	0	0	0	0	0	0	67	0	
595417	0	0	0	0	0	0	0	0	0	0	65	0	
596166	0	0	0	0	0	0	0	0	0	0	75	0	
596916	0	0	0	0	0	0	0	0	0	0	57	0	
597667	0	0	0	0	0	0	0	0	0	0	59	0	
598416	0	0	0	0	0	0	0	0	0	0	69	0	
599164	0	0	0	0	0	0	0	0	0	0	59	0	
599916	0	0	0	0	0	0	0	0	0	0	65	0	
600670	0	0	0	0	0	0	0	0	0	0	69	0	
601419	0	0	0	0	0	0	0	0	0	0	53	0	
602168	0	0	0	0	0	0	0	0	0	0	69	0	
602920	0	0	0	0	0	0	0	0	0	0	75	0	
603673	0	0	0	0	0	0	0	0	0	0	53	0	
604425	0	0	0	0	0	0	0	0	0	0	59	0	
605177	0	0	0	0	0	0	0	0	0	0	61	0	
605925	0	0	0	0	0	0	0	0	0	0	65	0	
606673	0	0	0	0	0	0	0	0	0	0	61	0	
607424	0	0	0	0	0	0	0	0	0	0	59	0	
608173	0	0	0	0	0	0	0	0	0	0	75	0	
608922	0	0	0	0	0	0	0	0	0	0	61	0	
609670	0	0	0	0	0	0	0	0	0	0	0	57	
610419	0	0	0	0	0	0	0	0	0	0	0	47	
611169	0	0	0	0	0	0	0	0	0	0	0	45	
611921	0	0	0	0	0	0	0	0	0	0	0	41	
612670	0	0	0	0	0	0	0	0	0	0	0	51	
613418	0	0	0	0	0	0	0	0	0	0	0	57	
614168	0	0	0	0	0	0	0	0	0	0	0	51	
614917	0	0	0	0	0	0	0	0	0	0	0	47	
615666	0	0	0	0	0	0	0	0	0	0	0	43	
616418	0	0	0	0	0	0	0	0	0	0	0	43	
617171	0	0	0	0	0	0	0	0	0	0	0	49	
617920	0	0	0	0	0	0	0	0	0	0	53	0	
618670	0	0	0	0	0	0	0	0	0	0	63	0	
619418	0	0	0	0	0	0	0	0	0	0	53	0	
620166	0	0	0	0	0	0	0	0	0	0	71	0	
620916	0	0	0	0	0	0	0	0	0	0	61	0	
621668	0	0	0	0	0	0	0	0	0	0	69	0	
622418	0	0	0	0	0	0	0	0	0	0	67	0	
623166	0	0	0	0	0	0	0	0	0	0	49	0	
623915	0	0	0	0	0	0	0	0	0	0	65	0	
624666	0	0	0	0	0	0	0	0	0	0	69	0	
625420	0	0	0	0	0	0	0	0	0	0	73	0	
626174	0	0	0	0	0	0	0	0	0	0	65	0	
626925	0	0	0	0	0	0	0	0	0	83	0	0	
627675	0	0	0	0	0	0	0	0	0	59	0	0	
628421	0	0	0	0	0	0	0	0	0	81	0	0	
629169	0	0	0	0	0	0	0	0	0	69	0	0	
629918	0	0	0	0	0	0	0	0	0	69	0	0	
630667	0	0	0	0	0	0	0	0	0	71	0	0	
631420	0	0	0	0	0	0	0	0	0	87	0	0	
632167	0	0	0	0	0	0	0	0	0	67	0	0	
632919	0	0	0	0	0	0	0	0	89	0	0	0	
633671	0	0	0	0	0	0	0	0	89	0	0	0	
634418	0	0	0	0	0	0	0	0	101	0	0	0	
635167	0	0	0	0	0	0	0	0	77	16	0	0	
635918	0	0	0	0	0	0	0	0	93	0	0	0	
636665	0	0	0	0	0	0	0	0	99	0	0	0	
637412	0	0	0	0	0	0	0	0	121	0	0	0	
638157	0	0	0	0	0	0	0	0	115	0	0	0	
638902	0	0	0	0	0	0	0	0	0	91	0	0	
639651	0	0	0	0	0	0	0	0	0	71	0	0	
640403	0	0	0	0	0	0	0	0	0	65	0	0	
641157	0	0	0	0	0	0	0	0	0	59	0	0	
641906	0	0	0	0	0	0	0	0	0	75	0	0	
642656	0	0	0	0	0	0	0	0	0	81	0	0	
643404	0	0	0	0	0	0	0	0	0	75	0	0	
644153	0	0	0	0	0	0	0	0	2	83	0	0	
644900	0	0	0	0	0	0	0	0	0	67	0	0	
645650	0	0	0	0	0	0	0	0	0	71	0	0	
646399	0	0	0	0	0	0	0	0	0	79	0	0	
647152	0	0	0	0	0	0	0	0	0	75	0	0	
647900	0	0	0	0	0	0	0	0	0	67	0	0	
648652	0	0	0	0	0	0	0	0	0	83	0	0	
649400	0	0	0	0	0	0	0	0	0	81	0	0	
650151	0	0	0	0	0	0	0	0	0	77	0	0	
650901	0	0	0	0	0	0	0	0	0	97	0	0	
651648	0	0	0	0	0	0	0	0	0	89	0	0	
652401	0	0	0	0	0	0	0	0	0	71	0	0	
653156	0	0	0	0	0	0	0	0	0	77	0	0	
653911	0	0	0	0	0	0	0	0	0	75	0	0	
654661	0	0	0	0	0	0	0	0	0	73	0	0	
655409	0	0	0	0	0	0	0	0	0	77	0	0	
656157	0	0	0	0	0	0	0	0	0	71	0	0	
656909	0	0	0	0	0	0	0	0	0	71	0	0	
657658	0	0	0	0	0	0	0	0	0	81	0	0	
658406	0	0	0	0	0	0	0	0	0	0	69	0	
659151	0	0	0	0	0	0	0	0	0	0	63	0	
659900	0	0	0	0	0	0	0	0	0	0	49	0	
660649	0	0	0	0	0	0	0	0	0	0	69	0	
661402	0	0	0	0	0	0	0	0	0	0	53	0	
662152	0	0	0	0	0	0	0	0	0	0	69	0	
662901	0	0	0	0	0	0	0	0	0	0	61	0	
663652	0	0	0	0	0	0	0	0	0	0	55	0	
664401	0	0	0	0	0	0	0	0	0	0	67	0	
665151	0	0	0	0	0	0	0	0	0	0	69	0	
665902	0	0	0	0	0	0	0	0	0	73	0	0	
666652	0	0	0	0	0	0	0	0	0	75	0	0	
667401	0	0	0	0	0	0	0	0	0	91	0	0	
668152	0	0	0	0	0	0	0	0	0	77	0	0	
668898	0	0	0	0	0	0	0	0	87	0	0	0	
669651	0	0	0	0	0	0	0	0	103	0	0	0	
670400	0	0	0	0	0	0	0	0	95	0	0	0	
671152	0	0	0	0	0	0	0	0	91	0	0	0	
671904	0	0	0	0	0	0	0	0	87	0	0	0	
672655	0	0	0	0	0	0	0	0	93	0	0	0	
673407	0	0	0	0	0	0	0	0	109	0	0	0	
674156	0	0	0	0	0	0	0	0	77	0	0	0	
674908	0	0	0	0	0	0	0	0	103	0	0	0	
675660	0	0	0	0	0	0	0	0	93	0	0	0	
676410	0	0	0	0	0	0	0	0	91	0	0	0	
677161	0	0	0	0	0	0	0	0	89	0	0	0	
677914	0	0	0	0	0	0	0	0	69	0	0	0	
678662	0	0	0	0	0	0	0	0	85	0	0	0	
679411	0	0	0	0	0	0	0	0	83	0	0	0	
680161	0	0	0	0	0	0	0	0	101	0	0	0	
680909	0	0	0	0	0	0	0	109	0	0	0	0	
681656	0	0	0	0	0	0	0	115	0	0	0	0	
682404	0	0	0	0	0	0	0	121	0	0	0	0	
683152	0	0	0	0	0	0	0	143	0	0	0	0	
683901	0	0	0	0	0	0	0	117	0	0	0	0	
684647	0	0	0	0	0	0	0	125	0	0	0	0	
685398	0	0	0	0	0	0	0	119	0	0	0	0	
686145	0	0	0	0	0	0	0	115	0	0	0	0	
686892	0	0	0	0	0	0	0	103	0	0	0	0	
687642	0	0	0	0	0	0	0	107	0	0	0	0	
688393	0	0	0	0	0	0	0	123	0	0	0	0	
689146	0	0	0	0	0	0	0	119	0	0	0	0	
689895	0	0	0	0	0	0	0	121	0	0	0	0	
690647	0	0	0	0	0	0	0	115	0	0	0	0	
691395	0	0	0	0	0	0	0	111	0	0	0	0	
692146	0	0	0	0	0	0	0	99	0	0	0	0	
692894	0	0	0	0	0	0	0	105	0	0	0	0	
693646	0	0	0	0	0	0	0	109	0	0	0	0	
694394	0	0	0	0	0	0	0	113	0	0	0	0	
695141	0	0	0	0	0	0	0	111	0	0	0	0	
695892	0	0	0	0	0	0	0	119	0	0	0	0	
696641	0	0	0	0	0	0	0	113	0	0	0	0	
697396	0	0	0	0	0	0	0	135	0	0	0	0	
698144	0	0	0	0	0	0	0	127	0	0	0	0	
698893	0	0	0	0	0	0	0	101	0	0	0	0	
699640	0	0	0	0	0	0	0	97	0	0	0	0	
700390	0	0	0	0	0	0	0	123	0	0	0	0	
701142	0	0	0	0	0	0	0	119	0	0	0	0	
701886	0	0	0	0	0	0	0	137	0	0	0	0	
702640	0	0	0	0	0	0	0	119	0	0	0	0	
703392	0	0	0	0	0	0	0	109	0	0	0	0	
704140	0	0	0	0	0	0	0	137	0	0	0	0	
704887	0	0	0	0	0	0	0	125	0	0	0	0	
705636	0	0	0	0	0	0	0	113	0	0	0	0	
706386	0	0	0	0	0	0	131	0	0	0	0	0	
707138	0	0	0	0	0	0	153	0	0	0	0	0	
707889	0	0	0	0	0	0	121	0	0	0	0	0	
708638	0	0	0	0	0	0	159	0	0	0	0	0	
709387	0	0	0	0	0	0	133	0	0	0	0	0	
710138	0	0	0	0	0	0	127	0	0	0	0	0	
710891	0	0	0	0	0	0	133	0	0	0	0	0	
711641	0	0	0	0	0	0	139	0	0	0	0	0	
712393	0	0	0	0	0	0	133	0	0	0	0	0	
713139	0	0	0	0	0	0	147	0	0	0	0	0	
713891	0	0	0	0	0	0	141	0	0	0	0	0	
714640	0	0	0	0	0	0	141	0	0	0	0	0	
715388	0	0	0	0	0	0	155	0	0	0	0	0	
716138	0	0	0	0	0	0	141	0	0	0	0	0	
716889	0	0	0	0	0	0	151	0	0	0	0	0	
717636	0	0	0	0	0	0	139	0	0	0	0	0	
718385	0	0	0	0	0	0	147	0	0	0	0	0	
719133	0	0	0	0	0	153	0	0	0	0	0	0	
719881	0	0	0	0	0	181	0	0	0	0	0	0	
720630	0	0	0	0	0	175	0	0	0	0	0	0	
721380	0	0	0	0	0	165	0	0	0	0	0	0	
722132	0	0	0	0	0	161	0	0	0	0	0	0	
722886	0	0	0	0	0	171	0	0	0	0	0	0	
723635	0	0	0	0	0	183	0	0	0	0	0	0	
724390	0	0	0	0	0	191	0	0	0	0	0	0	
725138	0	0	0	0	0	155	0	0	0	0	0	0	
725886	0	0	0	0	0	165	0	0	0	0	0	0	
726635	0	0	0	0	0	189	0	0	0	0	0	0	
727385	0	0	0	0	0	161	0	0	0	0	0	0	
728133	0	0	0	0	0	177	0	0	0	0	0	0	
728886	0	0	0	0	0	185	0	0	0	0	0	0	
729631	0	0	0	0	0	169	0	0	0	0	0	0	
730380	0	0	0	0	0	191	0	0	0	0	0	0	
731126	0	0	0	0	83	116	0	0	0	0	0	0	
731874	0	0	0	0	189	0	0	0	0	0	0	0	
732624	0	0	0	0	201	0	0	0	0	0	0	0	
733373	0	0	0	0	225	0	0	0	0	0	0	0	
734123	0	0	0	0	209	0	0	0	0	0	0	0	
734873	0	0	0	0	227	0	0	0	0	0	0	0	
735621	0	0	0	0	209	0	0	0	0	0	0	0	
736368	0	0	0	0	99	94	0	0	0	0	0	0	
737118	0	0	0	0	233	0	0	0	0	0	0	0	
737867	0	0	0	0	0	191	0	0	0	0	0	0	
738617	0	0	0	0	0	169	0	0	0	0	0	0	
739366	0	0	0	0	0	171	0	0	0	0	0	0	
740118	0	0	0	0	0	189	0	0	0	0	0	0	
740866	0	0	0	0	0	177	0	0	0	0	0	0	
741617	0	0	0	0	0	195	0	0	0	0	0	0	
742365	0	0	0	0	0	183	0	0	0	0	0	0	
743115	0	0	0	0	0	177	0	0	0	0	0	0	
743868	0	0	0	0	0	191	0	0	0	0	0	0	
744615	0	0	0	0	0	157	0	0	0	0	0	0	
745361	0	0	0	0	0	177	0	0	0	0	0	0	
746110	0	0	0	0	0	181	0	0	0	0	0	0	
746856	0	0	0	0	10	183	0	0	0	0	0	0	
747601	0	0	0	0	0	175	0	0	0	0	0	0	
748352	0	0	0	0	0	191	0	0	0	0	0	0	
749099	0	0	0	0	0	181	0	0	0	0	0	0	
749851	0	0	0	0	2	167	0	0	0	0	0	0	
750602	0	0	0	0	0	183	0	0	0	0	0	0	
751353	0	0	0	0	0	155	0	0	0	0	0	0	
752101	0	0	0	0	0	169	0	0	0	0	0	0	
752851	0	0	0	0	0	153	0	0	0	0	0	0	
753603	0	0	0	0	0	165	0	0	0	0	0	0	
754353	0	0	0	0	0	181	0	0	0	0	0	0	
755101	0	0	0	0	0	151	0	0	0	0	0	0	
755857	0	0	0	0	0	163	0	0	0	0	0	0	
756611	0	0	0	0	0	181	0	0	0	0	0	0	
757357	0	0	0	0	0	175	0	0	0	0	0	0	
758105	0	0	0	0	0	158	1	0	0	0	0	0	
758854	0	0	0	0	0	167	0	0	0	0	0	0	
759601	0	0	0	0	0	183	0	0	0	0	0	0	
760353	0	0	0	0	0	169	0	0	0	0	0	0	
761103	0	0	0	0	0	175	0	0	0	0	0	0	
761854	0	0	0	0	0	181	0	0	0	0	0	0	
762605	0	0	0	0	0	159	0	0	0	0	0	0	
763353	0	0	0	0	0	157	0	0	0	0	0	0	
764106	0	0	0	0	0	183	0	0	0	0	0	0	
764855	0	0	0	0	0	169	0	0	0	0	0	0	
765606	0	0	0	0	0	163	0	0	0	0	0	0	
766356	0	0	0	0	0	163	0	0	0	0	0	0	
767104	0	0	0	0	0	157	0	0	0	0	0	0	
767852	0	0	0	0	0	185	0	0	0	0	0	0	
768602	0	0	0	0	0	173	0	0	0	0	0	0	
769357	0	0	0	0	0	167	0	0	0	0	0	0	
770108	0	0	0	0	0	179	0	0	0	0	0	0	
770860	0	0	0	0	0	185	0	0	0	0	0	0	
771611	0	0	0	0	0	171	0	0	0	0	0	0	
772360	0	0	0	0	0	161	0	0	0	0	0	0	
773109	0	0	0	0	0	151	0	0	0	0	0	0	
773857	0	0	0	0	0	131	28	0	0	0	0	0	
774608	0	0	0	0	0	0	163	0	0	0	0	0	
775359	0	0	0	0	0	0	153	0	0	0	0	0	
776110	0	0	0	0	0	0	143	0	0	0	0	0	
776858	0	0	0	0	0	0	145	0	0	0	0	0	
777607	0	0	0	0	0	0	139	0	0	0	0	0	
778359	0	0	0	0	0	0	155	0	0	0	0	0	
779110	0	0	0	0	0	0	131	0	0	0	0	0	
779860	0	0	0	0	0	0	153	0	0	0	0	0	
780612	0	0	0	0	0	0	151	0	0	0	0	0	
781361	0	0	0	0	0	0	0	111	0	0	0	0	
782110	0	0	0	0	0	0	0	117	0	0	0	0	
782861	0	0	0	0	0	0	0	113	0	0	0	0	
783608	0	0	0	0	0	0	0	95	0	0	0	0	
784358	0	0	0	0	0	0	0	121	0	0	0	0	
785108	0	0	0	0	0	0	0	135	0	0	0	0	
785858	0	0	0	0	0	0	0	101	0	0	0	0	
786609	0	0	0	0	0	0	0	115	0	0	0	0	
787358	0	0	0	0	0	0	0	109	0	0	0	0	
788106	0	0	0	0	0	0	0	97	0	0	0	0	
788854	0	0	0	0	0	0	0	121	0	0	0	0	
789605	0	0	0	0	0	0	0	115	0	0	0	0	
790356	0	0	0	0	0	0	0	101	0	0	0	0	
791107	0	0	0	0	0	0	0	131	0	0	0	0	
791859	0	0	0	0	0	0	0	119	0	0	0	0	
792613	0	0	0	0	0	0	0	139	0	0	0	0	
793363	0	0	0	0	0	0	0	101	0	0	0	0	
794114	0	0	0	0	0	0	0	107	0	0	0	0	
794864	0	0	0	0	0	0	0	129	0	0	0	0	
795616	0	0	0	0	0	0	0	105	0	0	0	0	
796366	0	0	0	0	0	0	1	124	0	0	0	0	
797118	0	0	0	0	0	0	0	101	0	0	0	0	
797870	0	0	0	0	0	0	0	127	0	0	0	0	
798617	0	0	0	0	0	0	0	119	0	0	0	0	
799365	0	0	0	0	0	0	0	107	0	0	0	0	
800113	0	0	0	0	0	0	0	137	0	0	0	0	
800865	0	0	0	0	0	0	0	133	0	0	0	0	
801614	0	0	0	0	0	0	0	107	0	0	0	0	
802363	0	0	0	0	0	0	0	137	0	0	0	0	
803111	0	0	0	0	0	0	0	129	0	0	0	0	
803865	0	0	0	0	0	0	0	125	0	0	0	0	
804613	0	0	0	0	0	0	0	111	0	0	0	0	
805365	0	0	0	0	0	0	0	105	0	0	0	0	
806113	0	0	0	0	0	0	0	119	0	0	0	0	
806862	0	0	0	0	0	0	0	109	0	0	0	0	
807610	0	0	0	0	0	0	0	109	0	0	0	0	
808361	0	0	0	0	0	0	0	131	0	0	0	0	
809112	0	0	0	0	0	0	0	117	0	0	0	0	
809861	0	0	0	0	0	0	0	133	0	0	0	0	
810613	0	0	0	0	0	0	0	95	0	0	0	0	
811364	0	0	0	0	0	0	0	103	0	0	0	0	
812114	0	0	0	0	0	0	0	127	0	0	0	0	
812864	0	0	0	0	0	0	0	129	0	0	0	0	
813613	0	0	0	0	0	0	0	107	0	0	0	0	
814364	0	0	0	0	0	0	0	123	0	0	0	0	
815113	0	0	0	0	0	0	0	115	0	0	0	0	
815866	0	0	0	0	0	0	0	103	0	0	0	0	
816616	0	0	0	0	0	0	0	119	0	0	0	0	
817371	0	0	0	0	0	0	0	119	0	0	0	0	
818124	0	0	0	0	0	0	0	111	0	0	0	0	
818874	0	0	0	0	0	0	0	127	0	0	0	0	
819628	0	0	0	0	0	0	0	103	0	0	0	0	
820380	0	0	0	0	0	0	0	115	0	0	0	0	
821131	0	0	0	0	0	0	0	119	0	0	0	0	
821884	0	0	0	0	0	0	0	109	0	0	0	0	
822631	0	0	0	0	0	0	0	0	101	0	0	0	
823374	0	0	0	0	0	0	0	0	101	0	0	0	
824121	0	0	0	0	0	0	0	0	87	0	0	0	
824868	0	0	0	0	0	0	0	0	85	0	0	0	
825620	0	0	0	0	0	0	0	0	85	0	0	0	
826375	0	0	0	0	0	0	0	0	89	0	0	0	
827124	0	0	0	0	0	0	0	0	87	0	0	0	
827871	0	0	0	0	0	0	0	0	95	0	0	0	
828623	0	0	0	0	0	0	0	0	83	0	0	0	
829373	0	0	0	0	0	0	0	0	101	0	0	0	
830124	0	0	0	0	0	0	0	0	99	0	0	0	
830876	0	0	0	0	0	0	0	0	71	0	0	0	
831628	0	0	0	0	0	0	0	0	123	0	0	0	
832378	0	0	0	0	0	0	0	0	99	0	0	0	
833129	0	0	0	0	0	0	0	0	81	0	0	0	
833877	0	0	0	0	0	0	0	0	95	0	0	0	
834627	0	0	0	0	0	0	0	0	105	0	0	0	
835378	0	0	0	0	0	0	0	0	95	0	0	0	
836129	0	0	0	0	0	0	0	0	77	0	0	0	
836880	0	0	0	0	0	0	0	0	101	0	0	0	
837630	0	0	0	0	0	0	0	0	81	0	0	0	
838380	0	0	0	0	0	0	0	0	105	0	0	0	
839129	0	0	0	0	0	0	0	0	111	0	0	0	
839882	0	0	0	0	0	0	0	0	89	0	0	0	
840633	0	0	0	0	0	0	0	0	105	0	0	0	
841382	0	0	0	0	0	0	0	0	113	0	0	0	
842131	0	0	0	0	0	0	0	0	0	75	0	0	
842878	0	0	0	0	0	0	0	0	0	75	0	0	
843630	0	0	0	0	0	0	0	0	0	83	0	0	
844381	0	0	0	0	0	0	0	0	0	69	0	0	
845129	0	0	0	0	0	0	0	0	0	75	0	0	
845879	0	0	0	0	0	0	0	0	0	85	0	0	
846629	0	0	0	0	0	0	0	0	0	73	0	0	
847376	0	0	0	0	0	0	0	0	0	69	0	0	
848126	0	0	0	0	0	0	0	0	0	77	0	0	
848876	0	0	0	0	0	0	0	0	0	73	0	0	
849623	0	0	0	0	0	0	0	0	0	63	0	0	
850374	0	0	0	0	0	0	0	0	0	57	0	0	
851123	0	0	0	0	0	0	0	0	0	81	0	0	
851871	0	0	0	0	0	0	0	0	0	69	0	0	
852624	0	0	0	0	0	0	0	0	0	81	0	0	
853375	0	0	0	0	0	0	0	0	0	75	0	0	
854123	0	0	0	0	0	0	0	0	0	73	0	0	
854872	0	0	0	0	0	0	0	0	0	73	0	0	
855620	0	0	0	0	0	0	0	0	0	73	0	0	
856370	0	0	0	0	0	0	0	0	0	79	0	0	
857117	0	0	0	0	0	0	0	0	0	71	0	0	
857868	0	0	0	0	0	0	0	0	0	89	0	0	
858620	0	0	0	0	0	0	0	0	0	65	0	0	
859369	0	0	0	0	0	0	0	0	0	65	0	0	
860120	0	0	0	0	0	0	0	0	0	77	0	0	
860869	0	0	0	0	0	0	0	0	0	89	0	0	
861617	0	0	0	0	0	0	0	0	103	0	0	0	
862368	0	0	0	0	0	0	0	0	89	0	0	0	
863117	0	0	0	0	0	0	0	0	89	0	0	0	
863867	0	0	0	0	0	0	0	0	89	0	0	0	
864618	0	0	0	0	0	0	0	133	0	0	0	0	
865371	0	0	0	0	0	0	0	111	0	0	0	0	
866123	0	0	0	0	0	0	0	131	0	0	0	0	
866872	0	0	0	0	0	0	0	119	0	0	0	0	
867620	0	0	0	0	0	0	0	109	0	0	0	0	
868372	0	0	0	0	0	0	0	119	0	0	0	0	
869120	0	0	0	0	0	0	0	101	0	0	0	0	
869869	0	0	0	0	0	0	0	113	0	0	0	0	
870620	0	0	0	0	0	0	0	115	0	0	0	0	
871370	0	0	0	0	0	0	0	129	0	0	0	0	
872119	0	0	0	0	0	0	0	127	0	0	0	0	
872868	0	0	0	0	0	0	0	113	0	0	0	0	
873619	0	0	0	0	0	0	0	113	0	0	0	0	
874370	0	0	0	0	0	0	0	93	0	0	0	0	
875122	0	0	0	0	0	0	0	121	0	0	0	0	
875872	0	0	0	0	0	0	0	117	0	0	0	0	
876627	0	0	0	0	0	0	0	111	0	0	0	0	
877379	0	0	0	0	0	0	0	125	0	0	0	0	
878128	0	0	0	0	0	0	0	113	0	0	0	0	
878881	0	0	0	0	0	0	0	125	0	0	0	0	
879631	0	0	0	0	0	0	0	125	0	0	0	0	
880381	0	0	0	0	0	0	0	115	0	0	0	0	
881130	0	0	0	0	0	0	0	103	0	0	0	0	
881880	0	0	0	0	0	0	0	121	0	0	0	0	
882628	0	0	0	0	0	0	0	117	0	0	0	0	
883381	0	0	0	0	0	0	0	111	0	0	0	0	
884132	0	0	0	0	0	0	0	127	0	0	0	0	
884879	0	0	0	0	0	0	0	105	0	0	0	0	
885631	0	0	0	0	0	0	0	113	0	0	0	0	
886380	0	0	0	0	0	0	0	111	0	0	0	0	
887132	0	0	0	0	0	0	0	111	0	0	0	0	
887883	0	0	0	0	0	0	0	121	0	0	0	0	
888634	0	0	0	0	0	0	0	113	0	0	0	0	
889380	0	0	0	0	0	0	0	121	0	0	0	0	
890130	0	0	0	0	0	0	0	113	0	0	0	0	
890875	0	0	0	0	0	0	0	125	0	0	0	0	
891627	0	0	0	0	0	0	0	119	0	0	0	0	
892379	0	0	0	0	0	0	0	127	0	0	0	0	
893129	0	0	0	0	0	0	0	97	0	0	0	0	
893876	0	0	0	0	0	0	0	127	0	0	0	0	
894624	0	0	0	0	0	0	0	103	0	0	0	0	
895377	0	0	0	0	0	0	0	107	0	0	0	0	
896129	0	0	0	0	0	0	0	99	0	0	0	0	
896881	0	0	0	0	0	0	0	107	0	0	0	0	
897633	0	0	0	0	0	0	0	133	0	0	0	0	
898382	0	0	0	0	0	0	0	115	0	0	0	0	
899131	0	0	0	0	0	0	0	105	0	0	0	0	
899884	0	0	0	0	0	0	0	131	0	0	0	0	
900634	0	0	0	0	0	0	0	119	0	0	0	0	
901383	0	0	0	0	0	0	0	129	0	0	0	0	
902131	0	0	0	0	0	0	0	117	0	0	0	0	
902880	0	0	0	0	0	0	0	109	0	0	0	0	
903628	0	0	0	0	0	0	0	121	0	0	0	0	
904376	0	0	0	0	0	0	0	113	0	0	0	0	
905127	0	0	0	0	0	0	0	129	0	0	0	0	
905875	0	0	0	0	0	0	0	121	0	0	0	0	
906623	0	0	0	0	0	0	0	113	0	0	0	0	
907375	0	0	0	0	0	0	0	107	0	0	0	0	
908126	0	0	0	0	0	0	0	112	1	0	0	0	
908876	0	0	0	0	0	0	0	123	0	0	0	0	
909626	0	0	0	0	0	0	0	107	0	0	0	0	
910376	0	0	0	0	0	0	0	109	0	0	0	0	
911128	0	0	0	0	0	0	0	113	0	0	0	0	
911880	0	0	0	0	0	0	0	121	0	0	0	0	
912630	0	0	0	0	0	0	0	115	0	0	0	0	
913376	0	0	0	0	0	0	0	125	0	0	0	0	
914126	0	0	0	0	0	0	0	109	0	0	0	0	
914880	0	0	0	0	0	0	0	0	103	0	0	0	
915630	0	0	0	0	0	0	0	0	95	0	0	0	
916378	0	0	0	0	0	0	0	0	81	0	0	0	
917131	0	0	0	0	0	0	0	0	99	0	0	0	
917881	0	0	0	0	0	0	0	0	97	0	0	0	
918635	0	0	0	0	0	0	0	0	97	0	0	0	
919386	0	0	0	0	0	0	0	0	103	0	0	0	
920137	0	0	0	0	0	0	0	0	95	0	0	0	
920890	0	0	0	0	0	0	0	0	71	0	0	0	
921639	0	0	0	0	0	0	0	0	91	0	0	0	
922390	0	0	0	0	0	0	0	0	97	0	0	0	
923143	0	0	0	0	0	0	0	0	56	45	0	0	
923893	0	0	0	0	0	0	0	0	103	0	0	0	
924647	0	0	0	0	0	0	0	0	83	0	0	0	
925394	0	0	0	0	0	0	0	0	93	0	0	0	
926142	0	0	0	0	0	0	0	0	81	0	0	0	
926892	0	0	0	0	0	0	0	0	83	0	0	0	
927642	0	0	0	0	0	0	0	0	89	0	0	0	
928393	0	0	0	0	0	0	0	0	83	0	0	0	
929146	0	0	0	0	0	0	0	0	97	0	0	0	
929897	0	0	0	0	0	0	0	0	101	0	0	0	
930647	0	0	0	0	0	0	0	0	91	0	0	0	
931397	0	0	0	0	0	0	0	0	99	0	0	0	
932147	0	0	0	0	0	0	0	0	95	0	0	0	
932890	0	0	0	0	0	0	0	0	107	0	0	0	
933638	0	0	0	0	0	0	0	0	89	0	0	0	
934387	0	0	0	0	0	0	0	0	81	0	0	0	
935137	0	0	0	0	0	0	0	0	89	0	0	0	
935886	0	0	0	0	0	0	0	0	89	0	0	0	
936634	0	0	0	0	0	0	0	0	93	0	0	0	
937382	0	0	0	0	0	0	0	0	93	0	0	0	
938131	0	0	0	0	0	0	0	0	95	0	0	0	
938882	0	0	0	0	0	0	0	0	95	0	0	0	
939631	0	0	0	0	0	0	0	0	101	0	0	0	
940379	0	0	0	0	0	0	0	0	93	0	0	0	
941127	0	0	0	0	0	0	0	0	107	0	0	0	
941876	0	0	0	0	0	0	0	0	109	0	0	0	
942628	0	0	0	0	0	0	0	0	81	0	0	0	
943377	0	0	0	0	0	0	0	0	105	0	0	0	
944125	0	0	0	0	0	0	0	0	81	0	0	0	
944878	0	0	0	0	0	0	0	0	83	0	0	0	
945623	0	0	0	0	0	0	0	0	97	0	0	0	
946373	0	0	0	0	0	0	0	0	103	0	0	0	
947124	0	0	0	0	0	0	0	0	101	0	0	0	
947877	0	0	0	0	0	0	0	0	83	0	0	0	
948627	0	0	0	0	0	0	0	0	99	0	0	0	
949377	0	0	0	0	0	0	0	0	104	3	0	0	
950127	0	0	0	0	0	0	0	0	87	0	0	0	
950875	0	0	0	0	0	0	0	0	99	0	0	0	
951629	0	0	0	0	0	0	0	0	105	0	0	0	
952378	0	0	0	0	0	0	0	0	87	0	0	0	
953128	0	0	0	0	0	0	0	0	109	0	0	0	
953876	0	0	0	0	0	0	0	0	99	0	0	0	
954627	0	0	0	0	0	0	0	0	101	0	0	0	
955378	0	0	0	0	0	0	0	0	97	0	0	0	
956127	0	0	0	0	0	0	0	0	89	0	0	0	
956878	0	0	0	0	0	0	0	0	103	0	0	0	
957625	0	0	0	0	0	0	0	0	81	0	0	0	
958376	0	0	0	0	0	0	0	1	90	0	0	0	
959126	0	0	0	0	0	0	0	0	119	0	0	0	
959873	0	0	0	0	0	0	0	0	87	0	0	0	
960622	0	0	0	0	0	0	0	0	85	0	0	0	
961373	0	0	0	0	0	0	0	0	83	0	0	0	
962120	0	0	0	0	0	0	0	0	101	0	0	0	
962875	0	0	0	0	0	0	0	0	111	0	0	0	
963623	0	0	0	0	0	0	0	0	103	0	0	0	
964371	0	0	0	0	0	0	0	0	73	0	0	0	
965122	0	0	0	0	0	0	0	0	89	0	0	0	
965873	0	0	0	0	0	0	0	0	93	0	0	0	
966625	0	0	0	0	0	0	0	0	95	0	0	0	
967375	0	0	0	0	0	0	0	0	101	0	0	0	
968125	0	0	0	0	0	0	0	0	97	0	0	0	
968874	0	0	0	0	0	0	0	0	81	0	0	0	
969623	0	0	0	0	0	0	0	0	87	0	0	0	
970375	0	0	0	0	0	0	0	0	93	0	0	0	
971126	0	0	0	0	0	0	0	0	85	0	0	0	
971874	0	0	0	0	0	0	0	0	85	0	0	0	
972626	0	0	0	0	0	0	0	0	97	0	0	0	
973381	0	0	0	0	0	0	0	0	87	0	0	0	
974129	0	0	0	0	0	0	0	0	83	0	0	0	
974880	0	0	0	0	0	0	0	0	87	0	0	0	
975629	0	0	0	0	0	0	0	133	0	0	0	0	
976380	0	0	0	0	0	0	0	125	0	0	0	0	
977133	0	0	0	0	0	0	0	115	0	0	0	0	
977879	0	0	0	0	0	0	0	109	0	0	0	0	
978627	0	0	0	0	0	0	0	111	0	0	0	0	
979376	0	0	0	0	0	0	0	109	0	0	0	0	
980126	0	0	0	0	0	0	0	115	0	0	0	0	
980875	0	0	0	0	0	0	0	111	0	0	0	0	
981625	0	0	0	0	0	0	0	107	0	0	0	0	
982375	0	0	0	0	0	0	0	113	0	0	0	0	
983125	0	0	0	0	0	0	0	119	0	0	0	0	
983875	0	0	0	0	0	0	0	111	0	0	0	0	
984627	0	0	0	0	0	0	0	127	0	0	0	0	
985378	0	0	0	0	0	0	0	121	0	0	0	0	
986127	0	0	0	0	0	0	0	111	0	0	0	0	
986877	0	0	0	0	0	0	0	111	0	0	0	0	
987626	0	0	0	0	0	0	0	117	0	0	0	0	
988375	0	0	0	0	0	0	0	123	0	0	0	0	
989123	0	0	0	0	0	0	0	127	0	0	0	0	
989874	0	0	0	0	0	0	0	125	0	0	0	0	
990625	0	0	0	0	0	0	0	121	0	0	0	0	
991376	0	0	0	0	0	0	0	113	0	0	0	0	
992127	0	0	0	0	0	0	0	109	0	0	0	0	
992880	0	0	0	0	0	0	0	111	0	0	0	0	
993631	0	0	0	0	0	0	0	127	0	0	0	0	
994381	0	0	0	0	0	0	0	123	0	0	0	0	
995132	0	0	0	0	0	0	0	117	0	0	0	0	
995878	0	0	0	0	0	0	0	95	0	0	0	0	
996627	0	0	0	0	0	0	0	113	0	0	0	0	
997379	0	0	0	0	0	0	0	143	0	0	0	0	
998129	0	0	0	0	0	0	0	125	0	0	0	0	
998880	0	0	0	0	0	0	0	123	0	0	0	0	
999632	0	0	0	0	0	0	0	121	0	0	0	0	
1.00038e+06	0	0	0	0	0	0	0	105	0	0	0	0	
1.00113e+06	0	0	0	0	0	0	0	101	0	0	0	0	
1.00188e+06	0	0	0	0	0	0	0	115	0	0	0	0	
1.00263e+06	0	0	0	0	0	0	0	121	0	0	0	0	
1.00338e+06	0	0	0	0	0	0	0	115	0	0	0	0	
1.00413e+06	0	0	0	0	0	0	0	119	0	0	0	0	
1.00488e+06	0	0	0	0	0	0	0	95	0	0	0	0	
1.00563e+06	0	0	0	0	0	0	0	99	0	0	0	0	
1.00639e+06	0	0	0	0	0	0	0	97	0	0	0	0	
1.00713e+06	0	0	0	0	0	0	0	125	0	0	0	0	
1.00789e+06	0	0	0	0	0	0	0	115	0	0	0	0	
1.00864e+06	0	0	0	0	0	0	0	109	0	0	0	0	
1.00938e+06	0	0	0	0	0	0	0	109	0	0	0	0	
1.01013e+06	0	0	0	0	0	0	0	121	0	0	0	0	
1.01088e+06	0	0	0	0	0	0	0	121	0	0	0	0	
1.01163e+06	0	0	0	0	0	0	0	113	0	0	0	0	
1.01238e+06	0	0	0	0	0	0	0	123	0	0	0	0	
1.01313e+06	0	0	0	0	0	0	0	121	0	0	0	0	
1.01388e+06	0	0	0	0	0	0	0	117	0	0	0	0	
1.01464e+06	0	0	0	0	0	0	0	107	0	0	0	0	
1.01538e+06	0	0	0	0	0	0	0	113	0	0	0	0	
1.01613e+06	0	0	0	0	0	0	0	119	0	0	0	0	
1.01688e+06	0	0	0	0	0	0	0	109	0	0	0	0	
1.01763e+06	0	0	0	0	0	0	0	107	0	0	0	0	
1.01838e+06	0	0	0	0	0	0	0	103	0	0	0	0	
1.01913e+06	0	0	0	0	0	0	0	129	0	0	0	0	
1.01987e+06	0	0	0	0	0	0	0	115	0	0	0	0	
1.02062e+06	0	0	0	0	0	0	0	0	91	0	0	0	
1.02138e+06	0	0	0	0	0	0	0	0	101	0	0	0	
1.02212e+06	0	0	0	0	0	0	0	0	97	0	0	0	
1.02287e+06	0	0	0	0	0	0	0	0	79	0	0	0	
1.02362e+06	0	0	0	0	0	0	0	0	91	0	0	0	
1.02437e+06	0	0	0	0	0	0	0	0	95	0	0	0	
1.02512e+06	0	0	0	0	0	0	0	0	93	0	0	0	
1.02587e+06	0	0	0	0	0	0	0	0	107	0	0	0	
1.02662e+06	0	0	0	0	0	0	0	0	87	0	0	0	
1.02737e+06	0	0	0	0	0	0	0	0	91	0	0	0	
1.02812e+06	0	0	0	0	0	0	0	0	105	0	0	0	
1.02887e+06	0	0	0	0	0	0	0	0	97	0	0	0	
1.02962e+06	0	0	0	0	0	0	0	121	0	0	0	0	
1.03037e+06	0	0	0	0	0	0	0	103	0	0	0	0	
1.03112e+06	0	0	0	0	0	0	12	105	0	0	0	0	
1.03187e+06	0	0	0	0	0	0	0	107	0	0	0	0	
1.03261e+06	0	0	0	0	0	0	0	131	0	0	0	0	
1.03336e+06	0	0	0	0	0	0	0	115	0	0	0	0	
1.03411e+06	0	0	0	0	0	0	0	117	0	0	0	0	
1.03487e+06	0	0	0	0	0	0	0	127	0	0	0	0	
1.03562e+06	0	0	0	0	0	0	0	135	0	0	0	0	
1.03637e+06	0	0	0	0	0	0	0	125	0	0	0	0	
1.03712e+06	0	0	0	0	0	0	0	123	0	0	0	0	
1.03787e+06	0	0	0	0	0	0	0	109	0	0	0	0	
1.03862e+06	0	0	0	0	0	0	0	121	0	0	0	0	
1.03937e+06	0	0	0	0	0	0	0	97	10	0	0	0	
1.04012e+06	0	0	0	0	0	0	0	115	0	0	0	0	
1.04087e+06	0	0	0	0	0	0	0	129	0	0	0	0	
1.04162e+06	0	0	0	0	0	0	0	123	0	0	0	0	
1.04237e+06	0	0	0	0	0	0	0	125	0	0	0	0	
1.04312e+06	0	0	0	0	0	0	0	123	0	0	0	0	
1.04387e+06	0	0	0	0	0	0	0	117	0	0	0	0	
1.04462e+06	0	0	0	0	0	0	0	131	0	0	0	0	
1.04538e+06	0	0	0	0	0	0	0	101	0	0	0	0	
1.04613e+06	0	0	0	0	0	0	0	133	0	0	0	0	
1.04688e+06	0	0	0	0	0	0	0	121	0	0	0	0	
1.04763e+06	0	0	0	0	0	0	0	101	0	0	0	0	
1.04838e+06	0	0	0	0	0	0	0	121	0	0	0	0	
1.04913e+06	0	0	0	0	0	0	0	99	0	0	0	0	
1.04988e+06	0	0	0	0	0	0	0	111	0	0	0	0	
1.05063e+06	0	0	0	0	0	0	0	107	0	0	0	0	
1.05138e+06	0	0	0	0	0	0	0	107	0	0	0	0	
1.05213e+06	0	0	0	0	0	0	0	115	0	0	0	0	
1.05288e+06	0	0	0	0	0	0	0	123	0	0	0	0	
1.05363e+06	0	0	0	0	0	0	0	119	0	0	0	0	
1.05438e+06	0	0	0	0	0	0	0	115	0	0	0	0	
1.05513e+06	0	0	0	0	0	0	0	109	0	0	0	0	
1.05589e+06	0	0	0	0	0	0	0	113	0	0	0	0	
1.05663e+06	0	0	0	0	0	0	0	121	0	0	0	0	
1.05738e+06	0	0	0	0	0	0	0	105	0	0	0	0	
1.05814e+06	0	0	0	0	0	0	0	119	0	0	0	0	
1.05888e+06	0	0	0	0	0	0	0	103	0	0	0	0	
1.05963e+06	0	0	0	0	0	0	0	127	0	0	0	0	
1.06039e+06	0	0	0	0	0	0	0	141	0	0	0	0	
1.06113e+06	0	0	0	0	0	0	2	113	0	0	0	0	
1.06188e+06	0	0	0	0	0	0	0	141	0	0	0	0	
1.06263e+06	0	0	0	0	0	0	0	129	0	0	0	0	
1.06338e+06	0	0	0	0	0	0	0	125	0	0	0	0	
1.06412e+06	0	0	0	0	0	0	0	121	0	0	0	0	
1.06487e+06	0	0	0	0	0	0	0	93	0	0	0	0	
1.06562e+06	0	0	0	0	0	0	0	121	0	0	0	0	
1.06637e+06	0	0	0	0	0	0	0	111	0	0	0	0	
1.06712e+06	0	0	0	0	0	0	0	123	0	0	0	0	
1.06787e+06	0	0	0	0	0	0	0	99	0	0	0	0	
1.06862e+06	0	0	0	0	0	0	0	0	105	0	0	0	
1.06937e+06	0	0	0	0	0	0	0	0	93	0	0	0	
1.07012e+06	0	0	0	0	0	0	0	0	85	0	0	0	
1.07086e+06	0	0	0	0	0	0	0	0	83	0	0	0	
1.07161e+06	0	0	0	0	0	0	0	0	81	0	0	0	
1.07236e+06	0	0	0	0	0	0	0	0	91	0	0	0	
1.07311e+06	0	0	0	0	0	0	0	0	79	0	0	0	
1.07386e+06	0	0	0	0	0	0	0	0	81	0	0	0	
1.07461e+06	0	0	0	0	0	0	0	0	97	0	0	0	
1.07536e+06	0	0	0	0	0	0	0	0	99	0	0	0	
1.07611e+06	0	0	0	0	0	0	0	0	103	0	0	0	
1.07686e+06	0	0	0	0	0	0	0	0	103	0	0	0	
1.07762e+06	0	0	0	0	0	0	0	0	0	73	0	0	
1.07836e+06	0	0	0	0	0	0	0	0	0	81	0	0	
1.07911e+06	0	0	0	0	0	0	0	0	0	73	0	0	
1.07986e+06	0	0	0	0	0	0	0	0	0	73	0	0	
1.08061e+06	0	0	0	0	0	0	0	0	2	77	0	0	
1.08136e+06	0	0	0	0	0	0	0	0	0	91	0	0	
1.08211e+06	0	0	0	0	0	0	0	0	0	65	0	0	
1.08286e+06	0	0	0	0	0	0	0	0	0	85	0	0	
1.08361e+06	0	0	0	0	0	0	0	0	0	81	0	0	
1.08436e+06	0	0	0	0	0	0	0	0	0	77	0	0	
1.08511e+06	0	0	0	0	0	0	0	0	0	83	0	0	
1.08586e+06	0	0	0	0	0	0	0	0	0	87	0	0	
1.08661e+06	0	0	0	0	0	0	0	0	0	69	0	0	
1.08736e+06	0	0	0	0	0	0	0	0	0	75	0	0	
1.08811e+06	0	0	0	0	0	0	0	0	0	69	0	0	
1.08886e+06	0	0	0	0	0	0	0	0	0	73	0	0	
1.08961e+06	0	0	0	0	0	0	0	0	0	69	0	0	
1.09036e+06	0	0	0	0	0	0	0	0	0	79	0	0	
1.09111e+06	0	0	0	0	0	0	0	0	0	67	0	0	
1.09186e+06	0	0	0	0	0	0	0	0	0	65	0	0	
1.09261e+06	0	0	0	0	0	0	0	0	0	67	0	0	
1.09336e+06	0	0	0	0	0	0	0	0	0	73	0	0	
1.09411e+06	0	0	0	0	0	0	0	0	0	81	0	0	
1.09486e+06	0	0	0	0	0	0	0	0	0	73	0	0	
1.09561e+06	0	0	0	0	0	0	0	0	0	85	0	0	
1.09636e+06	0	0	0	0	0	0	0	0	0	65	0	0	
1.09711e+06	0	0	0	0	0	0	0	0	0	75	0	0	
1.09786e+06	0	0	0	0	0	0	0	0	0	53	0	0	
1.09861e+06	0	0	0	0	0	0	0	0	0	69	0	0	
1.09936e+06	0	0	0	0	0	0	0	0	0	67	0	0	
1.10011e+06	0	0	0	0	0	0	0	0	0	73	0	0	
1.10086e+06	0	0	0	0	0	0	0	0	0	65	0	0	
1.10161e+06	0	0	0	0	0	0	0	0	0	77	0	0	
1.10236e+06	0	0	0	0	0	0	0	0	0	95	0	0	
1.10311e+06	0	0	0	0	0	0	0	0	0	77	0	0	
1.10386e+06	0	0	0	0	0	0	0	0	0	83	0	0	
1.10462e+06	0	0	0	0	0	0	0	0	0	83	0	0	
1.10536e+06	0	0	0	0	0	0	0	0	0	63	0	0	
1.10611e+06	0	0	0	0	0	0	0	0	0	67	0	0	
1.10686e+06	0	0	0	0	0	0	0	0	0	73	0	0	
1.10761e+06	0	0	0	0	0	0	0	0	0	73	0	0	
1.10836e+06	0	0	0	0	0	0	0	0	0	91	0	0	
1.10911e+06	0	0	0	0	0	0	0	0	0	81	0	0	
1.10986e+06	0	0	0	0	0	0	0	0	0	0	69	0	
1.11061e+06	0	0	0	0	0	0	0	0	0	0	67	0	
1.11136e+06	0	0	0	0	0	0	0	0	0	0	59	0	
1.11211e+06	0	0	0	0	0	0	0	0	0	0	57	0	
1.11287e+06	0	0	0	0	0	0	0	0	0	0	53	0	
1.11362e+06	0	0	0	0	0	0	0	0	0	0	65	0	
1.11437e+06	0	0	0	0	0	0	0	0	0	0	61	0	
1.11512e+06	0	0	0	0	0	0	0	0	0	0	71	0	
1.11587e+06	0	0	0	0	0	0	0	0	0	0	79	0	
1.11662e+06	0	0	0	0	0	0	0	0	0	0	79	0	
1.11737e+06	0	0	0	0	0	0	0	0	0	0	55	0	
1.11812e+06	0	0	0	0	0	0	0	0	0	0	69	0	
1.11887e+06	0	0	0	0	0	0	0	0	0	0	65	0	
1.11962e+06	0	0	0	0	0	0	0	0	0	0	59	0	
1.12037e+06	0	0	0	0	0	0	0	0	0	0	75	0	
1.12112e+06	0	0	0	0	0	0	0	0	0	0	53	0	
1.12187e+06	0	0	0	0	0	0	0	0	0	0	59	0	
1.12262e+06	0	0	0	0	0	0	0	0	0	0	73	0	
1.12337e+06	0	0	0	0	0	0	0	0	0	0	67	0	
1.12412e+06	0	0	0	0	0	0	0	0	0	0	67	0	
1.12487e+06	0	0	0	0	0	0	0	0	0	0	57	0	
1.12562e+06	0	0	0	0	0	0	0	0	0	0	59	0	
1.12637e+06	0	0	0	0	0	0	0	0	0	0	75	0	
1.12712e+06	0	0	0	0	0	0	0	0	0	0	0	39	
1.12787e+06	0	0	0	0	0	0	0	0	0	0	0	39	
1.12862e+06	0	0	0	0	0	0	0	0	0	0	0	39	
1.12937e+06	0	0	0	0	0	0	0	0	0	0	0	57	
1.13012e+06	0	0	0	0	0	0	0	0	0	0	0	55	
1.13087e+06	0	0	0	0	0	0	0	0	0	0	0	51	
1.13162e+06	0	0	0	0	0	0	0	0	0	0	0	47	
1.13237e+06	0	0	0	0	0	0	0	0	0	0	0	49	
1.13312e+06	0	0	0	0	0	0	0	0	0	0	0	49	
1.13387e+06	0	0	0	0	0	0	0	0	0	0	0	47	
1.13462e+06	0	0	0	0	0	0	0	0	0	0	0	59	
1.13537e+06	0	0	0	0	0	0	0	0	0	0	0	49	
1.13612e+06	0	0	0	0	0	0	0	0	0	0	0	59	
1.13687e+06	0	0	0	0	0	0	0	0	0	0	0	51	
1.13762e+06	0	0	0	0	0	0	0	0	0	0	0	47	
1.13837e+06	0	0	0	0	0	0	0	0	0	0	0	41	
1.13912e+06	0	0	0	0	0	0	0	0	0	0	0	41	
1.13987e+06	0	0	0	0	0	0	0	0	0	0	0	45	
1.14062e+06	0	0	0	0	0	0	0	0	0	0	57	0	
1.14137e+06	0	0	0	0	0	0	0	0	0	0	63	0	
1.14212e+06	0	0	0	0	0	0	0	0	0	0	61	0	
1.14287e+06	0	0	0	0	0	0	0	0	0	0	59	0	
1.14362e+06	0	0	0	0	0	0	0	0	0	0	67	0	
1.14437e+06	0	0	0	0	0	0	0	0	0	0	57	0	
1.14512e+06	0	0	0	0	0	0	0	0	0	0	61	0	
1.14587e+06	0	0	0	0	0	0	0	0	0	73	0	0	
1.14662e+06	0	0	0	0	0	0	0	0	0	73	0	0	
1.14737e+06	0	0	0	0	0	0	0	0	0	75	0	0	
1.14812e+06	0	0	0	0	0	0	0	0	0	75	0	0	
1.14887e+06	0	0	0	0	0	0	0	0	0	65	0	0	
1.14962e+06	0	0	0	0	0	0	0	0	0	81	0	0	
1.15037e+06	0	0	0	0	0	0	0	0	0	63	0	0	
1.15112e+06	0	0	0	0	0	0	0	0	0	73	0	0	
1.15187e+06	0	0	0	0	0	0	0	0	0	77	0	0	
1.15262e+06	0	0	0	0	0	0	0	0	0	87	0	0	
1.15337e+06	0	0	0	0	0	0	0	0	0	0	55	0	
1.15412e+06	0	0	0	0	0	0	0	0	0	0	65	0	
1.15487e+06	0	0	0	0	0	0	0	0	0	0	81	0	
1.15562e+06	0	0	0	0	0	0	0	0	0	0	59	0	
1.15637e+06	0	0	0	0	0	0	0	0	0	0	55	0	
1.15712e+06	0	0	0	0	0	0	0	0	0	0	59	0	
1.15788e+06	0	0	0	0	0	0	0	0	0	0	69	0	
1.15863e+06	0	0	0	0	0	0	0	0	0	0	59	0	
1.15938e+06	0	0	0	0	0	0	0	0	0	0	75	0	
1.16013e+06	0	0	0	0	0	0	0	0	0	0	55	0	
1.16088e+06	0	0	0	0	0	0	0	0	0	0	67	0	
1.16163e+06	0	0	0	0	0	0	0	0	0	0	77	0	
1.16238e+06	0	0	0	0	0	0	0	0	0	0	75	0	
1.16313e+06	0	0	0	0	0	0	0	0	0	0	71	0	
1.16388e+06	0	0	0	0	0	0	0	0	0	0	57	0	
1.16463e+06	0	0	0	0	0	0	0	0	0	77	0	0	
1.16538e+06	0	0	0	0	0	0	0	0	0	81	0	0	
1.16612e+06	0	0	0	0	0	0	0	0	0	61	0	0	
1.16688e+06	0	0	0	0	0	0	0	0	0	79	0	0	
1.16763e+06	0	0	0	0	0	0	0	0	0	87	0	0	
1.16838e+06	0	0	0	0	0	0	0	0	0	85	0	0	
1.16913e+06	0	0	0	0	0	0	0	0	0	77	0	0	
1.16987e+06	0	0	0	0	0	0	0	0	0	77	0	0	
1.17062e+06	0	0	0	0	0	0	0	0	0	75	0	0	
1.17137e+06	0	0	0	0	0	0	0	0	0	69	0	0	
1.17212e+06	0	0	0	0	0	0	0	0	0	87	0	0	
1.17287e+06	0	0	0	0	0	0	0	0	0	75	0	0	
1.17362e+06	0	0	0	0	0	0	0	0	0	0	65	0	
1.17437e+06	0	0	0	0	0	0	0	0	0	0	69	0	
1.17512e+06	0	0	0	0	0	0	0	0	0	0	61	0	
1.17587e+06	0	0	0	0	0	0	0	0	0	0	55	0	
1.17662e+06	0	0	0	0	0	0	0	0	0	0	75	0	
1.17737e+06	0	0	0	0	0	0	0	0	0	0	43	0	
1.17812e+06	0	0	0	0	0	0	0	0	0	0	73	0	
1.17887e+06	0	0	0	0	0	0	0	0	0	0	61	0	
1.17962e+06	0	0	0	0	0	0	0	0	0	0	65	0	
1.18037e+06	0	0	0	0	0	0	0	0	0	0	67	0	
1.18112e+06	0	0	0	0	0	0	0	0	0	0	65	0	
1.18187e+06	0	0	0	0	0	0	0	0	0	0	65	0	
1.18262e+06	0	0	0	0	0	0	0	0	0	0	61	0	
1.18337e+06	0	0	0	0	0	0	0	0	0	0	61	0	
1.18412e+06	0	0	0	0	0	0	0	0	0	0	49	0	
1.18487e+06	0	0	0	0	0	0	0	0	0	0	53	0	
1.18562e+06	0	0	0	0	0	0	0	0	0	0	71	0	
1.18637e+06	0	0	0	0	0	0	0	0	0	0	69	0	
1.18712e+06	0	0	0	0	0	0	0	0	0	0	61	0	
1.18787e+06	0	0	0	0	0	0	0	0	0	0	63	0	
1.18862e+06	0	0	0	0	0	0	0	0	0	0	59	0	
1.18937e+06	0	0	0	0	0	0	0	0	0	0	65	0	
1.19012e+06	0	0	0	0	0	0	0	0	0	0	51	0	
1.19087e+06	0	0	0	0	0	0	0	0	0	0	69	0	
1.19162e+06	0	0	0	0	0	0	0	0	0	0	63	0	
1.19237e+06	0	0	0	0	0	0	0	0	0	0	69	0	
1.19312e+06	0	0	0	0	0	0	0	0	0	0	67	0	
1.19387e+06	0	0	0	0	0	0	0	0	0	0	57	0	
1.19461e+06	0	0	0	0	0	0	0	0	0	0	67	0	
1.19537e+06	0	0	0	0	0	0	0	0	0	0	57	0	
1.19612e+06	0	0	0	0	0	0	0	0	0	0	55	0	
1.19687e+06	0	0	0	0	0	0	0	0	0	0	61	0	
1.19762e+06	0	0	0	0	0	0	0	0	0	0	61	0	
1.19837e+06	0	0	0	0	0	0	0	0	0	0	65	0	
1.19912e+06	0	0	0	0	0	0	0	0	0	0	59	0	
1.19987e+06	0	0	0	0	0	0	0	0	0	0	75	0	
1.20062e+06	0	0	0	0	0	0	0	0	0	0	49	0	
1.20137e+06	0	0	0	0	0	0	0	0	0	75	0	0	
1.20212e+06	0	0	0	0	0	0	0	0	0	67	0	0	
1.20288e+06	0	0	0	0	0	0	0	0	0	85	0	0	
1.20363e+06	0	0	0	0	0	0	0	0	0	81	0	0	
1.20438e+06	0	0	0	0	0	0	0	0	0	69	0	0	
1.20513e+06	0	0	0	0	0	0	0	0	0	71	0	0	
1.20588e+06	0	0	0	0	0	0	0	0	0	87	0	0	
1.20663e+06	0	0	0	0	0	0	0	0	0	75	0	0	
1.20738e+06	0	0	0	0	0	0	0	0	0	87	0	0	
1.20813e+06	0	0	0	0	0	0	0	0	0	77	0	0	
1.20888e+06	0	0	0	0	0	0	0	0	0	91	0	0	
1.20963e+06	0	0	0	0	0	0	0	0	0	73	0	0	
1.21038e+06	0	0	0	0	0	0	0	0	0	67	0	0	
1.21113e+06	0	0	0	0	0	0	0	0	0	79	0	0	
1.21188e+06	0	0	0	0	0	0	0	0	0	71	0	0	
1.21263e+06	0	0	0	0	0	0	0	0	0	71	0	0	
1.21338e+06	0	0	0	0	0	0	0	0	0	0	71	0	
1.21413e+06	0	0	0	0	0	0	0	0	0	0	75	0	
1.21488e+06	0	0	0	0	0	0	0	0	0	0	57	0	
1.21563e+06	0	0	0	0	0	0	0	0	0	0	57	0	
1.21638e+06	0	0	0	0	0	0	0	0	0	67	0	0	
1.21713e+06	0	0	0	0	0	0	0	0	0	69	0	0	
1.21788e+06	0	0	0	0	0	0	0	0	0	76	1	0	
1.21863e+06	0	0	0	0	0	0	0	0	0	63	0	0	
1.21937e+06	0	0	0	0	0	0	0	0	0	77	0	0	
1.22012e+06	0	0	0	0	0	0	0	0	0	85	0	0	
1.22087e+06	0	0	0	0	0	0	0	0	0	69	0	0	
1.22162e+06	0	0	0	0	0	0	0	0	0	71	0	0	
1.22237e+06	0	0	0	0	0	0	0	0	0	79	0	0	
1.22312e+06	0	0	0	0	0	0	0	0	0	91	0	0	
1.22387e+06	0	0	0	0	0	0	0	0	0	85	0	0	
1.22462e+06	0	0	0	0	0	0	0	0	0	79	0	0	
1.22537e+06	0	0	0	0	0	0	0	0	0	73	0	0	
1.22612e+06	0	0	0	0	0	0	0	0	0	85	0	0	
1.22687e+06	0	0	0	0	0	0	0	0	0	79	0	0	
1.22763e+06	0	0	0	0	0	0	0	0	0	77	0	0	
1.22838e+06	0	0	0	0	0	0	0	0	0	79	0	0	
1.22913e+06	0	0	0	0	0	0	0	0	0	71	0	0	
1.22988e+06	0	0	0	0	0	0	0	0	0	87	0	0	
1.23063e+06	0	0	0	0	0	0	0	0	0	65	0	0	
1.23138e+06	0	0	0	0	0	0	0	0	0	85	0	0	
1.23213e+06	0	0	0	0	0	0	0	0	0	63	0	0	
1.23288e+06	0	0	0	0	0	0	0	0	0	81	0	0	
1.23363e+06	0	0	0	0	0	0	0	0	0	65	0	0	
1.23438e+06	0	0	0	0	0	0	0	0	0	85	0	0	
1.23513e+06	0	0	0	0	0	0	0	0	85	0	0	0	
1.23588e+06	0	0	0	0	0	0	0	0	101	0	0	0	
1.23663e+06	0	0	0	0	0	0	0	0	91	0	0	0	
1.23738e+06	0	0	0	0	0	0	0	0	113	0	0	0	
1.23813e+06	0	0	0	0	0	0	0	0	89	0	0	0	
1.23888e+06	0	0	0	0	0	0	0	0	91	0	0	0	
1.23963e+06	0	0	0	0	0	0	0	0	113	0	0	0	
1.24038e+06	0	0	0	0	0	0	0	0	93	0	0	0	
1.24113e+06	0	0	0	0	0	0	0	0	103	0	0	0	
1.24188e+06	0	0	0	0	0	0	0	0	79	0	0	0	
1.24263e+06	0	0	0	0	0	0	0	0	91	0	0	0	
1.24338e+06	0	0	0	0	0	0	0	0	97	0	0	0	
1.24413e+06	0	0	0	0	0	0	0	0	93	0	0	0	
1.24488e+06	0	0	0	0	0	0	0	0	81	0	0	0	
1.24563e+06	0	0	0	0	0	0	0	0	91	0	0	0	
1.24638e+06	0	0	0	0	0	0	0	0	91	0	0	0	
1.24713e+06	0	0	0	0	0	0	0	0	89	0	0	0	
1.24788e+06	0	0	0	0	0	0	0	0	85	0	0	0	
1.24863e+06	0	0	0	0	0	0	0	0	109	0	0	0	
1.24938e+06	0	0	0	0	0	0	0	0	81	0	0	0	
1.25013e+06	0	0	0	0	0	0	0	0	89	0	0	0	
1.25088e+06	0	0	0	0	0	0	0	0	95	0	0	0	
1.25163e+06	0	0	0	0	0	0	0	0	83	0	0	0	
1.25238e+06	0	0	0	0	0	0	0	0	99	0	0	0	
1.25312e+06	0	0	0	0	0	0	0	0	83	0	0	0	
1.25387e+06	0	0	0	0	0	0	0	0	97	0	0	0	
1.25463e+06	0	0	0	0	0	0	0	0	117	0	0	0	
1.25538e+06	0	0	0	0	0	0	0	0	89	0	0	0	
1.25613e+06	0	0	0	0	0	0	0	0	97	0	0	0	
1.25688e+06	0	0	0	0	0	0	0	0	0	81	0	0	
1.25763e+06	0	0	0	0	0	0	0	0	0	67	0	0	
1.25838e+06	0	0	0	0	0	0	0	0	0	95	0	0	
1.25913e+06	0	0	0	0	0	0	0	0	0	75	0	0	
1.25987e+06	0	0	0	0	0	0	0	0	0	0	55	0	
1.26062e+06	0	0	0	0	0	0	0	0	0	0	61	0	
1.26137e+06	0	0	0	0	0	0	0	0	0	0	67	0	
1.26212e+06	0	0	0	0	0	0	0	0	0	0	61	0	
1.26287e+06	0	0	0	0	0	0	0	0	0	0	55	0	
1.26362e+06	0	0	0	0	0	0	0	0	0	0	73	0	
1.26437e+06	0	0	0	0	0	0	0	0	0	0	61	0	
1.26512e+06	0	0	0	0	0	0	0	0	0	0	45	0	
1.26587e+06	0	0	0	0	0	0	0	0	0	0	53	0	
1.26663e+06	0	0	0	0	0	0	0	0	0	0	67	0	
1.26738e+06	0	0	0	0	0	0	0	0	0	0	53	0	
1.26813e+06	0	0	0	0	0	0	0	0	0	0	57	0	
1.26888e+06	0	0	0	0	0	0	0	0	0	0	0	55	
1.26962e+06	0	0	0	0	0	0	0	0	0	0	0	49	
1.27038e+06	0	0	0	0	0	0	0	0	0	0	0	49	
1.27113e+06	0	0	0	0	0	0	0	0	0	0	0	47	
1.27188e+06	0	0	0	0	0	0	0	0	0	0	0	51	
1.27263e+06	0	0	0	0	0	0	0	0	0	0	0	45	
1.27338e+06	0	0	0	0	0	0	0	0	0	0	0	53	
1.27413e+06	0	0	0	0	0	0	0	0	0	0	55	0	
1.27488e+06	0	0	0	0	0	0	0	0	0	0	65	0	
1.27563e+06	0	0	0	0	0	0	0	0	0	0	57	0	
1.27638e+06	0	0	0	0	0	0	0	0	0	0	75	0	
1.27713e+06	0	0	0	0	0	0	0	0	0	0	55	0	
1.27788e+06	0	0	0	0	0	0	0	0	0	0	63	0	
1.27863e+06	0	0	0	0	0	0	0	0	0	0	61	0	
1.27938e+06	0	0	0	0	0	0	0	0	0	0	61	0	
1.28013e+06	0	0	0	0	0	0	0	0	0	0	69	0	
1.28088e+06	0	0	0	0	0	0	0	0	0	0	59	0	
1.28163e+06	0	0	0	0	0	0	0	0	0	0	75	0	
1.28239e+06	0	0	0	0	0	0	0	0	0	0	47	0	
1.28313e+06	0	0	0	0	0	0	0	0	0	0	61	0	
1.28389e+06	0	0	0	0	0	0	0	0	0	0	69	0	
1.28464e+06	0	0	0	0	0	0	0	0	0	0	77	0	
1.28539e+06	0	0	0	0	0	0	0	0	0	0	0	51	
1.28614e+06	0	0	0	0	0	0	0	0	0	0	0	43	
1.28689e+06	0	0	0	0	0	0	0	0	0	0	0	45	
1.28763e+06	0	0	0	0	0	0	0	0	0	0	0	43	
1.28839e+06	0	0	0	0	0	0	0	0	0	0	0	59	
1.28914e+06	0	0	0	0	0	0	0	0	0	0	0	47	
1.28989e+06	0	0	0	0	0	0	0	0	0	0	0	49	
1.29064e+06	0	0	0	0	0	0	0	0	0	0	0	41	
1.29139e+06	0	0	0	0	0	0	0	0	0	0	0	51	
1.29215e+06	0	0	0	0	0	0	0	0	0	0	0	55	
1.2929e+06	0	0	0	0	0	0	0	0	0	0	0	69	
1.29365e+06	0	0	0	0	0	0	0	0	0	0	0	47	
1.2944e+06	0	0	0	0	0	0	0	0	0	0	0	61	
1.29515e+06	0	0	0	0	0	0	0	0	0	0	0	45	
1.2959e+06	0	0	0	0	0	0	0	0	0	0	0	49	
1.29665e+06	0	0	0	0	0	0	0	0	0	0	0	49	
1.2974e+06	0	0	0	0	0	0	0	0	0	0	0	63	
1.29815e+06	0	0	0	0	0	0	0	0	0	0	0	47	
1.2989e+06	0	0	0	0	0	0	0	0	0	0	0	51	
1.29965e+06	0	0	0	0	0	0	0	0	0	0	0	57	
1.3004e+06	0	0	0	0	0	0	0	0	0	0	0	45	
1.30115e+06	0	0	0	0	0	0	0	0	0	0	0	55	
1.3019e+06	0	0	0	0	0	0	0	0	0	0	0	51	
1.30265e+06	0	0	0	0	0	0	0	0	0	0	0	45	
1.3034e+06	0	0	0	0	0	0	0	0	0	0	0	59	
1.30415e+06	0	0	0	0	0	0	0	0	0	0	0	49	
1.3049e+06	0	0	0	0	0	0	0	0	0	0	0	57	
1.30565e+06	0	0	0	0	0	0	0	0	0	0	0	49	
1.3064e+06	0	0	0	0	0	0	0	0	0	0	0	49	
1.30716e+06	0	0	0	0	0	0	0	0	0	0	0	67	
1.30791e+06	0	0	0	0	0	0	0	0	0	0	0	51	
1.30866e+06	0	0	0	0	0	0	0	0	0	0	0	43	
1.30941e+06	0	0	0	0	0	0	0	0	0	0	0	53	
1.31016e+06	0	0	0	0	0	0	0	0	0	0	0	45	
1.3109e+06	0	0	0	0	0	0	0	0	0	0	0	53	
1.31165e+06	0	0	0	0	0	0	0	0	0	0	0	59	
1.3124e+06	0	0	0	0	0	0	0	0	0	0	0	39	
1.31315e+06	0	0	0	0	0	0	0	0	0	0	0	45	
1.3139e+06	0	0	0	0	0	0	0	0	0	0	0	53	
1.31466e+06	0	0	0	0	0	0	0	0	0	0	0	47	
1.31541e+06	0	0	0	0	0	0	0	0	0	0	0	47	
1.31616e+06	0	0	0	0	0	0	0	0	0	0	0	53	
1.31691e+06	0	0	0	0	0	0	0	0	0	0	0	53	
1.31766e+06	0	0	0	0	0	0	0	0	0	0	0	65	
1.31841e+06	0	0	0	0	0	0	0	0	0	0	0	37	
1.31916e+06	0	0	0	0	0	0	0	0	0	0	0	57	
1.31991e+06	0	0	0	0	0	0	0	0	0	0	0	39	
1.32065e+06	0	0	0	0	0	0	0	0	0	0	0	65	
1.3214e+06	0	0	0	0	0	0	0	0	0	0	0	51	
1.32215e+06	0	0	0	0	0	0	0	0	0	0	0	41	
1.3229e+06	0	0	0	0	0	0	0	0	0	0	0	45	
1.32365e+06	0	0	0	0	0	0	0	0	0	0	0	51	
1.3244e+06	0	0	0	0	0	0	0	0	0	0	63	0	
1.32515e+06	0	0	0	0	0	0	0	0	0	0	65	0	
1.3259e+06	0	0	0	0	0	0	0	0	0	0	75	0	
1.32666e+06	0	0	0	0	0	0	0	0	0	0	57	0	
1.32741e+06	0	0	0	0	0	0	0	0	0	0	55	0	
1.32816e+06	0	0	0	0	0	0	0	0	0	0	51	0	
1.32891e+06	0	0	0	0	0	0	0	0	0	0	53	0	
1.32966e+06	0	0	0	0	0	0	0	0	0	0	63	0	
1.33041e+06	0	0	0	0	0	0	0	0	0	0	61	0	
1.33116e+06	0	0	0	0	0	0	0	0	0	0	53	0	
1.33191e+06	0	0	0	0	0	0	0	0	0	0	63	0	
1.33266e+06	0	0	0	0	0	0	0	0	0	0	63	0	
1.33341e+06	0	0	0	0	0	0	0	0	0	0	53	0	
1.33416e+06	0	0	0	0	0	0	0	0	0	0	77	0	
1.33491e+06	0	0	0	0	0	0	0	0	0	4	47	0	
1.33566e+06	0	0	0	0	0	0	0	0	0	0	69	0	
1.33641e+06	0	0	0	0	0	0	0	0	0	0	51	0	
1.33716e+06	0	0	0	0	0	0	0	0	0	0	57	0	
1.33792e+06	0	0	0	0	0	0	0	0	0	0	55	0	
1.33866e+06	0	0	0	0	0	0	0	0	0	0	57	0	
1.33941e+06	0	0	0	0	0	0	0	0	0	0	71	0	
1.34016e+06	0	0	0	0	0	0	0	0	0	0	75	0	
1.34092e+06	0	0	0	0	0	0	0	0	0	0	0	61	
1.34166e+06	0	0	0	0	0	0	0	0	0	0	0	53	
1.34242e+06	0	0	0	0	0	0	0	0	0	0	0	61	
1.34316e+06	0	0	0	0	0	0	0	0	0	0	0	45	
1.34391e+06	0	0	0	0	0	0	0	0	0	0	0	49	
1.34466e+06	0	0	0	0	0	0	0	0	0	0	0	55	
1.34541e+06	0	0	0	0	0	0	0	0	0	0	0	63	
1.34616e+06	0	0	0	0	0	0	0	0	0	0	0	53	
1.34691e+06	0	0	0	0	0	0	0	0	0	0	0	57	
1.34766e+06	0	0	0	0	0	0	0	0	0	0	0	51	
1.34841e+06	0	0	0	0	0	0	0	0	0	0	0	45	
1.34916e+06	0	0	0	0	0	0	0	0	0	0	0	61	
1.34991e+06	0	0	0	0	0	0	0	0	0	0	71	0	
1.35066e+06	0	0	0	0	0	0	0	0	0	0	61	0	
1.35141e+06	0	0	0	0	0	0	0	0	0	0	55	0	
1.35216e+06	0	0	0	0	0	0	0	0	0	0	79	0	
1.35291e+06	0	0	0	0	0	0	0	0	0	0	61	0	
1.35366e+06	0	0	0	0	0	0	0	0	0	0	79	0	
1.35441e+06	0	0	0	0	0	0	0	0	0	0	67	0	
1.35515e+06	0	0	0	0	0	0	0	0	0	0	51	0	
1.3559e+06	0	0	0	0	0	0	0	0	0	0	65	0	
1.35665e+06	0	0	0	0	0	0	0	0	0	0	55	0	
1.3574e+06	0	0	0	0	0	0	0	0	0	0	57	0	
1.35816e+06	0	0	0	0	0	0	0	0	0	0	61	0	
1.35891e+06	0	0	0	0	0	0	0	0	0	0	49	0	
1.35966e+06	0	0	0	0	0	0	0	0	0	0	55	0	
1.36041e+06	0	0	0	0	0	0	0	0	0	0	51	0	
1.36116e+06	0	0	0	0	0	0	0	0	0	0	63	0	
1.36191e+06	0	0	0	0	0	0	0	0	0	0	61	0	
1.36266e+06	0	0	0	0	0	0	0	0	0	0	59	0	
1.36341e+06	0	0	0	0	0	0	0	0	0	0	69	0	
1.36416e+06	0	0	0	0	0	0	0	0	0	0	57	0	
1.36491e+06	0	0	0	0	0	0	0	0	0	0	77	0	
1.36566e+06	0	0	0	0	0	0	0	0	0	0	45	0	
1.36641e+06	0	0	0	0	0	0	0	0	0	0	55	0	
1.36717e+06	0	0	0	0	0	0	0	0	0	0	51	0	
1.36792e+06	0	0	0	0	0	0	0	0	0	0	69	0	
1.36867e+06	0	0	0	0	0	0	0	0	0	0	59	0	
1.36942e+06	0	0	0	0	0	0	0	0	0	0	63	0	
1.37017e+06	0	0	0	0	0	0	0	0	0	0	45	0	
1.37092e+06	0	0	0	0	0	0	0	0	0	0	65	0	
1.37167e+06	0	0	0	0	0	0	0	0	0	0	71	0	
1.37242e+06	0	0	0	0	0	0	0	0	0	0	65	0	
1.37317e+06	0	0	0	0	0	0	0	0	0	79	0	0	
1.37392e+06	0	0	0	0	0	0	0	0	0	85	0	0	
1.37467e+06	0	0	0	0	0	0	0	0	0	69	0	0	
1.37542e+06	0	0	0	0	0	0	0	0	0	75	0	0	
1.37617e+06	0	0	0	0	0	0	0	0	0	61	0	0	
1.37692e+06	0	0	0	0	0	0	0	0	0	77	0	0	
1.37767e+06	0	0	0	0	0	0	0	0	0	75	0	0	
1.37842e+06	0	0	0	0	0	0	0	0	0	69	0	0	
1.37917e+06	0	0	0	0	0	0	0	0	0	79	0	0	
1.37992e+06	0	0	0	0	0	0	0	0	0	69	0	0	
1.38067e+06	0	0	0	0	0	0	0	0	0	81	0	0	
1.38142e+06	0	0	0	0	0	0	0	0	0	63	0	0	
1.38217e+06	0	0	0	0	0	0	0	0	0	91	0	0	
1.38292e+06	0	0	0	0	0	0	0	0	3	84	0	0	
1.38367e+06	0	0	0	0	0	0	0	0	0	53	0	0	
1.38442e+06	0	0	0	0	0	0	0	0	0	69	0	0	
1.38516e+06	0	0	0	0	0	0	0	0	0	63	0	0	
1.38592e+06	0	0	0	0	0	0	0	0	0	69	0	0	
1.38667e+06	0	0	0	0	0	0	0	0	0	73	0	0	
1.38742e+06	0	0	0	0	0	0	0	0	0	79	0	0	
1.38817e+06	0	0	0	0	0	0	0	0	0	81	0	0	
1.38891e+06	0	0	0	0	0	0	0	0	0	89	0	0	
1.38967e+06	0	0	0	0	0	0	0	0	0	57	0	0	
1.39042e+06	0	0	0	0	0	0	0	0	0	61	0	0	
1.39117e+06	0	0	0	0	0	0	0	0	0	77	0	0	
1.39192e+06	0	0	0	0	0	0	0	0	0	75	0	0	
1.39267e+06	0	0	0	0	0	0	0	0	0	69	0	0	
1.39342e+06	0	0	0	0	0	0	0	0	0	0	61	0	
1.39417e+06	0	0	0	0	0	0	0	0	0	0	69	0	
1.39492e+06	0	0	0	0	0	0	0	0	0	0	65	0	
1.39567e+06	0	0	0	0	0	0	0	0	0	0	81	0	
1.39642e+06	0	0	0	0	0	0	0	0	0	0	83	0	
1.39717e+06	0	0	0	0	0	0	0	0	0	0	69	0	
1.39792e+06	0	0	0	0	0	0	0	0	0	0	65	0	
1.39867e+06	0	0	0	0	0	0	0	0	0	0	63	0	
1.39942e+06	0	0	0	0	0	0	0	0	0	0	65	0	
1.40017e+06	0	0	0	0	0	0	0	0	0	20	45	0	
1.40092e+06	0	0	0	0	0	0	0	0	0	0	77	0	
1.40167e+06	0	0	0	0	0	0	0	0	0	0	71	0	
1.40242e+06	0	0	0	0	0	0	0	0	0	0	57	0	
1.40317e+06	0	0	0	0	0	0	0	0	0	0	63	0	
1.40392e+06	0	0	0	0	0	0	0	0	0	0	79	0	
1.40467e+06	0	0	0	0	0	0	0	0	0	0	65	0	
1.40542e+06	0	0	0	0	0	0	0	0	0	0	55	0	
1.40617e+06	0	0	0	0	0	0	0	0	0	0	67	0	
1.40692e+06	0	0	0	0	0	0	0	0	0	0	59	0	
1.40767e+06	0	0	0	0	0	0	0	0	0	0	55	0	
1.40842e+06	0	0	0	0	0	0	0	0	0	0	67	0	
1.40917e+06	0	0	0	0	0	0	0	0	0	0	63	0	
1.40992e+06	0	0	0	0	0	0	0	0	0	0	61	0	
1.41067e+06	0	0	0	0	0	0	0	0	0	87	0	0	
1.41142e+06	0	0	0	0	0	0	0	0	0	69	0	0	
1.41217e+06	0	0	0	0	0	0	0	0	0	69	0	0	
1.41292e+06	0	0	0	0	0	0	0	0	0	85	0	0	
1.41367e+06	0	0	0	0	0	0	0	0	0	81	0	0	
1.41442e+06	0	0	0	0	0	0	0	0	0	65	0	0	
1.41517e+06	0	0	0	0	0	0	0	0	0	83	0	0	
1.41592e+06	0	0	0	0	0	0	0	0	0	73	0	0	
1.41667e+06	0	0	0	0	0	0	0	0	95	0	0	0	
1.41742e+06	0	0	0	0	0	0	0	0	85	0	0	0	
1.41817e+06	0	0	0	0	0	0	0	0	95	0	0	0	
1.41891e+06	0	0	0	0	0	0	0	0	93	0	0	0	
1.41967e+06	0	0	0	0	0	0	0	0	91	0	0	0	
1.42042e+06	0	0	0	0	0	0	0	0	85	0	0	0	
1.42116e+06	0	0	0	0	0	0	0	0	101	0	0	0	
1.42192e+06	0	0	0	0	0	0	0	0	75	0	0	0	
1.42266e+06	0	0	0	0	0	0	0	0	97	0	0	0	
1.42341e+06	0	0	0	0	0	0	0	0	85	0	0	0	
1.42416e+06	0	0	0	0	0	0	0	0	97	0	0	0	
1.42491e+06	0	0	0	0	0	0	0	4	89	0	0	0	
1.42566e+06	0	0	0	0	0	0	0	0	109	0	0	0	
1.42641e+06	0	0	0	0	0	0	0	0	105	0	0	0	
1.42716e+06	0	0	0	0	0	0	0	0	83	0	0	0	
1.42791e+06	0	0	0	0	0	0	0	0	87	0	0	0	
1.42866e+06	0	0	0	0	0	0	0	0	95	0	0	0	
1.42941e+06	0	0	0	0	0	0	0	0	101	0	0	0	
1.43016e+06	0	0	0	0	0	0	0	0	91	0	0	0	
1.43091e+06	0	0	0	0	0	0	0	0	99	0	0	0	
1.43166e+06	0	0	0	0	0	0	0	0	107	0	0	0	
1.43241e+06	0	0	0	0	0	0	0	0	97	0	0	0	
1.43316e+06	0	0	0	0	0	0	0	0	87	0	0	0	
1.43392e+06	0	0	0	0	0	0	0	0	103	0	0	0	
1.43467e+06	0	0	0	0	0	0	0	0	101	0	0	0	
1.43542e+06	0	0	0	0	0	0	0	0	83	0	0	0	
1.43617e+06	0	0	0	0	0	0	0	0	83	0	0	0	
1.43691e+06	0	0	0	0	0	0	0	0	111	0	0	0	
1.43766e+06	0	0	0	0	0	0	0	0	107	0	0	0	
1.43841e+06	0	0	0	0	0	0	0	0	109	0	0	0	
1.43916e+06	0	0	0	0	0	0	0	0	97	0	0	0	
1.43991e+06	0	0	0	0	0	0	0	0	85	0	0	0	
1.44066e+06	0	0	0	0	0	0	0	0	95	0	0	0	
1.44141e+06	0	0	0	0	0	0	0	0	85	0	0	0	
1.44217e+06	0	0	0	0	0	0	0	0	101	0	0	0	
1.44291e+06	0	0	0	0	0	0	0	0	91	0	0	0	
1.44366e+06	0	0	0	0	0	0	0	2	75	0	0	0	
1.44441e+06	0	0	0	0	0	0	0	0	73	0	0	0	
1.44516e+06	0	0	0	0	0	0	0	0	103	0	0	0	
1.44591e+06	0	0	0	0	0	0	0	0	89	0	0	0	
1.44666e+06	0	0	0	0	0	0	0	0	97	0	0	0	
1.44742e+06	0	0	0	0	0	0	0	0	87	0	0	0	
1.44816e+06	0	0	0	0	0	0	0	0	101	0	0	0	
1.44891e+06	0	0	0	0	0	0	0	0	97	0	0	0	
1.44966e+06	0	0	0	0	0	0	0	0	99	0	0	0	
1.45042e+06	0	0	0	0	0	0	0	0	79	0	0	0	
1.45116e+06	0	0	0	0	0	0	0	0	103	0	0	0	
1.45191e+06	0	0	0	0	0	0	0	0	87	0	0	0	
1.45266e+06	0	0	0	0	0	0	0	0	93	0	0	0	
1.45341e+06	0	0	0	0	0	0	0	0	83	0	0	0	
1.45416e+06	0	0	0	0	0	0	0	0	91	0	0	0	
1.45491e+06	0	0	0	0	0	0	0	0	97	0	0	0	
1.45566e+06	0	0	0	0	0	0	0	0	99	0	0	0	
1.45641e+06	0	0	0	0	0	0	0	0	97	0	0	0	
1.45716e+06	0	0	0	0	0	0	0	0	103	0	0	0	
1.45791e+06	0	0	0	0	0	0	0	0	105	0	0	0	
1.45866e+06	0	0	0	0	0	0	0	0	93	0	0	0	
1.45941e+06	0	0	0	0	0	0	0	0	95	0	0	0	
1.46016e+06	0	0	0	0	0	0	0	0	89	0	0	0	
1.46092e+06	0	0	0	0	0	0	0	0	85	0	0	0	
1.46166e+06	0	0	0	0	0	0	0	0	103	0	0	0	
1.46241e+06	0	0	0	0	0	0	0	97	0	0	0	0	
1.46316e+06	0	0	0	0	0	0	0	111	0	0	0	0	
1.46391e+06	0	0	0	0	0	0	0	101	0	0	0	0	
1.46466e+06	0	0	0	0	0	0	0	111	0	0	0	0	
1.46541e+06	0	0	0	0	0	0	151	0	0	0	0	0	
1.46616e+06	0	0	0	0	0	0	0	91	0	0	0	0	
1.46691e+06	0	0	0	0	0	0	0	121	0	0	0	0	
1.46766e+06	0	0	0	0	0	0	0	113	0	0	0	0	
1.46841e+06	0	0	0	0	0	0	0	115	0	0	0	0	
1.46916e+06	0	0	0	0	0	0	0	121	0	0	0	0	
1.46991e+06	0	0	0	0	0	0	0	119	0	0	0	0	
1.47065e+06	0	0	0	0	0	0	0	103	0	0	0	0	
1.4714e+06	0	0	0	0	0	0	0	117	0	0	0	0	
1.47216e+06	0	0	0	0	0	0	0	125	0	0	0	0	
1.47291e+06	0	0	0	0	0	0	0	113	0	0	0	0	
1.47366e+06	0	0	0	0	0	0	0	113	0	0	0	0	
1.47441e+06	0	0	0	0	0	0	0	117	0	0	0	0	
1.47516e+06	0	0	0	0	0	0	0	117	0	0	0	0	
1.47591e+06	0	0	0	0	0	0	2	123	0	0	0	0	
1.47666e+06	0	0	0	0	0	0	0	115	0	0	0	0	
1.47741e+06	0	0	0	0	0	0	0	129	0	0	0	0	
1.47816e+06	0	0	0	0	0	0	0	109	0	0	0	0	
1.47891e+06	0	0	0	0	0	0	0	97	0	0	0	0	
1.47966e+06	0	0	0	0	0	0	0	93	0	0	0	0	
1.4804e+06	0	0	0	0	0	0	0	123	0	0	0	0	
1.48116e+06	0	0	0	0	0	0	0	115	0	0	0	0	
1.48191e+06	0	0	0	0	0	0	0	121	0	0	0	0	
1.48265e+06	0	0	0	0	0	0	0	117	0	0	0	0	
1.4834e+06	0	0	0	0	0	0	0	115	0	0	0	0	
1.48415e+06	0	0	0	0	0	0	0	117	0	0	0	0	
1.4849e+06	0	0	0	0	0	0	0	113	0	0	0	0	
1.48565e+06	0	0	0	0	0	0	0	125	0	0	0	0	
1.4864e+06	0	0	0	0	0	0	0	129	0	0	0	0	
1.48715e+06	0	0	0	0	0	0	0	99	0	0	0	0	
1.4879e+06	0	0	0	0	0	0	0	0	81	0	0	0	
1.48865e+06	0	0	0	0	0	0	0	0	109	0	0	0	
1.4894e+06	0	0	0	0	0	0	0	0	101	0	0	0	
1.49015e+06	0	0	0	0	0	0	0	0	89	0	0	0	
1.4909e+06	0	0	0	0	0	0	0	0	75	0	0	0	
1.49164e+06	0	0	0	0	0	0	0	0	97	0	0	0	
1.49239e+06	0	0	0	0	0	0	0	0	81	0	0	0	
1.49314e+06	0	0	0	0	0	0	0	0	97	0	0	0	
1.49389e+06	0	0	0	0	0	0	0	0	105	0	0	0	
1.49464e+06	0	0	0	0	0	0	0	0	77	0	0	0	
1.49539e+06	0	0	0	0	0	0	0	0	81	0	0	0	
1.49614e+06	0	0	0	0	0	0	0	0	131	0	0	0	
1.49689e+06	0	0	0	0	0	0	0	0	95	0	0	0	
1.49764e+06	0	0	0	0	0	0	0	0	91	0	0	0	
1.49839e+06	0	0	0	0	0	0	0	0	89	0	0	0	
1.49914e+06	0	0	0	0	0	0	0	0	89	0	0	0	
1.49989e+06	0	0	0	0	0	0	0	0	105	0	0	0	
1.49989e+06	0	0	0	0	0	0	0	0	105	0	0	0	
