Time	s0	s1	s2	s3	s4	s5	s6	s7	s8	s9	s10	s11	
0	0	0	0	0	0	0	0	0	0	0	0	200	
0.000515292	0	0	0	0	0	0	0	0	0	0	0	199	
752.76	0	0	0	0	0	0	0	0	0	0	0	43	
1502.1	0	0	0	0	0	0	0	0	0	0	0	57	
2253.44	0	0	0	0	0	0	0	0	0	0	0	47	
3003.44	0	0	0	0	0	0	0	0	0	0	0	51	
3752.68	0	0	0	0	0	0	0	0	0	0	0	53	
4500.26	0	0	0	0	0	0	0	0	0	0	0	55	
5251.1	0	0	0	0	0	0	0	0	0	0	0	53	
6003.3	0	0	0	0	0	0	0	0	0	0	0	47	
6751.44	0	0	0	0	0	0	0	0	0	0	0	55	
7498.54	0	0	0	0	0	0	0	0	0	0	0	45	
8248.85	0	0	0	0	0	0	0	0	0	0	0	55	
9001.23	0	0	0	0	0	0	0	0	0	0	0	41	
9751.98	0	0	0	0	0	0	0	0	0	0	0	49	
10503.4	0	0	0	0	0	0	0	0	0	0	0	47	
11254	0	0	0	0	0	0	0	0	0	0	0	59	
12001	0	0	0	0	0	0	0	0	0	0	0	57	
12751	0	0	0	0	0	0	0	0	0	0	0	49	
13503.1	0	0	0	0	0	0	0	0	0	0	0	55	
14257.5	0	0	0	0	0	0	0	0	0	0	0	53	
15006.2	0	0	0	0	0	0	0	0	0	0	0	57	
15753.6	0	0	0	0	0	0	0	0	0	0	0	57	
16503.2	0	0	0	0	0	0	0	0	0	0	0	61	
17255.3	0	0	0	0	0	0	0	0	0	0	0	49	
18004.6	0	0	0	0	0	0	0	0	0	0	0	53	
18755.1	0	0	0	0	0	0	0	0	0	0	0	45	
19507.3	0	0	0	0	0	0	0	0	0	0	0	51	
20257.6	0	0	0	0	0	0	0	0	0	0	0	55	
21007.4	0	0	0	0	0	0	0	0	0	0	0	59	
21754.3	0	0	0	0	0	0	0	0	0	0	0	39	
22506.9	0	0	0	0	0	0	0	0	0	0	0	51	
23259.2	0	0	0	0	0	0	0	0	0	0	63	0	
24007.4	0	0	0	0	0	0	0	0	0	0	0	39	
24758.7	0	0	0	0	0	0	0	0	0	0	0	35	
25508.3	0	0	0	0	0	0	0	0	0	0	58	1	
26258.2	0	0	0	0	0	0	0	0	0	0	59	0	
27007	0	0	0	0	0	0	0	0	0	0	65	0	
27756	0	0	0	0	0	0	0	0	0	0	63	0	
28508.2	0	0	0	0	0	0	0	0	0	0	61	0	
29257.7	0	0	0	0	0	0	0	0	0	0	67	0	
30007.3	0	0	0	0	0	0	0	0	0	0	55	0	
30760.1	0	0	0	0	0	0	0	0	0	0	49	0	
31509.7	0	0	0	0	0	0	0	0	0	69	0	0	
32261.2	0	0	0	0	0	0	0	0	0	77	0	0	
33009.8	0	0	0	0	0	0	0	0	0	79	0	0	
33761.4	0	0	0	0	0	0	0	0	0	75	0	0	
34509.7	0	0	0	0	0	0	0	0	0	69	0	0	
35260.7	0	0	0	0	0	0	0	0	0	71	0	0	
36011.6	0	0	0	0	0	0	0	0	0	75	0	0	
36764	0	0	0	0	0	0	0	0	0	97	0	0	
37517.3	0	0	0	0	0	0	0	0	0	87	0	0	
38267.9	0	0	0	0	0	0	0	0	0	75	0	0	
39016.4	0	0	0	0	0	0	0	0	0	81	0	0	
39769.6	0	0	0	0	0	0	0	0	0	75	0	0	
40521.4	0	0	0	0	0	0	0	0	0	83	0	0	
41268.9	0	0	0	0	0	0	0	0	0	0	75	0	
42022.1	0	0	0	0	0	0	0	0	0	0	69	0	
42768	0	0	0	0	0	0	0	0	0	0	53	0	
43518.1	0	0	0	0	0	0	0	0	0	0	63	0	
44269.6	0	0	0	0	0	0	0	0	0	0	69	0	
45017.8	0	0	0	0	0	0	0	0	0	0	65	0	
45764.3	0	0	0	0	0	0	0	0	0	0	53	0	
46516.7	0	0	0	0	0	0	0	0	0	0	63	0	
47264.5	0	0	0	0	0	0	0	0	0	0	61	0	
48019	0	0	0	0	0	0	0	0	0	0	67	0	
48769.2	0	0	0	0	0	0	0	0	0	0	57	0	
49519.6	0	0	0	0	0	0	0	0	0	0	53	0	
50268.2	0	0	0	0	0	0	0	0	0	0	59	0	
51017.5	0	0	0	0	0	0	0	0	0	0	0	43	
51768.2	0	0	0	0	0	0	0	0	0	0	0	31	
52515.4	0	0	0	0	0	0	0	0	0	0	0	49	
53267.8	0	0	0	0	0	0	0	0	0	0	0	51	
54016.3	0	0	0	0	0	0	0	0	0	0	0	53	
54766.9	0	0	0	0	0	0	0	0	0	0	0	47	
55515.4	0	0	0	0	0	0	0	0	0	0	0	55	
56262.3	0	0	0	0	0	0	0	0	0	0	0	45	
57011.2	0	0	0	0	0	0	0	0	0	0	0	45	
57761	0	0	0	0	0	0	0	0	0	0	0	55	
58514.1	0	0	0	0	0	0	0	0	0	0	0	49	
59264.6	0	0	0	0	0	0	0	0	0	0	75	0	
60013.4	0	0	0	0	0	0	0	0	0	0	69	0	
60762.9	0	0	0	0	0	0	0	0	0	0	67	0	
61518.7	0	0	0	0	0	0	0	0	0	0	65	0	
62270.6	0	0	0	0	0	0	0	0	0	0	65	0	
63018.6	0	0	0	0	0	0	0	0	0	0	59	0	
63766.9	0	0	0	0	0	0	0	0	0	87	0	0	
64519.4	0	0	0	0	0	0	0	0	0	83	0	0	
65269.1	0	0	0	0	0	0	0	0	0	81	0	0	
66016	0	0	0	0	0	0	0	0	0	71	0	0	
66766.1	0	0	0	0	0	0	0	0	0	71	0	0	
67515.3	0	0	0	0	0	0	0	0	0	81	0	0	
68265.5	0	0	0	0	0	0	0	0	0	83	0	0	
69014	0	0	0	0	0	0	0	0	0	85	0	0	
69760	0	0	0	0	0	0	0	0	0	83	0	0	
70507.3	0	0	0	0	0	0	0	0	0	79	0	0	
71256.4	0	0	0	0	0	0	0	0	0	97	0	0	
72003.4	0	0	0	0	0	0	0	0	0	71	0	0	
72755.2	0	0	0	0	0	0	0	0	0	67	0	0	
73507.1	0	0	0	0	0	0	0	0	0	69	0	0	
74259.6	0	0	0	0	0	0	0	0	0	61	0	0	
75008.9	0	0	0	0	0	0	0	0	0	73	0	0	
75758	0	0	0	0	0	0	0	0	0	69	0	0	
76509.7	0	0	0	0	0	0	0	0	0	89	0	0	
77261.6	0	0	0	0	0	0	0	0	0	83	0	0	
78012.8	0	0	0	0	0	0	0	0	0	0	57	0	
78763.1	0	0	0	0	0	0	0	0	0	0	77	0	
79513	0	0	0	0	0	0	0	0	0	0	0	49	
80261	0	0	0	0	0	0	0	0	0	0	0	41	
81011.9	0	0	0	0	0	0	0	0	0	0	0	57	
81760.6	0	0	0	0	0	0	0	0	0	0	0	37	
82510.8	0	0	0	0	0	0	0	0	0	0	0	49	
83260.3	0	0	0	0	0	0	0	0	0	0	0	51	
84008.6	0	0	0	0	0	0	0	0	0	0	57	0	
84759.6	0	0	0	0	0	0	0	0	0	0	55	0	
85509.1	0	0	0	0	0	0	0	0	0	0	73	0	
86257.2	0	0	0	0	0	0	0	0	0	0	69	0	
87011.3	0	0	0	0	0	0	0	0	0	0	69	0	
87761.9	0	0	0	0	0	0	0	0	0	0	59	0	
88510.2	0	0	0	0	0	0	0	0	0	0	53	0	
89260.9	0	0	0	0	0	0	0	0	0	0	57	0	
90008.2	0	0	0	0	0	0	0	0	0	0	63	0	
90760.3	0	0	0	0	0	0	0	0	0	0	51	0	
91505.7	0	0	0	0	0	0	0	0	0	0	63	0	
92254.9	0	0	0	0	0	0	0	0	0	0	65	0	
93009.7	0	0	0	0	0	0	0	0	0	0	63	0	
93759.6	0	0	0	0	0	0	0	0	0	0	59	0	
94507.7	0	0	0	0	0	0	0	0	0	0	65	0	
95256.5	0	0	0	0	0	0	0	0	0	0	43	0	
96004.8	0	0	0	0	0	0	0	0	0	0	61	0	
96759.1	0	0	0	0	0	0	0	0	0	0	67	0	
97507.1	0	0	0	0	0	0	0	0	0	0	69	0	
98252.7	0	0	0	0	0	0	0	0	0	0	65	0	
99004.7	0	0	0	0	0	0	0	0	0	0	59	0	
99756.2	0	0	0	0	0	0	0	0	0	0	59	0	
100507	0	0	0	0	0	0	0	0	0	0	49	0	
101256	0	0	0	0	0	0	0	0	0	0	67	0	
102003	0	0	0	0	0	0	0	0	0	0	71	0	
102750	0	0	0	0	0	0	0	0	0	91	0	0	
103501	0	0	0	0	0	0	0	0	0	0	57	0	
104251	0	0	0	0	0	0	0	0	0	0	53	0	
105001	0	0	0	0	0	0	0	0	0	0	79	0	
105751	0	0	0	0	0	0	0	0	0	0	61	0	
106502	0	0	0	0	0	0	0	0	0	0	59	0	
107252	0	0	0	0	0	0	0	0	0	0	65	0	
108002	0	0	0	0	0	0	0	0	0	0	47	0	
108753	0	0	0	0	0	0	0	0	0	0	59	0	
109503	0	0	0	0	0	0	0	0	0	0	48	7	
110255	0	0	0	0	0	0	0	0	0	0	57	0	
111005	0	0	0	0	0	0	0	0	0	0	65	0	
111753	0	0	0	0	0	0	0	0	0	0	0	61	
112504	0	0	0	0	0	0	0	0	0	0	0	49	
113257	0	0	0	0	0	0	0	0	0	0	0	47	
114009	0	0	0	0	0	0	0	0	0	0	0	51	
114762	0	0	0	0	0	0	0	0	0	0	51	0	
115508	0	0	0	0	0	0	0	0	0	0	0	57	
116261	0	0	0	0	0	0	0	0	0	0	0	55	
117012	0	0	0	0	0	0	0	0	0	0	0	59	
117762	0	0	0	0	0	0	0	0	0	0	0	59	
118513	0	0	0	0	0	0	0	0	0	0	0	43	
119261	0	0	0	0	0	0	0	0	0	0	9	38	
120011	0	0	0	0	0	0	0	0	0	0	0	55	
120762	0	0	0	0	0	0	0	0	0	0	0	57	
121512	0	0	0	0	0	0	0	0	0	0	0	61	
122263	0	0	0	0	0	0	0	0	0	0	0	49	
123011	0	0	0	0	0	0	0	0	0	0	0	55	
123761	0	0	0	0	0	0	0	0	0	0	0	41	
124510	0	0	0	0	0	0	0	0	0	0	14	47	
125262	0	0	0	0	0	0	0	0	0	0	0	53	
126008	0	0	0	0	0	0	0	0	0	0	0	71	
126757	0	0	0	0	0	0	0	0	0	0	0	53	
127507	0	0	0	0	0	0	0	0	0	0	0	57	
128258	0	0	0	0	0	0	0	0	0	0	0	59	
129007	0	0	0	0	0	0	0	0	0	0	0	47	
129757	0	0	0	0	0	0	0	0	0	0	0	55	
130508	0	0	0	0	0	0	0	0	0	0	0	55	
131255	0	0	0	0	0	0	0	0	0	0	0	43	
132005	0	0	0	0	0	0	0	0	0	0	0	53	
132758	0	0	0	0	0	0	0	0	0	0	0	55	
133508	0	0	0	0	0	0	0	0	0	0	69	0	
134257	0	0	0	0	0	0	0	0	0	0	69	0	
135004	0	0	0	0	0	0	0	0	0	0	59	0	
135757	0	0	0	0	0	0	0	0	0	0	69	0	
136505	0	0	0	0	0	0	0	0	0	0	61	0	
137257	0	0	0	0	0	0	0	0	0	0	65	0	
138009	0	0	0	0	0	0	0	0	0	0	71	0	
138760	0	0	0	0	0	0	0	0	0	0	61	0	
139511	0	0	0	0	0	0	0	0	0	0	81	0	
140260	0	0	0	0	0	0	0	0	0	0	61	0	
141007	0	0	0	0	0	0	0	0	0	0	0	47	
141758	0	0	0	0	0	0	0	0	0	0	0	65	
142508	0	0	0	0	0	0	0	0	0	0	0	43	
143261	0	0	0	0	0	0	0	0	0	0	0	49	
144011	0	0	0	0	0	0	0	0	0	0	0	47	
144762	0	0	0	0	0	0	0	0	0	0	0	51	
145514	0	0	0	0	0	0	0	0	0	0	0	47	
146262	0	0	0	0	0	0	0	0	0	0	0	49	
147012	0	0	0	0	0	0	0	0	0	0	0	49	
147763	0	0	0	0	0	0	0	0	0	0	0	47	
148512	0	0	0	0	0	0	0	0	0	0	51	0	
149261	0	0	0	0	0	0	0	0	0	0	49	0	
150015	0	0	0	0	0	0	0	0	0	0	53	0	
150765	0	0	0	0	0	0	0	0	0	0	65	0	
151516	0	0	0	0	0	0	0	0	0	0	0	57	
152267	0	0	0	0	0	0	0	0	0	0	0	45	
153017	0	0	0	0	0	0	0	0	0	0	0	57	
153770	0	0	0	0	0	0	0	0	0	0	0	51	
154522	0	0	0	0	0	0	0	0	0	0	0	47	
155270	0	0	0	0	0	0	0	0	0	0	0	43	
156022	0	0	0	0	0	0	0	0	0	0	0	51	
156770	0	0	0	0	0	0	0	0	0	0	0	51	
157522	0	0	0	0	0	0	0	0	0	0	0	55	
158274	0	0	0	0	0	0	0	0	0	0	0	55	
159025	0	0	0	0	0	0	0	0	0	0	0	49	
159776	0	0	0	0	0	0	0	0	0	0	0	47	
160525	0	0	0	0	0	0	0	0	0	0	0	55	
161279	0	0	0	0	0	0	0	0	0	0	0	41	
162030	0	0	0	0	0	0	0	0	0	0	57	0	
162778	0	0	0	0	0	0	0	0	0	0	71	0	
163530	0	0	0	0	0	0	0	0	0	0	71	0	
164278	0	0	0	0	0	0	0	0	0	0	57	0	
165029	0	0	0	0	0	0	0	0	0	0	57	0	
165779	0	0	0	0	0	0	0	0	0	0	63	0	
166533	0	0	0	0	0	0	0	0	0	0	69	0	
167283	0	0	0	0	0	0	0	0	0	0	65	0	
168035	0	0	0	0	0	0	0	0	0	95	0	0	
168790	0	0	0	0	0	0	0	0	0	69	0	0	
169539	0	0	0	0	0	0	0	0	0	75	0	0	
170285	0	0	0	0	0	0	0	0	0	79	0	0	
171033	0	0	0	0	0	0	0	0	0	77	0	0	
171783	0	0	0	0	0	0	0	0	0	0	65	0	
172536	0	0	0	0	0	0	0	0	0	0	59	0	
173285	0	0	0	0	0	0	0	0	0	0	57	0	
174033	0	0	0	0	0	0	0	0	0	0	67	0	
174783	0	0	0	0	0	0	0	0	0	0	67	0	
175532	0	0	0	0	0	0	0	0	0	0	65	0	
176285	0	0	0	0	0	0	0	0	0	0	85	0	
177035	0	0	0	0	0	0	0	0	0	0	57	0	
177784	0	0	0	0	0	0	0	0	0	0	53	0	
178536	0	0	0	0	0	0	0	0	0	69	0	0	
179284	0	0	0	0	0	0	0	0	0	75	0	0	
180036	0	0	0	0	0	0	0	0	0	69	0	0	
180784	0	0	0	0	0	0	0	0	0	69	0	0	
181536	0	0	0	0	0	0	0	0	0	63	0	0	
182287	0	0	0	0	0	0	0	0	0	81	0	0	
183035	0	0	0	0	0	0	0	0	0	83	0	0	
183786	0	0	0	0	0	0	0	0	0	77	0	0	
184535	0	0	0	0	0	0	0	0	0	77	0	0	
185286	0	0	0	0	0	0	0	0	0	67	0	0	
186035	0	0	0	0	0	0	0	0	0	71	0	0	
186784	0	0	0	0	0	0	0	0	0	79	0	0	
187536	0	0	0	0	0	0	0	0	0	81	0	0	
188287	0	0	0	0	0	0	0	0	0	71	0	0	
189038	0	0	0	0	0	0	0	0	0	81	0	0	
189786	0	0	0	0	0	0	0	0	0	89	0	0	
190540	0	0	0	0	0	0	0	0	0	73	0	0	
191290	0	0	0	0	0	0	0	0	0	77	0	0	
192037	0	0	0	0	0	0	0	0	0	69	0	0	
192784	0	0	0	0	0	0	0	0	0	85	0	0	
193535	0	0	0	0	0	0	0	0	0	81	0	0	
194288	0	0	0	0	0	0	0	0	0	0	63	0	
195037	0	0	0	0	0	0	0	0	0	0	51	0	
195787	0	0	0	0	0	0	0	0	0	0	59	0	
196535	0	0	0	0	0	0	0	0	0	0	41	0	
197287	0	0	0	0	0	0	0	0	0	0	75	0	
198039	0	0	0	0	0	0	0	0	0	0	51	0	
198788	0	0	0	0	0	0	0	0	0	0	63	0	
199538	0	0	0	0	0	0	0	0	0	0	65	0	
200288	0	0	0	0	0	0	0	0	0	0	59	0	
201038	0	0	0	0	0	0	0	0	0	0	69	0	
201788	0	0	0	0	0	0	0	0	0	0	59	0	
202536	0	0	0	0	0	0	0	0	0	0	77	0	
203288	0	0	0	0	0	0	0	0	0	0	65	0	
204040	0	0	0	0	0	0	0	0	0	0	69	0	
204792	0	0	0	0	0	0	0	0	0	0	55	0	
205542	0	0	0	0	0	0	0	0	0	0	71	0	
206289	0	0	0	0	0	0	0	0	0	0	73	0	
207037	0	0	0	0	0	0	0	0	0	0	53	0	
207789	0	0	0	0	0	0	0	0	0	0	59	0	
208538	0	0	0	0	0	0	0	0	0	0	67	0	
209288	0	0	0	0	0	0	0	0	0	0	51	0	
210036	0	0	0	0	0	0	0	0	0	0	55	0	
210784	0	0	0	0	0	0	0	0	0	0	75	0	
211532	0	0	0	0	0	0	0	0	0	0	69	0	
212284	0	0	0	0	0	0	0	0	0	0	0	47	
213033	0	0	0	0	0	0	0	0	0	0	0	51	
213783	0	0	0	0	0	0	0	0	0	0	0	53	
214532	0	0	0	0	0	0	0	0	0	0	0	53	
215282	0	0	0	0	0	0	0	0	0	0	0	39	
216031	0	0	0	0	0	0	0	0	0	0	0	53	
216780	0	0	0	0	0	0	0	0	0	0	0	51	
217528	0	0	0	0	0	0	0	0	0	0	0	63	
218278	0	0	0	0	0	0	0	0	0	0	0	49	
219027	0	0	0	0	0	0	0	0	0	0	0	47	
219776	0	0	0	0	0	0	0	0	0	0	0	49	
220525	0	0	0	0	0	0	0	0	0	0	0	45	
221277	0	0	0	0	0	0	0	0	0	0	0	61	
222024	0	0	0	0	0	0	0	0	0	0	0	41	
222774	0	0	0	0	0	0	0	0	0	0	0	49	
223521	0	0	0	0	0	0	0	0	0	0	0	47	
224270	0	0	0	0	0	0	0	0	0	0	0	55	
225021	0	0	0	0	0	0	0	0	0	0	0	51	
225773	0	0	0	0	0	0	0	0	0	0	0	51	
226522	0	0	0	0	0	0	0	0	0	0	0	45	
227272	0	0	0	0	0	0	0	0	0	0	0	45	
228020	0	0	0	0	0	0	0	0	0	0	0	57	
228771	0	0	0	0	0	0	0	0	0	0	49	0	
229520	0	0	0	0	0	0	0	0	0	0	77	0	
230269	0	0	0	0	0	0	0	0	0	0	51	0	
231020	0	0	0	0	0	0	0	0	0	0	55	0	
231770	0	0	0	0	0	0	0	0	0	0	55	0	
232522	0	0	0	0	0	0	0	0	0	0	63	0	
233270	0	0	0	0	0	0	0	0	0	0	59	0	
234021	0	0	0	0	0	0	0	0	0	0	57	0	
234774	0	0	0	0	0	0	0	0	0	0	65	0	
235527	0	0	0	0	0	0	0	0	0	0	61	0	
236277	0	0	0	0	0	0	0	0	0	0	71	0	
237031	0	0	0	0	0	0	0	0	0	0	51	0	
237780	0	0	0	0	0	0	0	0	0	0	57	0	
238528	0	0	0	0	0	0	0	0	0	0	51	0	
239279	0	0	0	0	0	0	0	0	0	0	69	0	
240029	0	0	0	0	0	0	0	0	0	0	53	0	
240781	0	0	0	0	0	0	0	0	0	0	71	0	
241534	0	0	0	0	0	0	0	0	0	0	63	0	
242283	0	0	0	0	0	0	0	0	0	0	65	0	
243031	0	0	0	0	0	0	0	0	0	0	57	0	
243781	0	0	0	0	0	0	0	0	0	0	53	0	
244532	0	0	0	0	0	0	0	0	0	0	69	0	
245281	0	0	0	0	0	0	0	0	0	0	65	0	
246034	0	0	0	0	0	0	0	0	0	0	63	0	
246783	0	0	0	0	0	0	0	0	0	0	65	0	
247535	0	0	0	0	0	0	0	0	0	0	53	0	
248287	0	0	0	0	0	0	0	0	0	0	63	0	
249040	0	0	0	0	0	0	0	0	0	0	51	0	
249788	0	0	0	0	0	0	0	0	0	0	51	0	
250534	0	0	0	0	0	0	0	0	0	0	53	0	
251286	0	0	0	0	0	0	0	0	0	0	65	0	
252036	0	0	0	0	0	0	0	0	0	0	69	0	
252786	0	0	0	0	0	0	0	0	0	0	63	0	
253532	0	0	0	0	0	0	0	0	0	0	53	0	
254279	0	0	0	0	0	0	0	0	0	0	63	0	
255029	0	0	0	0	0	0	0	0	0	0	55	0	
255778	0	0	0	0	0	0	0	0	0	0	53	0	
256527	0	0	0	0	0	0	0	0	0	0	57	0	
257278	0	0	0	0	0	0	0	0	0	0	65	0	
258030	0	0	0	0	0	0	0	0	0	73	0	0	
258779	0	0	0	0	0	0	0	0	0	73	0	0	
259527	0	0	0	0	0	0	0	0	0	57	0	0	
260280	0	0	0	0	0	0	0	0	0	81	0	0	
261026	0	0	0	0	0	0	0	0	0	71	0	0	
261773	0	0	0	0	0	0	0	0	0	63	0	0	
262525	0	0	0	0	0	0	0	0	0	69	0	0	
263275	0	0	0	0	0	0	0	0	0	69	0	0	
264022	0	0	0	0	0	0	0	0	0	71	0	0	
264778	0	0	0	0	0	0	0	0	0	85	0	0	
265529	0	0	0	0	0	0	0	0	0	109	0	0	
266279	0	0	0	0	0	0	0	0	0	61	0	0	
267031	0	0	0	0	0	0	0	0	0	79	0	0	
267780	0	0	0	0	0	0	0	0	0	77	0	0	
268530	0	0	0	0	0	0	0	0	0	81	0	0	
269279	0	0	0	0	0	0	0	0	0	59	0	0	
270026	0	0	0	0	0	0	0	0	0	73	0	0	
270773	0	0	0	0	0	0	0	0	0	63	0	0	
271524	0	0	0	0	0	0	0	0	0	81	0	0	
272274	0	0	0	0	0	0	0	0	0	72	1	0	
273020	0	0	0	0	0	0	0	0	0	0	61	0	
273772	0	0	0	0	0	0	0	0	0	0	69	0	
274522	0	0	0	0	0	0	0	0	0	0	59	0	
275272	0	0	0	0	0	0	0	0	0	0	59	0	
276022	0	0	0	0	0	0	0	0	0	0	51	0	
276772	0	0	0	0	0	0	0	0	0	0	53	0	
277519	0	0	0	0	0	0	0	0	0	0	67	0	
278268	0	0	0	0	0	0	0	0	0	0	65	0	
279020	0	0	0	0	0	0	0	0	0	0	75	0	
279772	0	0	0	0	0	0	0	0	0	0	61	0	
280521	0	0	0	0	0	0	0	0	0	0	71	0	
281272	0	0	0	0	0	0	0	0	0	0	63	0	
282024	0	0	0	0	0	0	0	0	0	0	57	0	
282774	0	0	0	0	0	0	0	0	0	87	0	0	
283526	0	0	0	0	0	0	0	0	0	83	0	0	
284275	0	0	0	0	0	0	0	0	0	79	0	0	
285024	0	0	0	0	0	0	0	0	0	69	0	0	
285778	0	0	0	0	0	0	0	0	0	71	8	0	
286532	0	0	0	0	0	0	0	0	0	61	0	0	
287281	0	0	0	0	0	0	0	0	0	77	0	0	
288035	0	0	0	0	0	0	0	0	0	65	0	0	
288785	0	0	0	0	0	0	0	0	0	81	0	0	
289533	0	0	0	0	0	0	0	0	0	71	0	0	
290283	0	0	0	0	0	0	0	0	0	93	0	0	
291034	0	0	0	0	0	0	0	0	0	87	0	0	
291785	0	0	0	0	0	0	0	0	0	85	0	0	
292536	0	0	0	0	0	0	0	0	0	75	0	0	
293285	0	0	0	0	0	0	0	0	0	87	0	0	
294036	0	0	0	0	0	0	0	0	0	79	0	0	
294783	0	0	0	0	0	0	0	0	0	73	0	0	
295533	0	0	0	0	0	0	0	0	0	79	0	0	
296283	0	0	0	0	0	0	0	0	0	67	0	0	
297037	0	0	0	0	0	0	0	0	0	85	0	0	
297786	0	0	0	0	0	0	0	0	0	0	57	0	
298535	0	0	0	0	0	0	0	0	0	0	59	0	
299285	0	0	0	0	0	0	0	0	0	0	57	0	
300032	0	0	0	0	0	0	0	0	0	0	57	0	
300783	0	0	0	0	0	0	0	0	0	0	57	0	
301533	0	0	0	0	0	0	0	0	0	0	55	0	
302283	0	0	0	0	0	0	0	0	0	0	65	0	
303039	0	0	0	0	0	0	0	0	0	0	57	0	
303791	0	0	0	0	0	0	0	0	0	0	47	0	
304541	0	0	0	0	0	0	0	0	0	0	69	0	
305288	0	0	0	0	0	0	0	0	0	0	55	0	
306040	0	0	0	0	0	0	0	0	0	0	61	0	
306792	0	0	0	0	0	0	0	0	0	0	53	0	
307541	0	0	0	0	0	0	0	0	0	0	61	0	
308289	0	0	0	0	0	0	0	0	0	0	57	0	
309040	0	0	0	0	0	0	0	0	0	0	61	0	
309790	0	0	0	0	0	0	0	0	0	0	69	0	
310541	0	0	0	0	0	0	0	0	0	0	63	0	
311294	0	0	0	0	0	0	0	0	0	0	81	0	
312043	0	0	0	0	0	0	0	0	0	0	65	0	
312795	0	0	0	0	0	0	0	0	0	0	53	0	
313545	0	0	0	0	0	0	0	0	0	0	49	0	
314298	0	0	0	0	0	0	0	0	0	0	63	0	
315047	0	0	0	0	0	0	0	0	0	0	0	53	
315795	0	0	0	0	0	0	0	0	0	0	0	47	
316548	0	0	0	0	0	0	0	0	0	0	0	57	
317298	0	0	0	0	0	0	0	0	0	0	0	53	
318049	0	0	0	0	0	0	0	0	0	0	0	49	
318799	0	0	0	0	0	0	0	0	0	0	0	57	
319548	0	0	0	0	0	0	0	0	0	0	0	63	
320298	0	0	0	0	0	0	0	0	0	0	0	49	
321047	0	0	0	0	0	0	0	0	0	0	0	57	
321797	0	0	0	0	0	0	0	0	0	0	0	49	
322546	0	0	0	0	0	0	0	0	0	0	0	53	
323297	0	0	0	0	0	0	0	0	0	0	67	0	
324047	0	0	0	0	0	0	0	0	0	0	73	0	
324797	0	0	0	0	0	0	0	0	0	0	63	0	
325547	0	0	0	0	0	0	0	0	0	0	57	0	
326298	0	0	0	0	0	0	0	0	0	0	65	0	
327051	0	0	0	0	0	0	0	0	0	0	51	0	
327802	0	0	0	0	0	0	0	0	0	0	69	0	
328552	0	0	0	0	0	0	0	0	0	0	55	0	
329303	0	0	0	0	0	0	0	0	0	0	61	0	
330054	0	0	0	0	0	0	0	0	0	83	0	0	
330803	0	0	0	0	0	0	0	0	0	69	0	0	
331553	0	0	0	0	0	0	0	0	1	86	0	0	
332302	0	0	0	0	0	0	0	0	0	0	63	0	
333050	0	0	0	0	0	0	0	0	0	0	73	0	
333802	0	0	0	0	0	0	0	0	0	0	75	0	
334552	0	0	0	0	0	0	0	0	0	0	53	0	
335304	0	0	0	0	0	0	0	0	0	0	53	0	
336053	0	0	0	0	0	0	0	0	0	0	65	0	
336803	0	0	0	0	0	0	0	0	0	0	67	0	
337556	0	0	0	0	0	0	0	0	0	0	71	0	
338304	0	0	0	0	0	0	0	0	0	0	65	0	
339055	0	0	0	0	0	0	0	0	0	0	63	0	
339807	0	0	0	0	0	0	0	0	0	0	81	0	
340558	0	0	0	0	0	0	0	0	0	0	49	0	
341305	0	0	0	0	0	0	0	0	0	0	69	0	
342057	0	0	0	0	0	0	0	0	0	0	71	0	
342807	0	0	0	0	0	0	0	0	0	0	81	0	
343556	0	0	0	0	0	0	0	0	0	0	0	33	
344303	0	0	0	0	0	0	0	0	0	0	59	0	
345057	0	0	0	0	0	0	0	0	0	0	65	0	
345807	0	0	0	0	0	0	0	0	0	0	71	0	
346560	0	0	0	0	0	0	0	0	0	0	65	0	
347311	0	0	0	0	0	0	0	0	0	0	61	0	
348059	0	0	0	0	0	0	0	0	0	0	57	0	
348810	0	0	0	0	0	0	0	0	0	0	71	0	
349558	0	0	0	0	0	0	0	0	0	0	71	0	
350307	0	0	0	0	0	0	0	0	0	0	67	0	
351059	0	0	0	0	0	0	0	0	0	0	59	0	
351810	0	0	0	0	0	0	0	0	0	95	0	0	
352557	0	0	0	0	0	0	0	0	0	65	0	0	
353308	0	0	0	0	0	0	0	0	0	71	0	0	
354057	0	0	0	0	0	0	0	0	0	71	0	0	
354808	0	0	0	0	0	0	0	0	0	65	0	0	
355557	0	0	0	0	0	0	0	0	0	73	0	0	
356315	0	0	0	0	0	0	0	0	0	79	0	0	
357067	0	0	0	0	0	0	0	0	0	75	0	0	
357817	0	0	0	0	0	0	0	0	0	71	0	0	
358567	0	0	0	0	0	0	0	0	0	77	0	0	
359316	0	0	0	0	0	0	0	0	0	77	0	0	
360064	0	0	0	0	0	0	0	0	0	89	0	0	
360816	0	0	0	0	0	0	0	0	0	71	0	0	
361564	0	0	0	0	0	0	0	0	0	81	0	0	
362313	0	0	0	0	0	0	0	0	0	73	0	0	
363064	0	0	0	0	0	0	0	0	0	57	0	0	
363815	0	0	0	0	0	0	0	0	0	69	0	0	
364567	0	0	0	0	0	0	0	0	0	73	0	0	
365317	0	0	0	0	0	0	0	0	0	99	0	0	
366064	0	0	0	0	0	0	0	0	0	0	73	0	
366817	0	0	0	0	0	0	0	0	0	0	61	0	
367568	0	0	0	0	0	0	0	0	0	0	0	45	
368317	0	0	0	0	0	0	0	0	0	0	0	43	
369065	0	0	0	0	0	0	0	0	0	0	0	47	
369816	0	0	0	0	0	0	0	0	0	0	0	59	
370562	0	0	0	0	0	0	0	0	0	0	0	45	
371311	0	0	0	0	0	0	0	0	0	0	0	53	
372060	0	0	0	0	0	0	0	0	0	0	0	51	
372808	0	0	0	0	0	0	0	0	0	0	65	0	
373555	0	0	0	0	0	0	0	0	0	0	69	0	
374301	0	0	0	0	0	0	0	0	0	0	63	0	
375051	0	0	0	0	0	0	0	0	0	0	57	0	
375801	0	0	0	0	0	0	0	0	0	83	2	0	
376554	0	0	0	0	0	0	0	0	0	73	0	0	
377303	0	0	0	0	0	0	0	0	0	85	0	0	
378054	0	0	0	0	0	0	0	0	0	79	0	0	
378807	0	0	0	0	0	0	0	0	0	91	0	0	
379556	0	0	0	0	0	0	0	0	0	67	0	0	
380304	0	0	0	0	0	0	0	0	0	75	0	0	
381053	0	0	0	0	0	0	0	0	0	73	0	0	
381804	0	0	0	0	0	0	0	0	0	87	0	0	
382556	0	0	0	0	0	0	0	0	0	75	0	0	
383307	0	0	0	0	0	0	0	0	0	97	0	0	
384055	0	0	0	0	0	0	0	0	0	87	0	0	
384806	0	0	0	0	0	0	0	0	0	0	59	0	
385555	0	0	0	0	0	0	0	0	0	0	67	0	
386304	0	0	0	0	0	0	0	0	0	0	65	0	
387051	0	0	0	0	0	0	0	0	0	0	51	0	
387803	0	0	0	0	0	0	0	0	0	0	61	0	
388552	0	0	0	0	0	0	0	0	0	0	51	0	
389299	0	0	0	0	0	0	0	0	0	0	73	0	
390046	0	0	0	0	0	0	0	0	0	0	63	0	
390795	0	0	0	0	0	0	0	0	0	0	69	0	
391547	0	0	0	0	0	0	0	0	0	0	73	0	
392294	0	0	0	0	0	0	0	0	0	0	61	0	
393044	0	0	0	0	0	0	0	0	0	0	59	0	
393791	0	0	0	0	0	0	0	0	0	0	49	0	
394542	0	0	0	0	0	0	0	0	0	0	41	0	
395293	0	0	0	0	0	0	0	0	0	0	73	0	
396043	0	0	0	0	0	0	0	0	0	0	69	0	
396791	0	0	0	0	0	0	0	0	0	0	57	0	
397544	0	0	0	0	0	0	0	0	0	0	73	0	
398293	0	0	0	0	0	0	0	0	0	0	0	55	
399044	0	0	0	0	0	0	0	0	0	0	0	45	
399793	0	0	0	0	0	0	0	0	0	0	0	59	
400541	0	0	0	0	0	0	0	0	0	0	0	53	
401293	0	0	0	0	0	0	0	0	0	0	0	43	
402046	0	0	0	0	0	0	0	0	0	0	0	55	
402797	0	0	0	0	0	0	0	0	0	0	0	55	
403549	0	0	0	0	0	0	0	0	0	0	0	59	
404302	0	0	0	0	0	0	0	0	0	0	0	53	
405055	0	0	0	0	0	0	0	0	0	0	0	53	
405806	0	0	0	0	0	0	0	0	0	0	0	51	
406556	0	0	0	0	0	0	0	0	0	0	0	49	
407304	0	0	0	0	0	0	0	0	0	0	0	47	
408055	0	0	0	0	0	0	0	0	0	0	0	45	
408802	0	0	0	0	0	0	0	0	0	0	0	53	
409553	0	0	0	0	0	0	0	0	0	0	0	41	
410306	0	0	0	0	0	0	0	0	0	0	0	55	
411054	0	0	0	0	0	0	0	0	0	0	77	0	
411803	0	0	0	0	0	0	0	0	0	0	67	0	
412553	0	0	0	0	0	0	0	0	0	0	0	55	
413300	0	0	0	0	0	0	0	0	0	0	0	35	
414048	0	0	0	0	0	0	0	0	0	0	0	49	
414795	0	0	0	0	0	0	0	0	0	0	0	51	
415542	0	0	0	0	0	0	0	0	0	0	0	63	
416292	0	0	0	0	0	0	0	0	0	0	0	55	
417040	0	0	0	0	0	0	0	0	0	0	0	49	
417789	0	0	0	0	0	0	0	0	0	0	0	63	
418535	0	0	0	0	0	0	0	0	0	0	0	65	
419288	0	0	0	0	0	0	0	0	0	0	0	53	
420037	0	0	0	0	0	0	0	0	0	0	0	39	
420788	0	0	0	0	0	0	0	0	0	0	0	49	
421535	0	0	0	0	0	0	0	0	0	0	0	45	
422285	0	0	0	0	0	0	0	0	0	0	0	49	
423033	0	0	0	0	0	0	0	0	0	0	0	55	
423782	0	0	0	0	0	0	0	0	0	0	0	57	
424532	0	0	0	0	0	0	0	0	0	0	0	51	
425285	0	0	0	0	0	0	0	0	0	0	0	57	
426035	0	0	0	0	0	0	0	0	0	0	0	53	
426785	0	0	0	0	0	0	0	0	0	0	0	51	
427535	0	0	0	0	0	0	0	0	0	0	0	43	
428287	0	0	0	0	0	0	0	0	0	0	0	43	
429036	0	0	0	0	0	0	0	0	0	0	0	45	
429784	0	0	0	0	0	0	0	0	0	0	0	41	
430531	0	0	0	0	0	0	0	0	0	0	0	39	
431282	0	0	0	0	0	0	0	0	0	0	0	55	
432033	0	0	0	0	0	0	0	0	0	0	0	35	
432784	0	0	0	0	0	0	0	0	0	0	0	51	
433532	0	0	0	0	0	0	0	0	0	0	0	43	
434279	0	0	0	0	0	0	0	0	0	0	0	51	
435028	0	0	0	0	0	0	0	0	0	0	0	49	
435778	0	0	0	0	0	0	0	0	0	0	0	55	
436530	0	0	0	0	0	0	0	0	0	0	0	47	
437278	0	0	0	0	0	0	0	0	0	0	0	59	
438031	0	0	0	0	0	0	0	0	0	0	0	49	
438782	0	0	0	0	0	0	0	0	0	0	0	57	
439533	0	0	0	0	0	0	0	0	0	0	0	59	
440285	0	0	0	0	0	0	0	0	0	0	0	39	
441038	0	0	0	0	0	0	0	0	0	0	0	51	
441785	0	0	0	0	0	0	0	0	0	0	0	45	
442531	0	0	0	0	0	0	0	0	0	0	0	51	
443282	0	0	0	0	0	0	0	0	0	0	0	53	
444031	0	0	0	0	0	0	0	0	0	0	0	55	
444782	0	0	0	0	0	0	0	0	0	0	0	59	
445532	0	0	0	0	0	0	0	0	0	0	0	53	
446282	0	0	0	0	0	0	0	0	0	0	0	43	
447032	0	0	0	0	0	0	0	0	0	0	0	55	
447782	0	0	0	0	0	0	0	0	0	0	2	37	
448534	0	0	0	0	0	0	0	0	0	0	0	51	
449283	0	0	0	0	0	0	0	0	0	0	0	51	
450032	0	0	0	0	0	0	0	0	0	0	0	55	
450783	0	0	0	0	0	0	0	0	0	0	0	39	
451535	0	0	0	0	0	0	0	0	0	0	0	53	
452286	0	0	0	0	0	0	0	0	0	0	0	59	
453036	0	0	0	0	0	0	0	0	0	0	0	43	
453784	0	0	0	0	0	0	0	0	0	0	0	49	
454535	0	0	0	0	0	0	0	0	0	0	0	57	
455283	0	0	0	0	0	0	0	0	0	0	0	51	
456035	0	0	0	0	0	0	0	0	0	0	0	57	
456787	0	0	0	0	0	0	0	0	0	0	0	43	
457539	0	0	0	0	0	0	0	0	0	0	0	61	
458287	0	0	0	0	0	0	0	0	0	0	0	39	
459040	0	0	0	0	0	0	0	0	0	0	0	53	
459788	0	0	0	0	0	0	0	0	0	0	0	53	
460538	0	0	0	0	0	0	0	0	0	0	0	39	
461287	0	0	0	0	0	0	0	0	0	0	0	59	
462039	0	0	0	0	0	0	0	0	0	0	0	55	
462791	0	0	0	0	0	0	0	0	0	0	0	61	
463539	0	0	0	0	0	0	0	0	0	0	0	45	
464289	0	0	0	0	0	0	0	0	0	0	0	53	
465039	0	0	0	0	0	0	0	0	0	0	0	55	
465790	0	0	0	0	0	0	0	0	0	0	0	43	
466543	0	0	0	0	0	0	0	0	0	0	0	57	
467293	0	0	0	0	0	0	0	0	0	0	0	53	
468044	0	0	0	0	0	0	0	0	0	0	0	47	
468792	0	0	0	0	0	0	0	0	0	0	0	55	
469546	0	0	0	0	0	0	0	0	0	0	0	63	
470295	0	0	0	0	0	0	0	0	0	0	0	47	
471045	0	0	0	0	0	0	0	0	0	0	53	0	
471795	0	0	0	0	0	0	0	0	0	0	67	0	
472544	0	0	0	0	0	0	0	0	0	0	67	0	
473292	0	0	0	0	0	0	0	0	0	0	85	0	
474042	0	0	0	0	0	0	0	0	0	71	0	0	
474792	0	0	0	0	0	0	0	0	0	63	0	0	
475542	0	0	0	0	0	0	0	0	0	77	0	0	
476294	0	0	0	0	0	0	0	0	81	0	0	0	
477045	0	0	0	0	0	0	0	0	105	0	0	0	
477794	0	0	0	0	0	0	0	0	91	0	0	0	
478544	0	0	0	0	0	0	0	0	99	0	0	0	
479292	0	0	0	0	0	0	0	0	75	0	0	0	
480043	0	0	0	0	0	0	0	0	91	0	0	0	
480792	0	0	0	0	0	0	0	0	101	0	0	0	
481552	0	0	0	0	0	0	0	0	101	0	0	0	
482301	0	0	0	0	0	0	0	0	87	0	0	0	
483053	0	0	0	0	0	0	0	0	89	0	0	0	
483801	0	0	0	0	0	0	0	0	95	0	0	0	
484554	0	0	0	0	0	0	0	0	93	0	0	0	
485305	0	0	0	0	0	0	0	0	109	0	0	0	
486055	0	0	0	0	0	0	0	0	109	0	0	0	
486804	0	0	0	0	0	0	0	0	99	0	0	0	
487552	0	0	0	0	0	0	0	0	99	0	0	0	
488303	0	0	0	0	0	0	0	0	87	0	0	0	
489052	0	0	0	0	0	0	0	0	99	0	0	0	
489799	0	0	0	0	0	0	0	0	87	0	0	0	
490547	0	0	0	0	0	0	0	0	93	0	0	0	
491297	0	0	0	0	0	0	0	0	85	0	0	0	
492049	0	0	0	0	0	0	0	0	0	57	0	0	
492801	0	0	0	0	0	0	0	0	0	79	0	0	
493550	0	0	0	0	0	0	0	0	0	79	0	0	
494303	0	0	0	0	0	0	0	115	0	0	0	0	
495053	0	0	0	0	0	0	0	115	0	0	0	0	
495804	0	0	0	0	0	0	0	133	0	0	0	0	
496553	0	0	0	0	0	0	0	127	0	0	0	0	
497302	0	0	0	0	0	0	0	119	0	0	0	0	
498052	0	0	0	0	0	0	0	115	0	0	0	0	
498801	0	0	0	0	0	0	0	107	0	0	0	0	
499552	0	0	0	0	0	0	0	109	0	0	0	0	
500300	0	0	0	0	0	0	0	123	0	0	0	0	
501048	0	0	0	0	0	0	0	107	0	0	0	0	
501800	0	0	0	0	0	0	0	113	0	0	0	0	
502549	0	0	0	0	0	0	0	97	0	0	0	0	
503299	0	0	0	0	0	0	0	103	0	0	0	0	
504051	0	0	0	0	0	0	143	0	0	0	0	0	
504803	0	0	0	0	0	0	131	0	0	0	0	0	
505549	0	0	0	0	0	0	147	0	0	0	0	0	
506300	0	0	0	0	0	0	161	0	0	0	0	0	
507053	0	0	0	0	0	0	143	0	0	0	0	0	
507806	0	0	0	0	0	0	153	0	0	0	0	0	
508556	0	0	0	0	0	0	147	0	0	0	0	0	
509310	0	0	0	0	0	0	141	0	0	0	0	0	
510060	0	0	0	0	0	0	0	109	0	0	0	0	
510807	0	0	0	0	0	0	0	111	0	0	0	0	
511560	0	0	0	0	0	0	0	135	0	0	0	0	
512310	0	0	0	0	0	0	0	103	0	0	0	0	
513061	0	0	0	0	0	0	0	107	0	0	0	0	
513811	0	0	0	0	0	0	0	113	0	0	0	0	
514562	0	0	0	0	0	0	0	107	0	0	0	0	
515312	0	0	0	0	0	0	0	123	0	0	0	0	
516060	0	0	0	0	0	0	0	113	0	0	0	0	
516812	0	0	0	0	0	0	0	107	0	0	0	0	
517562	0	0	0	0	0	0	0	117	0	0	0	0	
518315	0	0	0	0	0	0	0	113	0	0	0	0	
519068	0	0	0	0	0	0	0	111	0	0	0	0	
519818	0	0	0	0	0	0	0	121	0	0	0	0	
520567	0	0	0	0	0	0	0	123	0	0	0	0	
521316	0	0	0	0	0	0	0	123	0	0	0	0	
522069	0	0	0	0	0	0	0	101	0	0	0	0	
522819	0	0	0	0	0	0	0	107	0	0	0	0	
523569	0	0	0	0	0	0	0	111	0	0	0	0	
524322	0	0	0	0	0	0	121	0	0	0	0	0	
525075	0	0	0	0	0	0	153	0	0	0	0	0	
525826	0	0	0	0	0	0	0	125	0	0	0	0	
526574	0	0	0	0	0	0	0	109	0	0	0	0	
527322	0	0	0	0	0	0	0	115	0	0	0	0	
528071	0	0	0	0	0	0	0	109	0	0	0	0	
528824	0	0	0	0	0	0	0	99	0	0	0	0	
529575	0	0	0	0	0	0	0	105	0	0	0	0	
530325	0	0	0	0	0	0	0	115	0	0	0	0	
531074	0	0	0	0	0	0	0	99	0	0	0	0	
531827	0	0	0	0	0	0	0	115	0	0	0	0	
532577	0	0	0	0	0	0	0	125	0	0	0	0	
533329	0	0	0	0	0	0	0	145	0	0	0	0	
534078	0	0	0	0	0	0	0	111	0	0	0	0	
534831	0	0	0	0	0	0	0	113	0	0	0	0	
535581	0	0	0	0	0	0	0	107	0	0	0	0	
536328	0	0	0	0	0	0	0	109	0	0	0	0	
537078	0	0	0	0	0	0	0	107	0	0	0	0	
537830	0	0	0	0	0	0	0	117	0	0	0	0	
538580	0	0	0	0	0	0	0	113	0	0	0	0	
539329	0	0	0	0	0	0	0	109	0	0	0	0	
540079	0	0	0	0	0	0	0	109	0	0	0	0	
540828	0	0	0	0	0	0	0	115	0	0	0	0	
541579	0	0	0	0	0	0	0	119	0	0	0	0	
542333	0	0	0	0	0	0	0	99	0	0	0	0	
543082	0	0	0	0	0	0	0	113	0	0	0	0	
543833	0	0	0	0	0	0	0	113	0	0	0	0	
544584	0	0	0	0	0	0	0	119	0	0	0	0	
545336	0	0	0	0	0	0	0	109	0	0	0	0	
546085	0	0	0	0	0	0	0	105	0	0	0	0	
546836	0	0	0	0	0	0	0	127	0	0	0	0	
547585	0	0	0	0	0	0	0	119	0	0	0	0	
548335	0	0	0	0	0	0	0	111	0	0	0	0	
549086	0	0	0	0	0	0	0	117	0	0	0	0	
549833	0	0	0	0	0	0	0	109	0	0	0	0	
550583	0	0	0	0	0	0	0	105	0	0	0	0	
551331	0	0	0	0	0	0	0	117	0	0	0	0	
552079	0	0	0	0	0	0	0	125	0	0	0	0	
552828	0	0	0	0	0	0	0	111	0	0	0	0	
553576	0	0	0	0	0	0	0	115	0	0	0	0	
554329	0	0	0	0	0	0	0	103	0	0	0	0	
555082	0	0	0	0	0	0	0	127	0	0	0	0	
555832	0	0	0	0	0	0	0	111	0	0	0	0	
556581	0	0	0	0	0	0	0	113	0	0	0	0	
557330	0	0	0	0	0	0	0	113	0	0	0	0	
558078	0	0	0	0	0	0	0	121	0	0	0	0	
558830	0	0	0	0	0	0	0	0	93	0	0	0	
559578	0	0	0	0	0	0	0	113	0	0	0	0	
560330	0	0	0	0	0	0	0	111	0	0	0	0	
561078	0	0	0	0	0	0	0	105	0	0	0	0	
561826	0	0	0	0	0	0	0	123	0	0	0	0	
562576	0	0	0	0	0	0	0	117	0	0	0	0	
563326	0	0	0	0	0	0	0	111	0	0	0	0	
564078	0	0	0	0	0	0	0	117	0	0	0	0	
564826	0	0	0	0	0	0	0	125	0	0	0	0	
565576	0	0	0	0	0	0	0	115	0	0	0	0	
566326	0	0	0	0	0	0	0	123	0	0	0	0	
567075	0	0	0	0	0	0	0	125	0	0	0	0	
567824	0	0	0	0	0	0	0	103	0	0	0	0	
568576	0	0	0	0	0	0	0	133	0	0	0	0	
569325	0	0	0	0	0	0	0	99	0	0	0	0	
570073	0	0	0	0	0	0	0	97	0	0	0	0	
570821	0	0	0	0	0	0	0	0	93	0	0	0	
571570	0	0	0	0	0	0	0	0	71	0	0	0	
572321	0	0	0	0	0	0	0	0	0	75	0	0	
573070	0	0	0	0	0	0	0	0	0	83	0	0	
573821	0	0	0	0	0	0	0	0	0	73	0	0	
574570	0	0	0	0	0	0	0	0	0	89	0	0	
575319	0	0	0	0	0	0	0	0	0	69	0	0	
576068	0	0	0	0	0	0	0	0	0	75	0	0	
576818	0	0	0	0	0	0	0	0	0	73	0	0	
577569	0	0	0	0	0	0	0	0	0	87	0	0	
578318	0	0	0	0	0	0	0	0	0	79	0	0	
579070	0	0	0	0	0	0	0	0	0	79	0	0	
579821	0	0	0	0	0	0	0	0	0	79	0	0	
580572	0	0	0	0	0	0	0	0	0	71	0	0	
581323	0	0	0	0	0	0	0	0	0	79	0	0	
582067	0	0	0	0	0	0	0	0	0	75	0	0	
582818	0	0	0	0	0	0	0	0	0	77	0	0	
583565	0	0	0	0	0	0	0	0	0	101	0	0	
584313	0	0	0	0	0	0	0	0	0	75	0	0	
585064	0	0	0	0	0	0	0	0	0	71	0	0	
585812	0	0	0	0	0	0	0	0	0	69	0	0	
586561	0	0	0	0	0	0	0	0	0	63	0	0	
587311	0	0	0	0	0	0	0	0	0	59	0	0	
588062	0	0	0	0	0	0	0	0	0	83	0	0	
588810	0	0	0	0	0	0	0	0	0	83	0	0	
589560	0	0	0	0	0	0	0	0	0	69	0	0	
590311	0	0	0	0	0	0	0	0	0	75	0	0	
591060	0	0	0	0	0	0	0	0	0	61	0	0	
591810	0	0	0	0	0	0	0	0	0	83	0	0	
592561	0	0	0	0	0	0	0	0	0	83	0	0	
593311	0	0	0	0	0	0	0	0	0	71	0	0	
594062	0	0	0	0	0	0	0	0	0	73	0	0	
594813	0	0	0	0	0	0	0	0	0	91	0	0	
595565	0	0	0	0	0	0	0	0	0	79	0	0	
596316	0	0	0	0	0	0	0	0	0	87	0	0	
597067	0	0	0	0	0	0	0	0	0	75	0	0	
597813	0	0	0	0	0	0	0	0	0	0	63	0	
598564	0	0	0	0	0	0	0	0	0	0	0	55	
599314	0	0	0	0	0	0	0	0	0	0	0	57	
600063	0	0	0	0	0	0	0	0	0	0	0	43	
600814	0	0	0	0	0	0	0	0	0	0	0	61	
601564	0	0	0	0	0	0	0	0	0	0	0	51	
602314	0	0	0	0	0	0	0	0	0	0	63	0	
603062	0	0	0	0	0	0	0	0	0	0	63	0	
603811	0	0	0	0	0	0	0	0	0	0	55	0	
604561	0	0	0	0	0	0	0	0	0	0	67	0	
605314	0	0	0	0	0	0	0	0	0	0	79	0	
606062	0	0	0	0	0	0	0	0	0	0	67	0	
606810	0	0	0	0	0	0	0	0	0	0	51	0	
607562	0	0	0	0	0	0	0	0	0	0	63	0	
608311	0	0	0	0	0	0	0	0	0	83	0	0	
609063	0	0	0	0	0	0	0	0	0	81	0	0	
609813	0	0	0	0	0	0	0	0	0	77	0	0	
610564	0	0	0	0	0	0	0	0	0	85	0	0	
611313	0	0	0	0	0	0	0	0	0	71	0	0	
612068	0	0	0	0	0	0	0	0	0	81	0	0	
612817	0	0	0	0	0	0	0	0	0	65	0	0	
613568	0	0	0	0	0	0	0	0	0	71	0	0	
614317	0	0	0	0	0	0	0	0	0	75	0	0	
615069	0	0	0	0	0	0	0	0	0	71	0	0	
615823	0	0	0	0	0	0	0	0	0	87	0	0	
616572	0	0	0	0	0	0	0	0	0	81	0	0	
617320	0	0	0	0	0	0	0	0	0	69	0	0	
618071	0	0	0	0	0	0	0	0	0	79	0	0	
618821	0	0	0	0	0	0	0	0	0	75	0	0	
619569	0	0	0	0	0	0	0	0	0	73	0	0	
620317	0	0	0	0	0	0	0	0	0	75	0	0	
621067	0	0	0	0	0	0	0	0	0	67	0	0	
621816	0	0	0	0	0	0	0	0	0	83	0	0	
622568	0	0	0	0	0	0	0	0	0	75	0	0	
623317	0	0	0	0	0	0	0	0	0	81	0	0	
624068	0	0	0	0	0	0	0	0	0	67	0	0	
624821	0	0	0	0	0	0	0	0	0	77	0	0	
625570	0	0	0	0	0	0	0	0	0	81	0	0	
626321	0	0	0	0	0	0	0	0	0	91	0	0	
627068	0	0	0	0	0	0	0	0	0	97	0	0	
627819	0	0	0	0	0	0	0	0	0	79	0	0	
628570	0	0	0	0	0	0	0	0	0	75	0	0	
629317	0	0	0	0	0	0	0	0	0	81	0	0	
630071	0	0	0	0	0	0	0	0	0	79	0	0	
630820	0	0	0	0	0	0	0	0	0	77	0	0	
631573	0	0	0	0	0	0	0	0	0	75	0	0	
632325	0	0	0	0	0	0	0	0	0	89	0	0	
633074	0	0	0	0	0	0	0	0	0	71	0	0	
633823	0	0	0	0	0	0	0	0	0	77	0	0	
634572	0	0	0	0	0	0	0	0	0	69	0	0	
635324	0	0	0	0	0	0	0	0	0	81	0	0	
636073	0	0	0	0	0	0	0	0	0	69	0	0	
636825	0	0	0	0	0	0	0	0	0	69	0	0	
637578	0	0	0	0	0	0	0	0	0	77	0	0	
638330	0	0	0	0	0	0	0	0	0	53	0	0	
639082	0	0	0	0	0	0	0	0	0	81	0	0	
639832	0	0	0	0	0	0	0	0	0	85	0	0	
640583	0	0	0	0	0	0	0	0	0	69	0	0	
641330	0	0	0	0	0	0	0	0	0	71	0	0	
642078	0	0	0	0	0	0	0	0	0	69	0	0	
642827	0	0	0	0	0	0	0	0	0	75	0	0	
643578	0	0	0	0	0	0	0	0	0	85	0	0	
644325	0	0	0	0	0	0	0	0	0	79	0	0	
645073	0	0	0	0	0	0	0	0	0	63	0	0	
645823	0	0	0	0	0	0	0	0	0	71	0	0	
646576	0	0	0	0	0	0	0	0	0	93	0	0	
647326	0	0	0	0	0	0	0	0	0	95	0	0	
648076	0	0	0	0	0	0	0	0	0	69	0	0	
648826	0	0	0	0	0	0	0	0	0	75	0	0	
649578	0	0	0	0	0	0	0	0	0	87	0	0	
650328	0	0	0	0	0	0	0	0	0	85	0	0	
651076	0	0	0	0	0	0	0	0	0	75	0	0	
651826	0	0	0	0	0	0	0	0	0	81	0	0	
652574	0	0	0	0	0	0	0	0	0	73	0	0	
653327	0	0	0	0	0	0	0	0	0	77	0	0	
654074	0	0	0	0	0	0	0	0	0	71	0	0	
654826	0	0	0	0	0	0	0	0	0	93	0	0	
655574	0	0	0	0	0	0	0	0	0	87	0	0	
656323	0	0	0	0	0	0	0	0	0	79	0	0	
657074	0	0	0	0	0	0	0	0	0	75	0	0	
657824	0	0	0	0	0	0	0	0	0	75	0	0	
658573	0	0	0	0	0	0	0	0	0	85	0	0	
659322	0	0	0	0	0	0	0	0	0	69	0	0	
660073	0	0	0	0	0	0	0	0	0	79	0	0	
660819	0	0	0	0	0	0	0	0	0	75	0	0	
661571	0	0	0	0	0	0	0	0	0	0	61	0	
662320	0	0	0	0	0	0	0	0	0	0	57	0	
663067	0	0	0	0	0	0	0	0	0	0	59	0	
663817	0	0	0	0	0	0	0	0	0	0	65	0	
664565	0	0	0	0	0	0	0	0	0	0	0	41	
665311	0	0	0	0	0	0	0	0	0	0	0	63	
666064	0	0	0	0	0	0	0	0	0	0	0	59	
666815	0	0	0	0	0	0	0	0	0	0	0	49	
667566	0	0	0	0	0	0	0	0	0	0	0	55	
668317	0	0	0	0	0	0	0	0	0	0	0	57	
669068	0	0	0	0	0	0	0	0	0	0	0	59	
669819	0	0	0	0	0	0	0	0	0	0	0	45	
670571	0	0	0	0	0	0	0	0	0	0	0	41	
671320	0	0	0	0	0	0	0	0	0	0	0	41	
672071	0	0	0	0	0	0	0	0	0	0	0	47	
672820	0	0	0	0	0	0	0	0	0	0	0	49	
673567	0	0	0	0	0	0	0	0	0	0	0	59	
674320	0	0	0	0	0	0	0	0	0	0	0	41	
675067	0	0	0	0	0	0	0	0	0	0	0	61	
675821	0	0	0	0	0	0	0	0	0	0	0	43	
676571	0	0	0	0	0	0	0	0	0	0	0	49	
677317	0	0	0	0	0	0	0	0	0	0	0	49	
678068	0	0	0	0	0	0	0	0	0	0	0	47	
678818	0	0	0	0	0	0	0	0	0	0	0	37	
679569	0	0	0	0	0	0	0	0	0	0	0	49	
680319	0	0	0	0	0	0	0	0	0	0	0	57	
681068	0	0	0	0	0	0	0	0	0	0	0	51	
681818	0	0	0	0	0	0	0	0	0	0	0	49	
682568	0	0	0	0	0	0	0	0	0	0	0	43	
683321	0	0	0	0	0	0	0	0	0	0	46	5	
684072	0	0	0	0	0	0	0	0	0	0	0	49	
684820	0	0	0	0	0	0	0	0	0	0	0	67	
685570	0	0	0	0	0	0	0	0	0	0	0	47	
686319	0	0	0	0	0	0	0	0	0	0	0	53	
687069	0	0	0	0	0	0	0	0	0	0	0	55	
687819	0	0	0	0	0	0	0	0	0	0	61	0	
688568	0	0	0	0	0	0	0	0	0	0	55	0	
689319	0	0	0	0	0	0	0	0	0	0	0	47	
690071	0	0	0	0	0	0	0	0	0	0	0	53	
690821	0	0	0	0	0	0	0	0	0	0	0	55	
691571	0	0	0	0	0	0	0	0	0	0	0	53	
692315	0	0	0	0	0	0	0	0	0	0	0	51	
693066	0	0	0	0	0	0	0	0	0	0	0	47	
693814	0	0	0	0	0	0	0	0	0	0	61	0	
694563	0	0	0	0	0	0	0	0	0	0	0	49	
695310	0	0	0	0	0	0	0	0	0	0	0	53	
696061	0	0	0	0	0	0	0	0	0	0	0	59	
696816	0	0	0	0	0	0	0	0	0	0	0	49	
697566	0	0	0	0	0	0	0	0	0	0	0	49	
698318	0	0	0	0	0	0	0	0	0	0	0	45	
699066	0	0	0	0	0	0	0	0	0	0	0	53	
699814	0	0	0	0	0	0	0	0	0	0	0	53	
700565	0	0	0	0	0	0	0	0	0	0	0	35	
701316	0	0	0	0	0	0	0	0	0	0	0	57	
702064	0	0	0	0	0	0	0	0	0	0	0	53	
702818	0	0	0	0	0	0	0	0	0	0	0	43	
703568	0	0	0	0	0	0	0	0	0	0	0	47	
704318	0	0	0	0	0	0	0	0	0	0	0	57	
705070	0	0	0	0	0	0	0	0	0	0	0	43	
705819	0	0	0	0	0	0	0	0	0	0	0	43	
706571	0	0	0	0	0	0	0	0	0	0	0	55	
707322	0	0	0	0	0	0	0	0	0	0	0	47	
708074	0	0	0	0	0	0	0	0	0	0	0	51	
708827	0	0	0	0	0	0	0	0	0	0	0	57	
709576	0	0	0	0	0	0	0	0	0	0	0	47	
710325	0	0	0	0	0	0	0	0	0	0	0	45	
711077	0	0	0	0	0	0	0	0	0	0	0	55	
711826	0	0	0	0	0	0	0	0	0	0	0	41	
712577	0	0	0	0	0	0	0	0	0	0	73	0	
713329	0	0	0	0	0	0	0	0	0	0	71	0	
714084	0	0	0	0	0	0	0	0	0	0	57	0	
714835	0	0	0	0	0	0	0	0	0	0	65	0	
715584	0	0	0	0	0	0	0	0	0	0	0	53	
716333	0	0	0	0	0	0	0	0	0	0	0	45	
717079	0	0	0	0	0	0	0	0	0	0	0	53	
717829	0	0	0	0	0	0	0	0	0	0	0	55	
718579	0	0	0	0	0	0	0	0	0	0	0	31	
719326	0	0	0	0	0	0	0	0	0	0	0	41	
720079	0	0	0	0	0	0	0	0	0	0	0	49	
720825	0	0	0	0	0	0	0	0	0	0	0	63	
721577	0	0	0	0	0	0	0	0	0	0	63	0	
722328	0	0	0	0	0	0	0	0	0	0	61	0	
723077	0	0	0	0	0	0	0	0	0	0	63	0	
723827	0	0	0	0	0	0	0	0	0	0	67	0	
724580	0	0	0	0	0	0	0	0	0	0	59	0	
725329	0	0	0	0	0	0	0	0	0	0	61	0	
726079	0	0	0	0	0	0	0	0	0	0	67	0	
726829	0	0	0	0	0	0	0	0	0	0	67	0	
727580	0	0	0	0	0	0	0	0	0	0	69	0	
728329	0	0	0	0	0	0	0	0	0	0	45	0	
729076	0	0	0	0	0	0	0	0	0	0	51	0	
729829	0	0	0	0	0	0	0	0	0	0	20	29	
730576	0	0	0	0	0	0	0	0	0	0	0	43	
731324	0	0	0	0	0	0	0	0	0	0	0	43	
732074	0	0	0	0	0	0	0	0	0	0	0	47	
732821	0	0	0	0	0	0	0	0	0	0	0	67	
733573	0	0	0	0	0	0	0	0	0	0	0	63	
734320	0	0	0	0	0	0	0	0	0	0	0	49	
735065	0	0	0	0	0	0	0	0	0	0	0	39	
735813	0	0	0	0	0	0	0	0	0	0	0	49	
736562	0	0	0	0	0	0	0	0	0	0	0	57	
737312	0	0	0	0	0	0	0	0	0	0	0	49	
738062	0	0	0	0	0	0	0	0	0	0	0	43	
738813	0	0	0	0	0	0	0	0	0	0	0	45	
739562	0	0	0	0	0	0	0	0	0	0	0	61	
740311	0	0	0	0	0	0	0	0	0	0	0	45	
741062	0	0	0	0	0	0	0	0	0	0	0	43	
741813	0	0	0	0	0	0	0	0	0	0	0	45	
742563	0	0	0	0	0	0	0	0	0	0	0	45	
743310	0	0	0	0	0	0	0	0	0	0	0	51	
744060	0	0	0	0	0	0	0	0	0	0	0	47	
744811	0	0	0	0	0	0	0	0	0	0	0	43	
745562	0	0	0	0	0	0	0	0	0	0	0	51	
746314	0	0	0	0	0	0	0	0	0	0	25	32	
747062	0	0	0	0	0	0	0	0	0	0	0	53	
747812	0	0	0	0	0	0	0	0	0	0	0	41	
748560	0	0	0	0	0	0	0	0	0	0	0	37	
749308	0	0	0	0	0	0	0	0	0	0	0	51	
750060	0	0	0	0	0	0	0	0	0	0	0	45	
750810	0	0	0	0	0	0	0	0	0	0	0	45	
751563	0	0	0	0	0	0	0	0	0	0	0	43	
752314	0	0	0	0	0	0	0	0	0	0	0	45	
753063	0	0	0	0	0	0	0	0	0	0	0	53	
753811	0	0	0	0	0	0	0	0	0	0	0	55	
754559	0	0	0	0	0	0	0	0	0	0	0	49	
755307	0	0	0	0	0	0	0	0	0	0	0	49	
756056	0	0	0	0	0	0	0	0	0	0	0	51	
756807	0	0	0	0	0	0	0	0	0	0	0	49	
757560	0	0	0	0	0	0	0	0	0	0	0	53	
758307	0	0	0	0	0	0	0	0	0	0	0	55	
759057	0	0	0	0	0	0	0	0	0	0	0	49	
759806	0	0	0	0	0	0	0	0	0	0	0	51	
760555	0	0	0	0	0	0	0	0	0	0	0	57	
761306	0	0	0	0	0	0	0	0	0	0	0	53	
762059	0	0	0	0	0	0	0	0	0	0	0	55	
762812	0	0	0	0	0	0	0	0	0	0	51	0	
763559	0	0	0	0	0	0	0	0	0	0	51	0	
764311	0	0	0	0	0	0	0	0	0	0	63	0	
765060	0	0	0	0	0	0	0	0	0	0	57	0	
765809	0	0	0	0	0	0	0	0	0	0	69	0	
766561	0	0	0	0	0	0	0	0	0	0	73	0	
767311	0	0	0	0	0	0	0	0	0	0	57	0	
768060	0	0	0	0	0	0	0	0	0	0	61	0	
768810	0	0	0	0	0	0	0	0	0	0	59	0	
769562	0	0	0	0	0	0	0	0	0	0	0	35	
770312	0	0	0	0	0	0	0	0	0	0	0	47	
771061	0	0	0	0	0	0	0	0	0	0	0	43	
771809	0	0	0	0	0	0	0	0	0	0	0	51	
772559	0	0	0	0	0	0	0	0	0	0	51	0	
773311	0	0	0	0	0	0	0	0	0	77	0	0	
774061	0	0	0	0	0	0	0	0	0	75	0	0	
774813	0	0	0	0	0	0	0	0	0	79	0	0	
775563	0	0	0	0	0	0	0	0	0	83	0	0	
776310	0	0	0	0	0	0	0	0	0	71	0	0	
777055	0	0	0	0	0	0	0	0	0	81	0	0	
777803	0	0	0	0	0	0	0	0	0	77	0	0	
778556	0	0	0	0	0	0	0	0	0	69	0	0	
779307	0	0	0	0	0	0	0	0	0	83	0	0	
780056	0	0	0	0	0	0	0	0	0	73	0	0	
780803	0	0	0	0	0	0	0	0	0	59	0	0	
781551	0	0	0	0	0	0	0	0	0	65	0	0	
782296	0	0	0	0	0	0	0	0	0	77	0	0	
783044	0	0	0	0	0	0	0	0	0	69	0	0	
783794	0	0	0	0	0	0	0	0	0	57	0	0	
784545	0	0	0	0	0	0	0	0	0	79	0	0	
785295	0	0	0	0	0	0	0	0	0	77	0	0	
786045	0	0	0	0	0	0	0	0	0	0	57	0	
786797	0	0	0	0	0	0	0	0	0	93	0	0	
787547	0	0	0	0	0	0	0	0	0	63	0	0	
788297	0	0	0	0	0	0	0	0	0	0	67	0	
789047	0	0	0	0	0	0	0	0	0	0	65	0	
789799	0	0	0	0	0	0	0	0	0	0	77	0	
790548	0	0	0	0	0	0	0	0	0	0	71	0	
791295	0	0	0	0	0	0	0	0	0	0	61	0	
792046	0	0	0	0	0	0	0	0	0	0	0	47	
792798	0	0	0	0	0	0	0	0	0	0	0	55	
793546	0	0	0	0	0	0	0	0	0	0	0	49	
794295	0	0	0	0	0	0	0	0	0	0	0	49	
795047	0	0	0	0	0	0	0	0	0	0	0	57	
795796	0	0	0	0	0	0	0	0	0	0	0	39	
796545	0	0	0	0	0	0	0	0	0	0	0	53	
797296	0	0	0	0	0	0	0	0	0	0	3	48	
798045	0	0	0	0	0	0	0	0	0	0	0	43	
798796	0	0	0	0	0	0	0	0	0	0	0	45	
799547	0	0	0	0	0	0	0	0	0	0	0	53	
800298	0	0	0	0	0	0	0	0	0	0	0	61	
801047	0	0	0	0	0	0	0	0	0	0	0	43	
801798	0	0	0	0	0	0	0	0	0	0	83	0	
802547	0	0	0	0	0	0	0	0	0	0	51	0	
803293	0	0	0	0	0	0	0	0	0	0	59	0	
804046	0	0	0	0	0	0	0	0	0	0	65	0	
804796	0	0	0	0	0	0	0	0	0	0	63	0	
805541	0	0	0	0	0	0	0	0	0	0	69	0	
806292	0	0	0	0	0	0	0	0	0	0	59	0	
807043	0	0	0	0	0	0	0	0	0	0	49	0	
807791	0	0	0	0	0	0	0	0	0	0	67	0	
808541	0	0	0	0	0	0	0	0	0	0	0	41	
809292	0	0	0	0	0	0	0	0	0	0	0	47	
810042	0	0	0	0	0	0	0	0	0	0	0	61	
810793	0	0	0	0	0	0	0	0	0	0	0	41	
811543	0	0	0	0	0	0	0	0	0	0	0	55	
812290	0	0	0	0	0	0	0	0	0	0	0	51	
813041	0	0	0	0	0	0	0	0	0	0	0	57	
813790	0	0	0	0	0	0	0	0	0	0	0	51	
814542	0	0	0	0	0	0	0	0	0	0	0	61	
815290	0	0	0	0	0	0	0	0	0	0	0	49	
816038	0	0	0	0	0	0	0	0	0	0	0	43	
816792	0	0	0	0	0	0	0	0	0	0	0	47	
817543	0	0	0	0	0	0	0	0	0	0	0	45	
818295	0	0	0	0	0	0	0	0	0	0	0	63	
819045	0	0	0	0	0	0	0	0	0	0	0	51	
819791	0	0	0	0	0	0	0	0	0	0	0	49	
820542	0	0	0	0	0	0	0	0	0	0	0	53	
821292	0	0	0	0	0	0	0	0	0	0	0	47	
822043	0	0	0	0	0	0	0	0	0	0	0	55	
822792	0	0	0	0	0	0	0	0	0	0	0	41	
823545	0	0	0	0	0	0	0	0	0	0	0	45	
824291	0	0	0	0	0	0	0	0	0	0	0	59	
825039	0	0	0	0	0	0	0	0	0	0	0	57	
825790	0	0	0	0	0	0	0	0	0	0	0	53	
826543	0	0	0	0	0	0	0	0	0	0	0	51	
827291	0	0	0	0	0	0	0	0	0	0	0	43	
828043	0	0	0	0	0	0	0	0	0	0	0	65	
828794	0	0	0	0	0	0	0	0	0	0	0	41	
829544	0	0	0	0	0	0	0	0	0	0	0	43	
830295	0	0	0	0	0	0	0	0	0	0	0	43	
831047	0	0	0	0	0	0	0	0	0	0	0	57	
831797	0	0	0	0	0	0	0	0	0	0	0	43	
832544	0	0	0	0	0	0	0	0	0	0	0	51	
833295	0	0	0	0	0	0	0	0	0	0	0	51	
834045	0	0	0	0	0	0	0	0	0	0	0	37	
834795	0	0	0	0	0	0	0	0	0	0	0	63	
835545	0	0	0	0	0	0	0	0	0	0	0	51	
836296	0	0	0	0	0	0	0	0	0	0	0	43	
837046	0	0	0	0	0	0	0	0	0	0	0	71	
837797	0	0	0	0	0	0	0	0	0	0	0	53	
838545	0	0	0	0	0	0	0	0	0	0	0	59	
839297	0	0	0	0	0	0	0	0	0	0	0	49	
840048	0	0	0	0	0	0	0	0	0	0	0	45	
840795	0	0	0	0	0	0	0	0	0	0	0	51	
841545	0	0	0	0	0	0	0	0	0	0	0	49	
842296	0	0	0	0	0	0	0	0	0	0	0	49	
843047	0	0	0	0	0	0	0	0	0	0	53	0	
843797	0	0	0	0	0	0	0	0	0	0	53	0	
844548	0	0	0	0	0	0	0	0	0	0	67	0	
845299	0	0	0	0	0	0	0	0	0	0	51	0	
846051	0	0	0	0	0	0	0	0	0	0	69	0	
846802	0	0	0	0	0	0	0	0	0	0	61	0	
847550	0	0	0	0	0	0	0	0	0	0	69	0	
848298	0	0	0	0	0	0	0	0	0	0	59	0	
849052	0	0	0	0	0	0	0	0	0	0	55	0	
849802	0	0	0	0	0	0	0	0	0	0	45	0	
850553	0	0	0	0	0	0	0	0	0	0	61	0	
851306	0	0	0	0	0	0	0	0	0	0	63	0	
852059	0	0	0	0	0	0	0	0	0	0	65	0	
852809	0	0	0	0	0	0	0	0	0	0	63	0	
853560	0	0	0	0	0	0	0	0	0	0	47	0	
854310	0	0	0	0	0	0	0	0	0	0	67	0	
855061	0	0	0	0	0	0	0	0	0	0	63	0	
855812	0	0	0	0	0	0	0	0	0	0	59	0	
856566	0	0	0	0	0	0	0	0	0	0	61	0	
857315	0	0	0	0	0	0	0	0	0	0	0	55	
858063	0	0	0	0	0	0	0	0	0	0	0	53	
858814	0	0	0	0	0	0	0	0	0	0	67	0	
859566	0	0	0	0	0	0	0	0	0	0	69	0	
860312	0	0	0	0	0	0	0	0	0	0	77	0	
861062	0	0	0	0	0	0	0	0	0	0	73	0	
861808	0	0	0	0	0	0	0	0	0	0	51	0	
862556	0	0	0	0	0	0	0	0	0	0	59	0	
863306	0	0	0	0	0	0	0	0	0	0	67	0	
864058	0	0	0	0	0	0	0	0	0	0	61	0	
864811	0	0	0	0	0	0	0	0	0	0	57	0	
865558	0	0	0	0	0	0	0	0	0	0	51	0	
866309	0	0	0	0	0	0	0	0	0	0	75	0	
867059	0	0	0	0	0	0	0	0	0	0	59	0	
867808	0	0	0	0	0	0	0	0	0	0	59	0	
868558	0	0	0	0	0	0	0	0	0	0	61	0	
869309	0	0	0	0	0	0	0	0	0	0	69	0	
870056	0	0	0	0	0	0	0	0	0	0	61	0	
870806	0	0	0	0	0	0	0	0	0	0	55	0	
871558	0	0	0	0	0	0	0	0	0	0	67	0	
872304	0	0	0	0	0	0	0	0	0	0	57	0	
873054	0	0	0	0	0	0	0	0	0	0	69	0	
873804	0	0	0	0	0	0	0	0	0	0	63	0	
874553	0	0	0	0	0	0	0	0	0	0	53	0	
875303	0	0	0	0	0	0	0	0	0	0	73	0	
876057	0	0	0	0	0	0	0	0	0	0	0	61	
876809	0	0	0	0	0	0	0	0	0	0	0	53	
877558	0	0	0	0	0	0	0	0	0	0	0	45	
878307	0	0	0	0	0	0	0	0	0	0	0	51	
879057	0	0	0	0	0	0	0	0	0	0	0	51	
879807	0	0	0	0	0	0	0	0	0	0	0	57	
880558	0	0	0	0	0	0	0	0	0	0	0	45	
881311	0	0	0	0	0	0	0	0	0	0	0	45	
882060	0	0	0	0	0	0	0	0	0	0	0	41	
882810	0	0	0	0	0	0	0	0	0	0	0	49	
883558	0	0	0	0	0	0	0	0	0	0	0	51	
884304	0	0	0	0	0	0	0	0	0	0	0	53	
885055	0	0	0	0	0	0	0	0	0	0	0	51	
885807	0	0	0	0	0	0	0	0	0	0	0	47	
886557	0	0	0	0	0	0	0	0	0	0	0	47	
887311	0	0	0	0	0	0	0	0	0	0	0	55	
888059	0	0	0	0	0	0	0	0	0	0	0	39	
888807	0	0	0	0	0	0	0	0	0	0	0	47	
889558	0	0	0	0	0	0	0	0	0	0	0	49	
890307	0	0	0	0	0	0	0	0	0	0	0	59	
891057	0	0	0	0	0	0	0	0	0	0	6	43	
891807	0	0	0	0	0	0	0	0	0	0	0	29	
892558	0	0	0	0	0	0	0	0	0	0	0	69	
893308	0	0	0	0	0	0	0	0	0	0	0	55	
894058	0	0	0	0	0	0	0	0	0	0	0	63	
894811	0	0	0	0	0	0	0	0	0	0	0	45	
895559	0	0	0	0	0	0	0	0	0	0	0	57	
896308	0	0	0	0	0	0	0	0	0	0	0	47	
897055	0	0	0	0	0	0	0	0	0	0	0	55	
897808	0	0	0	0	0	0	0	0	0	0	0	49	
898556	0	0	0	0	0	0	0	0	0	0	0	35	
899305	0	0	0	0	0	0	0	0	0	0	0	49	
900057	0	0	0	0	0	0	0	0	0	0	0	47	
900803	0	0	0	0	0	0	0	0	0	0	0	71	
901554	0	0	0	0	0	0	0	0	0	0	0	47	
902302	0	0	0	0	0	0	0	0	0	0	0	51	
903056	0	0	0	0	0	0	0	0	0	0	0	51	
903808	0	0	0	0	0	0	0	0	0	0	0	57	
904562	0	0	0	0	0	0	0	0	0	0	0	53	
905313	0	0	0	0	0	0	0	0	0	0	0	55	
906060	0	0	0	0	0	0	0	0	0	0	0	53	
906811	0	0	0	0	0	0	0	0	0	0	73	0	
907559	0	0	0	0	0	0	0	0	0	0	63	0	
908308	0	0	0	0	0	0	0	0	0	0	49	0	
909060	0	0	0	0	0	0	0	0	0	0	63	0	
909810	0	0	0	0	0	0	0	0	0	0	65	0	
910564	0	0	0	0	0	0	0	0	0	0	57	0	
911313	0	0	0	0	0	0	0	0	0	0	67	0	
912061	0	0	0	0	0	0	0	0	0	69	0	0	
912811	0	0	0	0	0	0	0	0	0	0	59	0	
913558	0	0	0	0	0	0	0	0	0	0	55	0	
914308	0	0	0	0	0	0	0	0	0	0	51	0	
915054	0	0	0	0	0	0	0	0	0	0	63	0	
915805	0	0	0	0	0	0	0	0	0	0	61	0	
916552	0	0	0	0	0	0	0	0	0	0	51	0	
917300	0	0	0	0	0	0	0	0	0	0	69	0	
918050	0	0	0	0	0	0	0	0	0	77	0	0	
918798	0	0	0	0	0	0	0	0	0	79	0	0	
919548	0	0	0	0	0	0	0	0	0	53	0	0	
920299	0	0	0	0	0	0	0	0	0	73	0	0	
921049	0	0	0	0	0	0	0	0	0	65	0	0	
921804	0	0	0	0	0	0	0	0	81	0	0	0	
922550	0	0	0	0	0	0	0	0	79	0	0	0	
923298	0	0	0	0	0	0	0	0	93	0	0	0	
924048	0	0	0	0	0	0	0	0	91	0	0	0	
924798	0	0	0	0	0	0	0	0	81	0	0	0	
925549	0	0	0	0	0	0	0	0	85	0	0	0	
926297	0	0	0	0	0	0	0	0	93	0	0	0	
927050	0	0	0	0	0	0	0	0	89	0	0	0	
927800	0	0	0	0	0	0	0	0	71	0	0	0	
928550	0	0	0	0	0	0	0	0	91	0	0	0	
929301	0	0	0	0	0	0	0	0	109	0	0	0	
930050	0	0	0	0	0	0	0	0	101	0	0	0	
930799	0	0	0	0	0	0	0	0	99	0	0	0	
931549	0	0	0	0	0	0	0	0	89	0	0	0	
932302	0	0	0	0	0	0	0	0	97	0	0	0	
933053	0	0	0	0	0	0	0	0	85	0	0	0	
933804	0	0	0	0	0	0	0	0	99	0	0	0	
934556	0	0	0	0	0	0	0	0	84	1	0	0	
935304	0	0	0	0	0	0	0	0	113	0	0	0	
936052	0	0	0	0	0	0	0	0	79	0	0	0	
936802	0	0	0	0	0	0	0	0	85	0	0	0	
937554	0	0	0	0	0	0	0	0	105	0	0	0	
938307	0	0	0	0	0	0	0	0	83	0	0	0	
939056	0	0	0	0	0	0	0	0	105	0	0	0	
939805	0	0	0	0	0	0	0	0	83	0	0	0	
940554	0	0	0	0	0	0	0	0	107	0	0	0	
941305	0	0	0	0	0	0	0	0	83	0	0	0	
942053	0	0	0	0	0	0	0	0	105	0	0	0	
942806	0	0	0	0	0	0	0	0	95	0	0	0	
943561	0	0	0	0	0	0	0	0	105	0	0	0	
944313	0	0	0	0	0	0	0	0	67	12	0	0	
945066	0	0	0	0	0	0	0	0	83	0	0	0	
945820	0	0	0	0	0	0	0	0	97	0	0	0	
946567	0	0	0	0	0	0	0	0	91	0	0	0	
947317	0	0	0	0	0	0	0	0	85	0	0	0	
948066	0	0	0	0	0	0	0	0	91	0	0	0	
948818	0	0	0	0	0	0	0	0	99	0	0	0	
949568	0	0	0	0	0	0	0	0	93	0	0	0	
950322	0	0	0	0	0	0	0	0	97	0	0	0	
951071	0	0	0	0	0	0	0	0	79	0	0	0	
951819	0	0	0	0	0	0	0	0	89	0	0	0	
952567	0	0	0	0	0	0	0	0	95	0	0	0	
953318	0	0	0	0	0	0	0	0	107	0	0	0	
954068	0	0	0	0	0	0	0	0	91	0	0	0	
954819	0	0	0	0	0	0	0	0	101	0	0	0	
955572	0	0	0	0	0	0	0	0	79	0	0	0	
956320	0	0	0	0	0	0	0	0	81	0	0	0	
957069	0	0	0	0	0	0	0	0	87	0	0	0	
957821	0	0	0	0	0	0	0	0	83	0	0	0	
958573	0	0	0	0	0	0	0	0	85	0	0	0	
959323	0	0	0	0	0	0	0	0	85	0	0	0	
960074	0	0	0	0	0	0	0	0	113	0	0	0	
960824	0	0	0	0	0	0	0	113	0	0	0	0	
961575	0	0	0	0	0	0	0	91	0	0	0	0	
962320	0	0	0	0	0	0	0	135	0	0	0	0	
963068	0	0	0	0	0	0	0	117	0	0	0	0	
963817	0	0	0	0	0	0	0	121	0	0	0	0	
964571	0	0	0	0	0	0	0	107	0	0	0	0	
965325	0	0	0	0	0	0	0	107	0	0	0	0	
966077	0	0	0	0	0	0	0	113	0	0	0	0	
966826	0	0	0	0	0	0	0	145	0	0	0	0	
967578	0	0	0	0	0	0	0	103	0	0	0	0	
968325	0	0	0	0	0	0	0	133	0	0	0	0	
969077	0	0	0	0	0	0	0	101	0	0	0	0	
969828	0	0	0	0	0	0	0	131	0	0	0	0	
970578	0	0	0	0	0	0	0	0	99	0	0	0	
971324	0	0	0	0	0	0	0	0	105	0	0	0	
972074	0	0	0	0	0	0	0	0	87	0	0	0	
972822	0	0	0	0	0	0	0	0	111	0	0	0	
973570	0	0	0	0	0	0	0	0	93	0	0	0	
974318	0	0	0	0	0	0	0	0	81	0	0	0	
975068	0	0	0	0	0	0	0	0	89	0	0	0	
975817	0	0	0	0	0	0	0	0	119	0	0	0	
976565	0	0	0	0	0	0	0	0	81	0	0	0	
977318	0	0	0	0	0	0	0	0	109	0	0	0	
978068	0	0	0	0	0	0	0	0	101	0	0	0	
978819	0	0	0	0	0	0	0	0	87	0	0	0	
979571	0	0	0	0	0	0	0	0	83	0	0	0	
980321	0	0	0	0	0	0	0	0	99	0	0	0	
981073	0	0	0	0	0	0	0	0	107	0	0	0	
981826	0	0	0	0	0	0	0	0	95	0	0	0	
982576	0	0	0	0	0	0	0	0	93	0	0	0	
983326	0	0	0	0	0	0	0	0	101	0	0	0	
984075	0	0	0	0	0	0	0	0	89	0	0	0	
984825	0	0	0	0	0	0	0	0	107	0	0	0	
985576	0	0	0	0	0	0	0	0	77	0	0	0	
986328	0	0	0	0	0	0	0	0	103	0	0	0	
987083	0	0	0	0	0	0	0	2	105	0	0	0	
987833	0	0	0	0	0	0	0	0	103	0	0	0	
988586	0	0	0	0	0	0	0	0	97	0	0	0	
989335	0	0	0	0	0	0	0	0	73	0	0	0	
990085	0	0	0	0	0	0	0	0	73	0	0	0	
990832	0	0	0	0	0	0	0	0	107	0	0	0	
991584	0	0	0	0	0	0	0	0	105	0	0	0	
992332	0	0	0	0	0	0	0	0	101	0	0	0	
993080	0	0	0	0	0	0	0	0	95	0	0	0	
993827	0	0	0	0	0	0	0	0	85	0	0	0	
994579	0	0	0	0	0	0	0	0	81	0	0	0	
995328	0	0	0	0	0	0	0	0	81	0	0	0	
996077	0	0	0	0	0	0	0	0	101	0	0	0	
996827	0	0	0	0	0	0	0	0	89	0	0	0	
997579	0	0	0	0	0	0	0	0	87	0	0	0	
998329	0	0	0	0	0	0	0	0	103	0	0	0	
999077	0	0	0	0	0	0	0	0	95	0	0	0	
999826	0	0	0	0	0	0	0	0	95	0	0	0	
1.00058e+06	0	0	0	0	0	0	0	0	87	0	0	0	
1.00133e+06	0	0	0	0	0	0	0	0	87	0	0	0	
1.00208e+06	0	0	0	0	0	0	0	0	89	0	0	0	
1.00284e+06	0	0	0	0	0	0	0	0	103	0	0	0	
1.00359e+06	0	0	0	0	0	0	0	0	101	0	0	0	
1.00434e+06	0	0	0	0	0	0	0	0	89	0	0	0	
1.00509e+06	0	0	0	0	0	0	0	0	83	0	0	0	
1.00584e+06	0	0	0	0	0	0	0	0	85	0	0	0	
1.00659e+06	0	0	0	0	0	0	0	0	97	0	0	0	
1.00734e+06	0	0	0	0	0	0	0	0	73	0	0	0	
1.00809e+06	0	0	0	0	0	0	0	0	113	0	0	0	
1.00884e+06	0	0	0	0	0	0	0	0	115	0	0	0	
1.00959e+06	0	0	0	0	0	0	0	0	101	0	0	0	
1.01034e+06	0	0	0	0	0	0	0	0	103	0	0	0	
1.01109e+06	0	0	0	0	0	0	0	0	119	0	0	0	
1.01183e+06	0	0	0	0	0	0	0	0	0	69	0	0	
1.01258e+06	0	0	0	0	0	0	0	0	0	87	0	0	
1.01333e+06	0	0	0	0	0	0	0	0	0	71	0	0	
1.01408e+06	0	0	0	0	0	0	0	0	0	83	0	0	
1.01483e+06	0	0	0	0	0	0	0	0	0	65	0	0	
1.01558e+06	0	0	0	0	0	0	0	0	0	71	0	0	
1.01633e+06	0	0	0	0	0	0	0	0	0	73	0	0	
1.01708e+06	0	0	0	0	0	0	0	0	0	87	0	0	
1.01783e+06	0	0	0	0	0	0	0	0	0	77	0	0	
1.01858e+06	0	0	0	0	0	0	0	0	0	87	0	0	
1.01933e+06	0	0	0	0	0	0	0	0	0	77	0	0	
1.02008e+06	0	0	0	0	0	0	0	0	0	81	0	0	
1.02082e+06	0	0	0	0	0	0	0	0	0	77	0	0	
1.02157e+06	0	0	0	0	0	0	0	0	0	79	0	0	
1.02232e+06	0	0	0	0	0	0	0	0	83	0	0	0	
1.02307e+06	0	0	0	0	0	0	0	0	0	65	0	0	
1.02382e+06	0	0	0	0	0	0	0	0	0	97	0	0	
1.02457e+06	0	0	0	0	0	0	0	0	0	65	0	0	
1.02531e+06	0	0	0	0	0	0	0	0	0	85	0	0	
1.02606e+06	0	0	0	0	0	0	0	0	89	0	0	0	
1.02681e+06	0	0	0	0	0	0	0	0	93	0	0	0	
1.02756e+06	0	0	0	0	0	0	0	0	91	0	0	0	
1.02831e+06	0	0	0	0	0	0	0	0	107	0	0	0	
1.02906e+06	0	0	0	0	0	0	0	0	89	0	0	0	
1.02981e+06	0	0	0	0	0	0	0	0	0	83	0	0	
1.03056e+06	0	0	0	0	0	0	0	0	0	77	0	0	
1.03131e+06	0	0	0	0	0	0	0	0	0	77	0	0	
1.03206e+06	0	0	0	0	0	0	0	0	0	71	0	0	
1.03281e+06	0	0	0	0	0	0	0	0	0	71	0	0	
1.03356e+06	0	0	0	0	0	0	0	0	0	73	0	0	
1.03431e+06	0	0	0	0	0	0	0	0	0	73	0	0	
1.03506e+06	0	0	0	0	0	0	0	0	0	71	0	0	
1.03581e+06	0	0	0	0	0	0	0	0	0	0	57	0	
1.03655e+06	0	0	0	0	0	0	0	0	0	0	49	0	
1.0373e+06	0	0	0	0	0	0	0	0	0	73	0	0	
1.03805e+06	0	0	0	0	0	0	0	0	0	93	0	0	
1.0388e+06	0	0	0	0	0	0	0	0	0	87	0	0	
1.03955e+06	0	0	0	0	0	0	0	0	0	85	0	0	
1.0403e+06	0	0	0	0	0	0	0	0	0	73	0	0	
1.04105e+06	0	0	0	0	0	0	0	0	0	81	0	0	
1.0418e+06	0	0	0	0	0	0	0	0	0	59	0	0	
1.04255e+06	0	0	0	0	0	0	0	0	0	73	0	0	
1.0433e+06	0	0	0	0	0	0	0	0	0	71	0	0	
1.04405e+06	0	0	0	0	0	0	0	0	0	81	0	0	
1.0448e+06	0	0	0	0	0	0	0	0	0	85	0	0	
1.04555e+06	0	0	0	0	0	0	0	0	0	75	0	0	
1.0463e+06	0	0	0	0	0	0	0	0	0	83	0	0	
1.04705e+06	0	0	0	0	0	0	0	0	0	73	0	0	
1.0478e+06	0	0	0	0	0	0	0	0	0	81	0	0	
1.04855e+06	0	0	0	0	0	0	0	0	0	77	0	0	
1.0493e+06	0	0	0	0	0	0	0	0	0	81	0	0	
1.05005e+06	0	0	0	0	0	0	0	0	0	77	0	0	
1.0508e+06	0	0	0	0	0	0	0	0	91	0	0	0	
1.05155e+06	0	0	0	0	0	0	0	0	95	0	0	0	
1.0523e+06	0	0	0	0	0	0	0	0	79	0	0	0	
1.05305e+06	0	0	0	0	0	0	0	0	101	0	0	0	
1.05381e+06	0	0	0	0	0	0	0	0	93	0	0	0	
1.05456e+06	0	0	0	0	0	0	0	0	93	0	0	0	
1.0553e+06	0	0	0	0	0	0	0	0	105	0	0	0	
1.05605e+06	0	0	0	0	0	0	0	0	111	0	0	0	
1.0568e+06	0	0	0	0	0	0	0	0	93	0	0	0	
1.05755e+06	0	0	0	0	0	0	0	0	97	0	0	0	
1.0583e+06	0	0	0	0	0	0	0	0	111	0	0	0	
1.05905e+06	0	0	0	0	0	0	0	0	95	0	0	0	
1.0598e+06	0	0	0	0	0	0	0	0	89	0	0	0	
1.06055e+06	0	0	0	0	0	0	0	0	101	0	0	0	
1.0613e+06	0	0	0	0	0	0	0	0	91	0	0	0	
1.06205e+06	0	0	0	0	0	0	0	0	89	0	0	0	
1.06279e+06	0	0	0	0	0	0	0	0	99	0	0	0	
1.06354e+06	0	0	0	0	0	0	0	0	105	0	0	0	
1.0643e+06	0	0	0	0	0	0	0	0	91	0	0	0	
1.06505e+06	0	0	0	0	0	0	0	0	107	0	0	0	
1.06579e+06	0	0	0	0	0	0	0	0	85	0	0	0	
1.06655e+06	0	0	0	0	0	0	0	113	0	0	0	0	
1.06729e+06	0	0	0	0	0	0	0	109	0	0	0	0	
1.06805e+06	0	0	0	0	0	0	0	115	0	0	0	0	
1.06879e+06	0	0	0	0	0	0	0	103	0	0	0	0	
1.06954e+06	0	0	0	0	0	0	0	107	0	0	0	0	
1.07029e+06	0	0	0	0	0	0	0	103	0	0	0	0	
1.07104e+06	0	0	0	0	0	0	0	131	0	0	0	0	
1.0718e+06	0	0	0	0	0	0	0	123	0	0	0	0	
1.07255e+06	0	0	0	0	0	0	0	123	0	0	0	0	
1.07329e+06	0	0	0	0	0	0	0	115	0	0	0	0	
1.07405e+06	0	0	0	0	0	0	0	141	0	0	0	0	
1.0748e+06	0	0	0	0	0	0	0	103	0	0	0	0	
1.07555e+06	0	0	0	0	0	0	0	115	0	0	0	0	
1.0763e+06	0	0	0	0	0	0	0	119	0	0	0	0	
1.07705e+06	0	0	0	0	0	0	0	119	0	0	0	0	
1.07779e+06	0	0	0	0	0	0	0	97	0	0	0	0	
1.07855e+06	0	0	0	0	0	0	0	105	0	0	0	0	
1.07929e+06	0	0	0	0	0	0	0	127	0	0	0	0	
1.08005e+06	0	0	0	0	0	0	0	115	0	0	0	0	
1.0808e+06	0	0	0	0	0	0	0	127	0	0	0	0	
1.08155e+06	0	0	0	0	0	0	0	93	0	0	0	0	
1.0823e+06	0	0	0	0	0	0	0	111	0	0	0	0	
1.08305e+06	0	0	0	0	0	0	0	121	0	0	0	0	
1.0838e+06	0	0	0	0	0	0	0	117	0	0	0	0	
1.08455e+06	0	0	0	0	0	0	0	111	0	0	0	0	
1.0853e+06	0	0	0	0	0	0	0	123	0	0	0	0	
1.08605e+06	0	0	0	0	0	0	0	117	0	0	0	0	
1.0868e+06	0	0	0	0	0	0	0	113	0	0	0	0	
1.08755e+06	0	0	0	0	0	0	143	0	0	0	0	0	
1.0883e+06	0	0	0	0	0	0	131	0	0	0	0	0	
1.08905e+06	0	0	0	0	0	0	129	0	0	0	0	0	
1.0898e+06	0	0	0	0	0	0	159	0	0	0	0	0	
1.09055e+06	0	0	0	0	0	0	133	0	0	0	0	0	
1.0913e+06	0	0	0	0	0	0	131	0	0	0	0	0	
1.09205e+06	0	0	0	0	0	0	157	0	0	0	0	0	
1.0928e+06	0	0	0	0	0	0	155	0	0	0	0	0	
1.09355e+06	0	0	0	0	0	0	131	0	0	0	0	0	
1.09429e+06	0	0	0	0	0	0	147	0	0	0	0	0	
1.09504e+06	0	0	0	0	0	0	123	0	0	0	0	0	
1.09579e+06	0	0	0	0	0	0	139	0	0	0	0	0	
1.09654e+06	0	0	0	0	0	0	157	0	0	0	0	0	
1.09729e+06	0	0	0	0	0	0	125	0	0	0	0	0	
1.09804e+06	0	0	0	0	0	0	137	0	0	0	0	0	
1.09879e+06	0	0	0	0	0	0	125	0	0	0	0	0	
1.09954e+06	0	0	0	0	0	0	141	0	0	0	0	0	
1.10028e+06	0	0	0	0	0	0	127	0	0	0	0	0	
1.10103e+06	0	0	0	0	0	0	125	0	0	0	0	0	
1.10178e+06	0	0	0	0	0	0	169	0	0	0	0	0	
1.10253e+06	0	0	0	0	0	0	123	0	0	0	0	0	
1.10328e+06	0	0	0	0	0	1	146	0	0	0	0	0	
1.10403e+06	0	0	0	0	0	0	151	0	0	0	0	0	
1.10478e+06	0	0	0	0	0	0	137	0	0	0	0	0	
1.10553e+06	0	0	0	0	0	0	155	0	0	0	0	0	
1.10628e+06	0	0	0	0	0	0	141	0	0	0	0	0	
1.10703e+06	0	0	0	0	0	0	129	0	0	0	0	0	
1.10778e+06	0	0	0	0	0	0	147	0	0	0	0	0	
1.10853e+06	0	0	0	0	0	0	131	0	0	0	0	0	
1.10928e+06	0	0	0	0	0	0	121	0	0	0	0	0	
1.11003e+06	0	0	0	0	0	0	163	0	0	0	0	0	
1.11078e+06	0	0	0	0	0	0	145	0	0	0	0	0	
1.11153e+06	0	0	0	0	0	171	0	0	0	0	0	0	
1.11228e+06	0	0	0	0	0	183	0	0	0	0	0	0	
1.11303e+06	0	0	0	0	0	173	0	0	0	0	0	0	
1.11378e+06	0	0	0	0	0	167	0	0	0	0	0	0	
1.11453e+06	0	0	0	0	0	179	0	0	0	0	0	0	
1.11528e+06	0	0	0	0	0	155	0	0	0	0	0	0	
1.11603e+06	0	0	0	0	0	181	0	0	0	0	0	0	
1.11678e+06	0	0	0	0	0	179	0	0	0	0	0	0	
1.11753e+06	0	0	0	0	0	171	0	0	0	0	0	0	
1.11828e+06	0	0	0	0	0	167	0	0	0	0	0	0	
1.11903e+06	0	0	0	0	0	187	0	0	0	0	0	0	
1.11978e+06	0	0	0	0	0	173	0	0	0	0	0	0	
1.12053e+06	0	0	0	0	0	167	0	0	0	0	0	0	
1.12128e+06	0	0	0	0	0	149	0	0	0	0	0	0	
1.12203e+06	0	0	0	0	0	191	0	0	0	0	0	0	
1.12279e+06	0	0	0	0	0	171	0	0	0	0	0	0	
1.12354e+06	0	0	0	0	0	185	0	0	0	0	0	0	
1.12428e+06	0	0	0	0	0	177	0	0	0	0	0	0	
1.12503e+06	0	0	0	0	0	169	0	0	0	0	0	0	
1.12578e+06	0	0	0	0	0	195	0	0	0	0	0	0	
1.12653e+06	0	0	0	0	0	179	0	0	0	0	0	0	
1.12728e+06	0	0	0	0	0	189	0	0	0	0	0	0	
1.12803e+06	0	0	0	0	0	181	0	0	0	0	0	0	
1.12878e+06	0	0	0	0	0	175	0	0	0	0	0	0	
1.12953e+06	0	0	0	0	0	193	0	0	0	0	0	0	
1.13029e+06	0	0	0	0	0	203	0	0	0	0	0	0	
1.13104e+06	0	0	0	0	0	173	0	0	0	0	0	0	
1.13179e+06	0	0	0	0	0	161	0	0	0	0	0	0	
1.13254e+06	0	0	0	0	0	0	153	0	0	0	0	0	
1.13329e+06	0	0	0	0	0	0	133	0	0	0	0	0	
1.13404e+06	0	0	0	0	0	0	147	0	0	0	0	0	
1.13479e+06	0	0	0	0	0	0	151	0	0	0	0	0	
1.13554e+06	0	0	0	0	0	0	137	0	0	0	0	0	
1.13629e+06	0	0	0	0	0	0	147	0	0	0	0	0	
1.13704e+06	0	0	0	0	0	0	127	0	0	0	0	0	
1.13779e+06	0	0	0	0	0	0	147	0	0	0	0	0	
1.13854e+06	0	0	0	0	0	0	165	0	0	0	0	0	
1.13929e+06	0	0	0	0	0	0	123	0	0	0	0	0	
1.14005e+06	0	0	0	0	0	0	0	97	0	0	0	0	
1.14079e+06	0	0	0	0	0	0	0	109	0	0	0	0	
1.14154e+06	0	0	0	0	0	0	0	119	0	0	0	0	
1.14229e+06	0	0	0	0	0	0	0	111	0	0	0	0	
1.14304e+06	0	0	0	0	0	0	0	115	0	0	0	0	
1.14379e+06	0	0	0	0	0	0	0	119	0	0	0	0	
1.14454e+06	0	0	0	0	0	0	0	103	0	0	0	0	
1.14529e+06	0	0	0	0	0	0	0	105	0	0	0	0	
1.14604e+06	0	0	0	0	0	0	0	111	0	0	0	0	
1.14679e+06	0	0	0	0	0	0	0	125	0	0	0	0	
1.14754e+06	0	0	0	0	0	0	0	137	0	0	0	0	
1.14829e+06	0	0	0	0	0	0	93	28	0	0	0	0	
1.14904e+06	0	0	0	0	0	0	0	109	0	0	0	0	
1.1498e+06	0	0	0	0	0	0	0	0	83	0	0	0	
1.15055e+06	0	0	0	0	0	0	0	0	87	0	0	0	
1.1513e+06	0	0	0	0	0	0	0	0	0	87	0	0	
1.15205e+06	0	0	0	0	0	0	0	0	0	79	0	0	
1.1528e+06	0	0	0	0	0	0	0	0	0	73	0	0	
1.15355e+06	0	0	0	0	0	0	0	0	0	57	0	0	
1.15429e+06	0	0	0	0	0	0	0	0	0	73	0	0	
1.15504e+06	0	0	0	0	0	0	0	0	0	59	0	0	
1.1558e+06	0	0	0	0	0	0	0	0	93	0	0	0	
1.15655e+06	0	0	0	0	0	0	0	0	89	0	0	0	
1.1573e+06	0	0	0	0	0	0	0	0	81	0	0	0	
1.15805e+06	0	0	0	0	0	0	0	0	87	0	0	0	
1.1588e+06	0	0	0	0	0	0	0	0	93	0	0	0	
1.15955e+06	0	0	0	0	0	0	0	0	93	0	0	0	
1.1603e+06	0	0	0	0	0	0	0	0	105	0	0	0	
1.16105e+06	0	0	0	0	0	0	0	105	0	0	0	0	
1.1618e+06	0	0	0	0	0	0	0	119	0	0	0	0	
1.16255e+06	0	0	0	0	0	0	143	0	0	0	0	0	
1.1633e+06	0	0	0	0	0	0	149	0	0	0	0	0	
1.16405e+06	0	0	0	0	0	0	149	0	0	0	0	0	
1.1648e+06	0	0	0	0	0	0	139	0	0	0	0	0	
1.16555e+06	0	0	0	0	0	0	153	0	0	0	0	0	
1.1663e+06	0	0	0	0	0	0	135	0	0	0	0	0	
1.16705e+06	0	0	0	0	0	0	163	0	0	0	0	0	
1.1678e+06	0	0	0	0	0	0	133	0	0	0	0	0	
1.16855e+06	0	0	0	0	0	0	155	0	0	0	0	0	
1.16931e+06	0	0	0	0	0	0	153	0	0	0	0	0	
1.17005e+06	0	0	0	0	0	0	143	0	0	0	0	0	
1.17081e+06	0	0	0	0	0	0	135	0	0	0	0	0	
1.17156e+06	0	0	0	0	0	0	129	0	0	0	0	0	
1.17231e+06	0	0	0	0	0	0	137	0	0	0	0	0	
1.17306e+06	0	0	0	0	0	0	123	0	0	0	0	0	
1.17381e+06	0	0	0	0	0	0	0	121	0	0	0	0	
1.17456e+06	0	0	0	0	0	0	0	119	0	0	0	0	
1.17531e+06	0	0	0	0	0	0	0	123	0	0	0	0	
1.17606e+06	0	0	0	0	0	0	0	91	0	0	0	0	
1.17681e+06	0	0	0	0	0	0	0	101	0	0	0	0	
1.17756e+06	0	0	0	0	0	0	0	113	0	0	0	0	
1.17831e+06	0	0	0	0	0	0	149	0	0	0	0	0	
1.17906e+06	0	0	0	0	0	0	0	103	0	0	0	0	
1.17981e+06	0	0	0	0	0	0	0	87	0	0	0	0	
1.18056e+06	0	0	0	0	0	0	137	0	0	0	0	0	
1.18131e+06	0	0	0	0	0	0	125	0	0	0	0	0	
1.18206e+06	0	0	0	0	0	0	133	0	0	0	0	0	
1.18282e+06	0	0	0	0	0	0	139	0	0	0	0	0	
1.18357e+06	0	0	0	0	0	0	147	0	0	0	0	0	
1.18432e+06	0	0	0	0	0	0	149	0	0	0	0	0	
1.18507e+06	0	0	0	0	0	0	151	0	0	0	0	0	
1.18582e+06	0	0	0	0	0	0	161	0	0	0	0	0	
1.18657e+06	0	0	0	0	0	0	143	0	0	0	0	0	
1.18731e+06	0	0	0	0	0	0	141	0	0	0	0	0	
1.18807e+06	0	0	0	0	0	0	121	0	0	0	0	0	
1.18881e+06	0	0	0	0	0	0	151	0	0	0	0	0	
1.18956e+06	0	0	0	0	0	0	147	0	0	0	0	0	
1.19031e+06	0	0	0	0	0	0	137	0	0	0	0	0	
1.19106e+06	0	0	0	0	0	0	139	0	0	0	0	0	
1.19181e+06	0	0	0	0	0	0	139	0	0	0	0	0	
1.19256e+06	0	0	0	0	0	0	145	0	0	0	0	0	
1.19331e+06	0	0	0	0	0	0	141	0	0	0	0	0	
1.19406e+06	0	0	0	0	0	0	137	0	0	0	0	0	
1.19481e+06	0	0	0	0	0	0	143	0	0	0	0	0	
1.19556e+06	0	0	0	0	0	0	151	0	0	0	0	0	
1.19631e+06	0	0	0	0	0	0	125	0	0	0	0	0	
1.19706e+06	0	0	0	0	0	0	119	0	0	0	0	0	
1.19781e+06	0	0	0	0	0	0	161	0	0	0	0	0	
1.19856e+06	0	0	0	0	0	0	165	0	0	0	0	0	
1.19931e+06	0	0	0	0	0	0	149	0	0	0	0	0	
1.20006e+06	0	0	0	0	0	0	115	8	0	0	0	0	
1.20081e+06	0	0	0	0	0	0	141	0	0	0	0	0	
1.20156e+06	0	0	0	0	0	0	127	0	0	0	0	0	
1.20231e+06	0	0	0	0	0	0	161	0	0	0	0	0	
1.20306e+06	0	0	0	0	0	0	127	0	0	0	0	0	
1.20381e+06	0	0	0	0	0	0	147	0	0	0	0	0	
1.20456e+06	0	0	0	0	0	0	133	0	0	0	0	0	
1.20531e+06	0	0	0	0	0	0	143	0	0	0	0	0	
1.20606e+06	0	0	0	0	0	0	147	0	0	0	0	0	
1.20681e+06	0	0	0	0	0	0	131	0	0	0	0	0	
1.20756e+06	0	0	0	0	0	0	133	0	0	0	0	0	
1.20831e+06	0	0	0	0	0	0	133	0	0	0	0	0	
1.20906e+06	0	0	0	0	0	0	149	0	0	0	0	0	
1.20982e+06	0	0	0	0	0	0	133	0	0	0	0	0	
1.21056e+06	0	0	0	0	0	163	0	0	0	0	0	0	
1.21131e+06	0	0	0	0	0	181	0	0	0	0	0	0	
1.21206e+06	0	0	0	0	0	179	0	0	0	0	0	0	
1.21281e+06	0	0	0	0	0	171	0	0	0	0	0	0	
1.21357e+06	0	0	0	0	0	189	0	0	0	0	0	0	
1.21432e+06	0	0	0	0	0	197	0	0	0	0	0	0	
1.21507e+06	0	0	0	0	0	195	0	0	0	0	0	0	
1.21581e+06	0	0	0	0	0	171	0	0	0	0	0	0	
1.21656e+06	0	0	0	0	0	187	0	0	0	0	0	0	
1.21731e+06	0	0	0	0	0	175	0	0	0	0	0	0	
1.21806e+06	0	0	0	0	0	173	0	0	0	0	0	0	
1.21881e+06	0	0	0	0	0	163	0	0	0	0	0	0	
1.21956e+06	0	0	0	0	0	195	0	0	0	0	0	0	
1.22031e+06	0	0	0	0	0	173	0	0	0	0	0	0	
1.22107e+06	0	0	0	0	0	189	0	0	0	0	0	0	
1.22182e+06	0	0	0	0	0	185	0	0	0	0	0	0	
1.22257e+06	0	0	0	0	0	195	0	0	0	0	0	0	
1.22332e+06	0	0	0	0	0	189	0	0	0	0	0	0	
1.22406e+06	0	0	0	0	0	205	0	0	0	0	0	0	
1.22481e+06	0	0	0	0	211	0	0	0	0	0	0	0	
1.22556e+06	0	0	0	0	183	0	0	0	0	0	0	0	
1.22631e+06	0	0	0	0	207	0	0	0	0	0	0	0	
1.22706e+06	0	0	0	0	197	0	0	0	0	0	0	0	
1.22781e+06	0	0	0	0	227	0	0	0	0	0	0	0	
1.22856e+06	0	0	0	0	225	0	0	0	0	0	0	0	
1.22931e+06	0	0	0	0	207	0	0	0	0	0	0	0	
1.23006e+06	0	0	0	0	50	149	0	0	0	0	0	0	
1.2308e+06	0	0	0	0	0	171	0	0	0	0	0	0	
1.23155e+06	0	0	0	0	0	187	0	0	0	0	0	0	
1.2323e+06	0	0	0	0	0	177	0	0	0	0	0	0	
1.23305e+06	0	0	0	0	0	181	0	0	0	0	0	0	
1.2338e+06	0	0	0	0	0	171	0	0	0	0	0	0	
1.23455e+06	0	0	0	0	0	165	0	0	0	0	0	0	
1.2353e+06	0	0	0	0	0	195	0	0	0	0	0	0	
1.23605e+06	0	0	0	0	0	165	0	0	0	0	0	0	
1.2368e+06	0	0	0	0	20	161	0	0	0	0	0	0	
1.23755e+06	0	0	0	0	0	187	0	0	0	0	0	0	
1.2383e+06	0	0	0	0	0	183	0	0	0	0	0	0	
1.23905e+06	0	0	0	0	0	201	0	0	0	0	0	0	
1.2398e+06	0	0	0	0	0	165	0	0	0	0	0	0	
1.24055e+06	0	0	0	0	0	195	0	0	0	0	0	0	
1.2413e+06	0	0	0	0	0	179	0	0	0	0	0	0	
1.24205e+06	0	0	0	0	0	169	0	0	0	0	0	0	
1.2428e+06	0	0	0	0	0	201	0	0	0	0	0	0	
1.24355e+06	0	0	0	0	0	161	0	0	0	0	0	0	
1.2443e+06	0	0	0	0	0	171	0	0	0	0	0	0	
1.24505e+06	0	0	0	0	0	159	0	0	0	0	0	0	
1.2458e+06	0	0	0	0	0	187	0	0	0	0	0	0	
1.24655e+06	0	0	0	0	0	165	0	0	0	0	0	0	
1.2473e+06	0	0	0	0	0	145	0	0	0	0	0	0	
1.24805e+06	0	0	0	0	0	183	0	0	0	0	0	0	
1.2488e+06	0	0	0	0	0	195	0	0	0	0	0	0	
1.24955e+06	0	0	0	0	0	185	0	0	0	0	0	0	
1.2503e+06	0	0	0	0	0	163	0	0	0	0	0	0	
1.25105e+06	0	0	0	0	0	175	0	0	0	0	0	0	
1.2518e+06	0	0	0	0	0	187	0	0	0	0	0	0	
1.25255e+06	0	0	0	0	0	183	0	0	0	0	0	0	
1.2533e+06	0	0	0	0	0	175	0	0	0	0	0	0	
1.25406e+06	0	0	0	0	0	181	0	0	0	0	0	0	
1.25481e+06	0	0	0	0	0	167	0	0	0	0	0	0	
1.25556e+06	0	0	0	0	0	163	0	0	0	0	0	0	
1.25631e+06	0	0	0	0	0	193	0	0	0	0	0	0	
1.25706e+06	0	0	0	0	0	167	0	0	0	0	0	0	
1.25781e+06	0	0	0	0	0	155	0	0	0	0	0	0	
1.25856e+06	0	0	0	0	0	171	0	0	0	0	0	0	
1.25931e+06	0	0	0	0	0	159	0	0	0	0	0	0	
1.26006e+06	0	0	0	0	0	165	0	0	0	0	0	0	
1.26081e+06	0	0	0	0	0	185	0	0	0	0	0	0	
1.26155e+06	0	0	0	0	0	187	0	0	0	0	0	0	
1.26231e+06	0	0	0	0	0	175	0	0	0	0	0	0	
1.26306e+06	0	0	0	0	0	161	0	0	0	0	0	0	
1.26381e+06	0	0	0	0	1	176	0	0	0	0	0	0	
1.26456e+06	0	0	0	0	205	8	0	0	0	0	0	0	
1.26531e+06	0	0	0	0	239	0	0	0	0	0	0	0	
1.26606e+06	0	0	0	0	221	0	0	0	0	0	0	0	
1.26681e+06	0	0	0	0	239	0	0	0	0	0	0	0	
1.26756e+06	0	0	0	0	213	0	0	0	0	0	0	0	
1.26831e+06	0	0	0	0	223	0	0	0	0	0	0	0	
1.26906e+06	0	0	0	0	221	0	0	0	0	0	0	0	
1.26981e+06	0	0	0	0	205	0	0	0	0	0	0	0	
1.27056e+06	0	0	0	0	217	0	0	0	0	0	0	0	
1.27131e+06	0	0	0	0	231	0	0	0	0	0	0	0	
1.27206e+06	0	0	0	0	243	0	0	0	0	0	0	0	
1.27281e+06	0	0	0	0	205	0	0	0	0	0	0	0	
1.27356e+06	0	0	0	0	195	0	0	0	0	0	0	0	
1.27431e+06	0	0	0	0	201	0	0	0	0	0	0	0	
1.27505e+06	0	0	0	0	229	0	0	0	0	0	0	0	
1.2758e+06	0	0	0	0	223	0	0	0	0	0	0	0	
1.27655e+06	0	0	0	0	221	0	0	0	0	0	0	0	
1.2773e+06	0	0	0	0	197	0	0	0	0	0	0	0	
1.27806e+06	0	0	0	0	207	0	0	0	0	0	0	0	
1.27881e+06	0	0	0	0	201	0	0	0	0	0	0	0	
1.27955e+06	0	0	0	0	207	0	0	0	0	0	0	0	
1.2803e+06	0	0	0	0	189	0	0	0	0	0	0	0	
1.28105e+06	0	0	0	0	209	0	0	0	0	0	0	0	
1.28181e+06	0	0	0	0	219	0	0	0	0	0	0	0	
1.28256e+06	0	0	0	0	209	0	0	0	0	0	0	0	
1.28331e+06	0	0	0	13	204	0	0	0	0	0	0	0	
1.28406e+06	0	0	0	0	205	0	0	0	0	0	0	0	
1.28481e+06	0	0	0	0	213	0	0	0	0	0	0	0	
1.28556e+06	0	0	0	0	225	0	0	0	0	0	0	0	
1.28631e+06	0	0	0	0	195	0	0	0	0	0	0	0	
1.28706e+06	0	0	0	0	231	0	0	0	0	0	0	0	
1.28781e+06	0	0	0	0	237	0	0	0	0	0	0	0	
1.28856e+06	0	0	0	0	213	0	0	0	0	0	0	0	
1.28931e+06	0	0	0	0	203	0	0	0	0	0	0	0	
1.29007e+06	0	0	0	0	209	0	0	0	0	0	0	0	
1.29082e+06	0	0	0	0	225	0	0	0	0	0	0	0	
1.29157e+06	0	0	0	0	183	0	0	0	0	0	0	0	
1.29232e+06	0	0	0	0	193	0	0	0	0	0	0	0	
1.29306e+06	0	0	0	0	213	0	0	0	0	0	0	0	
1.29382e+06	0	0	0	0	247	0	0	0	0	0	0	0	
1.29457e+06	0	0	0	0	201	0	0	0	0	0	0	0	
1.29532e+06	0	0	0	0	219	0	0	0	0	0	0	0	
1.29607e+06	0	0	0	0	207	0	0	0	0	0	0	0	
1.29682e+06	0	0	0	0	201	0	0	0	0	0	0	0	
1.29757e+06	0	0	0	0	197	0	0	0	0	0	0	0	
1.29832e+06	0	0	0	0	217	0	0	0	0	0	0	0	
1.29907e+06	0	0	0	0	209	0	0	0	0	0	0	0	
1.29982e+06	0	0	0	0	201	0	0	0	0	0	0	0	
1.30057e+06	0	0	0	0	181	0	0	0	0	0	0	0	
1.30131e+06	0	0	0	0	237	0	0	0	0	0	0	0	
1.30206e+06	0	0	0	0	235	0	0	0	0	0	0	0	
1.30281e+06	0	0	0	0	207	0	0	0	0	0	0	0	
1.30356e+06	0	0	0	0	205	0	0	0	0	0	0	0	
1.30431e+06	0	0	0	0	223	0	0	0	0	0	0	0	
1.30506e+06	0	0	0	0	215	0	0	0	0	0	0	0	
1.30581e+06	0	0	0	0	205	0	0	0	0	0	0	0	
1.30656e+06	0	0	0	0	215	0	0	0	0	0	0	0	
1.30731e+06	0	0	0	0	239	0	0	0	0	0	0	0	
1.30806e+06	0	0	0	0	227	0	0	0	0	0	0	0	
1.30882e+06	0	0	0	0	225	0	0	0	0	0	0	0	
1.30957e+06	0	0	0	0	189	0	0	0	0	0	0	0	
1.31032e+06	0	0	0	0	231	0	0	0	0	0	0	0	
1.31107e+06	0	0	0	0	217	0	0	0	0	0	0	0	
1.31182e+06	0	0	0	0	209	0	0	0	0	0	0	0	
1.31257e+06	0	0	0	0	215	0	0	0	0	0	0	0	
1.31332e+06	0	0	0	0	209	0	0	0	0	0	0	0	
1.31407e+06	0	0	0	0	247	0	0	0	0	0	0	0	
1.31482e+06	0	0	0	0	130	65	0	0	0	0	0	0	
1.31557e+06	0	0	0	0	209	0	0	0	0	0	0	0	
1.31632e+06	0	0	0	0	221	0	0	0	0	0	0	0	
1.31707e+06	0	0	0	0	223	0	0	0	0	0	0	0	
1.31782e+06	0	0	0	0	197	0	0	0	0	0	0	0	
1.31857e+06	0	0	0	0	223	0	0	0	0	0	0	0	
1.31932e+06	0	0	0	0	231	0	0	0	0	0	0	0	
1.32007e+06	0	0	0	0	223	0	0	0	0	0	0	0	
1.32082e+06	0	0	0	0	235	0	0	0	0	0	0	0	
1.32157e+06	0	0	0	0	191	0	0	0	0	0	0	0	
1.32232e+06	0	0	0	0	0	161	0	0	0	0	0	0	
1.32307e+06	0	0	0	0	0	169	0	0	0	0	0	0	
1.32382e+06	0	0	0	0	0	177	0	0	0	0	0	0	
1.32457e+06	0	0	0	0	0	167	0	0	0	0	0	0	
1.32532e+06	0	0	0	0	0	161	0	0	0	0	0	0	
1.32607e+06	0	0	0	0	0	161	0	0	0	0	0	0	
1.32682e+06	0	0	0	0	0	199	0	0	0	0	0	0	
1.32757e+06	0	0	0	0	5	156	0	0	0	0	0	0	
1.32832e+06	0	0	0	0	0	161	0	0	0	0	0	0	
1.32906e+06	0	0	0	0	0	189	0	0	0	0	0	0	
1.32982e+06	0	0	0	0	207	0	0	0	0	0	0	0	
1.33056e+06	0	0	0	0	68	107	0	0	0	0	0	0	
1.33132e+06	0	0	0	0	0	175	0	0	0	0	0	0	
1.33207e+06	0	0	0	0	0	171	0	0	0	0	0	0	
1.33282e+06	0	0	0	0	0	171	0	0	0	0	0	0	
1.33357e+06	0	0	0	0	0	159	0	0	0	0	0	0	
1.33432e+06	0	0	0	0	0	201	0	0	0	0	0	0	
1.33507e+06	0	0	0	0	0	161	0	0	0	0	0	0	
1.33582e+06	0	0	0	0	0	163	0	0	0	0	0	0	
1.33657e+06	0	0	0	0	0	171	0	0	0	0	0	0	
1.33732e+06	0	0	0	0	0	185	0	0	0	0	0	0	
1.33808e+06	0	0	0	0	201	0	0	0	0	0	0	0	
1.33883e+06	0	0	0	0	217	0	0	0	0	0	0	0	
1.33958e+06	0	0	0	0	209	0	0	0	0	0	0	0	
1.34033e+06	0	0	0	0	195	0	0	0	0	0	0	0	
1.34108e+06	0	0	0	0	195	0	0	0	0	0	0	0	
1.34183e+06	0	0	0	0	231	0	0	0	0	0	0	0	
1.34258e+06	0	0	0	0	191	0	0	0	0	0	0	0	
1.34333e+06	0	0	0	0	245	0	0	0	0	0	0	0	
1.34408e+06	0	0	0	0	203	0	0	0	0	0	0	0	
1.34483e+06	0	0	0	0	215	0	0	0	0	0	0	0	
1.34558e+06	0	0	0	0	223	0	0	0	0	0	0	0	
1.34633e+06	0	0	0	0	215	0	0	0	0	0	0	0	
1.34708e+06	0	0	0	0	211	0	0	0	0	0	0	0	
1.34783e+06	0	0	0	0	223	0	0	0	0	0	0	0	
1.34858e+06	0	0	0	0	177	0	0	0	0	0	0	0	
1.34933e+06	0	0	0	0	213	0	0	0	0	0	0	0	
1.35008e+06	0	0	0	0	243	0	0	0	0	0	0	0	
1.35083e+06	0	0	0	0	205	0	0	0	0	0	0	0	
1.35158e+06	0	0	0	0	209	0	0	0	0	0	0	0	
1.35233e+06	0	0	0	0	183	0	0	0	0	0	0	0	
1.35308e+06	0	0	0	0	193	0	0	0	0	0	0	0	
1.35383e+06	0	0	0	0	219	0	0	0	0	0	0	0	
1.35458e+06	0	0	0	0	207	0	0	0	0	0	0	0	
1.35533e+06	0	0	0	0	239	0	0	0	0	0	0	0	
1.35608e+06	0	0	0	0	217	0	0	0	0	0	0	0	
1.35684e+06	0	0	0	0	203	0	0	0	0	0	0	0	
1.35759e+06	0	0	0	0	209	0	0	0	0	0	0	0	
1.35834e+06	0	0	0	0	197	0	0	0	0	0	0	0	
1.35909e+06	0	0	0	0	179	0	0	0	0	0	0	0	
1.35984e+06	0	0	0	0	197	0	0	0	0	0	0	0	
1.36059e+06	0	0	0	0	225	0	0	0	0	0	0	0	
1.36134e+06	0	0	0	0	191	0	0	0	0	0	0	0	
1.36209e+06	0	0	0	0	213	0	0	0	0	0	0	0	
1.36284e+06	0	0	0	0	209	0	0	0	0	0	0	0	
1.36359e+06	0	0	0	0	217	0	0	0	0	0	0	0	
1.36434e+06	0	0	0	0	225	0	0	0	0	0	0	0	
1.36509e+06	0	0	0	0	221	0	0	0	0	0	0	0	
1.36583e+06	0	0	0	0	193	0	0	0	0	0	0	0	
1.36658e+06	0	0	0	0	209	0	0	0	0	0	0	0	
1.36733e+06	0	0	0	0	213	0	0	0	0	0	0	0	
1.36807e+06	0	0	0	0	211	0	0	0	0	0	0	0	
1.36882e+06	0	0	0	0	187	0	0	0	0	0	0	0	
1.36957e+06	0	0	0	0	217	0	0	0	0	0	0	0	
1.37032e+06	0	0	0	0	207	0	0	0	0	0	0	0	
1.37107e+06	0	0	0	0	205	0	0	0	0	0	0	0	
1.37182e+06	0	0	0	0	215	0	0	0	0	0	0	0	
1.37257e+06	0	0	0	0	223	0	0	0	0	0	0	0	
1.37332e+06	0	0	0	0	209	0	0	0	0	0	0	0	
1.37407e+06	0	0	0	0	219	0	0	0	0	0	0	0	
1.37482e+06	0	0	0	0	221	0	0	0	0	0	0	0	
1.37557e+06	0	0	0	0	229	0	0	0	0	0	0	0	
1.37632e+06	0	0	0	0	213	0	0	0	0	0	0	0	
1.37707e+06	0	0	0	0	235	0	0	0	0	0	0	0	
1.37782e+06	0	0	0	0	207	0	0	0	0	0	0	0	
1.37857e+06	0	0	0	0	237	0	0	0	0	0	0	0	
1.37932e+06	0	0	0	0	215	0	0	0	0	0	0	0	
1.38007e+06	0	0	0	0	229	0	0	0	0	0	0	0	
1.38082e+06	0	0	0	0	203	0	0	0	0	0	0	0	
1.38157e+06	0	0	0	0	205	0	0	0	0	0	0	0	
1.38232e+06	0	0	0	0	201	0	0	0	0	0	0	0	
1.38307e+06	0	0	0	0	209	0	0	0	0	0	0	0	
1.38382e+06	0	0	0	0	223	0	0	0	0	0	0	0	
1.38457e+06	0	0	0	0	213	0	0	0	0	0	0	0	
1.38532e+06	0	0	0	0	211	0	0	0	0	0	0	0	
1.38607e+06	0	0	0	0	211	0	0	0	0	0	0	0	
1.38682e+06	0	0	0	0	211	0	0	0	0	0	0	0	
1.38757e+06	0	0	0	0	217	0	0	0	0	0	0	0	
1.38832e+06	0	0	0	0	227	0	0	0	0	0	0	0	
1.38907e+06	0	0	0	0	201	0	0	0	0	0	0	0	
1.38982e+06	0	0	0	0	213	0	0	0	0	0	0	0	
1.39057e+06	0	0	0	0	225	0	0	0	0	0	0	0	
1.39132e+06	0	0	0	0	199	0	0	0	0	0	0	0	
1.39207e+06	0	0	0	0	203	0	0	0	0	0	0	0	
1.39282e+06	0	0	0	0	195	0	0	0	0	0	0	0	
1.39357e+06	0	0	0	0	201	0	0	0	0	0	0	0	
1.39432e+06	0	0	0	0	205	0	0	0	0	0	0	0	
1.39507e+06	0	0	0	0	237	0	0	0	0	0	0	0	
1.39582e+06	0	0	0	0	233	0	0	0	0	0	0	0	
1.39657e+06	0	0	0	0	209	0	0	0	0	0	0	0	
1.39732e+06	0	0	0	0	225	0	0	0	0	0	0	0	
1.39807e+06	0	0	0	0	245	0	0	0	0	0	0	0	
1.39882e+06	0	0	0	0	219	0	0	0	0	0	0	0	
1.39957e+06	0	0	0	0	245	0	0	0	0	0	0	0	
1.40032e+06	0	0	0	0	223	0	0	0	0	0	0	0	
1.40107e+06	0	0	0	0	219	0	0	0	0	0	0	0	
1.40182e+06	0	0	0	0	227	0	0	0	0	0	0	0	
1.40257e+06	0	0	0	0	235	0	0	0	0	0	0	0	
1.40332e+06	0	0	0	0	205	0	0	0	0	0	0	0	
1.40407e+06	0	0	0	0	199	0	0	0	0	0	0	0	
1.40482e+06	0	0	0	0	211	0	0	0	0	0	0	0	
1.40557e+06	0	0	0	0	187	0	0	0	0	0	0	0	
1.40632e+06	0	0	0	0	209	0	0	0	0	0	0	0	
1.40707e+06	0	0	0	0	191	0	0	0	0	0	0	0	
1.40782e+06	0	0	0	0	221	0	0	0	0	0	0	0	
1.40857e+06	0	0	0	0	203	0	0	0	0	0	0	0	
1.40932e+06	0	0	0	0	205	0	0	0	0	0	0	0	
1.41007e+06	0	0	0	0	209	0	0	0	0	0	0	0	
1.41082e+06	0	0	0	0	227	0	0	0	0	0	0	0	
1.41157e+06	0	0	0	0	211	0	0	0	0	0	0	0	
1.41231e+06	0	0	0	0	203	0	0	0	0	0	0	0	
1.41307e+06	0	0	0	0	205	0	0	0	0	0	0	0	
1.41382e+06	0	0	0	0	241	0	0	0	0	0	0	0	
1.41457e+06	0	0	0	0	233	0	0	0	0	0	0	0	
1.41532e+06	0	0	0	0	0	167	0	0	0	0	0	0	
1.41607e+06	0	0	0	0	0	201	0	0	0	0	0	0	
1.41682e+06	0	0	0	0	0	155	0	0	0	0	0	0	
1.41757e+06	0	0	0	0	0	177	0	0	0	0	0	0	
1.41832e+06	0	0	0	0	0	155	0	0	0	0	0	0	
1.41907e+06	0	0	0	0	0	177	0	0	0	0	0	0	
1.41982e+06	0	0	0	0	0	175	0	0	0	0	0	0	
1.42057e+06	0	0	0	0	0	0	133	0	0	0	0	0	
1.42132e+06	0	0	0	0	0	0	153	0	0	0	0	0	
1.42207e+06	0	0	0	0	0	0	139	0	0	0	0	0	
1.42282e+06	0	0	0	0	0	0	147	0	0	0	0	0	
1.42357e+06	0	0	0	0	0	0	135	0	0	0	0	0	
1.42432e+06	0	0	0	0	0	0	135	0	0	0	0	0	
1.42507e+06	0	0	0	0	0	0	161	0	0	0	0	0	
1.42582e+06	0	0	0	0	0	0	145	0	0	0	0	0	
1.42657e+06	0	0	0	0	0	0	153	0	0	0	0	0	
1.42732e+06	0	0	0	0	0	4	129	0	0	0	0	0	
1.42807e+06	0	0	0	0	0	177	0	0	0	0	0	0	
1.42882e+06	0	0	0	0	0	0	139	0	0	0	0	0	
1.42957e+06	0	0	0	0	0	0	147	0	0	0	0	0	
1.43032e+06	0	0	0	0	0	0	133	0	0	0	0	0	
1.43107e+06	0	0	0	0	0	0	147	0	0	0	0	0	
1.43182e+06	0	0	0	0	0	0	141	0	0	0	0	0	
1.43258e+06	0	0	0	0	0	0	149	0	0	0	0	0	
1.43333e+06	0	0	0	0	0	0	171	0	0	0	0	0	
1.43408e+06	0	0	0	0	0	0	141	0	0	0	0	0	
1.43483e+06	0	0	0	0	0	0	143	0	0	0	0	0	
1.43557e+06	0	0	0	0	0	0	149	0	0	0	0	0	
1.43632e+06	0	0	0	0	0	0	135	0	0	0	0	0	
1.43707e+06	0	0	0	0	0	0	125	0	0	0	0	0	
1.43782e+06	0	0	0	0	0	0	143	0	0	0	0	0	
1.43857e+06	0	0	0	0	0	0	131	0	0	0	0	0	
1.43932e+06	0	0	0	0	0	0	141	0	0	0	0	0	
1.44007e+06	0	0	0	0	0	0	127	0	0	0	0	0	
1.44082e+06	0	0	0	0	0	0	169	0	0	0	0	0	
1.44157e+06	0	0	0	0	0	0	137	0	0	0	0	0	
1.44232e+06	0	0	0	0	0	0	133	0	0	0	0	0	
1.44307e+06	0	0	0	0	0	0	139	0	0	0	0	0	
1.44382e+06	0	0	0	0	0	0	145	0	0	0	0	0	
1.44457e+06	0	0	0	0	0	0	139	0	0	0	0	0	
1.44532e+06	0	0	0	0	0	0	155	0	0	0	0	0	
1.44607e+06	0	0	0	0	0	0	135	0	0	0	0	0	
1.44682e+06	0	0	0	0	0	0	149	0	0	0	0	0	
1.44757e+06	0	0	0	0	0	0	125	0	0	0	0	0	
1.44832e+06	0	0	0	0	0	0	139	0	0	0	0	0	
1.44908e+06	0	0	0	0	0	0	121	0	0	0	0	0	
1.44983e+06	0	0	0	0	0	0	175	0	0	0	0	0	
1.45058e+06	0	0	0	0	0	0	145	0	0	0	0	0	
1.45133e+06	0	0	0	0	0	0	133	0	0	0	0	0	
1.45207e+06	0	0	0	0	0	0	137	0	0	0	0	0	
1.45282e+06	0	0	0	0	0	0	151	0	0	0	0	0	
1.45357e+06	0	0	0	0	0	0	155	0	0	0	0	0	
1.45433e+06	0	0	0	0	0	0	163	0	0	0	0	0	
1.45507e+06	0	0	0	0	0	0	165	0	0	0	0	0	
1.45583e+06	0	0	0	0	0	0	125	0	0	0	0	0	
1.45658e+06	0	0	0	0	0	0	147	0	0	0	0	0	
1.45733e+06	0	0	0	0	0	0	139	0	0	0	0	0	
1.45808e+06	0	0	0	0	0	0	133	0	0	0	0	0	
1.45883e+06	0	0	0	0	0	0	141	0	0	0	0	0	
1.45958e+06	0	0	0	0	0	0	151	0	0	0	0	0	
1.46033e+06	0	0	0	0	0	0	147	0	0	0	0	0	
1.46108e+06	0	0	0	0	0	0	0	107	0	0	0	0	
1.46183e+06	0	0	0	0	0	0	0	121	0	0	0	0	
1.46258e+06	0	0	0	0	0	0	0	115	0	0	0	0	
1.46333e+06	0	0	0	0	0	0	0	99	0	0	0	0	
1.46408e+06	0	0	0	0	0	0	0	129	0	0	0	0	
1.46483e+06	0	0	0	0	0	0	0	0	75	0	0	0	
1.46558e+06	0	0	0	0	0	0	0	0	91	0	0	0	
1.46634e+06	0	0	0	0	0	0	0	0	103	0	0	0	
1.46709e+06	0	0	0	0	0	0	0	0	83	0	0	0	
1.46784e+06	0	0	0	0	0	0	0	0	91	0	0	0	
1.46859e+06	0	0	0	0	0	0	0	0	109	0	0	0	
1.46934e+06	0	0	0	0	0	0	0	0	101	0	0	0	
1.47009e+06	0	0	0	0	0	0	0	0	95	0	0	0	
1.47084e+06	0	0	0	0	0	0	0	0	85	0	0	0	
1.47159e+06	0	0	0	0	0	0	0	0	75	0	0	0	
1.47234e+06	0	0	0	0	0	0	0	0	97	0	0	0	
1.47309e+06	0	0	0	0	0	0	0	0	107	0	0	0	
1.47384e+06	0	0	0	0	0	0	0	0	91	0	0	0	
1.47459e+06	0	0	0	0	0	0	0	0	77	0	0	0	
1.47534e+06	0	0	0	0	0	0	0	0	95	0	0	0	
1.47608e+06	0	0	0	0	0	0	0	0	93	0	0	0	
1.47683e+06	0	0	0	0	0	0	0	0	89	0	0	0	
1.47758e+06	0	0	0	0	0	0	0	0	81	0	0	0	
1.47834e+06	0	0	0	0	0	0	0	0	87	0	0	0	
1.47909e+06	0	0	0	0	0	0	0	0	83	0	0	0	
1.47983e+06	0	0	0	0	0	0	0	0	0	65	0	0	
1.48058e+06	0	0	0	0	0	0	0	0	0	81	0	0	
1.48133e+06	0	0	0	0	0	0	0	0	0	69	0	0	
1.48208e+06	0	0	0	0	0	0	0	0	0	63	0	0	
1.48283e+06	0	0	0	0	0	0	0	0	0	0	63	0	
1.48358e+06	0	0	0	0	0	0	0	0	0	0	67	0	
1.48433e+06	0	0	0	0	0	0	0	0	0	0	49	0	
1.48508e+06	0	0	0	0	0	0	0	0	0	0	75	0	
1.48583e+06	0	0	0	0	0	0	0	0	0	0	59	0	
1.48658e+06	0	0	0	0	0	0	0	0	0	0	79	0	
1.48732e+06	0	0	0	0	0	0	0	0	0	0	0	47	
1.48807e+06	0	0	0	0	0	0	0	0	0	0	0	43	
1.48882e+06	0	0	0	0	0	0	0	0	0	0	0	47	
1.48957e+06	0	0	0	0	0	0	0	0	0	0	0	39	
1.49032e+06	0	0	0	0	0	0	0	0	0	0	0	41	
1.49107e+06	0	0	0	0	0	0	0	0	0	0	0	53	
1.49182e+06	0	0	0	0	0	0	0	0	0	0	67	0	
1.49257e+06	0	0	0	0	0	0	0	0	0	0	63	0	
1.49332e+06	0	0	0	0	0	0	0	0	0	0	65	0	
1.49407e+06	0	0	0	0	0	0	0	0	0	0	75	0	
1.49482e+06	0	0	0	0	0	0	0	0	0	0	37	0	
1.49557e+06	0	0	0	0	0	0	0	0	0	0	63	0	
1.49632e+06	0	0	0	0	0	0	0	0	0	0	61	0	
1.49707e+06	0	0	0	0	0	0	0	0	0	0	0	49	
1.49782e+06	0	0	0	0	0	0	0	0	0	0	0	59	
1.49857e+06	0	0	0	0	0	0	0	0	0	0	67	0	
1.49932e+06	0	0	0	0	0	0	0	0	0	0	45	0	
1.50007e+06	0	0	0	0	0	0	0	0	0	77	0	0	
1.50007e+06	0	0	0	0	0	0	0	0	0	77	0	0	
