Time	s0	s1	s2	s3	s4	s5	s6	s7	s8	s9	s10	s11	
0	0	0	0	0	0	0	0	0	0	0	0	200	
7.40394e-05	0	0	0	0	0	0	0	0	0	0	0	201	
750.113	0	0	0	0	0	0	0	0	0	0	0	43	
1497.98	0	0	0	0	0	0	0	0	0	0	0	49	
2245.3	0	0	0	0	0	0	0	0	0	0	0	55	
2994.82	0	0	0	0	0	0	0	0	0	0	0	55	
3747.5	0	0	0	0	0	0	0	0	0	0	0	45	
4496.7	0	0	0	0	0	0	0	0	0	0	0	49	
5249.34	0	0	0	0	0	0	0	0	0	0	0	41	
5998.7	0	0	0	0	0	0	0	0	0	0	0	45	
6746.95	0	0	0	0	0	0	0	0	0	0	0	49	
7501.51	0	0	0	0	0	0	0	0	0	0	0	55	
8252.68	0	0	0	0	0	0	0	0	0	0	0	53	
9001.32	0	0	0	0	0	0	0	0	0	0	0	43	
9750.76	0	0	0	0	0	0	0	0	0	0	0	59	
10498.5	0	0	0	0	0	0	0	0	0	0	0	43	
11248.3	0	0	0	0	0	0	0	0	0	0	0	49	
12000.8	0	0	0	0	0	0	0	0	0	0	0	47	
12748.5	0	0	0	0	0	0	0	0	0	0	0	61	
13496.4	0	0	0	0	0	0	0	0	0	0	0	49	
14246.2	0	0	0	0	0	0	0	0	0	0	0	47	
14998.3	0	0	0	0	0	0	0	0	0	0	0	49	
15746.8	0	0	0	0	0	0	0	0	0	0	61	0	
16498.1	0	0	0	0	0	0	0	0	0	0	57	0	
17248.7	0	0	0	0	0	0	0	0	0	0	49	0	
17998.6	0	0	0	0	0	0	0	0	0	0	63	0	
18747	0	0	0	0	0	0	0	0	0	0	51	0	
19495.1	0	0	0	0	0	0	0	0	0	0	55	0	
20247.4	0	0	0	0	0	0	0	0	0	0	69	0	
20993	0	0	0	0	0	0	0	0	0	0	67	0	
21744.3	0	0	0	0	0	0	0	0	0	0	63	0	
22493.4	0	0	0	0	0	0	0	0	0	77	0	0	
23243.1	0	0	0	0	0	0	0	0	0	83	0	0	
23993.2	0	0	0	0	0	0	0	0	0	81	0	0	
24740.7	0	0	0	0	0	0	0	0	0	63	0	0	
25487.6	0	0	0	0	0	0	0	0	0	69	0	0	
26237.1	0	0	0	0	0	0	0	0	0	105	0	0	
26986.1	0	0	0	0	0	0	0	0	0	93	0	0	
27736.8	0	0	0	0	0	0	0	0	0	67	0	0	
28487.7	0	0	0	0	0	0	0	0	0	93	0	0	
29238	0	0	0	0	0	0	0	0	91	0	0	0	
29987.1	0	0	0	0	0	0	0	0	99	0	0	0	
30737.7	0	0	0	0	0	0	0	0	87	0	0	0	
31484.6	0	0	0	0	0	0	0	0	95	0	0	0	
32235.8	0	0	0	0	0	0	0	0	97	0	0	0	
32987	0	0	0	0	0	0	0	0	89	0	0	0	
33740.4	0	0	0	0	0	0	0	0	87	0	0	0	
34488.7	0	0	0	0	0	0	0	0	105	0	0	0	
35238.8	0	0	0	0	0	0	0	0	91	0	0	0	
35987.7	0	0	0	0	0	0	0	0	91	0	0	0	
36739.1	0	0	0	0	0	0	0	0	101	0	0	0	
37491.1	0	0	0	0	0	0	0	0	81	0	0	0	
38242.5	0	0	0	0	0	0	0	0	97	0	0	0	
38993.4	0	0	0	0	0	0	0	0	93	0	0	0	
39745.8	0	0	0	0	0	0	0	0	85	0	0	0	
40498.2	0	0	0	0	0	0	0	113	14	0	0	0	
41248.6	0	0	0	0	0	0	0	113	0	0	0	0	
41996.1	0	0	0	0	0	0	0	103	0	0	0	0	
42745.1	0	0	0	0	0	0	0	103	0	0	0	0	
43492	0	0	0	0	0	0	139	0	0	0	0	0	
44243.2	0	0	0	0	0	0	159	0	0	0	0	0	
44990.9	0	0	0	0	0	0	149	0	0	0	0	0	
45739.8	0	0	0	0	0	0	143	0	0	0	0	0	
46486	0	0	0	0	0	0	141	0	0	0	0	0	
47235.3	0	0	0	0	0	0	139	0	0	0	0	0	
47986.4	0	0	0	0	0	0	147	0	0	0	0	0	
48735	0	0	0	0	0	0	147	0	0	0	0	0	
49483.2	0	0	0	0	0	0	0	117	0	0	0	0	
50230.9	0	0	0	0	0	0	0	117	0	0	0	0	
50981.2	0	0	0	0	0	0	141	0	0	0	0	0	
51730.4	0	0	0	0	0	0	133	0	0	0	0	0	
52479.3	0	0	0	0	0	0	129	0	0	0	0	0	
53229.7	0	0	0	0	0	0	145	0	0	0	0	0	
53980.3	0	0	0	0	0	0	151	0	0	0	0	0	
54733.4	0	0	0	0	0	0	143	0	0	0	0	0	
55484.4	0	0	0	0	0	0	135	0	0	0	0	0	
56236.3	0	0	0	0	0	0	147	0	0	0	0	0	
56983.9	0	0	0	0	0	0	127	0	0	0	0	0	
57733.1	0	0	0	0	0	0	137	0	0	0	0	0	
58482.8	0	0	0	0	0	161	0	0	0	0	0	0	
59234.4	0	0	0	0	0	177	0	0	0	0	0	0	
59983.3	0	0	0	0	0	159	0	0	0	0	0	0	
60731.2	0	0	0	0	0	175	0	0	0	0	0	0	
61482.3	0	0	0	0	0	167	0	0	0	0	0	0	
62230.3	0	0	0	0	0	189	0	0	0	0	0	0	
62979.8	0	0	0	0	0	173	0	0	0	0	0	0	
63729.3	0	0	0	0	0	179	0	0	0	0	0	0	
64479.5	0	0	0	0	0	157	0	0	0	0	0	0	
65232.2	0	0	0	0	0	171	0	0	0	0	0	0	
65980.3	0	0	0	0	0	163	0	0	0	0	0	0	
66727.3	0	0	0	0	0	169	0	0	0	0	0	0	
67475.1	0	0	0	0	0	169	0	0	0	0	0	0	
68225	0	0	0	0	0	171	0	0	0	0	0	0	
68973	0	0	0	0	0	173	0	0	0	0	0	0	
69724.9	0	0	0	0	0	171	0	0	0	0	0	0	
70474.2	0	0	0	0	0	211	0	0	0	0	0	0	
71221.7	0	0	0	0	0	203	0	0	0	0	0	0	
71970.7	0	0	0	0	0	179	0	0	0	0	0	0	
72722.9	0	0	0	0	0	171	0	0	0	0	0	0	
73471	0	0	0	0	0	171	0	0	0	0	0	0	
74219.5	0	0	0	0	0	169	0	0	0	0	0	0	
74969.6	0	0	0	0	0	179	0	0	0	0	0	0	
75721	0	0	0	0	0	183	0	0	0	0	0	0	
76470.8	0	0	0	0	0	159	0	0	0	0	0	0	
77222.9	0	0	0	0	0	185	0	0	0	0	0	0	
77974.7	0	0	0	0	0	165	0	0	0	0	0	0	
78724.1	0	0	0	0	0	177	0	0	0	0	0	0	
79472	0	0	0	0	0	157	0	0	0	0	0	0	
80224.1	0	0	0	0	0	185	0	0	0	0	0	0	
80972.4	0	0	0	0	0	177	0	0	0	0	0	0	
81720.9	0	0	0	0	0	179	0	0	0	0	0	0	
82469.6	0	0	0	0	0	171	0	0	0	0	0	0	
83219.3	0	0	0	0	0	151	0	0	0	0	0	0	
83968.5	0	0	0	0	0	159	0	0	0	0	0	0	
84714.3	0	0	0	0	0	175	0	0	0	0	0	0	
85462.8	0	0	0	0	0	195	0	0	0	0	0	0	
86211.9	0	0	0	0	0	175	0	0	0	0	0	0	
86962.3	0	0	0	0	0	175	0	0	0	0	0	0	
87712.3	0	0	0	0	0	71	72	0	0	0	0	0	
88460.4	0	0	0	0	0	179	0	0	0	0	0	0	
89210.2	0	0	0	0	0	205	0	0	0	0	0	0	
89961.1	0	0	0	0	0	177	0	0	0	0	0	0	
90707.1	0	0	0	0	0	185	0	0	0	0	0	0	
91456.7	0	0	0	0	0	175	0	0	0	0	0	0	
92208.1	0	0	0	0	0	161	0	0	0	0	0	0	
92959.6	0	0	0	0	0	171	0	0	0	0	0	0	
93709.4	0	0	0	0	0	173	0	0	0	0	0	0	
94458.4	0	0	0	0	0	173	0	0	0	0	0	0	
95208.5	0	0	0	0	0	177	0	0	0	0	0	0	
95960	0	0	0	0	0	169	0	0	0	0	0	0	
96709.4	0	0	0	0	0	159	0	0	0	0	0	0	
97458	0	0	0	0	0	187	0	0	0	0	0	0	
98205.4	0	0	0	0	0	173	0	0	0	0	0	0	
98954.3	0	0	0	0	0	197	0	0	0	0	0	0	
99708	0	0	0	0	0	147	0	0	0	0	0	0	
100460	0	0	0	0	0	179	0	0	0	0	0	0	
101208	0	0	0	0	0	153	0	0	0	0	0	0	
101957	0	0	0	0	0	175	0	0	0	0	0	0	
102705	0	0	0	0	0	191	0	0	0	0	0	0	
103456	0	0	0	0	0	189	0	0	0	0	0	0	
104203	0	0	0	0	0	169	0	0	0	0	0	0	
104956	0	0	0	0	0	161	0	0	0	0	0	0	
105704	0	0	0	0	0	177	0	0	0	0	0	0	
106454	0	0	0	0	0	161	0	0	0	0	0	0	
107202	0	0	0	0	0	181	0	0	0	0	0	0	
107954	0	0	0	0	0	205	0	0	0	0	0	0	
108705	0	0	0	0	0	159	0	0	0	0	0	0	
109456	0	0	0	0	0	161	0	0	0	0	0	0	
110205	0	0	0	0	0	191	0	0	0	0	0	0	
110956	0	0	0	0	0	159	0	0	0	0	0	0	
111706	0	0	0	0	0	165	0	0	0	0	0	0	
112455	0	0	0	0	0	193	0	0	0	0	0	0	
113205	0	0	0	0	0	191	0	0	0	0	0	0	
113956	0	0	0	0	0	163	0	0	0	0	0	0	
114709	0	0	0	0	0	159	0	0	0	0	0	0	
115460	0	0	0	0	0	179	6	0	0	0	0	0	
116210	0	0	0	0	0	161	0	0	0	0	0	0	
116964	0	0	0	0	0	179	0	0	0	0	0	0	
117716	0	0	0	0	0	165	0	0	0	0	0	0	
118465	0	0	0	0	0	171	0	0	0	0	0	0	
119218	0	0	0	0	0	165	0	0	0	0	0	0	
119971	0	0	0	0	0	189	0	0	0	0	0	0	
120721	0	0	0	0	0	195	0	0	0	0	0	0	
121472	0	0	0	0	0	177	0	0	0	0	0	0	
122220	0	0	0	0	0	183	0	0	0	0	0	0	
122968	0	0	0	0	0	168	1	0	0	0	0	0	
123718	0	0	0	0	0	0	169	0	0	0	0	0	
124466	0	0	0	0	0	0	125	0	0	0	0	0	
125216	0	0	0	0	0	0	149	0	0	0	0	0	
125964	0	0	0	0	0	0	141	0	0	0	0	0	
126712	0	0	0	0	0	0	139	0	0	0	0	0	
127461	0	0	0	0	0	0	155	0	0	0	0	0	
128214	0	0	0	0	0	0	153	0	0	0	0	0	
128962	0	0	0	0	0	0	137	0	0	0	0	0	
129710	0	0	0	0	0	0	143	0	0	0	0	0	
130459	0	0	0	0	0	167	0	0	0	0	0	0	
131210	0	0	0	0	207	0	0	0	0	0	0	0	
131958	0	0	0	0	209	0	0	0	0	0	0	0	
132711	0	0	0	0	0	185	0	0	0	0	0	0	
133461	0	0	0	0	0	187	0	0	0	0	0	0	
134209	0	0	0	0	0	165	0	0	0	0	0	0	
134960	0	0	0	0	0	155	0	0	0	0	0	0	
135708	0	0	0	0	0	141	0	0	0	0	0	0	
136456	0	0	0	0	3	186	0	0	0	0	0	0	
137206	0	0	0	0	0	167	0	0	0	0	0	0	
137958	0	0	0	0	0	189	0	0	0	0	0	0	
138707	0	0	0	0	0	169	0	0	0	0	0	0	
139458	0	0	0	0	0	183	0	0	0	0	0	0	
140208	0	0	0	0	0	189	0	0	0	0	0	0	
140958	0	0	0	0	0	191	0	0	0	0	0	0	
141707	0	0	0	0	0	185	0	0	0	0	0	0	
142460	0	0	0	0	0	179	0	0	0	0	0	0	
143210	0	0	0	0	0	169	0	0	0	0	0	0	
143964	0	0	0	0	0	183	0	0	0	0	0	0	
144712	0	0	0	0	0	145	0	0	0	0	0	0	
145465	0	0	0	0	0	173	0	0	0	0	0	0	
146214	0	0	0	0	0	169	0	0	0	0	0	0	
146963	0	0	0	0	0	181	0	0	0	0	0	0	
147713	0	0	0	0	0	0	153	0	0	0	0	0	
148460	0	0	0	0	0	0	135	0	0	0	0	0	
149209	0	0	0	0	0	0	143	0	0	0	0	0	
149958	0	0	0	0	0	0	129	0	0	0	0	0	
150710	0	0	0	0	0	0	141	0	0	0	0	0	
151462	0	0	0	0	0	0	129	0	0	0	0	0	
152215	0	0	0	0	0	0	135	0	0	0	0	0	
152962	0	0	0	0	0	0	139	0	0	0	0	0	
153711	0	0	0	0	0	0	119	0	0	0	0	0	
154463	0	0	0	0	0	0	145	0	0	0	0	0	
155214	0	0	0	0	0	0	159	0	0	0	0	0	
155967	0	0	0	0	0	12	125	0	0	0	0	0	
156717	0	0	0	0	0	0	133	0	0	0	0	0	
157472	0	0	0	0	0	0	145	0	0	0	0	0	
158219	0	0	0	0	0	0	149	0	0	0	0	0	
158969	0	0	0	0	0	0	139	0	0	0	0	0	
159720	0	0	0	0	0	0	131	0	0	0	0	0	
160466	0	0	0	0	0	0	137	0	0	0	0	0	
161217	0	0	0	0	0	0	129	0	0	0	0	0	
161967	0	0	0	0	0	0	151	0	0	0	0	0	
162720	0	0	0	0	0	0	149	0	0	0	0	0	
163468	0	0	0	0	0	0	143	0	0	0	0	0	
164217	0	0	0	0	0	0	139	0	0	0	0	0	
164969	0	0	0	0	0	0	141	0	0	0	0	0	
165718	0	0	0	0	0	0	153	0	0	0	0	0	
166468	0	0	0	0	0	0	131	0	0	0	0	0	
167216	0	0	0	0	0	0	135	0	0	0	0	0	
167965	0	0	0	0	0	0	127	0	0	0	0	0	
168715	0	0	0	0	0	0	129	0	0	0	0	0	
169465	0	0	0	0	0	0	137	0	0	0	0	0	
170216	0	0	0	0	0	0	137	0	0	0	0	0	
170967	0	0	0	0	0	0	155	0	0	0	0	0	
171717	0	0	0	0	0	0	145	0	0	0	0	0	
172466	0	0	0	0	0	0	149	0	0	0	0	0	
173215	0	0	0	0	0	0	157	0	0	0	0	0	
173966	0	0	0	0	0	6	131	0	0	0	0	0	
174715	0	0	0	0	0	0	145	0	0	0	0	0	
175467	0	0	0	0	0	0	129	0	0	0	0	0	
176219	0	0	0	0	0	0	135	0	0	0	0	0	
176971	0	0	0	0	0	0	147	0	0	0	0	0	
177720	0	0	0	0	0	0	119	0	0	0	0	0	
178469	0	0	0	0	0	0	157	0	0	0	0	0	
179219	0	0	0	0	0	0	147	0	0	0	0	0	
179968	0	0	0	0	0	0	137	0	0	0	0	0	
180719	0	0	0	0	0	0	0	108	1	0	0	0	
181467	0	0	0	0	0	0	0	103	0	0	0	0	
182218	0	0	0	0	0	0	0	113	0	0	0	0	
182967	0	0	0	0	0	0	0	103	0	0	0	0	
183719	0	0	0	0	0	0	0	101	0	0	0	0	
184470	0	0	0	0	0	0	0	107	0	0	0	0	
185220	0	0	0	0	0	0	0	107	0	0	0	0	
185969	0	0	0	0	0	0	0	103	0	0	0	0	
186717	0	0	0	0	0	0	0	105	0	0	0	0	
187464	0	0	0	0	0	0	0	111	0	0	0	0	
188213	0	0	0	0	0	0	0	103	0	0	0	0	
188962	0	0	0	0	0	0	0	97	0	0	0	0	
189709	0	0	0	0	0	0	0	119	0	0	0	0	
190458	0	0	0	0	0	0	0	133	0	0	0	0	
191206	0	0	0	0	0	0	0	105	0	0	0	0	
191953	0	0	0	0	0	0	0	0	87	0	0	0	
192703	0	0	0	0	0	0	0	0	93	0	0	0	
193454	0	0	0	0	0	0	0	0	79	0	0	0	
194204	0	0	0	0	0	0	0	0	95	0	0	0	
194951	0	0	0	0	0	0	0	0	87	0	0	0	
195701	0	0	0	0	0	0	0	0	95	0	0	0	
196445	0	0	0	0	0	0	0	0	95	0	0	0	
197196	0	0	0	0	0	0	0	0	105	0	0	0	
197945	0	0	0	0	0	0	0	0	99	0	0	0	
198695	0	0	0	0	0	0	0	18	71	0	0	0	
199446	0	0	0	0	0	0	0	0	105	0	0	0	
200196	0	0	0	0	0	0	0	0	97	0	0	0	
200947	0	0	0	0	0	0	0	0	87	0	0	0	
201698	0	0	0	0	0	0	0	0	79	0	0	0	
202447	0	0	0	0	0	0	0	0	105	0	0	0	
203200	0	0	0	0	0	0	0	0	81	0	0	0	
203948	0	0	0	0	0	0	0	0	81	0	0	0	
204696	0	0	0	0	0	0	0	0	89	0	0	0	
205445	0	0	0	0	0	0	0	0	79	0	0	0	
206197	0	0	0	0	0	0	0	0	89	0	0	0	
206947	0	0	0	0	0	0	0	0	91	0	0	0	
207695	0	0	0	0	0	0	0	0	107	0	0	0	
208444	0	0	0	0	0	0	0	0	95	0	0	0	
209192	0	0	0	0	0	0	0	0	87	0	0	0	
209941	0	0	0	0	0	0	0	0	89	0	0	0	
210691	0	0	0	0	0	0	0	0	87	0	0	0	
211441	0	0	0	0	0	0	0	0	97	0	0	0	
212192	0	0	0	0	0	0	0	0	101	0	0	0	
212939	0	0	0	0	0	0	0	0	83	0	0	0	
213690	0	0	0	0	0	0	0	0	85	0	0	0	
214435	0	0	0	0	0	0	0	0	85	0	0	0	
215189	0	0	0	0	0	0	0	0	81	0	0	0	
215942	0	0	0	0	0	0	0	0	95	0	0	0	
216692	0	0	0	0	0	0	0	113	0	0	0	0	
217444	0	0	0	0	0	0	1	128	0	0	0	0	
218195	0	0	0	0	0	0	0	121	0	0	0	0	
218947	0	0	0	0	0	0	0	115	0	0	0	0	
219699	0	0	0	0	0	0	0	101	0	0	0	0	
220449	0	0	0	0	0	0	0	129	0	0	0	0	
221199	0	0	0	0	0	0	0	115	0	0	0	0	
221950	0	0	0	0	0	0	0	105	0	0	0	0	
222701	0	0	0	0	0	0	0	113	0	0	0	0	
223452	0	0	0	0	0	0	0	101	0	0	0	0	
224202	0	0	0	0	0	0	0	111	0	0	0	0	
224950	0	0	0	0	0	0	0	0	99	0	0	0	
225702	0	0	0	0	0	0	0	0	91	0	0	0	
226450	0	0	0	0	0	0	0	0	107	0	0	0	
227198	0	0	0	0	0	0	0	0	91	0	0	0	
227950	0	0	0	0	0	0	0	0	103	0	0	0	
228698	0	0	0	0	0	0	0	0	99	0	0	0	
229449	0	0	0	0	0	0	0	0	101	0	0	0	
230201	0	0	0	0	0	0	0	129	0	0	0	0	
230953	0	0	0	0	0	0	0	109	0	0	0	0	
231707	0	0	0	0	0	0	0	107	0	0	0	0	
232458	0	0	0	0	0	0	0	119	0	0	0	0	
233211	0	0	0	0	0	0	0	105	0	0	0	0	
233962	0	0	0	0	0	0	157	0	0	0	0	0	
234712	0	0	0	0	0	0	157	0	0	0	0	0	
235461	0	0	0	0	0	0	127	0	0	0	0	0	
236211	0	0	0	0	0	0	139	0	0	0	0	0	
236961	0	0	0	0	0	0	139	0	0	0	0	0	
237709	0	0	0	0	0	0	135	0	0	0	0	0	
238462	0	0	0	0	0	0	135	0	0	0	0	0	
239211	0	0	0	0	0	0	159	0	0	0	0	0	
239966	0	0	0	0	0	2	151	0	0	0	0	0	
240718	0	0	0	0	0	0	133	0	0	0	0	0	
241468	0	0	0	0	0	0	137	0	0	0	0	0	
242215	0	0	0	0	0	0	139	0	0	0	0	0	
242968	0	0	0	0	0	0	141	0	0	0	0	0	
243717	0	0	0	0	0	0	141	0	0	0	0	0	
244467	0	0	0	0	0	0	141	0	0	0	0	0	
245214	0	0	0	0	0	0	145	0	0	0	0	0	
245963	0	0	0	0	0	0	123	0	0	0	0	0	
246715	0	0	0	0	0	0	141	0	0	0	0	0	
247464	0	0	0	0	0	0	135	0	0	0	0	0	
248213	0	0	0	0	0	0	135	0	0	0	0	0	
248961	0	0	0	0	0	0	155	0	0	0	0	0	
249711	0	0	0	0	0	0	163	0	0	0	0	0	
250459	0	0	0	0	0	0	163	0	0	0	0	0	
251209	0	0	0	0	0	0	129	0	0	0	0	0	
251958	0	0	0	0	0	0	163	0	0	0	0	0	
252709	0	0	0	0	0	0	161	0	0	0	0	0	
253461	0	0	0	0	0	0	123	0	0	0	0	0	
254212	0	0	0	0	0	0	143	0	0	0	0	0	
254964	0	0	0	0	0	2	135	0	0	0	0	0	
255714	0	0	0	0	0	0	151	0	0	0	0	0	
256462	0	0	0	0	0	0	159	0	0	0	0	0	
257211	0	0	0	0	0	0	141	0	0	0	0	0	
257961	0	0	0	0	0	0	145	0	0	0	0	0	
258711	0	0	0	0	0	0	139	0	0	0	0	0	
259459	0	0	0	0	0	0	131	0	0	0	0	0	
260208	0	0	0	0	0	0	123	0	0	0	0	0	
260960	0	0	0	0	0	0	147	0	0	0	0	0	
261712	0	0	0	0	0	0	131	0	0	0	0	0	
262464	0	0	0	0	0	0	159	0	0	0	0	0	
263213	0	0	0	0	0	0	147	0	0	0	0	0	
263964	0	0	0	0	0	0	159	0	0	0	0	0	
264715	0	0	0	0	0	171	0	0	0	0	0	0	
265463	0	0	0	0	0	179	0	0	0	0	0	0	
266213	0	0	0	0	0	171	0	0	0	0	0	0	
266967	0	0	0	0	0	187	0	0	0	0	0	0	
267718	0	0	0	0	0	173	0	0	0	0	0	0	
268466	0	0	0	0	0	171	0	0	0	0	0	0	
269218	0	0	0	0	0	189	0	0	0	0	0	0	
269968	0	0	0	0	0	183	0	0	0	0	0	0	
270718	0	0	0	0	0	177	0	0	0	0	0	0	
271467	0	0	0	0	0	171	0	0	0	0	0	0	
272218	0	0	0	0	0	157	0	0	0	0	0	0	
272967	0	0	0	0	0	163	0	0	0	0	0	0	
273716	0	0	0	0	0	175	0	0	0	0	0	0	
274462	0	0	0	0	0	187	0	0	0	0	0	0	
275214	0	0	0	0	0	173	0	0	0	0	0	0	
275963	0	0	0	0	0	181	0	0	0	0	0	0	
276714	0	0	0	0	0	157	0	0	0	0	0	0	
277463	0	0	0	0	0	173	0	0	0	0	0	0	
278213	0	0	0	0	0	179	0	0	0	0	0	0	
278959	0	0	0	0	0	174	11	0	0	0	0	0	
279709	0	0	0	0	0	169	0	0	0	0	0	0	
280460	0	0	0	0	0	165	0	0	0	0	0	0	
281214	0	0	0	0	0	179	0	0	0	0	0	0	
281962	0	0	0	0	0	181	0	0	0	0	0	0	
282713	0	0	0	0	0	171	0	0	0	0	0	0	
283463	0	0	0	0	0	193	0	0	0	0	0	0	
284211	0	0	0	0	0	157	0	0	0	0	0	0	
284957	0	0	0	0	0	191	0	0	0	0	0	0	
285706	0	0	0	0	0	0	151	0	0	0	0	0	
286456	0	0	0	0	0	0	129	0	0	0	0	0	
287209	0	0	0	0	0	0	139	0	0	0	0	0	
287960	0	0	0	0	0	0	133	0	0	0	0	0	
288710	0	0	0	0	0	0	129	0	0	0	0	0	
289461	0	0	0	0	0	0	141	0	0	0	0	0	
290212	0	0	0	0	0	0	149	0	0	0	0	0	
290960	0	0	0	0	0	0	139	0	0	0	0	0	
291712	0	0	0	0	0	0	133	0	0	0	0	0	
292463	0	0	0	0	0	0	153	0	0	0	0	0	
293211	0	0	0	0	0	0	145	0	0	0	0	0	
293959	0	0	0	0	0	0	159	0	0	0	0	0	
294707	0	0	0	0	0	0	151	0	0	0	0	0	
295457	0	0	0	0	0	0	149	0	0	0	0	0	
296207	0	0	0	0	0	0	143	0	0	0	0	0	
296957	0	0	0	0	0	0	147	0	0	0	0	0	
297708	0	0	0	0	0	0	143	0	0	0	0	0	
298461	0	0	0	0	0	0	121	0	0	0	0	0	
299209	0	0	0	0	0	0	161	0	0	0	0	0	
299957	0	0	0	0	0	0	137	0	0	0	0	0	
300709	0	0	0	0	0	0	145	0	0	0	0	0	
301459	0	0	0	0	0	57	90	0	0	0	0	0	
302210	0	0	0	0	0	165	0	0	0	0	0	0	
302960	0	0	0	0	0	173	0	0	0	0	0	0	
303713	0	0	0	0	0	171	0	0	0	0	0	0	
304464	0	0	0	0	0	199	0	0	0	0	0	0	
305212	0	0	0	0	0	169	0	0	0	0	0	0	
305963	0	0	0	0	0	165	0	0	0	0	0	0	
306710	0	0	0	0	0	161	0	0	0	0	0	0	
307462	0	0	0	0	0	169	0	0	0	0	0	0	
308211	0	0	0	0	0	181	0	0	0	0	0	0	
308960	0	0	0	0	0	187	0	0	0	0	0	0	
309708	0	0	0	0	0	183	0	0	0	0	0	0	
310460	0	0	0	0	147	46	0	0	0	0	0	0	
311212	0	0	0	0	193	0	0	0	0	0	0	0	
311965	0	0	0	0	197	0	0	0	0	0	0	0	
312714	0	0	0	0	225	0	0	0	0	0	0	0	
313466	0	0	0	0	201	0	0	0	0	0	0	0	
314214	0	0	0	0	217	0	0	0	0	0	0	0	
314967	0	0	0	0	229	0	0	0	0	0	0	0	
315714	0	0	0	0	217	0	0	0	0	0	0	0	
316463	0	0	0	0	211	0	0	0	0	0	0	0	
317208	0	0	0	0	229	0	0	0	0	0	0	0	
317958	0	0	0	0	123	66	0	0	0	0	0	0	
318703	0	0	0	0	205	0	0	0	0	0	0	0	
319452	0	0	0	0	223	0	0	0	0	0	0	0	
320206	0	0	0	0	229	0	0	0	0	0	0	0	
320958	0	0	0	0	189	0	0	0	0	0	0	0	
321709	0	0	0	0	217	0	0	0	0	0	0	0	
322460	0	0	0	0	227	0	0	0	0	0	0	0	
323209	0	0	0	0	209	0	0	0	0	0	0	0	
323962	0	0	0	0	233	0	0	0	0	0	0	0	
324709	0	0	0	0	217	0	0	0	0	0	0	0	
325459	0	0	0	0	207	0	0	0	0	0	0	0	
326206	0	0	0	0	211	0	0	0	0	0	0	0	
326958	0	0	0	0	221	0	0	0	0	0	0	0	
327707	0	0	0	0	215	0	0	0	0	0	0	0	
328454	0	0	0	0	201	0	0	0	0	0	0	0	
329201	0	0	0	0	217	0	0	0	0	0	0	0	
329951	0	0	0	0	225	0	0	0	0	0	0	0	
330703	0	0	0	0	201	0	0	0	0	0	0	0	
331452	0	0	0	0	211	0	0	0	0	0	0	0	
332201	0	0	0	0	233	0	0	0	0	0	0	0	
332948	0	0	0	0	189	0	0	0	0	0	0	0	
333696	0	0	0	0	209	0	0	0	0	0	0	0	
334446	0	0	0	0	195	0	0	0	0	0	0	0	
335196	0	0	0	0	183	0	0	0	0	0	0	0	
335945	0	0	0	0	243	0	0	0	0	0	0	0	
336697	0	0	0	0	209	0	0	0	0	0	0	0	
337443	0	0	0	0	203	0	0	0	0	0	0	0	
338189	0	0	0	0	203	0	0	0	0	0	0	0	
338937	0	0	0	0	235	0	0	0	0	0	0	0	
339687	0	0	0	0	194	27	0	0	0	0	0	0	
340440	0	0	0	0	221	0	0	0	0	0	0	0	
341189	0	0	0	0	217	0	0	0	0	0	0	0	
341941	0	0	0	0	227	0	0	0	0	0	0	0	
342689	0	0	0	0	223	0	0	0	0	0	0	0	
343436	0	0	0	0	219	0	0	0	0	0	0	0	
344184	0	0	0	0	207	0	0	0	0	0	0	0	
344934	0	0	0	0	245	0	0	0	0	0	0	0	
345688	0	0	0	0	215	0	0	0	0	0	0	0	
346439	0	0	0	0	235	0	0	0	0	0	0	0	
347185	0	0	0	0	217	0	0	0	0	0	0	0	
347934	0	0	0	0	231	0	0	0	0	0	0	0	
348686	0	0	0	0	209	0	0	0	0	0	0	0	
349437	0	0	0	0	199	0	0	0	0	0	0	0	
350185	0	0	0	0	181	0	0	0	0	0	0	0	
350930	0	0	0	0	213	0	0	0	0	0	0	0	
351681	0	0	0	0	219	0	0	0	0	0	0	0	
352436	0	0	0	0	209	0	0	0	0	0	0	0	
353187	0	0	0	0	205	0	0	0	0	0	0	0	
353938	0	0	0	0	225	0	0	0	0	0	0	0	
354685	0	0	0	0	231	0	0	0	0	0	0	0	
355437	0	0	0	0	205	0	0	0	0	0	0	0	
356185	0	0	0	0	199	0	0	0	0	0	0	0	
356936	0	0	0	1	196	0	0	0	0	0	0	0	
357686	0	0	0	0	207	0	0	0	0	0	0	0	
358439	0	0	0	0	197	0	0	0	0	0	0	0	
359192	0	0	0	0	213	0	0	0	0	0	0	0	
359943	0	0	0	0	215	0	0	0	0	0	0	0	
360691	0	0	0	0	243	0	0	0	0	0	0	0	
361440	0	0	0	0	199	0	0	0	0	0	0	0	
362190	0	0	0	0	201	0	0	0	0	0	0	0	
362938	0	0	0	0	209	0	0	0	0	0	0	0	
363689	0	0	0	0	231	0	0	0	0	0	0	0	
364434	0	0	0	0	207	0	0	0	0	0	0	0	
365185	0	0	0	0	241	0	0	0	0	0	0	0	
365937	0	0	0	0	223	0	0	0	0	0	0	0	
366688	0	0	0	0	229	0	0	0	0	0	0	0	
367438	0	0	0	0	221	0	0	0	0	0	0	0	
368186	0	0	0	0	211	0	0	0	0	0	0	0	
368937	0	0	0	0	201	0	0	0	0	0	0	0	
369686	0	0	0	0	233	0	0	0	0	0	0	0	
370434	0	0	0	0	191	0	0	0	0	0	0	0	
371182	0	0	0	0	195	0	0	0	0	0	0	0	
371932	0	0	0	0	217	0	0	0	0	0	0	0	
372682	0	0	0	0	233	0	0	0	0	0	0	0	
373430	0	0	0	0	219	0	0	0	0	0	0	0	
374184	0	0	0	0	209	0	0	0	0	0	0	0	
374935	0	0	0	0	207	0	0	0	0	0	0	0	
375681	0	0	0	0	241	0	0	0	0	0	0	0	
376432	0	0	0	0	191	0	0	0	0	0	0	0	
377181	0	0	0	0	217	0	0	0	0	0	0	0	
377931	0	0	0	0	211	0	0	0	0	0	0	0	
378680	0	0	0	0	245	0	0	0	0	0	0	0	
379432	0	0	0	33	210	0	0	0	0	0	0	0	
380184	0	0	0	195	64	0	0	0	0	0	0	0	
380931	0	0	0	283	0	0	0	0	0	0	0	0	
381680	0	0	0	257	0	0	0	0	0	0	0	0	
382429	0	0	0	271	0	0	0	0	0	0	0	0	
383182	0	0	0	267	0	0	0	0	0	0	0	0	
383935	0	0	0	267	0	0	0	0	0	0	0	0	
384681	0	0	0	283	0	0	0	0	0	0	0	0	
385436	0	0	0	241	0	0	0	0	0	0	0	0	
386192	0	0	0	265	0	0	0	0	0	0	0	0	
386941	0	0	0	271	0	0	0	0	0	0	0	0	
387694	0	0	0	249	0	0	0	0	0	0	0	0	
388442	0	0	0	263	0	0	0	0	0	0	0	0	
389191	0	0	0	263	0	0	0	0	0	0	0	0	
389942	0	0	0	247	0	0	0	0	0	0	0	0	
390694	0	0	0	255	0	0	0	0	0	0	0	0	
391443	0	0	0	251	0	0	0	0	0	0	0	0	
392194	0	0	0	275	0	0	0	0	0	0	0	0	
392940	0	0	0	261	0	0	0	0	0	0	0	0	
393691	0	0	0	255	0	0	0	0	0	0	0	0	
394442	0	0	0	279	0	0	0	0	0	0	0	0	
395190	0	0	0	291	0	0	0	0	0	0	0	0	
395937	0	0	0	245	0	0	0	0	0	0	0	0	
396691	0	0	0	267	0	0	0	0	0	0	0	0	
397443	0	0	2	271	0	0	0	0	0	0	0	0	
398193	0	0	0	237	0	0	0	0	0	0	0	0	
398944	0	0	0	251	0	0	0	0	0	0	0	0	
399693	0	0	0	261	0	0	0	0	0	0	0	0	
400443	0	0	0	255	0	0	0	0	0	0	0	0	
401190	0	0	0	273	0	0	0	0	0	0	0	0	
401940	0	0	0	277	0	0	0	0	0	0	0	0	
402691	0	0	0	265	0	0	0	0	0	0	0	0	
403440	0	0	0	279	0	0	0	0	0	0	0	0	
404190	0	0	0	279	0	0	0	0	0	0	0	0	
404940	0	0	0	237	0	0	0	0	0	0	0	0	
405691	0	0	0	257	0	0	0	0	0	0	0	0	
406441	0	0	0	267	0	0	0	0	0	0	0	0	
407193	0	0	0	287	0	0	0	0	0	0	0	0	
407942	0	0	0	239	0	0	0	0	0	0	0	0	
408691	0	0	0	287	0	0	0	0	0	0	0	0	
409442	0	0	0	295	0	0	0	0	0	0	0	0	
410194	0	0	148	171	0	0	0	0	0	0	0	0	
410946	0	0	307	0	0	0	0	0	0	0	0	0	
411698	0	0	317	0	0	0	0	0	0	0	0	0	
412449	0	0	321	0	0	0	0	0	0	0	0	0	
413203	0	0	321	0	0	0	0	0	0	0	0	0	
413954	0	0	317	0	0	0	0	0	0	0	0	0	
414704	0	0	301	0	0	0	0	0	0	0	0	0	
415452	0	0	325	0	0	0	0	0	0	0	0	0	
416200	0	0	329	0	0	0	0	0	0	0	0	0	
416953	0	0	301	0	0	0	0	0	0	0	0	0	
417704	0	0	313	0	0	0	0	0	0	0	0	0	
418455	0	0	319	0	0	0	0	0	0	0	0	0	
419206	0	0	327	0	0	0	0	0	0	0	0	0	
419957	0	0	337	0	0	0	0	0	0	0	0	0	
420707	0	0	313	0	0	0	0	0	0	0	0	0	
421461	0	0	307	0	0	0	0	0	0	0	0	0	
422210	0	0	291	0	0	0	0	0	0	0	0	0	
422965	0	0	307	0	0	0	0	0	0	0	0	0	
423714	0	81	248	0	0	0	0	0	0	0	0	0	
424466	0	0	321	0	0	0	0	0	0	0	0	0	
425216	0	0	265	60	0	0	0	0	0	0	0	0	
425969	0	0	295	0	0	0	0	0	0	0	0	0	
426721	0	0	309	0	0	0	0	0	0	0	0	0	
427469	0	0	321	0	0	0	0	0	0	0	0	0	
428219	0	0	313	0	0	0	0	0	0	0	0	0	
428968	0	0	315	0	0	0	0	0	0	0	0	0	
429715	0	0	311	0	0	0	0	0	0	0	0	0	
430465	0	0	293	0	0	0	0	0	0	0	0	0	
431215	0	0	327	0	0	0	0	0	0	0	0	0	
431964	0	0	321	0	0	0	0	0	0	0	0	0	
432713	0	0	329	0	0	0	0	0	0	0	0	0	
433461	0	0	311	0	0	0	0	0	0	0	0	0	
434208	0	0	329	0	0	0	0	0	0	0	0	0	
434961	0	0	303	0	0	0	0	0	0	0	0	0	
435711	0	0	353	0	0	0	0	0	0	0	0	0	
436461	0	0	341	0	0	0	0	0	0	0	0	0	
437208	0	0	319	0	0	0	0	0	0	0	0	0	
437958	0	0	329	0	0	0	0	0	0	0	0	0	
438706	0	0	315	0	0	0	0	0	0	0	0	0	
439456	0	0	331	0	0	0	0	0	0	0	0	0	
440208	0	0	313	0	0	0	0	0	0	0	0	0	
440959	0	0	337	0	0	0	0	0	0	0	0	0	
441708	0	0	305	0	0	0	0	0	0	0	0	0	
442455	0	0	0	233	0	0	0	0	0	0	0	0	
443205	0	0	0	269	0	0	0	0	0	0	0	0	
443957	0	0	0	267	0	0	0	0	0	0	0	0	
444704	0	0	0	275	0	0	0	0	0	0	0	0	
445456	0	0	0	279	0	0	0	0	0	0	0	0	
446204	0	0	2	279	0	0	0	0	0	0	0	0	
446952	0	0	0	237	0	0	0	0	0	0	0	0	
447704	0	0	0	257	0	0	0	0	0	0	0	0	
448455	0	0	0	243	0	0	0	0	0	0	0	0	
449207	0	0	0	261	0	0	0	0	0	0	0	0	
449955	0	0	0	273	0	0	0	0	0	0	0	0	
450706	0	0	0	261	0	0	0	0	0	0	0	0	
451457	0	0	0	279	0	0	0	0	0	0	0	0	
452206	0	0	0	279	0	0	0	0	0	0	0	0	
452956	0	0	0	251	0	0	0	0	0	0	0	0	
453705	0	0	0	259	0	0	0	0	0	0	0	0	
454454	0	0	0	7	214	0	0	0	0	0	0	0	
455201	0	0	0	0	217	0	0	0	0	0	0	0	
455949	0	0	0	0	207	0	0	0	0	0	0	0	
456699	0	0	0	0	223	0	0	0	0	0	0	0	
457448	0	0	0	0	231	0	0	0	0	0	0	0	
458199	0	0	0	0	233	0	0	0	0	0	0	0	
458950	0	0	0	0	205	0	0	0	0	0	0	0	
459698	0	0	0	0	195	0	0	0	0	0	0	0	
460450	0	0	0	0	217	0	0	0	0	0	0	0	
461200	0	0	0	0	221	0	0	0	0	0	0	0	
461951	0	0	0	0	223	0	0	0	0	0	0	0	
462703	0	0	0	0	205	0	0	0	0	0	0	0	
463454	0	0	0	0	249	0	0	0	0	0	0	0	
464208	0	0	0	0	215	0	0	0	0	0	0	0	
464958	0	0	0	0	219	0	0	0	0	0	0	0	
465709	0	0	0	0	187	0	0	0	0	0	0	0	
466461	0	0	0	0	181	0	0	0	0	0	0	0	
467209	0	0	0	10	205	0	0	0	0	0	0	0	
467959	0	0	0	0	215	0	0	0	0	0	0	0	
468706	0	0	0	0	193	0	0	0	0	0	0	0	
469457	0	0	0	0	217	0	0	0	0	0	0	0	
470205	0	0	0	0	207	0	0	0	0	0	0	0	
470955	0	0	0	0	211	0	0	0	0	0	0	0	
471703	0	0	0	0	209	0	0	0	0	0	0	0	
472455	0	0	0	0	209	0	0	0	0	0	0	0	
473203	0	0	0	0	215	0	0	0	0	0	0	0	
473953	0	0	0	0	237	0	0	0	0	0	0	0	
474704	0	0	0	0	213	0	0	0	0	0	0	0	
475454	0	0	0	0	229	0	0	0	0	0	0	0	
476207	0	0	0	0	209	0	0	0	0	0	0	0	
476956	0	0	0	0	197	0	0	0	0	0	0	0	
477706	0	0	0	0	219	0	0	0	0	0	0	0	
478455	0	0	0	0	201	0	0	0	0	0	0	0	
479203	0	0	0	0	185	0	0	0	0	0	0	0	
479953	0	0	0	0	207	2	0	0	0	0	0	0	
480702	0	0	0	0	233	0	0	0	0	0	0	0	
481452	0	0	0	0	172	29	0	0	0	0	0	0	
482202	0	0	0	0	229	0	0	0	0	0	0	0	
482952	0	0	0	0	215	0	0	0	0	0	0	0	
483701	0	0	0	0	223	0	0	0	0	0	0	0	
484447	0	0	0	0	211	0	0	0	0	0	0	0	
485196	0	0	0	0	219	0	0	0	0	0	0	0	
485949	0	0	0	0	185	0	0	0	0	0	0	0	
486698	0	0	0	0	233	0	0	0	0	0	0	0	
487448	0	0	0	171	96	0	0	0	0	0	0	0	
488195	0	0	0	287	0	0	0	0	0	0	0	0	
488944	0	0	0	267	0	0	0	0	0	0	0	0	
489690	0	0	0	269	0	0	0	0	0	0	0	0	
490440	0	0	0	285	0	0	0	0	0	0	0	0	
491192	0	0	0	265	0	0	0	0	0	0	0	0	
491943	0	0	0	267	0	0	0	0	0	0	0	0	
492694	0	0	0	279	0	0	0	0	0	0	0	0	
493445	0	0	0	287	0	0	0	0	0	0	0	0	
494199	0	0	0	247	0	0	0	0	0	0	0	0	
494948	0	0	0	269	0	0	0	0	0	0	0	0	
495699	0	0	0	257	0	0	0	0	0	0	0	0	
496452	0	0	0	273	0	0	0	0	0	0	0	0	
497203	0	0	0	271	0	0	0	0	0	0	0	0	
497952	0	0	0	275	0	0	0	0	0	0	0	0	
498699	0	0	2	251	0	0	0	0	0	0	0	0	
499450	0	0	0	261	0	0	0	0	0	0	0	0	
500200	0	0	0	273	0	0	0	0	0	0	0	0	
500951	0	0	0	255	0	0	0	0	0	0	0	0	
501703	0	0	0	267	0	0	0	0	0	0	0	0	
502453	0	0	0	273	0	0	0	0	0	0	0	0	
503201	0	0	0	307	0	0	0	0	0	0	0	0	
503952	0	0	0	259	0	0	0	0	0	0	0	0	
504705	0	0	0	265	0	0	0	0	0	0	0	0	
505453	0	0	0	267	0	0	0	0	0	0	0	0	
506205	0	0	0	241	0	0	0	0	0	0	0	0	
506950	0	0	0	271	0	0	0	0	0	0	0	0	
507701	0	0	0	269	0	0	0	0	0	0	0	0	
508451	0	0	0	253	0	0	0	0	0	0	0	0	
509198	0	0	0	253	0	0	0	0	0	0	0	0	
509950	0	0	0	285	0	0	0	0	0	0	0	0	
510699	0	0	0	265	0	0	0	0	0	0	0	0	
511450	0	0	0	175	60	0	0	0	0	0	0	0	
512199	0	0	0	265	0	0	0	0	0	0	0	0	
512947	0	0	0	249	0	0	0	0	0	0	0	0	
513699	0	0	0	249	0	0	0	0	0	0	0	0	
514446	0	0	0	273	0	0	0	0	0	0	0	0	
515194	0	0	0	269	0	0	0	0	0	0	0	0	
515945	0	0	0	251	0	0	0	0	0	0	0	0	
516693	0	0	0	267	0	0	0	0	0	0	0	0	
517444	0	0	0	236	17	0	0	0	0	0	0	0	
518198	0	0	0	245	0	0	0	0	0	0	0	0	
518946	0	0	0	253	0	0	0	0	0	0	0	0	
519695	0	0	0	273	0	0	0	0	0	0	0	0	
520445	0	0	0	239	0	0	0	0	0	0	0	0	
521196	0	0	0	269	0	0	0	0	0	0	0	0	
521949	0	0	0	263	0	0	0	0	0	0	0	0	
522698	0	0	0	263	0	0	0	0	0	0	0	0	
523449	0	0	0	241	0	0	0	0	0	0	0	0	
524201	0	0	0	243	0	0	0	0	0	0	0	0	
524950	0	0	0	189	80	0	0	0	0	0	0	0	
525700	0	0	0	0	189	0	0	0	0	0	0	0	
526450	0	0	0	0	209	0	0	0	0	0	0	0	
527200	0	0	0	0	219	0	0	0	0	0	0	0	
527951	0	0	0	0	207	0	0	0	0	0	0	0	
528700	0	0	0	0	219	0	0	0	0	0	0	0	
529450	0	0	0	0	203	0	0	0	0	0	0	0	
530201	0	0	0	0	211	0	0	0	0	0	0	0	
530951	0	0	0	0	205	0	0	0	0	0	0	0	
531703	0	0	0	0	251	0	0	0	0	0	0	0	
532453	0	0	0	0	207	0	0	0	0	0	0	0	
533202	0	0	0	0	215	0	0	0	0	0	0	0	
533949	0	0	0	0	209	0	0	0	0	0	0	0	
534698	0	0	0	0	231	0	0	0	0	0	0	0	
535450	0	0	0	0	229	0	0	0	0	0	0	0	
536199	0	0	0	115	114	0	0	0	0	0	0	0	
536949	0	0	0	261	0	0	0	0	0	0	0	0	
537698	0	0	0	281	0	0	0	0	0	0	0	0	
538447	0	0	0	285	0	0	0	0	0	0	0	0	
539196	0	0	0	271	0	0	0	0	0	0	0	0	
539946	0	0	0	273	0	0	0	0	0	0	0	0	
540697	0	0	0	293	0	0	0	0	0	0	0	0	
541447	0	0	0	269	0	0	0	0	0	0	0	0	
542197	0	0	0	263	0	0	0	0	0	0	0	0	
542946	0	0	0	283	0	0	0	0	0	0	0	0	
543696	0	0	0	253	0	0	0	0	0	0	0	0	
544448	0	0	0	265	0	0	0	0	0	0	0	0	
545197	0	0	0	269	0	0	0	0	0	0	0	0	
545946	0	0	0	305	0	0	0	0	0	0	0	0	
546699	0	0	0	251	0	0	0	0	0	0	0	0	
547448	0	0	17	268	0	0	0	0	0	0	0	0	
548199	0	0	0	237	0	0	0	0	0	0	0	0	
548949	0	0	0	251	0	0	0	0	0	0	0	0	
549699	0	0	0	257	0	0	0	0	0	0	0	0	
550451	0	0	0	269	0	0	0	0	0	0	0	0	
551198	0	0	0	269	0	0	0	0	0	0	0	0	
551947	0	0	0	245	0	0	0	0	0	0	0	0	
552696	0	0	0	255	0	0	0	0	0	0	0	0	
553449	0	0	0	281	0	0	0	0	0	0	0	0	
554197	0	0	0	269	0	0	0	0	0	0	0	0	
554947	0	0	0	285	0	0	0	0	0	0	0	0	
555695	0	0	0	275	0	0	0	0	0	0	0	0	
556443	0	0	0	277	0	0	0	0	0	0	0	0	
557196	0	0	0	279	0	0	0	0	0	0	0	0	
557947	0	0	0	283	0	0	0	0	0	0	0	0	
558700	0	0	0	269	0	0	0	0	0	0	0	0	
559450	0	0	0	279	0	0	0	0	0	0	0	0	
560203	0	0	0	249	0	0	0	0	0	0	0	0	
560950	0	0	0	285	0	0	0	0	0	0	0	0	
561697	0	0	0	239	0	0	0	0	0	0	0	0	
562448	0	0	0	0	191	0	0	0	0	0	0	0	
563199	0	0	0	0	235	0	0	0	0	0	0	0	
563948	0	0	0	0	195	0	0	0	0	0	0	0	
564698	0	0	0	0	219	0	0	0	0	0	0	0	
565445	0	0	0	0	191	0	0	0	0	0	0	0	
566195	0	0	0	0	197	0	0	0	0	0	0	0	
566944	0	0	0	0	237	0	0	0	0	0	0	0	
567692	0	0	0	0	0	167	0	0	0	0	0	0	
568439	0	0	0	0	0	173	0	0	0	0	0	0	
569189	0	0	0	0	0	165	0	0	0	0	0	0	
569941	0	0	0	0	0	0	137	0	0	0	0	0	
570691	0	0	0	0	0	0	145	0	0	0	0	0	
571443	0	0	0	0	0	0	133	0	0	0	0	0	
572193	0	0	0	0	0	0	139	0	0	0	0	0	
572942	0	0	0	0	0	0	137	0	0	0	0	0	
573691	0	0	0	0	0	0	167	0	0	0	0	0	
574444	0	0	0	0	0	0	97	26	0	0	0	0	
575194	0	0	0	0	0	0	125	0	0	0	0	0	
575946	0	0	0	0	0	0	119	14	0	0	0	0	
576696	0	0	0	0	0	0	145	0	0	0	0	0	
577446	0	0	0	0	0	0	145	0	0	0	0	0	
578198	0	0	0	0	0	0	139	0	0	0	0	0	
578949	0	0	0	0	0	0	129	0	0	0	0	0	
579696	0	0	0	0	0	0	151	0	0	0	0	0	
580444	0	0	0	0	0	0	139	0	0	0	0	0	
581192	0	0	0	0	0	0	137	0	0	0	0	0	
581942	0	0	0	0	0	0	133	0	0	0	0	0	
582691	0	0	0	0	0	0	157	0	0	0	0	0	
583442	0	0	0	0	0	0	155	0	0	0	0	0	
584191	0	0	0	0	0	0	157	0	0	0	0	0	
584940	0	0	0	0	0	0	145	0	0	0	0	0	
585694	0	0	0	0	0	0	159	0	0	0	0	0	
586444	0	0	0	0	0	0	143	0	0	0	0	0	
587195	0	0	0	0	0	0	161	0	0	0	0	0	
587943	0	0	0	0	0	0	135	0	0	0	0	0	
588692	0	0	0	0	0	0	151	0	0	0	0	0	
589440	0	0	0	0	0	0	137	0	0	0	0	0	
590192	0	0	0	0	0	0	133	0	0	0	0	0	
590943	0	0	0	0	0	0	153	0	0	0	0	0	
591691	0	0	0	0	0	185	0	0	0	0	0	0	
592441	0	0	0	0	0	197	0	0	0	0	0	0	
593190	0	0	0	0	0	171	0	0	0	0	0	0	
593942	0	0	0	0	0	169	0	0	0	0	0	0	
594693	0	0	0	0	0	159	0	0	0	0	0	0	
595444	0	0	0	0	0	147	0	0	0	0	0	0	
596194	0	0	0	0	0	187	0	0	0	0	0	0	
596944	0	0	0	0	0	193	0	0	0	0	0	0	
597695	0	0	0	0	0	149	0	0	0	0	0	0	
598448	0	0	0	0	0	193	0	0	0	0	0	0	
599197	0	0	0	0	0	189	0	0	0	0	0	0	
599949	0	0	0	0	0	201	0	0	0	0	0	0	
600697	0	0	0	0	0	193	0	0	0	0	0	0	
601447	0	0	0	0	0	149	0	0	0	0	0	0	
602195	0	0	0	0	0	179	0	0	0	0	0	0	
602946	0	0	0	0	0	157	0	0	0	0	0	0	
603699	0	0	0	0	0	173	0	0	0	0	0	0	
604449	0	0	0	0	0	169	0	0	0	0	0	0	
605200	0	0	0	0	0	171	0	0	0	0	0	0	
605955	0	0	0	0	0	167	0	0	0	0	0	0	
606706	0	0	0	0	0	167	0	0	0	0	0	0	
607457	0	0	0	0	0	181	0	0	0	0	0	0	
608208	0	0	0	0	0	189	0	0	0	0	0	0	
608959	0	0	0	0	0	173	0	0	0	0	0	0	
609705	0	0	0	0	0	185	0	0	0	0	0	0	
610454	0	0	0	0	0	173	2	0	0	0	0	0	
611202	0	0	0	0	0	173	0	0	0	0	0	0	
611953	0	0	0	0	0	151	0	0	0	0	0	0	
612706	0	0	0	0	0	175	0	0	0	0	0	0	
613454	0	0	0	0	0	159	0	0	0	0	0	0	
614200	0	0	0	0	0	189	0	0	0	0	0	0	
614950	0	0	0	0	0	169	0	0	0	0	0	0	
615702	0	0	0	0	0	191	0	0	0	0	0	0	
616451	0	0	0	0	0	185	0	0	0	0	0	0	
617203	0	0	0	0	0	177	0	0	0	0	0	0	
617953	0	0	0	0	0	169	0	0	0	0	0	0	
618700	0	0	0	0	0	173	0	0	0	0	0	0	
619452	0	0	0	0	0	173	0	0	0	0	0	0	
620205	0	0	0	0	0	193	0	0	0	0	0	0	
620954	0	0	0	0	0	175	0	0	0	0	0	0	
621703	0	0	0	0	0	197	0	0	0	0	0	0	
622453	0	0	0	0	0	157	0	0	0	0	0	0	
623200	0	0	0	0	0	159	0	0	0	0	0	0	
623955	0	0	0	0	0	179	0	0	0	0	0	0	
624704	0	0	0	0	0	185	0	0	0	0	0	0	
625451	0	0	0	0	0	179	0	0	0	0	0	0	
626202	0	0	0	0	0	175	0	0	0	0	0	0	
626951	0	0	0	0	0	191	0	0	0	0	0	0	
627699	0	0	0	0	0	157	0	0	0	0	0	0	
628451	0	0	0	0	0	165	0	0	0	0	0	0	
629202	0	0	0	0	0	161	0	0	0	0	0	0	
629952	0	0	0	0	0	183	0	0	0	0	0	0	
630705	0	0	0	0	0	162	1	0	0	0	0	0	
631456	0	0	0	0	0	169	0	0	0	0	0	0	
632206	0	0	0	0	0	167	0	0	0	0	0	0	
632958	0	0	0	0	0	185	0	0	0	0	0	0	
633712	0	0	0	0	0	191	0	0	0	0	0	0	
634462	0	0	0	0	0	181	0	0	0	0	0	0	
635215	0	0	0	0	0	197	0	0	0	0	0	0	
635963	0	0	0	0	0	197	0	0	0	0	0	0	
636712	0	0	0	0	0	197	0	0	0	0	0	0	
637460	0	0	0	0	0	173	0	0	0	0	0	0	
638210	0	0	0	0	0	167	0	0	0	0	0	0	
638958	0	0	0	0	0	169	0	0	0	0	0	0	
639713	0	0	0	0	0	183	0	0	0	0	0	0	
640459	0	0	0	0	9	188	0	0	0	0	0	0	
641208	0	0	0	0	168	55	0	0	0	0	0	0	
641953	0	0	0	0	221	0	0	0	0	0	0	0	
642704	0	0	0	0	211	0	0	0	0	0	0	0	
643457	0	0	0	0	211	0	0	0	0	0	0	0	
644205	0	0	0	0	221	0	0	0	0	0	0	0	
644956	0	0	0	0	169	0	0	0	0	0	0	0	
645707	0	0	0	0	211	0	0	0	0	0	0	0	
646454	0	0	0	0	13	7	125	0	0	0	0	0	
647204	0	0	0	0	215	0	0	0	0	0	0	0	
647956	0	0	0	0	215	0	0	0	0	0	0	0	
648707	0	0	0	0	215	0	0	0	0	0	0	0	
649454	0	0	0	0	213	0	0	0	0	0	0	0	
650202	0	0	0	0	231	0	0	0	0	0	0	0	
650953	0	0	0	0	207	0	0	0	0	0	0	0	
651703	0	0	0	0	203	0	0	0	0	0	0	0	
652451	0	0	0	0	193	0	0	0	0	0	0	0	
653204	0	0	0	0	219	0	0	0	0	0	0	0	
653954	0	0	0	0	213	0	0	0	0	0	0	0	
654704	0	0	0	0	209	0	0	0	0	0	0	0	
655453	0	0	0	0	213	0	0	0	0	0	0	0	
656202	0	0	0	0	207	0	0	0	0	0	0	0	
656957	0	0	0	0	211	0	0	0	0	0	0	0	
657708	0	0	0	0	0	187	0	0	0	0	0	0	
658455	0	0	0	0	0	177	0	0	0	0	0	0	
659203	0	0	0	0	0	185	0	0	0	0	0	0	
659954	0	0	0	0	0	0	133	0	0	0	0	0	
660704	0	0	0	0	0	0	139	0	0	0	0	0	
661456	0	0	0	0	0	0	137	0	0	0	0	0	
662206	0	0	0	0	0	0	159	0	0	0	0	0	
662957	0	0	0	0	0	0	133	0	0	0	0	0	
663709	0	0	0	0	0	0	141	0	0	0	0	0	
664460	0	0	0	0	0	0	147	0	0	0	0	0	
665210	0	0	0	0	0	0	131	0	0	0	0	0	
665958	0	0	0	0	0	0	131	0	0	0	0	0	
666706	0	0	0	0	0	0	149	0	0	0	0	0	
667460	0	0	0	0	0	0	129	0	0	0	0	0	
668213	0	0	0	0	0	0	131	0	0	0	0	0	
668962	0	0	0	0	0	0	133	0	0	0	0	0	
669713	0	0	0	0	0	0	141	0	0	0	0	0	
670468	0	0	0	0	0	0	159	0	0	0	0	0	
671216	0	0	0	0	0	0	131	0	0	0	0	0	
671967	0	0	0	0	0	0	153	0	0	0	0	0	
672715	0	0	0	0	0	0	157	0	0	0	0	0	
673464	0	0	0	0	0	0	145	0	0	0	0	0	
674218	0	0	0	0	0	0	125	0	0	0	0	0	
674972	0	0	0	0	0	0	129	0	0	0	0	0	
675723	0	0	0	0	0	2	117	0	0	0	0	0	
676471	0	0	0	0	0	0	143	0	0	0	0	0	
677220	0	0	0	0	0	0	133	0	0	0	0	0	
677970	0	0	0	0	0	102	45	0	0	0	0	0	
678717	0	0	0	0	0	195	0	0	0	0	0	0	
679468	0	0	0	0	0	181	0	0	0	0	0	0	
680218	0	0	0	0	0	185	0	0	0	0	0	0	
680968	0	0	0	0	2	175	0	0	0	0	0	0	
681716	0	0	0	0	0	185	0	0	0	0	0	0	
682471	0	0	0	0	0	169	0	0	0	0	0	0	
683222	0	0	0	0	0	163	0	0	0	0	0	0	
683974	0	0	0	0	0	175	0	0	0	0	0	0	
684723	0	0	0	0	0	191	0	0	0	0	0	0	
685472	0	0	0	0	0	183	0	0	0	0	0	0	
686225	0	0	0	0	0	179	0	0	0	0	0	0	
686976	0	0	0	0	0	151	0	0	0	0	0	0	
687725	0	0	0	0	0	179	0	0	0	0	0	0	
688475	0	0	0	0	0	177	0	0	0	0	0	0	
689227	0	0	0	0	0	177	0	0	0	0	0	0	
689980	0	0	0	0	0	177	0	0	0	0	0	0	
690729	0	0	0	0	0	157	0	0	0	0	0	0	
691479	0	0	0	0	0	187	0	0	0	0	0	0	
692232	0	0	0	0	0	189	0	0	0	0	0	0	
692985	0	0	0	0	0	0	141	0	0	0	0	0	
693733	0	0	0	0	0	0	173	0	0	0	0	0	
694482	0	0	0	0	0	0	151	0	0	0	0	0	
695234	0	0	0	0	0	0	145	0	0	0	0	0	
695986	0	0	0	0	0	0	139	0	0	0	0	0	
696736	0	0	0	0	0	0	153	0	0	0	0	0	
697483	0	0	0	0	0	0	151	0	0	0	0	0	
698231	0	0	0	0	0	0	155	0	0	0	0	0	
698980	0	0	0	0	0	0	127	0	0	0	0	0	
699732	0	0	0	0	0	0	139	0	0	0	0	0	
700483	0	0	0	0	0	0	119	0	0	0	0	0	
701234	0	0	0	0	0	0	135	0	0	0	0	0	
701986	0	0	0	0	0	0	153	0	0	0	0	0	
702732	0	0	0	0	0	0	123	0	0	0	0	0	
703485	0	0	0	0	0	0	151	0	0	0	0	0	
704236	0	0	0	0	0	0	147	0	0	0	0	0	
704986	0	0	0	0	0	0	139	0	0	0	0	0	
705738	0	0	0	0	0	0	157	0	0	0	0	0	
706492	0	0	0	0	0	0	155	0	0	0	0	0	
707244	0	0	0	0	0	0	151	0	0	0	0	0	
707995	0	0	0	0	0	0	131	0	0	0	0	0	
708748	0	0	0	0	0	0	137	0	0	0	0	0	
709497	0	0	0	0	0	0	135	0	0	0	0	0	
710247	0	0	0	0	0	0	153	0	0	0	0	0	
710998	0	0	0	0	0	0	133	0	0	0	0	0	
711748	0	0	0	0	0	0	143	0	0	0	0	0	
712499	0	0	0	0	0	0	131	0	0	0	0	0	
713247	0	0	0	0	0	0	147	0	0	0	0	0	
713994	0	0	0	0	0	0	133	0	0	0	0	0	
714740	0	0	0	0	0	0	131	0	0	0	0	0	
715488	0	0	0	0	0	0	139	0	0	0	0	0	
716236	0	0	0	0	0	0	135	0	0	0	0	0	
716985	0	0	0	0	0	0	137	0	0	0	0	0	
717733	0	0	0	0	0	0	157	0	0	0	0	0	
718487	0	0	0	0	0	0	145	0	0	0	0	0	
719240	0	0	0	0	0	0	145	0	0	0	0	0	
719989	0	0	0	0	0	0	151	0	0	0	0	0	
720740	0	0	0	0	0	0	157	0	0	0	0	0	
721491	0	0	0	0	0	0	135	0	0	0	0	0	
722240	0	0	0	0	0	0	133	0	0	0	0	0	
722992	0	0	0	0	0	0	125	0	0	0	0	0	
723744	0	0	0	0	0	0	157	0	0	0	0	0	
724489	0	0	0	0	0	0	151	0	0	0	0	0	
725240	0	0	0	0	0	0	133	0	0	0	0	0	
725992	0	0	0	0	0	0	157	0	0	0	0	0	
726742	0	0	0	0	0	0	151	0	0	0	0	0	
727492	0	0	0	0	0	0	129	0	0	0	0	0	
728241	0	0	0	0	0	0	127	0	0	0	0	0	
728989	0	0	0	0	0	0	141	0	0	0	0	0	
729738	0	0	0	0	0	161	0	0	0	0	0	0	
730489	0	0	0	0	0	181	0	0	0	0	0	0	
731239	0	0	0	0	0	193	0	0	0	0	0	0	
731986	0	0	0	0	0	181	0	0	0	0	0	0	
732732	0	0	0	0	0	157	0	0	0	0	0	0	
733483	0	0	0	0	0	173	0	0	0	0	0	0	
734231	0	0	0	0	0	171	0	0	0	0	0	0	
734981	0	0	0	0	0	163	0	0	0	0	0	0	
735731	0	0	0	0	0	165	0	0	0	0	0	0	
736481	0	0	0	0	0	157	0	0	0	0	0	0	
737231	0	0	0	0	0	155	0	0	0	0	0	0	
737978	0	0	0	0	0	187	0	0	0	0	0	0	
738732	0	0	0	0	0	173	0	0	0	0	0	0	
739481	0	0	0	0	0	167	0	0	0	0	0	0	
740229	0	0	0	0	0	159	0	0	0	0	0	0	
740982	0	0	0	0	0	169	0	0	0	0	0	0	
741730	0	0	0	0	0	183	0	0	0	0	0	0	
742481	0	0	0	0	0	197	0	0	0	0	0	0	
743231	0	0	0	0	0	169	0	0	0	0	0	0	
743980	0	0	0	0	0	171	0	0	0	0	0	0	
744730	0	0	0	0	0	169	0	0	0	0	0	0	
745479	0	0	0	0	0	205	0	0	0	0	0	0	
746230	0	0	0	0	0	181	0	0	0	0	0	0	
746979	0	0	0	0	0	185	0	0	0	0	0	0	
747732	0	0	0	0	0	0	129	0	0	0	0	0	
748480	0	0	0	0	0	0	147	0	0	0	0	0	
749232	0	0	0	0	0	0	153	0	0	0	0	0	
749984	0	0	0	0	0	0	133	0	0	0	0	0	
750734	0	0	0	0	0	0	143	0	0	0	0	0	
751485	0	0	0	0	0	0	139	0	0	0	0	0	
752236	0	0	0	0	0	0	155	0	0	0	0	0	
752984	0	0	0	0	0	0	139	0	0	0	0	0	
753735	0	0	0	0	0	0	129	0	0	0	0	0	
754485	0	0	0	0	0	0	157	0	0	0	0	0	
755235	0	0	0	0	0	0	125	0	0	0	0	0	
755985	0	0	0	0	0	0	151	0	0	0	0	0	
756737	0	0	0	0	0	0	145	0	0	0	0	0	
757487	0	0	0	0	0	0	137	0	0	0	0	0	
758239	0	0	0	0	0	0	0	121	0	0	0	0	
758989	0	0	0	0	0	0	21	110	0	0	0	0	
759739	0	0	0	0	0	0	0	113	0	0	0	0	
760489	0	0	0	0	0	0	0	121	0	0	0	0	
761238	0	0	0	0	0	0	0	98	1	0	0	0	
761988	0	0	0	0	0	0	0	119	0	0	0	0	
762739	0	0	0	0	0	0	0	103	0	0	0	0	
763488	0	0	0	0	0	0	0	117	0	0	0	0	
764238	0	0	0	0	0	0	0	119	0	0	0	0	
764989	0	0	0	0	0	0	163	0	0	0	0	0	
765738	0	0	0	0	0	0	163	0	0	0	0	0	
766488	0	0	0	0	0	0	135	0	0	0	0	0	
767240	0	0	0	0	0	0	137	0	0	0	0	0	
767989	0	0	0	0	0	0	131	0	0	0	0	0	
768740	0	0	0	0	0	0	129	0	0	0	0	0	
769490	0	0	0	0	0	0	127	0	0	0	0	0	
770236	0	0	0	0	0	0	149	0	0	0	0	0	
770985	0	0	0	0	0	0	147	0	0	0	0	0	
771734	0	0	0	0	0	0	137	0	0	0	0	0	
772487	0	0	0	0	0	0	143	0	0	0	0	0	
773236	0	0	0	0	0	0	143	0	0	0	0	0	
773987	0	0	0	0	0	0	127	0	0	0	0	0	
774738	0	0	0	0	0	0	139	0	0	0	0	0	
775487	0	0	0	0	0	0	123	0	0	0	0	0	
776239	0	0	0	0	0	0	141	0	0	0	0	0	
776990	0	0	0	0	0	0	135	0	0	0	0	0	
777741	0	0	0	0	0	0	153	0	0	0	0	0	
778490	0	0	0	0	0	0	131	0	0	0	0	0	
779240	0	0	0	0	0	0	123	0	0	0	0	0	
779994	0	0	0	0	0	0	143	0	0	0	0	0	
780745	0	0	0	0	0	0	149	0	0	0	0	0	
781495	0	0	0	0	0	0	133	0	0	0	0	0	
782245	0	0	0	0	0	0	123	0	0	0	0	0	
782996	0	0	0	0	0	0	149	0	0	0	0	0	
783744	0	0	0	0	0	0	135	0	0	0	0	0	
784494	0	0	0	0	0	0	139	0	0	0	0	0	
785245	0	0	0	0	0	0	137	0	0	0	0	0	
785997	0	0	0	0	0	0	153	0	0	0	0	0	
786751	0	0	0	0	0	0	133	0	0	0	0	0	
787505	0	0	0	0	0	0	147	0	0	0	0	0	
788255	0	0	0	0	0	0	127	0	0	0	0	0	
789005	0	0	0	0	0	0	161	0	0	0	0	0	
789751	0	0	0	0	0	0	151	0	0	0	0	0	
790503	0	0	0	0	0	0	129	0	0	0	0	0	
791250	0	0	0	0	0	0	165	0	0	0	0	0	
791999	0	0	0	0	0	0	135	0	0	0	0	0	
792751	0	0	0	0	0	0	133	0	0	0	0	0	
793497	0	0	0	0	0	0	121	0	0	0	0	0	
794246	0	0	0	0	0	0	117	18	0	0	0	0	
794994	0	0	0	0	0	0	153	0	0	0	0	0	
795745	0	0	0	0	0	27	116	0	0	0	0	0	
796498	0	0	0	0	0	181	0	0	0	0	0	0	
797250	0	0	0	0	0	163	0	0	0	0	0	0	
798004	0	0	0	0	0	153	0	0	0	0	0	0	
798753	0	0	0	0	0	153	0	0	0	0	0	0	
799504	0	0	0	0	0	133	0	0	0	0	0	0	
800253	0	0	0	0	0	183	0	0	0	0	0	0	
801004	0	0	0	0	0	165	0	0	0	0	0	0	
801750	0	0	0	0	0	179	0	0	0	0	0	0	
802502	0	0	0	0	2	181	0	0	0	0	0	0	
803251	0	0	0	0	116	91	0	0	0	0	0	0	
804000	0	0	0	0	211	0	0	0	0	0	0	0	
804747	0	0	0	0	191	0	0	0	0	0	0	0	
805498	0	0	0	0	219	6	0	0	0	0	0	0	
806247	0	0	0	277	0	0	0	0	0	0	0	0	
806995	0	0	6	251	0	0	0	0	0	0	0	0	
807744	0	0	0	283	0	0	0	0	0	0	0	0	
808496	0	0	0	233	0	0	0	0	0	0	0	0	
809246	0	0	0	267	0	0	0	0	0	0	0	0	
809998	0	0	0	247	0	0	0	0	0	0	0	0	
810747	0	0	0	271	0	0	0	0	0	0	0	0	
811498	0	0	0	0	219	0	0	0	0	0	0	0	
812250	0	0	0	0	247	0	0	0	0	0	0	0	
812999	0	0	0	0	215	0	0	0	0	0	0	0	
813747	0	0	0	0	229	0	0	0	0	0	0	0	
814498	0	0	0	0	227	0	0	0	0	0	0	0	
815248	0	0	0	0	243	0	0	0	0	0	0	0	
815996	0	0	0	0	207	0	0	0	0	0	0	0	
816746	0	0	0	0	211	0	0	0	0	0	0	0	
817495	0	0	0	0	233	0	0	0	0	0	0	0	
818247	0	0	0	0	201	0	0	0	0	0	0	0	
818999	0	0	0	0	197	0	0	0	0	0	0	0	
819750	0	0	0	0	219	0	0	0	0	0	0	0	
820500	0	0	0	0	241	0	0	0	0	0	0	0	
821250	0	0	0	0	201	0	0	0	0	0	0	0	
822000	0	0	0	0	207	0	0	0	0	0	0	0	
822749	0	0	0	0	199	0	0	0	0	0	0	0	
823499	0	0	0	0	231	0	0	0	0	0	0	0	
824249	0	0	0	0	203	0	0	0	0	0	0	0	
825001	0	0	0	0	217	0	0	0	0	0	0	0	
825752	0	0	0	0	201	0	0	0	0	0	0	0	
826500	0	0	0	0	207	0	0	0	0	0	0	0	
827246	0	0	0	0	219	0	0	0	0	0	0	0	
827997	0	0	0	0	199	0	0	0	0	0	0	0	
828745	0	0	0	0	219	0	0	0	0	0	0	0	
829494	0	0	0	0	213	0	0	0	0	0	0	0	
830242	0	0	0	0	215	0	0	0	0	0	0	0	
830992	0	0	0	0	199	0	0	0	0	0	0	0	
831740	0	0	0	0	209	0	0	0	0	0	0	0	
832489	0	0	0	0	227	0	0	0	0	0	0	0	
833239	0	0	0	0	213	0	0	0	0	0	0	0	
833989	0	0	0	1	204	0	0	0	0	0	0	0	
834742	0	0	0	0	203	0	0	0	0	0	0	0	
835493	0	0	0	0	193	0	0	0	0	0	0	0	
836243	0	0	0	0	211	0	0	0	0	0	0	0	
836991	0	0	0	0	219	0	0	0	0	0	0	0	
837740	0	0	0	0	221	0	0	0	0	0	0	0	
838484	0	0	0	0	193	0	0	0	0	0	0	0	
839234	0	0	0	0	205	0	0	0	0	0	0	0	
839982	0	0	0	0	205	0	0	0	0	0	0	0	
840726	0	0	0	0	235	0	0	0	0	0	0	0	
841475	0	0	0	0	191	0	0	0	0	0	0	0	
842227	0	0	0	0	213	0	0	0	0	0	0	0	
842975	0	0	0	0	243	0	0	0	0	0	0	0	
843723	0	0	0	0	225	0	0	0	0	0	0	0	
844473	0	0	0	0	203	0	0	0	0	0	0	0	
845225	0	0	0	0	243	0	0	0	0	0	0	0	
845974	0	0	0	0	219	0	0	0	0	0	0	0	
846722	0	0	0	0	231	0	0	0	0	0	0	0	
847473	0	0	0	0	227	0	0	0	0	0	0	0	
848223	0	0	0	0	203	0	0	0	0	0	0	0	
848973	0	0	0	0	211	0	0	0	0	0	0	0	
849719	0	0	0	0	195	0	0	0	0	0	0	0	
850468	0	0	0	0	221	0	0	0	0	0	0	0	
851217	0	0	0	0	185	0	0	0	0	0	0	0	
851970	0	0	0	0	201	0	0	0	0	0	0	0	
852721	0	0	0	0	221	0	0	0	0	0	0	0	
853472	0	0	0	0	235	0	0	0	0	0	0	0	
854224	0	0	0	0	227	0	0	0	0	0	0	0	
854978	0	0	0	0	225	0	0	0	0	0	0	0	
855729	0	0	0	0	211	0	0	0	0	0	0	0	
856479	0	0	0	0	209	0	0	0	0	0	0	0	
857227	0	0	0	0	199	0	0	0	0	0	0	0	
857980	0	0	0	0	0	193	0	0	0	0	0	0	
858729	0	0	0	0	0	165	0	0	0	0	0	0	
859477	0	0	0	0	0	177	2	0	0	0	0	0	
860228	0	0	0	0	0	193	0	0	0	0	0	0	
860978	0	0	0	0	0	177	0	0	0	0	0	0	
861729	0	0	0	0	0	135	0	0	0	0	0	0	
862479	0	0	0	0	0	169	0	0	0	0	0	0	
863229	0	0	0	0	0	163	0	0	0	0	0	0	
863982	0	0	0	0	0	161	0	0	0	0	0	0	
864731	0	0	0	0	0	143	0	0	0	0	0	0	
865483	0	0	0	0	0	189	0	0	0	0	0	0	
866234	0	0	0	0	0	181	0	0	0	0	0	0	
866983	0	0	0	0	0	183	0	0	0	0	0	0	
867733	0	0	0	0	0	161	0	0	0	0	0	0	
868484	0	0	0	0	0	199	0	0	0	0	0	0	
869234	0	0	0	0	0	159	0	0	0	0	0	0	
869987	0	0	0	0	0	183	0	0	0	0	0	0	
870739	0	0	0	0	0	175	0	0	0	0	0	0	
871489	0	0	0	0	0	177	0	0	0	0	0	0	
872238	0	0	0	0	0	161	0	0	0	0	0	0	
872986	0	0	0	0	0	136	19	0	0	0	0	0	
873738	0	0	0	0	0	193	0	0	0	0	0	0	
874491	0	0	0	0	0	169	0	0	0	0	0	0	
875240	0	0	0	0	0	163	0	0	0	0	0	0	
875985	0	0	0	0	0	145	0	0	0	0	0	0	
876736	0	0	0	0	0	183	0	0	0	0	0	0	
877488	0	0	0	0	0	171	0	0	0	0	0	0	
878243	0	0	0	0	0	181	0	0	0	0	0	0	
878994	0	0	0	0	0	175	0	0	0	0	0	0	
879744	0	0	0	0	0	203	0	0	0	0	0	0	
880495	0	0	0	0	0	167	0	0	0	0	0	0	
881248	0	0	0	0	0	177	0	0	0	0	0	0	
881999	0	0	0	0	0	169	0	0	0	0	0	0	
882751	0	0	0	0	0	181	0	0	0	0	0	0	
883501	0	0	0	0	0	173	0	0	0	0	0	0	
884252	0	0	0	0	0	173	0	0	0	0	0	0	
885003	0	0	0	0	0	165	0	0	0	0	0	0	
885755	0	0	0	0	0	161	0	0	0	0	0	0	
886502	0	0	0	0	0	195	0	0	0	0	0	0	
887250	0	0	0	0	0	169	0	0	0	0	0	0	
887997	0	0	0	0	0	185	0	0	0	0	0	0	
888745	0	0	0	0	0	191	0	0	0	0	0	0	
889496	0	0	0	0	18	137	0	0	0	0	0	0	
890244	0	0	0	0	0	181	0	0	0	0	0	0	
890996	0	0	0	0	0	199	0	0	0	0	0	0	
891743	0	0	0	0	0	171	0	0	0	0	0	0	
892494	0	0	0	0	245	0	0	0	0	0	0	0	
893242	0	0	0	0	221	0	0	0	0	0	0	0	
893991	0	0	0	0	203	0	0	0	0	0	0	0	
894741	0	0	0	0	223	0	0	0	0	0	0	0	
895492	0	0	0	0	215	0	0	0	0	0	0	0	
896243	0	0	0	0	241	0	0	0	0	0	0	0	
896993	0	0	0	0	203	0	0	0	0	0	0	0	
897740	0	0	0	0	207	0	0	0	0	0	0	0	
898489	0	0	0	0	225	0	0	0	0	0	0	0	
899240	0	0	0	0	213	0	0	0	0	0	0	0	
899990	0	0	0	0	195	2	0	0	0	0	0	0	
900738	0	0	0	0	193	0	0	0	0	0	0	0	
901488	0	0	0	0	225	0	0	0	0	0	0	0	
902234	0	0	0	0	211	0	0	0	0	0	0	0	
902984	0	0	0	0	209	0	0	0	0	0	0	0	
903733	0	0	0	0	187	0	0	0	0	0	0	0	
904482	0	0	0	0	225	0	0	0	0	0	0	0	
905231	0	0	0	0	235	0	0	0	0	0	0	0	
905983	0	0	0	0	205	0	0	0	0	0	0	0	
906732	0	0	0	0	213	0	0	0	0	0	0	0	
907483	0	0	0	0	223	0	0	0	0	0	0	0	
908234	0	0	0	0	191	0	0	0	0	0	0	0	
908984	0	0	0	0	219	0	0	0	0	0	0	0	
909732	0	0	0	0	209	0	0	0	0	0	0	0	
910477	0	0	0	0	223	0	0	0	0	0	0	0	
911229	0	0	0	0	197	0	0	0	0	0	0	0	
911983	0	0	0	17	200	0	0	0	0	0	0	0	
912731	0	0	0	0	229	0	0	0	0	0	0	0	
913484	0	0	0	0	217	0	0	0	0	0	0	0	
914232	0	0	0	0	215	0	0	0	0	0	0	0	
914984	0	0	0	0	209	0	0	0	0	0	0	0	
915733	0	0	0	0	239	0	0	0	0	0	0	0	
916482	0	0	0	0	207	0	0	0	0	0	0	0	
917232	0	0	0	0	187	0	0	0	0	0	0	0	
917980	0	0	0	0	213	0	0	0	0	0	0	0	
918728	0	0	0	0	235	0	0	0	0	0	0	0	
919478	0	0	0	0	245	0	0	0	0	0	0	0	
920231	0	0	0	0	221	0	0	0	0	0	0	0	
920979	0	0	0	0	207	0	0	0	0	0	0	0	
921735	0	0	0	27	234	0	0	0	0	0	0	0	
922488	0	0	0	0	211	0	0	0	0	0	0	0	
923238	0	0	0	0	189	0	0	0	0	0	0	0	
923989	0	0	0	0	219	0	0	0	0	0	0	0	
924737	0	0	0	0	223	0	0	0	0	0	0	0	
925485	0	0	0	0	203	0	0	0	0	0	0	0	
926234	0	0	0	0	199	0	0	0	0	0	0	0	
926985	0	0	0	0	213	0	0	0	0	0	0	0	
927735	0	0	0	0	187	0	0	0	0	0	0	0	
928484	0	0	0	0	199	0	0	0	0	0	0	0	
929235	0	0	0	0	221	0	0	0	0	0	0	0	
929985	0	0	0	0	227	0	0	0	0	0	0	0	
930738	0	0	0	0	225	0	0	0	0	0	0	0	
931491	0	0	0	0	221	0	0	0	0	0	0	0	
932240	0	0	0	0	221	0	0	0	0	0	0	0	
932991	0	0	0	0	235	0	0	0	0	0	0	0	
933741	0	0	0	0	217	0	0	0	0	0	0	0	
934491	0	0	0	245	0	0	0	0	0	0	0	0	
935239	0	0	0	271	0	0	0	0	0	0	0	0	
935990	0	0	0	261	0	0	0	0	0	0	0	0	
936741	0	0	0	277	0	0	0	0	0	0	0	0	
937491	0	0	0	253	0	0	0	0	0	0	0	0	
938241	0	0	0	261	0	0	0	0	0	0	0	0	
938993	0	0	0	275	0	0	0	0	0	0	0	0	
939744	0	0	1	262	0	0	0	0	0	0	0	0	
940495	0	0	0	259	0	0	0	0	0	0	0	0	
941249	0	0	0	277	0	0	0	0	0	0	0	0	
942000	0	0	0	225	0	0	0	0	0	0	0	0	
942753	0	0	0	259	0	0	0	0	0	0	0	0	
943502	0	0	0	257	0	0	0	0	0	0	0	0	
944251	0	0	0	209	0	0	0	0	0	0	0	0	
944997	0	0	0	259	0	0	0	0	0	0	0	0	
945748	0	0	0	271	0	0	0	0	0	0	0	0	
946496	0	0	0	277	0	0	0	0	0	0	0	0	
947243	0	0	0	259	0	0	0	0	0	0	0	0	
947994	0	0	0	267	0	0	0	0	0	0	0	0	
948746	0	0	0	271	0	0	0	0	0	0	0	0	
949495	0	0	0	263	0	0	0	0	0	0	0	0	
950242	0	0	0	261	0	0	0	0	0	0	0	0	
950993	0	0	0	255	0	0	0	0	0	0	0	0	
951745	0	0	0	261	0	0	0	0	0	0	0	0	
952492	0	0	0	271	0	0	0	0	0	0	0	0	
953241	0	0	0	263	0	0	0	0	0	0	0	0	
953988	0	0	0	305	0	0	0	0	0	0	0	0	
954734	0	0	0	265	0	0	0	0	0	0	0	0	
955488	0	0	0	281	0	0	0	0	0	0	0	0	
956241	0	0	0	253	0	0	0	0	0	0	0	0	
956992	0	0	0	293	0	0	0	0	0	0	0	0	
957742	0	0	0	269	0	0	0	0	0	0	0	0	
958489	0	0	0	269	0	0	0	0	0	0	0	0	
959242	0	0	0	277	0	0	0	0	0	0	0	0	
959991	0	0	0	251	0	0	0	0	0	0	0	0	
960739	0	0	0	269	0	0	0	0	0	0	0	0	
961485	0	0	0	271	0	0	0	0	0	0	0	0	
962239	0	0	0	253	0	0	0	0	0	0	0	0	
962990	0	0	0	273	0	0	0	0	0	0	0	0	
963741	0	0	0	263	0	0	0	0	0	0	0	0	
964488	0	0	0	279	0	0	0	0	0	0	0	0	
965234	0	0	0	0	209	0	0	0	0	0	0	0	
965984	0	0	0	0	207	0	0	0	0	0	0	0	
966731	0	0	0	0	205	0	0	0	0	0	0	0	
967481	0	0	0	0	207	0	0	0	0	0	0	0	
968230	0	0	0	0	199	0	0	0	0	0	0	0	
968976	0	0	0	0	223	0	0	0	0	0	0	0	
969724	0	0	0	0	221	0	0	0	0	0	0	0	
970470	0	0	0	0	217	0	0	0	0	0	0	0	
971221	0	0	0	0	219	0	0	0	0	0	0	0	
971972	0	0	0	0	217	0	0	0	0	0	0	0	
972720	0	0	0	0	217	0	0	0	0	0	0	0	
973466	0	0	0	0	199	0	0	0	0	0	0	0	
974217	0	0	0	0	217	0	0	0	0	0	0	0	
974963	0	0	0	0	229	0	0	0	0	0	0	0	
975709	0	0	0	0	243	0	0	0	0	0	0	0	
976461	0	0	0	0	217	0	0	0	0	0	0	0	
977208	0	0	0	0	225	0	0	0	0	0	0	0	
977957	0	0	0	0	235	0	0	0	0	0	0	0	
978708	0	0	0	0	193	0	0	0	0	0	0	0	
979457	0	0	0	0	219	0	0	0	0	0	0	0	
980208	0	0	0	0	215	0	0	0	0	0	0	0	
980957	0	0	0	0	205	0	0	0	0	0	0	0	
981703	0	0	0	0	199	0	0	0	0	0	0	0	
982449	0	0	0	0	191	0	0	0	0	0	0	0	
983196	0	0	0	0	233	0	0	0	0	0	0	0	
983943	0	0	0	0	203	0	0	0	0	0	0	0	
984694	0	0	0	0	217	0	0	0	0	0	0	0	
985444	0	0	0	0	217	0	0	0	0	0	0	0	
986192	0	0	0	0	205	0	0	0	0	0	0	0	
986942	0	0	0	0	225	0	0	0	0	0	0	0	
987694	0	0	0	0	221	0	0	0	0	0	0	0	
988443	0	0	0	0	227	0	0	0	0	0	0	0	
989194	0	0	0	0	215	0	0	0	0	0	0	0	
989943	0	0	0	0	197	0	0	0	0	0	0	0	
990694	0	0	0	0	217	0	0	0	0	0	0	0	
991445	0	0	0	0	221	0	0	0	0	0	0	0	
992194	0	0	0	0	193	0	0	0	0	0	0	0	
992945	0	0	0	0	227	0	0	0	0	0	0	0	
993690	0	0	0	0	211	0	0	0	0	0	0	0	
994441	0	0	0	0	217	0	0	0	0	0	0	0	
995190	0	0	0	0	231	0	0	0	0	0	0	0	
995939	0	0	0	0	227	0	0	0	0	0	0	0	
996688	0	0	0	0	227	0	0	0	0	0	0	0	
997439	0	0	0	0	217	0	0	0	0	0	0	0	
998189	0	0	0	0	225	0	0	0	0	0	0	0	
998940	0	0	0	0	199	0	0	0	0	0	0	0	
999690	0	0	0	0	217	0	0	0	0	0	0	0	
1.00044e+06	0	0	0	0	205	0	0	0	0	0	0	0	
1.00119e+06	0	0	0	0	175	34	0	0	0	0	0	0	
1.00194e+06	0	0	0	0	197	0	0	0	0	0	0	0	
1.00269e+06	0	0	0	0	193	0	0	0	0	0	0	0	
1.00345e+06	0	0	0	0	211	0	0	0	0	0	0	0	
1.0042e+06	0	0	0	0	219	0	0	0	0	0	0	0	
1.00495e+06	0	0	0	0	221	0	0	0	0	0	0	0	
1.0057e+06	0	0	0	0	227	0	0	0	0	0	0	0	
1.00645e+06	0	0	0	0	209	0	0	0	0	0	0	0	
1.0072e+06	0	0	0	0	225	0	0	0	0	0	0	0	
1.00795e+06	0	0	0	0	217	0	0	0	0	0	0	0	
1.0087e+06	0	0	0	0	219	0	0	0	0	0	0	0	
1.00944e+06	0	0	0	0	223	0	0	0	0	0	0	0	
1.01019e+06	0	0	0	0	197	0	0	0	0	0	0	0	
1.01094e+06	0	0	0	0	213	0	0	0	0	0	0	0	
1.01169e+06	0	0	0	0	207	0	0	0	0	0	0	0	
1.01244e+06	0	0	0	0	233	0	0	0	0	0	0	0	
1.01319e+06	0	0	0	0	229	0	0	0	0	0	0	0	
1.01394e+06	0	0	0	0	203	0	0	0	0	0	0	0	
1.01469e+06	0	0	0	0	221	0	0	0	0	0	0	0	
1.01544e+06	0	0	0	0	235	0	0	0	0	0	0	0	
1.01619e+06	0	0	0	0	227	0	0	0	0	0	0	0	
1.01694e+06	0	0	0	0	201	0	0	0	0	0	0	0	
1.01768e+06	0	0	0	0	219	0	0	0	0	0	0	0	
1.01843e+06	0	0	0	0	227	0	0	0	0	0	0	0	
1.01918e+06	0	0	0	0	245	0	0	0	0	0	0	0	
1.01993e+06	0	0	0	0	219	0	0	0	0	0	0	0	
1.02068e+06	0	0	0	0	231	0	0	0	0	0	0	0	
1.02143e+06	0	0	0	0	227	0	0	0	0	0	0	0	
1.02218e+06	0	0	0	0	215	0	0	0	0	0	0	0	
1.02294e+06	0	0	0	0	215	0	0	0	0	0	0	0	
1.02369e+06	0	0	0	0	211	0	0	0	0	0	0	0	
1.02444e+06	0	0	0	0	205	0	0	0	0	0	0	0	
1.02519e+06	0	0	0	0	209	0	0	0	0	0	0	0	
1.02594e+06	0	0	0	0	192	7	0	0	0	0	0	0	
1.02669e+06	0	0	0	0	189	0	0	0	0	0	0	0	
1.02744e+06	0	0	0	0	229	0	0	0	0	0	0	0	
1.02819e+06	0	0	0	0	247	0	0	0	0	0	0	0	
1.02894e+06	0	0	0	0	235	0	0	0	0	0	0	0	
1.02969e+06	0	0	0	0	237	0	0	0	0	0	0	0	
1.03044e+06	0	0	0	0	217	0	0	0	0	0	0	0	
1.03119e+06	0	0	0	0	104	113	0	0	0	0	0	0	
1.03194e+06	0	0	0	0	213	0	0	0	0	0	0	0	
1.03269e+06	0	0	0	0	233	0	0	0	0	0	0	0	
1.03344e+06	0	0	0	0	233	0	0	0	0	0	0	0	
1.03418e+06	0	0	0	0	80	109	0	0	0	0	0	0	
1.03493e+06	0	0	0	0	0	171	0	0	0	0	0	0	
1.03569e+06	0	0	0	0	0	157	0	0	0	0	0	0	
1.03644e+06	0	0	0	0	0	169	0	0	0	0	0	0	
1.03719e+06	0	0	0	0	0	163	0	0	0	0	0	0	
1.03794e+06	0	0	0	0	0	159	0	0	0	0	0	0	
1.03869e+06	0	0	0	0	0	185	0	0	0	0	0	0	
1.03944e+06	0	0	0	0	0	199	0	0	0	0	0	0	
1.04019e+06	0	0	0	0	0	173	0	0	0	0	0	0	
1.04094e+06	0	0	0	0	0	181	0	0	0	0	0	0	
1.04169e+06	0	0	0	0	0	191	0	0	0	0	0	0	
1.04244e+06	0	0	0	0	0	173	0	0	0	0	0	0	
1.04319e+06	0	0	0	0	0	157	0	0	0	0	0	0	
1.04394e+06	0	0	0	0	0	195	0	0	0	0	0	0	
1.04469e+06	0	0	0	0	0	189	0	0	0	0	0	0	
1.04544e+06	0	0	0	0	223	0	0	0	0	0	0	0	
1.04619e+06	0	0	0	0	221	0	0	0	0	0	0	0	
1.04695e+06	0	0	0	0	215	0	0	0	0	0	0	0	
1.0477e+06	0	0	0	0	213	0	0	0	0	0	0	0	
1.04844e+06	0	0	0	0	231	0	0	0	0	0	0	0	
1.04919e+06	0	0	0	126	105	0	0	0	0	0	0	0	
1.04994e+06	0	0	0	0	207	0	0	0	0	0	0	0	
1.0507e+06	0	0	0	0	215	0	0	0	0	0	0	0	
1.05145e+06	0	0	0	0	217	0	0	0	0	0	0	0	
1.0522e+06	0	0	0	0	233	0	0	0	0	0	0	0	
1.05295e+06	0	0	0	0	215	0	0	0	0	0	0	0	
1.05369e+06	0	0	0	0	209	0	0	0	0	0	0	0	
1.05444e+06	0	0	0	0	207	0	0	0	0	0	0	0	
1.05519e+06	0	0	0	0	217	0	0	0	0	0	0	0	
1.05595e+06	0	0	0	0	201	0	0	0	0	0	0	0	
1.0567e+06	0	0	0	0	209	0	0	0	0	0	0	0	
1.05745e+06	0	0	0	0	211	0	0	0	0	0	0	0	
1.0582e+06	0	0	0	0	221	0	0	0	0	0	0	0	
1.05895e+06	0	0	0	0	207	0	0	0	0	0	0	0	
1.05969e+06	0	0	0	0	247	0	0	0	0	0	0	0	
1.06044e+06	0	0	0	0	221	0	0	0	0	0	0	0	
1.0612e+06	0	0	0	0	229	0	0	0	0	0	0	0	
1.06194e+06	0	0	0	0	221	0	0	0	0	0	0	0	
1.06269e+06	0	0	0	0	227	0	0	0	0	0	0	0	
1.06344e+06	0	0	0	0	205	0	0	0	0	0	0	0	
1.06419e+06	0	0	0	0	217	0	0	0	0	0	0	0	
1.06494e+06	0	0	0	0	187	0	0	0	0	0	0	0	
1.06569e+06	0	0	0	0	217	0	0	0	0	0	0	0	
1.06644e+06	0	0	0	0	189	0	0	0	0	0	0	0	
1.06719e+06	0	0	0	0	225	0	0	0	0	0	0	0	
1.06794e+06	0	0	0	0	207	0	0	0	0	0	0	0	
1.06869e+06	0	0	0	0	213	0	0	0	0	0	0	0	
1.06944e+06	0	0	0	0	203	0	0	0	0	0	0	0	
1.07019e+06	0	0	0	0	243	0	0	0	0	0	0	0	
1.07094e+06	0	0	0	0	187	0	0	0	0	0	0	0	
1.07169e+06	0	0	0	0	227	0	0	0	0	0	0	0	
1.07244e+06	0	0	0	0	221	0	0	0	0	0	0	0	
1.07319e+06	0	0	0	0	213	0	0	0	0	0	0	0	
1.07394e+06	0	0	0	0	221	0	0	0	0	0	0	0	
1.07469e+06	0	0	0	0	223	0	0	0	0	0	0	0	
1.07543e+06	0	0	0	0	156	43	0	0	0	0	0	0	
1.07618e+06	0	0	0	0	0	181	0	0	0	0	0	0	
1.07693e+06	0	0	0	0	0	183	0	0	0	0	0	0	
1.07768e+06	0	0	0	0	0	189	0	0	0	0	0	0	
1.07843e+06	0	0	0	0	0	195	0	0	0	0	0	0	
1.07918e+06	0	0	0	0	0	169	0	0	0	0	0	0	
1.07994e+06	0	0	0	0	0	183	0	0	0	0	0	0	
1.08068e+06	0	0	0	0	0	164	1	0	0	0	0	0	
1.08143e+06	0	0	0	0	0	185	0	0	0	0	0	0	
1.08218e+06	0	0	0	0	0	185	0	0	0	0	0	0	
1.08293e+06	0	0	0	0	0	175	0	0	0	0	0	0	
1.08368e+06	0	0	0	0	0	173	0	0	0	0	0	0	
1.08443e+06	0	0	0	0	215	0	0	0	0	0	0	0	
1.08518e+06	0	0	0	0	211	0	0	0	0	0	0	0	
1.08593e+06	0	0	0	0	217	0	0	0	0	0	0	0	
1.08668e+06	0	0	0	0	207	0	0	0	0	0	0	0	
1.08743e+06	0	0	0	0	241	0	0	0	0	0	0	0	
1.08818e+06	0	0	0	11	206	0	0	0	0	0	0	0	
1.08893e+06	0	0	0	0	177	0	0	0	0	0	0	0	
1.08968e+06	0	0	0	0	201	0	0	0	0	0	0	0	
1.09043e+06	0	0	0	0	213	0	0	0	0	0	0	0	
1.09118e+06	0	0	0	0	217	0	0	0	0	0	0	0	
1.09194e+06	0	0	0	0	219	0	0	0	0	0	0	0	
1.09268e+06	0	0	0	0	223	0	0	0	0	0	0	0	
1.09343e+06	0	0	0	0	211	0	0	0	0	0	0	0	
1.09418e+06	0	0	0	0	231	0	0	0	0	0	0	0	
1.09493e+06	0	0	0	0	215	0	0	0	0	0	0	0	
1.09568e+06	0	0	0	0	229	0	0	0	0	0	0	0	
1.09644e+06	0	0	0	0	193	0	0	0	0	0	0	0	
1.09718e+06	0	0	0	0	207	0	0	0	0	0	0	0	
1.09794e+06	0	0	0	0	215	0	0	0	0	0	0	0	
1.09869e+06	0	0	0	0	221	0	0	0	0	0	0	0	
1.09944e+06	0	0	0	0	229	0	0	0	0	0	0	0	
1.10019e+06	0	0	0	0	223	0	0	0	0	0	0	0	
1.10094e+06	0	0	0	0	233	0	0	0	0	0	0	0	
1.10168e+06	0	0	0	0	199	0	0	0	0	0	0	0	
1.10243e+06	0	0	0	0	239	0	0	0	0	0	0	0	
1.10318e+06	0	0	0	0	219	0	0	0	0	0	0	0	
1.10394e+06	0	0	0	0	193	0	0	0	0	0	0	0	
1.10469e+06	0	0	0	196	57	0	0	0	0	0	0	0	
1.10544e+06	0	0	32	245	0	0	0	0	0	0	0	0	
1.10619e+06	0	0	311	0	0	0	0	0	0	0	0	0	
1.10693e+06	0	0	301	0	0	0	0	0	0	0	0	0	
1.10769e+06	0	0	323	0	0	0	0	0	0	0	0	0	
1.10844e+06	0	0	311	0	0	0	0	0	0	0	0	0	
1.10919e+06	0	0	307	0	0	0	0	0	0	0	0	0	
1.10994e+06	0	0	347	0	0	0	0	0	0	0	0	0	
1.11069e+06	0	1	320	0	0	0	0	0	0	0	0	0	
1.11144e+06	0	0	323	0	0	0	0	0	0	0	0	0	
1.11219e+06	0	0	325	0	0	0	0	0	0	0	0	0	
1.11294e+06	0	0	323	0	0	0	0	0	0	0	0	0	
1.11369e+06	0	0	321	0	0	0	0	0	0	0	0	0	
1.11444e+06	0	0	349	0	0	0	0	0	0	0	0	0	
1.11519e+06	0	0	315	36	0	0	0	0	0	0	0	0	
1.11594e+06	0	0	343	0	0	0	0	0	0	0	0	0	
1.11669e+06	0	0	337	0	0	0	0	0	0	0	0	0	
1.11744e+06	0	0	359	0	0	0	0	0	0	0	0	0	
1.11819e+06	0	0	307	0	0	0	0	0	0	0	0	0	
1.11894e+06	0	4	313	0	0	0	0	0	0	0	0	0	
1.11969e+06	0	0	323	0	0	0	0	0	0	0	0	0	
1.12044e+06	0	0	327	0	0	0	0	0	0	0	0	0	
1.12119e+06	0	0	311	0	0	0	0	0	0	0	0	0	
1.12194e+06	0	1	306	0	0	0	0	0	0	0	0	0	
1.12269e+06	0	0	309	0	0	0	0	0	0	0	0	0	
1.12344e+06	0	0	349	0	0	0	0	0	0	0	0	0	
1.12419e+06	0	2	341	0	0	0	0	0	0	0	0	0	
1.12494e+06	0	0	311	0	0	0	0	0	0	0	0	0	
1.12569e+06	0	0	317	0	0	0	0	0	0	0	0	0	
1.12644e+06	0	0	313	0	0	0	0	0	0	0	0	0	
1.1272e+06	0	0	331	0	0	0	0	0	0	0	0	0	
1.12795e+06	0	0	309	0	0	0	0	0	0	0	0	0	
1.1287e+06	0	0	333	0	0	0	0	0	0	0	0	0	
1.12945e+06	0	0	329	0	0	0	0	0	0	0	0	0	
1.1302e+06	0	0	293	0	0	0	0	0	0	0	0	0	
1.13095e+06	0	0	333	0	0	0	0	0	0	0	0	0	
1.1317e+06	0	0	337	0	0	0	0	0	0	0	0	0	
1.13245e+06	0	0	325	0	0	0	0	0	0	0	0	0	
1.1332e+06	0	0	329	0	0	0	0	0	0	0	0	0	
1.13394e+06	0	0	345	0	0	0	0	0	0	0	0	0	
1.1347e+06	0	0	317	0	0	0	0	0	0	0	0	0	
1.13545e+06	0	0	317	0	0	0	0	0	0	0	0	0	
1.1362e+06	0	0	319	0	0	0	0	0	0	0	0	0	
1.13695e+06	0	0	309	0	0	0	0	0	0	0	0	0	
1.1377e+06	0	0	331	0	0	0	0	0	0	0	0	0	
1.13845e+06	0	0	327	0	0	0	0	0	0	0	0	0	
1.1392e+06	0	0	333	0	0	0	0	0	0	0	0	0	
1.13995e+06	0	0	315	0	0	0	0	0	0	0	0	0	
1.1407e+06	0	0	307	0	0	0	0	0	0	0	0	0	
1.14145e+06	0	0	303	0	0	0	0	0	0	0	0	0	
1.1422e+06	0	0	315	0	0	0	0	0	0	0	0	0	
1.14295e+06	0	0	313	0	0	0	0	0	0	0	0	0	
1.1437e+06	0	0	321	0	0	0	0	0	0	0	0	0	
1.14445e+06	0	8	309	0	0	0	0	0	0	0	0	0	
1.1452e+06	0	0	345	0	0	0	0	0	0	0	0	0	
1.14595e+06	0	0	297	0	0	0	0	0	0	0	0	0	
1.1467e+06	0	1	364	0	0	0	0	0	0	0	0	0	
1.14745e+06	0	0	343	0	0	0	0	0	0	0	0	0	
1.1482e+06	0	0	359	0	0	0	0	0	0	0	0	0	
1.14895e+06	0	0	339	0	0	0	0	0	0	0	0	0	
1.14971e+06	0	0	289	0	0	0	0	0	0	0	0	0	
1.15046e+06	0	0	357	0	0	0	0	0	0	0	0	0	
1.15121e+06	0	0	309	0	0	0	0	0	0	0	0	0	
1.15195e+06	0	0	299	0	0	0	0	0	0	0	0	0	
1.1527e+06	0	0	313	0	0	0	0	0	0	0	0	0	
1.15345e+06	0	0	287	0	0	0	0	0	0	0	0	0	
1.1542e+06	0	0	331	0	0	0	0	0	0	0	0	0	
1.15495e+06	0	0	341	0	0	0	0	0	0	0	0	0	
1.1557e+06	0	0	281	16	0	0	0	0	0	0	0	0	
1.15646e+06	0	0	339	0	0	0	0	0	0	0	0	0	
1.15721e+06	0	0	309	0	0	0	0	0	0	0	0	0	
1.15796e+06	0	0	327	0	0	0	0	0	0	0	0	0	
1.15871e+06	0	0	303	0	0	0	0	0	0	0	0	0	
1.15945e+06	0	0	317	0	0	0	0	0	0	0	0	0	
1.16021e+06	0	0	351	0	0	0	0	0	0	0	0	0	
1.16096e+06	0	0	289	0	0	0	0	0	0	0	0	0	
1.16171e+06	0	0	345	0	0	0	0	0	0	0	0	0	
1.16245e+06	0	0	357	0	0	0	0	0	0	0	0	0	
1.1632e+06	0	0	341	0	0	0	0	0	0	0	0	0	
1.16395e+06	0	0	313	0	0	0	0	0	0	0	0	0	
1.1647e+06	0	0	303	0	0	0	0	0	0	0	0	0	
1.16545e+06	0	0	311	0	0	0	0	0	0	0	0	0	
1.1662e+06	0	0	331	0	0	0	0	0	0	0	0	0	
1.16695e+06	0	0	331	0	0	0	0	0	0	0	0	0	
1.1677e+06	0	0	331	0	0	0	0	0	0	0	0	0	
1.16845e+06	0	0	355	0	0	0	0	0	0	0	0	0	
1.1692e+06	0	0	327	0	0	0	0	0	0	0	0	0	
1.16994e+06	0	0	311	0	0	0	0	0	0	0	0	0	
1.1707e+06	0	0	311	0	0	0	0	0	0	0	0	0	
1.17145e+06	0	177	190	0	0	0	0	0	0	0	0	0	
1.1722e+06	0	0	341	0	0	0	0	0	0	0	0	0	
1.17295e+06	0	0	311	0	0	0	0	0	0	0	0	0	
1.1737e+06	0	8	315	0	0	0	0	0	0	0	0	0	
1.17445e+06	0	0	281	0	0	0	0	0	0	0	0	0	
1.17519e+06	0	0	299	0	0	0	0	0	0	0	0	0	
1.17594e+06	0	0	323	0	0	0	0	0	0	0	0	0	
1.17669e+06	0	0	309	0	0	0	0	0	0	0	0	0	
1.17744e+06	0	0	309	0	0	0	0	0	0	0	0	0	
1.17819e+06	0	0	369	0	0	0	0	0	0	0	0	0	
1.17894e+06	0	0	341	0	0	0	0	0	0	0	0	0	
1.17969e+06	0	0	335	0	0	0	0	0	0	0	0	0	
1.18044e+06	0	0	369	0	0	0	0	0	0	0	0	0	
1.18119e+06	0	0	327	0	0	0	0	0	0	0	0	0	
1.18194e+06	0	0	335	0	0	0	0	0	0	0	0	0	
1.18269e+06	0	0	293	0	0	0	0	0	0	0	0	0	
1.18344e+06	0	0	305	0	0	0	0	0	0	0	0	0	
1.18419e+06	0	0	321	0	0	0	0	0	0	0	0	0	
1.18494e+06	0	0	331	0	0	0	0	0	0	0	0	0	
1.1857e+06	0	0	89	180	0	0	0	0	0	0	0	0	
1.18644e+06	0	0	0	269	0	0	0	0	0	0	0	0	
1.1872e+06	0	0	0	261	0	0	0	0	0	0	0	0	
1.18794e+06	0	0	0	277	0	0	0	0	0	0	0	0	
1.1887e+06	0	0	0	250	7	0	0	0	0	0	0	0	
1.18944e+06	0	0	0	239	0	0	0	0	0	0	0	0	
1.19019e+06	0	0	0	251	0	0	0	0	0	0	0	0	
1.19094e+06	0	0	0	267	0	0	0	0	0	0	0	0	
1.19169e+06	0	0	0	275	0	0	0	0	0	0	0	0	
1.19244e+06	0	0	0	259	0	0	0	0	0	0	0	0	
1.19319e+06	0	0	0	269	0	0	0	0	0	0	0	0	
1.19394e+06	0	0	0	285	0	0	0	0	0	0	0	0	
1.19469e+06	0	0	0	255	0	0	0	0	0	0	0	0	
1.19544e+06	0	0	0	263	0	0	0	0	0	0	0	0	
1.19619e+06	0	0	5	278	0	0	0	0	0	0	0	0	
1.19694e+06	0	0	0	273	0	0	0	0	0	0	0	0	
1.19769e+06	0	0	0	245	0	0	0	0	0	0	0	0	
1.19844e+06	0	0	0	239	0	0	0	0	0	0	0	0	
1.19919e+06	0	0	0	255	0	0	0	0	0	0	0	0	
1.19994e+06	0	0	0	37	182	0	0	0	0	0	0	0	
1.20069e+06	0	0	0	0	219	0	0	0	0	0	0	0	
1.20144e+06	0	0	0	17	206	0	0	0	0	0	0	0	
1.20219e+06	0	0	0	0	207	0	0	0	0	0	0	0	
1.20294e+06	0	0	0	0	239	0	0	0	0	0	0	0	
1.20369e+06	0	0	0	0	193	0	0	0	0	0	0	0	
1.20444e+06	0	0	0	0	225	0	0	0	0	0	0	0	
1.20519e+06	0	0	0	0	221	0	0	0	0	0	0	0	
1.20594e+06	0	0	0	0	235	0	0	0	0	0	0	0	
1.20669e+06	0	0	0	0	195	0	0	0	0	0	0	0	
1.20744e+06	0	0	0	0	0	207	0	0	0	0	0	0	
1.20819e+06	0	0	0	0	0	153	0	0	0	0	0	0	
1.20893e+06	0	0	0	0	0	171	0	0	0	0	0	0	
1.20968e+06	0	0	0	0	0	157	0	0	0	0	0	0	
1.21043e+06	0	0	0	0	0	183	0	0	0	0	0	0	
1.21119e+06	0	0	0	0	0	199	0	0	0	0	0	0	
1.21194e+06	0	0	0	0	0	183	0	0	0	0	0	0	
1.21269e+06	0	0	0	0	0	161	0	0	0	0	0	0	
1.21344e+06	0	0	0	0	0	189	0	0	0	0	0	0	
1.21419e+06	0	0	0	0	0	179	0	0	0	0	0	0	
1.21494e+06	0	0	0	0	0	181	0	0	0	0	0	0	
1.21569e+06	0	0	0	0	0	163	0	0	0	0	0	0	
1.21644e+06	0	0	0	0	0	177	0	0	0	0	0	0	
1.21719e+06	0	0	0	0	1	150	0	0	0	0	0	0	
1.21794e+06	0	0	0	0	0	161	0	0	0	0	0	0	
1.21869e+06	0	0	0	0	0	173	0	0	0	0	0	0	
1.21945e+06	0	0	0	0	0	161	0	0	0	0	0	0	
1.22019e+06	0	0	0	0	0	159	0	0	0	0	0	0	
1.22094e+06	0	0	0	0	0	134	41	0	0	0	0	0	
1.22169e+06	0	0	0	0	0	165	0	0	0	0	0	0	
1.22244e+06	0	0	0	0	0	201	0	0	0	0	0	0	
1.22319e+06	0	0	0	0	0	183	0	0	0	0	0	0	
1.22394e+06	0	0	0	0	0	165	0	0	0	0	0	0	
1.2247e+06	0	0	0	0	0	169	0	0	0	0	0	0	
1.22545e+06	0	0	0	0	0	0	145	0	0	0	0	0	
1.2262e+06	0	0	0	0	0	0	153	0	0	0	0	0	
1.22695e+06	0	0	0	0	0	0	151	0	0	0	0	0	
1.22769e+06	0	0	0	0	0	0	153	0	0	0	0	0	
1.22844e+06	0	0	0	0	0	0	165	0	0	0	0	0	
1.22919e+06	0	0	0	0	0	0	165	0	0	0	0	0	
1.22994e+06	0	0	0	0	0	0	127	0	0	0	0	0	
1.23069e+06	0	0	0	0	0	0	147	0	0	0	0	0	
1.23144e+06	0	0	0	0	0	0	129	0	0	0	0	0	
1.2322e+06	0	0	0	0	0	0	141	0	0	0	0	0	
1.23295e+06	0	0	0	0	0	0	139	0	0	0	0	0	
1.2337e+06	0	0	0	0	0	0	137	0	0	0	0	0	
1.23445e+06	0	0	0	0	0	0	137	0	0	0	0	0	
1.2352e+06	0	0	0	0	0	0	135	0	0	0	0	0	
1.23595e+06	0	0	0	0	0	0	141	0	0	0	0	0	
1.2367e+06	0	0	0	0	0	0	147	0	0	0	0	0	
1.23746e+06	0	0	0	0	0	0	131	0	0	0	0	0	
1.23821e+06	0	0	0	0	0	9	116	0	0	0	0	0	
1.23896e+06	0	0	0	0	0	0	141	0	0	0	0	0	
1.2397e+06	0	0	0	0	0	0	129	0	0	0	0	0	
1.24045e+06	0	0	0	0	0	0	133	0	0	0	0	0	
1.24121e+06	0	0	0	0	0	0	135	0	0	0	0	0	
1.24196e+06	0	0	0	0	0	0	145	0	0	0	0	0	
1.24271e+06	0	0	0	0	0	0	149	0	0	0	0	0	
1.24346e+06	0	0	0	0	0	0	147	0	0	0	0	0	
1.24421e+06	0	0	0	0	0	0	151	0	0	0	0	0	
1.24496e+06	0	0	0	0	0	0	125	0	0	0	0	0	
1.24571e+06	0	0	0	0	0	0	161	0	0	0	0	0	
1.24646e+06	0	0	0	0	0	0	135	0	0	0	0	0	
1.24721e+06	0	0	0	0	0	0	149	0	0	0	0	0	
1.24795e+06	0	0	0	0	0	0	147	0	0	0	0	0	
1.2487e+06	0	0	0	0	0	0	141	0	0	0	0	0	
1.24945e+06	0	0	0	0	0	0	149	0	0	0	0	0	
1.2502e+06	0	0	0	0	0	0	135	0	0	0	0	0	
1.25095e+06	0	0	0	0	0	0	145	0	0	0	0	0	
1.2517e+06	0	0	0	0	0	1	142	0	0	0	0	0	
1.25245e+06	0	0	0	0	0	0	129	0	0	0	0	0	
1.2532e+06	0	0	0	0	0	0	149	0	0	0	0	0	
1.25395e+06	0	0	0	0	0	165	0	0	0	0	0	0	
1.2547e+06	0	0	0	0	0	197	0	0	0	0	0	0	
1.25545e+06	0	0	0	0	0	133	0	0	0	0	0	0	
1.2562e+06	0	0	0	0	0	193	0	0	0	0	0	0	
1.25695e+06	0	0	0	0	0	177	0	0	0	0	0	0	
1.2577e+06	0	0	0	0	0	181	0	0	0	0	0	0	
1.25845e+06	0	0	0	0	0	189	0	0	0	0	0	0	
1.2592e+06	0	0	0	0	0	183	0	0	0	0	0	0	
1.25995e+06	0	0	0	0	0	161	0	0	0	0	0	0	
1.2607e+06	0	0	0	0	0	187	0	0	0	0	0	0	
1.26146e+06	0	0	0	0	0	167	0	0	0	0	0	0	
1.2622e+06	0	0	0	0	0	179	0	0	0	0	0	0	
1.26295e+06	0	0	0	0	0	151	0	0	0	0	0	0	
1.2637e+06	0	0	0	0	0	193	0	0	0	0	0	0	
1.26445e+06	0	0	0	0	0	88	73	0	0	0	0	0	
1.2652e+06	0	0	0	0	0	169	0	0	0	0	0	0	
1.26595e+06	0	0	0	0	225	0	0	0	0	0	0	0	
1.26671e+06	0	0	0	0	205	0	0	0	0	0	0	0	
1.26745e+06	0	0	0	0	217	0	0	0	0	0	0	0	
1.2682e+06	0	0	0	0	229	0	0	0	0	0	0	0	
1.26895e+06	0	0	0	0	219	0	0	0	0	0	0	0	
1.2697e+06	0	0	0	0	231	0	0	0	0	0	0	0	
1.27045e+06	0	0	0	0	221	0	0	0	0	0	0	0	
1.2712e+06	0	0	0	0	217	0	0	0	0	0	0	0	
1.27196e+06	0	0	0	0	201	0	0	0	0	0	0	0	
1.27271e+06	0	0	0	0	229	0	0	0	0	0	0	0	
1.27346e+06	0	0	0	0	209	0	0	0	0	0	0	0	
1.27421e+06	0	0	0	0	217	0	0	0	0	0	0	0	
1.27496e+06	0	0	0	0	223	0	0	0	0	0	0	0	
1.27571e+06	0	0	0	0	243	0	0	0	0	0	0	0	
1.27646e+06	0	0	0	0	235	0	0	0	0	0	0	0	
1.2772e+06	0	0	0	0	217	0	0	0	0	0	0	0	
1.27795e+06	0	0	0	0	209	0	0	0	0	0	0	0	
1.2787e+06	0	0	0	0	227	0	0	0	0	0	0	0	
1.27945e+06	0	0	0	0	213	0	0	0	0	0	0	0	
1.2802e+06	0	0	0	0	221	0	0	0	0	0	0	0	
1.28095e+06	0	0	0	0	219	0	0	0	0	0	0	0	
1.2817e+06	0	0	0	0	225	0	0	0	0	0	0	0	
1.28246e+06	0	0	0	0	219	0	0	0	0	0	0	0	
1.28321e+06	0	0	0	0	187	0	0	0	0	0	0	0	
1.28395e+06	0	0	0	0	221	0	0	0	0	0	0	0	
1.2847e+06	0	0	0	0	245	0	0	0	0	0	0	0	
1.28545e+06	0	0	0	0	209	0	0	0	0	0	0	0	
1.2862e+06	0	0	0	0	205	0	0	0	0	0	0	0	
1.28695e+06	0	0	0	0	213	0	0	0	0	0	0	0	
1.2877e+06	0	0	0	0	227	0	0	0	0	0	0	0	
1.28845e+06	0	0	0	0	203	0	0	0	0	0	0	0	
1.2892e+06	0	0	0	0	231	0	0	0	0	0	0	0	
1.28995e+06	0	0	0	0	205	0	0	0	0	0	0	0	
1.2907e+06	0	0	0	0	205	0	0	0	0	0	0	0	
1.29145e+06	0	0	0	0	239	0	0	0	0	0	0	0	
1.2922e+06	0	0	0	0	201	0	0	0	0	0	0	0	
1.29295e+06	0	0	0	0	225	0	0	0	0	0	0	0	
1.2937e+06	0	0	0	0	211	0	0	0	0	0	0	0	
1.29445e+06	0	0	0	0	209	0	0	0	0	0	0	0	
1.2952e+06	0	0	0	0	209	0	0	0	0	0	0	0	
1.29594e+06	0	0	0	0	223	0	0	0	0	0	0	0	
1.2967e+06	0	0	0	0	213	0	0	0	0	0	0	0	
1.29745e+06	0	0	0	0	209	0	0	0	0	0	0	0	
1.29819e+06	0	0	0	0	199	0	0	0	0	0	0	0	
1.29894e+06	0	0	0	0	211	0	0	0	0	0	0	0	
1.29969e+06	0	0	0	0	229	0	0	0	0	0	0	0	
1.30044e+06	0	0	0	0	241	0	0	0	0	0	0	0	
1.30119e+06	0	0	0	0	209	0	0	0	0	0	0	0	
1.30194e+06	0	0	0	0	227	0	0	0	0	0	0	0	
1.30269e+06	0	0	0	0	246	1	0	0	0	0	0	0	
1.30344e+06	0	0	0	0	215	0	0	0	0	0	0	0	
1.30419e+06	0	0	0	0	213	0	0	0	0	0	0	0	
1.30494e+06	0	0	0	0	249	0	0	0	0	0	0	0	
1.30569e+06	0	0	0	0	203	0	0	0	0	0	0	0	
1.30644e+06	0	0	0	0	207	0	0	0	0	0	0	0	
1.30719e+06	0	0	0	0	213	0	0	0	0	0	0	0	
1.30793e+06	0	0	0	0	219	0	0	0	0	0	0	0	
1.30869e+06	0	0	0	0	217	0	0	0	0	0	0	0	
1.30944e+06	0	0	0	0	215	0	0	0	0	0	0	0	
1.31019e+06	0	0	0	0	235	0	0	0	0	0	0	0	
1.31094e+06	0	0	0	0	195	0	0	0	0	0	0	0	
1.31169e+06	0	0	0	0	213	0	0	0	0	0	0	0	
1.31244e+06	0	0	0	0	217	0	0	0	0	0	0	0	
1.31319e+06	0	0	0	0	207	0	0	0	0	0	0	0	
1.31394e+06	0	0	0	0	187	0	0	0	0	0	0	0	
1.31469e+06	0	0	0	0	231	0	0	0	0	0	0	0	
1.31545e+06	0	0	0	0	201	0	0	0	0	0	0	0	
1.3162e+06	0	0	0	4	217	0	0	0	0	0	0	0	
1.31695e+06	0	0	0	0	211	0	0	0	0	0	0	0	
1.3177e+06	0	0	0	0	223	0	0	0	0	0	0	0	
1.31844e+06	0	0	0	0	193	0	0	0	0	0	0	0	
1.31919e+06	0	0	0	0	209	0	0	0	0	0	0	0	
1.31994e+06	0	0	0	0	235	0	0	0	0	0	0	0	
1.32069e+06	0	0	0	0	221	0	0	0	0	0	0	0	
1.32144e+06	0	0	0	65	150	0	0	0	0	0	0	0	
1.32219e+06	0	0	0	0	223	0	0	0	0	0	0	0	
1.32294e+06	0	0	0	0	191	0	0	0	0	0	0	0	
1.32369e+06	0	0	0	0	251	0	0	0	0	0	0	0	
1.32444e+06	0	0	0	0	203	0	0	0	0	0	0	0	
1.32519e+06	0	0	0	2	203	0	0	0	0	0	0	0	
1.32594e+06	0	0	0	0	197	0	0	0	0	0	0	0	
1.32669e+06	0	0	0	0	211	0	0	0	0	0	0	0	
1.32744e+06	0	0	0	0	215	0	0	0	0	0	0	0	
1.32819e+06	0	0	0	0	193	0	0	0	0	0	0	0	
1.32894e+06	0	0	0	0	233	0	0	0	0	0	0	0	
1.32969e+06	0	0	0	0	223	0	0	0	0	0	0	0	
1.33044e+06	0	0	0	0	221	0	0	0	0	0	0	0	
1.33119e+06	0	0	0	0	215	0	0	0	0	0	0	0	
1.33194e+06	0	0	0	0	199	0	0	0	0	0	0	0	
1.33269e+06	0	0	0	0	213	0	0	0	0	0	0	0	
1.33344e+06	0	0	0	0	207	0	0	0	0	0	0	0	
1.3342e+06	0	0	0	0	211	0	0	0	0	0	0	0	
1.33495e+06	0	0	0	0	193	0	0	0	0	0	0	0	
1.3357e+06	0	0	0	0	0	179	0	0	0	0	0	0	
1.33645e+06	0	0	0	0	0	209	0	0	0	0	0	0	
1.33721e+06	0	0	0	0	0	169	0	0	0	0	0	0	
1.33796e+06	0	0	0	0	0	155	0	0	0	0	0	0	
1.3387e+06	0	0	0	0	0	185	0	0	0	0	0	0	
1.33945e+06	0	0	0	0	0	37	106	0	0	0	0	0	
1.3402e+06	0	0	0	0	0	173	0	0	0	0	0	0	
1.34095e+06	0	0	0	0	0	207	0	0	0	0	0	0	
1.3417e+06	0	0	0	0	0	173	0	0	0	0	0	0	
1.34245e+06	0	0	0	0	0	181	0	0	0	0	0	0	
1.3432e+06	0	0	0	0	0	171	0	0	0	0	0	0	
1.34395e+06	0	0	0	0	0	173	0	0	0	0	0	0	
1.3447e+06	0	0	0	0	0	169	0	0	0	0	0	0	
1.34545e+06	0	0	0	0	0	173	0	0	0	0	0	0	
1.3462e+06	0	0	0	0	0	185	0	0	0	0	0	0	
1.34696e+06	0	0	0	0	0	171	0	0	0	0	0	0	
1.34771e+06	0	0	0	0	0	183	0	0	0	0	0	0	
1.34846e+06	0	0	0	0	0	147	8	0	0	0	0	0	
1.34921e+06	0	0	0	0	0	157	0	0	0	0	0	0	
1.34996e+06	0	0	0	0	0	153	0	0	0	0	0	0	
1.35071e+06	0	0	0	0	5	156	0	0	0	0	0	0	
1.35146e+06	0	0	0	0	0	169	0	0	0	0	0	0	
1.35221e+06	0	0	0	0	0	199	0	0	0	0	0	0	
1.35296e+06	0	0	0	0	0	149	0	0	0	0	0	0	
1.35371e+06	0	0	0	0	0	47	106	0	0	0	0	0	
1.35446e+06	0	0	0	0	0	0	121	0	0	0	0	0	
1.35521e+06	0	0	0	0	0	0	139	0	0	0	0	0	
1.35596e+06	0	0	0	0	0	0	133	0	0	0	0	0	
1.35671e+06	0	0	0	0	0	0	135	0	0	0	0	0	
1.35746e+06	0	0	0	0	0	0	133	0	0	0	0	0	
1.35821e+06	0	0	0	0	0	0	131	0	0	0	0	0	
1.35896e+06	0	0	0	0	0	0	153	0	0	0	0	0	
1.3597e+06	0	0	0	0	0	0	161	0	0	0	0	0	
1.36045e+06	0	0	0	0	0	2	121	0	0	0	0	0	
1.3612e+06	0	0	0	0	0	0	115	0	0	0	0	0	
1.36196e+06	0	0	0	0	0	0	147	0	0	0	0	0	
1.3627e+06	0	0	0	0	0	0	153	0	0	0	0	0	
1.36345e+06	0	0	0	0	0	0	133	0	0	0	0	0	
1.3642e+06	0	0	0	0	0	0	159	0	0	0	0	0	
1.36495e+06	0	0	0	0	0	0	141	0	0	0	0	0	
1.3657e+06	0	0	0	0	0	0	157	0	0	0	0	0	
1.36646e+06	0	0	0	0	0	0	110	9	0	0	0	0	
1.3672e+06	0	0	0	0	0	0	123	0	0	0	0	0	
1.36795e+06	0	0	0	0	0	0	145	0	0	0	0	0	
1.36871e+06	0	0	0	0	0	0	143	0	0	0	0	0	
1.36946e+06	0	0	0	0	0	0	131	0	0	0	0	0	
1.37021e+06	0	0	0	0	0	0	131	0	0	0	0	0	
1.37096e+06	0	0	0	0	0	3	142	0	0	0	0	0	
1.3717e+06	0	0	0	0	0	0	147	0	0	0	0	0	
1.37245e+06	0	0	0	0	0	0	137	0	0	0	0	0	
1.37321e+06	0	0	0	0	0	0	133	0	0	0	0	0	
1.37396e+06	0	0	0	0	0	0	163	0	0	0	0	0	
1.37471e+06	0	0	0	0	0	0	151	0	0	0	0	0	
1.37546e+06	0	0	0	0	0	0	125	0	0	0	0	0	
1.3762e+06	0	0	0	0	0	0	147	0	0	0	0	0	
1.37696e+06	0	0	0	0	0	0	157	0	0	0	0	0	
1.37771e+06	0	0	0	0	0	23	116	0	0	0	0	0	
1.37845e+06	0	0	0	0	0	173	0	0	0	0	0	0	
1.3792e+06	0	0	0	0	0	167	0	0	0	0	0	0	
1.37995e+06	0	0	0	0	0	147	0	0	0	0	0	0	
1.3807e+06	0	0	0	0	96	95	0	0	0	0	0	0	
1.38145e+06	0	0	0	0	0	177	0	0	0	0	0	0	
1.38221e+06	0	0	0	0	0	177	0	0	0	0	0	0	
1.38295e+06	0	0	0	0	0	161	0	0	0	0	0	0	
1.3837e+06	0	0	0	0	0	169	0	0	0	0	0	0	
1.38445e+06	0	0	0	0	0	193	0	0	0	0	0	0	
1.38521e+06	0	0	0	0	0	171	0	0	0	0	0	0	
1.38596e+06	0	0	0	0	0	165	0	0	0	0	0	0	
1.38671e+06	0	0	0	0	0	183	0	0	0	0	0	0	
1.38745e+06	0	0	0	0	0	183	0	0	0	0	0	0	
1.3882e+06	0	0	0	0	0	159	0	0	0	0	0	0	
1.38896e+06	0	0	0	0	0	172	1	0	0	0	0	0	
1.38971e+06	0	0	0	0	0	179	0	0	0	0	0	0	
1.39046e+06	0	0	0	0	0	185	0	0	0	0	0	0	
1.39121e+06	0	0	0	0	0	201	0	0	0	0	0	0	
1.39196e+06	0	0	0	0	0	189	0	0	0	0	0	0	
1.39271e+06	0	0	0	0	0	155	0	0	0	0	0	0	
1.39346e+06	0	0	0	0	0	161	0	0	0	0	0	0	
1.39421e+06	0	0	0	0	0	177	0	0	0	0	0	0	
1.39496e+06	0	0	0	0	0	199	0	0	0	0	0	0	
1.39571e+06	0	0	0	0	0	151	0	0	0	0	0	0	
1.39646e+06	0	0	0	0	4	191	0	0	0	0	0	0	
1.39721e+06	0	0	0	0	0	175	0	0	0	0	0	0	
1.39796e+06	0	0	0	0	0	167	0	0	0	0	0	0	
1.39871e+06	0	0	0	0	0	193	0	0	0	0	0	0	
1.39946e+06	0	0	0	0	0	179	0	0	0	0	0	0	
1.40021e+06	0	0	0	0	0	215	0	0	0	0	0	0	
1.40096e+06	0	0	0	0	0	167	0	0	0	0	0	0	
1.40171e+06	0	0	0	0	0	189	0	0	0	0	0	0	
1.40247e+06	0	0	0	0	0	175	0	0	0	0	0	0	
1.40322e+06	0	0	0	0	0	139	0	0	0	0	0	0	
1.40397e+06	0	0	0	0	0	175	0	0	0	0	0	0	
1.40472e+06	0	0	0	0	0	0	147	0	0	0	0	0	
1.40547e+06	0	0	0	0	0	0	135	0	0	0	0	0	
1.40622e+06	0	0	0	0	0	0	141	0	0	0	0	0	
1.40697e+06	0	0	0	0	0	0	159	0	0	0	0	0	
1.40772e+06	0	0	0	0	0	0	143	0	0	0	0	0	
1.40847e+06	0	0	0	0	0	0	161	0	0	0	0	0	
1.40922e+06	0	0	0	0	0	0	133	0	0	0	0	0	
1.40997e+06	0	0	0	0	0	0	143	0	0	0	0	0	
1.41072e+06	0	0	0	0	0	0	151	0	0	0	0	0	
1.41147e+06	0	0	0	0	0	0	129	0	0	0	0	0	
1.41222e+06	0	0	0	0	0	0	137	0	0	0	0	0	
1.41298e+06	0	0	0	0	0	0	129	0	0	0	0	0	
1.41372e+06	0	0	0	0	0	0	153	0	0	0	0	0	
1.41448e+06	0	0	0	0	0	0	145	0	0	0	0	0	
1.41523e+06	0	0	0	0	0	0	121	0	0	0	0	0	
1.41598e+06	0	0	0	0	0	0	139	0	0	0	0	0	
1.41673e+06	0	0	0	0	0	0	133	0	0	0	0	0	
1.41748e+06	0	0	0	0	0	0	123	0	0	0	0	0	
1.41824e+06	0	0	0	0	0	0	15	0	80	0	0	0	
1.41898e+06	0	0	0	0	0	0	155	0	0	0	0	0	
1.41974e+06	0	0	0	0	0	0	129	0	0	0	0	0	
1.42049e+06	0	0	0	0	0	0	141	0	0	0	0	0	
1.42124e+06	0	0	0	0	0	0	143	0	0	0	0	0	
1.42198e+06	0	0	0	0	0	0	163	0	0	0	0	0	
1.42274e+06	0	0	0	0	0	0	133	0	0	0	0	0	
1.42349e+06	0	0	0	0	0	0	135	0	0	0	0	0	
1.42424e+06	0	0	0	0	0	0	129	0	0	0	0	0	
1.42499e+06	0	0	0	0	0	0	139	0	0	0	0	0	
1.42574e+06	0	0	0	0	0	0	153	0	0	0	0	0	
1.42649e+06	0	0	0	0	0	0	129	0	0	0	0	0	
1.42724e+06	0	0	0	0	0	0	131	0	0	0	0	0	
1.42799e+06	0	0	0	0	0	0	143	0	0	0	0	0	
1.42874e+06	0	0	0	0	0	0	145	0	0	0	0	0	
1.42949e+06	0	0	0	0	0	0	133	0	0	0	0	0	
1.43024e+06	0	0	0	0	0	0	129	0	0	0	0	0	
1.43099e+06	0	0	0	0	0	0	139	0	0	0	0	0	
1.43174e+06	0	0	0	0	0	0	125	0	0	0	0	0	
1.43249e+06	0	0	0	0	0	0	147	0	0	0	0	0	
1.43324e+06	0	0	0	0	0	0	0	97	0	0	0	0	
1.43399e+06	0	0	0	0	0	0	0	111	0	0	0	0	
1.43474e+06	0	0	0	0	0	0	0	109	0	0	0	0	
1.43549e+06	0	0	0	0	0	0	0	113	0	0	0	0	
1.43624e+06	0	0	0	0	0	0	0	115	0	0	0	0	
1.43699e+06	0	0	0	0	0	0	0	95	0	0	0	0	
1.43774e+06	0	0	0	0	0	0	0	133	0	0	0	0	
1.43849e+06	0	0	0	0	0	0	0	113	0	0	0	0	
1.43924e+06	0	0	0	0	0	0	0	121	0	0	0	0	
1.43999e+06	0	0	0	0	0	0	0	117	0	0	0	0	
1.44074e+06	0	0	0	0	0	0	0	127	0	0	0	0	
1.44149e+06	0	0	0	0	0	0	0	121	0	0	0	0	
1.44224e+06	0	0	0	0	0	0	0	99	0	0	0	0	
1.44299e+06	0	0	0	0	0	0	0	109	0	0	0	0	
1.44374e+06	0	0	0	0	0	0	0	119	0	0	0	0	
1.44449e+06	0	0	0	0	0	0	0	105	0	0	0	0	
1.44524e+06	0	0	0	0	0	0	0	117	0	0	0	0	
1.44599e+06	0	0	0	0	0	0	0	139	0	0	0	0	
1.44674e+06	0	0	0	0	0	0	0	115	0	0	0	0	
1.44749e+06	0	0	0	0	0	0	0	119	0	0	0	0	
1.44824e+06	0	0	0	0	0	0	0	133	0	0	0	0	
1.44899e+06	0	0	0	0	0	0	0	103	0	0	0	0	
1.44974e+06	0	0	0	0	0	0	0	107	0	0	0	0	
1.45049e+06	0	0	0	0	0	0	0	95	0	0	0	0	
1.45124e+06	0	0	0	0	0	0	0	117	0	0	0	0	
1.45199e+06	0	0	0	0	0	0	0	123	0	0	0	0	
1.45274e+06	0	0	0	0	0	0	0	115	0	0	0	0	
1.45349e+06	0	0	0	0	0	0	0	127	0	0	0	0	
1.45424e+06	0	0	0	0	0	0	0	113	0	0	0	0	
1.455e+06	0	0	0	0	0	0	0	111	0	0	0	0	
1.45575e+06	0	0	0	0	0	0	0	105	0	0	0	0	
1.4565e+06	0	0	0	0	0	0	0	129	0	0	0	0	
1.45725e+06	0	0	0	0	0	0	0	107	0	0	0	0	
1.458e+06	0	0	0	0	0	0	0	135	0	0	0	0	
1.45875e+06	0	0	0	0	0	0	0	119	0	0	0	0	
1.4595e+06	0	0	0	0	0	0	0	111	0	0	0	0	
1.46025e+06	0	0	0	0	0	0	0	121	0	0	0	0	
1.461e+06	0	0	0	0	0	0	0	119	0	0	0	0	
1.46175e+06	0	0	0	0	0	0	145	0	0	0	0	0	
1.4625e+06	0	0	0	0	0	0	137	0	0	0	0	0	
1.46325e+06	0	0	0	0	0	0	157	0	0	0	0	0	
1.464e+06	0	0	0	0	0	0	127	0	0	0	0	0	
1.46475e+06	0	0	0	0	0	0	159	0	0	0	0	0	
1.4655e+06	0	0	0	0	0	0	157	0	0	0	0	0	
1.46625e+06	0	0	0	0	0	0	111	0	0	0	0	0	
1.467e+06	0	0	0	0	0	0	141	0	0	0	0	0	
1.46775e+06	0	0	0	0	0	0	161	0	0	0	0	0	
1.4685e+06	0	0	0	0	0	0	137	0	0	0	0	0	
1.46925e+06	0	0	0	0	0	0	149	0	0	0	0	0	
1.47e+06	0	0	0	0	0	0	153	0	0	0	0	0	
1.47075e+06	0	0	0	0	0	0	129	0	0	0	0	0	
1.4715e+06	0	0	0	0	0	0	147	0	0	0	0	0	
1.47225e+06	0	0	0	0	0	0	123	0	0	0	0	0	
1.47299e+06	0	0	0	0	0	0	151	0	0	0	0	0	
1.47375e+06	0	0	0	0	0	0	137	0	0	0	0	0	
1.47449e+06	0	0	0	0	0	0	151	0	0	0	0	0	
1.47524e+06	0	0	0	0	0	0	155	0	0	0	0	0	
1.47599e+06	0	0	0	0	0	0	141	0	0	0	0	0	
1.47674e+06	0	0	0	0	0	0	147	0	0	0	0	0	
1.47749e+06	0	0	0	0	0	0	151	0	0	0	0	0	
1.47824e+06	0	0	0	0	0	0	133	0	0	0	0	0	
1.47899e+06	0	0	0	0	0	0	115	0	0	0	0	0	
1.47974e+06	0	0	0	0	0	0	111	0	0	0	0	0	
1.48049e+06	0	0	0	0	0	0	133	0	0	0	0	0	
1.48125e+06	0	0	0	0	0	68	87	0	0	0	0	0	
1.482e+06	0	0	0	0	0	171	0	0	0	0	0	0	
1.48274e+06	0	0	0	0	0	181	0	0	0	0	0	0	
1.48349e+06	0	0	0	0	0	173	0	0	0	0	0	0	
1.48424e+06	0	0	0	0	0	189	0	0	0	0	0	0	
1.48498e+06	0	0	0	0	0	185	0	0	0	0	0	0	
1.48574e+06	0	0	0	0	0	173	0	0	0	0	0	0	
1.48648e+06	0	0	0	0	0	179	0	0	0	0	0	0	
1.48723e+06	0	0	0	0	0	187	0	0	0	0	0	0	
1.48798e+06	0	0	0	0	0	167	0	0	0	0	0	0	
1.48873e+06	0	0	0	0	0	185	0	0	0	0	0	0	
1.48948e+06	0	0	0	0	0	169	0	0	0	0	0	0	
1.49023e+06	0	0	0	0	0	169	0	0	0	0	0	0	
1.49098e+06	0	0	0	0	0	175	0	0	0	0	0	0	
1.49173e+06	0	0	0	0	30	153	0	0	0	0	0	0	
1.49248e+06	0	0	0	0	0	183	0	0	0	0	0	0	
1.49323e+06	0	0	0	0	0	187	0	0	0	0	0	0	
1.49398e+06	0	0	0	0	0	189	0	0	0	0	0	0	
1.49473e+06	0	0	0	0	0	175	0	0	0	0	0	0	
1.49548e+06	0	0	0	0	0	193	0	0	0	0	0	0	
1.49622e+06	0	0	0	0	0	179	0	0	0	0	0	0	
1.49698e+06	0	0	0	0	0	191	0	0	0	0	0	0	
1.49773e+06	0	0	0	0	0	99	46	0	0	0	0	0	
1.49848e+06	0	0	0	0	0	175	0	0	0	0	0	0	
1.49923e+06	0	0	0	0	0	151	0	0	0	0	0	0	
1.49998e+06	0	0	0	0	0	173	0	0	0	0	0	0	
1.49998e+06	0	0	0	0	0	173	0	0	0	0	0	0	
