Time	s0	s1	s2	s3	s4	s5	s6	s7	s8	s9	s10	s11	
0	0	0	0	0	0	0	0	0	0	0	0	200	
0.000321967	0	0	0	0	0	0	0	0	0	0	0	199	
746.787	0	0	0	0	0	0	0	0	0	0	0	43	
1496.56	0	0	0	0	0	0	0	0	0	0	0	45	
2245.53	0	0	0	0	0	0	0	0	0	0	0	55	
2992.47	0	0	0	0	0	0	0	0	0	0	0	39	
3744.44	0	0	0	0	0	0	0	0	0	0	0	57	
4494.19	0	0	0	0	0	0	0	0	0	0	0	41	
5243.89	0	0	0	0	0	0	0	0	0	0	0	49	
5991.22	0	0	0	0	0	0	0	0	0	0	0	47	
6742.38	0	0	0	0	0	0	0	0	0	0	0	49	
7491.97	0	0	0	0	0	0	0	0	0	0	0	55	
8238.48	0	0	0	0	0	0	0	0	0	0	0	45	
8985.99	0	0	0	0	0	0	0	0	0	0	0	51	
9730.93	0	0	0	0	0	0	0	0	0	0	0	41	
10478.8	0	0	0	0	0	0	0	0	0	0	0	57	
11230.1	0	0	0	0	0	0	0	0	0	0	0	49	
11979.8	0	0	0	0	0	0	0	0	0	0	47	0	
12730	0	0	0	0	0	0	0	0	0	0	77	0	
13480.5	0	0	0	0	0	0	0	0	0	0	0	47	
14231.2	0	0	0	0	0	0	0	0	0	0	0	43	
14981.3	0	0	0	0	0	0	0	0	0	0	0	47	
15731.3	0	0	0	0	0	0	0	0	0	0	0	53	
16482.1	0	0	0	0	0	0	0	0	0	0	0	41	
17234.6	0	0	0	0	0	0	0	0	0	0	0	45	
17985.5	0	0	0	0	0	0	0	0	0	0	0	57	
18733.9	0	0	0	0	0	0	0	0	0	0	0	51	
19483.6	0	0	0	0	0	0	0	0	0	0	0	43	
20232.7	0	0	0	0	0	0	0	0	0	0	0	47	
20985.4	0	0	0	0	0	0	0	0	0	0	0	53	
21735.8	0	0	0	0	0	0	0	0	0	0	0	49	
22487.6	0	0	0	0	0	0	0	0	0	75	0	0	
23236.7	0	0	0	0	0	0	0	0	0	67	0	0	
23984.1	0	0	0	0	0	0	0	0	0	67	0	0	
24735.9	0	0	0	0	0	0	0	0	0	81	0	0	
25488	0	0	0	0	0	0	0	0	0	99	0	0	
26238.4	0	0	0	0	0	0	0	0	0	89	0	0	
26991.2	0	0	0	0	0	0	0	0	0	77	0	0	
27744.5	0	0	0	0	0	0	0	0	0	75	0	0	
28491.9	0	0	0	0	0	0	0	0	0	67	0	0	
29241.2	0	0	0	0	0	0	0	0	0	73	0	0	
29991.8	0	0	0	0	0	0	0	0	0	85	0	0	
30741.6	0	0	0	0	0	0	0	0	0	75	0	0	
31491.7	0	0	0	0	0	0	0	0	0	85	0	0	
32242.4	0	0	0	0	0	0	0	0	0	67	0	0	
32992.2	0	0	0	0	0	0	0	0	0	87	0	0	
33743.4	0	0	0	0	0	0	0	0	0	75	0	0	
34492.9	0	0	0	0	0	0	0	0	0	77	0	0	
35243.4	0	0	0	0	0	0	0	0	0	75	0	0	
35991	0	0	0	0	0	0	0	0	0	77	0	0	
36741.4	0	0	0	0	0	0	0	0	0	61	0	0	
37490	0	0	0	0	0	0	0	0	0	75	0	0	
38239.7	0	0	0	0	0	0	0	0	0	69	0	0	
38988.7	0	0	0	0	0	0	0	0	0	59	0	0	
39738.7	0	0	0	0	0	0	0	0	0	81	0	0	
40490.3	0	0	0	0	0	0	0	0	0	73	0	0	
41239.2	0	0	0	0	0	0	0	0	0	75	0	0	
41989.9	0	0	0	0	0	0	0	0	0	81	0	0	
42739.1	0	0	0	0	0	0	0	0	0	75	0	0	
43489.2	0	0	0	0	0	0	0	0	0	89	0	0	
44238.2	0	0	0	0	0	0	0	0	0	71	0	0	
44986.8	0	0	0	0	0	0	0	0	0	79	0	0	
45736.5	0	0	0	0	0	0	0	0	0	73	0	0	
46486.1	0	0	0	0	0	0	0	0	0	65	0	0	
47236.4	0	0	0	0	0	0	0	0	0	61	0	0	
47986.2	0	0	0	0	0	0	0	0	0	73	0	0	
48737.2	0	0	0	0	0	0	0	0	0	69	0	0	
49487.2	0	0	0	0	0	0	0	0	0	83	0	0	
50239.4	0	0	0	0	0	0	0	0	0	73	0	0	
50991.7	0	0	0	0	0	0	0	0	0	81	0	0	
51744.5	0	0	0	0	0	0	0	0	0	75	0	0	
52493.8	0	0	0	0	0	0	0	0	0	81	0	0	
53244.5	0	0	0	0	0	0	0	0	0	77	0	0	
53995	0	0	0	0	0	0	0	0	0	81	0	0	
54743.9	0	0	0	0	0	0	0	0	0	79	0	0	
55491.9	0	0	0	0	0	0	0	0	0	75	0	0	
56241.9	0	0	0	0	0	0	0	0	0	69	0	0	
56994.9	0	0	0	0	0	0	0	0	0	75	0	0	
57743.5	0	0	0	0	0	0	0	0	0	73	0	0	
58493.7	0	0	0	0	0	0	0	0	0	89	0	0	
59246.7	0	0	0	0	0	0	0	0	0	79	0	0	
59998.1	0	0	0	0	0	0	0	0	0	87	0	0	
60746.1	0	0	0	0	0	0	0	0	0	77	0	0	
61496.3	0	0	0	0	0	0	0	0	0	79	0	0	
62246.3	0	0	0	0	0	0	0	0	0	73	0	0	
62997.8	0	0	0	0	0	0	0	0	0	61	0	0	
63747.5	0	0	0	0	0	0	0	0	0	79	0	0	
64498.4	0	0	0	0	0	0	0	0	0	67	0	0	
65247.9	0	0	0	0	0	0	0	0	0	73	0	0	
65999.2	0	0	0	0	0	0	0	0	0	85	0	0	
66747.9	0	0	0	0	0	0	0	0	0	67	0	0	
67495.2	0	0	0	0	0	0	0	0	0	79	0	0	
68244.4	0	0	0	0	0	0	0	0	0	81	0	0	
68995.4	0	0	0	0	0	0	0	0	0	89	0	0	
69746.7	0	0	0	0	0	0	0	0	0	79	0	0	
70496.8	0	0	0	0	0	0	0	0	0	79	0	0	
71246.2	0	0	0	0	0	0	0	0	0	71	0	0	
71998.8	0	0	0	0	0	0	0	0	0	77	0	0	
72749.2	0	0	0	0	0	0	0	0	0	81	0	0	
73502.7	0	0	0	0	0	0	0	0	0	73	0	0	
74252.6	0	0	0	0	0	0	0	0	0	75	0	0	
75003.8	0	0	0	0	0	0	0	0	115	0	0	0	
75749.1	0	0	0	0	0	0	0	0	77	0	0	0	
76497.5	0	0	0	0	0	0	0	0	99	0	0	0	
77247.1	0	0	0	0	0	0	0	0	91	0	0	0	
77994.7	0	0	0	0	0	0	0	0	77	0	0	0	
78743.6	0	0	0	0	0	0	0	0	87	0	0	0	
79495.1	0	0	0	0	0	0	0	0	111	0	0	0	
80244.9	0	0	0	0	0	0	0	0	85	0	0	0	
80994.3	0	0	0	0	0	0	0	0	97	0	0	0	
81744	0	0	0	0	0	0	0	0	103	0	0	0	
82493.1	0	0	0	0	0	0	0	0	113	0	0	0	
83241.4	0	0	0	0	0	0	0	0	95	0	0	0	
83990.2	0	0	0	0	0	0	0	0	105	0	0	0	
84739.6	0	0	0	0	0	0	0	0	95	0	0	0	
85488.2	0	0	0	0	0	0	0	0	79	0	0	0	
86238.4	0	0	0	0	0	0	0	0	85	0	0	0	
86989.2	0	0	0	0	0	0	0	0	99	0	0	0	
87739.9	0	0	0	0	0	0	0	0	99	0	0	0	
88488.1	0	0	0	0	0	0	0	0	95	0	0	0	
89236.2	0	0	0	0	0	0	0	0	93	0	0	0	
89983.7	0	0	0	0	0	0	0	0	91	0	0	0	
90733.4	0	0	0	0	0	0	0	0	109	0	0	0	
91482.6	0	0	0	0	0	0	0	0	93	0	0	0	
92231.5	0	0	0	0	0	0	0	0	89	0	0	0	
92981.5	0	0	0	0	0	0	0	0	85	0	0	0	
93732.3	0	0	0	0	0	0	0	0	95	0	0	0	
94481.7	0	0	0	0	0	0	0	0	89	0	0	0	
95231.1	0	0	0	0	0	0	0	0	87	0	0	0	
95980.5	0	0	0	0	0	0	0	0	67	0	0	0	
96732.1	0	0	0	0	0	0	0	0	77	0	0	0	
97482.3	0	0	0	0	0	0	0	0	87	0	0	0	
98229.7	0	0	0	0	0	0	0	0	97	0	0	0	
98974.4	0	0	0	0	0	0	0	0	81	0	0	0	
99724.9	0	0	0	0	0	0	0	0	99	0	0	0	
100475	0	0	0	0	0	0	0	0	109	0	0	0	
101225	0	0	0	0	0	0	0	0	95	0	0	0	
101973	0	0	0	0	0	0	0	0	97	0	0	0	
102725	0	0	0	0	0	0	0	0	101	0	0	0	
103474	0	0	0	0	0	0	0	0	93	0	0	0	
104222	0	0	0	0	0	0	0	0	99	0	0	0	
104969	0	0	0	0	0	0	0	0	91	0	0	0	
105715	0	0	0	0	0	0	0	0	93	0	0	0	
106465	0	0	0	0	0	0	0	0	113	0	0	0	
107215	0	0	0	0	0	0	0	0	97	0	0	0	
107965	0	0	0	0	0	0	0	0	89	0	0	0	
108714	0	0	0	0	0	0	0	0	105	0	0	0	
109467	0	0	0	0	0	0	0	0	95	0	0	0	
110213	0	0	0	0	0	0	0	0	75	0	0	0	
110963	0	0	0	0	0	0	0	0	85	0	0	0	
111713	0	0	0	0	0	0	0	0	99	0	0	0	
112465	0	0	0	0	0	0	0	0	93	0	0	0	
113212	0	0	0	0	0	0	0	119	0	0	0	0	
113960	0	0	0	0	0	0	0	103	0	0	0	0	
114713	0	0	0	0	0	0	0	123	0	0	0	0	
115461	0	0	0	0	0	0	0	119	0	0	0	0	
116212	0	0	0	0	0	0	0	119	0	0	0	0	
116962	0	0	0	0	0	0	25	108	0	0	0	0	
117712	0	0	0	0	0	0	0	117	0	0	0	0	
118461	0	0	0	0	0	0	0	0	83	0	0	0	
119208	0	0	0	0	0	0	0	0	0	87	0	0	
119959	0	0	0	0	0	0	0	0	0	89	0	0	
120711	0	0	0	0	0	0	0	0	0	87	0	0	
121460	0	0	0	0	0	0	0	0	0	73	0	0	
122208	0	0	0	0	0	0	0	0	0	79	0	0	
122959	0	0	0	0	0	0	0	0	0	87	0	0	
123709	0	0	0	0	0	0	0	0	0	79	0	0	
124461	0	0	0	0	0	0	0	0	0	71	0	0	
125210	0	0	0	0	0	0	0	0	0	83	0	0	
125962	0	0	0	0	0	0	0	0	0	81	0	0	
126711	0	0	0	0	0	0	0	0	0	75	0	0	
127462	0	0	0	0	0	0	0	0	0	91	0	0	
128214	0	0	0	0	0	0	0	0	0	85	0	0	
128963	0	0	0	0	0	0	0	0	0	69	0	0	
129714	0	0	0	0	0	0	0	0	0	87	0	0	
130464	0	0	0	0	0	0	0	0	0	61	0	0	
131209	0	0	0	0	0	0	0	0	0	73	0	0	
131961	0	0	0	0	0	0	0	0	0	91	0	0	
132711	0	0	0	0	0	0	0	0	0	81	0	0	
133461	0	0	0	0	0	0	0	0	0	73	0	0	
134211	0	0	0	0	0	0	0	0	0	75	0	0	
134960	0	0	0	0	0	0	0	0	0	77	0	0	
135709	0	0	0	0	0	0	0	0	0	71	0	0	
136457	0	0	0	0	0	0	0	0	0	81	0	0	
137208	0	0	0	0	0	0	0	0	0	59	0	0	
137958	0	0	0	0	0	0	0	0	0	67	0	0	
138708	0	0	0	0	0	0	0	0	0	71	0	0	
139459	0	0	0	0	0	0	0	0	0	67	0	0	
140213	0	0	0	0	0	0	0	0	0	91	0	0	
140963	0	0	0	0	0	0	0	0	0	77	0	0	
141714	0	0	0	0	0	0	0	0	0	73	0	0	
142466	0	0	0	0	0	0	0	0	0	75	0	0	
143215	0	0	0	0	0	0	0	0	0	71	0	0	
143967	0	0	0	0	0	0	0	0	0	79	0	0	
144715	0	0	0	0	0	0	0	0	0	69	0	0	
145462	0	0	0	0	0	0	0	0	0	63	0	0	
146214	0	0	0	0	0	0	0	0	0	85	0	0	
146964	0	0	0	0	0	0	0	0	0	85	0	0	
147714	0	0	0	0	0	0	0	0	0	63	0	0	
148467	0	0	0	0	0	0	0	0	0	61	0	0	
149219	0	0	0	0	0	0	0	0	0	77	0	0	
149968	0	0	0	0	0	0	0	0	0	71	0	0	
150717	0	0	0	0	0	0	0	0	0	79	0	0	
151470	0	0	0	0	0	0	0	0	0	75	0	0	
152221	0	0	0	0	0	0	0	0	0	69	0	0	
152969	0	0	0	0	0	0	0	0	0	97	0	0	
153723	0	0	0	0	0	0	0	0	0	71	0	0	
154474	0	0	0	0	0	0	0	0	0	65	0	0	
155222	0	0	0	0	0	0	0	0	0	69	0	0	
155971	0	0	0	0	0	0	0	0	0	73	0	0	
156721	0	0	0	0	0	0	0	0	0	61	0	0	
157470	0	0	0	0	0	0	0	0	0	77	0	0	
158219	0	0	0	0	0	0	0	0	0	75	0	0	
158968	0	0	0	0	0	0	0	0	0	75	0	0	
159720	0	0	0	0	0	0	0	0	99	0	0	0	
160470	0	0	0	0	0	0	0	0	95	0	0	0	
161222	0	0	0	0	0	0	0	0	105	0	0	0	
161972	0	0	0	0	0	0	0	0	93	0	0	0	
162721	0	0	0	0	0	0	0	0	89	0	0	0	
163472	0	0	0	0	0	0	0	0	75	0	0	0	
164222	0	0	0	0	0	0	0	0	0	71	0	0	
164969	0	0	0	0	0	0	0	0	0	75	0	0	
165715	0	0	0	0	0	0	0	0	0	75	0	0	
166463	0	0	0	0	0	0	0	0	0	75	0	0	
167213	0	0	0	0	0	0	0	0	0	91	0	0	
167962	0	0	0	0	0	0	0	0	0	77	0	0	
168714	0	0	0	0	0	0	0	0	0	87	0	0	
169463	0	0	0	0	0	0	0	0	0	75	0	0	
170211	0	0	0	0	0	0	0	0	0	63	0	0	
170960	0	0	0	0	0	0	0	0	0	73	0	0	
171710	0	0	0	0	0	0	0	0	0	77	0	0	
172458	0	0	0	0	0	0	0	0	0	77	0	0	
173211	0	0	0	0	0	0	0	0	0	71	0	0	
173963	0	0	0	0	0	0	0	0	81	0	0	0	
174712	0	0	0	0	0	0	0	0	83	0	0	0	
175459	0	0	0	0	0	0	0	0	105	0	0	0	
176209	0	0	0	0	0	0	0	0	95	0	0	0	
176954	0	0	0	0	0	0	0	0	103	0	0	0	
177706	0	0	0	0	0	0	0	0	75	0	0	0	
178454	0	0	0	0	0	0	0	0	89	0	0	0	
179204	0	0	0	0	0	0	0	1	108	0	0	0	
179956	0	0	0	0	0	0	0	0	97	0	0	0	
180708	0	0	0	0	0	0	0	0	83	0	0	0	
181457	0	0	0	0	0	0	0	0	93	0	0	0	
182207	0	0	0	0	0	0	0	0	87	0	0	0	
182959	0	0	0	0	0	0	0	0	107	0	0	0	
183710	0	0	0	0	0	0	0	0	93	0	0	0	
184460	0	0	0	0	0	0	0	0	99	0	0	0	
185211	0	0	0	0	0	0	0	0	83	0	0	0	
185964	0	0	0	0	0	0	0	0	87	0	0	0	
186717	0	0	0	0	0	0	0	0	85	0	0	0	
187463	0	0	0	0	0	0	0	0	103	0	0	0	
188212	0	0	0	0	0	0	0	0	87	0	0	0	
188959	0	0	0	0	0	0	0	0	99	0	0	0	
189712	0	0	0	0	0	0	0	0	99	0	0	0	
190460	0	0	0	0	0	0	0	127	0	0	0	0	
191213	0	0	0	0	0	0	0	111	0	0	0	0	
191961	0	0	0	0	0	0	0	123	0	0	0	0	
192712	0	0	0	0	0	0	0	97	0	0	0	0	
193463	0	0	0	0	0	0	0	135	0	0	0	0	
194214	0	0	0	0	0	0	0	103	0	0	0	0	
194965	0	0	0	0	0	0	0	121	0	0	0	0	
195714	0	0	0	0	0	0	0	131	0	0	0	0	
196466	0	0	0	0	0	0	0	109	0	0	0	0	
197216	0	0	0	0	0	0	0	91	0	0	0	0	
197966	0	0	0	0	0	0	0	107	0	0	0	0	
198711	0	0	0	0	0	0	0	107	0	0	0	0	
199461	0	0	0	0	0	0	0	107	0	0	0	0	
200212	0	0	0	0	0	0	0	113	0	0	0	0	
200960	0	0	0	0	0	0	0	117	0	0	0	0	
201710	0	0	0	0	0	0	0	113	0	0	0	0	
202461	0	0	0	0	0	0	0	107	0	0	0	0	
203210	0	0	0	0	0	0	0	115	0	0	0	0	
203961	0	0	0	0	0	0	0	109	0	0	0	0	
204713	0	0	0	0	0	0	0	127	0	0	0	0	
205460	0	0	0	0	0	0	0	117	0	0	0	0	
206215	0	0	0	0	0	0	0	125	0	0	0	0	
206967	0	0	0	0	0	0	129	0	0	0	0	0	
207716	0	0	0	0	0	21	112	0	0	0	0	0	
208466	0	0	0	0	0	0	147	0	0	0	0	0	
209214	0	0	0	0	0	0	139	0	0	0	0	0	
209965	0	0	0	0	0	0	139	0	0	0	0	0	
210715	0	0	0	0	0	0	141	0	0	0	0	0	
211462	0	0	0	0	0	0	149	0	0	0	0	0	
212213	0	0	0	0	0	0	153	0	0	0	0	0	
212967	0	0	0	0	0	0	161	0	0	0	0	0	
213716	0	0	0	0	0	0	153	0	0	0	0	0	
214466	0	0	0	0	0	0	161	0	0	0	0	0	
215215	0	0	0	0	0	0	119	0	0	0	0	0	
215966	0	0	0	0	0	0	56	61	0	0	0	0	
216718	0	0	0	0	0	0	141	0	0	0	0	0	
217467	0	0	0	0	0	0	143	0	0	0	0	0	
218213	0	0	0	0	0	0	169	0	0	0	0	0	
218963	0	0	0	0	0	0	137	0	0	0	0	0	
219712	0	0	0	0	0	0	171	0	0	0	0	0	
220461	0	0	0	0	0	0	147	0	0	0	0	0	
221214	0	0	0	0	0	0	149	0	0	0	0	0	
221965	0	0	0	0	0	1	136	0	0	0	0	0	
222714	0	0	0	0	0	157	0	0	0	0	0	0	
223464	0	0	0	0	0	169	0	0	0	0	0	0	
224216	0	0	0	0	0	167	0	0	0	0	0	0	
224964	0	0	0	0	0	151	0	0	0	0	0	0	
225717	0	0	0	0	0	173	0	0	0	0	0	0	
226467	0	0	0	0	0	187	0	0	0	0	0	0	
227220	0	0	0	0	0	175	0	0	0	0	0	0	
227968	0	0	0	0	0	179	0	0	0	0	0	0	
228719	0	0	0	0	0	193	0	0	0	0	0	0	
229471	0	0	0	0	0	167	0	0	0	0	0	0	
230224	0	0	0	0	0	185	0	0	0	0	0	0	
230977	0	0	0	0	0	151	0	0	0	0	0	0	
231731	0	0	0	0	0	173	0	0	0	0	0	0	
232481	0	0	0	0	0	163	0	0	0	0	0	0	
233231	0	0	0	0	0	213	0	0	0	0	0	0	
233982	0	0	0	0	0	175	0	0	0	0	0	0	
234732	0	0	0	0	0	177	0	0	0	0	0	0	
235478	0	0	0	0	0	149	0	0	0	0	0	0	
236226	0	0	0	0	0	185	0	0	0	0	0	0	
236976	0	0	0	0	0	183	0	0	0	0	0	0	
237727	0	0	0	0	0	187	0	0	0	0	0	0	
238480	0	0	0	0	0	177	0	0	0	0	0	0	
239230	0	0	0	0	195	0	0	0	0	0	0	0	
239980	0	0	0	0	251	0	0	0	0	0	0	0	
240730	0	0	0	0	219	0	0	0	0	0	0	0	
241482	0	0	0	0	213	0	0	0	0	0	0	0	
242233	0	0	0	0	203	0	0	0	0	0	0	0	
242983	0	0	0	0	191	0	0	0	0	0	0	0	
243733	0	0	0	0	211	0	0	0	0	0	0	0	
244484	0	0	0	0	199	0	0	0	0	0	0	0	
245232	0	0	0	0	203	0	0	0	0	0	0	0	
245984	0	0	0	0	211	0	0	0	0	0	0	0	
246737	0	0	0	0	199	0	0	0	0	0	0	0	
247487	0	0	0	0	213	0	0	0	0	0	0	0	
248239	0	0	0	0	239	0	0	0	0	0	0	0	
248989	0	0	0	0	253	0	0	0	0	0	0	0	
249740	0	0	0	0	211	0	0	0	0	0	0	0	
250489	0	0	0	0	227	0	0	0	0	0	0	0	
251235	0	0	0	0	231	0	0	0	0	0	0	0	
251983	0	0	0	0	223	0	0	0	0	0	0	0	
252735	0	0	0	0	235	0	0	0	0	0	0	0	
253486	0	0	0	0	227	0	0	0	0	0	0	0	
254240	0	0	0	0	263	0	0	0	0	0	0	0	
254989	0	0	0	0	229	0	0	0	0	0	0	0	
255739	0	0	0	0	197	0	0	0	0	0	0	0	
256487	0	0	0	0	213	0	0	0	0	0	0	0	
257239	0	0	0	0	213	0	0	0	0	0	0	0	
257988	0	0	0	0	211	0	0	0	0	0	0	0	
258739	0	0	0	0	213	0	0	0	0	0	0	0	
259489	0	0	0	0	239	0	0	0	0	0	0	0	
260240	0	0	0	0	225	0	0	0	0	0	0	0	
260992	0	0	0	0	209	0	0	0	0	0	0	0	
261742	0	0	0	13	190	0	0	0	0	0	0	0	
262490	0	0	0	0	225	0	0	0	0	0	0	0	
263243	0	0	0	0	205	0	0	0	0	0	0	0	
263992	0	0	0	0	211	0	0	0	0	0	0	0	
264742	0	0	0	0	181	0	0	0	0	0	0	0	
265487	0	0	0	0	227	0	0	0	0	0	0	0	
266234	0	0	0	0	229	0	0	0	0	0	0	0	
266983	0	0	0	0	215	0	0	0	0	0	0	0	
267732	0	0	0	0	229	0	0	0	0	0	0	0	
268479	0	0	0	0	205	0	0	0	0	0	0	0	
269227	0	0	0	0	207	0	0	0	0	0	0	0	
269977	0	0	0	0	219	0	0	0	0	0	0	0	
270724	0	0	0	0	221	0	0	0	0	0	0	0	
271476	0	0	0	0	203	0	0	0	0	0	0	0	
272225	0	0	0	0	191	0	0	0	0	0	0	0	
272976	0	0	0	0	203	0	0	0	0	0	0	0	
273726	0	0	0	0	193	0	0	0	0	0	0	0	
274478	0	0	0	0	243	0	0	0	0	0	0	0	
275229	0	0	0	0	203	0	0	0	0	0	0	0	
275979	0	0	0	0	221	0	0	0	0	0	0	0	
276732	0	0	0	0	199	0	0	0	0	0	0	0	
277479	0	0	0	0	209	0	0	0	0	0	0	0	
278228	0	0	0	0	181	0	0	0	0	0	0	0	
278979	0	0	0	0	221	0	0	0	0	0	0	0	
279730	0	0	0	0	201	0	0	0	0	0	0	0	
280479	0	0	0	0	207	0	0	0	0	0	0	0	
281225	0	0	0	0	229	0	0	0	0	0	0	0	
281980	0	0	0	0	0	175	0	0	0	0	0	0	
282726	0	0	0	0	0	179	0	0	0	0	0	0	
283477	0	0	0	0	0	193	0	0	0	0	0	0	
284227	0	0	0	0	0	169	0	0	0	0	0	0	
284979	0	0	0	0	0	157	0	0	0	0	0	0	
285731	0	0	0	0	0	185	0	0	0	0	0	0	
286482	0	0	0	0	0	173	0	0	0	0	0	0	
287235	0	0	0	0	0	175	0	0	0	0	0	0	
287986	0	0	0	0	0	163	0	0	0	0	0	0	
288736	0	0	0	0	0	185	0	0	0	0	0	0	
289486	0	0	0	0	0	189	0	0	0	0	0	0	
290235	0	0	0	0	0	193	0	0	0	0	0	0	
290984	0	0	0	0	0	177	0	0	0	0	0	0	
291732	0	0	0	0	0	171	0	0	0	0	0	0	
292485	0	0	0	0	0	193	0	0	0	0	0	0	
293232	0	0	0	0	0	151	0	0	0	0	0	0	
293982	0	0	0	0	0	181	0	0	0	0	0	0	
294730	0	0	0	0	0	159	0	0	0	0	0	0	
295479	0	0	0	0	0	111	56	0	0	0	0	0	
296230	0	0	0	0	0	183	0	0	0	0	0	0	
296980	0	0	0	0	0	173	0	0	0	0	0	0	
297729	0	0	0	0	0	189	0	0	0	0	0	0	
298479	0	0	0	0	0	181	0	0	0	0	0	0	
299231	0	0	0	0	0	175	0	0	0	0	0	0	
299984	0	0	0	0	0	179	0	0	0	0	0	0	
300733	0	0	0	0	0	191	0	0	0	0	0	0	
301486	0	0	0	0	0	161	0	0	0	0	0	0	
302239	0	0	0	0	0	169	0	0	0	0	0	0	
302995	0	0	0	0	0	189	0	0	0	0	0	0	
303743	0	0	0	0	0	153	0	0	0	0	0	0	
304492	0	0	0	0	0	163	0	0	0	0	0	0	
305243	0	0	0	0	0	165	0	0	0	0	0	0	
305995	0	0	0	0	0	181	0	0	0	0	0	0	
306746	0	0	0	0	0	173	0	0	0	0	0	0	
307496	0	0	0	0	0	173	0	0	0	0	0	0	
308248	0	0	0	0	0	167	0	0	0	0	0	0	
308999	0	0	0	0	0	171	0	0	0	0	0	0	
309749	0	0	0	0	0	191	0	0	0	0	0	0	
310497	0	0	0	0	0	171	0	0	0	0	0	0	
311247	0	0	0	0	0	155	0	0	0	0	0	0	
312000	0	0	0	0	0	169	0	0	0	0	0	0	
312750	0	0	0	0	0	181	0	0	0	0	0	0	
313501	0	0	0	0	0	181	0	0	0	0	0	0	
314255	0	0	0	0	0	169	0	0	0	0	0	0	
315007	0	0	0	0	0	161	0	0	0	0	0	0	
315760	0	0	0	0	0	179	0	0	0	0	0	0	
316510	0	0	0	0	0	159	0	0	0	0	0	0	
317254	0	0	0	0	0	157	0	0	0	0	0	0	
318004	0	0	0	0	0	173	0	0	0	0	0	0	
318752	0	0	0	0	0	185	0	0	0	0	0	0	
319505	0	0	0	0	0	173	0	0	0	0	0	0	
320255	0	0	0	0	0	177	0	0	0	0	0	0	
321005	0	0	0	0	0	173	0	0	0	0	0	0	
321755	0	0	0	0	0	171	0	0	0	0	0	0	
322506	0	0	0	0	0	175	0	0	0	0	0	0	
323258	0	0	0	0	0	165	0	0	0	0	0	0	
324009	0	0	0	0	0	175	0	0	0	0	0	0	
324759	0	0	0	0	0	173	0	0	0	0	0	0	
325511	0	0	0	0	0	179	0	0	0	0	0	0	
326261	0	0	0	0	0	183	0	0	0	0	0	0	
327012	0	0	0	0	0	179	0	0	0	0	0	0	
327761	0	0	0	0	0	163	4	0	0	0	0	0	
328514	0	0	0	0	0	157	0	0	0	0	0	0	
329264	0	0	0	0	0	179	0	0	0	0	0	0	
330013	0	0	0	0	0	175	0	0	0	0	0	0	
330764	0	0	0	0	0	189	0	0	0	0	0	0	
331514	0	0	0	0	0	163	0	0	0	0	0	0	
332264	0	0	0	0	0	183	0	0	0	0	0	0	
333012	0	0	0	0	0	163	0	0	0	0	0	0	
333760	0	0	0	0	0	193	0	0	0	0	0	0	
334513	0	0	0	0	0	175	0	0	0	0	0	0	
335261	0	0	0	0	0	179	0	0	0	0	0	0	
336012	0	0	0	0	0	221	0	0	0	0	0	0	
336759	0	0	0	0	0	167	0	0	0	0	0	0	
337509	0	0	0	0	0	205	0	0	0	0	0	0	
338260	0	0	0	0	0	169	0	0	0	0	0	0	
339009	0	0	0	0	0	163	0	0	0	0	0	0	
339760	0	0	0	0	0	171	0	0	0	0	0	0	
340510	0	0	0	0	0	181	0	0	0	0	0	0	
341258	0	0	0	0	0	171	0	0	0	0	0	0	
342009	0	0	0	0	0	175	0	0	0	0	0	0	
342757	0	0	0	0	0	167	0	0	0	0	0	0	
343506	0	0	0	0	0	181	0	0	0	0	0	0	
344255	0	0	0	0	0	183	0	0	0	0	0	0	
345004	0	0	0	0	0	173	0	0	0	0	0	0	
345756	0	0	0	0	0	181	0	0	0	0	0	0	
346509	0	0	0	0	0	191	0	0	0	0	0	0	
347259	0	0	0	0	0	161	0	0	0	0	0	0	
348009	0	0	0	0	0	181	0	0	0	0	0	0	
348760	0	0	0	0	0	173	0	0	0	0	0	0	
349512	0	0	0	0	0	173	0	0	0	0	0	0	
350263	0	0	0	0	0	163	0	0	0	0	0	0	
351009	0	0	0	0	0	169	0	0	0	0	0	0	
351762	0	0	0	0	0	183	0	0	0	0	0	0	
352512	0	0	0	0	0	161	0	0	0	0	0	0	
353260	0	0	0	0	0	143	0	0	0	0	0	0	
354012	0	0	0	0	0	189	0	0	0	0	0	0	
354761	0	0	0	0	0	201	0	0	0	0	0	0	
355511	0	0	0	0	0	165	0	0	0	0	0	0	
356261	0	0	0	0	0	161	0	0	0	0	0	0	
357010	0	0	0	0	0	175	0	0	0	0	0	0	
357759	0	0	0	0	0	183	0	0	0	0	0	0	
358510	0	0	0	0	0	143	0	0	0	0	0	0	
359260	0	0	0	0	0	169	0	0	0	0	0	0	
360011	0	0	0	0	0	179	0	0	0	0	0	0	
360758	0	0	0	0	0	163	0	0	0	0	0	0	
361509	0	0	0	0	0	165	0	0	0	0	0	0	
362257	0	0	0	0	0	167	0	0	0	0	0	0	
363006	0	0	0	0	0	189	0	0	0	0	0	0	
363753	0	0	0	0	0	173	0	0	0	0	0	0	
364503	0	0	0	0	0	177	0	0	0	0	0	0	
365250	0	0	0	0	0	167	0	0	0	0	0	0	
366001	0	0	0	0	0	137	0	0	0	0	0	0	
366748	0	0	0	0	0	189	0	0	0	0	0	0	
367500	0	0	0	0	0	177	0	0	0	0	0	0	
368250	0	0	0	0	0	161	0	0	0	0	0	0	
368997	0	0	0	0	0	163	0	0	0	0	0	0	
369746	0	0	0	0	0	169	0	0	0	0	0	0	
370497	0	0	0	0	0	171	0	0	0	0	0	0	
371247	0	0	0	0	0	185	0	0	0	0	0	0	
371999	0	0	0	0	0	171	0	0	0	0	0	0	
372747	0	0	0	0	0	183	0	0	0	0	0	0	
373494	0	0	0	0	0	155	0	0	0	0	0	0	
374243	0	0	0	0	0	195	0	0	0	0	0	0	
374994	0	0	0	0	0	179	0	0	0	0	0	0	
375743	0	0	0	0	0	183	0	0	0	0	0	0	
376493	0	0	0	0	0	187	0	0	0	0	0	0	
377245	0	0	0	0	0	167	0	0	0	0	0	0	
377994	0	0	0	0	0	167	0	0	0	0	0	0	
378746	0	0	0	0	0	177	0	0	0	0	0	0	
379497	0	0	0	0	0	175	0	0	0	0	0	0	
380246	0	0	0	0	0	157	36	0	0	0	0	0	
380996	0	0	0	0	0	0	147	0	0	0	0	0	
381748	0	0	0	0	0	0	157	0	0	0	0	0	
382500	0	0	0	0	0	0	131	0	0	0	0	0	
383254	0	0	0	0	0	0	123	0	0	0	0	0	
384004	0	0	0	0	0	0	141	0	0	0	0	0	
384751	0	0	0	0	0	0	163	0	0	0	0	0	
385503	0	0	0	0	0	0	133	0	0	0	0	0	
386254	0	0	0	0	0	0	133	0	0	0	0	0	
387005	0	0	0	0	0	0	133	0	0	0	0	0	
387756	0	0	0	0	0	0	0	111	0	0	0	0	
388507	0	0	0	0	0	0	0	109	0	0	0	0	
389258	0	0	0	0	0	0	0	113	0	0	0	0	
390011	0	0	0	0	0	0	0	0	83	0	0	0	
390762	0	0	0	0	0	0	0	0	89	0	0	0	
391515	0	0	0	0	0	0	0	0	95	0	0	0	
392265	0	0	0	0	0	0	0	0	89	0	0	0	
393016	0	0	0	0	0	0	0	0	101	0	0	0	
393766	0	0	0	0	0	0	0	0	93	0	0	0	
394516	0	0	0	0	0	0	0	0	99	0	0	0	
395266	0	0	0	0	0	0	0	0	95	0	0	0	
396017	0	0	0	0	0	0	0	0	93	0	0	0	
396766	0	0	0	0	0	0	0	0	87	0	0	0	
397516	0	0	0	0	0	0	0	0	107	0	0	0	
398264	0	0	0	0	0	0	0	0	89	0	0	0	
399015	0	0	0	0	0	0	0	0	103	0	0	0	
399768	0	0	0	0	0	0	0	0	97	0	0	0	
400517	0	0	0	0	0	0	0	0	79	0	0	0	
401270	0	0	0	0	0	0	0	0	89	0	0	0	
402014	0	0	0	0	0	0	0	0	93	0	0	0	
402766	0	0	0	0	0	0	0	0	91	0	0	0	
403517	0	0	0	0	0	0	0	0	105	0	0	0	
404267	0	0	0	0	0	0	0	0	77	0	0	0	
405015	0	0	0	0	0	0	0	0	103	0	0	0	
405768	0	0	0	0	0	0	0	0	105	0	0	0	
406518	0	0	0	0	0	0	0	0	107	0	0	0	
407267	0	0	0	0	0	0	0	0	99	0	0	0	
408019	0	0	0	0	0	0	0	0	77	0	0	0	
408769	0	0	0	0	0	0	0	0	95	0	0	0	
409522	0	0	0	0	0	0	0	0	101	0	0	0	
410271	0	0	0	0	0	0	0	0	93	0	0	0	
411020	0	0	0	0	0	0	0	0	69	0	0	0	
411772	0	0	0	0	0	0	0	0	83	0	0	0	
412524	0	0	0	0	0	0	0	0	87	0	0	0	
413275	0	0	0	0	0	0	0	0	83	0	0	0	
414025	0	0	0	0	0	0	0	0	85	0	0	0	
414776	0	0	0	0	0	0	0	0	103	0	0	0	
415525	0	0	0	0	0	0	0	0	93	0	0	0	
416276	0	0	0	0	0	0	0	0	97	0	0	0	
417028	0	0	0	0	0	0	0	0	95	0	0	0	
417781	0	0	0	0	0	0	0	89	0	0	0	0	
418530	0	0	0	0	0	0	0	135	0	0	0	0	
419276	0	0	0	0	0	0	0	105	0	0	0	0	
420028	0	0	0	0	0	0	139	0	0	0	0	0	
420781	0	0	0	0	0	0	151	0	0	0	0	0	
421530	0	0	0	0	0	0	127	0	0	0	0	0	
422278	0	0	0	0	0	0	149	0	0	0	0	0	
423026	0	0	0	0	0	0	173	0	0	0	0	0	
423772	0	0	0	0	0	0	145	0	0	0	0	0	
424524	0	0	0	0	0	0	127	0	0	0	0	0	
425273	0	0	0	0	0	0	129	0	0	0	0	0	
426025	0	0	0	0	0	0	129	0	0	0	0	0	
426773	0	0	0	0	0	0	163	0	0	0	0	0	
427519	0	0	0	0	0	0	155	0	0	0	0	0	
428268	0	0	0	0	0	0	143	0	0	0	0	0	
429018	0	0	0	0	0	0	125	0	0	0	0	0	
429770	0	0	0	0	0	0	137	0	0	0	0	0	
430520	0	0	0	0	0	0	129	0	0	0	0	0	
431267	0	0	0	0	0	0	153	0	0	0	0	0	
432017	0	0	0	0	0	0	133	0	0	0	0	0	
432765	0	0	0	0	0	0	155	0	0	0	0	0	
433517	0	0	0	0	0	0	145	0	0	0	0	0	
434265	0	0	0	0	0	0	141	0	0	0	0	0	
435015	0	0	0	0	0	0	125	0	0	0	0	0	
435764	0	0	0	0	0	0	117	0	0	0	0	0	
436514	0	0	0	0	0	0	125	0	0	0	0	0	
437263	0	0	0	0	0	0	157	0	0	0	0	0	
438015	0	0	0	0	0	0	135	0	0	0	0	0	
438768	0	0	0	0	0	0	161	0	0	0	0	0	
439520	0	0	0	0	0	0	145	0	0	0	0	0	
440270	0	0	0	0	0	0	131	0	0	0	0	0	
441020	0	0	0	0	0	0	165	0	0	0	0	0	
441772	0	0	0	0	0	0	143	0	0	0	0	0	
442521	0	0	0	0	0	0	135	0	0	0	0	0	
443268	0	0	0	0	0	0	123	0	0	0	0	0	
444019	0	0	0	0	0	0	139	0	0	0	0	0	
444770	0	0	0	0	0	0	143	0	0	0	0	0	
445523	0	0	0	0	0	0	151	0	0	0	0	0	
446277	0	0	0	0	0	0	125	0	0	0	0	0	
447026	0	0	0	0	0	0	137	0	0	0	0	0	
447780	0	0	0	0	0	0	141	0	0	0	0	0	
448527	0	0	0	0	0	0	135	0	0	0	0	0	
449276	0	0	0	0	0	0	155	0	0	0	0	0	
450025	0	0	0	0	0	0	147	0	0	0	0	0	
450777	0	0	0	0	0	0	123	0	0	0	0	0	
451525	0	0	0	0	0	0	122	5	0	0	0	0	
452277	0	0	0	0	0	0	149	0	0	0	0	0	
453028	0	0	0	0	0	0	149	0	0	0	0	0	
453778	0	0	0	0	0	0	133	0	0	0	0	0	
454529	0	0	0	0	0	0	145	0	0	0	0	0	
455279	0	0	0	0	0	0	147	0	0	0	0	0	
456029	0	0	0	0	0	0	139	0	0	0	0	0	
456777	0	0	0	0	0	0	161	0	0	0	0	0	
457526	0	0	0	0	0	0	159	0	0	0	0	0	
458279	0	0	0	0	0	0	0	139	0	0	0	0	
459028	0	0	0	0	0	0	0	115	0	0	0	0	
459778	0	0	0	0	0	0	0	117	0	0	0	0	
460530	0	0	0	0	0	0	0	107	0	0	0	0	
461278	0	0	0	0	0	0	0	105	0	0	0	0	
462028	0	0	0	0	0	0	0	131	0	0	0	0	
462779	0	0	0	0	0	0	0	105	0	0	0	0	
463528	0	0	0	0	0	0	0	123	0	0	0	0	
464278	0	0	0	0	0	0	0	141	0	0	0	0	
465029	0	0	0	0	0	0	0	125	0	0	0	0	
465780	0	0	0	0	0	0	0	113	0	0	0	0	
466532	0	0	0	0	0	0	12	97	0	0	0	0	
467283	0	0	0	0	0	0	0	119	0	0	0	0	
468034	0	0	0	0	0	0	0	121	0	0	0	0	
468782	0	0	0	0	0	0	0	135	0	0	0	0	
469532	0	0	0	0	0	0	0	115	0	0	0	0	
470281	0	0	0	0	0	0	0	121	0	0	0	0	
471029	0	0	0	0	0	0	0	119	0	0	0	0	
471780	0	0	0	0	0	0	0	93	0	0	0	0	
472531	0	0	0	0	0	0	0	129	0	0	0	0	
473276	0	0	0	0	0	0	0	117	0	0	0	0	
474025	0	0	0	0	0	0	0	109	0	0	0	0	
474774	0	0	0	0	0	0	0	117	0	0	0	0	
475525	0	0	0	0	0	0	0	117	0	0	0	0	
476273	0	0	0	0	0	0	0	129	0	0	0	0	
477019	0	0	0	0	0	0	0	127	0	0	0	0	
477766	0	0	0	0	0	0	0	127	0	0	0	0	
478516	0	0	0	0	0	0	0	123	0	0	0	0	
479266	0	0	0	0	0	0	0	107	0	0	0	0	
480015	0	0	0	0	0	0	0	107	0	0	0	0	
480764	0	0	0	0	0	0	1	104	0	0	0	0	
481514	0	0	0	0	0	0	0	117	0	0	0	0	
482265	0	0	0	0	0	0	0	117	0	0	0	0	
483016	0	0	0	0	0	0	0	123	0	0	0	0	
483765	0	0	0	0	0	0	0	123	0	0	0	0	
484509	0	0	0	0	0	0	0	133	0	0	0	0	
485260	0	0	0	0	0	0	0	113	0	0	0	0	
486011	0	0	0	0	0	0	0	123	0	0	0	0	
486761	0	0	0	0	0	0	0	113	0	0	0	0	
487512	0	0	0	0	0	0	0	105	0	0	0	0	
488262	0	0	0	0	0	0	0	121	0	0	0	0	
489008	0	0	0	0	0	0	0	111	0	0	0	0	
489757	0	0	0	0	0	0	0	105	0	0	0	0	
490507	0	0	0	0	0	0	0	109	0	0	0	0	
491259	0	0	0	0	0	0	0	125	0	0	0	0	
492013	0	0	0	0	0	0	0	141	0	0	0	0	
492764	0	0	0	0	0	0	0	119	0	0	0	0	
493516	0	0	0	0	0	0	0	121	0	0	0	0	
494268	0	0	0	0	0	0	0	123	0	0	0	0	
495021	0	0	0	0	0	0	0	111	0	0	0	0	
495770	0	0	0	0	0	0	0	135	0	0	0	0	
496520	0	0	0	0	0	0	0	115	0	0	0	0	
497269	0	0	0	0	0	0	0	109	0	0	0	0	
498019	0	0	0	0	0	0	0	109	0	0	0	0	
498766	0	0	0	0	0	0	20	99	0	0	0	0	
499515	0	0	0	0	0	0	0	91	0	0	0	0	
500266	0	0	0	0	0	0	0	113	0	0	0	0	
501015	0	0	0	0	0	0	0	117	0	0	0	0	
501766	0	0	0	0	0	0	0	125	0	0	0	0	
502515	0	0	0	0	0	0	0	127	0	0	0	0	
503264	0	0	0	0	0	0	0	102	17	0	0	0	
504016	0	0	0	0	0	0	0	127	0	0	0	0	
504766	0	0	0	0	0	0	0	119	0	0	0	0	
505513	0	0	0	0	0	0	0	115	0	0	0	0	
506265	0	0	0	0	0	0	0	105	0	0	0	0	
507015	0	0	0	0	0	0	0	129	0	0	0	0	
507765	0	0	0	0	0	0	0	101	0	0	0	0	
508515	0	0	0	0	0	0	0	109	0	0	0	0	
509268	0	0	0	0	0	0	0	115	0	0	0	0	
510021	0	0	0	0	0	0	0	107	0	0	0	0	
510773	0	0	0	0	0	0	0	123	0	0	0	0	
511520	0	0	0	0	0	0	0	105	0	0	0	0	
512270	0	0	0	0	0	0	0	115	0	0	0	0	
513019	0	0	0	0	0	0	0	95	0	0	0	0	
513765	0	0	0	0	0	0	0	127	0	0	0	0	
514517	0	0	0	0	0	0	0	123	0	0	0	0	
515268	0	0	0	0	0	0	119	0	0	0	0	0	
516019	0	0	0	0	0	0	149	0	0	0	0	0	
516766	0	0	0	0	0	0	135	0	0	0	0	0	
517517	0	0	0	0	0	0	161	0	0	0	0	0	
518268	0	0	0	0	0	0	151	0	0	0	0	0	
519022	0	0	0	0	0	0	151	0	0	0	0	0	
519773	0	0	0	0	0	0	133	0	0	0	0	0	
520525	0	0	0	0	0	0	149	0	0	0	0	0	
521277	0	0	0	0	0	0	123	0	0	0	0	0	
522025	0	0	0	0	0	0	133	0	0	0	0	0	
522772	0	0	0	0	0	0	149	0	0	0	0	0	
523523	0	0	0	0	0	0	135	0	0	0	0	0	
524272	0	0	0	0	0	0	137	0	0	0	0	0	
525019	0	0	0	0	0	0	139	0	0	0	0	0	
525775	0	0	0	0	0	0	139	0	0	0	0	0	
526525	0	0	0	0	0	0	141	0	0	0	0	0	
527278	0	0	0	0	0	0	125	0	0	0	0	0	
528027	0	0	0	0	0	0	145	0	0	0	0	0	
528780	0	0	0	0	0	0	145	0	0	0	0	0	
529530	0	0	0	0	0	0	137	0	0	0	0	0	
530274	0	0	0	0	0	0	139	0	0	0	0	0	
531019	0	0	0	0	0	0	141	0	0	0	0	0	
531770	0	0	0	0	0	0	163	0	0	0	0	0	
532518	0	0	0	0	0	0	163	0	0	0	0	0	
533268	0	0	0	0	0	0	139	0	0	0	0	0	
534016	0	0	0	0	0	0	131	0	0	0	0	0	
534765	0	0	0	0	0	0	139	0	0	0	0	0	
535516	0	0	0	0	0	0	135	0	0	0	0	0	
536266	0	0	0	0	0	0	139	0	0	0	0	0	
537019	0	0	0	0	0	0	149	0	0	0	0	0	
537772	0	0	0	0	0	0	131	0	0	0	0	0	
538523	0	0	0	0	0	0	125	0	0	0	0	0	
539274	0	0	0	0	0	0	143	0	0	0	0	0	
540026	0	0	0	0	0	0	153	0	0	0	0	0	
540773	0	0	0	0	0	0	153	0	0	0	0	0	
541524	0	0	0	0	0	0	153	0	0	0	0	0	
542275	0	0	0	0	0	0	157	0	0	0	0	0	
543026	0	0	0	0	0	0	149	0	0	0	0	0	
543777	0	0	0	0	0	0	151	0	0	0	0	0	
544526	0	0	0	0	0	0	127	0	0	0	0	0	
545279	0	0	0	0	0	0	117	0	0	0	0	0	
546028	0	0	0	0	0	0	145	0	0	0	0	0	
546779	0	0	0	0	0	0	143	0	0	0	0	0	
547528	0	0	0	0	0	0	147	0	0	0	0	0	
548278	0	0	0	0	0	0	161	0	0	0	0	0	
549024	0	0	0	0	0	0	157	0	0	0	0	0	
549774	0	0	0	0	0	0	129	0	0	0	0	0	
550524	0	0	0	0	0	0	153	0	0	0	0	0	
551274	0	0	0	0	0	0	133	0	0	0	0	0	
552024	0	0	0	0	0	0	125	0	0	0	0	0	
552775	0	0	0	0	0	0	131	0	0	0	0	0	
553529	0	0	0	0	0	0	153	0	0	0	0	0	
554281	0	0	0	0	0	0	145	0	0	0	0	0	
555031	0	0	0	0	0	0	139	0	0	0	0	0	
555776	0	0	0	0	0	0	165	0	0	0	0	0	
556526	0	0	0	0	0	0	145	0	0	0	0	0	
557276	0	0	0	0	0	0	159	0	0	0	0	0	
558024	0	0	0	0	0	0	147	0	0	0	0	0	
558771	0	0	0	0	0	0	153	0	0	0	0	0	
559520	0	0	0	0	0	0	121	0	0	0	0	0	
560266	0	0	0	0	0	0	137	0	0	0	0	0	
561018	0	0	0	0	0	0	135	0	0	0	0	0	
561769	0	0	0	0	0	0	157	0	0	0	0	0	
562519	0	0	0	0	0	0	133	0	0	0	0	0	
563267	0	0	0	0	0	0	155	0	0	0	0	0	
564017	0	0	0	0	0	0	153	0	0	0	0	0	
564768	0	0	0	0	0	0	0	111	0	0	0	0	
565521	0	0	0	0	0	0	0	109	0	0	0	0	
566266	0	0	0	0	0	0	0	113	0	0	0	0	
567017	0	0	0	0	0	0	0	119	0	0	0	0	
567767	0	0	0	0	0	0	0	103	0	0	0	0	
568519	0	0	0	0	0	0	0	123	0	0	0	0	
569270	0	0	0	0	0	0	0	97	0	0	0	0	
570023	0	0	0	0	0	0	0	139	0	0	0	0	
570772	0	0	0	0	0	0	0	123	0	0	0	0	
571522	0	0	0	0	0	0	0	105	0	0	0	0	
572273	0	0	0	0	0	0	0	113	0	0	0	0	
573025	0	0	0	0	0	0	0	109	0	0	0	0	
573776	0	0	0	0	0	0	0	129	0	0	0	0	
574526	0	0	0	0	0	0	0	105	0	0	0	0	
575274	0	0	0	0	0	0	0	125	0	0	0	0	
576024	0	0	0	0	0	0	0	101	0	0	0	0	
576773	0	0	0	0	0	0	0	87	0	0	0	0	
577521	0	0	0	0	0	0	0	123	0	0	0	0	
578273	0	0	0	0	0	0	0	0	91	0	0	0	
579025	0	0	0	0	0	0	0	0	101	0	0	0	
579772	0	0	0	0	0	0	0	0	93	0	0	0	
580523	0	0	0	0	0	0	0	0	93	0	0	0	
581273	0	0	0	0	0	0	0	0	87	0	0	0	
582020	0	0	0	0	0	0	0	131	0	0	0	0	
582768	0	0	0	0	0	0	0	121	0	0	0	0	
583519	0	0	0	0	0	0	0	117	0	0	0	0	
584270	0	0	0	0	0	0	147	0	0	0	0	0	
585020	0	0	0	0	0	0	137	0	0	0	0	0	
585772	0	0	0	0	0	0	131	0	0	0	0	0	
586524	0	0	0	0	0	0	137	0	0	0	0	0	
587276	0	0	0	0	0	0	141	0	0	0	0	0	
588022	0	0	0	0	0	0	107	0	0	0	0	0	
588773	0	0	0	0	0	0	143	0	0	0	0	0	
589523	0	0	0	0	0	0	0	119	0	0	0	0	
590271	0	0	0	0	0	0	0	117	0	0	0	0	
591017	0	0	0	0	0	0	0	127	0	0	0	0	
591767	0	0	0	0	0	0	0	115	0	0	0	0	
592518	0	0	0	0	0	0	0	107	0	0	0	0	
593269	0	0	0	0	0	0	0	117	0	0	0	0	
594017	0	0	0	0	0	0	0	103	0	0	0	0	
594769	0	0	0	0	0	0	0	121	0	0	0	0	
595520	0	0	0	0	0	0	0	119	0	0	0	0	
596271	0	0	0	0	0	0	0	131	0	0	0	0	
597021	0	0	0	0	0	0	0	117	0	0	0	0	
597772	0	0	0	0	0	0	0	115	0	0	0	0	
598523	0	0	0	0	0	0	0	109	0	0	0	0	
599276	0	0	0	0	0	0	0	119	0	0	0	0	
600026	0	0	0	0	0	0	0	103	0	0	0	0	
600775	0	0	0	0	0	0	0	113	0	0	0	0	
601524	0	0	0	0	0	0	0	121	0	0	0	0	
602275	0	0	0	0	0	0	0	135	0	0	0	0	
603027	0	0	0	0	0	0	0	115	0	0	0	0	
603774	0	0	0	0	0	0	0	115	0	0	0	0	
604523	0	0	0	0	0	0	0	111	0	0	0	0	
605270	0	0	0	0	0	0	0	103	0	0	0	0	
606020	0	0	0	0	0	0	0	119	0	0	0	0	
606770	0	0	0	0	0	0	0	97	0	0	0	0	
607514	0	0	0	0	0	0	0	107	0	0	0	0	
608267	0	0	0	0	0	0	0	117	0	0	0	0	
609017	0	0	0	0	0	0	0	119	0	0	0	0	
609765	0	0	0	0	0	0	0	113	0	0	0	0	
610511	0	0	0	0	0	0	0	119	0	0	0	0	
611260	0	0	0	0	0	0	0	107	0	0	0	0	
612012	0	0	0	0	0	0	0	105	0	0	0	0	
612762	0	0	0	0	0	0	0	113	0	0	0	0	
613508	0	0	0	0	0	0	0	133	0	0	0	0	
614259	0	0	0	0	0	0	0	117	0	0	0	0	
615011	0	0	0	0	0	0	0	125	0	0	0	0	
615763	0	0	0	0	0	0	0	103	0	0	0	0	
616515	0	0	0	0	0	0	0	125	0	0	0	0	
617266	0	0	0	0	0	0	0	107	0	0	0	0	
618017	0	0	0	0	0	0	0	115	0	0	0	0	
618768	0	0	0	0	0	0	0	111	0	0	0	0	
619514	0	0	0	0	0	0	0	131	0	0	0	0	
620264	0	0	0	0	0	0	0	105	0	0	0	0	
621011	0	0	0	0	0	0	0	129	0	0	0	0	
621761	0	0	0	0	0	0	0	137	0	0	0	0	
622508	0	0	0	0	0	0	0	0	83	0	0	0	
623258	0	0	0	0	0	0	0	0	101	0	0	0	
624007	0	0	0	0	0	0	0	0	81	0	0	0	
624760	0	0	0	0	0	0	0	0	85	0	0	0	
625511	0	0	0	0	0	0	0	0	101	0	0	0	
626260	0	0	0	0	0	0	0	0	91	0	0	0	
627012	0	0	0	0	0	0	0	0	87	0	0	0	
627761	0	0	0	0	0	0	0	0	0	0	67	0	
628509	0	0	0	0	0	0	0	0	0	0	0	53	
629261	0	0	0	0	0	0	0	0	0	0	0	53	
630010	0	0	0	0	0	0	0	0	0	0	0	43	
630759	0	0	0	0	0	0	0	0	0	0	0	47	
631507	0	0	0	0	0	0	0	0	0	0	0	51	
632261	0	0	0	0	0	0	0	0	0	0	0	31	
633011	0	0	0	0	0	0	0	0	0	0	0	47	
633759	0	0	0	0	0	0	0	0	0	0	0	57	
634512	0	0	0	0	0	0	0	0	0	0	0	51	
635261	0	0	0	0	0	0	0	0	0	0	0	61	
636010	0	0	0	0	0	0	0	0	0	0	0	49	
636761	0	0	0	0	0	0	0	0	0	0	0	51	
637508	0	0	0	0	0	0	0	0	0	0	0	47	
638257	0	0	0	0	0	0	0	0	0	0	0	57	
639007	0	0	0	0	0	0	0	0	0	0	0	45	
639758	0	0	0	0	0	0	0	0	0	0	0	61	
640505	0	0	0	0	0	0	0	0	0	0	0	57	
641254	0	0	0	0	0	0	0	0	0	0	0	47	
642006	0	0	0	0	0	0	0	0	0	0	0	55	
642758	0	0	0	0	0	0	0	0	0	0	81	0	
643510	0	0	0	0	0	0	0	0	0	0	63	0	
644259	0	0	0	0	0	0	0	0	0	0	57	0	
645009	0	0	0	0	0	0	0	0	0	0	57	0	
645759	0	0	0	0	0	0	0	0	0	0	0	57	
646512	0	0	0	0	0	0	0	0	0	0	0	57	
647261	0	0	0	0	0	0	0	0	0	0	0	49	
648012	0	0	0	0	0	0	0	0	0	0	0	55	
648762	0	0	0	0	0	0	0	0	0	0	0	43	
649514	0	0	0	0	0	0	0	0	0	0	0	53	
650260	0	0	0	0	0	0	0	0	0	0	0	47	
651008	0	0	0	0	0	0	0	0	0	0	53	0	
651759	0	0	0	0	0	0	0	0	0	0	61	0	
652511	0	0	0	0	0	0	0	0	0	0	67	0	
653262	0	0	0	0	0	0	0	0	0	71	0	0	
654010	0	0	0	0	0	0	0	0	0	77	0	0	
654758	0	0	0	0	0	0	0	0	0	91	0	0	
655506	0	0	0	0	0	0	0	0	0	67	0	0	
656259	0	0	0	0	0	0	0	0	0	89	0	0	
657011	0	0	0	0	0	0	0	0	0	75	0	0	
657762	0	0	0	0	0	0	0	0	109	0	0	0	
658510	0	0	0	0	0	0	0	0	91	0	0	0	
659262	0	0	0	0	0	0	0	0	105	0	0	0	
660014	0	0	0	0	0	0	0	0	89	0	0	0	
660763	0	0	0	0	0	0	0	123	0	0	0	0	
661515	0	0	0	0	0	0	0	121	0	0	0	0	
662264	0	0	0	0	0	0	0	89	0	0	0	0	
663015	0	0	0	0	0	0	0	113	0	0	0	0	
663766	0	0	0	0	0	0	149	0	0	0	0	0	
664514	0	0	0	0	0	0	153	0	0	0	0	0	
665264	0	0	0	0	0	0	129	0	0	0	0	0	
666014	0	0	0	0	0	0	139	0	0	0	0	0	
666763	0	0	0	0	0	0	149	0	0	0	0	0	
667511	0	0	0	0	0	0	127	0	0	0	0	0	
668261	0	0	0	0	0	0	149	0	0	0	0	0	
669013	0	0	0	0	0	0	131	0	0	0	0	0	
669762	0	0	0	0	0	0	145	0	0	0	0	0	
670512	0	0	0	0	0	0	129	0	0	0	0	0	
671263	0	0	0	0	0	0	155	0	0	0	0	0	
672014	0	0	0	0	0	0	149	0	0	0	0	0	
672763	0	0	0	0	0	0	153	0	0	0	0	0	
673515	0	0	0	0	0	0	145	0	0	0	0	0	
674267	0	0	0	0	0	0	147	0	0	0	0	0	
675015	0	0	0	0	0	0	145	0	0	0	0	0	
675766	0	0	0	0	0	0	129	0	0	0	0	0	
676516	0	0	0	0	0	0	139	0	0	0	0	0	
677263	0	0	0	0	0	0	123	0	0	0	0	0	
678014	0	0	0	0	0	0	149	0	0	0	0	0	
678764	0	0	0	0	0	0	151	0	0	0	0	0	
679512	0	0	0	0	0	0	143	0	0	0	0	0	
680268	0	0	0	0	0	0	169	0	0	0	0	0	
681020	0	0	0	0	0	0	127	0	0	0	0	0	
681772	0	0	0	0	0	0	135	0	0	0	0	0	
682524	0	0	0	0	0	0	153	0	0	0	0	0	
683274	0	0	0	0	0	0	153	0	0	0	0	0	
684025	0	0	0	0	0	0	147	0	0	0	0	0	
684775	0	0	0	0	0	0	137	0	0	0	0	0	
685525	0	0	0	0	0	0	147	0	0	0	0	0	
686274	0	0	0	0	0	0	137	0	0	0	0	0	
687021	0	0	0	0	0	0	133	0	0	0	0	0	
687770	0	0	0	0	0	177	0	0	0	0	0	0	
688520	0	0	0	0	0	171	0	0	0	0	0	0	
689272	0	0	0	0	0	0	135	0	0	0	0	0	
690027	0	0	0	0	0	0	141	0	0	0	0	0	
690778	0	0	0	0	0	0	141	0	0	0	0	0	
691527	0	0	0	0	0	0	139	0	0	0	0	0	
692277	0	0	0	0	0	0	167	0	0	0	0	0	
693029	0	0	0	0	0	0	151	0	0	0	0	0	
693780	0	0	0	0	0	0	139	0	0	0	0	0	
694529	0	0	0	0	0	0	147	0	0	0	0	0	
695280	0	0	0	0	0	0	135	0	0	0	0	0	
696028	0	0	0	0	0	0	155	0	0	0	0	0	
696780	0	0	0	0	0	0	145	0	0	0	0	0	
697529	0	0	0	0	0	0	171	0	0	0	0	0	
698278	0	0	0	0	0	0	133	0	0	0	0	0	
699032	0	0	0	0	0	0	149	0	0	0	0	0	
699781	0	0	0	0	0	0	131	0	0	0	0	0	
700531	0	0	0	0	0	2	129	0	0	0	0	0	
701281	0	0	0	0	0	0	135	0	0	0	0	0	
702030	0	0	0	0	0	0	129	0	0	0	0	0	
702779	0	0	0	0	0	0	145	0	0	0	0	0	
703527	0	0	0	0	0	0	147	0	0	0	0	0	
704279	0	0	0	0	0	0	157	0	0	0	0	0	
705026	0	0	0	0	0	0	155	0	0	0	0	0	
705778	0	0	0	0	0	0	143	0	0	0	0	0	
706526	0	0	0	0	0	0	135	0	0	0	0	0	
707280	0	0	0	0	0	0	145	0	0	0	0	0	
708031	0	0	0	0	0	0	141	0	0	0	0	0	
708779	0	0	0	0	0	0	153	0	0	0	0	0	
709533	0	0	0	0	0	0	163	0	0	0	0	0	
710281	0	0	0	0	0	0	147	0	0	0	0	0	
711030	0	0	0	0	0	0	143	0	0	0	0	0	
711779	0	0	0	0	0	0	125	0	0	0	0	0	
712528	0	0	0	0	0	0	137	0	0	0	0	0	
713278	0	0	0	0	0	0	137	0	0	0	0	0	
714029	0	0	0	0	0	0	135	0	0	0	0	0	
714783	0	0	0	0	0	0	155	0	0	0	0	0	
715534	0	0	0	0	0	0	129	0	0	0	0	0	
716283	0	0	0	0	0	0	139	0	0	0	0	0	
717034	0	0	0	0	0	0	151	0	0	0	0	0	
717780	0	0	0	0	0	0	131	0	0	0	0	0	
718527	0	0	0	0	0	0	145	0	0	0	0	0	
719277	0	0	0	0	0	0	145	0	0	0	0	0	
720031	0	0	0	0	0	0	139	0	0	0	0	0	
720778	0	0	0	0	0	0	133	0	0	0	0	0	
721527	0	0	0	0	0	0	121	0	0	0	0	0	
722275	0	0	0	0	0	0	141	0	0	0	0	0	
723025	0	0	0	0	0	0	153	0	0	0	0	0	
723778	0	0	0	0	0	0	147	0	0	0	0	0	
724529	0	0	0	0	0	0	123	0	0	0	0	0	
725280	0	0	0	0	0	0	121	0	0	0	0	0	
726030	0	0	0	0	0	0	133	0	0	0	0	0	
726782	0	0	0	0	0	0	135	0	0	0	0	0	
727531	0	0	0	0	0	0	159	0	0	0	0	0	
728280	0	0	0	0	0	0	133	0	0	0	0	0	
729029	0	0	0	0	0	0	165	0	0	0	0	0	
729783	0	0	0	0	0	0	145	0	0	0	0	0	
730531	0	0	0	0	0	0	155	0	0	0	0	0	
731280	0	0	0	0	0	0	151	0	0	0	0	0	
732031	0	0	0	0	0	0	159	0	0	0	0	0	
732780	0	0	0	0	0	177	0	0	0	0	0	0	
733529	0	0	0	0	0	153	0	0	0	0	0	0	
734279	0	0	0	0	0	181	0	0	0	0	0	0	
735029	0	0	0	0	0	171	0	0	0	0	0	0	
735778	0	0	0	0	0	159	0	0	0	0	0	0	
736529	0	0	0	0	0	163	0	0	0	0	0	0	
737279	0	0	0	0	0	185	0	0	0	0	0	0	
738027	0	0	0	0	0	197	0	0	0	0	0	0	
738775	0	0	0	0	0	193	0	0	0	0	0	0	
739524	0	0	0	0	0	167	0	0	0	0	0	0	
740277	0	0	0	0	0	185	0	0	0	0	0	0	
741023	0	0	0	0	0	179	0	0	0	0	0	0	
741774	0	0	0	0	0	167	0	0	0	0	0	0	
742525	0	0	0	0	0	179	0	0	0	0	0	0	
743277	0	0	0	0	2	167	0	0	0	0	0	0	
744025	0	0	0	0	153	46	0	0	0	0	0	0	
744780	0	0	0	0	209	0	0	0	0	0	0	0	
745533	0	0	0	0	191	0	0	0	0	0	0	0	
746283	0	0	0	0	221	0	0	0	0	0	0	0	
747032	0	0	0	0	225	0	0	0	0	0	0	0	
747786	0	0	0	0	193	0	0	0	0	0	0	0	
748536	0	0	0	0	209	0	0	0	0	0	0	0	
749288	0	0	0	0	217	0	0	0	0	0	0	0	
750039	0	0	0	0	205	0	0	0	0	0	0	0	
750793	0	0	0	0	225	0	0	0	0	0	0	0	
751541	0	0	0	0	235	0	0	0	0	0	0	0	
752290	0	0	0	0	209	0	0	0	0	0	0	0	
753042	0	0	0	0	235	0	0	0	0	0	0	0	
753792	0	0	0	0	241	0	0	0	0	0	0	0	
754537	0	0	0	0	219	4	0	0	0	0	0	0	
755286	0	0	0	0	213	0	0	0	0	0	0	0	
756032	0	0	0	0	235	0	0	0	0	0	0	0	
756782	0	0	0	0	259	0	0	0	0	0	0	0	
757531	0	0	0	0	219	0	0	0	0	0	0	0	
758278	0	0	0	0	225	0	0	0	0	0	0	0	
759027	0	0	0	0	215	0	0	0	0	0	0	0	
759775	0	0	0	0	227	0	0	0	0	0	0	0	
760525	0	0	0	0	237	0	0	0	0	0	0	0	
761277	0	0	0	0	231	0	0	0	0	0	0	0	
762029	0	0	0	0	227	0	0	0	0	0	0	0	
762780	0	0	0	0	215	0	0	0	0	0	0	0	
763531	0	0	0	0	221	0	0	0	0	0	0	0	
764283	0	0	0	0	215	0	0	0	0	0	0	0	
765031	0	0	0	0	203	0	0	0	0	0	0	0	
765783	0	0	0	0	221	0	0	0	0	0	0	0	
766531	0	0	0	0	239	0	0	0	0	0	0	0	
767284	0	0	0	0	209	0	0	0	0	0	0	0	
768036	0	0	0	0	205	0	0	0	0	0	0	0	
768782	0	0	0	0	211	0	0	0	0	0	0	0	
769530	0	0	0	0	205	0	0	0	0	0	0	0	
770280	0	0	0	0	231	0	0	0	0	0	0	0	
771030	0	0	0	0	235	0	0	0	0	0	0	0	
771775	0	0	0	0	215	0	0	0	0	0	0	0	
772525	0	0	0	0	203	0	0	0	0	0	0	0	
773276	0	0	0	0	209	0	0	0	0	0	0	0	
774026	0	0	0	0	247	0	0	0	0	0	0	0	
774778	0	0	0	0	233	0	0	0	0	0	0	0	
775527	0	0	0	0	199	0	0	0	0	0	0	0	
776279	0	0	0	0	203	0	0	0	0	0	0	0	
777027	0	0	0	0	225	0	0	0	0	0	0	0	
777776	0	0	0	0	207	0	0	0	0	0	0	0	
778527	0	0	0	0	229	0	0	0	0	0	0	0	
779277	0	0	0	0	249	0	0	0	0	0	0	0	
780033	0	0	0	0	219	0	0	0	0	0	0	0	
780781	0	0	0	0	205	0	0	0	0	0	0	0	
781533	0	0	0	0	239	0	0	0	0	0	0	0	
782281	0	0	0	0	215	0	0	0	0	0	0	0	
783032	0	0	0	0	237	0	0	0	0	0	0	0	
783780	0	0	0	0	199	0	0	0	0	0	0	0	
784525	0	0	0	0	225	0	0	0	0	0	0	0	
785278	0	0	0	0	217	0	0	0	0	0	0	0	
786030	0	0	0	0	205	0	0	0	0	0	0	0	
786782	0	0	0	0	207	0	0	0	0	0	0	0	
787533	0	0	0	0	191	0	0	0	0	0	0	0	
788283	0	0	0	0	209	0	0	0	0	0	0	0	
789034	0	0	0	0	199	0	0	0	0	0	0	0	
789782	0	0	0	0	209	0	0	0	0	0	0	0	
790534	0	0	0	0	227	0	0	0	0	0	0	0	
791279	0	0	0	0	221	0	0	0	0	0	0	0	
792029	0	0	0	0	235	0	0	0	0	0	0	0	
792776	0	0	0	0	233	0	0	0	0	0	0	0	
793529	0	0	0	0	217	0	0	0	0	0	0	0	
794277	0	0	0	27	180	0	0	0	0	0	0	0	
795028	0	0	0	0	221	0	0	0	0	0	0	0	
795777	0	0	0	2	219	0	0	0	0	0	0	0	
796523	0	0	0	0	245	0	0	0	0	0	0	0	
797272	0	0	0	0	209	0	0	0	0	0	0	0	
798022	0	0	0	0	211	0	0	0	0	0	0	0	
798771	0	0	0	0	201	0	0	0	0	0	0	0	
799522	0	0	0	0	215	0	0	0	0	0	0	0	
800274	0	0	0	0	229	0	0	0	0	0	0	0	
801023	0	0	0	0	199	0	0	0	0	0	0	0	
801771	0	0	0	0	209	0	0	0	0	0	0	0	
802521	0	0	0	0	219	0	0	0	0	0	0	0	
803272	0	0	0	0	221	0	0	0	0	0	0	0	
804019	0	0	0	0	205	0	0	0	0	0	0	0	
804771	0	0	0	0	195	0	0	0	0	0	0	0	
805521	0	0	0	0	181	0	0	0	0	0	0	0	
806269	0	0	0	0	221	0	0	0	0	0	0	0	
807018	0	0	0	0	183	0	0	0	0	0	0	0	
807765	0	0	0	0	193	0	0	0	0	0	0	0	
808515	0	0	0	0	201	0	0	0	0	0	0	0	
809264	0	0	0	0	195	0	0	0	0	0	0	0	
810016	0	0	0	0	201	0	0	0	0	0	0	0	
810764	0	0	0	0	189	0	0	0	0	0	0	0	
811511	0	0	0	0	239	0	0	0	0	0	0	0	
812260	0	0	0	0	221	0	0	0	0	0	0	0	
813013	0	0	0	253	0	0	0	0	0	0	0	0	
813763	0	0	0	265	0	0	0	0	0	0	0	0	
814510	0	0	0	271	0	0	0	0	0	0	0	0	
815261	0	0	0	267	0	0	0	0	0	0	0	0	
816011	0	0	0	261	0	0	0	0	0	0	0	0	
816761	0	0	0	269	0	0	0	0	0	0	0	0	
817509	0	0	0	289	0	0	0	0	0	0	0	0	
818262	0	0	0	267	0	0	0	0	0	0	0	0	
819009	0	0	0	253	0	0	0	0	0	0	0	0	
819759	0	0	0	239	0	0	0	0	0	0	0	0	
820509	0	0	0	261	0	0	0	0	0	0	0	0	
821261	0	0	0	263	0	0	0	0	0	0	0	0	
822012	0	0	0	267	0	0	0	0	0	0	0	0	
822765	0	0	0	251	0	0	0	0	0	0	0	0	
823515	0	0	0	265	0	0	0	0	0	0	0	0	
824264	0	0	0	262	11	0	0	0	0	0	0	0	
825015	0	0	0	267	0	0	0	0	0	0	0	0	
825765	0	0	0	259	0	0	0	0	0	0	0	0	
826513	0	0	0	273	0	0	0	0	0	0	0	0	
827262	0	0	0	261	0	0	0	0	0	0	0	0	
828015	0	0	0	263	0	0	0	0	0	0	0	0	
828765	0	0	0	277	0	0	0	0	0	0	0	0	
829517	0	0	0	253	0	0	0	0	0	0	0	0	
830270	0	0	0	293	0	0	0	0	0	0	0	0	
831018	0	0	0	0	213	0	0	0	0	0	0	0	
831768	0	0	0	0	201	0	0	0	0	0	0	0	
832519	0	0	0	0	205	0	0	0	0	0	0	0	
833271	0	0	0	0	247	0	0	0	0	0	0	0	
834020	0	0	0	0	223	0	0	0	0	0	0	0	
834770	0	0	0	0	223	0	0	0	0	0	0	0	
835520	0	0	0	0	223	0	0	0	0	0	0	0	
836270	0	0	0	0	215	0	0	0	0	0	0	0	
837018	0	0	0	0	225	0	0	0	0	0	0	0	
837766	0	0	0	0	199	0	0	0	0	0	0	0	
838515	0	0	0	0	191	0	0	0	0	0	0	0	
839266	0	0	0	0	237	0	0	0	0	0	0	0	
840017	0	0	0	73	156	0	0	0	0	0	0	0	
840767	0	0	0	253	0	0	0	0	0	0	0	0	
841518	0	0	0	249	0	0	0	0	0	0	0	0	
842267	0	0	0	239	0	0	0	0	0	0	0	0	
843018	0	0	0	217	0	0	0	0	0	0	0	0	
843768	0	0	0	273	0	0	0	0	0	0	0	0	
844515	0	0	0	255	0	0	0	0	0	0	0	0	
845266	0	0	0	273	0	0	0	0	0	0	0	0	
846018	0	0	0	253	0	0	0	0	0	0	0	0	
846769	0	0	0	247	0	0	0	0	0	0	0	0	
847515	0	0	0	259	0	0	0	0	0	0	0	0	
848270	0	0	0	289	0	0	0	0	0	0	0	0	
849020	0	0	0	271	0	0	0	0	0	0	0	0	
849770	0	0	0	263	0	0	0	0	0	0	0	0	
850521	0	0	0	291	0	0	0	0	0	0	0	0	
851270	0	0	0	251	0	0	0	0	0	0	0	0	
852018	0	0	0	313	0	0	0	0	0	0	0	0	
852770	0	0	0	261	0	0	0	0	0	0	0	0	
853516	0	0	0	261	0	0	0	0	0	0	0	0	
854266	0	0	0	241	0	0	0	0	0	0	0	0	
855018	0	0	10	285	0	0	0	0	0	0	0	0	
855766	0	0	0	271	0	0	0	0	0	0	0	0	
856517	0	0	0	235	0	0	0	0	0	0	0	0	
857269	0	0	1	254	0	0	0	0	0	0	0	0	
858017	0	0	0	267	0	0	0	0	0	0	0	0	
858767	0	0	0	255	0	0	0	0	0	0	0	0	
859516	0	0	0	269	0	0	0	0	0	0	0	0	
860265	0	0	0	271	0	0	0	0	0	0	0	0	
861015	0	0	0	255	0	0	0	0	0	0	0	0	
861766	0	0	0	265	0	0	0	0	0	0	0	0	
862516	0	0	0	181	68	0	0	0	0	0	0	0	
863267	0	0	0	261	0	0	0	0	0	0	0	0	
864015	0	0	0	283	0	0	0	0	0	0	0	0	
864763	0	0	0	265	0	0	0	0	0	0	0	0	
865514	0	0	0	279	0	0	0	0	0	0	0	0	
866262	0	0	0	267	0	0	0	0	0	0	0	0	
867016	0	0	0	301	0	0	0	0	0	0	0	0	
867769	0	0	6	267	0	0	0	0	0	0	0	0	
868520	0	0	0	275	0	0	0	0	0	0	0	0	
869265	0	0	0	267	0	0	0	0	0	0	0	0	
870015	0	0	0	249	0	0	0	0	0	0	0	0	
870764	0	0	0	257	0	0	0	0	0	0	0	0	
871515	0	0	0	261	0	0	0	0	0	0	0	0	
872266	0	0	0	259	0	0	0	0	0	0	0	0	
873019	0	0	0	243	0	0	0	0	0	0	0	0	
873770	0	0	0	273	0	0	0	0	0	0	0	0	
874518	0	0	0	265	0	0	0	0	0	0	0	0	
875268	0	0	0	251	0	0	0	0	0	0	0	0	
876016	0	0	0	285	0	0	0	0	0	0	0	0	
876765	0	0	0	269	0	0	0	0	0	0	0	0	
877513	0	0	0	269	0	0	0	0	0	0	0	0	
878266	0	0	0	273	0	0	0	0	0	0	0	0	
879018	0	0	0	279	0	0	0	0	0	0	0	0	
879766	0	0	0	259	0	0	0	0	0	0	0	0	
880510	0	0	0	285	0	0	0	0	0	0	0	0	
881262	0	0	0	239	0	0	0	0	0	0	0	0	
882011	0	0	0	279	0	0	0	0	0	0	0	0	
882760	0	0	0	309	0	0	0	0	0	0	0	0	
883507	0	0	0	227	0	0	0	0	0	0	0	0	
884255	0	0	0	269	0	0	0	0	0	0	0	0	
885005	0	0	7	258	0	0	0	0	0	0	0	0	
885754	0	0	0	255	0	0	0	0	0	0	0	0	
886506	0	0	0	269	0	0	0	0	0	0	0	0	
887255	0	0	0	287	0	0	0	0	0	0	0	0	
888005	0	0	0	271	0	0	0	0	0	0	0	0	
888755	0	0	0	249	0	0	0	0	0	0	0	0	
889506	0	0	58	193	0	0	0	0	0	0	0	0	
890254	0	0	0	243	0	0	0	0	0	0	0	0	
891005	0	0	0	275	0	0	0	0	0	0	0	0	
891752	0	0	0	265	0	0	0	0	0	0	0	0	
892502	0	0	0	275	0	0	0	0	0	0	0	0	
893248	0	0	0	255	0	0	0	0	0	0	0	0	
893998	0	0	0	249	0	0	0	0	0	0	0	0	
894746	0	0	0	271	0	0	0	0	0	0	0	0	
895497	0	0	0	257	0	0	0	0	0	0	0	0	
896248	0	0	0	277	0	0	0	0	0	0	0	0	
896998	0	0	0	285	0	0	0	0	0	0	0	0	
897748	0	0	0	239	0	0	0	0	0	0	0	0	
898498	0	0	0	275	0	0	0	0	0	0	0	0	
899246	0	0	0	293	0	0	0	0	0	0	0	0	
899994	0	0	0	281	0	0	0	0	0	0	0	0	
900742	0	0	0	269	0	0	0	0	0	0	0	0	
901489	0	0	0	303	0	0	0	0	0	0	0	0	
902240	0	0	0	0	221	0	0	0	0	0	0	0	
902990	0	0	0	2	225	0	0	0	0	0	0	0	
903741	0	0	0	0	209	0	0	0	0	0	0	0	
904493	0	0	0	0	217	0	0	0	0	0	0	0	
905244	0	0	0	0	235	0	0	0	0	0	0	0	
905996	0	0	0	0	201	0	0	0	0	0	0	0	
906743	0	0	0	0	215	0	0	0	0	0	0	0	
907494	0	0	0	0	225	0	0	0	0	0	0	0	
908239	0	0	0	0	189	0	0	0	0	0	0	0	
908987	0	0	0	0	217	0	0	0	0	0	0	0	
909737	0	0	0	0	233	0	0	0	0	0	0	0	
910488	0	0	0	0	221	0	0	0	0	0	0	0	
911241	0	0	0	0	199	0	0	0	0	0	0	0	
911993	0	0	0	0	199	0	0	0	0	0	0	0	
912742	0	0	0	0	243	0	0	0	0	0	0	0	
913493	0	0	0	0	221	0	0	0	0	0	0	0	
914243	0	0	0	0	213	0	0	0	0	0	0	0	
914989	0	0	0	0	223	0	0	0	0	0	0	0	
915742	0	0	0	0	207	0	0	0	0	0	0	0	
916496	0	0	0	0	201	0	0	0	0	0	0	0	
917244	0	0	0	0	225	0	0	0	0	0	0	0	
917993	0	0	0	0	235	0	0	0	0	0	0	0	
918743	0	0	0	0	151	66	0	0	0	0	0	0	
919495	0	0	0	0	0	183	0	0	0	0	0	0	
920243	0	0	0	0	0	155	0	0	0	0	0	0	
920994	0	0	0	0	0	175	0	0	0	0	0	0	
921743	0	0	0	0	0	181	0	0	0	0	0	0	
922493	0	0	0	0	0	167	0	0	0	0	0	0	
923242	0	0	0	0	0	197	0	0	0	0	0	0	
923994	0	0	0	0	0	167	0	0	0	0	0	0	
924741	0	0	0	0	0	0	171	0	0	0	0	0	
925490	0	0	0	0	0	0	127	0	0	0	0	0	
926241	0	0	0	0	0	0	6	123	0	0	0	0	
926991	0	0	0	0	0	0	0	123	0	0	0	0	
927741	0	0	0	0	0	0	0	0	81	0	0	0	
928490	0	0	0	0	0	0	0	0	79	0	0	0	
929238	0	0	0	0	0	0	0	0	91	0	0	0	
929987	0	0	0	0	0	0	0	0	89	0	0	0	
930737	0	0	0	0	0	0	0	0	87	0	0	0	
931489	0	0	0	0	0	0	0	0	89	0	0	0	
932241	0	0	0	0	0	0	0	0	87	0	0	0	
932987	0	0	0	0	0	0	0	0	97	0	0	0	
933734	0	0	0	0	0	0	0	0	87	0	0	0	
934488	0	0	0	0	0	0	0	0	95	0	0	0	
935239	0	0	0	0	0	0	0	0	101	0	0	0	
935985	0	0	0	0	0	0	0	0	97	0	0	0	
936736	0	0	0	0	0	0	0	0	91	0	0	0	
937485	0	0	0	0	0	0	0	0	91	0	0	0	
938234	0	0	0	0	0	0	0	0	81	0	0	0	
938984	0	0	0	0	0	0	0	0	99	0	0	0	
939730	0	0	0	0	0	0	0	0	89	0	0	0	
940479	0	0	0	0	0	0	0	0	97	0	0	0	
941228	0	0	0	0	0	0	0	0	85	0	0	0	
941980	0	0	0	0	0	0	0	0	101	0	0	0	
942729	0	0	0	0	0	0	0	0	95	0	0	0	
943480	0	0	0	0	0	0	0	0	95	0	0	0	
944227	0	0	0	0	0	0	0	0	89	0	0	0	
944975	0	0	0	0	0	0	0	0	85	0	0	0	
945728	0	0	0	0	0	0	0	0	93	0	0	0	
946475	0	0	0	0	0	0	0	109	0	0	0	0	
947224	0	0	0	0	0	0	0	111	0	0	0	0	
947976	0	0	0	0	0	0	0	125	0	0	0	0	
948724	0	0	0	0	0	0	0	99	0	0	0	0	
949474	0	0	0	0	0	0	0	105	0	0	0	0	
950223	0	0	0	0	0	0	147	0	0	0	0	0	
950975	0	0	0	0	0	0	139	0	0	0	0	0	
951724	0	0	0	0	0	0	157	0	0	0	0	0	
952476	0	0	0	0	0	0	133	0	0	0	0	0	
953224	0	0	0	0	0	0	147	0	0	0	0	0	
953974	0	0	0	0	0	0	147	0	0	0	0	0	
954722	0	0	0	0	0	0	125	0	0	0	0	0	
955473	0	0	0	0	0	0	149	0	0	0	0	0	
956221	0	0	0	0	0	0	151	0	0	0	0	0	
956969	0	0	0	0	0	0	151	0	0	0	0	0	
957723	0	0	0	0	0	0	143	0	0	0	0	0	
958472	0	0	0	0	0	0	147	0	0	0	0	0	
959221	0	0	0	0	0	0	135	0	0	0	0	0	
959973	0	0	0	0	0	0	145	0	0	0	0	0	
960724	0	0	0	0	0	0	155	0	0	0	0	0	
961471	0	0	0	0	0	0	131	0	0	0	0	0	
962222	0	0	0	0	0	0	117	0	0	0	0	0	
962971	0	0	0	0	0	0	151	0	0	0	0	0	
963722	0	0	0	0	0	0	145	0	0	0	0	0	
964471	0	0	0	0	0	0	129	0	0	0	0	0	
965218	0	0	0	0	0	0	153	0	0	0	0	0	
965970	0	0	0	0	0	163	0	0	0	0	0	0	
966716	0	0	0	0	0	193	0	0	0	0	0	0	
967470	0	0	0	0	0	157	0	0	0	0	0	0	
968219	0	0	0	0	0	179	0	0	0	0	0	0	
968968	0	0	0	0	0	147	0	0	0	0	0	0	
969719	0	0	0	0	0	181	0	0	0	0	0	0	
970471	0	0	0	0	0	191	0	0	0	0	0	0	
971219	0	0	0	0	0	177	0	0	0	0	0	0	
971967	0	0	0	0	0	183	0	0	0	0	0	0	
972715	0	0	0	0	0	181	0	0	0	0	0	0	
973465	0	0	0	0	0	155	0	0	0	0	0	0	
974216	0	0	0	0	0	183	0	0	0	0	0	0	
974963	0	0	0	0	0	181	0	0	0	0	0	0	
975713	0	0	0	0	0	177	0	0	0	0	0	0	
976464	0	0	0	0	0	173	0	0	0	0	0	0	
977213	0	0	0	0	0	167	0	0	0	0	0	0	
977965	0	0	0	0	0	179	0	0	0	0	0	0	
978714	0	0	0	0	0	157	0	0	0	0	0	0	
979464	0	0	0	0	0	203	0	0	0	0	0	0	
980213	0	0	0	0	0	28	113	0	0	0	0	0	
980964	0	0	0	0	0	0	125	0	0	0	0	0	
981713	0	0	0	0	0	0	151	0	0	0	0	0	
982465	0	0	0	0	0	0	153	0	0	0	0	0	
983215	0	0	0	0	0	0	155	0	0	0	0	0	
983962	0	0	0	0	0	0	149	0	0	0	0	0	
984711	0	0	0	0	0	0	151	0	0	0	0	0	
985459	0	0	0	0	0	0	127	0	0	0	0	0	
986209	0	0	0	0	0	0	147	0	0	0	0	0	
986961	0	0	0	0	0	0	153	0	0	0	0	0	
987712	0	0	0	0	0	0	139	0	0	0	0	0	
988466	0	0	0	0	0	0	151	0	0	0	0	0	
989213	0	0	0	0	0	0	141	0	0	0	0	0	
989964	0	0	0	0	0	0	139	0	0	0	0	0	
990715	0	0	0	0	0	0	127	0	0	0	0	0	
991470	0	0	0	0	0	0	155	0	0	0	0	0	
992222	0	0	0	0	0	0	133	0	0	0	0	0	
992969	0	0	0	0	0	0	129	0	0	0	0	0	
993715	0	0	0	0	0	0	129	0	0	0	0	0	
994467	0	0	0	0	0	0	165	0	0	0	0	0	
995215	0	0	0	0	0	0	151	0	0	0	0	0	
995965	0	0	0	0	0	0	141	0	0	0	0	0	
996714	0	0	0	0	0	0	121	0	0	0	0	0	
997463	0	0	0	0	0	0	135	0	0	0	0	0	
998211	0	0	0	0	0	0	159	0	0	0	0	0	
998960	0	0	0	0	0	0	145	0	0	0	0	0	
999709	0	0	0	0	0	0	139	0	0	0	0	0	
1.00046e+06	0	0	0	0	0	0	147	0	0	0	0	0	
1.00121e+06	0	0	0	0	0	0	139	0	0	0	0	0	
1.00196e+06	0	0	0	0	0	0	141	0	0	0	0	0	
1.00271e+06	0	0	0	0	0	0	133	0	0	0	0	0	
1.00345e+06	0	0	0	0	0	0	145	0	0	0	0	0	
1.0042e+06	0	0	0	0	0	0	129	0	0	0	0	0	
1.00495e+06	0	0	0	0	0	0	147	0	0	0	0	0	
1.0057e+06	0	0	0	0	0	0	141	0	0	0	0	0	
1.00645e+06	0	0	0	0	0	0	143	0	0	0	0	0	
1.0072e+06	0	0	0	0	0	0	137	0	0	0	0	0	
1.00794e+06	0	0	0	0	0	0	149	0	0	0	0	0	
1.0087e+06	0	0	0	0	0	0	135	0	0	0	0	0	
1.00945e+06	0	0	0	0	0	0	125	0	0	0	0	0	
1.0102e+06	0	0	0	0	0	0	133	0	0	0	0	0	
1.01095e+06	0	0	0	0	0	0	143	0	0	0	0	0	
1.0117e+06	0	0	0	0	0	0	167	0	0	0	0	0	
1.01245e+06	0	0	0	0	0	0	135	0	0	0	0	0	
1.0132e+06	0	0	0	0	0	0	177	0	0	0	0	0	
1.01396e+06	0	0	0	0	0	0	151	0	0	0	0	0	
1.01471e+06	0	0	0	0	0	0	161	0	0	0	0	0	
1.01546e+06	0	0	0	0	0	0	145	0	0	0	0	0	
1.01621e+06	0	0	0	0	0	0	133	0	0	0	0	0	
1.01696e+06	0	0	0	0	0	0	131	0	0	0	0	0	
1.01771e+06	0	0	0	0	0	0	139	0	0	0	0	0	
1.01846e+06	0	0	0	0	0	0	139	0	0	0	0	0	
1.01921e+06	0	0	0	0	0	0	119	0	0	0	0	0	
1.01996e+06	0	0	0	0	0	0	161	0	0	0	0	0	
1.02071e+06	0	0	0	0	0	0	145	0	0	0	0	0	
1.02145e+06	0	0	0	0	0	0	149	0	0	0	0	0	
1.0222e+06	0	0	0	0	0	0	145	0	0	0	0	0	
1.02295e+06	0	0	0	0	0	0	149	0	0	0	0	0	
1.0237e+06	0	0	0	0	0	0	165	0	0	0	0	0	
1.02445e+06	0	0	0	0	0	0	165	0	0	0	0	0	
1.0252e+06	0	0	0	0	0	0	149	0	0	0	0	0	
1.02595e+06	0	0	0	0	0	0	137	0	0	0	0	0	
1.02671e+06	0	0	0	0	0	0	133	0	0	0	0	0	
1.02746e+06	0	0	0	0	0	0	127	0	0	0	0	0	
1.02821e+06	0	0	0	0	0	0	157	0	0	0	0	0	
1.02896e+06	0	0	0	0	0	0	0	105	0	0	0	0	
1.02971e+06	0	0	0	0	0	0	0	0	103	0	0	0	
1.03045e+06	0	0	0	0	0	0	0	0	0	61	0	0	
1.0312e+06	0	0	0	0	0	0	0	0	0	85	0	0	
1.03195e+06	0	0	0	0	0	0	0	0	0	95	0	0	
1.0327e+06	0	0	0	0	0	0	0	0	0	81	0	0	
1.03345e+06	0	0	0	0	0	0	0	0	0	87	0	0	
1.03419e+06	0	0	0	0	0	0	0	0	0	77	0	0	
1.03494e+06	0	0	0	0	0	0	0	0	0	73	0	0	
1.03569e+06	0	0	0	0	0	0	0	0	0	79	0	0	
1.03644e+06	0	0	0	0	0	0	0	0	0	71	0	0	
1.03719e+06	0	0	0	0	0	0	0	0	0	63	0	0	
1.03794e+06	0	0	0	0	0	0	0	0	0	87	0	0	
1.0387e+06	0	0	0	0	0	0	0	0	0	71	0	0	
1.03945e+06	0	0	0	0	0	0	0	0	0	71	0	0	
1.0402e+06	0	0	0	0	0	0	0	0	0	63	0	0	
1.04095e+06	0	0	0	0	0	0	0	0	0	85	0	0	
1.0417e+06	0	0	0	0	0	0	0	0	0	81	0	0	
1.04245e+06	0	0	0	0	0	0	0	0	0	81	0	0	
1.0432e+06	0	0	0	0	0	0	0	0	0	79	0	0	
1.04395e+06	0	0	0	0	0	0	0	0	0	67	0	0	
1.0447e+06	0	0	0	0	0	0	0	0	0	71	0	0	
1.04545e+06	0	0	0	0	0	0	0	0	0	83	0	0	
1.0462e+06	0	0	0	0	0	0	0	0	0	73	0	0	
1.04695e+06	0	0	0	0	0	0	0	0	0	77	0	0	
1.0477e+06	0	0	0	0	0	0	0	0	0	69	0	0	
1.04846e+06	0	0	0	0	0	0	0	0	0	59	0	0	
1.0492e+06	0	0	0	0	0	0	0	0	0	87	0	0	
1.04995e+06	0	0	0	0	0	0	0	0	93	0	0	0	
1.0507e+06	0	0	0	0	0	0	0	0	89	0	0	0	
1.05145e+06	0	0	0	0	0	0	0	0	97	0	0	0	
1.0522e+06	0	0	0	0	0	0	0	0	97	0	0	0	
1.05295e+06	0	0	0	0	0	0	0	0	105	0	0	0	
1.0537e+06	0	0	0	0	0	0	0	0	83	0	0	0	
1.05445e+06	0	0	0	0	0	0	0	0	105	0	0	0	
1.0552e+06	0	0	0	0	0	0	0	0	0	73	0	0	
1.05595e+06	0	0	0	0	0	0	0	0	0	79	0	0	
1.0567e+06	0	0	0	0	0	0	0	0	0	59	0	0	
1.05745e+06	0	0	0	0	0	0	0	0	0	83	0	0	
1.0582e+06	0	0	0	0	0	0	0	0	0	67	0	0	
1.05895e+06	0	0	0	0	0	0	0	0	0	79	0	0	
1.0597e+06	0	0	0	0	0	0	0	0	85	0	0	0	
1.06045e+06	0	0	0	0	0	0	0	0	105	0	0	0	
1.0612e+06	0	0	0	0	0	0	0	0	89	0	0	0	
1.06194e+06	0	0	0	0	0	0	0	0	89	0	0	0	
1.06269e+06	0	0	0	0	0	0	0	0	95	0	0	0	
1.06345e+06	0	0	0	0	0	0	0	0	105	0	0	0	
1.0642e+06	0	0	0	0	0	0	0	0	103	0	0	0	
1.06495e+06	0	0	0	0	0	0	0	0	93	0	0	0	
1.0657e+06	0	0	0	0	0	0	0	0	95	0	0	0	
1.06645e+06	0	0	0	0	0	0	0	0	93	0	0	0	
1.0672e+06	0	0	0	0	0	0	0	0	95	0	0	0	
1.06795e+06	0	0	0	0	0	0	0	0	103	0	0	0	
1.0687e+06	0	0	0	0	0	0	0	0	87	0	0	0	
1.06945e+06	0	0	0	0	0	0	0	0	89	0	0	0	
1.0702e+06	0	0	0	0	0	0	0	0	95	0	0	0	
1.07095e+06	0	0	0	0	0	0	0	0	107	0	0	0	
1.0717e+06	0	0	0	0	0	0	0	0	89	0	0	0	
1.07245e+06	0	0	0	0	0	0	0	0	95	0	0	0	
1.0732e+06	0	0	0	0	0	0	0	0	89	0	0	0	
1.07395e+06	0	0	0	0	0	0	0	113	0	0	0	0	
1.0747e+06	0	0	0	0	0	0	0	125	0	0	0	0	
1.07545e+06	0	0	0	0	0	0	0	97	0	0	0	0	
1.0762e+06	0	0	0	0	0	0	0	123	0	0	0	0	
1.07695e+06	0	0	0	0	0	0	0	117	0	0	0	0	
1.07769e+06	0	0	0	0	0	0	0	119	0	0	0	0	
1.07844e+06	0	0	0	0	0	0	0	105	0	0	0	0	
1.0792e+06	0	0	0	0	0	0	0	111	0	0	0	0	
1.07995e+06	0	0	0	0	0	0	0	105	0	0	0	0	
1.0807e+06	0	0	0	0	0	0	0	121	0	0	0	0	
1.08145e+06	0	0	0	0	0	0	0	121	0	0	0	0	
1.0822e+06	0	0	0	0	0	0	0	101	0	0	0	0	
1.08295e+06	0	0	0	0	0	0	0	107	0	0	0	0	
1.0837e+06	0	0	0	0	0	0	0	117	0	0	0	0	
1.08445e+06	0	0	0	0	0	0	0	113	0	0	0	0	
1.0852e+06	0	0	0	0	0	0	147	0	0	0	0	0	
1.08595e+06	0	0	0	0	0	0	141	0	0	0	0	0	
1.08669e+06	0	0	0	0	0	0	123	0	0	0	0	0	
1.08744e+06	0	0	0	0	0	0	141	0	0	0	0	0	
1.08819e+06	0	0	0	0	0	0	163	0	0	0	0	0	
1.08894e+06	0	0	0	0	0	0	139	0	0	0	0	0	
1.08969e+06	0	0	0	0	0	0	117	0	0	0	0	0	
1.09044e+06	0	0	0	0	0	0	139	0	0	0	0	0	
1.09119e+06	0	0	0	0	0	0	153	0	0	0	0	0	
1.09193e+06	0	0	0	0	0	0	143	0	0	0	0	0	
1.09268e+06	0	0	0	0	0	0	143	0	0	0	0	0	
1.09343e+06	0	0	0	0	0	0	139	0	0	0	0	0	
1.09418e+06	0	0	0	0	0	0	145	0	0	0	0	0	
1.09493e+06	0	0	0	0	0	0	141	0	0	0	0	0	
1.09568e+06	0	0	0	0	0	0	139	0	0	0	0	0	
1.09643e+06	0	0	0	0	0	0	131	0	0	0	0	0	
1.09718e+06	0	0	0	0	0	0	131	0	0	0	0	0	
1.09793e+06	0	0	0	0	0	0	141	0	0	0	0	0	
1.09868e+06	0	0	0	0	0	0	0	119	0	0	0	0	
1.09943e+06	0	0	0	0	0	0	0	121	0	0	0	0	
1.10018e+06	0	0	0	0	0	0	0	125	0	0	0	0	
1.10093e+06	0	0	0	0	0	0	0	113	0	0	0	0	
1.10168e+06	0	0	0	0	0	0	0	111	0	0	0	0	
1.10243e+06	0	0	0	0	0	0	0	131	0	0	0	0	
1.10318e+06	0	0	0	0	0	0	0	107	0	0	0	0	
1.10394e+06	0	0	0	0	0	1	3	115	0	0	0	0	
1.10469e+06	0	0	0	0	0	0	0	107	0	0	0	0	
1.10544e+06	0	0	0	0	0	0	0	101	0	0	0	0	
1.10619e+06	0	0	0	0	0	0	0	111	0	0	0	0	
1.10694e+06	0	0	0	0	0	0	0	129	0	0	0	0	
1.10769e+06	0	0	0	0	0	0	0	99	0	0	0	0	
1.10844e+06	0	0	0	0	0	0	0	129	0	0	0	0	
1.10919e+06	0	0	0	0	0	0	0	107	0	0	0	0	
1.10994e+06	0	0	0	0	0	0	0	127	0	0	0	0	
1.11069e+06	0	0	0	0	0	0	0	115	0	0	0	0	
1.11144e+06	0	0	0	0	0	0	0	123	0	0	0	0	
1.11219e+06	0	0	0	0	0	0	0	129	0	0	0	0	
1.11294e+06	0	0	0	0	0	0	0	121	0	0	0	0	
1.11369e+06	0	0	0	0	0	0	0	115	0	0	0	0	
1.11444e+06	0	0	0	0	0	0	0	107	0	0	0	0	
1.11519e+06	0	0	0	0	0	0	0	123	0	0	0	0	
1.11594e+06	0	0	0	0	0	0	0	133	0	0	0	0	
1.11669e+06	0	0	0	0	0	0	0	105	0	0	0	0	
1.11744e+06	0	0	0	0	0	0	0	121	0	0	0	0	
1.11819e+06	0	0	0	0	0	0	0	139	0	0	0	0	
1.11894e+06	0	0	0	0	0	0	0	123	0	0	0	0	
1.11969e+06	0	0	0	0	0	0	0	121	0	0	0	0	
1.12043e+06	0	0	0	0	0	0	0	137	0	0	0	0	
1.12118e+06	0	0	0	0	0	0	0	117	0	0	0	0	
1.12194e+06	0	0	0	0	0	0	0	111	0	0	0	0	
1.12269e+06	0	0	0	0	0	0	0	115	0	0	0	0	
1.12344e+06	0	0	0	0	0	0	0	113	0	0	0	0	
1.12418e+06	0	0	0	0	0	0	0	125	0	0	0	0	
1.12493e+06	0	0	0	0	0	0	0	109	0	0	0	0	
1.12568e+06	0	0	0	0	0	0	0	115	0	0	0	0	
1.12643e+06	0	0	0	0	0	0	0	117	0	0	0	0	
1.12718e+06	0	0	0	0	0	0	0	111	0	0	0	0	
1.12793e+06	0	0	0	0	0	0	0	107	0	0	0	0	
1.12868e+06	0	0	0	0	0	0	0	115	0	0	0	0	
1.12943e+06	0	0	0	0	0	0	0	119	0	0	0	0	
1.13018e+06	0	0	0	0	0	0	0	111	0	0	0	0	
1.13093e+06	0	0	0	0	0	0	0	123	0	0	0	0	
1.13168e+06	0	0	0	0	0	0	0	117	0	0	0	0	
1.13243e+06	0	0	0	0	0	0	0	129	0	0	0	0	
1.13318e+06	0	0	0	0	0	0	0	115	0	0	0	0	
1.13394e+06	0	0	0	0	0	0	0	117	0	0	0	0	
1.13469e+06	0	0	0	0	0	0	0	113	0	0	0	0	
1.13544e+06	0	0	0	0	0	0	0	107	0	0	0	0	
1.13619e+06	0	0	0	0	0	0	0	115	0	0	0	0	
1.13694e+06	0	0	0	0	0	0	0	123	0	0	0	0	
1.13769e+06	0	0	0	0	0	0	0	109	0	0	0	0	
1.13844e+06	0	0	0	0	0	0	0	117	0	0	0	0	
1.13919e+06	0	0	0	0	0	0	0	121	0	0	0	0	
1.13994e+06	0	0	0	0	0	0	0	115	0	0	0	0	
1.14069e+06	0	0	0	0	0	0	0	117	0	0	0	0	
1.14144e+06	0	0	0	0	0	0	0	121	0	0	0	0	
1.14218e+06	0	0	0	0	0	0	0	97	0	0	0	0	
1.14294e+06	0	0	0	0	0	0	0	117	0	0	0	0	
1.14369e+06	0	0	0	0	0	0	0	107	0	0	0	0	
1.14444e+06	0	0	0	0	0	0	0	107	0	0	0	0	
1.14518e+06	0	0	0	0	0	0	0	0	115	0	0	0	
1.14594e+06	0	0	0	0	0	0	0	0	105	0	0	0	
1.14669e+06	0	0	0	0	0	0	0	0	107	0	0	0	
1.14744e+06	0	0	0	0	0	0	0	0	99	0	0	0	
1.14819e+06	0	0	0	0	0	0	0	0	85	0	0	0	
1.14894e+06	0	0	0	0	0	0	0	0	105	0	0	0	
1.14969e+06	0	0	0	0	0	0	0	0	99	0	0	0	
1.15044e+06	0	0	0	0	0	0	0	0	80	1	0	0	
1.15119e+06	0	0	0	0	0	0	0	0	93	0	0	0	
1.15194e+06	0	0	0	0	0	0	0	0	113	0	0	0	
1.15269e+06	0	0	0	0	0	0	0	0	83	0	0	0	
1.15344e+06	0	0	0	0	0	0	0	0	99	0	0	0	
1.15419e+06	0	0	0	0	0	0	0	0	93	0	0	0	
1.15494e+06	0	0	0	0	0	0	0	0	105	0	0	0	
1.15569e+06	0	0	0	0	0	0	0	0	0	83	0	0	
1.15644e+06	0	0	0	0	0	0	0	0	0	67	0	0	
1.15719e+06	0	0	0	0	0	0	0	0	0	0	63	0	
1.15794e+06	0	0	0	0	0	0	0	0	0	0	61	0	
1.15869e+06	0	0	0	0	0	0	0	0	0	0	59	0	
1.15943e+06	0	0	0	0	0	0	0	0	0	0	59	0	
1.16019e+06	0	0	0	0	0	0	0	0	0	0	0	53	
1.16094e+06	0	0	0	0	0	0	0	0	0	0	0	53	
1.16169e+06	0	0	0	0	0	0	0	0	0	0	0	51	
1.16244e+06	0	0	0	0	0	0	0	0	0	0	0	47	
1.16319e+06	0	0	0	0	0	0	0	0	0	0	0	53	
1.16393e+06	0	0	0	0	0	0	0	0	0	0	0	41	
1.16469e+06	0	0	0	0	0	0	0	0	0	0	0	51	
1.16543e+06	0	0	0	0	0	0	0	0	0	0	0	39	
1.16619e+06	0	0	0	0	0	0	0	0	0	0	0	49	
1.16694e+06	0	0	0	0	0	0	0	0	0	0	55	0	
1.16769e+06	0	0	0	0	0	0	0	0	0	0	57	0	
1.16844e+06	0	0	0	0	0	0	0	0	0	0	0	43	
1.16918e+06	0	0	0	0	0	0	0	0	0	0	0	45	
1.16993e+06	0	0	0	0	0	0	0	0	0	0	0	71	
1.17068e+06	0	0	0	0	0	0	0	0	0	0	0	49	
1.17143e+06	0	0	0	0	0	0	0	0	0	0	0	51	
1.17218e+06	0	0	0	0	0	0	0	0	0	0	0	37	
1.17293e+06	0	0	0	0	0	0	0	0	0	0	0	59	
1.17369e+06	0	0	0	0	0	0	0	0	0	0	0	47	
1.17444e+06	0	0	0	0	0	0	0	0	0	0	0	57	
1.17519e+06	0	0	0	0	0	0	0	0	0	0	0	51	
1.17594e+06	0	0	0	0	0	0	0	0	0	0	0	53	
1.17669e+06	0	0	0	0	0	0	0	0	0	0	0	55	
1.17744e+06	0	0	0	0	0	0	0	0	0	0	0	47	
1.17818e+06	0	0	0	0	0	0	0	0	0	0	0	43	
1.17893e+06	0	0	0	0	0	0	0	0	0	0	0	47	
1.17968e+06	0	0	0	0	0	0	0	0	0	0	0	51	
1.18043e+06	0	0	0	0	0	0	0	0	0	0	0	39	
1.18118e+06	0	0	0	0	0	0	0	0	0	0	0	51	
1.18193e+06	0	0	0	0	0	0	0	0	0	0	0	53	
1.18268e+06	0	0	0	0	0	0	0	0	0	0	0	55	
1.18343e+06	0	0	0	0	0	0	0	0	0	0	0	59	
1.18418e+06	0	0	0	0	0	0	0	0	0	0	0	33	
1.18493e+06	0	0	0	0	0	0	0	0	0	0	0	71	
1.18568e+06	0	0	0	0	0	0	0	0	0	0	0	47	
1.18643e+06	0	0	0	0	0	0	0	0	0	0	0	35	
1.18718e+06	0	0	0	0	0	0	0	0	0	0	0	49	
1.18793e+06	0	0	0	0	0	0	0	0	0	0	0	41	
1.18868e+06	0	0	0	0	0	0	0	0	0	0	0	69	
1.18943e+06	0	0	0	0	0	0	0	0	0	0	0	31	
1.19018e+06	0	0	0	0	0	0	0	0	0	0	0	55	
1.19093e+06	0	0	0	0	0	0	0	0	0	0	0	49	
1.19168e+06	0	0	0	0	0	0	0	0	0	0	0	59	
1.19243e+06	0	0	0	0	0	0	0	0	0	0	0	39	
1.19318e+06	0	0	0	0	0	0	0	0	0	0	0	55	
1.19393e+06	0	0	0	0	0	0	0	0	0	0	0	59	
1.19468e+06	0	0	0	0	0	0	0	0	0	0	0	53	
1.19543e+06	0	0	0	0	0	0	0	0	0	0	0	49	
1.19618e+06	0	0	0	0	0	0	0	0	0	0	0	53	
1.19693e+06	0	0	0	0	0	0	0	0	0	0	0	57	
1.19768e+06	0	0	0	0	0	0	0	0	0	0	65	0	
1.19843e+06	0	0	0	0	0	0	0	0	0	0	57	0	
1.19918e+06	0	0	0	0	0	0	0	0	0	0	67	0	
1.19993e+06	0	0	0	0	0	0	0	0	0	81	0	0	
1.20068e+06	0	0	0	0	0	0	0	0	0	81	0	0	
1.20143e+06	0	0	0	0	0	0	0	0	0	83	0	0	
1.20218e+06	0	0	0	0	0	0	0	0	0	63	0	0	
1.20293e+06	0	0	0	0	0	0	0	0	0	0	51	0	
1.20368e+06	0	0	0	0	0	0	0	0	0	0	59	0	
1.20443e+06	0	0	0	0	0	0	0	0	0	0	0	59	
1.20518e+06	0	0	0	0	0	0	0	0	0	0	0	59	
1.20593e+06	0	0	0	0	0	0	0	0	0	0	0	43	
1.20667e+06	0	0	0	0	0	0	0	0	0	0	79	0	
1.20742e+06	0	0	0	0	0	0	0	0	0	77	0	0	
1.20817e+06	0	0	0	0	0	0	0	0	0	67	0	0	
1.20893e+06	0	0	0	0	0	0	0	0	0	77	0	0	
1.20968e+06	0	0	0	0	0	0	0	0	0	75	0	0	
1.21043e+06	0	0	0	0	0	0	0	0	0	83	0	0	
1.21117e+06	0	0	0	0	0	0	0	0	0	0	51	0	
1.21193e+06	0	0	0	0	0	0	0	0	0	0	49	0	
1.21268e+06	0	0	0	0	0	0	0	0	0	0	55	0	
1.21343e+06	0	0	0	0	0	0	0	0	0	0	55	0	
1.21418e+06	0	0	0	0	0	0	0	0	0	0	65	0	
1.21493e+06	0	0	0	0	0	0	0	0	0	0	71	0	
1.21568e+06	0	0	0	0	0	0	0	0	0	0	0	39	
1.21644e+06	0	0	0	0	0	0	0	0	0	0	0	51	
1.21719e+06	0	0	0	0	0	0	0	0	0	0	0	53	
1.21794e+06	0	0	0	0	0	0	0	0	0	0	0	55	
1.21869e+06	0	0	0	0	0	0	0	0	0	0	0	39	
1.21944e+06	0	0	0	0	0	0	0	0	0	0	0	43	
1.22019e+06	0	0	0	0	0	0	0	0	0	0	0	49	
1.22094e+06	0	0	0	0	0	0	0	0	0	0	0	73	
1.22169e+06	0	0	0	0	0	0	0	0	0	0	0	41	
1.22244e+06	0	0	0	0	0	0	0	0	0	0	0	49	
1.2232e+06	0	0	0	0	0	0	0	0	0	0	0	55	
1.22394e+06	0	0	0	0	0	0	0	0	0	0	0	37	
1.22469e+06	0	0	0	0	0	0	0	0	0	0	0	55	
1.22544e+06	0	0	0	0	0	0	0	0	0	0	0	55	
1.22619e+06	0	0	0	0	0	0	0	0	0	0	0	51	
1.22693e+06	0	0	0	0	0	0	0	0	0	0	0	43	
1.22768e+06	0	0	0	0	0	0	0	0	0	0	0	43	
1.22843e+06	0	0	0	0	0	0	0	0	0	0	0	55	
1.22919e+06	0	0	0	0	0	0	0	0	0	0	0	53	
1.22994e+06	0	0	0	0	0	0	0	0	0	0	0	43	
1.23068e+06	0	0	0	0	0	0	0	0	0	0	0	59	
1.23143e+06	0	0	0	0	0	0	0	0	0	0	0	35	
1.23218e+06	0	0	0	0	0	0	0	0	0	0	0	47	
1.23293e+06	0	0	0	0	0	0	0	0	0	0	0	57	
1.23368e+06	0	0	0	0	0	0	0	0	0	0	0	53	
1.23442e+06	0	0	0	0	0	0	0	0	0	0	63	0	
1.23518e+06	0	0	0	0	0	0	0	0	0	0	55	0	
1.23593e+06	0	0	0	0	0	0	0	0	0	0	69	0	
1.23668e+06	0	0	0	0	0	0	0	0	0	0	57	0	
1.23743e+06	0	0	0	0	0	0	0	0	0	0	65	0	
1.23818e+06	0	0	0	0	0	0	0	0	0	0	55	0	
1.23893e+06	0	0	0	0	0	0	0	0	0	0	0	47	
1.23968e+06	0	0	0	0	0	0	0	0	0	0	0	39	
1.24042e+06	0	0	0	0	0	0	0	0	0	0	0	49	
1.24118e+06	0	0	0	0	0	0	0	0	0	0	0	53	
1.24193e+06	0	0	0	0	0	0	0	0	0	0	0	51	
1.24268e+06	0	0	0	0	0	0	0	0	0	0	0	45	
1.24343e+06	0	0	0	0	0	0	0	0	0	0	0	39	
1.24418e+06	0	0	0	0	0	0	0	0	0	0	0	47	
1.24492e+06	0	0	0	0	0	0	0	0	0	0	0	59	
1.24567e+06	0	0	0	0	0	0	0	0	0	0	0	45	
1.24642e+06	0	0	0	0	0	0	0	0	0	0	0	51	
1.24718e+06	0	0	0	0	0	0	0	0	0	0	0	47	
1.24792e+06	0	0	0	0	0	0	0	0	0	0	0	55	
1.24867e+06	0	0	0	0	0	0	0	0	0	0	0	47	
1.24942e+06	0	0	0	0	0	0	0	0	0	0	0	49	
1.25017e+06	0	0	0	0	0	0	0	0	0	0	0	49	
1.25092e+06	0	0	0	0	0	0	0	0	0	0	0	59	
1.25167e+06	0	0	0	0	0	0	0	0	0	0	0	57	
1.25242e+06	0	0	0	0	0	0	0	0	0	0	0	55	
1.25318e+06	0	0	0	0	0	0	0	0	0	0	0	53	
1.25393e+06	0	0	0	0	0	0	0	0	0	0	0	45	
1.25468e+06	0	0	0	0	0	0	0	0	0	0	0	43	
1.25543e+06	0	0	0	0	0	0	0	0	0	0	0	59	
1.25618e+06	0	0	0	0	0	0	0	0	0	0	0	57	
1.25693e+06	0	0	0	0	0	0	0	0	0	0	0	53	
1.25768e+06	0	0	0	0	0	0	0	0	0	0	0	51	
1.25843e+06	0	0	0	0	0	0	0	0	0	0	0	57	
1.25918e+06	0	0	0	0	0	0	0	0	0	0	0	51	
1.25993e+06	0	0	0	0	0	0	0	0	0	0	0	55	
1.26068e+06	0	0	0	0	0	0	0	0	0	0	0	59	
1.26143e+06	0	0	0	0	0	0	0	0	0	0	0	45	
1.26219e+06	0	0	0	0	0	0	0	0	0	0	63	0	
1.26294e+06	0	0	0	0	0	0	0	0	0	0	49	0	
1.26369e+06	0	0	0	0	0	0	0	0	0	0	59	0	
1.26444e+06	0	0	0	0	0	0	0	0	0	0	67	0	
1.26519e+06	0	0	0	0	0	0	0	0	0	0	53	0	
1.26594e+06	0	0	0	0	0	0	0	0	0	0	53	0	
1.26669e+06	0	0	0	0	0	0	0	0	0	0	57	0	
1.26744e+06	0	0	0	0	0	0	0	0	0	0	61	0	
1.26819e+06	0	0	0	0	0	0	0	0	0	0	49	0	
1.26894e+06	0	0	0	0	0	0	0	0	0	0	59	0	
1.2697e+06	0	0	0	0	0	0	0	0	0	0	49	0	
1.27044e+06	0	0	0	0	0	0	0	0	0	0	65	0	
1.2712e+06	0	0	0	0	0	0	0	0	0	0	47	0	
1.27194e+06	0	0	0	0	0	0	0	0	0	0	59	0	
1.27269e+06	0	0	0	0	0	0	0	0	0	0	75	0	
1.27344e+06	0	0	0	0	0	0	0	0	0	0	61	0	
1.27419e+06	0	0	0	0	0	0	0	0	0	77	0	0	
1.27493e+06	0	0	0	0	0	0	0	0	0	77	0	0	
1.27568e+06	0	0	0	0	0	0	0	0	0	61	0	0	
1.27643e+06	0	0	0	0	0	0	0	0	0	75	0	0	
1.27718e+06	0	0	0	0	0	0	0	0	0	0	59	0	
1.27793e+06	0	0	0	0	0	0	0	0	0	0	59	0	
1.27868e+06	0	0	0	0	0	0	0	0	0	0	57	0	
1.27943e+06	0	0	0	0	0	0	0	0	0	0	67	0	
1.28018e+06	0	0	0	0	0	0	0	0	0	0	0	51	
1.28094e+06	0	0	0	0	0	0	0	0	0	0	61	0	
1.28168e+06	0	0	0	0	0	0	0	0	0	0	57	0	
1.28243e+06	0	0	0	0	0	0	0	0	0	0	63	0	
1.28319e+06	0	0	0	0	0	0	0	0	0	0	59	0	
1.28394e+06	0	0	0	0	0	0	0	0	0	0	73	0	
1.28469e+06	0	0	0	0	0	0	0	0	0	0	65	0	
1.28543e+06	0	0	0	0	0	0	0	0	0	0	59	0	
1.28618e+06	0	0	0	0	0	0	0	0	0	0	71	0	
1.28693e+06	0	0	0	0	0	0	0	0	0	1	66	0	
1.28768e+06	0	0	0	0	0	0	0	0	0	0	55	0	
1.28843e+06	0	0	0	0	0	0	0	0	0	0	0	55	
1.28918e+06	0	0	0	0	0	0	0	0	0	0	0	59	
1.28993e+06	0	0	0	0	0	0	0	0	0	0	0	47	
1.29068e+06	0	0	0	0	0	0	0	0	0	0	0	59	
1.29143e+06	0	0	0	0	0	0	0	0	0	0	0	59	
1.29217e+06	0	0	0	0	0	0	0	0	0	0	0	61	
1.29293e+06	0	0	0	0	0	0	0	0	0	0	0	57	
1.29368e+06	0	0	0	0	0	0	0	0	0	0	0	45	
1.29443e+06	0	0	0	0	0	0	0	0	0	0	0	51	
1.29518e+06	0	0	0	0	0	0	0	0	0	0	63	0	
1.29592e+06	0	0	0	0	0	0	0	0	0	0	0	57	
1.29667e+06	0	0	0	0	0	0	0	0	0	0	0	49	
1.29742e+06	0	0	0	0	0	0	0	0	0	0	0	49	
1.29817e+06	0	0	0	0	0	0	0	0	0	0	0	59	
1.29892e+06	0	0	0	0	0	0	0	0	0	0	0	59	
1.29967e+06	0	0	0	0	0	0	0	0	0	0	15	36	
1.30042e+06	0	0	0	0	0	0	0	0	0	0	55	0	
1.30117e+06	0	0	0	0	0	0	0	0	0	0	69	0	
1.30192e+06	0	0	0	0	0	0	0	0	0	0	53	0	
1.30267e+06	0	0	0	0	0	0	0	0	0	0	53	0	
1.30342e+06	0	0	0	0	0	0	0	0	0	0	47	0	
1.30417e+06	0	0	0	0	0	0	0	0	0	0	73	0	
1.30492e+06	0	0	0	0	0	0	0	0	0	0	49	0	
1.30567e+06	0	0	0	0	0	0	0	0	0	0	61	0	
1.30642e+06	0	0	0	0	0	0	0	0	0	0	57	0	
1.30717e+06	0	0	0	0	0	0	0	0	0	0	53	0	
1.30792e+06	0	0	0	0	0	0	0	0	0	0	57	0	
1.30867e+06	0	0	0	0	0	0	0	0	0	0	55	0	
1.30942e+06	0	0	0	0	0	0	0	0	0	0	73	0	
1.31017e+06	0	0	0	0	0	0	0	0	0	0	55	0	
1.31092e+06	0	0	0	0	0	0	0	0	0	0	65	0	
1.31167e+06	0	0	0	0	0	0	0	0	0	0	57	0	
1.31242e+06	0	0	0	0	0	0	0	0	0	0	51	0	
1.31317e+06	0	0	0	0	0	0	0	0	0	0	73	0	
1.31392e+06	0	0	0	0	0	0	0	0	0	79	0	0	
1.31467e+06	0	0	0	0	0	0	0	0	0	75	0	0	
1.31542e+06	0	0	0	0	0	0	0	0	0	67	0	0	
1.31616e+06	0	0	0	0	0	0	0	0	0	75	0	0	
1.31692e+06	0	0	0	0	0	0	0	0	0	103	0	0	
1.31767e+06	0	0	0	0	0	0	0	0	0	85	0	0	
1.31842e+06	0	0	0	0	0	0	0	0	0	69	0	0	
1.31916e+06	0	0	0	0	0	0	0	0	0	87	0	0	
1.31992e+06	0	0	0	0	0	0	0	0	0	71	0	0	
1.32066e+06	0	0	0	0	0	0	0	0	0	71	0	0	
1.32142e+06	0	0	0	0	0	0	0	0	0	79	0	0	
1.32217e+06	0	0	0	0	0	0	0	0	0	69	0	0	
1.32292e+06	0	0	0	0	0	0	0	0	0	69	0	0	
1.32367e+06	0	0	0	0	0	0	0	0	0	71	0	0	
1.32442e+06	0	0	0	0	0	0	0	0	0	91	0	0	
1.32517e+06	0	0	0	0	0	0	0	0	0	73	0	0	
1.32593e+06	0	0	0	0	0	0	0	0	0	73	0	0	
1.32668e+06	0	0	0	0	0	0	0	0	0	83	0	0	
1.32743e+06	0	0	0	0	0	0	0	0	0	73	0	0	
1.32818e+06	0	0	0	0	0	0	0	0	0	77	0	0	
1.32893e+06	0	0	0	0	0	0	0	0	0	91	0	0	
1.32968e+06	0	0	0	0	0	0	0	0	0	81	0	0	
1.33043e+06	0	0	0	0	0	0	0	0	0	75	0	0	
1.33118e+06	0	0	0	0	0	0	0	0	0	87	0	0	
1.33193e+06	0	0	0	0	0	0	0	0	0	73	0	0	
1.33268e+06	0	0	0	0	0	0	0	0	0	77	0	0	
1.33343e+06	0	0	0	0	0	0	0	0	0	67	0	0	
1.33418e+06	0	0	0	0	0	0	0	0	0	61	0	0	
1.33493e+06	0	0	0	0	0	0	0	0	0	71	0	0	
1.33568e+06	0	0	0	0	0	0	0	0	0	89	0	0	
1.33643e+06	0	0	0	0	0	0	0	0	0	79	0	0	
1.33718e+06	0	0	0	0	0	0	0	0	0	71	0	0	
1.33793e+06	0	0	0	0	0	0	0	0	0	77	0	0	
1.33868e+06	0	0	0	0	0	0	0	0	0	85	0	0	
1.33943e+06	0	0	0	0	0	0	0	0	0	85	0	0	
1.34018e+06	0	0	0	0	0	0	0	0	0	81	0	0	
1.34093e+06	0	0	0	0	0	0	0	0	0	73	0	0	
1.34168e+06	0	0	0	0	0	0	0	0	0	75	0	0	
1.34243e+06	0	0	0	0	0	0	0	0	0	87	0	0	
1.34318e+06	0	0	0	0	0	0	0	0	0	79	0	0	
1.34393e+06	0	0	0	0	0	0	0	0	0	61	0	0	
1.34467e+06	0	0	0	0	0	0	0	0	0	79	0	0	
1.34543e+06	0	0	0	0	0	0	0	0	0	73	0	0	
1.34618e+06	0	0	0	0	0	0	0	0	0	77	0	0	
1.34693e+06	0	0	0	0	0	0	0	0	0	73	0	0	
1.34768e+06	0	0	0	0	0	0	0	0	0	73	0	0	
1.34842e+06	0	0	0	0	0	0	0	0	0	65	0	0	
1.34917e+06	0	0	0	0	0	0	0	0	0	75	0	0	
1.34993e+06	0	0	0	0	0	0	0	0	0	73	0	0	
1.35068e+06	0	0	0	0	0	0	0	0	0	77	0	0	
1.35143e+06	0	0	0	0	0	0	0	0	0	89	0	0	
1.35218e+06	0	0	0	0	0	0	0	0	99	0	0	0	
1.35294e+06	0	0	0	0	0	0	0	0	85	0	0	0	
1.35369e+06	0	0	0	0	0	0	0	0	103	0	0	0	
1.35444e+06	0	0	0	0	0	0	0	0	109	0	0	0	
1.35519e+06	0	0	0	0	0	0	0	0	89	0	0	0	
1.35594e+06	0	0	0	0	0	0	0	0	83	0	0	0	
1.35669e+06	0	0	0	0	0	0	0	0	105	0	0	0	
1.35744e+06	0	0	0	0	0	0	0	0	105	0	0	0	
1.35819e+06	0	0	0	0	0	0	0	0	81	0	0	0	
1.35894e+06	0	0	0	0	0	0	0	0	0	73	0	0	
1.35968e+06	0	0	0	0	0	0	0	0	0	73	0	0	
1.36044e+06	0	0	0	0	0	0	0	0	0	75	0	0	
1.36119e+06	0	0	0	0	0	0	0	0	0	65	0	0	
1.36194e+06	0	0	0	0	0	0	0	0	0	81	0	0	
1.36269e+06	0	0	0	0	0	0	0	0	0	65	0	0	
1.36345e+06	0	0	0	0	0	0	0	0	0	89	0	0	
1.3642e+06	0	0	0	0	0	0	0	0	0	87	0	0	
1.36495e+06	0	0	0	0	0	0	0	0	0	59	0	0	
1.3657e+06	0	0	0	0	0	0	0	0	0	69	0	0	
1.36645e+06	0	0	0	0	0	0	0	0	0	89	0	0	
1.3672e+06	0	0	0	0	0	0	0	0	0	79	0	0	
1.36795e+06	0	0	0	0	0	0	0	0	0	79	0	0	
1.3687e+06	0	0	0	0	0	0	0	0	0	89	0	0	
1.36945e+06	0	0	0	0	0	0	0	0	0	83	0	0	
1.3702e+06	0	0	0	0	0	0	0	0	0	65	0	0	
1.37095e+06	0	0	0	0	0	0	0	0	97	0	0	0	
1.3717e+06	0	0	0	0	0	0	0	0	0	73	0	0	
1.37245e+06	0	0	0	0	0	0	0	0	0	67	0	0	
1.3732e+06	0	0	0	0	0	0	0	0	0	75	0	0	
1.37395e+06	0	0	0	0	0	0	0	0	0	79	0	0	
1.3747e+06	0	0	0	0	0	0	0	0	0	71	0	0	
1.37545e+06	0	0	0	0	0	0	0	0	0	65	0	0	
1.3762e+06	0	0	0	0	0	0	0	0	0	89	0	0	
1.37695e+06	0	0	0	0	0	0	0	0	0	91	0	0	
1.3777e+06	0	0	0	0	0	0	0	0	0	87	0	0	
1.37846e+06	0	0	0	0	0	0	0	0	0	63	0	0	
1.37921e+06	0	0	0	0	0	0	0	0	0	61	0	0	
1.37996e+06	0	0	0	0	0	0	0	0	0	81	0	0	
1.38071e+06	0	0	0	0	0	0	0	0	0	65	0	0	
1.38146e+06	0	0	0	0	0	0	0	0	0	71	0	0	
1.38221e+06	0	0	0	0	0	0	0	0	0	83	0	0	
1.38296e+06	0	0	0	0	0	0	0	0	0	83	0	0	
1.38372e+06	0	0	0	0	0	0	0	0	0	91	0	0	
1.38447e+06	0	0	0	0	0	0	0	0	0	71	0	0	
1.38522e+06	0	0	0	0	0	0	0	0	0	65	0	0	
1.38597e+06	0	0	0	0	0	0	0	0	0	69	0	0	
1.38672e+06	0	0	0	0	0	0	0	0	0	83	0	0	
1.38746e+06	0	0	0	0	0	0	0	0	0	65	0	0	
1.38822e+06	0	0	0	0	0	0	0	0	0	77	0	0	
1.38897e+06	0	0	0	0	0	0	0	0	0	73	0	0	
1.38971e+06	0	0	0	0	0	0	0	0	0	65	0	0	
1.39047e+06	0	0	0	0	0	0	0	0	0	0	55	0	
1.39122e+06	0	0	0	0	0	0	0	0	0	0	65	0	
1.39197e+06	0	0	0	0	0	0	0	0	0	0	55	0	
1.39271e+06	0	0	0	0	0	0	0	0	0	0	71	0	
1.39346e+06	0	0	0	0	0	0	0	0	0	0	61	0	
1.39421e+06	0	0	0	0	0	0	0	0	0	0	67	0	
1.39496e+06	0	0	0	0	0	0	0	0	0	0	89	0	
1.39571e+06	0	0	0	0	0	0	0	0	0	0	55	0	
1.39646e+06	0	0	0	0	0	0	0	0	0	0	67	0	
1.39721e+06	0	0	0	0	0	0	0	0	0	0	61	0	
1.39796e+06	0	0	0	0	0	0	0	0	0	0	51	0	
1.39871e+06	0	0	0	0	0	0	0	0	0	0	57	0	
1.39946e+06	0	0	0	0	0	0	0	0	0	0	52	3	
1.40021e+06	0	0	0	0	0	0	0	0	0	0	0	51	
1.40096e+06	0	0	0	0	0	0	0	0	0	0	65	0	
1.4017e+06	0	0	0	0	0	0	0	0	0	0	57	0	
1.40245e+06	0	0	0	0	0	0	0	0	0	0	73	0	
1.4032e+06	0	0	0	0	0	0	0	0	0	0	47	0	
1.40396e+06	0	0	0	0	0	0	0	0	0	0	73	0	
1.40471e+06	0	0	0	0	0	0	0	0	0	0	0	55	
1.40546e+06	0	0	0	0	0	0	0	0	0	0	63	0	
1.40621e+06	0	0	0	0	0	0	0	0	0	0	53	0	
1.40695e+06	0	0	0	0	0	0	0	0	0	0	61	0	
1.4077e+06	0	0	0	0	0	0	0	0	0	0	57	0	
1.40845e+06	0	0	0	0	0	0	0	0	0	0	73	0	
1.4092e+06	0	0	0	0	0	0	0	0	0	0	61	0	
1.40995e+06	0	0	0	0	0	0	0	0	0	0	53	0	
1.4107e+06	0	0	0	0	0	0	0	0	0	0	0	47	
1.41145e+06	0	0	0	0	0	0	0	0	0	0	0	59	
1.41221e+06	0	0	0	0	0	0	0	0	0	0	0	47	
1.41295e+06	0	0	0	0	0	0	0	0	0	0	0	55	
1.41371e+06	0	0	0	0	0	0	0	0	0	0	0	51	
1.41446e+06	0	0	0	0	0	0	0	0	0	0	0	61	
1.41521e+06	0	0	0	0	0	0	0	0	0	0	0	53	
1.41596e+06	0	0	0	0	0	0	0	0	0	0	0	41	
1.41671e+06	0	0	0	0	0	0	0	0	0	0	0	55	
1.41746e+06	0	0	0	0	0	0	0	0	0	0	0	43	
1.41821e+06	0	0	0	0	0	0	0	0	0	0	0	47	
1.41896e+06	0	0	0	0	0	0	0	0	0	0	0	41	
1.41971e+06	0	0	0	0	0	0	0	0	0	0	57	0	
1.42046e+06	0	0	0	0	0	0	0	0	0	0	55	0	
1.42121e+06	0	0	0	0	0	0	0	0	0	0	57	0	
1.42197e+06	0	0	0	0	0	0	0	0	0	67	0	0	
1.42271e+06	0	0	0	0	0	0	0	0	0	79	0	0	
1.42347e+06	0	0	0	0	0	0	0	0	0	75	0	0	
1.42422e+06	0	0	0	0	0	0	0	0	0	93	0	0	
1.42497e+06	0	0	0	0	0	0	0	0	0	77	0	0	
1.42572e+06	0	0	0	0	0	0	0	0	0	83	0	0	
1.42647e+06	0	0	0	0	0	0	0	0	0	87	0	0	
1.42722e+06	0	0	0	0	0	0	0	0	0	89	0	0	
1.42797e+06	0	0	0	0	0	0	0	0	0	71	0	0	
1.42872e+06	0	0	0	0	0	0	0	0	0	69	0	0	
1.42947e+06	0	0	0	0	0	0	0	0	0	73	0	0	
1.43022e+06	0	0	0	0	0	0	0	0	0	89	0	0	
1.43097e+06	0	0	0	0	0	0	0	0	0	61	0	0	
1.43172e+06	0	0	0	0	0	0	0	0	0	0	65	0	
1.43246e+06	0	0	0	0	0	0	0	0	0	0	63	0	
1.43322e+06	0	0	0	0	0	0	0	0	0	0	55	0	
1.43397e+06	0	0	0	0	0	0	0	0	0	0	73	0	
1.43471e+06	0	0	0	0	0	0	0	0	0	0	73	0	
1.43546e+06	0	0	0	0	0	0	0	0	0	0	63	0	
1.43621e+06	0	0	0	0	0	0	0	0	0	0	75	0	
1.43696e+06	0	0	0	0	0	0	0	0	0	0	61	0	
1.43771e+06	0	0	0	0	0	0	0	0	0	0	69	0	
1.43846e+06	0	0	0	0	0	0	0	0	0	0	69	0	
1.43921e+06	0	0	0	0	0	0	0	0	0	0	59	0	
1.43996e+06	0	0	0	0	0	0	0	0	0	0	69	0	
1.44072e+06	0	0	0	0	0	0	0	0	0	0	45	0	
1.44147e+06	0	0	0	0	0	0	0	0	0	0	67	0	
1.44222e+06	0	0	0	0	0	0	0	0	0	0	51	0	
1.44296e+06	0	0	0	0	0	0	0	0	0	0	61	0	
1.44371e+06	0	0	0	0	0	0	0	0	0	0	63	0	
1.44447e+06	0	0	0	0	0	0	0	0	0	0	57	0	
1.44522e+06	0	0	0	0	0	0	0	0	0	0	69	0	
1.44597e+06	0	0	0	0	0	0	0	0	0	0	67	0	
1.44672e+06	0	0	0	0	0	0	0	0	0	0	61	0	
1.44747e+06	0	0	0	0	0	0	0	0	0	0	57	0	
1.44821e+06	0	0	0	0	0	0	0	0	0	0	65	0	
1.44896e+06	0	0	0	0	0	0	0	0	0	0	79	0	
1.44971e+06	0	0	0	0	0	0	0	0	0	0	0	43	
1.45046e+06	0	0	0	0	0	0	0	0	0	0	0	59	
1.45121e+06	0	0	0	0	0	0	0	0	0	0	0	47	
1.45196e+06	0	0	0	0	0	0	0	0	0	0	0	35	
1.45271e+06	0	0	0	0	0	0	0	0	0	0	0	43	
1.45346e+06	0	0	0	0	0	0	0	0	0	0	0	59	
1.45421e+06	0	0	0	0	0	0	0	0	0	0	0	63	
1.45496e+06	0	0	0	0	0	0	0	0	0	0	0	43	
1.45571e+06	0	0	0	0	0	0	0	0	0	0	0	57	
1.45646e+06	0	0	0	0	0	0	0	0	0	0	0	49	
1.45721e+06	0	0	0	0	0	0	0	0	0	0	0	53	
1.45796e+06	0	0	0	0	0	0	0	0	0	0	0	59	
1.45871e+06	0	0	0	0	0	0	0	0	0	0	0	49	
1.45946e+06	0	0	0	0	0	0	0	0	0	0	0	47	
1.46021e+06	0	0	0	0	0	0	0	0	0	0	0	49	
1.46096e+06	0	0	0	0	0	0	0	0	0	0	0	39	
1.46171e+06	0	0	0	0	0	0	0	0	0	0	0	41	
1.46246e+06	0	0	0	0	0	0	0	0	0	0	55	0	
1.46321e+06	0	0	0	0	0	0	0	0	0	0	59	0	
1.46396e+06	0	0	0	0	0	0	0	0	0	0	69	0	
1.46471e+06	0	0	0	0	0	0	0	0	0	0	69	0	
1.46546e+06	0	0	0	0	0	0	0	0	0	0	73	0	
1.46621e+06	0	0	0	0	0	0	0	0	0	0	53	0	
1.46696e+06	0	0	0	0	0	0	0	0	0	0	65	0	
1.46771e+06	0	0	0	0	0	0	0	0	0	0	57	0	
1.46846e+06	0	0	0	0	0	0	0	0	0	0	65	0	
1.46921e+06	0	0	0	0	0	0	0	0	0	0	69	0	
1.46997e+06	0	0	0	0	0	0	0	0	0	0	78	1	
1.47072e+06	0	0	0	0	0	0	0	0	0	0	45	0	
1.47146e+06	0	0	0	0	0	0	0	0	0	0	55	0	
1.47221e+06	0	0	0	0	0	0	0	0	0	0	59	0	
1.47296e+06	0	0	0	0	0	0	0	0	0	0	77	0	
1.47371e+06	0	0	0	0	0	0	0	0	0	0	67	0	
1.47446e+06	0	0	0	0	0	0	0	0	0	0	57	0	
1.47522e+06	0	0	0	0	0	0	0	0	0	0	67	0	
1.47597e+06	0	0	0	0	0	0	0	0	0	0	59	0	
1.47672e+06	0	0	0	0	0	0	0	0	0	0	59	0	
1.47747e+06	0	0	0	0	0	0	0	0	0	81	0	0	
1.47822e+06	0	0	0	0	0	0	0	0	0	79	0	0	
1.47897e+06	0	0	0	0	0	0	0	0	0	77	0	0	
1.47972e+06	0	0	0	0	0	0	0	0	0	81	0	0	
1.48047e+06	0	0	0	0	0	0	0	0	0	69	0	0	
1.48122e+06	0	0	0	0	0	0	0	0	0	83	0	0	
1.48197e+06	0	0	0	0	0	0	0	0	0	85	0	0	
1.48271e+06	0	0	0	0	0	0	0	0	0	69	0	0	
1.48346e+06	0	0	0	0	0	0	0	0	0	83	0	0	
1.48421e+06	0	0	0	0	0	0	0	0	0	0	55	0	
1.48496e+06	0	0	0	0	0	0	0	0	0	0	73	0	
1.48571e+06	0	0	0	0	0	0	0	0	0	0	57	0	
1.48646e+06	0	0	0	0	0	0	0	0	0	0	53	0	
1.48721e+06	0	0	0	0	0	0	0	0	0	0	63	0	
1.48796e+06	0	0	0	0	0	0	0	0	0	0	71	0	
1.48871e+06	0	0	0	0	0	0	0	0	0	65	0	0	
1.48946e+06	0	0	0	0	0	0	0	0	0	77	0	0	
1.49021e+06	0	0	0	0	0	0	0	0	0	81	0	0	
1.49096e+06	0	0	0	0	0	0	0	0	103	0	0	0	
1.49171e+06	0	0	0	0	0	0	0	0	93	0	0	0	
1.49246e+06	0	0	0	0	0	0	0	0	85	0	0	0	
1.49321e+06	0	0	0	0	0	0	0	0	83	0	0	0	
1.49396e+06	0	0	0	0	0	0	0	0	97	0	0	0	
1.49471e+06	0	0	0	0	0	0	0	0	115	0	0	0	
1.49546e+06	0	0	0	0	0	0	0	0	91	0	0	0	
1.49621e+06	0	0	0	0	0	0	0	0	97	0	0	0	
1.49696e+06	0	0	0	0	0	0	0	0	87	0	0	0	
1.49771e+06	0	0	0	0	0	0	0	0	91	0	0	0	
1.49846e+06	0	0	0	0	0	0	0	0	111	0	0	0	
1.49921e+06	0	0	0	0	0	0	0	0	97	0	0	0	
1.49996e+06	0	0	0	0	0	0	0	113	0	0	0	0	
1.49996e+06	0	0	0	0	0	0	0	113	0	0	0	0	
