Time	s0	s1	s2	s3	s4	s5	s6	s7	s8	s9	s10	s11	
0	0	0	0	0	0	0	0	0	0	0	0	200	
0.000790596	0	0	0	0	0	0	0	0	0	0	0	199	
749.246	0	0	0	0	0	0	0	0	0	0	0	65	
1500.74	0	0	0	0	0	0	0	0	0	0	0	51	
2250.98	0	0	0	0	0	0	0	0	0	0	0	43	
3005.19	0	0	0	0	0	0	0	0	0	0	0	41	
3754.19	0	0	0	0	0	0	0	0	0	0	0	51	
4500.36	0	0	0	0	0	0	0	0	0	0	0	49	
5251.31	0	0	0	0	0	0	0	0	0	0	0	45	
6003.03	0	0	0	0	0	0	0	0	0	0	0	53	
6752.62	0	0	0	0	0	0	0	0	0	0	0	53	
7501.64	0	0	0	0	0	0	0	0	0	0	0	39	
8256.94	0	0	0	0	0	0	0	0	0	0	0	43	
9009.18	0	0	0	0	0	0	0	0	0	0	0	49	
9759.02	0	0	0	0	0	0	0	0	0	0	0	35	
10504.7	0	0	0	0	0	0	0	0	0	0	0	59	
11257.4	0	0	0	0	0	0	0	0	0	0	0	53	
12011.2	0	0	0	0	0	0	0	0	0	0	0	59	
12758.7	0	0	0	0	0	0	0	0	0	0	0	71	
13505.4	0	0	0	0	0	0	0	0	0	0	0	59	
14258.4	0	0	0	0	0	0	0	0	0	0	0	59	
15009.9	0	0	0	0	0	0	0	0	0	0	0	43	
15762	0	0	0	0	0	0	0	0	0	0	0	51	
16511.6	0	0	0	0	0	0	0	0	0	0	0	57	
17260.5	0	0	0	0	0	0	0	0	0	0	0	61	
18006.4	0	0	0	0	0	0	0	0	0	0	65	0	
18757.1	0	0	0	0	0	0	0	0	0	0	71	0	
19511.5	0	0	0	0	0	0	0	0	0	0	71	0	
20258.7	0	0	0	0	0	0	0	0	0	0	65	0	
21010.9	0	0	0	0	0	0	0	0	0	0	73	0	
21762	0	0	0	0	0	0	0	0	0	0	69	0	
22515.1	0	0	0	0	0	0	0	0	0	0	73	0	
23267.6	0	0	0	0	0	0	0	0	0	0	59	0	
24015.5	0	0	0	0	0	0	0	0	0	0	63	0	
24768.2	0	0	0	0	0	0	0	0	0	0	73	0	
25519.2	0	0	0	0	0	0	0	0	0	0	69	0	
26270	0	0	0	0	0	0	0	0	0	0	63	0	
27019.1	0	0	0	0	0	0	0	0	0	0	55	0	
27771.2	0	0	0	0	0	0	0	0	0	0	63	0	
28520.1	0	0	0	0	0	0	0	0	0	0	71	0	
29272.9	0	0	0	0	0	0	0	0	0	0	57	0	
30024.3	0	0	0	0	0	0	0	0	0	0	61	0	
30774.1	0	0	0	0	0	0	0	0	0	0	61	0	
31525.2	0	0	0	0	0	0	0	0	0	0	67	0	
32274.8	0	0	0	0	0	0	0	0	0	0	55	0	
33023.8	0	0	0	0	0	0	0	0	0	0	71	0	
33773.4	0	0	0	0	0	0	0	0	0	0	65	0	
34524.7	0	0	0	0	0	0	0	0	0	0	71	0	
35271.7	0	0	0	0	0	0	0	0	0	0	71	0	
36022.9	0	0	0	0	0	0	0	0	0	0	63	0	
36771.6	0	0	0	0	0	0	0	0	0	0	69	0	
37519.8	0	0	0	0	0	0	0	0	0	0	45	0	
38272.5	0	0	0	0	0	0	0	0	0	0	53	0	
39019.3	0	0	0	0	0	0	0	0	0	0	65	0	
39771.5	0	0	0	0	0	0	0	0	0	0	57	0	
40522.7	0	0	0	0	0	0	0	0	0	0	59	0	
41272.5	0	0	0	0	0	0	0	0	0	0	53	0	
42022.3	0	0	0	0	0	0	0	0	0	0	59	0	
42773.4	0	0	0	0	0	0	0	0	0	0	59	0	
43523.1	0	0	0	0	0	0	0	0	0	83	0	0	
44271.3	0	0	0	0	0	0	0	0	91	0	0	0	
45022.8	0	0	0	0	0	0	0	0	95	0	0	0	
45770.6	0	0	0	0	0	0	0	0	0	67	0	0	
46522.6	0	0	0	0	0	0	0	0	0	65	0	0	
47271.2	0	0	0	0	0	0	0	0	0	85	0	0	
48022.6	0	0	0	0	0	0	0	0	0	89	0	0	
48770.5	0	0	0	0	0	0	0	0	0	81	0	0	
49520.9	0	0	0	0	0	0	0	0	0	73	0	0	
50273.2	0	0	0	0	0	0	0	0	0	75	0	0	
51021.7	0	0	0	0	0	0	0	0	0	77	0	0	
51773.4	0	0	0	0	0	0	0	0	0	71	0	0	
52520	0	0	0	0	0	0	0	0	0	85	0	0	
53269.8	0	0	0	0	0	0	0	0	0	73	0	0	
54018.4	0	0	0	0	0	0	0	0	0	75	0	0	
54771.2	0	0	0	0	0	0	0	0	0	61	0	0	
55520.4	0	0	0	0	0	0	0	0	0	71	0	0	
56271.6	0	0	0	0	0	0	0	0	0	75	0	0	
57024.7	0	0	0	0	0	0	0	0	0	99	0	0	
57772.7	0	0	0	0	0	0	0	0	0	77	0	0	
58523.3	0	0	0	0	0	0	0	0	0	87	0	0	
59272.9	0	0	0	0	0	0	0	0	0	69	0	0	
60019.6	0	0	0	0	0	0	0	0	0	93	0	0	
60770.8	0	0	0	0	0	0	0	0	0	67	0	0	
61521.2	0	0	0	0	0	0	0	0	0	71	0	0	
62268.6	0	0	0	0	0	0	0	0	0	79	0	0	
63017.8	0	0	0	0	0	0	0	0	0	57	0	0	
63769.1	0	0	0	0	0	0	0	0	0	71	0	0	
64518.3	0	0	0	0	0	0	0	0	0	67	0	0	
65270.2	0	0	0	0	0	0	0	0	0	69	0	0	
66018	0	0	0	0	0	0	0	0	0	85	0	0	
66766.7	0	0	0	0	0	0	0	0	0	81	0	0	
67517.9	0	0	0	0	0	0	0	0	0	81	0	0	
68269.7	0	0	0	0	0	0	0	0	0	73	0	0	
69021.7	0	0	0	0	0	0	0	0	0	77	0	0	
69770.2	0	0	0	0	0	0	0	0	0	79	0	0	
70522.8	0	0	0	0	0	0	0	0	0	69	0	0	
71273.3	0	0	0	0	0	0	0	0	0	79	0	0	
72023.7	0	0	0	0	0	0	0	0	0	69	0	0	
72772.2	0	0	0	0	0	0	0	0	0	75	0	0	
73522.7	0	0	0	0	0	0	0	0	0	69	0	0	
74273.6	0	0	0	0	0	0	0	0	0	79	0	0	
75024.5	0	0	0	0	0	0	0	0	0	59	0	0	
75773.1	0	0	0	0	0	0	0	0	0	83	0	0	
76519.2	0	0	0	0	0	0	0	0	0	85	0	0	
77270.3	0	0	0	0	0	0	0	0	0	77	0	0	
78020.6	0	0	0	0	0	0	0	0	0	77	0	0	
78768.4	0	0	0	0	0	0	0	0	0	91	0	0	
79517.1	0	0	0	0	0	0	0	0	0	85	0	0	
80265.5	0	0	0	0	0	0	0	0	0	79	0	0	
81017.9	0	0	0	0	0	0	0	0	0	77	0	0	
81766.5	0	0	0	0	0	0	0	0	0	87	0	0	
82518	0	0	0	0	0	0	0	0	0	75	0	0	
83265.9	0	0	0	0	0	0	0	0	0	75	0	0	
84013.7	0	0	0	0	0	0	0	0	0	59	0	0	
84764.9	0	0	0	0	0	0	0	0	0	89	0	0	
85512.8	0	0	0	0	0	0	0	0	0	77	0	0	
86258.5	0	0	0	0	0	0	0	0	0	75	0	0	
87004.4	0	0	0	0	0	0	0	0	0	73	0	0	
87755.9	0	0	0	0	0	0	0	0	0	73	0	0	
88504	0	0	0	0	0	0	0	0	0	73	0	0	
89254.3	0	0	0	0	0	0	0	0	0	81	0	0	
90004.1	0	0	0	0	0	0	0	0	0	83	0	0	
90755.5	0	0	0	0	0	0	0	0	0	81	0	0	
91507.5	0	0	0	0	0	0	0	0	0	87	0	0	
92258.7	0	0	0	0	0	0	0	0	0	77	0	0	
93007.6	0	0	0	0	0	0	0	0	0	81	0	0	
93756.4	0	0	0	0	0	0	0	0	0	67	0	0	
94507.5	0	0	0	0	0	0	0	0	0	79	0	0	
95259.5	0	0	0	0	0	0	0	0	0	73	0	0	
96009.4	0	0	0	0	0	0	0	0	0	83	0	0	
96759.8	0	0	0	0	0	0	0	0	0	71	0	0	
97509.1	0	0	0	0	0	0	0	0	0	79	0	0	
98260	0	0	0	0	0	0	0	0	0	79	0	0	
99011.6	0	0	0	0	0	0	0	0	0	75	0	0	
99760.5	0	0	0	0	0	0	0	0	0	67	0	0	
100509	0	0	0	0	0	0	0	0	0	75	0	0	
101256	0	0	0	0	0	0	0	0	0	81	0	0	
102007	0	0	0	0	0	0	0	0	0	57	0	0	
102759	0	0	0	0	0	0	0	0	91	0	0	0	
103507	0	0	0	0	0	0	0	0	91	0	0	0	
104256	0	0	0	0	0	0	0	0	95	0	0	0	
105006	0	0	0	0	0	0	0	0	83	0	0	0	
105753	0	0	0	0	0	0	0	0	83	0	0	0	
106503	0	0	0	0	0	0	0	0	89	0	0	0	
107255	0	0	0	0	0	0	0	0	89	0	0	0	
108005	0	0	0	0	0	0	0	0	79	0	0	0	
108753	0	0	0	0	0	0	0	0	85	0	0	0	
109503	0	0	0	0	0	0	0	0	99	0	0	0	
110256	0	0	0	0	0	0	0	0	101	0	0	0	
111009	0	0	0	0	0	0	0	0	93	0	0	0	
111759	0	0	0	0	0	0	0	0	95	0	0	0	
112509	0	0	0	0	0	0	0	0	105	0	0	0	
113262	0	0	0	0	0	0	0	0	93	0	0	0	
114011	0	0	0	0	0	0	0	0	85	0	0	0	
114762	0	0	0	0	0	0	0	0	113	0	0	0	
115510	0	0	0	0	0	0	0	0	83	0	0	0	
116259	0	0	0	0	0	0	0	0	85	0	0	0	
117006	0	0	0	0	0	0	0	0	101	0	0	0	
117762	0	0	0	0	0	0	0	117	0	0	0	0	
118512	0	0	0	0	0	0	0	121	0	0	0	0	
119264	0	0	0	0	0	0	0	111	0	0	0	0	
120016	0	0	0	0	0	0	0	105	0	0	0	0	
120764	0	0	0	0	0	0	0	111	0	0	0	0	
121514	0	0	0	0	0	0	0	101	0	0	0	0	
122268	0	0	0	0	0	0	0	97	0	0	0	0	
123017	0	0	0	0	0	0	0	111	0	0	0	0	
123765	0	0	0	0	0	0	0	107	0	0	0	0	
124515	0	0	0	0	0	0	0	109	0	0	0	0	
125265	0	0	0	0	0	0	2	133	0	0	0	0	
126014	0	0	0	0	0	0	0	109	0	0	0	0	
126766	0	0	0	0	0	0	0	111	0	0	0	0	
127514	0	0	0	0	0	0	0	123	0	0	0	0	
128265	0	0	0	0	0	0	0	109	0	0	0	0	
129015	0	0	0	0	0	0	0	50	53	0	0	0	
129764	0	0	0	0	0	0	0	0	85	0	0	0	
130516	0	0	0	0	0	0	0	0	91	0	0	0	
131267	0	0	0	0	0	0	0	0	93	0	0	0	
132016	0	0	0	0	0	0	0	0	99	0	0	0	
132768	0	0	0	0	0	0	0	0	97	0	0	0	
133518	0	0	0	0	0	0	0	0	99	0	0	0	
134267	0	0	0	0	0	0	0	0	99	0	0	0	
135014	0	0	0	0	0	0	0	0	77	0	0	0	
135763	0	0	0	0	0	0	0	0	97	0	0	0	
136516	0	0	0	0	0	0	0	0	91	0	0	0	
137265	0	0	0	0	0	0	0	0	93	0	0	0	
138015	0	0	0	0	0	0	0	0	117	0	0	0	
138766	0	0	0	0	0	0	0	0	83	0	0	0	
139516	0	0	0	0	0	0	0	0	83	0	0	0	
140266	0	0	0	0	0	0	0	0	113	0	0	0	
141012	0	0	0	0	0	0	0	0	89	0	0	0	
141763	0	0	0	0	0	0	0	0	93	0	0	0	
142513	0	0	0	0	0	0	0	0	113	0	0	0	
143260	0	0	0	0	0	0	0	0	91	0	0	0	
144010	0	0	0	0	0	0	0	0	83	0	0	0	
144760	0	0	0	0	0	0	0	0	107	0	0	0	
145510	0	0	0	0	0	0	0	0	83	0	0	0	
146262	0	0	0	0	0	0	0	0	83	0	0	0	
147013	0	0	0	0	0	0	0	0	119	0	0	0	
147763	0	0	0	0	0	0	0	0	87	0	0	0	
148513	0	0	0	0	0	0	0	0	109	0	0	0	
149266	0	0	0	0	0	0	0	0	91	0	0	0	
150015	0	0	0	0	0	0	0	0	85	0	0	0	
150763	0	0	0	0	0	0	0	0	99	0	0	0	
151512	0	0	0	0	0	0	0	0	109	0	0	0	
152262	0	0	0	0	0	0	0	0	93	0	0	0	
153014	0	0	0	0	0	0	0	0	91	0	0	0	
153766	0	0	0	0	0	0	0	0	83	0	0	0	
154515	0	0	0	0	0	0	0	0	107	0	0	0	
155266	0	0	0	0	0	0	0	0	107	0	0	0	
156013	0	0	0	0	0	0	0	0	107	0	0	0	
156766	0	0	0	0	0	0	0	0	77	0	0	0	
157516	0	0	0	0	0	0	0	0	103	0	0	0	
158266	0	0	0	0	0	0	0	0	85	0	0	0	
159014	0	0	0	0	0	0	0	0	89	0	0	0	
159764	0	0	0	0	0	0	0	0	97	0	0	0	
160510	0	0	0	0	0	0	0	0	105	0	0	0	
161262	0	0	0	0	0	0	0	0	95	0	0	0	
162012	0	0	0	0	0	0	0	0	91	0	0	0	
162760	0	0	0	0	0	0	0	0	109	0	0	0	
163515	0	0	0	0	0	0	0	0	97	0	0	0	
164264	0	0	0	0	0	0	0	3	100	0	0	0	
165015	0	0	0	0	0	0	0	0	85	0	0	0	
165763	0	0	0	0	0	0	0	0	97	0	0	0	
166512	0	0	0	0	0	0	0	0	93	0	0	0	
167264	0	0	0	0	0	0	0	0	95	0	0	0	
168012	0	0	0	0	0	0	0	0	113	0	0	0	
168764	0	0	0	0	0	0	0	0	79	0	0	0	
169513	0	0	0	0	0	0	0	0	73	0	0	0	
170261	0	0	0	0	0	0	0	0	101	0	0	0	
171009	0	0	0	0	0	0	0	0	107	0	0	0	
171761	0	0	0	0	0	0	0	0	105	0	0	0	
172513	0	0	0	0	0	0	0	0	81	0	0	0	
173262	0	0	0	0	0	0	0	0	99	0	0	0	
174012	0	0	0	0	0	0	0	0	109	0	0	0	
174764	0	0	0	0	0	0	0	103	0	0	0	0	
175513	0	0	0	0	0	0	0	115	0	0	0	0	
176264	0	0	0	0	0	0	0	133	0	0	0	0	
177017	0	0	0	0	0	0	15	98	0	0	0	0	
177765	0	0	0	0	0	0	0	113	0	0	0	0	
178516	0	0	0	0	0	0	0	125	0	0	0	0	
179265	0	0	0	0	0	0	0	101	0	0	0	0	
180015	0	0	0	0	0	0	0	113	0	0	0	0	
180765	0	0	0	0	0	0	6	113	0	0	0	0	
181511	0	0	0	0	0	0	0	113	0	0	0	0	
182261	0	0	0	0	0	0	0	125	0	0	0	0	
183009	0	0	0	0	0	0	0	127	0	0	0	0	
183762	0	0	0	0	0	0	0	123	0	0	0	0	
184513	0	0	0	0	0	0	0	103	0	0	0	0	
185266	0	0	0	0	0	0	0	119	0	0	0	0	
186018	0	0	0	0	0	0	0	110	21	0	0	0	
186765	0	0	0	0	0	0	0	107	0	0	0	0	
187516	0	0	0	0	0	0	0	0	99	0	0	0	
188263	0	0	0	0	0	0	0	0	93	0	0	0	
189011	0	0	0	0	0	0	0	0	91	0	0	0	
189761	0	0	0	0	0	0	0	0	99	0	0	0	
190510	0	0	0	0	0	0	0	0	97	0	0	0	
191258	0	0	0	0	0	0	0	0	109	0	0	0	
192009	0	0	0	0	0	0	0	0	109	0	0	0	
192759	0	0	0	0	0	0	0	0	97	0	0	0	
193509	0	0	0	0	0	0	0	0	0	81	0	0	
194256	0	0	0	0	0	0	0	0	0	77	0	0	
195007	0	0	0	0	0	0	0	0	0	81	0	0	
195756	0	0	0	0	0	0	0	0	5	82	0	0	
196504	0	0	0	0	0	0	0	0	0	83	0	0	
197257	0	0	0	0	0	0	0	0	0	83	0	0	
198009	0	0	0	0	0	0	0	0	0	71	0	0	
198757	0	0	0	0	0	0	0	0	0	79	0	0	
199508	0	0	0	0	0	0	0	0	0	71	0	0	
200256	0	0	0	0	0	0	0	0	0	65	0	0	
201009	0	0	0	0	0	0	0	0	0	79	0	0	
201759	0	0	0	0	0	0	0	0	0	67	0	0	
202509	0	0	0	0	0	0	0	0	0	81	0	0	
203257	0	0	0	0	0	0	0	0	0	77	0	0	
204009	0	0	0	0	0	0	0	0	0	87	0	0	
204758	0	0	0	0	0	0	0	0	0	69	0	0	
205508	0	0	0	0	0	0	0	0	0	75	0	0	
206253	0	0	0	0	0	0	0	0	0	69	0	0	
207003	0	0	0	0	0	0	0	0	0	79	0	0	
207752	0	0	0	0	0	0	0	0	0	75	0	0	
208504	0	0	0	0	0	0	0	0	0	77	0	0	
209251	0	0	0	0	0	0	0	0	0	87	0	0	
210003	0	0	0	0	0	0	0	0	8	69	0	0	
210751	0	0	0	0	0	0	0	0	95	0	0	0	
211499	0	0	0	0	0	0	0	0	109	0	0	0	
212250	0	0	0	0	0	0	0	0	81	0	0	0	
212999	0	0	0	0	0	0	0	0	93	0	0	0	
213748	0	0	0	0	0	0	0	0	83	0	0	0	
214499	0	0	0	0	0	0	0	125	0	0	0	0	
215250	0	0	0	0	0	0	0	127	0	0	0	0	
215999	0	0	0	0	0	0	0	125	0	0	0	0	
216750	0	0	0	0	0	0	0	121	0	0	0	0	
217501	0	0	0	0	0	0	0	103	0	0	0	0	
218250	0	0	0	0	0	0	0	123	0	0	0	0	
219001	0	0	0	0	0	0	0	113	0	0	0	0	
219750	0	0	0	0	0	0	0	121	0	0	0	0	
220503	0	0	0	0	0	0	0	109	0	0	0	0	
221253	0	0	0	0	0	0	0	121	0	0	0	0	
222002	0	0	0	0	0	0	0	107	0	0	0	0	
222753	0	0	0	0	0	0	0	117	0	0	0	0	
223506	0	0	0	0	0	0	0	137	0	0	0	0	
224258	0	0	0	0	0	0	0	115	0	0	0	0	
225010	0	0	0	0	0	0	0	119	0	0	0	0	
225763	0	0	0	0	0	0	0	127	0	0	0	0	
226513	0	0	0	0	0	0	0	111	0	0	0	0	
227262	0	0	0	0	0	0	0	109	0	0	0	0	
228012	0	0	0	0	0	0	0	119	0	0	0	0	
228762	0	0	0	0	0	0	0	129	0	0	0	0	
229518	0	0	0	0	0	0	0	125	0	0	0	0	
230265	0	0	0	0	0	0	0	125	0	0	0	0	
231010	0	0	0	0	0	0	0	113	0	0	0	0	
231760	0	0	0	0	0	0	16	93	0	0	0	0	
232506	0	0	0	0	0	0	0	121	0	0	0	0	
233254	0	0	0	0	0	0	0	121	0	0	0	0	
234006	0	0	0	0	0	0	0	109	0	0	0	0	
234753	0	0	0	0	0	0	0	113	0	0	0	0	
235500	0	0	0	0	0	0	0	113	0	0	0	0	
236248	0	0	0	0	0	0	0	113	0	0	0	0	
237001	0	0	0	0	0	0	0	107	0	0	0	0	
237750	0	0	0	0	0	0	0	113	0	0	0	0	
238499	0	0	0	0	0	0	0	121	0	0	0	0	
239250	0	0	0	0	0	0	0	115	0	0	0	0	
240003	0	0	0	0	0	0	0	107	0	0	0	0	
240751	0	0	0	0	0	0	0	115	0	0	0	0	
241501	0	0	0	0	0	0	0	103	0	0	0	0	
242252	0	0	0	0	0	0	0	97	0	0	0	0	
243003	0	0	0	0	0	0	0	105	0	0	0	0	
243752	0	0	0	0	0	0	0	99	0	0	0	0	
244505	0	0	0	0	0	0	0	103	0	0	0	0	
245254	0	0	0	0	0	0	0	113	0	0	0	0	
246004	0	0	0	0	0	0	0	107	0	0	0	0	
246754	0	0	0	0	0	0	0	107	0	0	0	0	
247507	0	0	0	0	0	0	0	103	0	0	0	0	
248262	0	0	0	0	0	0	0	125	0	0	0	0	
249012	0	0	0	0	0	0	0	111	0	0	0	0	
249764	0	0	0	0	0	0	0	125	0	0	0	0	
250518	0	0	0	0	0	0	0	117	0	0	0	0	
251269	0	0	0	0	0	0	0	113	0	0	0	0	
252018	0	0	0	0	0	0	0	111	0	0	0	0	
252767	0	0	0	0	0	0	0	119	0	0	0	0	
253513	0	0	0	0	0	0	0	105	0	0	0	0	
254260	0	0	0	0	0	0	0	133	0	0	0	0	
255008	0	0	0	0	0	0	0	113	0	0	0	0	
255759	0	0	0	0	0	0	36	85	0	0	0	0	
256512	0	0	0	0	0	0	0	115	0	0	0	0	
257261	0	0	0	0	0	0	0	103	0	0	0	0	
258012	0	0	0	0	0	0	0	117	0	0	0	0	
258764	0	0	0	0	0	0	0	119	0	0	0	0	
259515	0	0	0	0	0	0	0	137	0	0	0	0	
260262	0	0	0	0	0	0	0	101	0	0	0	0	
261012	0	0	0	0	0	0	0	109	0	0	0	0	
261762	0	0	0	0	0	0	0	125	0	0	0	0	
262511	0	0	0	0	0	0	0	113	0	0	0	0	
263261	0	0	0	0	0	0	0	105	0	0	0	0	
264010	0	0	0	0	0	0	22	113	0	0	0	0	
264760	0	0	0	0	0	0	159	0	0	0	0	0	
265512	0	0	0	0	0	0	145	0	0	0	0	0	
266262	0	0	0	0	0	0	141	0	0	0	0	0	
267011	0	0	0	0	0	0	165	0	0	0	0	0	
267764	0	0	0	0	0	0	163	0	0	0	0	0	
268511	0	0	0	0	0	0	139	0	0	0	0	0	
269258	0	0	0	0	0	0	123	0	0	0	0	0	
270009	0	0	0	0	0	0	129	0	0	0	0	0	
270757	0	0	0	0	0	0	151	0	0	0	0	0	
271508	0	0	0	0	0	0	121	0	0	0	0	0	
272258	0	0	0	0	0	0	141	0	0	0	0	0	
273013	0	0	0	0	0	0	139	0	0	0	0	0	
273764	0	0	0	0	0	0	121	0	0	0	0	0	
274515	0	0	0	0	0	0	133	0	0	0	0	0	
275265	0	0	0	0	0	19	136	0	0	0	0	0	
276015	0	0	0	0	0	0	138	1	0	0	0	0	
276760	0	0	0	0	0	0	153	0	0	0	0	0	
277510	0	0	0	0	0	0	147	0	0	0	0	0	
278257	0	0	0	0	0	0	151	0	0	0	0	0	
279008	0	0	0	0	0	0	133	0	0	0	0	0	
279758	0	0	0	0	0	0	137	0	0	0	0	0	
280508	0	0	0	0	0	0	24	81	0	0	0	0	
281255	0	0	0	0	0	0	0	113	0	0	0	0	
282006	0	0	0	0	0	0	0	109	0	0	0	0	
282758	0	0	0	0	0	0	0	0	107	0	0	0	
283507	0	0	0	0	0	0	0	0	87	0	0	0	
284256	0	0	0	0	0	0	0	0	89	0	0	0	
285005	0	0	0	0	0	0	0	0	105	0	0	0	
285758	0	0	0	0	0	0	0	0	87	0	0	0	
286507	0	0	0	0	0	0	0	0	87	0	0	0	
287260	0	0	0	0	0	0	0	0	97	0	0	0	
288011	0	0	0	0	0	0	0	0	28	55	0	0	
288763	0	0	0	0	0	0	0	0	103	0	0	0	
289517	0	0	0	0	0	0	0	0	83	0	0	0	
290270	0	0	0	0	0	0	0	0	107	0	0	0	
291020	0	0	0	0	0	0	0	0	99	0	0	0	
291768	0	0	0	0	0	0	0	0	95	0	0	0	
292520	0	0	0	0	0	0	0	0	91	0	0	0	
293272	0	0	0	0	0	0	0	0	99	0	0	0	
294021	0	0	0	0	0	0	0	0	101	0	0	0	
294770	0	0	0	0	0	0	0	0	95	0	0	0	
295520	0	0	0	0	0	0	0	0	109	0	0	0	
296272	0	0	0	0	0	0	0	0	81	0	0	0	
297022	0	0	0	0	0	0	0	0	97	0	0	0	
297772	0	0	0	0	0	0	0	0	93	0	0	0	
298521	0	0	0	0	0	0	0	0	87	0	0	0	
299269	0	0	0	0	0	0	0	0	95	0	0	0	
300021	0	0	0	0	0	0	0	0	97	0	0	0	
300771	0	0	0	0	0	0	0	0	105	0	0	0	
301521	0	0	0	0	0	0	0	0	95	0	0	0	
302272	0	0	0	0	0	0	0	25	72	0	0	0	
303022	0	0	0	0	0	0	0	0	83	0	0	0	
303775	0	0	0	0	0	0	0	0	89	0	0	0	
304526	0	0	0	0	0	0	0	0	107	0	0	0	
305278	0	0	0	0	0	0	0	0	99	0	0	0	
306029	0	0	0	0	0	0	0	0	0	53	0	0	
306778	0	0	0	0	0	0	0	0	0	73	0	0	
307528	0	0	0	0	0	0	0	0	0	75	0	0	
308278	0	0	0	0	0	0	0	0	0	77	0	0	
309028	0	0	0	0	0	0	0	0	0	75	0	0	
309780	0	0	0	0	0	0	0	0	0	81	0	0	
310532	0	0	0	0	0	0	0	0	0	65	0	0	
311282	0	0	0	0	0	0	0	0	0	81	0	0	
312035	0	0	0	0	0	0	0	0	0	89	0	0	
312784	0	0	0	0	0	0	0	0	0	75	0	0	
313534	0	0	0	0	0	0	0	0	0	79	0	0	
314284	0	0	0	0	0	0	0	0	0	77	0	0	
315033	0	0	0	0	0	0	0	0	0	0	65	0	
315785	0	0	0	0	0	0	0	0	0	71	0	0	
316534	0	0	0	0	0	0	0	0	0	79	0	0	
317281	0	0	0	0	0	0	0	0	0	83	0	0	
318033	0	0	0	0	0	0	0	0	0	77	0	0	
318782	0	0	0	0	0	0	0	0	0	79	0	0	
319533	0	0	0	0	0	0	0	0	0	89	0	0	
320281	0	0	0	0	0	0	0	0	0	0	75	0	
321033	0	0	0	0	0	0	0	0	0	0	59	0	
321782	0	0	0	0	0	0	0	0	0	0	55	0	
322532	0	0	0	0	0	0	0	0	0	0	61	0	
323279	0	0	0	0	0	0	0	0	0	0	71	0	
324026	0	0	0	0	0	0	0	0	0	0	61	0	
324776	0	0	0	0	0	0	0	0	0	0	51	0	
325523	0	0	0	0	0	0	0	0	0	0	51	0	
326272	0	0	0	0	0	0	0	0	0	0	67	0	
327022	0	0	0	0	0	0	0	0	0	0	61	0	
327769	0	0	0	0	0	0	0	0	0	0	57	0	
328520	0	0	0	0	0	0	0	0	0	0	61	0	
329272	0	0	0	0	0	0	0	0	0	0	67	0	
330023	0	0	0	0	0	0	0	0	0	0	49	0	
330773	0	0	0	0	0	0	0	0	0	0	63	0	
331522	0	0	0	0	0	0	0	0	0	0	39	0	
332275	0	0	0	0	0	0	0	0	0	0	67	0	
333025	0	0	0	0	0	0	0	0	0	0	63	0	
333776	0	0	0	0	0	0	0	0	0	0	69	0	
334529	0	0	0	0	0	0	0	0	0	0	87	0	
335280	0	0	0	0	0	0	0	0	0	0	65	0	
336028	0	0	0	0	0	0	0	0	0	0	79	0	
336781	0	0	0	0	0	0	0	0	0	0	67	0	
337532	0	0	0	0	0	0	0	0	0	0	61	0	
338283	0	0	0	0	0	0	0	0	0	0	81	0	
339033	0	0	0	0	0	0	0	0	0	0	61	0	
339781	0	0	0	0	0	0	0	0	0	0	55	0	
340532	0	0	0	0	0	0	0	0	0	0	79	0	
341280	0	0	0	0	0	0	0	0	0	0	69	0	
342030	0	0	0	0	0	0	0	0	0	0	61	0	
342780	0	0	0	0	0	0	0	0	0	0	0	41	
343530	0	0	0	0	0	0	0	0	0	0	0	45	
344283	0	0	0	0	0	0	0	0	0	0	0	61	
345031	0	0	0	0	0	0	0	0	0	0	0	47	
345787	0	0	0	0	0	0	0	0	0	0	0	47	
346536	0	0	0	0	0	0	0	0	0	0	0	55	
347286	0	0	0	0	0	0	0	0	0	0	0	49	
348032	0	0	0	0	0	0	0	0	0	0	0	55	
348782	0	0	0	0	0	0	0	0	0	0	0	49	
349533	0	0	0	0	0	0	0	0	0	0	0	43	
350279	0	0	0	0	0	0	0	0	0	0	0	65	
351030	0	0	0	0	0	0	0	0	0	0	0	51	
351778	0	0	0	0	0	0	0	0	0	0	0	47	
352530	0	0	0	0	0	0	0	0	0	0	0	37	
353281	0	0	0	0	0	0	0	0	0	0	0	55	
354031	0	0	0	0	0	0	0	0	0	0	0	41	
354784	0	0	0	0	0	0	0	0	0	0	0	43	
355533	0	0	0	0	0	0	0	0	0	0	0	41	
356284	0	0	0	0	0	0	0	0	0	0	0	53	
357034	0	0	0	0	0	0	0	0	0	0	0	49	
357786	0	0	0	0	0	0	0	0	0	0	0	35	
358535	0	0	0	0	0	0	0	0	0	0	0	41	
359286	0	0	0	0	0	0	0	0	0	0	0	51	
360034	0	0	0	0	0	0	0	0	0	0	0	45	
360784	0	0	0	0	0	0	0	0	0	0	0	49	
361535	0	0	0	0	0	0	0	0	0	0	0	53	
362283	0	0	0	0	0	0	0	0	0	0	0	59	
363033	0	0	0	0	0	0	0	0	0	0	0	45	
363785	0	0	0	0	0	0	0	0	0	0	0	55	
364534	0	0	0	0	0	0	0	0	0	0	0	49	
365288	0	0	0	0	0	0	0	0	0	0	0	51	
366039	0	0	0	0	0	0	0	0	0	0	0	45	
366788	0	0	0	0	0	0	0	0	0	0	0	57	
367537	0	0	0	0	0	0	0	0	0	0	0	53	
368288	0	0	0	0	0	0	0	0	0	0	0	47	
369038	0	0	0	0	0	0	0	0	0	0	0	61	
369788	0	0	0	0	0	0	0	0	0	0	0	53	
370539	0	0	0	0	0	0	0	0	0	0	0	55	
371290	0	0	0	0	0	0	0	0	0	0	0	53	
372040	0	0	0	0	0	0	0	0	0	0	0	45	
372789	0	0	0	0	0	0	0	0	0	0	0	53	
373539	0	0	0	0	0	0	0	0	0	0	0	57	
374286	0	0	0	0	0	0	0	0	0	0	0	59	
375038	0	0	0	0	0	0	0	0	0	0	0	43	
375790	0	0	0	0	0	0	0	0	0	0	0	49	
376542	0	0	0	0	0	0	0	0	0	0	0	53	
377291	0	0	0	0	0	0	0	0	0	0	0	49	
378042	0	0	0	0	0	0	0	0	0	0	0	43	
378792	0	0	0	0	0	0	0	0	0	0	0	55	
379539	0	0	0	0	0	0	0	0	0	0	0	59	
380292	0	0	0	0	0	0	0	0	0	0	63	0	
381042	0	0	0	0	0	0	0	0	0	0	63	0	
381794	0	0	0	0	0	0	0	0	0	0	79	0	
382548	0	0	0	0	0	0	0	0	0	0	55	0	
383298	0	0	0	0	0	0	0	0	0	0	69	0	
384048	0	0	0	0	0	0	0	0	0	0	69	0	
384794	0	0	0	0	0	0	0	0	0	0	61	0	
385543	0	0	0	0	0	0	0	0	0	0	65	0	
386295	0	0	0	0	0	0	0	0	0	0	51	0	
387042	0	0	0	0	0	0	0	0	0	0	61	0	
387792	0	0	0	0	0	0	0	0	0	0	51	0	
388544	0	0	0	0	0	0	0	0	0	0	65	0	
389294	0	0	0	0	0	0	0	0	0	0	61	0	
390039	0	0	0	0	0	0	0	0	0	0	65	0	
390791	0	0	0	0	0	0	0	0	0	0	47	0	
391545	0	0	0	0	0	0	0	0	0	0	65	0	
392294	0	0	0	0	0	0	0	0	0	0	67	0	
393048	0	0	0	0	0	0	0	0	0	0	59	0	
393797	0	0	0	0	0	0	0	0	0	0	0	47	
394550	0	0	0	0	0	0	0	0	0	0	0	49	
395301	0	0	0	0	0	0	0	0	0	0	0	43	
396050	0	0	0	0	0	0	0	0	0	0	0	51	
396801	0	0	0	0	0	0	0	0	0	0	0	45	
397552	0	0	0	0	0	0	0	0	0	0	0	55	
398303	0	0	0	0	0	0	0	0	0	0	0	55	
399052	0	0	0	0	0	0	0	0	0	0	0	53	
399805	0	0	0	0	0	0	0	0	0	0	0	47	
400554	0	0	0	0	0	0	0	0	0	0	0	39	
401302	0	0	0	0	0	0	0	0	0	0	0	65	
402049	0	0	0	0	0	0	0	0	0	0	0	43	
402798	0	0	0	0	0	0	0	0	0	0	0	43	
403550	0	0	0	0	0	0	0	0	0	0	0	39	
404301	0	0	0	0	0	0	0	0	0	0	0	45	
405049	0	0	0	0	0	0	0	0	0	0	0	51	
405800	0	0	0	0	0	0	0	0	0	0	0	41	
406546	0	0	0	0	0	0	0	0	0	0	0	57	
407294	0	0	0	0	0	0	0	0	0	0	0	49	
408043	0	0	0	0	0	0	0	0	0	0	0	53	
408793	0	0	0	0	0	0	0	0	0	0	0	65	
409541	0	0	0	0	0	0	0	0	0	0	0	59	
410293	0	0	0	0	0	0	0	0	0	0	0	43	
411044	0	0	0	0	0	0	0	0	0	0	0	43	
411791	0	0	0	0	0	0	0	0	0	0	0	49	
412544	0	0	0	0	0	0	0	0	0	0	0	51	
413296	0	0	0	0	0	0	0	0	0	0	67	0	
414044	0	0	0	0	0	0	0	0	0	0	63	0	
414793	0	0	0	0	0	0	0	0	0	0	45	0	
415541	0	0	0	0	0	0	0	0	0	0	67	0	
416292	0	0	0	0	0	0	0	0	0	0	57	0	
417041	0	0	0	0	0	0	0	0	0	0	61	0	
417791	0	0	0	0	0	0	0	0	0	0	61	0	
418538	0	0	0	0	0	0	0	0	0	0	43	0	
419291	0	0	0	0	0	0	0	0	0	0	63	0	
420039	0	0	0	0	0	0	0	0	0	0	67	0	
420789	0	0	0	0	0	0	0	0	0	0	61	0	
421536	0	0	0	0	0	0	0	0	0	0	47	0	
422287	0	0	0	0	0	0	0	0	0	0	63	0	
423036	0	0	0	0	0	0	0	0	0	0	59	0	
423787	0	0	0	0	0	0	0	0	0	0	47	0	
424537	0	0	0	0	0	0	0	0	0	0	61	0	
425289	0	0	0	0	0	0	0	0	0	0	49	0	
426041	0	0	0	0	0	0	0	0	0	0	71	0	
426791	0	0	0	0	0	0	0	0	0	0	67	0	
427539	0	0	0	0	0	0	0	0	0	0	51	0	
428289	0	0	0	0	0	0	0	0	0	0	59	0	
429042	0	0	0	0	0	0	0	0	0	0	63	0	
429792	0	0	0	0	0	0	0	0	0	0	71	0	
430544	0	0	0	0	0	0	0	0	0	0	57	0	
431293	0	0	0	0	0	0	0	0	0	0	55	0	
432039	0	0	0	0	0	0	0	0	0	0	65	0	
432789	0	0	0	0	0	0	0	0	0	0	49	0	
433537	0	0	0	0	0	0	0	0	0	0	59	0	
434288	0	0	0	0	0	0	0	0	0	0	69	0	
435036	0	0	0	0	0	0	0	0	0	0	69	0	
435786	0	0	0	0	0	0	0	0	0	0	67	0	
436538	0	0	0	0	0	0	0	0	0	0	53	0	
437286	0	0	0	0	0	0	0	0	0	0	61	0	
438033	0	0	0	0	0	0	0	0	0	0	65	0	
438783	0	0	0	0	0	0	0	0	0	0	71	0	
439531	0	0	0	0	0	0	0	0	0	0	63	0	
440281	0	0	0	0	0	0	0	0	0	75	0	0	
441031	0	0	0	0	0	0	0	0	0	85	0	0	
441781	0	0	0	0	0	0	0	0	0	83	0	0	
442533	0	0	0	0	0	0	0	0	0	89	0	0	
443280	0	0	0	0	0	0	0	0	0	77	0	0	
444031	0	0	0	0	0	0	0	0	0	67	0	0	
444780	0	0	0	0	0	0	0	0	0	0	69	0	
445527	0	0	0	0	0	0	0	0	0	0	49	0	
446280	0	0	0	0	0	0	0	0	0	0	71	0	
447030	0	0	0	0	0	0	0	0	0	0	61	0	
447779	0	0	0	0	0	0	0	0	0	0	45	0	
448527	0	0	0	0	0	0	0	0	0	0	63	0	
449277	0	0	0	0	0	0	0	0	0	0	63	0	
450026	0	0	0	0	0	0	0	0	0	0	59	0	
450777	0	0	0	0	0	0	0	0	0	0	55	0	
451528	0	0	0	0	0	0	0	0	0	0	73	0	
452280	0	0	0	0	0	0	0	0	0	0	61	0	
453032	0	0	0	0	0	0	0	0	0	0	56	7	
453783	0	0	0	0	0	0	0	0	0	0	65	0	
454529	0	0	0	0	0	0	0	0	0	0	71	0	
455279	0	0	0	0	0	0	0	0	0	0	59	0	
456029	0	0	0	0	0	0	0	0	0	0	63	0	
456779	0	0	0	0	0	0	0	0	0	0	61	0	
457527	0	0	0	0	0	0	0	0	0	0	49	0	
458275	0	0	0	0	0	0	0	0	0	77	0	0	
459024	0	0	0	0	0	0	0	0	0	71	0	0	
459775	0	0	0	0	0	0	0	0	0	75	0	0	
460525	0	0	0	0	0	0	0	0	0	81	0	0	
461274	0	0	0	0	0	0	0	0	0	95	0	0	
462022	0	0	0	0	0	0	0	0	0	75	0	0	
462774	0	0	0	0	0	0	0	0	0	59	0	0	
463524	0	0	0	0	0	0	0	0	0	75	0	0	
464276	0	0	0	0	0	0	0	0	0	67	0	0	
465024	0	0	0	0	0	0	0	0	0	95	0	0	
465775	0	0	0	0	0	0	0	0	0	75	0	0	
466527	0	0	0	0	0	0	0	0	0	69	0	0	
467278	0	0	0	0	0	0	0	0	0	75	0	0	
468027	0	0	0	0	0	0	0	0	0	89	0	0	
468779	0	0	0	0	0	0	0	0	0	65	0	0	
469529	0	0	0	0	0	0	0	0	0	85	0	0	
470280	0	0	0	0	0	0	0	0	0	87	0	0	
471029	0	0	0	0	0	0	0	0	0	71	0	0	
471779	0	0	0	0	0	0	0	0	0	75	0	0	
472530	0	0	0	0	0	0	0	0	0	77	0	0	
473279	0	0	0	0	0	0	0	0	0	79	0	0	
474028	0	0	0	0	0	0	0	0	0	77	0	0	
474781	0	0	0	0	0	0	0	0	0	71	0	0	
475531	0	0	0	0	0	0	0	0	0	77	0	0	
476279	0	0	0	0	0	0	0	0	0	81	0	0	
477029	0	0	0	0	0	0	0	0	0	63	0	0	
477779	0	0	0	0	0	0	0	0	0	95	0	0	
478528	0	0	0	0	0	0	0	0	0	77	0	0	
479279	0	0	0	0	0	0	0	0	0	61	0	0	
480025	0	0	0	0	0	0	0	0	0	77	0	0	
480777	0	0	0	0	0	0	0	0	0	73	0	0	
481531	0	0	0	0	0	0	0	0	0	75	0	0	
482278	0	0	0	0	0	0	0	0	0	71	0	0	
483030	0	0	0	0	0	0	0	0	85	0	0	0	
483781	0	0	0	0	0	0	0	0	87	0	0	0	
484532	0	0	0	0	0	0	0	0	89	0	0	0	
485285	0	0	0	0	0	0	0	0	81	0	0	0	
486038	0	0	0	0	0	0	0	0	115	0	0	0	
486785	0	0	0	0	0	0	0	0	109	0	0	0	
487533	0	0	0	0	0	0	0	0	105	0	0	0	
488280	0	0	0	0	0	0	0	0	97	0	0	0	
489032	0	0	0	0	0	0	0	0	89	0	0	0	
489779	0	0	0	0	0	0	0	0	101	0	0	0	
490531	0	0	0	0	0	0	0	0	79	0	0	0	
491281	0	0	0	0	0	0	0	0	117	0	0	0	
492030	0	0	0	0	0	0	0	0	105	0	0	0	
492780	0	0	0	0	0	0	0	0	105	0	0	0	
493531	0	0	0	0	0	0	0	0	103	0	0	0	
494281	0	0	0	0	0	0	0	0	89	0	0	0	
495028	0	0	0	0	0	0	0	0	93	0	0	0	
495782	0	0	0	0	0	0	0	0	93	0	0	0	
496532	0	0	0	0	0	0	0	0	87	0	0	0	
497280	0	0	0	0	0	0	0	0	77	0	0	0	
498030	0	0	0	0	0	0	0	0	95	0	0	0	
498781	0	0	0	0	0	0	0	0	89	0	0	0	
499531	0	0	0	0	0	0	0	0	91	0	0	0	
500282	0	0	0	0	0	0	0	0	89	0	0	0	
501027	0	0	0	0	0	0	0	0	93	0	0	0	
501778	0	0	0	0	0	0	0	0	99	0	0	0	
502529	0	0	0	0	0	0	0	0	97	0	0	0	
503278	0	0	0	0	0	0	0	0	85	0	0	0	
504024	0	0	0	0	0	0	0	0	89	0	0	0	
504773	0	0	0	0	0	0	0	0	0	81	0	0	
505520	0	0	0	0	0	0	0	0	0	63	0	0	
506272	0	0	0	0	0	0	0	0	0	81	0	0	
507022	0	0	0	0	0	0	0	0	0	79	0	0	
507770	0	0	0	0	0	0	0	0	0	81	0	0	
508522	0	0	0	0	0	0	0	0	22	59	0	0	
509277	0	0	0	0	0	0	0	0	0	95	0	0	
510025	0	0	0	0	0	0	0	0	0	0	61	0	
510775	0	0	0	0	0	0	0	0	0	0	55	0	
511523	0	0	0	0	0	0	0	0	0	0	65	0	
512273	0	0	0	0	0	0	0	0	0	0	59	0	
513024	0	0	0	0	0	0	0	0	0	0	63	0	
513775	0	0	0	0	0	0	0	0	0	0	59	0	
514523	0	0	0	0	0	0	0	0	0	53	0	0	
515273	0	0	0	0	0	0	0	0	0	79	0	0	
516021	0	0	0	0	0	0	0	0	0	85	0	0	
516771	0	0	0	0	0	0	0	0	0	81	0	0	
517518	0	0	0	0	0	0	0	0	0	79	0	0	
518268	0	0	0	0	0	0	0	0	0	87	0	0	
519017	0	0	0	0	0	0	0	0	0	77	0	0	
519770	0	0	0	0	0	0	0	0	0	71	0	0	
520520	0	0	0	0	0	0	0	0	0	91	0	0	
521267	0	0	0	0	0	0	0	0	107	0	0	0	
522016	0	0	0	0	0	0	0	0	87	0	0	0	
522766	0	0	0	0	0	0	0	0	87	0	0	0	
523516	0	0	0	0	0	0	0	0	101	0	0	0	
524268	0	0	0	0	0	0	0	0	103	0	0	0	
525016	0	0	0	0	0	0	0	0	97	0	0	0	
525766	0	0	0	0	0	0	0	0	95	0	0	0	
526515	0	0	0	0	0	0	0	0	99	0	0	0	
527263	0	0	0	0	0	0	0	0	0	73	0	0	
528012	0	0	0	0	0	0	0	0	0	75	0	0	
528760	0	0	0	0	0	0	0	0	0	81	0	0	
529509	0	0	0	0	0	0	0	0	0	93	0	0	
530261	0	0	0	0	0	0	0	0	0	95	0	0	
531014	0	0	0	0	0	0	0	0	0	65	0	0	
531766	0	0	0	0	0	0	0	0	0	83	0	0	
532518	0	0	0	0	0	0	0	0	0	85	0	0	
533269	0	0	0	0	0	0	0	0	99	0	0	0	
534019	0	0	0	0	0	0	0	0	91	0	0	0	
534769	0	0	0	0	0	0	0	0	99	0	0	0	
535519	0	0	0	0	0	0	0	0	109	0	0	0	
536271	0	0	0	0	0	0	0	0	85	0	0	0	
537019	0	0	0	0	0	0	0	0	99	0	0	0	
537768	0	0	0	0	0	0	0	103	0	0	0	0	
538521	0	0	0	0	0	0	0	109	0	0	0	0	
539272	0	0	0	0	0	0	0	137	0	0	0	0	
540021	0	0	0	0	0	0	0	107	0	0	0	0	
540769	0	0	0	0	0	0	144	3	0	0	0	0	
541523	0	0	0	0	0	0	155	0	0	0	0	0	
542273	0	0	0	0	0	0	157	0	0	0	0	0	
543023	0	0	0	0	0	0	137	0	0	0	0	0	
543774	0	0	0	0	0	0	139	0	0	0	0	0	
544527	0	0	0	0	0	0	129	0	0	0	0	0	
545280	0	0	0	0	0	0	147	0	0	0	0	0	
546030	0	0	0	0	0	0	149	0	0	0	0	0	
546779	0	0	0	0	0	0	153	0	0	0	0	0	
547527	0	0	0	0	0	0	155	0	0	0	0	0	
548279	0	0	0	0	0	0	137	0	0	0	0	0	
549025	0	0	0	0	0	0	0	115	0	0	0	0	
549778	0	0	0	0	0	0	0	113	0	0	0	0	
550527	0	0	0	0	0	0	0	111	0	0	0	0	
551278	0	0	0	0	0	0	0	0	99	0	0	0	
552028	0	0	0	0	0	0	0	0	77	0	0	0	
552777	0	0	0	0	0	0	0	0	91	0	0	0	
553527	0	0	0	0	0	0	0	0	83	0	0	0	
554279	0	0	0	0	0	0	0	0	79	0	0	0	
555030	0	0	0	0	0	0	0	0	83	0	0	0	
555777	0	0	0	0	0	0	0	0	81	0	0	0	
556528	0	0	0	0	0	0	0	0	87	0	0	0	
557278	0	0	0	0	0	0	0	0	85	0	0	0	
558025	0	0	0	0	0	0	0	0	79	0	0	0	
558776	0	0	0	0	0	0	0	0	95	0	0	0	
559526	0	0	0	0	0	0	0	0	101	0	0	0	
560277	0	0	0	0	0	0	0	0	67	0	0	0	
561026	0	0	0	0	0	0	0	0	93	0	0	0	
561779	0	0	0	0	0	0	0	113	0	0	0	0	
562530	0	0	0	0	0	0	0	111	0	0	0	0	
563281	0	0	0	0	0	0	0	133	0	0	0	0	
564027	0	0	0	0	0	0	0	123	0	0	0	0	
564775	0	0	0	0	0	0	0	127	0	0	0	0	
565523	0	0	0	0	0	0	0	125	0	0	0	0	
566275	0	0	0	0	0	0	0	111	0	0	0	0	
567026	0	0	0	0	0	0	0	0	89	0	0	0	
567779	0	0	0	0	0	0	0	0	93	0	0	0	
568529	0	0	0	0	0	0	0	0	93	0	0	0	
569277	0	0	0	0	0	0	0	0	113	0	0	0	
570027	0	0	0	0	0	0	0	0	0	69	0	0	
570775	0	0	0	0	0	0	0	0	0	89	0	0	
571523	0	0	0	0	0	0	0	0	0	77	0	0	
572276	0	0	0	0	0	0	0	0	0	77	0	0	
573023	0	0	0	0	0	0	0	0	0	69	0	0	
573773	0	0	0	0	0	0	0	0	0	71	0	0	
574521	0	0	0	0	0	0	0	0	0	65	0	0	
575268	0	0	0	0	0	0	0	0	0	77	0	0	
576019	0	0	0	0	0	0	0	0	0	85	0	0	
576767	0	0	0	0	0	0	0	0	0	61	0	0	
577517	0	0	0	0	0	0	0	0	0	73	0	0	
578265	0	0	0	0	0	0	0	0	0	71	0	0	
579014	0	0	0	0	0	0	0	0	0	75	0	0	
579764	0	0	0	0	0	0	0	0	0	65	0	0	
580513	0	0	0	0	0	0	0	0	0	65	0	0	
581263	0	0	0	0	0	0	0	0	0	77	0	0	
582012	0	0	0	0	0	0	0	0	0	73	0	0	
582763	0	0	0	0	0	0	0	0	0	81	0	0	
583512	0	0	0	0	0	0	0	0	0	77	0	0	
584264	0	0	0	0	0	0	0	0	0	0	61	0	
585014	0	0	0	0	0	0	0	0	0	0	71	0	
585766	0	0	0	0	0	0	0	0	0	0	69	0	
586520	0	0	0	0	0	0	0	0	0	0	57	0	
587273	0	0	0	0	0	0	0	0	0	0	63	0	
588026	0	0	0	0	0	0	0	0	0	0	57	0	
588779	0	0	0	0	0	0	0	0	0	0	63	0	
589526	0	0	0	0	0	0	0	0	0	0	55	0	
590276	0	0	0	0	0	0	0	0	0	0	57	0	
591026	0	0	0	0	0	0	0	0	0	0	53	0	
591774	0	0	0	0	0	0	0	0	0	0	59	0	
592521	0	0	0	0	0	0	0	0	0	0	79	0	
593273	0	0	0	0	0	0	0	0	0	0	55	0	
594025	0	0	0	0	0	0	0	0	0	0	73	0	
594779	0	0	0	0	0	0	0	0	0	0	47	0	
595528	0	0	0	0	0	0	0	0	0	0	71	0	
596278	0	0	0	0	0	0	0	0	0	0	63	0	
597029	0	0	0	0	0	0	0	0	0	0	51	0	
597780	0	0	0	0	0	0	0	0	0	0	59	0	
598526	0	0	0	0	0	0	0	0	0	0	65	0	
599276	0	0	0	0	0	0	0	0	0	0	55	0	
600025	0	0	0	0	0	0	0	0	0	50	13	0	
600776	0	0	0	0	0	0	0	0	0	83	0	0	
601527	0	0	0	0	0	0	0	0	0	81	0	0	
602279	0	0	0	0	0	0	0	0	0	89	0	0	
603028	0	0	0	0	0	0	0	0	0	83	0	0	
603780	0	0	0	0	0	0	0	0	0	85	0	0	
604531	0	0	0	0	0	0	0	0	0	77	0	0	
605279	0	0	0	0	0	0	0	0	0	83	0	0	
606027	0	0	0	0	0	0	0	0	0	87	0	0	
606776	0	0	0	0	0	0	0	0	0	67	0	0	
607524	0	0	0	0	0	0	0	0	0	81	0	0	
608276	0	0	0	0	0	0	0	0	0	61	0	0	
609028	0	0	0	0	0	0	0	0	0	83	0	0	
609778	0	0	0	0	0	0	0	0	0	77	0	0	
610526	0	0	0	0	0	0	0	0	101	0	0	0	
611277	0	0	0	0	0	0	0	0	91	0	0	0	
612029	0	0	0	0	0	0	0	0	99	0	0	0	
612777	0	0	0	0	0	0	0	0	81	0	0	0	
613526	0	0	0	0	0	0	0	0	97	0	0	0	
614277	0	0	0	0	0	0	0	0	97	0	0	0	
615024	0	0	0	0	0	0	0	0	99	0	0	0	
615774	0	0	0	0	0	0	0	0	83	0	0	0	
616523	0	0	0	0	0	0	0	0	103	0	0	0	
617273	0	0	0	0	0	0	0	0	83	0	0	0	
618022	0	0	0	0	0	0	0	0	75	0	0	0	
618770	0	0	0	0	0	0	0	0	93	0	0	0	
619520	0	0	0	0	0	0	0	0	97	0	0	0	
620272	0	0	0	0	0	0	0	0	89	0	0	0	
621024	0	0	0	0	0	0	0	0	81	0	0	0	
621773	0	0	0	0	0	0	0	0	101	0	0	0	
622523	0	0	0	0	0	0	0	0	93	0	0	0	
623269	0	0	0	0	0	0	0	0	89	0	0	0	
624016	0	0	0	0	0	0	0	0	79	0	0	0	
624766	0	0	0	0	0	0	0	0	107	0	0	0	
625513	0	0	0	0	0	0	0	0	75	0	0	0	
626264	0	0	0	0	0	0	0	0	95	0	0	0	
627015	0	0	0	0	0	0	0	0	89	0	0	0	
627767	0	0	0	0	0	0	0	0	107	0	0	0	
628518	0	0	0	0	0	0	0	0	87	0	0	0	
629268	0	0	0	0	0	0	0	0	103	0	0	0	
630019	0	0	0	0	0	0	0	105	0	0	0	0	
630773	0	0	0	0	0	0	0	135	0	0	0	0	
631527	0	0	0	0	0	0	0	97	0	0	0	0	
632277	0	0	0	0	0	0	0	107	0	0	0	0	
633029	0	0	0	0	0	0	0	115	0	0	0	0	
633779	0	0	0	0	0	0	0	111	0	0	0	0	
634532	0	0	0	0	0	0	0	99	0	0	0	0	
635286	0	0	0	0	0	0	0	113	0	0	0	0	
636036	0	0	0	0	0	0	0	125	0	0	0	0	
636782	0	0	0	0	0	0	0	135	0	0	0	0	
637531	0	0	0	0	0	0	0	151	0	0	0	0	
638280	0	0	0	0	0	0	0	127	0	0	0	0	
639028	0	0	0	0	0	0	155	0	0	0	0	0	
639778	0	0	0	0	0	0	133	0	0	0	0	0	
640531	0	0	0	0	0	0	159	0	0	0	0	0	
641281	0	0	0	0	0	0	133	0	0	0	0	0	
642032	0	0	0	0	0	0	141	0	0	0	0	0	
642781	0	0	0	0	0	0	139	0	0	0	0	0	
643530	0	0	0	0	0	0	141	0	0	0	0	0	
644278	0	0	0	0	0	0	145	0	0	0	0	0	
645031	0	0	0	0	0	0	137	0	0	0	0	0	
645777	0	0	0	0	0	0	141	0	0	0	0	0	
646530	0	0	0	0	0	0	139	0	0	0	0	0	
647280	0	0	0	0	0	0	159	0	0	0	0	0	
648027	0	0	0	0	0	0	135	0	0	0	0	0	
648778	0	0	0	0	0	0	145	0	0	0	0	0	
649529	0	0	0	0	0	0	133	0	0	0	0	0	
650281	0	0	0	0	0	0	121	0	0	0	0	0	
651031	0	0	0	0	0	0	93	42	0	0	0	0	
651777	0	0	0	0	0	0	135	0	0	0	0	0	
652528	0	0	0	0	0	0	153	0	0	0	0	0	
653279	0	0	0	0	0	0	143	0	0	0	0	0	
654027	0	0	0	0	0	0	129	0	0	0	0	0	
654775	0	0	0	0	0	0	137	0	0	0	0	0	
655524	0	0	0	0	0	0	155	0	0	0	0	0	
656276	0	0	0	0	0	0	129	0	0	0	0	0	
657025	0	0	0	0	0	0	157	0	0	0	0	0	
657774	0	0	0	0	0	0	143	0	0	0	0	0	
658525	0	0	0	0	0	0	137	0	0	0	0	0	
659275	0	0	0	0	0	0	117	0	0	0	0	0	
660027	0	0	0	0	0	0	127	0	0	0	0	0	
660780	0	0	0	0	0	0	151	0	0	0	0	0	
661533	0	0	0	0	0	0	161	0	0	0	0	0	
662281	0	0	0	0	0	0	163	0	0	0	0	0	
663028	0	0	0	0	0	0	131	0	0	0	0	0	
663776	0	0	0	0	0	0	139	0	0	0	0	0	
664526	0	0	0	0	0	0	135	0	0	0	0	0	
665280	0	0	0	0	0	0	145	0	0	0	0	0	
666029	0	0	0	0	0	0	139	0	0	0	0	0	
666781	0	0	0	0	0	0	133	0	0	0	0	0	
667529	0	0	0	0	0	0	149	0	0	0	0	0	
668276	0	0	0	0	0	0	145	0	0	0	0	0	
669027	0	0	0	0	0	0	145	0	0	0	0	0	
669775	0	0	0	0	0	0	137	0	0	0	0	0	
670524	0	0	0	0	0	0	147	0	0	0	0	0	
671274	0	0	0	0	0	0	143	0	0	0	0	0	
672023	0	0	0	0	0	0	0	61	54	0	0	0	
672772	0	0	0	0	0	0	0	107	0	0	0	0	
673523	0	0	0	0	0	0	0	119	0	0	0	0	
674271	0	0	0	0	0	0	0	113	0	0	0	0	
675021	0	0	0	0	0	0	0	131	0	0	0	0	
675768	0	0	0	0	0	0	0	103	0	0	0	0	
676516	0	0	0	0	0	0	0	115	0	0	0	0	
677270	0	0	0	0	0	0	0	105	0	0	0	0	
678021	0	0	0	0	0	0	0	99	0	0	0	0	
678770	0	0	0	0	0	0	0	0	101	0	0	0	
679520	0	0	0	0	0	0	0	0	85	0	0	0	
680266	0	0	0	0	0	0	0	0	105	0	0	0	
681015	0	0	0	0	0	0	0	0	93	0	0	0	
681765	0	0	0	0	0	0	0	0	95	0	0	0	
682513	0	0	0	0	0	0	0	0	105	0	0	0	
683260	0	0	0	0	0	0	0	0	97	0	0	0	
684009	0	0	0	0	0	0	0	0	93	0	0	0	
684758	0	0	0	0	0	0	0	0	113	0	0	0	
685510	0	0	0	0	0	0	0	0	87	0	0	0	
686264	0	0	0	0	0	0	0	0	91	0	0	0	
687013	0	0	0	0	0	0	0	0	105	0	0	0	
687761	0	0	0	0	0	0	0	2	87	0	0	0	
688515	0	0	0	0	0	0	0	111	0	0	0	0	
689261	0	0	0	0	0	0	0	119	0	0	0	0	
690014	0	0	0	0	0	0	0	107	0	0	0	0	
690763	0	0	0	0	0	0	0	115	0	0	0	0	
691510	0	0	0	0	0	0	0	117	0	0	0	0	
692261	0	0	0	0	0	0	0	121	0	0	0	0	
693016	0	0	0	0	0	0	3	126	0	0	0	0	
693766	0	0	0	0	0	0	0	121	0	0	0	0	
694517	0	0	0	0	0	0	0	111	0	0	0	0	
695268	0	0	0	0	0	0	0	103	0	0	0	0	
696020	0	0	0	0	0	0	0	121	0	0	0	0	
696769	0	0	0	0	0	0	0	121	0	0	0	0	
697516	0	0	0	0	0	0	147	0	0	0	0	0	
698268	0	0	0	0	0	0	149	0	0	0	0	0	
699019	0	0	0	0	0	0	125	0	0	0	0	0	
699766	0	0	0	0	0	0	149	0	0	0	0	0	
700514	0	0	0	0	0	0	147	0	0	0	0	0	
701267	0	0	0	0	0	0	139	0	0	0	0	0	
702015	0	0	0	0	0	0	151	0	0	0	0	0	
702766	0	0	0	0	0	11	114	0	0	0	0	0	
703514	0	0	0	0	0	0	157	0	0	0	0	0	
704265	0	0	0	0	0	0	145	0	0	0	0	0	
705016	0	0	0	0	0	0	145	0	0	0	0	0	
705765	0	0	0	0	0	0	143	0	0	0	0	0	
706516	0	0	0	0	0	0	149	0	0	0	0	0	
707266	0	0	0	0	0	0	129	0	0	0	0	0	
708013	0	0	0	0	0	0	153	0	0	0	0	0	
708762	0	0	0	0	0	0	135	0	0	0	0	0	
709513	0	0	0	0	0	0	135	0	0	0	0	0	
710261	0	0	0	0	0	0	143	0	0	0	0	0	
711010	0	0	0	0	0	0	145	0	0	0	0	0	
711759	0	0	0	0	0	0	157	0	0	0	0	0	
712511	0	0	0	0	0	0	151	0	0	0	0	0	
713258	0	0	0	0	0	0	141	0	0	0	0	0	
714008	0	0	0	0	0	0	135	0	0	0	0	0	
714758	0	0	0	0	0	0	151	0	0	0	0	0	
715508	0	0	0	0	0	0	141	0	0	0	0	0	
716256	0	0	0	0	0	0	137	0	0	0	0	0	
717005	0	0	0	0	0	0	149	0	0	0	0	0	
717754	0	0	0	0	0	0	143	0	0	0	0	0	
718502	0	0	0	0	0	0	159	0	0	0	0	0	
719253	0	0	0	0	0	0	121	0	0	0	0	0	
720001	0	0	0	0	0	0	141	0	0	0	0	0	
720754	0	0	0	0	0	0	123	0	0	0	0	0	
721504	0	0	0	0	0	0	147	0	0	0	0	0	
722251	0	0	0	0	0	0	153	0	0	0	0	0	
723000	0	0	0	0	0	0	141	0	0	0	0	0	
723747	0	0	0	0	0	0	135	0	0	0	0	0	
724499	0	0	0	0	0	0	133	0	0	0	0	0	
725253	0	0	0	0	0	0	131	0	0	0	0	0	
726006	0	0	0	0	0	0	153	0	0	0	0	0	
726759	0	0	0	0	0	0	149	0	0	0	0	0	
727510	0	0	0	0	0	0	163	0	0	0	0	0	
728259	0	0	0	0	0	0	143	0	0	0	0	0	
729011	0	0	0	0	0	0	129	0	0	0	0	0	
729762	0	0	0	0	0	0	151	0	0	0	0	0	
730514	0	0	0	0	0	0	129	0	0	0	0	0	
731266	0	0	0	0	0	0	157	0	0	0	0	0	
732019	0	0	0	0	0	0	145	0	0	0	0	0	
732767	0	0	0	0	0	0	127	0	0	0	0	0	
733519	0	0	0	0	0	0	127	0	0	0	0	0	
734270	0	0	0	0	0	0	121	0	0	0	0	0	
735018	0	0	0	0	0	0	157	0	0	0	0	0	
735767	0	0	0	0	0	0	151	0	0	0	0	0	
736516	0	0	0	0	0	0	127	0	0	0	0	0	
737266	0	0	0	0	0	0	129	0	0	0	0	0	
738017	0	0	0	0	0	0	151	0	0	0	0	0	
738768	0	0	0	0	0	0	155	0	0	0	0	0	
739519	0	0	0	0	0	0	151	0	0	0	0	0	
740267	0	0	0	0	0	0	141	0	0	0	0	0	
741018	0	0	0	0	0	0	175	0	0	0	0	0	
741770	0	0	0	0	0	0	127	0	0	0	0	0	
742520	0	0	0	0	0	0	135	0	0	0	0	0	
743267	0	0	0	0	0	0	135	0	0	0	0	0	
744020	0	0	0	0	0	0	141	0	0	0	0	0	
744772	0	0	0	0	0	0	141	0	0	0	0	0	
745521	0	0	0	0	0	0	149	0	0	0	0	0	
746273	0	0	0	0	0	0	125	0	0	0	0	0	
747023	0	0	0	0	0	0	159	0	0	0	0	0	
747773	0	0	0	0	0	0	145	0	0	0	0	0	
748522	0	0	0	0	0	0	129	0	0	0	0	0	
749278	0	0	0	0	0	0	127	0	0	0	0	0	
750029	0	0	0	0	0	0	149	0	0	0	0	0	
750783	0	0	0	0	0	0	137	0	0	0	0	0	
751534	0	0	0	0	0	0	167	0	0	0	0	0	
752281	0	0	0	0	0	0	155	0	0	0	0	0	
753032	0	0	0	0	0	0	151	0	0	0	0	0	
753780	0	0	0	0	0	0	147	0	0	0	0	0	
754532	0	0	0	0	0	0	149	0	0	0	0	0	
755284	0	0	0	0	0	0	143	0	0	0	0	0	
756032	0	0	0	0	0	0	159	0	0	0	0	0	
756777	0	0	0	0	0	0	145	0	0	0	0	0	
757525	0	0	0	0	0	32	111	0	0	0	0	0	
758277	0	0	0	0	0	0	139	0	0	0	0	0	
759029	0	0	0	0	0	0	137	0	0	0	0	0	
759779	0	0	0	0	0	0	123	0	0	0	0	0	
760528	0	0	0	0	0	0	129	0	0	0	0	0	
761279	0	0	0	0	0	0	0	119	0	0	0	0	
762031	0	0	0	0	0	0	0	111	0	0	0	0	
762785	0	0	0	0	0	0	0	109	0	0	0	0	
763536	0	0	0	0	0	0	0	129	0	0	0	0	
764286	0	0	0	0	0	0	0	107	0	0	0	0	
765033	0	0	0	0	0	0	0	111	0	0	0	0	
765783	0	0	0	0	0	0	0	101	0	0	0	0	
766533	0	0	0	0	0	0	0	107	0	0	0	0	
767280	0	0	0	0	0	0	0	121	0	0	0	0	
768028	0	0	0	0	0	0	0	103	0	0	0	0	
768776	0	0	0	0	0	0	0	99	0	0	0	0	
769519	0	0	0	0	0	0	0	119	0	0	0	0	
770271	0	0	0	0	0	0	0	129	0	0	0	0	
771018	0	0	0	0	0	0	0	127	0	0	0	0	
771767	0	0	0	0	0	0	143	0	0	0	0	0	
772515	0	0	0	0	0	0	145	0	0	0	0	0	
773262	0	0	0	0	0	0	123	0	0	0	0	0	
774008	0	0	0	0	0	187	0	0	0	0	0	0	
774761	0	0	0	0	0	165	0	0	0	0	0	0	
775512	0	0	0	0	0	179	0	0	0	0	0	0	
776261	0	0	0	0	0	145	0	0	0	0	0	0	
777011	0	0	0	0	0	177	0	0	0	0	0	0	
777761	0	0	0	0	0	177	0	0	0	0	0	0	
778512	0	0	0	0	0	143	0	0	0	0	0	0	
779260	0	0	0	0	0	155	0	0	0	0	0	0	
780008	0	0	0	0	0	175	0	0	0	0	0	0	
780754	0	0	0	0	0	173	0	0	0	0	0	0	
781506	0	0	0	0	0	163	0	0	0	0	0	0	
782257	0	0	0	0	0	169	0	0	0	0	0	0	
783012	0	0	0	0	0	157	0	0	0	0	0	0	
783762	0	0	0	0	0	163	0	0	0	0	0	0	
784513	0	0	0	0	0	177	0	0	0	0	0	0	
785263	0	0	0	0	0	189	0	0	0	0	0	0	
786013	0	0	0	0	0	179	0	0	0	0	0	0	
786761	0	0	0	0	0	169	0	0	0	0	0	0	
787510	0	0	0	0	0	167	0	0	0	0	0	0	
788262	0	0	0	0	0	163	0	0	0	0	0	0	
789014	0	0	0	0	0	175	0	0	0	0	0	0	
789761	0	0	0	0	0	157	0	0	0	0	0	0	
790509	0	0	0	0	0	177	0	0	0	0	0	0	
791258	0	0	0	0	0	167	0	0	0	0	0	0	
792011	0	0	0	0	0	197	0	0	0	0	0	0	
792761	0	0	0	0	0	159	0	0	0	0	0	0	
793511	0	0	0	0	0	0	139	0	0	0	0	0	
794261	0	0	0	0	0	0	147	0	0	0	0	0	
795015	0	0	0	0	0	0	151	0	0	0	0	0	
795764	0	0	0	0	0	0	135	0	0	0	0	0	
796514	0	0	0	0	0	0	0	123	0	0	0	0	
797263	0	0	0	0	0	0	0	113	0	0	0	0	
798015	0	0	0	0	0	0	0	125	0	0	0	0	
798766	0	0	0	0	0	0	149	0	0	0	0	0	
799515	0	0	0	0	0	0	141	0	0	0	0	0	
800262	0	0	0	0	0	0	109	0	0	0	0	0	
801013	0	0	0	0	0	0	127	0	0	0	0	0	
801760	0	0	0	0	0	0	139	0	0	0	0	0	
802507	0	0	0	0	0	0	165	0	0	0	0	0	
803257	0	0	0	0	0	0	145	0	0	0	0	0	
804008	0	0	0	0	0	0	143	0	0	0	0	0	
804762	0	0	0	0	0	0	0	129	0	0	0	0	
805509	0	0	0	0	0	0	0	107	0	0	0	0	
806261	0	0	0	0	0	0	0	125	0	0	0	0	
807010	0	0	0	0	0	0	0	115	0	0	0	0	
807762	0	0	0	0	0	0	0	123	0	0	0	0	
808513	0	0	0	0	0	0	0	103	0	0	0	0	
809262	0	0	0	0	0	0	0	107	0	0	0	0	
810009	0	0	0	0	0	0	0	103	0	0	0	0	
810760	0	0	0	0	0	0	0	117	0	0	0	0	
811509	0	0	0	0	0	0	0	119	0	0	0	0	
812260	0	0	0	0	0	0	0	109	0	0	0	0	
813011	0	0	0	0	0	0	0	135	0	0	0	0	
813756	0	0	0	0	0	0	0	119	0	0	0	0	
814505	0	0	0	0	0	0	0	103	0	0	0	0	
815255	0	0	0	0	0	0	0	114	3	0	0	0	
816004	0	0	0	0	0	0	0	123	0	0	0	0	
816756	0	0	0	0	0	0	0	137	0	0	0	0	
817508	0	0	0	0	0	0	0	121	0	0	0	0	
818260	0	0	0	0	0	0	0	125	0	0	0	0	
819008	0	0	0	0	0	0	0	111	0	0	0	0	
819758	0	0	0	0	0	0	0	123	0	0	0	0	
820507	0	0	0	0	0	0	0	103	0	0	0	0	
821259	0	0	0	0	0	0	0	125	0	0	0	0	
822011	0	0	0	0	0	0	0	105	0	0	0	0	
822762	0	0	0	0	0	0	0	151	0	0	0	0	
823511	0	0	0	0	0	0	0	113	0	0	0	0	
824260	0	0	0	0	0	0	0	121	0	0	0	0	
825011	0	0	0	0	0	0	0	115	0	0	0	0	
825760	0	0	0	0	0	0	0	113	0	0	0	0	
826510	0	0	0	0	0	0	0	95	0	0	0	0	
827261	0	0	0	0	0	0	0	111	0	0	0	0	
828013	0	0	0	0	0	0	0	117	0	0	0	0	
828763	0	0	0	0	0	0	0	135	0	0	0	0	
829515	0	0	0	0	0	0	0	103	0	0	0	0	
830266	0	0	0	0	0	0	0	127	0	0	0	0	
831014	0	0	0	0	0	0	0	117	0	0	0	0	
831766	0	0	0	0	0	0	0	115	0	0	0	0	
832515	0	0	0	0	0	0	0	121	0	0	0	0	
833266	0	0	0	0	0	0	0	133	0	0	0	0	
834016	0	0	0	0	0	0	0	113	0	0	0	0	
834763	0	0	0	0	0	0	0	115	0	0	0	0	
835513	0	0	0	0	0	0	0	109	0	0	0	0	
836264	0	0	0	0	0	0	0	101	0	0	0	0	
837013	0	0	0	0	0	0	0	105	0	0	0	0	
837762	0	0	0	0	0	0	0	123	0	0	0	0	
838512	0	0	0	0	0	0	0	137	0	0	0	0	
839262	0	0	0	0	0	0	0	111	0	0	0	0	
840014	0	0	0	0	0	0	0	119	0	0	0	0	
840764	0	0	0	0	0	0	0	137	0	0	0	0	
841512	0	0	0	0	0	0	0	113	0	0	0	0	
842264	0	0	0	0	0	0	0	125	0	0	0	0	
843014	0	0	0	0	0	0	0	117	0	0	0	0	
843762	0	0	0	0	0	0	0	119	0	0	0	0	
844511	0	0	0	0	0	0	0	119	0	0	0	0	
845257	0	0	0	0	0	0	0	123	0	0	0	0	
846006	0	0	0	0	0	0	0	109	0	0	0	0	
846759	0	0	0	0	0	0	0	109	0	0	0	0	
847510	0	0	0	0	0	0	0	119	0	0	0	0	
848262	0	0	0	0	0	0	0	111	0	0	0	0	
849016	0	0	0	0	0	0	0	109	0	0	0	0	
849768	0	0	0	0	0	0	0	123	0	0	0	0	
850517	0	0	0	0	0	0	0	125	0	0	0	0	
851266	0	0	0	0	0	0	0	105	0	0	0	0	
852016	0	0	0	0	0	0	0	95	0	0	0	0	
852768	0	0	0	0	0	0	0	111	0	0	0	0	
853522	0	0	0	0	0	0	0	113	0	0	0	0	
854276	0	0	0	0	0	0	0	91	0	0	0	0	
855026	0	0	0	0	0	0	0	99	0	0	0	0	
855774	0	0	0	0	0	0	0	119	0	0	0	0	
856522	0	0	0	0	0	0	0	121	0	0	0	0	
857273	0	0	0	0	0	0	0	101	0	0	0	0	
858022	0	0	0	0	0	0	0	113	0	0	0	0	
858768	0	0	0	0	0	0	0	123	0	0	0	0	
859516	0	0	0	0	0	0	0	89	0	0	0	0	
860267	0	0	0	0	0	0	0	121	0	0	0	0	
861017	0	0	0	0	0	0	0	121	0	0	0	0	
861767	0	0	0	0	0	0	0	109	0	0	0	0	
862517	0	0	0	0	0	0	0	107	0	0	0	0	
863266	0	0	0	0	0	0	0	103	0	0	0	0	
864016	0	0	0	0	0	0	119	0	0	0	0	0	
864767	0	0	0	0	0	0	137	0	0	0	0	0	
865518	0	0	0	0	0	0	133	0	0	0	0	0	
866270	0	0	0	0	0	0	167	0	0	0	0	0	
867023	0	0	0	0	0	0	135	0	0	0	0	0	
867774	0	0	0	0	0	0	153	0	0	0	0	0	
868525	0	0	0	0	0	0	155	0	0	0	0	0	
869274	0	0	0	0	0	0	161	0	0	0	0	0	
870022	0	0	0	0	0	0	153	0	0	0	0	0	
870773	0	0	0	0	0	0	131	0	0	0	0	0	
871524	0	0	0	0	0	0	171	0	0	0	0	0	
872273	0	0	0	0	0	0	153	0	0	0	0	0	
873022	0	0	0	0	0	0	114	25	0	0	0	0	
873772	0	0	0	0	0	0	0	119	0	0	0	0	
874521	0	0	0	0	0	0	0	119	0	0	0	0	
875274	0	0	0	0	0	0	0	109	0	0	0	0	
876022	0	0	0	0	0	0	0	119	0	0	0	0	
876769	0	0	0	0	0	0	149	0	0	0	0	0	
877521	0	0	0	0	0	0	123	0	0	0	0	0	
878273	0	0	0	0	0	0	155	0	0	0	0	0	
879022	0	0	0	0	0	0	131	0	0	0	0	0	
879772	0	0	0	0	0	0	125	0	0	0	0	0	
880521	0	0	0	0	0	0	157	0	0	0	0	0	
881272	0	0	0	0	0	0	175	0	0	0	0	0	
882023	0	0	0	0	0	0	153	0	0	0	0	0	
882773	0	0	0	0	0	0	145	0	0	0	0	0	
883527	0	0	0	0	0	0	145	0	0	0	0	0	
884279	0	0	0	0	0	0	137	0	0	0	0	0	
885028	0	0	0	0	0	0	145	0	0	0	0	0	
885775	0	0	0	0	0	0	161	0	0	0	0	0	
886523	0	0	0	0	0	0	159	0	0	0	0	0	
887272	0	0	0	0	0	0	68	61	0	0	0	0	
888023	0	0	0	0	0	0	145	0	0	0	0	0	
888771	0	0	0	0	0	0	117	0	0	0	0	0	
889518	0	0	0	0	0	0	137	0	0	0	0	0	
890268	0	0	0	0	0	0	133	0	0	0	0	0	
891015	0	0	0	0	0	0	155	0	0	0	0	0	
891764	0	0	0	0	0	0	143	0	0	0	0	0	
892515	0	0	0	0	0	0	135	0	0	0	0	0	
893264	0	0	0	0	0	0	127	0	0	0	0	0	
894015	0	0	0	0	0	0	137	0	0	0	0	0	
894765	0	0	0	0	0	0	145	0	0	0	0	0	
895515	0	0	0	0	0	4	135	0	0	0	0	0	
896265	0	0	0	0	0	0	141	0	0	0	0	0	
897014	0	0	0	0	0	0	145	0	0	0	0	0	
897766	0	0	0	0	0	0	149	0	0	0	0	0	
898517	0	0	0	0	0	0	147	0	0	0	0	0	
899267	0	0	0	0	0	0	165	0	0	0	0	0	
900018	0	0	0	0	0	0	177	0	0	0	0	0	
900770	0	0	0	0	0	0	147	0	0	0	0	0	
901517	0	0	0	0	0	0	141	0	0	0	0	0	
902265	0	0	0	0	0	0	145	0	0	0	0	0	
903018	0	0	0	0	0	0	135	0	0	0	0	0	
903770	0	0	0	0	0	0	151	0	0	0	0	0	
904519	0	0	0	0	0	0	145	0	0	0	0	0	
905267	0	0	0	0	0	0	137	0	0	0	0	0	
906015	0	0	0	0	0	0	173	0	0	0	0	0	
906768	0	0	0	0	0	0	121	0	0	0	0	0	
907516	0	0	0	0	0	0	169	0	0	0	0	0	
908266	0	0	0	0	0	0	139	0	0	0	0	0	
909014	0	0	0	0	0	0	141	0	0	0	0	0	
909767	0	0	0	0	0	0	139	0	0	0	0	0	
910518	0	0	0	0	0	0	151	0	0	0	0	0	
911270	0	0	0	0	0	0	163	0	0	0	0	0	
912020	0	0	0	0	0	0	145	0	0	0	0	0	
912768	0	0	0	0	0	0	155	0	0	0	0	0	
913518	0	0	0	0	0	0	159	0	0	0	0	0	
914273	0	0	0	0	0	0	147	0	0	0	0	0	
915020	0	0	0	0	0	0	157	0	0	0	0	0	
915768	0	0	0	0	0	0	115	0	0	0	0	0	
916513	0	0	0	0	0	0	149	0	0	0	0	0	
917260	0	0	0	0	0	0	137	0	0	0	0	0	
918012	0	0	0	0	0	0	157	0	0	0	0	0	
918762	0	0	0	0	0	0	161	0	0	0	0	0	
919512	0	0	0	0	0	0	147	0	0	0	0	0	
920262	0	0	0	0	0	0	159	0	0	0	0	0	
921013	0	0	0	0	0	0	143	0	0	0	0	0	
921763	0	0	0	0	0	0	133	0	0	0	0	0	
922512	0	0	0	0	0	0	169	0	0	0	0	0	
923261	0	0	0	0	0	0	131	0	0	0	0	0	
924011	0	0	0	0	0	0	127	0	0	0	0	0	
924762	0	0	0	0	0	0	151	0	0	0	0	0	
925512	0	0	0	0	0	0	149	0	0	0	0	0	
926261	0	0	0	0	0	0	145	0	0	0	0	0	
927011	0	0	0	0	0	0	145	0	0	0	0	0	
927763	0	0	0	0	0	0	139	0	0	0	0	0	
928515	0	0	0	0	0	0	163	0	0	0	0	0	
929266	0	0	0	0	0	0	149	0	0	0	0	0	
930017	0	0	0	0	0	0	153	0	0	0	0	0	
930767	0	0	0	0	0	0	153	0	0	0	0	0	
931519	0	0	0	0	0	0	143	0	0	0	0	0	
932269	0	0	0	0	0	0	159	0	0	0	0	0	
933023	0	0	0	0	0	0	131	0	0	0	0	0	
933776	0	0	0	0	0	0	163	0	0	0	0	0	
934527	0	0	0	0	0	0	133	0	0	0	0	0	
935279	0	0	0	0	0	0	145	0	0	0	0	0	
936026	0	0	0	0	0	0	143	0	0	0	0	0	
936776	0	0	0	0	0	0	139	0	0	0	0	0	
937524	0	0	0	0	0	0	133	0	0	0	0	0	
938277	0	0	0	0	0	0	141	0	0	0	0	0	
939026	0	0	0	0	0	0	169	0	0	0	0	0	
939773	0	0	0	0	0	0	133	0	0	0	0	0	
940522	0	0	0	0	0	0	143	0	0	0	0	0	
941273	0	0	0	0	0	0	139	0	0	0	0	0	
942023	0	0	0	0	0	0	147	0	0	0	0	0	
942773	0	0	0	0	0	0	117	0	0	0	0	0	
943525	0	0	0	0	0	0	139	0	0	0	0	0	
944276	0	0	0	0	0	0	143	0	0	0	0	0	
945024	0	0	0	0	0	0	137	0	0	0	0	0	
945774	0	0	0	0	0	0	149	0	0	0	0	0	
946524	0	0	0	0	0	0	139	0	0	0	0	0	
947276	0	0	0	0	0	0	123	0	0	0	0	0	
948028	0	0	0	0	0	0	163	0	0	0	0	0	
948778	0	0	0	0	0	0	143	0	0	0	0	0	
949530	0	0	0	0	0	0	161	0	0	0	0	0	
950280	0	0	0	0	0	0	137	0	0	0	0	0	
951031	0	0	0	0	0	0	141	0	0	0	0	0	
951782	0	0	0	0	0	0	139	0	0	0	0	0	
952532	0	0	0	0	0	0	153	0	0	0	0	0	
953285	0	0	0	0	0	0	157	0	0	0	0	0	
954035	0	0	0	0	0	0	145	0	0	0	0	0	
954784	0	0	0	0	0	0	149	0	0	0	0	0	
955537	0	0	0	0	0	0	137	0	0	0	0	0	
956287	0	0	0	0	0	0	135	0	0	0	0	0	
957036	0	0	0	0	0	0	135	0	0	0	0	0	
957787	0	0	0	0	0	0	155	0	0	0	0	0	
958536	0	0	0	0	0	0	151	0	0	0	0	0	
959288	0	0	0	0	0	0	165	0	0	0	0	0	
960038	0	0	0	0	0	0	165	0	0	0	0	0	
960788	0	0	0	0	0	0	149	0	0	0	0	0	
961538	0	0	0	0	0	0	151	0	0	0	0	0	
962289	0	0	0	0	0	0	159	0	0	0	0	0	
963040	0	0	0	0	0	0	155	0	0	0	0	0	
963788	0	0	0	0	0	0	163	0	0	0	0	0	
964540	0	0	0	0	0	0	143	0	0	0	0	0	
965294	0	0	0	0	0	0	139	0	0	0	0	0	
966047	0	0	0	0	0	0	145	0	0	0	0	0	
966797	0	0	0	0	0	0	127	0	0	0	0	0	
967548	0	0	0	0	0	0	125	0	0	0	0	0	
968301	0	0	0	0	0	0	147	0	0	0	0	0	
969052	0	0	0	0	0	0	123	0	0	0	0	0	
969800	0	0	0	0	0	0	135	0	0	0	0	0	
970548	0	0	0	0	0	0	127	0	0	0	0	0	
971296	0	0	0	0	0	0	147	0	0	0	0	0	
972045	0	0	0	0	0	0	139	0	0	0	0	0	
972795	0	0	0	0	0	0	125	0	0	0	0	0	
973544	0	0	0	0	0	0	145	0	0	0	0	0	
974295	0	0	0	0	0	0	141	0	0	0	0	0	
975044	0	0	0	0	0	0	143	0	0	0	0	0	
975795	0	0	0	0	0	0	151	0	0	0	0	0	
976546	0	0	0	0	0	1	154	0	0	0	0	0	
977300	0	0	0	0	0	0	151	0	0	0	0	0	
978049	0	0	0	0	0	0	135	0	0	0	0	0	
978798	0	0	0	0	0	0	169	0	0	0	0	0	
979548	0	0	0	0	0	0	135	0	0	0	0	0	
980301	0	0	0	0	0	0	133	0	0	0	0	0	
981052	0	0	0	0	0	3	142	0	0	0	0	0	
981804	0	0	0	0	0	0	149	0	0	0	0	0	
982552	0	0	0	0	0	0	135	0	0	0	0	0	
983302	0	0	0	0	0	0	0	86	15	0	0	0	
984050	0	0	0	0	0	0	0	129	0	0	0	0	
984800	0	0	0	0	0	0	0	113	0	0	0	0	
985552	0	0	0	0	0	0	0	93	0	0	0	0	
986303	0	0	0	0	0	0	0	111	0	0	0	0	
987054	0	0	0	0	0	0	0	119	0	0	0	0	
987804	0	0	0	0	0	0	0	107	0	0	0	0	
988550	0	0	0	0	0	0	0	113	0	0	0	0	
989300	0	0	0	0	0	0	0	101	0	0	0	0	
990050	0	0	0	0	0	0	0	103	0	0	0	0	
990800	0	0	0	0	0	0	0	121	0	0	0	0	
991552	0	0	0	0	0	0	0	121	0	0	0	0	
992301	0	0	0	0	0	0	0	119	0	0	0	0	
993052	0	0	0	0	0	0	0	0	85	0	0	0	
993803	0	0	0	0	0	0	0	0	91	0	0	0	
994552	0	0	0	0	0	0	0	0	95	0	0	0	
995303	0	0	0	0	0	0	0	111	0	0	0	0	
996052	0	0	0	0	0	0	0	105	0	0	0	0	
996803	0	0	0	0	0	0	0	0	105	0	0	0	
997558	0	0	0	0	0	0	0	0	97	0	0	0	
998307	0	0	0	0	0	0	0	0	109	0	0	0	
999059	0	0	0	0	0	0	0	0	99	0	0	0	
999808	0	0	0	0	0	0	0	0	107	0	0	0	
1.00056e+06	0	0	0	0	0	0	0	0	97	0	0	0	
1.00131e+06	0	0	0	0	0	0	0	0	87	0	0	0	
1.00205e+06	0	0	0	0	0	0	0	0	77	0	0	0	
1.0028e+06	0	0	0	0	0	0	0	0	87	0	0	0	
1.00355e+06	0	0	0	0	0	0	0	0	79	0	0	0	
1.0043e+06	0	0	0	0	0	0	0	0	83	0	0	0	
1.00505e+06	0	0	0	0	0	0	0	0	95	0	0	0	
1.00581e+06	0	0	0	0	0	0	0	0	121	0	0	0	
1.00656e+06	0	0	0	0	0	0	0	0	87	0	0	0	
1.00731e+06	0	0	0	0	0	0	0	0	85	0	0	0	
1.00806e+06	0	0	0	0	0	0	0	117	0	0	0	0	
1.00882e+06	0	0	0	0	0	0	0	125	0	0	0	0	
1.00956e+06	0	0	0	0	0	0	125	0	0	0	0	0	
1.01031e+06	0	0	0	0	0	0	135	0	0	0	0	0	
1.01106e+06	0	0	0	0	0	0	131	0	0	0	0	0	
1.01182e+06	0	0	0	0	0	0	149	0	0	0	0	0	
1.01256e+06	0	0	0	0	0	0	123	0	0	0	0	0	
1.01331e+06	0	0	0	0	0	0	155	0	0	0	0	0	
1.01406e+06	0	0	0	0	0	0	141	0	0	0	0	0	
1.01481e+06	0	0	0	0	0	0	149	0	0	0	0	0	
1.01556e+06	0	0	0	0	0	0	145	0	0	0	0	0	
1.01631e+06	0	0	0	0	0	0	155	0	0	0	0	0	
1.01706e+06	0	0	0	0	0	0	129	0	0	0	0	0	
1.01781e+06	0	0	0	0	0	0	135	0	0	0	0	0	
1.01856e+06	0	0	0	0	0	0	0	105	0	0	0	0	
1.01931e+06	0	0	0	0	0	0	0	107	0	0	0	0	
1.02006e+06	0	0	0	0	0	0	0	125	0	0	0	0	
1.02082e+06	0	0	0	0	0	0	0	103	0	0	0	0	
1.02156e+06	0	0	0	0	0	0	0	0	87	0	0	0	
1.02232e+06	0	0	0	0	0	0	0	0	97	0	0	0	
1.02307e+06	0	0	0	0	0	0	0	0	101	0	0	0	
1.02382e+06	0	0	0	0	0	0	0	0	91	0	0	0	
1.02456e+06	0	0	0	0	0	0	0	0	87	0	0	0	
1.02531e+06	0	0	0	0	0	0	0	0	87	0	0	0	
1.02607e+06	0	0	0	0	0	0	0	0	75	0	0	0	
1.02682e+06	0	0	0	0	0	0	0	0	101	0	0	0	
1.02756e+06	0	0	0	0	0	0	0	0	93	0	0	0	
1.02831e+06	0	0	0	0	0	0	0	0	95	0	0	0	
1.02906e+06	0	0	0	0	0	0	0	0	113	0	0	0	
1.02981e+06	0	0	0	0	0	0	0	0	103	0	0	0	
1.03056e+06	0	0	0	0	0	0	0	0	95	0	0	0	
1.03131e+06	0	0	0	0	0	0	0	0	97	0	0	0	
1.03206e+06	0	0	0	0	0	0	0	0	105	0	0	0	
1.03281e+06	0	0	0	0	0	0	0	0	101	0	0	0	
1.03356e+06	0	0	0	0	0	0	0	0	87	0	0	0	
1.03431e+06	0	0	0	0	0	0	0	0	91	0	0	0	
1.03507e+06	0	0	0	0	0	0	0	0	87	0	0	0	
1.03582e+06	0	0	0	0	0	0	0	0	93	0	0	0	
1.03657e+06	0	0	0	0	0	0	0	0	83	0	0	0	
1.03731e+06	0	0	0	0	0	0	0	0	95	0	0	0	
1.03806e+06	0	0	0	0	0	0	0	0	83	0	0	0	
1.03881e+06	0	0	0	0	0	0	0	0	103	0	0	0	
1.03956e+06	0	0	0	0	0	0	0	0	103	0	0	0	
1.04031e+06	0	0	0	0	0	0	0	0	107	0	0	0	
1.04106e+06	0	0	0	0	0	0	0	123	0	0	0	0	
1.04181e+06	0	0	0	0	0	0	0	137	0	0	0	0	
1.04256e+06	0	0	0	0	0	0	0	117	0	0	0	0	
1.04331e+06	0	0	0	0	0	0	0	125	0	0	0	0	
1.04406e+06	0	0	0	0	0	0	135	0	0	0	0	0	
1.04481e+06	0	0	0	0	0	0	26	83	0	0	0	0	
1.04556e+06	0	0	0	0	0	0	0	99	0	0	0	0	
1.04631e+06	0	0	0	0	0	0	0	113	0	0	0	0	
1.04707e+06	0	0	0	0	0	0	0	103	0	0	0	0	
1.04782e+06	0	0	0	0	0	0	0	99	0	0	0	0	
1.04857e+06	0	0	0	0	0	0	0	87	0	0	0	0	
1.04932e+06	0	0	0	0	0	0	0	107	0	0	0	0	
1.05007e+06	0	0	0	0	0	0	0	121	0	0	0	0	
1.05081e+06	0	0	0	0	0	0	0	101	0	0	0	0	
1.05156e+06	0	0	0	0	0	0	0	108	1	0	0	0	
1.05231e+06	0	0	0	0	0	0	0	109	0	0	0	0	
1.05306e+06	0	0	0	0	0	0	0	129	0	0	0	0	
1.05381e+06	0	0	0	0	0	0	0	101	0	0	0	0	
1.05456e+06	0	0	0	0	0	0	0	93	0	0	0	0	
1.05531e+06	0	0	0	0	0	0	0	129	0	0	0	0	
1.05606e+06	0	0	0	0	0	0	0	113	0	0	0	0	
1.05681e+06	0	0	0	0	0	0	0	109	0	0	0	0	
1.05756e+06	0	0	0	0	0	0	0	97	0	0	0	0	
1.05831e+06	0	0	0	0	0	0	0	107	0	0	0	0	
1.05906e+06	0	0	0	0	0	0	0	133	0	0	0	0	
1.05981e+06	0	0	0	0	0	0	0	119	0	0	0	0	
1.06056e+06	0	0	0	0	0	0	0	111	0	0	0	0	
1.06131e+06	0	0	0	0	0	0	0	127	0	0	0	0	
1.06206e+06	0	0	0	0	0	0	0	115	0	0	0	0	
1.06281e+06	0	0	0	0	0	0	0	119	0	0	0	0	
1.06357e+06	0	0	0	0	0	0	0	119	0	0	0	0	
1.06431e+06	0	0	0	0	0	0	0	0	93	0	0	0	
1.06506e+06	0	0	0	0	0	0	0	0	101	0	0	0	
1.06581e+06	0	0	0	0	0	0	0	0	99	0	0	0	
1.06656e+06	0	0	0	0	0	0	0	0	87	0	0	0	
1.06732e+06	0	0	0	0	0	0	0	0	91	0	0	0	
1.06806e+06	0	0	0	0	0	0	0	0	95	0	0	0	
1.06881e+06	0	0	0	0	0	0	0	0	95	0	0	0	
1.06956e+06	0	0	0	0	0	0	0	0	89	0	0	0	
1.07031e+06	0	0	0	0	0	0	0	0	95	0	0	0	
1.07106e+06	0	0	0	0	0	0	0	0	113	0	0	0	
1.07182e+06	0	0	0	0	0	0	0	0	79	0	0	0	
1.07257e+06	0	0	0	0	0	0	0	0	87	0	0	0	
1.07332e+06	0	0	0	0	0	0	0	0	103	0	0	0	
1.07407e+06	0	0	0	0	0	0	0	0	93	0	0	0	
1.07482e+06	0	0	0	0	0	0	0	0	105	0	0	0	
1.07557e+06	0	0	0	0	0	0	0	0	103	0	0	0	
1.07632e+06	0	0	0	0	0	0	0	24	59	0	0	0	
1.07707e+06	0	0	0	0	0	0	0	0	87	0	0	0	
1.07782e+06	0	0	0	0	0	0	0	0	0	83	0	0	
1.07857e+06	0	0	0	0	0	0	0	0	0	67	0	0	
1.07932e+06	0	0	0	0	0	0	0	0	0	77	0	0	
1.08007e+06	0	0	0	0	0	0	0	0	95	0	0	0	
1.08082e+06	0	0	0	0	0	0	0	0	89	0	0	0	
1.08157e+06	0	0	0	0	0	0	0	0	91	0	0	0	
1.08231e+06	0	0	0	0	0	0	0	0	77	0	0	0	
1.08306e+06	0	0	0	0	0	0	0	0	87	0	0	0	
1.08381e+06	0	0	0	0	0	0	0	0	99	0	0	0	
1.08456e+06	0	0	0	0	0	0	0	0	97	0	0	0	
1.08531e+06	0	0	0	0	0	0	0	0	91	0	0	0	
1.08605e+06	0	0	0	0	0	0	0	0	81	0	0	0	
1.0868e+06	0	0	0	0	0	0	0	0	91	0	0	0	
1.08755e+06	0	0	0	0	0	0	0	0	75	0	0	0	
1.0883e+06	0	0	0	0	0	0	0	0	85	0	0	0	
1.08905e+06	0	0	0	0	0	0	0	0	111	0	0	0	
1.0898e+06	0	0	0	0	0	0	0	0	95	0	0	0	
1.09055e+06	0	0	0	0	0	0	0	0	107	0	0	0	
1.09131e+06	0	0	0	0	0	0	0	0	91	0	0	0	
1.09206e+06	0	0	0	0	0	0	0	0	73	0	0	0	
1.09281e+06	0	0	0	0	0	0	0	0	101	0	0	0	
1.09356e+06	0	0	0	0	0	0	0	0	107	0	0	0	
1.09431e+06	0	0	0	0	0	0	0	127	0	0	0	0	
1.09506e+06	0	0	0	0	0	0	0	159	0	0	0	0	
1.0958e+06	0	0	0	0	0	0	0	123	0	0	0	0	
1.09655e+06	0	0	0	0	0	0	0	103	0	0	0	0	
1.0973e+06	0	0	0	0	0	0	0	139	0	0	0	0	
1.09805e+06	0	0	0	0	0	0	0	123	0	0	0	0	
1.0988e+06	0	0	0	0	0	0	0	93	0	0	0	0	
1.09955e+06	0	0	0	0	0	0	0	127	0	0	0	0	
1.10029e+06	0	0	0	0	0	0	0	107	0	0	0	0	
1.10105e+06	0	0	0	0	0	0	0	115	0	0	0	0	
1.1018e+06	0	0	0	0	0	0	0	103	0	0	0	0	
1.10255e+06	0	0	0	0	0	0	0	143	0	0	0	0	
1.1033e+06	0	0	0	0	0	0	0	117	0	0	0	0	
1.10405e+06	0	0	0	0	0	0	0	115	0	0	0	0	
1.10481e+06	0	0	0	0	0	0	0	123	0	0	0	0	
1.10556e+06	0	0	0	0	0	0	0	107	0	0	0	0	
1.1063e+06	0	0	0	0	0	0	0	127	0	0	0	0	
1.10705e+06	0	0	0	0	0	0	0	109	0	0	0	0	
1.1078e+06	0	0	0	0	0	0	0	129	0	0	0	0	
1.10855e+06	0	0	0	0	0	0	0	107	0	0	0	0	
1.1093e+06	0	0	0	0	0	0	0	109	0	0	0	0	
1.11005e+06	0	0	0	0	0	0	0	99	0	0	0	0	
1.1108e+06	0	0	0	0	0	0	0	109	0	0	0	0	
1.11155e+06	0	0	0	0	0	0	0	0	107	0	0	0	
1.11231e+06	0	0	0	0	0	0	0	0	93	0	0	0	
1.11306e+06	0	0	0	0	0	0	0	0	103	0	0	0	
1.11381e+06	0	0	0	0	0	0	0	117	0	0	0	0	
1.11456e+06	0	0	0	0	0	0	0	103	0	0	0	0	
1.11531e+06	0	0	0	0	0	0	0	131	0	0	0	0	
1.11606e+06	0	0	0	0	0	0	0	115	0	0	0	0	
1.11681e+06	0	0	0	0	0	0	0	117	0	0	0	0	
1.11756e+06	0	0	0	0	0	0	0	121	0	0	0	0	
1.11832e+06	0	0	0	0	0	0	0	107	0	0	0	0	
1.11907e+06	0	0	0	0	0	0	0	111	0	0	0	0	
1.11982e+06	0	0	0	0	0	0	0	95	0	0	0	0	
1.12057e+06	0	0	0	0	0	0	0	111	0	0	0	0	
1.12132e+06	0	0	0	0	0	0	0	101	0	0	0	0	
1.12207e+06	0	0	0	0	0	0	0	117	0	0	0	0	
1.12282e+06	0	0	0	0	0	0	0	125	0	0	0	0	
1.12357e+06	0	0	0	0	0	0	0	113	0	0	0	0	
1.12432e+06	0	0	0	0	0	0	0	105	0	0	0	0	
1.12507e+06	0	0	0	0	0	0	171	0	0	0	0	0	
1.12581e+06	0	0	0	0	0	0	157	0	0	0	0	0	
1.12656e+06	0	0	0	0	0	0	139	0	0	0	0	0	
1.12732e+06	0	0	0	0	0	0	143	0	0	0	0	0	
1.12806e+06	0	0	0	0	0	0	133	0	0	0	0	0	
1.12881e+06	0	0	0	0	0	0	149	0	0	0	0	0	
1.12956e+06	0	0	0	0	0	0	149	0	0	0	0	0	
1.13031e+06	0	0	0	0	0	0	155	0	0	0	0	0	
1.13106e+06	0	0	0	0	0	0	114	21	0	0	0	0	
1.13181e+06	0	0	0	0	0	0	137	0	0	0	0	0	
1.13256e+06	0	0	0	0	0	0	147	0	0	0	0	0	
1.1333e+06	0	0	0	0	0	0	137	0	0	0	0	0	
1.13405e+06	0	0	0	0	0	0	163	0	0	0	0	0	
1.1348e+06	0	0	0	0	0	0	159	0	0	0	0	0	
1.13555e+06	0	0	0	0	0	0	131	0	0	0	0	0	
1.1363e+06	0	0	0	0	0	0	143	0	0	0	0	0	
1.13705e+06	0	0	0	0	0	0	145	0	0	0	0	0	
1.1378e+06	0	0	0	0	0	0	147	0	0	0	0	0	
1.13855e+06	0	0	0	0	0	0	145	0	0	0	0	0	
1.1393e+06	0	0	0	0	0	0	145	0	0	0	0	0	
1.14005e+06	0	0	0	0	0	0	141	0	0	0	0	0	
1.1408e+06	0	0	0	0	0	0	125	0	0	0	0	0	
1.14155e+06	0	0	0	0	0	0	149	0	0	0	0	0	
1.1423e+06	0	0	0	0	0	0	151	0	0	0	0	0	
1.14305e+06	0	0	0	0	0	0	133	0	0	0	0	0	
1.1438e+06	0	0	0	0	0	0	127	0	0	0	0	0	
1.14456e+06	0	0	0	0	0	0	155	0	0	0	0	0	
1.14531e+06	0	0	0	0	0	0	153	0	0	0	0	0	
1.14606e+06	0	0	0	0	0	0	0	121	0	0	0	0	
1.14681e+06	0	0	0	0	0	0	0	123	0	0	0	0	
1.14756e+06	0	0	0	0	0	0	0	137	0	0	0	0	
1.14831e+06	0	0	0	0	0	0	0	109	0	0	0	0	
1.14906e+06	0	0	0	0	0	0	0	107	0	0	0	0	
1.14981e+06	0	0	0	0	0	0	0	93	0	0	0	0	
1.15056e+06	0	0	0	0	0	0	0	105	0	0	0	0	
1.15131e+06	0	0	0	0	0	0	0	121	0	0	0	0	
1.15206e+06	0	0	0	0	0	0	0	123	0	0	0	0	
1.15281e+06	0	0	0	0	0	0	0	119	0	0	0	0	
1.15356e+06	0	0	0	0	0	0	0	127	0	0	0	0	
1.15431e+06	0	0	0	0	0	0	0	111	0	0	0	0	
1.15506e+06	0	0	0	0	0	0	0	105	0	0	0	0	
1.15581e+06	0	0	0	0	0	0	0	99	0	0	0	0	
1.15656e+06	0	0	0	0	0	0	0	103	0	0	0	0	
1.15731e+06	0	0	0	0	0	0	0	119	0	0	0	0	
1.15806e+06	0	0	0	0	0	0	0	109	0	0	0	0	
1.15882e+06	0	0	0	0	0	0	0	111	0	0	0	0	
1.15957e+06	0	0	0	0	0	0	0	123	0	0	0	0	
1.16032e+06	0	0	0	0	0	0	0	125	0	0	0	0	
1.16107e+06	0	0	0	0	0	0	0	99	0	0	0	0	
1.16182e+06	0	0	0	0	0	0	0	131	0	0	0	0	
1.16257e+06	0	0	0	0	0	0	0	107	0	0	0	0	
1.16332e+06	0	0	0	0	0	0	0	119	0	0	0	0	
1.16407e+06	0	0	0	0	0	0	0	117	0	0	0	0	
1.16482e+06	0	0	0	0	0	0	0	123	0	0	0	0	
1.16557e+06	0	0	0	0	0	0	0	103	0	0	0	0	
1.16632e+06	0	0	0	0	0	0	0	97	0	0	0	0	
1.16707e+06	0	0	0	0	0	0	0	111	0	0	0	0	
1.16782e+06	0	0	0	0	0	0	0	119	0	0	0	0	
1.16857e+06	0	0	0	0	0	0	0	109	0	0	0	0	
1.16932e+06	0	0	0	0	0	0	0	101	0	0	0	0	
1.17007e+06	0	0	0	0	0	0	0	137	0	0	0	0	
1.17082e+06	0	0	0	0	0	0	0	139	0	0	0	0	
1.17157e+06	0	0	0	0	0	0	0	97	0	0	0	0	
1.17232e+06	0	0	0	0	0	0	0	103	0	0	0	0	
1.17307e+06	0	0	0	0	0	0	0	97	0	0	0	0	
1.17382e+06	0	0	0	0	0	0	0	119	0	0	0	0	
1.17457e+06	0	0	0	0	0	0	0	117	0	0	0	0	
1.17532e+06	0	0	0	0	0	0	0	115	0	0	0	0	
1.17607e+06	0	0	0	0	0	0	0	0	107	0	0	0	
1.17682e+06	0	0	0	0	0	0	0	0	119	0	0	0	
1.17757e+06	0	0	0	0	0	0	0	0	91	0	0	0	
1.17832e+06	0	0	0	0	0	0	0	0	99	0	0	0	
1.17907e+06	0	0	0	0	0	0	0	0	83	0	0	0	
1.17982e+06	0	0	0	0	0	0	0	0	89	0	0	0	
1.18057e+06	0	0	0	0	0	0	0	0	95	0	0	0	
1.18132e+06	0	0	0	0	0	0	0	0	77	0	0	0	
1.18208e+06	0	0	0	0	0	0	0	0	97	0	0	0	
1.18282e+06	0	0	0	0	0	0	0	0	93	0	0	0	
1.18357e+06	0	0	0	0	0	0	0	115	0	0	0	0	
1.18432e+06	0	0	0	0	0	0	0	123	0	0	0	0	
1.18507e+06	0	0	0	0	0	0	0	119	0	0	0	0	
1.18582e+06	0	0	0	0	0	0	0	111	0	0	0	0	
1.18657e+06	0	0	0	0	0	0	0	125	0	0	0	0	
1.18732e+06	0	0	0	0	0	0	0	119	0	0	0	0	
1.18807e+06	0	0	0	0	0	0	0	105	0	0	0	0	
1.18882e+06	0	0	0	0	0	0	0	117	0	0	0	0	
1.18957e+06	0	0	0	0	0	0	0	105	0	0	0	0	
1.19032e+06	0	0	0	0	0	0	0	111	0	0	0	0	
1.19107e+06	0	0	0	0	0	0	0	95	0	0	0	0	
1.19183e+06	0	0	0	0	0	0	0	115	0	0	0	0	
1.19257e+06	0	0	0	0	0	0	0	115	0	0	0	0	
1.19332e+06	0	0	0	0	0	0	0	103	0	0	0	0	
1.19407e+06	0	0	0	0	0	0	0	117	0	0	0	0	
1.19482e+06	0	0	0	0	0	0	0	113	0	0	0	0	
1.19557e+06	0	0	0	0	0	0	0	125	0	0	0	0	
1.19632e+06	0	0	0	0	0	0	0	103	0	0	0	0	
1.19708e+06	0	0	0	0	0	0	0	121	0	0	0	0	
1.19783e+06	0	0	0	0	0	0	0	121	0	0	0	0	
1.19858e+06	0	0	0	0	0	0	0	113	0	0	0	0	
1.19933e+06	0	0	0	0	0	0	143	0	0	0	0	0	
1.20008e+06	0	0	0	0	0	0	143	0	0	0	0	0	
1.20083e+06	0	0	0	0	0	0	149	0	0	0	0	0	
1.20158e+06	0	0	0	0	0	0	153	0	0	0	0	0	
1.20233e+06	0	0	0	0	0	0	129	14	0	0	0	0	
1.20308e+06	0	0	0	0	0	0	147	0	0	0	0	0	
1.20383e+06	0	0	0	0	0	0	145	0	0	0	0	0	
1.20458e+06	0	0	0	0	0	0	131	0	0	0	0	0	
1.20533e+06	0	0	0	0	0	0	151	0	0	0	0	0	
1.20608e+06	0	0	0	0	0	0	137	0	0	0	0	0	
1.20683e+06	0	0	0	0	0	0	177	0	0	0	0	0	
1.20758e+06	0	0	0	0	0	0	133	0	0	0	0	0	
1.20833e+06	0	0	0	0	0	0	141	0	0	0	0	0	
1.20908e+06	0	0	0	0	0	0	131	0	0	0	0	0	
1.20983e+06	0	0	0	0	0	0	155	0	0	0	0	0	
1.21057e+06	0	0	0	0	0	0	139	0	0	0	0	0	
1.21132e+06	0	0	0	0	0	0	153	0	0	0	0	0	
1.21207e+06	0	0	0	0	0	0	121	0	0	0	0	0	
1.21282e+06	0	0	0	0	0	0	135	0	0	0	0	0	
1.21357e+06	0	0	0	0	0	0	147	0	0	0	0	0	
1.21432e+06	0	0	0	0	0	0	133	0	0	0	0	0	
1.21507e+06	0	0	0	0	0	0	129	0	0	0	0	0	
1.21582e+06	0	0	0	0	0	0	149	0	0	0	0	0	
1.21657e+06	0	0	0	0	0	0	167	0	0	0	0	0	
1.21732e+06	0	0	0	0	0	0	123	0	0	0	0	0	
1.21807e+06	0	0	0	0	0	0	115	32	0	0	0	0	
1.21882e+06	0	0	0	0	0	0	131	0	0	0	0	0	
1.21957e+06	0	0	0	0	0	0	157	0	0	0	0	0	
1.22032e+06	0	0	0	0	0	0	135	0	0	0	0	0	
1.22107e+06	0	0	0	0	0	0	139	0	0	0	0	0	
1.22182e+06	0	0	0	0	0	0	121	0	0	0	0	0	
1.22256e+06	0	0	0	0	0	0	127	0	0	0	0	0	
1.22332e+06	0	0	0	0	0	0	133	0	0	0	0	0	
1.22406e+06	0	0	0	0	0	0	119	0	0	0	0	0	
1.22481e+06	0	0	0	0	0	0	133	0	0	0	0	0	
1.22556e+06	0	0	0	0	0	0	173	0	0	0	0	0	
1.22631e+06	0	0	0	0	0	0	139	0	0	0	0	0	
1.22707e+06	0	0	0	0	0	0	155	0	0	0	0	0	
1.22782e+06	0	0	0	0	0	0	159	0	0	0	0	0	
1.22857e+06	0	0	0	0	0	0	133	0	0	0	0	0	
1.22932e+06	0	0	0	0	0	0	159	0	0	0	0	0	
1.23007e+06	0	0	0	0	0	0	145	0	0	0	0	0	
1.23082e+06	0	0	0	0	0	0	135	0	0	0	0	0	
1.23158e+06	0	0	0	0	0	0	143	0	0	0	0	0	
1.23233e+06	0	0	0	0	0	0	117	0	0	0	0	0	
1.23307e+06	0	0	0	0	0	0	151	0	0	0	0	0	
1.23382e+06	0	0	0	0	0	0	139	0	0	0	0	0	
1.23458e+06	0	0	0	0	0	0	127	0	0	0	0	0	
1.23532e+06	0	0	0	0	0	0	135	0	0	0	0	0	
1.23607e+06	0	0	0	0	0	0	145	0	0	0	0	0	
1.23682e+06	0	0	0	0	0	0	159	0	0	0	0	0	
1.23757e+06	0	0	0	0	0	0	137	0	0	0	0	0	
1.23832e+06	0	0	0	0	0	45	116	0	0	0	0	0	
1.23907e+06	0	0	0	0	0	153	0	0	0	0	0	0	
1.23982e+06	0	0	0	0	0	0	137	0	0	0	0	0	
1.24057e+06	0	0	0	0	0	0	143	0	0	0	0	0	
1.24132e+06	0	0	0	0	0	0	153	0	0	0	0	0	
1.24207e+06	0	0	0	0	0	0	151	0	0	0	0	0	
1.24282e+06	0	0	0	0	0	0	137	0	0	0	0	0	
1.24357e+06	0	0	0	0	0	0	149	0	0	0	0	0	
1.24432e+06	0	0	0	0	0	0	141	0	0	0	0	0	
1.24507e+06	0	0	0	0	0	0	117	0	0	0	0	0	
1.24583e+06	0	0	0	0	0	0	139	0	0	0	0	0	
1.24657e+06	0	0	0	0	0	0	141	0	0	0	0	0	
1.24733e+06	0	0	0	0	0	0	135	0	0	0	0	0	
1.24808e+06	0	0	0	0	0	0	145	0	0	0	0	0	
1.24883e+06	0	0	0	0	0	0	147	0	0	0	0	0	
1.24958e+06	0	0	0	0	0	0	161	0	0	0	0	0	
1.25033e+06	0	0	0	0	0	0	143	0	0	0	0	0	
1.25108e+06	0	0	0	0	0	0	131	0	0	0	0	0	
1.25182e+06	0	0	0	0	0	0	141	0	0	0	0	0	
1.25258e+06	0	0	0	0	0	0	127	0	0	0	0	0	
1.25333e+06	0	0	0	0	0	0	141	0	0	0	0	0	
1.25408e+06	0	0	0	0	0	0	137	0	0	0	0	0	
1.25483e+06	0	0	0	0	0	0	123	0	0	0	0	0	
1.25558e+06	0	0	0	0	0	0	143	0	0	0	0	0	
1.25633e+06	0	0	0	0	0	0	137	0	0	0	0	0	
1.25708e+06	0	0	0	0	0	0	143	0	0	0	0	0	
1.25783e+06	0	0	0	0	0	201	0	0	0	0	0	0	
1.25858e+06	0	0	0	0	0	175	0	0	0	0	0	0	
1.25933e+06	0	0	0	0	0	175	0	0	0	0	0	0	
1.26008e+06	0	0	0	0	0	193	0	0	0	0	0	0	
1.26083e+06	0	0	0	0	0	181	0	0	0	0	0	0	
1.26158e+06	0	0	0	0	0	155	0	0	0	0	0	0	
1.26233e+06	0	0	0	0	0	143	0	0	0	0	0	0	
1.26308e+06	0	0	0	0	0	165	0	0	0	0	0	0	
1.26383e+06	0	0	0	0	0	203	0	0	0	0	0	0	
1.26458e+06	0	0	0	0	0	191	0	0	0	0	0	0	
1.26532e+06	0	0	0	0	0	159	0	0	0	0	0	0	
1.26607e+06	0	0	0	0	0	161	0	0	0	0	0	0	
1.26682e+06	0	0	0	0	0	181	0	0	0	0	0	0	
1.26757e+06	0	0	0	0	0	213	0	0	0	0	0	0	
1.26832e+06	0	0	0	0	0	187	0	0	0	0	0	0	
1.26907e+06	0	0	0	0	0	167	0	0	0	0	0	0	
1.26982e+06	0	0	0	0	0	177	0	0	0	0	0	0	
1.27057e+06	0	0	0	0	0	173	0	0	0	0	0	0	
1.27132e+06	0	0	0	0	0	173	0	0	0	0	0	0	
1.27207e+06	0	0	0	0	0	193	0	0	0	0	0	0	
1.27282e+06	0	0	0	0	0	187	0	0	0	0	0	0	
1.27356e+06	0	0	0	0	0	189	0	0	0	0	0	0	
1.27432e+06	0	0	0	0	225	0	0	0	0	0	0	0	
1.27506e+06	0	0	0	0	233	0	0	0	0	0	0	0	
1.27581e+06	0	0	0	0	217	0	0	0	0	0	0	0	
1.27656e+06	0	0	0	0	211	0	0	0	0	0	0	0	
1.27731e+06	0	0	0	0	215	0	0	0	0	0	0	0	
1.27806e+06	0	0	0	0	203	0	0	0	0	0	0	0	
1.27881e+06	0	0	0	0	215	0	0	0	0	0	0	0	
1.27956e+06	0	0	0	0	241	0	0	0	0	0	0	0	
1.28031e+06	0	0	0	0	205	0	0	0	0	0	0	0	
1.28106e+06	0	0	0	0	209	0	0	0	0	0	0	0	
1.28181e+06	0	0	0	0	217	0	0	0	0	0	0	0	
1.28256e+06	0	0	0	0	205	0	0	0	0	0	0	0	
1.28331e+06	0	0	0	0	229	0	0	0	0	0	0	0	
1.28406e+06	0	0	0	0	215	0	0	0	0	0	0	0	
1.28481e+06	0	0	0	0	209	0	0	0	0	0	0	0	
1.28556e+06	0	0	0	0	199	0	0	0	0	0	0	0	
1.28631e+06	0	0	0	0	223	0	0	0	0	0	0	0	
1.28706e+06	0	0	0	0	233	0	0	0	0	0	0	0	
1.28781e+06	0	0	0	0	201	0	0	0	0	0	0	0	
1.28855e+06	0	0	0	0	221	0	0	0	0	0	0	0	
1.2893e+06	0	0	0	0	231	0	0	0	0	0	0	0	
1.29005e+06	0	0	0	0	207	0	0	0	0	0	0	0	
1.2908e+06	0	0	0	0	229	0	0	0	0	0	0	0	
1.29156e+06	0	0	0	0	223	0	0	0	0	0	0	0	
1.2923e+06	0	0	0	0	219	0	0	0	0	0	0	0	
1.29305e+06	0	0	0	0	211	0	0	0	0	0	0	0	
1.2938e+06	0	0	0	0	241	0	0	0	0	0	0	0	
1.29455e+06	0	0	0	0	235	0	0	0	0	0	0	0	
1.2953e+06	0	0	0	0	271	0	0	0	0	0	0	0	
1.29605e+06	0	0	0	0	215	0	0	0	0	0	0	0	
1.2968e+06	0	0	0	0	219	0	0	0	0	0	0	0	
1.29755e+06	0	0	0	0	199	0	0	0	0	0	0	0	
1.2983e+06	0	0	0	0	239	0	0	0	0	0	0	0	
1.29905e+06	0	0	0	0	207	0	0	0	0	0	0	0	
1.2998e+06	0	0	0	0	219	0	0	0	0	0	0	0	
1.30055e+06	0	0	0	0	227	0	0	0	0	0	0	0	
1.3013e+06	0	0	0	0	235	0	0	0	0	0	0	0	
1.30205e+06	0	0	0	0	219	0	0	0	0	0	0	0	
1.3028e+06	0	0	0	0	209	0	0	0	0	0	0	0	
1.30355e+06	0	0	0	0	203	0	0	0	0	0	0	0	
1.3043e+06	0	0	0	0	183	0	0	0	0	0	0	0	
1.30505e+06	0	0	0	7	182	0	0	0	0	0	0	0	
1.3058e+06	0	0	0	0	247	0	0	0	0	0	0	0	
1.30656e+06	0	0	0	0	225	0	0	0	0	0	0	0	
1.30731e+06	0	0	0	0	217	0	0	0	0	0	0	0	
1.30805e+06	0	0	0	0	211	0	0	0	0	0	0	0	
1.3088e+06	0	0	0	0	205	0	0	0	0	0	0	0	
1.30955e+06	0	0	0	0	229	0	0	0	0	0	0	0	
1.3103e+06	0	0	0	0	205	0	0	0	0	0	0	0	
1.31105e+06	0	0	0	0	237	0	0	0	0	0	0	0	
1.3118e+06	0	0	0	0	217	0	0	0	0	0	0	0	
1.31255e+06	0	0	0	0	229	0	0	0	0	0	0	0	
1.3133e+06	0	0	0	0	225	0	0	0	0	0	0	0	
1.31405e+06	0	0	0	0	181	0	0	0	0	0	0	0	
1.3148e+06	0	0	0	0	217	0	0	0	0	0	0	0	
1.31555e+06	0	0	0	0	227	0	0	0	0	0	0	0	
1.3163e+06	0	0	0	0	217	0	0	0	0	0	0	0	
1.31705e+06	0	0	0	0	231	0	0	0	0	0	0	0	
1.3178e+06	0	0	0	0	221	0	0	0	0	0	0	0	
1.31855e+06	0	0	0	0	231	0	0	0	0	0	0	0	
1.3193e+06	0	0	0	0	215	0	0	0	0	0	0	0	
1.32005e+06	0	0	0	0	219	0	0	0	0	0	0	0	
1.3208e+06	0	0	0	0	235	0	0	0	0	0	0	0	
1.32154e+06	0	0	0	0	215	0	0	0	0	0	0	0	
1.32229e+06	0	0	0	0	229	0	0	0	0	0	0	0	
1.32304e+06	0	0	0	0	223	0	0	0	0	0	0	0	
1.32379e+06	0	0	0	0	237	0	0	0	0	0	0	0	
1.32454e+06	0	0	0	0	219	0	0	0	0	0	0	0	
1.3253e+06	0	0	0	0	213	0	0	0	0	0	0	0	
1.32605e+06	0	0	0	0	217	0	0	0	0	0	0	0	
1.32679e+06	0	0	0	0	227	0	0	0	0	0	0	0	
1.32754e+06	0	0	0	0	205	0	0	0	0	0	0	0	
1.32829e+06	0	0	0	0	249	0	0	0	0	0	0	0	
1.32904e+06	0	0	0	0	209	0	0	0	0	0	0	0	
1.32979e+06	0	0	0	0	193	0	0	0	0	0	0	0	
1.33054e+06	0	0	0	0	205	0	0	0	0	0	0	0	
1.33129e+06	0	0	0	0	201	0	0	0	0	0	0	0	
1.33204e+06	0	0	0	0	235	0	0	0	0	0	0	0	
1.33279e+06	0	0	0	0	197	0	0	0	0	0	0	0	
1.33354e+06	0	0	0	0	209	0	0	0	0	0	0	0	
1.33429e+06	0	0	0	0	221	0	0	0	0	0	0	0	
1.33503e+06	0	0	0	0	213	0	0	0	0	0	0	0	
1.33579e+06	0	0	0	0	227	0	0	0	0	0	0	0	
1.33654e+06	0	0	0	0	239	0	0	0	0	0	0	0	
1.33728e+06	0	0	0	20	201	0	0	0	0	0	0	0	
1.33803e+06	0	0	0	0	209	0	0	0	0	0	0	0	
1.33879e+06	0	0	0	0	197	0	0	0	0	0	0	0	
1.33954e+06	0	0	0	0	205	0	0	0	0	0	0	0	
1.34029e+06	0	0	0	0	211	0	0	0	0	0	0	0	
1.34104e+06	0	0	0	0	227	0	0	0	0	0	0	0	
1.34179e+06	0	0	0	0	207	0	0	0	0	0	0	0	
1.34254e+06	0	0	0	0	201	0	0	0	0	0	0	0	
1.34329e+06	0	0	0	0	207	0	0	0	0	0	0	0	
1.34404e+06	0	0	0	0	201	0	0	0	0	0	0	0	
1.34479e+06	0	0	0	0	219	0	0	0	0	0	0	0	
1.34553e+06	0	0	0	0	201	0	0	0	0	0	0	0	
1.34628e+06	0	0	0	0	203	0	0	0	0	0	0	0	
1.34703e+06	0	0	0	0	237	0	0	0	0	0	0	0	
1.34778e+06	0	0	0	0	187	0	0	0	0	0	0	0	
1.34853e+06	0	0	0	0	213	0	0	0	0	0	0	0	
1.34928e+06	0	0	0	0	197	0	0	0	0	0	0	0	
1.35003e+06	0	0	0	0	213	0	0	0	0	0	0	0	
1.35079e+06	0	0	0	0	218	17	0	0	0	0	0	0	
1.35154e+06	0	0	0	0	219	0	0	0	0	0	0	0	
1.35229e+06	0	0	0	0	217	0	0	0	0	0	0	0	
1.35304e+06	0	0	0	0	211	0	0	0	0	0	0	0	
1.35379e+06	0	0	0	0	225	0	0	0	0	0	0	0	
1.35454e+06	0	0	0	0	223	0	0	0	0	0	0	0	
1.35529e+06	0	0	0	0	193	0	0	0	0	0	0	0	
1.35604e+06	0	0	0	0	225	0	0	0	0	0	0	0	
1.35679e+06	0	0	0	0	213	0	0	0	0	0	0	0	
1.35754e+06	0	0	0	0	239	0	0	0	0	0	0	0	
1.35829e+06	0	0	0	0	205	0	0	0	0	0	0	0	
1.35904e+06	0	0	0	0	205	0	0	0	0	0	0	0	
1.35979e+06	0	0	0	0	195	0	0	0	0	0	0	0	
1.36054e+06	0	0	0	0	235	0	0	0	0	0	0	0	
1.36129e+06	0	0	0	0	205	0	0	0	0	0	0	0	
1.36203e+06	0	0	0	0	229	0	0	0	0	0	0	0	
1.36278e+06	0	0	0	0	215	0	0	0	0	0	0	0	
1.36353e+06	0	0	0	0	235	0	0	0	0	0	0	0	
1.36428e+06	0	0	0	0	205	0	0	0	0	0	0	0	
1.36503e+06	0	0	0	0	201	0	0	0	0	0	0	0	
1.36578e+06	0	0	0	0	209	0	0	0	0	0	0	0	
1.36653e+06	0	0	0	0	199	0	0	0	0	0	0	0	
1.36728e+06	0	0	0	0	215	0	0	0	0	0	0	0	
1.36803e+06	0	0	0	0	215	0	0	0	0	0	0	0	
1.36878e+06	0	0	0	0	217	0	0	0	0	0	0	0	
1.36953e+06	0	0	0	0	201	0	0	0	0	0	0	0	
1.37028e+06	0	0	0	0	233	0	0	0	0	0	0	0	
1.37103e+06	0	0	0	0	205	0	0	0	0	0	0	0	
1.37178e+06	0	0	0	0	223	0	0	0	0	0	0	0	
1.37253e+06	0	0	0	0	179	0	0	0	0	0	0	0	
1.37328e+06	0	0	0	0	195	0	0	0	0	0	0	0	
1.37403e+06	0	0	0	0	233	0	0	0	0	0	0	0	
1.37478e+06	0	0	0	0	215	0	0	0	0	0	0	0	
1.37554e+06	0	0	0	0	239	0	0	0	0	0	0	0	
1.37629e+06	0	0	0	0	233	0	0	0	0	0	0	0	
1.37704e+06	0	0	0	33	174	0	0	0	0	0	0	0	
1.37779e+06	0	0	0	265	0	0	0	0	0	0	0	0	
1.37853e+06	0	0	0	273	0	0	0	0	0	0	0	0	
1.37928e+06	0	0	0	231	0	0	0	0	0	0	0	0	
1.38003e+06	0	0	0	271	0	0	0	0	0	0	0	0	
1.38078e+06	0	0	0	233	0	0	0	0	0	0	0	0	
1.38154e+06	0	0	0	263	0	0	0	0	0	0	0	0	
1.38228e+06	0	0	0	255	0	0	0	0	0	0	0	0	
1.38303e+06	0	0	0	283	0	0	0	0	0	0	0	0	
1.38378e+06	0	0	0	249	0	0	0	0	0	0	0	0	
1.38453e+06	0	0	1	270	0	0	0	0	0	0	0	0	
1.38528e+06	0	0	0	253	0	0	0	0	0	0	0	0	
1.38603e+06	0	0	0	186	65	0	0	0	0	0	0	0	
1.38678e+06	0	0	0	251	0	0	0	0	0	0	0	0	
1.38753e+06	0	0	0	245	0	0	0	0	0	0	0	0	
1.38828e+06	0	0	0	291	0	0	0	0	0	0	0	0	
1.38903e+06	0	0	3	250	0	0	0	0	0	0	0	0	
1.38978e+06	0	0	0	257	0	0	0	0	0	0	0	0	
1.39054e+06	0	0	0	257	0	0	0	0	0	0	0	0	
1.39129e+06	0	0	0	251	0	0	0	0	0	0	0	0	
1.39203e+06	0	0	0	279	0	0	0	0	0	0	0	0	
1.39278e+06	0	0	0	265	0	0	0	0	0	0	0	0	
1.39353e+06	0	0	0	267	0	0	0	0	0	0	0	0	
1.39428e+06	0	0	0	253	0	0	0	0	0	0	0	0	
1.39503e+06	0	0	0	243	0	0	0	0	0	0	0	0	
1.39578e+06	0	0	0	231	0	0	0	0	0	0	0	0	
1.39653e+06	0	0	0	265	0	0	0	0	0	0	0	0	
1.39728e+06	0	0	0	255	0	0	0	0	0	0	0	0	
1.39803e+06	0	0	0	263	0	0	0	0	0	0	0	0	
1.39878e+06	0	0	0	289	0	0	0	0	0	0	0	0	
1.39953e+06	0	0	0	265	0	0	0	0	0	0	0	0	
1.40028e+06	0	0	0	299	0	0	0	0	0	0	0	0	
1.40103e+06	0	0	190	129	0	0	0	0	0	0	0	0	
1.40178e+06	0	0	0	259	0	0	0	0	0	0	0	0	
1.40253e+06	0	0	0	273	0	0	0	0	0	0	0	0	
1.40328e+06	0	0	0	0	219	0	0	0	0	0	0	0	
1.40403e+06	0	0	0	0	247	0	0	0	0	0	0	0	
1.40478e+06	0	0	0	0	215	0	0	0	0	0	0	0	
1.40553e+06	0	0	0	0	211	0	0	0	0	0	0	0	
1.40628e+06	0	0	0	0	247	0	0	0	0	0	0	0	
1.40703e+06	0	0	0	0	223	0	0	0	0	0	0	0	
1.40778e+06	0	0	0	0	215	0	0	0	0	0	0	0	
1.40853e+06	0	0	0	0	225	0	0	0	0	0	0	0	
1.40928e+06	0	0	0	0	233	0	0	0	0	0	0	0	
1.41003e+06	0	0	0	0	195	0	0	0	0	0	0	0	
1.41078e+06	0	0	0	0	193	0	0	0	0	0	0	0	
1.41153e+06	0	0	0	0	235	0	0	0	0	0	0	0	
1.41228e+06	0	0	0	0	191	0	0	0	0	0	0	0	
1.41303e+06	0	0	0	0	225	0	0	0	0	0	0	0	
1.41378e+06	0	0	0	0	213	0	0	0	0	0	0	0	
1.41453e+06	0	0	0	0	239	0	0	0	0	0	0	0	
1.41528e+06	0	0	0	0	199	0	0	0	0	0	0	0	
1.41603e+06	0	0	0	0	221	0	0	0	0	0	0	0	
1.41678e+06	0	0	0	0	215	0	0	0	0	0	0	0	
1.41753e+06	0	0	0	0	215	0	0	0	0	0	0	0	
1.41828e+06	0	0	0	0	219	0	0	0	0	0	0	0	
1.41903e+06	0	0	0	0	189	0	0	0	0	0	0	0	
1.41978e+06	0	0	0	0	217	0	0	0	0	0	0	0	
1.42053e+06	0	0	0	0	221	0	0	0	0	0	0	0	
1.42128e+06	0	0	0	0	197	0	0	0	0	0	0	0	
1.42203e+06	0	0	0	0	217	0	0	0	0	0	0	0	
1.42278e+06	0	0	0	0	217	0	0	0	0	0	0	0	
1.42353e+06	0	0	0	0	207	0	0	0	0	0	0	0	
1.42428e+06	0	0	0	0	205	0	0	0	0	0	0	0	
1.42503e+06	0	0	0	0	229	0	0	0	0	0	0	0	
1.42579e+06	0	0	0	0	207	0	0	0	0	0	0	0	
1.42653e+06	0	0	0	0	201	0	0	0	0	0	0	0	
1.42728e+06	0	0	0	0	221	0	0	0	0	0	0	0	
1.42803e+06	0	0	0	0	217	0	0	0	0	0	0	0	
1.42878e+06	0	0	0	0	247	0	0	0	0	0	0	0	
1.42953e+06	0	0	0	0	223	0	0	0	0	0	0	0	
1.43028e+06	0	0	0	0	229	0	0	0	0	0	0	0	
1.43103e+06	0	0	0	0	221	0	0	0	0	0	0	0	
1.43178e+06	0	0	0	0	207	0	0	0	0	0	0	0	
1.43253e+06	0	0	0	0	209	0	0	0	0	0	0	0	
1.43328e+06	0	0	0	0	229	0	0	0	0	0	0	0	
1.43403e+06	0	0	0	0	233	0	0	0	0	0	0	0	
1.43478e+06	0	0	0	0	191	0	0	0	0	0	0	0	
1.43553e+06	0	0	0	0	193	0	0	0	0	0	0	0	
1.43628e+06	0	0	0	0	235	0	0	0	0	0	0	0	
1.43703e+06	0	0	0	0	205	0	0	0	0	0	0	0	
1.43778e+06	0	0	0	0	191	0	0	0	0	0	0	0	
1.43853e+06	0	0	0	0	203	0	0	0	0	0	0	0	
1.43928e+06	0	0	0	0	215	0	0	0	0	0	0	0	
1.44003e+06	0	0	0	0	215	0	0	0	0	0	0	0	
1.44078e+06	0	0	0	0	243	0	0	0	0	0	0	0	
1.44153e+06	0	0	0	0	209	0	0	0	0	0	0	0	
1.44228e+06	0	0	0	0	231	0	0	0	0	0	0	0	
1.44304e+06	0	0	0	0	209	0	0	0	0	0	0	0	
1.44379e+06	0	0	0	0	209	0	0	0	0	0	0	0	
1.44453e+06	0	0	0	0	231	0	0	0	0	0	0	0	
1.44528e+06	0	0	0	0	225	2	0	0	0	0	0	0	
1.44603e+06	0	0	0	0	211	0	0	0	0	0	0	0	
1.44678e+06	0	0	0	0	215	0	0	0	0	0	0	0	
1.44754e+06	0	0	0	0	225	0	0	0	0	0	0	0	
1.44829e+06	0	0	0	0	215	0	0	0	0	0	0	0	
1.44904e+06	0	0	0	0	213	0	0	0	0	0	0	0	
1.44978e+06	0	0	0	0	225	0	0	0	0	0	0	0	
1.45054e+06	0	0	0	0	241	0	0	0	0	0	0	0	
1.45129e+06	0	0	0	0	233	0	0	0	0	0	0	0	
1.45204e+06	0	0	0	0	207	0	0	0	0	0	0	0	
1.45279e+06	0	0	0	0	225	0	0	0	0	0	0	0	
1.45354e+06	0	0	0	0	199	0	0	0	0	0	0	0	
1.45429e+06	0	0	0	0	183	0	0	0	0	0	0	0	
1.45504e+06	0	0	0	0	207	0	0	0	0	0	0	0	
1.45579e+06	0	0	0	0	219	0	0	0	0	0	0	0	
1.45655e+06	0	0	0	0	195	0	0	0	0	0	0	0	
1.4573e+06	0	0	0	0	217	0	0	0	0	0	0	0	
1.45805e+06	0	0	0	0	233	0	0	0	0	0	0	0	
1.45879e+06	0	0	0	0	215	0	0	0	0	0	0	0	
1.45955e+06	0	0	0	0	211	0	0	0	0	0	0	0	
1.4603e+06	0	0	0	0	215	0	0	0	0	0	0	0	
1.46105e+06	0	0	0	0	0	185	0	0	0	0	0	0	
1.46179e+06	0	0	0	0	0	181	0	0	0	0	0	0	
1.46254e+06	0	0	0	0	0	161	0	0	0	0	0	0	
1.46329e+06	0	0	0	0	8	173	0	0	0	0	0	0	
1.46405e+06	0	0	0	0	0	159	0	0	0	0	0	0	
1.46479e+06	0	0	0	0	0	145	0	0	0	0	0	0	
1.46554e+06	0	0	0	0	0	179	0	0	0	0	0	0	
1.4663e+06	0	0	0	0	0	187	0	0	0	0	0	0	
1.46705e+06	0	0	0	0	0	177	0	0	0	0	0	0	
1.4678e+06	0	0	0	0	0	171	0	0	0	0	0	0	
1.46855e+06	0	0	0	0	0	173	0	0	0	0	0	0	
1.4693e+06	0	0	0	0	1	168	0	0	0	0	0	0	
1.47005e+06	0	0	0	0	0	171	0	0	0	0	0	0	
1.4708e+06	0	0	0	0	0	169	0	0	0	0	0	0	
1.47156e+06	0	0	0	0	0	151	0	0	0	0	0	0	
1.47231e+06	0	0	0	0	0	181	0	0	0	0	0	0	
1.47305e+06	0	0	0	0	0	197	0	0	0	0	0	0	
1.47381e+06	0	0	0	0	0	165	0	0	0	0	0	0	
1.47456e+06	0	0	0	0	0	173	0	0	0	0	0	0	
1.47531e+06	0	0	0	0	0	169	0	0	0	0	0	0	
1.47606e+06	0	0	0	0	0	155	0	0	0	0	0	0	
1.47682e+06	0	0	0	0	0	165	0	0	0	0	0	0	
1.47756e+06	0	0	0	0	0	159	0	0	0	0	0	0	
1.47831e+06	0	0	0	0	0	177	0	0	0	0	0	0	
1.47906e+06	0	0	0	0	0	163	0	0	0	0	0	0	
1.47981e+06	0	0	0	0	0	181	0	0	0	0	0	0	
1.48056e+06	0	0	0	0	0	173	0	0	0	0	0	0	
1.48131e+06	0	0	0	0	0	147	0	0	0	0	0	0	
1.48206e+06	0	0	0	0	0	205	0	0	0	0	0	0	
1.48281e+06	0	0	0	0	0	171	0	0	0	0	0	0	
1.48356e+06	0	0	0	0	0	171	0	0	0	0	0	0	
1.48431e+06	0	0	0	0	205	0	0	0	0	0	0	0	
1.48506e+06	0	0	0	0	213	0	0	0	0	0	0	0	
1.48581e+06	0	0	0	0	167	0	0	0	0	0	0	0	
1.48656e+06	0	0	0	0	201	0	0	0	0	0	0	0	
1.48731e+06	0	0	0	0	235	0	0	0	0	0	0	0	
1.48806e+06	0	0	0	0	207	0	0	0	0	0	0	0	
1.48881e+06	0	0	0	0	223	0	0	0	0	0	0	0	
1.48956e+06	0	0	0	0	205	0	0	0	0	0	0	0	
1.49031e+06	0	0	0	0	189	0	0	0	0	0	0	0	
1.49106e+06	0	0	0	0	215	0	0	0	0	0	0	0	
1.49181e+06	0	0	0	0	191	0	0	0	0	0	0	0	
1.49256e+06	0	0	0	0	227	0	0	0	0	0	0	0	
1.49331e+06	0	0	0	0	203	0	0	0	0	0	0	0	
1.49406e+06	0	0	0	0	213	0	0	0	0	0	0	0	
1.49481e+06	0	0	0	0	247	0	0	0	0	0	0	0	
1.49557e+06	0	0	0	0	241	0	0	0	0	0	0	0	
1.49632e+06	0	0	0	0	185	0	0	0	0	0	0	0	
1.49707e+06	0	0	0	0	205	0	0	0	0	0	0	0	
1.49782e+06	0	0	0	0	223	0	0	0	0	0	0	0	
1.49857e+06	0	0	0	0	207	0	0	0	0	0	0	0	
1.49932e+06	0	0	0	0	227	0	0	0	0	0	0	0	
1.50007e+06	0	0	0	3	244	0	0	0	0	0	0	0	
1.50007e+06	0	0	0	3	244	0	0	0	0	0	0	0	
