Time	s0	s1	s2	s3	s4	s5	s6	s7	s8	s9	s10	s11	
0	0	0	0	0	0	0	0	0	0	0	0	200	
0.00392555	0	0	0	0	0	0	0	0	0	0	0	201	
748.439	0	0	0	0	0	0	0	0	0	0	0	59	
1499.13	0	0	0	0	0	0	0	0	0	0	0	51	
2251.56	0	0	0	0	0	0	0	0	0	0	0	47	
2999.34	0	0	0	0	0	0	0	0	0	0	0	41	
3753.18	0	0	0	0	0	0	0	0	0	0	0	43	
4504.35	0	0	0	0	0	0	0	0	0	0	0	43	
5256.06	0	0	0	0	0	0	0	0	0	0	0	43	
6004.62	0	0	0	0	0	0	0	0	0	0	0	51	
6754.97	0	0	0	0	0	0	0	0	0	0	0	63	
7501.75	0	0	0	0	0	0	0	0	0	0	0	53	
8249.59	0	0	0	0	0	0	0	0	0	0	0	51	
8999.35	0	0	0	0	0	0	0	0	0	0	0	43	
9749.24	0	0	0	0	0	0	0	0	0	0	0	47	
10497.1	0	0	0	0	0	0	0	0	0	0	0	59	
11246.2	0	0	0	0	0	0	0	0	0	0	67	0	
11994.2	0	0	0	0	0	0	0	0	0	0	73	0	
12743.2	0	0	0	0	0	0	0	0	0	0	57	0	
13492.7	0	0	0	0	0	0	0	0	0	0	63	0	
14244.2	0	0	0	0	0	0	0	0	0	0	65	0	
14994.2	0	0	0	0	0	0	0	0	0	0	89	0	
15746.5	0	0	0	0	0	0	0	0	0	0	55	0	
16494.6	0	0	0	0	0	0	0	0	0	0	0	45	
17247.5	0	0	0	0	0	0	0	0	0	0	0	47	
17995.1	0	0	0	0	0	0	0	0	0	0	0	49	
18747.4	0	0	0	0	0	0	0	0	0	0	0	57	
19496	0	0	0	0	0	0	0	0	0	0	0	43	
20247.4	0	0	0	0	0	0	0	0	0	0	0	39	
20997.4	0	0	0	0	0	0	0	0	0	0	0	51	
21749.4	0	0	0	0	0	0	0	0	0	0	0	49	
22500	0	0	0	0	0	0	0	0	0	0	0	49	
23250.6	0	0	0	0	0	0	0	0	0	0	0	53	
23998.3	0	0	0	0	0	0	0	0	0	0	0	61	
24748.4	0	0	0	0	0	0	0	0	0	0	0	55	
25495.8	0	0	0	0	0	0	0	0	0	0	0	61	
26245.8	0	0	0	0	0	0	0	0	0	0	0	51	
26992.8	0	0	0	0	0	0	0	0	0	0	0	41	
27740.8	0	0	0	0	0	0	0	0	0	0	57	0	
28489.1	0	0	0	0	0	0	0	0	0	0	57	0	
29239.1	0	0	0	0	0	0	0	0	0	0	55	0	
29987.6	0	0	0	0	0	0	0	0	0	0	63	0	
30739.6	0	0	0	0	0	0	0	0	0	0	71	0	
31489.6	0	0	0	0	0	0	0	0	0	0	69	0	
32236.4	0	0	0	0	0	0	0	0	0	0	67	0	
32988.5	0	0	0	0	0	0	0	0	0	0	65	0	
33739.2	0	0	0	0	0	0	0	0	0	0	51	0	
34487.8	0	0	0	0	0	0	0	0	0	0	63	0	
35238.4	0	0	0	0	0	0	0	0	0	0	73	0	
35989	0	0	0	0	0	0	0	0	0	0	59	0	
36737	0	0	0	0	0	0	0	0	0	0	59	0	
37484.8	0	0	0	0	0	0	0	0	0	0	63	0	
38234.1	0	0	0	0	0	0	0	0	0	0	51	0	
38982.5	0	0	0	0	0	0	0	0	0	0	57	0	
39729.7	0	0	0	0	0	0	0	0	0	0	57	0	
40479.5	0	0	0	0	0	0	0	0	0	0	63	0	
41226.6	0	0	0	0	0	0	0	0	0	0	61	0	
41974.3	0	0	0	0	0	0	0	0	0	0	57	0	
42723.2	0	0	0	0	0	0	0	0	0	5	72	0	
43472.3	0	0	0	0	0	0	0	0	0	0	57	0	
44224	0	0	0	0	0	0	0	0	0	0	75	0	
44972.6	0	0	0	0	0	0	0	0	0	0	59	0	
45724.2	0	0	0	0	0	0	0	0	0	0	63	0	
46473.5	0	0	0	0	0	0	0	0	0	0	63	0	
47223.9	0	0	0	0	0	0	0	0	0	79	0	0	
47974.7	0	0	0	0	0	0	0	0	0	97	0	0	
48724.4	0	0	0	0	0	0	0	0	0	79	0	0	
49473.1	0	0	0	0	0	0	0	0	0	93	0	0	
50225.8	0	0	0	0	0	0	0	0	0	75	0	0	
50975.4	0	0	0	0	0	0	0	0	0	73	0	0	
51722.9	0	0	0	0	0	0	0	0	0	83	0	0	
52476	0	0	0	0	0	0	0	0	0	69	0	0	
53226.7	0	0	0	0	0	0	0	0	0	75	0	0	
53977.3	0	0	0	0	0	0	0	0	0	89	0	0	
54724.9	0	0	0	0	0	0	0	0	0	79	0	0	
55470.4	0	0	0	0	0	0	0	0	0	73	0	0	
56221.8	0	0	0	0	0	0	0	0	0	59	0	0	
56970.6	0	0	0	0	0	0	0	0	0	69	0	0	
57722.4	0	0	0	0	0	0	0	0	0	65	0	0	
58469.8	0	0	0	0	0	0	0	0	0	85	0	0	
59223.9	0	0	0	0	0	0	0	0	0	85	0	0	
59975.5	0	0	0	0	0	0	0	0	0	83	0	0	
60726.3	0	0	0	0	0	0	0	0	0	0	73	0	
61477.9	0	0	0	0	0	0	0	0	0	0	69	0	
62228.3	0	0	0	0	0	0	0	0	0	0	61	0	
62978.2	0	0	0	0	0	0	0	0	0	0	57	0	
63728.3	0	0	0	0	0	0	0	0	0	0	69	0	
64478.6	0	0	0	0	0	0	0	0	0	0	65	0	
65229.4	0	0	0	0	0	0	0	0	0	0	61	0	
65980	0	0	0	0	0	0	0	0	0	0	65	0	
66729.8	0	0	0	0	0	0	0	0	0	0	45	0	
67479.2	0	0	0	0	0	0	0	0	0	0	47	0	
68228.8	0	0	0	0	0	0	0	0	0	0	67	0	
68982.9	0	0	0	0	0	0	0	0	0	0	75	0	
69732.7	0	0	0	0	0	0	0	0	0	0	57	0	
70480.2	0	0	0	0	0	0	0	0	0	0	63	0	
71228.7	0	0	0	0	0	0	0	0	0	0	55	0	
71978.7	0	0	0	0	0	0	0	0	0	0	59	0	
72732	0	0	0	0	0	0	0	0	0	0	59	0	
73481.6	0	0	0	0	0	0	0	0	0	0	75	0	
74230.6	0	0	0	0	0	0	0	0	0	0	51	0	
74980.7	0	0	0	0	0	0	0	0	0	0	57	0	
75729.1	0	0	0	0	0	0	0	0	0	0	67	0	
76481.9	0	0	0	0	0	0	0	0	0	0	53	0	
77233.8	0	0	0	0	0	0	0	0	0	0	55	0	
77983.6	0	0	0	0	0	0	0	0	0	0	55	0	
78736.4	0	0	0	0	0	0	0	0	0	0	67	0	
79485.8	0	0	0	0	0	0	0	0	0	0	63	0	
80235	0	0	0	0	0	0	0	0	0	0	57	0	
80988.6	0	0	0	0	0	0	0	0	0	0	53	0	
81737	0	0	0	0	0	0	0	0	0	0	51	0	
82485.8	0	0	0	0	0	0	0	0	0	0	61	0	
83236.6	0	0	0	0	0	0	0	0	0	0	59	0	
83984.5	0	0	0	0	0	0	0	0	0	0	63	0	
84731.1	0	0	0	0	0	0	0	0	0	0	67	0	
85482.3	0	0	0	0	0	0	0	0	0	0	63	0	
86231.1	0	0	0	0	0	0	0	0	0	0	71	0	
86982.7	0	0	0	0	0	0	0	0	0	0	63	0	
87734.6	0	0	0	0	0	0	0	0	0	0	55	0	
88483.8	0	0	0	0	0	0	0	0	0	0	49	0	
89236.7	0	0	0	0	0	0	0	0	0	0	0	59	
89988.8	0	0	0	0	0	0	0	0	0	0	0	51	
90742.3	0	0	0	0	0	0	0	0	0	0	0	39	
91490.1	0	0	0	0	0	0	0	0	0	0	0	53	
92244	0	0	0	0	0	0	0	0	0	0	0	49	
92990.9	0	0	0	0	0	0	0	0	0	0	0	45	
93741.2	0	0	0	0	0	0	0	0	0	0	0	51	
94489.6	0	0	0	0	0	0	0	0	0	0	0	63	
95241.5	0	0	0	0	0	0	0	0	0	0	0	59	
95992.2	0	0	0	0	0	0	0	0	0	0	0	51	
96742.1	0	0	0	0	0	0	0	0	0	0	0	47	
97491.5	0	0	0	0	0	0	0	0	0	0	0	45	
98237.1	0	0	0	0	0	0	0	0	0	0	0	49	
98986.7	0	0	0	0	0	0	0	0	0	0	0	45	
99735.5	0	0	0	0	0	0	0	0	0	0	0	49	
100489	0	0	0	0	0	0	0	0	0	0	0	53	
101240	0	0	0	0	0	0	0	0	0	0	0	65	
101990	0	0	0	0	0	0	0	0	0	0	0	55	
102738	0	0	0	0	0	0	0	0	0	0	0	49	
103485	0	0	0	0	0	0	0	0	0	0	0	43	
104234	0	0	0	0	0	0	0	0	0	0	31	30	
104985	0	0	0	0	0	0	0	0	0	0	51	0	
105736	0	0	0	0	0	0	0	0	0	69	0	0	
106485	0	0	0	0	0	0	0	0	0	73	0	0	
107239	0	0	0	0	0	0	0	0	0	0	65	0	
107986	0	0	0	0	0	0	0	0	0	0	73	0	
108735	0	0	0	0	0	0	0	0	0	0	65	0	
109490	0	0	0	0	0	0	0	0	0	0	61	0	
110240	0	0	0	0	0	0	0	0	0	0	0	37	
110989	0	0	0	0	0	0	0	0	0	0	0	51	
111742	0	0	0	0	0	0	0	0	0	0	0	67	
112492	0	0	0	0	0	0	0	0	0	0	0	45	
113240	0	0	0	0	0	0	0	0	0	0	0	45	
113991	0	0	0	0	0	0	0	0	0	0	0	47	
114742	0	0	0	0	0	0	0	0	0	0	0	43	
115491	0	0	0	0	0	0	0	0	0	0	0	47	
116240	0	0	0	0	0	0	0	0	0	0	0	53	
116988	0	0	0	0	0	0	0	0	0	0	0	55	
117734	0	0	0	0	0	0	0	0	0	0	0	45	
118485	0	0	0	0	0	0	0	0	0	0	0	43	
119239	0	0	0	0	0	0	0	0	0	0	0	55	
119992	0	0	0	0	0	0	0	0	0	0	0	53	
120743	0	0	0	0	0	0	0	0	0	0	0	49	
121491	0	0	0	0	0	0	0	0	0	0	0	65	
122242	0	0	0	0	0	0	0	0	0	0	0	49	
122992	0	0	0	0	0	0	0	0	0	0	0	47	
123741	0	0	0	0	0	0	0	0	0	0	0	47	
124493	0	0	0	0	0	0	0	0	0	0	0	45	
125237	0	0	0	0	0	0	0	0	0	0	0	53	
125988	0	0	0	0	0	0	0	0	0	0	0	53	
126736	0	0	0	0	0	0	0	0	0	0	0	59	
127484	0	0	0	0	0	0	0	0	0	0	0	55	
128239	0	0	0	0	0	0	0	0	0	0	0	41	
128986	0	0	0	0	0	0	0	0	0	0	0	41	
129742	0	0	0	0	0	0	0	0	0	0	0	41	
130493	0	0	0	0	0	0	0	0	0	0	0	61	
131243	0	0	0	0	0	0	0	0	0	0	0	51	
131993	0	0	0	0	0	0	0	0	0	0	0	47	
132742	0	0	0	0	0	0	0	0	0	0	0	49	
133489	0	0	0	0	0	0	0	0	0	0	0	53	
134239	0	0	0	0	0	0	0	0	0	0	0	39	
134989	0	0	0	0	0	0	0	0	0	0	0	61	
135739	0	0	0	0	0	0	0	0	0	0	0	53	
136487	0	0	0	0	0	0	0	0	0	0	0	49	
137238	0	0	0	0	0	0	0	0	0	0	0	71	
137985	0	0	0	0	0	0	0	0	0	0	0	37	
138733	0	0	0	0	0	0	0	0	0	0	0	43	
139481	0	0	0	0	0	0	0	0	0	0	0	51	
140228	0	0	0	0	0	0	0	0	0	0	0	53	
140979	0	0	0	0	0	0	0	0	0	0	0	45	
141730	0	0	0	0	0	0	0	0	0	0	0	53	
142480	0	0	0	0	0	0	0	0	0	0	0	43	
143228	0	0	0	0	0	0	0	0	0	0	0	57	
143981	0	0	0	0	0	0	0	0	0	0	0	49	
144731	0	0	0	0	0	0	0	0	0	0	0	43	
145482	0	0	0	0	0	0	0	0	0	0	0	31	
146230	0	0	0	0	0	0	0	0	0	0	0	65	
146981	0	0	0	0	0	0	0	0	0	0	0	43	
147730	0	0	0	0	0	0	0	0	0	0	0	55	
148482	0	0	0	0	0	0	0	0	0	0	0	41	
149232	0	0	0	0	0	0	0	0	0	0	0	53	
149982	0	0	0	0	0	0	0	0	0	0	0	57	
150729	0	0	0	0	0	0	0	0	0	0	0	47	
151478	0	0	0	0	0	0	0	0	0	0	0	51	
152231	0	0	0	0	0	0	0	0	0	0	0	47	
152979	0	0	0	0	0	0	0	0	0	0	0	57	
153728	0	0	0	0	0	0	0	0	0	0	0	41	
154478	0	0	0	0	0	0	0	0	0	0	0	47	
155228	0	0	0	0	0	0	0	0	0	0	0	51	
155977	0	0	0	0	0	0	0	0	0	0	0	57	
156726	0	0	0	0	0	0	0	0	0	0	0	59	
157475	0	0	0	0	0	0	0	0	0	0	0	59	
158221	0	0	0	0	0	0	0	0	0	0	4	39	
158973	0	0	0	0	0	0	0	0	0	0	63	0	
159723	0	0	0	0	0	0	0	0	0	0	69	0	
160475	0	0	0	0	0	0	0	0	0	0	61	0	
161224	0	0	0	0	0	0	0	0	0	0	71	0	
161972	0	0	0	0	0	0	0	0	0	0	71	0	
162720	0	0	0	0	0	0	0	0	0	0	69	0	
163470	0	0	0	0	0	0	0	0	0	0	61	0	
164219	0	0	0	0	0	0	0	0	0	0	51	0	
164965	0	0	0	0	0	0	0	0	0	0	55	0	
165718	0	0	0	0	0	0	0	0	0	73	0	0	
166468	0	0	0	0	0	0	0	0	0	71	0	0	
167216	0	0	0	0	0	0	0	0	0	73	0	0	
167969	0	0	0	0	0	0	0	0	85	0	0	0	
168718	0	0	0	0	0	0	0	0	89	0	0	0	
169468	0	0	0	0	0	0	0	0	105	0	0	0	
170221	0	0	0	0	0	0	0	0	95	0	0	0	
170970	0	0	0	0	0	0	0	0	85	0	0	0	
171722	0	0	0	0	0	0	0	0	89	0	0	0	
172473	0	0	0	0	0	0	0	0	103	0	0	0	
173226	0	0	0	0	0	0	0	0	93	0	0	0	
173975	0	0	0	0	0	0	0	0	107	0	0	0	
174724	0	0	0	0	0	0	0	0	83	0	0	0	
175473	0	0	0	0	0	0	0	0	107	0	0	0	
176225	0	0	0	0	0	0	0	0	77	0	0	0	
176976	0	0	0	0	0	0	0	0	99	0	0	0	
177727	0	0	0	0	0	0	0	0	101	0	0	0	
178475	0	0	0	0	0	0	0	0	95	0	0	0	
179222	0	0	0	0	0	0	0	0	93	0	0	0	
179976	0	0	0	0	0	0	0	0	91	0	0	0	
180724	0	0	0	0	0	0	0	0	0	85	0	0	
181472	0	0	0	0	0	0	0	0	0	77	0	0	
182220	0	0	0	0	0	0	0	0	0	69	0	0	
182967	0	0	0	0	0	0	0	0	0	75	0	0	
183714	0	0	0	0	0	0	0	0	0	77	0	0	
184464	0	0	0	0	0	0	0	0	0	67	0	0	
185216	0	0	0	0	0	0	0	0	99	0	0	0	
185966	0	0	0	0	0	0	0	0	103	0	0	0	
186718	0	0	0	0	0	0	0	0	89	0	0	0	
187468	0	0	0	0	0	0	0	0	109	0	0	0	
188219	0	0	0	0	0	0	0	0	83	0	0	0	
188968	0	0	0	0	0	0	0	0	101	0	0	0	
189717	0	0	0	0	0	0	0	0	115	0	0	0	
190465	0	0	0	0	0	0	0	6	87	0	0	0	
191214	0	0	0	0	0	0	0	0	105	0	0	0	
191962	0	0	0	0	0	0	0	0	99	0	0	0	
192709	0	0	0	0	0	0	0	0	87	0	0	0	
193460	0	0	0	0	0	0	0	0	119	0	0	0	
194216	0	0	0	0	0	0	0	0	101	0	0	0	
194968	0	0	0	0	0	0	0	0	101	0	0	0	
195719	0	0	0	0	0	0	0	0	77	0	0	0	
196468	0	0	0	0	0	0	0	0	81	0	0	0	
197219	0	0	0	0	0	0	0	0	111	0	0	0	
197972	0	0	0	0	0	0	0	0	105	0	0	0	
198722	0	0	0	0	0	0	0	0	115	0	0	0	
199473	0	0	0	0	0	0	0	0	83	0	0	0	
200223	0	0	0	0	0	0	0	0	89	0	0	0	
200975	0	0	0	0	0	0	0	2	87	0	0	0	
201724	0	0	0	0	0	0	0	0	91	0	0	0	
202472	0	0	0	0	0	0	0	0	0	75	0	0	
203220	0	0	0	0	0	0	0	0	0	67	0	0	
203969	0	0	0	0	0	0	0	0	0	75	0	0	
204720	0	0	0	0	0	0	0	0	0	87	0	0	
205469	0	0	0	0	0	0	0	0	0	75	0	0	
206215	0	0	0	0	0	0	0	0	0	71	0	0	
206961	0	0	0	0	0	0	0	0	0	83	0	0	
207715	0	0	0	0	0	0	0	0	0	71	0	0	
208467	0	0	0	0	0	0	0	0	0	75	0	0	
209215	0	0	0	0	0	0	0	0	0	63	0	0	
209965	0	0	0	0	0	0	0	0	0	79	0	0	
210714	0	0	0	0	0	0	0	0	0	73	0	0	
211462	0	0	0	0	0	0	0	0	0	73	0	0	
212211	0	0	0	0	0	0	0	0	95	0	0	0	
212959	0	0	0	0	0	0	0	0	99	0	0	0	
213708	0	0	0	0	0	0	0	0	89	0	0	0	
214459	0	0	0	0	0	0	0	0	75	0	0	0	
215210	0	0	0	0	0	0	0	0	77	0	0	0	
215960	0	0	0	0	0	0	0	0	91	0	0	0	
216709	0	0	0	0	0	0	0	0	85	0	0	0	
217459	0	0	0	0	0	0	0	125	0	0	0	0	
218211	0	0	0	0	0	0	0	129	0	0	0	0	
218964	0	0	0	0	0	0	0	131	0	0	0	0	
219715	0	0	0	0	0	0	0	101	0	0	0	0	
220465	0	0	0	0	0	0	0	111	0	0	0	0	
221215	0	0	0	0	0	0	0	113	0	0	0	0	
221964	0	0	0	0	0	0	0	115	0	0	0	0	
222712	0	0	0	0	0	0	0	115	0	0	0	0	
223464	0	0	0	0	0	0	0	101	0	0	0	0	
224211	0	0	0	0	0	0	0	113	0	0	0	0	
224961	0	0	0	0	0	0	0	107	0	0	0	0	
225708	0	0	0	0	0	0	0	107	0	0	0	0	
226458	0	0	0	0	0	0	0	105	0	0	0	0	
227210	0	0	0	0	0	0	0	103	0	0	0	0	
227959	0	0	0	0	0	0	0	109	0	0	0	0	
228710	0	0	0	0	0	0	0	119	0	0	0	0	
229460	0	0	0	0	0	0	0	119	0	0	0	0	
230212	0	0	0	0	0	0	0	119	0	0	0	0	
230962	0	0	0	0	0	0	0	111	0	0	0	0	
231712	0	0	0	0	0	0	0	133	0	0	0	0	
232460	0	0	0	0	0	0	0	135	0	0	0	0	
233210	0	0	0	0	0	0	0	113	0	0	0	0	
233959	0	0	0	0	0	0	0	105	0	0	0	0	
234707	0	0	0	0	0	0	0	125	0	0	0	0	
235455	0	0	0	0	0	0	0	121	0	0	0	0	
236207	0	0	0	0	0	0	0	115	0	0	0	0	
236957	0	0	0	0	0	0	0	137	0	0	0	0	
237709	0	0	0	0	0	0	0	111	0	0	0	0	
238460	0	0	0	0	0	0	0	107	0	0	0	0	
239215	0	0	0	0	0	0	0	121	0	0	0	0	
239968	0	0	0	0	0	0	0	123	0	0	0	0	
240716	0	0	0	0	0	0	0	103	0	0	0	0	
241465	0	0	0	0	0	0	0	103	0	0	0	0	
242217	0	0	0	0	0	0	0	117	0	0	0	0	
242967	0	0	0	0	0	0	0	103	0	0	0	0	
243716	0	0	0	0	0	0	0	107	0	0	0	0	
244468	0	0	0	0	0	0	0	109	0	0	0	0	
245217	0	0	0	0	0	0	0	109	0	0	0	0	
245967	0	0	0	0	0	0	0	101	0	0	0	0	
246720	0	0	0	0	0	0	0	103	0	0	0	0	
247467	0	0	0	0	0	0	0	129	0	0	0	0	
248217	0	0	0	0	0	0	0	123	0	0	0	0	
248964	0	0	0	0	0	0	0	115	0	0	0	0	
249715	0	0	0	0	0	0	0	115	0	0	0	0	
250463	0	0	0	0	0	0	0	127	0	0	0	0	
251215	0	0	0	0	0	0	0	129	0	0	0	0	
251967	0	0	0	0	0	0	0	103	0	0	0	0	
252716	0	0	0	0	0	0	0	109	0	0	0	0	
253467	0	0	0	0	0	0	0	109	0	0	0	0	
254218	0	0	0	0	0	0	0	113	0	0	0	0	
254966	0	0	0	0	0	0	0	117	0	0	0	0	
255719	0	0	0	0	0	0	0	109	0	0	0	0	
256467	0	0	0	0	0	0	0	121	0	0	0	0	
257218	0	0	0	0	0	0	0	103	0	0	0	0	
257966	0	0	0	0	0	0	0	119	0	0	0	0	
258718	0	0	0	0	0	0	0	127	0	0	0	0	
259468	0	0	0	0	0	0	0	113	0	0	0	0	
260218	0	0	0	0	0	0	0	105	0	0	0	0	
260966	0	0	0	0	0	0	0	125	0	0	0	0	
261715	0	0	0	0	0	0	0	95	0	0	0	0	
262465	0	0	0	0	0	0	0	105	0	0	0	0	
263211	0	0	0	0	0	0	0	125	0	0	0	0	
263958	0	0	0	0	0	0	0	125	0	0	0	0	
264709	0	0	0	0	0	0	0	133	0	0	0	0	
265458	0	0	0	0	0	0	0	0	95	0	0	0	
266211	0	0	0	0	0	0	0	0	87	0	0	0	
266961	0	0	0	0	0	0	0	0	89	0	0	0	
267709	0	0	0	0	0	0	0	0	85	0	0	0	
268459	0	0	0	0	0	0	0	0	109	0	0	0	
269210	0	0	0	0	0	0	0	0	89	0	0	0	
269963	0	0	0	0	0	0	0	0	93	0	0	0	
270714	0	0	0	0	0	0	0	0	91	0	0	0	
271462	0	0	0	0	0	0	0	113	0	0	0	0	
272213	0	0	0	0	0	0	0	101	0	0	0	0	
272965	0	0	0	0	0	0	0	121	0	0	0	0	
273717	0	0	0	0	0	0	30	75	0	0	0	0	
274469	0	0	0	0	0	0	0	115	0	0	0	0	
275217	0	0	0	0	0	0	0	113	0	0	0	0	
275971	0	0	0	0	0	0	0	0	87	0	0	0	
276721	0	0	0	0	0	0	0	0	105	0	0	0	
277470	0	0	0	0	0	0	0	0	99	0	0	0	
278218	0	0	0	0	0	0	0	0	95	0	0	0	
278970	0	0	0	0	0	0	0	0	95	0	0	0	
279721	0	0	0	0	0	0	0	0	93	0	0	0	
280468	0	0	0	0	0	0	0	0	79	0	0	0	
281220	0	0	0	0	0	0	0	0	113	0	0	0	
281967	0	0	0	0	0	0	0	0	113	0	0	0	
282716	0	0	0	0	0	0	0	0	103	0	0	0	
283467	0	0	0	0	0	0	0	0	115	0	0	0	
284218	0	0	0	0	0	0	0	0	101	0	0	0	
284970	0	0	0	0	0	0	0	0	109	0	0	0	
285721	0	0	0	0	0	0	0	0	111	0	0	0	
286470	0	0	0	0	0	0	0	0	85	0	0	0	
287223	0	0	0	0	0	0	0	0	109	0	0	0	
287973	0	0	0	0	0	0	0	0	79	0	0	0	
288718	0	0	0	0	0	0	0	0	97	0	0	0	
289470	0	0	0	0	0	0	0	0	93	0	0	0	
290220	0	0	0	0	0	0	0	0	105	0	0	0	
290973	0	0	0	0	0	0	0	0	71	0	0	0	
291723	0	0	0	0	0	0	0	0	99	0	0	0	
292471	0	0	0	0	0	0	0	0	85	0	0	0	
293223	0	0	0	0	0	0	0	0	93	0	0	0	
293977	0	0	0	0	0	0	0	0	115	0	0	0	
294724	0	0	0	0	0	0	0	0	89	0	0	0	
295475	0	0	0	0	0	0	0	0	83	0	0	0	
296226	0	0	0	0	0	0	0	0	75	0	0	0	
296976	0	0	0	0	0	0	0	0	115	0	0	0	
297725	0	0	0	0	0	0	0	0	97	0	0	0	
298472	0	0	0	0	0	0	0	0	105	0	0	0	
299223	0	0	0	0	0	0	0	0	93	0	0	0	
299971	0	0	0	0	0	0	0	0	87	0	0	0	
300721	0	0	0	0	0	0	0	0	73	0	0	0	
301472	0	0	0	0	0	0	0	0	87	0	0	0	
302220	0	0	0	0	0	0	0	0	99	0	0	0	
302968	0	0	0	0	0	0	0	0	91	0	0	0	
303719	0	0	0	0	0	0	0	0	0	89	0	0	
304471	0	0	0	0	0	0	0	0	0	89	0	0	
305221	0	0	0	0	0	0	0	0	0	75	0	0	
305971	0	0	0	0	0	0	0	0	0	77	0	0	
306721	0	0	0	0	0	0	0	0	0	65	0	0	
307472	0	0	0	0	0	0	0	0	0	79	0	0	
308223	0	0	0	0	0	0	0	0	0	81	0	0	
308973	0	0	0	0	0	0	0	0	0	69	0	0	
309723	0	0	0	0	0	0	0	0	87	0	0	0	
310473	0	0	0	0	0	0	0	0	79	0	0	0	
311225	0	0	0	0	0	0	0	0	85	0	0	0	
311978	0	0	0	0	0	0	0	0	85	0	0	0	
312728	0	0	0	0	0	0	0	0	87	0	0	0	
313479	0	0	0	0	0	0	0	0	99	0	0	0	
314229	0	0	0	0	0	0	0	0	95	0	0	0	
314980	0	0	0	0	0	0	0	0	101	0	0	0	
315729	0	0	0	0	0	0	0	0	97	0	0	0	
316480	0	0	0	0	0	0	0	0	91	0	0	0	
317232	0	0	0	0	0	0	0	0	105	0	0	0	
317984	0	0	0	0	0	0	0	0	111	0	0	0	
318733	0	0	0	0	0	0	0	0	93	0	0	0	
319479	0	0	0	0	0	0	0	0	81	0	0	0	
320225	0	0	0	0	0	0	0	0	101	0	0	0	
320975	0	0	0	0	0	0	0	0	113	0	0	0	
321725	0	0	0	0	0	0	0	0	95	0	0	0	
322472	0	0	0	0	0	0	0	0	117	0	0	0	
323222	0	0	0	0	0	0	0	0	61	0	0	0	
323970	0	0	0	0	0	0	0	0	81	0	0	0	
324721	0	0	0	0	0	0	0	0	81	0	0	0	
325472	0	0	0	0	0	0	0	0	89	0	0	0	
326222	0	0	0	0	0	0	0	0	107	0	0	0	
326972	0	0	0	0	0	0	0	0	107	0	0	0	
327721	0	0	0	0	0	0	0	0	97	0	0	0	
328474	0	0	0	0	0	0	0	0	93	0	0	0	
329226	0	0	0	0	0	0	0	0	93	0	0	0	
329976	0	0	0	0	0	0	0	0	105	0	0	0	
330723	0	0	0	0	0	0	0	0	81	0	0	0	
331477	0	0	0	0	0	0	0	0	79	0	0	0	
332228	0	0	0	0	0	0	0	0	95	0	0	0	
332979	0	0	0	0	0	0	0	0	95	0	0	0	
333730	0	0	0	0	0	0	0	0	99	0	0	0	
334478	0	0	0	0	0	0	0	0	99	0	0	0	
335228	0	0	0	0	0	0	0	0	0	57	0	0	
335979	0	0	0	0	0	0	0	0	0	75	0	0	
336729	0	0	0	0	0	0	0	0	0	81	0	0	
337479	0	0	0	0	0	0	0	0	0	85	0	0	
338228	0	0	0	0	0	0	0	0	0	63	0	0	
338976	0	0	0	0	0	0	0	0	0	91	0	0	
339722	0	0	0	0	0	0	0	0	0	73	0	0	
340471	0	0	0	0	0	0	0	0	0	77	0	0	
341220	0	0	0	0	0	0	0	0	0	75	0	0	
341970	0	0	0	0	0	0	0	0	87	0	0	0	
342720	0	0	0	0	0	0	0	0	87	0	0	0	
343473	0	0	0	0	0	0	0	0	93	0	0	0	
344221	0	0	0	0	0	0	0	0	75	0	0	0	
344971	0	0	0	0	0	0	0	0	91	0	0	0	
345724	0	0	0	0	0	0	0	0	97	0	0	0	
346475	0	0	0	0	0	0	0	0	73	0	0	0	
347225	0	0	0	0	0	0	0	0	81	0	0	0	
347976	0	0	0	0	0	0	0	0	103	0	0	0	
348726	0	0	0	0	0	0	0	0	97	0	0	0	
349477	0	0	0	0	0	0	0	0	93	0	0	0	
350229	0	0	0	0	0	0	0	0	87	0	0	0	
350979	0	0	0	0	0	0	0	0	81	0	0	0	
351728	0	0	0	0	0	0	0	0	99	0	0	0	
352480	0	0	0	0	0	0	0	0	105	0	0	0	
353233	0	0	0	0	0	0	0	0	103	0	0	0	
353983	0	0	0	0	0	0	0	0	89	0	0	0	
354734	0	0	0	0	0	0	0	0	105	0	0	0	
355485	0	0	0	0	0	0	0	0	105	0	0	0	
356230	0	0	0	0	0	0	0	0	83	0	0	0	
356980	0	0	0	0	0	0	0	0	81	0	0	0	
357730	0	0	0	0	0	0	0	0	103	0	0	0	
358481	0	0	0	0	0	0	0	0	107	0	0	0	
359233	0	0	0	0	0	0	0	0	99	0	0	0	
359987	0	0	0	0	0	0	0	0	91	0	0	0	
360735	0	0	0	0	0	0	0	0	89	0	0	0	
361485	0	0	0	0	0	0	0	0	101	0	0	0	
362240	0	0	0	0	0	0	0	0	97	0	0	0	
362994	0	0	0	0	0	0	0	0	87	0	0	0	
363743	0	0	0	0	0	0	0	0	85	0	0	0	
364496	0	0	0	0	0	0	0	0	79	0	0	0	
365245	0	0	0	0	0	0	0	0	91	0	0	0	
365999	0	0	0	0	0	0	0	0	93	0	0	0	
366750	0	0	0	0	0	0	0	0	103	0	0	0	
367500	0	0	0	0	0	0	0	0	91	0	0	0	
368250	0	0	0	0	0	0	0	0	73	0	0	0	
369002	0	0	0	0	0	0	0	0	91	0	0	0	
369752	0	0	0	0	0	0	0	0	101	0	0	0	
370502	0	0	0	0	0	0	0	0	0	95	0	0	
371250	0	0	0	0	0	0	0	0	0	77	0	0	
371999	0	0	0	0	0	0	0	0	0	65	0	0	
372749	0	0	0	0	0	0	0	0	0	71	0	0	
373502	0	0	0	0	0	0	0	0	0	81	0	0	
374252	0	0	0	0	0	0	0	0	0	87	0	0	
375002	0	0	0	0	0	0	0	0	0	75	0	0	
375754	0	0	0	0	0	0	0	0	0	75	0	0	
376504	0	0	0	0	0	0	0	0	0	79	0	0	
377255	0	0	0	0	0	0	0	0	0	87	0	0	
378004	0	0	0	0	0	0	0	0	0	79	0	0	
378753	0	0	0	0	0	0	0	0	103	0	0	0	
379507	0	0	0	0	0	0	0	0	91	0	0	0	
380257	0	0	0	0	0	0	0	0	89	0	0	0	
381005	0	0	0	0	0	0	0	0	93	0	0	0	
381755	0	0	0	0	0	0	0	0	81	0	0	0	
382508	0	0	0	0	0	0	0	0	81	0	0	0	
383257	0	0	0	0	0	0	0	125	0	0	0	0	
384009	0	0	0	0	0	0	0	91	0	0	0	0	
384759	0	0	0	0	0	0	0	105	0	0	0	0	
385507	0	0	0	0	0	0	0	0	81	0	0	0	
386257	0	0	0	0	0	0	0	0	89	0	0	0	
387005	0	0	0	0	0	0	0	0	97	0	0	0	
387755	0	0	0	0	0	0	0	0	85	0	0	0	
388506	0	0	0	0	0	0	0	0	93	0	0	0	
389252	0	0	0	0	0	0	0	0	91	0	0	0	
390004	0	0	0	0	0	0	0	0	97	0	0	0	
390752	0	0	0	0	0	0	0	0	117	0	0	0	
391502	0	0	0	0	0	0	0	0	93	0	0	0	
392252	0	0	0	0	0	0	0	0	91	0	0	0	
393001	0	0	0	0	0	0	0	115	0	0	0	0	
393751	0	0	0	0	0	0	0	115	0	0	0	0	
394500	0	0	0	0	0	0	0	117	0	0	0	0	
395252	0	0	0	0	0	0	0	131	0	0	0	0	
396003	0	0	0	0	0	0	0	111	0	0	0	0	
396755	0	0	0	0	0	0	0	107	0	0	0	0	
397508	0	0	0	0	0	0	0	109	0	0	0	0	
398257	0	0	0	0	0	0	0	111	0	0	0	0	
399006	0	0	0	0	0	0	0	107	0	0	0	0	
399759	0	0	0	0	0	0	0	107	0	0	0	0	
400511	0	0	0	0	0	0	0	107	0	0	0	0	
401261	0	0	0	0	0	0	0	89	0	0	0	0	
402014	0	0	0	0	0	0	145	0	0	0	0	0	
402767	0	0	0	0	0	0	149	0	0	0	0	0	
403519	0	0	0	0	0	0	151	0	0	0	0	0	
404269	0	0	0	0	0	0	139	0	0	0	0	0	
405022	0	0	0	0	0	0	163	0	0	0	0	0	
405770	0	0	0	0	0	0	151	0	0	0	0	0	
406523	0	0	0	0	0	0	139	0	0	0	0	0	
407272	0	0	0	0	0	0	149	0	0	0	0	0	
408022	0	0	0	0	0	0	159	0	0	0	0	0	
408771	0	0	0	0	0	0	135	0	0	0	0	0	
409524	0	0	0	0	0	0	151	0	0	0	0	0	
410272	0	0	0	0	0	0	137	0	0	0	0	0	
411020	0	0	0	0	0	0	129	0	0	0	0	0	
411770	0	0	0	0	0	0	133	0	0	0	0	0	
412519	0	0	0	0	0	0	151	0	0	0	0	0	
413269	0	0	0	0	0	0	133	0	0	0	0	0	
414022	0	0	0	0	0	0	149	0	0	0	0	0	
414769	0	0	0	0	0	0	169	0	0	0	0	0	
415521	0	0	0	0	0	0	165	0	0	0	0	0	
416275	0	0	0	0	0	0	147	0	0	0	0	0	
417027	0	0	0	0	0	0	149	0	0	0	0	0	
417775	0	0	0	0	0	0	0	117	0	0	0	0	
418524	0	0	0	0	0	0	0	117	0	0	0	0	
419276	0	0	0	0	0	0	0	129	0	0	0	0	
420025	0	0	0	0	0	0	0	125	0	0	0	0	
420780	0	0	0	0	0	0	0	139	0	0	0	0	
421531	0	0	0	0	0	0	0	109	0	0	0	0	
422278	0	0	0	0	0	0	0	103	0	0	0	0	
423028	0	0	0	0	0	0	0	117	0	0	0	0	
423782	0	0	0	0	0	0	0	117	0	0	0	0	
424534	0	0	0	0	0	0	0	103	0	0	0	0	
425280	0	0	0	0	0	0	0	113	0	0	0	0	
426027	0	0	0	0	0	0	0	121	0	0	0	0	
426775	0	0	0	0	0	0	0	119	0	0	0	0	
427524	0	0	0	0	0	0	0	117	0	0	0	0	
428275	0	0	0	0	0	0	0	137	0	0	0	0	
429024	0	0	0	0	0	0	0	113	0	0	0	0	
429776	0	0	0	0	0	0	0	131	0	0	0	0	
430526	0	0	0	0	0	0	0	97	0	0	0	0	
431275	0	0	0	0	0	0	0	0	81	0	0	0	
432026	0	0	0	0	0	0	0	0	105	0	0	0	
432776	0	0	0	0	0	0	0	0	111	0	0	0	
433521	0	0	0	0	0	0	0	0	85	0	0	0	
434270	0	0	0	0	0	0	0	0	93	0	0	0	
435019	0	0	0	0	0	0	0	0	105	0	0	0	
435770	0	0	0	0	0	0	0	0	115	0	0	0	
436520	0	0	0	0	0	0	0	0	105	0	0	0	
437269	0	0	0	0	0	0	0	0	95	0	0	0	
438023	0	0	0	0	0	0	0	0	91	0	0	0	
438771	0	0	0	0	0	0	0	0	95	0	0	0	
439523	0	0	0	0	0	0	0	0	99	0	0	0	
440271	0	0	0	0	0	0	0	0	87	0	0	0	
441021	0	0	0	0	0	0	0	0	87	0	0	0	
441769	0	0	0	0	0	0	0	0	99	0	0	0	
442521	0	0	0	0	0	0	0	0	85	0	0	0	
443273	0	0	0	0	0	0	0	0	77	0	0	0	
444022	0	0	0	0	0	0	0	0	107	0	0	0	
444773	0	0	0	0	0	0	0	0	89	0	0	0	
445523	0	0	0	0	0	0	0	0	85	0	0	0	
446273	0	0	0	0	0	0	0	0	97	0	0	0	
447024	0	0	0	0	0	0	0	111	0	0	0	0	
447773	0	0	0	0	0	0	0	109	0	0	0	0	
448521	0	0	0	0	0	0	0	103	0	0	0	0	
449270	0	0	0	0	0	0	0	121	0	0	0	0	
450024	0	0	0	0	0	0	0	109	0	0	0	0	
450770	0	0	0	0	0	0	0	105	0	0	0	0	
451519	0	0	0	0	0	0	0	119	0	0	0	0	
452268	0	0	0	0	0	0	0	0	101	0	0	0	
453016	0	0	0	0	0	0	0	0	99	0	0	0	
453765	0	0	0	0	0	0	0	0	101	0	0	0	
454514	0	0	0	0	0	0	0	0	105	0	0	0	
455267	0	0	0	0	0	0	0	0	93	0	0	0	
456016	0	0	0	0	0	0	0	0	87	0	0	0	
456763	0	0	0	0	0	0	0	0	91	0	0	0	
457516	0	0	0	0	0	0	0	0	93	0	0	0	
458268	0	0	0	0	0	0	0	0	91	0	0	0	
459020	0	0	0	0	0	0	0	0	87	0	0	0	
459767	0	0	0	0	0	0	0	0	111	0	0	0	
460518	0	0	0	0	0	0	0	0	91	0	0	0	
461268	0	0	0	0	0	0	0	0	83	0	0	0	
462014	0	0	0	0	0	0	0	0	97	0	0	0	
462764	0	0	0	0	0	0	0	103	0	0	0	0	
463512	0	0	0	0	0	0	0	115	0	0	0	0	
464265	0	0	0	0	0	0	0	91	0	0	0	0	
465015	0	0	0	0	0	0	0	117	0	0	0	0	
465760	0	0	0	0	0	0	0	121	0	0	0	0	
466511	0	0	0	0	0	0	0	127	0	0	0	0	
467258	0	0	0	0	0	0	0	123	0	0	0	0	
468009	0	0	0	0	0	0	0	95	0	0	0	0	
468760	0	0	0	0	0	0	0	119	0	0	0	0	
469507	0	0	0	0	0	0	0	105	0	0	0	0	
470255	0	0	0	0	0	0	0	123	0	0	0	0	
471004	0	0	0	0	0	0	0	121	0	0	0	0	
471754	0	0	0	0	0	0	0	129	0	0	0	0	
472503	0	0	0	0	0	0	0	111	0	0	0	0	
473253	0	0	0	0	0	0	0	107	0	0	0	0	
474002	0	0	0	0	0	0	0	117	0	0	0	0	
474756	0	0	0	0	0	0	0	131	0	0	0	0	
475507	0	0	0	0	0	0	0	141	0	0	0	0	
476255	0	0	0	0	0	0	0	113	0	0	0	0	
477007	0	0	0	0	0	0	0	103	0	0	0	0	
477758	0	0	0	0	0	0	0	105	0	0	0	0	
478509	0	0	0	0	0	0	0	101	0	0	0	0	
479258	0	0	0	0	0	0	0	121	0	0	0	0	
480011	0	0	0	0	0	0	0	103	0	0	0	0	
480761	0	0	0	0	0	0	0	123	0	0	0	0	
481510	0	0	0	0	0	0	0	0	111	0	0	0	
482260	0	0	0	0	0	0	0	0	68	1	0	0	
483015	0	0	0	0	0	0	0	0	97	0	0	0	
483764	0	0	0	0	0	0	0	0	105	0	0	0	
484518	0	0	0	0	0	0	0	0	81	0	0	0	
485271	0	0	0	0	0	0	0	0	111	0	0	0	
486020	0	0	0	0	0	0	0	0	111	0	0	0	
486766	0	0	0	0	0	0	0	0	87	0	0	0	
487518	0	0	0	0	0	0	0	0	111	0	0	0	
488271	0	0	0	0	0	0	0	0	103	0	0	0	
489021	0	0	0	0	0	0	0	0	89	0	0	0	
489773	0	0	0	0	0	0	0	0	79	0	0	0	
490524	0	0	0	0	0	0	0	0	91	0	0	0	
491275	0	0	0	0	0	0	0	0	103	0	0	0	
492025	0	0	0	0	0	0	0	0	81	0	0	0	
492771	0	0	0	0	0	0	0	0	87	0	0	0	
493521	0	0	0	0	0	0	0	0	107	0	0	0	
494275	0	0	0	0	0	0	0	0	71	0	0	0	
495026	0	0	0	0	0	0	0	0	81	0	0	0	
495778	0	0	0	0	0	0	0	0	99	0	0	0	
496528	0	0	0	0	0	0	0	0	107	0	0	0	
497275	0	0	0	0	0	0	0	0	103	0	0	0	
498024	0	0	0	0	0	0	0	0	92	1	0	0	
498772	0	0	0	0	0	0	0	0	113	0	0	0	
499519	0	0	0	0	0	0	0	0	105	0	0	0	
500270	0	0	0	0	0	0	0	0	105	0	0	0	
501021	0	0	0	0	0	0	0	0	85	0	0	0	
501776	0	0	0	0	0	0	0	0	99	0	0	0	
502522	0	0	0	0	0	0	0	0	90	3	0	0	
503268	0	0	0	0	0	0	0	0	0	77	0	0	
504018	0	0	0	0	0	0	0	0	0	71	0	0	
504766	0	0	0	0	0	0	0	0	0	75	0	0	
505518	0	0	0	0	0	0	0	0	0	67	0	0	
506270	0	0	0	0	0	0	0	0	0	0	49	0	
507022	0	0	0	0	0	0	0	0	0	0	61	0	
507773	0	0	0	0	0	0	0	0	0	0	61	0	
508521	0	0	0	0	0	0	0	0	0	0	59	0	
509271	0	0	0	0	0	0	0	0	0	0	61	0	
510021	0	0	0	0	0	0	0	0	95	0	0	0	
510772	0	0	0	0	0	0	0	0	91	0	0	0	
511525	0	0	0	0	0	0	0	0	95	0	0	0	
512275	0	0	0	0	0	0	0	0	71	0	0	0	
513025	0	0	0	0	0	0	0	0	71	0	0	0	
513776	0	0	0	0	0	0	0	0	89	0	0	0	
514525	0	0	0	0	0	0	0	0	79	0	0	0	
515277	0	0	0	0	0	0	0	0	97	0	0	0	
516026	0	0	0	0	0	0	0	0	85	0	0	0	
516775	0	0	0	0	0	0	0	0	89	0	0	0	
517522	0	0	0	0	0	0	0	0	107	0	0	0	
518271	0	0	0	0	0	0	0	0	83	0	0	0	
519019	0	0	0	0	0	0	0	0	81	0	0	0	
519769	0	0	0	0	0	0	0	0	87	0	0	0	
520517	0	0	0	0	0	0	0	0	91	0	0	0	
521269	0	0	0	0	0	0	0	0	115	0	0	0	
522016	0	0	0	0	0	0	0	0	75	0	0	0	
522764	0	0	0	0	0	0	0	0	85	0	0	0	
523515	0	0	0	0	0	0	0	0	105	0	0	0	
524264	0	0	0	0	0	0	0	0	99	0	0	0	
525014	0	0	0	0	0	0	0	0	107	0	0	0	
525763	0	0	0	0	0	0	0	0	109	0	0	0	
526512	0	0	0	0	0	0	0	0	89	0	0	0	
527261	0	0	0	0	0	0	0	0	85	0	0	0	
528013	0	0	0	0	0	0	0	0	87	0	0	0	
528764	0	0	0	0	0	0	0	0	89	0	0	0	
529511	0	0	0	0	0	0	0	0	101	0	0	0	
530261	0	0	0	0	0	0	0	0	81	0	0	0	
531010	0	0	0	0	0	0	0	0	103	0	0	0	
531758	0	0	0	0	0	0	0	0	81	0	0	0	
532509	0	0	0	0	0	0	0	0	97	0	0	0	
533260	0	0	0	0	0	0	0	0	109	0	0	0	
534011	0	0	0	0	0	0	0	0	81	0	0	0	
534759	0	0	0	0	0	0	0	0	91	0	0	0	
535507	0	0	0	0	0	0	0	0	97	0	0	0	
536256	0	0	0	0	0	0	0	0	85	0	0	0	
537006	0	0	0	0	0	0	0	0	97	0	0	0	
537755	0	0	0	0	0	0	0	0	99	0	0	0	
538505	0	0	0	0	0	0	0	0	93	0	0	0	
539253	0	0	0	0	0	0	0	0	101	0	0	0	
540003	0	0	0	0	0	0	0	0	85	0	0	0	
540754	0	0	0	0	0	0	0	0	97	0	0	0	
541505	0	0	0	0	0	0	0	0	105	0	0	0	
542255	0	0	0	0	0	0	0	0	93	0	0	0	
543008	0	0	0	0	0	0	0	0	111	0	0	0	
543759	0	0	0	0	0	0	0	0	109	0	0	0	
544509	0	0	0	0	0	0	0	0	81	0	0	0	
545263	0	0	0	0	0	0	0	0	101	0	0	0	
546009	0	0	0	0	0	0	0	0	97	0	0	0	
546758	0	0	0	0	0	0	0	0	91	0	0	0	
547507	0	0	0	0	0	0	0	0	87	0	0	0	
548259	0	0	0	0	0	0	0	0	97	0	0	0	
549008	0	0	0	0	0	0	0	0	77	0	0	0	
549757	0	0	0	0	0	0	0	1	94	0	0	0	
550504	0	0	0	0	0	0	0	0	89	0	0	0	
551256	0	0	0	0	0	0	0	0	79	0	0	0	
552002	0	0	0	0	0	0	0	0	75	0	0	0	
552753	0	0	0	0	0	0	0	0	75	0	0	0	
553505	0	0	0	0	0	0	0	0	89	0	0	0	
554256	0	0	0	0	0	0	0	0	101	0	0	0	
555006	0	0	0	0	0	0	0	0	103	0	0	0	
555758	0	0	0	0	0	0	0	0	93	0	0	0	
556512	0	0	0	0	0	0	0	0	93	0	0	0	
557258	0	0	0	0	0	0	0	0	103	0	0	0	
558007	0	0	0	0	0	0	0	0	87	0	0	0	
558758	0	0	0	0	0	0	0	0	95	0	0	0	
559509	0	0	0	0	0	0	0	0	99	0	0	0	
560258	0	0	0	0	0	0	0	0	85	0	0	0	
561006	0	0	0	0	0	0	0	0	97	0	0	0	
561754	0	0	0	0	0	0	0	121	0	0	0	0	
562506	0	0	0	0	0	0	0	107	0	0	0	0	
563257	0	0	0	0	0	0	0	115	0	0	0	0	
564004	0	0	0	0	0	0	0	123	0	0	0	0	
564750	0	0	0	0	0	0	0	105	0	0	0	0	
565500	0	0	0	0	0	0	0	125	0	0	0	0	
566250	0	0	0	0	0	0	0	119	0	0	0	0	
567000	0	0	0	0	0	0	0	113	0	0	0	0	
567750	0	0	0	0	0	0	0	121	0	0	0	0	
568501	0	0	0	0	0	0	0	97	0	0	0	0	
569253	0	0	0	0	0	0	0	131	0	0	0	0	
570001	0	0	0	0	0	0	0	121	0	0	0	0	
570751	0	0	0	0	0	0	0	0	89	0	0	0	
571503	0	0	0	0	0	0	0	0	87	0	0	0	
572254	0	0	0	0	0	0	0	0	97	0	0	0	
573004	0	0	0	0	0	0	0	125	0	0	0	0	
573754	0	0	0	0	0	0	0	121	0	0	0	0	
574505	0	0	0	0	0	0	0	121	0	0	0	0	
575254	0	0	0	0	0	0	0	123	0	0	0	0	
576004	0	0	0	0	0	0	0	115	0	0	0	0	
576754	0	0	0	0	0	0	0	119	0	0	0	0	
577506	0	0	0	0	0	0	0	101	0	0	0	0	
578256	0	0	0	0	0	0	0	113	0	0	0	0	
579004	0	0	0	0	0	0	0	99	0	0	0	0	
579753	0	0	0	0	0	0	0	111	0	0	0	0	
580505	0	0	0	0	0	0	0	131	0	0	0	0	
581261	0	0	0	0	0	0	0	121	0	0	0	0	
582010	0	0	0	0	0	0	0	111	0	0	0	0	
582761	0	0	0	0	0	0	0	103	0	0	0	0	
583510	0	0	0	0	0	0	0	135	0	0	0	0	
584262	0	0	0	0	0	0	0	111	0	0	0	0	
585012	0	0	0	0	0	0	0	119	0	0	0	0	
585765	0	0	0	0	0	0	0	131	0	0	0	0	
586516	0	0	0	0	0	0	0	119	0	0	0	0	
587268	0	0	0	0	0	0	0	103	0	0	0	0	
588014	0	0	0	0	0	0	0	103	0	0	0	0	
588764	0	0	0	0	0	0	0	123	0	0	0	0	
589514	0	0	0	0	0	0	0	99	0	0	0	0	
590267	0	0	0	0	0	0	0	97	0	0	0	0	
591014	0	0	0	0	0	0	0	125	0	0	0	0	
591763	0	0	0	0	0	0	0	109	0	0	0	0	
592511	0	0	0	0	0	0	0	117	0	0	0	0	
593264	0	0	0	0	0	0	0	111	0	0	0	0	
594013	0	0	0	0	0	0	0	107	0	0	0	0	
594764	0	0	0	0	0	0	0	107	0	0	0	0	
595515	0	0	0	0	0	0	0	123	0	0	0	0	
596265	0	0	0	0	0	0	0	111	0	0	0	0	
597013	0	0	0	0	0	0	0	121	0	0	0	0	
597762	0	0	0	0	0	0	0	115	0	0	0	0	
598513	0	0	0	0	0	0	0	111	0	0	0	0	
599262	0	0	0	0	0	0	0	103	0	0	0	0	
600014	0	0	0	0	0	0	0	121	0	0	0	0	
600764	0	0	0	0	0	0	0	125	0	0	0	0	
601517	0	0	0	0	0	0	0	109	0	0	0	0	
602266	0	0	0	0	0	0	0	113	0	0	0	0	
603013	0	0	0	0	0	0	0	99	0	0	0	0	
603761	0	0	0	0	0	0	0	109	0	0	0	0	
604510	0	0	0	0	0	0	0	133	0	0	0	0	
605259	0	0	0	0	0	0	0	95	0	0	0	0	
606011	0	0	0	0	0	0	0	125	0	0	0	0	
606762	0	0	0	0	0	0	0	121	0	0	0	0	
607509	0	0	0	0	0	0	0	121	0	0	0	0	
608262	0	0	0	0	0	0	0	141	0	0	0	0	
609015	0	0	0	0	0	0	0	105	0	0	0	0	
609764	0	0	0	0	0	0	0	145	0	0	0	0	
610513	0	0	0	0	0	0	0	119	0	0	0	0	
611258	0	0	0	0	0	0	0	111	0	0	0	0	
612006	0	0	0	0	0	0	0	123	0	0	0	0	
612756	0	0	0	0	0	0	0	121	0	0	0	0	
613504	0	0	0	0	0	0	0	103	0	0	0	0	
614257	0	0	0	0	0	0	0	113	0	0	0	0	
615005	0	0	0	0	0	0	0	101	0	0	0	0	
615754	0	0	0	0	0	0	0	125	0	0	0	0	
616507	0	0	0	0	0	0	0	117	0	0	0	0	
617259	0	0	0	0	0	0	0	107	0	0	0	0	
618010	0	0	0	0	0	0	0	122	1	0	0	0	
618762	0	0	0	0	0	0	0	109	0	0	0	0	
619510	0	0	0	0	0	0	0	103	0	0	0	0	
620262	0	0	0	0	0	0	0	117	0	0	0	0	
621012	0	0	0	0	0	0	0	0	95	0	0	0	
621761	0	0	0	0	0	0	0	0	105	0	0	0	
622515	0	0	0	0	0	0	0	0	101	0	0	0	
623268	0	0	0	0	0	0	0	0	79	0	0	0	
624018	0	0	0	0	0	0	0	0	109	0	0	0	
624769	0	0	0	0	0	0	0	0	0	71	0	0	
625519	0	0	0	0	0	0	0	0	103	0	0	0	
626268	0	0	0	0	0	0	0	0	103	0	0	0	
627017	0	0	0	0	0	0	33	76	0	0	0	0	
627768	0	0	0	0	0	0	141	0	0	0	0	0	
628518	0	0	0	0	0	0	137	0	0	0	0	0	
629271	0	0	0	0	0	0	139	0	0	0	0	0	
630024	0	0	0	0	0	0	153	0	0	0	0	0	
630776	0	0	0	0	0	0	153	0	0	0	0	0	
631524	0	0	0	0	0	0	153	0	0	0	0	0	
632273	0	0	0	0	0	0	141	0	0	0	0	0	
633022	0	0	0	0	0	0	121	0	0	0	0	0	
633773	0	0	0	0	0	0	135	0	0	0	0	0	
634522	0	0	0	0	0	0	135	0	0	0	0	0	
635268	0	0	0	0	0	0	149	0	0	0	0	0	
636014	0	0	0	0	0	0	141	0	0	0	0	0	
636765	0	0	0	0	0	0	149	0	0	0	0	0	
637516	0	0	0	0	0	0	131	0	0	0	0	0	
638264	0	0	0	0	0	0	129	0	0	0	0	0	
639011	0	0	0	0	0	0	153	0	0	0	0	0	
639761	0	0	0	0	0	0	151	0	0	0	0	0	
640512	0	0	0	0	0	0	153	0	0	0	0	0	
641262	0	0	0	0	0	0	163	0	0	0	0	0	
642010	0	0	0	0	0	0	139	0	0	0	0	0	
642761	0	0	0	0	0	0	121	0	0	0	0	0	
643510	0	0	0	0	0	0	127	0	0	0	0	0	
644263	0	0	0	0	0	0	151	0	0	0	0	0	
645011	0	0	0	0	0	0	145	0	0	0	0	0	
645759	0	0	0	0	0	0	141	0	0	0	0	0	
646506	0	0	0	0	0	0	129	0	0	0	0	0	
647258	0	0	0	0	0	0	117	0	0	0	0	0	
648005	0	0	0	0	0	0	161	0	0	0	0	0	
648752	0	0	0	0	0	0	135	0	0	0	0	0	
649501	0	0	0	0	0	0	141	0	0	0	0	0	
650253	0	0	0	0	0	0	147	0	0	0	0	0	
651005	0	0	0	0	0	0	147	0	0	0	0	0	
651755	0	0	0	0	0	0	139	0	0	0	0	0	
652505	0	0	0	0	0	0	167	0	0	0	0	0	
653252	0	0	0	0	0	2	153	0	0	0	0	0	
654001	0	0	0	0	0	0	139	0	0	0	0	0	
654753	0	0	0	0	0	0	149	0	0	0	0	0	
655501	0	0	0	0	0	0	0	109	0	0	0	0	
656253	0	0	0	0	0	0	0	145	0	0	0	0	
657001	0	0	0	0	0	0	0	109	0	0	0	0	
657748	0	0	0	0	0	0	0	119	0	0	0	0	
658498	0	0	0	0	0	0	0	109	0	0	0	0	
659248	0	0	0	0	0	0	0	115	0	0	0	0	
659998	0	0	0	0	0	0	0	111	0	0	0	0	
660748	0	0	0	0	0	0	0	125	0	0	0	0	
661494	0	0	0	0	0	0	0	107	0	0	0	0	
662249	0	0	0	0	0	0	0	129	0	0	0	0	
663000	0	0	0	0	0	0	0	103	0	0	0	0	
663749	0	0	0	0	0	0	0	111	0	0	0	0	
664498	0	0	0	0	0	0	0	133	0	0	0	0	
665247	0	0	0	0	0	0	0	117	0	0	0	0	
665997	0	0	0	0	0	0	0	113	0	0	0	0	
666746	0	0	0	0	0	0	0	111	0	0	0	0	
667498	0	0	0	0	0	0	0	131	0	0	0	0	
668249	0	0	0	0	0	0	0	109	0	0	0	0	
668999	0	0	0	0	0	0	0	119	0	0	0	0	
669747	0	0	0	0	0	0	0	109	0	0	0	0	
670494	0	0	0	0	0	0	0	111	0	0	0	0	
671244	0	0	0	0	0	0	0	123	0	0	0	0	
671995	0	0	0	0	0	0	0	121	0	0	0	0	
672744	0	0	0	0	0	0	0	103	0	0	0	0	
673496	0	0	0	0	0	0	0	121	0	0	0	0	
674245	0	0	0	0	0	0	0	117	0	0	0	0	
674995	0	0	0	0	0	0	0	105	0	0	0	0	
675743	0	0	0	0	0	0	0	105	0	0	0	0	
676490	0	0	0	0	0	0	0	131	0	0	0	0	
677242	0	0	0	0	0	0	0	111	0	0	0	0	
677993	0	0	0	0	0	0	0	93	0	0	0	0	
678744	0	0	0	0	0	0	0	115	0	0	0	0	
679492	0	0	0	0	0	0	0	109	0	0	0	0	
680239	0	0	0	0	0	0	0	111	0	0	0	0	
680990	0	0	0	0	0	0	0	101	0	0	0	0	
681738	0	0	0	0	0	0	0	113	0	0	0	0	
682488	0	0	0	0	0	0	0	115	0	0	0	0	
683239	0	0	0	0	0	0	0	101	0	0	0	0	
683991	0	0	0	0	0	0	0	121	0	0	0	0	
684742	0	0	0	0	0	0	0	119	0	0	0	0	
685492	0	0	0	0	0	0	131	0	0	0	0	0	
686242	0	0	0	0	0	0	147	0	0	0	0	0	
686989	0	0	0	0	0	0	153	0	0	0	0	0	
687742	0	0	0	0	0	0	135	0	0	0	0	0	
688493	0	0	0	0	0	0	129	0	0	0	0	0	
689242	0	0	0	0	0	0	143	0	0	0	0	0	
689993	0	0	0	0	0	0	125	0	0	0	0	0	
690744	0	0	0	0	0	0	147	0	0	0	0	0	
691496	0	0	0	0	0	0	135	0	0	0	0	0	
692244	0	0	0	0	0	0	133	0	0	0	0	0	
692993	0	0	0	0	0	0	0	115	0	0	0	0	
693745	0	0	0	0	0	0	0	117	0	0	0	0	
694498	0	0	0	0	0	0	0	111	0	0	0	0	
695249	0	0	0	0	0	0	0	139	0	0	0	0	
696002	0	0	0	0	0	0	0	121	0	0	0	0	
696752	0	0	0	0	0	0	0	115	0	0	0	0	
697500	0	0	0	0	0	0	0	105	0	0	0	0	
698250	0	0	0	0	0	0	135	0	0	0	0	0	
699000	0	0	0	0	0	0	149	0	0	0	0	0	
699749	0	0	0	0	0	0	149	0	0	0	0	0	
700498	0	0	0	0	0	0	145	0	0	0	0	0	
701246	0	0	0	0	0	0	137	0	0	0	0	0	
701999	0	0	0	0	0	0	137	0	0	0	0	0	
702743	0	0	0	0	0	0	135	0	0	0	0	0	
703493	0	0	0	0	0	0	141	0	0	0	0	0	
704246	0	0	0	0	0	0	0	103	0	0	0	0	
704999	0	0	0	0	0	0	0	105	0	0	0	0	
705750	0	0	0	0	0	0	0	123	0	0	0	0	
706499	0	0	0	0	0	0	0	131	0	0	0	0	
707251	0	0	0	0	0	0	0	123	0	0	0	0	
708002	0	0	0	0	0	0	0	111	0	0	0	0	
708749	0	0	0	0	0	0	0	125	0	0	0	0	
709499	0	0	0	0	0	0	0	0	91	0	0	0	
710247	0	0	0	0	0	0	0	0	85	0	0	0	
710995	0	0	0	0	0	0	0	0	105	0	0	0	
711745	0	0	0	0	0	0	0	0	97	0	0	0	
712498	0	0	0	0	0	0	0	0	89	0	0	0	
713244	0	0	0	0	0	0	0	0	95	0	0	0	
713991	0	0	0	0	0	0	0	0	79	0	0	0	
714742	0	0	0	0	0	0	0	0	91	0	0	0	
715489	0	0	0	0	0	0	0	0	99	0	0	0	
716240	0	0	0	0	0	0	0	0	101	0	0	0	
716988	0	0	0	0	0	0	0	109	0	0	0	0	
717741	0	0	0	0	0	0	0	129	0	0	0	0	
718490	0	0	0	0	0	0	0	123	0	0	0	0	
719237	0	0	0	0	0	0	0	107	0	0	0	0	
719988	0	0	0	0	0	0	0	139	0	0	0	0	
720740	0	0	0	0	0	0	0	133	0	0	0	0	
721490	0	0	0	0	0	0	0	111	0	0	0	0	
722241	0	0	0	0	0	0	0	119	0	0	0	0	
722991	0	0	0	0	0	0	0	123	0	0	0	0	
723739	0	0	0	0	0	0	0	115	0	0	0	0	
724486	0	0	0	0	0	0	0	91	0	0	0	0	
725237	0	0	0	0	0	0	0	123	0	0	0	0	
725987	0	0	0	0	0	0	0	113	0	0	0	0	
726739	0	0	0	0	0	0	0	145	0	0	0	0	
727488	0	0	0	0	0	0	0	105	0	0	0	0	
728235	0	0	0	0	0	0	0	111	0	0	0	0	
728987	0	0	0	0	0	0	0	115	0	0	0	0	
729735	0	0	0	0	0	0	0	113	0	0	0	0	
730486	0	0	0	0	0	0	0	111	0	0	0	0	
731236	0	0	0	0	0	0	0	127	0	0	0	0	
731984	0	0	0	0	0	0	0	117	0	0	0	0	
732734	0	0	0	0	0	0	0	117	0	0	0	0	
733482	0	0	0	0	0	0	0	115	0	0	0	0	
734234	0	0	0	0	0	0	0	129	0	0	0	0	
734982	0	0	0	0	0	0	0	123	0	0	0	0	
735732	0	0	0	0	0	0	0	111	0	0	0	0	
736482	0	0	0	0	0	0	0	107	0	0	0	0	
737232	0	0	0	0	0	0	0	123	0	0	0	0	
737982	0	0	0	0	0	0	0	125	0	0	0	0	
738733	0	0	0	0	0	0	0	0	101	0	0	0	
739484	0	0	0	0	0	0	0	0	87	0	0	0	
740232	0	0	0	0	0	0	0	0	95	0	0	0	
740985	0	0	0	0	0	0	0	0	83	0	0	0	
741733	0	0	0	0	0	0	0	0	85	0	0	0	
742483	0	0	0	0	0	0	0	0	93	0	0	0	
743233	0	0	0	0	0	0	0	0	95	0	0	0	
743983	0	0	0	0	0	0	0	0	99	0	0	0	
744732	0	0	0	0	0	0	0	0	93	0	0	0	
745482	0	0	0	0	0	0	0	0	91	0	0	0	
746232	0	0	0	0	0	0	0	0	89	0	0	0	
746984	0	0	0	0	0	0	0	0	91	0	0	0	
747736	0	0	0	0	0	0	0	0	107	0	0	0	
748490	0	0	0	0	0	0	0	0	93	0	0	0	
749235	0	0	0	0	0	0	0	0	85	0	0	0	
749982	0	0	0	0	0	0	0	0	105	0	0	0	
750731	0	0	0	0	0	0	0	0	83	0	0	0	
751481	0	0	0	0	0	0	0	0	79	0	0	0	
752233	0	0	0	0	0	0	0	0	85	0	0	0	
752985	0	0	0	0	0	0	0	0	103	0	0	0	
753734	0	0	0	0	0	0	0	0	105	0	0	0	
754483	0	0	0	0	0	0	0	0	77	0	0	0	
755234	0	0	0	0	0	0	0	0	87	0	0	0	
755983	0	0	0	0	0	0	0	0	83	0	0	0	
756733	0	0	0	0	0	0	0	0	89	0	0	0	
757482	0	0	0	0	0	0	0	0	91	0	0	0	
758230	0	0	0	0	0	0	0	0	83	0	0	0	
758979	0	0	0	0	0	0	0	0	93	0	0	0	
759729	0	0	0	0	0	0	0	0	105	0	0	0	
760480	0	0	0	0	0	0	0	0	87	0	0	0	
761229	0	0	0	0	0	0	0	0	81	0	0	0	
761980	0	0	0	0	0	0	0	0	101	0	0	0	
762730	0	0	0	0	0	0	0	0	87	0	0	0	
763479	0	0	0	0	0	0	0	0	109	0	0	0	
764231	0	0	0	0	0	0	0	0	81	0	0	0	
764983	0	0	0	0	0	0	0	0	101	0	0	0	
765734	0	0	0	0	0	0	0	0	81	0	0	0	
766482	0	0	0	0	0	0	0	0	91	0	0	0	
767231	0	0	0	0	0	0	0	113	0	0	0	0	
767980	0	0	0	0	0	0	0	115	0	0	0	0	
768733	0	0	0	0	0	0	0	123	0	0	0	0	
769483	0	0	0	0	0	0	0	103	0	0	0	0	
770234	0	0	0	0	0	0	0	107	0	0	0	0	
770986	0	0	0	0	0	0	0	133	0	0	0	0	
771734	0	0	0	0	0	0	0	127	0	0	0	0	
772483	0	0	0	0	0	0	0	109	0	0	0	0	
773232	0	0	0	0	0	0	0	123	0	0	0	0	
773981	0	0	0	0	0	0	0	115	0	0	0	0	
774729	0	0	0	0	0	0	0	109	0	0	0	0	
775482	0	0	0	0	0	0	0	117	0	0	0	0	
776231	0	0	0	0	0	0	0	115	0	0	0	0	
776981	0	0	0	0	0	0	0	111	0	0	0	0	
777731	0	0	0	0	0	0	0	111	0	0	0	0	
778480	0	0	0	0	0	0	0	123	0	0	0	0	
779233	0	0	0	0	0	0	0	115	0	0	0	0	
779984	0	0	0	0	0	0	0	112	3	0	0	0	
780732	0	0	0	0	0	0	0	127	0	0	0	0	
781480	0	0	0	0	0	0	0	127	0	0	0	0	
782230	0	0	0	0	0	0	0	113	0	0	0	0	
782979	0	0	0	0	0	0	0	127	0	0	0	0	
783731	0	0	0	0	0	0	0	127	0	0	0	0	
784483	0	0	0	0	0	0	0	119	0	0	0	0	
785234	0	0	0	0	0	0	0	109	0	0	0	0	
785985	0	0	0	0	0	0	0	131	0	0	0	0	
786734	0	0	0	0	0	0	0	121	0	0	0	0	
787483	0	0	0	0	0	0	0	105	0	0	0	0	
788236	0	0	0	0	0	0	0	101	0	0	0	0	
788986	0	0	0	0	0	0	0	105	0	0	0	0	
789735	0	0	0	0	0	0	0	135	0	0	0	0	
790486	0	0	0	0	0	0	0	115	0	0	0	0	
791235	0	0	0	0	0	0	0	95	0	0	0	0	
791987	0	0	0	0	0	0	0	109	0	0	0	0	
792736	0	0	0	0	0	0	0	109	0	0	0	0	
793484	0	0	0	0	0	0	0	115	0	0	0	0	
794234	0	0	0	0	0	0	0	119	0	0	0	0	
794981	0	0	0	0	0	0	0	113	0	0	0	0	
795729	0	0	0	0	0	0	0	111	0	0	0	0	
796481	0	0	0	0	0	0	0	97	0	0	0	0	
797230	0	0	0	0	0	0	0	123	0	0	0	0	
797975	0	0	0	0	0	0	0	127	0	0	0	0	
798726	0	0	0	0	0	0	0	111	0	0	0	0	
799475	0	0	0	0	0	0	0	129	0	0	0	0	
800223	0	0	0	0	0	0	0	99	0	0	0	0	
800971	0	0	0	0	0	0	0	121	0	0	0	0	
801722	0	0	0	0	0	0	0	113	0	0	0	0	
802472	0	0	0	0	0	0	0	111	0	0	0	0	
803222	0	0	0	0	0	0	0	115	0	0	0	0	
803970	0	0	0	0	0	0	0	115	0	0	0	0	
804722	0	0	0	0	0	0	0	121	0	0	0	0	
805474	0	0	0	0	0	0	0	139	0	0	0	0	
806224	0	0	0	0	0	0	0	109	0	0	0	0	
806975	0	0	0	0	0	0	0	127	0	0	0	0	
807725	0	0	0	0	0	0	0	113	0	0	0	0	
808474	0	0	0	0	0	0	0	113	0	0	0	0	
809223	0	0	0	0	0	0	0	119	0	0	0	0	
809974	0	0	0	0	0	0	0	93	0	0	0	0	
810727	0	0	0	0	0	0	0	115	0	0	0	0	
811477	0	0	0	0	0	0	0	111	0	0	0	0	
812226	0	0	0	0	0	0	0	121	0	0	0	0	
812977	0	0	0	0	0	0	0	111	0	0	0	0	
813727	0	0	0	0	0	0	0	109	0	0	0	0	
814479	0	0	0	0	0	0	0	107	0	0	0	0	
815232	0	0	0	0	0	0	0	121	0	0	0	0	
815985	0	0	0	0	0	0	0	125	0	0	0	0	
816736	0	0	0	0	0	0	0	103	0	0	0	0	
817488	0	0	0	0	0	0	0	111	0	0	0	0	
818239	0	0	0	0	0	0	0	103	0	0	0	0	
818987	0	0	0	0	0	0	0	119	0	0	0	0	
819737	0	0	0	0	0	0	0	105	0	0	0	0	
820486	0	0	0	0	0	0	71	70	0	0	0	0	
821237	0	0	0	0	0	0	155	0	0	0	0	0	
821991	0	0	0	0	0	0	151	0	0	0	0	0	
822740	0	0	0	0	0	0	143	0	0	0	0	0	
823487	0	0	0	0	0	0	139	0	0	0	0	0	
824238	0	0	0	0	0	0	133	0	0	0	0	0	
824987	0	0	0	0	0	0	147	0	0	0	0	0	
825734	0	0	0	0	0	0	147	0	0	0	0	0	
826487	0	0	0	0	0	0	149	0	0	0	0	0	
827240	0	0	0	0	0	0	145	0	0	0	0	0	
827992	0	0	0	0	0	0	153	0	0	0	0	0	
828743	0	0	0	0	0	0	125	0	0	0	0	0	
829490	0	0	0	0	0	95	70	0	0	0	0	0	
830240	0	0	0	0	0	169	0	0	0	0	0	0	
830992	0	0	0	0	0	171	0	0	0	0	0	0	
831740	0	0	0	0	0	199	0	0	0	0	0	0	
832491	0	0	0	0	0	193	0	0	0	0	0	0	
833239	0	0	0	0	0	187	0	0	0	0	0	0	
833991	0	0	0	0	0	181	0	0	0	0	0	0	
834736	0	0	0	0	0	151	0	0	0	0	0	0	
835486	0	0	0	0	0	185	0	0	0	0	0	0	
836233	0	0	0	0	0	171	0	0	0	0	0	0	
836980	0	0	0	0	0	163	0	0	0	0	0	0	
837731	0	0	0	0	0	177	0	0	0	0	0	0	
838479	0	0	0	0	0	195	0	0	0	0	0	0	
839231	0	0	0	0	0	161	0	0	0	0	0	0	
839980	0	0	0	0	0	175	0	0	0	0	0	0	
840730	0	0	0	0	0	167	0	0	0	0	0	0	
841481	0	0	0	0	0	179	0	0	0	0	0	0	
842234	0	0	0	0	0	155	0	0	0	0	0	0	
842987	0	0	0	0	0	187	0	0	0	0	0	0	
843737	0	0	0	0	0	161	0	0	0	0	0	0	
844488	0	0	0	0	0	173	0	0	0	0	0	0	
845240	0	0	0	0	0	161	0	0	0	0	0	0	
845986	0	0	0	0	0	183	0	0	0	0	0	0	
846737	0	0	0	0	0	189	0	0	0	0	0	0	
847487	0	0	0	0	0	167	0	0	0	0	0	0	
848239	0	0	0	0	0	181	0	0	0	0	0	0	
848986	0	0	0	0	0	183	0	0	0	0	0	0	
849739	0	0	0	0	0	175	0	0	0	0	0	0	
850485	0	0	0	0	0	145	0	0	0	0	0	0	
851237	0	0	0	0	0	171	0	0	0	0	0	0	
851988	0	0	0	0	43	126	0	0	0	0	0	0	
852740	0	0	0	0	0	155	0	0	0	0	0	0	
853491	0	0	0	0	0	195	0	0	0	0	0	0	
854239	0	0	0	0	0	159	0	0	0	0	0	0	
854990	0	0	0	0	0	183	0	0	0	0	0	0	
855740	0	0	0	0	0	175	0	0	0	0	0	0	
856490	0	0	0	0	0	201	0	0	0	0	0	0	
857241	0	0	0	0	0	161	0	0	0	0	0	0	
857992	0	0	0	0	211	0	0	0	0	0	0	0	
858740	0	0	0	0	243	0	0	0	0	0	0	0	
859490	0	0	0	0	249	0	0	0	0	0	0	0	
860242	0	0	0	0	201	0	0	0	0	0	0	0	
860991	0	0	0	13	198	0	0	0	0	0	0	0	
861741	0	0	0	0	217	0	0	0	0	0	0	0	
862492	0	0	0	0	207	0	0	0	0	0	0	0	
863240	0	0	0	0	211	0	0	0	0	0	0	0	
863991	0	0	0	0	219	0	0	0	0	0	0	0	
864741	0	0	0	0	195	0	0	0	0	0	0	0	
865490	0	0	0	0	217	0	0	0	0	0	0	0	
866239	0	0	0	0	211	0	0	0	0	0	0	0	
866990	0	0	0	0	187	0	0	0	0	0	0	0	
867740	0	0	0	1	234	0	0	0	0	0	0	0	
868490	0	0	0	0	223	0	0	0	0	0	0	0	
869242	0	0	0	0	215	0	0	0	0	0	0	0	
869991	0	0	0	0	207	0	0	0	0	0	0	0	
870742	0	0	0	0	203	0	0	0	0	0	0	0	
871491	0	0	0	0	197	0	0	0	0	0	0	0	
872242	0	0	0	265	0	0	0	0	0	0	0	0	
872991	0	0	0	259	0	0	0	0	0	0	0	0	
873742	0	0	0	257	0	0	0	0	0	0	0	0	
874493	0	0	0	251	0	0	0	0	0	0	0	0	
875245	0	0	0	273	0	0	0	0	0	0	0	0	
875995	0	0	1	276	0	0	0	0	0	0	0	0	
876743	0	0	0	305	0	0	0	0	0	0	0	0	
877494	0	0	0	291	0	0	0	0	0	0	0	0	
878245	0	0	0	273	0	0	0	0	0	0	0	0	
878995	0	0	0	263	0	0	0	0	0	0	0	0	
879743	0	0	0	267	0	0	0	0	0	0	0	0	
880494	0	0	132	135	0	0	0	0	0	0	0	0	
881243	0	0	0	275	0	0	0	0	0	0	0	0	
881995	0	0	0	249	0	0	0	0	0	0	0	0	
882748	0	0	0	249	0	0	0	0	0	0	0	0	
883500	0	0	0	269	0	0	0	0	0	0	0	0	
884249	0	0	0	251	0	0	0	0	0	0	0	0	
884998	0	0	0	269	0	0	0	0	0	0	0	0	
885747	0	0	0	277	0	0	0	0	0	0	0	0	
886501	0	0	0	233	0	0	0	0	0	0	0	0	
887251	0	0	0	261	0	0	0	0	0	0	0	0	
888002	0	0	0	165	80	0	0	0	0	0	0	0	
888750	0	0	0	0	201	0	0	0	0	0	0	0	
889498	0	0	0	0	191	0	0	0	0	0	0	0	
890251	0	0	0	0	209	0	0	0	0	0	0	0	
891001	0	0	0	0	221	0	0	0	0	0	0	0	
891748	0	0	0	0	207	0	0	0	0	0	0	0	
892500	0	0	0	0	199	0	0	0	0	0	0	0	
893254	0	0	0	0	215	0	0	0	0	0	0	0	
894007	0	0	0	0	209	0	0	0	0	0	0	0	
894753	0	0	0	0	235	0	0	0	0	0	0	0	
895501	0	0	0	0	217	0	0	0	0	0	0	0	
896249	0	0	0	0	205	0	0	0	0	0	0	0	
896998	0	0	0	0	249	0	0	0	0	0	0	0	
897745	0	0	0	0	215	0	0	0	0	0	0	0	
898495	0	0	0	0	231	0	0	0	0	0	0	0	
899248	0	0	0	0	209	0	0	0	0	0	0	0	
899999	0	0	0	0	213	0	0	0	0	0	0	0	
900746	0	0	0	0	205	0	0	0	0	0	0	0	
901496	0	0	0	0	235	0	0	0	0	0	0	0	
902245	0	0	0	0	199	0	0	0	0	0	0	0	
902998	0	0	0	0	213	0	0	0	0	0	0	0	
903751	0	0	0	0	205	0	0	0	0	0	0	0	
904500	0	0	0	0	231	0	0	0	0	0	0	0	
905251	0	0	0	0	223	0	0	0	0	0	0	0	
906001	0	0	0	0	225	0	0	0	0	0	0	0	
906751	0	0	0	0	225	0	0	0	0	0	0	0	
907502	0	0	0	0	209	0	0	0	0	0	0	0	
908250	0	0	0	0	225	0	0	0	0	0	0	0	
909001	0	0	0	0	211	0	0	0	0	0	0	0	
909746	0	0	0	0	175	0	0	0	0	0	0	0	
910496	0	0	0	0	205	0	0	0	0	0	0	0	
911248	0	0	0	0	225	0	0	0	0	0	0	0	
911995	0	0	0	0	209	0	0	0	0	0	0	0	
912747	0	0	0	0	229	0	0	0	0	0	0	0	
913496	0	0	0	0	219	0	0	0	0	0	0	0	
914248	0	0	0	0	213	0	0	0	0	0	0	0	
914996	0	0	0	0	231	0	0	0	0	0	0	0	
915748	0	0	0	0	221	0	0	0	0	0	0	0	
916497	0	0	0	0	205	0	0	0	0	0	0	0	
917247	0	0	0	0	199	0	0	0	0	0	0	0	
917999	0	0	0	0	217	0	0	0	0	0	0	0	
918750	0	0	0	0	195	0	0	0	0	0	0	0	
919497	0	0	0	0	225	0	0	0	0	0	0	0	
920248	0	0	0	0	217	0	0	0	0	0	0	0	
920997	0	0	0	0	213	0	0	0	0	0	0	0	
921749	0	0	0	0	223	0	0	0	0	0	0	0	
922500	0	0	0	0	201	0	0	0	0	0	0	0	
923250	0	0	0	0	179	0	0	0	0	0	0	0	
924001	0	0	0	0	227	0	0	0	0	0	0	0	
924750	0	0	0	1	214	0	0	0	0	0	0	0	
925500	0	0	0	0	217	0	0	0	0	0	0	0	
926249	0	0	0	0	201	0	0	0	0	0	0	0	
926999	0	0	0	0	201	0	0	0	0	0	0	0	
927749	0	0	0	0	197	0	0	0	0	0	0	0	
928498	0	0	0	0	191	0	0	0	0	0	0	0	
929246	0	0	0	0	207	0	0	0	0	0	0	0	
929997	0	0	0	0	233	0	0	0	0	0	0	0	
930749	0	0	0	0	185	0	0	0	0	0	0	0	
931503	0	0	0	0	233	0	0	0	0	0	0	0	
932252	0	0	0	0	217	0	0	0	0	0	0	0	
933004	0	0	0	0	235	0	0	0	0	0	0	0	
933752	0	0	0	0	219	0	0	0	0	0	0	0	
934504	0	0	0	0	237	0	0	0	0	0	0	0	
935252	0	0	0	0	233	0	0	0	0	0	0	0	
936001	0	0	0	0	229	0	0	0	0	0	0	0	
936753	0	0	0	0	201	0	0	0	0	0	0	0	
937500	0	0	0	0	207	0	0	0	0	0	0	0	
938249	0	0	0	0	245	0	0	0	0	0	0	0	
938999	0	0	0	0	221	0	0	0	0	0	0	0	
939747	0	0	0	0	233	0	0	0	0	0	0	0	
940497	0	0	0	0	227	0	0	0	0	0	0	0	
941244	0	0	0	0	227	0	0	0	0	0	0	0	
941996	0	0	0	0	229	0	0	0	0	0	0	0	
942746	0	0	0	0	205	0	0	0	0	0	0	0	
943498	0	0	0	0	185	0	0	0	0	0	0	0	
944250	0	0	0	0	225	0	0	0	0	0	0	0	
945003	0	0	0	0	223	0	0	0	0	0	0	0	
945754	0	0	0	0	88	109	0	0	0	0	0	0	
946507	0	0	0	0	0	193	0	0	0	0	0	0	
947257	0	0	0	0	0	163	0	0	0	0	0	0	
948003	0	0	0	0	0	165	0	0	0	0	0	0	
948749	0	0	0	0	0	177	0	0	0	0	0	0	
949503	0	0	0	0	0	0	145	0	0	0	0	0	
950249	0	0	0	0	0	0	141	0	0	0	0	0	
950999	0	0	0	0	0	0	133	0	0	0	0	0	
951748	0	0	0	0	0	0	131	0	0	0	0	0	
952497	0	0	0	0	0	0	139	0	0	0	0	0	
953247	0	0	0	0	0	0	135	0	0	0	0	0	
953995	0	0	0	0	0	0	137	0	0	0	0	0	
954748	0	0	0	0	0	0	167	0	0	0	0	0	
955499	0	0	0	0	0	0	0	129	0	0	0	0	
956250	0	0	0	0	0	0	0	97	0	0	0	0	
957001	0	0	0	0	0	0	0	121	0	0	0	0	
957749	0	0	0	0	0	0	0	101	0	0	0	0	
958500	0	0	0	0	0	0	0	123	0	0	0	0	
959249	0	0	0	0	0	0	0	123	0	0	0	0	
959998	0	0	0	0	0	0	0	115	0	0	0	0	
960750	0	0	0	0	0	0	0	99	0	0	0	0	
961501	0	0	0	0	0	0	0	105	0	0	0	0	
962252	0	0	0	0	0	0	0	131	0	0	0	0	
963003	0	0	0	0	0	0	0	109	0	0	0	0	
963750	0	0	0	0	0	0	1	98	0	0	0	0	
964500	0	0	0	0	0	0	0	0	85	0	0	0	
965252	0	0	0	0	0	0	0	0	85	0	0	0	
966003	0	0	0	0	0	0	0	0	79	0	0	0	
966754	0	0	0	0	0	0	0	0	99	0	0	0	
967502	0	0	0	0	0	0	0	0	89	0	0	0	
968253	0	0	0	0	0	0	0	0	91	0	0	0	
968999	0	0	0	0	0	0	0	0	91	0	0	0	
969747	0	0	0	0	0	0	0	0	109	0	0	0	
970496	0	0	0	0	0	0	0	0	81	0	0	0	
971247	0	0	0	0	0	0	0	0	89	0	0	0	
971997	0	0	0	0	0	0	0	0	113	0	0	0	
972746	0	0	0	0	0	0	0	0	0	85	0	0	
973495	0	0	0	0	0	0	0	0	0	71	0	0	
974244	0	0	0	0	0	0	0	0	0	63	0	0	
974992	0	0	0	0	0	0	0	0	0	87	0	0	
975740	0	0	0	0	0	0	0	0	0	83	0	0	
976486	0	0	0	0	0	0	0	0	0	67	0	0	
977235	0	0	0	0	0	0	0	0	0	83	0	0	
977988	0	0	0	0	0	0	0	0	0	83	0	0	
978736	0	0	0	0	0	0	0	0	0	73	0	0	
979489	0	0	0	0	0	0	0	0	0	77	0	0	
980239	0	0	0	0	0	0	0	0	0	75	0	0	
980988	0	0	0	0	0	0	0	0	0	71	0	0	
981737	0	0	0	0	0	0	0	0	0	83	0	0	
982488	0	0	0	0	0	0	0	0	0	89	0	0	
983237	0	0	0	0	0	0	0	0	0	79	0	0	
983989	0	0	0	0	0	0	0	0	0	81	0	0	
984738	0	0	0	0	0	0	0	0	0	83	0	0	
985484	0	0	0	0	0	0	0	0	0	69	0	0	
986234	0	0	0	0	0	0	0	0	0	65	0	0	
986982	0	0	0	0	0	0	0	0	0	71	0	0	
987733	0	0	0	0	0	0	0	0	0	67	0	0	
988482	0	0	0	0	0	0	0	0	0	73	0	0	
989230	0	0	0	0	0	0	0	0	0	0	59	0	
989984	0	0	0	0	0	0	0	0	0	0	73	0	
990732	0	0	0	0	0	0	0	0	0	0	59	0	
991479	0	0	0	0	0	0	0	0	0	0	63	0	
992229	0	0	0	0	0	0	0	0	0	0	55	0	
992981	0	0	0	0	0	0	0	0	0	0	65	0	
993730	0	0	0	0	0	0	0	0	0	0	59	0	
994482	0	0	0	0	0	0	0	0	0	0	75	0	
995234	0	0	0	0	0	0	0	0	0	0	65	0	
995982	0	0	0	0	0	0	0	0	0	0	75	0	
996733	0	0	0	0	0	0	0	0	0	0	65	0	
997482	0	0	0	0	0	0	0	0	0	0	69	0	
998229	0	0	0	0	0	0	0	0	0	0	57	0	
998978	0	0	0	0	0	0	0	0	0	0	53	0	
999727	0	0	0	0	0	0	0	0	0	0	57	0	
1.00047e+06	0	0	0	0	0	0	0	0	0	0	59	0	
1.00122e+06	0	0	0	0	0	0	0	0	0	0	63	0	
1.00198e+06	0	0	0	0	0	0	0	0	0	0	67	0	
1.00272e+06	0	0	0	0	0	0	0	0	0	0	57	0	
1.00347e+06	0	0	0	0	0	0	0	0	0	0	51	0	
1.00422e+06	0	0	0	0	0	0	0	0	0	0	53	0	
1.00497e+06	0	0	0	0	0	0	0	0	0	0	65	0	
1.00572e+06	0	0	0	0	0	0	0	0	0	0	2	53	
1.00647e+06	0	0	0	0	0	0	0	0	0	0	0	41	
1.00722e+06	0	0	0	0	0	0	0	0	0	0	0	51	
1.00797e+06	0	0	0	0	0	0	0	0	0	0	0	43	
1.00872e+06	0	0	0	0	0	0	0	0	0	0	0	43	
1.00947e+06	0	0	0	0	0	0	0	0	0	0	0	37	
1.01022e+06	0	0	0	0	0	0	0	0	0	0	0	53	
1.01096e+06	0	0	0	0	0	0	0	0	0	0	0	57	
1.01171e+06	0	0	0	0	0	0	0	0	0	0	0	59	
1.01246e+06	0	0	0	0	0	0	0	0	0	0	0	53	
1.01321e+06	0	0	0	0	0	0	0	0	0	0	0	47	
1.01396e+06	0	0	0	0	0	0	0	0	0	0	0	47	
1.0147e+06	0	0	0	0	0	0	0	0	0	0	0	49	
1.01545e+06	0	0	0	0	0	0	0	0	0	0	0	51	
1.0162e+06	0	0	0	0	0	0	0	0	0	0	75	0	
1.01695e+06	0	0	0	0	0	0	0	0	0	0	55	0	
1.0177e+06	0	0	0	0	0	0	0	0	0	0	51	0	
1.01845e+06	0	0	0	0	0	0	0	0	0	0	67	0	
1.0192e+06	0	0	0	0	0	0	0	0	0	0	57	0	
1.01995e+06	0	0	0	0	0	0	0	0	0	0	73	0	
1.0207e+06	0	0	0	0	0	0	0	0	0	0	61	0	
1.02145e+06	0	0	0	0	0	0	0	0	0	81	0	0	
1.0222e+06	0	0	0	0	0	0	0	0	0	83	0	0	
1.02295e+06	0	0	0	0	0	0	0	0	0	77	0	0	
1.0237e+06	0	0	0	0	0	0	0	0	0	65	0	0	
1.02445e+06	0	0	0	0	0	0	0	0	0	71	0	0	
1.0252e+06	0	0	0	0	0	0	0	0	0	89	0	0	
1.02595e+06	0	0	0	0	0	0	0	0	0	73	0	0	
1.0267e+06	0	0	0	0	0	0	0	0	0	87	0	0	
1.02744e+06	0	0	0	0	0	0	0	0	0	89	0	0	
1.0282e+06	0	0	0	0	0	0	0	0	0	97	0	0	
1.02894e+06	0	0	0	0	0	0	0	0	0	89	0	0	
1.02969e+06	0	0	0	0	0	0	0	0	0	59	0	0	
1.03044e+06	0	0	0	0	0	0	0	0	0	75	0	0	
1.03119e+06	0	0	0	0	0	0	0	0	0	75	0	0	
1.03194e+06	0	0	0	0	0	0	0	0	0	81	0	0	
1.03269e+06	0	0	0	0	0	0	0	0	0	85	0	0	
1.03345e+06	0	0	0	0	0	0	0	0	0	85	0	0	
1.0342e+06	0	0	0	0	0	0	0	0	0	75	0	0	
1.03495e+06	0	0	0	0	0	0	0	0	0	53	0	0	
1.0357e+06	0	0	0	0	0	0	0	0	0	77	0	0	
1.03645e+06	0	0	0	0	0	0	0	0	0	83	0	0	
1.0372e+06	0	0	0	0	0	0	0	0	0	79	0	0	
1.03795e+06	0	0	0	0	0	0	0	0	0	83	0	0	
1.0387e+06	0	0	0	0	0	0	0	0	0	87	0	0	
1.03945e+06	0	0	0	0	0	0	0	0	0	65	0	0	
1.0402e+06	0	0	0	0	0	0	0	0	0	79	0	0	
1.04094e+06	0	0	0	0	0	0	0	0	0	87	0	0	
1.04169e+06	0	0	0	0	0	0	0	0	0	75	0	0	
1.04244e+06	0	0	0	0	0	0	0	0	0	77	0	0	
1.04319e+06	0	0	0	0	0	0	0	0	0	79	0	0	
1.04394e+06	0	0	0	0	0	0	0	0	0	83	0	0	
1.04469e+06	0	0	0	0	0	0	0	0	0	79	0	0	
1.04544e+06	0	0	0	0	0	0	0	0	0	79	0	0	
1.04619e+06	0	0	0	0	0	0	0	0	0	93	0	0	
1.04694e+06	0	0	0	0	0	0	0	0	0	81	0	0	
1.04769e+06	0	0	0	0	0	0	0	0	0	81	0	0	
1.04844e+06	0	0	0	0	0	0	0	0	0	0	61	0	
1.04919e+06	0	0	0	0	0	0	0	0	0	0	0	53	
1.04994e+06	0	0	0	0	0	0	0	0	0	0	61	0	
1.05069e+06	0	0	0	0	0	0	0	0	0	0	45	0	
1.05144e+06	0	0	0	0	0	0	0	0	0	0	79	0	
1.05219e+06	0	0	0	0	0	0	0	0	0	0	73	0	
1.05294e+06	0	0	0	0	0	0	0	0	0	0	73	0	
1.05369e+06	0	0	0	0	0	0	0	0	0	0	45	0	
1.05444e+06	0	0	0	0	0	0	0	0	0	0	53	0	
1.05519e+06	0	0	0	0	0	0	0	0	0	0	49	0	
1.05594e+06	0	0	0	0	0	0	0	0	0	0	59	0	
1.05669e+06	0	0	0	0	0	0	0	0	0	0	73	0	
1.05744e+06	0	0	0	0	0	0	0	0	0	0	61	0	
1.05819e+06	0	0	0	0	0	0	0	0	0	19	36	0	
1.05894e+06	0	0	0	0	0	0	0	0	0	0	53	0	
1.05969e+06	0	0	0	0	0	0	0	0	0	0	63	0	
1.06044e+06	0	0	0	0	0	0	0	0	0	0	57	0	
1.06119e+06	0	0	0	0	0	0	0	0	0	0	71	0	
1.06193e+06	0	0	0	0	0	0	0	0	0	0	61	0	
1.06268e+06	0	0	0	0	0	0	0	0	0	0	67	0	
1.06343e+06	0	0	0	0	0	0	0	0	0	0	63	0	
1.06418e+06	0	0	0	0	0	0	0	0	0	0	55	0	
1.06493e+06	0	0	0	0	0	0	0	0	0	0	71	0	
1.06568e+06	0	0	0	0	0	0	0	0	0	0	81	0	
1.06643e+06	0	0	0	0	0	0	0	0	0	0	69	0	
1.06718e+06	0	0	0	0	0	0	0	0	0	0	73	0	
1.06793e+06	0	0	0	0	0	0	0	0	0	0	71	0	
1.06868e+06	0	0	0	0	0	0	0	0	0	0	59	0	
1.06943e+06	0	0	0	0	0	0	0	0	0	0	67	0	
1.07018e+06	0	0	0	0	0	0	0	0	0	0	69	0	
1.07093e+06	0	0	0	0	0	0	0	0	0	0	61	0	
1.07168e+06	0	0	0	0	0	0	0	0	0	0	67	0	
1.07242e+06	0	0	0	0	0	0	0	0	0	0	69	0	
1.07317e+06	0	0	0	0	0	0	0	0	0	0	63	0	
1.07392e+06	0	0	0	0	0	0	0	0	0	0	53	0	
1.07467e+06	0	0	0	0	0	0	0	0	0	0	65	0	
1.07543e+06	0	0	0	0	0	0	0	0	0	0	63	0	
1.07617e+06	0	0	0	0	0	0	0	0	0	0	81	0	
1.07692e+06	0	0	0	0	0	0	0	0	0	0	69	0	
1.07767e+06	0	0	0	0	0	0	0	0	0	73	0	0	
1.07842e+06	0	0	0	0	0	0	0	0	0	73	0	0	
1.07917e+06	0	0	0	0	0	0	0	0	0	67	0	0	
1.07992e+06	0	0	0	0	0	0	0	0	0	77	0	0	
1.08067e+06	0	0	0	0	0	0	0	0	0	0	63	0	
1.08143e+06	0	0	0	0	0	0	0	0	0	73	0	0	
1.08217e+06	0	0	0	0	0	0	0	0	0	67	0	0	
1.08292e+06	0	0	0	0	0	0	0	0	0	67	0	0	
1.08368e+06	0	0	0	0	0	0	0	0	0	75	0	0	
1.08443e+06	0	0	0	0	0	0	0	0	0	53	0	0	
1.08518e+06	0	0	0	0	0	0	0	0	0	81	0	0	
1.08593e+06	0	0	0	0	0	0	0	0	0	75	0	0	
1.08668e+06	0	0	0	0	0	0	0	0	0	63	0	0	
1.08743e+06	0	0	0	0	0	0	0	0	0	83	0	0	
1.08817e+06	0	0	0	0	0	0	0	0	0	79	0	0	
1.08892e+06	0	0	0	0	0	0	0	0	0	61	0	0	
1.08967e+06	0	0	0	0	0	0	0	0	0	77	0	0	
1.09042e+06	0	0	0	0	0	0	0	0	0	0	73	0	
1.09117e+06	0	0	0	0	0	0	0	0	0	0	61	0	
1.09192e+06	0	0	0	0	0	0	0	0	0	0	61	0	
1.09267e+06	0	0	0	0	0	0	0	0	0	0	69	0	
1.09343e+06	0	0	0	0	0	0	0	0	0	0	59	0	
1.09418e+06	0	0	0	0	0	0	0	0	0	0	67	0	
1.09493e+06	0	0	0	0	0	0	0	0	0	0	53	0	
1.09568e+06	0	0	0	0	0	0	0	0	0	63	0	0	
1.09642e+06	0	0	0	0	0	0	0	0	0	79	0	0	
1.09718e+06	0	0	0	0	0	0	0	0	0	93	0	0	
1.09793e+06	0	0	0	0	0	0	0	0	0	83	0	0	
1.09868e+06	0	0	0	0	0	0	0	0	0	89	0	0	
1.09942e+06	0	0	0	0	0	0	0	0	0	85	0	0	
1.10017e+06	0	0	0	0	0	0	0	0	0	77	0	0	
1.10092e+06	0	0	0	0	0	0	0	0	0	75	0	0	
1.10167e+06	0	0	0	0	0	0	0	0	0	75	0	0	
1.10242e+06	0	0	0	0	0	0	0	0	0	69	0	0	
1.10317e+06	0	0	0	0	0	0	0	0	0	71	0	0	
1.10392e+06	0	0	0	0	0	0	0	0	0	85	0	0	
1.10467e+06	0	0	0	0	0	0	0	0	0	93	0	0	
1.10542e+06	0	0	0	0	0	0	0	0	0	79	0	0	
1.10617e+06	0	0	0	0	0	0	0	0	0	95	0	0	
1.10692e+06	0	0	0	0	0	0	0	0	0	65	0	0	
1.10767e+06	0	0	0	0	0	0	0	0	0	73	0	0	
1.10842e+06	0	0	0	0	0	0	0	0	0	69	0	0	
1.10917e+06	0	0	0	0	0	0	0	0	0	73	0	0	
1.10992e+06	0	0	0	0	0	0	0	0	0	73	0	0	
1.11067e+06	0	0	0	0	0	0	0	0	0	85	0	0	
1.11142e+06	0	0	0	0	0	0	0	0	81	0	0	0	
1.11217e+06	0	0	0	0	0	0	0	0	85	0	0	0	
1.11292e+06	0	0	0	0	0	0	0	0	105	0	0	0	
1.11367e+06	0	0	0	0	0	0	0	0	101	0	0	0	
1.11442e+06	0	0	0	0	0	0	0	0	0	77	0	0	
1.11517e+06	0	0	0	0	0	0	0	0	0	75	0	0	
1.11592e+06	0	0	0	0	0	0	0	0	0	73	0	0	
1.11667e+06	0	0	0	0	0	0	0	0	0	67	0	0	
1.11742e+06	0	0	0	0	0	0	0	0	0	77	0	0	
1.11817e+06	0	0	0	0	0	0	0	0	0	73	0	0	
1.11892e+06	0	0	0	0	0	0	0	0	0	77	0	0	
1.11967e+06	0	0	0	0	0	0	0	0	0	79	0	0	
1.12042e+06	0	0	0	0	0	0	0	0	0	79	0	0	
1.12117e+06	0	0	0	0	0	0	0	0	0	69	0	0	
1.12192e+06	0	0	0	0	0	0	0	0	0	89	0	0	
1.12267e+06	0	0	0	0	0	0	0	0	0	79	0	0	
1.12342e+06	0	0	0	0	0	0	0	0	0	69	0	0	
1.12417e+06	0	0	0	0	0	0	0	0	0	73	0	0	
1.12492e+06	0	0	0	0	0	0	0	0	0	69	0	0	
1.12567e+06	0	0	0	0	0	0	0	0	0	77	0	0	
1.12642e+06	0	0	0	0	0	0	0	0	0	67	0	0	
1.12717e+06	0	0	0	0	0	0	0	0	0	81	0	0	
1.12792e+06	0	0	0	0	0	0	0	0	0	81	0	0	
1.12867e+06	0	0	0	0	0	0	0	0	0	81	0	0	
1.12942e+06	0	0	0	0	0	0	0	0	0	79	0	0	
1.13017e+06	0	0	0	0	0	0	0	0	0	91	0	0	
1.13092e+06	0	0	0	0	0	0	0	0	0	83	0	0	
1.13166e+06	0	0	0	0	0	0	0	0	0	81	0	0	
1.13241e+06	0	0	0	0	0	0	0	0	0	81	0	0	
1.13316e+06	0	0	0	0	0	0	0	0	0	79	0	0	
1.13392e+06	0	0	0	0	0	0	0	0	0	83	0	0	
1.13466e+06	0	0	0	0	0	0	0	0	0	81	0	0	
1.13541e+06	0	0	0	0	0	0	0	0	0	79	0	0	
1.13617e+06	0	0	0	0	0	0	0	0	0	91	0	0	
1.13691e+06	0	0	0	0	0	0	0	0	0	81	0	0	
1.13766e+06	0	0	0	0	0	0	0	0	0	77	0	0	
1.13842e+06	0	0	0	0	0	0	0	0	0	73	0	0	
1.13916e+06	0	0	0	0	0	0	0	0	0	67	0	0	
1.13992e+06	0	0	0	0	0	0	0	0	0	73	0	0	
1.14067e+06	0	0	0	0	0	0	0	0	0	75	0	0	
1.14141e+06	0	0	0	0	0	0	0	0	0	73	0	0	
1.14216e+06	0	0	0	0	0	0	0	0	0	63	0	0	
1.14291e+06	0	0	0	0	0	0	0	0	0	75	0	0	
1.14366e+06	0	0	0	0	0	0	0	0	0	75	0	0	
1.14441e+06	0	0	0	0	0	0	0	0	101	0	0	0	
1.14516e+06	0	0	0	0	0	0	0	0	81	0	0	0	
1.14591e+06	0	0	0	0	0	0	0	0	99	0	0	0	
1.14666e+06	0	0	0	0	0	0	0	0	81	0	0	0	
1.14741e+06	0	0	0	0	0	0	0	0	89	0	0	0	
1.14816e+06	0	0	0	0	0	0	0	0	91	0	0	0	
1.14891e+06	0	0	0	0	0	0	0	0	79	0	0	0	
1.14966e+06	0	0	0	0	0	0	0	0	101	0	0	0	
1.15041e+06	0	0	0	0	0	0	0	0	101	0	0	0	
1.15116e+06	0	0	0	0	0	0	0	0	77	0	0	0	
1.15191e+06	0	0	0	0	0	0	0	0	97	0	0	0	
1.15266e+06	0	0	0	0	0	0	0	0	103	0	0	0	
1.15341e+06	0	0	0	0	0	0	0	0	69	0	0	0	
1.15416e+06	0	0	0	0	0	0	0	0	89	0	0	0	
1.15491e+06	0	0	0	0	0	0	0	0	87	0	0	0	
1.15566e+06	0	0	0	0	0	0	0	0	81	0	0	0	
1.15641e+06	0	0	0	0	0	0	0	0	107	0	0	0	
1.15716e+06	0	0	0	0	0	0	0	0	91	0	0	0	
1.15791e+06	0	0	0	0	0	0	0	0	89	0	0	0	
1.15865e+06	0	0	0	0	0	0	0	0	93	0	0	0	
1.1594e+06	0	0	0	0	0	0	0	0	109	0	0	0	
1.16015e+06	0	0	0	0	0	0	0	0	95	0	0	0	
1.16091e+06	0	0	0	0	0	0	0	0	75	0	0	0	
1.16166e+06	0	0	0	0	0	0	0	0	87	0	0	0	
1.16241e+06	0	0	0	0	0	0	0	0	81	0	0	0	
1.16316e+06	0	0	0	0	0	0	0	0	10	73	0	0	
1.16391e+06	0	0	0	0	0	0	0	0	0	77	0	0	
1.16466e+06	0	0	0	0	0	0	0	0	0	75	0	0	
1.16541e+06	0	0	0	0	0	0	0	0	0	79	0	0	
1.16615e+06	0	0	0	0	0	0	0	0	0	71	0	0	
1.16691e+06	0	0	0	0	0	0	0	0	0	71	0	0	
1.16766e+06	0	0	0	0	0	0	0	0	2	63	0	0	
1.16841e+06	0	0	0	0	0	0	0	0	0	63	0	0	
1.16916e+06	0	0	0	0	0	0	0	0	0	69	0	0	
1.16992e+06	0	0	0	0	0	0	0	0	0	63	0	0	
1.17067e+06	0	0	0	0	0	0	0	0	0	73	0	0	
1.17141e+06	0	0	0	0	0	0	0	0	91	0	0	0	
1.17216e+06	0	0	0	0	0	0	0	109	0	0	0	0	
1.17291e+06	0	0	0	0	0	0	0	105	0	0	0	0	
1.17366e+06	0	0	0	0	0	0	0	119	0	0	0	0	
1.17441e+06	0	0	0	0	0	0	0	117	0	0	0	0	
1.17516e+06	0	0	0	0	0	0	0	113	0	0	0	0	
1.17591e+06	0	0	0	0	0	0	0	111	0	0	0	0	
1.17667e+06	0	0	0	0	0	0	0	127	0	0	0	0	
1.17741e+06	0	0	0	0	0	0	0	127	0	0	0	0	
1.17816e+06	0	0	0	0	0	0	0	109	0	0	0	0	
1.17891e+06	0	0	0	0	0	0	0	99	0	0	0	0	
1.17966e+06	0	0	0	0	0	0	0	103	0	0	0	0	
1.18041e+06	0	0	0	0	0	0	0	113	0	0	0	0	
1.18116e+06	0	0	0	0	0	0	0	117	0	0	0	0	
1.18191e+06	0	0	0	0	0	0	0	107	0	0	0	0	
1.18266e+06	0	0	0	0	0	0	0	113	0	0	0	0	
1.18341e+06	0	0	0	0	0	0	0	135	0	0	0	0	
1.18417e+06	0	0	0	0	0	0	0	115	0	0	0	0	
1.18492e+06	0	0	0	0	0	0	149	0	0	0	0	0	
1.18567e+06	0	0	0	0	0	0	143	0	0	0	0	0	
1.18641e+06	0	0	0	0	0	0	133	0	0	0	0	0	
1.18717e+06	0	0	0	0	0	0	147	0	0	0	0	0	
1.18792e+06	0	0	0	0	0	0	155	0	0	0	0	0	
1.18866e+06	0	0	0	0	0	0	125	0	0	0	0	0	
1.18942e+06	0	0	0	0	0	0	147	0	0	0	0	0	
1.19017e+06	0	0	0	0	0	0	133	0	0	0	0	0	
1.19091e+06	0	0	0	0	0	0	143	0	0	0	0	0	
1.19167e+06	0	0	0	0	0	0	131	0	0	0	0	0	
1.19242e+06	0	0	0	0	0	0	151	0	0	0	0	0	
1.19317e+06	0	0	0	0	0	0	135	0	0	0	0	0	
1.19392e+06	0	0	0	0	0	0	145	0	0	0	0	0	
1.19466e+06	0	0	0	0	0	0	147	0	0	0	0	0	
1.1954e+06	0	0	0	0	0	0	145	0	0	0	0	0	
1.19616e+06	0	0	0	0	0	0	145	0	0	0	0	0	
1.19691e+06	0	0	0	0	0	0	133	0	0	0	0	0	
1.19766e+06	0	0	0	0	0	0	151	0	0	0	0	0	
1.19841e+06	0	0	0	0	0	0	149	0	0	0	0	0	
1.19916e+06	0	0	0	0	0	0	151	0	0	0	0	0	
1.1999e+06	0	0	0	0	0	0	115	0	0	0	0	0	
1.20065e+06	0	0	0	0	0	0	161	0	0	0	0	0	
1.2014e+06	0	0	0	0	0	0	149	0	0	0	0	0	
1.20216e+06	0	0	0	0	0	0	161	0	0	0	0	0	
1.20291e+06	0	0	0	0	0	0	161	0	0	0	0	0	
1.20366e+06	0	0	0	0	0	0	125	0	0	0	0	0	
1.2044e+06	0	0	0	0	0	0	137	0	0	0	0	0	
1.20516e+06	0	0	0	0	0	0	149	0	0	0	0	0	
1.20591e+06	0	0	0	0	0	0	147	0	0	0	0	0	
1.20666e+06	0	0	0	0	0	0	125	0	0	0	0	0	
1.20742e+06	0	0	0	0	0	0	120	3	0	0	0	0	
1.20816e+06	0	0	0	0	0	0	137	0	0	0	0	0	
1.20891e+06	0	0	0	0	0	0	143	0	0	0	0	0	
1.20966e+06	0	0	0	0	0	0	159	0	0	0	0	0	
1.21041e+06	0	0	0	0	0	0	149	0	0	0	0	0	
1.21116e+06	0	0	0	0	0	0	137	0	0	0	0	0	
1.21191e+06	0	0	0	0	0	0	121	0	0	0	0	0	
1.21266e+06	0	0	0	0	0	0	137	0	0	0	0	0	
1.2134e+06	0	0	0	0	0	0	139	0	0	0	0	0	
1.21416e+06	0	0	0	0	4	168	9	0	0	0	0	0	
1.21491e+06	0	0	0	0	0	0	145	0	0	0	0	0	
1.21566e+06	0	0	0	0	0	0	131	0	0	0	0	0	
1.2164e+06	0	0	0	0	0	0	159	0	0	0	0	0	
1.21715e+06	0	0	0	0	0	0	135	0	0	0	0	0	
1.21791e+06	0	0	0	0	0	0	141	0	0	0	0	0	
1.21866e+06	0	0	0	0	0	0	127	0	0	0	0	0	
1.21941e+06	0	0	0	0	0	0	137	0	0	0	0	0	
1.22016e+06	0	0	0	0	0	0	119	0	0	0	0	0	
1.2209e+06	0	0	0	0	0	0	151	0	0	0	0	0	
1.22165e+06	0	0	0	0	0	0	155	0	0	0	0	0	
1.2224e+06	0	0	0	0	0	0	153	0	0	0	0	0	
1.22315e+06	0	0	0	0	0	0	149	0	0	0	0	0	
1.22391e+06	0	0	0	0	0	0	149	0	0	0	0	0	
1.22466e+06	0	0	0	0	0	0	139	0	0	0	0	0	
1.22541e+06	0	0	0	0	0	0	133	0	0	0	0	0	
1.22616e+06	0	0	0	0	0	0	143	0	0	0	0	0	
1.22691e+06	0	0	0	0	0	0	147	0	0	0	0	0	
1.22766e+06	0	0	0	0	0	0	163	0	0	0	0	0	
1.22842e+06	0	0	0	0	0	0	135	0	0	0	0	0	
1.22917e+06	0	0	0	0	0	0	141	0	0	0	0	0	
1.22992e+06	0	0	0	0	0	0	147	0	0	0	0	0	
1.23067e+06	0	0	0	0	0	0	119	0	0	0	0	0	
1.23142e+06	0	0	0	0	0	0	117	0	0	0	0	0	
1.23217e+06	0	0	0	0	0	0	145	0	0	0	0	0	
1.23292e+06	0	0	0	0	0	0	117	0	0	0	0	0	
1.23367e+06	0	0	0	0	0	0	155	0	0	0	0	0	
1.23442e+06	0	0	0	0	0	0	167	0	0	0	0	0	
1.23517e+06	0	0	0	0	0	0	137	0	0	0	0	0	
1.23592e+06	0	0	0	0	0	0	141	0	0	0	0	0	
1.23667e+06	0	0	0	0	0	0	123	0	0	0	0	0	
1.23742e+06	0	0	0	0	0	0	145	0	0	0	0	0	
1.23817e+06	0	0	0	0	0	0	151	0	0	0	0	0	
1.23892e+06	0	0	0	0	0	0	131	0	0	0	0	0	
1.23967e+06	0	0	0	0	0	0	137	0	0	0	0	0	
1.24042e+06	0	0	0	0	0	0	159	0	0	0	0	0	
1.24118e+06	0	0	0	0	0	0	137	0	0	0	0	0	
1.24192e+06	0	0	0	0	0	0	141	0	0	0	0	0	
1.24267e+06	0	0	0	0	0	0	113	0	0	0	0	0	
1.24342e+06	0	0	0	0	0	0	151	0	0	0	0	0	
1.24417e+06	0	0	0	0	0	0	131	0	0	0	0	0	
1.24493e+06	0	0	0	0	0	0	143	0	0	0	0	0	
1.24568e+06	0	0	0	0	0	0	139	0	0	0	0	0	
1.24643e+06	0	0	0	0	0	0	119	0	0	0	0	0	
1.24718e+06	0	0	0	0	0	185	0	0	0	0	0	0	
1.24793e+06	0	0	0	0	0	157	0	0	0	0	0	0	
1.24868e+06	0	0	0	0	0	173	0	0	0	0	0	0	
1.24943e+06	0	0	0	0	0	171	0	0	0	0	0	0	
1.25017e+06	0	0	0	0	0	179	0	0	0	0	0	0	
1.25092e+06	0	0	0	0	0	169	0	0	0	0	0	0	
1.25167e+06	0	0	0	0	0	157	0	0	0	0	0	0	
1.25242e+06	0	0	0	0	231	0	0	0	0	0	0	0	
1.25317e+06	0	0	0	0	215	0	0	0	0	0	0	0	
1.25392e+06	0	0	0	0	245	0	0	0	0	0	0	0	
1.25467e+06	0	0	0	0	213	0	0	0	0	0	0	0	
1.25542e+06	0	0	0	0	0	175	0	0	0	0	0	0	
1.25617e+06	0	0	0	0	0	185	0	0	0	0	0	0	
1.25692e+06	0	0	0	0	0	165	0	0	0	0	0	0	
1.25767e+06	0	0	0	0	0	177	0	0	0	0	0	0	
1.25842e+06	0	0	0	0	0	153	0	0	0	0	0	0	
1.25917e+06	0	0	0	0	0	167	0	0	0	0	0	0	
1.25992e+06	0	0	0	0	0	201	0	0	0	0	0	0	
1.26067e+06	0	0	0	0	0	155	0	0	0	0	0	0	
1.26142e+06	0	0	0	0	0	181	0	0	0	0	0	0	
1.26217e+06	0	0	0	0	205	0	0	0	0	0	0	0	
1.26292e+06	0	0	0	0	211	0	0	0	0	0	0	0	
1.26367e+06	0	0	0	0	205	0	0	0	0	0	0	0	
1.26442e+06	0	0	0	0	201	0	0	0	0	0	0	0	
1.26517e+06	0	0	0	0	221	0	0	0	0	0	0	0	
1.26592e+06	0	0	0	0	215	0	0	0	0	0	0	0	
1.26668e+06	0	0	0	0	237	0	0	0	0	0	0	0	
1.26743e+06	0	0	0	0	215	0	0	0	0	0	0	0	
1.26817e+06	0	0	0	0	189	0	0	0	0	0	0	0	
1.26892e+06	0	0	0	0	217	0	0	0	0	0	0	0	
1.26967e+06	0	0	0	0	221	0	0	0	0	0	0	0	
1.27042e+06	0	0	0	0	227	0	0	0	0	0	0	0	
1.27117e+06	0	0	0	0	201	0	0	0	0	0	0	0	
1.27192e+06	0	0	0	0	243	0	0	0	0	0	0	0	
1.27268e+06	0	0	0	0	209	0	0	0	0	0	0	0	
1.27342e+06	0	0	0	0	231	0	0	0	0	0	0	0	
1.27417e+06	0	0	0	0	233	0	0	0	0	0	0	0	
1.27492e+06	0	0	0	0	223	0	0	0	0	0	0	0	
1.27568e+06	0	0	0	0	203	0	0	0	0	0	0	0	
1.27643e+06	0	0	0	0	229	0	0	0	0	0	0	0	
1.27718e+06	0	0	0	0	229	0	0	0	0	0	0	0	
1.27793e+06	0	0	0	0	243	0	0	0	0	0	0	0	
1.27868e+06	0	0	0	0	213	0	0	0	0	0	0	0	
1.27943e+06	0	0	0	0	241	0	0	0	0	0	0	0	
1.28018e+06	0	0	0	0	185	0	0	0	0	0	0	0	
1.28093e+06	0	0	0	0	211	0	0	0	0	0	0	0	
1.28169e+06	0	0	0	0	221	0	0	0	0	0	0	0	
1.28243e+06	0	0	0	0	205	0	0	0	0	0	0	0	
1.28318e+06	0	0	0	0	217	0	0	0	0	0	0	0	
1.28393e+06	0	0	0	5	212	0	0	0	0	0	0	0	
1.28468e+06	0	0	0	0	241	0	0	0	0	0	0	0	
1.28543e+06	0	0	0	0	217	0	0	0	0	0	0	0	
1.28618e+06	0	0	0	0	220	1	0	0	0	0	0	0	
1.28693e+06	0	0	0	27	196	0	0	0	0	0	0	0	
1.28768e+06	0	0	0	0	197	0	0	0	0	0	0	0	
1.28843e+06	0	0	0	0	211	0	0	0	0	0	0	0	
1.28918e+06	0	0	0	0	209	0	0	0	0	0	0	0	
1.28993e+06	0	0	0	0	227	0	0	0	0	0	0	0	
1.29068e+06	0	0	0	0	227	0	0	0	0	0	0	0	
1.29143e+06	0	0	0	0	225	0	0	0	0	0	0	0	
1.29218e+06	0	0	0	0	237	0	0	0	0	0	0	0	
1.29293e+06	0	0	0	0	205	0	0	0	0	0	0	0	
1.29368e+06	0	0	0	0	209	0	0	0	0	0	0	0	
1.29443e+06	0	0	0	0	219	0	0	0	0	0	0	0	
1.29518e+06	0	0	0	0	195	0	0	0	0	0	0	0	
1.29593e+06	0	0	0	0	207	0	0	0	0	0	0	0	
1.29668e+06	0	0	0	0	211	0	0	0	0	0	0	0	
1.29743e+06	0	0	0	0	221	0	0	0	0	0	0	0	
1.29818e+06	0	0	0	0	197	0	0	0	0	0	0	0	
1.29893e+06	0	0	0	0	235	0	0	0	0	0	0	0	
1.29968e+06	0	0	0	0	207	0	0	0	0	0	0	0	
1.30043e+06	0	0	0	0	217	0	0	0	0	0	0	0	
1.30118e+06	0	0	0	0	215	0	0	0	0	0	0	0	
1.30193e+06	0	0	0	0	197	0	0	0	0	0	0	0	
1.30268e+06	0	0	0	0	213	0	0	0	0	0	0	0	
1.30343e+06	0	0	0	0	205	0	0	0	0	0	0	0	
1.30418e+06	0	0	0	0	215	0	0	0	0	0	0	0	
1.30493e+06	0	0	0	0	185	0	0	0	0	0	0	0	
1.30568e+06	0	0	0	40	165	0	0	0	0	0	0	0	
1.30642e+06	0	0	0	0	207	0	0	0	0	0	0	0	
1.30717e+06	0	0	0	0	227	0	0	0	0	0	0	0	
1.30792e+06	0	0	0	0	211	0	0	0	0	0	0	0	
1.30867e+06	0	0	0	0	241	0	0	0	0	0	0	0	
1.30942e+06	0	0	0	0	231	0	0	0	0	0	0	0	
1.31017e+06	0	0	0	0	199	0	0	0	0	0	0	0	
1.31092e+06	0	0	0	0	205	0	0	0	0	0	0	0	
1.31167e+06	0	0	0	0	225	0	0	0	0	0	0	0	
1.31242e+06	0	0	0	0	227	0	0	0	0	0	0	0	
1.31317e+06	0	0	0	0	217	0	0	0	0	0	0	0	
1.31393e+06	0	0	0	0	199	0	0	0	0	0	0	0	
1.31468e+06	0	0	0	0	215	0	0	0	0	0	0	0	
1.31543e+06	0	0	0	6	207	0	0	0	0	0	0	0	
1.31618e+06	0	0	0	0	227	0	0	0	0	0	0	0	
1.31693e+06	0	0	0	0	205	0	0	0	0	0	0	0	
1.31768e+06	0	0	0	0	217	0	0	0	0	0	0	0	
1.31843e+06	0	0	0	0	233	0	0	0	0	0	0	0	
1.31918e+06	0	0	0	0	223	0	0	0	0	0	0	0	
1.31993e+06	0	0	0	0	229	0	0	0	0	0	0	0	
1.32068e+06	0	0	0	0	223	0	0	0	0	0	0	0	
1.32142e+06	0	0	0	0	219	0	0	0	0	0	0	0	
1.32217e+06	0	0	0	0	201	0	0	0	0	0	0	0	
1.32292e+06	0	0	0	0	213	0	0	0	0	0	0	0	
1.32367e+06	0	0	0	0	211	0	0	0	0	0	0	0	
1.32442e+06	0	0	0	0	207	0	0	0	0	0	0	0	
1.32517e+06	0	0	0	0	219	0	0	0	0	0	0	0	
1.32592e+06	0	0	0	0	239	0	0	0	0	0	0	0	
1.32666e+06	0	0	0	0	213	0	0	0	0	0	0	0	
1.32741e+06	0	0	0	0	203	0	0	0	0	0	0	0	
1.32816e+06	0	0	0	0	209	0	0	0	0	0	0	0	
1.32891e+06	0	0	0	0	227	0	0	0	0	0	0	0	
1.32966e+06	0	0	0	0	217	0	0	0	0	0	0	0	
1.33041e+06	0	0	0	1	202	0	0	0	0	0	0	0	
1.33116e+06	0	0	0	0	213	0	0	0	0	0	0	0	
1.33191e+06	0	0	0	0	203	0	0	0	0	0	0	0	
1.33266e+06	0	0	0	0	225	0	0	0	0	0	0	0	
1.33341e+06	0	0	0	0	213	0	0	0	0	0	0	0	
1.33416e+06	0	0	0	0	239	0	0	0	0	0	0	0	
1.33491e+06	0	0	0	0	227	0	0	0	0	0	0	0	
1.33565e+06	0	0	0	0	181	0	0	0	0	0	0	0	
1.3364e+06	0	0	0	0	231	0	0	0	0	0	0	0	
1.33715e+06	0	0	0	0	223	0	0	0	0	0	0	0	
1.3379e+06	0	0	0	0	189	0	0	0	0	0	0	0	
1.33865e+06	0	0	0	0	213	0	0	0	0	0	0	0	
1.3394e+06	0	0	0	0	237	0	0	0	0	0	0	0	
1.34015e+06	0	0	0	0	225	0	0	0	0	0	0	0	
1.3409e+06	0	0	0	0	219	0	0	0	0	0	0	0	
1.34165e+06	0	0	0	0	199	0	0	0	0	0	0	0	
1.3424e+06	0	0	0	0	231	0	0	0	0	0	0	0	
1.34315e+06	0	0	0	0	223	0	0	0	0	0	0	0	
1.3439e+06	0	0	0	18	191	0	0	0	0	0	0	0	
1.34465e+06	0	0	0	0	235	0	0	0	0	0	0	0	
1.3454e+06	0	0	0	0	227	0	0	0	0	0	0	0	
1.34615e+06	0	0	0	0	217	0	0	0	0	0	0	0	
1.3469e+06	0	0	0	0	233	0	0	0	0	0	0	0	
1.34765e+06	0	0	0	0	215	0	0	0	0	0	0	0	
1.3484e+06	0	0	0	0	229	0	0	0	0	0	0	0	
1.34915e+06	0	0	0	0	217	0	0	0	0	0	0	0	
1.34991e+06	0	0	0	0	209	0	0	0	0	0	0	0	
1.35066e+06	0	0	0	0	195	0	0	0	0	0	0	0	
1.35141e+06	0	0	0	0	203	0	0	0	0	0	0	0	
1.35216e+06	0	0	0	0	223	0	0	0	0	0	0	0	
1.35291e+06	0	0	0	0	223	0	0	0	0	0	0	0	
1.35366e+06	0	0	0	271	0	0	0	0	0	0	0	0	
1.35441e+06	0	0	0	0	211	0	0	0	0	0	0	0	
1.35516e+06	0	0	0	0	225	0	0	0	0	0	0	0	
1.3559e+06	0	0	0	0	215	0	0	0	0	0	0	0	
1.35665e+06	0	0	0	0	209	0	0	0	0	0	0	0	
1.3574e+06	0	0	0	0	229	0	0	0	0	0	0	0	
1.35815e+06	0	0	0	0	205	0	0	0	0	0	0	0	
1.3589e+06	0	0	0	0	219	0	0	0	0	0	0	0	
1.35965e+06	0	0	0	0	231	0	0	0	0	0	0	0	
1.3604e+06	0	0	0	0	215	0	0	0	0	0	0	0	
1.36115e+06	0	0	0	0	209	0	0	0	0	0	0	0	
1.36191e+06	0	0	0	0	221	0	0	0	0	0	0	0	
1.36266e+06	0	0	0	0	221	0	0	0	0	0	0	0	
1.36341e+06	0	0	0	0	211	0	0	0	0	0	0	0	
1.36416e+06	0	0	0	0	215	0	0	0	0	0	0	0	
1.36491e+06	0	0	0	0	221	0	0	0	0	0	0	0	
1.36567e+06	0	0	0	0	179	0	0	0	0	0	0	0	
1.36642e+06	0	0	0	0	237	0	0	0	0	0	0	0	
1.36717e+06	0	0	0	9	207	1	0	0	0	0	0	0	
1.36792e+06	0	0	0	0	201	0	0	0	0	0	0	0	
1.36867e+06	0	0	0	0	219	0	0	0	0	0	0	0	
1.36942e+06	0	0	0	0	235	0	0	0	0	0	0	0	
1.37017e+06	0	0	0	0	207	0	0	0	0	0	0	0	
1.37092e+06	0	0	0	0	211	0	0	0	0	0	0	0	
1.37167e+06	0	0	0	0	227	0	0	0	0	0	0	0	
1.37241e+06	0	0	0	0	211	0	0	0	0	0	0	0	
1.37316e+06	0	0	0	0	219	0	0	0	0	0	0	0	
1.37392e+06	0	0	0	0	229	0	0	0	0	0	0	0	
1.37467e+06	0	0	0	0	213	0	0	0	0	0	0	0	
1.37541e+06	0	0	0	0	221	0	0	0	0	0	0	0	
1.37617e+06	0	0	0	0	195	0	0	0	0	0	0	0	
1.37692e+06	0	0	0	0	219	0	0	0	0	0	0	0	
1.37767e+06	0	0	0	0	199	0	0	0	0	0	0	0	
1.37843e+06	0	0	0	0	211	0	0	0	0	0	0	0	
1.37918e+06	0	0	0	0	192	23	0	0	0	0	0	0	
1.37992e+06	0	0	0	0	207	0	0	0	0	0	0	0	
1.38067e+06	0	0	0	0	209	0	0	0	0	0	0	0	
1.38142e+06	0	0	0	0	203	0	0	0	0	0	0	0	
1.38218e+06	0	0	0	0	227	0	0	0	0	0	0	0	
1.38292e+06	0	0	0	0	223	0	0	0	0	0	0	0	
1.38367e+06	0	0	0	0	227	0	0	0	0	0	0	0	
1.38442e+06	0	0	0	0	207	0	0	0	0	0	0	0	
1.38517e+06	0	0	0	0	247	0	0	0	0	0	0	0	
1.38593e+06	0	0	0	0	223	0	0	0	0	0	0	0	
1.38667e+06	0	0	0	6	205	0	0	0	0	0	0	0	
1.38742e+06	0	0	0	0	211	0	0	0	0	0	0	0	
1.38817e+06	0	0	0	0	211	0	0	0	0	0	0	0	
1.38893e+06	0	0	0	0	187	0	0	0	0	0	0	0	
1.38968e+06	0	0	0	0	215	0	0	0	0	0	0	0	
1.39043e+06	0	0	0	0	205	0	0	0	0	0	0	0	
1.39118e+06	0	0	0	0	203	0	0	0	0	0	0	0	
1.39193e+06	0	0	0	13	204	0	0	0	0	0	0	0	
1.39268e+06	0	0	0	125	108	0	0	0	0	0	0	0	
1.39343e+06	0	0	0	257	0	0	0	0	0	0	0	0	
1.39418e+06	0	0	0	281	0	0	0	0	0	0	0	0	
1.39493e+06	0	0	0	280	1	0	0	0	0	0	0	0	
1.39568e+06	0	0	0	289	0	0	0	0	0	0	0	0	
1.39643e+06	0	0	4	243	0	0	0	0	0	0	0	0	
1.39718e+06	0	0	0	253	0	0	0	0	0	0	0	0	
1.39792e+06	0	0	0	289	0	0	0	0	0	0	0	0	
1.39867e+06	0	0	0	253	0	0	0	0	0	0	0	0	
1.39942e+06	0	0	0	275	0	0	0	0	0	0	0	0	
1.40017e+06	0	0	0	277	0	0	0	0	0	0	0	0	
1.40092e+06	0	0	0	283	0	0	0	0	0	0	0	0	
1.40167e+06	0	0	0	245	0	0	0	0	0	0	0	0	
1.40242e+06	0	0	4	273	0	0	0	0	0	0	0	0	
1.40317e+06	0	0	0	239	0	0	0	0	0	0	0	0	
1.40391e+06	0	0	0	265	0	0	0	0	0	0	0	0	
1.40466e+06	0	0	0	257	0	0	0	0	0	0	0	0	
1.40541e+06	0	0	0	241	0	0	0	0	0	0	0	0	
1.40617e+06	0	0	0	265	0	0	0	0	0	0	0	0	
1.40691e+06	0	0	0	253	0	0	0	0	0	0	0	0	
1.40766e+06	0	0	0	235	0	0	0	0	0	0	0	0	
1.40841e+06	0	0	0	245	0	0	0	0	0	0	0	0	
1.40917e+06	0	0	0	277	0	0	0	0	0	0	0	0	
1.40991e+06	0	0	0	255	0	0	0	0	0	0	0	0	
1.41066e+06	0	0	0	297	0	0	0	0	0	0	0	0	
1.41141e+06	0	0	0	253	0	0	0	0	0	0	0	0	
1.41216e+06	0	0	0	267	0	0	0	0	0	0	0	0	
1.4129e+06	0	0	0	273	0	0	0	0	0	0	0	0	
1.41365e+06	0	0	0	273	0	0	0	0	0	0	0	0	
1.41441e+06	0	0	0	247	0	0	0	0	0	0	0	0	
1.41515e+06	0	0	0	275	0	0	0	0	0	0	0	0	
1.4159e+06	0	0	0	267	0	0	0	0	0	0	0	0	
1.41665e+06	0	0	0	285	0	0	0	0	0	0	0	0	
1.41741e+06	0	0	0	297	0	0	0	0	0	0	0	0	
1.41816e+06	0	0	0	261	0	0	0	0	0	0	0	0	
1.41891e+06	0	0	0	245	0	0	0	0	0	0	0	0	
1.41966e+06	0	0	0	283	0	0	0	0	0	0	0	0	
1.42041e+06	0	0	0	273	0	0	0	0	0	0	0	0	
1.42116e+06	0	0	0	271	0	0	0	0	0	0	0	0	
1.42191e+06	0	0	0	237	0	0	0	0	0	0	0	0	
1.42266e+06	0	0	0	261	0	0	0	0	0	0	0	0	
1.42341e+06	0	0	0	273	0	0	0	0	0	0	0	0	
1.42416e+06	0	0	0	269	0	0	0	0	0	0	0	0	
1.42491e+06	0	0	0	277	0	0	0	0	0	0	0	0	
1.42566e+06	0	0	0	275	0	0	0	0	0	0	0	0	
1.42641e+06	0	0	0	275	0	0	0	0	0	0	0	0	
1.42716e+06	0	0	0	261	0	0	0	0	0	0	0	0	
1.42791e+06	0	0	0	241	0	0	0	0	0	0	0	0	
1.42866e+06	0	0	0	253	0	0	0	0	0	0	0	0	
1.42942e+06	0	0	0	223	0	0	0	0	0	0	0	0	
1.43016e+06	0	0	0	253	0	0	0	0	0	0	0	0	
1.43091e+06	0	0	0	225	0	0	0	0	0	0	0	0	
1.43166e+06	0	0	0	255	0	0	0	0	0	0	0	0	
1.43241e+06	0	0	0	261	0	0	0	0	0	0	0	0	
1.43316e+06	0	0	0	259	0	0	0	0	0	0	0	0	
1.43392e+06	0	0	0	289	0	0	0	0	0	0	0	0	
1.43467e+06	0	0	0	273	0	0	0	0	0	0	0	0	
1.43542e+06	0	0	0	261	0	0	0	0	0	0	0	0	
1.43617e+06	0	0	0	253	0	0	0	0	0	0	0	0	
1.43692e+06	0	0	0	275	0	0	0	0	0	0	0	0	
1.43767e+06	0	0	0	281	0	0	0	0	0	0	0	0	
1.43842e+06	0	0	0	245	0	0	0	0	0	0	0	0	
1.43917e+06	0	0	0	239	0	0	0	0	0	0	0	0	
1.43992e+06	0	0	0	253	0	0	0	0	0	0	0	0	
1.44067e+06	0	0	0	237	0	0	0	0	0	0	0	0	
1.44142e+06	0	0	0	293	0	0	0	0	0	0	0	0	
1.44217e+06	0	0	0	241	0	0	0	0	0	0	0	0	
1.44292e+06	0	0	0	261	0	0	0	0	0	0	0	0	
1.44368e+06	0	0	0	96	117	0	0	0	0	0	0	0	
1.44443e+06	0	0	0	261	0	0	0	0	0	0	0	0	
1.44517e+06	0	0	0	259	0	0	0	0	0	0	0	0	
1.44592e+06	0	0	0	283	0	0	0	0	0	0	0	0	
1.44667e+06	0	0	0	247	0	0	0	0	0	0	0	0	
1.44742e+06	0	0	0	259	0	0	0	0	0	0	0	0	
1.44817e+06	0	0	0	267	0	0	0	0	0	0	0	0	
1.44892e+06	0	0	0	255	0	0	0	0	0	0	0	0	
1.44967e+06	0	0	0	247	0	0	0	0	0	0	0	0	
1.45042e+06	0	0	0	255	0	0	0	0	0	0	0	0	
1.45117e+06	0	0	28	279	0	0	0	0	0	0	0	0	
1.45193e+06	0	0	0	255	0	0	0	0	0	0	0	0	
1.45267e+06	0	0	0	265	0	0	0	0	0	0	0	0	
1.45343e+06	0	0	0	293	0	0	0	0	0	0	0	0	
1.45418e+06	0	0	0	271	0	0	0	0	0	0	0	0	
1.45492e+06	0	0	0	283	0	0	0	0	0	0	0	0	
1.45567e+06	0	0	0	261	0	0	0	0	0	0	0	0	
1.45642e+06	0	0	0	229	0	0	0	0	0	0	0	0	
1.45717e+06	0	0	0	265	0	0	0	0	0	0	0	0	
1.45792e+06	0	0	0	281	0	0	0	0	0	0	0	0	
1.45867e+06	0	0	0	263	0	0	0	0	0	0	0	0	
1.45943e+06	0	0	0	251	16	0	0	0	0	0	0	0	
1.46018e+06	0	0	0	267	0	0	0	0	0	0	0	0	
1.46093e+06	0	0	14	265	0	0	0	0	0	0	0	0	
1.46167e+06	0	0	0	247	0	0	0	0	0	0	0	0	
1.46242e+06	0	0	0	231	0	0	0	0	0	0	0	0	
1.46317e+06	0	0	0	265	0	0	0	0	0	0	0	0	
1.46392e+06	0	0	0	229	0	0	0	0	0	0	0	0	
1.46467e+06	0	0	0	283	0	0	0	0	0	0	0	0	
1.46542e+06	0	0	0	271	0	0	0	0	0	0	0	0	
1.46617e+06	0	0	0	259	0	0	0	0	0	0	0	0	
1.46692e+06	0	0	0	279	0	0	0	0	0	0	0	0	
1.46767e+06	0	0	0	257	0	0	0	0	0	0	0	0	
1.46842e+06	0	0	0	265	0	0	0	0	0	0	0	0	
1.46917e+06	0	0	0	265	0	0	0	0	0	0	0	0	
1.46992e+06	0	0	0	260	1	0	0	0	0	0	0	0	
1.47067e+06	0	0	0	267	0	0	0	0	0	0	0	0	
1.47142e+06	0	0	0	269	0	0	0	0	0	0	0	0	
1.47217e+06	0	0	0	259	0	0	0	0	0	0	0	0	
1.47293e+06	0	0	0	275	0	0	0	0	0	0	0	0	
1.47368e+06	0	0	0	277	0	0	0	0	0	0	0	0	
1.47443e+06	0	0	0	271	0	0	0	0	0	0	0	0	
1.47518e+06	0	0	0	281	0	0	0	0	0	0	0	0	
1.47593e+06	0	0	0	263	0	0	0	0	0	0	0	0	
1.47668e+06	0	0	0	259	0	0	0	0	0	0	0	0	
1.47742e+06	0	0	0	261	0	0	0	0	0	0	0	0	
1.47818e+06	0	0	0	289	0	0	0	0	0	0	0	0	
1.47892e+06	0	0	0	293	0	0	0	0	0	0	0	0	
1.47967e+06	0	0	0	255	0	0	0	0	0	0	0	0	
1.48042e+06	0	0	76	187	0	0	0	0	0	0	0	0	
1.48117e+06	0	0	0	251	0	0	0	0	0	0	0	0	
1.48192e+06	0	0	0	285	0	0	0	0	0	0	0	0	
1.48267e+06	0	0	0	245	0	0	0	0	0	0	0	0	
1.48342e+06	0	0	0	277	0	0	0	0	0	0	0	0	
1.48417e+06	0	0	0	277	0	0	0	0	0	0	0	0	
1.48492e+06	0	0	0	281	0	0	0	0	0	0	0	0	
1.48567e+06	0	0	0	277	0	0	0	0	0	0	0	0	
1.48642e+06	0	0	0	255	0	0	0	0	0	0	0	0	
1.48717e+06	0	0	365	0	0	0	0	0	0	0	0	0	
1.48792e+06	0	0	331	0	0	0	0	0	0	0	0	0	
1.48867e+06	0	0	319	0	0	0	0	0	0	0	0	0	
1.48942e+06	0	0	291	0	0	0	0	0	0	0	0	0	
1.49017e+06	0	0	327	0	0	0	0	0	0	0	0	0	
1.49092e+06	0	0	321	0	0	0	0	0	0	0	0	0	
1.49167e+06	0	0	315	0	0	0	0	0	0	0	0	0	
1.49242e+06	0	0	341	0	0	0	0	0	0	0	0	0	
1.49317e+06	0	0	331	0	0	0	0	0	0	0	0	0	
1.49392e+06	0	0	345	0	0	0	0	0	0	0	0	0	
1.49467e+06	0	5	344	0	0	0	0	0	0	0	0	0	
1.49542e+06	0	0	335	0	0	0	0	0	0	0	0	0	
1.49617e+06	0	0	301	0	0	0	0	0	0	0	0	0	
1.49692e+06	0	0	297	0	0	0	0	0	0	0	0	0	
1.49768e+06	0	0	323	0	0	0	0	0	0	0	0	0	
1.49843e+06	0	0	242	71	0	0	0	0	0	0	0	0	
1.49917e+06	0	0	309	0	0	0	0	0	0	0	0	0	
1.49992e+06	0	0	337	0	0	0	0	0	0	0	0	0	
1.49992e+06	0	0	337	0	0	0	0	0	0	0	0	0	
