Time	s0	s1	s2	s3	s4	s5	s6	s7	s8	s9	s10	s11	
0	0	0	0	0	0	0	0	0	0	0	0	200	
0.000193465	0	0	0	0	0	0	0	0	0	0	0	199	
747.251	0	0	0	0	0	0	0	0	0	0	0	47	
1496.36	0	0	0	0	0	0	0	0	0	0	0	43	
2244.4	0	0	0	0	0	0	0	0	0	0	0	47	
2994.27	0	0	0	0	0	0	0	0	0	0	0	39	
3745.44	0	0	0	0	0	0	0	0	0	0	0	45	
4494.16	0	0	0	0	0	0	0	0	0	0	0	53	
5247.04	0	0	0	0	0	0	0	0	0	0	0	53	
5996.37	0	0	0	0	0	0	0	0	0	0	0	59	
6745.36	0	0	0	0	0	0	0	0	0	0	65	0	
7495.35	0	0	0	0	0	0	0	0	0	0	67	0	
8244.83	0	0	0	0	0	0	0	0	0	77	0	0	
8995.01	0	0	0	0	0	0	0	0	0	69	0	0	
9744.93	0	0	0	0	0	0	0	0	0	83	0	0	
10494.8	0	0	0	0	0	0	0	0	0	73	0	0	
11246.2	0	0	0	0	0	0	0	0	0	81	0	0	
11997.8	0	0	0	0	0	0	0	0	0	65	0	0	
12748.2	0	0	0	0	0	0	0	0	0	57	0	0	
13496.8	0	0	0	0	0	0	0	0	0	75	0	0	
14246.6	0	0	0	0	0	0	0	0	0	89	0	0	
14996.6	0	0	0	0	0	0	0	0	0	85	0	0	
15749	0	0	0	0	0	0	0	0	0	85	0	0	
16498.9	0	0	0	0	0	0	0	0	0	79	0	0	
17249.9	0	0	0	0	0	0	0	0	0	75	0	0	
17999.3	0	0	0	0	0	0	0	0	0	75	0	0	
18751.8	0	0	0	0	0	0	0	0	0	69	0	0	
19500.9	0	0	0	0	0	0	0	0	0	91	0	0	
20247.8	0	0	0	0	0	0	0	0	0	93	0	0	
20999.6	0	0	0	0	0	0	0	0	0	83	0	0	
21747.1	0	0	0	0	0	0	0	0	0	97	0	0	
22496.5	0	0	0	0	0	0	0	0	0	87	0	0	
23245.2	0	0	0	0	0	0	0	0	0	55	0	0	
23994.5	0	0	0	0	0	0	0	0	0	83	0	0	
24743.9	0	0	0	0	0	0	0	0	0	81	0	0	
25494	0	0	0	0	0	0	0	0	0	61	0	0	
26243.1	0	0	0	0	0	0	0	0	0	89	0	0	
26993.1	0	0	0	0	0	0	0	0	0	69	0	0	
27745.5	0	0	0	0	0	0	0	0	0	81	0	0	
28493.9	0	0	0	0	0	0	0	0	0	79	0	0	
29246.2	0	0	0	0	0	0	0	0	0	89	0	0	
29995.2	0	0	0	0	0	0	0	0	0	77	0	0	
30743.3	0	0	0	0	0	0	0	0	0	81	0	0	
31494.4	0	0	0	0	0	0	0	0	0	93	0	0	
32242.3	0	0	0	0	0	0	0	0	0	75	0	0	
32991.7	0	0	0	0	0	0	0	0	0	0	61	0	
33744	0	0	0	0	0	0	0	0	0	0	49	0	
34493.6	0	0	0	0	0	0	0	0	0	0	51	0	
35243.4	0	0	0	0	0	0	0	0	0	0	59	0	
35987.8	0	0	0	0	0	0	0	0	0	0	55	0	
36738.4	0	0	0	0	0	0	0	0	0	0	59	0	
37486.7	0	0	0	0	0	0	0	0	0	0	75	0	
38238.4	0	0	0	0	0	0	0	0	0	0	47	0	
38991.1	0	0	0	0	0	0	0	0	0	0	53	0	
39740.2	0	0	0	0	0	0	0	0	0	0	57	0	
40491.7	0	0	0	0	0	0	0	0	0	0	73	0	
41243.7	0	0	0	0	0	0	0	0	0	0	71	0	
41994.4	0	0	0	0	0	0	0	0	0	0	47	0	
42744.1	0	0	0	0	0	0	0	0	0	71	0	0	
43496.3	0	0	0	0	0	0	0	0	0	0	63	0	
44246	0	0	0	0	0	0	0	0	0	99	0	0	
44994.2	0	0	0	0	0	0	0	0	0	81	0	0	
45743.8	0	0	0	0	0	0	0	0	0	71	0	0	
46494.1	0	0	0	0	0	0	0	0	0	75	0	0	
47248	0	0	0	0	0	0	0	0	0	79	0	0	
47995	0	0	0	0	0	0	0	0	0	69	0	0	
48746.3	0	0	0	0	0	0	0	0	0	75	0	0	
49495.6	0	0	0	0	0	0	0	0	0	79	0	0	
50248.2	0	0	0	0	0	0	0	0	0	67	0	0	
51000.3	0	0	0	0	0	0	0	0	0	77	0	0	
51752.2	0	0	0	0	0	0	0	0	0	81	0	0	
52502.2	0	0	0	0	0	0	0	0	0	69	0	0	
53255	0	0	0	0	0	0	0	0	0	67	0	0	
54005.7	0	0	0	0	0	0	0	0	0	53	0	0	
54754	0	0	0	0	0	0	0	0	0	65	0	0	
55504	0	0	0	0	0	0	0	0	0	79	0	0	
56252.7	0	0	0	0	0	0	0	0	0	0	57	0	
57005.2	0	0	0	0	0	0	0	0	0	0	57	0	
57757.5	0	0	0	0	0	0	0	0	0	0	59	0	
58509.4	0	0	0	0	0	0	0	0	0	0	73	0	
59260.9	0	0	0	0	0	0	0	0	0	0	67	0	
60008.9	0	0	0	0	0	0	0	0	0	0	57	0	
60758.8	0	0	0	0	0	0	0	0	0	0	79	0	
61510.9	0	0	0	0	0	0	0	0	0	0	75	0	
62258.3	0	0	0	0	0	0	0	0	0	0	59	0	
63007.5	0	0	0	0	0	0	0	0	0	0	59	0	
63754.4	0	0	0	0	0	0	0	0	0	0	53	0	
64501.6	0	0	0	0	0	0	0	0	0	0	55	0	
65252.2	0	0	0	0	0	0	0	0	0	0	57	0	
66003.4	0	0	0	0	0	0	0	0	0	0	71	0	
66753	0	0	0	0	0	0	0	0	0	0	43	8	
67502.4	0	0	0	0	0	0	0	0	0	2	57	0	
68254.1	0	0	0	0	0	0	0	0	0	85	0	0	
69003.8	0	0	0	0	0	0	0	0	0	65	0	0	
69752.7	0	0	0	0	0	0	0	0	0	83	0	0	
70502.6	0	0	0	0	0	0	0	0	0	81	0	0	
71253.3	0	0	0	0	0	0	0	0	0	71	0	0	
72004.8	0	0	0	0	0	0	0	0	0	79	0	0	
72756.4	0	0	0	0	0	0	0	0	0	65	0	0	
73506.8	0	0	0	0	0	0	0	0	0	63	0	0	
74253.3	0	0	0	0	0	0	0	0	0	73	0	0	
75000.7	0	0	0	0	0	0	0	0	0	87	0	0	
75749.1	0	0	0	0	0	0	0	0	0	83	0	0	
76498.1	0	0	0	0	0	0	0	0	0	71	0	0	
77249.7	0	0	0	0	0	0	0	0	0	83	0	0	
78000.1	0	0	0	0	0	0	0	0	0	77	0	0	
78748.5	0	0	0	0	0	0	0	0	0	83	0	0	
79496	0	0	0	0	0	0	0	0	0	81	0	0	
80248	0	0	0	0	0	0	0	0	0	79	0	0	
81000.6	0	0	0	0	0	0	0	0	0	75	0	0	
81749.8	0	0	0	0	0	0	0	0	0	79	0	0	
82500.7	0	0	0	0	0	0	0	0	0	95	0	0	
83252.8	0	0	0	0	0	0	0	0	0	0	57	0	
84000.6	0	0	0	0	0	0	0	0	0	0	75	0	
84753.1	0	0	0	0	0	0	0	0	0	0	55	0	
85503.9	0	0	0	0	0	0	0	0	0	0	51	0	
86251.7	0	0	0	0	0	0	0	0	0	0	53	0	
87003.1	0	0	0	0	0	0	0	0	0	0	61	0	
87753.7	0	0	0	0	0	0	0	0	0	0	65	0	
88502.9	0	0	0	0	0	0	0	0	0	0	63	0	
89253	0	0	0	0	0	0	0	0	0	0	57	0	
90002.7	0	0	0	0	0	0	0	0	0	0	55	0	
90754.5	0	0	0	0	0	0	0	0	0	0	69	0	
91503.4	0	0	0	0	0	0	0	0	0	0	51	0	
92250.4	0	0	0	0	0	0	0	0	0	0	57	0	
93001.7	0	0	0	0	0	0	0	0	0	0	85	0	
93751.1	0	0	0	0	0	0	0	0	0	0	55	0	
94500.7	0	0	0	0	0	0	0	0	0	0	59	0	
95253.8	0	0	0	0	0	0	0	0	0	0	65	0	
96001.4	0	0	0	0	0	0	0	0	0	0	61	0	
96748.5	0	0	0	0	0	0	0	0	0	0	79	0	
97496	0	0	0	0	0	0	0	0	0	0	55	0	
98247.4	0	0	0	0	0	0	0	0	0	0	0	63	
98995	0	0	0	0	0	0	0	0	0	0	0	49	
99745.8	0	0	0	0	0	0	0	0	0	0	0	51	
100495	0	0	0	0	0	0	0	0	0	0	0	43	
101244	0	0	0	0	0	0	0	0	0	0	0	39	
101993	0	0	0	0	0	0	0	0	0	0	0	41	
102742	0	0	0	0	0	0	0	0	0	0	0	51	
103494	0	0	0	0	0	0	0	0	0	0	0	43	
104245	0	0	0	0	0	0	0	0	0	0	0	47	
104994	0	0	0	0	0	0	0	0	0	0	0	39	
105746	0	0	0	0	0	0	0	0	0	0	0	69	
106498	0	0	0	0	0	0	0	0	0	0	0	55	
107247	0	0	0	0	0	0	0	0	0	0	0	37	
107995	0	0	0	0	0	0	0	0	0	0	0	45	
108744	0	0	0	0	0	0	0	0	0	0	0	57	
109495	0	0	0	0	0	0	0	0	0	0	0	53	
110247	0	0	0	0	0	0	0	0	0	0	0	49	
110998	0	0	0	0	0	0	0	0	0	0	0	53	
111749	0	0	0	0	0	0	0	0	0	0	0	59	
112495	0	0	0	0	0	0	0	0	0	0	0	51	
113242	0	0	0	0	0	0	0	0	0	0	0	43	
113991	0	0	0	0	0	0	0	0	0	0	0	49	
114742	0	0	0	0	0	0	0	0	0	0	0	45	
115491	0	0	0	0	0	0	0	0	0	0	0	47	
116241	0	0	0	0	0	0	0	0	0	0	0	65	
116990	0	0	0	0	0	0	0	0	0	0	0	47	
117738	0	0	0	0	0	0	0	0	0	0	0	65	
118489	0	0	0	0	0	0	0	0	0	0	0	63	
119240	0	0	0	0	0	0	0	0	0	0	0	43	
119989	0	0	0	0	0	0	0	0	0	0	0	53	
120740	0	0	0	0	0	0	0	0	0	0	63	0	
121488	0	0	0	0	0	0	0	0	0	0	49	0	
122236	0	0	0	0	0	0	0	0	0	0	55	0	
122985	0	0	0	0	0	0	0	0	0	0	55	0	
123735	0	0	0	0	0	0	0	0	0	0	57	0	
124488	0	0	0	0	0	0	0	0	0	0	63	0	
125237	0	0	0	0	0	0	0	0	0	0	63	0	
125986	0	0	0	0	0	0	0	0	0	0	65	0	
126740	0	0	0	0	0	0	0	0	0	0	63	0	
127490	0	0	0	0	0	0	0	0	0	0	67	0	
128238	0	0	0	0	0	0	0	0	0	0	63	0	
128985	0	0	0	0	0	0	0	0	0	0	69	0	
129734	0	0	0	0	0	0	0	0	0	0	53	0	
130484	0	0	0	0	0	0	0	0	0	0	69	0	
131236	0	0	0	0	0	0	0	0	0	0	87	0	
131985	0	0	0	0	0	0	0	0	0	0	63	0	
132735	0	0	0	0	0	0	0	0	0	0	51	0	
133484	0	0	0	0	0	0	0	0	0	0	49	0	
134233	0	0	0	0	0	0	0	0	0	0	59	0	
134987	0	0	0	0	0	0	0	0	0	0	59	0	
135737	0	0	0	0	0	0	0	0	0	0	63	0	
136487	0	0	0	0	0	0	0	0	0	0	61	0	
137237	0	0	0	0	0	0	0	0	0	85	0	0	
137986	0	0	0	0	0	0	0	0	0	85	0	0	
138736	0	0	0	0	0	0	0	0	0	83	0	0	
139486	0	0	0	0	0	0	0	0	0	79	0	0	
140233	0	0	0	0	0	0	0	0	0	83	0	0	
140980	0	0	0	0	0	0	0	0	0	81	0	0	
141727	0	0	0	0	0	0	0	0	0	73	0	0	
142479	0	0	0	0	0	0	0	0	0	87	0	0	
143232	0	0	0	0	0	0	0	0	0	87	0	0	
143981	0	0	0	0	0	0	0	0	0	73	0	0	
144731	0	0	0	0	0	0	0	0	107	0	0	0	
145479	0	0	0	0	0	0	0	0	109	0	0	0	
146228	0	0	0	0	0	0	0	0	91	0	0	0	
146976	0	0	0	0	0	0	0	0	97	0	0	0	
147728	0	0	0	0	0	0	0	0	95	0	0	0	
148478	0	0	0	0	0	0	0	0	89	0	0	0	
149225	0	0	0	0	0	0	0	0	93	0	0	0	
149972	0	0	0	0	0	0	0	0	91	0	0	0	
150718	0	0	0	0	0	0	0	0	91	0	0	0	
151466	0	0	0	0	0	0	0	0	95	0	0	0	
152219	0	0	0	0	0	0	0	0	97	0	0	0	
152969	0	0	0	0	0	0	0	0	77	0	0	0	
153717	0	0	0	0	0	0	0	0	87	0	0	0	
154464	0	0	0	0	0	0	0	0	103	0	0	0	
155214	0	0	0	0	0	0	0	0	79	0	0	0	
155963	0	0	0	0	0	0	0	0	107	0	0	0	
156713	0	0	0	0	0	0	0	0	105	0	0	0	
157463	0	0	0	0	0	0	0	0	0	71	0	0	
158213	0	0	0	0	0	0	0	0	0	69	0	0	
158967	0	0	0	0	0	0	0	0	0	69	0	0	
159714	0	0	0	0	0	0	0	0	0	85	0	0	
160460	0	0	0	0	0	0	0	0	0	75	0	0	
161211	0	0	0	0	0	0	0	0	0	65	0	0	
161960	0	0	0	0	0	0	0	0	0	73	0	0	
162710	0	0	0	0	0	0	0	0	0	75	0	0	
163462	0	0	0	0	0	0	0	0	0	73	0	0	
164210	0	0	0	0	0	0	0	0	0	75	0	0	
164960	0	0	0	0	0	0	0	0	0	87	0	0	
165708	0	0	0	0	0	0	0	0	91	0	0	0	
166456	0	0	0	0	0	0	0	0	87	0	0	0	
167205	0	0	0	0	0	0	0	0	79	0	0	0	
167953	0	0	0	0	0	0	0	0	95	0	0	0	
168703	0	0	0	0	0	0	0	0	99	0	0	0	
169452	0	0	0	0	0	0	0	0	87	0	0	0	
170199	0	0	0	0	0	0	0	0	75	0	0	0	
170945	0	0	0	0	0	0	0	0	85	0	0	0	
171692	0	0	0	0	0	0	0	0	95	0	0	0	
172442	0	0	0	0	0	0	0	119	0	0	0	0	
173191	0	0	0	0	0	0	0	115	0	0	0	0	
173940	0	0	0	0	0	0	0	111	0	0	0	0	
174690	0	0	0	0	0	0	0	103	0	0	0	0	
175438	0	0	0	0	0	0	141	0	0	0	0	0	
176187	0	0	0	0	0	0	135	0	0	0	0	0	
176934	0	0	0	0	0	0	151	0	0	0	0	0	
177682	0	0	0	0	0	0	133	0	0	0	0	0	
178433	0	0	0	0	0	0	127	0	0	0	0	0	
179184	0	0	0	0	0	0	141	0	0	0	0	0	
179934	0	0	0	0	0	0	139	0	0	0	0	0	
180681	0	0	0	0	0	0	155	0	0	0	0	0	
181432	0	0	0	0	0	0	121	0	0	0	0	0	
182179	0	0	0	0	0	0	145	0	0	0	0	0	
182930	0	0	0	0	0	0	155	0	0	0	0	0	
183677	0	0	0	0	0	0	145	0	0	0	0	0	
184428	0	0	0	0	0	0	149	0	0	0	0	0	
185176	0	0	0	0	0	0	161	0	0	0	0	0	
185927	0	0	0	0	0	175	0	0	0	0	0	0	
186677	0	0	0	0	0	193	0	0	0	0	0	0	
187427	0	0	0	0	0	165	0	0	0	0	0	0	
188176	0	0	0	0	0	205	0	0	0	0	0	0	
188927	0	0	0	0	0	171	0	0	0	0	0	0	
189676	0	0	0	0	0	187	0	0	0	0	0	0	
190427	0	0	0	0	0	165	0	0	0	0	0	0	
191178	0	0	0	0	0	157	0	0	0	0	0	0	
191927	0	0	0	0	0	171	0	0	0	0	0	0	
192678	0	0	0	0	0	175	0	0	0	0	0	0	
193427	0	0	0	0	0	171	0	0	0	0	0	0	
194175	0	0	0	0	0	163	0	0	0	0	0	0	
194923	0	0	0	0	0	179	0	0	0	0	0	0	
195675	0	0	0	0	0	191	0	0	0	0	0	0	
196425	0	0	0	0	0	167	0	0	0	0	0	0	
197176	0	0	0	0	0	173	0	0	0	0	0	0	
197926	0	0	0	0	0	175	0	0	0	0	0	0	
198676	0	0	0	0	0	157	0	0	0	0	0	0	
199423	0	0	0	0	0	163	0	0	0	0	0	0	
200172	0	0	0	0	0	185	0	0	0	0	0	0	
200926	0	0	0	0	0	155	0	0	0	0	0	0	
201675	0	0	0	0	0	161	0	0	0	0	0	0	
202426	0	0	0	0	0	201	0	0	0	0	0	0	
203177	0	0	0	0	0	183	0	0	0	0	0	0	
203926	0	0	0	0	0	179	0	0	0	0	0	0	
204675	0	0	0	0	0	155	0	0	0	0	0	0	
205424	0	0	0	0	0	177	0	0	0	0	0	0	
206177	0	0	0	0	0	183	0	0	0	0	0	0	
206923	0	0	0	0	0	173	0	0	0	0	0	0	
207671	0	0	0	0	0	195	0	0	0	0	0	0	
208422	0	0	0	0	0	163	0	0	0	0	0	0	
209172	0	0	0	0	0	167	0	0	0	0	0	0	
209918	0	0	0	0	0	185	0	0	0	0	0	0	
210670	0	0	0	0	0	177	0	0	0	0	0	0	
211421	0	0	0	0	0	171	0	0	0	0	0	0	
212172	0	0	0	0	0	171	0	0	0	0	0	0	
212923	0	0	0	0	0	173	0	0	0	0	0	0	
213675	0	0	0	0	0	181	0	0	0	0	0	0	
214429	0	0	0	0	0	167	0	0	0	0	0	0	
215178	0	0	0	0	0	189	0	0	0	0	0	0	
215927	0	0	0	0	0	173	0	0	0	0	0	0	
216677	0	0	0	0	0	161	0	0	0	0	0	0	
217427	0	0	0	0	0	171	0	0	0	0	0	0	
218177	0	0	0	0	0	163	0	0	0	0	0	0	
218930	0	0	0	0	0	155	0	0	0	0	0	0	
219681	0	0	0	0	0	183	0	0	0	0	0	0	
220430	0	0	0	0	0	183	0	0	0	0	0	0	
221180	0	0	0	0	0	131	0	0	0	0	0	0	
221929	0	0	0	0	0	171	0	0	0	0	0	0	
222682	0	0	0	0	0	189	0	0	0	0	0	0	
223430	0	0	0	0	0	173	0	0	0	0	0	0	
224180	0	0	0	0	0	177	0	0	0	0	0	0	
224930	0	0	0	0	0	185	0	0	0	0	0	0	
225676	0	0	0	0	0	151	0	0	0	0	0	0	
226428	0	0	0	0	0	169	0	0	0	0	0	0	
227180	0	0	0	0	0	157	0	0	0	0	0	0	
227930	0	0	0	0	0	159	0	0	0	0	0	0	
228676	0	0	0	0	0	169	0	0	0	0	0	0	
229426	0	0	0	0	0	187	0	0	0	0	0	0	
230176	0	0	0	0	0	161	0	0	0	0	0	0	
230924	0	0	0	0	0	203	0	0	0	0	0	0	
231676	0	0	0	0	0	171	0	0	0	0	0	0	
232422	0	0	0	0	0	155	0	0	0	0	0	0	
233172	0	0	0	0	0	135	0	0	0	0	0	0	
233922	0	0	0	0	0	157	0	0	0	0	0	0	
234673	0	0	0	0	0	193	0	0	0	0	0	0	
235424	0	0	0	0	0	191	0	0	0	0	0	0	
236176	0	0	0	0	0	163	0	0	0	0	0	0	
236925	0	0	0	0	0	195	0	0	0	0	0	0	
237678	0	0	0	0	0	177	0	0	0	0	0	0	
238433	0	0	0	0	0	203	0	0	0	0	0	0	
239183	0	0	0	0	0	167	0	0	0	0	0	0	
239932	0	0	0	0	0	173	0	0	0	0	0	0	
240685	0	0	0	0	0	173	0	0	0	0	0	0	
241436	0	0	0	0	0	185	0	0	0	0	0	0	
242187	0	0	0	0	0	181	0	0	0	0	0	0	
242940	0	0	0	0	0	195	0	0	0	0	0	0	
243695	0	0	0	0	0	185	0	0	0	0	0	0	
244447	0	0	0	0	0	163	0	0	0	0	0	0	
245197	0	0	0	0	0	183	0	0	0	0	0	0	
245945	0	0	0	0	0	195	0	0	0	0	0	0	
246695	0	0	0	0	0	165	0	0	0	0	0	0	
247449	0	0	0	0	0	189	0	0	0	0	0	0	
248198	0	0	0	0	0	197	0	0	0	0	0	0	
248947	0	0	0	0	0	181	0	0	0	0	0	0	
249697	0	0	0	0	0	184	1	0	0	0	0	0	
250449	0	0	0	0	0	175	0	0	0	0	0	0	
251201	0	0	0	0	0	159	0	0	0	0	0	0	
251952	0	0	0	0	0	181	0	0	0	0	0	0	
252705	0	0	0	0	0	173	0	0	0	0	0	0	
253454	0	0	0	0	0	159	0	0	0	0	0	0	
254205	0	0	0	0	0	177	0	0	0	0	0	0	
254956	0	0	0	0	0	167	0	0	0	0	0	0	
255704	0	0	0	0	0	163	0	0	0	0	0	0	
256453	0	0	0	0	0	163	0	0	0	0	0	0	
257204	0	0	0	0	0	159	0	0	0	0	0	0	
257956	0	0	0	0	0	191	0	0	0	0	0	0	
258706	0	0	0	0	0	177	0	0	0	0	0	0	
259455	0	0	0	0	0	173	0	0	0	0	0	0	
260205	0	0	0	0	0	175	0	0	0	0	0	0	
260953	0	0	0	0	0	159	0	0	0	0	0	0	
261702	0	0	0	0	207	0	0	0	0	0	0	0	
262452	0	0	0	0	199	0	0	0	0	0	0	0	
263201	0	0	0	0	197	0	0	0	0	0	0	0	
263948	0	0	0	0	199	0	0	0	0	0	0	0	
264698	0	0	0	0	229	0	0	0	0	0	0	0	
265451	0	0	0	4	217	0	0	0	0	0	0	0	
266202	0	0	0	0	187	0	0	0	0	0	0	0	
266951	0	0	0	0	195	0	0	0	0	0	0	0	
267701	0	0	0	0	207	0	0	0	0	0	0	0	
268451	0	0	0	0	201	0	0	0	0	0	0	0	
269200	0	0	0	0	215	0	0	0	0	0	0	0	
269950	0	0	0	0	189	0	0	0	0	0	0	0	
270700	0	0	0	0	223	0	0	0	0	0	0	0	
271449	0	0	0	0	209	0	0	0	0	0	0	0	
272202	0	0	0	0	221	0	0	0	0	0	0	0	
272952	0	0	0	0	219	0	0	0	0	0	0	0	
273704	0	0	0	0	207	0	0	0	0	0	0	0	
274454	0	0	0	0	221	0	0	0	0	0	0	0	
275200	0	0	0	0	219	0	0	0	0	0	0	0	
275953	0	0	0	0	223	0	0	0	0	0	0	0	
276704	0	0	0	0	199	0	0	0	0	0	0	0	
277453	0	0	0	0	199	0	0	0	0	0	0	0	
278201	0	0	0	0	217	0	0	0	0	0	0	0	
278952	0	0	0	0	199	0	0	0	0	0	0	0	
279702	0	0	0	0	201	0	0	0	0	0	0	0	
280451	0	0	0	0	235	0	0	0	0	0	0	0	
281201	0	0	0	0	235	0	0	0	0	0	0	0	
281949	0	0	0	0	239	0	0	0	0	0	0	0	
282699	0	0	0	0	197	0	0	0	0	0	0	0	
283446	0	0	0	0	211	0	0	0	0	0	0	0	
284192	0	0	0	0	205	0	0	0	0	0	0	0	
284943	0	0	0	0	201	0	0	0	0	0	0	0	
285692	0	0	0	0	213	0	0	0	0	0	0	0	
286443	0	0	0	0	195	0	0	0	0	0	0	0	
287193	0	0	0	0	183	0	0	0	0	0	0	0	
287942	0	0	0	0	0	155	0	0	0	0	0	0	
288693	0	0	0	0	0	151	0	0	0	0	0	0	
289445	0	0	0	0	0	197	0	0	0	0	0	0	
290194	0	0	0	0	0	179	0	0	0	0	0	0	
290943	0	0	0	0	0	179	0	0	0	0	0	0	
291696	0	0	0	0	0	153	0	0	0	0	0	0	
292448	0	0	0	0	0	163	0	0	0	0	0	0	
293199	0	0	0	0	0	173	0	0	0	0	0	0	
293947	0	0	0	0	0	161	0	0	0	0	0	0	
294697	0	0	0	0	0	187	0	0	0	0	0	0	
295449	0	0	0	0	1	168	0	0	0	0	0	0	
296193	0	0	0	0	0	179	0	0	0	0	0	0	
296946	0	0	0	0	0	159	0	0	0	0	0	0	
297693	0	0	0	0	0	175	0	0	0	0	0	0	
298442	0	0	0	0	0	153	0	0	0	0	0	0	
299194	0	0	0	0	33	148	0	0	0	0	0	0	
299941	0	0	0	0	0	175	0	0	0	0	0	0	
300692	0	0	0	0	0	167	0	0	0	0	0	0	
301441	0	0	0	0	0	157	0	0	0	0	0	0	
302193	0	0	0	0	0	199	0	0	0	0	0	0	
302942	0	0	0	0	0	151	0	0	0	0	0	0	
303694	0	0	0	0	0	193	0	0	0	0	0	0	
304445	0	0	0	0	0	193	0	0	0	0	0	0	
305195	0	0	0	0	0	165	0	0	0	0	0	0	
305944	0	0	0	0	0	191	0	0	0	0	0	0	
306691	0	0	0	0	0	193	0	0	0	0	0	0	
307437	0	0	0	0	0	173	0	0	0	0	0	0	
308182	0	0	0	0	0	163	0	0	0	0	0	0	
308934	0	0	0	0	0	169	4	0	0	0	0	0	
309685	0	0	0	0	0	179	0	0	0	0	0	0	
310434	0	0	0	0	0	179	0	0	0	0	0	0	
311184	0	0	0	0	0	175	0	0	0	0	0	0	
311935	0	0	0	0	0	173	0	0	0	0	0	0	
312686	0	0	0	0	0	169	0	0	0	0	0	0	
313438	0	0	0	0	0	173	0	0	0	0	0	0	
314187	0	0	0	0	0	165	0	0	0	0	0	0	
314936	0	0	0	0	0	175	0	0	0	0	0	0	
315685	0	0	0	0	0	167	0	0	0	0	0	0	
316436	0	0	0	0	0	203	0	0	0	0	0	0	
317185	0	0	0	0	0	187	0	0	0	0	0	0	
317934	0	0	0	0	0	203	0	0	0	0	0	0	
318684	0	0	0	0	0	175	0	0	0	0	0	0	
319431	0	0	0	0	0	179	0	0	0	0	0	0	
320181	0	0	0	0	0	179	0	0	0	0	0	0	
320931	0	0	0	0	0	149	0	0	0	0	0	0	
321680	0	0	0	0	0	161	0	0	0	0	0	0	
322428	0	0	0	0	0	175	0	0	0	0	0	0	
323179	0	0	0	0	0	177	0	0	0	0	0	0	
323929	0	0	0	0	0	181	0	0	0	0	0	0	
324678	0	0	0	0	0	181	0	0	0	0	0	0	
325428	0	0	0	0	0	163	0	0	0	0	0	0	
326176	0	0	0	0	0	167	0	0	0	0	0	0	
326928	0	0	0	0	0	2	133	0	0	0	0	0	
327676	0	0	0	0	0	0	123	0	0	0	0	0	
328425	0	0	0	0	0	0	123	0	0	0	0	0	
329178	0	0	0	0	0	0	117	14	0	0	0	0	
329929	0	0	0	0	0	0	135	0	0	0	0	0	
330678	0	0	0	0	0	0	105	0	0	0	0	0	
331429	0	0	0	0	0	0	149	0	0	0	0	0	
332180	0	0	0	0	0	0	139	0	0	0	0	0	
332927	0	0	0	0	0	0	145	0	0	0	0	0	
333676	0	0	0	0	0	0	119	0	0	0	0	0	
334427	0	0	0	0	0	0	137	0	0	0	0	0	
335177	0	0	0	0	0	0	157	0	0	0	0	0	
335927	0	0	0	0	0	0	143	0	0	0	0	0	
336678	0	0	0	0	0	0	153	0	0	0	0	0	
337427	0	0	0	0	0	0	133	0	0	0	0	0	
338178	0	0	0	0	0	0	133	0	0	0	0	0	
338931	0	0	0	0	0	0	135	0	0	0	0	0	
339683	0	0	0	0	0	0	149	0	0	0	0	0	
340436	0	0	0	0	0	0	141	0	0	0	0	0	
341185	0	0	0	0	0	0	137	0	0	0	0	0	
341934	0	0	0	0	0	0	153	0	0	0	0	0	
342684	0	0	0	0	0	0	117	0	0	0	0	0	
343436	0	0	0	0	0	0	143	0	0	0	0	0	
344188	0	0	0	0	0	0	143	0	0	0	0	0	
344934	0	0	0	0	0	0	149	0	0	0	0	0	
345686	0	0	0	0	0	0	139	0	0	0	0	0	
346435	0	0	0	0	0	0	149	0	0	0	0	0	
347185	0	0	0	0	0	0	155	0	0	0	0	0	
347934	0	0	0	0	0	0	149	0	0	0	0	0	
348685	0	0	0	0	0	0	127	0	0	0	0	0	
349435	0	0	0	0	0	0	137	0	0	0	0	0	
350184	0	0	0	0	0	12	137	0	0	0	0	0	
350932	0	0	0	0	0	0	155	0	0	0	0	0	
351680	0	0	0	0	0	0	157	0	0	0	0	0	
352430	0	0	0	0	0	0	143	0	0	0	0	0	
353181	0	0	0	0	0	0	157	0	0	0	0	0	
353930	0	0	0	0	0	0	169	0	0	0	0	0	
354683	0	0	0	0	0	0	147	0	0	0	0	0	
355434	0	0	0	0	0	0	145	0	0	0	0	0	
356183	0	0	0	0	0	0	157	0	0	0	0	0	
356932	0	0	0	0	0	0	137	0	0	0	0	0	
357682	0	0	0	0	0	0	123	0	0	0	0	0	
358429	0	0	0	0	0	0	135	0	0	0	0	0	
359175	0	0	0	0	0	0	155	0	0	0	0	0	
359925	0	0	0	0	0	0	145	0	0	0	0	0	
360676	0	0	0	0	0	0	145	0	0	0	0	0	
361428	0	0	0	0	0	0	159	0	0	0	0	0	
362179	0	0	0	0	0	0	139	0	0	0	0	0	
362929	0	0	0	0	0	0	123	0	0	0	0	0	
363681	0	0	0	0	0	0	117	0	0	0	0	0	
364430	0	0	0	0	0	0	145	0	0	0	0	0	
365181	0	0	0	0	0	0	147	0	0	0	0	0	
365932	0	0	0	0	0	0	155	0	0	0	0	0	
366682	0	0	0	0	0	0	121	0	0	0	0	0	
367428	0	0	0	0	0	0	169	0	0	0	0	0	
368176	0	0	0	0	0	0	135	0	0	0	0	0	
368921	0	0	0	0	0	0	127	0	0	0	0	0	
369672	0	0	0	0	0	0	153	0	0	0	0	0	
370421	0	0	0	0	0	0	153	0	0	0	0	0	
371171	0	0	0	0	0	0	161	0	0	0	0	0	
371923	0	0	0	0	0	0	157	0	0	0	0	0	
372674	0	0	0	0	0	1	138	0	0	0	0	0	
373426	0	0	0	0	0	0	147	0	0	0	0	0	
374174	0	0	0	0	0	0	145	0	0	0	0	0	
374927	0	0	0	0	0	0	147	0	0	0	0	0	
375678	0	0	0	0	0	0	141	0	0	0	0	0	
376425	0	0	0	0	0	0	121	0	0	0	0	0	
377174	0	0	0	0	0	0	151	0	0	0	0	0	
377926	0	0	0	0	0	0	149	0	0	0	0	0	
378675	0	0	0	0	0	0	137	0	0	0	0	0	
379421	0	0	0	0	0	0	157	0	0	0	0	0	
380171	0	0	0	0	0	0	149	0	0	0	0	0	
380921	0	0	0	0	0	0	127	0	0	0	0	0	
381669	0	0	0	0	0	0	121	0	0	0	0	0	
382419	0	0	0	0	0	0	147	0	0	0	0	0	
383169	0	0	0	0	0	0	137	0	0	0	0	0	
383917	0	0	0	0	0	0	117	0	0	0	0	0	
384668	0	0	0	0	0	0	139	0	0	0	0	0	
385418	0	0	0	0	0	0	127	0	0	0	0	0	
386167	0	0	0	0	0	0	153	0	0	0	0	0	
386919	0	0	0	0	0	0	119	0	0	0	0	0	
387667	0	0	0	0	0	0	145	0	0	0	0	0	
388415	0	0	0	0	0	0	143	0	0	0	0	0	
389165	0	0	0	0	0	0	131	0	0	0	0	0	
389919	0	0	0	0	0	0	125	0	0	0	0	0	
390666	0	0	0	0	0	0	155	0	0	0	0	0	
391412	0	0	0	0	0	0	139	0	0	0	0	0	
392161	0	0	0	0	0	0	127	0	0	0	0	0	
392910	0	0	0	0	0	0	143	0	0	0	0	0	
393657	0	0	0	0	0	0	135	0	0	0	0	0	
394410	0	0	0	0	0	0	131	0	0	0	0	0	
395161	0	0	0	0	0	0	143	0	0	0	0	0	
395911	0	0	0	0	0	0	141	0	0	0	0	0	
396663	0	0	0	0	0	0	127	0	0	0	0	0	
397410	0	0	0	0	0	0	135	0	0	0	0	0	
398158	0	0	0	0	0	0	135	0	0	0	0	0	
398909	0	0	0	0	0	0	131	0	0	0	0	0	
399661	0	0	0	0	0	0	143	0	0	0	0	0	
400410	0	0	0	0	0	0	149	0	0	0	0	0	
401159	0	0	0	0	0	0	119	0	0	0	0	0	
401909	0	0	0	0	0	116	57	0	0	0	0	0	
402660	0	0	0	0	0	165	0	0	0	0	0	0	
403409	0	0	0	0	0	179	0	0	0	0	0	0	
404160	0	0	0	0	0	177	0	0	0	0	0	0	
404909	0	0	0	0	0	203	0	0	0	0	0	0	
405655	0	0	0	0	0	185	0	0	0	0	0	0	
406405	0	0	0	0	0	159	0	0	0	0	0	0	
407157	0	0	0	0	0	165	0	0	0	0	0	0	
407905	0	0	0	0	0	189	0	0	0	0	0	0	
408658	0	0	0	0	0	183	0	0	0	0	0	0	
409407	0	0	0	0	0	179	0	0	0	0	0	0	
410157	0	0	0	0	0	179	0	0	0	0	0	0	
410904	0	0	0	0	0	169	0	0	0	0	0	0	
411652	0	0	0	0	0	195	0	0	0	0	0	0	
412404	0	0	0	0	0	195	0	0	0	0	0	0	
413153	0	0	0	0	0	171	0	0	0	0	0	0	
413904	0	0	0	0	0	179	0	0	0	0	0	0	
414652	0	0	0	0	0	171	0	0	0	0	0	0	
415404	0	0	0	0	0	171	0	0	0	0	0	0	
416155	0	0	0	0	0	167	0	0	0	0	0	0	
416904	0	0	0	0	0	205	0	0	0	0	0	0	
417654	0	0	0	0	0	187	0	0	0	0	0	0	
418405	0	0	0	0	0	143	0	0	0	0	0	0	
419155	0	0	0	0	0	171	0	0	0	0	0	0	
419902	0	0	0	0	0	189	0	0	0	0	0	0	
420655	0	0	0	0	0	171	0	0	0	0	0	0	
421404	0	0	0	0	0	185	0	0	0	0	0	0	
422157	0	0	0	0	0	177	0	0	0	0	0	0	
422906	0	0	0	0	0	171	0	0	0	0	0	0	
423657	0	0	0	0	0	173	0	0	0	0	0	0	
424407	0	0	0	0	0	170	1	0	0	0	0	0	
425159	0	0	0	0	0	177	0	0	0	0	0	0	
425909	0	0	0	0	0	161	0	0	0	0	0	0	
426655	0	0	0	0	0	161	0	0	0	0	0	0	
427410	0	0	0	0	0	165	0	0	0	0	0	0	
428160	0	0	0	0	0	0	129	0	0	0	0	0	
428909	0	0	0	0	0	0	137	0	0	0	0	0	
429656	0	0	0	0	0	0	135	0	0	0	0	0	
430409	0	0	0	0	0	0	131	0	0	0	0	0	
431160	0	0	0	0	0	0	131	0	0	0	0	0	
431908	0	0	0	0	0	0	0	119	0	0	0	0	
432654	0	0	0	0	0	0	0	115	0	0	0	0	
433404	0	0	0	0	0	0	0	121	0	0	0	0	
434151	0	0	0	0	0	0	0	121	0	0	0	0	
434903	0	0	0	0	0	0	0	91	0	0	0	0	
435652	0	0	0	0	0	0	0	0	89	0	0	0	
436400	0	0	0	0	0	0	0	0	93	0	0	0	
437151	0	0	0	0	0	0	0	0	89	0	0	0	
437897	0	0	0	0	0	0	0	0	95	0	0	0	
438649	0	0	0	0	0	0	0	0	99	0	0	0	
439398	0	0	0	0	0	0	0	0	85	0	0	0	
440145	0	0	0	0	0	0	0	0	95	0	0	0	
440897	0	0	0	0	0	0	0	0	85	0	0	0	
441647	0	0	0	0	0	0	0	0	97	0	0	0	
442396	0	0	0	0	0	0	0	0	75	0	0	0	
443146	0	0	0	0	0	0	0	0	109	0	0	0	
443902	0	0	0	0	0	0	0	0	85	0	0	0	
444652	0	0	0	0	0	0	0	0	97	0	0	0	
445405	0	0	0	0	0	0	0	0	99	0	0	0	
446157	0	0	0	0	0	0	0	0	81	0	0	0	
446907	0	0	0	0	0	0	0	0	111	0	0	0	
447657	0	0	0	0	0	0	0	0	79	0	0	0	
448407	0	0	0	0	0	0	0	0	101	0	0	0	
449158	0	0	0	0	0	0	0	0	111	0	0	0	
449911	0	0	0	0	0	0	0	0	93	0	0	0	
450662	0	0	0	0	0	0	0	0	97	0	0	0	
451414	0	0	0	0	0	0	0	0	95	0	0	0	
452163	0	0	0	0	0	0	0	0	97	0	0	0	
452913	0	0	0	0	0	0	0	0	72	9	0	0	
453661	0	0	0	0	0	0	0	0	79	0	0	0	
454413	0	0	0	0	0	0	0	0	97	0	0	0	
455165	0	0	0	0	0	0	0	0	99	0	0	0	
455913	0	0	0	0	0	0	0	0	79	0	0	0	
456661	0	0	0	0	0	0	0	0	87	0	0	0	
457414	0	0	0	0	0	0	0	0	93	0	0	0	
458164	0	0	0	0	0	0	0	0	81	0	0	0	
458910	0	0	0	0	0	0	0	0	109	0	0	0	
459663	0	0	0	0	0	0	0	0	101	0	0	0	
460415	0	0	0	0	0	0	0	0	87	0	0	0	
461163	0	0	0	0	0	0	0	0	97	0	0	0	
461914	0	0	0	0	0	0	0	0	79	0	0	0	
462663	0	0	0	0	0	0	0	0	69	0	0	0	
463414	0	0	0	0	0	0	0	0	107	0	0	0	
464166	0	0	0	0	0	0	0	0	81	0	0	0	
464919	0	0	0	0	0	0	0	0	73	0	0	0	
465666	0	0	0	0	0	0	0	131	0	0	0	0	
466417	0	0	0	0	0	0	0	119	0	0	0	0	
467166	0	0	0	0	0	0	0	127	0	0	0	0	
467915	0	0	0	0	0	0	0	121	0	0	0	0	
468663	0	0	0	0	0	0	0	107	0	0	0	0	
469413	0	0	0	0	0	0	0	107	0	0	0	0	
470165	0	0	0	0	0	0	0	125	0	0	0	0	
470920	0	0	0	0	0	0	0	113	0	0	0	0	
471669	0	0	0	0	0	0	0	145	0	0	0	0	
472419	0	0	0	0	0	0	0	123	0	0	0	0	
473169	0	0	0	0	0	0	0	109	0	0	0	0	
473920	0	0	0	0	0	0	0	123	0	0	0	0	
474668	0	0	0	0	0	0	0	125	0	0	0	0	
475415	0	0	0	0	0	0	0	147	0	0	0	0	
476163	0	0	0	0	0	0	0	121	0	0	0	0	
476911	0	0	0	0	0	0	0	99	0	0	0	0	
477662	0	0	0	0	0	0	0	103	0	0	0	0	
478411	0	0	0	0	0	0	0	123	0	0	0	0	
479160	0	0	0	0	0	0	0	111	0	0	0	0	
479907	0	0	0	0	0	0	0	95	0	0	0	0	
480653	0	0	0	0	0	0	0	91	0	0	0	0	
481404	0	0	0	0	0	0	0	119	0	0	0	0	
482152	0	0	0	0	0	0	0	115	0	0	0	0	
482900	0	0	0	0	0	0	0	129	0	0	0	0	
483651	0	0	0	0	0	0	0	117	0	0	0	0	
484400	0	0	0	0	0	0	0	113	0	0	0	0	
485148	0	0	0	0	0	0	0	111	0	0	0	0	
485899	0	0	0	0	0	0	0	143	0	0	0	0	
486648	0	0	0	0	0	0	0	103	0	0	0	0	
487397	0	0	0	0	0	0	0	107	0	0	0	0	
488142	0	0	0	0	0	0	0	105	0	0	0	0	
488898	0	0	0	0	0	0	0	115	0	0	0	0	
489649	0	0	0	0	0	0	0	81	0	0	0	0	
490396	0	0	0	0	0	0	0	119	0	0	0	0	
491146	0	0	0	0	0	0	0	115	0	0	0	0	
491900	0	0	0	0	0	0	0	111	0	0	0	0	
492648	0	0	0	0	0	0	0	123	0	0	0	0	
493397	0	0	0	0	0	0	0	111	0	0	0	0	
494144	0	0	0	0	0	0	0	115	0	0	0	0	
494894	0	0	0	0	0	0	0	113	0	0	0	0	
495644	0	0	0	0	0	0	0	133	0	0	0	0	
496393	0	0	0	0	0	0	0	117	0	0	0	0	
497142	0	0	0	0	0	0	0	105	0	0	0	0	
497891	0	0	0	0	0	0	0	111	0	0	0	0	
498640	0	0	0	0	0	0	0	115	0	0	0	0	
499387	0	0	0	0	0	0	0	107	0	0	0	0	
500135	0	0	0	0	0	0	0	121	0	0	0	0	
500884	0	0	0	0	0	0	0	115	0	0	0	0	
501630	0	0	0	0	0	0	0	137	0	0	0	0	
502378	0	0	0	0	0	0	0	113	0	0	0	0	
503128	0	0	0	0	0	0	0	107	0	0	0	0	
503880	0	0	0	0	0	0	0	97	0	0	0	0	
504629	0	0	0	0	0	0	147	0	0	0	0	0	
505379	0	0	0	0	0	0	155	0	0	0	0	0	
506129	0	0	0	0	0	0	133	0	0	0	0	0	
506879	0	0	0	0	0	0	141	0	0	0	0	0	
507629	0	0	0	0	0	0	141	0	0	0	0	0	
508377	0	0	0	0	0	0	135	0	0	0	0	0	
509126	0	0	0	0	0	0	143	0	0	0	0	0	
509877	0	0	0	0	0	0	157	0	0	0	0	0	
510630	0	0	0	0	0	0	119	0	0	0	0	0	
511385	0	0	0	0	0	0	131	0	0	0	0	0	
512134	0	0	0	0	0	0	143	0	0	0	0	0	
512881	0	0	0	0	0	0	141	0	0	0	0	0	
513631	0	0	0	0	0	0	143	0	0	0	0	0	
514379	0	0	0	0	0	0	149	0	0	0	0	0	
515129	0	0	0	0	0	0	149	0	0	0	0	0	
515882	0	0	0	0	0	4	131	0	0	0	0	0	
516633	0	0	0	0	0	0	121	0	0	0	0	0	
517383	0	0	0	0	0	0	127	0	0	0	0	0	
518133	0	0	0	0	0	0	137	0	0	0	0	0	
518882	0	0	0	0	0	0	141	0	0	0	0	0	
519629	0	0	0	0	0	0	153	0	0	0	0	0	
520381	0	0	0	0	0	0	129	0	0	0	0	0	
521133	0	0	0	0	0	0	161	0	0	0	0	0	
521883	0	0	0	0	0	0	0	133	0	0	0	0	
522630	0	0	0	0	0	0	0	107	0	0	0	0	
523379	0	0	0	0	0	0	0	111	0	0	0	0	
524128	0	0	0	0	0	0	0	121	0	0	0	0	
524877	0	0	0	0	0	0	0	121	0	0	0	0	
525631	0	0	0	0	0	0	0	109	0	0	0	0	
526382	0	0	0	0	0	0	0	89	0	0	0	0	
527133	0	0	0	0	0	0	0	119	0	0	0	0	
527883	0	0	0	0	0	0	0	127	0	0	0	0	
528633	0	0	0	0	0	0	0	99	0	0	0	0	
529382	0	0	0	0	0	0	0	51	42	0	0	0	
530128	0	0	0	0	0	0	0	0	83	0	0	0	
530878	0	0	0	0	0	0	0	0	117	0	0	0	
531626	0	0	0	0	0	0	0	0	117	0	0	0	
532375	0	0	0	0	0	0	0	0	73	0	0	0	
533121	0	0	0	0	0	0	0	0	93	0	0	0	
533871	0	0	0	0	0	0	0	0	85	0	0	0	
534619	0	0	0	0	0	0	0	0	101	0	0	0	
535365	0	0	0	0	0	0	0	0	99	0	0	0	
536118	0	0	0	0	0	0	0	0	101	0	0	0	
536866	0	0	0	0	0	0	0	0	81	0	0	0	
537612	0	0	0	0	0	0	0	0	101	0	0	0	
538363	0	0	0	0	0	0	0	0	99	0	0	0	
539114	0	0	0	0	0	0	0	0	95	0	0	0	
539866	0	0	0	0	0	0	0	0	81	0	0	0	
540615	0	0	0	0	0	0	0	0	83	0	0	0	
541362	0	0	0	0	0	0	0	0	75	0	0	0	
542114	0	0	0	0	0	0	0	0	107	0	0	0	
542863	0	0	0	0	0	0	0	0	97	0	0	0	
543613	0	0	0	0	0	0	0	0	97	0	0	0	
544365	0	0	0	0	0	0	0	1	88	0	0	0	
545114	0	0	0	0	0	0	0	0	87	0	0	0	
545864	0	0	0	0	0	0	0	0	89	0	0	0	
546616	0	0	0	0	0	0	0	0	81	0	0	0	
547364	0	0	0	0	0	0	0	0	101	0	0	0	
548112	0	0	0	0	0	0	0	0	91	0	0	0	
548860	0	0	0	0	0	0	0	0	87	0	0	0	
549607	0	0	0	0	0	0	0	0	95	0	0	0	
550358	0	0	0	0	0	0	0	0	91	0	0	0	
551109	0	0	0	0	0	0	0	0	95	0	0	0	
551855	0	0	0	0	0	0	0	0	93	0	0	0	
552606	0	0	0	0	0	0	0	0	0	85	0	0	
553355	0	0	0	0	0	0	0	0	0	91	0	0	
554109	0	0	0	0	0	0	0	0	0	81	0	0	
554859	0	0	0	0	0	0	0	0	0	69	0	0	
555607	0	0	0	0	0	0	0	0	0	0	61	0	
556357	0	0	0	0	0	0	0	0	0	0	67	0	
557107	0	0	0	0	0	0	0	0	0	0	71	0	
557853	0	0	0	0	0	0	0	0	0	0	61	0	
558607	0	0	0	0	0	0	0	0	0	0	53	0	
559353	0	0	0	0	0	0	0	0	0	0	65	0	
560101	0	0	0	0	0	0	0	0	0	0	53	0	
560851	0	0	0	0	0	0	0	0	0	0	51	0	
561598	0	0	0	0	0	0	0	0	0	0	67	0	
562349	0	0	0	0	0	0	0	0	0	0	59	0	
563101	0	0	0	0	0	0	0	0	0	0	49	0	
563852	0	0	0	0	0	0	0	0	0	0	65	0	
564604	0	0	0	0	0	0	0	0	0	0	51	0	
565352	0	0	0	0	0	0	0	0	0	0	67	0	
566101	0	0	0	0	0	0	0	0	0	0	63	0	
566850	0	0	0	0	0	0	0	0	0	0	75	0	
567601	0	0	0	0	0	0	0	0	0	0	59	0	
568352	0	0	0	0	0	0	0	0	0	0	59	0	
569101	0	0	0	0	0	0	0	0	0	0	57	0	
569848	0	0	0	0	0	0	0	0	0	0	57	0	
570598	0	0	0	0	0	0	0	0	0	79	0	0	
571348	0	0	0	0	0	0	0	0	0	63	0	0	
572098	0	0	0	0	0	0	0	0	0	93	0	0	
572851	0	0	0	0	0	0	0	0	0	59	0	0	
573601	0	0	0	0	0	0	0	0	0	73	0	0	
574351	0	0	0	0	0	0	0	0	0	71	0	0	
575101	0	0	0	0	0	0	0	0	0	85	0	0	
575853	0	0	0	0	0	0	0	0	0	71	0	0	
576601	0	0	0	0	0	0	0	0	0	71	0	0	
577353	0	0	0	0	0	0	0	0	0	77	0	0	
578103	0	0	0	0	0	0	0	0	0	71	0	0	
578852	0	0	0	0	0	0	0	0	0	75	0	0	
579604	0	0	0	0	0	0	0	0	0	83	0	0	
580354	0	0	0	0	0	0	0	0	0	0	77	0	
581107	0	0	0	0	0	0	0	0	0	0	39	0	
581858	0	0	0	0	0	0	0	0	0	0	61	0	
582608	0	0	0	0	0	0	0	0	0	0	61	0	
583359	0	0	0	0	0	0	0	0	0	0	57	0	
584108	0	0	0	0	0	0	0	0	0	0	55	0	
584861	0	0	0	0	0	0	0	0	0	65	0	0	
585610	0	0	0	0	0	0	0	0	0	77	0	0	
586360	0	0	0	0	0	0	0	0	0	79	0	0	
587111	0	0	0	0	0	0	0	0	0	65	0	0	
587861	0	0	0	0	0	0	0	0	0	77	0	0	
588610	0	0	0	0	0	0	0	0	0	93	0	0	
589363	0	0	0	0	0	0	0	0	0	87	0	0	
590111	0	0	0	0	0	0	0	0	0	69	0	0	
590862	0	0	0	0	0	0	0	0	0	77	0	0	
591612	0	0	0	0	0	0	0	0	85	0	0	0	
592363	0	0	0	0	0	0	0	0	97	0	0	0	
593118	0	0	0	0	0	0	0	0	95	0	0	0	
593870	0	0	0	0	0	0	0	0	93	0	0	0	
594619	0	0	0	0	0	0	0	0	103	0	0	0	
595365	0	0	0	0	0	0	0	117	0	0	0	0	
596116	0	0	0	0	0	0	0	125	0	0	0	0	
596863	0	0	0	0	0	0	0	119	0	0	0	0	
597616	0	0	0	0	0	0	0	121	0	0	0	0	
598367	0	0	0	0	0	0	0	101	0	0	0	0	
599120	0	0	0	0	0	0	0	109	0	0	0	0	
599871	0	0	0	0	0	0	0	111	0	0	0	0	
600621	0	0	0	0	0	0	0	139	0	0	0	0	
601368	0	0	0	0	0	0	0	121	0	0	0	0	
602117	0	0	0	0	0	0	123	22	0	0	0	0	
602868	0	0	0	0	0	0	147	0	0	0	0	0	
603619	0	0	0	0	0	0	149	0	0	0	0	0	
604369	0	0	0	0	0	0	127	0	0	0	0	0	
605118	0	0	0	0	0	0	113	0	0	0	0	0	
605864	0	0	0	0	0	0	135	0	0	0	0	0	
606613	0	0	0	0	0	0	131	0	0	0	0	0	
607364	0	0	0	0	0	0	135	0	0	0	0	0	
608112	0	0	0	0	0	0	125	0	0	0	0	0	
608864	0	0	0	0	0	0	141	0	0	0	0	0	
609614	0	0	0	0	0	0	149	0	0	0	0	0	
610358	0	0	0	0	0	0	137	0	0	0	0	0	
611106	0	0	0	0	0	0	145	0	0	0	0	0	
611860	0	0	0	0	0	0	131	0	0	0	0	0	
612606	0	0	0	0	0	0	131	0	0	0	0	0	
613356	0	0	0	0	0	0	0	109	0	0	0	0	
614105	0	0	0	0	0	0	0	111	0	0	0	0	
614852	0	0	0	0	0	0	0	111	0	0	0	0	
615603	0	0	0	0	0	0	0	109	0	0	0	0	
616354	0	0	0	0	0	0	0	119	0	0	0	0	
617103	0	0	0	0	0	0	0	133	0	0	0	0	
617856	0	0	0	0	0	0	0	115	0	0	0	0	
618603	0	0	0	0	0	0	0	103	0	0	0	0	
619356	0	0	0	0	0	0	0	119	0	0	0	0	
620103	0	0	0	0	0	0	0	97	0	0	0	0	
620851	0	0	0	0	0	0	0	131	0	0	0	0	
621601	0	0	0	0	0	0	0	111	0	0	0	0	
622355	0	0	0	0	0	0	0	107	0	0	0	0	
623103	0	0	0	0	0	0	0	106	1	0	0	0	
623853	0	0	0	0	0	0	0	141	0	0	0	0	
624605	0	0	0	0	0	0	0	121	0	0	0	0	
625354	0	0	0	0	0	0	0	121	0	0	0	0	
626100	0	0	0	0	0	0	0	131	0	0	0	0	
626850	0	0	0	0	0	0	0	113	0	0	0	0	
627602	0	0	0	0	0	0	0	115	0	0	0	0	
628353	0	0	0	0	0	0	0	121	0	0	0	0	
629101	0	0	0	0	0	0	0	113	0	0	0	0	
629851	0	0	0	0	0	0	0	133	0	0	0	0	
630600	0	0	0	0	0	0	0	111	0	0	0	0	
631352	0	0	0	0	0	0	0	113	0	0	0	0	
632102	0	0	0	0	0	0	0	0	113	0	0	0	
632850	0	0	0	0	0	0	0	0	97	0	0	0	
633601	0	0	0	0	0	0	0	0	99	0	0	0	
634351	0	0	0	0	0	0	0	2	91	0	0	0	
635101	0	0	0	0	0	0	0	0	89	0	0	0	
635849	0	0	0	0	0	0	0	0	0	93	0	0	
636599	0	0	0	0	0	0	0	0	0	75	0	0	
637349	0	0	0	0	0	0	0	0	0	87	0	0	
638100	0	0	0	0	0	0	0	0	0	73	0	0	
638850	0	0	0	0	0	0	0	0	0	81	0	0	
639603	0	0	0	0	0	0	0	0	0	71	0	0	
640355	0	0	0	0	0	0	0	0	0	93	0	0	
641106	0	0	0	0	0	0	0	0	0	93	0	0	
641856	0	0	0	0	0	0	0	0	0	73	0	0	
642608	0	0	0	0	0	0	0	0	0	0	59	0	
643360	0	0	0	0	0	0	0	0	0	0	65	0	
644110	0	0	0	0	0	0	0	0	0	0	79	0	
644862	0	0	0	0	0	0	0	0	0	0	67	0	
645611	0	0	0	0	0	0	0	0	0	0	61	0	
646358	0	0	0	0	0	0	0	0	0	0	61	0	
647107	0	0	0	0	0	0	0	0	0	0	71	0	
647855	0	0	0	0	0	0	0	0	0	0	59	0	
648606	0	0	0	0	0	0	0	0	0	0	61	0	
649354	0	0	0	0	0	0	0	0	0	0	51	0	
650102	0	0	0	0	0	0	0	0	0	0	67	0	
650852	0	0	0	0	0	0	0	0	0	0	55	0	
651603	0	0	0	0	0	0	0	0	0	0	53	0	
652352	0	0	0	0	0	0	0	0	0	0	57	0	
653099	0	0	0	0	0	0	0	0	0	0	57	0	
653845	0	0	0	0	0	0	0	0	0	0	63	0	
654595	0	0	0	0	0	0	0	0	0	0	81	0	
655344	0	0	0	0	0	0	0	0	0	0	71	0	
656090	0	0	0	0	0	0	0	0	0	81	0	0	
656840	0	0	0	0	0	0	0	0	0	75	0	0	
657589	0	0	0	0	0	0	0	0	0	69	0	0	
658340	0	0	0	0	0	0	0	0	0	79	0	0	
659089	0	0	0	0	0	0	0	0	0	91	0	0	
659842	0	0	0	0	0	0	0	0	0	0	77	0	
660592	0	0	0	0	0	0	0	0	0	0	65	0	
661345	0	0	0	0	0	0	0	0	0	0	49	0	
662095	0	0	0	0	0	0	0	0	0	0	59	0	
662845	0	0	0	0	0	0	0	0	0	0	57	0	
663594	0	0	0	0	0	0	0	0	0	0	63	0	
664341	0	0	0	0	0	0	0	0	0	0	69	0	
665089	0	0	0	0	0	0	0	0	0	0	75	0	
665838	0	0	0	0	0	0	0	0	0	0	61	0	
666591	0	0	0	0	0	0	0	0	0	0	57	0	
667340	0	0	0	0	0	0	0	0	0	0	49	0	
668090	0	0	0	0	0	0	0	0	0	0	55	0	
668837	0	0	0	0	0	0	0	0	0	0	53	0	
669586	0	0	0	0	0	0	0	0	0	0	55	0	
670337	0	0	0	0	0	0	0	0	0	0	77	0	
671086	0	0	0	0	0	0	0	0	0	0	63	0	
671838	0	0	0	0	0	0	0	0	0	0	51	0	
672587	0	0	0	0	0	0	0	0	0	77	0	0	
673340	0	0	0	0	0	0	0	0	0	87	0	0	
674091	0	0	0	0	0	0	0	0	0	73	0	0	
674842	0	0	0	0	0	0	0	0	0	67	0	0	
675593	0	0	0	0	0	0	0	0	0	77	0	0	
676341	0	0	0	0	0	0	0	0	0	69	0	0	
677090	0	0	0	0	0	0	0	0	0	81	0	0	
677843	0	0	0	0	0	0	0	0	0	67	0	0	
678594	0	0	0	0	0	0	0	0	0	77	0	0	
679344	0	0	0	0	0	0	0	0	0	79	0	0	
680090	0	0	0	0	0	0	0	0	0	75	0	0	
680839	0	0	0	0	0	0	0	0	0	79	0	0	
681590	0	0	0	0	0	0	0	0	0	99	0	0	
682340	0	0	0	0	0	0	0	0	103	0	0	0	
683092	0	0	0	0	0	0	0	0	79	0	0	0	
683838	0	0	0	0	0	0	0	0	103	0	0	0	
684583	0	0	0	0	0	0	0	0	101	0	0	0	
685337	0	0	0	0	0	0	0	0	85	0	0	0	
686088	0	0	0	0	0	0	0	0	82	13	0	0	
686834	0	0	0	0	0	0	0	0	83	0	0	0	
687584	0	0	0	0	0	0	0	0	85	0	0	0	
688333	0	0	0	0	0	0	0	0	101	0	0	0	
689084	0	0	0	0	0	0	0	0	99	0	0	0	
689834	0	0	0	0	0	0	0	0	97	0	0	0	
690584	0	0	0	0	0	0	0	0	93	0	0	0	
691335	0	0	0	0	0	0	0	0	95	0	0	0	
692082	0	0	0	0	0	0	0	0	93	0	0	0	
692830	0	0	0	0	0	0	0	0	87	0	0	0	
693581	0	0	0	0	0	0	0	0	99	0	0	0	
694328	0	0	0	0	0	0	0	0	87	0	0	0	
695077	0	0	0	0	0	0	0	0	105	0	0	0	
695826	0	0	0	0	0	0	0	0	77	0	0	0	
696575	0	0	0	0	0	0	0	0	91	0	0	0	
697323	0	0	0	0	0	0	0	0	95	0	0	0	
698074	0	0	0	0	0	0	0	0	83	0	0	0	
698828	0	0	0	0	0	0	0	0	89	0	0	0	
699575	0	0	0	0	0	0	0	0	97	0	0	0	
700324	0	0	0	0	0	0	0	0	91	0	0	0	
701073	0	0	0	0	0	0	0	0	103	0	0	0	
701824	0	0	0	0	0	0	0	111	0	0	0	0	
702575	0	0	0	0	0	0	155	0	0	0	0	0	
703324	0	0	0	0	0	0	119	0	0	0	0	0	
704071	0	0	0	0	0	0	133	0	0	0	0	0	
704821	0	0	0	0	0	0	153	0	0	0	0	0	
705569	0	0	0	0	0	0	149	0	0	0	0	0	
706316	0	0	0	0	0	0	0	107	0	0	0	0	
707065	0	0	0	0	0	0	0	0	75	0	0	0	
707817	0	0	0	0	0	0	0	0	101	0	0	0	
708567	0	0	0	0	0	0	0	0	93	0	0	0	
709317	0	0	0	0	0	0	0	0	101	0	0	0	
710069	0	0	0	0	0	0	0	0	81	0	0	0	
710818	0	0	0	0	0	0	0	0	95	0	0	0	
711570	0	0	0	0	0	0	0	0	91	0	0	0	
712320	0	0	0	0	0	0	0	0	65	0	0	0	
713070	0	0	0	0	0	0	0	0	87	0	0	0	
713818	0	0	0	0	0	0	0	0	87	0	0	0	
714569	0	0	0	0	0	0	0	0	77	0	0	0	
715321	0	0	0	0	0	0	0	0	97	0	0	0	
716069	0	0	0	0	0	0	0	0	97	0	0	0	
716822	0	0	0	0	0	0	0	0	97	0	0	0	
717572	0	0	0	0	0	0	0	0	107	0	0	0	
718323	0	0	0	0	0	0	0	129	0	0	0	0	
719075	0	0	0	0	0	0	0	115	0	0	0	0	
719824	0	0	0	0	0	0	0	0	91	0	0	0	
720575	0	0	0	0	0	0	0	0	95	0	0	0	
721324	0	0	0	0	0	0	0	0	83	0	0	0	
722074	0	0	0	0	0	0	0	0	95	0	0	0	
722824	0	0	0	0	0	0	0	0	99	0	0	0	
723572	0	0	0	0	0	0	0	0	85	0	0	0	
724324	0	0	0	0	0	0	0	0	85	0	0	0	
725071	0	0	0	0	0	0	0	0	85	0	0	0	
725818	0	0	0	0	0	0	0	0	81	0	0	0	
726564	0	0	0	0	0	0	0	0	83	0	0	0	
727316	0	0	0	0	0	0	0	0	79	0	0	0	
728067	0	0	0	0	0	0	0	0	103	0	0	0	
728817	0	0	0	0	0	0	0	0	99	0	0	0	
729567	0	0	0	0	0	0	0	0	99	0	0	0	
730320	0	0	0	0	0	0	0	0	91	0	0	0	
731075	0	0	0	0	0	0	0	0	115	0	0	0	
731824	0	0	0	0	0	0	0	0	85	0	0	0	
732573	0	0	0	0	0	0	0	0	73	0	0	0	
733322	0	0	0	0	0	0	0	0	81	0	0	0	
734075	0	0	0	0	0	0	0	0	101	0	0	0	
734826	0	0	0	0	0	0	0	0	101	0	0	0	
735575	0	0	0	0	0	0	0	0	87	0	0	0	
736325	0	0	0	0	0	0	0	0	89	0	0	0	
737075	0	0	0	0	0	0	0	0	77	0	0	0	
737832	0	0	0	0	0	0	0	0	95	0	0	0	
738584	0	0	0	0	0	0	0	0	107	0	0	0	
739333	0	0	0	0	0	0	0	0	89	0	0	0	
740082	0	0	0	0	0	0	0	0	95	0	0	0	
740832	0	0	0	0	0	0	0	0	83	0	0	0	
741581	0	0	0	0	0	0	0	0	105	0	0	0	
742330	0	0	0	0	0	0	0	0	79	0	0	0	
743080	0	0	0	0	0	0	0	0	93	0	0	0	
743830	0	0	0	0	0	0	0	0	91	0	0	0	
744582	0	0	0	0	0	0	0	0	99	0	0	0	
745331	0	0	0	0	0	0	0	0	81	0	0	0	
746086	0	0	0	0	0	0	0	0	95	0	0	0	
746840	0	0	0	0	0	0	0	0	93	0	0	0	
747590	0	0	0	0	0	0	0	0	50	27	0	0	
748342	0	0	0	0	0	0	0	0	103	0	0	0	
749095	0	0	0	0	0	0	0	0	93	0	0	0	
749845	0	0	0	0	0	0	0	0	83	0	0	0	
750598	0	0	0	0	0	0	0	0	109	0	0	0	
751348	0	0	0	0	0	0	0	0	79	0	0	0	
752098	0	0	0	0	0	0	0	0	81	0	0	0	
752849	0	0	0	0	0	0	0	0	91	0	0	0	
753601	0	0	0	0	0	0	0	0	95	0	0	0	
754351	0	0	0	0	0	0	0	0	127	0	0	0	
755101	0	0	0	0	0	0	0	0	93	0	0	0	
755853	0	0	0	0	0	0	0	0	89	0	0	0	
756603	0	0	0	0	0	0	0	0	93	0	0	0	
757354	0	0	0	0	0	0	0	0	91	0	0	0	
758101	0	0	0	0	0	0	0	121	0	0	0	0	
758852	0	0	0	0	0	0	0	117	0	0	0	0	
759601	0	0	0	0	0	0	0	121	0	0	0	0	
760352	0	0	0	0	0	0	139	0	0	0	0	0	
761100	0	0	0	0	0	0	143	0	0	0	0	0	
761848	0	0	0	0	0	0	145	0	0	0	0	0	
762596	0	0	0	0	0	0	147	0	0	0	0	0	
763344	0	0	0	0	0	0	139	0	0	0	0	0	
764095	0	0	0	0	0	0	141	0	0	0	0	0	
764843	0	0	0	0	0	0	141	0	0	0	0	0	
765593	0	0	0	0	0	0	143	0	0	0	0	0	
766341	0	0	0	0	0	0	125	0	0	0	0	0	
767089	0	0	0	0	0	0	135	0	0	0	0	0	
767839	0	0	0	0	0	0	149	0	0	0	0	0	
768591	0	0	0	0	0	0	131	0	0	0	0	0	
769342	0	0	0	0	0	0	141	0	0	0	0	0	
770092	0	0	0	0	0	0	125	0	0	0	0	0	
770842	0	0	0	0	0	0	147	0	0	0	0	0	
771595	0	0	0	0	0	0	139	0	0	0	0	0	
772343	0	0	0	0	0	0	149	0	0	0	0	0	
773093	0	0	0	0	0	0	155	0	0	0	0	0	
773842	0	0	0	0	0	0	145	0	0	0	0	0	
774590	0	0	0	0	0	0	149	0	0	0	0	0	
775342	0	0	0	0	0	0	125	16	0	0	0	0	
776093	0	0	0	0	0	0	0	109	0	0	0	0	
776845	0	0	0	0	0	0	0	117	0	0	0	0	
777595	0	0	0	0	0	0	0	131	0	0	0	0	
778343	0	0	0	0	0	0	0	95	0	0	0	0	
779091	0	0	0	0	0	0	0	105	0	0	0	0	
779843	0	0	0	0	0	0	0	115	0	0	0	0	
780595	0	0	0	0	0	0	0	101	0	0	0	0	
781342	0	0	0	0	0	0	0	115	0	0	0	0	
782097	0	0	0	0	0	0	0	111	0	0	0	0	
782842	0	0	0	0	0	0	0	121	0	0	0	0	
783590	0	0	0	0	0	0	0	107	0	0	0	0	
784341	0	0	0	0	0	0	0	111	0	0	0	0	
785090	0	0	0	0	0	0	0	111	0	0	0	0	
785837	0	0	0	0	0	0	0	115	0	0	0	0	
786585	0	0	0	0	0	0	0	99	0	0	0	0	
787336	0	0	0	0	0	0	0	133	0	0	0	0	
788088	0	0	0	0	0	0	0	113	0	0	0	0	
788836	0	0	0	0	0	0	0	119	0	0	0	0	
789584	0	0	0	0	0	0	0	111	0	0	0	0	
790336	0	0	0	0	0	0	0	95	0	0	0	0	
791084	0	0	0	0	0	0	0	103	0	0	0	0	
791834	0	0	0	0	0	0	155	0	0	0	0	0	
792586	0	0	0	0	0	0	143	0	0	0	0	0	
793338	0	0	0	0	0	0	157	0	0	0	0	0	
794087	0	0	0	0	0	0	147	0	0	0	0	0	
794836	0	0	0	0	0	0	139	0	0	0	0	0	
795588	0	0	0	0	0	163	0	0	0	0	0	0	
796337	0	0	0	0	0	147	0	0	0	0	0	0	
797088	0	0	0	0	0	174	7	0	0	0	0	0	
797841	0	0	0	0	0	165	0	0	0	0	0	0	
798592	0	0	0	0	0	163	0	0	0	0	0	0	
799346	0	0	0	0	0	163	0	0	0	0	0	0	
800099	0	0	0	0	0	169	0	0	0	0	0	0	
800849	0	0	0	0	0	167	0	0	0	0	0	0	
801601	0	0	0	0	0	147	0	0	0	0	0	0	
802353	0	0	0	0	0	143	0	0	0	0	0	0	
803102	0	0	0	0	0	165	0	0	0	0	0	0	
803854	0	0	0	0	0	181	0	0	0	0	0	0	
804607	0	0	0	0	0	175	0	0	0	0	0	0	
805356	0	0	0	0	0	145	0	0	0	0	0	0	
806107	0	0	0	0	0	163	0	0	0	0	0	0	
806857	0	0	0	0	0	187	0	0	0	0	0	0	
807608	0	0	0	0	0	189	0	0	0	0	0	0	
808357	0	0	0	0	0	185	0	0	0	0	0	0	
809106	0	0	0	0	0	195	0	0	0	0	0	0	
809859	0	0	0	0	0	173	0	0	0	0	0	0	
810610	0	0	0	0	0	177	0	0	0	0	0	0	
811361	0	0	0	0	0	187	0	0	0	0	0	0	
812108	0	0	0	0	0	185	0	0	0	0	0	0	
812858	0	0	0	0	0	171	0	0	0	0	0	0	
813607	0	0	0	0	0	167	0	0	0	0	0	0	
814354	0	0	0	0	0	171	0	0	0	0	0	0	
815102	0	0	0	0	0	169	0	0	0	0	0	0	
815854	0	0	0	0	0	165	0	0	0	0	0	0	
816606	0	0	0	0	0	163	0	0	0	0	0	0	
817357	0	0	0	0	0	181	0	0	0	0	0	0	
818107	0	0	0	0	0	175	0	0	0	0	0	0	
818857	0	0	0	0	0	151	0	0	0	0	0	0	
819610	0	0	0	0	0	175	0	0	0	0	0	0	
820358	0	0	0	0	0	173	0	0	0	0	0	0	
821107	0	0	0	0	0	171	0	0	0	0	0	0	
821857	0	0	0	0	0	187	0	0	0	0	0	0	
822606	0	0	0	0	0	167	0	0	0	0	0	0	
823356	0	0	0	0	0	205	0	0	0	0	0	0	
824105	0	0	0	0	0	195	0	0	0	0	0	0	
824856	0	0	0	0	0	165	0	0	0	0	0	0	
825604	0	0	0	0	0	175	0	0	0	0	0	0	
826359	0	0	0	0	0	169	0	0	0	0	0	0	
827108	0	0	0	0	0	173	0	0	0	0	0	0	
827858	0	0	0	0	0	179	0	0	0	0	0	0	
828609	0	0	0	0	0	193	0	0	0	0	0	0	
829358	0	0	0	0	0	183	0	0	0	0	0	0	
830106	0	0	0	0	0	187	0	0	0	0	0	0	
830855	0	0	0	0	0	175	0	0	0	0	0	0	
831605	0	0	0	0	0	197	0	0	0	0	0	0	
832355	0	0	0	0	0	177	0	0	0	0	0	0	
833105	0	0	0	0	0	159	0	0	0	0	0	0	
833854	0	0	0	0	0	167	0	0	0	0	0	0	
834602	0	0	0	0	0	167	0	0	0	0	0	0	
835353	0	0	0	0	0	173	0	0	0	0	0	0	
836103	0	0	0	0	0	179	0	0	0	0	0	0	
836848	0	0	0	0	0	177	0	0	0	0	0	0	
837598	0	0	0	0	0	187	0	0	0	0	0	0	
838346	0	0	0	0	0	181	0	0	0	0	0	0	
839095	0	0	0	0	0	187	0	0	0	0	0	0	
839845	0	0	0	0	0	185	0	0	0	0	0	0	
840599	0	0	0	0	0	169	0	0	0	0	0	0	
841349	0	0	0	0	0	161	0	0	0	0	0	0	
842101	0	0	0	0	0	195	0	0	0	0	0	0	
842850	0	0	0	0	0	155	0	0	0	0	0	0	
843600	0	0	0	0	0	167	0	0	0	0	0	0	
844351	0	0	0	0	0	179	0	0	0	0	0	0	
845102	0	0	0	0	0	161	0	0	0	0	0	0	
845851	0	0	0	0	0	163	0	0	0	0	0	0	
846601	0	0	0	0	0	173	0	0	0	0	0	0	
847352	0	0	0	0	0	173	0	0	0	0	0	0	
848101	0	0	0	0	0	161	0	0	0	0	0	0	
848853	0	0	0	0	0	165	0	0	0	0	0	0	
849603	0	0	0	0	0	173	0	0	0	0	0	0	
850354	0	0	0	0	0	183	0	0	0	0	0	0	
851106	0	0	0	0	0	0	149	0	0	0	0	0	
851854	0	0	0	0	0	0	123	0	0	0	0	0	
852607	0	0	0	0	0	0	145	0	0	0	0	0	
853355	0	0	0	0	0	0	135	0	0	0	0	0	
854107	0	0	0	0	0	0	155	0	0	0	0	0	
854856	0	0	0	0	0	0	131	0	0	0	0	0	
855609	0	0	0	0	0	0	135	0	0	0	0	0	
856360	0	0	0	0	0	0	139	0	0	0	0	0	
857113	0	0	0	0	0	0	151	0	0	0	0	0	
857861	0	0	0	0	0	0	149	0	0	0	0	0	
858607	0	0	0	0	0	0	119	0	0	0	0	0	
859355	0	0	0	0	0	0	0	121	0	0	0	0	
860103	0	0	0	0	0	0	0	113	0	0	0	0	
860854	0	0	0	0	0	0	0	115	0	0	0	0	
861607	0	0	0	0	0	0	129	0	0	0	0	0	
862360	0	0	0	0	0	0	157	0	0	0	0	0	
863111	0	0	0	0	0	0	149	0	0	0	0	0	
863859	0	0	0	0	0	119	56	0	0	0	0	0	
864612	0	0	0	0	0	183	0	0	0	0	0	0	
865359	0	0	0	0	0	199	0	0	0	0	0	0	
866108	0	0	0	0	0	195	0	0	0	0	0	0	
866860	0	0	0	0	0	169	0	0	0	0	0	0	
867607	0	0	0	0	0	163	0	0	0	0	0	0	
868359	0	0	0	0	0	181	0	0	0	0	0	0	
869111	0	0	0	0	0	173	0	0	0	0	0	0	
869858	0	0	0	0	0	195	0	0	0	0	0	0	
870607	0	0	0	0	0	169	0	0	0	0	0	0	
871357	0	0	0	0	0	171	0	0	0	0	0	0	
872106	0	0	0	0	0	167	0	0	0	0	0	0	
872855	0	0	0	0	0	159	0	0	0	0	0	0	
873606	0	0	0	0	0	181	0	0	0	0	0	0	
874354	0	0	0	0	0	177	0	0	0	0	0	0	
875105	0	0	0	0	0	163	0	0	0	0	0	0	
875856	0	0	0	0	0	171	0	0	0	0	0	0	
876607	0	0	0	0	0	161	0	0	0	0	0	0	
877355	0	0	0	0	0	175	0	0	0	0	0	0	
878102	0	0	0	0	0	165	0	0	0	0	0	0	
878854	0	0	0	0	0	185	0	0	0	0	0	0	
879603	0	0	0	0	63	110	0	0	0	0	0	0	
880349	0	0	0	0	0	175	0	0	0	0	0	0	
881098	0	0	0	0	0	161	0	0	0	0	0	0	
881847	0	0	0	0	0	173	0	0	0	0	0	0	
882595	0	0	0	0	0	169	0	0	0	0	0	0	
883345	0	0	0	0	0	169	0	0	0	0	0	0	
884095	0	0	0	0	0	183	0	0	0	0	0	0	
884842	0	0	0	0	0	201	0	0	0	0	0	0	
885592	0	0	0	0	227	0	0	0	0	0	0	0	
886344	0	0	0	0	223	0	0	0	0	0	0	0	
887096	0	0	0	0	227	0	0	0	0	0	0	0	
887849	0	0	0	0	231	0	0	0	0	0	0	0	
888598	0	0	0	0	231	0	0	0	0	0	0	0	
889346	0	0	0	0	213	0	0	0	0	0	0	0	
890099	0	0	0	0	195	0	0	0	0	0	0	0	
890849	0	0	0	0	237	0	0	0	0	0	0	0	
891601	0	0	0	0	189	0	0	0	0	0	0	0	
892353	0	0	0	0	201	0	0	0	0	0	0	0	
893103	0	0	0	237	0	0	0	0	0	0	0	0	
893856	0	0	0	265	0	0	0	0	0	0	0	0	
894604	0	0	0	269	0	0	0	0	0	0	0	0	
895351	0	0	0	287	0	0	0	0	0	0	0	0	
896099	0	0	0	239	18	0	0	0	0	0	0	0	
896847	0	0	0	269	0	0	0	0	0	0	0	0	
897598	0	0	125	176	0	0	0	0	0	0	0	0	
898347	0	0	313	0	0	0	0	0	0	0	0	0	
899097	0	0	319	0	0	0	0	0	0	0	0	0	
899846	0	0	264	49	0	0	0	0	0	0	0	0	
900599	0	0	325	0	0	0	0	0	0	0	0	0	
901346	0	0	92	189	0	0	0	0	0	0	0	0	
902096	0	0	339	0	0	0	0	0	0	0	0	0	
902845	0	0	298	3	0	0	0	0	0	0	0	0	
903595	0	0	315	0	0	0	0	0	0	0	0	0	
904344	0	0	295	0	0	0	0	0	0	0	0	0	
905097	0	0	313	0	0	0	0	0	0	0	0	0	
905846	0	0	335	0	0	0	0	0	0	0	0	0	
906593	0	0	333	0	0	0	0	0	0	0	0	0	
907345	0	0	309	0	0	0	0	0	0	0	0	0	
908096	0	0	319	0	0	0	0	0	0	0	0	0	
908848	0	0	319	0	0	0	0	0	0	0	0	0	
909599	0	0	349	0	0	0	0	0	0	0	0	0	
910350	0	0	321	0	0	0	0	0	0	0	0	0	
911101	0	0	307	0	0	0	0	0	0	0	0	0	
911851	0	0	321	0	0	0	0	0	0	0	0	0	
912598	0	0	317	0	0	0	0	0	0	0	0	0	
913354	0	0	327	0	0	0	0	0	0	0	0	0	
914100	0	0	339	0	0	0	0	0	0	0	0	0	
914849	0	0	365	0	0	0	0	0	0	0	0	0	
915602	0	0	288	9	0	0	0	0	0	0	0	0	
916354	0	0	293	0	0	0	0	0	0	0	0	0	
917106	0	0	335	0	0	0	0	0	0	0	0	0	
917854	0	0	353	0	0	0	0	0	0	0	0	0	
918604	0	0	303	0	0	0	0	0	0	0	0	0	
919354	0	0	329	0	0	0	0	0	0	0	0	0	
920103	0	0	347	0	0	0	0	0	0	0	0	0	
920856	0	0	327	0	0	0	0	0	0	0	0	0	
921603	0	0	329	0	0	0	0	0	0	0	0	0	
922353	0	0	267	50	0	0	0	0	0	0	0	0	
923104	0	0	0	255	0	0	0	0	0	0	0	0	
923852	0	0	0	247	0	0	0	0	0	0	0	0	
924605	0	0	0	263	0	0	0	0	0	0	0	0	
925353	0	0	0	247	0	0	0	0	0	0	0	0	
926102	0	0	0	281	0	0	0	0	0	0	0	0	
926854	0	0	20	241	0	0	0	0	0	0	0	0	
927606	0	0	0	267	0	0	0	0	0	0	0	0	
928360	0	0	0	267	0	0	0	0	0	0	0	0	
929113	0	0	0	283	0	0	0	0	0	0	0	0	
929863	0	0	0	263	0	0	0	0	0	0	0	0	
930611	0	0	0	255	0	0	0	0	0	0	0	0	
931360	0	0	0	263	0	0	0	0	0	0	0	0	
932112	0	0	0	259	0	0	0	0	0	0	0	0	
932861	0	0	0	259	0	0	0	0	0	0	0	0	
933611	0	0	0	235	0	0	0	0	0	0	0	0	
934361	0	0	0	265	0	0	0	0	0	0	0	0	
935109	0	0	0	265	0	0	0	0	0	0	0	0	
935859	0	0	0	259	0	0	0	0	0	0	0	0	
936611	0	0	0	267	0	0	0	0	0	0	0	0	
937358	0	0	0	297	0	0	0	0	0	0	0	0	
938109	0	0	0	295	0	0	0	0	0	0	0	0	
938856	0	0	0	299	0	0	0	0	0	0	0	0	
939605	0	0	0	273	0	0	0	0	0	0	0	0	
940355	0	0	0	241	0	0	0	0	0	0	0	0	
941104	0	0	0	283	0	0	0	0	0	0	0	0	
941858	0	0	0	275	0	0	0	0	0	0	0	0	
942607	0	0	0	261	0	0	0	0	0	0	0	0	
943358	0	0	0	263	0	0	0	0	0	0	0	0	
944104	0	0	0	279	0	0	0	0	0	0	0	0	
944859	0	0	0	255	0	0	0	0	0	0	0	0	
945610	0	0	0	281	0	0	0	0	0	0	0	0	
946359	0	0	0	295	0	0	0	0	0	0	0	0	
947109	0	0	0	263	0	0	0	0	0	0	0	0	
947859	0	0	0	255	0	0	0	0	0	0	0	0	
948606	0	0	0	281	0	0	0	0	0	0	0	0	
949356	0	0	0	261	0	0	0	0	0	0	0	0	
950108	0	0	0	251	0	0	0	0	0	0	0	0	
950854	0	0	0	267	0	0	0	0	0	0	0	0	
951603	0	0	0	279	0	0	0	0	0	0	0	0	
952353	0	0	0	275	0	0	0	0	0	0	0	0	
953101	0	0	0	253	0	0	0	0	0	0	0	0	
953848	0	0	0	251	0	0	0	0	0	0	0	0	
954597	0	0	0	275	0	0	0	0	0	0	0	0	
955348	0	0	0	289	0	0	0	0	0	0	0	0	
956096	0	0	0	283	0	0	0	0	0	0	0	0	
956847	0	0	0	218	13	0	0	0	0	0	0	0	
957594	0	0	0	249	0	0	0	0	0	0	0	0	
958345	0	0	21	238	0	0	0	0	0	0	0	0	
959098	0	0	0	247	0	0	0	0	0	0	0	0	
959846	0	0	0	273	0	0	0	0	0	0	0	0	
960594	0	0	0	269	0	0	0	0	0	0	0	0	
961343	0	0	0	263	0	0	0	0	0	0	0	0	
962093	0	0	0	295	0	0	0	0	0	0	0	0	
962848	0	0	0	245	0	0	0	0	0	0	0	0	
963598	0	0	0	267	0	0	0	0	0	0	0	0	
964350	0	0	0	265	0	0	0	0	0	0	0	0	
965098	0	0	0	241	0	0	0	0	0	0	0	0	
965847	0	0	0	241	0	0	0	0	0	0	0	0	
966596	0	0	0	259	0	0	0	0	0	0	0	0	
967344	0	0	0	239	0	0	0	0	0	0	0	0	
968092	0	0	0	271	0	0	0	0	0	0	0	0	
968841	0	0	0	283	0	0	0	0	0	0	0	0	
969591	0	0	0	265	0	0	0	0	0	0	0	0	
970339	0	0	0	263	0	0	0	0	0	0	0	0	
971090	0	0	0	265	0	0	0	0	0	0	0	0	
971838	0	0	0	279	0	0	0	0	0	0	0	0	
972586	0	0	0	249	0	0	0	0	0	0	0	0	
973338	0	0	0	277	0	0	0	0	0	0	0	0	
974088	0	0	0	277	0	0	0	0	0	0	0	0	
974841	0	0	0	277	0	0	0	0	0	0	0	0	
975591	0	0	0	221	0	0	0	0	0	0	0	0	
976339	0	0	0	275	0	0	0	0	0	0	0	0	
977090	0	0	0	239	0	0	0	0	0	0	0	0	
977840	0	0	0	299	0	0	0	0	0	0	0	0	
978589	0	0	0	235	0	0	0	0	0	0	0	0	
979339	0	0	0	281	0	0	0	0	0	0	0	0	
980090	0	0	0	285	0	0	0	0	0	0	0	0	
980839	0	0	0	0	215	0	0	0	0	0	0	0	
981588	0	0	0	0	183	0	0	0	0	0	0	0	
982341	0	0	0	0	245	0	0	0	0	0	0	0	
983088	0	0	0	0	233	0	0	0	0	0	0	0	
983838	0	0	0	0	205	0	0	0	0	0	0	0	
984587	0	0	0	0	204	5	0	0	0	0	0	0	
985338	0	0	0	0	203	0	0	0	0	0	0	0	
986086	0	0	0	0	201	0	0	0	0	0	0	0	
986837	0	0	0	0	221	0	0	0	0	0	0	0	
987586	0	0	0	0	179	0	0	0	0	0	0	0	
988337	0	0	0	0	199	0	0	0	0	0	0	0	
989085	0	0	0	0	219	0	0	0	0	0	0	0	
989837	0	0	0	0	205	0	0	0	0	0	0	0	
990587	0	0	0	0	225	0	0	0	0	0	0	0	
991337	0	0	0	0	221	0	0	0	0	0	0	0	
992090	0	0	0	0	203	0	0	0	0	0	0	0	
992840	0	0	0	16	205	0	0	0	0	0	0	0	
993589	0	0	0	0	215	0	0	0	0	0	0	0	
994339	0	0	0	0	187	0	0	0	0	0	0	0	
995090	0	0	0	0	219	0	0	0	0	0	0	0	
995835	0	0	0	0	195	0	0	0	0	0	0	0	
996582	0	0	0	0	237	0	0	0	0	0	0	0	
997332	0	0	0	0	207	0	0	0	0	0	0	0	
998082	0	0	0	0	215	0	0	0	0	0	0	0	
998832	0	0	0	0	207	0	0	0	0	0	0	0	
999583	0	0	0	131	98	0	0	0	0	0	0	0	
1.00033e+06	0	0	0	0	209	0	0	0	0	0	0	0	
1.00109e+06	0	0	0	0	243	0	0	0	0	0	0	0	
1.00183e+06	0	0	0	0	195	0	0	0	0	0	0	0	
1.00258e+06	0	0	0	0	221	0	0	0	0	0	0	0	
1.00333e+06	0	0	0	0	193	0	0	0	0	0	0	0	
1.00408e+06	0	0	0	0	245	0	0	0	0	0	0	0	
1.00483e+06	0	0	0	0	189	0	0	0	0	0	0	0	
1.00558e+06	0	0	0	0	221	0	0	0	0	0	0	0	
1.00633e+06	0	0	0	0	231	0	0	0	0	0	0	0	
1.00708e+06	0	0	0	0	213	0	0	0	0	0	0	0	
1.00783e+06	0	0	0	0	217	0	0	0	0	0	0	0	
1.00858e+06	0	0	0	0	235	0	0	0	0	0	0	0	
1.00933e+06	0	0	0	0	221	0	0	0	0	0	0	0	
1.01008e+06	0	0	0	0	203	0	0	0	0	0	0	0	
1.01083e+06	0	0	0	0	207	0	0	0	0	0	0	0	
1.01158e+06	0	0	0	0	201	0	0	0	0	0	0	0	
1.01233e+06	0	0	0	0	205	0	0	0	0	0	0	0	
1.01307e+06	0	0	0	0	197	0	0	0	0	0	0	0	
1.01383e+06	0	0	0	0	0	181	0	0	0	0	0	0	
1.01458e+06	0	0	0	0	0	167	0	0	0	0	0	0	
1.01533e+06	0	0	0	0	0	179	0	0	0	0	0	0	
1.01608e+06	0	0	0	0	0	59	80	0	0	0	0	0	
1.01683e+06	0	0	0	0	0	0	129	0	0	0	0	0	
1.01758e+06	0	0	0	0	0	0	131	0	0	0	0	0	
1.01833e+06	0	0	0	0	0	0	119	0	0	0	0	0	
1.01908e+06	0	0	0	0	0	0	153	0	0	0	0	0	
1.01983e+06	0	0	0	0	0	0	117	0	0	0	0	0	
1.02058e+06	0	0	0	0	0	0	151	0	0	0	0	0	
1.02133e+06	0	0	0	0	0	0	147	0	0	0	0	0	
1.02208e+06	0	0	0	0	0	0	151	0	0	0	0	0	
1.02283e+06	0	0	0	0	0	0	103	0	0	0	0	0	
1.02358e+06	0	0	0	0	0	0	127	0	0	0	0	0	
1.02433e+06	0	0	0	0	0	0	133	0	0	0	0	0	
1.02508e+06	0	0	0	0	0	0	149	0	0	0	0	0	
1.02584e+06	0	0	0	0	0	0	165	0	0	0	0	0	
1.02659e+06	0	0	0	0	0	0	125	0	0	0	0	0	
1.02734e+06	0	0	0	0	0	0	127	0	0	0	0	0	
1.02809e+06	0	0	0	0	0	0	139	0	0	0	0	0	
1.02884e+06	0	0	0	0	0	0	155	0	0	0	0	0	
1.02959e+06	0	0	0	0	0	0	0	139	0	0	0	0	
1.03034e+06	0	0	0	0	0	0	0	111	0	0	0	0	
1.03109e+06	0	0	0	0	0	0	0	131	0	0	0	0	
1.03184e+06	0	0	0	0	0	0	0	109	0	0	0	0	
1.03258e+06	0	0	0	0	0	0	0	107	0	0	0	0	
1.03333e+06	0	0	0	0	0	0	0	103	0	0	0	0	
1.03408e+06	0	0	0	0	0	0	0	113	0	0	0	0	
1.03483e+06	0	0	0	0	0	0	0	115	0	0	0	0	
1.03558e+06	0	0	0	0	0	0	0	101	0	0	0	0	
1.03633e+06	0	0	0	0	0	0	0	121	0	0	0	0	
1.03708e+06	0	0	0	0	0	0	0	121	0	0	0	0	
1.03783e+06	0	0	0	0	0	0	0	109	0	0	0	0	
1.03858e+06	0	0	0	0	0	0	0	119	0	0	0	0	
1.03933e+06	0	0	0	0	0	0	0	119	0	0	0	0	
1.04008e+06	0	0	0	0	0	0	0	101	0	0	0	0	
1.04083e+06	0	0	0	0	0	0	0	121	0	0	0	0	
1.04159e+06	0	0	0	0	0	0	0	125	0	0	0	0	
1.04234e+06	0	0	0	0	0	0	0	131	0	0	0	0	
1.04309e+06	0	0	0	0	0	0	0	115	0	0	0	0	
1.04384e+06	0	0	0	0	0	0	0	121	0	0	0	0	
1.04459e+06	0	0	0	0	0	0	0	107	0	0	0	0	
1.04533e+06	0	0	0	0	0	0	0	119	0	0	0	0	
1.04608e+06	0	0	0	0	0	0	133	0	0	0	0	0	
1.04683e+06	0	0	0	0	0	0	139	0	0	0	0	0	
1.04758e+06	0	0	0	0	0	0	151	0	0	0	0	0	
1.04833e+06	0	0	0	0	0	0	143	0	0	0	0	0	
1.04908e+06	0	0	0	0	0	0	131	0	0	0	0	0	
1.04983e+06	0	0	0	0	0	0	145	0	0	0	0	0	
1.05058e+06	0	0	0	0	0	0	129	0	0	0	0	0	
1.05133e+06	0	0	0	0	0	0	141	0	0	0	0	0	
1.05208e+06	0	0	0	0	0	0	133	0	0	0	0	0	
1.05283e+06	0	0	0	0	0	0	161	0	0	0	0	0	
1.05358e+06	0	0	0	0	0	0	149	0	0	0	0	0	
1.05433e+06	0	0	0	0	0	0	135	0	0	0	0	0	
1.05508e+06	0	0	0	0	0	0	147	0	0	0	0	0	
1.05583e+06	0	0	0	0	0	0	133	0	0	0	0	0	
1.05658e+06	0	0	0	0	0	0	0	137	0	0	0	0	
1.05732e+06	0	0	0	0	0	0	0	105	0	0	0	0	
1.05808e+06	0	0	0	0	0	0	0	131	0	0	0	0	
1.05883e+06	0	0	0	0	0	0	0	125	0	0	0	0	
1.05958e+06	0	0	0	0	0	0	0	119	0	0	0	0	
1.06033e+06	0	0	0	0	0	0	0	129	0	0	0	0	
1.06108e+06	0	0	0	0	0	0	0	91	0	0	0	0	
1.06183e+06	0	0	0	0	0	0	0	117	0	0	0	0	
1.06258e+06	0	0	0	0	0	0	0	105	0	0	0	0	
1.06333e+06	0	0	0	0	0	0	0	127	0	0	0	0	
1.06408e+06	0	0	0	0	0	0	0	115	0	0	0	0	
1.06483e+06	0	0	0	0	0	0	0	125	0	0	0	0	
1.06558e+06	0	0	0	0	0	0	0	105	0	0	0	0	
1.06633e+06	0	0	0	0	0	0	0	131	0	0	0	0	
1.06708e+06	0	0	0	0	0	0	0	0	113	0	0	0	
1.06783e+06	0	0	0	0	0	0	0	0	89	0	0	0	
1.06858e+06	0	0	0	0	0	0	0	0	95	0	0	0	
1.06933e+06	0	0	0	0	0	0	0	0	105	0	0	0	
1.07008e+06	0	0	0	0	0	0	0	0	85	0	0	0	
1.07083e+06	0	0	0	0	0	0	0	0	95	0	0	0	
1.07158e+06	0	0	0	0	0	0	0	0	91	0	0	0	
1.07233e+06	0	0	0	0	0	0	0	0	85	0	0	0	
1.07308e+06	0	0	0	0	0	0	0	0	101	0	0	0	
1.07383e+06	0	0	0	0	0	0	0	0	89	0	0	0	
1.07458e+06	0	0	0	0	0	0	0	0	0	81	0	0	
1.07533e+06	0	0	0	0	0	0	0	0	0	81	0	0	
1.07608e+06	0	0	0	0	0	0	0	0	37	56	0	0	
1.07683e+06	0	0	0	0	0	0	0	0	81	0	0	0	
1.07758e+06	0	0	0	0	0	0	0	0	111	0	0	0	
1.07833e+06	0	0	0	0	0	0	0	0	85	0	0	0	
1.07908e+06	0	0	0	0	0	0	0	0	91	0	0	0	
1.07983e+06	0	0	0	0	0	0	0	0	105	0	0	0	
1.08058e+06	0	0	0	0	0	0	0	0	105	0	0	0	
1.08133e+06	0	0	0	0	0	0	0	0	89	0	0	0	
1.08208e+06	0	0	0	0	0	0	0	0	89	0	0	0	
1.08283e+06	0	0	0	0	0	0	0	0	103	0	0	0	
1.08358e+06	0	0	0	0	0	0	0	0	99	0	0	0	
1.08433e+06	0	0	0	0	0	0	0	0	81	0	0	0	
1.08508e+06	0	0	0	0	0	0	0	0	103	0	0	0	
1.08583e+06	0	0	0	0	0	0	0	0	95	0	0	0	
1.08658e+06	0	0	0	0	0	0	0	0	99	0	0	0	
1.08733e+06	0	0	0	0	0	0	0	0	89	0	0	0	
1.08808e+06	0	0	0	0	0	0	0	0	89	0	0	0	
1.08883e+06	0	0	0	0	0	0	0	0	89	0	0	0	
1.08957e+06	0	0	0	0	0	0	0	0	77	0	0	0	
1.09032e+06	0	0	0	0	0	0	0	0	71	0	0	0	
1.09107e+06	0	0	0	0	0	0	0	0	95	0	0	0	
1.09183e+06	0	0	0	0	0	0	0	0	91	0	0	0	
1.09257e+06	0	0	0	0	0	0	0	0	95	0	0	0	
1.09332e+06	0	0	0	0	0	0	0	0	95	0	0	0	
1.09407e+06	0	0	0	0	0	0	0	0	89	0	0	0	
1.09482e+06	0	0	0	0	0	0	0	0	103	0	0	0	
1.09557e+06	0	0	0	0	0	0	0	0	87	0	0	0	
1.09632e+06	0	0	0	0	0	0	0	0	95	0	0	0	
1.09707e+06	0	0	0	0	0	0	0	0	0	81	0	0	
1.09782e+06	0	0	0	0	0	0	0	0	0	75	0	0	
1.09857e+06	0	0	0	0	0	0	0	0	0	77	0	0	
1.09932e+06	0	0	0	0	0	0	0	0	0	67	0	0	
1.10007e+06	0	0	0	0	0	0	0	0	0	75	0	0	
1.10082e+06	0	0	0	0	0	0	0	0	0	81	0	0	
1.10157e+06	0	0	0	0	0	0	0	0	0	89	0	0	
1.10233e+06	0	0	0	0	0	0	0	0	0	87	0	0	
1.10308e+06	0	0	0	0	0	0	0	0	0	61	0	0	
1.10383e+06	0	0	0	0	0	0	0	0	0	73	0	0	
1.10457e+06	0	0	0	0	0	0	0	0	0	73	0	0	
1.10532e+06	0	0	0	0	0	0	0	0	0	75	0	0	
1.10607e+06	0	0	0	0	0	0	0	0	0	79	0	0	
1.10682e+06	0	0	0	0	0	0	0	0	0	73	0	0	
1.10758e+06	0	0	0	0	0	0	0	0	0	83	0	0	
1.10833e+06	0	0	0	0	0	0	0	0	0	73	0	0	
1.10908e+06	0	0	0	0	0	0	0	0	0	91	0	0	
1.10983e+06	0	0	0	0	0	0	0	0	0	75	0	0	
1.11058e+06	0	0	0	0	0	0	0	0	0	85	0	0	
1.11132e+06	0	0	0	0	0	0	0	0	0	89	0	0	
1.11207e+06	0	0	0	0	0	0	0	0	0	85	0	0	
1.11282e+06	0	0	0	0	0	0	0	0	0	81	0	0	
1.11357e+06	0	0	0	0	0	0	0	0	0	77	0	0	
1.11432e+06	0	0	0	0	0	0	0	0	0	77	0	0	
1.11508e+06	0	0	0	0	0	0	0	0	0	73	0	0	
1.11583e+06	0	0	0	0	0	0	0	0	0	77	0	0	
1.11658e+06	0	0	0	0	0	0	0	0	0	75	0	0	
1.11733e+06	0	0	0	0	0	0	0	0	0	65	0	0	
1.11808e+06	0	0	0	0	0	0	0	0	0	73	0	0	
1.11883e+06	0	0	0	0	0	0	0	0	0	75	0	0	
1.11958e+06	0	0	0	0	0	0	0	0	0	75	0	0	
1.12033e+06	0	0	0	0	0	0	0	0	0	87	0	0	
1.12108e+06	0	0	0	0	0	0	0	0	0	83	0	0	
1.12183e+06	0	0	0	0	0	0	0	0	0	77	0	0	
1.12258e+06	0	0	0	0	0	0	0	0	0	79	0	0	
1.12333e+06	0	0	0	0	0	0	0	0	0	71	0	0	
1.12408e+06	0	0	0	0	0	0	0	0	0	77	0	0	
1.12483e+06	0	0	0	0	0	0	0	0	0	77	0	0	
1.12558e+06	0	0	0	0	0	0	0	0	0	91	0	0	
1.12632e+06	0	0	0	0	0	0	0	0	0	79	0	0	
1.12707e+06	0	0	0	0	0	0	0	0	0	85	0	0	
1.12782e+06	0	0	0	0	0	0	0	0	0	85	0	0	
1.12857e+06	0	0	0	0	0	0	0	0	0	73	0	0	
1.12932e+06	0	0	0	0	0	0	0	0	0	73	0	0	
1.13007e+06	0	0	0	0	0	0	0	0	0	75	0	0	
1.13082e+06	0	0	0	0	0	0	0	0	0	75	0	0	
1.13157e+06	0	0	0	0	0	0	0	0	0	75	0	0	
1.13232e+06	0	0	0	0	0	0	0	0	0	71	0	0	
1.13307e+06	0	0	0	0	0	0	0	0	101	0	0	0	
1.13382e+06	0	0	0	0	0	0	0	0	87	0	0	0	
1.13457e+06	0	0	0	0	0	0	0	0	101	0	0	0	
1.13532e+06	0	0	0	0	0	0	0	0	103	0	0	0	
1.13607e+06	0	0	0	0	0	0	0	0	77	0	0	0	
1.13682e+06	0	0	0	0	0	0	0	0	99	0	0	0	
1.13757e+06	0	0	0	0	0	0	0	0	95	0	0	0	
1.13832e+06	0	0	0	0	0	0	0	0	97	0	0	0	
1.13907e+06	0	0	0	0	0	0	0	0	93	0	0	0	
1.13982e+06	0	0	0	0	0	0	0	0	85	0	0	0	
1.14057e+06	0	0	0	0	0	0	0	0	89	0	0	0	
1.14132e+06	0	0	0	0	0	0	0	0	101	0	0	0	
1.14207e+06	0	0	0	0	0	0	0	0	103	0	0	0	
1.14282e+06	0	0	0	0	0	0	0	0	83	0	0	0	
1.14357e+06	0	0	0	0	0	0	0	0	97	0	0	0	
1.14432e+06	0	0	0	0	0	0	0	0	99	0	0	0	
1.14507e+06	0	0	0	0	0	0	0	0	109	0	0	0	
1.14582e+06	0	0	0	0	0	0	0	0	97	0	0	0	
1.14657e+06	0	0	0	0	0	0	0	0	79	0	0	0	
1.14732e+06	0	0	0	0	0	0	0	0	93	0	0	0	
1.14807e+06	0	0	0	0	0	0	0	0	95	0	0	0	
1.14883e+06	0	0	0	0	0	0	0	0	97	0	0	0	
1.14958e+06	0	0	0	0	0	0	0	0	95	0	0	0	
1.15033e+06	0	0	0	0	0	0	0	0	105	0	0	0	
1.15108e+06	0	0	0	0	0	0	0	0	81	0	0	0	
1.15183e+06	0	0	0	0	0	0	0	0	79	0	0	0	
1.15258e+06	0	0	0	0	0	0	0	0	89	0	0	0	
1.15333e+06	0	0	0	0	0	0	0	0	87	0	0	0	
1.15408e+06	0	0	0	0	0	0	0	0	117	0	0	0	
1.15483e+06	0	0	0	0	0	0	0	0	107	0	0	0	
1.15558e+06	0	0	0	0	0	0	0	0	79	0	0	0	
1.15633e+06	0	0	0	0	0	0	0	0	99	0	0	0	
1.15708e+06	0	0	0	0	0	0	0	0	95	0	0	0	
1.15783e+06	0	0	0	0	0	0	0	0	93	0	0	0	
1.15858e+06	0	0	0	0	0	0	0	0	79	0	0	0	
1.15933e+06	0	0	0	0	0	0	0	0	75	0	0	0	
1.16008e+06	0	0	0	0	0	0	0	0	89	0	0	0	
1.16083e+06	0	0	0	0	0	0	0	0	107	0	0	0	
1.16158e+06	0	0	0	0	0	0	0	0	97	0	0	0	
1.16233e+06	0	0	0	0	0	0	0	0	101	0	0	0	
1.16309e+06	0	0	0	0	0	0	0	0	87	0	0	0	
1.16384e+06	0	0	0	0	0	0	0	3	92	0	0	0	
1.16459e+06	0	0	0	0	0	0	0	0	107	0	0	0	
1.16533e+06	0	0	0	0	0	0	0	0	99	0	0	0	
1.16608e+06	0	0	0	0	0	0	0	0	83	0	0	0	
1.16684e+06	0	0	0	0	0	0	0	0	89	0	0	0	
1.16759e+06	0	0	0	0	0	0	0	0	81	0	0	0	
1.16834e+06	0	0	0	0	0	0	0	0	81	0	0	0	
1.16909e+06	0	0	0	0	0	0	0	0	93	0	0	0	
1.16984e+06	0	0	0	0	0	0	0	0	81	0	0	0	
1.17059e+06	0	0	0	0	0	0	0	0	87	0	0	0	
1.17134e+06	0	0	0	0	0	0	0	0	93	0	0	0	
1.17208e+06	0	0	0	0	0	0	0	0	91	0	0	0	
1.17284e+06	0	0	0	0	0	0	0	0	81	0	0	0	
1.17359e+06	0	0	0	0	0	0	0	0	91	0	0	0	
1.17434e+06	0	0	0	0	0	0	0	0	101	0	0	0	
1.17509e+06	0	0	0	0	0	0	0	0	93	0	0	0	
1.17584e+06	0	0	0	0	0	0	0	0	105	0	0	0	
1.17659e+06	0	0	0	0	0	0	0	0	95	0	0	0	
1.17734e+06	0	0	0	0	0	0	0	0	97	0	0	0	
1.17809e+06	0	0	0	0	0	0	0	0	83	0	0	0	
1.17884e+06	0	0	0	0	0	0	0	0	105	0	0	0	
1.17959e+06	0	0	0	0	0	0	0	0	89	0	0	0	
1.18033e+06	0	0	0	0	0	0	0	0	105	0	0	0	
1.18109e+06	0	0	0	0	0	0	0	0	97	0	0	0	
1.18184e+06	0	0	0	0	0	0	0	0	97	0	0	0	
1.18259e+06	0	0	0	0	0	0	0	0	93	0	0	0	
1.18334e+06	0	0	0	0	0	0	0	0	105	0	0	0	
1.18409e+06	0	0	0	0	0	0	0	0	99	0	0	0	
1.18483e+06	0	0	0	0	0	0	0	0	105	0	0	0	
1.18559e+06	0	0	0	0	0	0	0	0	91	0	0	0	
1.18634e+06	0	0	0	0	0	0	0	0	93	0	0	0	
1.18709e+06	0	0	0	0	0	0	0	0	101	0	0	0	
1.18784e+06	0	0	0	0	0	0	0	0	107	0	0	0	
1.18858e+06	0	0	0	0	0	0	0	0	95	0	0	0	
1.18933e+06	0	0	0	0	0	0	0	0	95	0	0	0	
1.19008e+06	0	0	0	0	0	0	0	0	93	0	0	0	
1.19083e+06	0	0	0	0	0	0	0	0	93	0	0	0	
1.19158e+06	0	0	0	0	0	0	0	0	87	0	0	0	
1.19233e+06	0	0	0	0	0	0	0	0	75	0	0	0	
1.19308e+06	0	0	0	0	0	0	0	0	83	0	0	0	
1.19383e+06	0	0	0	0	0	0	0	0	97	0	0	0	
1.19458e+06	0	0	0	0	0	0	0	0	79	0	0	0	
1.19533e+06	0	0	0	0	0	0	0	0	0	67	0	0	
1.19608e+06	0	0	0	0	0	0	0	0	0	85	0	0	
1.19683e+06	0	0	0	0	0	0	0	0	0	89	0	0	
1.19758e+06	0	0	0	0	0	0	0	0	0	73	0	0	
1.19833e+06	0	0	0	0	0	0	0	0	0	65	0	0	
1.19908e+06	0	0	0	0	0	0	0	0	0	81	0	0	
1.19983e+06	0	0	0	0	0	0	0	0	0	65	0	0	
1.20058e+06	0	0	0	0	0	0	0	0	0	67	0	0	
1.20133e+06	0	0	0	0	0	0	0	0	0	67	0	0	
1.20208e+06	0	0	0	0	0	0	0	0	0	67	0	0	
1.20283e+06	0	0	0	0	0	0	0	0	0	57	0	0	
1.20358e+06	0	0	0	0	0	0	0	0	0	75	0	0	
1.20433e+06	0	0	0	0	0	0	0	0	0	97	0	0	
1.20508e+06	0	0	0	0	0	0	0	0	0	91	0	0	
1.20583e+06	0	0	0	0	0	0	0	0	0	63	0	0	
1.20658e+06	0	0	0	0	0	0	0	0	0	63	0	0	
1.20732e+06	0	0	0	0	0	0	0	0	0	69	0	0	
1.20808e+06	0	0	0	0	0	0	0	0	0	81	0	0	
1.20883e+06	0	0	0	0	0	0	0	0	0	77	0	0	
1.20958e+06	0	0	0	0	0	0	0	0	0	75	0	0	
1.21033e+06	0	0	0	0	0	0	0	0	0	79	0	0	
1.21108e+06	0	0	0	0	0	0	0	0	0	77	0	0	
1.21183e+06	0	0	0	0	0	0	0	0	0	73	0	0	
1.21258e+06	0	0	0	0	0	0	0	0	0	63	0	0	
1.21333e+06	0	0	0	0	0	0	0	0	0	73	0	0	
1.21408e+06	0	0	0	0	0	0	0	0	0	69	0	0	
1.21483e+06	0	0	0	0	0	0	0	0	0	81	0	0	
1.21558e+06	0	0	0	0	0	0	0	0	0	71	0	0	
1.21633e+06	0	0	0	0	0	0	0	0	0	87	0	0	
1.21708e+06	0	0	0	0	0	0	0	0	0	77	0	0	
1.21783e+06	0	0	0	0	0	0	0	0	0	0	59	0	
1.21858e+06	0	0	0	0	0	0	0	0	0	0	59	0	
1.21932e+06	0	0	0	0	0	0	0	0	0	0	57	0	
1.22008e+06	0	0	0	0	0	0	0	0	0	95	0	0	
1.22083e+06	0	0	0	0	0	0	0	0	0	73	0	0	
1.22158e+06	0	0	0	0	0	0	0	0	0	85	0	0	
1.22233e+06	0	0	0	0	0	0	0	0	0	67	0	0	
1.22308e+06	0	0	0	0	0	0	0	0	0	81	0	0	
1.22383e+06	0	0	0	0	0	0	0	0	0	81	0	0	
1.22458e+06	0	0	0	0	0	0	0	0	0	91	0	0	
1.22533e+06	0	0	0	0	0	0	0	0	0	81	0	0	
1.22608e+06	0	0	0	0	0	0	0	0	0	77	0	0	
1.22683e+06	0	0	0	0	0	0	0	0	1	72	0	0	
1.22758e+06	0	0	0	0	0	0	0	0	0	63	0	0	
1.22833e+06	0	0	0	0	0	0	0	0	0	77	0	0	
1.22908e+06	0	0	0	0	0	0	0	0	0	75	0	0	
1.22982e+06	0	0	0	0	0	0	0	0	0	87	0	0	
1.23057e+06	0	0	0	0	0	0	0	0	0	63	0	0	
1.23133e+06	0	0	0	0	0	0	0	0	0	59	0	0	
1.23208e+06	0	0	0	0	0	0	0	0	0	81	0	0	
1.23283e+06	0	0	0	0	0	0	0	0	93	0	0	0	
1.23358e+06	0	0	0	0	0	0	0	0	95	0	0	0	
1.23432e+06	0	0	0	0	0	0	0	0	99	0	0	0	
1.23507e+06	0	0	0	0	0	0	0	0	99	0	0	0	
1.23583e+06	0	0	0	0	0	0	0	0	83	0	0	0	
1.23658e+06	0	0	0	0	0	0	0	0	91	0	0	0	
1.23733e+06	0	0	0	0	0	0	0	0	91	0	0	0	
1.23808e+06	0	0	0	0	0	0	0	111	0	0	0	0	
1.23883e+06	0	0	0	0	0	0	0	119	0	0	0	0	
1.23957e+06	0	0	0	0	0	0	0	113	0	0	0	0	
1.24033e+06	0	0	0	0	0	0	0	113	0	0	0	0	
1.24107e+06	0	0	0	0	0	0	141	0	0	0	0	0	
1.24182e+06	0	0	0	0	0	187	0	0	0	0	0	0	
1.24257e+06	0	0	0	0	133	66	0	0	0	0	0	0	
1.24332e+06	0	0	0	0	0	189	0	0	0	0	0	0	
1.24407e+06	0	0	0	0	0	173	0	0	0	0	0	0	
1.24482e+06	0	0	0	0	0	167	0	0	0	0	0	0	
1.24557e+06	0	0	0	0	0	169	0	0	0	0	0	0	
1.24632e+06	0	0	0	0	0	151	0	0	0	0	0	0	
1.24707e+06	0	0	0	0	0	173	0	0	0	0	0	0	
1.24782e+06	0	0	0	0	0	153	0	0	0	0	0	0	
1.24857e+06	0	0	0	0	0	165	0	0	0	0	0	0	
1.24932e+06	0	0	0	0	0	191	0	0	0	0	0	0	
1.25007e+06	0	0	0	0	0	177	0	0	0	0	0	0	
1.25082e+06	0	0	0	0	0	163	0	0	0	0	0	0	
1.25158e+06	0	0	0	0	0	179	0	0	0	0	0	0	
1.25233e+06	0	0	0	0	0	155	0	0	0	0	0	0	
1.25308e+06	0	0	0	0	0	187	0	0	0	0	0	0	
1.25383e+06	0	0	0	0	0	153	0	0	0	0	0	0	
1.25458e+06	0	0	0	0	0	197	0	0	0	0	0	0	
1.25533e+06	0	0	0	0	0	185	0	0	0	0	0	0	
1.25608e+06	0	0	0	0	0	155	0	0	0	0	0	0	
1.25683e+06	0	0	0	0	0	169	0	0	0	0	0	0	
1.25759e+06	0	0	0	0	0	183	0	0	0	0	0	0	
1.25833e+06	0	0	0	0	0	183	0	0	0	0	0	0	
1.25909e+06	0	0	0	0	0	181	0	0	0	0	0	0	
1.25984e+06	0	0	0	0	0	171	0	0	0	0	0	0	
1.26059e+06	0	0	0	0	1	170	0	0	0	0	0	0	
1.26134e+06	0	0	0	0	0	195	0	0	0	0	0	0	
1.26209e+06	0	0	0	0	1	170	0	0	0	0	0	0	
1.26284e+06	0	0	0	0	0	189	0	0	0	0	0	0	
1.26358e+06	0	0	0	0	0	153	0	0	0	0	0	0	
1.26433e+06	0	0	0	0	0	165	0	0	0	0	0	0	
1.26508e+06	0	0	0	0	0	171	0	0	0	0	0	0	
1.26583e+06	0	0	0	0	0	189	0	0	0	0	0	0	
1.26658e+06	0	0	0	0	0	165	0	0	0	0	0	0	
1.26733e+06	0	0	0	0	0	177	0	0	0	0	0	0	
1.26808e+06	0	0	0	0	0	159	0	0	0	0	0	0	
1.26883e+06	0	0	0	0	0	193	0	0	0	0	0	0	
1.26958e+06	0	0	0	0	0	165	0	0	0	0	0	0	
1.27033e+06	0	0	0	0	0	161	0	0	0	0	0	0	
1.27108e+06	0	0	0	0	0	195	0	0	0	0	0	0	
1.27183e+06	0	0	0	0	0	185	0	0	0	0	0	0	
1.27258e+06	0	0	0	0	0	155	0	0	0	0	0	0	
1.27333e+06	0	0	0	0	0	183	0	0	0	0	0	0	
1.27408e+06	0	0	0	0	0	171	0	0	0	0	0	0	
1.27483e+06	0	0	0	0	0	169	0	0	0	0	0	0	
1.27558e+06	0	0	0	0	2	159	0	0	0	0	0	0	
1.27633e+06	0	0	0	0	0	187	0	0	0	0	0	0	
1.27708e+06	0	0	0	0	0	191	0	0	0	0	0	0	
1.27783e+06	0	0	0	0	0	177	0	0	0	0	0	0	
1.27858e+06	0	0	0	0	0	163	0	0	0	0	0	0	
1.27933e+06	0	0	0	0	0	185	0	0	0	0	0	0	
1.28008e+06	0	0	0	0	0	145	0	0	0	0	0	0	
1.28083e+06	0	0	0	0	0	179	0	0	0	0	0	0	
1.28158e+06	0	0	0	0	0	161	0	0	0	0	0	0	
1.28233e+06	0	0	0	0	0	167	0	0	0	0	0	0	
1.28309e+06	0	0	0	0	0	163	0	0	0	0	0	0	
1.28383e+06	0	0	0	0	0	151	0	0	0	0	0	0	
1.28458e+06	0	0	0	0	0	187	0	0	0	0	0	0	
1.28533e+06	0	0	0	0	0	197	0	0	0	0	0	0	
1.28608e+06	0	0	0	0	0	151	0	0	0	0	0	0	
1.28683e+06	0	0	0	0	0	175	0	0	0	0	0	0	
1.28758e+06	0	0	0	0	0	163	0	0	0	0	0	0	
1.28834e+06	0	0	0	0	0	163	0	0	0	0	0	0	
1.28908e+06	0	0	0	0	0	159	0	0	0	0	0	0	
1.28984e+06	0	0	0	0	0	157	0	0	0	0	0	0	
1.29059e+06	0	0	0	0	0	197	0	0	0	0	0	0	
1.29134e+06	0	0	0	0	0	169	0	0	0	0	0	0	
1.29209e+06	0	0	0	0	0	191	0	0	0	0	0	0	
1.29284e+06	0	0	0	0	0	181	0	0	0	0	0	0	
1.29359e+06	0	0	0	0	0	183	0	0	0	0	0	0	
1.29434e+06	0	0	0	0	0	199	0	0	0	0	0	0	
1.29509e+06	0	0	0	0	0	157	0	0	0	0	0	0	
1.29584e+06	0	0	0	0	0	173	0	0	0	0	0	0	
1.29659e+06	0	0	0	0	0	185	0	0	0	0	0	0	
1.29734e+06	0	0	0	0	0	157	0	0	0	0	0	0	
1.29809e+06	0	0	0	0	0	159	0	0	0	0	0	0	
1.29884e+06	0	0	0	0	0	161	0	0	0	0	0	0	
1.29959e+06	0	0	0	0	0	157	0	0	0	0	0	0	
1.30034e+06	0	0	0	0	0	159	0	0	0	0	0	0	
1.30109e+06	0	0	0	0	0	187	0	0	0	0	0	0	
1.30184e+06	0	0	0	0	0	163	0	0	0	0	0	0	
1.30259e+06	0	0	0	0	0	171	0	0	0	0	0	0	
1.30334e+06	0	0	0	0	0	197	0	0	0	0	0	0	
1.30409e+06	0	0	0	0	0	183	0	0	0	0	0	0	
1.30485e+06	0	0	0	0	0	175	0	0	0	0	0	0	
1.3056e+06	0	0	0	0	0	177	0	0	0	0	0	0	
1.30635e+06	0	0	0	0	0	159	0	0	0	0	0	0	
1.3071e+06	0	0	0	0	0	173	0	0	0	0	0	0	
1.30785e+06	0	0	0	0	0	197	0	0	0	0	0	0	
1.3086e+06	0	0	0	0	0	161	0	0	0	0	0	0	
1.30935e+06	0	0	0	0	0	159	0	0	0	0	0	0	
1.31009e+06	0	0	0	0	0	159	0	0	0	0	0	0	
1.31084e+06	0	0	0	0	0	177	0	0	0	0	0	0	
1.31159e+06	0	0	0	0	0	187	0	0	0	0	0	0	
1.31235e+06	0	0	0	0	1	176	0	0	0	0	0	0	
1.3131e+06	0	0	0	0	0	145	0	0	0	0	0	0	
1.31385e+06	0	0	0	0	0	171	0	0	0	0	0	0	
1.3146e+06	0	0	0	0	0	181	0	0	0	0	0	0	
1.31535e+06	0	0	0	0	0	175	0	0	0	0	0	0	
1.3161e+06	0	0	0	0	0	165	0	0	0	0	0	0	
1.31685e+06	0	0	0	0	0	167	0	0	0	0	0	0	
1.3176e+06	0	0	0	0	0	195	0	0	0	0	0	0	
1.31835e+06	0	0	0	0	0	203	0	0	0	0	0	0	
1.31911e+06	0	0	0	0	0	157	0	0	0	0	0	0	
1.31986e+06	0	0	0	0	0	167	0	0	0	0	0	0	
1.32061e+06	0	0	0	0	0	161	0	0	0	0	0	0	
1.32136e+06	0	0	0	0	0	169	0	0	0	0	0	0	
1.32211e+06	0	0	0	0	0	159	0	0	0	0	0	0	
1.32286e+06	0	0	0	0	0	151	0	0	0	0	0	0	
1.32361e+06	0	0	0	0	0	185	0	0	0	0	0	0	
1.32437e+06	0	0	0	0	0	177	0	0	0	0	0	0	
1.32512e+06	0	0	0	0	0	179	0	0	0	0	0	0	
1.32586e+06	0	0	0	0	0	167	0	0	0	0	0	0	
1.32661e+06	0	0	0	0	0	193	0	0	0	0	0	0	
1.32736e+06	0	0	0	0	0	181	0	0	0	0	0	0	
1.32811e+06	0	0	0	0	0	165	0	0	0	0	0	0	
1.32886e+06	0	0	0	0	0	195	0	0	0	0	0	0	
1.32961e+06	0	0	0	0	0	171	0	0	0	0	0	0	
1.33036e+06	0	0	0	0	0	157	0	0	0	0	0	0	
1.33111e+06	0	0	0	0	0	179	0	0	0	0	0	0	
1.33186e+06	0	0	0	0	0	179	0	0	0	0	0	0	
1.33261e+06	0	0	0	0	0	187	0	0	0	0	0	0	
1.33336e+06	0	0	0	0	0	191	0	0	0	0	0	0	
1.33411e+06	0	0	0	0	0	171	0	0	0	0	0	0	
1.33486e+06	0	0	0	0	0	157	0	0	0	0	0	0	
1.33561e+06	0	0	0	0	0	199	0	0	0	0	0	0	
1.33636e+06	0	0	0	0	0	169	0	0	0	0	0	0	
1.33711e+06	0	0	0	0	0	175	0	0	0	0	0	0	
1.33785e+06	0	0	0	0	0	189	0	0	0	0	0	0	
1.33861e+06	0	0	0	0	0	171	0	0	0	0	0	0	
1.33935e+06	0	0	0	0	0	179	0	0	0	0	0	0	
1.3401e+06	0	0	0	0	0	157	0	0	0	0	0	0	
1.34086e+06	0	0	0	0	0	161	0	0	0	0	0	0	
1.34161e+06	0	0	0	0	0	171	0	0	0	0	0	0	
1.34236e+06	0	0	0	0	96	113	0	0	0	0	0	0	
1.34311e+06	0	0	0	0	219	0	0	0	0	0	0	0	
1.34386e+06	0	0	0	0	215	0	0	0	0	0	0	0	
1.34461e+06	0	0	0	0	233	0	0	0	0	0	0	0	
1.34536e+06	0	0	0	0	229	0	0	0	0	0	0	0	
1.34611e+06	0	0	0	0	233	0	0	0	0	0	0	0	
1.34686e+06	0	0	0	0	225	0	0	0	0	0	0	0	
1.34761e+06	0	0	0	0	185	0	0	0	0	0	0	0	
1.34837e+06	0	0	0	0	231	0	0	0	0	0	0	0	
1.34912e+06	0	0	0	0	195	0	0	0	0	0	0	0	
1.34986e+06	0	0	0	0	211	0	0	0	0	0	0	0	
1.35061e+06	0	0	0	0	217	0	0	0	0	0	0	0	
1.35136e+06	0	0	0	0	211	0	0	0	0	0	0	0	
1.35211e+06	0	0	0	0	209	0	0	0	0	0	0	0	
1.35286e+06	0	0	0	0	213	0	0	0	0	0	0	0	
1.35361e+06	0	0	0	0	237	0	0	0	0	0	0	0	
1.35436e+06	0	0	0	0	195	0	0	0	0	0	0	0	
1.35511e+06	0	0	0	0	207	0	0	0	0	0	0	0	
1.35586e+06	0	0	0	0	209	0	0	0	0	0	0	0	
1.35661e+06	0	0	0	0	247	0	0	0	0	0	0	0	
1.35736e+06	0	0	0	0	221	0	0	0	0	0	0	0	
1.35811e+06	0	0	0	0	199	0	0	0	0	0	0	0	
1.35886e+06	0	0	0	0	223	0	0	0	0	0	0	0	
1.35961e+06	0	0	0	2	189	0	0	0	0	0	0	0	
1.36036e+06	0	0	0	0	217	0	0	0	0	0	0	0	
1.36111e+06	0	0	0	0	227	0	0	0	0	0	0	0	
1.36186e+06	0	0	0	0	207	0	0	0	0	0	0	0	
1.36261e+06	0	0	0	0	213	0	0	0	0	0	0	0	
1.36336e+06	0	0	0	0	213	0	0	0	0	0	0	0	
1.36411e+06	0	0	0	0	219	0	0	0	0	0	0	0	
1.36486e+06	0	0	0	0	225	0	0	0	0	0	0	0	
1.36561e+06	0	0	0	0	233	0	0	0	0	0	0	0	
1.36636e+06	0	0	0	0	227	0	0	0	0	0	0	0	
1.36711e+06	0	0	0	0	201	0	0	0	0	0	0	0	
1.36786e+06	0	0	0	0	207	0	0	0	0	0	0	0	
1.36861e+06	0	0	0	0	225	0	0	0	0	0	0	0	
1.36936e+06	0	0	0	0	233	0	0	0	0	0	0	0	
1.37011e+06	0	0	0	0	241	0	0	0	0	0	0	0	
1.37086e+06	0	0	0	0	227	0	0	0	0	0	0	0	
1.37161e+06	0	0	0	0	219	0	0	0	0	0	0	0	
1.37236e+06	0	0	0	0	231	0	0	0	0	0	0	0	
1.37311e+06	0	0	0	0	207	0	0	0	0	0	0	0	
1.37386e+06	0	0	0	0	195	0	0	0	0	0	0	0	
1.37461e+06	0	0	0	0	217	0	0	0	0	0	0	0	
1.37536e+06	0	0	0	0	209	0	0	0	0	0	0	0	
1.37611e+06	0	0	0	0	187	0	0	0	0	0	0	0	
1.37686e+06	0	0	0	0	205	0	0	0	0	0	0	0	
1.37761e+06	0	0	0	0	189	0	0	0	0	0	0	0	
1.37836e+06	0	0	0	0	243	0	0	0	0	0	0	0	
1.37911e+06	0	0	0	0	199	0	0	0	0	0	0	0	
1.37986e+06	0	0	0	0	207	0	0	0	0	0	0	0	
1.38061e+06	0	0	0	0	251	0	0	0	0	0	0	0	
1.38136e+06	0	0	0	0	245	0	0	0	0	0	0	0	
1.3821e+06	0	0	0	0	207	0	0	0	0	0	0	0	
1.38286e+06	0	0	0	0	211	0	0	0	0	0	0	0	
1.38361e+06	0	0	0	0	215	0	0	0	0	0	0	0	
1.38435e+06	0	0	0	0	223	0	0	0	0	0	0	0	
1.3851e+06	0	0	0	0	193	0	0	0	0	0	0	0	
1.38585e+06	0	0	0	239	0	0	0	0	0	0	0	0	
1.3866e+06	0	0	0	267	0	0	0	0	0	0	0	0	
1.38735e+06	0	0	0	247	0	0	0	0	0	0	0	0	
1.3881e+06	0	0	0	243	0	0	0	0	0	0	0	0	
1.38885e+06	0	0	0	265	0	0	0	0	0	0	0	0	
1.38961e+06	0	0	0	257	0	0	0	0	0	0	0	0	
1.39036e+06	0	0	0	269	0	0	0	0	0	0	0	0	
1.39111e+06	0	0	0	259	0	0	0	0	0	0	0	0	
1.39186e+06	0	0	0	257	0	0	0	0	0	0	0	0	
1.39261e+06	0	0	0	273	0	0	0	0	0	0	0	0	
1.39336e+06	0	0	0	269	0	0	0	0	0	0	0	0	
1.39411e+06	0	0	0	283	0	0	0	0	0	0	0	0	
1.39486e+06	0	0	0	269	0	0	0	0	0	0	0	0	
1.39561e+06	0	0	0	235	0	0	0	0	0	0	0	0	
1.39636e+06	0	0	0	277	0	0	0	0	0	0	0	0	
1.39711e+06	0	0	1	262	0	0	0	0	0	0	0	0	
1.39786e+06	0	0	0	239	0	0	0	0	0	0	0	0	
1.39861e+06	0	0	0	233	0	0	0	0	0	0	0	0	
1.39936e+06	0	0	0	273	0	0	0	0	0	0	0	0	
1.40011e+06	0	0	0	283	0	0	0	0	0	0	0	0	
1.40086e+06	0	0	0	243	0	0	0	0	0	0	0	0	
1.40161e+06	0	0	0	271	0	0	0	0	0	0	0	0	
1.40236e+06	0	0	0	277	0	0	0	0	0	0	0	0	
1.40311e+06	0	0	0	269	0	0	0	0	0	0	0	0	
1.40386e+06	0	0	0	263	0	0	0	0	0	0	0	0	
1.40461e+06	0	0	0	269	0	0	0	0	0	0	0	0	
1.40537e+06	0	0	0	267	0	0	0	0	0	0	0	0	
1.40612e+06	0	0	0	257	0	0	0	0	0	0	0	0	
1.40687e+06	0	0	0	251	0	0	0	0	0	0	0	0	
1.40762e+06	0	0	0	291	0	0	0	0	0	0	0	0	
1.40837e+06	0	0	0	271	0	0	0	0	0	0	0	0	
1.40912e+06	0	0	0	239	0	0	0	0	0	0	0	0	
1.40987e+06	0	0	0	267	0	0	0	0	0	0	0	0	
1.41063e+06	0	0	0	261	0	0	0	0	0	0	0	0	
1.41138e+06	0	0	0	247	2	0	0	0	0	0	0	0	
1.41213e+06	0	0	0	271	0	0	0	0	0	0	0	0	
1.41288e+06	0	0	0	291	0	0	0	0	0	0	0	0	
1.41363e+06	0	0	0	275	0	0	0	0	0	0	0	0	
1.41438e+06	0	0	0	259	0	0	0	0	0	0	0	0	
1.41513e+06	0	0	0	271	0	0	0	0	0	0	0	0	
1.41588e+06	0	0	0	247	0	0	0	0	0	0	0	0	
1.41663e+06	0	0	0	259	0	0	0	0	0	0	0	0	
1.41738e+06	0	0	0	265	0	0	0	0	0	0	0	0	
1.41812e+06	0	0	0	275	0	0	0	0	0	0	0	0	
1.41887e+06	0	0	0	285	0	0	0	0	0	0	0	0	
1.41962e+06	0	0	0	271	0	0	0	0	0	0	0	0	
1.42037e+06	0	0	0	279	0	0	0	0	0	0	0	0	
1.42112e+06	0	0	0	277	0	0	0	0	0	0	0	0	
1.42187e+06	0	0	0	265	0	0	0	0	0	0	0	0	
1.42262e+06	0	0	0	281	0	0	0	0	0	0	0	0	
1.42337e+06	0	0	0	257	0	0	0	0	0	0	0	0	
1.42412e+06	0	0	0	271	0	0	0	0	0	0	0	0	
1.42487e+06	0	0	0	301	0	0	0	0	0	0	0	0	
1.42562e+06	0	0	0	273	0	0	0	0	0	0	0	0	
1.42636e+06	0	0	0	273	0	0	0	0	0	0	0	0	
1.42711e+06	0	0	0	257	0	0	0	0	0	0	0	0	
1.42786e+06	0	0	0	0	231	0	0	0	0	0	0	0	
1.42861e+06	0	0	0	0	211	0	0	0	0	0	0	0	
1.42937e+06	0	0	0	0	225	0	0	0	0	0	0	0	
1.43011e+06	0	0	0	0	189	0	0	0	0	0	0	0	
1.43086e+06	0	0	0	0	221	0	0	0	0	0	0	0	
1.43161e+06	0	0	0	0	207	0	0	0	0	0	0	0	
1.43236e+06	0	0	0	0	247	0	0	0	0	0	0	0	
1.43312e+06	0	0	0	0	211	0	0	0	0	0	0	0	
1.43387e+06	0	0	0	0	205	0	0	0	0	0	0	0	
1.43462e+06	0	0	0	0	213	0	0	0	0	0	0	0	
1.43537e+06	0	0	0	0	181	0	0	0	0	0	0	0	
1.43612e+06	0	0	0	0	201	0	0	0	0	0	0	0	
1.43687e+06	0	0	0	0	177	0	0	0	0	0	0	0	
1.43762e+06	0	0	0	0	213	0	0	0	0	0	0	0	
1.43837e+06	0	0	0	0	201	0	0	0	0	0	0	0	
1.43912e+06	0	0	0	0	217	0	0	0	0	0	0	0	
1.43987e+06	0	0	0	0	191	0	0	0	0	0	0	0	
1.44062e+06	0	0	0	0	203	0	0	0	0	0	0	0	
1.44137e+06	0	0	0	0	233	0	0	0	0	0	0	0	
1.44213e+06	0	0	0	0	207	0	0	0	0	0	0	0	
1.44288e+06	0	0	0	0	211	0	0	0	0	0	0	0	
1.44363e+06	0	0	0	0	213	0	0	0	0	0	0	0	
1.44438e+06	0	0	0	0	195	0	0	0	0	0	0	0	
1.44513e+06	0	0	0	0	221	0	0	0	0	0	0	0	
1.44588e+06	0	0	0	0	209	0	0	0	0	0	0	0	
1.44663e+06	0	0	0	0	211	0	0	0	0	0	0	0	
1.44738e+06	0	0	0	0	199	0	0	0	0	0	0	0	
1.44813e+06	0	0	0	0	225	0	0	0	0	0	0	0	
1.44889e+06	0	0	0	0	235	4	0	0	0	0	0	0	
1.44963e+06	0	0	0	0	233	0	0	0	0	0	0	0	
1.45038e+06	0	0	0	0	205	0	0	0	0	0	0	0	
1.45113e+06	0	0	0	0	215	0	0	0	0	0	0	0	
1.45188e+06	0	0	0	0	227	0	0	0	0	0	0	0	
1.45263e+06	0	0	0	236	31	0	0	0	0	0	0	0	
1.45338e+06	0	0	0	293	0	0	0	0	0	0	0	0	
1.45413e+06	0	0	0	247	0	0	0	0	0	0	0	0	
1.45488e+06	0	0	0	273	0	0	0	0	0	0	0	0	
1.45563e+06	0	0	0	283	0	0	0	0	0	0	0	0	
1.45638e+06	0	0	0	265	0	0	0	0	0	0	0	0	
1.45713e+06	0	0	0	257	0	0	0	0	0	0	0	0	
1.45788e+06	0	0	0	291	0	0	0	0	0	0	0	0	
1.45863e+06	0	0	0	239	0	0	0	0	0	0	0	0	
1.45938e+06	0	0	0	239	0	0	0	0	0	0	0	0	
1.46013e+06	0	0	0	263	0	0	0	0	0	0	0	0	
1.46088e+06	0	0	0	263	0	0	0	0	0	0	0	0	
1.46163e+06	0	0	0	269	0	0	0	0	0	0	0	0	
1.46238e+06	0	0	0	241	0	0	0	0	0	0	0	0	
1.46313e+06	0	0	0	251	0	0	0	0	0	0	0	0	
1.46389e+06	0	0	0	265	0	0	0	0	0	0	0	0	
1.46463e+06	0	0	0	261	0	0	0	0	0	0	0	0	
1.46538e+06	0	0	0	239	0	0	0	0	0	0	0	0	
1.46613e+06	0	0	0	275	0	0	0	0	0	0	0	0	
1.46688e+06	0	0	0	239	0	0	0	0	0	0	0	0	
1.46764e+06	0	0	0	253	0	0	0	0	0	0	0	0	
1.46839e+06	0	0	0	247	0	0	0	0	0	0	0	0	
1.46914e+06	0	0	0	289	0	0	0	0	0	0	0	0	
1.46989e+06	0	0	0	261	0	0	0	0	0	0	0	0	
1.47063e+06	0	0	0	239	0	0	0	0	0	0	0	0	
1.47139e+06	0	0	0	277	0	0	0	0	0	0	0	0	
1.47213e+06	0	0	0	255	0	0	0	0	0	0	0	0	
1.47288e+06	0	0	0	261	0	0	0	0	0	0	0	0	
1.47363e+06	0	0	11	240	0	0	0	0	0	0	0	0	
1.47438e+06	0	0	0	267	0	0	0	0	0	0	0	0	
1.47513e+06	0	0	0	275	0	0	0	0	0	0	0	0	
1.47589e+06	0	0	0	247	0	0	0	0	0	0	0	0	
1.47663e+06	0	0	0	255	0	0	0	0	0	0	0	0	
1.47739e+06	0	0	0	257	0	0	0	0	0	0	0	0	
1.47813e+06	0	0	0	265	0	0	0	0	0	0	0	0	
1.47888e+06	0	0	0	275	0	0	0	0	0	0	0	0	
1.47963e+06	0	0	0	257	0	0	0	0	0	0	0	0	
1.48038e+06	0	0	0	263	0	0	0	0	0	0	0	0	
1.48113e+06	0	0	0	0	213	0	0	0	0	0	0	0	
1.48188e+06	0	0	0	0	0	163	0	0	0	0	0	0	
1.48263e+06	0	0	0	0	0	175	0	0	0	0	0	0	
1.48338e+06	0	0	0	0	0	163	0	0	0	0	0	0	
1.48413e+06	0	0	0	0	0	163	0	0	0	0	0	0	
1.48488e+06	0	0	0	0	0	175	0	0	0	0	0	0	
1.48564e+06	0	0	0	0	0	169	0	0	0	0	0	0	
1.48639e+06	0	0	0	0	0	163	0	0	0	0	0	0	
1.48714e+06	0	0	0	0	0	155	0	0	0	0	0	0	
1.48789e+06	0	0	0	0	0	161	0	0	0	0	0	0	
1.48864e+06	0	0	0	0	0	173	0	0	0	0	0	0	
1.48939e+06	0	0	0	0	0	167	0	0	0	0	0	0	
1.49014e+06	0	0	0	0	0	167	0	0	0	0	0	0	
1.49089e+06	0	0	0	0	0	197	0	0	0	0	0	0	
1.49164e+06	0	0	0	0	0	191	0	0	0	0	0	0	
1.49239e+06	0	0	0	0	0	189	0	0	0	0	0	0	
1.49314e+06	0	0	0	0	0	175	0	0	0	0	0	0	
1.49389e+06	0	0	0	0	0	169	0	0	0	0	0	0	
1.49464e+06	0	0	0	0	0	179	0	0	0	0	0	0	
1.4954e+06	0	0	0	0	0	171	0	0	0	0	0	0	
1.49615e+06	0	0	0	0	0	179	0	0	0	0	0	0	
1.4969e+06	0	0	0	0	0	181	0	0	0	0	0	0	
1.49765e+06	0	0	0	0	0	183	0	0	0	0	0	0	
1.49839e+06	0	0	0	0	0	165	0	0	0	0	0	0	
1.49915e+06	0	0	0	0	0	175	0	0	0	0	0	0	
1.49989e+06	0	0	0	0	0	179	0	0	0	0	0	0	
1.49989e+06	0	0	0	0	0	179	0	0	0	0	0	0	
