Time	s0	s1	s2	s3	s4	s5	s6	s7	s8	s9	s10	s11	
0	0	0	0	0	0	0	0	0	0	0	0	200	
0.00152184	0	0	0	0	0	0	0	0	0	0	0	199	
749.89	0	0	0	0	0	0	0	0	0	0	0	53	
1498.88	0	0	0	0	0	0	0	0	0	0	0	53	
2245.78	0	0	0	0	0	0	0	0	0	0	0	47	
2998.54	0	0	0	0	0	0	0	0	0	0	0	49	
3743.78	0	0	0	0	0	0	0	0	0	0	0	55	
4497.06	0	0	0	0	0	0	0	0	0	0	65	0	
5249.86	0	0	0	0	0	0	0	0	0	0	0	41	
6001.63	0	0	0	0	0	0	0	0	0	0	0	67	
6751.63	0	0	0	0	0	0	0	0	0	0	0	55	
7501.74	0	0	0	0	0	0	0	0	0	0	0	49	
8253.8	0	0	0	0	0	0	0	0	0	0	0	47	
9005.99	0	0	0	0	0	0	0	0	0	0	59	0	
9757.84	0	0	0	0	0	0	0	0	0	0	59	0	
10508.2	0	0	0	0	0	0	0	0	0	0	69	0	
11260.5	0	0	0	0	0	0	0	0	0	0	59	0	
12011.1	0	0	0	0	0	0	0	0	0	73	0	0	
12763	0	0	0	0	0	0	0	0	0	71	0	0	
13516.6	0	0	0	0	0	0	0	0	0	87	0	0	
14269.2	0	0	0	0	0	0	0	0	0	0	59	0	
15019.4	0	0	0	0	0	0	0	0	0	0	63	0	
15771.2	0	0	0	0	0	0	0	0	0	0	61	0	
16518.7	0	0	0	0	0	0	0	0	0	0	61	0	
17267.7	0	0	0	0	0	0	0	0	0	0	63	0	
18017.3	0	0	0	0	0	0	0	0	0	0	57	0	
18767.6	0	0	0	0	0	0	0	0	0	0	65	0	
19520.7	0	0	0	0	0	0	0	0	0	0	65	0	
20273	0	0	0	0	0	0	0	0	0	0	51	0	
21018.9	0	0	0	0	0	0	0	0	0	0	73	0	
21769.2	0	0	0	0	0	0	0	0	0	0	65	0	
22520.5	0	0	0	0	0	0	0	0	0	0	51	0	
23268.8	0	0	0	0	0	0	0	0	0	0	53	0	
24017.1	0	0	0	0	0	0	0	0	0	0	67	0	
24767.2	0	0	0	0	0	0	0	0	0	73	0	0	
25517.2	0	0	0	0	0	0	0	0	0	79	0	0	
26266.3	0	0	0	0	0	0	0	0	0	75	0	0	
27015.4	0	0	0	0	0	0	0	0	0	65	0	0	
27770.4	0	0	0	0	0	0	0	0	0	83	0	0	
28521.4	0	0	0	0	0	0	0	0	0	95	0	0	
29271.5	0	0	0	0	0	0	0	0	0	89	0	0	
30019.8	0	0	0	0	0	0	0	0	0	83	0	0	
30768.4	0	0	0	0	0	0	0	0	0	91	0	0	
31518.2	0	0	0	0	0	0	0	0	0	69	0	0	
32270.3	0	0	0	0	0	0	0	0	0	73	0	0	
33019.8	0	0	0	0	0	0	0	0	0	85	0	0	
33768.3	0	0	0	0	0	0	0	0	0	81	0	0	
34515.7	0	0	0	0	0	0	0	0	0	71	0	0	
35268.7	0	0	0	0	0	0	0	0	0	69	0	0	
36015.2	0	0	0	0	0	0	0	0	0	69	0	0	
36764.2	0	0	0	0	0	0	0	0	0	0	53	0	
37513.2	0	0	0	0	0	0	0	0	0	0	65	0	
38262.7	0	0	0	0	0	0	0	0	0	0	55	0	
39015.2	0	0	0	0	0	0	0	0	0	0	51	0	
39764.3	0	0	0	0	0	0	0	0	0	0	75	0	
40513.1	0	0	0	0	0	0	0	0	0	0	77	0	
41262.4	0	0	0	0	0	0	0	0	0	0	69	0	
42010.9	0	0	0	0	0	0	0	0	0	0	81	0	
42761.5	0	0	0	0	0	0	0	0	0	0	61	0	
43513.2	0	0	0	0	0	0	0	0	0	0	77	0	
44262	0	0	0	0	0	0	0	0	0	0	63	0	
45014.2	0	0	0	0	0	0	0	0	0	0	61	0	
45763.3	0	0	0	0	0	0	0	0	0	0	67	0	
46510.1	0	0	0	0	0	0	0	0	0	0	67	0	
47255.7	0	0	0	0	0	0	0	0	0	0	59	0	
48010.1	0	0	0	0	0	0	0	0	0	0	47	0	
48757.6	0	0	0	0	0	0	0	0	0	0	53	0	
49506.2	0	0	0	0	0	0	0	0	0	0	69	0	
50254.4	0	0	0	0	0	0	0	0	0	0	59	0	
51006.7	0	0	0	0	0	0	0	0	0	0	57	0	
51756.4	0	0	0	0	0	0	0	0	0	0	65	0	
52506.4	0	0	0	0	0	0	0	0	0	0	47	0	
53253.6	0	0	0	0	0	0	0	0	0	0	0	37	
54001.7	0	0	0	0	0	0	0	0	0	0	0	49	
54753.7	0	0	0	0	0	0	0	0	0	0	0	59	
55499.7	0	0	0	0	0	0	0	0	0	0	0	45	
56250.3	0	0	0	0	0	0	0	0	0	0	0	53	
57000.2	0	0	0	0	0	0	0	0	0	0	0	67	
57751.6	0	0	0	0	0	0	0	0	0	0	0	49	
58503.7	0	0	0	0	0	0	0	0	0	0	0	49	
59253.2	0	0	0	0	0	0	0	0	0	0	0	53	
60001.4	0	0	0	0	0	0	0	0	0	0	0	45	
60749.3	0	0	0	0	0	0	0	0	0	0	0	51	
61500.3	0	0	0	0	0	0	0	0	0	0	0	59	
62251.3	0	0	0	0	0	0	0	0	0	0	67	0	
63000.6	0	0	0	0	0	0	0	0	0	0	69	0	
63749.7	0	0	0	0	0	0	0	0	0	0	65	0	
64501.8	0	0	0	0	0	0	0	0	0	0	67	0	
65252.3	0	0	0	0	0	0	0	0	0	0	77	0	
66005.2	0	0	0	0	0	0	0	0	0	0	0	47	
66752.4	0	0	0	0	0	0	0	0	0	0	61	0	
67502.7	0	0	0	0	0	0	0	0	0	0	55	0	
68253.5	0	0	0	0	0	0	0	0	0	0	57	0	
69007.3	0	0	0	0	0	0	0	0	0	0	55	0	
69754.9	0	0	0	0	0	0	0	0	0	0	67	0	
70502.5	0	0	0	0	0	0	0	0	0	0	73	0	
71253.5	0	0	0	0	0	0	0	0	0	0	71	0	
72000.6	0	0	0	0	0	0	0	0	0	0	61	0	
72753	0	0	0	0	0	0	0	0	0	0	71	0	
73499.2	0	0	0	0	0	0	0	0	0	0	57	0	
74249.5	0	0	0	0	0	0	0	0	0	0	67	0	
75001	0	0	0	0	0	0	0	0	0	0	61	0	
75751.9	0	0	0	0	0	0	0	0	0	0	55	0	
76501.8	0	0	0	0	0	0	0	0	0	0	59	0	
77251.9	0	0	0	0	0	0	0	0	0	0	59	0	
78000.1	0	0	0	0	0	0	0	0	0	0	57	0	
78749	0	0	0	0	0	0	0	0	0	0	61	0	
79501.1	0	0	0	0	0	0	0	0	0	0	63	0	
80252	0	0	0	0	0	0	0	0	0	0	67	0	
81003	0	0	0	0	0	0	0	0	0	23	32	0	
81751.9	0	0	0	0	0	0	0	0	0	79	2	0	
82502.9	0	0	0	0	0	0	0	0	0	85	0	0	
83255.3	0	0	0	0	0	0	0	0	0	63	0	0	
84003.2	0	0	0	0	0	0	0	0	0	83	0	0	
84755.5	0	0	0	0	0	0	0	0	0	85	0	0	
85508.6	0	0	0	0	0	0	0	0	0	91	0	0	
86254.1	0	0	0	0	0	0	0	0	0	71	0	0	
87005.4	0	0	0	0	0	0	0	0	0	67	0	0	
87755.5	0	0	0	0	0	0	0	1	98	0	0	0	
88506.2	0	0	0	0	0	0	0	0	81	0	0	0	
89255.4	0	0	0	0	0	0	0	0	85	0	0	0	
90006	0	0	0	0	0	0	0	0	103	0	0	0	
90757.4	0	0	0	0	0	0	0	0	107	0	0	0	
91506.9	0	0	0	0	0	0	0	131	0	0	0	0	
92257.1	0	0	0	0	0	0	0	127	0	0	0	0	
93008.5	0	0	0	0	0	0	0	91	0	0	0	0	
93757.4	0	0	0	0	0	0	0	115	0	0	0	0	
94509.1	0	0	0	0	0	0	0	117	0	0	0	0	
95256.8	0	0	0	0	0	0	0	125	0	0	0	0	
96007.4	0	0	0	0	0	0	0	133	0	0	0	0	
96754	0	0	0	0	0	0	0	111	0	0	0	0	
97508.3	0	0	0	0	0	0	0	109	0	0	0	0	
98259.6	0	0	0	0	0	0	0	111	0	0	0	0	
99011.6	0	0	0	0	0	0	0	105	0	0	0	0	
99762.6	0	0	0	0	0	0	0	113	0	0	0	0	
100513	0	0	0	0	0	0	0	111	0	0	0	0	
101262	0	0	0	0	0	0	0	129	0	0	0	0	
102013	0	0	0	0	0	0	0	95	0	0	0	0	
102765	0	0	0	0	0	0	0	119	0	0	0	0	
103511	0	0	0	0	0	0	0	131	0	0	0	0	
104263	0	0	0	0	0	0	0	133	0	0	0	0	
105012	0	0	0	0	0	0	0	127	0	0	0	0	
105761	0	0	0	0	0	0	0	111	0	0	0	0	
106509	0	0	0	0	0	0	0	115	0	0	0	0	
107261	0	0	0	0	0	0	0	117	0	0	0	0	
108012	0	0	0	0	0	0	0	105	0	0	0	0	
108762	0	0	0	0	0	0	0	109	0	0	0	0	
109516	0	0	0	0	0	0	0	127	0	0	0	0	
110266	0	0	0	0	0	0	0	101	0	0	0	0	
111016	0	0	0	0	0	0	0	117	0	0	0	0	
111765	0	0	0	0	0	0	0	107	0	0	0	0	
112516	0	0	0	0	0	0	0	115	0	0	0	0	
113269	0	0	0	0	0	0	0	107	0	0	0	0	
114021	0	0	0	0	0	0	0	119	0	0	0	0	
114770	0	0	0	0	0	0	0	135	0	0	0	0	
115519	0	0	0	0	0	0	0	127	0	0	0	0	
116268	0	0	0	0	0	0	0	109	0	0	0	0	
117020	0	0	0	0	0	0	0	103	0	0	0	0	
117772	0	0	0	0	0	0	0	119	0	0	0	0	
118520	0	0	0	0	0	0	0	95	0	0	0	0	
119269	0	0	0	0	0	0	0	121	0	0	0	0	
120022	0	0	0	0	0	0	0	119	0	0	0	0	
120772	0	0	0	0	0	0	0	135	0	0	0	0	
121523	0	0	0	0	0	0	0	119	0	0	0	0	
122269	0	0	0	0	0	0	0	131	0	0	0	0	
123021	0	0	0	0	0	0	0	131	0	0	0	0	
123774	0	0	0	0	0	0	0	119	0	0	0	0	
124525	0	0	0	0	0	0	38	87	0	0	0	0	
125272	0	0	0	0	0	0	0	133	0	0	0	0	
126024	0	0	0	0	0	0	0	95	0	0	0	0	
126773	0	0	0	0	0	0	0	125	0	0	0	0	
127521	0	0	0	0	0	0	0	125	0	0	0	0	
128272	0	0	0	0	0	0	0	109	0	0	0	0	
129022	0	0	0	0	0	0	0	123	0	0	0	0	
129775	0	0	0	0	0	0	0	119	0	0	0	0	
130524	0	0	0	0	0	0	0	115	0	0	0	0	
131275	0	0	0	0	0	0	0	121	0	0	0	0	
132027	0	0	0	0	0	0	0	107	0	0	0	0	
132779	0	0	0	0	0	0	0	117	0	0	0	0	
133530	0	0	0	0	0	0	0	119	0	0	0	0	
134278	0	0	0	0	0	0	0	131	0	0	0	0	
135025	0	0	0	0	0	0	0	129	0	0	0	0	
135770	0	0	0	0	0	0	0	117	0	0	0	0	
136523	0	0	0	0	0	0	0	109	0	0	0	0	
137273	0	0	0	0	0	0	0	119	0	0	0	0	
138025	0	0	0	0	0	0	0	111	0	0	0	0	
138777	0	0	0	0	0	0	0	117	0	0	0	0	
139530	0	0	0	0	0	0	0	131	0	0	0	0	
140283	0	0	0	0	0	0	0	99	0	0	0	0	
141032	0	0	0	0	0	0	0	113	0	0	0	0	
141781	0	0	0	0	0	0	0	109	0	0	0	0	
142532	0	0	0	0	0	0	0	109	0	0	0	0	
143284	0	0	0	0	0	0	0	125	0	0	0	0	
144035	0	0	0	0	0	0	0	109	0	0	0	0	
144786	0	0	0	0	0	0	0	137	0	0	0	0	
145534	0	0	0	0	0	0	0	125	0	0	0	0	
146284	0	0	0	0	0	0	0	119	0	0	0	0	
147033	0	0	0	0	0	0	0	115	0	0	0	0	
147783	0	0	0	0	0	0	0	99	0	0	0	0	
148534	0	0	0	0	0	0	0	117	0	0	0	0	
149284	0	0	0	0	0	0	0	105	0	0	0	0	
150035	0	0	0	0	0	0	0	113	0	0	0	0	
150787	0	0	0	0	0	0	0	137	0	0	0	0	
151536	0	0	0	0	0	0	0	117	0	0	0	0	
152287	0	0	0	0	0	0	0	101	0	0	0	0	
153040	0	0	0	0	0	0	0	129	0	0	0	0	
153789	0	0	0	0	0	0	0	111	0	0	0	0	
154538	0	0	0	0	0	0	0	121	0	0	0	0	
155287	0	0	0	0	0	0	0	117	0	0	0	0	
156036	0	0	0	0	0	0	0	133	0	0	0	0	
156789	0	0	0	0	0	0	0	93	0	0	0	0	
157537	0	0	0	0	0	0	0	95	0	0	0	0	
158282	0	0	0	0	0	0	0	107	0	0	0	0	
159031	0	0	0	0	0	0	0	127	0	0	0	0	
159780	0	0	0	0	0	0	133	0	0	0	0	0	
160528	0	0	0	0	0	0	153	0	0	0	0	0	
161277	0	0	0	0	0	0	132	11	0	0	0	0	
162026	0	0	0	0	0	0	137	0	0	0	0	0	
162778	0	0	0	0	0	0	137	0	0	0	0	0	
163528	0	0	0	0	0	0	125	0	0	0	0	0	
164281	0	0	0	0	0	0	0	123	0	0	0	0	
165033	0	0	0	0	0	0	0	113	0	0	0	0	
165787	0	0	0	0	0	0	0	119	0	0	0	0	
166538	0	0	0	0	0	0	0	119	0	0	0	0	
167289	0	0	0	0	0	0	0	131	0	0	0	0	
168042	0	0	0	0	0	0	0	105	0	0	0	0	
168790	0	0	0	0	0	0	0	115	0	0	0	0	
169538	0	0	0	0	0	0	0	109	0	0	0	0	
170288	0	0	0	0	0	0	0	105	0	0	0	0	
171041	0	0	0	0	0	0	0	107	0	0	0	0	
171787	0	0	0	0	0	0	145	0	0	0	0	0	
172540	0	0	0	0	0	23	124	0	0	0	0	0	
173291	0	0	0	0	0	0	133	0	0	0	0	0	
174040	0	0	0	0	0	0	133	0	0	0	0	0	
174791	0	0	0	0	0	0	141	0	0	0	0	0	
175539	0	0	0	0	0	0	0	109	0	0	0	0	
176289	0	0	0	0	0	0	0	111	0	0	0	0	
177042	0	0	0	0	0	0	0	99	0	0	0	0	
177793	0	0	0	0	0	0	0	119	0	0	0	0	
178542	0	0	0	0	0	0	0	111	0	0	0	0	
179294	0	0	0	0	0	0	0	107	0	0	0	0	
180043	0	0	0	0	0	0	0	125	0	0	0	0	
180793	0	0	0	0	0	0	0	115	0	0	0	0	
181539	0	0	0	0	0	0	0	125	0	0	0	0	
182289	0	0	0	0	0	0	0	125	0	0	0	0	
183037	0	0	0	0	0	0	0	133	0	0	0	0	
183789	0	0	0	0	0	0	0	111	0	0	0	0	
184540	0	0	0	0	0	0	0	119	0	0	0	0	
185288	0	0	0	0	0	0	0	145	0	0	0	0	
186040	0	0	0	0	0	0	0	123	0	0	0	0	
186789	0	0	0	0	0	0	0	101	0	0	0	0	
187540	0	0	0	0	0	0	0	111	0	0	0	0	
188293	0	0	0	0	0	0	0	111	0	0	0	0	
189042	0	0	0	0	0	0	0	133	0	0	0	0	
189789	0	0	0	0	0	0	0	129	0	0	0	0	
190539	0	0	0	0	0	0	0	121	0	0	0	0	
191289	0	0	0	0	0	0	0	99	0	0	0	0	
192036	0	0	0	0	0	0	0	121	0	0	0	0	
192786	0	0	0	0	0	0	0	101	0	0	0	0	
193536	0	0	0	0	0	0	0	115	0	0	0	0	
194286	0	0	0	0	0	0	0	107	0	0	0	0	
195037	0	0	0	0	0	0	0	119	0	0	0	0	
195790	0	0	0	0	0	0	0	113	0	0	0	0	
196540	0	0	0	0	0	0	0	0	99	0	0	0	
197290	0	0	0	0	0	0	0	0	95	0	0	0	
198038	0	0	0	0	0	0	0	0	91	0	0	0	
198786	0	0	0	0	0	0	0	0	105	0	0	0	
199538	0	0	0	0	0	0	0	1	82	0	0	0	
200289	0	0	0	0	0	0	0	115	0	0	0	0	
201041	0	0	0	0	0	0	0	0	89	0	0	0	
201790	0	0	0	0	0	0	0	0	101	0	0	0	
202543	0	0	0	0	0	0	0	0	83	0	0	0	
203293	0	0	0	0	0	0	0	0	81	0	0	0	
204045	0	0	0	0	0	0	0	0	103	0	0	0	
204795	0	0	0	0	0	0	0	115	0	0	0	0	
205544	0	0	0	0	0	0	0	117	0	0	0	0	
206292	0	0	0	0	0	0	0	123	0	0	0	0	
207041	0	0	0	0	0	0	0	119	0	0	0	0	
207786	0	0	0	0	0	0	0	121	0	0	0	0	
208537	0	0	0	0	0	0	0	105	0	0	0	0	
209287	0	0	0	0	0	0	0	115	0	0	0	0	
210038	0	0	0	0	0	0	0	103	0	0	0	0	
210790	0	0	0	0	0	0	139	0	0	0	0	0	
211539	0	0	0	0	0	0	157	0	0	0	0	0	
212285	0	0	0	0	0	0	139	0	0	0	0	0	
213035	0	0	0	0	0	0	151	0	0	0	0	0	
213785	0	0	0	0	0	0	121	0	0	0	0	0	
214537	0	0	0	0	0	0	135	0	0	0	0	0	
215286	0	0	0	0	0	0	131	0	0	0	0	0	
216037	0	0	0	0	0	0	143	0	0	0	0	0	
216783	0	0	0	0	0	0	153	0	0	0	0	0	
217532	0	0	0	0	0	0	125	0	0	0	0	0	
218282	0	0	0	0	0	0	135	0	0	0	0	0	
219031	0	0	0	0	0	0	149	0	0	0	0	0	
219785	0	0	0	0	0	0	173	0	0	0	0	0	
220535	0	0	0	0	0	0	147	0	0	0	0	0	
221285	0	0	0	0	0	0	143	0	0	0	0	0	
222036	0	0	0	0	0	0	160	1	0	0	0	0	
222784	0	0	0	0	0	0	135	0	0	0	0	0	
223533	0	0	0	0	0	0	123	0	0	0	0	0	
224281	0	0	0	0	0	0	147	0	0	0	0	0	
225031	0	0	0	0	0	0	187	0	0	0	0	0	
225783	0	0	0	0	0	0	139	0	0	0	0	0	
226535	0	0	0	0	0	0	143	0	0	0	0	0	
227288	0	0	0	0	0	0	145	0	0	0	0	0	
228040	0	0	0	0	0	0	143	0	0	0	0	0	
228790	0	0	0	0	0	0	145	0	0	0	0	0	
229537	0	0	0	0	0	0	135	0	0	0	0	0	
230288	0	0	0	0	0	0	137	0	0	0	0	0	
231037	0	0	0	0	0	0	145	0	0	0	0	0	
231783	0	0	0	0	0	0	123	0	0	0	0	0	
232533	0	0	0	0	0	0	141	0	0	0	0	0	
233284	0	0	0	0	0	0	131	0	0	0	0	0	
234035	0	0	0	0	0	0	137	0	0	0	0	0	
234787	0	0	0	0	0	0	137	0	0	0	0	0	
235537	0	0	0	0	0	0	131	0	0	0	0	0	
236287	0	0	0	0	0	0	143	0	0	0	0	0	
237037	0	0	0	0	0	0	139	0	0	0	0	0	
237787	0	0	0	0	0	0	0	117	0	0	0	0	
238535	0	0	0	0	0	0	0	123	0	0	0	0	
239287	0	0	0	0	0	0	0	109	0	0	0	0	
240038	0	0	0	0	0	0	0	119	0	0	0	0	
240789	0	0	0	0	0	0	0	111	0	0	0	0	
241537	0	0	0	0	0	0	0	117	0	0	0	0	
242287	0	0	0	0	0	0	0	115	0	0	0	0	
243038	0	0	0	0	0	0	0	125	0	0	0	0	
243790	0	0	0	0	0	0	0	115	0	0	0	0	
244543	0	0	0	0	0	0	0	93	0	0	0	0	
245290	0	0	0	0	0	0	0	119	0	0	0	0	
246042	0	0	0	0	0	0	0	99	0	0	0	0	
246796	0	0	0	0	0	0	0	113	0	0	0	0	
247546	0	0	0	0	0	0	0	135	0	0	0	0	
248294	0	0	0	0	0	0	0	127	0	0	0	0	
249046	0	0	0	0	0	0	0	125	0	0	0	0	
249795	0	0	0	0	0	0	0	91	0	0	0	0	
250545	0	0	0	0	0	0	0	119	0	0	0	0	
251296	0	0	0	0	0	0	0	135	0	0	0	0	
252045	0	0	0	0	0	0	0	88	35	0	0	0	
252795	0	0	0	0	0	0	0	111	0	0	0	0	
253544	0	0	0	0	0	0	0	113	0	0	0	0	
254296	0	0	0	0	0	0	0	131	0	0	0	0	
255045	0	0	0	0	0	0	0	125	0	0	0	0	
255794	0	0	0	0	0	0	0	115	0	0	0	0	
256546	0	0	0	0	0	0	0	131	0	0	0	0	
257297	0	0	0	0	0	0	0	121	0	0	0	0	
258045	0	0	0	0	0	0	0	0	105	0	0	0	
258800	0	0	0	0	0	0	0	0	91	0	0	0	
259549	0	0	0	0	0	0	0	0	111	0	0	0	
260298	0	0	0	0	0	0	0	0	93	0	0	0	
261047	0	0	0	0	0	0	0	0	87	0	0	0	
261796	0	0	0	0	0	0	0	109	0	0	0	0	
262546	0	0	0	0	0	0	0	113	0	0	0	0	
263297	0	0	0	0	0	0	0	137	0	0	0	0	
264046	0	0	0	0	0	0	0	97	0	0	0	0	
264797	0	0	0	0	0	0	0	125	0	0	0	0	
265546	0	0	0	0	0	0	0	121	0	0	0	0	
266296	0	0	0	0	0	0	0	99	0	0	0	0	
267044	0	0	0	0	0	0	0	119	0	0	0	0	
267796	0	0	0	0	0	0	0	121	0	0	0	0	
268545	0	0	0	0	0	0	0	105	0	0	0	0	
269295	0	0	0	0	0	0	0	0	111	0	0	0	
270043	0	0	0	0	0	0	0	0	89	0	0	0	
270795	0	0	0	0	0	0	0	107	0	0	0	0	
271547	0	0	0	0	0	0	0	109	0	0	0	0	
272300	0	0	0	0	0	0	0	123	0	0	0	0	
273048	0	0	0	0	0	0	85	56	0	0	0	0	
273794	0	0	0	0	0	0	181	0	0	0	0	0	
274544	0	0	0	0	0	0	131	0	0	0	0	0	
275295	0	0	0	0	0	0	169	0	0	0	0	0	
276044	0	0	0	0	0	0	143	0	0	0	0	0	
276795	0	0	0	0	0	0	139	0	0	0	0	0	
277547	0	0	0	0	0	0	119	0	0	0	0	0	
278298	0	0	0	0	0	0	137	0	0	0	0	0	
279049	0	0	0	0	0	0	143	0	0	0	0	0	
279797	0	0	0	0	0	0	167	0	0	0	0	0	
280547	0	0	0	0	0	2	149	0	0	0	0	0	
281298	0	0	0	0	0	0	145	0	0	0	0	0	
282047	0	0	0	0	0	0	139	0	0	0	0	0	
282795	0	0	0	0	0	0	153	0	0	0	0	0	
283548	0	0	0	0	0	0	149	0	0	0	0	0	
284297	0	0	0	0	0	0	125	0	0	0	0	0	
285047	0	0	0	0	0	0	157	0	0	0	0	0	
285798	0	0	0	0	0	0	137	0	0	0	0	0	
286550	0	0	0	0	0	0	149	0	0	0	0	0	
287300	0	0	0	0	0	0	119	0	0	0	0	0	
288050	0	0	0	0	0	0	119	0	0	0	0	0	
288802	0	0	0	0	0	0	153	0	0	0	0	0	
289549	0	0	0	0	0	0	161	0	0	0	0	0	
290303	0	0	0	0	0	0	163	0	0	0	0	0	
291049	0	0	0	0	0	0	145	0	0	0	0	0	
291795	0	0	0	0	0	0	131	0	0	0	0	0	
292546	0	0	0	0	0	0	153	0	0	0	0	0	
293296	0	0	0	0	0	0	0	129	0	0	0	0	
294048	0	0	0	0	0	0	0	115	0	0	0	0	
294799	0	0	0	0	0	0	0	117	0	0	0	0	
295549	0	0	0	0	0	0	0	141	0	0	0	0	
296299	0	0	0	0	0	0	0	107	0	0	0	0	
297049	0	0	0	0	0	0	0	123	0	0	0	0	
297797	0	0	0	0	0	0	0	48	51	0	0	0	
298547	0	0	0	0	0	0	0	137	0	0	0	0	
299293	0	0	0	0	0	0	0	109	0	0	0	0	
300040	0	0	0	0	0	0	0	119	0	0	0	0	
300794	0	0	0	0	0	0	0	103	0	0	0	0	
301542	0	0	0	0	0	0	0	99	0	0	0	0	
302292	0	0	0	0	0	0	0	103	0	0	0	0	
303046	0	0	0	0	0	0	0	101	0	0	0	0	
303793	0	0	0	0	0	0	0	97	0	0	0	0	
304545	0	0	0	0	0	0	0	123	0	0	0	0	
305293	0	0	0	0	0	0	0	125	0	0	0	0	
306042	0	0	0	0	0	0	0	117	0	0	0	0	
306794	0	0	0	0	0	0	0	117	0	0	0	0	
307546	0	0	0	0	0	0	0	107	0	0	0	0	
308295	0	0	0	0	0	0	0	125	0	0	0	0	
309044	0	0	0	0	0	0	0	97	0	0	0	0	
309793	0	0	0	0	0	0	0	121	0	0	0	0	
310542	0	0	0	0	0	0	0	115	0	0	0	0	
311292	0	0	0	0	0	0	0	103	0	0	0	0	
312042	0	0	0	0	0	0	0	99	0	0	0	0	
312793	0	0	0	0	0	0	0	113	0	0	0	0	
313541	0	0	0	0	0	0	0	115	0	0	0	0	
314292	0	0	0	0	0	0	0	113	0	0	0	0	
315042	0	0	0	0	0	0	0	123	0	0	0	0	
315795	0	0	0	0	0	0	0	117	0	0	0	0	
316545	0	0	0	0	0	0	0	135	0	0	0	0	
317295	0	0	0	0	0	0	0	115	0	0	0	0	
318045	0	0	0	0	0	0	0	103	0	0	0	0	
318791	0	0	0	0	0	0	0	113	0	0	0	0	
319545	0	0	0	0	0	0	0	95	0	0	0	0	
320294	0	0	0	0	0	0	0	103	0	0	0	0	
321042	0	0	0	0	0	0	0	101	0	0	0	0	
321794	0	0	0	0	0	0	0	129	0	0	0	0	
322543	0	0	0	0	0	0	0	121	0	0	0	0	
323293	0	0	0	0	0	0	0	105	0	0	0	0	
324046	0	0	0	0	0	0	0	115	0	0	0	0	
324792	0	0	0	0	0	0	0	111	6	0	0	0	
325542	0	0	0	0	0	0	0	127	0	0	0	0	
326294	0	0	0	0	0	0	0	109	0	0	0	0	
327046	0	0	0	0	0	0	0	125	0	0	0	0	
327796	0	0	0	0	0	0	0	113	0	0	0	0	
328542	0	0	0	0	0	0	0	123	0	0	0	0	
329291	0	0	0	0	0	0	0	101	0	0	0	0	
330037	0	0	0	0	0	0	0	123	0	0	0	0	
330787	0	0	0	0	0	0	0	115	0	0	0	0	
331538	0	0	0	0	0	0	0	131	0	0	0	0	
332291	0	0	0	0	0	0	0	109	0	0	0	0	
333039	0	0	0	0	0	0	0	99	0	0	0	0	
333788	0	0	0	0	0	0	0	125	0	0	0	0	
334541	0	0	0	0	0	0	0	115	0	0	0	0	
335287	0	0	0	0	0	0	0	111	0	0	0	0	
336036	0	0	0	0	0	0	0	0	93	0	0	0	
336785	0	0	0	0	0	0	0	0	0	65	0	0	
337538	0	0	0	0	0	0	0	0	0	69	0	0	
338289	0	0	0	0	0	0	0	0	0	69	0	0	
339037	0	0	0	0	0	0	0	0	0	67	0	0	
339787	0	0	0	0	0	0	0	0	0	71	0	0	
340539	0	0	0	0	0	0	0	0	0	73	0	0	
341289	0	0	0	0	0	0	0	0	0	81	0	0	
342040	0	0	0	0	0	0	0	0	0	77	0	0	
342791	0	0	0	0	0	0	0	0	0	63	0	0	
343537	0	0	0	0	0	0	0	0	0	59	0	0	
344287	0	0	0	0	0	0	0	0	0	81	0	0	
345037	0	0	0	0	0	0	0	0	0	79	0	0	
345784	0	0	0	0	0	0	0	0	0	81	0	0	
346534	0	0	0	0	0	0	0	0	0	65	0	0	
347284	0	0	0	0	0	0	0	0	0	83	0	0	
348034	0	0	0	0	0	0	0	0	0	79	0	0	
348782	0	0	0	0	0	0	0	0	0	75	0	0	
349536	0	0	0	0	0	0	0	0	0	69	0	0	
350283	0	0	0	0	0	0	0	0	0	81	0	0	
351031	0	0	0	0	0	0	0	0	0	85	0	0	
351782	0	0	0	0	0	0	0	0	0	79	0	0	
352534	0	0	0	0	0	0	0	0	0	87	0	0	
353286	0	0	0	0	0	0	0	0	0	0	69	0	
354033	0	0	0	0	0	0	0	0	0	0	63	0	
354784	0	0	0	0	0	0	0	0	0	0	67	0	
355534	0	0	0	0	0	0	0	0	0	0	59	0	
356278	0	0	0	0	0	0	0	0	0	0	61	0	
357026	0	0	0	0	0	0	0	0	0	0	69	0	
357778	0	0	0	0	0	0	0	0	0	0	61	0	
358527	0	0	0	0	0	0	0	0	0	0	63	0	
359278	0	0	0	0	0	0	0	0	0	0	63	0	
360025	0	0	0	0	0	0	0	0	0	0	73	0	
360775	0	0	0	0	0	0	0	0	0	91	0	0	
361526	0	0	0	0	0	0	0	0	0	67	0	0	
362277	0	0	0	0	0	0	0	0	0	67	0	0	
363026	0	0	0	0	0	0	0	0	0	91	0	0	
363776	0	0	0	0	0	0	0	0	0	71	0	0	
364528	0	0	0	0	0	0	0	0	0	81	0	0	
365277	0	0	0	0	0	0	0	0	0	83	0	0	
366026	0	0	0	0	0	0	0	0	0	67	0	0	
366776	0	0	0	0	0	0	0	0	0	0	67	0	
367526	0	0	0	0	0	0	0	0	0	0	55	0	
368275	0	0	0	0	0	0	0	0	0	0	61	0	
369024	0	0	0	0	0	0	0	0	0	0	63	0	
369775	0	0	0	0	0	0	0	0	0	0	61	0	
370526	0	0	0	0	0	0	0	0	0	0	67	0	
371278	0	0	0	0	0	0	0	0	0	0	59	0	
372032	0	0	0	0	0	0	0	0	0	0	75	0	
372782	0	0	0	0	0	0	0	0	0	0	57	0	
373533	0	0	0	0	0	0	0	0	0	0	65	0	
374283	0	0	0	0	0	0	0	0	0	0	65	0	
375031	0	0	0	0	0	0	0	0	0	0	57	0	
375784	0	0	0	0	0	0	0	0	0	0	73	0	
376535	0	0	0	0	0	0	0	0	0	79	0	0	
377283	0	0	0	0	0	0	0	0	0	65	0	0	
378032	0	0	0	0	0	0	0	0	0	97	0	0	
378778	0	0	0	0	0	0	0	0	0	75	0	0	
379531	0	0	0	0	0	0	0	0	0	73	0	0	
380280	0	0	0	0	0	0	0	0	0	85	0	0	
381032	0	0	0	0	0	0	0	0	0	93	0	0	
381782	0	0	0	0	0	0	0	0	0	81	0	0	
382531	0	0	0	0	0	0	0	0	0	73	0	0	
383281	0	0	0	0	0	0	0	0	0	71	0	0	
384030	0	0	0	0	0	0	0	0	0	83	0	0	
384782	0	0	0	0	0	0	0	0	0	77	0	0	
385531	0	0	0	0	0	0	0	0	0	81	0	0	
386279	0	0	0	0	0	0	0	0	0	71	0	0	
387028	0	0	0	0	0	0	0	0	0	83	0	0	
387781	0	0	0	0	0	0	0	0	0	71	0	0	
388531	0	0	0	0	0	0	0	0	0	79	0	0	
389278	0	0	0	0	0	0	0	0	0	71	0	0	
390027	0	0	0	0	0	0	0	0	0	79	0	0	
390779	0	0	0	0	0	0	0	0	0	97	0	0	
391529	0	0	0	0	0	0	0	0	0	85	0	0	
392277	0	0	0	0	0	0	0	0	97	0	0	0	
393031	0	0	0	0	0	0	0	0	101	0	0	0	
393779	0	0	0	0	0	0	0	0	71	0	0	0	
394525	0	0	0	0	0	0	0	0	95	0	0	0	
395275	0	0	0	0	0	0	0	0	101	0	0	0	
396027	0	0	0	0	0	0	0	0	97	0	0	0	
396776	0	0	0	0	0	0	0	0	89	0	0	0	
397521	0	0	0	0	0	0	0	0	79	0	0	0	
398273	0	0	0	0	0	0	0	0	87	0	0	0	
399021	0	0	0	0	0	0	0	0	71	0	0	0	
399774	0	0	0	0	0	0	0	0	99	0	0	0	
400526	0	0	0	0	0	0	0	0	107	0	0	0	
401275	0	0	0	0	0	0	0	0	107	0	0	0	
402025	0	0	0	0	0	0	0	0	103	0	0	0	
402778	0	0	0	0	0	0	0	1	102	0	0	0	
403528	0	0	0	0	0	0	0	0	105	0	0	0	
404279	0	0	0	0	0	0	0	0	113	0	0	0	
405030	0	0	0	0	0	0	0	0	95	0	0	0	
405777	0	0	0	0	0	0	0	0	99	0	0	0	
406527	0	0	0	0	0	0	0	0	4	79	0	0	
407280	0	0	0	0	0	0	0	0	0	71	0	0	
408029	0	0	0	0	0	0	0	0	0	85	0	0	
408777	0	0	0	0	0	0	0	0	0	81	0	0	
409530	0	0	0	0	0	0	0	0	0	73	0	0	
410281	0	0	0	0	0	0	0	0	0	87	0	0	
411030	0	0	0	0	0	0	0	0	0	65	0	0	
411780	0	0	0	0	0	0	0	0	0	55	0	0	
412528	0	0	0	0	0	0	0	0	0	61	0	0	
413274	0	0	0	0	0	0	0	0	0	89	0	0	
414022	0	0	0	0	0	0	0	0	0	73	0	0	
414772	0	0	0	0	0	0	0	0	0	73	0	0	
415521	0	0	0	0	0	0	0	0	0	71	0	0	
416273	0	0	0	0	0	0	0	0	0	93	0	0	
417025	0	0	0	0	0	0	0	0	0	95	0	0	
417774	0	0	0	0	0	0	0	0	0	79	0	0	
418523	0	0	0	0	0	0	0	0	0	73	0	0	
419274	0	0	0	0	0	0	0	0	0	73	0	0	
420025	0	0	0	0	0	0	0	0	0	69	0	0	
420774	0	0	0	0	0	0	0	0	0	75	0	0	
421525	0	0	0	0	0	0	0	0	0	83	0	0	
422277	0	0	0	0	0	0	0	0	0	81	0	0	
423024	0	0	0	0	0	0	0	0	0	85	0	0	
423772	0	0	0	0	0	0	0	0	0	65	0	0	
424519	0	0	0	0	0	0	0	0	0	79	0	0	
425271	0	0	0	0	0	0	0	0	0	65	0	0	
426022	0	0	0	0	0	0	0	0	0	79	0	0	
426773	0	0	0	0	0	0	0	0	0	77	0	0	
427527	0	0	0	0	0	0	0	0	0	65	0	0	
428279	0	0	0	0	0	0	0	0	18	61	0	0	
429024	0	0	0	0	0	0	0	0	0	83	0	0	
429773	0	0	0	0	0	0	0	0	2	57	0	0	
430525	0	0	0	0	0	0	0	0	0	79	0	0	
431274	0	0	0	0	0	0	0	0	0	69	0	0	
432023	0	0	0	0	0	0	0	0	0	79	0	0	
432773	0	0	0	0	0	0	0	0	0	83	0	0	
433523	0	0	0	0	0	0	0	0	0	91	0	0	
434276	0	0	0	0	0	0	0	0	0	61	0	0	
435024	0	0	0	0	0	0	0	0	0	0	0	69	
435773	0	0	0	0	0	0	0	0	0	0	0	51	
436524	0	0	0	0	0	0	0	0	0	0	0	61	
437278	0	0	0	0	0	0	0	0	0	0	0	41	
438028	0	0	0	0	0	0	0	0	0	0	0	53	
438776	0	0	0	0	0	0	0	0	0	0	0	43	
439531	0	0	0	0	0	0	0	0	0	0	0	45	
440282	0	0	0	0	0	0	0	0	0	0	0	55	
441031	0	0	0	0	0	0	0	0	0	0	0	49	
441779	0	0	0	0	0	0	0	0	0	0	0	51	
442532	0	0	0	0	0	0	0	0	0	0	0	45	
443283	0	0	0	0	0	0	0	0	0	0	0	47	
444035	0	0	0	0	0	0	0	0	0	0	0	51	
444783	0	0	0	0	0	0	0	0	0	0	0	43	
445533	0	0	0	0	0	0	0	0	0	0	0	57	
446281	0	0	0	0	0	0	0	0	0	0	0	51	
447027	0	0	0	0	0	0	0	0	0	0	0	43	
447774	0	0	0	0	0	0	0	0	0	0	0	63	
448523	0	0	0	0	0	0	0	0	0	0	0	49	
449272	0	0	0	0	0	0	0	0	0	0	0	61	
450023	0	0	0	0	0	0	0	0	0	0	0	51	
450778	0	0	0	0	0	0	0	0	0	0	0	57	
451530	0	0	0	0	0	0	0	0	0	0	0	41	
452280	0	0	0	0	0	0	0	0	0	0	0	45	
453032	0	0	0	0	0	0	0	0	0	0	0	47	
453781	0	0	0	0	0	0	0	0	0	0	0	55	
454529	0	0	0	0	0	0	0	0	0	0	0	47	
455276	0	0	0	0	0	0	0	0	0	0	0	47	
456026	0	0	0	0	0	0	0	0	0	0	0	47	
456777	0	0	0	0	0	0	0	0	0	0	0	49	
457527	0	0	0	0	0	0	0	0	0	0	0	63	
458277	0	0	0	0	0	0	0	0	0	0	0	53	
459029	0	0	0	0	0	0	0	0	0	0	0	61	
459778	0	0	0	0	0	0	0	0	0	0	0	43	
460528	0	0	0	0	0	0	0	0	0	0	0	49	
461276	0	0	0	0	0	0	0	0	0	0	0	55	
462028	0	0	0	0	0	0	0	0	0	0	0	47	
462776	0	0	0	0	0	0	0	0	0	0	0	61	
463526	0	0	0	0	0	0	0	0	0	0	0	35	
464272	0	0	0	0	0	0	0	0	0	0	0	49	
465019	0	0	0	0	0	0	0	0	0	0	0	35	
465769	0	0	0	0	0	0	0	0	0	0	0	53	
466519	0	0	0	0	0	0	0	0	0	0	0	35	
467269	0	0	0	0	0	0	0	0	0	0	0	57	
468020	0	0	0	0	0	0	0	0	0	0	0	61	
468771	0	0	0	0	0	0	0	0	0	0	0	51	
469520	0	0	0	0	0	0	0	0	0	0	0	51	
470271	0	0	0	0	0	0	0	0	0	0	0	59	
471024	0	0	0	0	0	0	0	0	0	0	0	53	
471774	0	0	0	0	0	0	0	0	0	0	0	47	
472524	0	0	0	0	0	0	0	0	0	0	0	47	
473272	0	0	0	0	0	0	0	0	0	0	61	0	
474018	0	0	0	0	0	0	0	0	0	0	65	0	
474770	0	0	0	0	0	0	0	0	0	0	79	0	
475519	0	0	0	0	0	0	0	0	0	0	71	0	
476271	0	0	0	0	0	0	0	0	0	0	49	0	
477020	0	0	0	0	0	0	0	0	0	0	61	0	
477766	0	0	0	0	0	0	0	0	0	0	75	0	
478513	0	0	0	0	0	0	0	0	0	0	49	0	
479262	0	0	0	0	0	0	0	0	0	0	51	0	
480012	0	0	0	0	0	0	0	0	0	0	57	0	
480763	0	0	0	0	0	0	0	0	0	0	65	0	
481510	0	0	0	0	0	0	0	0	0	0	73	0	
482259	0	0	0	0	0	0	0	0	0	0	61	0	
483011	0	0	0	0	0	0	0	0	0	0	63	0	
483761	0	0	0	0	0	0	0	0	0	0	57	0	
484512	0	0	0	0	0	0	0	0	0	0	83	0	
485264	0	0	0	0	0	0	0	0	0	0	51	0	
486018	0	0	0	0	0	0	0	0	0	0	57	0	
486769	0	0	0	0	0	0	0	0	0	0	63	0	
487515	0	0	0	0	0	0	0	0	0	0	63	0	
488267	0	0	0	0	0	0	0	0	0	0	57	0	
489019	0	0	0	0	0	0	0	0	0	0	59	0	
489769	0	0	0	0	0	0	0	0	0	0	49	0	
490520	0	0	0	0	0	0	0	0	0	0	65	0	
491269	0	0	0	0	0	0	0	0	0	0	57	0	
492019	0	0	0	0	0	0	0	0	0	0	61	0	
492771	0	0	0	0	0	0	0	0	0	0	45	0	
493520	0	0	0	0	0	0	0	0	0	0	57	0	
494268	0	0	0	0	0	0	0	0	0	59	0	0	
495017	0	0	0	0	0	0	0	0	0	73	0	0	
495767	0	0	0	0	0	0	0	0	0	83	0	0	
496516	0	0	0	0	0	0	0	0	0	79	0	0	
497263	0	0	0	0	0	0	0	0	0	79	0	0	
498012	0	0	0	0	0	0	0	0	0	65	0	0	
498763	0	0	0	0	0	0	0	0	87	0	0	0	
499515	0	0	0	0	0	0	0	0	117	0	0	0	
500264	0	0	0	0	0	0	0	0	99	0	0	0	
501014	0	0	0	0	0	0	0	0	85	0	0	0	
501763	0	0	0	0	0	0	0	0	89	0	0	0	
502510	0	0	0	0	0	0	0	0	103	0	0	0	
503262	0	0	0	0	0	0	0	0	95	0	0	0	
504012	0	0	0	0	0	0	0	0	105	0	0	0	
504763	0	0	0	0	0	0	0	106	1	0	0	0	
505513	0	0	0	0	0	0	0	117	0	0	0	0	
506260	0	0	0	0	0	0	0	105	0	0	0	0	
507012	0	0	0	0	0	0	0	119	0	0	0	0	
507761	0	0	0	0	0	0	0	125	0	0	0	0	
508510	0	0	0	0	0	0	0	109	0	0	0	0	
509259	0	0	0	0	0	0	0	133	0	0	0	0	
510008	0	0	0	0	0	0	0	0	103	0	0	0	
510758	0	0	0	0	0	0	0	0	99	0	0	0	
511512	0	0	0	0	0	0	0	0	91	0	0	0	
512262	0	0	0	0	0	0	0	0	91	0	0	0	
513015	0	0	0	0	0	0	0	0	103	0	0	0	
513764	0	0	0	0	0	0	0	0	101	0	0	0	
514516	0	0	0	0	0	0	0	0	97	0	0	0	
515267	0	0	0	0	0	0	0	0	101	0	0	0	
516015	0	0	0	0	0	0	0	0	97	0	0	0	
516770	0	0	0	0	0	0	0	0	93	0	0	0	
517518	0	0	0	0	0	0	0	0	81	0	0	0	
518271	0	0	0	0	0	0	0	0	103	0	0	0	
519022	0	0	0	0	0	0	0	0	97	0	0	0	
519774	0	0	0	0	0	0	0	0	85	0	0	0	
520523	0	0	0	0	0	0	0	0	93	0	0	0	
521273	0	0	0	0	0	0	0	0	93	0	0	0	
522023	0	0	0	0	0	0	0	0	95	0	0	0	
522772	0	0	0	0	0	0	0	0	91	0	0	0	
523519	0	0	0	0	0	0	0	0	99	0	0	0	
524269	0	0	0	0	0	0	0	0	0	81	0	0	
525021	0	0	0	0	0	0	0	0	0	65	0	0	
525773	0	0	0	0	0	0	0	0	0	81	0	0	
526522	0	0	0	0	0	0	0	0	0	83	0	0	
527270	0	0	0	0	0	0	0	0	0	75	0	0	
528019	0	0	0	0	0	0	0	0	0	71	0	0	
528772	0	0	0	0	0	0	0	0	0	77	0	0	
529523	0	0	0	0	0	0	0	0	0	65	0	0	
530272	0	0	0	0	0	0	0	0	0	75	0	0	
531024	0	0	0	0	0	0	0	0	0	93	0	0	
531778	0	0	0	0	0	0	0	0	0	79	0	0	
532530	0	0	0	0	0	0	0	0	0	63	0	0	
533280	0	0	0	0	0	0	0	0	0	73	0	0	
534032	0	0	0	0	0	0	0	0	0	81	0	0	
534781	0	0	0	0	0	0	0	0	0	85	0	0	
535528	0	0	0	0	0	0	0	0	0	73	0	0	
536278	0	0	0	0	0	0	0	0	0	57	0	0	
537027	0	0	0	0	0	0	0	0	0	77	0	0	
537778	0	0	0	0	0	0	0	0	0	87	0	0	
538529	0	0	0	0	0	0	0	0	0	0	67	0	
539279	0	0	0	0	0	0	0	0	0	0	57	0	
540030	0	0	0	0	0	0	0	0	0	0	63	0	
540778	0	0	0	0	0	0	0	0	0	0	77	0	
541528	0	0	0	0	0	0	0	0	0	0	63	0	
542275	0	0	0	0	0	0	0	0	0	0	55	0	
543024	0	0	0	0	0	0	0	0	0	0	55	0	
543772	0	0	0	0	0	0	0	0	0	0	63	0	
544521	0	0	0	0	0	0	0	0	0	0	57	0	
545269	0	0	0	0	0	0	0	0	0	0	77	0	
546018	0	0	0	0	0	0	0	0	0	0	51	0	
546765	0	0	0	0	0	0	0	0	0	0	65	0	
547517	0	0	0	0	0	0	0	0	0	0	63	0	
548267	0	0	0	0	0	0	0	0	0	0	65	0	
549015	0	0	0	0	0	0	0	0	0	61	14	0	
549766	0	0	0	0	0	0	0	0	0	73	0	0	
550514	0	0	0	0	0	0	0	0	0	75	0	0	
551267	0	0	0	0	0	0	0	0	0	87	0	0	
552016	0	0	0	0	0	0	0	0	0	69	0	0	
552767	0	0	0	0	0	0	0	0	0	81	0	0	
553513	0	0	0	0	0	0	0	0	0	71	0	0	
554264	0	0	0	0	0	0	0	0	0	69	0	0	
555014	0	0	0	0	0	0	0	0	0	69	0	0	
555760	0	0	0	0	0	0	0	0	0	75	0	0	
556508	0	0	0	0	0	0	0	0	0	0	59	0	
557258	0	0	0	0	0	0	0	0	0	0	65	0	
558009	0	0	0	0	0	0	0	0	0	0	61	0	
558752	0	0	0	0	0	0	0	0	0	0	53	0	
559504	0	0	0	0	0	0	0	0	0	0	61	0	
560253	0	0	0	0	0	0	0	0	0	0	63	0	
561006	0	0	0	0	0	0	0	0	0	0	65	0	
561758	0	0	0	0	0	0	0	0	0	0	63	0	
562511	0	0	0	0	0	0	0	0	0	0	71	0	
563261	0	0	0	0	0	0	0	0	0	0	81	0	
564011	0	0	0	0	0	0	0	0	0	73	0	0	
564763	0	0	0	0	0	0	0	0	0	79	0	0	
565509	0	0	0	0	0	0	0	0	0	75	0	0	
566260	0	0	0	0	0	0	0	0	0	87	0	0	
567011	0	0	0	0	0	0	0	0	0	49	0	0	
567760	0	0	0	0	0	0	0	0	0	69	0	0	
568508	0	0	0	0	0	0	0	0	0	71	0	0	
569262	0	0	0	0	0	0	0	0	0	83	0	0	
570011	0	0	0	0	0	0	0	0	0	77	0	0	
570761	0	0	0	0	0	0	0	0	0	85	0	0	
571515	0	0	0	0	0	0	0	0	0	71	0	0	
572263	0	0	0	0	0	0	0	0	0	71	0	0	
573015	0	0	0	0	0	0	0	0	0	83	0	0	
573766	0	0	0	0	0	0	0	0	0	81	0	0	
574517	0	0	0	0	0	0	0	0	0	63	0	0	
575270	0	0	0	0	0	0	0	0	0	63	0	0	
576020	0	0	0	0	0	0	0	0	0	71	0	0	
576768	0	0	0	0	0	0	0	0	0	93	0	0	
577520	0	0	0	0	0	0	0	0	0	75	0	0	
578268	0	0	0	0	0	0	0	0	0	77	0	0	
579021	0	0	0	0	0	0	0	0	0	69	0	0	
579771	0	0	0	0	0	0	0	0	0	79	0	0	
580521	0	0	0	0	0	0	0	0	0	85	0	0	
581273	0	0	0	0	0	0	0	0	0	79	0	0	
582023	0	0	0	0	0	0	0	0	97	0	0	0	
582770	0	0	0	0	0	0	0	101	0	0	0	0	
583520	0	0	0	0	0	0	0	99	0	0	0	0	
584265	0	0	0	0	0	0	0	121	0	0	0	0	
585012	0	0	0	0	0	0	0	115	0	0	0	0	
585763	0	0	0	0	0	0	0	121	0	0	0	0	
586516	0	0	0	0	0	0	0	119	0	0	0	0	
587266	0	0	0	0	0	0	0	109	0	0	0	0	
588019	0	0	0	0	0	0	0	105	0	0	0	0	
588771	0	0	0	0	0	0	0	111	0	0	0	0	
589518	0	0	0	0	0	0	0	125	0	0	0	0	
590268	0	0	0	0	0	0	0	129	0	0	0	0	
591015	0	0	0	0	0	0	0	127	0	0	0	0	
591769	0	0	0	0	0	0	0	109	0	0	0	0	
592516	0	0	0	0	0	0	0	139	0	0	0	0	
593267	0	0	0	0	0	0	0	125	0	0	0	0	
594016	0	0	0	0	0	0	0	115	0	0	0	0	
594766	0	0	0	0	0	0	0	127	0	0	0	0	
595516	0	0	0	0	0	0	0	117	0	0	0	0	
596268	0	0	0	0	0	0	0	125	0	0	0	0	
597019	0	0	0	0	0	0	0	119	0	0	0	0	
597768	0	0	0	0	0	0	0	105	0	0	0	0	
598514	0	0	0	0	0	0	0	131	0	0	0	0	
599262	0	0	0	0	0	0	0	129	0	0	0	0	
600013	0	0	0	0	0	0	0	125	0	0	0	0	
600761	0	0	0	0	0	0	0	0	101	0	0	0	
601510	0	0	0	0	0	0	0	0	83	0	0	0	
602255	0	0	0	0	0	0	0	0	93	0	0	0	
603003	0	0	0	0	0	0	0	0	99	0	0	0	
603753	0	0	0	0	0	0	0	0	89	0	0	0	
604501	0	0	0	0	0	0	0	0	95	0	0	0	
605252	0	0	0	0	0	0	0	0	87	0	0	0	
606002	0	0	0	0	0	0	0	0	87	0	0	0	
606752	0	0	0	0	0	0	0	0	0	81	0	0	
607502	0	0	0	0	0	0	0	0	0	67	0	0	
608253	0	0	0	0	0	0	0	0	0	73	0	0	
609001	0	0	0	0	0	0	0	0	0	73	0	0	
609753	0	0	0	0	0	0	0	0	0	75	0	0	
610502	0	0	0	0	0	0	0	0	0	69	0	0	
611251	0	0	0	0	0	0	0	0	0	75	0	0	
612002	0	0	0	0	0	0	0	0	0	65	0	0	
612753	0	0	0	0	0	0	0	0	0	85	0	0	
613505	0	0	0	0	0	0	0	0	0	57	0	0	
614255	0	0	0	0	0	0	0	0	0	67	0	0	
615007	0	0	0	0	0	0	0	0	0	87	0	0	
615756	0	0	0	0	0	0	0	0	0	75	0	0	
616506	0	0	0	0	0	0	0	0	0	85	0	0	
617256	0	0	0	0	0	0	0	0	0	73	0	0	
618006	0	0	0	0	0	0	0	0	0	77	0	0	
618756	0	0	0	0	0	0	0	0	0	73	0	0	
619506	0	0	0	0	0	0	0	0	0	61	0	0	
620256	0	0	0	0	0	0	0	0	0	73	0	0	
621003	0	0	0	0	0	0	0	0	0	67	0	0	
621752	0	0	0	0	0	0	0	0	0	69	0	0	
622503	0	0	0	0	0	0	0	0	0	65	0	0	
623255	0	0	0	0	0	0	0	0	0	79	0	0	
624004	0	0	0	0	0	0	0	0	0	79	0	0	
624758	0	0	0	0	0	0	0	0	0	0	63	0	
625507	0	0	0	0	0	0	0	0	0	0	65	0	
626258	0	0	0	0	0	0	0	0	0	0	63	0	
627007	0	0	0	0	0	0	0	0	0	0	61	0	
627760	0	0	0	0	0	0	0	0	0	0	67	0	
628513	0	0	0	0	0	0	0	0	0	0	0	57	
629265	0	0	0	0	0	0	0	0	0	0	0	49	
630016	0	0	0	0	0	0	0	0	0	0	0	45	
630765	0	0	0	0	0	0	0	0	0	0	0	51	
631516	0	0	0	0	0	0	0	0	0	0	0	43	
632266	0	0	0	0	0	0	0	0	0	0	0	63	
633019	0	0	0	0	0	0	0	0	0	0	0	59	
633770	0	0	0	0	0	0	0	0	0	0	0	43	
634519	0	0	0	0	0	0	0	0	0	0	0	61	
635267	0	0	0	0	0	0	0	0	0	0	0	55	
636022	0	0	0	0	0	0	0	0	0	0	0	55	
636774	0	0	0	0	0	0	0	0	0	0	0	55	
637522	0	0	0	0	0	0	0	0	0	0	0	51	
638270	0	0	0	0	0	0	0	0	0	0	0	59	
639018	0	0	0	0	0	0	0	0	0	0	0	55	
639770	0	0	0	0	0	0	0	0	0	0	0	63	
640518	0	0	0	0	0	0	0	0	0	0	0	55	
641267	0	0	0	0	0	0	0	0	0	0	0	43	
642017	0	0	0	0	0	0	0	0	0	0	0	53	
642766	0	0	0	0	0	0	0	0	0	0	0	43	
643516	0	0	0	0	0	0	0	0	0	0	0	49	
644263	0	0	0	0	0	0	0	0	0	0	0	59	
645015	0	0	0	0	0	0	0	0	0	0	0	55	
645766	0	0	0	0	0	0	0	0	0	0	0	49	
646514	0	0	0	0	0	0	0	0	0	0	0	59	
647265	0	0	0	0	0	0	0	0	0	0	0	51	
648016	0	0	0	0	0	0	0	0	0	0	0	47	
648765	0	0	0	0	0	0	0	0	0	0	61	0	
649513	0	0	0	0	0	0	0	0	0	0	53	0	
650261	0	0	0	0	0	0	0	0	0	0	77	0	
651010	0	0	0	0	0	0	0	0	0	0	49	0	
651757	0	0	0	0	0	0	0	0	0	0	63	0	
652509	0	0	0	0	0	0	0	0	0	0	59	0	
653259	0	0	0	0	0	0	0	0	0	0	55	0	
654010	0	0	0	0	0	0	0	0	0	0	30	19	
654758	0	0	0	0	0	0	0	0	0	0	57	0	
655508	0	0	0	0	0	0	0	0	0	0	47	0	
656258	0	0	0	0	0	0	0	0	0	69	0	0	
657010	0	0	0	0	0	0	0	0	0	73	0	0	
657759	0	0	0	0	0	0	0	0	0	89	0	0	
658504	0	0	0	0	0	0	0	0	0	75	0	0	
659255	0	0	0	0	0	0	0	0	0	0	75	0	
660001	0	0	0	0	0	0	0	0	0	0	61	0	
660753	0	0	0	0	0	0	0	0	0	0	59	0	
661501	0	0	0	0	0	0	0	0	0	0	69	0	
662254	0	0	0	0	0	0	0	0	0	0	63	0	
663004	0	0	0	0	0	0	0	0	0	0	59	0	
663756	0	0	0	0	0	0	0	0	0	0	69	0	
664503	0	0	0	0	0	0	0	0	0	0	51	0	
665251	0	0	0	0	0	0	0	0	0	0	59	0	
666003	0	0	0	0	0	0	0	0	0	0	51	0	
666752	0	0	0	0	0	0	0	0	0	0	59	0	
667504	0	0	0	0	0	0	0	0	0	0	65	0	
668254	0	0	0	0	0	0	0	0	0	0	59	0	
669002	0	0	0	0	0	0	0	0	0	0	47	0	
669751	0	0	0	0	0	0	0	0	0	0	61	0	
670499	0	0	0	0	0	0	0	0	0	0	65	0	
671246	0	0	0	0	0	0	0	0	0	0	59	0	
671996	0	0	0	0	0	0	0	0	0	0	53	0	
672746	0	0	0	0	0	0	0	0	0	0	55	0	
673494	0	0	0	0	0	0	0	0	0	0	59	0	
674240	0	0	0	0	0	0	0	0	0	0	69	0	
674989	0	0	0	0	0	0	0	0	0	0	57	0	
675738	0	0	0	0	0	0	0	0	0	0	61	0	
676487	0	0	0	0	0	0	0	0	0	0	55	0	
677237	0	0	0	0	0	0	0	0	0	0	57	0	
677989	0	0	0	0	0	0	0	0	0	0	61	0	
678739	0	0	0	0	0	0	0	0	0	0	63	0	
679488	0	0	0	0	0	0	0	0	0	0	61	0	
680242	0	0	0	0	0	0	0	0	0	0	59	0	
680991	0	0	0	0	0	0	0	0	0	0	61	0	
681740	0	0	0	0	0	0	0	0	0	0	73	0	
682489	0	0	0	0	0	0	0	0	0	0	63	0	
683242	0	0	0	0	0	0	0	0	0	0	41	0	
683988	0	0	0	0	0	0	0	0	0	0	67	0	
684740	0	0	0	0	0	0	0	0	0	0	53	0	
685490	0	0	0	0	0	0	0	0	0	0	39	0	
686240	0	0	0	0	0	0	0	0	0	0	65	0	
686990	0	0	0	0	0	0	0	0	0	0	53	0	
687743	0	0	0	0	0	0	0	0	0	0	61	0	
688491	0	0	0	0	0	0	0	0	0	0	69	0	
689241	0	0	0	0	0	0	0	0	0	0	59	0	
689991	0	0	0	0	0	0	0	0	0	0	43	0	
690742	0	0	0	0	0	0	0	0	0	0	57	0	
691491	0	0	0	0	0	0	0	0	0	0	59	0	
692242	0	0	0	0	0	0	0	0	0	0	47	0	
692992	0	0	0	0	0	0	0	0	0	0	69	0	
693744	0	0	0	0	0	0	0	0	0	0	69	0	
694492	0	0	0	0	0	0	0	0	0	0	65	0	
695242	0	0	0	0	0	0	0	0	0	0	61	0	
695991	0	0	0	0	0	0	0	0	0	0	65	0	
696738	0	0	0	0	0	0	0	0	0	73	0	0	
697489	0	0	0	0	0	0	0	0	1	84	0	0	
698237	0	0	0	0	0	0	0	0	0	75	0	0	
698986	0	0	0	0	0	0	0	0	0	79	0	0	
699737	0	0	0	0	0	0	0	0	0	79	0	0	
700489	0	0	0	0	0	0	0	0	0	0	73	0	
701236	0	0	0	0	0	0	0	0	0	0	51	0	
701985	0	0	0	0	0	0	0	0	0	0	69	0	
702737	0	0	0	0	0	0	0	0	0	46	21	0	
703489	0	0	0	0	0	0	0	0	0	79	0	0	
704237	0	0	0	0	0	0	0	0	0	79	0	0	
704986	0	0	0	0	0	0	0	0	0	79	0	0	
705736	0	0	0	0	0	0	0	0	0	73	0	0	
706486	0	0	0	0	0	0	0	0	0	77	0	0	
707237	0	0	0	0	0	0	0	0	0	73	0	0	
707985	0	0	0	0	0	0	0	0	0	89	0	0	
708733	0	0	0	0	0	0	0	0	0	57	0	0	
709482	0	0	0	0	0	0	0	0	0	85	0	0	
710228	0	0	0	0	0	0	0	0	0	69	0	0	
710978	0	0	0	0	0	0	0	0	0	91	0	0	
711729	0	0	0	0	0	0	0	0	0	99	0	0	
712476	0	0	0	0	0	0	0	0	0	0	61	0	
713227	0	0	0	0	0	0	0	0	0	0	57	0	
713975	0	0	0	0	0	0	0	0	0	0	63	0	
714726	0	0	0	0	0	0	0	0	0	0	53	0	
715477	0	0	0	0	0	0	0	0	0	0	63	0	
716228	0	0	0	0	0	0	0	0	0	0	57	0	
716977	0	0	0	0	0	0	0	0	0	0	63	0	
717729	0	0	0	0	0	0	0	0	0	77	0	0	
718480	0	0	0	0	0	0	0	0	0	0	61	0	
719231	0	0	0	0	0	0	0	0	0	0	0	61	
719981	0	0	0	0	0	0	0	0	0	0	0	49	
720729	0	0	0	0	0	0	0	0	0	0	0	53	
721479	0	0	0	0	0	0	0	0	0	0	45	0	
722228	0	0	0	0	0	0	0	0	0	0	57	0	
722980	0	0	0	0	0	0	0	0	0	0	63	0	
723729	0	0	0	0	0	0	0	0	0	0	69	0	
724480	0	0	0	0	0	0	0	0	0	0	63	0	
725230	0	0	0	0	0	0	0	0	0	0	55	0	
725978	0	0	0	0	0	0	0	0	0	0	63	0	
726731	0	0	0	0	0	0	0	0	0	0	49	0	
727482	0	0	0	0	0	0	0	0	0	0	59	0	
728232	0	0	0	0	0	0	0	0	0	0	59	0	
728981	0	0	0	0	0	0	0	0	0	0	61	0	
729730	0	0	0	0	0	0	0	0	0	0	63	0	
730480	0	0	0	0	0	0	0	0	0	0	65	0	
731227	0	0	0	0	0	0	0	0	0	0	69	0	
731977	0	0	0	0	0	0	0	0	0	0	49	0	
732722	0	0	0	0	0	0	0	0	0	0	73	0	
733474	0	0	0	0	0	0	0	0	0	0	65	0	
734225	0	0	0	0	0	0	0	0	0	0	55	0	
734976	0	0	0	0	0	0	0	0	0	0	65	0	
735725	0	0	0	0	0	0	0	0	0	0	57	0	
736471	0	0	0	0	0	0	0	0	0	75	0	0	
737224	0	0	0	0	0	0	0	0	0	71	0	0	
737973	0	0	0	0	0	0	0	0	0	83	0	0	
738723	0	0	0	0	0	0	0	0	0	81	0	0	
739472	0	0	0	0	0	0	0	0	0	73	0	0	
740225	0	0	0	0	0	0	0	0	0	77	0	0	
740978	0	0	0	0	0	0	0	0	0	0	79	0	
741728	0	0	0	0	0	0	0	0	0	0	47	0	
742479	0	0	0	0	0	0	0	0	0	0	69	0	
743230	0	0	0	0	0	0	0	0	0	0	59	0	
743981	0	0	0	0	0	0	0	0	0	0	0	57	
744731	0	0	0	0	0	0	0	0	0	0	0	35	
745481	0	0	0	0	0	0	0	0	0	0	0	53	
746232	0	0	0	0	0	0	0	0	0	0	0	55	
746980	0	0	0	0	0	0	0	0	0	0	0	41	
747732	0	0	0	0	0	0	0	0	0	0	0	41	
748483	0	0	0	0	0	0	0	0	0	0	0	57	
749235	0	0	0	0	0	0	0	0	0	0	0	53	
749981	0	0	0	0	0	0	0	0	0	0	0	55	
750732	0	0	0	0	0	0	0	0	0	0	0	49	
751479	0	0	0	0	0	0	0	0	0	0	0	41	
752226	0	0	0	0	0	0	0	0	0	0	0	43	
752977	0	0	0	0	0	0	0	0	0	0	0	51	
753723	0	0	0	0	0	0	0	0	0	0	0	47	
754469	0	0	0	0	0	0	0	0	0	0	0	55	
755219	0	0	0	0	0	0	0	0	0	0	0	47	
755969	0	0	0	0	0	0	0	0	0	0	0	37	
756722	0	0	0	0	0	0	0	0	0	0	0	51	
757474	0	0	0	0	0	0	0	0	0	0	0	43	
758223	0	0	0	0	0	0	0	0	0	1	56	0	
758972	0	0	0	0	0	0	0	0	0	0	45	6	
759721	0	0	0	0	0	0	0	0	0	0	73	0	
760472	0	0	0	0	0	0	0	0	0	0	59	0	
761220	0	0	0	0	0	0	0	0	0	0	55	0	
761973	0	0	0	0	0	0	0	0	0	0	75	0	
762722	0	0	0	0	0	0	0	0	0	0	61	0	
763471	0	0	0	0	0	0	0	0	0	0	67	0	
764221	0	0	0	0	0	0	0	0	0	0	73	0	
764974	0	0	0	0	0	0	0	0	0	0	67	0	
765724	0	0	0	0	0	0	0	0	0	0	73	0	
766478	0	0	0	0	0	0	0	0	0	0	51	0	
767226	0	0	0	0	0	0	0	0	0	0	57	0	
767973	0	0	0	0	0	0	0	0	0	0	65	0	
768722	0	0	0	0	0	0	0	0	0	0	75	0	
769471	0	0	0	0	0	0	0	0	0	0	65	0	
770223	0	0	0	0	0	0	0	0	0	0	61	0	
770971	0	0	0	0	0	0	0	0	0	0	57	0	
771723	0	0	0	0	0	0	0	0	0	0	69	0	
772472	0	0	0	0	0	0	0	0	0	67	0	0	
773219	0	0	0	0	0	0	0	0	0	75	0	0	
773970	0	0	0	0	0	0	0	0	0	75	0	0	
774720	0	0	0	0	0	0	0	0	0	79	0	0	
775469	0	0	0	0	0	0	0	0	0	71	0	0	
776222	0	0	0	0	0	0	0	0	0	63	0	0	
776969	0	0	0	0	0	0	0	0	0	85	0	0	
777724	0	0	0	0	0	0	0	0	0	65	0	0	
778474	0	0	0	0	0	0	0	0	0	83	0	0	
779221	0	0	0	0	0	0	0	0	0	59	0	0	
779973	0	0	0	0	0	0	0	0	0	81	0	0	
780723	0	0	0	0	0	0	0	0	0	73	0	0	
781473	0	0	0	0	0	0	0	0	0	63	0	0	
782223	0	0	0	0	0	0	0	0	0	79	0	0	
782974	0	0	0	0	0	0	0	0	0	81	0	0	
783725	0	0	0	0	0	0	0	0	0	77	0	0	
784474	0	0	0	0	0	0	0	0	0	69	0	0	
785218	0	0	0	0	0	0	0	0	0	77	0	0	
785968	0	0	0	0	0	0	0	0	0	0	61	0	
786722	0	0	0	0	0	0	0	0	0	0	47	0	
787475	0	0	0	0	0	0	0	0	0	0	55	0	
788228	0	0	0	0	0	0	0	0	0	0	53	0	
788980	0	0	0	0	0	0	0	0	0	0	69	0	
789731	0	0	0	0	0	0	0	0	0	0	53	0	
790480	0	0	0	0	0	0	0	0	0	0	59	0	
791229	0	0	0	0	0	0	0	0	0	0	49	0	
791976	0	0	0	0	0	0	0	0	0	0	51	0	
792726	0	0	0	0	0	0	0	0	0	79	0	0	
793480	0	0	0	0	0	0	0	0	0	79	0	0	
794226	0	0	0	0	0	0	0	0	0	77	0	0	
794976	0	0	0	0	0	0	0	0	0	53	0	0	
795724	0	0	0	0	0	0	0	0	0	79	0	0	
796473	0	0	0	0	0	0	0	0	0	69	0	0	
797224	0	0	0	0	0	0	0	0	0	61	0	0	
797974	0	0	0	0	0	0	0	0	0	87	0	0	
798722	0	0	0	0	0	0	0	0	0	71	0	0	
799473	0	0	0	0	0	0	0	0	0	75	0	0	
800222	0	0	0	0	0	0	0	0	0	73	0	0	
800971	0	0	0	0	0	0	0	0	0	95	0	0	
801724	0	0	0	0	0	0	0	0	0	79	0	0	
802477	0	0	0	0	0	0	0	0	0	85	0	0	
803226	0	0	0	0	0	0	0	0	0	69	0	0	
803978	0	0	0	0	0	0	0	0	0	73	0	0	
804730	0	0	0	0	0	0	0	0	0	87	0	0	
805479	0	0	0	0	0	0	0	0	0	0	55	0	
806229	0	0	0	0	0	0	0	0	0	0	53	0	
806981	0	0	0	0	0	0	0	0	0	0	67	0	
807730	0	0	0	0	0	0	0	0	0	0	0	51	
808476	0	0	0	0	0	0	0	0	0	0	0	51	
809228	0	0	0	0	0	0	0	0	0	0	0	59	
809982	0	0	0	0	0	0	0	0	0	0	0	47	
810728	0	0	0	0	0	0	0	0	0	0	61	0	
811479	0	0	0	0	0	0	0	0	0	0	67	0	
812232	0	0	0	0	0	0	0	0	0	0	53	0	
812985	0	0	0	0	0	0	0	0	0	0	59	0	
813733	0	0	0	0	0	0	0	0	0	0	59	0	
814479	0	0	0	0	0	0	0	0	0	0	0	49	
815229	0	0	0	0	0	0	0	0	0	0	0	43	
815983	0	0	0	0	0	0	0	0	0	0	0	61	
816730	0	0	0	0	0	0	0	0	0	0	0	49	
817479	0	0	0	0	0	0	0	0	0	0	0	47	
818228	0	0	0	0	0	0	0	0	0	0	0	41	
818980	0	0	0	0	0	0	0	0	0	0	0	55	
819730	0	0	0	0	0	0	0	0	0	0	0	55	
820480	0	0	0	0	0	0	0	0	0	0	0	57	
821226	0	0	0	0	0	0	0	0	0	0	0	51	
821978	0	0	0	0	0	0	0	0	0	0	0	49	
822729	0	0	0	0	0	0	0	0	0	0	0	53	
823480	0	0	0	0	0	0	0	0	0	0	0	51	
824233	0	0	0	0	0	0	0	0	0	0	0	61	
824981	0	0	0	0	0	0	0	0	0	0	26	23	
825728	0	0	0	0	0	0	0	0	0	0	79	0	
826477	0	0	0	0	0	0	0	0	0	0	75	0	
827224	0	0	0	0	0	0	0	0	0	0	61	0	
827975	0	0	0	0	0	0	0	0	0	0	55	0	
828724	0	0	0	0	0	0	0	0	0	0	37	0	
829475	0	0	0	0	0	0	0	0	0	0	63	0	
830227	0	0	0	0	0	0	0	0	0	0	71	0	
830978	0	0	0	0	0	0	0	0	0	0	71	0	
831728	0	0	0	0	0	0	0	0	0	0	0	71	
832477	0	0	0	0	0	0	0	0	0	0	0	55	
833225	0	0	0	0	0	0	0	0	0	0	0	45	
833973	0	0	0	0	0	0	0	0	0	0	0	51	
834722	0	0	0	0	0	0	0	0	0	0	0	45	
835472	0	0	0	0	0	0	0	0	0	0	0	55	
836221	0	0	0	0	0	0	0	0	0	0	0	49	
836969	0	0	0	0	0	0	0	0	0	0	0	57	
837719	0	0	0	0	0	0	0	0	0	0	0	53	
838470	0	0	0	0	0	0	0	0	0	0	0	35	
839218	0	0	0	0	0	0	0	0	0	0	0	47	
839968	0	0	0	0	0	0	0	0	0	0	0	51	
840720	0	0	0	0	0	0	0	0	0	0	0	57	
841473	0	0	0	0	0	0	0	0	0	0	0	39	
842222	0	0	0	0	0	0	0	0	0	0	0	43	
842975	0	0	0	0	0	0	0	0	0	0	0	53	
843725	0	0	0	0	0	0	0	0	0	0	0	49	
844474	0	0	0	0	0	0	0	0	0	0	0	61	
845222	0	0	0	0	0	0	0	0	0	0	69	0	
845971	0	0	0	0	0	0	0	0	0	0	75	0	
846721	0	0	0	0	0	0	0	0	0	0	45	0	
847468	0	0	0	0	0	0	0	0	0	0	73	0	
848215	0	0	0	0	0	0	0	0	0	0	0	49	
848964	0	0	0	0	0	0	0	0	0	0	0	63	
849715	0	0	0	0	0	0	0	0	0	0	0	61	
850463	0	0	0	0	0	0	0	0	0	0	0	55	
851213	0	0	0	0	0	0	0	0	0	0	0	49	
851965	0	0	0	0	0	0	0	0	0	0	0	65	
852716	0	0	0	0	0	0	0	0	0	0	0	59	
853469	0	0	0	0	0	0	0	0	0	0	0	39	
854216	0	0	0	0	0	0	0	0	0	0	0	45	
854962	0	0	0	0	0	0	0	0	0	0	0	53	
855712	0	0	0	0	0	0	0	0	0	0	0	57	
856463	0	0	0	0	0	0	0	0	0	0	0	53	
857212	0	0	0	0	0	0	0	0	0	0	41	16	
857964	0	0	0	0	0	0	0	0	0	0	0	53	
858711	0	0	0	0	0	0	0	0	0	0	0	51	
859463	0	0	0	0	0	0	0	0	0	0	0	53	
860212	0	0	0	0	0	0	0	0	0	0	0	45	
860957	0	0	0	0	0	0	0	0	0	0	0	59	
861711	0	0	0	0	0	0	0	0	0	0	0	51	
862465	0	0	0	0	0	0	0	0	0	0	0	43	
863217	0	0	0	0	0	0	0	0	0	0	0	67	
863969	0	0	0	0	0	0	0	0	0	0	59	0	
864719	0	0	0	0	0	0	0	0	0	0	61	0	
865467	0	0	0	0	0	0	0	0	0	0	59	0	
866216	0	0	0	0	0	0	0	0	0	0	63	0	
866965	0	0	0	0	0	0	0	0	0	0	67	0	
867712	0	0	0	0	0	0	0	0	0	0	65	0	
868463	0	0	0	0	0	0	0	0	0	0	59	0	
869213	0	0	0	0	0	0	0	0	0	0	61	0	
869964	0	0	0	0	0	0	0	0	0	0	59	0	
870717	0	0	0	0	0	0	0	0	0	0	69	0	
871463	0	0	0	0	0	0	0	0	0	0	63	0	
872213	0	0	0	0	0	0	0	0	0	0	51	0	
872964	0	0	0	0	0	0	0	0	0	0	69	0	
873718	0	0	0	0	0	0	0	0	0	0	71	0	
874467	0	0	0	0	0	0	0	0	0	0	61	0	
875217	0	0	0	0	0	0	0	0	0	0	59	0	
875965	0	0	0	0	0	0	0	0	0	0	57	0	
876714	0	0	0	0	0	0	0	0	0	0	73	0	
877467	0	0	0	0	0	0	0	0	0	0	53	0	
878215	0	0	0	0	0	0	0	0	0	0	57	0	
878967	0	0	0	0	0	0	0	0	0	77	0	0	
879718	0	0	0	0	0	0	0	0	0	69	0	0	
880467	0	0	0	0	0	0	0	0	0	87	0	0	
881217	0	0	0	0	0	0	0	0	0	73	0	0	
881966	0	0	0	0	0	0	0	0	0	67	0	0	
882718	0	0	0	0	0	0	0	0	0	95	0	0	
883469	0	0	0	0	0	0	0	0	0	69	0	0	
884225	0	0	0	0	0	0	0	0	0	87	0	0	
884977	0	0	0	0	0	0	0	0	0	0	45	0	
885728	0	0	0	0	0	0	0	0	0	0	0	55	
886478	0	0	0	0	0	0	0	0	0	0	0	45	
887226	0	0	0	0	0	0	0	0	0	0	0	43	
887975	0	0	0	0	0	0	0	0	0	0	0	47	
888724	0	0	0	0	0	0	0	0	0	0	0	47	
889477	0	0	0	0	0	0	0	0	0	0	0	51	
890226	0	0	0	0	0	0	0	0	0	0	0	53	
890974	0	0	0	0	0	0	0	0	0	0	0	37	
891725	0	0	0	0	0	0	0	0	0	0	0	59	
892473	0	0	0	0	0	0	0	0	0	0	0	49	
893224	0	0	0	0	0	0	0	0	0	0	0	47	
893976	0	0	0	0	0	0	0	0	0	0	0	49	
894729	0	0	0	0	0	0	0	0	0	0	0	47	
895479	0	0	0	0	0	0	0	0	0	0	0	49	
896227	0	0	0	0	0	0	0	0	0	0	0	49	
896976	0	0	0	0	0	0	0	0	0	0	0	47	
897726	0	0	0	0	0	0	0	0	0	0	0	37	
898474	0	0	0	0	0	0	0	0	0	0	0	63	
899227	0	0	0	0	0	0	0	0	0	0	0	47	
899977	0	0	0	0	0	0	0	0	0	0	0	59	
900726	0	0	0	0	0	0	0	0	0	0	0	47	
901478	0	0	0	0	0	0	0	0	0	0	0	51	
902230	0	0	0	0	0	0	0	0	0	0	65	0	
902978	0	0	0	0	0	0	0	0	0	0	65	0	
903729	0	0	0	0	0	0	0	0	0	0	55	0	
904482	0	0	0	0	0	0	0	0	0	0	53	0	
905230	0	0	0	0	0	0	0	0	0	0	61	0	
905979	0	0	0	0	0	0	0	0	0	0	75	0	
906729	0	0	0	0	0	0	0	0	0	0	75	0	
907480	0	0	0	0	0	0	0	0	0	0	79	0	
908230	0	0	0	0	0	0	0	0	0	0	65	0	
908983	0	0	0	0	0	0	0	0	0	0	65	0	
909732	0	0	0	0	0	0	0	0	0	0	63	0	
910481	0	0	0	0	0	0	0	0	0	0	61	0	
911229	0	0	0	0	0	0	0	0	0	0	49	0	
911979	0	0	0	0	0	0	0	0	0	0	0	49	
912727	0	0	0	0	0	0	0	0	0	0	0	61	
913481	0	0	0	0	0	0	0	0	0	0	0	55	
914233	0	0	0	0	0	0	0	0	0	0	0	55	
914985	0	0	0	0	0	0	0	0	0	0	0	43	
915731	0	0	0	0	0	0	0	0	0	0	0	35	
916481	0	0	0	0	0	0	0	0	0	0	0	53	
917233	0	0	0	0	0	0	0	0	0	0	0	53	
917980	0	0	0	0	0	0	0	0	0	0	0	55	
918729	0	0	0	0	0	0	0	0	0	0	0	63	
919481	0	0	0	0	0	0	0	0	0	0	0	51	
920228	0	0	0	0	0	0	0	0	0	0	0	47	
920980	0	0	0	0	0	0	0	0	0	0	0	61	
921732	0	0	0	0	0	0	0	0	0	0	0	55	
922480	0	0	0	0	0	0	0	0	0	0	0	51	
923231	0	0	0	0	0	0	0	0	0	0	0	45	
923978	0	0	0	0	0	0	0	0	0	0	0	59	
924731	0	0	0	0	0	0	0	0	0	0	0	41	
925481	0	0	0	0	0	0	0	0	0	0	0	35	
926234	0	0	0	0	0	0	0	0	0	0	0	45	
926982	0	0	0	0	0	0	0	0	0	0	0	35	
927733	0	0	0	0	0	0	0	0	0	0	0	45	
928484	0	0	0	0	0	0	0	0	0	0	0	45	
929235	0	0	0	0	0	0	0	0	0	0	0	49	
929987	0	0	0	0	0	0	0	0	0	0	0	45	
930736	0	0	0	0	0	0	0	0	0	0	75	0	
931486	0	0	0	0	0	0	0	0	0	0	69	0	
932237	0	0	0	0	0	0	0	0	0	0	73	0	
932990	0	0	0	0	0	0	0	0	0	0	49	2	
933743	0	0	0	0	0	0	0	0	0	0	57	0	
934495	0	0	0	0	0	0	0	0	0	0	61	0	
935245	0	0	0	0	0	0	0	0	0	0	63	0	
935995	0	0	0	0	0	0	0	0	0	0	69	0	
936747	0	0	0	0	0	0	0	0	0	0	0	43	
937498	0	0	0	0	0	0	0	0	0	0	0	49	
938250	0	0	0	0	0	0	0	0	0	0	69	0	
939001	0	0	0	0	0	0	0	0	0	0	53	0	
939747	0	0	0	0	0	0	0	0	0	0	79	0	
940501	0	0	0	0	0	0	0	0	0	0	71	0	
941253	0	0	0	0	0	0	0	0	0	0	63	0	
941998	0	0	0	0	0	0	0	0	0	75	0	0	
942751	0	0	0	0	0	0	0	0	0	79	0	0	
943502	0	0	0	0	0	0	0	0	0	89	0	0	
944250	0	0	0	0	0	0	0	0	0	75	0	0	
945000	0	0	0	0	0	0	0	0	0	69	0	0	
945747	0	0	0	0	0	0	0	0	0	69	0	0	
946496	0	0	0	0	0	0	0	0	0	89	0	0	
947247	0	0	0	0	0	0	0	0	0	73	0	0	
947997	0	0	0	0	0	0	0	0	0	81	0	0	
948747	0	0	0	0	0	0	0	0	0	75	0	0	
949496	0	0	0	0	0	0	0	0	0	71	0	0	
950244	0	0	0	0	0	0	0	0	0	81	0	0	
950991	0	0	0	0	0	0	0	0	0	0	63	0	
951740	0	0	0	0	0	0	0	0	0	0	0	47	
952485	0	0	0	0	0	0	0	0	0	0	0	51	
953232	0	0	0	0	0	0	0	0	0	0	0	41	
953981	0	0	0	0	0	0	0	0	0	0	0	53	
954732	0	0	0	0	0	0	0	0	0	0	0	61	
955479	0	0	0	0	0	0	0	0	0	0	0	47	
956229	0	0	0	0	0	0	0	0	0	75	0	0	
956976	0	0	0	0	0	0	0	0	0	71	0	0	
957727	0	0	0	0	0	0	0	0	0	69	0	0	
958478	0	0	0	0	0	0	0	0	0	85	0	0	
959228	0	0	0	0	0	0	0	0	0	75	0	0	
959980	0	0	0	0	0	0	0	0	0	85	0	0	
960729	0	0	0	0	0	0	0	0	0	69	0	0	
961477	0	0	0	0	0	0	0	0	0	107	0	0	
962224	0	0	0	0	0	0	0	0	0	79	0	0	
962979	0	0	0	0	0	0	0	0	0	75	0	0	
963732	0	0	0	0	0	0	0	0	0	69	0	0	
964483	0	0	0	0	0	0	0	0	0	77	0	0	
965235	0	0	0	0	0	0	0	0	0	85	0	0	
965984	0	0	0	0	0	0	0	0	0	77	0	0	
966736	0	0	0	0	0	0	0	0	0	61	0	0	
967486	0	0	0	0	0	0	0	0	0	67	0	0	
968239	0	0	0	0	0	0	0	0	0	54	1	0	
968990	0	0	0	0	0	0	0	0	0	75	0	0	
969739	0	0	0	0	0	0	0	0	0	79	0	0	
970488	0	0	0	0	0	0	0	0	0	79	0	0	
971240	0	0	0	0	0	0	0	0	0	87	0	0	
971990	0	0	0	0	0	0	0	0	0	63	0	0	
972737	0	0	0	0	0	0	0	0	0	79	0	0	
973487	0	0	0	0	0	0	0	0	0	77	0	0	
974237	0	0	0	0	0	0	0	0	0	67	0	0	
974988	0	0	0	0	0	0	0	0	0	73	0	0	
975739	0	0	0	0	0	0	0	0	0	93	0	0	
976491	0	0	0	0	0	0	0	0	0	65	0	0	
977242	0	0	0	0	0	0	0	0	0	77	0	0	
977990	0	0	0	0	0	0	0	0	0	65	0	0	
978739	0	0	0	0	0	0	0	0	0	79	0	0	
979490	0	0	0	0	0	0	0	0	0	69	0	0	
980238	0	0	0	0	0	0	0	0	0	95	0	0	
980985	0	0	0	0	0	0	0	0	0	91	0	0	
981735	0	0	0	0	0	0	0	0	0	73	0	0	
982481	0	0	0	0	0	0	0	0	0	69	0	0	
983233	0	0	0	0	0	0	0	0	0	77	0	0	
983984	0	0	0	0	0	0	0	0	89	0	0	0	
984734	0	0	0	0	0	0	0	0	0	45	0	0	
985484	0	0	0	0	0	0	0	0	0	75	0	0	
986233	0	0	0	0	0	0	0	0	0	77	0	0	
986983	0	0	0	0	0	0	0	0	0	73	0	0	
987735	0	0	0	0	0	0	0	0	0	69	0	0	
988491	0	0	0	0	0	0	0	0	0	75	0	0	
989243	0	0	0	0	0	0	0	0	0	75	0	0	
989991	0	0	0	0	0	0	0	0	0	53	0	0	
990744	0	0	0	0	0	0	0	0	97	0	0	0	
991496	0	0	0	0	0	0	0	0	103	0	0	0	
992245	0	0	0	0	0	0	0	0	89	0	0	0	
992994	0	0	0	0	0	0	0	0	87	0	0	0	
993748	0	0	0	0	0	0	0	0	109	0	0	0	
994495	0	0	0	0	0	0	0	0	93	0	0	0	
995245	0	0	0	0	0	0	0	0	2	89	0	0	
995993	0	0	0	0	0	0	0	0	0	95	0	0	
996741	0	0	0	0	0	0	0	0	0	69	0	0	
997494	0	0	0	0	0	0	0	0	0	69	0	0	
998242	0	0	0	0	0	0	0	0	0	77	0	0	
998991	0	0	0	0	0	0	0	0	0	79	0	0	
999739	0	0	0	0	0	0	0	0	0	81	0	0	
1.00049e+06	0	0	0	0	0	0	0	0	0	87	0	0	
1.00124e+06	0	0	0	0	0	0	0	0	0	73	0	0	
1.00198e+06	0	0	0	0	0	0	0	0	0	79	0	0	
1.00273e+06	0	0	0	0	0	0	0	0	113	0	0	0	
1.00349e+06	0	0	0	0	0	0	0	0	101	0	0	0	
1.00424e+06	0	0	0	0	0	0	0	0	103	0	0	0	
1.00498e+06	0	0	0	0	0	0	0	0	95	0	0	0	
1.00574e+06	0	0	0	0	0	0	0	107	0	0	0	0	
1.00649e+06	0	0	0	0	0	0	0	123	0	0	0	0	
1.00724e+06	0	0	0	0	0	0	0	95	0	0	0	0	
1.00799e+06	0	0	0	0	0	0	0	133	0	0	0	0	
1.00874e+06	0	0	0	0	0	0	0	109	0	0	0	0	
1.00949e+06	0	0	0	0	0	0	0	117	0	0	0	0	
1.01024e+06	0	0	0	0	0	0	0	111	0	0	0	0	
1.01099e+06	0	0	0	0	0	0	0	119	0	0	0	0	
1.01174e+06	0	0	0	0	0	0	0	105	0	0	0	0	
1.01249e+06	0	0	0	0	0	0	0	129	0	0	0	0	
1.01324e+06	0	0	0	0	0	0	0	109	0	0	0	0	
1.01399e+06	0	0	0	0	0	0	0	123	0	0	0	0	
1.01474e+06	0	0	0	0	0	0	0	111	0	0	0	0	
1.01549e+06	0	0	0	0	0	0	0	111	0	0	0	0	
1.01624e+06	0	0	0	0	0	0	0	115	0	0	0	0	
1.01699e+06	0	0	0	0	0	0	0	0	81	0	0	0	
1.01774e+06	0	0	0	0	0	0	0	0	111	0	0	0	
1.01849e+06	0	0	0	0	0	0	0	0	105	0	0	0	
1.01924e+06	0	0	0	0	0	0	0	0	91	0	0	0	
1.01999e+06	0	0	0	0	0	0	0	0	89	0	0	0	
1.02075e+06	0	0	0	0	0	0	0	0	97	0	0	0	
1.0215e+06	0	0	0	0	0	0	0	0	95	0	0	0	
1.02225e+06	0	0	0	0	0	0	0	0	93	0	0	0	
1.02299e+06	0	0	0	0	0	0	0	0	111	0	0	0	
1.02374e+06	0	0	0	0	0	0	0	0	93	0	0	0	
1.02449e+06	0	0	0	0	0	0	0	0	93	0	0	0	
1.02524e+06	0	0	0	0	0	0	0	0	81	0	0	0	
1.02599e+06	0	0	0	0	0	0	0	0	101	0	0	0	
1.02674e+06	0	0	0	0	0	0	0	0	85	0	0	0	
1.02749e+06	0	0	0	0	0	0	0	0	91	0	0	0	
1.02824e+06	0	0	0	0	0	0	0	0	89	0	0	0	
1.02899e+06	0	0	0	0	0	0	0	0	87	0	0	0	
1.02974e+06	0	0	0	0	0	0	0	0	89	0	0	0	
1.03049e+06	0	0	0	0	0	0	0	0	77	0	0	0	
1.03123e+06	0	0	0	0	0	0	0	0	89	0	0	0	
1.03198e+06	0	0	0	0	0	0	0	0	93	2	0	0	
1.03273e+06	0	0	0	0	0	0	0	0	91	0	0	0	
1.03348e+06	0	0	0	0	0	0	0	0	99	0	0	0	
1.03423e+06	0	0	0	0	0	0	0	0	81	0	0	0	
1.03498e+06	0	0	0	0	0	0	0	129	0	0	0	0	
1.03573e+06	0	0	0	0	0	0	0	127	0	0	0	0	
1.03648e+06	0	0	0	0	0	0	0	117	0	0	0	0	
1.03723e+06	0	0	0	0	0	0	0	101	0	0	0	0	
1.03799e+06	0	0	0	0	0	0	0	121	0	0	0	0	
1.03873e+06	0	0	0	0	0	0	117	0	0	0	0	0	
1.03948e+06	0	0	0	0	0	0	143	0	0	0	0	0	
1.04024e+06	0	0	0	0	0	0	155	0	0	0	0	0	
1.04099e+06	0	0	0	0	0	0	145	0	0	0	0	0	
1.04174e+06	0	0	0	0	0	0	129	0	0	0	0	0	
1.04249e+06	0	0	0	0	0	0	123	0	0	0	0	0	
1.04325e+06	0	0	0	0	0	0	0	103	0	0	0	0	
1.044e+06	0	0	0	0	0	0	0	121	0	0	0	0	
1.04474e+06	0	0	0	0	0	0	0	123	0	0	0	0	
1.0455e+06	0	0	0	0	0	0	0	119	0	0	0	0	
1.04624e+06	0	0	0	0	0	0	0	111	0	0	0	0	
1.04699e+06	0	0	0	0	0	0	0	105	0	0	0	0	
1.04775e+06	0	0	0	0	0	0	0	111	0	0	0	0	
1.0485e+06	0	0	0	0	0	0	0	111	0	0	0	0	
1.04925e+06	0	0	0	0	0	0	0	139	0	0	0	0	
1.05e+06	0	0	0	0	0	0	0	99	0	0	0	0	
1.05075e+06	0	0	0	0	0	0	0	97	0	0	0	0	
1.0515e+06	0	0	0	0	0	0	0	109	0	0	0	0	
1.05225e+06	0	0	0	0	0	0	0	133	0	0	0	0	
1.053e+06	0	0	0	0	0	0	0	119	0	0	0	0	
1.05375e+06	0	0	0	0	0	0	0	125	0	0	0	0	
1.0545e+06	0	0	0	0	0	0	0	115	0	0	0	0	
1.05525e+06	0	0	0	0	0	0	0	119	0	0	0	0	
1.056e+06	0	0	0	0	0	0	0	115	0	0	0	0	
1.05675e+06	0	0	0	0	0	0	0	127	0	0	0	0	
1.0575e+06	0	0	0	0	0	0	0	109	0	0	0	0	
1.05824e+06	0	0	0	0	0	0	56	83	0	0	0	0	
1.05899e+06	0	0	0	0	0	0	0	111	0	0	0	0	
1.05975e+06	0	0	0	0	0	0	0	111	0	0	0	0	
1.0605e+06	0	0	0	0	0	0	0	119	0	0	0	0	
1.06125e+06	0	0	0	0	0	0	0	0	99	0	0	0	
1.062e+06	0	0	0	0	0	0	0	0	99	0	0	0	
1.06275e+06	0	0	0	0	0	0	0	0	103	0	0	0	
1.0635e+06	0	0	0	0	0	0	0	0	87	0	0	0	
1.06425e+06	0	0	0	0	0	0	0	0	93	0	0	0	
1.065e+06	0	0	0	0	0	0	0	0	111	0	0	0	
1.06575e+06	0	0	0	0	0	0	0	0	95	0	0	0	
1.06649e+06	0	0	0	0	0	0	0	0	97	0	0	0	
1.06724e+06	0	0	0	0	0	0	0	0	91	0	0	0	
1.06799e+06	0	0	0	0	0	0	0	0	97	0	0	0	
1.06874e+06	0	0	0	0	0	0	0	0	83	0	0	0	
1.06949e+06	0	0	0	0	0	0	0	0	97	0	0	0	
1.07024e+06	0	0	0	0	0	0	0	0	85	0	0	0	
1.07099e+06	0	0	0	0	0	0	0	0	109	0	0	0	
1.07174e+06	0	0	0	0	0	0	0	0	99	0	0	0	
1.07249e+06	0	0	0	0	0	0	0	0	0	77	0	0	
1.07323e+06	0	0	0	0	0	0	0	0	0	67	0	0	
1.07399e+06	0	0	0	0	0	0	0	0	0	79	0	0	
1.07474e+06	0	0	0	0	0	0	0	0	0	75	0	0	
1.07549e+06	0	0	0	0	0	0	0	0	0	71	0	0	
1.07624e+06	0	0	0	0	0	0	0	0	0	77	0	0	
1.07699e+06	0	0	0	0	0	0	0	0	0	69	0	0	
1.07774e+06	0	0	0	0	0	0	0	0	0	71	0	0	
1.07849e+06	0	0	0	0	0	0	0	0	0	83	0	0	
1.07924e+06	0	0	0	0	0	0	0	0	0	65	0	0	
1.07999e+06	0	0	0	0	0	0	0	0	0	75	0	0	
1.08074e+06	0	0	0	0	0	0	0	0	0	79	0	0	
1.08149e+06	0	0	0	0	0	0	0	0	0	81	0	0	
1.08224e+06	0	0	0	0	0	0	0	0	0	75	0	0	
1.08299e+06	0	0	0	0	0	0	0	0	0	61	0	0	
1.08374e+06	0	0	0	0	0	0	0	0	0	85	0	0	
1.08449e+06	0	0	0	0	0	0	0	0	99	0	0	0	
1.08525e+06	0	0	0	0	0	0	0	0	109	0	0	0	
1.08599e+06	0	0	0	0	0	0	0	0	91	0	0	0	
1.08675e+06	0	0	0	0	0	0	0	0	87	0	0	0	
1.08749e+06	0	0	0	0	0	0	0	0	105	0	0	0	
1.08825e+06	0	0	0	0	0	0	0	0	85	0	0	0	
1.089e+06	0	0	0	0	0	0	0	0	99	0	0	0	
1.08975e+06	0	0	0	0	0	0	0	0	85	0	0	0	
1.0905e+06	0	0	0	0	0	0	0	0	105	0	0	0	
1.09125e+06	0	0	0	0	0	0	0	0	107	0	0	0	
1.092e+06	0	0	0	0	0	0	0	0	107	0	0	0	
1.09275e+06	0	0	0	0	0	0	0	0	113	0	0	0	
1.0935e+06	0	0	0	0	0	0	0	0	0	69	0	0	
1.09425e+06	0	0	0	0	0	0	0	0	0	0	57	0	
1.095e+06	0	0	0	0	0	0	0	0	0	0	63	0	
1.09575e+06	0	0	0	0	0	0	0	0	0	0	71	0	
1.0965e+06	0	0	0	0	0	0	0	0	0	0	59	0	
1.09725e+06	0	0	0	0	0	0	0	0	0	0	67	0	
1.098e+06	0	0	0	0	0	0	0	0	0	0	49	0	
1.09875e+06	0	0	0	0	0	0	0	0	0	0	49	0	
1.09951e+06	0	0	0	0	0	0	0	0	0	0	43	0	
1.10026e+06	0	0	0	0	0	0	0	0	0	57	0	0	
1.10101e+06	0	0	0	0	0	0	0	0	0	75	0	0	
1.10175e+06	0	0	0	0	0	0	0	0	0	95	0	0	
1.1025e+06	0	0	0	0	0	0	0	0	0	81	0	0	
1.10325e+06	0	0	0	0	0	0	0	0	0	69	0	0	
1.104e+06	0	0	0	0	0	0	0	0	0	71	0	0	
1.10475e+06	0	0	0	0	0	0	0	0	0	65	0	0	
1.1055e+06	0	0	0	0	0	0	0	0	0	83	0	0	
1.10625e+06	0	0	0	0	0	0	0	0	0	75	0	0	
1.10701e+06	0	0	0	0	0	0	0	0	0	75	0	0	
1.10775e+06	0	0	0	0	0	0	0	0	0	81	0	0	
1.1085e+06	0	0	0	0	0	0	0	0	0	77	0	0	
1.10925e+06	0	0	0	0	0	0	0	0	0	85	0	0	
1.11e+06	0	0	0	0	0	0	0	0	0	85	0	0	
1.11075e+06	0	0	0	0	0	0	0	0	0	87	0	0	
1.11151e+06	0	0	0	0	0	0	0	0	0	79	0	0	
1.11226e+06	0	0	0	0	0	0	0	0	0	83	0	0	
1.11301e+06	0	0	0	0	0	0	0	0	0	87	0	0	
1.11375e+06	0	0	0	0	0	0	0	0	0	77	0	0	
1.1145e+06	0	0	0	0	0	0	0	0	0	0	67	0	
1.11525e+06	0	0	0	0	0	0	0	0	0	0	61	0	
1.11601e+06	0	0	0	0	0	0	0	0	0	85	0	0	
1.11676e+06	0	0	0	0	0	0	0	0	0	85	0	0	
1.11751e+06	0	0	0	0	0	0	0	0	0	77	0	0	
1.11826e+06	0	0	0	0	0	0	0	0	0	71	0	0	
1.119e+06	0	0	0	0	0	0	0	0	0	77	0	0	
1.11975e+06	0	0	0	0	0	0	0	0	0	95	0	0	
1.12051e+06	0	0	0	0	0	0	0	0	0	75	0	0	
1.12126e+06	0	0	0	0	0	0	0	0	0	79	0	0	
1.12201e+06	0	0	0	0	0	0	0	0	0	81	0	0	
1.12276e+06	0	0	0	0	0	0	0	0	0	85	0	0	
1.12351e+06	0	0	0	0	0	0	0	0	0	73	0	0	
1.12426e+06	0	0	0	0	0	0	0	0	0	59	0	0	
1.12501e+06	0	0	0	0	0	0	0	0	0	89	0	0	
1.12576e+06	0	0	0	0	0	0	0	0	0	59	0	0	
1.12651e+06	0	0	0	0	0	0	0	0	0	75	0	0	
1.12726e+06	0	0	0	0	0	0	0	0	81	0	0	0	
1.12801e+06	0	0	0	0	0	0	0	0	105	0	0	0	
1.12876e+06	0	0	0	0	0	0	0	0	103	0	0	0	
1.12951e+06	0	0	0	0	0	0	0	0	91	0	0	0	
1.13026e+06	0	0	0	0	0	0	0	0	83	0	0	0	
1.13102e+06	0	0	0	0	0	0	0	0	95	0	0	0	
1.13176e+06	0	0	0	0	0	0	0	0	85	0	0	0	
1.13251e+06	0	0	0	0	0	0	0	0	79	0	0	0	
1.13326e+06	0	0	0	0	0	0	0	0	93	0	0	0	
1.13401e+06	0	0	0	0	0	0	0	0	97	0	0	0	
1.13476e+06	0	0	0	0	0	0	0	0	105	0	0	0	
1.13551e+06	0	0	0	0	0	0	0	0	77	0	0	0	
1.13626e+06	0	0	0	0	0	0	0	0	91	0	0	0	
1.13702e+06	0	0	0	0	0	0	0	0	81	0	0	0	
1.13776e+06	0	0	0	0	0	0	0	0	87	0	0	0	
1.13852e+06	0	0	0	0	0	0	0	0	95	0	0	0	
1.13927e+06	0	0	0	0	0	0	0	0	87	0	0	0	
1.14002e+06	0	0	0	0	0	0	0	0	75	0	0	0	
1.14076e+06	0	0	0	0	0	0	0	0	97	0	0	0	
1.14151e+06	0	0	0	0	0	0	0	0	87	0	0	0	
1.14226e+06	0	0	0	0	0	0	0	0	87	0	0	0	
1.14301e+06	0	0	0	0	0	0	0	0	103	0	0	0	
1.14376e+06	0	0	0	0	0	0	0	0	95	0	0	0	
1.14451e+06	0	0	0	0	0	0	0	0	95	0	0	0	
1.14526e+06	0	0	0	0	0	0	0	0	75	0	0	0	
1.14601e+06	0	0	0	0	0	0	0	0	89	0	0	0	
1.14676e+06	0	0	0	0	0	0	0	0	103	0	0	0	
1.14751e+06	0	0	0	0	0	0	0	0	97	0	0	0	
1.14826e+06	0	0	0	0	0	0	0	0	101	0	0	0	
1.14901e+06	0	0	0	0	0	0	0	0	87	0	0	0	
1.14977e+06	0	0	0	0	0	0	0	0	99	0	0	0	
1.15051e+06	0	0	0	0	0	0	0	0	91	0	0	0	
1.15126e+06	0	0	0	0	0	0	0	0	95	0	0	0	
1.15201e+06	0	0	0	0	0	0	0	0	105	0	0	0	
1.15276e+06	0	0	0	0	0	0	0	0	99	0	0	0	
1.15351e+06	0	0	0	0	0	0	0	119	0	0	0	0	
1.15426e+06	0	0	0	0	0	0	0	111	0	0	0	0	
1.15501e+06	0	0	0	0	0	0	0	137	0	0	0	0	
1.15576e+06	0	0	0	0	0	0	0	129	0	0	0	0	
1.1565e+06	0	0	0	0	0	0	0	133	0	0	0	0	
1.15726e+06	0	0	0	0	0	0	0	97	0	0	0	0	
1.15801e+06	0	0	0	0	0	0	0	101	0	0	0	0	
1.15875e+06	0	0	0	0	0	0	0	117	0	0	0	0	
1.15951e+06	0	0	0	0	0	0	0	131	0	0	0	0	
1.16026e+06	0	0	0	0	0	0	0	113	0	0	0	0	
1.16101e+06	0	0	0	0	0	0	0	111	0	0	0	0	
1.16176e+06	0	0	0	0	0	0	0	125	0	0	0	0	
1.16251e+06	0	0	0	0	0	0	0	113	0	0	0	0	
1.16326e+06	0	0	0	0	0	0	0	113	0	0	0	0	
1.164e+06	0	0	0	0	0	0	0	103	0	0	0	0	
1.16475e+06	0	0	0	0	0	0	0	117	0	0	0	0	
1.16551e+06	0	0	0	0	0	0	0	101	0	0	0	0	
1.16626e+06	0	0	0	0	0	0	0	109	0	0	0	0	
1.16701e+06	0	0	0	0	0	0	0	115	0	0	0	0	
1.16776e+06	0	0	0	0	0	0	0	123	0	0	0	0	
1.16851e+06	0	0	0	0	0	0	0	103	0	0	0	0	
1.16926e+06	0	0	0	0	0	0	0	113	0	0	0	0	
1.17001e+06	0	0	0	0	0	0	0	117	0	0	0	0	
1.17076e+06	0	0	0	0	0	0	0	115	0	0	0	0	
1.17151e+06	0	0	0	0	0	0	0	103	0	0	0	0	
1.17226e+06	0	0	0	0	0	0	0	141	0	0	0	0	
1.17301e+06	0	0	0	0	0	0	0	119	0	0	0	0	
1.17376e+06	0	0	0	0	0	0	0	123	0	0	0	0	
1.17451e+06	0	0	0	0	0	0	0	119	0	0	0	0	
1.17526e+06	0	0	0	0	0	0	0	111	0	0	0	0	
1.17601e+06	0	0	0	0	0	0	0	121	0	0	0	0	
1.17676e+06	0	0	0	0	0	0	0	111	0	0	0	0	
1.17751e+06	0	0	0	0	0	0	0	115	0	0	0	0	
1.17826e+06	0	0	0	0	0	0	0	101	0	0	0	0	
1.17901e+06	0	0	0	0	0	0	0	125	0	0	0	0	
1.17976e+06	0	0	0	0	0	0	0	127	0	0	0	0	
1.18051e+06	0	0	0	0	0	0	0	103	0	0	0	0	
1.18127e+06	0	0	0	0	0	0	0	101	0	0	0	0	
1.18202e+06	0	0	0	0	0	0	0	107	0	0	0	0	
1.18277e+06	0	0	0	0	0	0	0	121	0	0	0	0	
1.18352e+06	0	0	0	0	0	0	0	133	0	0	0	0	
1.18427e+06	0	0	0	0	0	0	0	111	0	0	0	0	
1.18502e+06	0	0	0	0	0	0	0	131	0	0	0	0	
1.18577e+06	0	0	0	0	0	0	0	103	0	0	0	0	
1.18652e+06	0	0	0	0	0	0	0	105	0	0	0	0	
1.18727e+06	0	0	0	0	0	0	0	109	0	0	0	0	
1.18802e+06	0	0	0	0	0	0	0	60	35	0	0	0	
1.18877e+06	0	0	0	0	0	0	0	0	101	0	0	0	
1.18951e+06	0	0	0	0	0	0	0	0	83	0	0	0	
1.19026e+06	0	0	0	0	0	0	0	0	105	0	0	0	
1.19101e+06	0	0	0	0	0	0	0	0	99	0	0	0	
1.19176e+06	0	0	0	0	0	0	0	121	0	0	0	0	
1.19251e+06	0	0	0	0	0	0	0	111	0	0	0	0	
1.19326e+06	0	0	0	0	0	0	121	0	0	0	0	0	
1.19402e+06	0	0	0	0	0	0	141	0	0	0	0	0	
1.19476e+06	0	0	0	0	0	0	161	0	0	0	0	0	
1.19551e+06	0	0	0	0	0	0	161	0	0	0	0	0	
1.19626e+06	0	0	0	0	0	0	143	0	0	0	0	0	
1.19701e+06	0	0	0	0	0	0	143	0	0	0	0	0	
1.19776e+06	0	0	0	0	0	0	131	0	0	0	0	0	
1.19851e+06	0	0	0	0	0	0	133	0	0	0	0	0	
1.19926e+06	0	0	0	0	0	0	145	0	0	0	0	0	
1.20001e+06	0	0	0	0	0	0	129	0	0	0	0	0	
1.20076e+06	0	0	0	0	0	0	139	0	0	0	0	0	
1.20151e+06	0	0	0	0	0	0	141	0	0	0	0	0	
1.20226e+06	0	0	0	0	0	0	155	0	0	0	0	0	
1.20301e+06	0	0	0	0	0	0	121	0	0	0	0	0	
1.20376e+06	0	0	0	0	0	0	149	0	0	0	0	0	
1.20451e+06	0	0	0	0	0	0	133	0	0	0	0	0	
1.20526e+06	0	0	0	0	0	0	139	0	0	0	0	0	
1.20601e+06	0	0	0	0	0	0	161	0	0	0	0	0	
1.20675e+06	0	0	0	0	0	0	153	0	0	0	0	0	
1.2075e+06	0	0	0	0	0	0	127	0	0	0	0	0	
1.20826e+06	0	0	0	0	0	0	0	113	0	0	0	0	
1.209e+06	0	0	0	0	0	0	0	117	0	0	0	0	
1.20976e+06	0	0	0	0	0	0	0	109	0	0	0	0	
1.21051e+06	0	0	0	0	0	0	0	115	0	0	0	0	
1.21126e+06	0	0	0	0	0	0	41	72	0	0	0	0	
1.21201e+06	0	0	0	0	0	0	0	117	0	0	0	0	
1.21276e+06	0	0	0	0	0	0	0	127	0	0	0	0	
1.21351e+06	0	0	0	0	0	0	0	123	0	0	0	0	
1.21426e+06	0	0	0	0	0	0	0	125	0	0	0	0	
1.21502e+06	0	0	0	0	0	0	0	129	0	0	0	0	
1.21576e+06	0	0	0	0	0	0	0	0	99	0	0	0	
1.21652e+06	0	0	0	0	0	0	0	0	111	0	0	0	
1.21726e+06	0	0	0	0	0	0	0	0	85	0	0	0	
1.21802e+06	0	0	0	0	0	0	0	0	87	0	0	0	
1.21877e+06	0	0	0	0	0	0	0	0	87	0	0	0	
1.21952e+06	0	0	0	0	0	0	0	0	87	0	0	0	
1.22027e+06	0	0	0	0	0	0	0	0	85	0	0	0	
1.22102e+06	0	0	0	0	0	0	0	0	105	0	0	0	
1.22177e+06	0	0	0	0	0	0	0	0	103	0	0	0	
1.22252e+06	0	0	0	0	0	0	0	0	109	0	0	0	
1.22327e+06	0	0	0	0	0	0	0	0	93	0	0	0	
1.22402e+06	0	0	0	0	0	0	0	109	0	0	0	0	
1.22477e+06	0	0	0	0	0	0	0	95	0	0	0	0	
1.22552e+06	0	0	0	0	0	0	143	0	0	0	0	0	
1.22627e+06	0	0	0	0	0	0	157	0	0	0	0	0	
1.22701e+06	0	0	0	0	0	0	141	0	0	0	0	0	
1.22776e+06	0	0	0	0	0	0	159	0	0	0	0	0	
1.22851e+06	0	0	0	0	0	0	117	0	0	0	0	0	
1.22926e+06	0	0	0	0	0	0	131	0	0	0	0	0	
1.23001e+06	0	0	0	0	0	0	153	0	0	0	0	0	
1.23076e+06	0	0	0	0	0	0	149	0	0	0	0	0	
1.2315e+06	0	0	0	0	0	0	117	0	0	0	0	0	
1.23225e+06	0	0	0	0	0	0	137	0	0	0	0	0	
1.233e+06	0	0	0	0	0	0	147	0	0	0	0	0	
1.23376e+06	0	0	0	0	0	0	153	0	0	0	0	0	
1.23451e+06	0	0	0	0	0	0	137	0	0	0	0	0	
1.23526e+06	0	0	0	0	0	0	135	0	0	0	0	0	
1.23601e+06	0	0	0	0	0	0	121	0	0	0	0	0	
1.23677e+06	0	0	0	0	0	0	125	0	0	0	0	0	
1.23751e+06	0	0	0	0	0	0	137	0	0	0	0	0	
1.23827e+06	0	0	0	0	0	0	131	0	0	0	0	0	
1.23901e+06	0	0	0	0	0	0	139	0	0	0	0	0	
1.23976e+06	0	0	0	0	0	0	141	0	0	0	0	0	
1.24051e+06	0	0	0	0	0	0	143	0	0	0	0	0	
1.24126e+06	0	0	0	0	0	0	139	0	0	0	0	0	
1.24201e+06	0	0	0	0	0	0	157	0	0	0	0	0	
1.24276e+06	0	0	0	0	0	0	163	0	0	0	0	0	
1.24351e+06	0	0	0	0	0	0	167	0	0	0	0	0	
1.24426e+06	0	0	0	0	0	0	151	0	0	0	0	0	
1.24501e+06	0	0	0	0	0	0	133	0	0	0	0	0	
1.24576e+06	0	0	0	0	0	0	123	0	0	0	0	0	
1.24651e+06	0	0	0	0	0	0	139	0	0	0	0	0	
1.24726e+06	0	0	0	0	0	0	149	0	0	0	0	0	
1.24801e+06	0	0	0	0	0	0	159	0	0	0	0	0	
1.24876e+06	0	0	0	0	0	0	139	0	0	0	0	0	
1.24951e+06	0	0	0	0	0	0	155	0	0	0	0	0	
1.25026e+06	0	0	0	0	0	0	125	0	0	0	0	0	
1.25101e+06	0	0	0	0	0	0	135	0	0	0	0	0	
1.25176e+06	0	0	0	0	0	0	155	0	0	0	0	0	
1.25251e+06	0	0	0	0	0	0	129	0	0	0	0	0	
1.25326e+06	0	0	0	0	0	0	151	0	0	0	0	0	
1.25401e+06	0	0	0	0	0	0	127	0	0	0	0	0	
1.25477e+06	0	0	0	0	0	0	131	0	0	0	0	0	
1.25552e+06	0	0	0	0	0	0	141	0	0	0	0	0	
1.25626e+06	0	0	0	0	0	0	161	0	0	0	0	0	
1.25701e+06	0	0	0	0	0	0	123	0	0	0	0	0	
1.25776e+06	0	0	0	0	0	0	133	0	0	0	0	0	
1.25851e+06	0	0	0	0	0	0	129	0	0	0	0	0	
1.25926e+06	0	0	0	0	0	0	131	0	0	0	0	0	
1.26001e+06	0	0	0	0	0	0	137	0	0	0	0	0	
1.26076e+06	0	0	0	0	0	0	123	0	0	0	0	0	
1.26151e+06	0	0	0	0	0	0	133	0	0	0	0	0	
1.26226e+06	0	0	0	0	0	0	119	0	0	0	0	0	
1.26301e+06	0	0	0	0	0	0	163	0	0	0	0	0	
1.26376e+06	0	0	0	0	0	0	119	0	0	0	0	0	
1.26451e+06	0	0	0	0	0	0	119	0	0	0	0	0	
1.26526e+06	0	0	0	0	0	0	151	0	0	0	0	0	
1.26601e+06	0	0	0	0	0	0	123	0	0	0	0	0	
1.26676e+06	0	0	0	0	0	0	157	0	0	0	0	0	
1.26751e+06	0	0	0	0	0	0	143	0	0	0	0	0	
1.26826e+06	0	0	0	0	0	0	155	0	0	0	0	0	
1.26901e+06	0	0	0	0	0	0	139	0	0	0	0	0	
1.26976e+06	0	0	0	0	0	0	129	0	0	0	0	0	
1.27051e+06	0	0	0	0	0	0	153	0	0	0	0	0	
1.27126e+06	0	0	0	0	0	0	143	0	0	0	0	0	
1.27201e+06	0	0	0	0	0	0	129	0	0	0	0	0	
1.27276e+06	0	0	0	0	0	0	125	0	0	0	0	0	
1.27351e+06	0	0	0	0	0	0	147	0	0	0	0	0	
1.27426e+06	0	0	0	0	0	0	141	0	0	0	0	0	
1.275e+06	0	0	0	0	0	0	161	0	0	0	0	0	
1.27576e+06	0	0	0	0	0	0	137	0	0	0	0	0	
1.27651e+06	0	0	0	0	0	0	147	0	0	0	0	0	
1.27725e+06	0	0	0	0	0	0	138	1	0	0	0	0	
1.278e+06	0	0	0	0	0	0	151	0	0	0	0	0	
1.27875e+06	0	0	0	0	0	0	143	0	0	0	0	0	
1.2795e+06	0	0	0	0	0	0	133	0	0	0	0	0	
1.28025e+06	0	0	0	0	0	0	137	0	0	0	0	0	
1.281e+06	0	0	0	0	0	0	161	0	0	0	0	0	
1.28175e+06	0	0	0	0	0	0	131	0	0	0	0	0	
1.28251e+06	0	0	0	0	0	0	149	0	0	0	0	0	
1.28326e+06	0	0	0	0	0	0	151	0	0	0	0	0	
1.28401e+06	0	0	0	0	0	0	151	0	0	0	0	0	
1.28476e+06	0	0	0	0	0	0	133	0	0	0	0	0	
1.28551e+06	0	0	0	0	0	0	161	0	0	0	0	0	
1.28626e+06	0	0	0	0	0	0	149	0	0	0	0	0	
1.28701e+06	0	0	0	0	0	0	121	0	0	0	0	0	
1.28776e+06	0	0	0	0	0	0	123	0	0	0	0	0	
1.28851e+06	0	0	0	0	0	0	149	0	0	0	0	0	
1.28926e+06	0	0	0	0	0	0	143	0	0	0	0	0	
1.29001e+06	0	0	0	0	0	0	131	0	0	0	0	0	
1.29076e+06	0	0	0	0	0	0	133	0	0	0	0	0	
1.29151e+06	0	0	0	0	0	0	149	0	0	0	0	0	
1.29226e+06	0	0	0	0	0	0	157	0	0	0	0	0	
1.29301e+06	0	0	0	0	0	0	139	0	0	0	0	0	
1.29376e+06	0	0	0	0	0	0	145	0	0	0	0	0	
1.29451e+06	0	0	0	0	0	0	123	0	0	0	0	0	
1.29526e+06	0	0	0	0	0	0	151	0	0	0	0	0	
1.29601e+06	0	0	0	0	0	0	147	0	0	0	0	0	
1.29676e+06	0	0	0	0	0	0	145	0	0	0	0	0	
1.29751e+06	0	0	0	0	0	0	127	0	0	0	0	0	
1.29826e+06	0	0	0	0	0	0	125	0	0	0	0	0	
1.29901e+06	0	0	0	0	0	0	143	0	0	0	0	0	
1.29976e+06	0	0	0	0	0	0	127	0	0	0	0	0	
1.30051e+06	0	0	0	0	0	0	147	0	0	0	0	0	
1.30125e+06	0	0	0	0	0	0	139	0	0	0	0	0	
1.302e+06	0	0	0	0	0	0	145	0	0	0	0	0	
1.30275e+06	0	0	0	0	0	0	0	113	0	0	0	0	
1.3035e+06	0	0	0	0	0	0	0	113	0	0	0	0	
1.30425e+06	0	0	0	0	0	0	0	113	0	0	0	0	
1.305e+06	0	0	0	0	0	0	0	133	0	0	0	0	
1.30575e+06	0	0	0	0	0	0	0	107	0	0	0	0	
1.3065e+06	0	0	0	0	0	0	0	137	0	0	0	0	
1.30725e+06	0	0	0	0	0	0	0	105	0	0	0	0	
1.308e+06	0	0	0	0	0	0	0	0	97	0	0	0	
1.30875e+06	0	0	0	0	0	0	0	0	99	0	0	0	
1.3095e+06	0	0	0	0	0	0	0	0	93	0	0	0	
1.31025e+06	0	0	0	0	0	0	0	0	103	0	0	0	
1.311e+06	0	0	0	0	0	0	0	109	0	0	0	0	
1.31175e+06	0	0	0	0	0	0	0	119	0	0	0	0	
1.3125e+06	0	0	0	0	0	0	0	131	0	0	0	0	
1.31325e+06	0	0	0	0	0	0	0	105	0	0	0	0	
1.314e+06	0	0	0	0	0	0	0	111	0	0	0	0	
1.31475e+06	0	0	0	0	0	0	0	109	0	0	0	0	
1.3155e+06	0	0	0	0	0	0	0	119	0	0	0	0	
1.31625e+06	0	0	0	0	0	0	0	115	0	0	0	0	
1.317e+06	0	0	0	0	0	0	0	115	0	0	0	0	
1.31775e+06	0	0	0	0	0	0	0	103	0	0	0	0	
1.3185e+06	0	0	0	0	0	0	0	123	0	0	0	0	
1.31925e+06	0	0	0	0	0	0	0	143	0	0	0	0	
1.31999e+06	0	0	0	0	0	0	0	111	0	0	0	0	
1.32075e+06	0	0	0	0	0	0	0	91	0	0	0	0	
1.32149e+06	0	0	0	0	0	0	0	115	0	0	0	0	
1.32224e+06	0	0	0	0	0	0	0	133	0	0	0	0	
1.32299e+06	0	0	0	0	0	0	0	115	0	0	0	0	
1.32374e+06	0	0	0	0	0	0	0	109	0	0	0	0	
1.32449e+06	0	0	0	0	0	0	0	111	0	0	0	0	
1.32524e+06	0	0	0	0	0	0	0	109	0	0	0	0	
1.32599e+06	0	0	0	0	0	0	0	121	0	0	0	0	
1.32673e+06	0	0	0	0	0	0	0	109	0	0	0	0	
1.32748e+06	0	0	0	0	0	0	6	127	0	0	0	0	
1.32823e+06	0	0	0	0	0	0	135	0	0	0	0	0	
1.32898e+06	0	0	0	0	0	0	131	0	0	0	0	0	
1.32973e+06	0	0	0	0	0	0	154	3	0	0	0	0	
1.33048e+06	0	0	0	0	0	0	133	0	0	0	0	0	
1.33123e+06	0	0	0	0	0	0	139	0	0	0	0	0	
1.33198e+06	0	0	0	0	0	0	144	1	0	0	0	0	
1.33273e+06	0	0	0	0	0	0	155	0	0	0	0	0	
1.33348e+06	0	0	0	0	0	0	153	0	0	0	0	0	
1.33423e+06	0	0	0	0	0	0	145	0	0	0	0	0	
1.33497e+06	0	0	0	0	0	0	145	0	0	0	0	0	
1.33572e+06	0	0	0	0	0	0	147	0	0	0	0	0	
1.33647e+06	0	0	0	0	0	0	133	0	0	0	0	0	
1.33723e+06	0	0	0	0	0	0	143	0	0	0	0	0	
1.33797e+06	0	0	0	0	0	0	143	0	0	0	0	0	
1.33872e+06	0	0	0	0	0	0	149	0	0	0	0	0	
1.33947e+06	0	0	0	0	0	0	141	0	0	0	0	0	
1.34023e+06	0	0	0	0	0	0	117	0	0	0	0	0	
1.34098e+06	0	0	0	0	0	0	147	0	0	0	0	0	
1.34173e+06	0	0	0	0	0	0	143	0	0	0	0	0	
1.34248e+06	0	0	0	0	0	0	145	0	0	0	0	0	
1.34323e+06	0	0	0	0	0	0	157	0	0	0	0	0	
1.34398e+06	0	0	0	0	0	0	155	0	0	0	0	0	
1.34472e+06	0	0	0	0	0	0	155	0	0	0	0	0	
1.34548e+06	0	0	0	0	0	0	151	0	0	0	0	0	
1.34623e+06	0	0	0	0	0	0	135	0	0	0	0	0	
1.34698e+06	0	0	0	0	0	0	125	0	0	0	0	0	
1.34773e+06	0	0	0	0	0	0	123	0	0	0	0	0	
1.34848e+06	0	0	0	0	0	0	135	0	0	0	0	0	
1.34923e+06	0	0	0	0	0	0	123	0	0	0	0	0	
1.34998e+06	0	0	0	0	0	0	139	0	0	0	0	0	
1.35073e+06	0	0	0	0	0	0	125	0	0	0	0	0	
1.35148e+06	0	0	0	0	0	0	155	0	0	0	0	0	
1.35223e+06	0	0	0	0	0	181	0	0	0	0	0	0	
1.35298e+06	0	0	0	0	0	181	0	0	0	0	0	0	
1.35373e+06	0	0	0	0	0	181	0	0	0	0	0	0	
1.35448e+06	0	0	0	0	0	187	0	0	0	0	0	0	
1.35523e+06	0	0	0	0	0	179	0	0	0	0	0	0	
1.35598e+06	0	0	0	0	0	183	0	0	0	0	0	0	
1.35673e+06	0	0	0	0	0	173	0	0	0	0	0	0	
1.35748e+06	0	0	0	0	0	141	0	0	0	0	0	0	
1.35823e+06	0	0	0	0	0	179	0	0	0	0	0	0	
1.35898e+06	0	0	0	0	0	165	0	0	0	0	0	0	
1.35973e+06	0	0	0	0	221	0	0	0	0	0	0	0	
1.36048e+06	0	0	0	0	217	0	0	0	0	0	0	0	
1.36123e+06	0	0	0	0	211	0	0	0	0	0	0	0	
1.36198e+06	0	0	0	0	221	0	0	0	0	0	0	0	
1.36273e+06	0	0	0	0	237	0	0	0	0	0	0	0	
1.36348e+06	0	0	0	0	239	0	0	0	0	0	0	0	
1.36423e+06	0	0	0	0	209	0	0	0	0	0	0	0	
1.36498e+06	0	0	0	0	203	0	0	0	0	0	0	0	
1.36573e+06	0	0	0	0	195	0	0	0	0	0	0	0	
1.36648e+06	0	0	0	0	209	0	0	0	0	0	0	0	
1.36723e+06	0	0	0	0	191	0	0	0	0	0	0	0	
1.36798e+06	0	0	0	0	221	0	0	0	0	0	0	0	
1.36873e+06	0	0	0	0	199	0	0	0	0	0	0	0	
1.36948e+06	0	0	0	0	221	0	0	0	0	0	0	0	
1.37022e+06	0	0	0	0	227	0	0	0	0	0	0	0	
1.37098e+06	0	0	0	0	211	0	0	0	0	0	0	0	
1.37172e+06	0	0	0	0	215	0	0	0	0	0	0	0	
1.37247e+06	0	0	0	0	215	0	0	0	0	0	0	0	
1.37322e+06	0	0	0	0	229	0	0	0	0	0	0	0	
1.37397e+06	0	0	0	0	247	0	0	0	0	0	0	0	
1.37473e+06	0	0	0	0	179	0	0	0	0	0	0	0	
1.37548e+06	0	0	0	0	211	0	0	0	0	0	0	0	
1.37623e+06	0	0	0	0	219	0	0	0	0	0	0	0	
1.37698e+06	0	0	0	0	211	0	0	0	0	0	0	0	
1.37773e+06	0	0	0	0	195	0	0	0	0	0	0	0	
1.37848e+06	0	0	0	0	227	0	0	0	0	0	0	0	
1.37923e+06	0	0	0	0	233	0	0	0	0	0	0	0	
1.37999e+06	0	0	0	0	211	0	0	0	0	0	0	0	
1.38074e+06	0	0	0	2	216	7	0	0	0	0	0	0	
1.38149e+06	0	0	0	267	0	0	0	0	0	0	0	0	
1.38224e+06	0	0	0	251	0	0	0	0	0	0	0	0	
1.38299e+06	0	0	0	273	0	0	0	0	0	0	0	0	
1.38374e+06	0	0	0	265	0	0	0	0	0	0	0	0	
1.38449e+06	0	0	0	297	0	0	0	0	0	0	0	0	
1.38524e+06	0	0	0	243	0	0	0	0	0	0	0	0	
1.38599e+06	0	0	0	299	0	0	0	0	0	0	0	0	
1.38674e+06	0	0	0	271	0	0	0	0	0	0	0	0	
1.38749e+06	0	0	0	297	0	0	0	0	0	0	0	0	
1.38824e+06	0	0	0	279	0	0	0	0	0	0	0	0	
1.38899e+06	0	0	0	241	0	0	0	0	0	0	0	0	
1.38974e+06	0	0	0	253	0	0	0	0	0	0	0	0	
1.39048e+06	0	0	0	275	0	0	0	0	0	0	0	0	
1.39123e+06	0	0	0	247	0	0	0	0	0	0	0	0	
1.39198e+06	0	0	0	293	0	0	0	0	0	0	0	0	
1.39273e+06	0	0	0	277	0	0	0	0	0	0	0	0	
1.39348e+06	0	0	287	26	0	0	0	0	0	0	0	0	
1.39423e+06	0	0	323	0	0	0	0	0	0	0	0	0	
1.39498e+06	0	0	309	0	0	0	0	0	0	0	0	0	
1.39573e+06	0	0	315	0	0	0	0	0	0	0	0	0	
1.39648e+06	0	0	345	0	0	0	0	0	0	0	0	0	
1.39723e+06	0	1	316	0	0	0	0	0	0	0	0	0	
1.39798e+06	0	0	341	0	0	0	0	0	0	0	0	0	
1.39873e+06	0	419	0	0	0	0	0	0	0	0	0	0	
1.39948e+06	0	399	0	0	0	0	0	0	0	0	0	0	
1.40023e+06	2	403	0	0	0	0	0	0	0	0	0	0	
1.40098e+06	0	395	0	0	0	0	0	0	0	0	0	0	
1.40173e+06	0	379	0	0	0	0	0	0	0	0	0	0	
1.40248e+06	0	421	0	0	0	0	0	0	0	0	0	0	
1.40323e+06	0	379	0	0	0	0	0	0	0	0	0	0	
1.40398e+06	0	395	0	0	0	0	0	0	0	0	0	0	
1.40473e+06	0	405	0	0	0	0	0	0	0	0	0	0	
1.40548e+06	146	265	0	0	0	0	0	0	0	0	0	0	
1.40622e+06	18	389	0	0	0	0	0	0	0	0	0	0	
1.40697e+06	0	391	0	0	0	0	0	0	0	0	0	0	
1.40772e+06	0	389	0	0	0	0	0	0	0	0	0	0	
1.40847e+06	0	425	0	0	0	0	0	0	0	0	0	0	
1.40922e+06	0	405	0	0	0	0	0	0	0	0	0	0	
1.40997e+06	0	389	0	0	0	0	0	0	0	0	0	0	
1.41073e+06	0	385	0	0	0	0	0	0	0	0	0	0	
1.41147e+06	0	383	0	0	0	0	0	0	0	0	0	0	
1.41222e+06	0	373	0	0	0	0	0	0	0	0	0	0	
1.41297e+06	0	411	0	0	0	0	0	0	0	0	0	0	
1.41372e+06	0	385	0	0	0	0	0	0	0	0	0	0	
1.41447e+06	0	417	0	0	0	0	0	0	0	0	0	0	
1.41522e+06	0	401	0	0	0	0	0	0	0	0	0	0	
1.41597e+06	0	349	0	0	0	0	0	0	0	0	0	0	
1.41672e+06	0	443	0	0	0	0	0	0	0	0	0	0	
1.41747e+06	0	377	0	0	0	0	0	0	0	0	0	0	
1.41822e+06	0	371	0	0	0	0	0	0	0	0	0	0	
1.41897e+06	0	391	0	0	0	0	0	0	0	0	0	0	
1.41972e+06	3	398	0	0	0	0	0	0	0	0	0	0	
1.42047e+06	0	385	0	0	0	0	0	0	0	0	0	0	
1.42122e+06	0	395	0	0	0	0	0	0	0	0	0	0	
1.42197e+06	0	389	0	0	0	0	0	0	0	0	0	0	
1.42272e+06	0	421	0	0	0	0	0	0	0	0	0	0	
1.42347e+06	0	383	0	0	0	0	0	0	0	0	0	0	
1.42422e+06	0	399	0	0	0	0	0	0	0	0	0	0	
1.42497e+06	0	22	311	0	0	0	0	0	0	0	0	0	
1.42572e+06	0	0	333	0	0	0	0	0	0	0	0	0	
1.42647e+06	0	0	329	0	0	0	0	0	0	0	0	0	
1.42722e+06	0	0	321	0	0	0	0	0	0	0	0	0	
1.42797e+06	0	0	317	0	0	0	0	0	0	0	0	0	
1.42872e+06	0	0	351	0	0	0	0	0	0	0	0	0	
1.42947e+06	0	20	341	0	0	0	0	0	0	0	0	0	
1.43022e+06	0	0	307	0	0	0	0	0	0	0	0	0	
1.43097e+06	0	0	305	0	0	0	0	0	0	0	0	0	
1.43172e+06	0	0	295	0	0	0	0	0	0	0	0	0	
1.43247e+06	0	0	339	0	0	0	0	0	0	0	0	0	
1.43322e+06	0	0	321	0	0	0	0	0	0	0	0	0	
1.43397e+06	0	0	319	0	0	0	0	0	0	0	0	0	
1.43472e+06	0	0	321	0	0	0	0	0	0	0	0	0	
1.43547e+06	0	0	333	0	0	0	0	0	0	0	0	0	
1.43621e+06	0	0	283	0	0	0	0	0	0	0	0	0	
1.43696e+06	0	0	315	0	0	0	0	0	0	0	0	0	
1.43772e+06	0	0	311	0	0	0	0	0	0	0	0	0	
1.43846e+06	0	0	315	0	0	0	0	0	0	0	0	0	
1.43921e+06	0	0	315	0	0	0	0	0	0	0	0	0	
1.43996e+06	0	0	359	0	0	0	0	0	0	0	0	0	
1.44071e+06	0	0	329	0	0	0	0	0	0	0	0	0	
1.44146e+06	0	0	327	0	0	0	0	0	0	0	0	0	
1.44221e+06	0	0	303	0	0	0	0	0	0	0	0	0	
1.44297e+06	0	0	311	0	0	0	0	0	0	0	0	0	
1.44372e+06	0	0	293	0	0	0	0	0	0	0	0	0	
1.44447e+06	0	0	319	0	0	0	0	0	0	0	0	0	
1.44522e+06	0	0	321	0	0	0	0	0	0	0	0	0	
1.44597e+06	0	225	156	0	0	0	0	0	0	0	0	0	
1.44672e+06	0	0	329	0	0	0	0	0	0	0	0	0	
1.44746e+06	0	0	325	0	0	0	0	0	0	0	0	0	
1.44822e+06	0	0	303	0	0	0	0	0	0	0	0	0	
1.44896e+06	0	0	345	0	0	0	0	0	0	0	0	0	
1.44971e+06	0	0	317	0	0	0	0	0	0	0	0	0	
1.45047e+06	0	0	315	0	0	0	0	0	0	0	0	0	
1.45121e+06	0	0	323	0	0	0	0	0	0	0	0	0	
1.45196e+06	0	0	317	0	0	0	0	0	0	0	0	0	
1.45272e+06	0	0	325	0	0	0	0	0	0	0	0	0	
1.45347e+06	0	0	325	0	0	0	0	0	0	0	0	0	
1.45422e+06	0	0	349	0	0	0	0	0	0	0	0	0	
1.45497e+06	0	0	345	0	0	0	0	0	0	0	0	0	
1.45572e+06	0	0	325	0	0	0	0	0	0	0	0	0	
1.45647e+06	0	0	321	0	0	0	0	0	0	0	0	0	
1.45722e+06	0	0	327	0	0	0	0	0	0	0	0	0	
1.45797e+06	0	0	335	0	0	0	0	0	0	0	0	0	
1.45872e+06	0	0	323	0	0	0	0	0	0	0	0	0	
1.45947e+06	0	0	321	0	0	0	0	0	0	0	0	0	
1.46022e+06	0	0	357	0	0	0	0	0	0	0	0	0	
1.46097e+06	0	0	331	0	0	0	0	0	0	0	0	0	
1.46172e+06	0	0	339	0	0	0	0	0	0	0	0	0	
1.46247e+06	0	0	317	0	0	0	0	0	0	0	0	0	
1.46322e+06	0	0	323	0	0	0	0	0	0	0	0	0	
1.46397e+06	0	0	371	0	0	0	0	0	0	0	0	0	
1.46472e+06	0	0	315	0	0	0	0	0	0	0	0	0	
1.46547e+06	0	0	353	0	0	0	0	0	0	0	0	0	
1.46622e+06	0	0	0	281	0	0	0	0	0	0	0	0	
1.46697e+06	0	0	0	245	0	0	0	0	0	0	0	0	
1.46772e+06	0	0	0	259	0	0	0	0	0	0	0	0	
1.46847e+06	0	0	0	251	0	0	0	0	0	0	0	0	
1.46922e+06	0	0	0	241	0	0	0	0	0	0	0	0	
1.46997e+06	0	0	0	261	0	0	0	0	0	0	0	0	
1.47072e+06	0	0	0	265	0	0	0	0	0	0	0	0	
1.47147e+06	0	0	0	267	0	0	0	0	0	0	0	0	
1.47222e+06	0	0	0	255	0	0	0	0	0	0	0	0	
1.47297e+06	0	0	0	277	0	0	0	0	0	0	0	0	
1.47372e+06	0	0	0	277	0	0	0	0	0	0	0	0	
1.47447e+06	0	0	0	287	0	0	0	0	0	0	0	0	
1.47522e+06	0	0	0	259	0	0	0	0	0	0	0	0	
1.47596e+06	0	0	0	299	0	0	0	0	0	0	0	0	
1.47672e+06	0	0	0	245	0	0	0	0	0	0	0	0	
1.47746e+06	0	0	0	269	0	0	0	0	0	0	0	0	
1.47821e+06	0	0	0	261	0	0	0	0	0	0	0	0	
1.47896e+06	0	0	0	283	0	0	0	0	0	0	0	0	
1.47972e+06	0	0	0	291	0	0	0	0	0	0	0	0	
1.48046e+06	0	0	0	259	0	0	0	0	0	0	0	0	
1.48121e+06	0	0	0	271	0	0	0	0	0	0	0	0	
1.48196e+06	0	0	0	283	0	0	0	0	0	0	0	0	
1.48271e+06	0	0	4	263	0	0	0	0	0	0	0	0	
1.48346e+06	0	0	0	277	0	0	0	0	0	0	0	0	
1.48421e+06	0	0	0	267	0	0	0	0	0	0	0	0	
1.48496e+06	0	0	0	265	0	0	0	0	0	0	0	0	
1.48572e+06	0	0	0	0	219	0	0	0	0	0	0	0	
1.48647e+06	0	0	0	0	199	0	0	0	0	0	0	0	
1.48722e+06	0	0	0	0	223	0	0	0	0	0	0	0	
1.48796e+06	0	0	0	0	221	0	0	0	0	0	0	0	
1.48872e+06	0	0	0	0	213	0	0	0	0	0	0	0	
1.48947e+06	0	0	0	0	217	0	0	0	0	0	0	0	
1.49022e+06	0	0	0	0	225	0	0	0	0	0	0	0	
1.49097e+06	0	0	0	0	231	0	0	0	0	0	0	0	
1.49172e+06	0	0	0	0	245	0	0	0	0	0	0	0	
1.49247e+06	0	0	0	0	213	0	0	0	0	0	0	0	
1.49322e+06	0	0	0	2	247	0	0	0	0	0	0	0	
1.49397e+06	0	0	0	0	223	0	0	0	0	0	0	0	
1.49472e+06	0	0	0	0	215	0	0	0	0	0	0	0	
1.49546e+06	0	0	0	0	215	0	0	0	0	0	0	0	
1.49621e+06	0	0	0	0	215	0	0	0	0	0	0	0	
1.49696e+06	0	0	0	0	221	0	0	0	0	0	0	0	
1.49771e+06	0	0	0	0	203	0	0	0	0	0	0	0	
1.49846e+06	0	0	0	0	205	0	0	0	0	0	0	0	
1.49921e+06	0	0	0	0	215	0	0	0	0	0	0	0	
1.49996e+06	0	0	0	0	203	0	0	0	0	0	0	0	
1.49996e+06	0	0	0	0	203	0	0	0	0	0	0	0	
