Time	s0	s1	s2	s3	s4	s5	s6	s7	s8	s9	s10	s11	s12	s13	s14	s15	
0	0	0	0	0	0	0	0	0	0	0	0	0	0	0	0	200	
0.000240586	0	0	0	0	0	0	0	0	0	0	0	0	0	0	0	199	
747.058	0	0	0	0	0	0	0	0	0	0	0	0	0	0	0	51	
1494.35	0	0	0	0	0	0	0	0	0	0	0	0	0	0	0	47	
2239.6	0	0	0	0	0	0	0	0	0	0	0	0	0	0	0	47	
2989.98	0	0	0	0	0	0	0	0	0	0	0	0	0	0	0	61	
3740.82	0	0	0	0	0	0	0	0	0	0	0	0	0	0	0	49	
4490.21	0	0	0	0	0	0	0	0	0	0	0	0	0	0	0	51	
5239.58	0	0	0	0	0	0	0	0	0	0	0	0	0	0	53	0	
5991.9	0	0	0	0	0	0	0	0	0	0	0	0	0	0	51	0	
6739.36	0	0	0	0	0	0	0	0	0	0	0	0	0	0	49	0	
7488.02	0	0	0	0	0	0	0	0	0	0	0	0	0	0	43	0	
8239.04	0	0	0	0	0	0	0	0	0	0	0	0	0	0	53	0	
8986.7	0	0	0	0	0	0	0	0	0	0	0	0	0	0	59	0	
9739.25	0	0	0	0	0	0	0	0	0	0	0	0	0	0	43	0	
10488.4	0	0	0	0	0	0	0	0	0	0	0	0	0	0	51	0	
11239.8	0	0	0	0	0	0	0	0	0	0	0	0	0	0	59	0	
11989.4	0	0	0	0	0	0	0	0	0	0	0	0	0	0	61	0	
12737.6	0	0	0	0	0	0	0	0	0	0	0	0	0	0	47	0	
13484.8	0	0	0	0	0	0	0	0	0	0	0	0	0	0	49	0	
14237.7	0	0	0	0	0	0	0	0	0	0	0	0	0	0	53	0	
14987.1	0	0	0	0	0	0	0	0	0	0	0	0	0	0	63	0	
15739.3	0	0	0	0	0	0	0	0	0	0	0	0	0	0	45	0	
16489.6	0	0	0	0	0	0	0	0	0	0	0	0	0	0	53	0	
17237.6	0	0	0	0	0	0	0	0	0	0	0	0	0	0	47	0	
17987.3	0	0	0	0	0	0	0	0	0	0	0	0	0	0	69	0	
18734.5	0	0	0	0	0	0	0	0	0	0	0	0	0	0	39	0	
19485.8	0	0	0	0	0	0	0	0	0	0	0	0	0	0	39	0	
20238.9	0	0	0	0	0	0	0	0	0	0	0	0	0	0	53	0	
20987.6	0	0	0	0	0	0	0	0	0	0	0	0	0	0	59	0	
21736.6	0	0	0	0	0	0	0	0	0	0	0	0	0	0	61	0	
22484.6	0	0	0	0	0	0	0	0	0	0	0	0	0	0	61	0	
23232.5	0	0	0	0	0	0	0	0	0	0	0	0	0	0	39	0	
23979.9	0	0	0	0	0	0	0	0	0	0	0	0	0	0	63	0	
24729.1	0	0	0	0	0	0	0	0	0	0	0	0	0	0	59	0	
25479.1	0	0	0	0	0	0	0	0	0	0	0	0	0	0	45	0	
26227	0	0	0	0	0	0	0	0	0	0	0	0	0	0	55	0	
26977.2	0	0	0	0	0	0	0	0	0	0	0	0	0	0	57	0	
27724.7	0	0	0	0	0	0	0	0	0	0	0	0	0	0	63	0	
28471.6	0	0	0	0	0	0	0	0	0	0	0	0	0	63	0	0	
29219.8	0	0	0	0	0	0	0	0	0	0	0	0	0	57	0	0	
29969	0	0	0	0	0	0	0	0	0	0	0	0	0	55	0	0	
30720.7	0	0	0	0	0	0	0	0	0	0	0	0	0	47	8	0	
31473.2	0	0	0	0	0	0	0	0	0	0	0	0	53	0	0	0	
32224.7	0	0	0	0	0	0	0	0	0	0	0	0	63	0	0	0	
32973.7	0	0	0	0	0	0	0	0	0	0	0	0	61	0	0	0	
33723.6	0	0	0	0	0	0	0	0	0	0	0	0	65	0	0	0	
34470.5	0	0	0	0	0	0	0	0	0	0	0	0	55	0	0	0	
35220.6	0	0	0	0	0	0	0	0	0	0	0	0	59	0	0	0	
35969.1	0	0	0	0	0	0	0	0	0	0	0	0	65	0	0	0	
36717.1	0	0	0	0	0	0	0	0	0	0	0	0	61	0	0	0	
37469.9	0	0	0	0	0	0	0	0	0	0	0	0	61	0	0	0	
38217.5	0	0	0	0	0	0	0	0	0	0	0	0	69	0	0	0	
38968.4	0	0	0	0	0	0	0	0	0	0	0	0	55	0	0	0	
39721.1	0	0	0	0	0	0	0	0	0	0	0	0	69	0	0	0	
40472.7	0	0	0	0	0	0	0	0	0	0	0	0	63	0	0	0	
41224.3	0	0	0	0	0	0	0	0	0	0	0	0	55	0	0	0	
41973.4	0	0	0	0	0	0	0	0	0	0	0	0	59	0	0	0	
42722.7	0	0	0	0	0	0	0	0	0	0	0	0	63	0	0	0	
43470	0	0	0	0	0	0	0	0	0	0	0	0	71	0	0	0	
44219.3	0	0	0	0	0	0	0	0	0	0	0	0	57	0	0	0	
44968.8	0	0	0	0	0	0	0	0	0	0	0	0	69	0	0	0	
45717.4	0	0	0	0	0	0	0	0	0	0	0	0	75	0	0	0	
46467.8	0	0	0	0	0	0	0	0	0	0	0	0	63	0	0	0	
47218	0	0	0	0	0	0	0	0	0	0	0	0	67	0	0	0	
47967.2	0	0	0	0	0	0	0	0	0	0	0	0	61	0	0	0	
48714.8	0	0	0	0	0	0	0	0	0	0	0	0	49	0	0	0	
49465.8	0	0	0	0	0	0	0	0	0	0	0	0	63	0	0	0	
50216.6	0	0	0	0	0	0	0	0	0	0	0	0	69	0	0	0	
50967.2	0	0	0	0	0	0	0	0	0	0	0	0	63	0	0	0	
51718.7	0	0	0	0	0	0	0	0	0	0	0	0	69	0	0	0	
52470.6	0	0	0	0	0	0	0	0	0	0	0	0	63	0	0	0	
53219.7	0	0	0	0	0	0	0	0	0	0	0	0	77	0	0	0	
53968.7	0	0	0	0	0	0	0	0	0	0	0	0	49	0	0	0	
54717.4	0	0	0	0	0	0	0	0	0	0	0	0	71	0	0	0	
55468.7	0	0	0	0	0	0	0	0	0	0	0	0	63	0	0	0	
56217.5	0	0	0	0	0	0	0	0	0	0	0	0	69	0	0	0	
56971.4	0	0	0	0	0	0	0	0	0	0	0	0	77	0	0	0	
57720.9	0	0	0	0	0	0	0	0	0	0	0	0	59	0	0	0	
58469.5	0	0	0	0	0	0	0	0	0	0	0	0	53	0	0	0	
59219	0	0	0	0	0	0	0	0	0	0	0	0	65	0	0	0	
59966.7	0	0	0	0	0	0	0	0	0	0	0	0	61	0	0	0	
60717.9	0	0	0	0	0	0	0	0	0	0	0	67	0	0	0	0	
61467.1	0	0	0	0	0	0	0	0	0	0	0	69	0	0	0	0	
62213.6	0	0	0	0	0	0	0	0	0	0	0	63	0	0	0	0	
62962.5	0	0	0	0	0	0	0	0	0	0	0	71	0	0	0	0	
63714	0	0	0	0	0	0	0	0	0	0	0	73	0	0	0	0	
64462.7	0	0	0	0	0	0	0	0	0	0	0	0	59	0	0	0	
65214.2	0	0	0	0	0	0	0	0	0	0	0	0	69	0	0	0	
65962.9	0	0	0	0	0	0	0	0	0	0	0	0	61	0	0	0	
66714.4	0	0	0	0	0	0	0	0	0	0	0	0	57	0	0	0	
67465.9	0	0	0	0	0	0	0	0	0	0	0	0	65	0	0	0	
68213.9	0	0	0	0	0	0	0	0	0	0	0	0	61	0	0	0	
68963.7	0	0	0	0	0	0	0	0	0	0	0	63	0	0	0	0	
69713.8	0	0	0	0	0	0	0	0	0	0	0	77	0	0	0	0	
70465.6	0	0	0	0	0	0	0	0	0	0	0	83	0	0	0	0	
71217.3	0	0	0	0	0	0	0	0	0	0	0	59	0	0	0	0	
71969.7	0	0	0	0	0	0	0	0	0	0	0	77	0	0	0	0	
72721	0	0	0	0	0	0	0	0	0	0	0	55	0	0	0	0	
73467.7	0	0	0	0	0	0	0	0	0	81	0	0	0	0	0	0	
74218.3	0	0	0	0	0	0	0	0	0	65	0	0	0	0	0	0	
74967.8	0	0	0	0	0	0	0	0	0	97	0	0	0	0	0	0	
75718.7	0	0	0	0	0	0	0	0	0	81	0	0	0	0	0	0	
76469.6	0	0	0	0	0	0	0	0	0	0	63	0	0	0	0	0	
77217.2	0	0	0	0	0	0	0	0	0	0	73	0	0	0	0	0	
77970	0	0	0	0	0	0	0	0	0	0	79	0	0	0	0	0	
78718.7	0	0	0	0	0	0	0	0	0	0	69	0	0	0	0	0	
79467.2	0	0	0	0	0	0	0	0	0	0	69	0	0	0	0	0	
80217.7	0	0	0	0	0	0	0	0	0	0	61	0	0	0	0	0	
80966	0	0	0	0	0	0	0	0	0	0	85	0	0	0	0	0	
81719.1	0	0	0	0	0	0	0	0	0	0	75	0	0	0	0	0	
82471	0	0	0	0	0	0	0	0	0	0	71	0	0	0	0	0	
83221.5	0	0	0	0	0	0	0	0	0	0	75	0	0	0	0	0	
83971.4	0	0	0	0	0	0	0	0	0	0	67	0	0	0	0	0	
84717	0	0	0	0	0	0	0	0	0	0	85	0	0	0	0	0	
85468.8	0	0	0	0	0	0	0	0	0	0	65	0	0	0	0	0	
86218.6	0	0	0	0	0	0	0	0	0	0	85	0	0	0	0	0	
86967.6	0	0	0	0	0	0	0	0	0	0	87	0	0	0	0	0	
87714.8	0	0	0	0	0	0	0	0	0	0	73	0	0	0	0	0	
88463.1	0	0	0	0	0	0	0	0	0	0	69	0	0	0	0	0	
89211.5	0	0	0	0	0	0	0	0	0	0	81	0	0	0	0	0	
89966	0	0	0	0	0	0	0	0	0	0	77	0	0	0	0	0	
90717.3	0	0	0	0	0	0	0	0	0	0	85	0	0	0	0	0	
91465.8	0	0	0	0	0	0	0	0	0	0	55	0	0	0	0	0	
92214.8	0	0	0	0	0	0	0	0	0	0	73	0	0	0	0	0	
92966.3	0	0	0	0	0	0	0	0	0	0	79	0	0	0	0	0	
93717.4	0	0	0	0	0	0	0	0	0	0	61	0	0	0	0	0	
94466	0	0	0	0	0	0	0	0	0	0	55	0	0	0	0	0	
95214.5	0	0	0	0	0	0	0	0	0	0	69	0	0	0	0	0	
95963.8	0	0	0	0	0	0	0	0	0	0	71	0	0	0	0	0	
96712.9	0	0	0	0	0	0	0	0	0	0	75	0	0	0	0	0	
97464.4	0	0	0	0	0	0	0	0	0	0	65	0	0	0	0	0	
98214.1	0	0	0	0	0	0	0	0	0	0	79	0	0	0	0	0	
98966.3	0	0	0	0	0	0	0	0	0	0	83	0	0	0	0	0	
99716.6	0	0	0	0	0	0	0	0	0	0	87	0	0	0	0	0	
100467	0	0	0	0	0	0	0	0	0	0	71	0	0	0	0	0	
101217	0	0	0	0	0	0	0	0	0	0	77	0	0	0	0	0	
101969	0	0	0	0	0	0	0	0	0	0	61	0	0	0	0	0	
102720	0	0	0	0	0	0	0	0	0	0	0	73	0	0	0	0	
103468	0	0	0	0	0	0	0	0	0	0	0	71	0	0	0	0	
104214	0	0	0	0	0	0	0	0	0	0	0	75	0	0	0	0	
104963	0	0	0	0	0	0	0	0	0	0	0	63	0	0	0	0	
105713	0	0	0	0	0	0	0	0	0	0	0	63	0	0	0	0	
106462	0	0	0	0	0	0	0	0	0	0	0	85	0	0	0	0	
107209	0	0	0	0	0	0	0	0	0	0	0	67	0	0	0	0	
107956	0	0	0	0	0	0	0	0	0	0	0	65	0	0	0	0	
108708	0	0	0	0	0	0	0	0	0	0	0	61	0	0	0	0	
109458	0	0	0	0	0	0	0	0	0	0	0	75	0	0	0	0	
110209	0	0	0	0	0	0	0	0	0	0	0	89	0	0	0	0	
110959	0	0	0	0	0	0	0	0	0	0	0	73	0	0	0	0	
111710	0	0	0	0	0	0	0	0	0	0	0	63	0	0	0	0	
112456	0	0	0	0	0	0	0	0	0	0	0	61	0	0	0	0	
113206	0	0	0	0	0	0	0	0	0	0	0	75	0	0	0	0	
113954	0	0	0	0	0	0	0	0	0	0	0	63	0	0	0	0	
114704	0	0	0	0	0	0	0	0	0	0	0	53	0	0	0	0	
115458	0	0	0	0	0	0	0	0	0	0	71	0	0	0	0	0	
116209	0	0	0	0	0	0	0	0	0	0	77	0	0	0	0	0	
116957	0	0	0	0	0	0	0	0	0	0	77	0	0	0	0	0	
117708	0	0	0	0	0	0	0	0	0	0	77	0	0	0	0	0	
118461	0	0	0	0	0	0	0	0	0	0	77	0	0	0	0	0	
119208	0	0	0	0	0	0	0	0	0	0	61	0	0	0	0	0	
119959	0	0	0	0	0	0	0	0	0	81	0	0	0	0	0	0	
120709	0	0	0	0	0	0	0	0	0	81	0	0	0	0	0	0	
121458	0	0	0	0	0	0	0	0	0	77	0	0	0	0	0	0	
122207	0	0	0	0	0	0	0	0	0	79	0	0	0	0	0	0	
122959	0	0	0	0	0	0	0	0	0	103	0	0	0	0	0	0	
123707	0	0	0	0	0	0	0	0	0	81	0	0	0	0	0	0	
124455	0	0	0	0	0	0	0	0	0	87	0	0	0	0	0	0	
125204	0	0	0	0	0	0	0	0	0	77	0	0	0	0	0	0	
125951	0	0	0	0	0	0	0	0	0	101	0	0	0	0	0	0	
126703	0	0	0	0	0	0	0	0	0	79	0	0	0	0	0	0	
127452	0	0	0	0	0	0	0	0	0	0	77	0	0	0	0	0	
128202	0	0	0	0	0	0	0	0	0	0	67	0	0	0	0	0	
128955	0	0	0	0	0	0	0	0	0	0	75	0	0	0	0	0	
129703	0	0	0	0	0	0	0	0	0	0	0	67	0	0	0	0	
130454	0	0	0	0	0	0	0	0	0	0	0	55	0	0	0	0	
131205	0	0	0	0	0	0	0	0	0	0	0	0	77	0	0	0	
131954	0	0	0	0	0	0	0	0	0	0	0	0	71	0	0	0	
132703	0	0	0	0	0	0	0	0	0	0	0	0	61	0	0	0	
133454	0	0	0	0	0	0	0	0	0	0	0	0	61	0	0	0	
134204	0	0	0	0	0	0	0	0	0	0	0	0	67	0	0	0	
134952	0	0	0	0	0	0	0	0	0	0	0	0	65	0	0	0	
135702	0	0	0	0	0	0	0	0	0	0	0	0	57	0	0	0	
136454	0	0	0	0	0	0	0	0	0	0	0	0	81	0	0	0	
137202	0	0	0	0	0	0	0	0	0	0	0	0	61	0	0	0	
137953	0	0	0	0	0	0	0	0	0	0	0	0	55	0	0	0	
138705	0	0	0	0	0	0	0	0	0	0	0	0	0	61	0	0	
139454	0	0	0	0	0	0	0	0	0	0	0	0	0	67	0	0	
140203	0	0	0	0	0	0	0	0	0	0	0	0	0	55	0	0	
140952	0	0	0	0	0	0	0	0	0	0	0	0	0	61	0	0	
141705	0	0	0	0	0	0	0	0	0	0	0	0	0	55	0	0	
142449	0	0	0	0	0	0	0	0	0	0	0	0	0	57	0	0	
143199	0	0	0	0	0	0	0	0	0	0	0	0	0	59	0	0	
143948	0	0	0	0	0	0	0	0	0	0	0	0	0	61	0	0	
144697	0	0	0	0	0	0	0	0	0	0	0	0	0	67	0	0	
145446	0	0	0	0	0	0	0	0	0	0	0	0	0	63	0	0	
146201	0	0	0	0	0	0	0	0	0	0	0	0	0	55	0	0	
146954	0	0	0	0	0	0	0	0	0	0	0	0	0	55	0	0	
147702	0	0	0	0	0	0	0	0	0	0	0	0	0	67	0	0	
148451	0	0	0	0	0	0	0	0	0	0	0	0	0	65	0	0	
149200	0	0	0	0	0	0	0	0	0	0	0	0	0	0	49	0	
149952	0	0	0	0	0	0	0	0	0	0	0	0	0	0	61	0	
150704	0	0	0	0	0	0	0	0	0	0	0	0	0	0	59	0	
151452	0	0	0	0	0	0	0	0	0	0	0	0	0	0	41	0	
152204	0	0	0	0	0	0	0	0	0	0	0	0	0	0	55	0	
152955	0	0	0	0	0	0	0	0	0	0	0	0	0	0	63	0	
153703	0	0	0	0	0	0	0	0	0	0	0	0	0	0	63	0	
154452	0	0	0	0	0	0	0	0	0	0	0	0	0	0	67	0	
155204	0	0	0	0	0	0	0	0	0	0	0	0	0	0	43	0	
155953	0	0	0	0	0	0	0	0	0	0	0	0	0	0	0	59	
156704	0	0	0	0	0	0	0	0	0	0	0	0	0	0	0	47	
157455	0	0	0	0	0	0	0	0	0	0	0	0	0	0	0	49	
158205	0	0	0	0	0	0	0	0	0	0	0	0	0	0	0	49	
158952	0	0	0	0	0	0	0	0	0	0	0	0	0	0	0	61	
159706	0	0	0	0	0	0	0	0	0	0	0	0	0	0	0	51	
160456	0	0	0	0	0	0	0	0	0	0	0	0	0	0	0	59	
161207	0	0	0	0	0	0	0	0	0	0	0	0	0	0	0	57	
161957	0	0	0	0	0	0	0	0	0	0	0	0	0	0	0	49	
162703	0	0	0	0	0	0	0	0	0	0	0	0	0	0	0	39	
163454	0	0	0	0	0	0	0	0	0	0	0	0	0	0	0	61	
164202	0	0	0	0	0	0	0	0	0	0	0	0	0	0	0	55	
164955	0	0	0	0	0	0	0	0	0	0	0	0	0	0	0	49	
165703	0	0	0	0	0	0	0	0	0	0	0	0	0	0	0	51	
166454	0	0	0	0	0	0	0	0	0	0	0	0	0	0	0	43	
167200	0	0	0	0	0	0	0	0	0	0	0	0	0	0	0	67	
167950	0	0	0	0	0	0	0	0	0	0	0	0	0	0	0	47	
168701	0	0	0	0	0	0	0	0	0	0	0	0	0	0	0	53	
169453	0	0	0	0	0	0	0	0	0	0	0	0	0	0	0	43	
170202	0	0	0	0	0	0	0	0	0	0	0	0	0	0	0	59	
170952	0	0	0	0	0	0	0	0	0	0	0	0	0	0	0	49	
171701	0	0	0	0	0	0	0	0	0	0	0	0	0	0	0	53	
172452	0	0	0	0	0	0	0	0	0	0	0	0	0	0	0	61	
173200	0	0	0	0	0	0	0	0	0	0	0	0	0	0	0	45	
173953	0	0	0	0	0	0	0	0	0	0	0	0	0	0	0	55	
174704	0	0	0	0	0	0	0	0	0	0	0	0	0	0	0	57	
175452	0	0	0	0	0	0	0	0	0	0	0	0	0	0	0	51	
176201	0	0	0	0	0	0	0	0	0	0	0	0	0	0	51	0	
176952	0	0	0	0	0	0	0	0	0	0	0	0	0	0	63	0	
177704	0	0	0	0	0	0	0	0	0	0	0	0	0	0	65	0	
178454	0	0	0	0	0	0	0	0	0	0	0	0	0	0	0	45	
179204	0	0	0	0	0	0	0	0	0	0	0	0	0	0	0	43	
179953	0	0	0	0	0	0	0	0	0	0	0	0	0	0	0	57	
180702	0	0	0	0	0	0	0	0	0	0	0	0	0	0	0	63	
181450	0	0	0	0	0	0	0	0	0	0	0	0	0	0	0	55	
182199	0	0	0	0	0	0	0	0	0	0	0	0	0	0	0	39	
182946	0	0	0	0	0	0	0	0	0	0	0	0	0	0	0	71	
183697	0	0	0	0	0	0	0	0	0	0	0	0	0	0	0	45	
184447	0	0	0	0	0	0	0	0	0	0	0	0	0	0	0	43	
185199	0	0	0	0	0	0	0	0	0	0	0	0	0	0	51	0	
185948	0	0	0	0	0	0	0	0	0	0	0	0	0	0	51	0	
186700	0	0	0	0	0	0	0	0	0	0	0	0	0	0	57	0	
187450	0	0	0	0	0	0	0	0	0	0	0	0	0	0	61	0	
188201	0	0	0	0	0	0	0	0	0	0	0	0	0	0	57	0	
188950	0	0	0	0	0	0	0	0	0	0	0	0	0	0	57	0	
189697	0	0	0	0	0	0	0	0	0	0	0	0	0	0	53	0	
190450	0	0	0	0	0	0	0	0	0	0	0	0	0	0	67	0	
191201	0	0	0	0	0	0	0	0	0	0	0	0	0	0	61	0	
191954	0	0	0	0	0	0	0	0	0	0	0	0	0	0	45	0	
192704	0	0	0	0	0	0	0	0	0	0	0	0	0	0	53	0	
193454	0	0	0	0	0	0	0	0	0	0	0	0	0	0	49	0	
194206	0	0	0	0	0	0	0	0	0	0	0	0	0	0	55	0	
194955	0	0	0	0	0	0	0	0	0	0	0	0	0	53	0	0	
195704	0	0	0	0	0	0	0	0	0	0	0	0	0	61	0	0	
196456	0	0	0	0	0	0	0	0	0	0	0	0	0	53	0	0	
197202	0	0	0	0	0	0	0	0	0	0	0	0	0	69	0	0	
197952	0	0	0	0	0	0	0	0	0	0	0	0	0	49	0	0	
198702	0	0	0	0	0	0	0	0	0	0	0	0	0	69	0	0	
199455	0	0	0	0	0	0	0	0	0	0	0	0	0	63	0	0	
200205	0	0	0	0	0	0	0	0	0	0	0	0	61	0	0	0	
200956	0	0	0	0	0	0	0	0	0	0	0	0	63	0	0	0	
201707	0	0	0	0	0	0	0	0	0	0	0	0	73	0	0	0	
202455	0	0	0	0	0	0	0	0	0	0	0	0	47	0	0	0	
203205	0	0	0	0	0	0	0	0	0	0	0	0	69	0	0	0	
203956	0	0	0	0	0	0	0	0	0	0	0	0	69	0	0	0	
204702	0	0	0	0	0	0	0	0	0	0	0	0	53	0	0	0	
205454	0	0	0	0	0	0	0	0	0	0	0	0	69	0	0	0	
206204	0	0	0	0	0	0	0	0	0	0	0	0	55	0	0	0	
206956	0	0	0	0	0	0	0	0	0	0	0	0	79	0	0	0	
207706	0	0	0	0	0	0	0	0	0	0	0	0	63	0	0	0	
208457	0	0	0	0	0	0	0	0	0	0	0	0	63	0	0	0	
209208	0	0	0	0	0	0	0	0	0	0	0	0	51	0	0	0	
209958	0	0	0	0	0	0	0	0	0	0	0	0	69	0	0	0	
210709	0	0	0	0	0	0	0	0	0	0	0	63	0	0	0	0	
211461	0	0	0	0	0	0	0	0	0	0	0	75	0	0	0	0	
212208	0	0	0	0	0	0	0	0	0	0	0	61	0	0	0	0	
212957	0	0	0	0	0	0	0	0	0	0	0	57	0	0	0	0	
213708	0	0	0	0	0	0	0	0	0	0	0	55	0	0	0	0	
214454	0	0	0	0	0	0	0	0	0	0	0	67	0	0	0	0	
215202	0	0	0	0	0	0	0	0	0	0	0	73	0	0	0	0	
215953	0	0	0	0	0	0	0	0	0	0	0	69	0	0	0	0	
216704	0	0	0	0	0	0	0	0	0	0	0	59	0	0	0	0	
217454	0	0	0	0	0	0	0	0	0	0	0	75	0	0	0	0	
218206	0	0	0	0	0	0	0	0	0	0	0	59	0	0	0	0	
218958	0	0	0	0	0	0	0	0	0	0	0	75	0	0	0	0	
219709	0	0	0	0	0	0	0	0	0	0	0	87	0	0	0	0	
220457	0	0	0	0	0	0	0	0	0	0	0	51	0	0	0	0	
221208	0	0	0	0	0	0	0	0	0	0	0	61	0	0	0	0	
221954	0	0	0	0	0	0	0	0	0	0	0	65	0	0	0	0	
222704	0	0	0	0	0	0	0	0	0	0	0	61	0	0	0	0	
223454	0	0	0	0	0	0	0	0	0	0	0	69	0	0	0	0	
224206	0	0	0	0	0	0	0	0	0	0	71	0	0	0	0	0	
224957	0	0	0	0	0	0	0	0	0	69	0	0	0	0	0	0	
225708	0	0	0	0	0	0	0	0	0	79	0	0	0	0	0	0	
226460	0	0	0	0	0	0	0	0	89	0	0	0	0	0	0	0	
227210	0	0	0	0	0	0	0	0	85	0	0	0	0	0	0	0	
227964	0	0	0	0	0	0	0	0	87	0	0	0	0	0	0	0	
228716	0	0	0	0	0	0	0	0	103	0	0	0	0	0	0	0	
229469	0	0	0	0	0	0	0	0	89	0	0	0	0	0	0	0	
230219	0	0	0	0	0	0	0	0	101	0	0	0	0	0	0	0	
230968	0	0	0	0	0	0	0	0	83	0	0	0	0	0	0	0	
231719	0	0	0	0	0	0	0	0	91	0	0	0	0	0	0	0	
232472	0	0	0	0	0	0	0	0	97	0	0	0	0	0	0	0	
233218	0	0	0	0	0	0	0	0	89	0	0	0	0	0	0	0	
233971	0	0	0	0	0	0	0	0	0	79	0	0	0	0	0	0	
234727	0	0	0	0	0	0	0	0	0	65	0	0	0	0	0	0	
235475	0	0	0	0	0	0	0	0	0	81	0	0	0	0	0	0	
236228	0	0	0	0	0	0	0	0	0	79	0	0	0	0	0	0	
236976	0	0	0	0	0	0	0	0	0	69	0	0	0	0	0	0	
237726	0	0	0	0	0	0	0	0	0	99	0	0	0	0	0	0	
238477	0	0	0	0	0	0	0	0	0	63	2	0	0	0	0	0	
239225	0	0	0	0	0	0	0	0	0	0	75	0	0	0	0	0	
239973	0	0	0	0	0	0	0	0	0	0	65	0	0	0	0	0	
240724	0	0	0	0	0	0	0	0	0	0	63	0	0	0	0	0	
241474	0	0	0	0	0	0	0	0	0	0	77	0	0	0	0	0	
242221	0	0	0	0	0	0	0	0	0	0	75	0	0	0	0	0	
242971	0	0	0	0	0	0	0	0	0	0	63	0	0	0	0	0	
243720	0	0	0	0	0	0	0	0	0	0	77	0	0	0	0	0	
244470	0	0	0	0	0	0	0	0	0	0	67	0	0	0	0	0	
245218	0	0	0	0	0	0	0	0	0	0	73	0	0	0	0	0	
245967	0	0	0	0	0	0	0	0	0	0	61	0	0	0	0	0	
246716	0	0	0	0	0	0	0	0	0	0	77	0	0	0	0	0	
247466	0	0	0	0	0	0	0	0	0	0	93	0	0	0	0	0	
248213	0	0	0	0	0	0	0	0	0	0	83	0	0	0	0	0	
248963	0	0	0	0	0	0	0	0	0	0	73	0	0	0	0	0	
249713	0	0	0	0	0	0	0	0	0	0	53	0	0	0	0	0	
250461	0	0	0	0	0	0	0	0	0	0	63	0	0	0	0	0	
251211	0	0	0	0	0	0	0	0	0	0	67	0	0	0	0	0	
251957	0	0	0	0	0	0	0	0	0	0	73	0	0	0	0	0	
252708	0	0	0	0	0	0	0	0	0	77	0	0	0	0	0	0	
253461	0	0	0	0	0	0	0	0	0	83	0	0	0	0	0	0	
254211	0	0	0	0	0	0	0	0	0	97	0	0	0	0	0	0	
254961	0	0	0	0	0	0	0	0	0	83	0	0	0	0	0	0	
255708	0	0	0	0	0	0	0	0	0	77	0	0	0	0	0	0	
256457	0	0	0	0	0	0	0	0	0	73	0	0	0	0	0	0	
257208	0	0	0	0	0	0	0	0	0	81	0	0	0	0	0	0	
257960	0	0	0	0	0	0	0	0	89	0	0	0	0	0	0	0	
258709	0	0	0	0	0	0	0	0	95	0	0	0	0	0	0	0	
259460	0	0	0	0	0	0	0	0	77	0	0	0	0	0	0	0	
260209	0	0	0	0	0	0	0	0	95	0	0	0	0	0	0	0	
260956	0	0	0	0	0	0	0	0	87	0	0	0	0	0	0	0	
261708	0	0	0	0	0	0	0	89	0	0	0	0	0	0	0	0	
262460	0	0	0	0	0	0	0	99	0	0	0	0	0	0	0	0	
263207	0	0	0	0	0	0	0	0	87	0	0	0	0	0	0	0	
263961	0	0	0	0	0	0	0	0	0	89	0	0	0	0	0	0	
264712	0	0	0	0	0	0	0	0	0	65	0	0	0	0	0	0	
265457	0	0	0	0	0	0	0	0	0	77	0	0	0	0	0	0	
266206	0	0	0	0	0	0	0	0	0	97	0	0	0	0	0	0	
266953	0	0	0	0	0	0	0	0	0	69	0	0	0	0	0	0	
267702	0	0	0	0	0	0	0	0	0	83	0	0	0	0	0	0	
268452	0	0	0	0	0	0	0	0	0	79	0	0	0	0	0	0	
269202	0	0	0	0	0	0	0	0	0	79	0	0	0	0	0	0	
269952	0	0	0	0	0	0	0	0	0	4	79	0	0	0	0	0	
270705	0	0	0	0	0	0	0	0	0	0	75	0	0	0	0	0	
271453	0	0	0	0	0	0	0	0	0	0	77	0	0	0	0	0	
272203	0	0	0	0	0	0	0	0	0	0	55	0	0	0	0	0	
272956	0	0	0	0	0	0	0	0	0	0	91	0	0	0	0	0	
273703	0	0	0	0	0	0	0	0	0	0	77	0	0	0	0	0	
274456	0	0	0	0	0	0	0	0	0	0	73	0	0	0	0	0	
275208	0	0	0	0	0	0	0	0	0	0	73	0	0	0	0	0	
275958	0	0	0	0	0	0	0	0	0	0	75	0	0	0	0	0	
276711	0	0	0	0	0	0	0	0	0	0	73	0	0	0	0	0	
277464	0	0	0	0	0	0	0	0	0	0	75	0	0	0	0	0	
278215	0	0	0	0	0	0	0	0	0	0	63	0	0	0	0	0	
278965	0	0	0	0	0	0	0	0	0	0	73	0	0	0	0	0	
279714	0	0	0	0	0	0	0	0	0	0	71	0	0	0	0	0	
280463	0	0	0	0	0	0	0	0	0	0	73	0	0	0	0	0	
281214	0	0	0	0	0	0	0	0	0	0	89	0	0	0	0	0	
281968	0	0	0	0	0	0	0	0	0	0	73	0	0	0	0	0	
282713	0	0	0	0	0	0	0	0	80	9	0	0	0	0	0	0	
283463	0	0	0	0	0	0	0	0	91	0	0	0	0	0	0	0	
284219	0	0	0	0	0	0	0	0	89	0	0	0	0	0	0	0	
284966	0	0	0	0	0	0	0	0	97	0	0	0	0	0	0	0	
285718	0	0	0	0	0	0	0	0	83	0	0	0	0	0	0	0	
286467	0	0	0	0	0	0	0	0	93	0	0	0	0	0	0	0	
287221	0	0	0	0	0	0	0	0	81	0	0	0	0	0	0	0	
287967	0	0	0	0	0	0	0	0	85	0	0	0	0	0	0	0	
288719	0	0	0	0	0	0	0	0	95	0	0	0	0	0	0	0	
289471	0	0	0	0	0	0	0	0	81	0	0	0	0	0	0	0	
290220	0	0	0	0	0	0	0	0	83	0	0	0	0	0	0	0	
290970	0	0	0	0	0	0	0	87	0	0	0	0	0	0	0	0	
291719	0	0	0	0	0	0	0	95	0	0	0	0	0	0	0	0	
292469	0	0	0	0	0	0	0	95	0	0	0	0	0	0	0	0	
293225	0	0	0	0	0	0	121	0	0	0	0	0	0	0	0	0	
293977	0	0	0	0	0	0	105	0	0	0	0	0	0	0	0	0	
294729	0	0	0	0	0	0	127	0	0	0	0	0	0	0	0	0	
295482	0	0	0	0	0	0	131	0	0	0	0	0	0	0	0	0	
296232	0	0	0	0	0	0	133	0	0	0	0	0	0	0	0	0	
296985	0	0	0	0	0	0	123	0	0	0	0	0	0	0	0	0	
297736	0	0	0	0	0	0	129	0	0	0	0	0	0	0	0	0	
298486	0	0	0	0	0	0	131	0	0	0	0	0	0	0	0	0	
299237	0	0	0	0	0	0	113	0	0	0	0	0	0	0	0	0	
299983	0	0	0	0	0	0	113	0	0	0	0	0	0	0	0	0	
300733	0	0	0	0	0	0	113	0	0	0	0	0	0	0	0	0	
301486	0	0	0	0	0	0	100	3	0	0	0	0	0	0	0	0	
302240	0	0	0	0	0	0	121	0	0	0	0	0	0	0	0	0	
302988	0	0	0	0	0	0	105	0	0	0	0	0	0	0	0	0	
303738	0	0	0	0	0	1	94	0	0	0	0	0	0	0	0	0	
304489	0	0	0	0	0	0	95	0	0	0	0	0	0	0	0	0	
305238	0	0	0	0	0	0	109	0	0	0	0	0	0	0	0	0	
305987	0	0	0	0	0	0	111	0	0	0	0	0	0	0	0	0	
306736	0	0	0	0	0	0	105	0	0	0	0	0	0	0	0	0	
307487	0	0	0	0	0	0	121	0	0	0	0	0	0	0	0	0	
308234	0	0	0	0	0	0	103	0	0	0	0	0	0	0	0	0	
308980	0	0	0	0	0	0	0	97	0	0	0	0	0	0	0	0	
309729	0	0	0	0	0	0	0	103	0	0	0	0	0	0	0	0	
310479	0	0	0	0	0	0	0	111	0	0	0	0	0	0	0	0	
311230	0	0	0	0	0	0	0	101	0	0	0	0	0	0	0	0	
311978	0	0	0	0	0	0	0	0	81	0	0	0	0	0	0	0	
312729	0	0	0	0	0	0	0	0	93	0	0	0	0	0	0	0	
313479	0	0	0	0	0	0	0	0	93	0	0	0	0	0	0	0	
314230	0	0	0	0	0	0	0	0	91	0	0	0	0	0	0	0	
314981	0	0	0	0	0	0	0	0	79	0	0	0	0	0	0	0	
315728	0	0	0	0	0	0	0	0	77	0	0	0	0	0	0	0	
316479	0	0	0	0	0	0	0	0	85	0	0	0	0	0	0	0	
317231	0	0	0	0	0	0	0	0	73	0	0	0	0	0	0	0	
317977	0	0	0	0	0	0	0	0	93	0	0	0	0	0	0	0	
318727	0	0	0	0	0	0	0	0	101	0	0	0	0	0	0	0	
319477	0	0	0	0	0	0	0	0	79	0	0	0	0	0	0	0	
320229	0	0	0	0	0	0	0	0	103	0	0	0	0	0	0	0	
320979	0	0	0	0	0	0	0	0	79	0	0	0	0	0	0	0	
321731	0	0	0	0	0	0	0	0	83	0	0	0	0	0	0	0	
322480	0	0	0	0	0	0	0	0	85	0	0	0	0	0	0	0	
323232	0	0	0	0	0	0	0	0	93	0	0	0	0	0	0	0	
323985	0	0	0	0	0	0	0	0	75	0	0	0	0	0	0	0	
324736	0	0	0	0	0	0	0	0	89	0	0	0	0	0	0	0	
325489	0	0	0	0	0	0	0	0	87	0	0	0	0	0	0	0	
326241	0	0	0	0	0	0	0	0	87	0	0	0	0	0	0	0	
326987	0	0	0	0	0	0	0	0	73	0	0	0	0	0	0	0	
327737	0	0	0	0	0	0	0	0	77	0	0	0	0	0	0	0	
328488	0	0	0	0	0	0	0	0	87	0	0	0	0	0	0	0	
329240	0	0	0	0	0	0	0	0	109	0	0	0	0	0	0	0	
329987	0	0	0	0	0	0	0	0	85	0	0	0	0	0	0	0	
330738	0	0	0	0	0	0	0	0	79	0	0	0	0	0	0	0	
331484	0	0	0	0	0	0	0	0	91	0	0	0	0	0	0	0	
332239	0	0	0	0	0	0	0	0	85	0	0	0	0	0	0	0	
332985	0	0	0	0	0	0	0	0	83	0	0	0	0	0	0	0	
333730	0	0	0	0	0	0	0	0	87	0	0	0	0	0	0	0	
334479	0	0	0	0	0	0	0	0	77	0	0	0	0	0	0	0	
335229	0	0	0	0	0	0	0	0	81	0	0	0	0	0	0	0	
335980	0	0	0	0	0	0	0	0	85	0	0	0	0	0	0	0	
336729	0	0	0	0	0	0	0	0	103	0	0	0	0	0	0	0	
337481	0	0	0	0	0	0	0	0	87	0	0	0	0	0	0	0	
338228	0	0	0	0	0	0	0	0	89	0	0	0	0	0	0	0	
338979	0	0	0	0	0	0	0	0	79	0	0	0	0	0	0	0	
339725	0	0	0	0	0	0	0	0	93	0	0	0	0	0	0	0	
340477	0	0	0	0	0	0	0	0	87	0	0	0	0	0	0	0	
341228	0	0	0	0	0	0	0	0	87	0	0	0	0	0	0	0	
341978	0	0	0	0	0	0	0	0	91	0	0	0	0	0	0	0	
342728	0	0	0	0	0	0	0	0	97	0	0	0	0	0	0	0	
343478	0	0	0	0	0	0	0	0	85	0	0	0	0	0	0	0	
344230	0	0	0	0	0	0	0	0	91	0	0	0	0	0	0	0	
344982	0	0	0	0	0	0	0	0	91	0	0	0	0	0	0	0	
345731	0	0	0	0	0	0	0	0	87	0	0	0	0	0	0	0	
346480	0	0	0	0	0	0	0	0	95	0	0	0	0	0	0	0	
347228	0	0	0	0	0	0	0	0	91	0	0	0	0	0	0	0	
347979	0	0	0	0	0	0	0	0	81	0	0	0	0	0	0	0	
348730	0	0	0	0	0	0	0	0	83	0	0	0	0	0	0	0	
349480	0	0	0	0	0	0	0	0	97	0	0	0	0	0	0	0	
350228	0	0	0	0	0	0	0	0	103	0	0	0	0	0	0	0	
350980	0	0	0	0	0	0	0	0	97	0	0	0	0	0	0	0	
351729	0	0	0	0	0	0	0	0	103	0	0	0	0	0	0	0	
352479	0	0	0	0	0	0	0	0	91	0	0	0	0	0	0	0	
353223	0	0	0	0	0	0	0	0	87	0	0	0	0	0	0	0	
353971	0	0	0	0	0	0	0	0	69	0	0	0	0	0	0	0	
354722	0	0	0	0	0	0	0	0	93	0	0	0	0	0	0	0	
355473	0	0	0	0	0	0	0	0	91	0	0	0	0	0	0	0	
356223	0	0	0	0	0	0	0	0	93	0	0	0	0	0	0	0	
356973	0	0	0	0	0	0	0	0	95	0	0	0	0	0	0	0	
357725	0	0	0	0	0	0	0	0	93	0	0	0	0	0	0	0	
358474	0	0	0	0	0	0	0	0	87	0	0	0	0	0	0	0	
359223	0	0	0	0	0	0	0	0	87	0	0	0	0	0	0	0	
359970	0	0	0	0	0	0	0	0	91	0	0	0	0	0	0	0	
360720	0	0	0	0	0	0	0	0	75	0	0	0	0	0	0	0	
361469	0	0	0	0	0	0	0	0	77	0	0	0	0	0	0	0	
362217	0	0	0	0	0	0	0	0	95	0	0	0	0	0	0	0	
362965	0	0	0	0	0	0	0	0	93	0	0	0	0	0	0	0	
363712	0	0	0	0	0	0	0	0	95	0	0	0	0	0	0	0	
364462	0	0	0	0	0	0	0	0	81	0	0	0	0	0	0	0	
365213	0	0	0	0	0	0	0	103	0	0	0	0	0	0	0	0	
365960	0	0	0	0	0	0	0	95	0	0	0	0	0	0	0	0	
366709	0	0	0	0	0	0	0	81	0	0	0	0	0	0	0	0	
367457	0	0	0	0	0	0	0	83	0	0	0	0	0	0	0	0	
368207	0	0	0	0	0	0	0	107	0	0	0	0	0	0	0	0	
368957	0	0	0	0	0	0	105	0	0	0	0	0	0	0	0	0	
369709	0	0	0	0	0	0	107	0	0	0	0	0	0	0	0	0	
370458	0	0	0	0	0	0	113	0	0	0	0	0	0	0	0	0	
371206	0	0	0	0	0	0	121	0	0	0	0	0	0	0	0	0	
371956	0	0	0	0	0	0	103	0	0	0	0	0	0	0	0	0	
372707	0	0	0	0	0	0	125	0	0	0	0	0	0	0	0	0	
373459	0	0	0	0	0	0	97	0	0	0	0	0	0	0	0	0	
374209	0	0	0	0	0	0	111	0	0	0	0	0	0	0	0	0	
374959	0	0	0	0	0	0	113	0	0	0	0	0	0	0	0	0	
375711	0	0	0	0	0	0	115	0	0	0	0	0	0	0	0	0	
376458	0	0	0	0	0	0	115	0	0	0	0	0	0	0	0	0	
377208	0	0	0	0	0	0	111	0	0	0	0	0	0	0	0	0	
377960	0	0	0	0	0	0	107	0	0	0	0	0	0	0	0	0	
378708	0	0	0	0	0	0	105	0	0	0	0	0	0	0	0	0	
379457	0	0	0	0	0	0	135	0	0	0	0	0	0	0	0	0	
380208	0	0	0	0	0	0	125	0	0	0	0	0	0	0	0	0	
380962	0	0	0	0	0	0	91	0	0	0	0	0	0	0	0	0	
381713	0	0	0	0	0	0	38	73	0	0	0	0	0	0	0	0	
382461	0	0	0	0	0	0	0	101	0	0	0	0	0	0	0	0	
383211	0	0	0	0	0	0	0	99	0	0	0	0	0	0	0	0	
383962	0	0	0	0	0	0	0	97	0	0	0	0	0	0	0	0	
384713	0	0	0	0	0	0	0	87	0	0	0	0	0	0	0	0	
385463	0	0	0	0	0	0	0	93	0	0	0	0	0	0	0	0	
386213	0	0	0	0	0	0	0	95	0	0	0	0	0	0	0	0	
386965	0	0	0	0	0	0	0	89	0	0	0	0	0	0	0	0	
387716	0	0	0	0	0	0	0	97	0	0	0	0	0	0	0	0	
388465	0	0	0	0	0	0	0	99	0	0	0	0	0	0	0	0	
389216	0	0	0	0	0	0	0	97	0	0	0	0	0	0	0	0	
389967	0	0	0	0	0	0	0	105	0	0	0	0	0	0	0	0	
390721	0	0	0	0	0	0	0	103	0	0	0	0	0	0	0	0	
391471	0	0	0	0	0	0	0	99	0	0	0	0	0	0	0	0	
392221	0	0	0	0	0	0	0	99	0	0	0	0	0	0	0	0	
392970	0	0	0	0	0	0	0	91	0	0	0	0	0	0	0	0	
393722	0	0	0	0	0	0	0	0	109	0	0	0	0	0	0	0	
394470	0	0	0	0	0	0	0	0	87	0	0	0	0	0	0	0	
395219	0	0	0	0	0	0	0	0	95	0	0	0	0	0	0	0	
395968	0	0	0	0	0	0	0	0	95	0	0	0	0	0	0	0	
396722	0	0	0	0	0	0	0	0	99	0	0	0	0	0	0	0	
397475	0	0	0	0	0	0	0	0	91	0	0	0	0	0	0	0	
398223	0	0	0	0	0	0	0	0	99	0	0	0	0	0	0	0	
398973	0	0	0	0	0	0	0	0	83	0	0	0	0	0	0	0	
399723	0	0	0	0	0	0	0	0	91	0	0	0	0	0	0	0	
400473	0	0	0	0	0	0	0	0	75	0	0	0	0	0	0	0	
401223	0	0	0	0	0	0	0	0	95	0	0	0	0	0	0	0	
401970	0	0	0	0	0	0	0	0	93	0	0	0	0	0	0	0	
402723	0	0	0	0	0	0	0	0	83	0	0	0	0	0	0	0	
403471	0	0	0	0	0	0	0	0	83	0	0	0	0	0	0	0	
404222	0	0	0	0	0	0	0	0	81	0	0	0	0	0	0	0	
404974	0	0	0	0	0	0	0	0	103	0	0	0	0	0	0	0	
405722	0	0	0	0	0	0	0	0	105	0	0	0	0	0	0	0	
406472	0	0	0	0	0	0	0	0	91	0	0	0	0	0	0	0	
407220	0	0	0	0	0	0	0	0	93	0	0	0	0	0	0	0	
407971	0	0	0	0	0	0	0	0	91	0	0	0	0	0	0	0	
408722	0	0	0	0	0	0	0	0	79	0	0	0	0	0	0	0	
409474	0	0	0	0	0	0	0	0	65	0	0	0	0	0	0	0	
410227	0	0	0	0	0	0	0	0	107	0	0	0	0	0	0	0	
410976	0	0	0	0	0	0	0	0	91	0	0	0	0	0	0	0	
411724	0	0	0	0	0	0	0	0	83	0	0	0	0	0	0	0	
412476	0	0	0	0	0	0	0	0	93	0	0	0	0	0	0	0	
413226	0	0	0	0	0	0	0	0	89	0	0	0	0	0	0	0	
413973	0	0	0	0	0	0	0	0	77	0	0	0	0	0	0	0	
414726	0	0	0	0	0	0	0	0	77	0	0	0	0	0	0	0	
415479	0	0	0	0	0	0	0	0	79	0	0	0	0	0	0	0	
416231	0	0	0	0	0	0	0	0	87	0	0	0	0	0	0	0	
416981	0	0	0	0	0	0	0	0	71	0	0	0	0	0	0	0	
417731	0	0	0	0	0	0	0	0	95	0	0	0	0	0	0	0	
418483	0	0	0	0	0	0	0	0	0	87	0	0	0	0	0	0	
419234	0	0	0	0	0	0	0	0	0	61	0	0	0	0	0	0	
419985	0	0	0	0	0	0	0	0	0	75	0	0	0	0	0	0	
420738	0	0	0	0	0	0	0	0	0	83	0	0	0	0	0	0	
421487	0	0	0	0	0	0	0	0	0	83	0	0	0	0	0	0	
422235	0	0	0	0	0	0	0	0	0	65	0	0	0	0	0	0	
422985	0	0	0	0	0	0	0	0	0	83	0	0	0	0	0	0	
423735	0	0	0	0	0	0	0	0	0	85	0	0	0	0	0	0	
424487	0	0	0	0	0	0	0	0	0	81	0	0	0	0	0	0	
425236	0	0	0	0	0	0	0	0	0	75	0	0	0	0	0	0	
425985	0	0	0	0	0	0	0	0	0	79	0	0	0	0	0	0	
426736	0	0	0	0	0	0	0	0	0	91	0	0	0	0	0	0	
427486	0	0	0	0	0	0	0	0	0	83	0	0	0	0	0	0	
428237	0	0	0	0	0	0	0	0	0	81	0	0	0	0	0	0	
428985	0	0	0	0	0	0	0	0	0	75	0	0	0	0	0	0	
429735	0	0	0	0	0	0	0	0	0	75	0	0	0	0	0	0	
430486	0	0	0	0	0	0	0	0	0	69	0	0	0	0	0	0	
431235	0	0	0	0	0	0	0	0	0	75	0	0	0	0	0	0	
431985	0	0	0	0	0	0	0	0	0	83	0	0	0	0	0	0	
432733	0	0	0	0	0	0	0	0	15	98	0	0	0	0	0	0	
433481	0	0	0	0	0	0	0	0	0	97	0	0	0	0	0	0	
434232	0	0	0	0	0	0	0	0	0	91	0	0	0	0	0	0	
434982	0	0	0	0	0	0	0	0	0	75	0	0	0	0	0	0	
435731	0	0	0	0	0	0	0	0	0	67	0	0	0	0	0	0	
436480	0	0	0	0	0	0	0	0	0	65	0	0	0	0	0	0	
437230	0	0	0	0	0	0	0	0	0	83	0	0	0	0	0	0	
437979	0	0	0	0	0	0	0	0	0	59	0	0	0	0	0	0	
438728	0	0	0	0	0	0	0	0	0	75	0	0	0	0	0	0	
439480	0	0	0	0	0	0	0	0	0	91	0	0	0	0	0	0	
440229	0	0	0	0	0	0	0	0	0	85	0	0	0	0	0	0	
440980	0	0	0	0	0	0	0	0	0	79	0	0	0	0	0	0	
441733	0	0	0	0	0	0	0	0	0	81	0	0	0	0	0	0	
442484	0	0	0	0	0	0	0	0	89	0	0	0	0	0	0	0	
443233	0	0	0	0	0	0	0	0	0	69	0	0	0	0	0	0	
443985	0	0	0	0	0	0	0	0	0	0	59	0	0	0	0	0	
444731	0	0	0	0	0	0	0	0	0	0	75	0	0	0	0	0	
445480	0	0	0	0	0	0	0	0	0	0	75	0	0	0	0	0	
446228	0	0	0	0	0	0	0	0	0	0	81	0	0	0	0	0	
446978	0	0	0	0	0	0	0	0	0	0	67	0	0	0	0	0	
447728	0	0	0	0	0	0	0	0	0	0	81	0	0	0	0	0	
448478	0	0	0	0	0	0	0	0	0	0	69	0	0	0	0	0	
449227	0	0	0	0	0	0	0	0	0	0	73	0	0	0	0	0	
449979	0	0	0	0	0	0	0	0	0	0	67	0	0	0	0	0	
450730	0	0	0	0	0	0	0	0	0	0	69	0	0	0	0	0	
451480	0	0	0	0	0	0	0	0	0	0	81	0	0	0	0	0	
452232	0	0	0	0	0	0	0	0	0	0	0	55	0	0	0	0	
452982	0	0	0	0	0	0	0	0	0	0	0	63	0	0	0	0	
453731	0	0	0	0	0	0	0	0	0	0	0	85	0	0	0	0	
454481	0	0	0	0	0	0	0	0	0	0	0	73	0	0	0	0	
455230	0	0	0	0	0	0	0	0	0	0	0	63	0	0	0	0	
455981	0	0	0	0	0	0	0	0	0	0	0	77	0	0	0	0	
456731	0	0	0	0	0	0	0	0	0	0	0	0	61	0	0	0	
457481	0	0	0	0	0	0	0	0	0	0	0	0	65	0	0	0	
458230	0	0	0	0	0	0	0	0	0	0	0	0	65	0	0	0	
458978	0	0	0	0	0	0	0	0	0	0	0	0	51	0	0	0	
459730	0	0	0	0	0	0	0	0	0	0	0	0	53	0	0	0	
460480	0	0	0	0	0	0	0	0	0	0	0	0	65	0	0	0	
461229	0	0	0	0	0	0	0	0	0	0	0	0	69	0	0	0	
461980	0	0	0	0	0	0	0	0	0	0	0	0	61	0	0	0	
462727	0	0	0	0	0	0	0	0	0	0	0	0	55	0	0	0	
463477	0	0	0	0	0	0	0	0	0	0	0	0	49	0	0	0	
464226	0	0	0	0	0	0	0	0	0	0	0	0	69	0	0	0	
464974	0	0	0	0	0	0	0	0	0	0	0	0	59	0	0	0	
465723	0	0	0	0	0	0	0	0	0	0	0	0	53	0	0	0	
466473	0	0	0	0	0	0	0	0	0	0	0	0	75	0	0	0	
467220	0	0	0	0	0	0	0	0	0	0	0	0	63	0	0	0	
467971	0	0	0	0	0	0	0	0	0	0	0	0	61	0	0	0	
468720	0	0	0	0	0	0	0	0	0	0	0	0	0	69	0	0	
469471	0	0	0	0	0	0	0	0	0	0	0	0	0	51	0	0	
470221	0	0	0	0	0	0	0	0	0	0	0	0	0	63	0	0	
470971	0	0	0	0	0	0	0	0	0	0	0	0	0	63	0	0	
471724	0	0	0	0	0	0	0	0	0	0	0	0	0	55	0	0	
472474	0	0	0	0	0	0	0	0	0	0	0	0	0	45	0	0	
473222	0	0	0	0	0	0	0	0	0	0	0	0	0	59	0	0	
473969	0	0	0	0	0	0	0	0	0	0	0	0	0	65	0	0	
474720	0	0	0	0	0	0	0	0	0	0	0	0	0	0	55	0	
475470	0	0	0	0	0	0	0	0	0	0	0	0	0	0	53	0	
476217	0	0	0	0	0	0	0	0	0	0	0	0	0	0	55	0	
476968	0	0	0	0	0	0	0	0	0	0	0	0	0	0	45	0	
477722	0	0	0	0	0	0	0	0	0	0	0	0	0	0	59	0	
478473	0	0	0	0	0	0	0	0	0	0	0	0	0	0	55	0	
479226	0	0	0	0	0	0	0	0	0	0	0	0	0	59	0	0	
479974	0	0	0	0	0	0	0	0	0	0	0	0	0	61	0	0	
480724	0	0	0	0	0	0	0	0	0	0	0	0	0	61	0	0	
481476	0	0	0	0	0	0	0	0	0	0	0	0	0	79	0	0	
482225	0	0	0	0	0	0	0	0	0	0	0	0	0	47	0	0	
482972	0	0	0	0	0	0	0	0	0	0	0	0	0	59	0	0	
483723	0	0	0	0	0	0	0	0	0	0	0	0	0	55	0	0	
484473	0	0	0	0	0	0	0	0	0	0	0	0	0	59	0	0	
485221	0	0	0	0	0	0	0	0	0	0	0	0	0	41	0	0	
485968	0	0	0	0	0	0	0	0	0	0	0	0	0	59	0	0	
486715	0	0	0	0	0	0	0	0	0	0	0	0	0	55	0	0	
487464	0	0	0	0	0	0	0	0	0	0	0	0	0	63	0	0	
488213	0	0	0	0	0	0	0	0	0	0	0	0	0	65	0	0	
488960	0	0	0	0	0	0	0	0	0	0	0	0	51	0	0	0	
489711	0	0	0	0	0	0	0	0	0	0	0	0	65	0	0	0	
490461	0	0	0	0	0	0	0	0	0	0	0	0	63	0	0	0	
491212	0	0	0	0	0	0	0	0	0	0	0	0	59	0	0	0	
491961	0	0	0	0	0	0	0	0	0	0	0	0	73	0	0	0	
492710	0	0	0	0	0	0	0	0	0	0	0	0	71	0	0	0	
493462	0	0	0	0	0	0	0	0	0	0	0	0	65	0	0	0	
494213	0	0	0	0	0	0	0	0	0	0	0	0	65	0	0	0	
494961	0	0	0	0	0	0	0	0	0	0	0	0	67	0	0	0	
495711	0	0	0	0	0	0	0	0	0	0	0	0	57	0	0	0	
496458	0	0	0	0	0	0	0	0	0	0	0	0	55	0	0	0	
497206	0	0	0	0	0	0	0	0	0	0	0	0	57	0	0	0	
497955	0	0	0	0	0	0	0	0	0	0	0	0	65	0	0	0	
498705	0	0	0	0	0	0	0	0	0	0	0	0	59	0	0	0	
499455	0	0	0	0	0	0	0	0	0	0	0	0	55	0	0	0	
500204	0	0	0	0	0	0	0	0	0	0	0	0	53	0	0	0	
500956	0	0	0	0	0	0	0	0	0	0	0	0	47	0	0	0	
501704	0	0	0	0	0	0	0	0	0	0	0	0	63	0	0	0	
502453	0	0	0	0	0	0	0	0	0	0	0	0	57	0	0	0	
503200	0	0	0	0	0	0	0	0	0	0	0	0	0	61	0	0	
503952	0	0	0	0	0	0	0	0	0	0	0	0	0	49	0	0	
504699	0	0	0	0	0	0	0	0	0	0	0	0	0	53	0	0	
505449	0	0	0	0	0	0	0	0	0	0	0	0	0	53	0	0	
506203	0	0	0	0	0	0	0	0	0	0	0	0	0	55	0	0	
506956	0	0	0	0	0	0	0	0	0	0	0	0	0	0	53	0	
507706	0	0	0	0	0	0	0	0	0	0	0	0	0	0	59	0	
508456	0	0	0	0	0	0	0	0	0	0	0	0	0	0	51	0	
509205	0	0	0	0	0	0	0	0	0	0	0	0	0	0	65	0	
509955	0	0	0	0	0	0	0	0	0	0	0	0	0	0	57	0	
510699	0	0	0	0	0	0	0	0	0	0	0	0	0	0	59	0	
511449	0	0	0	0	0	0	0	0	0	0	0	0	0	0	49	0	
512198	0	0	0	0	0	0	0	0	0	0	0	0	0	0	55	0	
512947	0	0	0	0	0	0	0	0	0	0	0	0	0	0	59	0	
513695	0	0	0	0	0	0	0	0	0	0	0	0	0	0	53	0	
514448	0	0	0	0	0	0	0	0	0	0	0	0	0	0	45	0	
515196	0	0	0	0	0	0	0	0	0	0	0	0	0	0	49	0	
515946	0	0	0	0	0	0	0	0	0	0	0	0	0	0	57	0	
516696	0	0	0	0	0	0	0	0	0	0	0	0	0	0	53	0	
517445	0	0	0	0	0	0	0	0	0	0	0	0	0	0	53	0	
518194	0	0	0	0	0	0	0	0	0	0	0	0	0	57	0	0	
518947	0	0	0	0	0	0	0	0	0	0	0	0	0	55	0	0	
519696	0	0	0	0	0	0	0	0	0	0	0	0	0	53	0	0	
520445	0	0	0	0	0	0	0	0	0	0	0	0	0	53	0	0	
521193	0	0	0	0	0	0	0	0	0	0	0	0	0	75	0	0	
521940	0	0	0	0	0	0	0	0	0	0	0	0	0	59	0	0	
522693	0	0	0	0	0	0	0	0	0	0	0	0	0	61	0	0	
523439	0	0	0	0	0	0	0	0	0	0	0	0	0	49	0	0	
524189	0	0	0	0	0	0	0	0	0	0	0	0	0	57	0	0	
524938	0	0	0	0	0	0	0	0	0	0	0	0	0	67	0	0	
525685	0	0	0	0	0	0	0	0	0	0	0	0	0	59	0	0	
526434	0	0	0	0	0	0	0	0	0	0	0	0	0	57	0	0	
527182	0	0	0	0	0	0	0	0	0	0	0	0	0	51	0	0	
527933	0	0	0	0	0	0	0	0	0	0	0	0	0	63	0	0	
528681	0	0	0	0	0	0	0	0	0	0	0	0	0	51	0	0	
529431	0	0	0	0	0	0	0	0	0	0	0	0	0	41	0	0	
530180	0	0	0	0	0	0	0	0	0	0	0	0	0	69	0	0	
530929	0	0	0	0	0	0	0	0	0	0	0	0	0	45	0	0	
531682	0	0	0	0	0	0	0	0	0	0	0	0	0	57	0	0	
532433	0	0	0	0	0	0	0	0	0	0	0	0	0	53	0	0	
533181	0	0	0	0	0	0	0	0	0	0	0	0	0	57	0	0	
533928	0	0	0	0	0	0	0	0	0	0	0	0	0	0	69	0	
534680	0	0	0	0	0	0	0	0	0	0	0	0	0	0	49	0	
535430	0	0	0	0	0	0	0	0	0	0	0	0	0	0	57	0	
536177	0	0	0	0	0	0	0	0	0	0	0	0	0	49	0	0	
536924	0	0	0	0	0	0	0	0	0	0	0	0	0	69	0	0	
537676	0	0	0	0	0	0	0	0	0	0	0	0	0	55	0	0	
538424	0	0	0	0	0	0	0	0	0	0	0	0	0	61	0	0	
539175	0	0	0	0	0	0	0	0	0	0	0	0	0	51	0	0	
539925	0	0	0	0	0	0	0	0	0	0	0	0	0	53	0	0	
540677	0	0	0	0	0	0	0	0	0	0	0	0	0	77	0	0	
541430	0	0	0	0	0	0	0	0	0	0	0	0	0	53	0	0	
542181	0	0	0	0	0	0	0	0	0	0	0	0	0	49	0	0	
542932	0	0	0	0	0	0	0	0	0	0	0	0	0	51	0	0	
543680	0	0	0	0	0	0	0	0	0	0	0	0	0	45	0	0	
544429	0	0	0	0	0	0	0	0	0	0	0	0	0	59	0	0	
545177	0	0	0	0	0	0	0	0	0	0	0	0	0	65	0	0	
545928	0	0	0	0	0	0	0	0	0	0	0	0	69	0	0	0	
546678	0	0	0	0	0	0	0	0	0	0	0	0	67	0	0	0	
547428	0	0	0	0	0	0	0	0	0	0	0	0	49	0	0	0	
548180	0	0	0	0	0	0	0	0	0	0	0	0	51	0	0	0	
548932	0	0	0	0	0	0	0	0	0	0	0	0	57	0	0	0	
549684	0	0	0	0	0	0	0	0	0	0	0	0	81	0	0	0	
550435	0	0	0	0	0	0	0	0	0	0	0	0	51	0	0	0	
551186	0	0	0	0	0	0	0	0	0	0	0	0	0	69	0	0	
551939	0	0	0	0	0	0	0	0	0	0	0	0	0	67	0	0	
552689	0	0	0	0	0	0	0	0	0	0	0	0	0	39	0	0	
553442	0	0	0	0	0	0	0	0	0	0	0	0	0	39	0	0	
554194	0	0	0	0	0	0	0	0	0	0	0	0	0	59	0	0	
554946	0	0	0	0	0	0	0	0	0	0	0	0	0	67	0	0	
555697	0	0	0	0	0	0	0	0	0	0	0	0	0	67	0	0	
556449	0	0	0	0	0	0	0	0	0	0	0	77	0	0	0	0	
557200	0	0	0	0	0	0	0	0	0	0	0	49	0	0	0	0	
557950	0	0	0	0	0	0	0	0	0	0	0	69	0	0	0	0	
558699	0	0	0	0	0	0	0	0	0	0	0	67	0	0	0	0	
559452	0	0	0	0	0	0	0	0	0	0	0	65	0	0	0	0	
560200	0	0	0	0	0	0	0	0	0	0	0	69	0	0	0	0	
560949	0	0	0	0	0	0	0	0	0	0	0	69	0	0	0	0	
561699	0	0	0	0	0	0	0	0	0	0	0	73	0	0	0	0	
562451	0	0	0	0	0	0	0	0	0	0	0	57	0	0	0	0	
563202	0	0	0	0	0	0	0	0	0	0	69	0	0	0	0	0	
563952	0	0	0	0	0	0	0	0	0	0	71	0	0	0	0	0	
564702	0	0	0	0	0	0	0	0	0	0	79	0	0	0	0	0	
565455	0	0	0	0	0	0	0	0	0	0	59	0	0	0	0	0	
566203	0	0	0	0	0	0	0	0	0	0	73	0	0	0	0	0	
566951	0	0	0	0	0	0	0	0	0	0	77	0	0	0	0	0	
567700	0	0	0	0	0	0	0	0	0	83	0	0	0	0	0	0	
568453	0	0	0	0	0	0	0	0	0	73	0	0	0	0	0	0	
569204	0	0	0	0	0	0	0	0	0	69	0	0	0	0	0	0	
569954	0	0	0	0	0	0	0	0	0	83	0	0	0	0	0	0	
570702	0	0	0	0	0	0	0	0	0	81	0	0	0	0	0	0	
571454	0	0	0	0	0	0	0	0	0	83	0	0	0	0	0	0	
572203	0	0	0	0	0	0	0	0	0	87	0	0	0	0	0	0	
572949	0	0	0	0	0	0	0	0	0	87	0	0	0	0	0	0	
573700	0	0	0	0	0	0	0	0	0	69	0	0	0	0	0	0	
574448	0	0	0	0	0	0	0	0	0	75	0	0	0	0	0	0	
575197	0	0	0	0	0	0	0	0	0	73	0	0	0	0	0	0	
575946	0	0	0	0	0	0	0	0	0	77	0	0	0	0	0	0	
576692	0	0	0	0	0	0	0	0	0	75	0	0	0	0	0	0	
577444	0	0	0	0	0	0	0	0	0	69	0	0	0	0	0	0	
578192	0	0	0	0	0	0	0	0	0	87	0	0	0	0	0	0	
578943	0	0	0	0	0	0	0	0	0	71	0	0	0	0	0	0	
579690	0	0	0	0	0	0	0	0	0	91	0	0	0	0	0	0	
580436	0	0	0	0	0	0	0	0	0	89	0	0	0	0	0	0	
581187	0	0	0	0	0	0	0	0	85	0	0	0	0	0	0	0	
581936	0	0	0	0	0	0	0	0	93	0	0	0	0	0	0	0	
582687	0	0	0	0	0	0	0	0	75	0	0	0	0	0	0	0	
583434	0	0	0	0	0	0	0	0	0	111	0	0	0	0	0	0	
584187	0	0	0	0	0	0	0	0	0	75	0	0	0	0	0	0	
584938	0	0	0	0	0	0	0	73	0	0	0	0	0	0	0	0	
585688	0	0	0	0	0	0	0	93	0	0	0	0	0	0	0	0	
586436	0	0	0	0	0	0	0	105	0	0	0	0	0	0	0	0	
587183	0	0	0	0	0	0	0	105	0	0	0	0	0	0	0	0	
587930	0	0	0	0	0	0	0	103	0	0	0	0	0	0	0	0	
588679	0	0	0	0	0	0	0	99	0	0	0	0	0	0	0	0	
589432	0	0	0	0	0	0	0	103	0	0	0	0	0	0	0	0	
590185	0	0	0	0	0	0	0	99	0	0	0	0	0	0	0	0	
590932	0	0	0	0	0	0	0	91	0	0	0	0	0	0	0	0	
591680	0	0	0	0	0	0	0	81	0	0	0	0	0	0	0	0	
592430	0	0	0	0	0	0	0	103	0	0	0	0	0	0	0	0	
593180	0	0	0	0	0	0	129	0	0	0	0	0	0	0	0	0	
593931	0	0	0	0	0	0	115	0	0	0	0	0	0	0	0	0	
594678	0	0	0	0	0	0	121	0	0	0	0	0	0	0	0	0	
595428	0	0	0	0	0	0	125	0	0	0	0	0	0	0	0	0	
596180	0	0	0	0	0	0	121	0	0	0	0	0	0	0	0	0	
596930	0	0	0	0	0	0	105	0	0	0	0	0	0	0	0	0	
597679	0	0	0	0	0	0	123	0	0	0	0	0	0	0	0	0	
598428	0	0	0	0	0	0	99	0	0	0	0	0	0	0	0	0	
599178	0	0	0	0	0	0	97	0	0	0	0	0	0	0	0	0	
599930	0	0	0	0	0	0	123	0	0	0	0	0	0	0	0	0	
600678	0	0	0	0	0	0	115	0	0	0	0	0	0	0	0	0	
601428	0	0	0	0	0	1	122	0	0	0	0	0	0	0	0	0	
602179	0	0	0	0	0	0	117	0	0	0	0	0	0	0	0	0	
602930	0	0	0	0	0	0	91	0	0	0	0	0	0	0	0	0	
603684	0	0	0	0	0	0	105	0	0	0	0	0	0	0	0	0	
604436	0	0	0	0	0	0	129	0	0	0	0	0	0	0	0	0	
605187	0	0	0	0	0	0	109	0	0	0	0	0	0	0	0	0	
605941	0	0	0	0	0	0	107	0	0	0	0	0	0	0	0	0	
606688	0	0	0	0	0	0	117	0	0	0	0	0	0	0	0	0	
607440	0	0	0	0	0	0	131	0	0	0	0	0	0	0	0	0	
608187	0	0	0	0	0	0	101	0	0	0	0	0	0	0	0	0	
608935	0	0	0	0	0	0	99	0	0	0	0	0	0	0	0	0	
609686	0	0	0	0	0	0	95	0	0	0	0	0	0	0	0	0	
610432	0	0	0	0	0	0	121	0	0	0	0	0	0	0	0	0	
611181	0	0	0	0	0	0	115	0	0	0	0	0	0	0	0	0	
611929	0	0	0	0	0	0	129	0	0	0	0	0	0	0	0	0	
612679	0	0	0	0	0	0	103	0	0	0	0	0	0	0	0	0	
613427	0	0	0	0	0	0	131	0	0	0	0	0	0	0	0	0	
614179	0	0	0	0	0	0	97	0	0	0	0	0	0	0	0	0	
614930	0	0	0	0	0	0	121	0	0	0	0	0	0	0	0	0	
615680	0	0	0	0	0	0	123	0	0	0	0	0	0	0	0	0	
616431	0	0	0	0	0	0	113	0	0	0	0	0	0	0	0	0	
617179	0	0	0	0	0	0	119	0	0	0	0	0	0	0	0	0	
617931	0	0	0	0	0	0	117	0	0	0	0	0	0	0	0	0	
618681	0	0	0	0	0	0	99	0	0	0	0	0	0	0	0	0	
619433	0	0	0	0	0	0	115	0	0	0	0	0	0	0	0	0	
620181	0	0	0	0	0	0	93	0	0	0	0	0	0	0	0	0	
620936	0	0	0	0	0	0	117	0	0	0	0	0	0	0	0	0	
621686	0	0	0	0	0	0	115	0	0	0	0	0	0	0	0	0	
622436	0	0	0	0	0	0	103	0	0	0	0	0	0	0	0	0	
623185	0	0	0	0	0	0	107	0	0	0	0	0	0	0	0	0	
623934	0	0	0	0	0	0	115	0	0	0	0	0	0	0	0	0	
624682	0	0	0	0	0	0	113	0	0	0	0	0	0	0	0	0	
625433	0	0	0	0	0	0	129	0	0	0	0	0	0	0	0	0	
626182	0	0	0	0	0	0	105	0	0	0	0	0	0	0	0	0	
626933	0	0	0	0	0	0	113	0	0	0	0	0	0	0	0	0	
627684	0	0	0	0	0	0	113	0	0	0	0	0	0	0	0	0	
628429	0	0	0	0	0	0	109	0	0	0	0	0	0	0	0	0	
629180	0	0	0	0	0	0	93	0	0	0	0	0	0	0	0	0	
629929	0	0	0	0	0	0	119	0	0	0	0	0	0	0	0	0	
630681	0	0	0	0	0	0	115	0	0	0	0	0	0	0	0	0	
631428	0	0	0	0	0	0	121	0	0	0	0	0	0	0	0	0	
632179	0	0	0	0	0	0	139	0	0	0	0	0	0	0	0	0	
632931	0	0	0	0	0	0	121	0	0	0	0	0	0	0	0	0	
633679	0	0	0	0	0	0	115	2	0	0	0	0	0	0	0	0	
634430	0	0	0	0	0	0	121	0	0	0	0	0	0	0	0	0	
635175	0	0	0	0	0	0	111	0	0	0	0	0	0	0	0	0	
635921	0	0	0	0	0	0	117	0	0	0	0	0	0	0	0	0	
636674	0	0	0	0	0	123	0	0	0	0	0	0	0	0	0	0	
637426	0	0	0	0	0	133	0	0	0	0	0	0	0	0	0	0	
638177	0	0	0	0	0	123	0	0	0	0	0	0	0	0	0	0	
638925	0	0	0	0	0	131	0	0	0	0	0	0	0	0	0	0	
639671	0	0	0	0	0	135	0	0	0	0	0	0	0	0	0	0	
640424	0	0	0	0	0	129	0	0	0	0	0	0	0	0	0	0	
641173	0	0	0	0	0	136	1	0	0	0	0	0	0	0	0	0	
641926	0	0	0	0	0	143	0	0	0	0	0	0	0	0	0	0	
642677	0	0	0	0	0	111	0	0	0	0	0	0	0	0	0	0	
643431	0	0	0	0	0	117	0	0	0	0	0	0	0	0	0	0	
644182	0	0	0	0	0	125	0	0	0	0	0	0	0	0	0	0	
644929	0	0	0	0	173	0	0	0	0	0	0	0	0	0	0	0	
645679	0	0	0	0	169	0	0	0	0	0	0	0	0	0	0	0	
646428	0	0	0	0	155	0	0	0	0	0	0	0	0	0	0	0	
647177	0	0	0	0	175	0	0	0	0	0	0	0	0	0	0	0	
647927	0	0	0	0	157	0	0	0	0	0	0	0	0	0	0	0	
648675	0	0	0	0	157	0	0	0	0	0	0	0	0	0	0	0	
649425	0	0	0	0	141	0	0	0	0	0	0	0	0	0	0	0	
650172	0	0	0	0	165	0	0	0	0	0	0	0	0	0	0	0	
650924	0	0	0	0	151	0	0	0	0	0	0	0	0	0	0	0	
651677	0	0	0	0	193	0	0	0	0	0	0	0	0	0	0	0	
652428	0	0	0	0	155	0	0	0	0	0	0	0	0	0	0	0	
653177	0	0	0	0	157	0	0	0	0	0	0	0	0	0	0	0	
653925	0	0	0	0	169	0	0	0	0	0	0	0	0	0	0	0	
654678	0	0	0	0	187	0	0	0	0	0	0	0	0	0	0	0	
655429	0	0	0	0	151	0	0	0	0	0	0	0	0	0	0	0	
656176	0	0	0	0	163	0	0	0	0	0	0	0	0	0	0	0	
656929	0	0	0	0	159	0	0	0	0	0	0	0	0	0	0	0	
657683	0	0	0	0	153	0	0	0	0	0	0	0	0	0	0	0	
658433	0	0	0	0	157	0	0	0	0	0	0	0	0	0	0	0	
659186	0	0	0	0	169	0	0	0	0	0	0	0	0	0	0	0	
659934	0	0	0	0	149	0	0	0	0	0	0	0	0	0	0	0	
660680	0	0	0	0	153	0	0	0	0	0	0	0	0	0	0	0	
661429	0	0	0	0	159	0	0	0	0	0	0	0	0	0	0	0	
662180	0	0	0	0	175	0	0	0	0	0	0	0	0	0	0	0	
662926	0	0	0	0	171	0	0	0	0	0	0	0	0	0	0	0	
663679	0	0	0	0	177	0	0	0	0	0	0	0	0	0	0	0	
664429	0	0	0	0	165	0	0	0	0	0	0	0	0	0	0	0	
665176	0	0	0	0	179	0	0	0	0	0	0	0	0	0	0	0	
665929	0	0	0	0	179	0	0	0	0	0	0	0	0	0	0	0	
666682	0	0	0	0	137	0	0	0	0	0	0	0	0	0	0	0	
667429	0	0	0	0	153	0	0	0	0	0	0	0	0	0	0	0	
668178	0	0	0	25	136	0	0	0	0	0	0	0	0	0	0	0	
668929	0	0	0	0	161	0	0	0	0	0	0	0	0	0	0	0	
669680	0	0	0	0	141	0	0	0	0	0	0	0	0	0	0	0	
670429	0	0	0	0	151	0	0	0	0	0	0	0	0	0	0	0	
671178	0	0	0	0	137	0	0	0	0	0	0	0	0	0	0	0	
671930	0	0	0	0	165	0	0	0	0	0	0	0	0	0	0	0	
672683	0	0	0	0	155	0	0	0	0	0	0	0	0	0	0	0	
673434	0	0	0	0	149	0	0	0	0	0	0	0	0	0	0	0	
674183	0	0	0	0	143	0	0	0	0	0	0	0	0	0	0	0	
674931	0	0	0	0	151	0	0	0	0	0	0	0	0	0	0	0	
675680	0	0	0	213	0	0	0	0	0	0	0	0	0	0	0	0	
676435	0	0	5	196	0	0	0	0	0	0	0	0	0	0	0	0	
677186	0	0	0	201	0	0	0	0	0	0	0	0	0	0	0	0	
677934	0	0	0	207	0	0	0	0	0	0	0	0	0	0	0	0	
678685	0	0	0	189	0	0	0	0	0	0	0	0	0	0	0	0	
679434	0	0	0	177	0	0	0	0	0	0	0	0	0	0	0	0	
680183	0	0	0	199	0	0	0	0	0	0	0	0	0	0	0	0	
680932	0	0	0	187	0	0	0	0	0	0	0	0	0	0	0	0	
681685	0	0	0	197	0	0	0	0	0	0	0	0	0	0	0	0	
682435	0	0	0	189	0	0	0	0	0	0	0	0	0	0	0	0	
683190	0	0	0	181	0	0	0	0	0	0	0	0	0	0	0	0	
683940	0	0	0	197	0	0	0	0	0	0	0	0	0	0	0	0	
684690	0	0	0	191	0	0	0	0	0	0	0	0	0	0	0	0	
685439	0	0	0	217	0	0	0	0	0	0	0	0	0	0	0	0	
686185	0	0	0	209	0	0	0	0	0	0	0	0	0	0	0	0	
686934	0	0	0	185	0	0	0	0	0	0	0	0	0	0	0	0	
687684	0	0	0	201	0	0	0	0	0	0	0	0	0	0	0	0	
688434	0	0	0	193	0	0	0	0	0	0	0	0	0	0	0	0	
689187	0	0	0	193	0	0	0	0	0	0	0	0	0	0	0	0	
689934	0	0	0	201	0	0	0	0	0	0	0	0	0	0	0	0	
690686	0	0	0	207	0	0	0	0	0	0	0	0	0	0	0	0	
691437	0	0	0	213	0	0	0	0	0	0	0	0	0	0	0	0	
692184	0	0	254	3	0	0	0	0	0	0	0	0	0	0	0	0	
692932	0	0	213	0	0	0	0	0	0	0	0	0	0	0	0	0	
693685	0	0	279	0	0	0	0	0	0	0	0	0	0	0	0	0	
694434	0	0	261	0	0	0	0	0	0	0	0	0	0	0	0	0	
695184	0	0	261	0	0	0	0	0	0	0	0	0	0	0	0	0	
695934	0	0	273	0	0	0	0	0	0	0	0	0	0	0	0	0	
696685	0	0	263	0	0	0	0	0	0	0	0	0	0	0	0	0	
697437	0	0	223	0	0	0	0	0	0	0	0	0	0	0	0	0	
698186	0	0	269	0	0	0	0	0	0	0	0	0	0	0	0	0	
698937	0	0	261	0	0	0	0	0	0	0	0	0	0	0	0	0	
699686	0	0	229	0	0	0	0	0	0	0	0	0	0	0	0	0	
700436	0	0	251	0	0	0	0	0	0	0	0	0	0	0	0	0	
701183	0	0	261	0	0	0	0	0	0	0	0	0	0	0	0	0	
701933	0	0	249	0	0	0	0	0	0	0	0	0	0	0	0	0	
702684	0	0	227	0	0	0	0	0	0	0	0	0	0	0	0	0	
703432	0	0	245	0	0	0	0	0	0	0	0	0	0	0	0	0	
704182	0	0	273	0	0	0	0	0	0	0	0	0	0	0	0	0	
704931	0	0	291	0	0	0	0	0	0	0	0	0	0	0	0	0	
705682	0	0	277	0	0	0	0	0	0	0	0	0	0	0	0	0	
706433	0	0	243	0	0	0	0	0	0	0	0	0	0	0	0	0	
707186	0	0	279	0	0	0	0	0	0	0	0	0	0	0	0	0	
707934	0	0	291	0	0	0	0	0	0	0	0	0	0	0	0	0	
708682	0	5	256	0	0	0	0	0	0	0	0	0	0	0	0	0	
709433	0	0	279	0	0	0	0	0	0	0	0	0	0	0	0	0	
710180	0	0	273	0	0	0	0	0	0	0	0	0	0	0	0	0	
710929	0	0	269	0	0	0	0	0	0	0	0	0	0	0	0	0	
711679	0	0	287	0	0	0	0	0	0	0	0	0	0	0	0	0	
712428	0	0	251	0	0	0	0	0	0	0	0	0	0	0	0	0	
713180	0	0	259	0	0	0	0	0	0	0	0	0	0	0	0	0	
713929	0	0	223	0	0	0	0	0	0	0	0	0	0	0	0	0	
714680	0	0	261	0	0	0	0	0	0	0	0	0	0	0	0	0	
715426	0	60	217	0	0	0	0	0	0	0	0	0	0	0	0	0	
716176	0	0	267	0	0	0	0	0	0	0	0	0	0	0	0	0	
716931	0	0	277	0	0	0	0	0	0	0	0	0	0	0	0	0	
717679	0	0	267	0	0	0	0	0	0	0	0	0	0	0	0	0	
718430	0	0	269	0	0	0	0	0	0	0	0	0	0	0	0	0	
719179	0	0	279	0	0	0	0	0	0	0	0	0	0	0	0	0	
719928	0	0	289	0	0	0	0	0	0	0	0	0	0	0	0	0	
720677	0	0	237	0	0	0	0	0	0	0	0	0	0	0	0	0	
721427	0	0	237	0	0	0	0	0	0	0	0	0	0	0	0	0	
722178	0	0	249	0	0	0	0	0	0	0	0	0	0	0	0	0	
722928	0	0	269	0	0	0	0	0	0	0	0	0	0	0	0	0	
723679	0	0	293	0	0	0	0	0	0	0	0	0	0	0	0	0	
724428	0	0	281	0	0	0	0	0	0	0	0	0	0	0	0	0	
725175	0	0	245	0	0	0	0	0	0	0	0	0	0	0	0	0	
725924	0	0	241	0	0	0	0	0	0	0	0	0	0	0	0	0	
726678	0	0	265	0	0	0	0	0	0	0	0	0	0	0	0	0	
727426	0	0	231	0	0	0	0	0	0	0	0	0	0	0	0	0	
728176	0	0	251	0	0	0	0	0	0	0	0	0	0	0	0	0	
728926	0	0	263	0	0	0	0	0	0	0	0	0	0	0	0	0	
729674	0	0	269	0	0	0	0	0	0	0	0	0	0	0	0	0	
730425	0	0	245	0	0	0	0	0	0	0	0	0	0	0	0	0	
731173	0	0	253	0	0	0	0	0	0	0	0	0	0	0	0	0	
731927	0	0	261	0	0	0	0	0	0	0	0	0	0	0	0	0	
732677	0	0	259	0	0	0	0	0	0	0	0	0	0	0	0	0	
733427	0	0	275	0	0	0	0	0	0	0	0	0	0	0	0	0	
734175	0	0	255	0	0	0	0	0	0	0	0	0	0	0	0	0	
734924	0	0	257	0	0	0	0	0	0	0	0	0	0	0	0	0	
735672	0	0	239	0	0	0	0	0	0	0	0	0	0	0	0	0	
736423	0	0	229	0	0	0	0	0	0	0	0	0	0	0	0	0	
737177	0	0	255	0	0	0	0	0	0	0	0	0	0	0	0	0	
737928	0	0	295	0	0	0	0	0	0	0	0	0	0	0	0	0	
738679	0	0	259	0	0	0	0	0	0	0	0	0	0	0	0	0	
739430	0	0	297	0	0	0	0	0	0	0	0	0	0	0	0	0	
740179	0	0	267	0	0	0	0	0	0	0	0	0	0	0	0	0	
740932	0	0	273	0	0	0	0	0	0	0	0	0	0	0	0	0	
741681	0	0	269	0	0	0	0	0	0	0	0	0	0	0	0	0	
742429	0	0	275	0	0	0	0	0	0	0	0	0	0	0	0	0	
743175	0	0	245	0	0	0	0	0	0	0	0	0	0	0	0	0	
743926	0	0	249	0	0	0	0	0	0	0	0	0	0	0	0	0	
744674	0	0	243	0	0	0	0	0	0	0	0	0	0	0	0	0	
745422	0	0	259	0	0	0	0	0	0	0	0	0	0	0	0	0	
746171	0	0	241	0	0	0	0	0	0	0	0	0	0	0	0	0	
746922	0	0	255	0	0	0	0	0	0	0	0	0	0	0	0	0	
747666	0	0	277	0	0	0	0	0	0	0	0	0	0	0	0	0	
748416	0	0	289	0	0	0	0	0	0	0	0	0	0	0	0	0	
749167	0	0	257	0	0	0	0	0	0	0	0	0	0	0	0	0	
749920	0	0	253	0	0	0	0	0	0	0	0	0	0	0	0	0	
750667	0	0	273	0	0	0	0	0	0	0	0	0	0	0	0	0	
751413	0	15	246	0	0	0	0	0	0	0	0	0	0	0	0	0	
752163	0	0	245	0	0	0	0	0	0	0	0	0	0	0	0	0	
752913	0	0	283	0	0	0	0	0	0	0	0	0	0	0	0	0	
753663	0	0	273	0	0	0	0	0	0	0	0	0	0	0	0	0	
754412	0	0	247	0	0	0	0	0	0	0	0	0	0	0	0	0	
755161	0	0	243	0	0	0	0	0	0	0	0	0	0	0	0	0	
755911	0	0	279	0	0	0	0	0	0	0	0	0	0	0	0	0	
756661	0	0	229	0	0	0	0	0	0	0	0	0	0	0	0	0	
757409	0	0	229	0	0	0	0	0	0	0	0	0	0	0	0	0	
758159	0	0	273	0	0	0	0	0	0	0	0	0	0	0	0	0	
758909	0	0	245	0	0	0	0	0	0	0	0	0	0	0	0	0	
759655	0	155	152	0	0	0	0	0	0	0	0	0	0	0	0	0	
760406	0	0	269	0	0	0	0	0	0	0	0	0	0	0	0	0	
761156	0	0	247	0	0	0	0	0	0	0	0	0	0	0	0	0	
761905	0	0	267	0	0	0	0	0	0	0	0	0	0	0	0	0	
762656	0	0	271	0	0	0	0	0	0	0	0	0	0	0	0	0	
763406	0	0	267	0	0	0	0	0	0	0	0	0	0	0	0	0	
764156	0	0	285	0	0	0	0	0	0	0	0	0	0	0	0	0	
764906	0	0	289	0	0	0	0	0	0	0	0	0	0	0	0	0	
765655	0	0	253	0	0	0	0	0	0	0	0	0	0	0	0	0	
766402	0	0	273	0	0	0	0	0	0	0	0	0	0	0	0	0	
767152	0	0	255	0	0	0	0	0	0	0	0	0	0	0	0	0	
767899	0	0	247	0	0	0	0	0	0	0	0	0	0	0	0	0	
768649	0	0	261	0	0	0	0	0	0	0	0	0	0	0	0	0	
769398	0	0	251	0	0	0	0	0	0	0	0	0	0	0	0	0	
770147	0	0	253	0	0	0	0	0	0	0	0	0	0	0	0	0	
770896	0	0	281	0	0	0	0	0	0	0	0	0	0	0	0	0	
771645	0	0	247	0	0	0	0	0	0	0	0	0	0	0	0	0	
772395	0	0	283	0	0	0	0	0	0	0	0	0	0	0	0	0	
773141	0	0	255	0	0	0	0	0	0	0	0	0	0	0	0	0	
773891	0	0	255	0	0	0	0	0	0	0	0	0	0	0	0	0	
774642	0	0	221	0	0	0	0	0	0	0	0	0	0	0	0	0	
775394	0	0	279	0	0	0	0	0	0	0	0	0	0	0	0	0	
776142	0	0	241	0	0	0	0	0	0	0	0	0	0	0	0	0	
776893	0	0	257	0	0	0	0	0	0	0	0	0	0	0	0	0	
777645	0	3	260	0	0	0	0	0	0	0	0	0	0	0	0	0	
778393	0	0	247	0	0	0	0	0	0	0	0	0	0	0	0	0	
779144	0	0	245	0	0	0	0	0	0	0	0	0	0	0	0	0	
779893	0	0	267	0	0	0	0	0	0	0	0	0	0	0	0	0	
780641	0	0	265	0	0	0	0	0	0	0	0	0	0	0	0	0	
781390	0	0	243	0	0	0	0	0	0	0	0	0	0	0	0	0	
782139	0	0	285	0	0	0	0	0	0	0	0	0	0	0	0	0	
782891	0	0	287	0	0	0	0	0	0	0	0	0	0	0	0	0	
783642	0	0	255	0	0	0	0	0	0	0	0	0	0	0	0	0	
784392	0	0	223	0	0	0	0	0	0	0	0	0	0	0	0	0	
785140	0	0	257	0	0	0	0	0	0	0	0	0	0	0	0	0	
785891	0	0	281	0	0	0	0	0	0	0	0	0	0	0	0	0	
786641	0	0	287	0	0	0	0	0	0	0	0	0	0	0	0	0	
787391	0	0	283	0	0	0	0	0	0	0	0	0	0	0	0	0	
788144	0	0	261	0	0	0	0	0	0	0	0	0	0	0	0	0	
788895	0	0	271	0	0	0	0	0	0	0	0	0	0	0	0	0	
789647	0	0	283	0	0	0	0	0	0	0	0	0	0	0	0	0	
790399	0	0	259	0	0	0	0	0	0	0	0	0	0	0	0	0	
791151	0	0	265	0	0	0	0	0	0	0	0	0	0	0	0	0	
791902	0	0	279	0	0	0	0	0	0	0	0	0	0	0	0	0	
792647	0	0	277	0	0	0	0	0	0	0	0	0	0	0	0	0	
793397	0	0	275	0	0	0	0	0	0	0	0	0	0	0	0	0	
794146	0	0	261	0	0	0	0	0	0	0	0	0	0	0	0	0	
794898	0	0	271	0	0	0	0	0	0	0	0	0	0	0	0	0	
795646	0	0	243	0	0	0	0	0	0	0	0	0	0	0	0	0	
796401	0	0	243	0	0	0	0	0	0	0	0	0	0	0	0	0	
797150	0	0	285	0	0	0	0	0	0	0	0	0	0	0	0	0	
797901	0	0	277	0	0	0	0	0	0	0	0	0	0	0	0	0	
798648	0	0	285	0	0	0	0	0	0	0	0	0	0	0	0	0	
799397	0	0	245	0	0	0	0	0	0	0	0	0	0	0	0	0	
800146	0	0	271	0	0	0	0	0	0	0	0	0	0	0	0	0	
800898	0	0	259	10	0	0	0	0	0	0	0	0	0	0	0	0	
801649	0	0	275	0	0	0	0	0	0	0	0	0	0	0	0	0	
802401	0	0	237	0	0	0	0	0	0	0	0	0	0	0	0	0	
803150	0	0	265	0	0	0	0	0	0	0	0	0	0	0	0	0	
803901	0	0	241	0	0	0	0	0	0	0	0	0	0	0	0	0	
804651	0	0	277	0	0	0	0	0	0	0	0	0	0	0	0	0	
805401	0	0	271	0	0	0	0	0	0	0	0	0	0	0	0	0	
806154	0	0	247	0	0	0	0	0	0	0	0	0	0	0	0	0	
806905	0	0	279	0	0	0	0	0	0	0	0	0	0	0	0	0	
807655	0	0	257	0	0	0	0	0	0	0	0	0	0	0	0	0	
808403	0	0	245	0	0	0	0	0	0	0	0	0	0	0	0	0	
809155	0	0	237	14	0	0	0	0	0	0	0	0	0	0	0	0	
809906	0	0	267	0	0	0	0	0	0	0	0	0	0	0	0	0	
810658	0	0	261	0	0	0	0	0	0	0	0	0	0	0	0	0	
811407	0	0	261	0	0	0	0	0	0	0	0	0	0	0	0	0	
812156	0	0	275	0	0	0	0	0	0	0	0	0	0	0	0	0	
812904	0	0	237	0	0	0	0	0	0	0	0	0	0	0	0	0	
813653	0	0	241	0	0	0	0	0	0	0	0	0	0	0	0	0	
814404	0	0	0	209	0	0	0	0	0	0	0	0	0	0	0	0	
815156	0	0	0	211	0	0	0	0	0	0	0	0	0	0	0	0	
815908	0	0	0	203	0	0	0	0	0	0	0	0	0	0	0	0	
816658	0	0	0	205	0	0	0	0	0	0	0	0	0	0	0	0	
817407	0	0	0	199	0	0	0	0	0	0	0	0	0	0	0	0	
818156	0	0	0	219	0	0	0	0	0	0	0	0	0	0	0	0	
818907	0	0	0	197	0	0	0	0	0	0	0	0	0	0	0	0	
819661	0	0	0	201	0	0	0	0	0	0	0	0	0	0	0	0	
820412	0	0	0	183	0	0	0	0	0	0	0	0	0	0	0	0	
821164	0	0	7	206	0	0	0	0	0	0	0	0	0	0	0	0	
821914	0	0	0	201	0	0	0	0	0	0	0	0	0	0	0	0	
822664	0	0	0	0	153	0	0	0	0	0	0	0	0	0	0	0	
823416	0	0	0	0	153	0	0	0	0	0	0	0	0	0	0	0	
824169	0	0	0	0	159	0	0	0	0	0	0	0	0	0	0	0	
824920	0	0	0	0	175	0	0	0	0	0	0	0	0	0	0	0	
825669	0	0	0	0	171	0	0	0	0	0	0	0	0	0	0	0	
826421	0	0	0	0	173	0	0	0	0	0	0	0	0	0	0	0	
827171	0	0	0	0	183	0	0	0	0	0	0	0	0	0	0	0	
827922	0	0	0	0	125	0	0	0	0	0	0	0	0	0	0	0	
828672	0	0	0	0	183	0	0	0	0	0	0	0	0	0	0	0	
829424	0	0	0	0	163	0	0	0	0	0	0	0	0	0	0	0	
830175	0	0	0	0	147	0	0	0	0	0	0	0	0	0	0	0	
830927	0	0	0	0	155	0	0	0	0	0	0	0	0	0	0	0	
831675	0	0	0	0	149	0	0	0	0	0	0	0	0	0	0	0	
832424	0	0	0	0	171	0	0	0	0	0	0	0	0	0	0	0	
833172	0	0	0	0	157	0	0	0	0	0	0	0	0	0	0	0	
833921	0	0	0	0	177	0	0	0	0	0	0	0	0	0	0	0	
834667	0	0	0	0	167	0	0	0	0	0	0	0	0	0	0	0	
835416	0	0	0	0	155	0	0	0	0	0	0	0	0	0	0	0	
836163	0	0	0	0	0	129	0	0	0	0	0	0	0	0	0	0	
836911	0	0	0	0	0	127	0	0	0	0	0	0	0	0	0	0	
837663	0	0	0	0	0	131	0	0	0	0	0	0	0	0	0	0	
838414	0	0	0	0	0	137	0	0	0	0	0	0	0	0	0	0	
839166	0	0	0	0	0	157	0	0	0	0	0	0	0	0	0	0	
839918	0	0	0	0	0	151	0	0	0	0	0	0	0	0	0	0	
840667	0	0	0	0	0	167	0	0	0	0	0	0	0	0	0	0	
841417	0	0	0	0	0	121	0	0	0	0	0	0	0	0	0	0	
842169	0	0	0	0	0	129	0	0	0	0	0	0	0	0	0	0	
842918	0	0	0	0	0	147	0	0	0	0	0	0	0	0	0	0	
843666	0	0	0	0	0	111	0	0	0	0	0	0	0	0	0	0	
844417	0	0	0	0	0	139	0	0	0	0	0	0	0	0	0	0	
845165	0	0	0	0	0	141	0	0	0	0	0	0	0	0	0	0	
845915	0	0	0	0	177	0	0	0	0	0	0	0	0	0	0	0	
846663	0	0	0	0	141	0	0	0	0	0	0	0	0	0	0	0	
847410	0	0	0	0	145	0	0	0	0	0	0	0	0	0	0	0	
848163	0	0	0	0	151	0	0	0	0	0	0	0	0	0	0	0	
848915	0	0	0	0	175	0	0	0	0	0	0	0	0	0	0	0	
849664	0	0	0	0	177	0	0	0	0	0	0	0	0	0	0	0	
850417	0	0	0	0	159	0	0	0	0	0	0	0	0	0	0	0	
851167	0	0	0	0	161	0	0	0	0	0	0	0	0	0	0	0	
851916	0	0	0	207	0	0	0	0	0	0	0	0	0	0	0	0	
852664	0	0	0	217	0	0	0	0	0	0	0	0	0	0	0	0	
853413	0	0	0	191	0	0	0	0	0	0	0	0	0	0	0	0	
854165	0	0	0	205	0	0	0	0	0	0	0	0	0	0	0	0	
854916	0	0	0	183	0	0	0	0	0	0	0	0	0	0	0	0	
855670	0	0	0	209	0	0	0	0	0	0	0	0	0	0	0	0	
856422	0	0	0	181	0	0	0	0	0	0	0	0	0	0	0	0	
857174	0	0	0	193	0	0	0	0	0	0	0	0	0	0	0	0	
857921	0	0	0	217	0	0	0	0	0	0	0	0	0	0	0	0	
858673	0	0	0	209	0	0	0	0	0	0	0	0	0	0	0	0	
859421	0	0	0	189	0	0	0	0	0	0	0	0	0	0	0	0	
860174	0	0	0	207	0	0	0	0	0	0	0	0	0	0	0	0	
860926	0	0	1	214	0	0	0	0	0	0	0	0	0	0	0	0	
861676	0	0	0	191	0	0	0	0	0	0	0	0	0	0	0	0	
862429	0	0	0	201	0	0	0	0	0	0	0	0	0	0	0	0	
863179	0	0	0	195	0	0	0	0	0	0	0	0	0	0	0	0	
863930	0	0	0	233	0	0	0	0	0	0	0	0	0	0	0	0	
864679	0	0	0	203	0	0	0	0	0	0	0	0	0	0	0	0	
865430	0	0	0	181	0	0	0	0	0	0	0	0	0	0	0	0	
866181	0	0	0	191	0	0	0	0	0	0	0	0	0	0	0	0	
866934	0	0	0	207	0	0	0	0	0	0	0	0	0	0	0	0	
867686	0	0	0	197	0	0	0	0	0	0	0	0	0	0	0	0	
868435	0	0	0	0	143	0	0	0	0	0	0	0	0	0	0	0	
869183	0	0	0	0	165	0	0	0	0	0	0	0	0	0	0	0	
869933	0	0	0	0	151	0	0	0	0	0	0	0	0	0	0	0	
870687	0	0	0	0	145	0	0	0	0	0	0	0	0	0	0	0	
871437	0	0	0	0	163	0	0	0	0	0	0	0	0	0	0	0	
872188	0	0	0	0	121	0	0	0	0	0	0	0	0	0	0	0	
872938	0	0	0	0	151	0	0	0	0	0	0	0	0	0	0	0	
873687	0	0	0	0	155	0	0	0	0	0	0	0	0	0	0	0	
874436	0	0	0	0	173	0	0	0	0	0	0	0	0	0	0	0	
875187	0	0	0	0	0	137	0	0	0	0	0	0	0	0	0	0	
875936	0	0	0	0	0	123	0	0	0	0	0	0	0	0	0	0	
876688	0	0	0	0	0	127	0	0	0	0	0	0	0	0	0	0	
877442	0	0	0	0	0	145	0	0	0	0	0	0	0	0	0	0	
878192	0	0	0	0	0	135	0	0	0	0	0	0	0	0	0	0	
878945	0	0	0	0	0	147	0	0	0	0	0	0	0	0	0	0	
879694	0	0	0	0	0	135	0	0	0	0	0	0	0	0	0	0	
880445	0	0	0	0	0	127	0	0	0	0	0	0	0	0	0	0	
881192	0	0	0	0	0	133	0	0	0	0	0	0	0	0	0	0	
881942	0	0	0	0	0	141	0	0	0	0	0	0	0	0	0	0	
882692	0	0	0	0	0	139	0	0	0	0	0	0	0	0	0	0	
883442	0	0	0	0	0	153	0	0	0	0	0	0	0	0	0	0	
884192	0	0	0	0	0	137	0	0	0	0	0	0	0	0	0	0	
884942	0	0	0	0	0	141	0	0	0	0	0	0	0	0	0	0	
885693	0	0	0	0	0	139	0	0	0	0	0	0	0	0	0	0	
886440	0	0	0	0	0	135	0	0	0	0	0	0	0	0	0	0	
887188	0	0	0	0	0	127	0	0	0	0	0	0	0	0	0	0	
887938	0	0	0	0	0	131	0	0	0	0	0	0	0	0	0	0	
888687	0	0	0	0	0	149	0	0	0	0	0	0	0	0	0	0	
889439	0	0	0	0	0	131	0	0	0	0	0	0	0	0	0	0	
890192	0	0	0	0	0	149	0	0	0	0	0	0	0	0	0	0	
890942	0	0	0	0	0	165	0	0	0	0	0	0	0	0	0	0	
891689	0	0	0	0	0	125	0	0	0	0	0	0	0	0	0	0	
892441	0	0	0	0	0	127	0	0	0	0	0	0	0	0	0	0	
893190	0	0	0	0	0	123	0	0	0	0	0	0	0	0	0	0	
893944	0	0	0	0	0	119	0	0	0	0	0	0	0	0	0	0	
894695	0	0	0	0	0	113	0	0	0	0	0	0	0	0	0	0	
895445	0	0	0	0	0	117	0	0	0	0	0	0	0	0	0	0	
896196	0	0	0	0	0	143	0	0	0	0	0	0	0	0	0	0	
896948	0	0	0	0	0	149	0	0	0	0	0	0	0	0	0	0	
897697	0	0	0	0	0	121	0	0	0	0	0	0	0	0	0	0	
898448	0	0	0	0	0	135	0	0	0	0	0	0	0	0	0	0	
899199	0	0	0	0	0	109	0	0	0	0	0	0	0	0	0	0	
899947	0	0	0	0	0	117	0	0	0	0	0	0	0	0	0	0	
900699	0	0	0	0	0	131	0	0	0	0	0	0	0	0	0	0	
901447	0	0	0	0	0	145	0	0	0	0	0	0	0	0	0	0	
902197	0	0	0	0	0	145	0	0	0	0	0	0	0	0	0	0	
902948	0	0	0	0	0	123	0	0	0	0	0	0	0	0	0	0	
903702	0	0	0	0	0	147	0	0	0	0	0	0	0	0	0	0	
904453	0	0	0	0	0	147	0	0	0	0	0	0	0	0	0	0	
905206	0	0	0	0	0	135	0	0	0	0	0	0	0	0	0	0	
905957	0	0	0	0	0	141	0	0	0	0	0	0	0	0	0	0	
906707	0	0	0	0	0	119	0	0	0	0	0	0	0	0	0	0	
907457	0	0	0	0	0	135	0	0	0	0	0	0	0	0	0	0	
908210	0	0	0	0	0	0	123	0	0	0	0	0	0	0	0	0	
908961	0	0	0	0	0	151	0	0	0	0	0	0	0	0	0	0	
909708	0	0	0	0	0	127	0	0	0	0	0	0	0	0	0	0	
910457	0	0	0	0	0	125	0	0	0	0	0	0	0	0	0	0	
911206	0	0	0	0	0	133	0	0	0	0	0	0	0	0	0	0	
911956	0	0	0	0	0	0	103	0	0	0	0	0	0	0	0	0	
912704	0	0	0	0	0	0	117	0	0	0	0	0	0	0	0	0	
913451	0	0	0	0	0	0	119	0	0	0	0	0	0	0	0	0	
914201	0	0	0	0	0	0	107	0	0	0	0	0	0	0	0	0	
914951	0	0	0	0	0	0	111	0	0	0	0	0	0	0	0	0	
915698	0	0	0	0	0	0	95	0	0	0	0	0	0	0	0	0	
916452	0	0	0	0	0	0	123	0	0	0	0	0	0	0	0	0	
917199	0	0	0	0	0	0	113	0	0	0	0	0	0	0	0	0	
917947	0	0	0	0	0	0	119	0	0	0	0	0	0	0	0	0	
918701	0	0	0	0	0	0	133	0	0	0	0	0	0	0	0	0	
919453	0	0	0	0	0	0	127	0	0	0	0	0	0	0	0	0	
920201	0	0	0	0	0	0	111	0	0	0	0	0	0	0	0	0	
920950	0	0	0	0	0	0	119	0	0	0	0	0	0	0	0	0	
921697	0	0	0	0	0	0	141	0	0	0	0	0	0	0	0	0	
922446	0	0	0	0	0	0	123	0	0	0	0	0	0	0	0	0	
923193	0	0	0	0	0	0	115	0	0	0	0	0	0	0	0	0	
923945	0	0	0	0	0	0	109	0	0	0	0	0	0	0	0	0	
924694	0	0	0	0	0	0	107	0	0	0	0	0	0	0	0	0	
925445	0	0	0	0	0	0	121	0	0	0	0	0	0	0	0	0	
926195	0	0	0	0	0	0	103	0	0	0	0	0	0	0	0	0	
926943	0	0	0	0	0	0	107	0	0	0	0	0	0	0	0	0	
927692	0	0	0	0	0	0	111	0	0	0	0	0	0	0	0	0	
928438	0	0	0	0	0	0	93	0	0	0	0	0	0	0	0	0	
929188	0	0	0	0	0	0	99	0	0	0	0	0	0	0	0	0	
929936	0	0	0	0	0	0	101	0	0	0	0	0	0	0	0	0	
930689	0	0	0	0	0	0	103	0	0	0	0	0	0	0	0	0	
931437	0	0	0	0	0	0	111	0	0	0	0	0	0	0	0	0	
932187	0	0	0	0	0	0	101	0	0	0	0	0	0	0	0	0	
932939	0	0	0	0	0	0	117	0	0	0	0	0	0	0	0	0	
933691	0	0	0	0	0	0	121	0	0	0	0	0	0	0	0	0	
934440	0	0	0	0	0	0	117	0	0	0	0	0	0	0	0	0	
935188	0	0	0	0	0	0	109	0	0	0	0	0	0	0	0	0	
935939	0	0	0	0	0	0	109	0	0	0	0	0	0	0	0	0	
936691	0	0	0	0	0	0	115	0	0	0	0	0	0	0	0	0	
937440	0	0	0	0	0	0	103	0	0	0	0	0	0	0	0	0	
938192	0	0	0	0	0	0	121	0	0	0	0	0	0	0	0	0	
938940	0	0	0	0	0	0	109	0	0	0	0	0	0	0	0	0	
939689	0	0	0	0	0	0	107	0	0	0	0	0	0	0	0	0	
940442	0	0	0	0	0	0	119	0	0	0	0	0	0	0	0	0	
941192	0	0	0	0	0	12	101	0	0	0	0	0	0	0	0	0	
941942	0	0	0	0	0	0	137	0	0	0	0	0	0	0	0	0	
942692	0	0	0	0	0	0	103	0	0	0	0	0	0	0	0	0	
943442	0	0	0	0	0	0	121	0	0	0	0	0	0	0	0	0	
944193	0	0	0	0	0	0	105	0	0	0	0	0	0	0	0	0	
944943	0	0	0	0	0	0	117	0	0	0	0	0	0	0	0	0	
945690	0	0	0	0	0	0	127	0	0	0	0	0	0	0	0	0	
946440	0	0	0	0	0	0	133	0	0	0	0	0	0	0	0	0	
947190	0	0	0	0	0	0	103	0	0	0	0	0	0	0	0	0	
947939	0	0	0	0	0	0	115	0	0	0	0	0	0	0	0	0	
948691	0	0	0	0	0	0	107	0	0	0	0	0	0	0	0	0	
949442	0	0	0	0	0	0	119	0	0	0	0	0	0	0	0	0	
950189	0	0	0	0	0	0	131	0	0	0	0	0	0	0	0	0	
950938	0	0	0	0	0	0	121	0	0	0	0	0	0	0	0	0	
951688	0	0	0	0	0	0	105	0	0	0	0	0	0	0	0	0	
952439	0	0	0	0	0	0	99	0	0	0	0	0	0	0	0	0	
953187	0	0	0	0	0	0	123	0	0	0	0	0	0	0	0	0	
953939	0	0	0	0	0	0	127	0	0	0	0	0	0	0	0	0	
954690	0	0	0	0	0	0	105	0	0	0	0	0	0	0	0	0	
955436	0	0	0	0	0	0	109	0	0	0	0	0	0	0	0	0	
956186	0	0	0	0	0	0	119	0	0	0	0	0	0	0	0	0	
956936	0	0	0	0	0	0	103	0	0	0	0	0	0	0	0	0	
957689	0	0	0	0	0	0	109	0	0	0	0	0	0	0	0	0	
958441	0	0	0	0	0	0	129	0	0	0	0	0	0	0	0	0	
959190	0	0	0	0	0	0	111	0	0	0	0	0	0	0	0	0	
959942	0	0	0	0	0	0	109	0	0	0	0	0	0	0	0	0	
960693	0	0	0	0	0	0	117	0	0	0	0	0	0	0	0	0	
961440	0	0	0	0	0	0	131	0	0	0	0	0	0	0	0	0	
962189	0	0	0	0	0	0	133	0	0	0	0	0	0	0	0	0	
962941	0	0	0	0	0	0	105	0	0	0	0	0	0	0	0	0	
963689	0	0	0	0	0	0	109	0	0	0	0	0	0	0	0	0	
964440	0	0	0	0	0	0	109	0	0	0	0	0	0	0	0	0	
965192	0	0	0	0	0	0	115	0	0	0	0	0	0	0	0	0	
965941	0	0	0	0	0	0	111	0	0	0	0	0	0	0	0	0	
966690	0	0	0	0	0	0	111	0	0	0	0	0	0	0	0	0	
967439	0	0	0	0	0	0	123	0	0	0	0	0	0	0	0	0	
968188	0	0	0	0	0	0	133	0	0	0	0	0	0	0	0	0	
968937	0	0	0	0	0	0	127	0	0	0	0	0	0	0	0	0	
969690	0	0	0	0	0	0	119	0	0	0	0	0	0	0	0	0	
970444	0	0	0	0	0	0	119	0	0	0	0	0	0	0	0	0	
971195	0	0	0	0	0	0	101	0	0	0	0	0	0	0	0	0	
971945	0	0	0	0	0	0	113	0	0	0	0	0	0	0	0	0	
972696	0	0	0	0	0	0	117	0	0	0	0	0	0	0	0	0	
973445	0	0	0	0	0	0	105	0	0	0	0	0	0	0	0	0	
974198	0	0	0	0	0	0	111	0	0	0	0	0	0	0	0	0	
974949	0	0	0	0	0	0	121	0	0	0	0	0	0	0	0	0	
975694	0	0	0	0	0	0	113	0	0	0	0	0	0	0	0	0	
976443	0	0	0	0	0	0	99	0	0	0	0	0	0	0	0	0	
977195	0	0	0	0	0	0	0	95	0	0	0	0	0	0	0	0	
977950	0	0	0	0	0	0	0	97	0	0	0	0	0	0	0	0	
978700	0	0	0	0	0	0	0	93	0	0	0	0	0	0	0	0	
979451	0	0	0	0	0	0	0	115	0	0	0	0	0	0	0	0	
980200	0	0	0	0	0	0	0	87	0	0	0	0	0	0	0	0	
980949	0	0	0	0	0	0	0	115	0	0	0	0	0	0	0	0	
981701	0	0	0	0	0	0	109	0	0	0	0	0	0	0	0	0	
982453	0	0	0	0	0	0	117	0	0	0	0	0	0	0	0	0	
983202	0	0	0	0	0	0	123	0	0	0	0	0	0	0	0	0	
983951	0	0	0	0	0	0	121	0	0	0	0	0	0	0	0	0	
984701	0	0	0	0	0	0	117	0	0	0	0	0	0	0	0	0	
985453	0	0	0	0	0	0	127	0	0	0	0	0	0	0	0	0	
986202	0	0	0	0	0	0	123	0	0	0	0	0	0	0	0	0	
986953	0	0	0	0	0	0	137	0	0	0	0	0	0	0	0	0	
987703	0	0	0	0	0	0	107	0	0	0	0	0	0	0	0	0	
988453	0	0	0	0	0	0	119	0	0	0	0	0	0	0	0	0	
989204	0	0	0	0	0	0	107	0	0	0	0	0	0	0	0	0	
989953	0	0	0	0	0	0	121	0	0	0	0	0	0	0	0	0	
990704	0	0	0	0	0	0	91	0	0	0	0	0	0	0	0	0	
991453	0	0	0	0	0	0	115	0	0	0	0	0	0	0	0	0	
992207	0	0	0	0	0	0	133	0	0	0	0	0	0	0	0	0	
992957	0	0	0	0	0	0	121	0	0	0	0	0	0	0	0	0	
993705	0	0	0	0	0	0	111	0	0	0	0	0	0	0	0	0	
994455	0	0	0	0	0	0	115	0	0	0	0	0	0	0	0	0	
995206	0	0	0	0	0	0	105	0	0	0	0	0	0	0	0	0	
995955	0	0	0	0	0	0	125	0	0	0	0	0	0	0	0	0	
996704	0	0	0	0	0	0	115	0	0	0	0	0	0	0	0	0	
997455	0	0	0	0	0	0	115	0	0	0	0	0	0	0	0	0	
998202	0	0	0	0	0	0	107	0	0	0	0	0	0	0	0	0	
998958	0	0	0	0	0	0	121	0	0	0	0	0	0	0	0	0	
999709	0	0	0	0	0	0	119	0	0	0	0	0	0	0	0	0	
1.00046e+06	0	0	0	0	0	0	125	0	0	0	0	0	0	0	0	0	
1.00121e+06	0	0	0	0	0	0	125	0	0	0	0	0	0	0	0	0	
1.00196e+06	0	0	0	0	0	0	109	0	0	0	0	0	0	0	0	0	
1.00271e+06	0	0	0	0	0	0	107	0	0	0	0	0	0	0	0	0	
1.00346e+06	0	0	0	0	0	0	89	0	0	0	0	0	0	0	0	0	
1.00421e+06	0	0	0	0	0	0	121	0	0	0	0	0	0	0	0	0	
1.00496e+06	0	0	0	0	0	117	0	0	0	0	0	0	0	0	0	0	
1.00571e+06	0	0	0	0	0	171	0	0	0	0	0	0	0	0	0	0	
1.00645e+06	0	0	0	0	0	135	0	0	0	0	0	0	0	0	0	0	
1.0072e+06	0	0	0	0	0	137	0	0	0	0	0	0	0	0	0	0	
1.00795e+06	0	0	0	0	0	141	0	0	0	0	0	0	0	0	0	0	
1.0087e+06	0	0	0	0	0	117	0	0	0	0	0	0	0	0	0	0	
1.00945e+06	0	0	0	0	0	147	0	0	0	0	0	0	0	0	0	0	
1.0102e+06	0	0	0	0	0	141	0	0	0	0	0	0	0	0	0	0	
1.01095e+06	0	0	0	0	0	135	0	0	0	0	0	0	0	0	0	0	
1.0117e+06	0	0	0	0	0	149	0	0	0	0	0	0	0	0	0	0	
1.01245e+06	0	0	0	0	0	135	0	0	0	0	0	0	0	0	0	0	
1.0132e+06	0	0	0	0	0	137	0	0	0	0	0	0	0	0	0	0	
1.01395e+06	0	0	0	0	0	141	0	0	0	0	0	0	0	0	0	0	
1.0147e+06	0	0	0	0	0	135	0	0	0	0	0	0	0	0	0	0	
1.01546e+06	0	0	0	0	0	117	0	0	0	0	0	0	0	0	0	0	
1.01621e+06	0	0	0	0	1	128	0	0	0	0	0	0	0	0	0	0	
1.01695e+06	0	0	0	0	0	131	0	0	0	0	0	0	0	0	0	0	
1.0177e+06	0	0	0	0	0	167	0	0	0	0	0	0	0	0	0	0	
1.01845e+06	0	0	0	0	0	133	0	0	0	0	0	0	0	0	0	0	
1.0192e+06	0	0	0	0	0	137	0	0	0	0	0	0	0	0	0	0	
1.01995e+06	0	0	0	0	0	127	0	0	0	0	0	0	0	0	0	0	
1.0207e+06	0	0	0	0	0	117	0	0	0	0	0	0	0	0	0	0	
1.02145e+06	0	0	0	0	0	137	0	0	0	0	0	0	0	0	0	0	
1.0222e+06	0	0	0	0	0	131	0	0	0	0	0	0	0	0	0	0	
1.02295e+06	0	0	0	0	0	123	0	0	0	0	0	0	0	0	0	0	
1.02369e+06	0	0	0	0	0	143	0	0	0	0	0	0	0	0	0	0	
1.02444e+06	0	0	0	0	0	149	0	0	0	0	0	0	0	0	0	0	
1.02519e+06	0	0	0	0	0	131	0	0	0	0	0	0	0	0	0	0	
1.02594e+06	0	0	0	0	0	0	121	0	0	0	0	0	0	0	0	0	
1.02669e+06	0	0	0	0	0	0	115	0	0	0	0	0	0	0	0	0	
1.02745e+06	0	0	0	0	0	0	115	0	0	0	0	0	0	0	0	0	
1.0282e+06	0	0	0	0	0	0	0	113	0	0	0	0	0	0	0	0	
1.02895e+06	0	0	0	0	0	0	3	92	0	0	0	0	0	0	0	0	
1.0297e+06	0	0	0	0	0	0	0	101	0	0	0	0	0	0	0	0	
1.03045e+06	0	0	0	0	0	0	0	0	97	0	0	0	0	0	0	0	
1.0312e+06	0	0	0	0	0	0	0	0	93	0	0	0	0	0	0	0	
1.03194e+06	0	0	0	0	0	0	0	0	87	0	0	0	0	0	0	0	
1.03269e+06	0	0	0	0	0	0	0	0	79	0	0	0	0	0	0	0	
1.03344e+06	0	0	0	0	0	0	0	0	83	0	0	0	0	0	0	0	
1.03419e+06	0	0	0	0	0	0	0	0	0	71	0	0	0	0	0	0	
1.03494e+06	0	0	0	0	0	0	0	0	0	85	0	0	0	0	0	0	
1.03569e+06	0	0	0	0	0	0	0	0	0	63	0	0	0	0	0	0	
1.03644e+06	0	0	0	0	0	0	0	0	0	85	0	0	0	0	0	0	
1.03718e+06	0	0	0	0	0	0	0	0	0	83	0	0	0	0	0	0	
1.03794e+06	0	0	0	0	0	0	0	0	0	77	0	0	0	0	0	0	
1.03869e+06	0	0	0	0	0	0	0	0	0	89	0	0	0	0	0	0	
1.03944e+06	0	0	0	0	0	0	0	0	0	71	0	0	0	0	0	0	
1.04019e+06	0	0	0	0	0	0	0	0	0	77	0	0	0	0	0	0	
1.04094e+06	0	0	0	0	0	0	0	0	0	81	0	0	0	0	0	0	
1.04169e+06	0	0	0	0	0	0	0	0	0	89	0	0	0	0	0	0	
1.04243e+06	0	0	0	0	0	0	0	0	0	75	0	0	0	0	0	0	
1.04318e+06	0	0	0	0	0	0	0	0	0	73	0	0	0	0	0	0	
1.04393e+06	0	0	0	0	0	0	0	0	0	97	0	0	0	0	0	0	
1.04468e+06	0	0	0	0	0	0	0	0	0	71	0	0	0	0	0	0	
1.04543e+06	0	0	0	0	0	0	0	0	0	77	0	0	0	0	0	0	
1.04619e+06	0	0	0	0	0	0	0	0	0	75	0	0	0	0	0	0	
1.04694e+06	0	0	0	0	0	0	0	0	0	93	0	0	0	0	0	0	
1.04769e+06	0	0	0	0	0	0	0	0	0	87	0	0	0	0	0	0	
1.04843e+06	0	0	0	0	0	0	0	0	0	75	0	0	0	0	0	0	
1.04919e+06	0	0	0	0	0	0	0	0	0	77	0	0	0	0	0	0	
1.04993e+06	0	0	0	0	0	0	0	0	0	0	0	69	0	0	0	0	
1.05069e+06	0	0	0	0	0	0	0	0	0	0	0	77	0	0	0	0	
1.05144e+06	0	0	0	0	0	0	0	0	0	0	0	63	0	0	0	0	
1.05219e+06	0	0	0	0	0	0	0	0	0	0	0	59	0	0	0	0	
1.05294e+06	0	0	0	0	0	0	0	0	0	0	0	65	0	0	0	0	
1.05369e+06	0	0	0	0	0	0	0	0	0	0	0	73	0	0	0	0	
1.05444e+06	0	0	0	0	0	0	0	0	0	0	63	0	0	0	0	0	
1.05519e+06	0	0	0	0	0	0	0	0	0	0	77	0	0	0	0	0	
1.05594e+06	0	0	0	0	0	0	0	0	0	0	81	0	0	0	0	0	
1.05669e+06	0	0	0	0	0	0	0	0	0	0	67	0	0	0	0	0	
1.05744e+06	0	0	0	0	0	0	0	0	0	0	69	0	0	0	0	0	
1.05819e+06	0	0	0	0	0	0	0	0	0	0	0	67	0	0	0	0	
1.05894e+06	0	0	0	0	0	0	0	0	0	0	0	65	0	0	0	0	
1.05969e+06	0	0	0	0	0	0	0	0	0	0	0	57	0	0	0	0	
1.06044e+06	0	0	0	0	0	0	0	0	0	0	0	67	0	0	0	0	
1.06119e+06	0	0	0	0	0	0	0	0	0	0	0	67	0	0	0	0	
1.06194e+06	0	0	0	0	0	0	0	0	0	0	0	85	0	0	0	0	
1.06269e+06	0	0	0	0	0	0	0	0	0	0	0	59	0	0	0	0	
1.06344e+06	0	0	0	0	0	0	0	0	0	0	0	61	0	0	0	0	
1.06419e+06	0	0	0	0	0	0	0	0	0	0	0	71	0	0	0	0	
1.06494e+06	0	0	0	0	0	0	0	0	0	0	0	65	0	0	0	0	
1.06569e+06	0	0	0	0	0	0	0	0	0	0	0	67	0	0	0	0	
1.06644e+06	0	0	0	0	0	0	0	0	0	0	0	69	0	0	0	0	
1.06719e+06	0	0	0	0	0	0	0	0	0	0	0	63	0	0	0	0	
1.06794e+06	0	0	0	0	0	0	0	0	0	0	0	59	0	0	0	0	
1.06869e+06	0	0	0	0	0	0	0	0	0	0	0	69	0	0	0	0	
1.06944e+06	0	0	0	0	0	0	0	0	0	0	0	61	0	0	0	0	
1.07019e+06	0	0	0	0	0	0	0	0	0	0	11	46	0	0	0	0	
1.07093e+06	0	0	0	0	0	0	0	0	0	0	0	75	0	0	0	0	
1.07169e+06	0	0	0	0	0	0	0	0	0	0	0	73	0	0	0	0	
1.07244e+06	0	0	0	0	0	0	0	0	0	0	0	81	0	0	0	0	
1.07318e+06	0	0	0	0	0	0	0	0	0	0	0	71	0	0	0	0	
1.07393e+06	0	0	0	0	0	0	0	0	0	0	0	73	0	0	0	0	
1.07469e+06	0	0	0	0	0	0	0	0	0	0	0	57	0	0	0	0	
1.07544e+06	0	0	0	0	0	0	0	0	0	0	0	73	0	0	0	0	
1.07618e+06	0	0	0	0	0	0	0	0	0	0	0	71	0	0	0	0	
1.07694e+06	0	0	0	0	0	0	0	0	0	0	63	0	0	0	0	0	
1.07769e+06	0	0	0	0	0	0	0	0	0	0	69	0	0	0	0	0	
1.07843e+06	0	0	0	0	0	0	0	0	0	0	63	0	0	0	0	0	
1.07918e+06	0	0	0	0	0	0	0	0	0	79	0	0	0	0	0	0	
1.07993e+06	0	0	0	0	0	0	0	0	0	75	0	0	0	0	0	0	
1.08068e+06	0	0	0	0	0	0	0	0	0	81	0	0	0	0	0	0	
1.08142e+06	0	0	0	0	0	0	0	0	0	69	0	0	0	0	0	0	
1.08217e+06	0	0	0	0	0	0	0	0	0	73	0	0	0	0	0	0	
1.08293e+06	0	0	0	0	0	0	0	0	0	95	0	0	0	0	0	0	
1.08367e+06	0	0	0	0	0	0	0	0	0	81	0	0	0	0	0	0	
1.08442e+06	0	0	0	0	0	0	0	0	0	75	0	0	0	0	0	0	
1.08517e+06	0	0	0	0	0	0	0	0	0	83	0	0	0	0	0	0	
1.08592e+06	0	0	0	0	0	0	0	0	0	69	0	0	0	0	0	0	
1.08667e+06	0	0	0	0	0	0	0	0	0	93	0	0	0	0	0	0	
1.08741e+06	0	0	0	0	0	0	0	0	0	71	0	0	0	0	0	0	
1.08817e+06	0	0	0	0	0	0	0	0	0	79	0	0	0	0	0	0	
1.08892e+06	0	0	0	0	0	0	0	0	0	85	0	0	0	0	0	0	
1.08967e+06	0	0	0	0	0	0	0	0	0	75	0	0	0	0	0	0	
1.09042e+06	0	0	0	0	0	0	0	0	0	79	0	0	0	0	0	0	
1.09117e+06	0	0	0	0	0	0	0	0	0	83	0	0	0	0	0	0	
1.09192e+06	0	0	0	0	0	0	0	0	0	81	0	0	0	0	0	0	
1.09267e+06	0	0	0	0	0	0	0	0	0	75	0	0	0	0	0	0	
1.09341e+06	0	0	0	0	0	0	0	0	0	0	63	0	0	0	0	0	
1.09417e+06	0	0	0	0	0	0	0	0	0	0	67	0	0	0	0	0	
1.09492e+06	0	0	0	0	0	0	0	0	0	0	83	0	0	0	0	0	
1.09567e+06	0	0	0	0	0	0	0	0	0	0	0	59	0	0	0	0	
1.09642e+06	0	0	0	0	0	0	0	0	0	0	0	85	0	0	0	0	
1.09717e+06	0	0	0	0	0	0	0	0	0	0	0	75	0	0	0	0	
1.09792e+06	0	0	0	0	0	0	0	0	0	0	0	65	0	0	0	0	
1.09867e+06	0	0	0	0	0	0	0	0	0	0	0	71	0	0	0	0	
1.09943e+06	0	0	0	0	0	0	0	0	0	0	0	0	63	0	0	0	
1.10017e+06	0	0	0	0	0	0	0	0	0	0	0	0	63	0	0	0	
1.10092e+06	0	0	0	0	0	0	0	0	0	0	0	0	63	0	0	0	
1.10167e+06	0	0	0	0	0	0	0	0	0	0	0	0	75	0	0	0	
1.10243e+06	0	0	0	0	0	0	0	0	0	0	0	0	0	71	0	0	
1.10318e+06	0	0	0	0	0	0	0	0	0	0	0	0	0	53	0	0	
1.10392e+06	0	0	0	0	0	0	0	0	0	0	0	0	0	55	0	0	
1.10467e+06	0	0	0	0	0	0	0	0	0	0	0	0	0	51	0	0	
1.10542e+06	0	0	0	0	0	0	0	0	0	0	0	0	0	61	0	0	
1.10617e+06	0	0	0	0	0	0	0	0	0	0	0	0	0	55	0	0	
1.10692e+06	0	0	0	0	0	0	0	0	0	0	0	0	0	63	0	0	
1.10768e+06	0	0	0	0	0	0	0	0	0	0	0	0	0	71	0	0	
1.10843e+06	0	0	0	0	0	0	0	0	0	0	0	0	0	55	0	0	
1.10918e+06	0	0	0	0	0	0	0	0	0	0	0	0	0	69	0	0	
1.10993e+06	0	0	0	0	0	0	0	0	0	0	0	0	0	57	0	0	
1.11068e+06	0	0	0	0	0	0	0	0	0	0	0	0	0	51	0	0	
1.11143e+06	0	0	0	0	0	0	0	0	0	0	0	0	0	57	0	0	
1.11218e+06	0	0	0	0	0	0	0	0	0	0	0	0	0	51	0	0	
1.11294e+06	0	0	0	0	0	0	0	0	0	0	0	0	0	53	0	0	
1.11369e+06	0	0	0	0	0	0	0	0	0	0	0	0	0	53	0	0	
1.11444e+06	0	0	0	0	0	0	0	0	0	0	0	0	0	59	0	0	
1.11519e+06	0	0	0	0	0	0	0	0	0	0	0	0	0	71	0	0	
1.11594e+06	0	0	0	0	0	0	0	0	0	0	0	0	0	59	0	0	
1.11669e+06	0	0	0	0	0	0	0	0	0	0	0	0	0	63	0	0	
1.11744e+06	0	0	0	0	0	0	0	0	0	0	0	0	0	47	0	0	
1.11819e+06	0	0	0	0	0	0	0	0	0	0	0	0	0	51	0	0	
1.11894e+06	0	0	0	0	0	0	0	0	0	0	0	0	0	0	53	0	
1.11969e+06	0	0	0	0	0	0	0	0	0	0	0	0	0	57	0	0	
1.12043e+06	0	0	0	0	0	0	0	0	0	0	0	0	0	45	0	0	
1.12119e+06	0	0	0	0	0	0	0	0	0	0	0	0	0	45	0	0	
1.12194e+06	0	0	0	0	0	0	0	0	0	0	0	0	0	51	0	0	
1.12269e+06	0	0	0	0	0	0	0	0	0	0	0	0	0	63	0	0	
1.12345e+06	0	0	0	0	0	0	0	0	0	0	0	0	0	53	0	0	
1.1242e+06	0	0	0	0	0	0	0	0	0	0	0	0	0	53	0	0	
1.12495e+06	0	0	0	0	0	0	0	0	0	0	0	0	0	67	0	0	
1.1257e+06	0	0	0	0	0	0	0	0	0	0	0	0	0	69	0	0	
1.12645e+06	0	0	0	0	0	0	0	0	0	0	0	0	0	73	0	0	
1.12719e+06	0	0	0	0	0	0	0	0	0	0	0	0	0	61	0	0	
1.12794e+06	0	0	0	0	0	0	0	0	0	0	0	0	59	0	0	0	
1.1287e+06	0	0	0	0	0	0	0	0	0	0	0	0	55	0	0	0	
1.12945e+06	0	0	0	0	0	0	0	0	0	0	0	0	65	0	0	0	
1.13019e+06	0	0	0	0	0	0	0	0	0	0	0	0	0	63	0	0	
1.13094e+06	0	0	0	0	0	0	0	0	0	0	0	0	0	45	0	0	
1.13169e+06	0	0	0	0	0	0	0	0	0	0	0	0	0	59	0	0	
1.13244e+06	0	0	0	0	0	0	0	0	0	0	0	0	0	69	0	0	
1.13319e+06	0	0	0	0	0	0	0	0	0	0	0	0	0	59	0	0	
1.13394e+06	0	0	0	0	0	0	0	0	0	0	0	0	0	49	0	0	
1.1347e+06	0	0	0	0	0	0	0	0	0	0	0	0	0	47	0	0	
1.13545e+06	0	0	0	0	0	0	0	0	0	0	0	0	0	81	0	0	
1.1362e+06	0	0	0	0	0	0	0	0	0	0	0	0	0	49	0	0	
1.13695e+06	0	0	0	0	0	0	0	0	0	0	0	0	0	57	0	0	
1.1377e+06	0	0	0	0	0	0	0	0	0	0	0	0	0	51	0	0	
1.13845e+06	0	0	0	0	0	0	0	0	0	0	0	0	0	59	0	0	
1.1392e+06	0	0	0	0	0	0	0	0	0	0	0	0	0	41	0	0	
1.13995e+06	0	0	0	0	0	0	0	0	0	0	0	0	0	51	0	0	
1.1407e+06	0	0	0	0	0	0	0	0	0	0	0	0	0	49	0	0	
1.14145e+06	0	0	0	0	0	0	0	0	0	0	0	0	0	65	0	0	
1.1422e+06	0	0	0	0	0	0	0	0	0	0	0	0	0	67	0	0	
1.14295e+06	0	0	0	0	0	0	0	0	0	0	0	0	0	0	67	0	
1.1437e+06	0	0	0	0	0	0	0	0	0	0	0	0	0	0	67	0	
1.14445e+06	0	0	0	0	0	0	0	0	0	0	0	0	0	0	57	0	
1.1452e+06	0	0	0	0	0	0	0	0	0	0	0	0	0	0	67	0	
1.14594e+06	0	0	0	0	0	0	0	0	0	0	0	0	0	0	45	0	
1.14669e+06	0	0	0	0	0	0	0	0	0	0	0	0	0	0	63	0	
1.14744e+06	0	0	0	0	0	0	0	0	0	0	0	0	0	0	43	0	
1.14819e+06	0	0	0	0	0	0	0	0	0	0	0	0	0	0	71	0	
1.14894e+06	0	0	0	0	0	0	0	0	0	0	0	0	0	0	49	0	
1.14969e+06	0	0	0	0	0	0	0	0	0	0	0	0	0	57	0	0	
1.15044e+06	0	0	0	0	0	0	0	0	0	0	0	0	0	69	0	0	
1.15119e+06	0	0	0	0	0	0	0	0	0	0	0	0	0	65	0	0	
1.15194e+06	0	0	0	0	0	0	0	0	0	0	0	0	6	53	0	0	
1.15269e+06	0	0	0	0	0	0	0	0	0	0	0	0	0	37	0	0	
1.15344e+06	0	0	0	0	0	0	0	0	0	0	0	0	0	45	0	0	
1.1542e+06	0	0	0	0	0	0	0	0	0	0	0	0	0	53	0	0	
1.15494e+06	0	0	0	0	0	0	0	0	0	0	0	0	0	51	0	0	
1.15569e+06	0	0	0	0	0	0	0	0	0	0	0	0	0	65	0	0	
1.15645e+06	0	0	0	0	0	0	0	0	0	0	0	0	0	59	0	0	
1.1572e+06	0	0	0	0	0	0	0	0	0	0	0	0	0	61	0	0	
1.15795e+06	0	0	0	0	0	0	0	0	0	0	0	0	0	55	0	0	
1.1587e+06	0	0	0	0	0	0	0	0	0	0	0	0	0	57	0	0	
1.15945e+06	0	0	0	0	0	0	0	0	0	0	0	0	0	49	0	0	
1.16021e+06	0	0	0	0	0	0	0	0	0	0	0	0	63	0	0	0	
1.16096e+06	0	0	0	0	0	0	0	0	0	0	0	0	57	0	0	0	
1.1617e+06	0	0	0	0	0	0	0	0	0	0	0	0	59	0	0	0	
1.16246e+06	0	0	0	0	0	0	0	0	0	0	0	0	59	0	0	0	
1.16321e+06	0	0	0	0	0	0	0	0	0	0	0	0	67	0	0	0	
1.16396e+06	0	0	0	0	0	0	0	0	0	0	0	0	67	0	0	0	
1.16471e+06	0	0	0	0	0	0	0	0	0	0	0	0	57	0	0	0	
1.16546e+06	0	0	0	0	0	0	0	0	0	0	0	0	75	0	0	0	
1.16621e+06	0	0	0	0	0	0	0	0	0	0	0	0	57	0	0	0	
1.16696e+06	0	0	0	0	0	0	0	0	0	0	0	0	65	0	0	0	
1.16772e+06	0	0	0	0	0	0	0	0	0	0	0	0	61	0	0	0	
1.16847e+06	0	0	0	0	0	0	0	0	0	0	0	0	59	0	0	0	
1.16922e+06	0	0	0	0	0	0	0	0	0	0	0	0	55	0	0	0	
1.16997e+06	0	0	0	0	0	0	0	0	0	0	0	0	75	0	0	0	
1.17072e+06	0	0	0	0	0	0	0	0	0	0	0	0	57	0	0	0	
1.17146e+06	0	0	0	0	0	0	0	0	0	0	0	0	51	0	0	0	
1.17221e+06	0	0	0	0	0	0	0	0	0	0	0	0	59	0	0	0	
1.17296e+06	0	0	0	0	0	0	0	0	0	0	0	0	51	0	0	0	
1.17371e+06	0	0	0	0	0	0	0	0	0	0	0	0	53	0	0	0	
1.17446e+06	0	0	0	0	0	0	0	0	0	0	0	0	67	0	0	0	
1.17521e+06	0	0	0	0	0	0	0	0	0	0	0	0	61	0	0	0	
1.17597e+06	0	0	0	0	0	0	0	0	0	0	0	0	71	0	0	0	
1.17672e+06	0	0	0	0	0	0	0	0	0	0	0	0	0	59	0	0	
1.17747e+06	0	0	0	0	0	0	0	0	0	0	0	0	61	0	0	0	
1.17822e+06	0	0	0	0	0	0	0	0	0	0	0	0	57	0	0	0	
1.17897e+06	0	0	0	0	0	0	0	0	0	0	0	0	69	0	0	0	
1.17972e+06	0	0	0	0	0	0	0	0	0	0	0	0	65	0	0	0	
1.18047e+06	0	0	0	0	0	0	0	0	0	0	0	0	73	0	0	0	
1.18122e+06	0	0	0	0	0	0	0	0	0	0	0	0	57	0	0	0	
1.18198e+06	0	0	0	0	0	0	0	0	0	0	0	0	65	0	0	0	
1.18273e+06	0	0	0	0	0	0	0	0	0	0	0	0	41	0	0	0	
1.18347e+06	0	0	0	0	0	0	0	0	0	0	0	0	71	0	0	0	
1.18422e+06	0	0	0	0	0	0	0	0	0	0	0	0	55	0	0	0	
1.18497e+06	0	0	0	0	0	0	0	0	0	0	0	0	59	0	0	0	
1.18572e+06	0	0	0	0	0	0	0	0	0	0	0	0	55	0	0	0	
1.18647e+06	0	0	0	0	0	0	0	0	0	0	0	0	65	0	0	0	
1.18723e+06	0	0	0	0	0	0	0	0	0	0	0	0	65	0	0	0	
1.18798e+06	0	0	0	0	0	0	0	0	0	0	0	0	55	0	0	0	
1.18873e+06	0	0	0	0	0	0	0	0	0	0	0	0	73	0	0	0	
1.18948e+06	0	0	0	0	0	0	0	0	0	0	0	61	0	0	0	0	
1.19022e+06	0	0	0	0	0	0	0	0	0	0	0	75	0	0	0	0	
1.19097e+06	0	0	0	0	0	0	0	0	0	0	0	71	0	0	0	0	
1.19172e+06	0	0	0	0	0	0	0	0	0	0	0	73	0	0	0	0	
1.19247e+06	0	0	0	0	0	0	0	0	0	0	0	71	0	0	0	0	
1.19322e+06	0	0	0	0	0	0	0	0	0	0	0	75	0	0	0	0	
1.19397e+06	0	0	0	0	0	0	0	0	0	0	0	61	0	0	0	0	
1.19471e+06	0	0	0	0	0	0	0	0	0	0	0	77	0	0	0	0	
1.19546e+06	0	0	0	0	0	0	0	0	0	0	0	63	0	0	0	0	
1.19621e+06	0	0	0	0	0	0	0	0	0	0	0	77	0	0	0	0	
1.19697e+06	0	0	0	0	0	0	0	0	0	0	0	75	0	0	0	0	
1.19772e+06	0	0	0	0	0	0	0	0	0	0	0	77	0	0	0	0	
1.19847e+06	0	0	0	0	0	0	0	0	0	0	0	59	0	0	0	0	
1.19922e+06	0	0	0	0	0	0	0	0	0	0	0	59	0	0	0	0	
1.19997e+06	0	0	0	0	0	0	0	0	0	0	0	69	0	0	0	0	
1.20072e+06	0	0	0	0	0	0	0	0	0	0	0	57	0	0	0	0	
1.20147e+06	0	0	0	0	0	0	0	0	0	0	0	65	0	0	0	0	
1.20222e+06	0	0	0	0	0	0	0	0	0	0	0	67	0	0	0	0	
1.20297e+06	0	0	0	0	0	0	0	0	0	0	0	69	0	0	0	0	
1.20372e+06	0	0	0	0	0	0	0	0	0	0	0	63	0	0	0	0	
1.20447e+06	0	0	0	0	0	0	0	0	0	0	0	63	0	0	0	0	
1.20522e+06	0	0	0	0	0	0	0	0	0	0	0	65	0	0	0	0	
1.20597e+06	0	0	0	0	0	0	0	0	0	0	0	55	0	0	0	0	
1.20672e+06	0	0	0	0	0	0	0	0	0	0	0	73	0	0	0	0	
1.20747e+06	0	0	0	0	0	0	0	0	0	0	0	51	0	0	0	0	
1.20822e+06	0	0	0	0	0	0	0	0	0	0	0	73	0	0	0	0	
1.20897e+06	0	0	0	0	0	0	0	0	0	0	0	67	0	0	0	0	
1.20972e+06	0	0	0	0	0	0	0	0	0	0	0	61	0	0	0	0	
1.21047e+06	0	0	0	0	0	0	0	0	0	0	0	93	0	0	0	0	
1.21122e+06	0	0	0	0	0	0	0	0	0	0	0	61	0	0	0	0	
1.21197e+06	0	0	0	0	0	0	0	0	0	0	0	69	0	0	0	0	
1.21272e+06	0	0	0	0	0	0	0	0	0	0	0	57	0	0	0	0	
1.21347e+06	0	0	0	0	0	0	0	0	0	0	0	65	0	0	0	0	
1.21422e+06	0	0	0	0	0	0	0	0	0	0	0	61	0	0	0	0	
1.21498e+06	0	0	0	0	0	0	0	0	0	0	0	63	0	0	0	0	
1.21573e+06	0	0	0	0	0	0	0	0	0	0	0	77	0	0	0	0	
1.21648e+06	0	0	0	0	0	0	0	0	0	0	0	73	0	0	0	0	
1.21723e+06	0	0	0	0	0	0	0	0	0	0	0	57	0	0	0	0	
1.21798e+06	0	0	0	0	0	0	0	0	0	0	0	61	0	0	0	0	
1.21873e+06	0	0	0	0	0	0	0	0	0	0	0	67	0	0	0	0	
1.21948e+06	0	0	0	0	0	0	0	0	0	0	0	63	0	0	0	0	
1.22023e+06	0	0	0	0	0	0	0	0	0	0	0	59	0	0	0	0	
1.22098e+06	0	0	0	0	0	0	0	0	0	0	0	57	0	0	0	0	
1.22173e+06	0	0	0	0	0	0	0	0	0	0	0	71	0	0	0	0	
1.22248e+06	0	0	0	0	0	0	0	0	0	0	0	73	0	0	0	0	
1.22323e+06	0	0	0	0	0	0	0	0	0	0	0	73	0	0	0	0	
1.22399e+06	0	0	0	0	0	0	0	0	0	0	0	65	0	0	0	0	
1.22473e+06	0	0	0	0	0	0	0	0	0	0	77	0	0	0	0	0	
1.22548e+06	0	0	0	0	0	0	0	0	0	0	71	0	0	0	0	0	
1.22623e+06	0	0	0	0	0	0	0	0	0	0	83	0	0	0	0	0	
1.22698e+06	0	0	0	0	0	0	0	0	0	0	79	0	0	0	0	0	
1.22773e+06	0	0	0	0	0	0	0	0	0	0	77	0	0	0	0	0	
1.22848e+06	0	0	0	0	0	0	0	0	0	0	79	0	0	0	0	0	
1.22923e+06	0	0	0	0	0	0	0	0	0	0	81	0	0	0	0	0	
1.22998e+06	0	0	0	0	0	0	0	0	0	0	73	0	0	0	0	0	
1.23073e+06	0	0	0	0	0	0	0	0	0	0	79	0	0	0	0	0	
1.23148e+06	0	0	0	0	0	0	0	0	0	0	71	0	0	0	0	0	
1.23223e+06	0	0	0	0	0	0	0	0	0	0	59	14	0	0	0	0	
1.23298e+06	0	0	0	0	0	0	0	0	0	0	73	0	0	0	0	0	
1.23373e+06	0	0	0	0	0	0	0	0	0	0	77	0	0	0	0	0	
1.23448e+06	0	0	0	0	0	0	0	0	0	0	73	0	0	0	0	0	
1.23523e+06	0	0	0	0	0	0	0	0	0	0	73	0	0	0	0	0	
1.23598e+06	0	0	0	0	0	0	0	0	0	0	69	0	0	0	0	0	
1.23673e+06	0	0	0	0	0	0	0	0	0	0	73	0	0	0	0	0	
1.23748e+06	0	0	0	0	0	0	0	0	0	0	71	0	0	0	0	0	
1.23823e+06	0	0	0	0	0	0	0	0	0	0	81	0	0	0	0	0	
1.23898e+06	0	0	0	0	0	0	0	0	0	0	71	0	0	0	0	0	
1.23973e+06	0	0	0	0	0	0	0	0	0	0	63	0	0	0	0	0	
1.24048e+06	0	0	0	0	0	0	0	0	0	0	83	0	0	0	0	0	
1.24123e+06	0	0	0	0	0	0	0	0	0	0	75	0	0	0	0	0	
1.24198e+06	0	0	0	0	0	0	0	0	0	0	55	0	0	0	0	0	
1.24273e+06	0	0	0	0	0	0	0	0	0	0	85	0	0	0	0	0	
1.24348e+06	0	0	0	0	0	0	0	0	0	0	85	0	0	0	0	0	
1.24423e+06	0	0	0	0	0	0	0	0	0	0	71	0	0	0	0	0	
1.24498e+06	0	0	0	0	0	0	0	0	0	0	73	0	0	0	0	0	
1.24573e+06	0	0	0	0	0	0	0	0	0	0	69	0	0	0	0	0	
1.24648e+06	0	0	0	0	0	0	0	0	0	0	69	0	0	0	0	0	
1.24723e+06	0	0	0	0	0	0	0	0	0	0	0	69	0	0	0	0	
1.24798e+06	0	0	0	0	0	0	0	0	0	0	0	61	0	0	0	0	
1.24874e+06	0	0	0	0	0	0	0	0	0	0	0	69	0	0	0	0	
1.24949e+06	0	0	0	0	0	0	0	0	0	0	0	0	61	0	0	0	
1.25024e+06	0	0	0	0	0	0	0	0	0	0	0	0	75	0	0	0	
1.25099e+06	0	0	0	0	0	0	0	0	0	0	0	0	67	0	0	0	
1.25174e+06	0	0	0	0	0	0	0	0	0	0	0	0	73	0	0	0	
1.25249e+06	0	0	0	0	0	0	0	0	0	0	0	0	59	0	0	0	
1.25324e+06	0	0	0	0	0	0	0	0	0	0	0	0	53	0	0	0	
1.25399e+06	0	0	0	0	0	0	0	0	0	0	0	0	65	0	0	0	
1.25473e+06	0	0	0	0	0	0	0	0	0	0	0	0	51	0	0	0	
1.25548e+06	0	0	0	0	0	0	0	0	0	0	0	0	65	0	0	0	
1.25623e+06	0	0	0	0	0	0	0	0	0	0	0	0	53	0	0	0	
1.25698e+06	0	0	0	0	0	0	0	0	0	0	0	0	55	0	0	0	
1.25773e+06	0	0	0	0	0	0	0	0	0	0	0	0	71	0	0	0	
1.25849e+06	0	0	0	0	0	0	0	0	0	0	0	0	59	0	0	0	
1.25924e+06	0	0	0	0	0	0	0	0	0	0	0	0	0	41	0	0	
1.25998e+06	0	0	0	0	0	0	0	0	0	0	0	0	0	59	0	0	
1.26073e+06	0	0	0	0	0	0	0	0	0	0	0	0	0	39	0	0	
1.26149e+06	0	0	0	0	0	0	0	0	0	0	0	0	0	79	0	0	
1.26224e+06	0	0	0	0	0	0	0	0	0	0	0	0	59	0	0	0	
1.26299e+06	0	0	0	0	0	0	0	0	0	0	0	0	67	0	0	0	
1.26374e+06	0	0	0	0	0	0	0	0	0	0	0	0	67	0	0	0	
1.26449e+06	0	0	0	0	0	0	0	0	0	0	0	0	55	0	0	0	
1.26524e+06	0	0	0	0	0	0	0	0	0	0	0	0	69	0	0	0	
1.26598e+06	0	0	0	0	0	0	0	0	0	0	0	0	47	0	0	0	
1.26673e+06	0	0	0	0	0	0	0	0	0	0	0	0	57	0	0	0	
1.26748e+06	0	0	0	0	0	0	0	0	0	0	0	0	77	0	0	0	
1.26823e+06	0	0	0	0	0	0	0	0	0	0	0	0	59	0	0	0	
1.26898e+06	0	0	0	0	0	0	0	0	0	0	0	0	55	0	0	0	
1.26973e+06	0	0	0	0	0	0	0	0	0	0	0	0	61	0	0	0	
1.27048e+06	0	0	0	0	0	0	0	0	0	0	0	63	0	0	0	0	
1.27123e+06	0	0	0	0	0	0	0	0	0	0	0	59	0	0	0	0	
1.27198e+06	0	0	0	0	0	0	0	0	0	0	0	61	0	0	0	0	
1.27273e+06	0	0	0	0	0	0	0	0	0	0	0	79	0	0	0	0	
1.27348e+06	0	0	0	0	0	0	0	0	0	0	0	69	0	0	0	0	
1.27423e+06	0	0	0	0	0	0	0	0	0	0	0	69	0	0	0	0	
1.27498e+06	0	0	0	0	0	0	0	0	0	0	0	65	0	0	0	0	
1.27573e+06	0	0	0	0	0	0	0	0	0	0	0	63	0	0	0	0	
1.27647e+06	0	0	0	0	0	0	0	0	0	0	0	73	0	0	0	0	
1.27723e+06	0	0	0	0	0	0	0	0	0	0	0	51	0	0	0	0	
1.27797e+06	0	0	0	0	0	0	0	0	0	0	83	0	0	0	0	0	
1.27873e+06	0	0	0	0	0	0	0	0	0	0	69	0	0	0	0	0	
1.27948e+06	0	0	0	0	0	0	0	0	0	0	81	0	0	0	0	0	
1.28023e+06	0	0	0	0	0	0	0	0	0	0	73	0	0	0	0	0	
1.28098e+06	0	0	0	0	0	0	0	0	0	0	65	0	0	0	0	0	
1.28173e+06	0	0	0	0	0	0	0	0	0	0	73	0	0	0	0	0	
1.28248e+06	0	0	0	0	0	0	0	0	0	0	81	0	0	0	0	0	
1.28323e+06	0	0	0	0	0	0	0	0	0	0	79	0	0	0	0	0	
1.28398e+06	0	0	0	0	0	0	0	0	0	0	0	0	75	0	0	0	
1.28473e+06	0	0	0	0	0	0	0	0	0	0	0	0	55	0	0	0	
1.28548e+06	0	0	0	0	0	0	0	0	0	0	0	0	59	0	0	0	
1.28622e+06	0	0	0	0	0	0	0	0	0	0	0	0	73	0	0	0	
1.28698e+06	0	0	0	0	0	0	0	0	0	0	0	0	67	0	0	0	
1.28773e+06	0	0	0	0	0	0	0	0	0	0	0	0	55	0	0	0	
1.28848e+06	0	0	0	0	0	0	0	0	0	0	0	63	0	0	0	0	
1.28923e+06	0	0	0	0	0	0	0	0	0	0	0	67	0	0	0	0	
1.28998e+06	0	0	0	0	0	0	0	0	0	0	0	73	0	0	0	0	
1.29073e+06	0	0	0	0	0	0	0	0	0	0	0	63	0	0	0	0	
1.29148e+06	0	0	0	0	0	0	0	0	0	0	0	47	0	0	0	0	
1.29223e+06	0	0	0	0	0	0	0	0	0	0	0	71	0	0	0	0	
1.29298e+06	0	0	0	0	0	0	0	0	0	0	0	69	0	0	0	0	
1.29373e+06	0	0	0	0	0	0	0	0	0	0	0	73	0	0	0	0	
1.29448e+06	0	0	0	0	0	0	0	0	0	0	0	67	0	0	0	0	
1.29523e+06	0	0	0	0	0	0	0	0	0	0	0	63	0	0	0	0	
1.29598e+06	0	0	0	0	0	0	0	0	0	0	0	69	0	0	0	0	
1.29673e+06	0	0	0	0	0	0	0	0	0	0	0	81	0	0	0	0	
1.29748e+06	0	0	0	0	0	0	0	0	0	0	0	73	0	0	0	0	
1.29823e+06	0	0	0	0	0	0	0	0	0	0	0	71	0	0	0	0	
1.29898e+06	0	0	0	0	0	0	0	0	0	0	0	69	0	0	0	0	
1.29973e+06	0	0	0	0	0	0	0	0	0	0	0	69	0	0	0	0	
1.30048e+06	0	0	0	0	0	0	0	0	0	0	0	0	73	0	0	0	
1.30123e+06	0	0	0	0	0	0	0	0	0	0	0	0	77	0	0	0	
1.30198e+06	0	0	0	0	0	0	0	0	0	0	0	0	59	0	0	0	
1.30272e+06	0	0	0	0	0	0	0	0	0	0	0	0	69	0	0	0	
1.30347e+06	0	0	0	0	0	0	0	0	0	0	0	0	77	0	0	0	
1.30422e+06	0	0	0	0	0	0	0	0	0	0	0	0	57	0	0	0	
1.30498e+06	0	0	0	0	0	0	0	0	0	0	0	0	67	0	0	0	
1.30573e+06	0	0	0	0	0	0	0	0	0	0	0	0	41	0	0	0	
1.30648e+06	0	0	0	0	0	0	0	0	0	0	0	0	59	0	0	0	
1.30723e+06	0	0	0	0	0	0	0	0	0	0	0	0	69	0	0	0	
1.30798e+06	0	0	0	0	0	0	0	0	0	0	0	0	59	0	0	0	
1.30873e+06	0	0	0	0	0	0	0	0	0	0	0	0	69	0	0	0	
1.30947e+06	0	0	0	0	0	0	0	0	0	0	0	0	67	0	0	0	
1.31022e+06	0	0	0	0	0	0	0	0	0	0	0	0	0	69	0	0	
1.31098e+06	0	0	0	0	0	0	0	0	0	0	0	0	0	55	0	0	
1.31172e+06	0	0	0	0	0	0	0	0	0	0	0	0	0	0	67	0	
1.31248e+06	0	0	0	0	0	0	0	0	0	0	0	0	0	0	41	0	
1.31323e+06	0	0	0	0	0	0	0	0	0	0	0	0	0	0	51	0	
1.31397e+06	0	0	0	0	0	0	0	0	0	0	0	0	0	69	0	0	
1.31472e+06	0	0	0	0	0	0	0	0	0	0	0	0	0	43	0	0	
1.31548e+06	0	0	0	0	0	0	0	0	0	0	0	0	67	0	0	0	
1.31622e+06	0	0	0	0	0	0	0	0	0	0	0	0	0	61	0	0	
1.31697e+06	0	0	0	0	0	0	0	0	0	0	0	0	0	55	0	0	
1.31773e+06	0	0	0	0	0	0	0	0	0	0	0	0	0	63	0	0	
1.31848e+06	0	0	0	0	0	0	0	0	0	0	0	0	0	57	0	0	
1.31923e+06	0	0	0	0	0	0	0	0	0	0	0	0	0	53	0	0	
1.31998e+06	0	0	0	0	0	0	0	0	0	0	0	0	0	53	0	0	
1.32073e+06	0	0	0	0	0	0	0	0	0	0	0	0	0	53	0	0	
1.32148e+06	0	0	0	0	0	0	0	0	0	0	0	0	55	0	0	0	
1.32222e+06	0	0	0	0	0	0	0	0	0	0	0	0	53	0	0	0	
1.32297e+06	0	0	0	0	0	0	0	0	0	0	0	0	53	0	0	0	
1.32372e+06	0	0	0	0	0	0	0	0	0	0	0	0	57	0	0	0	
1.32447e+06	0	0	0	0	0	0	0	0	0	0	0	0	57	0	0	0	
1.32522e+06	0	0	0	0	0	0	0	0	0	0	0	0	0	55	0	0	
1.32597e+06	0	0	0	0	0	0	0	0	0	0	0	0	0	59	0	0	
1.32672e+06	0	0	0	0	0	0	0	0	0	0	0	0	0	63	0	0	
1.32746e+06	0	0	0	0	0	0	0	0	0	0	0	0	0	53	0	0	
1.32821e+06	0	0	0	0	0	0	0	0	0	0	0	0	0	53	0	0	
1.32897e+06	0	0	0	0	0	0	0	0	0	0	0	0	0	57	0	0	
1.32972e+06	0	0	0	0	0	0	0	0	0	0	0	0	18	33	0	0	
1.33046e+06	0	0	0	0	0	0	0	0	0	0	0	0	61	0	0	0	
1.33121e+06	0	0	0	0	0	0	0	0	0	0	0	0	47	0	0	0	
1.33196e+06	0	0	0	0	0	0	0	0	0	0	0	0	55	0	0	0	
1.33271e+06	0	0	0	0	0	0	0	0	0	0	0	0	57	0	0	0	
1.33346e+06	0	0	0	0	0	0	0	0	0	0	0	0	67	0	0	0	
1.33421e+06	0	0	0	0	0	0	0	0	0	0	0	0	67	0	0	0	
1.33496e+06	0	0	0	0	0	0	0	0	0	0	0	0	51	0	0	0	
1.33571e+06	0	0	0	0	0	0	0	0	0	0	0	0	59	0	0	0	
1.33646e+06	0	0	0	0	0	0	0	0	0	0	0	0	75	0	0	0	
1.33721e+06	0	0	0	0	0	0	0	0	0	0	0	0	65	0	0	0	
1.33796e+06	0	0	0	0	0	0	0	0	0	0	0	0	55	0	0	0	
1.33871e+06	0	0	0	0	0	0	0	0	0	0	0	0	69	0	0	0	
1.33946e+06	0	0	0	0	0	0	0	0	0	0	0	0	75	0	0	0	
1.34021e+06	0	0	0	0	0	0	0	0	0	0	0	0	61	0	0	0	
1.34096e+06	0	0	0	0	0	0	0	0	0	0	0	0	63	0	0	0	
1.34171e+06	0	0	0	0	0	0	0	0	0	0	0	0	73	0	0	0	
1.34246e+06	0	0	0	0	0	0	0	0	0	0	0	0	61	0	0	0	
1.34321e+06	0	0	0	0	0	0	0	0	0	0	0	0	61	0	0	0	
1.34396e+06	0	0	0	0	0	0	0	0	0	0	0	9	48	0	0	0	
1.34471e+06	0	0	0	0	0	0	0	0	0	0	0	0	65	0	0	0	
1.34546e+06	0	0	0	0	0	0	0	0	0	0	0	0	67	0	0	0	
1.34621e+06	0	0	0	0	0	0	0	0	0	0	0	0	45	0	0	0	
1.34696e+06	0	0	0	0	0	0	0	0	0	0	0	0	55	0	0	0	
1.34771e+06	0	0	0	0	0	0	0	0	0	0	0	0	57	0	0	0	
1.34845e+06	0	0	0	0	0	0	0	0	0	0	0	0	61	0	0	0	
1.34921e+06	0	0	0	0	0	0	0	0	0	0	0	0	63	0	0	0	
1.34996e+06	0	0	0	0	0	0	0	0	0	0	0	0	59	0	0	0	
1.35071e+06	0	0	0	0	0	0	0	0	0	0	0	0	75	0	0	0	
1.35146e+06	0	0	0	0	0	0	0	0	0	0	0	0	67	0	0	0	
1.35221e+06	0	0	0	0	0	0	0	0	0	0	0	0	61	0	0	0	
1.35296e+06	0	0	0	0	0	0	0	0	0	0	0	0	61	0	0	0	
1.35371e+06	0	0	0	0	0	0	0	0	0	0	0	0	65	0	0	0	
1.35447e+06	0	0	0	0	0	0	0	0	0	0	0	0	49	0	0	0	
1.35522e+06	0	0	0	0	0	0	0	0	0	0	0	0	61	0	0	0	
1.35596e+06	0	0	0	0	0	0	0	0	0	0	0	75	0	0	0	0	
1.35672e+06	0	0	0	0	0	0	0	0	0	0	0	55	0	0	0	0	
1.35746e+06	0	0	0	0	0	0	0	0	0	0	0	61	0	0	0	0	
1.35821e+06	0	0	0	0	0	0	0	0	0	0	0	73	0	0	0	0	
1.35896e+06	0	0	0	0	0	0	0	0	0	0	0	67	0	0	0	0	
1.3597e+06	0	0	0	0	0	0	0	0	0	0	0	75	0	0	0	0	
1.36045e+06	0	0	0	0	0	0	0	0	0	0	0	79	0	0	0	0	
1.3612e+06	0	0	0	0	0	0	0	0	0	0	0	73	0	0	0	0	
1.36195e+06	0	0	0	0	0	0	0	0	0	0	0	61	0	0	0	0	
1.3627e+06	0	0	0	0	0	0	0	0	0	0	0	67	0	0	0	0	
1.36345e+06	0	0	0	0	0	0	0	0	0	0	0	79	0	0	0	0	
1.3642e+06	0	0	0	0	0	0	0	0	0	0	0	77	0	0	0	0	
1.36494e+06	0	0	0	0	0	0	0	0	0	0	0	65	0	0	0	0	
1.3657e+06	0	0	0	0	0	0	0	0	0	0	0	71	0	0	0	0	
1.36645e+06	0	0	0	0	0	0	0	0	0	0	0	75	0	0	0	0	
1.3672e+06	0	0	0	0	0	0	0	0	0	0	0	69	0	0	0	0	
1.36795e+06	0	0	0	0	0	0	0	0	0	0	0	65	0	0	0	0	
1.3687e+06	0	0	0	0	0	0	0	0	0	0	0	67	0	0	0	0	
1.36945e+06	0	0	0	0	0	0	0	0	0	0	0	69	0	0	0	0	
1.3702e+06	0	0	0	0	0	0	0	0	0	0	0	61	0	0	0	0	
1.37095e+06	0	0	0	0	0	0	0	0	0	0	0	77	0	0	0	0	
1.37169e+06	0	0	0	0	0	0	0	0	0	0	0	55	0	0	0	0	
1.37244e+06	0	0	0	0	0	0	0	0	0	0	0	70	9	0	0	0	
1.37319e+06	0	0	0	0	0	0	0	0	0	0	0	87	0	0	0	0	
1.37394e+06	0	0	0	0	0	0	0	0	0	0	0	91	0	0	0	0	
1.37469e+06	0	0	0	0	0	0	0	0	0	0	0	71	0	0	0	0	
1.37544e+06	0	0	0	0	0	0	0	0	0	0	0	71	0	0	0	0	
1.37619e+06	0	0	0	0	0	0	0	0	0	0	0	63	0	0	0	0	
1.37694e+06	0	0	0	0	0	0	0	0	0	0	0	59	0	0	0	0	
1.3777e+06	0	0	0	0	0	0	0	0	0	0	0	69	0	0	0	0	
1.37844e+06	0	0	0	0	0	0	0	0	0	0	0	77	0	0	0	0	
1.37919e+06	0	0	0	0	0	0	0	0	0	0	0	67	0	0	0	0	
1.37994e+06	0	0	0	0	0	0	0	0	0	0	0	73	0	0	0	0	
1.38069e+06	0	0	0	0	0	0	0	0	0	0	55	0	0	0	0	0	
1.38144e+06	0	0	0	0	0	0	0	0	0	0	77	0	0	0	0	0	
1.38219e+06	0	0	0	0	0	0	0	0	0	0	77	0	0	0	0	0	
1.38294e+06	0	0	0	0	0	0	0	0	0	0	73	0	0	0	0	0	
1.38369e+06	0	0	0	0	0	0	0	0	0	0	87	0	0	0	0	0	
1.38443e+06	0	0	0	0	0	0	0	0	0	0	73	0	0	0	0	0	
1.38518e+06	0	0	0	0	0	0	0	0	0	0	81	0	0	0	0	0	
1.38594e+06	0	0	0	0	0	0	0	0	0	83	0	0	0	0	0	0	
1.38669e+06	0	0	0	0	0	0	0	0	0	71	0	0	0	0	0	0	
1.38744e+06	0	0	0	0	0	0	0	0	0	73	0	0	0	0	0	0	
1.38819e+06	0	0	0	0	0	0	0	0	0	67	0	0	0	0	0	0	
1.38894e+06	0	0	0	0	0	0	0	0	0	75	0	0	0	0	0	0	
1.38969e+06	0	0	0	0	0	0	0	0	0	91	0	0	0	0	0	0	
1.39044e+06	0	0	0	0	0	0	0	0	0	73	0	0	0	0	0	0	
1.39119e+06	0	0	0	0	0	0	0	0	0	67	0	0	0	0	0	0	
1.39194e+06	0	0	0	0	0	0	0	0	0	79	0	0	0	0	0	0	
1.39269e+06	0	0	0	0	0	0	0	0	0	91	0	0	0	0	0	0	
1.39344e+06	0	0	0	0	0	0	0	0	0	87	0	0	0	0	0	0	
1.39419e+06	0	0	0	0	0	0	0	0	0	95	0	0	0	0	0	0	
1.39494e+06	0	0	0	0	0	0	0	0	0	75	0	0	0	0	0	0	
1.39569e+06	0	0	0	0	0	0	0	0	0	83	0	0	0	0	0	0	
1.39644e+06	0	0	0	0	0	0	0	0	0	97	0	0	0	0	0	0	
1.39719e+06	0	0	0	0	0	0	0	0	0	85	0	0	0	0	0	0	
1.39794e+06	0	0	0	0	0	0	0	0	0	65	0	0	0	0	0	0	
1.39869e+06	0	0	0	0	0	0	0	0	79	0	0	0	0	0	0	0	
1.39944e+06	0	0	0	0	0	0	0	0	85	0	0	0	0	0	0	0	
1.40019e+06	0	0	0	0	0	0	0	0	95	0	0	0	0	0	0	0	
1.40094e+06	0	0	0	0	0	0	0	0	85	0	0	0	0	0	0	0	
1.40169e+06	0	0	0	0	0	0	0	0	79	0	0	0	0	0	0	0	
1.40244e+06	0	0	0	0	0	0	0	87	0	0	0	0	0	0	0	0	
1.40319e+06	0	0	0	0	0	0	103	14	0	0	0	0	0	0	0	0	
1.40394e+06	0	0	0	0	0	0	115	0	0	0	0	0	0	0	0	0	
1.40469e+06	0	0	0	0	0	0	103	0	0	0	0	0	0	0	0	0	
1.40544e+06	0	0	0	0	0	0	103	0	0	0	0	0	0	0	0	0	
1.40619e+06	0	0	0	0	0	0	119	0	0	0	0	0	0	0	0	0	
1.40694e+06	0	0	0	0	0	0	127	0	0	0	0	0	0	0	0	0	
1.40769e+06	0	0	0	0	0	0	131	0	0	0	0	0	0	0	0	0	
1.40844e+06	0	0	0	0	0	0	129	0	0	0	0	0	0	0	0	0	
1.4092e+06	0	0	0	0	0	0	111	0	0	0	0	0	0	0	0	0	
1.40995e+06	0	0	0	0	0	0	119	0	0	0	0	0	0	0	0	0	
1.4107e+06	0	0	0	0	0	0	109	0	0	0	0	0	0	0	0	0	
1.41145e+06	0	0	0	0	0	0	131	0	0	0	0	0	0	0	0	0	
1.4122e+06	0	0	0	0	0	0	115	0	0	0	0	0	0	0	0	0	
1.41295e+06	0	0	0	0	0	0	113	0	0	0	0	0	0	0	0	0	
1.4137e+06	0	0	0	0	0	0	111	0	0	0	0	0	0	0	0	0	
1.41445e+06	0	0	0	0	0	0	97	0	0	0	0	0	0	0	0	0	
1.4152e+06	0	0	0	0	0	0	97	0	0	0	0	0	0	0	0	0	
1.41595e+06	0	0	0	0	0	0	111	0	0	0	0	0	0	0	0	0	
1.4167e+06	0	0	0	0	0	0	129	0	0	0	0	0	0	0	0	0	
1.41745e+06	0	0	0	0	0	0	105	0	0	0	0	0	0	0	0	0	
1.4182e+06	0	0	0	0	0	0	111	0	0	0	0	0	0	0	0	0	
1.41895e+06	0	0	0	0	0	0	103	0	0	0	0	0	0	0	0	0	
1.4197e+06	0	0	0	0	0	0	135	0	0	0	0	0	0	0	0	0	
1.42045e+06	0	0	0	0	0	0	111	0	0	0	0	0	0	0	0	0	
1.4212e+06	0	0	0	0	0	0	115	0	0	0	0	0	0	0	0	0	
1.42195e+06	0	0	0	0	0	0	129	0	0	0	0	0	0	0	0	0	
1.4227e+06	0	0	0	0	0	0	131	0	0	0	0	0	0	0	0	0	
1.42345e+06	0	0	0	0	0	0	125	0	0	0	0	0	0	0	0	0	
1.4242e+06	0	0	0	0	0	133	0	0	0	0	0	0	0	0	0	0	
1.42495e+06	0	0	0	0	0	121	0	0	0	0	0	0	0	0	0	0	
1.42571e+06	0	0	0	0	0	145	0	0	0	0	0	0	0	0	0	0	
1.42646e+06	0	0	0	0	0	137	0	0	0	0	0	0	0	0	0	0	
1.42721e+06	0	0	0	0	0	131	0	0	0	0	0	0	0	0	0	0	
1.42796e+06	0	0	0	0	0	169	0	0	0	0	0	0	0	0	0	0	
1.42871e+06	0	0	0	0	0	137	0	0	0	0	0	0	0	0	0	0	
1.42946e+06	0	0	0	0	0	133	0	0	0	0	0	0	0	0	0	0	
1.4302e+06	0	0	0	0	0	0	129	0	0	0	0	0	0	0	0	0	
1.43096e+06	0	0	0	0	0	117	0	0	0	0	0	0	0	0	0	0	
1.43171e+06	0	0	0	0	0	123	0	0	0	0	0	0	0	0	0	0	
1.43246e+06	0	0	0	0	0	123	0	0	0	0	0	0	0	0	0	0	
1.43321e+06	0	0	0	0	0	123	0	0	0	0	0	0	0	0	0	0	
1.43396e+06	0	0	0	0	0	131	0	0	0	0	0	0	0	0	0	0	
1.43471e+06	0	0	0	0	0	133	0	0	0	0	0	0	0	0	0	0	
1.43546e+06	0	0	0	0	0	133	0	0	0	0	0	0	0	0	0	0	
1.43621e+06	0	0	0	0	0	103	0	0	0	0	0	0	0	0	0	0	
1.43696e+06	0	0	0	0	0	127	0	0	0	0	0	0	0	0	0	0	
1.43771e+06	0	0	0	0	0	119	0	0	0	0	0	0	0	0	0	0	
1.43847e+06	0	0	0	0	0	127	0	0	0	0	0	0	0	0	0	0	
1.43922e+06	0	0	0	0	0	129	0	0	0	0	0	0	0	0	0	0	
1.43997e+06	0	0	0	0	0	129	0	0	0	0	0	0	0	0	0	0	
1.44072e+06	0	0	0	0	0	129	0	0	0	0	0	0	0	0	0	0	
1.44147e+06	0	0	0	0	0	139	0	0	0	0	0	0	0	0	0	0	
1.44222e+06	0	0	0	0	0	105	0	0	0	0	0	0	0	0	0	0	
1.44298e+06	0	0	0	0	0	163	0	0	0	0	0	0	0	0	0	0	
1.44373e+06	0	0	0	0	0	149	0	0	0	0	0	0	0	0	0	0	
1.44448e+06	0	0	0	0	0	127	0	0	0	0	0	0	0	0	0	0	
1.44523e+06	0	0	0	0	0	105	0	0	0	0	0	0	0	0	0	0	
1.44598e+06	0	0	0	0	0	159	0	0	0	0	0	0	0	0	0	0	
1.44673e+06	0	0	0	0	0	139	0	0	0	0	0	0	0	0	0	0	
1.44748e+06	0	0	0	0	0	131	0	0	0	0	0	0	0	0	0	0	
1.44823e+06	0	0	0	0	0	121	0	0	0	0	0	0	0	0	0	0	
1.44898e+06	0	0	0	0	0	157	0	0	0	0	0	0	0	0	0	0	
1.44973e+06	0	0	0	0	0	123	0	0	0	0	0	0	0	0	0	0	
1.45048e+06	0	0	0	0	0	125	0	0	0	0	0	0	0	0	0	0	
1.45123e+06	0	0	0	0	0	167	0	0	0	0	0	0	0	0	0	0	
1.45198e+06	0	0	0	0	0	147	0	0	0	0	0	0	0	0	0	0	
1.45273e+06	0	0	0	0	0	135	0	0	0	0	0	0	0	0	0	0	
1.45348e+06	0	0	0	0	0	115	0	0	0	0	0	0	0	0	0	0	
1.45423e+06	0	0	0	0	0	125	0	0	0	0	0	0	0	0	0	0	
1.45499e+06	0	0	0	0	0	147	0	0	0	0	0	0	0	0	0	0	
1.45574e+06	0	0	0	0	0	137	0	0	0	0	0	0	0	0	0	0	
1.45649e+06	0	0	0	0	0	143	0	0	0	0	0	0	0	0	0	0	
1.45724e+06	0	0	0	0	0	129	0	0	0	0	0	0	0	0	0	0	
1.45799e+06	0	0	0	0	0	143	0	0	0	0	0	0	0	0	0	0	
1.45874e+06	0	0	0	0	0	131	0	0	0	0	0	0	0	0	0	0	
1.45948e+06	0	0	0	0	0	143	0	0	0	0	0	0	0	0	0	0	
1.46023e+06	0	0	0	0	0	151	0	0	0	0	0	0	0	0	0	0	
1.46098e+06	0	0	0	0	0	143	0	0	0	0	0	0	0	0	0	0	
1.46173e+06	0	0	0	0	0	133	0	0	0	0	0	0	0	0	0	0	
1.46248e+06	0	0	0	0	0	109	0	0	0	0	0	0	0	0	0	0	
1.46323e+06	0	0	0	0	0	153	0	0	0	0	0	0	0	0	0	0	
1.46398e+06	0	0	0	0	0	145	0	0	0	0	0	0	0	0	0	0	
1.46472e+06	0	0	0	0	0	131	0	0	0	0	0	0	0	0	0	0	
1.46548e+06	0	0	0	0	0	125	0	0	0	0	0	0	0	0	0	0	
1.46623e+06	0	0	0	0	0	145	0	0	0	0	0	0	0	0	0	0	
1.46698e+06	0	0	0	0	0	93	32	0	0	0	0	0	0	0	0	0	
1.46773e+06	0	0	0	0	0	0	133	0	0	0	0	0	0	0	0	0	
1.46848e+06	0	0	0	0	0	0	109	0	0	0	0	0	0	0	0	0	
1.46923e+06	0	0	0	0	0	0	99	0	0	0	0	0	0	0	0	0	
1.46998e+06	0	0	0	0	0	0	76	35	0	0	0	0	0	0	0	0	
1.47072e+06	0	0	0	0	0	0	117	0	0	0	0	0	0	0	0	0	
1.47148e+06	0	0	0	0	0	0	137	0	0	0	0	0	0	0	0	0	
1.47222e+06	0	0	0	0	0	141	0	0	0	0	0	0	0	0	0	0	
1.47297e+06	0	0	0	0	0	133	0	0	0	0	0	0	0	0	0	0	
1.47372e+06	0	0	0	0	0	143	0	0	0	0	0	0	0	0	0	0	
1.47447e+06	0	0	0	0	0	129	0	0	0	0	0	0	0	0	0	0	
1.47523e+06	0	0	0	0	0	129	0	0	0	0	0	0	0	0	0	0	
1.47598e+06	0	0	0	0	0	135	0	0	0	0	0	0	0	0	0	0	
1.47673e+06	0	0	0	0	0	137	0	0	0	0	0	0	0	0	0	0	
1.47748e+06	0	0	0	0	0	133	0	0	0	0	0	0	0	0	0	0	
1.47823e+06	0	0	0	0	0	151	0	0	0	0	0	0	0	0	0	0	
1.47898e+06	0	0	0	0	0	135	0	0	0	0	0	0	0	0	0	0	
1.47973e+06	0	0	0	0	0	119	0	0	0	0	0	0	0	0	0	0	
1.48048e+06	0	0	0	0	0	133	0	0	0	0	0	0	0	0	0	0	
1.48123e+06	0	0	0	0	0	119	0	0	0	0	0	0	0	0	0	0	
1.48198e+06	0	0	0	0	0	147	0	0	0	0	0	0	0	0	0	0	
1.48273e+06	0	0	0	0	0	127	0	0	0	0	0	0	0	0	0	0	
1.48348e+06	0	0	0	0	0	125	0	0	0	0	0	0	0	0	0	0	
1.48423e+06	0	0	0	0	0	117	0	0	0	0	0	0	0	0	0	0	
1.48498e+06	0	0	0	0	0	137	0	0	0	0	0	0	0	0	0	0	
1.48573e+06	0	0	0	0	0	145	0	0	0	0	0	0	0	0	0	0	
1.48648e+06	0	0	0	0	0	157	0	0	0	0	0	0	0	0	0	0	
1.48723e+06	0	0	0	0	0	123	0	0	0	0	0	0	0	0	0	0	
1.48798e+06	0	0	0	0	0	131	0	0	0	0	0	0	0	0	0	0	
1.48873e+06	0	0	0	0	0	135	0	0	0	0	0	0	0	0	0	0	
1.48948e+06	0	0	0	0	0	131	0	0	0	0	0	0	0	0	0	0	
1.49023e+06	0	0	0	0	0	131	0	0	0	0	0	0	0	0	0	0	
1.49099e+06	0	0	0	0	0	113	0	0	0	0	0	0	0	0	0	0	
1.49174e+06	0	0	0	0	0	117	0	0	0	0	0	0	0	0	0	0	
1.49249e+06	0	0	0	0	0	125	0	0	0	0	0	0	0	0	0	0	
1.49324e+06	0	0	0	0	0	135	0	0	0	0	0	0	0	0	0	0	
1.49399e+06	0	0	0	0	0	133	0	0	0	0	0	0	0	0	0	0	
1.49474e+06	0	0	0	0	0	139	0	0	0	0	0	0	0	0	0	0	
1.49549e+06	0	0	0	0	0	131	0	0	0	0	0	0	0	0	0	0	
1.49624e+06	0	0	0	0	0	119	0	0	0	0	0	0	0	0	0	0	
1.49699e+06	0	0	0	0	0	137	0	0	0	0	0	0	0	0	0	0	
1.49774e+06	0	0	0	0	0	117	0	0	0	0	0	0	0	0	0	0	
1.49849e+06	0	0	0	0	0	141	0	0	0	0	0	0	0	0	0	0	
1.49923e+06	0	0	0	0	0	117	0	0	0	0	0	0	0	0	0	0	
1.49998e+06	0	0	0	0	0	121	0	0	0	0	0	0	0	0	0	0	
1.49998e+06	0	0	0	0	0	121	0	0	0	0	0	0	0	0	0	0	
