Time	s0	s1	s2	s3	s4	s5	s6	s7	s8	s9	s10	s11	s12	s13	s14	s15	
0	0	0	0	0	0	0	0	0	0	0	0	0	0	0	0	200	
0.00144033	0	0	0	0	0	0	0	0	0	0	0	0	0	0	0	201	
747.765	0	0	0	0	0	0	0	0	0	0	0	0	0	0	0	47	
1499.25	0	0	0	0	0	0	0	0	0	0	0	0	0	0	0	47	
2250.45	0	0	0	0	0	0	0	0	0	0	0	0	0	0	0	59	
3000.45	0	0	0	0	0	0	0	0	0	0	0	0	0	0	0	47	
3749.29	0	0	0	0	0	0	0	0	0	0	0	0	0	0	0	51	
4498.27	0	0	0	0	0	0	0	0	0	0	0	0	0	0	0	55	
5247.76	0	0	0	0	0	0	0	0	0	0	0	0	0	0	0	51	
5997.42	0	0	0	0	0	0	0	0	0	0	0	0	0	0	0	61	
6751.01	0	0	0	0	0	0	0	0	0	0	0	0	0	0	0	43	
7499.62	0	0	0	0	0	0	0	0	0	0	0	0	0	0	0	59	
8251.61	0	0	0	0	0	0	0	0	0	0	0	0	0	0	49	0	
9000.17	0	0	0	0	0	0	0	0	0	0	0	0	0	0	0	45	
9754.26	0	0	0	0	0	0	0	0	0	0	0	0	0	0	0	39	
10506.2	0	0	0	0	0	0	0	0	0	0	0	0	0	0	40	13	
11253.8	0	0	0	0	0	0	0	0	0	0	0	0	0	0	53	0	
12002.6	0	0	0	0	0	0	0	0	0	0	0	0	0	0	21	32	
12750.8	0	0	0	0	0	0	0	0	0	0	0	0	0	0	0	39	
13494.9	0	0	0	0	0	0	0	0	0	0	0	0	0	0	0	67	
14243.3	0	0	0	0	0	0	0	0	0	0	0	0	0	0	0	43	
14992.5	0	0	0	0	0	0	0	0	0	0	0	0	0	0	0	55	
15740.6	0	0	0	0	0	0	0	0	0	0	0	0	0	0	0	53	
16491.4	0	0	0	0	0	0	0	0	0	0	0	0	0	0	0	57	
17239.4	0	0	0	0	0	0	0	0	0	0	0	0	0	0	0	53	
17990.7	0	0	0	0	0	0	0	0	0	0	0	0	0	0	0	41	
18742.5	0	0	0	0	0	0	0	0	0	0	0	0	0	0	0	47	
19492.5	0	0	0	0	0	0	0	0	0	0	0	0	0	0	0	55	
20242.5	0	0	0	0	0	0	0	0	0	0	0	0	0	0	0	43	
20994.2	0	0	0	0	0	0	0	0	0	0	0	0	0	0	0	45	
21743.4	0	0	0	0	0	0	0	0	0	0	0	0	0	0	0	55	
22493	0	0	0	0	0	0	0	0	0	0	0	0	0	0	0	57	
23244.2	0	0	0	0	0	0	0	0	0	0	0	0	0	0	0	61	
23995.1	0	0	0	0	0	0	0	0	0	0	0	0	0	0	0	41	
24742.5	0	0	0	0	0	0	0	0	0	0	0	0	0	0	0	51	
25496	0	0	0	0	0	0	0	0	0	0	0	0	0	0	0	53	
26246.2	0	0	0	0	0	0	0	0	0	0	0	0	0	0	0	45	
26999.8	0	0	0	0	0	0	0	0	0	0	0	0	0	0	0	55	
27751.4	0	0	0	0	0	0	0	0	0	0	0	0	0	0	0	47	
28500.9	0	0	0	0	0	0	0	0	0	0	0	0	0	0	0	59	
29254.4	0	0	0	0	0	0	0	0	0	0	0	0	0	0	0	37	
30005.4	0	0	0	0	0	0	0	0	0	0	0	0	0	0	0	43	
30755.3	0	0	0	0	0	0	0	0	0	0	0	0	0	0	0	45	
31506.5	0	0	0	0	0	0	0	0	0	0	0	0	0	0	0	47	
32257.7	0	0	0	0	0	0	0	0	0	0	0	0	0	0	0	51	
33007.5	0	0	0	0	0	0	0	0	0	0	0	0	0	0	0	53	
33756.9	0	0	0	0	0	0	0	0	0	0	0	0	0	0	0	55	
34506.5	0	0	0	0	0	0	0	0	0	0	0	0	0	0	0	59	
35257.9	0	0	0	0	0	0	0	0	0	0	0	0	0	0	0	59	
36007.8	0	0	0	0	0	0	0	0	0	0	0	0	0	0	0	49	
36760.9	0	0	0	0	0	0	0	0	0	0	0	0	0	0	0	51	
37511.5	0	0	0	0	0	0	0	0	0	0	0	0	0	0	0	59	
38260.4	0	0	0	0	0	0	0	0	0	0	0	0	0	0	0	53	
39008.7	0	0	0	0	0	0	0	0	0	0	0	0	0	0	0	39	
39755.9	0	0	0	0	0	0	0	0	0	0	0	0	0	0	0	45	
40505.7	0	0	0	0	0	0	0	0	0	0	0	0	0	0	0	57	
41257.2	0	0	0	0	0	0	0	0	0	0	0	0	0	0	0	39	
42009.3	0	0	0	0	0	0	0	0	0	0	0	0	0	0	0	51	
42760.7	0	0	0	0	0	0	0	0	0	0	0	0	0	0	0	59	
43506.9	0	0	0	0	0	0	0	0	0	0	0	0	0	0	0	57	
44257.4	0	0	0	0	0	0	0	0	0	0	0	0	0	0	0	49	
45008.1	0	0	0	0	0	0	0	0	0	0	0	0	0	0	0	35	
45763.6	0	0	0	0	0	0	0	0	0	0	0	0	0	0	0	49	
46514.3	0	0	0	0	0	0	0	0	0	0	0	0	0	0	0	47	
47261.4	0	0	0	0	0	0	0	0	0	0	0	0	0	0	0	41	
48010.2	0	0	0	0	0	0	0	0	0	0	0	0	0	0	0	67	
48764.1	0	0	0	0	0	0	0	0	0	0	0	0	0	0	0	43	
49513	0	0	0	0	0	0	0	0	0	0	0	0	0	0	0	39	
50261.5	0	0	0	0	0	0	0	0	0	0	0	0	0	0	0	53	
51011.3	0	0	0	0	0	0	0	0	0	0	0	0	0	0	61	0	
51761.5	0	0	0	0	0	0	0	0	0	0	0	0	0	0	51	0	
52512.8	0	0	0	0	0	0	0	0	0	0	0	0	0	0	55	0	
53265.1	0	0	0	0	0	0	0	0	0	0	0	0	0	0	47	0	
54016.3	0	0	0	0	0	0	0	0	0	0	0	0	0	0	53	0	
54765	0	0	0	0	0	0	0	0	0	0	0	0	0	0	43	0	
55515.9	0	0	0	0	0	0	0	0	0	0	0	0	0	0	61	0	
56269.1	0	0	0	0	0	0	0	0	0	0	0	0	0	0	39	0	
57021.5	0	0	0	0	0	0	0	0	0	0	0	0	0	0	49	0	
57770.5	0	0	0	0	0	0	0	0	0	0	0	0	0	0	57	0	
58517.4	0	0	0	0	0	0	0	0	0	0	0	0	0	0	51	0	
59267.2	0	0	0	0	0	0	0	0	0	0	0	0	0	0	0	47	
60016.3	0	0	0	0	0	0	0	0	0	0	0	0	0	0	0	51	
60764.2	0	0	0	0	0	0	0	0	0	0	0	0	0	0	0	55	
61517.3	0	0	0	0	0	0	0	0	0	0	0	0	0	0	0	47	
62265.8	0	0	0	0	0	0	0	0	0	0	0	0	0	0	47	0	
63015.9	0	0	0	0	0	0	0	0	0	0	0	0	0	0	61	0	
63767.4	0	0	0	0	0	0	0	0	0	0	0	0	0	0	59	0	
64516.5	0	0	0	0	0	0	0	0	0	0	0	0	0	0	49	0	
65265.8	0	0	0	0	0	0	0	0	0	0	0	0	0	0	63	0	
66016.2	0	0	0	0	0	0	0	0	0	0	0	0	0	0	61	0	
66767.4	0	0	0	0	0	0	0	0	0	0	0	0	0	0	57	0	
67516.7	0	0	0	0	0	0	0	0	0	0	0	0	0	0	45	0	
68265.6	0	0	0	0	0	0	0	0	0	0	0	0	0	0	45	0	
69017.6	0	0	0	0	0	0	0	0	0	0	0	0	0	0	41	0	
69768.1	0	0	0	0	0	0	0	0	0	0	0	0	0	0	61	0	
70521.8	0	0	0	0	0	0	0	0	0	0	0	0	0	0	59	0	
71273.2	0	0	0	0	0	0	0	0	0	0	0	0	0	55	0	0	
72025.2	0	0	0	0	0	0	0	0	0	0	0	0	0	37	0	0	
72776.2	0	0	0	0	0	0	0	0	0	0	0	0	0	53	0	0	
73526.3	0	0	0	0	0	0	0	0	0	0	0	0	0	59	0	0	
74277.3	0	0	0	0	0	0	0	0	0	0	0	0	0	59	0	0	
75028.1	0	0	0	0	0	0	0	0	0	0	0	0	0	59	0	0	
75778.2	0	0	0	0	0	0	0	0	0	0	0	0	0	59	0	0	
76526.1	0	0	0	0	0	0	0	0	0	0	0	0	0	49	0	0	
77275.9	0	0	0	0	0	0	0	0	0	0	0	0	0	53	0	0	
78027.7	0	0	0	0	0	0	0	0	0	0	0	0	0	65	0	0	
78778.3	0	0	0	0	0	0	0	0	0	0	0	0	0	0	49	0	
79527.6	0	0	0	0	0	0	0	0	0	0	0	0	0	0	55	0	
80280.6	0	0	0	0	0	0	0	0	0	0	0	0	0	0	45	0	
81029.1	0	0	0	0	0	0	0	0	0	0	0	0	0	0	51	0	
81777.4	0	0	0	0	0	0	0	0	0	0	0	0	0	0	51	0	
82526.2	0	0	0	0	0	0	0	0	0	0	0	0	0	0	57	0	
83276.1	0	0	0	0	0	0	0	0	0	0	0	0	0	53	0	0	
84030	0	0	0	0	0	0	0	0	0	0	0	0	0	59	0	0	
84782.2	0	0	0	0	0	0	0	0	0	0	0	0	0	57	0	0	
85532.7	0	0	0	0	0	0	0	0	0	0	0	0	0	43	0	0	
86283.3	0	0	0	0	0	0	0	0	0	0	0	0	0	63	0	0	
87033.9	0	0	0	0	0	0	0	0	0	0	0	0	0	59	0	0	
87783	0	0	0	0	0	0	0	0	0	0	0	0	3	60	0	0	
88529.3	0	0	0	0	0	0	0	0	0	0	0	0	0	71	0	0	
89277.5	0	0	0	0	0	0	0	0	0	0	0	0	0	49	0	0	
90030.9	0	0	0	0	0	0	0	0	0	0	0	0	0	43	0	0	
90780.4	0	0	0	0	0	0	0	0	0	0	0	0	0	61	0	0	
91529.9	0	0	0	0	0	0	0	0	0	0	0	0	0	51	0	0	
92277.9	0	0	0	0	0	0	0	0	0	0	0	0	0	61	0	0	
93023.8	0	0	0	0	0	0	0	0	0	0	0	0	0	61	0	0	
93776.4	0	0	0	0	0	0	0	0	0	0	0	0	0	61	0	0	
94524.9	0	0	0	0	0	0	0	0	0	0	0	0	0	63	0	0	
95278.7	0	0	0	0	0	0	0	0	0	0	0	0	0	53	0	0	
96029.4	0	0	0	0	0	0	0	0	0	0	0	0	0	73	0	0	
96781.2	0	0	0	0	0	0	0	0	0	0	0	0	0	53	0	0	
97534.2	0	0	0	0	0	0	0	0	0	0	0	0	0	55	0	0	
98280.6	0	0	0	0	0	0	0	0	0	0	0	0	0	49	0	0	
99031.3	0	0	0	0	0	0	0	0	0	0	0	0	69	0	0	0	
99782.5	0	0	0	0	0	0	0	0	0	0	0	0	67	0	0	0	
100535	0	0	0	0	0	0	0	0	0	0	0	0	67	0	0	0	
101283	0	0	0	0	0	0	0	0	0	0	0	0	59	0	0	0	
102034	0	0	0	0	0	0	0	0	0	0	0	0	67	0	0	0	
102782	0	0	0	0	0	0	0	0	0	0	0	0	61	0	0	0	
103529	0	0	0	0	0	0	0	0	0	0	0	0	61	0	0	0	
104279	0	0	0	0	0	0	0	0	0	0	0	0	55	0	0	0	
105027	0	0	0	0	0	0	0	0	0	0	0	0	55	0	0	0	
105780	0	0	0	0	0	0	0	0	0	0	0	0	55	0	0	0	
106530	0	0	0	0	0	0	0	0	0	0	0	0	45	0	0	0	
107282	0	0	0	0	0	0	0	0	0	0	0	0	57	0	0	0	
108034	0	0	0	0	0	0	0	0	0	0	0	0	57	0	0	0	
108785	0	0	0	0	0	0	0	0	0	0	0	0	61	0	0	0	
109534	0	0	0	0	0	0	0	0	0	0	0	0	59	0	0	0	
110285	0	0	0	0	0	0	0	0	0	0	0	0	81	0	0	0	
111034	0	0	0	0	0	0	0	0	0	0	0	0	51	0	0	0	
111783	0	0	0	0	0	0	0	0	0	0	0	0	55	0	0	0	
112535	0	0	0	0	0	0	0	0	0	0	0	0	61	0	0	0	
113285	0	0	0	0	0	0	0	0	0	0	0	0	65	0	0	0	
114035	0	0	0	0	0	0	0	0	0	0	0	0	53	0	0	0	
114788	0	0	0	0	0	0	0	0	0	0	0	0	63	0	0	0	
115538	0	0	0	0	0	0	0	0	0	0	0	0	59	0	0	0	
116285	0	0	0	0	0	0	0	0	0	0	0	0	63	0	0	0	
117036	0	0	0	0	0	0	0	0	0	0	0	0	51	0	0	0	
117784	0	0	0	0	0	0	0	0	0	0	0	0	63	0	0	0	
118531	0	0	0	0	0	0	0	0	0	0	0	0	63	0	0	0	
119278	0	0	0	0	0	0	0	0	0	0	0	0	63	0	0	0	
120030	0	0	0	0	0	0	0	0	0	0	0	0	63	0	0	0	
120777	0	0	0	0	0	0	0	0	0	0	0	0	65	0	0	0	
121529	0	0	0	0	0	0	0	0	0	0	0	0	55	0	0	0	
122282	0	0	0	0	0	0	0	0	0	0	0	0	0	69	0	0	
123036	0	0	0	0	0	0	0	0	0	0	0	0	0	55	0	0	
123790	0	0	0	0	0	0	0	0	0	0	0	0	0	49	0	0	
124539	0	0	0	0	0	0	0	0	0	0	0	0	0	47	0	0	
125288	0	0	0	0	0	0	0	0	0	0	0	0	0	71	0	0	
126040	0	0	0	0	0	0	0	0	0	0	0	0	57	0	0	0	
126791	0	0	0	0	0	0	0	0	0	0	0	0	57	0	0	0	
127542	0	0	0	0	0	0	0	0	0	0	0	0	63	0	0	0	
128292	0	0	0	0	0	0	0	0	0	0	0	0	57	0	0	0	
129040	0	0	0	0	0	0	0	0	0	0	0	0	61	0	0	0	
129789	0	0	0	0	0	0	0	0	0	0	0	79	0	0	0	0	
130538	0	0	0	0	0	0	0	0	0	0	0	61	0	0	0	0	
131291	0	0	0	0	0	0	0	0	0	0	0	85	0	0	0	0	
132039	0	0	0	0	0	0	0	0	0	0	0	83	0	0	0	0	
132789	0	0	0	0	0	0	0	0	0	0	0	63	0	0	0	0	
133536	0	0	0	0	0	0	0	0	0	0	0	0	73	0	0	0	
134282	0	0	0	0	0	0	0	0	0	0	0	0	69	0	0	0	
135033	0	0	0	0	0	0	0	0	0	0	0	0	63	0	0	0	
135780	0	0	0	0	0	0	0	0	0	0	0	0	59	0	0	0	
136530	0	0	0	0	0	0	0	0	0	0	0	0	57	0	0	0	
137278	0	0	0	0	0	0	0	0	0	0	0	0	61	0	0	0	
138030	0	0	0	0	0	0	0	0	0	0	0	0	61	0	0	0	
138785	0	0	0	0	0	0	0	0	0	0	0	0	53	0	0	0	
139537	0	0	0	0	0	0	0	0	0	0	0	0	65	0	0	0	
140285	0	0	0	0	0	0	0	0	0	0	0	0	65	0	0	0	
141037	0	0	0	0	0	0	0	0	0	0	0	0	55	0	0	0	
141783	0	0	0	0	0	0	0	0	0	0	0	0	45	0	0	0	
142533	0	0	0	0	0	0	0	0	0	0	0	0	55	0	0	0	
143283	0	0	0	0	0	0	0	0	0	0	0	0	65	0	0	0	
144030	0	0	0	0	0	0	0	0	0	0	0	0	57	0	0	0	
144777	0	0	0	0	0	0	0	0	0	0	0	71	0	0	0	0	
145529	0	0	0	0	0	0	0	0	0	0	0	67	0	0	0	0	
146278	0	0	0	0	0	0	0	0	0	0	0	69	0	0	0	0	
147031	0	0	0	0	0	0	0	0	0	0	0	79	0	0	0	0	
147778	0	0	0	0	0	0	0	0	0	0	0	65	0	0	0	0	
148525	0	0	0	0	0	0	0	0	0	0	0	75	0	0	0	0	
149281	0	0	0	0	0	0	0	0	0	0	0	55	0	0	0	0	
150034	0	0	0	0	0	0	0	0	0	0	0	55	0	0	0	0	
150783	0	0	0	0	0	0	0	0	0	0	0	55	0	0	0	0	
151535	0	0	0	0	0	0	0	0	0	0	0	55	0	0	0	0	
152284	0	0	0	0	0	0	0	0	0	0	61	0	0	0	0	0	
153036	0	0	0	0	0	0	0	0	0	0	71	0	0	0	0	0	
153788	0	0	0	0	0	0	0	0	0	0	67	0	0	0	0	0	
154538	0	0	0	0	0	0	0	0	0	0	75	0	0	0	0	0	
155289	0	0	0	0	0	0	0	0	0	0	79	0	0	0	0	0	
156043	0	0	0	0	0	0	0	0	0	0	65	0	0	0	0	0	
156793	0	0	0	0	0	0	0	0	0	0	79	0	0	0	0	0	
157542	0	0	0	0	0	0	0	0	0	0	75	0	0	0	0	0	
158295	0	0	0	0	0	0	0	0	0	0	75	0	0	0	0	0	
159044	0	0	0	0	0	0	0	0	0	0	75	0	0	0	0	0	
159797	0	0	0	0	0	0	0	0	0	0	75	0	0	0	0	0	
160549	0	0	0	0	0	0	0	0	0	71	0	0	0	0	0	0	
161298	0	0	0	0	0	0	0	0	0	95	0	0	0	0	0	0	
162047	0	0	0	0	0	0	0	0	0	73	0	0	0	0	0	0	
162795	0	0	0	0	0	0	0	0	0	93	0	0	0	0	0	0	
163544	0	0	0	0	0	0	0	0	0	63	0	0	0	0	0	0	
164292	0	0	0	0	0	0	0	0	0	81	0	0	0	0	0	0	
165043	0	0	0	0	0	0	0	0	0	81	0	0	0	0	0	0	
165794	0	0	0	0	0	0	0	0	0	85	0	0	0	0	0	0	
166544	0	0	0	0	0	0	0	0	0	83	0	0	0	0	0	0	
167295	0	0	0	0	0	0	0	0	0	89	0	0	0	0	0	0	
168044	0	0	0	0	0	0	0	0	0	87	0	0	0	0	0	0	
168794	0	0	0	0	0	0	0	0	0	83	0	0	0	0	0	0	
169545	0	0	0	0	0	0	0	0	0	77	0	0	0	0	0	0	
170292	0	0	0	0	0	0	0	0	0	91	0	0	0	0	0	0	
171041	0	0	0	0	0	0	0	0	0	79	0	0	0	0	0	0	
171791	0	0	0	0	0	0	0	0	0	73	0	0	0	0	0	0	
172542	0	0	0	0	0	0	0	0	101	0	0	0	0	0	0	0	
173290	0	0	0	0	0	0	0	0	97	0	0	0	0	0	0	0	
174038	0	0	0	0	0	0	0	0	85	0	0	0	0	0	0	0	
174788	0	0	0	0	0	0	0	0	91	0	0	0	0	0	0	0	
175537	0	0	0	0	0	0	0	0	85	0	0	0	0	0	0	0	
176288	0	0	0	0	0	0	0	0	85	0	0	0	0	0	0	0	
177035	0	0	0	0	0	0	0	0	83	0	0	0	0	0	0	0	
177787	0	0	0	0	0	0	0	0	79	0	0	0	0	0	0	0	
178537	0	0	0	0	0	0	0	0	87	10	0	0	0	0	0	0	
179290	0	0	0	0	0	0	0	0	79	0	0	0	0	0	0	0	
180038	0	0	0	0	0	0	0	0	83	0	0	0	0	0	0	0	
180788	0	0	0	0	0	0	0	0	81	0	0	0	0	0	0	0	
181543	0	0	0	0	0	0	0	0	83	0	0	0	0	0	0	0	
182295	0	0	0	0	0	0	0	0	83	0	0	0	0	0	0	0	
183047	0	0	0	0	0	0	0	0	97	0	0	0	0	0	0	0	
183799	0	0	0	0	0	0	0	0	87	0	0	0	0	0	0	0	
184550	0	0	0	0	0	0	0	99	0	0	0	0	0	0	0	0	
185301	0	0	0	0	0	0	0	97	0	0	0	0	0	0	0	0	
186054	0	0	0	0	0	0	0	103	0	0	0	0	0	0	0	0	
186807	0	0	0	0	0	0	0	109	0	0	0	0	0	0	0	0	
187558	0	0	0	0	0	0	0	113	0	0	0	0	0	0	0	0	
188308	0	0	0	0	0	0	0	79	0	0	0	0	0	0	0	0	
189058	0	0	0	0	0	0	0	97	0	0	0	0	0	0	0	0	
189807	0	0	0	0	0	0	0	99	0	0	0	0	0	0	0	0	
190556	0	0	0	0	0	0	0	97	0	0	0	0	0	0	0	0	
191305	0	0	0	0	0	0	0	123	0	0	0	0	0	0	0	0	
192056	0	0	0	0	0	0	0	89	0	0	0	0	0	0	0	0	
192808	0	0	0	0	0	0	0	89	0	0	0	0	0	0	0	0	
193557	0	0	0	0	0	0	0	115	0	0	0	0	0	0	0	0	
194308	0	0	0	0	0	0	0	97	0	0	0	0	0	0	0	0	
195057	0	0	0	0	0	0	0	113	0	0	0	0	0	0	0	0	
195806	0	0	0	0	0	0	0	103	0	0	0	0	0	0	0	0	
196561	0	0	0	0	0	0	0	95	0	0	0	0	0	0	0	0	
197309	0	0	0	0	0	0	0	85	0	0	0	0	0	0	0	0	
198058	0	0	0	0	0	0	0	0	89	0	0	0	0	0	0	0	
198808	0	0	0	0	0	0	0	0	87	0	0	0	0	0	0	0	
199560	0	0	0	0	0	0	0	0	89	0	0	0	0	0	0	0	
200307	0	0	0	0	0	0	0	0	85	0	0	0	0	0	0	0	
201055	0	0	0	0	0	0	0	0	81	0	0	0	0	0	0	0	
201808	0	0	0	0	0	0	0	0	81	0	0	0	0	0	0	0	
202558	0	0	0	0	0	0	0	0	0	79	0	0	0	0	0	0	
203306	0	0	0	0	0	0	0	0	0	85	0	0	0	0	0	0	
204056	0	0	0	0	0	0	0	0	0	69	0	0	0	0	0	0	
204804	0	0	0	0	0	0	0	0	0	89	0	0	0	0	0	0	
205552	0	0	0	0	0	0	0	0	0	0	71	0	0	0	0	0	
206302	0	0	0	0	0	0	0	0	0	0	93	0	0	0	0	0	
207052	0	0	0	0	0	0	0	0	0	0	61	0	0	0	0	0	
207800	0	0	0	0	0	0	0	0	0	0	53	0	0	0	0	0	
208548	0	0	0	0	0	0	0	0	0	0	57	0	0	0	0	0	
209300	0	0	0	0	0	0	0	0	0	0	75	0	0	0	0	0	
210051	0	0	0	0	0	0	0	0	0	0	83	0	0	0	0	0	
210803	0	0	0	0	0	0	0	0	0	0	69	0	0	0	0	0	
211552	0	0	0	0	0	0	0	0	0	0	79	0	0	0	0	0	
212301	0	0	0	0	0	0	0	0	0	0	69	0	0	0	0	0	
213052	0	0	0	0	0	0	0	0	0	0	73	0	0	0	0	0	
213802	0	0	0	0	0	0	0	0	0	73	0	0	0	0	0	0	
214554	0	0	0	0	0	0	0	0	0	77	0	0	0	0	0	0	
215309	0	0	0	0	0	0	0	0	0	83	0	0	0	0	0	0	
216059	0	0	0	0	0	0	0	0	0	71	0	0	0	0	0	0	
216807	0	0	0	0	0	0	0	0	0	77	0	0	0	0	0	0	
217554	0	0	0	0	0	0	0	0	0	93	0	0	0	0	0	0	
218303	0	0	0	0	0	0	0	0	0	63	0	0	0	0	0	0	
219054	0	0	0	0	0	0	0	0	0	73	0	0	0	0	0	0	
219806	0	0	0	0	0	0	0	0	0	71	0	0	0	0	0	0	
220552	0	0	0	0	0	0	0	0	0	83	0	0	0	0	0	0	
221301	0	0	0	0	0	0	0	0	0	81	0	0	0	0	0	0	
222049	0	0	0	0	0	0	0	0	0	89	0	0	0	0	0	0	
222799	0	0	0	0	0	0	0	0	0	83	0	0	0	0	0	0	
223546	0	0	0	0	0	0	0	0	0	69	0	0	0	0	0	0	
224296	0	0	0	0	0	0	0	0	0	89	0	0	0	0	0	0	
225045	0	0	0	0	0	0	0	0	0	77	0	0	0	0	0	0	
225796	0	0	0	0	0	0	0	0	0	67	0	0	0	0	0	0	
226547	0	0	0	0	0	0	0	0	0	85	0	0	0	0	0	0	
227299	0	0	0	0	0	0	0	0	0	81	0	0	0	0	0	0	
228050	0	0	0	0	0	0	0	0	0	83	0	0	0	0	0	0	
228805	0	0	0	0	0	0	0	0	0	85	0	0	0	0	0	0	
229557	0	0	0	0	0	0	0	0	0	79	0	0	0	0	0	0	
230306	0	0	0	0	0	0	0	0	0	95	0	0	0	0	0	0	
231054	0	0	0	0	0	0	0	0	0	93	0	0	0	0	0	0	
231800	0	0	0	0	0	0	0	0	0	69	0	0	0	0	0	0	
232551	0	0	0	0	0	0	0	0	0	77	0	0	0	0	0	0	
233302	0	0	0	0	0	0	0	0	0	83	0	0	0	0	0	0	
234053	0	0	0	0	0	0	0	0	103	0	0	0	0	0	0	0	
234802	0	0	0	0	0	0	0	0	85	0	0	0	0	0	0	0	
235553	0	0	0	0	0	0	0	0	97	0	0	0	0	0	0	0	
236302	0	0	0	0	0	0	0	0	107	0	0	0	0	0	0	0	
237054	0	0	0	0	0	0	0	95	0	0	0	0	0	0	0	0	
237807	0	0	0	0	0	0	0	105	0	0	0	0	0	0	0	0	
238556	0	0	0	0	0	0	0	81	0	0	0	0	0	0	0	0	
239310	0	0	0	0	0	0	0	105	0	0	0	0	0	0	0	0	
240056	0	0	0	0	0	0	0	97	0	0	0	0	0	0	0	0	
240806	0	0	0	0	0	0	0	119	0	0	0	0	0	0	0	0	
241555	0	0	0	0	0	0	0	93	0	0	0	0	0	0	0	0	
242306	0	0	0	0	0	0	0	99	0	0	0	0	0	0	0	0	
243056	0	0	0	0	0	0	0	101	0	0	0	0	0	0	0	0	
243804	0	0	0	0	0	0	0	103	0	0	0	0	0	0	0	0	
244554	0	0	0	0	0	0	0	93	0	0	0	0	0	0	0	0	
245303	0	0	0	0	0	0	0	99	0	0	0	0	0	0	0	0	
246049	0	0	0	0	0	0	0	109	0	0	0	0	0	0	0	0	
246795	0	0	0	0	0	0	0	95	0	0	0	0	0	0	0	0	
247545	0	0	0	0	0	0	0	123	0	0	0	0	0	0	0	0	
248295	0	0	0	0	0	0	0	93	0	0	0	0	0	0	0	0	
249044	0	0	0	0	0	0	0	99	0	0	0	0	0	0	0	0	
249794	0	0	0	0	0	0	0	105	0	0	0	0	0	0	0	0	
250541	0	0	0	0	0	0	0	109	0	0	0	0	0	0	0	0	
251291	0	0	0	0	0	0	0	99	0	0	0	0	0	0	0	0	
252041	0	0	0	0	0	0	0	101	0	0	0	0	0	0	0	0	
252792	0	0	0	0	0	0	0	105	0	0	0	0	0	0	0	0	
253546	0	0	0	0	0	0	0	101	0	0	0	0	0	0	0	0	
254298	0	0	0	0	0	0	0	85	0	0	0	0	0	0	0	0	
255048	0	0	0	0	0	0	0	117	0	0	0	0	0	0	0	0	
255800	0	0	0	0	0	0	0	0	73	0	0	0	0	0	0	0	
256551	0	0	0	0	0	0	0	0	75	0	0	0	0	0	0	0	
257303	0	0	0	0	0	0	0	0	93	0	0	0	0	0	0	0	
258050	0	0	0	0	0	0	0	0	75	0	0	0	0	0	0	0	
258802	0	0	0	0	0	0	0	0	79	0	0	0	0	0	0	0	
259554	0	0	0	0	0	0	0	0	87	0	0	0	0	0	0	0	
260303	0	0	0	0	0	0	0	0	77	0	0	0	0	0	0	0	
261052	0	0	0	0	0	0	0	0	99	0	0	0	0	0	0	0	
261805	0	0	0	0	0	0	0	0	95	0	0	0	0	0	0	0	
262556	0	0	0	0	0	0	0	0	101	0	0	0	0	0	0	0	
263308	0	0	0	0	0	0	0	0	83	0	0	0	0	0	0	0	
264057	0	0	0	0	0	0	0	0	101	0	0	0	0	0	0	0	
264803	0	0	0	0	0	0	0	0	91	0	0	0	0	0	0	0	
265553	0	0	0	0	0	0	0	0	91	0	0	0	0	0	0	0	
266301	0	0	0	0	0	0	0	0	0	79	0	0	0	0	0	0	
267051	0	0	0	0	0	0	0	0	0	77	0	0	0	0	0	0	
267803	0	0	0	0	0	0	0	0	0	69	0	0	0	0	0	0	
268553	0	0	0	0	0	0	0	0	0	69	0	0	0	0	0	0	
269301	0	0	0	0	0	0	0	0	0	69	0	0	0	0	0	0	
270051	0	0	0	0	0	0	0	0	0	73	0	0	0	0	0	0	
270800	0	0	0	0	0	0	0	0	0	81	0	0	0	0	0	0	
271551	0	0	0	0	0	0	0	0	0	63	0	0	0	0	0	0	
272301	0	0	0	0	0	0	0	0	0	83	0	0	0	0	0	0	
273053	0	0	0	0	0	0	0	0	0	99	0	0	0	0	0	0	
273803	0	0	0	0	0	0	0	0	0	75	0	0	0	0	0	0	
274556	0	0	0	0	0	0	0	0	0	79	0	0	0	0	0	0	
275304	0	0	0	0	0	0	0	0	0	77	0	0	0	0	0	0	
276053	0	0	0	0	0	0	0	0	0	87	0	0	0	0	0	0	
276801	0	0	0	0	0	0	0	0	0	91	0	0	0	0	0	0	
277552	0	0	0	0	0	0	0	0	0	69	0	0	0	0	0	0	
278301	0	0	0	0	0	0	0	0	0	89	0	0	0	0	0	0	
279055	0	0	0	0	0	0	0	0	0	73	0	0	0	0	0	0	
279804	0	0	0	0	0	0	0	0	0	63	0	0	0	0	0	0	
280554	0	0	0	0	0	0	0	0	0	67	0	0	0	0	0	0	
281304	0	0	0	0	0	0	0	0	0	75	0	0	0	0	0	0	
282053	0	0	0	0	0	0	0	0	0	71	0	0	0	0	0	0	
282800	0	0	0	0	0	0	0	0	0	81	0	0	0	0	0	0	
283551	0	0	0	0	0	0	0	0	0	75	0	0	0	0	0	0	
284300	0	0	0	0	0	0	0	0	0	83	0	0	0	0	0	0	
285050	0	0	0	0	0	0	0	0	0	79	0	0	0	0	0	0	
285802	0	0	0	0	0	0	0	0	0	81	0	0	0	0	0	0	
286551	0	0	0	0	0	0	0	0	0	87	0	0	0	0	0	0	
287301	0	0	0	0	0	0	0	0	0	65	0	0	0	0	0	0	
288049	0	0	0	0	0	0	0	0	0	81	0	0	0	0	0	0	
288798	0	0	0	0	0	0	0	0	0	97	0	0	0	0	0	0	
289545	0	0	0	0	0	0	0	0	0	81	0	0	0	0	0	0	
290293	0	0	0	0	0	0	0	0	0	101	0	0	0	0	0	0	
291043	0	0	0	0	0	0	0	0	0	93	0	0	0	0	0	0	
291793	0	0	0	0	0	0	0	0	0	0	79	0	0	0	0	0	
292539	0	0	0	0	0	0	0	0	0	0	87	0	0	0	0	0	
293289	0	0	0	0	0	0	0	0	0	0	0	59	0	0	0	0	
294040	0	0	0	0	0	0	0	0	0	0	0	67	0	0	0	0	
294788	0	0	0	0	0	0	0	0	0	0	0	61	0	0	0	0	
295535	0	0	0	0	0	0	0	0	0	0	0	69	0	0	0	0	
296287	0	0	0	0	0	0	0	0	0	0	0	61	0	0	0	0	
297039	0	0	0	0	0	0	0	0	0	0	71	0	0	0	0	0	
297787	0	0	0	0	0	0	0	0	0	0	77	0	0	0	0	0	
298538	0	0	0	0	0	0	0	0	0	0	63	0	0	0	0	0	
299288	0	0	0	0	0	0	0	0	0	0	75	0	0	0	0	0	
300039	0	0	0	0	0	0	0	0	0	0	85	0	0	0	0	0	
300790	0	0	0	0	0	0	0	0	0	0	73	0	0	0	0	0	
301542	0	0	0	0	0	0	0	0	0	0	75	0	0	0	0	0	
302290	0	0	0	0	0	0	0	0	0	0	63	0	0	0	0	0	
303041	0	0	0	0	0	0	0	0	0	0	81	0	0	0	0	0	
303788	0	0	0	0	0	0	0	0	0	0	71	0	0	0	0	0	
304539	0	0	0	0	0	0	0	0	0	0	67	0	0	0	0	0	
305291	0	0	0	0	0	0	0	0	0	0	73	0	0	0	0	0	
306045	0	0	0	0	0	0	0	0	0	0	77	0	0	0	0	0	
306797	0	0	0	0	0	0	0	0	0	0	71	0	0	0	0	0	
307543	0	0	0	0	0	0	0	0	0	0	77	0	0	0	0	0	
308293	0	0	0	0	0	0	0	0	0	0	79	0	0	0	0	0	
309043	0	0	0	0	0	0	0	0	0	0	81	0	0	0	0	0	
309789	0	0	0	0	0	0	0	0	0	0	73	0	0	0	0	0	
310539	0	0	0	0	0	0	0	0	0	0	67	0	0	0	0	0	
311287	0	0	0	0	0	0	0	0	0	77	0	0	0	0	0	0	
312036	0	0	0	0	0	0	0	0	0	79	0	0	0	0	0	0	
312787	0	0	0	0	0	0	0	0	0	97	0	0	0	0	0	0	
313534	0	0	0	0	0	0	0	0	0	69	0	0	0	0	0	0	
314283	0	0	0	0	0	0	0	0	0	83	0	0	0	0	0	0	
315033	0	0	0	0	0	0	0	0	0	73	0	0	0	0	0	0	
315781	0	0	0	0	0	0	0	0	0	0	49	0	0	0	0	0	
316533	0	0	0	0	0	0	0	0	0	0	75	0	0	0	0	0	
317285	0	0	0	0	0	0	0	0	0	0	69	0	0	0	0	0	
318034	0	0	0	0	0	0	0	0	0	0	63	0	0	0	0	0	
318786	0	0	0	0	0	0	0	0	0	0	87	0	0	0	0	0	
319537	0	0	0	0	0	0	0	0	0	0	65	0	0	0	0	0	
320285	0	0	0	0	0	0	0	0	0	0	71	0	0	0	0	0	
321034	0	0	0	0	0	0	0	0	0	0	67	0	0	0	0	0	
321786	0	0	0	0	0	0	0	0	0	0	65	0	0	0	0	0	
322534	0	0	0	0	0	0	0	0	0	0	69	0	0	0	0	0	
323283	0	0	0	0	0	0	0	0	0	0	71	0	0	0	0	0	
324031	0	0	0	0	0	0	0	0	0	0	71	0	0	0	0	0	
324779	0	0	0	0	0	0	0	0	0	0	71	0	0	0	0	0	
325531	0	0	0	0	0	0	0	0	0	75	0	0	0	0	0	0	
326284	0	0	0	0	0	0	0	0	0	87	0	0	0	0	0	0	
327034	0	0	0	0	0	0	0	0	0	71	0	0	0	0	0	0	
327785	0	0	0	0	0	0	0	0	0	93	0	0	0	0	0	0	
328533	0	0	0	0	0	0	0	0	0	75	0	0	0	0	0	0	
329282	0	0	0	0	0	0	0	0	0	77	0	0	0	0	0	0	
330033	0	0	0	0	0	0	0	0	0	77	0	0	0	0	0	0	
330784	0	0	0	0	0	0	0	0	0	67	0	0	0	0	0	0	
331535	0	0	0	0	0	0	0	0	0	81	0	0	0	0	0	0	
332285	0	0	0	0	0	0	0	0	0	75	0	0	0	0	0	0	
333035	0	0	0	0	0	0	0	0	0	99	0	0	0	0	0	0	
333784	0	0	0	0	0	0	0	0	0	81	0	0	0	0	0	0	
334536	0	0	0	0	0	0	0	0	0	75	0	0	0	0	0	0	
335284	0	0	0	0	0	0	0	0	0	85	0	0	0	0	0	0	
336031	0	0	0	0	0	0	0	0	0	81	0	0	0	0	0	0	
336780	0	0	0	0	0	0	0	0	0	69	0	0	0	0	0	0	
337530	0	0	0	0	0	0	0	0	0	95	0	0	0	0	0	0	
338283	0	0	0	0	0	0	0	0	0	89	0	0	0	0	0	0	
339036	0	0	0	0	0	0	0	0	0	87	0	0	0	0	0	0	
339784	0	0	0	0	0	0	0	0	0	81	0	0	0	0	0	0	
340531	0	0	0	0	0	0	0	0	0	93	0	0	0	0	0	0	
341279	0	0	0	0	0	0	0	0	0	81	0	0	0	0	0	0	
342030	0	0	0	0	0	0	0	0	0	67	0	0	0	0	0	0	
342781	0	0	0	0	0	0	0	0	0	83	0	0	0	0	0	0	
343531	0	0	0	0	0	0	0	0	0	81	0	0	0	0	0	0	
344283	0	0	0	0	0	0	0	0	0	85	0	0	0	0	0	0	
345031	0	0	0	0	0	0	0	0	0	73	0	0	0	0	0	0	
345782	0	0	0	0	0	0	0	0	0	79	0	0	0	0	0	0	
346533	0	0	0	0	0	0	0	0	89	0	0	0	0	0	0	0	
347285	0	0	0	0	0	0	0	0	83	0	0	0	0	0	0	0	
348035	0	0	0	0	0	0	0	0	77	0	0	0	0	0	0	0	
348787	0	0	0	0	0	0	0	0	83	0	0	0	0	0	0	0	
349542	0	0	0	0	0	0	0	0	87	0	0	0	0	0	0	0	
350291	0	0	0	0	0	0	0	0	83	0	0	0	0	0	0	0	
351044	0	0	0	0	0	0	0	0	85	0	0	0	0	0	0	0	
351794	0	0	0	0	0	0	0	0	109	0	0	0	0	0	0	0	
352550	0	0	0	0	0	0	0	0	87	0	0	0	0	0	0	0	
353297	0	0	0	0	0	0	0	0	89	0	0	0	0	0	0	0	
354049	0	0	0	0	0	0	0	0	87	0	0	0	0	0	0	0	
354799	0	0	0	0	0	0	0	0	81	0	0	0	0	0	0	0	
355550	0	0	0	0	0	0	0	0	73	0	0	0	0	0	0	0	
356300	0	0	0	0	0	0	0	0	91	0	0	0	0	0	0	0	
357051	0	0	0	0	0	0	0	0	0	77	0	0	0	0	0	0	
357803	0	0	0	0	0	0	0	0	0	89	0	0	0	0	0	0	
358555	0	0	0	0	0	0	0	0	0	0	79	0	0	0	0	0	
359305	0	0	0	0	0	0	0	0	0	0	85	0	0	0	0	0	
360057	0	0	0	0	0	0	0	0	0	0	71	0	0	0	0	0	
360810	0	0	0	0	0	0	0	0	0	0	65	0	0	0	0	0	
361558	0	0	0	0	0	0	0	0	0	0	77	0	0	0	0	0	
362308	0	0	0	0	0	0	0	0	0	0	71	0	0	0	0	0	
363058	0	0	0	0	0	0	0	0	0	0	71	0	0	0	0	0	
363804	0	0	0	0	0	0	0	0	0	0	71	0	0	0	0	0	
364555	0	0	0	0	0	0	0	0	0	0	79	0	0	0	0	0	
365304	0	0	0	0	0	0	0	0	0	0	73	0	0	0	0	0	
366051	0	0	0	0	0	0	0	0	0	0	67	0	0	0	0	0	
366801	0	0	0	0	0	0	0	0	0	0	85	0	0	0	0	0	
367552	0	0	0	0	0	0	0	0	0	0	73	0	0	0	0	0	
368306	0	0	0	0	0	0	0	0	0	0	85	0	0	0	0	0	
369054	0	0	0	0	0	0	0	0	0	0	79	0	0	0	0	0	
369803	0	0	0	0	0	0	0	0	0	0	75	0	0	0	0	0	
370551	0	0	0	0	0	0	0	0	0	0	81	0	0	0	0	0	
371300	0	0	0	0	0	0	0	0	0	0	79	0	0	0	0	0	
372050	0	0	0	0	0	0	0	0	0	0	69	0	0	0	0	0	
372800	0	0	0	0	0	0	0	0	0	0	77	0	0	0	0	0	
373552	0	0	0	0	0	0	0	0	0	0	63	0	0	0	0	0	
374303	0	0	0	0	0	0	0	0	0	0	75	0	0	0	0	0	
375051	0	0	0	0	0	0	0	0	0	0	77	0	0	0	0	0	
375800	0	0	0	0	0	0	0	0	0	0	83	0	0	0	0	0	
376549	0	0	0	0	0	0	0	0	0	0	75	0	0	0	0	0	
377298	0	0	0	0	0	0	0	0	0	0	71	0	0	0	0	0	
378049	0	0	0	0	0	0	0	0	0	0	65	0	0	0	0	0	
378800	0	0	0	0	0	0	0	0	0	0	0	89	0	0	0	0	
379545	0	0	0	0	0	0	0	0	0	0	0	0	65	0	0	0	
380296	0	0	0	0	0	0	0	0	0	0	0	0	47	0	0	0	
381047	0	0	0	0	0	0	0	0	0	0	0	0	57	0	0	0	
381800	0	0	0	0	0	0	0	0	0	0	0	0	59	0	0	0	
382552	0	0	0	0	0	0	0	0	0	0	0	0	63	0	0	0	
383301	0	0	0	0	0	0	0	0	0	0	0	0	73	0	0	0	
384053	0	0	0	0	0	0	0	0	0	0	0	0	73	0	0	0	
384801	0	0	0	0	0	0	0	0	0	0	0	0	83	0	0	0	
385550	0	0	0	0	0	0	0	0	0	0	0	0	61	0	0	0	
386296	0	0	0	0	0	0	0	0	0	0	0	0	0	53	0	0	
387047	0	0	0	0	0	0	0	0	0	0	0	0	0	61	0	0	
387795	0	0	0	0	0	0	0	0	0	0	0	0	0	69	0	0	
388545	0	0	0	0	0	0	0	0	0	0	0	0	0	53	0	0	
389298	0	0	0	0	0	0	0	0	0	0	0	0	0	75	0	0	
390050	0	0	0	0	0	0	0	0	0	0	0	0	0	69	0	0	
390798	0	0	0	0	0	0	0	0	0	0	0	0	61	0	0	0	
391546	0	0	0	0	0	0	0	0	0	0	0	0	51	0	0	0	
392298	0	0	0	0	0	0	0	0	0	0	0	75	0	0	0	0	
393053	0	0	0	0	0	0	0	0	0	0	79	0	0	0	0	0	
393805	0	0	0	0	0	0	0	0	0	0	71	0	0	0	0	0	
394556	0	0	0	0	0	0	0	0	0	0	65	0	0	0	0	0	
395303	0	0	0	0	0	0	0	0	0	0	63	0	0	0	0	0	
396056	0	0	0	0	0	0	0	0	0	0	71	0	0	0	0	0	
396807	0	0	0	0	0	0	0	0	0	0	65	0	0	0	0	0	
397558	0	0	0	0	0	0	0	0	0	0	63	0	0	0	0	0	
398308	0	0	0	0	0	0	0	0	0	0	73	0	0	0	0	0	
399058	0	0	0	0	0	0	0	0	0	0	79	0	0	0	0	0	
399804	0	0	0	0	0	0	0	0	0	0	67	0	0	0	0	0	
400553	0	0	0	0	0	0	0	0	0	0	81	0	0	0	0	0	
401303	0	0	0	0	0	0	0	0	0	0	65	0	0	0	0	0	
402053	0	0	0	0	0	0	0	0	0	0	83	0	0	0	0	0	
402802	0	0	0	0	0	0	0	0	0	0	61	0	0	0	0	0	
403552	0	0	0	0	0	0	0	0	0	0	77	0	0	0	0	0	
404304	0	0	0	0	0	0	0	0	0	0	63	0	0	0	0	0	
405055	0	0	0	0	0	0	0	0	0	0	71	0	0	0	0	0	
405805	0	0	0	0	0	0	0	0	0	0	77	0	0	0	0	0	
406556	0	0	0	0	0	0	0	0	0	0	0	57	0	0	0	0	
407304	0	0	0	0	0	0	0	0	0	0	0	61	0	0	0	0	
408055	0	0	0	0	0	0	0	0	0	0	0	59	0	0	0	0	
408805	0	0	0	0	0	0	0	0	0	0	0	69	0	0	0	0	
409553	0	0	0	0	0	0	0	0	0	0	0	79	0	0	0	0	
410305	0	0	0	0	0	0	0	0	0	0	0	51	0	0	0	0	
411053	0	0	0	0	0	0	0	0	0	0	0	81	0	0	0	0	
411803	0	0	0	0	0	0	0	0	0	79	0	0	0	0	0	0	
412555	0	0	0	0	0	0	0	0	0	0	79	0	0	0	0	0	
413303	0	0	0	0	0	0	0	0	0	0	85	0	0	0	0	0	
414057	0	0	0	0	0	0	0	0	0	65	10	0	0	0	0	0	
414807	0	0	0	0	0	0	0	0	0	83	0	0	0	0	0	0	
415557	0	0	0	0	0	0	0	0	0	93	0	0	0	0	0	0	
416310	0	0	0	0	0	0	0	0	9	74	0	0	0	0	0	0	
417060	0	0	0	0	0	0	0	0	0	95	0	0	0	0	0	0	
417811	0	0	0	0	0	0	0	0	0	85	0	0	0	0	0	0	
418559	0	0	0	0	0	0	0	0	0	81	0	0	0	0	0	0	
419307	0	0	0	0	0	0	0	0	0	67	0	0	0	0	0	0	
420060	0	0	0	0	0	0	0	0	0	8	69	0	0	0	0	0	
420812	0	0	0	0	0	0	0	0	0	0	89	0	0	0	0	0	
421561	0	0	0	0	0	0	0	0	0	0	85	0	0	0	0	0	
422310	0	0	0	0	0	0	0	0	0	0	69	0	0	0	0	0	
423063	0	0	0	0	0	0	0	0	0	0	61	0	0	0	0	0	
423812	0	0	0	0	0	0	0	0	0	0	83	0	0	0	0	0	
424562	0	0	0	0	0	0	0	0	0	0	75	0	0	0	0	0	
425310	0	0	0	0	0	0	0	0	0	0	73	0	0	0	0	0	
426062	0	0	0	0	0	0	0	0	0	56	11	0	0	0	0	0	
426811	0	0	0	0	0	0	0	0	0	83	0	0	0	0	0	0	
427562	0	0	0	0	0	0	0	0	0	67	0	0	0	0	0	0	
428312	0	0	0	0	0	0	0	0	0	91	0	0	0	0	0	0	
429065	0	0	0	0	0	0	0	0	0	99	0	0	0	0	0	0	
429815	0	0	0	0	0	0	0	0	0	67	0	0	0	0	0	0	
430567	0	0	0	0	0	0	0	0	0	77	0	0	0	0	0	0	
431318	0	0	0	0	0	0	0	0	81	0	0	0	0	0	0	0	
432068	0	0	0	0	0	0	0	0	105	0	0	0	0	0	0	0	
432818	0	0	0	0	0	0	0	0	93	0	0	0	0	0	0	0	
433568	0	0	0	0	0	0	0	0	77	0	0	0	0	0	0	0	
434320	0	0	0	0	0	0	0	0	67	0	0	0	0	0	0	0	
435074	0	0	0	0	0	0	0	0	0	87	0	0	0	0	0	0	
435824	0	0	0	0	0	0	0	0	0	69	0	0	0	0	0	0	
436575	0	0	0	0	0	0	0	0	0	79	0	0	0	0	0	0	
437323	0	0	0	0	0	0	0	0	0	83	0	0	0	0	0	0	
438072	0	0	0	0	0	0	0	0	0	73	0	0	0	0	0	0	
438819	0	0	0	0	0	0	0	0	0	91	0	0	0	0	0	0	
439568	0	0	0	0	0	0	0	0	0	91	0	0	0	0	0	0	
440317	0	0	0	0	0	0	0	0	0	77	0	0	0	0	0	0	
441070	0	0	0	0	0	0	0	0	0	85	0	0	0	0	0	0	
441820	0	0	0	0	0	0	0	0	0	83	0	0	0	0	0	0	
442571	0	0	0	0	0	0	0	0	0	77	0	0	0	0	0	0	
443323	0	0	0	0	0	0	0	0	0	0	81	0	0	0	0	0	
444073	0	0	0	0	0	0	0	0	0	0	83	0	0	0	0	0	
444823	0	0	0	0	0	0	0	0	0	0	79	0	0	0	0	0	
445573	0	0	0	0	0	0	0	0	0	0	69	0	0	0	0	0	
446323	0	0	0	0	0	0	0	0	0	0	61	0	0	0	0	0	
447071	0	0	0	0	0	0	0	0	0	73	0	0	0	0	0	0	
447822	0	0	0	0	0	0	0	0	0	89	0	0	0	0	0	0	
448572	0	0	0	0	0	0	0	0	0	79	0	0	0	0	0	0	
449318	0	0	0	0	0	0	0	0	0	69	0	0	0	0	0	0	
450064	0	0	0	0	0	0	0	0	0	79	0	0	0	0	0	0	
450815	0	0	0	0	0	0	0	0	0	87	0	0	0	0	0	0	
451569	0	0	0	0	0	0	0	0	0	77	0	0	0	0	0	0	
452320	0	0	0	0	0	0	0	0	0	99	0	0	0	0	0	0	
453069	0	0	0	0	0	0	0	0	0	69	0	0	0	0	0	0	
453818	0	0	0	0	0	0	0	0	0	53	0	0	0	0	0	0	
454571	0	0	0	0	0	0	0	0	0	85	0	0	0	0	0	0	
455322	0	0	0	0	0	0	0	0	0	83	0	0	0	0	0	0	
456072	0	0	0	0	0	0	0	0	0	77	0	0	0	0	0	0	
456823	0	0	0	0	0	0	0	0	0	79	0	0	0	0	0	0	
457574	0	0	0	0	0	0	0	0	95	0	0	0	0	0	0	0	
458325	0	0	0	0	0	0	0	0	79	0	0	0	0	0	0	0	
459076	0	0	0	0	0	0	0	0	81	0	0	0	0	0	0	0	
459824	0	0	0	0	0	0	0	0	79	0	0	0	0	0	0	0	
460572	0	0	0	0	0	0	0	0	97	0	0	0	0	0	0	0	
461322	0	0	0	0	0	0	0	0	81	0	0	0	0	0	0	0	
462074	0	0	0	0	0	0	0	0	101	0	0	0	0	0	0	0	
462821	0	0	0	0	0	0	0	0	89	0	0	0	0	0	0	0	
463572	0	0	0	0	0	0	0	0	95	0	0	0	0	0	0	0	
464321	0	0	0	0	0	0	0	0	91	0	0	0	0	0	0	0	
465073	0	0	0	0	0	0	0	0	77	0	0	0	0	0	0	0	
465822	0	0	0	0	0	0	0	0	85	0	0	0	0	0	0	0	
466568	0	0	0	0	0	0	0	0	81	0	0	0	0	0	0	0	
467321	0	0	0	0	0	0	0	0	89	0	0	0	0	0	0	0	
468073	0	0	0	0	0	0	0	0	99	0	0	0	0	0	0	0	
468826	0	0	0	0	0	0	0	0	93	0	0	0	0	0	0	0	
469579	0	0	0	0	0	0	0	0	97	0	0	0	0	0	0	0	
470329	0	0	0	0	0	0	0	39	44	0	0	0	0	0	0	0	
471078	0	0	0	0	0	0	0	87	0	0	0	0	0	0	0	0	
471829	0	0	0	0	0	0	0	111	0	0	0	0	0	0	0	0	
472579	0	0	0	0	0	0	0	97	0	0	0	0	0	0	0	0	
473329	0	0	0	0	0	0	0	97	0	0	0	0	0	0	0	0	
474078	0	0	0	0	0	0	29	68	0	0	0	0	0	0	0	0	
474825	0	0	0	0	0	0	0	81	0	0	0	0	0	0	0	0	
475577	0	0	0	0	0	0	0	81	0	0	0	0	0	0	0	0	
476328	0	0	0	0	0	0	0	111	0	0	0	0	0	0	0	0	
477076	0	0	0	0	0	0	0	115	0	0	0	0	0	0	0	0	
477824	0	0	0	0	0	0	0	91	0	0	0	0	0	0	0	0	
478574	0	0	0	0	0	0	17	78	0	0	0	0	0	0	0	0	
479325	0	0	0	0	0	0	0	91	0	0	0	0	0	0	0	0	
480076	0	0	0	0	0	0	0	89	0	0	0	0	0	0	0	0	
480824	0	0	0	0	0	0	0	105	0	0	0	0	0	0	0	0	
481573	0	0	0	0	0	0	0	113	0	0	0	0	0	0	0	0	
482325	0	0	0	0	0	0	121	0	0	0	0	0	0	0	0	0	
483073	0	0	0	0	0	0	111	0	0	0	0	0	0	0	0	0	
483826	0	0	0	0	0	0	123	0	0	0	0	0	0	0	0	0	
484576	0	0	0	0	0	0	113	0	0	0	0	0	0	0	0	0	
485328	0	0	0	0	0	0	109	0	0	0	0	0	0	0	0	0	
486076	0	0	0	0	0	0	119	0	0	0	0	0	0	0	0	0	
486827	0	0	0	0	0	0	107	0	0	0	0	0	0	0	0	0	
487578	0	0	0	0	0	0	111	0	0	0	0	0	0	0	0	0	
488329	0	0	0	0	0	0	109	0	0	0	0	0	0	0	0	0	
489077	0	0	0	0	0	0	131	0	0	0	0	0	0	0	0	0	
489826	0	0	0	0	0	0	109	0	0	0	0	0	0	0	0	0	
490577	0	0	0	0	0	0	105	0	0	0	0	0	0	0	0	0	
491330	0	0	0	0	0	0	117	0	0	0	0	0	0	0	0	0	
492081	0	0	0	0	0	0	111	0	0	0	0	0	0	0	0	0	
492831	0	0	0	0	0	0	115	0	0	0	0	0	0	0	0	0	
493580	0	0	0	0	0	0	121	0	0	0	0	0	0	0	0	0	
494329	0	0	0	0	0	0	111	0	0	0	0	0	0	0	0	0	
495080	0	0	0	0	0	0	113	0	0	0	0	0	0	0	0	0	
495827	0	0	0	0	0	0	121	0	0	0	0	0	0	0	0	0	
496578	0	0	0	0	0	0	109	0	0	0	0	0	0	0	0	0	
497331	0	0	0	0	0	0	97	0	0	0	0	0	0	0	0	0	
498085	0	0	0	0	0	0	121	0	0	0	0	0	0	0	0	0	
498835	0	0	0	0	0	0	103	0	0	0	0	0	0	0	0	0	
499583	0	0	0	0	0	0	127	0	0	0	0	0	0	0	0	0	
500335	0	0	0	0	0	0	105	0	0	0	0	0	0	0	0	0	
501088	0	0	0	0	0	0	105	0	0	0	0	0	0	0	0	0	
501840	0	0	0	0	0	0	101	0	0	0	0	0	0	0	0	0	
502591	0	0	0	0	0	0	101	0	0	0	0	0	0	0	0	0	
503340	0	0	0	0	0	0	111	0	0	0	0	0	0	0	0	0	
504089	0	0	0	0	0	0	115	0	0	0	0	0	0	0	0	0	
504836	0	0	0	0	0	0	117	0	0	0	0	0	0	0	0	0	
505588	0	0	0	0	0	0	115	0	0	0	0	0	0	0	0	0	
506339	0	0	0	0	0	0	117	0	0	0	0	0	0	0	0	0	
507090	0	0	0	0	0	0	97	0	0	0	0	0	0	0	0	0	
507840	0	0	0	0	0	0	119	0	0	0	0	0	0	0	0	0	
508591	0	0	0	0	0	0	97	0	0	0	0	0	0	0	0	0	
509340	0	0	0	0	0	0	109	0	0	0	0	0	0	0	0	0	
510088	0	0	0	0	0	0	117	0	0	0	0	0	0	0	0	0	
510837	0	0	0	0	0	0	0	101	0	0	0	0	0	0	0	0	
511588	0	0	0	0	0	0	0	105	0	0	0	0	0	0	0	0	
512337	0	0	0	0	0	0	0	103	0	0	0	0	0	0	0	0	
513088	0	0	0	0	0	0	4	99	0	0	0	0	0	0	0	0	
513833	0	0	0	0	0	0	0	103	0	0	0	0	0	0	0	0	
514580	0	0	0	0	0	0	0	105	0	0	0	0	0	0	0	0	
515332	0	0	0	0	0	0	0	101	0	0	0	0	0	0	0	0	
516081	0	0	0	0	0	0	0	97	0	0	0	0	0	0	0	0	
516831	0	0	0	0	0	0	0	97	0	0	0	0	0	0	0	0	
517583	0	0	0	0	0	0	0	107	0	0	0	0	0	0	0	0	
518331	0	0	0	0	0	0	0	97	0	0	0	0	0	0	0	0	
519081	0	0	0	0	0	0	0	101	0	0	0	0	0	0	0	0	
519831	0	0	0	0	0	0	0	85	0	0	0	0	0	0	0	0	
520581	0	0	0	0	0	0	0	81	0	0	0	0	0	0	0	0	
521332	0	0	0	0	0	0	0	133	0	0	0	0	0	0	0	0	
522081	0	0	0	0	0	0	0	89	0	0	0	0	0	0	0	0	
522831	0	0	0	0	0	0	0	95	0	0	0	0	0	0	0	0	
523580	0	0	0	0	0	0	0	99	0	0	0	0	0	0	0	0	
524331	0	0	0	0	0	0	0	95	0	0	0	0	0	0	0	0	
525081	0	0	0	0	0	0	0	97	0	0	0	0	0	0	0	0	
525828	0	0	0	0	0	0	0	109	0	0	0	0	0	0	0	0	
526576	0	0	0	0	0	0	0	115	0	0	0	0	0	0	0	0	
527324	0	0	0	0	0	0	0	117	0	0	0	0	0	0	0	0	
528076	0	0	0	0	0	0	0	85	0	0	0	0	0	0	0	0	
528827	0	0	0	0	0	0	0	99	0	0	0	0	0	0	0	0	
529580	0	0	0	0	0	0	0	95	0	0	0	0	0	0	0	0	
530331	0	0	0	0	0	0	0	103	0	0	0	0	0	0	0	0	
531078	0	0	0	0	0	0	0	95	0	0	0	0	0	0	0	0	
531830	0	0	0	0	0	0	0	95	0	0	0	0	0	0	0	0	
532585	0	0	0	0	0	0	0	111	0	0	0	0	0	0	0	0	
533332	0	0	0	0	0	0	0	103	0	0	0	0	0	0	0	0	
534083	0	0	0	0	0	0	0	109	0	0	0	0	0	0	0	0	
534835	0	0	0	0	0	0	0	95	0	0	0	0	0	0	0	0	
535585	0	0	0	0	0	0	0	95	0	0	0	0	0	0	0	0	
536338	0	0	0	0	0	0	0	103	0	0	0	0	0	0	0	0	
537091	0	0	0	0	0	0	0	91	0	0	0	0	0	0	0	0	
537840	0	0	0	0	0	0	0	103	0	0	0	0	0	0	0	0	
538592	0	0	0	0	0	0	0	95	0	0	0	0	0	0	0	0	
539342	0	0	0	0	0	0	0	101	0	0	0	0	0	0	0	0	
540092	0	0	0	0	0	0	0	87	0	0	0	0	0	0	0	0	
540840	0	0	0	0	0	0	0	111	0	0	0	0	0	0	0	0	
541593	0	0	0	0	0	0	0	107	0	0	0	0	0	0	0	0	
542345	0	0	0	0	0	0	0	91	0	0	0	0	0	0	0	0	
543097	0	0	0	0	0	0	0	111	0	0	0	0	0	0	0	0	
543848	0	0	0	0	0	0	0	85	0	0	0	0	0	0	0	0	
544600	0	0	0	0	0	0	0	87	0	0	0	0	0	0	0	0	
545351	0	0	0	0	0	0	0	119	0	0	0	0	0	0	0	0	
546098	0	0	0	0	0	0	0	99	0	0	0	0	0	0	0	0	
546847	0	0	0	0	0	0	0	89	0	0	0	0	0	0	0	0	
547601	0	0	0	0	0	0	0	87	0	0	0	0	0	0	0	0	
548350	0	0	0	0	0	0	0	93	0	0	0	0	0	0	0	0	
549099	0	0	0	0	0	0	0	123	0	0	0	0	0	0	0	0	
549849	0	0	0	0	0	0	0	99	0	0	0	0	0	0	0	0	
550600	0	0	0	0	0	0	0	103	0	0	0	0	0	0	0	0	
551354	0	0	0	0	0	0	0	99	0	0	0	0	0	0	0	0	
552103	0	0	0	0	0	0	0	89	0	0	0	0	0	0	0	0	
552857	0	0	0	0	0	0	0	99	0	0	0	0	0	0	0	0	
553607	0	0	0	0	0	0	0	87	0	0	0	0	0	0	0	0	
554356	0	0	0	0	0	0	0	105	0	0	0	0	0	0	0	0	
555108	0	0	0	0	0	0	0	0	99	0	0	0	0	0	0	0	
555855	0	0	0	0	0	0	0	0	99	0	0	0	0	0	0	0	
556604	0	0	0	0	0	0	0	0	89	0	0	0	0	0	0	0	
557353	0	0	0	0	0	0	0	0	81	0	0	0	0	0	0	0	
558102	0	0	0	0	0	0	0	0	87	0	0	0	0	0	0	0	
558853	0	0	0	0	0	0	0	0	95	0	0	0	0	0	0	0	
559603	0	0	0	0	0	0	0	0	83	0	0	0	0	0	0	0	
560353	0	0	0	0	0	0	0	0	97	0	0	0	0	0	0	0	
561103	0	0	0	0	0	0	0	0	105	0	0	0	0	0	0	0	
561851	0	0	0	0	0	0	0	0	93	0	0	0	0	0	0	0	
562607	0	0	0	0	0	0	0	107	0	0	0	0	0	0	0	0	
563356	0	0	0	0	0	0	0	99	0	0	0	0	0	0	0	0	
564111	0	0	0	0	0	0	0	101	0	0	0	0	0	0	0	0	
564861	0	0	0	0	0	0	0	93	0	0	0	0	0	0	0	0	
565608	0	0	0	0	0	0	0	97	0	0	0	0	0	0	0	0	
566360	0	0	0	0	0	0	1	116	0	0	0	0	0	0	0	0	
567110	0	0	0	0	0	0	0	89	0	0	0	0	0	0	0	0	
567859	0	0	0	0	0	0	0	89	0	0	0	0	0	0	0	0	
568610	0	0	0	0	0	0	0	79	0	0	0	0	0	0	0	0	
569357	0	0	0	0	0	0	0	91	0	0	0	0	0	0	0	0	
570106	0	0	0	0	0	0	0	85	0	0	0	0	0	0	0	0	
570855	0	0	0	0	0	0	113	0	0	0	0	0	0	0	0	0	
571606	0	0	0	0	0	131	0	0	0	0	0	0	0	0	0	0	
572354	0	0	0	0	0	115	0	0	0	0	0	0	0	0	0	0	
573105	0	0	0	0	0	141	0	0	0	0	0	0	0	0	0	0	
573858	0	0	0	0	0	127	0	0	0	0	0	0	0	0	0	0	
574607	0	0	0	0	0	133	0	0	0	0	0	0	0	0	0	0	
575360	0	0	0	0	0	139	0	0	0	0	0	0	0	0	0	0	
576110	0	0	0	0	0	137	0	0	0	0	0	0	0	0	0	0	
576858	0	0	0	0	0	149	0	0	0	0	0	0	0	0	0	0	
577608	0	0	0	0	0	123	0	0	0	0	0	0	0	0	0	0	
578355	0	0	0	0	0	117	0	0	0	0	0	0	0	0	0	0	
579108	0	0	0	0	0	133	0	0	0	0	0	0	0	0	0	0	
579859	0	0	0	0	0	141	0	0	0	0	0	0	0	0	0	0	
580606	0	0	0	0	0	127	0	0	0	0	0	0	0	0	0	0	
581357	0	0	0	0	0	141	0	0	0	0	0	0	0	0	0	0	
582106	0	0	0	0	0	127	0	0	0	0	0	0	0	0	0	0	
582856	0	0	0	0	0	137	0	0	0	0	0	0	0	0	0	0	
583604	0	0	0	0	0	121	0	0	0	0	0	0	0	0	0	0	
584355	0	0	0	0	0	131	0	0	0	0	0	0	0	0	0	0	
585105	0	0	0	0	0	123	0	0	0	0	0	0	0	0	0	0	
585856	0	0	0	0	0	145	0	0	0	0	0	0	0	0	0	0	
586608	0	0	0	0	0	137	0	0	0	0	0	0	0	0	0	0	
587357	0	0	0	0	0	125	0	0	0	0	0	0	0	0	0	0	
588107	0	0	0	0	0	143	0	0	0	0	0	0	0	0	0	0	
588857	0	0	0	0	0	129	0	0	0	0	0	0	0	0	0	0	
589607	0	0	0	0	0	137	0	0	0	0	0	0	0	0	0	0	
590355	0	0	0	0	0	119	0	0	0	0	0	0	0	0	0	0	
591100	0	0	0	0	15	108	0	0	0	0	0	0	0	0	0	0	
591848	0	0	0	0	159	0	0	0	0	0	0	0	0	0	0	0	
592598	0	0	0	0	161	0	0	0	0	0	0	0	0	0	0	0	
593350	0	0	0	0	139	0	0	0	0	0	0	0	0	0	0	0	
594097	0	0	0	0	149	0	0	0	0	0	0	0	0	0	0	0	
594849	0	0	0	0	153	0	0	0	0	0	0	0	0	0	0	0	
595599	0	0	0	0	153	0	0	0	0	0	0	0	0	0	0	0	
596348	0	0	0	0	163	0	0	0	0	0	0	0	0	0	0	0	
597096	0	0	0	0	157	0	0	0	0	0	0	0	0	0	0	0	
597844	0	0	0	0	149	0	0	0	0	0	0	0	0	0	0	0	
598592	0	0	0	0	155	0	0	0	0	0	0	0	0	0	0	0	
599340	0	0	0	0	153	0	0	0	0	0	0	0	0	0	0	0	
600093	0	0	0	0	145	0	0	0	0	0	0	0	0	0	0	0	
600846	0	0	0	0	171	0	0	0	0	0	0	0	0	0	0	0	
601594	0	0	0	0	177	0	0	0	0	0	0	0	0	0	0	0	
602345	0	0	0	0	167	0	0	0	0	0	0	0	0	0	0	0	
603097	0	0	0	0	167	0	0	0	0	0	0	0	0	0	0	0	
603846	0	0	0	0	157	0	0	0	0	0	0	0	0	0	0	0	
604597	0	0	0	0	157	0	0	0	0	0	0	0	0	0	0	0	
605350	0	0	0	0	195	0	0	0	0	0	0	0	0	0	0	0	
606098	0	0	0	0	147	0	0	0	0	0	0	0	0	0	0	0	
606849	0	0	0	0	171	0	0	0	0	0	0	0	0	0	0	0	
607601	0	0	0	0	161	0	0	0	0	0	0	0	0	0	0	0	
608353	0	0	0	0	127	0	0	0	0	0	0	0	0	0	0	0	
609104	0	0	0	0	161	0	0	0	0	0	0	0	0	0	0	0	
609855	0	0	0	0	163	0	0	0	0	0	0	0	0	0	0	0	
610602	0	0	0	0	163	0	0	0	0	0	0	0	0	0	0	0	
611350	0	0	0	0	171	0	0	0	0	0	0	0	0	0	0	0	
612099	0	0	0	0	174	1	0	0	0	0	0	0	0	0	0	0	
612848	0	0	0	0	145	0	0	0	0	0	0	0	0	0	0	0	
613596	0	0	0	0	139	0	0	0	0	0	0	0	0	0	0	0	
614348	0	0	0	0	159	0	0	0	0	0	0	0	0	0	0	0	
615100	0	0	0	0	169	0	0	0	0	0	0	0	0	0	0	0	
615855	0	0	0	0	133	0	0	0	0	0	0	0	0	0	0	0	
616606	0	0	0	0	149	0	0	0	0	0	0	0	0	0	0	0	
617355	0	0	0	0	165	0	0	0	0	0	0	0	0	0	0	0	
618107	0	0	0	0	161	0	0	0	0	0	0	0	0	0	0	0	
618859	0	0	0	0	155	0	0	0	0	0	0	0	0	0	0	0	
619610	0	0	0	0	157	0	0	0	0	0	0	0	0	0	0	0	
620363	0	0	0	0	159	0	0	0	0	0	0	0	0	0	0	0	
621111	0	0	0	0	163	0	0	0	0	0	0	0	0	0	0	0	
621859	0	0	0	213	0	0	0	0	0	0	0	0	0	0	0	0	
622611	0	0	0	131	50	0	0	0	0	0	0	0	0	0	0	0	
623357	0	0	0	201	0	0	0	0	0	0	0	0	0	0	0	0	
624108	0	0	0	201	0	0	0	0	0	0	0	0	0	0	0	0	
624858	0	0	0	209	0	0	0	0	0	0	0	0	0	0	0	0	
625609	0	0	0	187	0	0	0	0	0	0	0	0	0	0	0	0	
626362	0	0	0	171	0	0	0	0	0	0	0	0	0	0	0	0	
627112	0	0	0	195	0	0	0	0	0	0	0	0	0	0	0	0	
627864	0	0	0	185	0	0	0	0	0	0	0	0	0	0	0	0	
628613	0	0	0	201	0	0	0	0	0	0	0	0	0	0	0	0	
629362	0	0	0	213	0	0	0	0	0	0	0	0	0	0	0	0	
630112	0	0	0	191	0	0	0	0	0	0	0	0	0	0	0	0	
630864	0	0	0	195	0	0	0	0	0	0	0	0	0	0	0	0	
631611	0	0	0	195	0	0	0	0	0	0	0	0	0	0	0	0	
632356	0	0	0	199	0	0	0	0	0	0	0	0	0	0	0	0	
633106	0	0	0	189	0	0	0	0	0	0	0	0	0	0	0	0	
633859	0	0	167	72	0	0	0	0	0	0	0	0	0	0	0	0	
634610	0	0	273	0	0	0	0	0	0	0	0	0	0	0	0	0	
635358	0	0	265	0	0	0	0	0	0	0	0	0	0	0	0	0	
636106	0	0	303	0	0	0	0	0	0	0	0	0	0	0	0	0	
636854	0	0	285	0	0	0	0	0	0	0	0	0	0	0	0	0	
637606	0	0	277	0	0	0	0	0	0	0	0	0	0	0	0	0	
638356	0	0	253	0	0	0	0	0	0	0	0	0	0	0	0	0	
639108	0	0	239	0	0	0	0	0	0	0	0	0	0	0	0	0	
639856	0	0	265	0	0	0	0	0	0	0	0	0	0	0	0	0	
640609	0	0	276	1	0	0	0	0	0	0	0	0	0	0	0	0	
641361	0	0	277	0	0	0	0	0	0	0	0	0	0	0	0	0	
642106	0	0	275	0	0	0	0	0	0	0	0	0	0	0	0	0	
642856	0	0	245	0	0	0	0	0	0	0	0	0	0	0	0	0	
643607	0	0	257	0	0	0	0	0	0	0	0	0	0	0	0	0	
644358	0	0	253	0	0	0	0	0	0	0	0	0	0	0	0	0	
645110	0	0	267	0	0	0	0	0	0	0	0	0	0	0	0	0	
645861	0	0	295	0	0	0	0	0	0	0	0	0	0	0	0	0	
646611	0	0	267	0	0	0	0	0	0	0	0	0	0	0	0	0	
647360	0	0	257	0	0	0	0	0	0	0	0	0	0	0	0	0	
648112	0	0	243	0	0	0	0	0	0	0	0	0	0	0	0	0	
648861	0	0	237	0	0	0	0	0	0	0	0	0	0	0	0	0	
649615	0	0	269	0	0	0	0	0	0	0	0	0	0	0	0	0	
650365	0	0	273	0	0	0	0	0	0	0	0	0	0	0	0	0	
651121	0	0	279	0	0	0	0	0	0	0	0	0	0	0	0	0	
651871	0	0	279	0	0	0	0	0	0	0	0	0	0	0	0	0	
652618	0	0	267	0	0	0	0	0	0	0	0	0	0	0	0	0	
653366	0	0	289	0	0	0	0	0	0	0	0	0	0	0	0	0	
654116	0	0	265	0	0	0	0	0	0	0	0	0	0	0	0	0	
654871	0	0	261	0	0	0	0	0	0	0	0	0	0	0	0	0	
655621	0	0	263	0	0	0	0	0	0	0	0	0	0	0	0	0	
656367	0	0	275	0	0	0	0	0	0	0	0	0	0	0	0	0	
657118	0	0	253	0	0	0	0	0	0	0	0	0	0	0	0	0	
657868	0	0	289	0	0	0	0	0	0	0	0	0	0	0	0	0	
658619	0	0	273	0	0	0	0	0	0	0	0	0	0	0	0	0	
659369	0	0	255	0	0	0	0	0	0	0	0	0	0	0	0	0	
660118	0	0	267	0	0	0	0	0	0	0	0	0	0	0	0	0	
660871	0	0	227	0	0	0	0	0	0	0	0	0	0	0	0	0	
661620	0	0	255	0	0	0	0	0	0	0	0	0	0	0	0	0	
662370	0	0	40	193	0	0	0	0	0	0	0	0	0	0	0	0	
663119	0	0	0	193	0	0	0	0	0	0	0	0	0	0	0	0	
663869	0	0	0	0	167	0	0	0	0	0	0	0	0	0	0	0	
664616	0	0	0	0	169	0	0	0	0	0	0	0	0	0	0	0	
665372	0	0	0	0	139	0	0	0	0	0	0	0	0	0	0	0	
666122	0	0	0	199	0	0	0	0	0	0	0	0	0	0	0	0	
666874	0	0	0	207	0	0	0	0	0	0	0	0	0	0	0	0	
667621	0	0	0	211	0	0	0	0	0	0	0	0	0	0	0	0	
668371	0	0	0	197	0	0	0	0	0	0	0	0	0	0	0	0	
669123	0	0	0	187	0	0	0	0	0	0	0	0	0	0	0	0	
669871	0	0	0	185	0	0	0	0	0	0	0	0	0	0	0	0	
670623	0	0	0	201	0	0	0	0	0	0	0	0	0	0	0	0	
671373	0	0	0	187	0	0	0	0	0	0	0	0	0	0	0	0	
672125	0	0	12	163	0	0	0	0	0	0	0	0	0	0	0	0	
672877	0	0	255	0	0	0	0	0	0	0	0	0	0	0	0	0	
673627	0	0	277	0	0	0	0	0	0	0	0	0	0	0	0	0	
674376	0	0	267	0	0	0	0	0	0	0	0	0	0	0	0	0	
675127	0	0	273	0	0	0	0	0	0	0	0	0	0	0	0	0	
675874	0	0	243	12	0	0	0	0	0	0	0	0	0	0	0	0	
676621	0	0	0	201	0	0	0	0	0	0	0	0	0	0	0	0	
677376	0	0	8	177	0	0	0	0	0	0	0	0	0	0	0	0	
678124	0	0	0	211	0	0	0	0	0	0	0	0	0	0	0	0	
678875	0	0	13	180	0	0	0	0	0	0	0	0	0	0	0	0	
679623	0	0	0	209	0	0	0	0	0	0	0	0	0	0	0	0	
680376	0	0	0	219	0	0	0	0	0	0	0	0	0	0	0	0	
681127	0	0	0	193	0	0	0	0	0	0	0	0	0	0	0	0	
681875	0	0	0	215	0	0	0	0	0	0	0	0	0	0	0	0	
682626	0	0	0	185	0	0	0	0	0	0	0	0	0	0	0	0	
683380	0	0	0	223	0	0	0	0	0	0	0	0	0	0	0	0	
684129	0	0	0	171	0	0	0	0	0	0	0	0	0	0	0	0	
684879	0	0	0	207	0	0	0	0	0	0	0	0	0	0	0	0	
685631	0	0	0	201	0	0	0	0	0	0	0	0	0	0	0	0	
686379	0	0	0	185	0	0	0	0	0	0	0	0	0	0	0	0	
687128	0	0	0	201	0	0	0	0	0	0	0	0	0	0	0	0	
687877	0	0	0	185	0	0	0	0	0	0	0	0	0	0	0	0	
688626	0	0	0	191	0	0	0	0	0	0	0	0	0	0	0	0	
689378	0	0	0	217	0	0	0	0	0	0	0	0	0	0	0	0	
690129	0	0	0	213	0	0	0	0	0	0	0	0	0	0	0	0	
690878	0	0	0	213	0	0	0	0	0	0	0	0	0	0	0	0	
691628	0	0	0	203	0	0	0	0	0	0	0	0	0	0	0	0	
692379	0	0	0	189	0	0	0	0	0	0	0	0	0	0	0	0	
693128	0	0	0	199	0	0	0	0	0	0	0	0	0	0	0	0	
693876	0	0	0	191	0	0	0	0	0	0	0	0	0	0	0	0	
694626	0	0	0	169	0	0	0	0	0	0	0	0	0	0	0	0	
695374	0	0	0	167	0	0	0	0	0	0	0	0	0	0	0	0	
696124	0	0	0	205	0	0	0	0	0	0	0	0	0	0	0	0	
696872	0	0	0	191	0	0	0	0	0	0	0	0	0	0	0	0	
697621	0	0	0	223	0	0	0	0	0	0	0	0	0	0	0	0	
698371	0	0	0	203	0	0	0	0	0	0	0	0	0	0	0	0	
699118	0	0	0	0	187	0	0	0	0	0	0	0	0	0	0	0	
699870	0	0	0	0	161	0	0	0	0	0	0	0	0	0	0	0	
700620	0	0	0	0	187	0	0	0	0	0	0	0	0	0	0	0	
701368	0	0	0	0	141	0	0	0	0	0	0	0	0	0	0	0	
702119	0	0	0	0	161	0	0	0	0	0	0	0	0	0	0	0	
702870	0	0	0	0	169	0	0	0	0	0	0	0	0	0	0	0	
703621	0	0	0	0	167	0	0	0	0	0	0	0	0	0	0	0	
704373	0	0	0	0	201	0	0	0	0	0	0	0	0	0	0	0	
705123	0	0	0	0	155	0	0	0	0	0	0	0	0	0	0	0	
705873	0	0	0	0	163	0	0	0	0	0	0	0	0	0	0	0	
706623	0	0	0	0	163	0	0	0	0	0	0	0	0	0	0	0	
707372	0	0	0	0	147	0	0	0	0	0	0	0	0	0	0	0	
708121	0	0	0	0	165	0	0	0	0	0	0	0	0	0	0	0	
708869	0	0	0	0	153	0	0	0	0	0	0	0	0	0	0	0	
709619	0	0	0	0	163	0	0	0	0	0	0	0	0	0	0	0	
710371	0	0	0	0	157	0	0	0	0	0	0	0	0	0	0	0	
711120	0	0	0	0	151	0	0	0	0	0	0	0	0	0	0	0	
711870	0	0	0	0	153	0	0	0	0	0	0	0	0	0	0	0	
712621	0	0	0	0	171	0	0	0	0	0	0	0	0	0	0	0	
713371	0	0	0	0	167	0	0	0	0	0	0	0	0	0	0	0	
714119	0	0	0	0	169	0	0	0	0	0	0	0	0	0	0	0	
714869	0	0	0	0	143	0	0	0	0	0	0	0	0	0	0	0	
715615	0	0	0	0	181	0	0	0	0	0	0	0	0	0	0	0	
716363	0	0	0	0	161	0	0	0	0	0	0	0	0	0	0	0	
717113	0	0	0	0	169	0	0	0	0	0	0	0	0	0	0	0	
717864	0	0	0	0	167	0	0	0	0	0	0	0	0	0	0	0	
718611	0	0	0	0	151	0	0	0	0	0	0	0	0	0	0	0	
719362	0	0	0	0	163	0	0	0	0	0	0	0	0	0	0	0	
720108	0	0	0	0	181	0	0	0	0	0	0	0	0	0	0	0	
720858	0	0	0	0	165	0	0	0	0	0	0	0	0	0	0	0	
721609	0	0	0	0	159	0	0	0	0	0	0	0	0	0	0	0	
722356	0	0	0	0	153	0	0	0	0	0	0	0	0	0	0	0	
723107	0	0	0	0	171	0	0	0	0	0	0	0	0	0	0	0	
723856	0	0	0	0	169	0	0	0	0	0	0	0	0	0	0	0	
724603	0	0	0	27	134	0	0	0	0	0	0	0	0	0	0	0	
725353	0	0	0	0	157	0	0	0	0	0	0	0	0	0	0	0	
726104	0	0	0	0	157	0	0	0	0	0	0	0	0	0	0	0	
726852	0	0	0	211	0	0	0	0	0	0	0	0	0	0	0	0	
727603	0	0	0	195	0	0	0	0	0	0	0	0	0	0	0	0	
728355	0	0	0	191	0	0	0	0	0	0	0	0	0	0	0	0	
729104	0	0	0	223	0	0	0	0	0	0	0	0	0	0	0	0	
729857	0	0	0	225	0	0	0	0	0	0	0	0	0	0	0	0	
730611	0	0	0	199	0	0	0	0	0	0	0	0	0	0	0	0	
731362	0	0	0	209	0	0	0	0	0	0	0	0	0	0	0	0	
732115	0	0	0	205	0	0	0	0	0	0	0	0	0	0	0	0	
732864	0	0	0	209	0	0	0	0	0	0	0	0	0	0	0	0	
733612	0	0	0	209	0	0	0	0	0	0	0	0	0	0	0	0	
734365	0	0	0	189	0	0	0	0	0	0	0	0	0	0	0	0	
735115	0	0	0	213	0	0	0	0	0	0	0	0	0	0	0	0	
735864	0	0	0	201	0	0	0	0	0	0	0	0	0	0	0	0	
736617	0	0	0	199	0	0	0	0	0	0	0	0	0	0	0	0	
737364	0	0	0	199	0	0	0	0	0	0	0	0	0	0	0	0	
738114	0	0	0	165	0	0	0	0	0	0	0	0	0	0	0	0	
738865	0	0	0	191	0	0	0	0	0	0	0	0	0	0	0	0	
739615	0	0	0	193	0	0	0	0	0	0	0	0	0	0	0	0	
740365	0	0	0	221	0	0	0	0	0	0	0	0	0	0	0	0	
741116	0	0	0	203	0	0	0	0	0	0	0	0	0	0	0	0	
741862	0	0	0	191	0	0	0	0	0	0	0	0	0	0	0	0	
742613	0	0	0	189	0	0	0	0	0	0	0	0	0	0	0	0	
743362	0	0	0	213	0	0	0	0	0	0	0	0	0	0	0	0	
744113	0	0	0	187	0	0	0	0	0	0	0	0	0	0	0	0	
744864	0	0	0	193	0	0	0	0	0	0	0	0	0	0	0	0	
745615	0	0	0	213	0	0	0	0	0	0	0	0	0	0	0	0	
746363	0	0	0	191	0	0	0	0	0	0	0	0	0	0	0	0	
747111	0	0	0	171	0	0	0	0	0	0	0	0	0	0	0	0	
747860	0	0	0	181	0	0	0	0	0	0	0	0	0	0	0	0	
748609	0	0	0	185	0	0	0	0	0	0	0	0	0	0	0	0	
749360	0	0	0	207	0	0	0	0	0	0	0	0	0	0	0	0	
750110	0	0	0	191	0	0	0	0	0	0	0	0	0	0	0	0	
750861	0	0	0	185	0	0	0	0	0	0	0	0	0	0	0	0	
751613	0	0	0	227	0	0	0	0	0	0	0	0	0	0	0	0	
752363	0	0	0	199	0	0	0	0	0	0	0	0	0	0	0	0	
753113	0	0	0	213	0	0	0	0	0	0	0	0	0	0	0	0	
753862	0	0	0	185	0	0	0	0	0	0	0	0	0	0	0	0	
754608	0	0	0	183	0	0	0	0	0	0	0	0	0	0	0	0	
755358	0	0	0	215	0	0	0	0	0	0	0	0	0	0	0	0	
756108	0	0	0	209	0	0	0	0	0	0	0	0	0	0	0	0	
756856	0	0	0	197	0	0	0	0	0	0	0	0	0	0	0	0	
757608	0	0	0	187	0	0	0	0	0	0	0	0	0	0	0	0	
758359	0	0	0	199	0	0	0	0	0	0	0	0	0	0	0	0	
759109	0	0	0	199	0	0	0	0	0	0	0	0	0	0	0	0	
759860	0	0	0	197	0	0	0	0	0	0	0	0	0	0	0	0	
760610	0	0	0	195	0	0	0	0	0	0	0	0	0	0	0	0	
761355	0	0	0	215	0	0	0	0	0	0	0	0	0	0	0	0	
762103	0	0	0	183	0	0	0	0	0	0	0	0	0	0	0	0	
762856	0	0	0	201	0	0	0	0	0	0	0	0	0	0	0	0	
763605	0	0	0	181	0	0	0	0	0	0	0	0	0	0	0	0	
764357	0	0	0	191	0	0	0	0	0	0	0	0	0	0	0	0	
765106	0	0	0	223	0	0	0	0	0	0	0	0	0	0	0	0	
765856	0	0	0	195	0	0	0	0	0	0	0	0	0	0	0	0	
766606	0	0	0	207	0	0	0	0	0	0	0	0	0	0	0	0	
767360	0	0	0	187	0	0	0	0	0	0	0	0	0	0	0	0	
768111	0	0	0	213	0	0	0	0	0	0	0	0	0	0	0	0	
768856	0	0	0	205	0	0	0	0	0	0	0	0	0	0	0	0	
769604	0	0	0	201	0	0	0	0	0	0	0	0	0	0	0	0	
770353	0	0	0	197	0	0	0	0	0	0	0	0	0	0	0	0	
771105	0	0	0	209	0	0	0	0	0	0	0	0	0	0	0	0	
771857	0	0	0	179	0	0	0	0	0	0	0	0	0	0	0	0	
772609	0	0	0	205	0	0	0	0	0	0	0	0	0	0	0	0	
773359	0	0	0	195	0	0	0	0	0	0	0	0	0	0	0	0	
774107	0	0	0	231	0	0	0	0	0	0	0	0	0	0	0	0	
774856	0	0	1	204	0	0	0	0	0	0	0	0	0	0	0	0	
775607	0	0	0	225	0	0	0	0	0	0	0	0	0	0	0	0	
776358	0	0	0	209	0	0	0	0	0	0	0	0	0	0	0	0	
777108	0	0	0	193	0	0	0	0	0	0	0	0	0	0	0	0	
777855	0	0	0	193	0	0	0	0	0	0	0	0	0	0	0	0	
778609	0	0	0	203	0	0	0	0	0	0	0	0	0	0	0	0	
779361	0	0	0	201	0	0	0	0	0	0	0	0	0	0	0	0	
780112	0	0	0	175	0	0	0	0	0	0	0	0	0	0	0	0	
780860	0	0	0	187	0	0	0	0	0	0	0	0	0	0	0	0	
781608	0	0	0	213	0	0	0	0	0	0	0	0	0	0	0	0	
782357	0	0	0	195	0	0	0	0	0	0	0	0	0	0	0	0	
783109	0	0	0	201	0	0	0	0	0	0	0	0	0	0	0	0	
783857	0	0	0	187	0	0	0	0	0	0	0	0	0	0	0	0	
784609	0	0	0	215	0	0	0	0	0	0	0	0	0	0	0	0	
785359	0	0	0	171	0	0	0	0	0	0	0	0	0	0	0	0	
786108	0	0	0	207	0	0	0	0	0	0	0	0	0	0	0	0	
786859	0	0	0	201	0	0	0	0	0	0	0	0	0	0	0	0	
787607	0	0	0	213	0	0	0	0	0	0	0	0	0	0	0	0	
788358	0	0	0	185	0	0	0	0	0	0	0	0	0	0	0	0	
789109	0	0	0	237	0	0	0	0	0	0	0	0	0	0	0	0	
789861	0	0	0	183	0	0	0	0	0	0	0	0	0	0	0	0	
790609	0	0	0	215	0	0	0	0	0	0	0	0	0	0	0	0	
791360	0	0	0	195	0	0	0	0	0	0	0	0	0	0	0	0	
792108	0	0	0	187	0	0	0	0	0	0	0	0	0	0	0	0	
792855	0	0	0	185	0	0	0	0	0	0	0	0	0	0	0	0	
793604	0	0	0	187	0	0	0	0	0	0	0	0	0	0	0	0	
794355	0	0	0	189	0	0	0	0	0	0	0	0	0	0	0	0	
795108	0	0	0	187	0	0	0	0	0	0	0	0	0	0	0	0	
795857	0	0	0	205	0	0	0	0	0	0	0	0	0	0	0	0	
796604	0	0	0	195	0	0	0	0	0	0	0	0	0	0	0	0	
797355	0	0	0	191	0	0	0	0	0	0	0	0	0	0	0	0	
798104	0	0	0	215	0	0	0	0	0	0	0	0	0	0	0	0	
798854	0	0	0	213	0	0	0	0	0	0	0	0	0	0	0	0	
799603	0	0	0	225	0	0	0	0	0	0	0	0	0	0	0	0	
800351	0	0	0	187	0	0	0	0	0	0	0	0	0	0	0	0	
801102	0	0	0	213	0	0	0	0	0	0	0	0	0	0	0	0	
801852	0	0	0	225	0	0	0	0	0	0	0	0	0	0	0	0	
802602	0	0	0	215	0	0	0	0	0	0	0	0	0	0	0	0	
803353	0	0	0	70	101	0	0	0	0	0	0	0	0	0	0	0	
804104	0	0	0	203	0	0	0	0	0	0	0	0	0	0	0	0	
804856	0	0	0	213	0	0	0	0	0	0	0	0	0	0	0	0	
805607	0	0	0	179	0	0	0	0	0	0	0	0	0	0	0	0	
806358	0	0	0	205	0	0	0	0	0	0	0	0	0	0	0	0	
807109	0	0	0	207	0	0	0	0	0	0	0	0	0	0	0	0	
807862	0	0	0	201	0	0	0	0	0	0	0	0	0	0	0	0	
808611	0	0	0	211	0	0	0	0	0	0	0	0	0	0	0	0	
809360	0	0	0	195	0	0	0	0	0	0	0	0	0	0	0	0	
810108	0	0	0	0	169	0	0	0	0	0	0	0	0	0	0	0	
810858	0	0	0	0	157	0	0	0	0	0	0	0	0	0	0	0	
811605	0	0	0	0	147	0	0	0	0	0	0	0	0	0	0	0	
812354	0	0	0	0	165	0	0	0	0	0	0	0	0	0	0	0	
813101	0	0	0	0	165	0	0	0	0	0	0	0	0	0	0	0	
813852	0	0	0	0	147	0	0	0	0	0	0	0	0	0	0	0	
814601	0	0	0	0	161	0	0	0	0	0	0	0	0	0	0	0	
815351	0	0	0	0	159	0	0	0	0	0	0	0	0	0	0	0	
816101	0	0	0	0	183	0	0	0	0	0	0	0	0	0	0	0	
816851	0	0	0	0	175	0	0	0	0	0	0	0	0	0	0	0	
817600	0	0	0	0	137	0	0	0	0	0	0	0	0	0	0	0	
818351	0	0	0	0	143	0	0	0	0	0	0	0	0	0	0	0	
819102	0	0	0	0	155	0	0	0	0	0	0	0	0	0	0	0	
819848	0	0	0	0	187	0	0	0	0	0	0	0	0	0	0	0	
820602	0	0	0	0	177	0	0	0	0	0	0	0	0	0	0	0	
821350	0	0	0	0	157	0	0	0	0	0	0	0	0	0	0	0	
822100	0	0	0	0	173	0	0	0	0	0	0	0	0	0	0	0	
822849	0	0	0	0	137	0	0	0	0	0	0	0	0	0	0	0	
823595	0	0	0	0	171	0	0	0	0	0	0	0	0	0	0	0	
824343	0	0	0	0	165	0	0	0	0	0	0	0	0	0	0	0	
825094	0	0	0	0	175	0	0	0	0	0	0	0	0	0	0	0	
825844	0	0	0	0	133	0	0	0	0	0	0	0	0	0	0	0	
826595	0	0	0	0	155	0	0	0	0	0	0	0	0	0	0	0	
827345	0	0	0	0	167	0	0	0	0	0	0	0	0	0	0	0	
828095	0	0	0	0	165	0	0	0	0	0	0	0	0	0	0	0	
828845	0	0	0	0	135	0	0	0	0	0	0	0	0	0	0	0	
829593	0	0	0	0	157	0	0	0	0	0	0	0	0	0	0	0	
830346	0	0	0	0	169	0	0	0	0	0	0	0	0	0	0	0	
831095	0	0	0	0	139	0	0	0	0	0	0	0	0	0	0	0	
831844	0	0	0	0	169	0	0	0	0	0	0	0	0	0	0	0	
832595	0	0	0	0	161	0	0	0	0	0	0	0	0	0	0	0	
833345	0	0	0	0	161	0	0	0	0	0	0	0	0	0	0	0	
834095	0	0	0	0	143	0	0	0	0	0	0	0	0	0	0	0	
834848	0	0	0	0	149	0	0	0	0	0	0	0	0	0	0	0	
835596	0	0	0	0	155	0	0	0	0	0	0	0	0	0	0	0	
836342	0	0	0	0	159	0	0	0	0	0	0	0	0	0	0	0	
837091	0	0	0	1	166	0	0	0	0	0	0	0	0	0	0	0	
837842	0	0	0	0	159	0	0	0	0	0	0	0	0	0	0	0	
838590	0	0	0	0	163	0	0	0	0	0	0	0	0	0	0	0	
839343	0	0	0	0	169	0	0	0	0	0	0	0	0	0	0	0	
840094	0	0	0	0	173	0	0	0	0	0	0	0	0	0	0	0	
840843	0	0	0	0	161	0	0	0	0	0	0	0	0	0	0	0	
841593	0	0	0	0	165	0	0	0	0	0	0	0	0	0	0	0	
842342	0	0	0	0	155	0	0	0	0	0	0	0	0	0	0	0	
843094	0	0	0	0	155	0	0	0	0	0	0	0	0	0	0	0	
843848	0	0	0	0	153	0	0	0	0	0	0	0	0	0	0	0	
844597	0	0	0	0	201	0	0	0	0	0	0	0	0	0	0	0	
845345	0	0	0	0	155	0	0	0	0	0	0	0	0	0	0	0	
846093	0	0	0	0	171	0	0	0	0	0	0	0	0	0	0	0	
846844	0	0	0	0	175	0	0	0	0	0	0	0	0	0	0	0	
847594	0	0	0	0	163	0	0	0	0	0	0	0	0	0	0	0	
848346	0	0	0	0	151	0	0	0	0	0	0	0	0	0	0	0	
849095	0	0	0	0	159	0	0	0	0	0	0	0	0	0	0	0	
849843	0	0	0	0	155	0	0	0	0	0	0	0	0	0	0	0	
850593	0	0	0	0	151	0	0	0	0	0	0	0	0	0	0	0	
851343	0	0	0	0	153	0	0	0	0	0	0	0	0	0	0	0	
852092	0	0	0	0	167	0	0	0	0	0	0	0	0	0	0	0	
852842	0	0	0	0	181	0	0	0	0	0	0	0	0	0	0	0	
853593	0	0	0	0	155	0	0	0	0	0	0	0	0	0	0	0	
854340	0	0	0	0	169	0	0	0	0	0	0	0	0	0	0	0	
855089	0	0	0	0	157	0	0	0	0	0	0	0	0	0	0	0	
855840	0	0	0	0	0	131	0	0	0	0	0	0	0	0	0	0	
856589	0	0	0	0	0	113	0	0	0	0	0	0	0	0	0	0	
857339	0	0	0	0	0	139	0	0	0	0	0	0	0	0	0	0	
858087	0	0	0	0	0	125	0	0	0	0	0	0	0	0	0	0	
858835	0	0	0	0	0	131	0	0	0	0	0	0	0	0	0	0	
859579	0	0	0	0	0	125	0	0	0	0	0	0	0	0	0	0	
860330	0	0	0	0	0	129	0	0	0	0	0	0	0	0	0	0	
861080	0	0	0	0	0	127	0	0	0	0	0	0	0	0	0	0	
861832	0	0	0	0	0	131	0	0	0	0	0	0	0	0	0	0	
862583	0	0	0	0	0	141	0	0	0	0	0	0	0	0	0	0	
863331	0	0	0	0	0	149	0	0	0	0	0	0	0	0	0	0	
864080	0	0	0	0	0	127	0	0	0	0	0	0	0	0	0	0	
864833	0	0	0	0	0	91	0	0	0	0	0	0	0	0	0	0	
865583	0	0	0	0	0	129	0	0	0	0	0	0	0	0	0	0	
866337	0	0	0	0	0	131	0	0	0	0	0	0	0	0	0	0	
867087	0	0	0	0	0	119	0	0	0	0	0	0	0	0	0	0	
867839	0	0	0	0	0	117	0	0	0	0	0	0	0	0	0	0	
868587	0	0	0	0	0	103	0	0	0	0	0	0	0	0	0	0	
869333	0	0	0	0	0	123	0	0	0	0	0	0	0	0	0	0	
870087	0	0	0	0	0	127	0	0	0	0	0	0	0	0	0	0	
870836	0	0	0	0	0	111	0	0	0	0	0	0	0	0	0	0	
871590	0	0	0	0	0	133	0	0	0	0	0	0	0	0	0	0	
872342	0	0	0	0	0	149	0	0	0	0	0	0	0	0	0	0	
873093	0	0	0	0	0	147	0	0	0	0	0	0	0	0	0	0	
873844	0	0	0	0	0	131	0	0	0	0	0	0	0	0	0	0	
874598	0	0	0	0	0	159	0	0	0	0	0	0	0	0	0	0	
875346	0	0	0	0	0	111	0	0	0	0	0	0	0	0	0	0	
876096	0	0	0	0	0	125	0	0	0	0	0	0	0	0	0	0	
876849	0	0	0	0	177	0	0	0	0	0	0	0	0	0	0	0	
877601	0	0	0	0	153	0	0	0	0	0	0	0	0	0	0	0	
878354	0	0	0	0	159	0	0	0	0	0	0	0	0	0	0	0	
879103	0	0	0	38	139	0	0	0	0	0	0	0	0	0	0	0	
879849	0	0	0	0	167	0	0	0	0	0	0	0	0	0	0	0	
880602	0	0	0	0	141	0	0	0	0	0	0	0	0	0	0	0	
881356	0	0	0	0	145	0	0	0	0	0	0	0	0	0	0	0	
882107	0	0	0	0	0	129	0	0	0	0	0	0	0	0	0	0	
882859	0	0	0	0	0	133	0	0	0	0	0	0	0	0	0	0	
883608	0	0	0	0	0	129	0	0	0	0	0	0	0	0	0	0	
884356	0	0	0	0	0	131	0	0	0	0	0	0	0	0	0	0	
885106	0	0	0	0	0	137	0	0	0	0	0	0	0	0	0	0	
885856	0	0	0	0	0	119	0	0	0	0	0	0	0	0	0	0	
886606	0	0	0	0	0	139	0	0	0	0	0	0	0	0	0	0	
887354	0	0	0	0	0	113	0	0	0	0	0	0	0	0	0	0	
888105	0	0	0	0	0	137	0	0	0	0	0	0	0	0	0	0	
888855	0	0	0	0	0	109	0	0	0	0	0	0	0	0	0	0	
889602	0	0	0	0	0	139	0	0	0	0	0	0	0	0	0	0	
890351	0	0	0	0	0	141	0	0	0	0	0	0	0	0	0	0	
891102	0	0	0	0	0	147	0	0	0	0	0	0	0	0	0	0	
891854	0	0	0	0	0	125	0	0	0	0	0	0	0	0	0	0	
892603	0	0	0	0	0	145	0	0	0	0	0	0	0	0	0	0	
893353	0	0	0	0	159	0	0	0	0	0	0	0	0	0	0	0	
894108	0	0	0	0	157	0	0	0	0	0	0	0	0	0	0	0	
894856	0	0	0	0	145	0	0	0	0	0	0	0	0	0	0	0	
895604	0	0	0	0	125	0	0	0	0	0	0	0	0	0	0	0	
896354	0	0	0	0	149	0	0	0	0	0	0	0	0	0	0	0	
897105	0	0	0	0	159	0	0	0	0	0	0	0	0	0	0	0	
897855	0	0	0	0	163	0	0	0	0	0	0	0	0	0	0	0	
898604	0	0	0	0	161	0	0	0	0	0	0	0	0	0	0	0	
899353	0	0	0	0	169	0	0	0	0	0	0	0	0	0	0	0	
900105	0	0	0	0	171	0	0	0	0	0	0	0	0	0	0	0	
900853	0	0	0	0	131	0	0	0	0	0	0	0	0	0	0	0	
901608	0	0	0	0	159	0	0	0	0	0	0	0	0	0	0	0	
902354	0	0	0	0	165	0	0	0	0	0	0	0	0	0	0	0	
903101	0	0	0	0	169	0	0	0	0	0	0	0	0	0	0	0	
903853	0	0	0	0	165	0	0	0	0	0	0	0	0	0	0	0	
904602	0	0	0	0	159	0	0	0	0	0	0	0	0	0	0	0	
905353	0	0	0	0	145	0	0	0	0	0	0	0	0	0	0	0	
906104	0	0	0	0	183	0	0	0	0	0	0	0	0	0	0	0	
906856	0	0	0	0	145	0	0	0	0	0	0	0	0	0	0	0	
907605	0	0	0	0	143	0	0	0	0	0	0	0	0	0	0	0	
908357	0	0	0	0	179	0	0	0	0	0	0	0	0	0	0	0	
909104	0	0	0	0	163	0	0	0	0	0	0	0	0	0	0	0	
909854	0	0	0	0	143	0	0	0	0	0	0	0	0	0	0	0	
910601	0	0	0	0	167	0	0	0	0	0	0	0	0	0	0	0	
911350	0	0	0	0	159	0	0	0	0	0	0	0	0	0	0	0	
912101	0	0	0	0	167	0	0	0	0	0	0	0	0	0	0	0	
912854	0	0	0	0	153	0	0	0	0	0	0	0	0	0	0	0	
913606	0	0	0	0	165	0	0	0	0	0	0	0	0	0	0	0	
914355	0	0	0	0	167	0	0	0	0	0	0	0	0	0	0	0	
915106	0	0	0	0	141	0	0	0	0	0	0	0	0	0	0	0	
915854	0	0	0	0	155	0	0	0	0	0	0	0	0	0	0	0	
916604	0	0	0	0	161	0	0	0	0	0	0	0	0	0	0	0	
917353	0	0	0	0	185	0	0	0	0	0	0	0	0	0	0	0	
918105	0	0	0	0	141	0	0	0	0	0	0	0	0	0	0	0	
918854	0	0	0	0	173	0	0	0	0	0	0	0	0	0	0	0	
919607	0	0	0	0	133	0	0	0	0	0	0	0	0	0	0	0	
920356	0	0	0	0	166	1	0	0	0	0	0	0	0	0	0	0	
921104	0	0	0	0	165	0	0	0	0	0	0	0	0	0	0	0	
921854	0	0	0	0	149	0	0	0	0	0	0	0	0	0	0	0	
922602	0	0	0	0	165	0	0	0	0	0	0	0	0	0	0	0	
923351	0	0	0	0	171	0	0	0	0	0	0	0	0	0	0	0	
924099	0	0	0	0	141	0	0	0	0	0	0	0	0	0	0	0	
924850	0	0	0	0	151	0	0	0	0	0	0	0	0	0	0	0	
925599	0	0	0	0	149	0	0	0	0	0	0	0	0	0	0	0	
926350	0	0	0	0	159	0	0	0	0	0	0	0	0	0	0	0	
927098	0	0	0	0	177	0	0	0	0	0	0	0	0	0	0	0	
927846	0	0	0	0	153	0	0	0	0	0	0	0	0	0	0	0	
928596	0	0	0	0	147	0	0	0	0	0	0	0	0	0	0	0	
929347	0	0	0	0	159	0	0	0	0	0	0	0	0	0	0	0	
930097	0	0	0	0	153	0	0	0	0	0	0	0	0	0	0	0	
930846	0	0	0	0	173	0	0	0	0	0	0	0	0	0	0	0	
931597	0	0	0	0	161	0	0	0	0	0	0	0	0	0	0	0	
932347	0	0	0	0	147	0	0	0	0	0	0	0	0	0	0	0	
933097	0	0	0	0	157	0	0	0	0	0	0	0	0	0	0	0	
933847	0	0	0	0	165	0	0	0	0	0	0	0	0	0	0	0	
934595	0	0	0	0	171	0	0	0	0	0	0	0	0	0	0	0	
935345	0	0	0	0	163	0	0	0	0	0	0	0	0	0	0	0	
936097	0	0	0	0	167	0	0	0	0	0	0	0	0	0	0	0	
936849	0	0	0	0	187	0	0	0	0	0	0	0	0	0	0	0	
937601	0	0	0	0	169	0	0	0	0	0	0	0	0	0	0	0	
938351	0	0	0	0	159	0	0	0	0	0	0	0	0	0	0	0	
939105	0	0	0	0	179	0	0	0	0	0	0	0	0	0	0	0	
939851	0	0	0	0	159	0	0	0	0	0	0	0	0	0	0	0	
940604	0	0	0	0	159	0	0	0	0	0	0	0	0	0	0	0	
941353	0	0	0	0	141	0	0	0	0	0	0	0	0	0	0	0	
942105	0	0	0	0	141	0	0	0	0	0	0	0	0	0	0	0	
942860	0	0	0	0	171	0	0	0	0	0	0	0	0	0	0	0	
943607	0	0	0	0	161	0	0	0	0	0	0	0	0	0	0	0	
944360	0	0	0	0	165	0	0	0	0	0	0	0	0	0	0	0	
945113	0	0	0	0	183	0	0	0	0	0	0	0	0	0	0	0	
945866	0	0	0	0	155	0	0	0	0	0	0	0	0	0	0	0	
946614	0	0	0	0	167	0	0	0	0	0	0	0	0	0	0	0	
947365	0	0	0	177	0	0	0	0	0	0	0	0	0	0	0	0	
948114	0	0	0	193	0	0	0	0	0	0	0	0	0	0	0	0	
948864	0	0	0	197	0	0	0	0	0	0	0	0	0	0	0	0	
949616	0	0	0	209	0	0	0	0	0	0	0	0	0	0	0	0	
950365	0	0	0	197	0	0	0	0	0	0	0	0	0	0	0	0	
951112	0	0	0	213	0	0	0	0	0	0	0	0	0	0	0	0	
951866	0	0	0	199	0	0	0	0	0	0	0	0	0	0	0	0	
952613	0	0	0	201	0	0	0	0	0	0	0	0	0	0	0	0	
953363	0	0	0	175	0	0	0	0	0	0	0	0	0	0	0	0	
954115	0	0	0	185	0	0	0	0	0	0	0	0	0	0	0	0	
954865	0	0	0	223	0	0	0	0	0	0	0	0	0	0	0	0	
955617	0	0	0	183	0	0	0	0	0	0	0	0	0	0	0	0	
956370	0	0	0	213	0	0	0	0	0	0	0	0	0	0	0	0	
957121	0	0	0	205	0	0	0	0	0	0	0	0	0	0	0	0	
957868	0	0	0	229	0	0	0	0	0	0	0	0	0	0	0	0	
958621	0	0	0	213	0	0	0	0	0	0	0	0	0	0	0	0	
959369	0	0	0	201	0	0	0	0	0	0	0	0	0	0	0	0	
960117	0	0	0	199	0	0	0	0	0	0	0	0	0	0	0	0	
960867	0	0	0	183	0	0	0	0	0	0	0	0	0	0	0	0	
961618	0	0	0	185	0	0	0	0	0	0	0	0	0	0	0	0	
962366	0	0	0	193	0	0	0	0	0	0	0	0	0	0	0	0	
963115	0	0	0	215	0	0	0	0	0	0	0	0	0	0	0	0	
963862	0	0	0	209	0	0	0	0	0	0	0	0	0	0	0	0	
964609	0	0	0	191	0	0	0	0	0	0	0	0	0	0	0	0	
965361	0	0	0	199	0	0	0	0	0	0	0	0	0	0	0	0	
966110	0	0	0	217	0	0	0	0	0	0	0	0	0	0	0	0	
966858	0	0	0	193	0	0	0	0	0	0	0	0	0	0	0	0	
967605	0	0	0	195	0	0	0	0	0	0	0	0	0	0	0	0	
968358	0	0	0	205	0	0	0	0	0	0	0	0	0	0	0	0	
969107	0	0	0	203	0	0	0	0	0	0	0	0	0	0	0	0	
969856	0	0	0	199	0	0	0	0	0	0	0	0	0	0	0	0	
970604	0	0	0	189	0	0	0	0	0	0	0	0	0	0	0	0	
971353	0	0	0	233	0	0	0	0	0	0	0	0	0	0	0	0	
972098	0	0	0	195	0	0	0	0	0	0	0	0	0	0	0	0	
972848	0	0	0	209	0	0	0	0	0	0	0	0	0	0	0	0	
973597	0	0	0	213	0	0	0	0	0	0	0	0	0	0	0	0	
974344	0	0	0	185	0	0	0	0	0	0	0	0	0	0	0	0	
975094	0	0	0	191	0	0	0	0	0	0	0	0	0	0	0	0	
975844	0	0	0	185	0	0	0	0	0	0	0	0	0	0	0	0	
976598	0	0	0	186	5	0	0	0	0	0	0	0	0	0	0	0	
977347	0	0	0	185	0	0	0	0	0	0	0	0	0	0	0	0	
978098	0	0	0	225	0	0	0	0	0	0	0	0	0	0	0	0	
978846	0	0	0	181	0	0	0	0	0	0	0	0	0	0	0	0	
979600	0	0	0	203	0	0	0	0	0	0	0	0	0	0	0	0	
980351	0	0	0	201	8	0	0	0	0	0	0	0	0	0	0	0	
981102	0	0	0	197	0	0	0	0	0	0	0	0	0	0	0	0	
981850	0	0	0	203	0	0	0	0	0	0	0	0	0	0	0	0	
982603	0	0	0	201	0	0	0	0	0	0	0	0	0	0	0	0	
983354	0	0	0	203	0	0	0	0	0	0	0	0	0	0	0	0	
984102	0	0	0	201	0	0	0	0	0	0	0	0	0	0	0	0	
984851	0	0	0	191	0	0	0	0	0	0	0	0	0	0	0	0	
985603	0	0	0	217	0	0	0	0	0	0	0	0	0	0	0	0	
986353	0	0	0	187	0	0	0	0	0	0	0	0	0	0	0	0	
987103	0	0	0	203	0	0	0	0	0	0	0	0	0	0	0	0	
987854	0	0	0	205	0	0	0	0	0	0	0	0	0	0	0	0	
988605	0	0	0	217	0	0	0	0	0	0	0	0	0	0	0	0	
989355	0	0	0	249	0	0	0	0	0	0	0	0	0	0	0	0	
990103	0	0	0	201	0	0	0	0	0	0	0	0	0	0	0	0	
990854	0	0	0	195	0	0	0	0	0	0	0	0	0	0	0	0	
991607	0	0	0	195	0	0	0	0	0	0	0	0	0	0	0	0	
992356	0	0	0	219	0	0	0	0	0	0	0	0	0	0	0	0	
993106	0	0	0	217	0	0	0	0	0	0	0	0	0	0	0	0	
993855	0	0	0	197	0	0	0	0	0	0	0	0	0	0	0	0	
994604	0	0	0	193	0	0	0	0	0	0	0	0	0	0	0	0	
995352	0	0	0	213	0	0	0	0	0	0	0	0	0	0	0	0	
996104	0	0	0	187	0	0	0	0	0	0	0	0	0	0	0	0	
996853	0	0	0	199	0	0	0	0	0	0	0	0	0	0	0	0	
997601	0	0	0	197	0	0	0	0	0	0	0	0	0	0	0	0	
998349	0	0	0	171	0	0	0	0	0	0	0	0	0	0	0	0	
999097	0	0	0	203	0	0	0	0	0	0	0	0	0	0	0	0	
999847	0	0	0	241	0	0	0	0	0	0	0	0	0	0	0	0	
1.0006e+06	0	0	0	197	0	0	0	0	0	0	0	0	0	0	0	0	
1.00135e+06	0	0	0	211	0	0	0	0	0	0	0	0	0	0	0	0	
1.00209e+06	0	0	0	197	0	0	0	0	0	0	0	0	0	0	0	0	
1.00284e+06	0	0	0	193	0	0	0	0	0	0	0	0	0	0	0	0	
1.00359e+06	0	0	0	185	0	0	0	0	0	0	0	0	0	0	0	0	
1.00434e+06	0	0	0	169	0	0	0	0	0	0	0	0	0	0	0	0	
1.00509e+06	0	0	0	189	0	0	0	0	0	0	0	0	0	0	0	0	
1.00584e+06	0	0	0	219	0	0	0	0	0	0	0	0	0	0	0	0	
1.00659e+06	0	0	0	211	0	0	0	0	0	0	0	0	0	0	0	0	
1.00734e+06	0	0	0	177	0	0	0	0	0	0	0	0	0	0	0	0	
1.00809e+06	0	0	0	201	0	0	0	0	0	0	0	0	0	0	0	0	
1.00885e+06	0	0	0	181	0	0	0	0	0	0	0	0	0	0	0	0	
1.0096e+06	0	0	0	154	13	0	0	0	0	0	0	0	0	0	0	0	
1.01035e+06	0	0	0	227	0	0	0	0	0	0	0	0	0	0	0	0	
1.0111e+06	0	0	0	201	0	0	0	0	0	0	0	0	0	0	0	0	
1.01185e+06	0	0	0	197	0	0	0	0	0	0	0	0	0	0	0	0	
1.0126e+06	0	0	0	177	0	0	0	0	0	0	0	0	0	0	0	0	
1.01335e+06	0	0	0	205	0	0	0	0	0	0	0	0	0	0	0	0	
1.0141e+06	0	0	0	48	113	0	0	0	0	0	0	0	0	0	0	0	
1.01485e+06	0	0	0	0	177	0	0	0	0	0	0	0	0	0	0	0	
1.0156e+06	0	0	0	0	157	0	0	0	0	0	0	0	0	0	0	0	
1.01635e+06	0	0	0	0	153	0	0	0	0	0	0	0	0	0	0	0	
1.0171e+06	0	0	0	0	165	0	0	0	0	0	0	0	0	0	0	0	
1.01785e+06	0	0	0	0	161	0	0	0	0	0	0	0	0	0	0	0	
1.01859e+06	0	0	0	0	155	0	0	0	0	0	0	0	0	0	0	0	
1.01934e+06	0	0	0	0	145	0	0	0	0	0	0	0	0	0	0	0	
1.02009e+06	0	0	0	0	165	0	0	0	0	0	0	0	0	0	0	0	
1.02084e+06	0	0	0	0	155	0	0	0	0	0	0	0	0	0	0	0	
1.02159e+06	0	0	0	0	157	0	0	0	0	0	0	0	0	0	0	0	
1.02234e+06	0	0	0	0	171	0	0	0	0	0	0	0	0	0	0	0	
1.02309e+06	0	0	0	0	157	0	0	0	0	0	0	0	0	0	0	0	
1.02384e+06	0	0	0	0	165	0	0	0	0	0	0	0	0	0	0	0	
1.02459e+06	0	0	0	0	155	0	0	0	0	0	0	0	0	0	0	0	
1.02534e+06	0	0	0	0	149	0	0	0	0	0	0	0	0	0	0	0	
1.02609e+06	0	0	0	0	161	0	0	0	0	0	0	0	0	0	0	0	
1.02684e+06	0	0	0	0	159	0	0	0	0	0	0	0	0	0	0	0	
1.02759e+06	0	0	0	0	155	0	0	0	0	0	0	0	0	0	0	0	
1.02834e+06	0	0	0	0	157	0	0	0	0	0	0	0	0	0	0	0	
1.02909e+06	0	0	0	0	187	0	0	0	0	0	0	0	0	0	0	0	
1.02984e+06	0	0	0	0	157	0	0	0	0	0	0	0	0	0	0	0	
1.03059e+06	0	0	0	0	165	0	0	0	0	0	0	0	0	0	0	0	
1.03133e+06	0	0	0	0	0	137	0	0	0	0	0	0	0	0	0	0	
1.03208e+06	0	0	0	0	0	105	0	0	0	0	0	0	0	0	0	0	
1.03283e+06	0	0	0	0	0	121	0	0	0	0	0	0	0	0	0	0	
1.03358e+06	0	0	0	0	0	109	0	0	0	0	0	0	0	0	0	0	
1.03433e+06	0	0	0	0	0	133	0	0	0	0	0	0	0	0	0	0	
1.03508e+06	0	0	0	0	0	139	0	0	0	0	0	0	0	0	0	0	
1.03583e+06	0	0	0	0	0	121	0	0	0	0	0	0	0	0	0	0	
1.03658e+06	0	0	0	0	0	121	0	0	0	0	0	0	0	0	0	0	
1.03733e+06	0	0	0	0	0	139	0	0	0	0	0	0	0	0	0	0	
1.03807e+06	0	0	0	0	0	131	0	0	0	0	0	0	0	0	0	0	
1.03882e+06	0	0	0	0	0	141	0	0	0	0	0	0	0	0	0	0	
1.03957e+06	0	0	0	0	0	143	0	0	0	0	0	0	0	0	0	0	
1.04032e+06	0	0	0	0	0	0	131	0	0	0	0	0	0	0	0	0	
1.04107e+06	0	0	0	0	0	0	101	0	0	0	0	0	0	0	0	0	
1.04182e+06	0	0	0	0	0	0	109	0	0	0	0	0	0	0	0	0	
1.04257e+06	0	0	0	0	0	3	120	0	0	0	0	0	0	0	0	0	
1.04332e+06	0	0	0	0	0	0	103	0	0	0	0	0	0	0	0	0	
1.04407e+06	0	0	0	0	0	0	0	105	0	0	0	0	0	0	0	0	
1.04482e+06	0	0	0	0	0	0	0	89	0	0	0	0	0	0	0	0	
1.04557e+06	0	0	0	0	0	0	0	101	0	0	0	0	0	0	0	0	
1.04633e+06	0	0	0	0	0	0	0	113	0	0	0	0	0	0	0	0	
1.04707e+06	0	0	0	0	0	0	0	109	0	0	0	0	0	0	0	0	
1.04782e+06	0	0	0	0	0	0	0	97	0	0	0	0	0	0	0	0	
1.04858e+06	0	0	0	0	0	0	0	101	0	0	0	0	0	0	0	0	
1.04933e+06	0	0	0	0	0	0	0	111	0	0	0	0	0	0	0	0	
1.05007e+06	0	0	0	0	0	0	0	97	0	0	0	0	0	0	0	0	
1.05082e+06	0	0	0	0	0	0	0	91	0	0	0	0	0	0	0	0	
1.05157e+06	0	0	0	0	0	0	0	109	0	0	0	0	0	0	0	0	
1.05232e+06	0	0	0	0	0	0	0	107	0	0	0	0	0	0	0	0	
1.05307e+06	0	0	0	0	0	0	0	123	0	0	0	0	0	0	0	0	
1.05382e+06	0	0	0	0	0	0	0	85	0	0	0	0	0	0	0	0	
1.05457e+06	0	0	0	0	0	0	0	85	0	0	0	0	0	0	0	0	
1.05532e+06	0	0	0	0	0	0	0	81	0	0	0	0	0	0	0	0	
1.05607e+06	0	0	0	0	0	0	0	105	0	0	0	0	0	0	0	0	
1.05682e+06	0	0	0	0	0	0	0	109	0	0	0	0	0	0	0	0	
1.05757e+06	0	0	0	0	0	0	0	95	0	0	0	0	0	0	0	0	
1.05832e+06	0	0	0	0	0	0	0	109	0	0	0	0	0	0	0	0	
1.05907e+06	0	0	0	0	0	0	0	85	0	0	0	0	0	0	0	0	
1.05982e+06	0	0	0	0	0	0	0	109	0	0	0	0	0	0	0	0	
1.06057e+06	0	0	0	0	0	0	0	95	0	0	0	0	0	0	0	0	
1.06132e+06	0	0	0	0	0	0	0	97	0	0	0	0	0	0	0	0	
1.06207e+06	0	0	0	0	0	0	0	103	0	0	0	0	0	0	0	0	
1.06282e+06	0	0	0	0	0	0	0	87	0	0	0	0	0	0	0	0	
1.06357e+06	0	0	0	0	0	0	0	99	0	0	0	0	0	0	0	0	
1.06432e+06	0	0	0	0	0	0	0	89	0	0	0	0	0	0	0	0	
1.06507e+06	0	0	0	0	0	0	0	101	0	0	0	0	0	0	0	0	
1.06582e+06	0	0	0	0	0	0	0	95	0	0	0	0	0	0	0	0	
1.06657e+06	0	0	0	0	0	0	0	97	0	0	0	0	0	0	0	0	
1.06732e+06	0	0	0	0	0	0	0	109	0	0	0	0	0	0	0	0	
1.06807e+06	0	0	0	0	0	0	0	99	0	0	0	0	0	0	0	0	
1.06882e+06	0	0	0	0	0	0	0	119	0	0	0	0	0	0	0	0	
1.06957e+06	0	0	0	0	0	0	0	107	0	0	0	0	0	0	0	0	
1.07032e+06	0	0	0	0	0	0	0	101	0	0	0	0	0	0	0	0	
1.07107e+06	0	0	0	0	0	0	0	99	0	0	0	0	0	0	0	0	
1.07182e+06	0	0	0	0	0	0	0	97	0	0	0	0	0	0	0	0	
1.07257e+06	0	0	0	0	0	0	0	109	0	0	0	0	0	0	0	0	
1.07332e+06	0	0	0	0	0	0	117	0	0	0	0	0	0	0	0	0	
1.07407e+06	0	0	0	0	0	0	105	0	0	0	0	0	0	0	0	0	
1.07482e+06	0	0	0	0	0	0	119	0	0	0	0	0	0	0	0	0	
1.07557e+06	0	0	0	0	0	0	111	0	0	0	0	0	0	0	0	0	
1.07632e+06	0	0	0	0	0	0	99	0	0	0	0	0	0	0	0	0	
1.07707e+06	0	0	0	0	0	0	123	0	0	0	0	0	0	0	0	0	
1.07783e+06	0	0	0	0	0	0	105	0	0	0	0	0	0	0	0	0	
1.07857e+06	0	0	0	0	0	68	59	0	0	0	0	0	0	0	0	0	
1.07932e+06	0	0	0	0	0	0	121	0	0	0	0	0	0	0	0	0	
1.08007e+06	0	0	0	0	0	0	105	0	0	0	0	0	0	0	0	0	
1.08082e+06	0	0	0	0	0	0	91	0	0	0	0	0	0	0	0	0	
1.08157e+06	0	0	0	0	0	0	125	0	0	0	0	0	0	0	0	0	
1.08232e+06	0	0	0	0	0	0	113	0	0	0	0	0	0	0	0	0	
1.08307e+06	0	0	0	0	0	0	111	0	0	0	0	0	0	0	0	0	
1.08383e+06	0	0	0	0	0	0	0	105	0	0	0	0	0	0	0	0	
1.08458e+06	0	0	0	0	0	0	0	99	0	0	0	0	0	0	0	0	
1.08533e+06	0	0	0	0	0	0	0	103	0	0	0	0	0	0	0	0	
1.08608e+06	0	0	0	0	0	0	0	105	0	0	0	0	0	0	0	0	
1.08682e+06	0	0	0	0	0	0	0	91	0	0	0	0	0	0	0	0	
1.08758e+06	0	0	0	0	0	0	0	105	0	0	0	0	0	0	0	0	
1.08833e+06	0	0	0	0	0	0	0	101	0	0	0	0	0	0	0	0	
1.08908e+06	0	0	0	0	0	0	0	91	0	0	0	0	0	0	0	0	
1.08983e+06	0	0	0	0	0	0	0	109	0	0	0	0	0	0	0	0	
1.09058e+06	0	0	0	0	0	0	0	99	0	0	0	0	0	0	0	0	
1.09133e+06	0	0	0	0	0	0	0	103	0	0	0	0	0	0	0	0	
1.09208e+06	0	0	0	0	0	0	129	0	0	0	0	0	0	0	0	0	
1.09283e+06	0	0	0	0	0	0	119	0	0	0	0	0	0	0	0	0	
1.09358e+06	0	0	0	0	0	0	125	0	0	0	0	0	0	0	0	0	
1.09433e+06	0	0	0	0	0	0	113	0	0	0	0	0	0	0	0	0	
1.09508e+06	0	0	0	0	0	0	111	0	0	0	0	0	0	0	0	0	
1.09583e+06	0	0	0	0	0	0	127	0	0	0	0	0	0	0	0	0	
1.09658e+06	0	0	0	0	0	0	111	0	0	0	0	0	0	0	0	0	
1.09733e+06	0	0	0	0	0	0	119	0	0	0	0	0	0	0	0	0	
1.09808e+06	0	0	0	0	0	0	131	0	0	0	0	0	0	0	0	0	
1.09883e+06	0	0	0	0	0	0	133	0	0	0	0	0	0	0	0	0	
1.09958e+06	0	0	0	0	0	119	0	0	0	0	0	0	0	0	0	0	
1.10033e+06	0	0	0	0	0	139	0	0	0	0	0	0	0	0	0	0	
1.10108e+06	0	0	0	0	0	137	0	0	0	0	0	0	0	0	0	0	
1.10183e+06	0	0	0	0	0	121	0	0	0	0	0	0	0	0	0	0	
1.10258e+06	0	0	0	0	0	125	0	0	0	0	0	0	0	0	0	0	
1.10332e+06	0	0	0	0	0	147	0	0	0	0	0	0	0	0	0	0	
1.10407e+06	0	0	0	0	0	111	0	0	0	0	0	0	0	0	0	0	
1.10483e+06	0	0	0	0	0	159	0	0	0	0	0	0	0	0	0	0	
1.10558e+06	0	0	0	0	0	143	0	0	0	0	0	0	0	0	0	0	
1.10633e+06	0	0	0	0	0	129	0	0	0	0	0	0	0	0	0	0	
1.10708e+06	0	0	0	0	0	123	0	0	0	0	0	0	0	0	0	0	
1.10783e+06	0	0	0	0	0	137	0	0	0	0	0	0	0	0	0	0	
1.10858e+06	0	0	0	0	0	119	0	0	0	0	0	0	0	0	0	0	
1.10933e+06	0	0	0	0	0	147	0	0	0	0	0	0	0	0	0	0	
1.11008e+06	0	0	0	0	0	115	0	0	0	0	0	0	0	0	0	0	
1.11083e+06	0	0	0	0	0	147	0	0	0	0	0	0	0	0	0	0	
1.11158e+06	0	0	0	0	0	137	0	0	0	0	0	0	0	0	0	0	
1.11232e+06	0	0	0	0	0	133	0	0	0	0	0	0	0	0	0	0	
1.11307e+06	0	0	0	0	0	123	0	0	0	0	0	0	0	0	0	0	
1.11382e+06	0	0	0	0	0	137	0	0	0	0	0	0	0	0	0	0	
1.11457e+06	0	0	0	0	0	121	0	0	0	0	0	0	0	0	0	0	
1.11532e+06	0	0	0	0	0	125	0	0	0	0	0	0	0	0	0	0	
1.11607e+06	0	0	0	0	0	121	0	0	0	0	0	0	0	0	0	0	
1.11683e+06	0	0	0	0	0	125	0	0	0	0	0	0	0	0	0	0	
1.11758e+06	0	0	0	0	0	121	0	0	0	0	0	0	0	0	0	0	
1.11833e+06	0	0	0	0	0	135	0	0	0	0	0	0	0	0	0	0	
1.11908e+06	0	0	0	0	0	131	0	0	0	0	0	0	0	0	0	0	
1.11983e+06	0	0	0	0	0	135	0	0	0	0	0	0	0	0	0	0	
1.12058e+06	0	0	0	0	0	127	0	0	0	0	0	0	0	0	0	0	
1.12133e+06	0	0	0	0	0	157	0	0	0	0	0	0	0	0	0	0	
1.12208e+06	0	0	0	0	0	135	0	0	0	0	0	0	0	0	0	0	
1.12283e+06	0	0	0	0	0	145	0	0	0	0	0	0	0	0	0	0	
1.12358e+06	0	0	0	0	0	113	0	0	0	0	0	0	0	0	0	0	
1.12433e+06	0	0	0	0	0	111	0	0	0	0	0	0	0	0	0	0	
1.12508e+06	0	0	0	0	0	105	0	0	0	0	0	0	0	0	0	0	
1.12584e+06	0	0	0	0	0	113	0	0	0	0	0	0	0	0	0	0	
1.12659e+06	0	0	0	0	0	147	0	0	0	0	0	0	0	0	0	0	
1.12734e+06	0	0	0	0	0	144	7	0	0	0	0	0	0	0	0	0	
1.12809e+06	0	0	0	0	0	131	0	0	0	0	0	0	0	0	0	0	
1.12883e+06	0	0	0	0	0	125	0	0	0	0	0	0	0	0	0	0	
1.12958e+06	0	0	0	0	0	133	0	0	0	0	0	0	0	0	0	0	
1.13034e+06	0	0	0	0	0	127	0	0	0	0	0	0	0	0	0	0	
1.13108e+06	0	0	0	0	0	113	0	0	0	0	0	0	0	0	0	0	
1.13183e+06	0	0	0	0	0	121	0	0	0	0	0	0	0	0	0	0	
1.13259e+06	0	0	0	0	0	119	0	0	0	0	0	0	0	0	0	0	
1.13334e+06	0	0	0	0	0	131	0	0	0	0	0	0	0	0	0	0	
1.13409e+06	0	0	0	0	0	115	0	0	0	0	0	0	0	0	0	0	
1.13484e+06	0	0	0	0	0	135	0	0	0	0	0	0	0	0	0	0	
1.13559e+06	0	0	0	0	0	131	0	0	0	0	0	0	0	0	0	0	
1.13634e+06	0	0	0	0	0	153	0	0	0	0	0	0	0	0	0	0	
1.13708e+06	0	0	0	0	0	147	0	0	0	0	0	0	0	0	0	0	
1.13783e+06	0	0	0	0	0	135	0	0	0	0	0	0	0	0	0	0	
1.13858e+06	0	0	0	0	0	0	83	0	0	0	0	0	0	0	0	0	
1.13933e+06	0	0	0	0	0	0	95	0	0	0	0	0	0	0	0	0	
1.14008e+06	0	0	0	0	0	0	115	0	0	0	0	0	0	0	0	0	
1.14083e+06	0	0	0	0	0	0	111	0	0	0	0	0	0	0	0	0	
1.14158e+06	0	0	0	0	0	0	97	0	0	0	0	0	0	0	0	0	
1.14233e+06	0	0	0	0	0	0	111	0	0	0	0	0	0	0	0	0	
1.14308e+06	0	0	0	0	0	0	119	0	0	0	0	0	0	0	0	0	
1.14383e+06	0	0	0	0	0	0	119	0	0	0	0	0	0	0	0	0	
1.14458e+06	0	0	0	0	0	0	103	0	0	0	0	0	0	0	0	0	
1.14533e+06	0	0	0	0	0	0	113	0	0	0	0	0	0	0	0	0	
1.14609e+06	0	0	0	0	0	0	113	0	0	0	0	0	0	0	0	0	
1.14684e+06	0	0	0	0	0	0	108	11	0	0	0	0	0	0	0	0	
1.14759e+06	0	0	0	0	0	0	107	0	0	0	0	0	0	0	0	0	
1.14834e+06	0	0	0	0	0	0	127	0	0	0	0	0	0	0	0	0	
1.14909e+06	0	0	0	0	0	0	131	0	0	0	0	0	0	0	0	0	
1.14984e+06	0	0	0	0	0	0	123	0	0	0	0	0	0	0	0	0	
1.15059e+06	0	0	0	0	0	0	107	0	0	0	0	0	0	0	0	0	
1.15133e+06	0	0	0	0	0	0	107	0	0	0	0	0	0	0	0	0	
1.15209e+06	0	0	0	0	0	0	109	0	0	0	0	0	0	0	0	0	
1.15284e+06	0	0	0	0	0	0	111	0	0	0	0	0	0	0	0	0	
1.15359e+06	0	0	0	0	0	0	113	0	0	0	0	0	0	0	0	0	
1.15434e+06	0	0	0	0	0	0	99	0	0	0	0	0	0	0	0	0	
1.15509e+06	0	0	0	0	0	0	131	0	0	0	0	0	0	0	0	0	
1.15584e+06	0	0	0	0	0	0	107	0	0	0	0	0	0	0	0	0	
1.15659e+06	0	0	0	0	0	0	127	0	0	0	0	0	0	0	0	0	
1.15734e+06	0	0	0	0	0	0	115	0	0	0	0	0	0	0	0	0	
1.15809e+06	0	0	0	0	0	0	93	0	0	0	0	0	0	0	0	0	
1.15884e+06	0	0	0	0	0	0	0	87	0	0	0	0	0	0	0	0	
1.15958e+06	0	0	0	0	0	0	0	91	0	0	0	0	0	0	0	0	
1.16033e+06	0	0	0	0	0	0	0	113	0	0	0	0	0	0	0	0	
1.16108e+06	0	0	0	0	0	0	0	109	0	0	0	0	0	0	0	0	
1.16184e+06	0	0	0	0	0	0	0	107	0	0	0	0	0	0	0	0	
1.16259e+06	0	0	0	0	0	0	0	115	0	0	0	0	0	0	0	0	
1.16334e+06	0	0	0	0	0	0	0	83	0	0	0	0	0	0	0	0	
1.16408e+06	0	0	0	0	0	0	0	99	0	0	0	0	0	0	0	0	
1.16483e+06	0	0	0	0	0	0	0	95	0	0	0	0	0	0	0	0	
1.16558e+06	0	0	0	0	0	0	0	93	0	0	0	0	0	0	0	0	
1.16633e+06	0	0	0	0	0	0	0	105	0	0	0	0	0	0	0	0	
1.16708e+06	0	0	0	0	0	0	0	111	0	0	0	0	0	0	0	0	
1.16784e+06	0	0	0	0	0	0	0	97	0	0	0	0	0	0	0	0	
1.16858e+06	0	0	0	0	0	0	0	101	0	0	0	0	0	0	0	0	
1.16933e+06	0	0	0	0	0	0	0	89	0	0	0	0	0	0	0	0	
1.17008e+06	0	0	0	0	0	0	0	95	0	0	0	0	0	0	0	0	
1.17084e+06	0	0	0	0	0	0	0	99	0	0	0	0	0	0	0	0	
1.17159e+06	0	0	0	0	0	0	0	111	0	0	0	0	0	0	0	0	
1.17234e+06	0	0	0	0	0	0	0	103	0	0	0	0	0	0	0	0	
1.17309e+06	0	0	0	0	0	0	0	83	0	0	0	0	0	0	0	0	
1.17384e+06	0	0	0	0	0	0	0	87	0	0	0	0	0	0	0	0	
1.17459e+06	0	0	0	0	0	0	0	113	0	0	0	0	0	0	0	0	
1.17534e+06	0	0	0	0	0	0	0	105	0	0	0	0	0	0	0	0	
1.17608e+06	0	0	0	0	0	0	0	99	0	0	0	0	0	0	0	0	
1.17683e+06	0	0	0	0	0	0	0	79	0	0	0	0	0	0	0	0	
1.17758e+06	0	0	0	0	0	0	0	85	0	0	0	0	0	0	0	0	
1.17833e+06	0	0	0	0	0	0	0	103	0	0	0	0	0	0	0	0	
1.17908e+06	0	0	0	0	0	0	0	97	0	0	0	0	0	0	0	0	
1.17983e+06	0	0	0	0	0	0	0	111	0	0	0	0	0	0	0	0	
1.18058e+06	0	0	0	0	0	0	0	99	0	0	0	0	0	0	0	0	
1.18134e+06	0	0	0	0	0	0	0	83	0	0	0	0	0	0	0	0	
1.18209e+06	0	0	0	0	0	0	0	0	85	0	0	0	0	0	0	0	
1.18284e+06	0	0	0	0	0	0	0	0	89	0	0	0	0	0	0	0	
1.18359e+06	0	0	0	0	0	0	0	0	97	0	0	0	0	0	0	0	
1.18434e+06	0	0	0	0	0	0	0	0	89	0	0	0	0	0	0	0	
1.18509e+06	0	0	0	0	0	0	0	89	0	0	0	0	0	0	0	0	
1.18584e+06	0	0	0	0	0	0	0	111	0	0	0	0	0	0	0	0	
1.18659e+06	0	0	0	0	0	0	0	97	0	0	0	0	0	0	0	0	
1.18733e+06	0	0	0	0	0	0	0	99	0	0	0	0	0	0	0	0	
1.18808e+06	0	0	0	0	0	0	0	93	0	0	0	0	0	0	0	0	
1.18883e+06	0	0	0	0	0	0	0	109	0	0	0	0	0	0	0	0	
1.18958e+06	0	0	0	0	0	0	0	103	0	0	0	0	0	0	0	0	
1.19033e+06	0	0	0	0	0	0	0	93	0	0	0	0	0	0	0	0	
1.19108e+06	0	0	0	0	0	0	0	113	0	0	0	0	0	0	0	0	
1.19183e+06	0	0	0	0	0	0	0	101	0	0	0	0	0	0	0	0	
1.19258e+06	0	0	0	0	0	0	0	93	0	0	0	0	0	0	0	0	
1.19333e+06	0	0	0	0	0	0	0	99	0	0	0	0	0	0	0	0	
1.19408e+06	0	0	0	0	0	0	0	95	0	0	0	0	0	0	0	0	
1.19483e+06	0	0	0	0	0	0	0	113	0	0	0	0	0	0	0	0	
1.19558e+06	0	0	0	0	0	0	0	115	0	0	0	0	0	0	0	0	
1.19633e+06	0	0	0	0	0	0	0	0	0	71	0	0	0	0	0	0	
1.19707e+06	0	0	0	0	0	0	0	0	0	75	0	0	0	0	0	0	
1.19782e+06	0	0	0	0	0	0	0	0	0	85	0	0	0	0	0	0	
1.19857e+06	0	0	0	0	0	0	0	0	0	83	0	0	0	0	0	0	
1.19932e+06	0	0	0	0	0	0	0	0	0	91	0	0	0	0	0	0	
1.20007e+06	0	0	0	0	0	0	0	0	0	89	0	0	0	0	0	0	
1.20082e+06	0	0	0	0	0	0	0	0	0	79	0	0	0	0	0	0	
1.20157e+06	0	0	0	0	0	0	0	0	0	83	0	0	0	0	0	0	
1.20232e+06	0	0	0	0	0	0	0	0	0	105	0	0	0	0	0	0	
1.20307e+06	0	0	0	0	0	0	0	0	0	99	0	0	0	0	0	0	
1.20382e+06	0	0	0	0	0	0	0	0	0	81	0	0	0	0	0	0	
1.20457e+06	0	0	0	0	0	0	0	0	0	75	0	0	0	0	0	0	
1.20532e+06	0	0	0	0	0	0	0	0	0	79	0	0	0	0	0	0	
1.20607e+06	0	0	0	0	0	0	0	0	0	77	0	0	0	0	0	0	
1.20682e+06	0	0	0	0	0	0	0	0	0	95	0	0	0	0	0	0	
1.20757e+06	0	0	0	0	0	0	0	0	3	66	0	0	0	0	0	0	
1.20832e+06	0	0	0	0	0	0	0	0	0	75	0	0	0	0	0	0	
1.20906e+06	0	0	0	0	0	0	0	0	0	93	0	0	0	0	0	0	
1.20981e+06	0	0	0	0	0	0	0	0	0	77	0	0	0	0	0	0	
1.21056e+06	0	0	0	0	0	0	0	0	0	79	0	0	0	0	0	0	
1.21131e+06	0	0	0	0	0	0	0	0	0	69	0	0	0	0	0	0	
1.21206e+06	0	0	0	0	0	0	0	0	0	83	0	0	0	0	0	0	
1.21281e+06	0	0	0	0	0	0	0	0	0	95	0	0	0	0	0	0	
1.21356e+06	0	0	0	0	0	0	0	0	0	73	0	0	0	0	0	0	
1.21431e+06	0	0	0	0	0	0	0	0	0	89	0	0	0	0	0	0	
1.21506e+06	0	0	0	0	0	0	0	0	0	79	0	0	0	0	0	0	
1.21581e+06	0	0	0	0	0	0	0	0	0	79	0	0	0	0	0	0	
1.21656e+06	0	0	0	0	0	0	0	0	0	71	0	0	0	0	0	0	
1.21732e+06	0	0	0	0	0	0	0	0	89	0	0	0	0	0	0	0	
1.21807e+06	0	0	0	0	0	0	0	0	87	0	0	0	0	0	0	0	
1.21882e+06	0	0	0	0	0	0	0	0	85	0	0	0	0	0	0	0	
1.21957e+06	0	0	0	0	0	0	0	0	89	0	0	0	0	0	0	0	
1.22032e+06	0	0	0	0	0	0	0	0	99	0	0	0	0	0	0	0	
1.22107e+06	0	0	0	0	0	0	0	0	105	0	0	0	0	0	0	0	
1.22182e+06	0	0	0	0	0	0	0	0	89	0	0	0	0	0	0	0	
1.22257e+06	0	0	0	0	0	0	0	0	93	0	0	0	0	0	0	0	
1.22332e+06	0	0	0	0	0	0	0	0	89	0	0	0	0	0	0	0	
1.22407e+06	0	0	0	0	0	0	0	0	93	0	0	0	0	0	0	0	
1.22482e+06	0	0	0	0	0	0	0	0	95	0	0	0	0	0	0	0	
1.22557e+06	0	0	0	0	0	0	0	0	77	0	0	0	0	0	0	0	
1.22632e+06	0	0	0	0	0	0	0	0	93	0	0	0	0	0	0	0	
1.22707e+06	0	0	0	0	0	0	0	0	0	83	0	0	0	0	0	0	
1.22782e+06	0	0	0	0	0	0	0	0	0	75	0	0	0	0	0	0	
1.22857e+06	0	0	0	0	0	0	0	0	0	77	0	0	0	0	0	0	
1.22932e+06	0	0	0	0	0	0	0	0	0	0	61	0	0	0	0	0	
1.23007e+06	0	0	0	0	0	0	0	0	0	0	61	0	0	0	0	0	
1.23082e+06	0	0	0	0	0	0	0	0	0	0	75	0	0	0	0	0	
1.23157e+06	0	0	0	0	0	0	0	0	0	0	65	0	0	0	0	0	
1.23232e+06	0	0	0	0	0	0	0	0	0	0	87	0	0	0	0	0	
1.23307e+06	0	0	0	0	0	0	0	0	0	0	81	0	0	0	0	0	
1.23382e+06	0	0	0	0	0	0	0	0	0	0	65	0	0	0	0	0	
1.23457e+06	0	0	0	0	0	0	0	0	0	0	67	0	0	0	0	0	
1.23532e+06	0	0	0	0	0	0	0	0	0	0	71	0	0	0	0	0	
1.23607e+06	0	0	0	0	0	0	0	0	0	0	81	0	0	0	0	0	
1.23682e+06	0	0	0	0	0	0	0	0	0	0	85	0	0	0	0	0	
1.23757e+06	0	0	0	0	0	0	0	0	0	0	79	0	0	0	0	0	
1.23832e+06	0	0	0	0	0	0	0	0	0	0	81	0	0	0	0	0	
1.23907e+06	0	0	0	0	0	0	0	0	0	0	73	0	0	0	0	0	
1.23982e+06	0	0	0	0	0	0	0	0	0	0	65	0	0	0	0	0	
1.24057e+06	0	0	0	0	0	0	0	0	0	0	75	0	0	0	0	0	
1.24132e+06	0	0	0	0	0	0	0	0	0	0	67	0	0	0	0	0	
1.24207e+06	0	0	0	0	0	0	0	0	0	0	69	0	0	0	0	0	
1.24282e+06	0	0	0	0	0	0	0	0	0	0	91	0	0	0	0	0	
1.24357e+06	0	0	0	0	0	0	0	0	0	0	73	0	0	0	0	0	
1.24432e+06	0	0	0	0	0	0	0	0	0	0	79	0	0	0	0	0	
1.24507e+06	0	0	0	0	0	0	0	0	0	0	75	0	0	0	0	0	
1.24582e+06	0	0	0	0	0	0	0	0	0	0	73	0	0	0	0	0	
1.24657e+06	0	0	0	0	0	0	0	0	0	0	67	0	0	0	0	0	
1.24731e+06	0	0	0	0	0	0	0	0	0	0	71	0	0	0	0	0	
1.24806e+06	0	0	0	0	0	0	0	0	0	0	73	0	0	0	0	0	
1.24881e+06	0	0	0	0	0	0	0	0	0	0	97	0	0	0	0	0	
1.24956e+06	0	0	0	0	0	0	0	0	0	0	79	0	0	0	0	0	
1.25031e+06	0	0	0	0	0	0	0	0	0	0	87	0	0	0	0	0	
1.25106e+06	0	0	0	0	0	0	0	0	0	0	61	0	0	0	0	0	
1.25181e+06	0	0	0	0	0	0	0	0	0	0	69	0	0	0	0	0	
1.25256e+06	0	0	0	0	0	0	0	0	0	0	69	0	0	0	0	0	
1.25331e+06	0	0	0	0	0	0	0	0	0	0	69	0	0	0	0	0	
1.25406e+06	0	0	0	0	0	0	0	0	0	0	81	0	0	0	0	0	
1.25481e+06	0	0	0	0	0	0	0	0	0	0	79	0	0	0	0	0	
1.25555e+06	0	0	0	0	0	0	0	0	0	0	81	0	0	0	0	0	
1.2563e+06	0	0	0	0	0	0	0	0	0	0	77	0	0	0	0	0	
1.25705e+06	0	0	0	0	0	0	0	0	0	0	75	0	0	0	0	0	
1.25781e+06	0	0	0	0	0	0	0	0	0	0	65	0	0	0	0	0	
1.25856e+06	0	0	0	0	0	0	0	0	0	0	71	0	0	0	0	0	
1.25931e+06	0	0	0	0	0	0	0	0	0	0	0	65	0	0	0	0	
1.26006e+06	0	0	0	0	0	0	0	0	0	0	0	55	0	0	0	0	
1.26081e+06	0	0	0	0	0	0	0	0	0	0	0	59	0	0	0	0	
1.26156e+06	0	0	0	0	0	0	0	0	0	0	0	81	0	0	0	0	
1.26231e+06	0	0	0	0	0	0	0	0	0	0	0	57	8	0	0	0	
1.26306e+06	0	0	0	0	0	0	0	0	0	0	0	75	0	0	0	0	
1.26382e+06	0	0	0	0	0	0	0	0	0	0	0	61	0	0	0	0	
1.26457e+06	0	0	0	0	0	0	0	0	0	0	0	69	0	0	0	0	
1.26532e+06	0	0	0	0	0	0	0	0	0	0	0	61	0	0	0	0	
1.26607e+06	0	0	0	0	0	0	0	0	0	0	0	69	0	0	0	0	
1.26681e+06	0	0	0	0	0	0	0	0	0	0	0	61	0	0	0	0	
1.26756e+06	0	0	0	0	0	0	0	0	0	0	0	81	0	0	0	0	
1.26831e+06	0	0	0	0	0	0	0	0	0	0	0	81	0	0	0	0	
1.26906e+06	0	0	0	0	0	0	0	0	0	0	89	0	0	0	0	0	
1.26982e+06	0	0	0	0	0	0	0	0	0	0	73	0	0	0	0	0	
1.27057e+06	0	0	0	0	0	0	0	0	0	0	65	0	0	0	0	0	
1.27132e+06	0	0	0	0	0	0	0	0	0	0	81	0	0	0	0	0	
1.27207e+06	0	0	0	0	0	0	0	0	0	0	81	0	0	0	0	0	
1.27282e+06	0	0	0	0	0	0	0	0	0	0	71	0	0	0	0	0	
1.27358e+06	0	0	0	0	0	0	0	0	0	0	83	0	0	0	0	0	
1.27433e+06	0	0	0	0	0	0	0	0	0	0	83	0	0	0	0	0	
1.27508e+06	0	0	0	0	0	0	0	0	0	0	79	0	0	0	0	0	
1.27583e+06	0	0	0	0	0	0	0	0	0	0	79	0	0	0	0	0	
1.27658e+06	0	0	0	0	0	0	0	0	0	0	73	0	0	0	0	0	
1.27733e+06	0	0	0	0	0	0	0	0	0	0	61	0	0	0	0	0	
1.27808e+06	0	0	0	0	0	0	0	0	0	0	73	0	0	0	0	0	
1.27883e+06	0	0	0	0	0	0	0	0	0	0	73	0	0	0	0	0	
1.27958e+06	0	0	0	0	0	0	0	0	0	0	79	0	0	0	0	0	
1.28033e+06	0	0	0	0	0	0	0	0	0	0	73	0	0	0	0	0	
1.28107e+06	0	0	0	0	0	0	0	0	0	0	69	0	0	0	0	0	
1.28182e+06	0	0	0	0	0	0	0	0	0	0	81	0	0	0	0	0	
1.28257e+06	0	0	0	0	0	0	0	0	0	0	81	0	0	0	0	0	
1.28333e+06	0	0	0	0	0	0	0	0	0	3	88	0	0	0	0	0	
1.28408e+06	0	0	0	0	0	0	0	0	0	0	83	0	0	0	0	0	
1.28482e+06	0	0	0	0	0	0	0	0	0	0	71	0	0	0	0	0	
1.28557e+06	0	0	0	0	0	0	0	0	0	0	85	0	0	0	0	0	
1.28632e+06	0	0	0	0	0	0	0	0	0	0	75	0	0	0	0	0	
1.28707e+06	0	0	0	0	0	0	0	0	0	0	85	0	0	0	0	0	
1.28782e+06	0	0	0	0	0	0	0	0	0	0	55	0	0	0	0	0	
1.28857e+06	0	0	0	0	0	0	0	0	0	0	69	0	0	0	0	0	
1.28932e+06	0	0	0	0	0	0	0	0	0	0	59	0	0	0	0	0	
1.29007e+06	0	0	0	0	0	0	0	0	0	0	59	0	0	0	0	0	
1.29082e+06	0	0	0	0	0	0	0	0	0	0	0	61	0	0	0	0	
1.29157e+06	0	0	0	0	0	0	0	0	0	0	0	63	0	0	0	0	
1.29233e+06	0	0	0	0	0	0	0	0	0	0	0	81	0	0	0	0	
1.29308e+06	0	0	0	0	0	0	0	0	0	0	0	65	0	0	0	0	
1.29383e+06	0	0	0	0	0	0	0	0	0	0	0	51	0	0	0	0	
1.29458e+06	0	0	0	0	0	0	0	0	0	0	0	79	0	0	0	0	
1.29533e+06	0	0	0	0	0	0	0	0	0	0	0	63	0	0	0	0	
1.29608e+06	0	0	0	0	0	0	0	0	0	0	51	0	0	0	0	0	
1.29682e+06	0	0	0	0	0	0	0	0	0	0	77	0	0	0	0	0	
1.29758e+06	0	0	0	0	0	0	0	0	0	0	77	0	0	0	0	0	
1.29833e+06	0	0	0	0	0	0	0	0	0	0	75	0	0	0	0	0	
1.29908e+06	0	0	0	0	0	0	0	0	0	0	63	0	0	0	0	0	
1.29983e+06	0	0	0	0	0	0	0	0	0	6	71	0	0	0	0	0	
1.30058e+06	0	0	0	0	0	0	0	0	0	0	71	0	0	0	0	0	
1.30133e+06	0	0	0	0	0	0	0	0	0	0	67	0	0	0	0	0	
1.30208e+06	0	0	0	0	0	0	0	0	0	0	77	0	0	0	0	0	
1.30283e+06	0	0	0	0	0	0	0	0	0	0	77	0	0	0	0	0	
1.30358e+06	0	0	0	0	0	0	0	0	0	0	75	0	0	0	0	0	
1.30433e+06	0	0	0	0	0	0	0	0	0	0	57	0	0	0	0	0	
1.30508e+06	0	0	0	0	0	0	0	0	0	69	0	0	0	0	0	0	
1.30583e+06	0	0	0	0	0	0	0	0	0	79	0	0	0	0	0	0	
1.30658e+06	0	0	0	0	0	0	0	0	0	83	0	0	0	0	0	0	
1.30733e+06	0	0	0	0	0	0	0	0	0	79	0	0	0	0	0	0	
1.30808e+06	0	0	0	0	0	0	0	0	0	67	0	0	0	0	0	0	
1.30883e+06	0	0	0	0	0	0	0	0	0	83	0	0	0	0	0	0	
1.30958e+06	0	0	0	0	0	0	0	0	0	87	0	0	0	0	0	0	
1.31033e+06	0	0	0	0	0	0	0	0	0	83	0	0	0	0	0	0	
1.31108e+06	0	0	0	0	0	0	0	0	0	71	0	0	0	0	0	0	
1.31183e+06	0	0	0	0	0	0	0	0	0	73	0	0	0	0	0	0	
1.31258e+06	0	0	0	0	0	0	0	0	0	89	0	0	0	0	0	0	
1.31333e+06	0	0	0	0	0	0	0	0	0	75	0	0	0	0	0	0	
1.31408e+06	0	0	0	0	0	0	0	0	0	69	0	0	0	0	0	0	
1.31483e+06	0	0	0	0	0	0	0	0	0	77	0	0	0	0	0	0	
1.31558e+06	0	0	0	0	0	0	0	0	0	89	0	0	0	0	0	0	
1.31633e+06	0	0	0	0	0	0	0	0	0	75	0	0	0	0	0	0	
1.31708e+06	0	0	0	0	0	0	0	0	0	87	0	0	0	0	0	0	
1.31782e+06	0	0	0	0	0	0	0	0	0	63	0	0	0	0	0	0	
1.31858e+06	0	0	0	0	0	0	0	0	0	79	0	0	0	0	0	0	
1.31933e+06	0	0	0	0	0	0	0	0	0	83	0	0	0	0	0	0	
1.32008e+06	0	0	0	0	0	0	0	0	0	71	0	0	0	0	0	0	
1.32083e+06	0	0	0	0	0	0	0	0	0	79	0	0	0	0	0	0	
1.32158e+06	0	0	0	0	0	0	0	0	0	75	0	0	0	0	0	0	
1.32233e+06	0	0	0	0	0	0	0	0	0	65	0	0	0	0	0	0	
1.32308e+06	0	0	0	0	0	0	0	0	0	89	0	0	0	0	0	0	
1.32383e+06	0	0	0	0	0	0	0	0	0	81	0	0	0	0	0	0	
1.32458e+06	0	0	0	0	0	0	0	0	0	85	0	0	0	0	0	0	
1.32533e+06	0	0	0	0	0	0	0	0	0	67	0	0	0	0	0	0	
1.32608e+06	0	0	0	0	0	0	0	0	0	89	0	0	0	0	0	0	
1.32683e+06	0	0	0	0	0	0	0	0	0	87	0	0	0	0	0	0	
1.32758e+06	0	0	0	0	0	0	0	0	0	87	0	0	0	0	0	0	
1.32833e+06	0	0	0	0	0	0	0	0	0	69	0	0	0	0	0	0	
1.32908e+06	0	0	0	0	0	0	0	0	0	85	0	0	0	0	0	0	
1.32983e+06	0	0	0	0	0	0	0	0	0	73	0	0	0	0	0	0	
1.33059e+06	0	0	0	0	0	0	0	0	0	75	0	0	0	0	0	0	
1.33133e+06	0	0	0	0	0	0	0	0	0	85	0	0	0	0	0	0	
1.33208e+06	0	0	0	0	0	0	0	0	0	0	71	0	0	0	0	0	
1.33284e+06	0	0	0	0	0	0	0	0	0	0	77	0	0	0	0	0	
1.33358e+06	0	0	0	0	0	0	0	0	0	0	75	0	0	0	0	0	
1.33433e+06	0	0	0	0	0	0	0	0	0	0	63	0	0	0	0	0	
1.33508e+06	0	0	0	0	0	0	0	0	0	0	75	0	0	0	0	0	
1.33583e+06	0	0	0	0	0	0	0	0	0	0	65	0	0	0	0	0	
1.33658e+06	0	0	0	0	0	0	0	0	0	0	61	0	0	0	0	0	
1.33733e+06	0	0	0	0	0	0	0	0	0	0	73	0	0	0	0	0	
1.33809e+06	0	0	0	0	0	0	0	0	0	0	69	0	0	0	0	0	
1.33884e+06	0	0	0	0	0	0	0	0	0	0	75	0	0	0	0	0	
1.33958e+06	0	0	0	0	0	0	0	0	0	0	75	0	0	0	0	0	
1.34034e+06	0	0	0	0	0	0	0	0	0	0	73	0	0	0	0	0	
1.34109e+06	0	0	0	0	0	0	0	0	0	0	77	0	0	0	0	0	
1.34183e+06	0	0	0	0	0	0	0	0	0	0	65	0	0	0	0	0	
1.34259e+06	0	0	0	0	0	0	0	0	0	0	63	0	0	0	0	0	
1.34333e+06	0	0	0	0	0	0	0	0	0	0	75	0	0	0	0	0	
1.34409e+06	0	0	0	0	0	0	0	0	0	0	51	0	0	0	0	0	
1.34483e+06	0	0	0	0	0	0	0	0	0	0	81	0	0	0	0	0	
1.34558e+06	0	0	0	0	0	0	0	0	0	0	79	0	0	0	0	0	
1.34633e+06	0	0	0	0	0	0	0	0	0	0	59	0	0	0	0	0	
1.34708e+06	0	0	0	0	0	0	0	0	0	0	73	0	0	0	0	0	
1.34783e+06	0	0	0	0	0	0	0	0	0	0	59	0	0	0	0	0	
1.34858e+06	0	0	0	0	0	0	0	0	0	0	73	0	0	0	0	0	
1.34934e+06	0	0	0	0	0	0	0	0	0	0	55	0	0	0	0	0	
1.35009e+06	0	0	0	0	0	0	0	0	0	0	77	0	0	0	0	0	
1.35084e+06	0	0	0	0	0	0	0	0	0	0	87	0	0	0	0	0	
1.35159e+06	0	0	0	0	0	0	0	0	0	0	81	0	0	0	0	0	
1.35234e+06	0	0	0	0	0	0	0	0	0	81	0	0	0	0	0	0	
1.35309e+06	0	0	0	0	0	0	0	0	0	83	0	0	0	0	0	0	
1.35384e+06	0	0	0	0	0	0	0	0	81	0	0	0	0	0	0	0	
1.35459e+06	0	0	0	0	0	0	0	0	101	0	0	0	0	0	0	0	
1.35533e+06	0	0	0	0	0	0	0	0	85	0	0	0	0	0	0	0	
1.35608e+06	0	0	0	0	0	0	0	0	101	0	0	0	0	0	0	0	
1.35683e+06	0	0	0	0	0	0	0	0	89	0	0	0	0	0	0	0	
1.35758e+06	0	0	0	0	0	0	0	0	91	0	0	0	0	0	0	0	
1.35833e+06	0	0	0	0	0	0	0	105	0	0	0	0	0	0	0	0	
1.35908e+06	0	0	0	0	0	0	0	109	0	0	0	0	0	0	0	0	
1.35983e+06	0	0	0	0	0	0	0	99	0	0	0	0	0	0	0	0	
1.36058e+06	0	0	0	0	0	0	0	85	0	0	0	0	0	0	0	0	
1.36133e+06	0	0	0	0	0	0	0	91	0	0	0	0	0	0	0	0	
1.36208e+06	0	0	0	0	0	0	0	103	0	0	0	0	0	0	0	0	
1.36283e+06	0	0	0	0	0	0	0	101	0	0	0	0	0	0	0	0	
1.36358e+06	0	0	0	0	0	0	0	109	0	0	0	0	0	0	0	0	
1.36433e+06	0	0	0	0	0	0	0	109	0	0	0	0	0	0	0	0	
1.36508e+06	0	0	0	0	0	0	0	89	0	0	0	0	0	0	0	0	
1.36583e+06	0	0	0	0	0	0	0	97	0	0	0	0	0	0	0	0	
1.36658e+06	0	0	0	0	0	0	0	93	0	0	0	0	0	0	0	0	
1.36733e+06	0	0	0	0	0	0	0	119	0	0	0	0	0	0	0	0	
1.36807e+06	0	0	0	0	0	0	0	107	0	0	0	0	0	0	0	0	
1.36882e+06	0	0	0	0	0	0	0	0	83	0	0	0	0	0	0	0	
1.36957e+06	0	0	0	0	0	0	0	0	99	0	0	0	0	0	0	0	
1.37032e+06	0	0	0	0	0	0	0	0	91	0	0	0	0	0	0	0	
1.37107e+06	0	0	0	0	0	0	0	0	83	0	0	0	0	0	0	0	
1.37182e+06	0	0	0	0	0	0	0	0	87	0	0	0	0	0	0	0	
1.37256e+06	0	0	0	0	0	0	0	0	81	0	0	0	0	0	0	0	
1.37331e+06	0	0	0	0	0	0	0	0	87	0	0	0	0	0	0	0	
1.37406e+06	0	0	0	0	0	0	0	0	95	0	0	0	0	0	0	0	
1.37481e+06	0	0	0	0	0	0	0	0	95	0	0	0	0	0	0	0	
1.37556e+06	0	0	0	0	0	0	0	0	81	0	0	0	0	0	0	0	
1.37631e+06	0	0	0	0	0	0	0	0	73	0	0	0	0	0	0	0	
1.37706e+06	0	0	0	0	0	0	0	0	91	0	0	0	0	0	0	0	
1.37781e+06	0	0	0	0	0	0	0	0	79	0	0	0	0	0	0	0	
1.37856e+06	0	0	0	0	0	0	0	0	89	0	0	0	0	0	0	0	
1.37931e+06	0	0	0	0	0	0	0	0	71	0	0	0	0	0	0	0	
1.38006e+06	0	0	0	0	0	0	0	0	89	0	0	0	0	0	0	0	
1.3808e+06	0	0	0	0	0	0	0	0	89	0	0	0	0	0	0	0	
1.38155e+06	0	0	0	0	0	0	0	0	97	0	0	0	0	0	0	0	
1.38231e+06	0	0	0	0	0	0	0	0	101	0	0	0	0	0	0	0	
1.38306e+06	0	0	0	0	0	0	0	0	87	0	0	0	0	0	0	0	
1.38381e+06	0	0	0	0	0	0	0	0	99	0	0	0	0	0	0	0	
1.38456e+06	0	0	0	0	0	0	0	0	91	0	0	0	0	0	0	0	
1.38531e+06	0	0	0	0	0	0	0	0	89	0	0	0	0	0	0	0	
1.38606e+06	0	0	0	0	0	0	0	0	99	0	0	0	0	0	0	0	
1.38681e+06	0	0	0	0	0	0	0	0	87	0	0	0	0	0	0	0	
1.38755e+06	0	0	0	0	0	0	0	0	38	33	0	0	0	0	0	0	
1.38831e+06	0	0	0	0	0	0	0	0	0	0	77	0	0	0	0	0	
1.38906e+06	0	0	0	0	0	0	0	0	0	0	69	0	0	0	0	0	
1.38981e+06	0	0	0	0	0	0	0	0	0	0	59	0	0	0	0	0	
1.39055e+06	0	0	0	0	0	0	0	0	0	0	71	0	0	0	0	0	
1.3913e+06	0	0	0	0	0	0	0	0	0	0	79	0	0	0	0	0	
1.39205e+06	0	0	0	0	0	0	0	0	0	0	79	0	0	0	0	0	
1.3928e+06	0	0	0	0	0	0	0	0	0	0	69	0	0	0	0	0	
1.39355e+06	0	0	0	0	0	0	0	0	0	0	69	0	0	0	0	0	
1.3943e+06	0	0	0	0	0	0	0	0	0	0	83	0	0	0	0	0	
1.39505e+06	0	0	0	0	0	0	0	0	0	0	69	0	0	0	0	0	
1.3958e+06	0	0	0	0	0	0	0	0	0	0	67	0	0	0	0	0	
1.39655e+06	0	0	0	0	0	0	0	0	0	0	95	0	0	0	0	0	
1.3973e+06	0	0	0	0	0	0	0	0	0	0	67	0	0	0	0	0	
1.39805e+06	0	0	0	0	0	0	0	0	0	0	73	0	0	0	0	0	
1.3988e+06	0	0	0	0	0	0	0	0	0	0	0	61	0	0	0	0	
1.39955e+06	0	0	0	0	0	0	0	0	0	0	0	83	0	0	0	0	
1.4003e+06	0	0	0	0	0	0	0	0	0	0	0	67	0	0	0	0	
1.40105e+06	0	0	0	0	0	0	0	0	0	0	0	63	0	0	0	0	
1.4018e+06	0	0	0	0	0	0	0	0	0	0	0	61	0	0	0	0	
1.40255e+06	0	0	0	0	0	0	0	0	0	0	0	69	0	0	0	0	
1.4033e+06	0	0	0	0	0	0	0	0	0	0	73	0	0	0	0	0	
1.40405e+06	0	0	0	0	0	0	0	0	0	0	61	0	0	0	0	0	
1.4048e+06	0	0	0	0	0	0	0	0	0	0	79	0	0	0	0	0	
1.40555e+06	0	0	0	0	0	0	0	0	0	0	77	0	0	0	0	0	
1.4063e+06	0	0	0	0	0	0	0	0	0	0	75	0	0	0	0	0	
1.40705e+06	0	0	0	0	0	0	0	0	0	0	79	0	0	0	0	0	
1.4078e+06	0	0	0	0	0	0	0	0	0	0	67	0	0	0	0	0	
1.40855e+06	0	0	0	0	0	0	0	0	0	0	83	0	0	0	0	0	
1.40929e+06	0	0	0	0	0	0	0	0	0	0	77	0	0	0	0	0	
1.41004e+06	0	0	0	0	0	0	0	0	0	0	75	0	0	0	0	0	
1.41079e+06	0	0	0	0	0	0	0	0	0	0	61	0	0	0	0	0	
1.41154e+06	0	0	0	0	0	0	0	0	0	0	63	0	0	0	0	0	
1.41229e+06	0	0	0	0	0	0	0	0	0	0	61	0	0	0	0	0	
1.41305e+06	0	0	0	0	0	0	0	0	0	2	71	0	0	0	0	0	
1.4138e+06	0	0	0	0	0	0	0	0	0	0	79	0	0	0	0	0	
1.41455e+06	0	0	0	0	0	0	0	0	0	0	81	0	0	0	0	0	
1.4153e+06	0	0	0	0	0	0	0	0	0	0	77	0	0	0	0	0	
1.41605e+06	0	0	0	0	0	0	0	0	0	0	75	0	0	0	0	0	
1.4168e+06	0	0	0	0	0	0	0	0	0	0	69	0	0	0	0	0	
1.41755e+06	0	0	0	0	0	0	0	0	0	0	73	0	0	0	0	0	
1.4183e+06	0	0	0	0	0	0	0	0	0	0	61	0	0	0	0	0	
1.41905e+06	0	0	0	0	0	0	0	0	0	0	73	0	0	0	0	0	
1.4198e+06	0	0	0	0	0	0	0	0	0	0	77	0	0	0	0	0	
1.42055e+06	0	0	0	0	0	0	0	0	0	0	87	0	0	0	0	0	
1.42129e+06	0	0	0	0	0	0	0	0	0	0	73	0	0	0	0	0	
1.42204e+06	0	0	0	0	0	0	0	0	0	0	71	0	0	0	0	0	
1.42279e+06	0	0	0	0	0	0	0	0	0	0	87	0	0	0	0	0	
1.42354e+06	0	0	0	0	0	0	0	0	0	0	79	0	0	0	0	0	
1.42429e+06	0	0	0	0	0	0	0	0	0	0	63	0	0	0	0	0	
1.42504e+06	0	0	0	0	0	0	0	0	0	0	0	59	0	0	0	0	
1.42579e+06	0	0	0	0	0	0	0	0	0	0	0	69	0	0	0	0	
1.42654e+06	0	0	0	0	0	0	0	0	0	0	0	73	0	0	0	0	
1.42728e+06	0	0	0	0	0	0	0	0	0	0	0	53	0	0	0	0	
1.42803e+06	0	0	0	0	0	0	0	0	0	0	0	67	0	0	0	0	
1.42879e+06	0	0	0	0	0	0	0	0	0	0	0	59	0	0	0	0	
1.42953e+06	0	0	0	0	0	0	0	0	0	0	0	61	0	0	0	0	
1.43028e+06	0	0	0	0	0	0	0	0	0	0	0	67	0	0	0	0	
1.43103e+06	0	0	0	0	0	0	0	0	0	0	0	73	0	0	0	0	
1.43178e+06	0	0	0	0	0	0	0	0	0	0	0	63	0	0	0	0	
1.43253e+06	0	0	0	0	0	0	0	0	0	0	0	69	0	0	0	0	
1.43328e+06	0	0	0	0	0	0	0	0	0	0	57	0	0	0	0	0	
1.43403e+06	0	0	0	0	0	0	0	0	0	0	65	0	0	0	0	0	
1.43478e+06	0	0	0	0	0	0	0	0	0	0	67	0	0	0	0	0	
1.43553e+06	0	0	0	0	0	0	0	0	0	0	75	0	0	0	0	0	
1.43628e+06	0	0	0	0	0	0	0	0	0	0	77	0	0	0	0	0	
1.43703e+06	0	0	0	0	0	0	0	0	0	0	75	0	0	0	0	0	
1.43778e+06	0	0	0	0	0	0	0	0	0	0	69	0	0	0	0	0	
1.43853e+06	0	0	0	0	0	0	0	0	0	0	69	0	0	0	0	0	
1.43928e+06	0	0	0	0	0	0	0	0	0	0	67	0	0	0	0	0	
1.44003e+06	0	0	0	0	0	0	0	0	0	0	71	0	0	0	0	0	
1.44077e+06	0	0	0	0	0	0	0	0	0	0	85	0	0	0	0	0	
1.44153e+06	0	0	0	0	0	0	0	0	0	0	55	0	0	0	0	0	
1.44228e+06	0	0	0	0	0	0	0	0	0	0	69	0	0	0	0	0	
1.44302e+06	0	0	0	0	0	0	0	0	0	0	73	0	0	0	0	0	
1.44378e+06	0	0	0	0	0	0	0	0	0	0	53	0	0	0	0	0	
1.44453e+06	0	0	0	0	0	0	0	0	0	0	85	0	0	0	0	0	
1.44528e+06	0	0	0	0	0	0	0	0	0	0	79	0	0	0	0	0	
1.44603e+06	0	0	0	0	0	0	0	0	0	0	77	0	0	0	0	0	
1.44677e+06	0	0	0	0	0	0	0	0	0	0	65	0	0	0	0	0	
1.44752e+06	0	0	0	0	0	0	0	0	0	0	73	0	0	0	0	0	
1.44827e+06	0	0	0	0	0	0	0	0	0	0	81	0	0	0	0	0	
1.44902e+06	0	0	0	0	0	0	0	0	0	0	81	0	0	0	0	0	
1.44977e+06	0	0	0	0	0	0	0	0	0	0	0	55	0	0	0	0	
1.45052e+06	0	0	0	0	0	0	0	0	0	0	0	77	0	0	0	0	
1.45127e+06	0	0	0	0	0	0	0	0	0	0	0	73	14	0	0	0	
1.45203e+06	0	0	0	0	0	0	0	0	0	0	0	55	0	0	0	0	
1.45278e+06	0	0	0	0	0	0	0	0	0	0	0	73	0	0	0	0	
1.45352e+06	0	0	0	0	0	0	0	0	0	0	0	55	0	0	0	0	
1.45427e+06	0	0	0	0	0	0	0	0	0	0	0	69	0	0	0	0	
1.45502e+06	0	0	0	0	0	0	0	0	0	0	0	67	0	0	0	0	
1.45577e+06	0	0	0	0	0	0	0	0	0	0	0	71	0	0	0	0	
1.45652e+06	0	0	0	0	0	0	0	0	0	0	0	55	0	0	0	0	
1.45727e+06	0	0	0	0	0	0	0	0	0	0	0	53	0	0	0	0	
1.45802e+06	0	0	0	0	0	0	0	0	0	0	0	85	0	0	0	0	
1.45877e+06	0	0	0	0	0	0	0	0	0	0	0	53	0	0	0	0	
1.45951e+06	0	0	0	0	0	0	0	0	0	0	0	73	0	0	0	0	
1.46026e+06	0	0	0	0	0	0	0	0	0	0	0	63	0	0	0	0	
1.46101e+06	0	0	0	0	0	0	0	0	0	0	0	77	0	0	0	0	
1.46176e+06	0	0	0	0	0	0	0	0	0	0	0	61	0	0	0	0	
1.46251e+06	0	0	0	0	0	0	0	0	0	0	77	0	0	0	0	0	
1.46326e+06	0	0	0	0	0	0	0	0	0	0	61	0	0	0	0	0	
1.46401e+06	0	0	0	0	0	0	0	0	0	0	73	0	0	0	0	0	
1.46476e+06	0	0	0	0	0	0	0	0	0	0	81	0	0	0	0	0	
1.46551e+06	0	0	0	0	0	0	0	0	0	0	91	0	0	0	0	0	
1.46626e+06	0	0	0	0	0	0	0	0	0	0	67	0	0	0	0	0	
1.467e+06	0	0	0	0	0	0	0	0	0	0	67	0	0	0	0	0	
1.46776e+06	0	0	0	0	0	0	0	0	0	0	75	0	0	0	0	0	
1.46851e+06	0	0	0	0	0	0	0	0	0	0	75	0	0	0	0	0	
1.46926e+06	0	0	0	0	0	0	0	0	0	0	67	0	0	0	0	0	
1.47001e+06	0	0	0	0	0	0	0	0	0	0	65	0	0	0	0	0	
1.47076e+06	0	0	0	0	0	0	0	0	0	0	75	0	0	0	0	0	
1.47151e+06	0	0	0	0	0	0	0	0	0	0	57	0	0	0	0	0	
1.47226e+06	0	0	0	0	0	0	0	0	0	0	97	0	0	0	0	0	
1.47301e+06	0	0	0	0	0	0	0	0	0	0	81	0	0	0	0	0	
1.47376e+06	0	0	0	0	0	0	0	0	0	0	73	0	0	0	0	0	
1.47451e+06	0	0	0	0	0	0	0	0	0	0	83	0	0	0	0	0	
1.47526e+06	0	0	0	0	0	0	0	0	0	0	83	0	0	0	0	0	
1.476e+06	0	0	0	0	0	0	0	0	0	0	93	0	0	0	0	0	
1.47675e+06	0	0	0	0	0	0	0	0	0	0	63	0	0	0	0	0	
1.47751e+06	0	0	0	0	0	0	0	0	0	0	89	0	0	0	0	0	
1.47826e+06	0	0	0	0	0	0	0	0	0	0	67	0	0	0	0	0	
1.47901e+06	0	0	0	0	0	0	0	0	0	0	69	0	0	0	0	0	
1.47976e+06	0	0	0	0	0	0	0	0	0	0	85	0	0	0	0	0	
1.48051e+06	0	0	0	0	0	0	0	0	0	0	67	0	0	0	0	0	
1.48126e+06	0	0	0	0	0	0	0	0	0	0	77	0	0	0	0	0	
1.48201e+06	0	0	0	0	0	0	0	0	0	0	59	0	0	0	0	0	
1.48276e+06	0	0	0	0	0	0	0	0	0	0	79	0	0	0	0	0	
1.48351e+06	0	0	0	0	0	0	0	0	0	0	69	0	0	0	0	0	
1.48426e+06	0	0	0	0	0	0	0	0	0	0	77	0	0	0	0	0	
1.48501e+06	0	0	0	0	0	0	0	0	0	0	67	0	0	0	0	0	
1.48576e+06	0	0	0	0	0	0	0	0	0	0	61	0	0	0	0	0	
1.48651e+06	0	0	0	0	0	0	0	0	0	0	69	0	0	0	0	0	
1.48726e+06	0	0	0	0	0	0	0	0	0	0	81	0	0	0	0	0	
1.48801e+06	0	0	0	0	0	0	0	0	0	0	77	0	0	0	0	0	
1.48876e+06	0	0	0	0	0	0	0	0	0	0	81	0	0	0	0	0	
1.48951e+06	0	0	0	0	0	0	0	0	0	0	73	0	0	0	0	0	
1.49026e+06	0	0	0	0	0	0	0	0	0	0	67	0	0	0	0	0	
1.49101e+06	0	0	0	0	0	0	0	0	0	0	81	0	0	0	0	0	
1.49176e+06	0	0	0	0	0	0	0	0	0	0	73	0	0	0	0	0	
1.49251e+06	0	0	0	0	0	0	0	0	0	0	91	0	0	0	0	0	
1.49326e+06	0	0	0	0	0	0	0	0	0	0	69	0	0	0	0	0	
1.49401e+06	0	0	0	0	0	0	0	0	0	0	77	0	0	0	0	0	
1.49476e+06	0	0	0	0	0	0	0	0	0	0	57	0	0	0	0	0	
1.49551e+06	0	0	0	0	0	0	0	0	0	0	89	0	0	0	0	0	
1.49626e+06	0	0	0	0	0	0	0	0	0	0	0	0	59	0	0	0	
1.49701e+06	0	0	0	0	0	0	0	0	0	0	0	0	57	0	0	0	
1.49776e+06	0	0	0	0	0	0	0	0	0	0	0	0	63	0	0	0	
1.49851e+06	0	0	0	0	0	0	0	0	0	0	0	0	73	0	0	0	
1.49926e+06	0	0	0	0	0	0	0	0	0	0	0	0	59	0	0	0	
1.50001e+06	0	0	0	0	0	0	0	0	0	0	0	0	53	0	0	0	
1.50001e+06	0	0	0	0	0	0	0	0	0	0	0	0	53	0	0	0	
