Time	s0	s1	s2	s3	s4	s5	s6	s7	s8	s9	s10	s11	s12	s13	s14	s15	
0	0	0	0	0	0	0	0	0	0	0	0	0	0	0	0	200	
0.000529236	0	0	0	0	0	0	0	0	0	0	0	0	0	0	0	199	
752.017	0	0	0	0	0	0	0	0	0	0	0	0	0	0	0	57	
1502.14	0	0	0	0	0	0	0	0	0	0	0	0	0	0	0	55	
2255.04	0	0	0	0	0	0	0	0	0	0	0	0	0	0	0	51	
3005.86	0	0	0	0	0	0	0	0	0	0	0	0	0	0	0	55	
3755.07	0	0	0	0	0	0	0	0	0	0	0	0	0	0	0	53	
4503.39	0	0	0	0	0	0	0	0	0	0	0	0	0	0	0	55	
5249.79	0	0	0	0	0	0	0	0	0	0	0	0	0	0	0	55	
5999.5	0	0	0	0	0	0	0	0	0	0	0	0	0	0	0	63	
6749.28	0	0	0	0	0	0	0	0	0	0	0	0	0	0	51	0	
7499.12	0	0	0	0	0	0	0	0	0	0	0	0	0	0	47	0	
8247.73	0	0	0	0	0	0	0	0	0	0	0	0	0	0	47	0	
9000.31	0	0	0	0	0	0	0	0	0	0	0	0	0	0	57	0	
9746.35	0	0	0	0	0	0	0	0	0	0	0	0	0	55	0	0	
10498.3	0	0	0	0	0	0	0	0	0	0	0	0	0	61	0	0	
11246	0	0	0	0	0	0	0	0	0	0	0	0	0	59	0	0	
11996.7	0	0	0	0	0	0	0	0	0	0	0	0	0	59	0	0	
12750	0	0	0	0	0	0	0	0	0	0	0	0	0	65	0	0	
13498.9	0	0	0	0	0	0	0	0	0	0	0	0	0	47	0	0	
14249.2	0	0	0	0	0	0	0	0	0	0	0	0	6	43	0	0	
14999.5	0	0	0	0	0	0	0	0	0	0	0	0	0	61	0	0	
15750.9	0	0	0	0	0	0	0	0	0	0	0	0	0	51	0	0	
16502.5	0	0	0	0	0	0	0	0	0	0	0	0	0	0	69	0	
17253.3	0	0	0	0	0	0	0	0	0	0	0	0	0	0	55	0	
18004.3	0	0	0	0	0	0	0	0	0	0	0	0	0	0	53	0	
18752.3	0	0	0	0	0	0	0	0	0	0	0	0	0	0	59	0	
19502.3	0	0	0	0	0	0	0	0	0	0	0	0	0	0	51	0	
20250.6	0	0	0	0	0	0	0	0	0	0	0	0	0	0	47	0	
21000.8	0	0	0	0	0	0	0	0	0	0	0	0	0	0	51	0	
21749.2	0	0	0	0	0	0	0	0	0	0	0	0	0	0	43	0	
22496.6	0	0	0	0	0	0	0	0	0	0	0	0	0	0	43	0	
23246.7	0	0	0	0	0	0	0	0	0	0	0	0	0	0	47	0	
23996.4	0	0	0	0	0	0	0	0	0	0	0	0	0	0	65	0	
24746.6	0	0	0	0	0	0	0	0	0	0	0	0	0	0	45	0	
25496.2	0	0	0	0	0	0	0	0	0	0	0	0	0	0	47	0	
26246.7	0	0	0	0	0	0	0	0	0	0	0	0	0	0	51	0	
26997.2	0	0	0	0	0	0	0	0	0	0	0	0	0	0	63	0	
27745.8	0	0	0	0	0	0	0	0	0	0	0	0	0	0	59	0	
28498.8	0	0	0	0	0	0	0	0	0	0	0	0	0	0	49	0	
29252.3	0	0	0	0	0	0	0	0	0	0	0	0	0	0	63	0	
30004.1	0	0	0	0	0	0	0	0	0	0	0	0	0	0	65	0	
30750.7	0	0	0	0	0	0	0	0	0	0	0	0	0	0	57	0	
31497.9	0	0	0	0	0	0	0	0	0	0	0	0	0	0	55	0	
32249.8	0	0	0	0	0	0	0	0	0	0	0	0	0	0	57	0	
32997.9	0	0	0	0	0	0	0	0	0	0	0	0	0	0	55	0	
33748.1	0	0	0	0	0	0	0	0	0	0	0	0	0	0	55	0	
34500.8	0	0	0	0	0	0	0	0	0	0	0	0	0	0	41	0	
35250.8	0	0	0	0	0	0	0	0	0	0	0	0	0	0	45	0	
36002.8	0	0	0	0	0	0	0	0	0	0	0	0	0	0	61	0	
36754.2	0	0	0	0	0	0	0	0	0	0	0	0	0	0	43	0	
37506.1	0	0	0	0	0	0	0	0	0	0	0	0	0	0	59	0	
38257.4	0	0	0	0	0	0	0	0	0	0	0	0	0	0	59	0	
39011.7	0	0	0	0	0	0	0	0	0	0	0	0	0	0	47	0	
39762	0	0	0	0	0	0	0	0	0	0	0	0	0	0	59	0	
40510.2	0	0	0	0	0	0	0	0	0	0	0	0	0	0	61	0	
41257.8	0	0	0	0	0	0	0	0	0	0	0	0	0	0	63	0	
42005.2	0	0	0	0	0	0	0	0	0	0	0	0	0	0	59	0	
42753.7	0	0	0	0	0	0	0	0	0	0	0	0	0	0	55	0	
43506.7	0	0	0	0	0	0	0	0	0	0	0	0	0	0	47	0	
44260.7	0	0	0	0	0	0	0	0	0	0	0	0	0	0	47	0	
45010.2	0	0	0	0	0	0	0	0	0	0	0	0	0	0	57	0	
45761.3	0	0	0	0	0	0	0	0	0	0	0	0	0	0	43	0	
46511.7	0	0	0	0	0	0	0	0	0	0	0	0	0	0	61	0	
47261.6	0	0	0	0	0	0	0	0	0	0	0	0	0	0	61	0	
48010.6	0	0	0	0	0	0	0	0	0	0	0	0	0	0	49	0	
48764.7	0	0	0	0	0	0	0	0	0	0	0	0	0	0	55	0	
49516.5	0	0	0	0	0	0	0	0	0	0	0	0	0	0	49	0	
50265.4	0	0	0	0	0	0	0	0	0	0	0	0	0	0	67	0	
51015.6	0	0	0	0	0	0	0	0	0	0	0	0	0	0	59	0	
51762.5	0	0	0	0	0	0	0	0	0	0	0	0	0	0	53	0	
52513.7	0	0	0	0	0	0	0	0	0	0	0	0	0	0	57	0	
53265.2	0	0	0	0	0	0	0	0	0	0	0	0	0	0	47	0	
54017.1	0	0	0	0	0	0	0	0	0	0	0	0	0	0	49	0	
54768.5	0	0	0	0	0	0	0	0	0	0	0	0	0	0	45	0	
55520.4	0	0	0	0	0	0	0	0	0	0	0	0	0	0	55	0	
56268.8	0	0	0	0	0	0	0	0	0	0	0	0	0	0	43	0	
57019.5	0	0	0	0	0	0	0	0	0	0	0	0	0	0	53	0	
57770.7	0	0	0	0	0	0	0	0	0	0	0	0	0	0	0	55	
58521.1	0	0	0	0	0	0	0	0	0	0	0	0	0	0	0	49	
59274.9	0	0	0	0	0	0	0	0	0	0	0	0	0	0	0	53	
60028.1	0	0	0	0	0	0	0	0	0	0	0	0	0	0	0	55	
60780	0	0	0	0	0	0	0	0	0	0	0	0	0	0	0	55	
61528.4	0	0	0	0	0	0	0	0	0	0	0	0	0	0	0	59	
62275.9	0	0	0	0	0	0	0	0	0	0	0	0	0	0	0	43	
63025.2	0	0	0	0	0	0	0	0	0	0	0	0	0	0	0	59	
63777.1	0	0	0	0	0	0	0	0	0	0	0	0	0	0	0	43	
64528	0	0	0	0	0	0	0	0	0	0	0	0	0	0	0	51	
65278.4	0	0	0	0	0	0	0	0	0	0	0	0	0	0	0	43	
66031	0	0	0	0	0	0	0	0	0	0	0	0	0	0	0	61	
66776	0	0	0	0	0	0	0	0	0	0	0	0	0	0	0	41	
67528.3	0	0	0	0	0	0	0	0	0	0	0	0	0	0	0	51	
68279.2	0	0	0	0	0	0	0	0	0	0	0	0	0	0	0	49	
69031.8	0	0	0	0	0	0	0	0	0	0	0	0	0	0	0	49	
69782.4	0	0	0	0	0	0	0	0	0	0	0	0	0	0	0	41	
70536.1	0	0	0	0	0	0	0	0	0	0	0	0	0	0	0	49	
71287.5	0	0	0	0	0	0	0	0	0	0	0	0	0	0	0	53	
72039.6	0	0	0	0	0	0	0	0	0	0	0	0	0	0	0	53	
72787.7	0	0	0	0	0	0	0	0	0	0	0	0	0	0	0	55	
73536.9	0	0	0	0	0	0	0	0	0	0	0	0	0	0	0	55	
74287.6	0	0	0	0	0	0	0	0	0	0	0	0	0	0	0	65	
75036.8	0	0	0	0	0	0	0	0	0	0	0	0	0	0	0	45	
75784.1	0	0	0	0	0	0	0	0	0	0	0	0	0	0	0	49	
76534	0	0	0	0	0	0	0	0	0	0	0	0	0	0	0	57	
77281.4	0	0	0	0	0	0	0	0	0	0	0	0	0	0	0	57	
78031.5	0	0	0	0	0	0	0	0	0	0	0	0	0	0	0	63	
78786.1	0	0	0	0	0	0	0	0	0	0	0	0	0	0	51	0	
79539.9	0	0	0	0	0	0	0	0	0	0	0	0	0	0	61	0	
80291.3	0	0	0	0	0	0	0	0	0	0	0	0	0	0	53	0	
81041.5	0	0	0	0	0	0	0	0	0	0	0	0	0	0	55	0	
81794	0	0	0	0	0	0	0	0	0	0	0	0	0	0	49	0	
82542.4	0	0	0	0	0	0	0	0	0	0	0	0	0	0	55	0	
83289.2	0	0	0	0	0	0	0	0	0	0	0	0	0	0	49	0	
84037.8	0	0	0	0	0	0	0	0	0	0	0	0	0	0	39	0	
84782.9	0	0	0	0	0	0	0	0	0	0	0	0	0	0	53	0	
85534.3	0	0	0	0	0	0	0	0	0	0	0	0	0	0	59	0	
86284.7	0	0	0	0	0	0	0	0	0	0	0	0	0	0	49	0	
87034.6	0	0	0	0	0	0	0	0	0	0	0	0	0	0	55	0	
87785.1	0	0	0	0	0	0	0	0	0	0	0	0	0	0	47	0	
88536	0	0	0	0	0	0	0	0	0	0	0	0	0	0	47	0	
89286.6	0	0	0	0	0	0	0	0	0	0	0	0	0	0	49	0	
90038.8	0	0	0	0	0	0	0	0	0	0	0	0	0	0	51	0	
90790.5	0	0	0	0	0	0	0	0	0	0	0	0	0	0	43	0	
91546.7	0	0	0	0	0	0	0	0	0	0	0	0	0	0	65	0	
92298.4	0	0	0	0	0	0	0	0	0	0	0	0	0	0	0	49	
93049.7	0	0	0	0	0	0	0	0	0	0	0	0	0	0	0	43	
93801.2	0	0	0	0	0	0	0	0	0	0	0	0	0	0	0	69	
94545.9	0	0	0	0	0	0	0	0	0	0	0	0	0	0	0	49	
95294.9	0	0	0	0	0	0	0	0	0	0	0	0	0	0	0	49	
96045.6	0	0	0	0	0	0	0	0	0	0	0	0	0	0	0	41	
96797.6	0	0	0	0	0	0	0	0	0	0	0	0	0	0	0	53	
97548.8	0	0	0	0	0	0	0	0	0	0	0	0	0	0	0	45	
98298.6	0	0	0	0	0	0	0	0	0	0	0	0	0	0	0	55	
99049.1	0	0	0	0	0	0	0	0	0	0	0	0	0	0	0	43	
99798.5	0	0	0	0	0	0	0	0	0	0	0	0	0	0	0	53	
100550	0	0	0	0	0	0	0	0	0	0	0	0	0	0	0	37	
101299	0	0	0	0	0	0	0	0	0	0	0	0	0	0	0	51	
102050	0	0	0	0	0	0	0	0	0	0	0	0	0	0	0	47	
102799	0	0	0	0	0	0	0	0	0	0	0	0	0	0	0	57	
103548	0	0	0	0	0	0	0	0	0	0	0	0	0	0	0	51	
104295	0	0	0	0	0	0	0	0	0	0	0	0	0	0	0	43	
105044	0	0	0	0	0	0	0	0	0	0	0	0	0	0	0	35	
105796	0	0	0	0	0	0	0	0	0	0	0	0	0	0	0	47	
106543	0	0	0	0	0	0	0	0	0	0	0	0	0	0	0	55	
107291	0	0	0	0	0	0	0	0	0	0	0	0	0	0	0	49	
108040	0	0	0	0	0	0	0	0	0	0	0	0	0	0	0	43	
108794	0	0	0	0	0	0	0	0	0	0	0	0	0	0	0	51	
109543	0	0	0	0	0	0	0	0	0	0	0	0	0	0	0	57	
110293	0	0	0	0	0	0	0	0	0	0	0	0	0	0	0	49	
111041	0	0	0	0	0	0	0	0	0	0	0	0	0	0	0	41	
111790	0	0	0	0	0	0	0	0	0	0	0	0	0	0	0	45	
112541	0	0	0	0	0	0	0	0	0	0	0	0	0	0	0	47	
113291	0	0	0	0	0	0	0	0	0	0	0	0	0	0	0	67	
114037	0	0	0	0	0	0	0	0	0	0	0	0	0	0	0	53	
114785	0	0	0	0	0	0	0	0	0	0	0	0	0	0	0	45	
115534	0	0	0	0	0	0	0	0	0	0	0	0	0	0	0	59	
116280	0	0	0	0	0	0	0	0	0	0	0	0	0	0	0	55	
117026	0	0	0	0	0	0	0	0	0	0	0	0	0	0	0	47	
117777	0	0	0	0	0	0	0	0	0	0	0	0	0	0	0	57	
118525	0	0	0	0	0	0	0	0	0	0	0	0	0	0	0	51	
119274	0	0	0	0	0	0	0	0	0	0	0	0	0	0	0	49	
120025	0	0	0	0	0	0	0	0	0	0	0	0	0	0	0	47	
120776	0	0	0	0	0	0	0	0	0	0	0	0	0	0	0	53	
121525	0	0	0	0	0	0	0	0	0	0	0	0	0	0	0	57	
122275	0	0	0	0	0	0	0	0	0	0	0	0	0	0	0	51	
123025	0	0	0	0	0	0	0	0	0	0	0	0	0	0	0	49	
123776	0	0	0	0	0	0	0	0	0	0	0	0	0	0	0	61	
124523	0	0	0	0	0	0	0	0	0	0	0	0	0	0	49	0	
125272	0	0	0	0	0	0	0	0	0	0	0	0	0	0	0	51	
126024	0	0	0	0	0	0	0	0	0	0	0	0	0	0	0	61	
126777	0	0	0	0	0	0	0	0	0	0	0	0	0	0	0	55	
127529	0	0	0	0	0	0	0	0	0	0	0	0	0	0	0	51	
128280	0	0	0	0	0	0	0	0	0	0	0	0	0	0	0	45	
129033	0	0	0	0	0	0	0	0	0	0	0	0	0	0	0	67	
129783	0	0	0	0	0	0	0	0	0	0	0	0	0	0	0	51	
130535	0	0	0	0	0	0	0	0	0	0	0	0	0	0	0	49	
131284	0	0	0	0	0	0	0	0	0	0	0	0	0	0	0	43	
132034	0	0	0	0	0	0	0	0	0	0	0	0	0	0	0	59	
132784	0	0	0	0	0	0	0	0	0	0	0	0	0	0	0	47	
133534	0	0	0	0	0	0	0	0	0	0	0	0	0	0	0	41	
134287	0	0	0	0	0	0	0	0	0	0	0	0	0	0	0	57	
135037	0	0	0	0	0	0	0	0	0	0	0	0	0	0	0	53	
135786	0	0	0	0	0	0	0	0	0	0	0	0	0	0	0	41	
136534	0	0	0	0	0	0	0	0	0	0	0	0	0	0	0	43	
137286	0	0	0	0	0	0	0	0	0	0	0	0	0	0	0	55	
138035	0	0	0	0	0	0	0	0	0	0	0	0	0	0	0	53	
138786	0	0	0	0	0	0	0	0	0	0	0	0	0	0	0	53	
139539	0	0	0	0	0	0	0	0	0	0	0	0	0	0	0	43	
140287	0	0	0	0	0	0	0	0	0	0	0	0	0	0	0	43	
141039	0	0	0	0	0	0	0	0	0	0	0	0	0	0	0	59	
141789	0	0	0	0	0	0	0	0	0	0	0	0	0	0	22	25	
142541	0	0	0	0	0	0	0	0	0	0	0	0	0	0	55	0	
143291	0	0	0	0	0	0	0	0	0	0	0	0	0	0	61	0	
144043	0	0	0	0	0	0	0	0	0	0	0	0	0	0	57	0	
144794	0	0	0	0	0	0	0	0	0	0	0	0	0	0	63	0	
145544	0	0	0	0	0	0	0	0	0	0	0	0	0	0	55	0	
146291	0	0	0	0	0	0	0	0	0	0	0	0	0	0	65	0	
147039	0	0	0	0	0	0	0	0	0	0	0	0	0	0	79	0	
147789	0	0	0	0	0	0	0	0	0	0	0	0	0	0	41	0	
148539	0	0	0	0	0	0	0	0	0	0	0	0	0	0	61	0	
149287	0	0	0	0	0	0	0	0	0	0	0	0	0	0	45	0	
150039	0	0	0	0	0	0	0	0	0	0	0	0	0	0	65	0	
150787	0	0	0	0	0	0	0	0	0	0	0	0	0	0	43	0	
151543	0	0	0	0	0	0	0	0	0	0	0	0	0	0	61	0	
152291	0	0	0	0	0	0	0	0	0	0	0	0	0	0	59	0	
153041	0	0	0	0	0	0	0	0	0	0	0	0	0	0	59	0	
153791	0	0	0	0	0	0	0	0	0	0	0	0	0	0	75	0	
154542	0	0	0	0	0	0	0	0	0	0	0	0	0	0	53	0	
155292	0	0	0	0	0	0	0	0	0	0	0	0	0	0	61	0	
156044	0	0	0	0	0	0	0	0	0	0	0	0	0	0	55	0	
156793	0	0	0	0	0	0	0	0	0	0	0	0	0	0	0	57	
157543	0	0	0	0	0	0	0	0	0	0	0	0	0	0	0	49	
158293	0	0	0	0	0	0	0	0	0	0	0	0	0	0	0	55	
159041	0	0	0	0	0	0	0	0	0	0	0	0	0	0	0	55	
159791	0	0	0	0	0	0	0	0	0	0	0	0	0	0	0	49	
160539	0	0	0	0	0	0	0	0	0	0	0	0	0	0	0	57	
161289	0	0	0	0	0	0	0	0	0	0	0	0	0	0	0	43	
162037	0	0	0	0	0	0	0	0	0	0	0	0	0	0	0	63	
162785	0	0	0	0	0	0	0	0	0	0	0	0	0	0	0	43	
163534	0	0	0	0	0	0	0	0	0	0	0	0	0	0	0	69	
164284	0	0	0	0	0	0	0	0	0	0	0	0	0	0	0	47	
165035	0	0	0	0	0	0	0	0	0	0	0	0	0	0	59	0	
165782	0	0	0	0	0	0	0	0	0	0	0	0	0	0	0	53	
166534	0	0	0	0	0	0	0	0	0	0	0	0	0	0	0	43	
167288	0	0	0	0	0	0	0	0	0	0	0	0	0	0	0	53	
168035	0	0	0	0	0	0	0	0	0	0	0	0	0	0	0	55	
168789	0	0	0	0	0	0	0	0	0	0	0	0	0	0	0	51	
169543	0	0	0	0	0	0	0	0	0	0	0	0	0	0	0	53	
170294	0	0	0	0	0	0	0	0	0	0	0	0	0	0	0	61	
171043	0	0	0	0	0	0	0	0	0	0	0	0	0	0	0	47	
171794	0	0	0	0	0	0	0	0	0	0	0	0	0	0	55	0	
172544	0	0	0	0	0	0	0	0	0	0	0	0	0	0	57	0	
173296	0	0	0	0	0	0	0	0	0	0	0	0	0	0	53	0	
174046	0	0	0	0	0	0	0	0	0	0	0	0	0	0	45	0	
174798	0	0	0	0	0	0	0	0	0	0	0	0	0	0	59	0	
175552	0	0	0	0	0	0	0	0	0	0	0	0	59	0	0	0	
176302	0	0	0	0	0	0	0	0	0	0	0	0	65	0	0	0	
177053	0	0	0	0	0	0	0	0	0	0	0	0	69	0	0	0	
177800	0	0	0	0	0	0	0	0	0	0	0	0	73	0	0	0	
178549	0	0	0	0	0	0	0	0	0	0	0	0	73	0	0	0	
179298	0	0	0	0	0	0	0	0	0	0	0	0	57	0	0	0	
180048	0	0	0	0	0	0	0	0	0	0	0	0	65	0	0	0	
180800	0	0	0	0	0	0	0	0	0	0	0	0	69	0	0	0	
181551	0	0	0	0	0	0	0	0	0	0	0	0	49	0	0	0	
182305	0	0	0	0	0	0	0	0	0	0	0	0	63	0	0	0	
183057	0	0	0	0	0	0	0	0	0	0	0	61	0	0	0	0	
183808	0	0	0	0	0	0	0	0	0	0	0	69	0	0	0	0	
184557	0	0	0	0	0	0	0	0	0	0	0	61	0	0	0	0	
185308	0	0	0	0	0	0	0	0	0	0	0	63	0	0	0	0	
186057	0	0	0	0	0	0	0	0	0	0	0	69	0	0	0	0	
186804	0	0	0	0	0	0	0	0	0	0	0	65	0	0	0	0	
187552	0	0	0	0	0	0	0	0	0	0	0	71	0	0	0	0	
188300	0	0	0	0	0	0	0	0	0	0	0	67	0	0	0	0	
189053	0	0	0	0	0	0	0	0	0	0	0	63	0	0	0	0	
189801	0	0	0	0	0	0	0	0	0	0	0	65	0	0	0	0	
190551	0	0	0	0	0	0	0	0	0	0	0	73	0	0	0	0	
191298	0	0	0	0	0	0	0	0	0	0	0	65	0	0	0	0	
192050	0	0	0	0	0	0	0	0	0	0	0	65	0	0	0	0	
192800	0	0	0	0	0	0	0	0	0	0	0	79	0	0	0	0	
193549	0	0	0	0	0	0	0	0	0	0	0	69	0	0	0	0	
194296	0	0	0	0	0	0	0	0	0	0	0	65	0	0	0	0	
195048	0	0	0	0	0	0	0	0	0	0	0	57	0	0	0	0	
195796	0	0	0	0	0	0	0	0	0	0	0	61	0	0	0	0	
196545	0	0	0	0	0	0	0	0	0	0	0	81	0	0	0	0	
197294	0	0	0	0	0	0	0	0	0	0	0	71	0	0	0	0	
198044	0	0	0	0	0	0	0	0	0	0	0	61	0	0	0	0	
198795	0	0	0	0	0	0	0	0	0	0	0	75	0	0	0	0	
199546	0	0	0	0	0	0	0	0	0	0	63	0	0	0	0	0	
200299	0	0	0	0	0	0	0	0	0	0	81	0	0	0	0	0	
201047	0	0	0	0	0	0	0	0	0	0	65	0	0	0	0	0	
201797	0	0	0	0	0	0	0	0	0	0	75	0	0	0	0	0	
202546	0	0	0	0	0	0	0	0	0	75	0	0	0	0	0	0	
203295	0	0	0	0	0	0	0	0	0	77	0	0	0	0	0	0	
204044	0	0	0	0	0	0	0	0	0	83	0	0	0	0	0	0	
204793	0	0	0	0	0	0	0	0	0	85	0	0	0	0	0	0	
205545	0	0	0	0	0	0	0	0	0	81	0	0	0	0	0	0	
206294	0	0	0	0	0	0	0	0	0	85	0	0	0	0	0	0	
207044	0	0	0	0	0	0	0	0	0	91	0	0	0	0	0	0	
207793	0	0	0	0	0	0	0	0	0	75	0	0	0	0	0	0	
208544	0	0	0	0	0	0	0	0	0	85	0	0	0	0	0	0	
209292	0	0	0	0	0	0	0	0	93	0	0	0	0	0	0	0	
210041	0	0	0	0	0	0	0	0	91	0	0	0	0	0	0	0	
210790	0	0	0	0	0	0	0	0	93	0	0	0	0	0	0	0	
211542	0	0	0	0	0	0	0	0	97	0	0	0	0	0	0	0	
212291	0	0	0	0	0	0	0	0	103	0	0	0	0	0	0	0	
213040	0	0	0	0	0	0	0	0	101	0	0	0	0	0	0	0	
213787	0	0	0	0	0	0	0	0	85	0	0	0	0	0	0	0	
214537	0	0	0	0	0	0	0	0	119	0	0	0	0	0	0	0	
215287	0	0	0	0	0	0	0	0	97	0	0	0	0	0	0	0	
216036	0	0	0	0	0	0	0	0	107	0	0	0	0	0	0	0	
216784	0	0	0	0	0	0	0	0	91	0	0	0	0	0	0	0	
217532	0	0	0	0	0	0	0	0	85	0	0	0	0	0	0	0	
218284	0	0	0	0	0	0	0	0	91	0	0	0	0	0	0	0	
219031	0	0	0	0	0	0	0	0	83	0	0	0	0	0	0	0	
219780	0	0	0	0	0	0	0	0	69	0	0	0	0	0	0	0	
220531	0	0	0	0	0	0	0	0	83	0	0	0	0	0	0	0	
221280	0	0	0	0	0	0	0	0	103	0	0	0	0	0	0	0	
222030	0	0	0	0	0	0	0	0	77	0	0	0	0	0	0	0	
222782	0	0	0	0	0	0	0	0	93	0	0	0	0	0	0	0	
223531	0	0	0	0	0	0	0	0	83	0	0	0	0	0	0	0	
224283	0	0	0	0	0	0	0	103	0	0	0	0	0	0	0	0	
225032	0	0	0	0	0	0	0	103	0	0	0	0	0	0	0	0	
225781	0	0	0	0	0	0	0	81	0	0	0	0	0	0	0	0	
226532	0	0	0	0	0	0	129	0	0	0	0	0	0	0	0	0	
227282	0	0	0	0	0	0	101	0	0	0	0	0	0	0	0	0	
228033	0	0	0	0	0	0	99	0	0	0	0	0	0	0	0	0	
228782	0	0	0	0	0	0	105	0	0	0	0	0	0	0	0	0	
229532	0	0	0	0	0	0	133	0	0	0	0	0	0	0	0	0	
230281	0	0	0	0	0	0	121	0	0	0	0	0	0	0	0	0	
231031	0	0	0	0	0	0	115	0	0	0	0	0	0	0	0	0	
231779	0	0	0	0	0	0	101	0	0	0	0	0	0	0	0	0	
232529	0	0	0	0	0	0	109	0	0	0	0	0	0	0	0	0	
233280	0	0	0	0	0	0	109	0	0	0	0	0	0	0	0	0	
234032	0	0	0	0	0	0	125	0	0	0	0	0	0	0	0	0	
234781	0	0	0	0	0	0	107	0	0	0	0	0	0	0	0	0	
235532	0	0	0	0	0	0	123	0	0	0	0	0	0	0	0	0	
236279	0	0	0	0	0	0	143	0	0	0	0	0	0	0	0	0	
237028	0	0	0	0	0	0	111	0	0	0	0	0	0	0	0	0	
237776	0	0	0	0	0	0	115	0	0	0	0	0	0	0	0	0	
238527	0	0	0	0	0	0	107	0	0	0	0	0	0	0	0	0	
239278	0	0	0	0	0	0	121	0	0	0	0	0	0	0	0	0	
240026	0	0	0	0	0	0	115	0	0	0	0	0	0	0	0	0	
240777	0	0	0	0	0	0	109	0	0	0	0	0	0	0	0	0	
241526	0	0	0	0	0	0	111	0	0	0	0	0	0	0	0	0	
242276	0	0	0	0	0	0	121	0	0	0	0	0	0	0	0	0	
243024	0	0	0	0	0	0	109	0	0	0	0	0	0	0	0	0	
243774	0	0	0	0	0	0	113	0	0	0	0	0	0	0	0	0	
244526	0	0	0	0	0	0	121	0	0	0	0	0	0	0	0	0	
245274	0	0	0	0	0	0	111	0	0	0	0	0	0	0	0	0	
246023	0	0	0	0	0	125	0	0	0	0	0	0	0	0	0	0	
246772	0	0	0	0	0	151	0	0	0	0	0	0	0	0	0	0	
247520	0	0	0	0	0	123	0	0	0	0	0	0	0	0	0	0	
248273	0	0	0	0	0	123	0	0	0	0	0	0	0	0	0	0	
249024	0	0	0	0	0	135	0	0	0	0	0	0	0	0	0	0	
249775	0	0	0	0	0	147	0	0	0	0	0	0	0	0	0	0	
250523	0	0	0	0	0	141	0	0	0	0	0	0	0	0	0	0	
251271	0	0	0	0	0	141	0	0	0	0	0	0	0	0	0	0	
252017	0	0	0	0	0	121	0	0	0	0	0	0	0	0	0	0	
252770	0	0	0	0	0	127	0	0	0	0	0	0	0	0	0	0	
253517	0	0	0	0	0	117	0	0	0	0	0	0	0	0	0	0	
254268	0	0	0	0	0	131	0	0	0	0	0	0	0	0	0	0	
255018	0	0	0	0	0	129	0	0	0	0	0	0	0	0	0	0	
255770	0	0	0	0	161	0	0	0	0	0	0	0	0	0	0	0	
256517	0	0	0	0	173	0	0	0	0	0	0	0	0	0	0	0	
257270	0	0	0	0	151	0	0	0	0	0	0	0	0	0	0	0	
258017	0	0	0	0	157	0	0	0	0	0	0	0	0	0	0	0	
258768	0	0	0	0	137	0	0	0	0	0	0	0	0	0	0	0	
259515	0	0	0	0	161	0	0	0	0	0	0	0	0	0	0	0	
260261	0	0	0	0	151	0	0	0	0	0	0	0	0	0	0	0	
261013	0	0	0	0	135	0	0	0	0	0	0	0	0	0	0	0	
261762	0	0	0	0	159	0	0	0	0	0	0	0	0	0	0	0	
262515	0	0	0	0	147	0	0	0	0	0	0	0	0	0	0	0	
263270	0	0	0	0	165	0	0	0	0	0	0	0	0	0	0	0	
264018	0	0	0	0	167	0	0	0	0	0	0	0	0	0	0	0	
264767	0	0	0	0	167	0	0	0	0	0	0	0	0	0	0	0	
265518	0	0	0	0	139	0	0	0	0	0	0	0	0	0	0	0	
266265	0	0	0	0	151	0	0	0	0	0	0	0	0	0	0	0	
267015	0	0	0	0	165	0	0	0	0	0	0	0	0	0	0	0	
267766	0	0	0	0	177	0	0	0	0	0	0	0	0	0	0	0	
268517	0	0	0	0	163	0	0	0	0	0	0	0	0	0	0	0	
269268	0	0	0	0	153	0	0	0	0	0	0	0	0	0	0	0	
270016	0	0	0	0	153	0	0	0	0	0	0	0	0	0	0	0	
270767	0	0	0	0	149	0	0	0	0	0	0	0	0	0	0	0	
271520	0	0	0	0	153	0	0	0	0	0	0	0	0	0	0	0	
272270	0	0	0	2	157	0	0	0	0	0	0	0	0	0	0	0	
273020	0	0	0	0	163	0	0	0	0	0	0	0	0	0	0	0	
273765	0	0	0	0	147	0	0	0	0	0	0	0	0	0	0	0	
274512	0	0	0	0	179	0	0	0	0	0	0	0	0	0	0	0	
275260	0	0	0	0	147	0	0	0	0	0	0	0	0	0	0	0	
276010	0	0	0	0	155	0	0	0	0	0	0	0	0	0	0	0	
276758	0	0	0	0	183	0	0	0	0	0	0	0	0	0	0	0	
277506	0	0	0	0	139	0	0	0	0	0	0	0	0	0	0	0	
278257	0	0	0	0	155	0	0	0	0	0	0	0	0	0	0	0	
279010	0	0	0	0	177	0	0	0	0	0	0	0	0	0	0	0	
279759	0	0	0	0	51	104	0	0	0	0	0	0	0	0	0	0	
280510	0	0	0	0	0	139	0	0	0	0	0	0	0	0	0	0	
281256	0	0	0	0	0	125	0	0	0	0	0	0	0	0	0	0	
282006	0	0	0	0	0	139	0	0	0	0	0	0	0	0	0	0	
282758	0	0	0	0	0	149	0	0	0	0	0	0	0	0	0	0	
283512	0	0	0	0	0	117	0	0	0	0	0	0	0	0	0	0	
284264	0	0	0	0	185	0	0	0	0	0	0	0	0	0	0	0	
285015	0	0	0	0	191	0	0	0	0	0	0	0	0	0	0	0	
285766	0	0	0	0	169	0	0	0	0	0	0	0	0	0	0	0	
286516	0	0	0	0	165	0	0	0	0	0	0	0	0	0	0	0	
287268	0	0	0	0	173	0	0	0	0	0	0	0	0	0	0	0	
288018	0	0	0	0	167	0	0	0	0	0	0	0	0	0	0	0	
288767	0	0	0	0	155	0	0	0	0	0	0	0	0	0	0	0	
289522	0	0	0	0	165	0	0	0	0	0	0	0	0	0	0	0	
290269	0	0	0	0	179	0	0	0	0	0	0	0	0	0	0	0	
291021	0	0	0	0	183	0	0	0	0	0	0	0	0	0	0	0	
291771	0	0	0	0	147	0	0	0	0	0	0	0	0	0	0	0	
292523	0	0	0	0	179	0	0	0	0	0	0	0	0	0	0	0	
293271	0	0	0	0	167	0	0	0	0	0	0	0	0	0	0	0	
294020	0	0	0	0	141	0	0	0	0	0	0	0	0	0	0	0	
294771	0	0	0	0	145	0	0	0	0	0	0	0	0	0	0	0	
295520	0	0	0	0	181	0	0	0	0	0	0	0	0	0	0	0	
296269	0	0	0	0	161	0	0	0	0	0	0	0	0	0	0	0	
297022	0	0	0	0	161	0	0	0	0	0	0	0	0	0	0	0	
297771	0	0	0	0	163	0	0	0	0	0	0	0	0	0	0	0	
298519	0	0	0	0	151	0	0	0	0	0	0	0	0	0	0	0	
299268	0	0	0	0	157	0	0	0	0	0	0	0	0	0	0	0	
300018	0	0	0	0	159	0	0	0	0	0	0	0	0	0	0	0	
300765	0	0	0	0	157	0	0	0	0	0	0	0	0	0	0	0	
301516	0	0	0	0	167	0	0	0	0	0	0	0	0	0	0	0	
302268	0	0	0	0	177	0	0	0	0	0	0	0	0	0	0	0	
303020	0	0	0	0	153	0	0	0	0	0	0	0	0	0	0	0	
303772	0	0	0	0	183	0	0	0	0	0	0	0	0	0	0	0	
304521	0	0	0	0	177	0	0	0	0	0	0	0	0	0	0	0	
305268	0	0	0	0	163	0	0	0	0	0	0	0	0	0	0	0	
306021	0	0	0	0	143	0	0	0	0	0	0	0	0	0	0	0	
306771	0	0	0	0	171	0	0	0	0	0	0	0	0	0	0	0	
307523	0	0	0	0	163	0	0	0	0	0	0	0	0	0	0	0	
308273	0	0	0	0	161	0	0	0	0	0	0	0	0	0	0	0	
309025	0	0	0	0	179	0	0	0	0	0	0	0	0	0	0	0	
309776	0	0	0	0	171	0	0	0	0	0	0	0	0	0	0	0	
310525	0	0	0	0	163	0	0	0	0	0	0	0	0	0	0	0	
311276	0	0	0	0	153	0	0	0	0	0	0	0	0	0	0	0	
312025	0	0	0	0	171	0	0	0	0	0	0	0	0	0	0	0	
312777	0	0	0	1	168	0	0	0	0	0	0	0	0	0	0	0	
313527	0	0	0	0	159	0	0	0	0	0	0	0	0	0	0	0	
314277	0	0	0	0	139	0	0	0	0	0	0	0	0	0	0	0	
315031	0	0	0	0	167	0	0	0	0	0	0	0	0	0	0	0	
315780	0	0	0	0	187	0	0	0	0	0	0	0	0	0	0	0	
316530	0	0	0	0	155	0	0	0	0	0	0	0	0	0	0	0	
317278	0	0	0	0	179	0	0	0	0	0	0	0	0	0	0	0	
318028	0	0	0	0	153	0	0	0	0	0	0	0	0	0	0	0	
318780	0	0	0	0	159	0	0	0	0	0	0	0	0	0	0	0	
319531	0	0	0	0	167	0	0	0	0	0	0	0	0	0	0	0	
320285	0	0	0	0	151	0	0	0	0	0	0	0	0	0	0	0	
321036	0	0	0	0	161	0	0	0	0	0	0	0	0	0	0	0	
321785	0	0	0	0	165	0	0	0	0	0	0	0	0	0	0	0	
322535	0	0	0	0	149	0	0	0	0	0	0	0	0	0	0	0	
323283	0	0	0	0	177	0	0	0	0	0	0	0	0	0	0	0	
324035	0	0	0	0	167	0	0	0	0	0	0	0	0	0	0	0	
324786	0	0	0	0	139	0	0	0	0	0	0	0	0	0	0	0	
325536	0	0	0	0	167	0	0	0	0	0	0	0	0	0	0	0	
326286	0	0	0	0	165	0	0	0	0	0	0	0	0	0	0	0	
327037	0	0	0	0	147	0	0	0	0	0	0	0	0	0	0	0	
327787	0	0	0	0	157	0	0	0	0	0	0	0	0	0	0	0	
328537	0	0	0	0	165	0	0	0	0	0	0	0	0	0	0	0	
329286	0	0	0	0	139	0	0	0	0	0	0	0	0	0	0	0	
330033	0	0	0	0	151	0	0	0	0	0	0	0	0	0	0	0	
330785	0	0	0	0	133	0	0	0	0	0	0	0	0	0	0	0	
331535	0	0	0	0	147	0	0	0	0	0	0	0	0	0	0	0	
332287	0	0	0	0	125	0	0	0	0	0	0	0	0	0	0	0	
333030	0	0	0	0	171	0	0	0	0	0	0	0	0	0	0	0	
333779	0	0	0	0	173	0	0	0	0	0	0	0	0	0	0	0	
334530	0	0	0	0	161	0	0	0	0	0	0	0	0	0	0	0	
335277	0	0	0	0	159	0	0	0	0	0	0	0	0	0	0	0	
336027	0	0	0	0	167	0	0	0	0	0	0	0	0	0	0	0	
336779	0	0	0	0	147	0	0	0	0	0	0	0	0	0	0	0	
337529	0	0	0	0	145	0	0	0	0	0	0	0	0	0	0	0	
338280	0	0	0	0	169	0	0	0	0	0	0	0	0	0	0	0	
339029	0	0	0	0	163	0	0	0	0	0	0	0	0	0	0	0	
339779	0	0	0	0	171	0	0	0	0	0	0	0	0	0	0	0	
340525	0	0	0	0	169	0	0	0	0	0	0	0	0	0	0	0	
341274	0	0	0	0	167	0	0	0	0	0	0	0	0	0	0	0	
342023	0	0	0	0	155	0	0	0	0	0	0	0	0	0	0	0	
342775	0	0	0	0	145	0	0	0	0	0	0	0	0	0	0	0	
343526	0	0	0	0	145	0	0	0	0	0	0	0	0	0	0	0	
344277	0	0	0	0	169	0	0	0	0	0	0	0	0	0	0	0	
345026	0	0	0	0	167	0	0	0	0	0	0	0	0	0	0	0	
345776	0	0	0	0	171	0	0	0	0	0	0	0	0	0	0	0	
346524	0	0	0	0	173	0	0	0	0	0	0	0	0	0	0	0	
347271	0	0	0	0	155	0	0	0	0	0	0	0	0	0	0	0	
348024	0	0	0	0	159	0	0	0	0	0	0	0	0	0	0	0	
348774	0	0	0	0	149	0	0	0	0	0	0	0	0	0	0	0	
349529	0	0	0	0	155	0	0	0	0	0	0	0	0	0	0	0	
350278	0	0	0	0	171	0	0	0	0	0	0	0	0	0	0	0	
351028	0	0	0	0	143	0	0	0	0	0	0	0	0	0	0	0	
351779	0	0	0	0	165	0	0	0	0	0	0	0	0	0	0	0	
352530	0	0	0	0	167	0	0	0	0	0	0	0	0	0	0	0	
353278	0	0	0	0	151	0	0	0	0	0	0	0	0	0	0	0	
354026	0	0	0	0	167	0	0	0	0	0	0	0	0	0	0	0	
354774	0	0	0	0	161	0	0	0	0	0	0	0	0	0	0	0	
355525	0	0	0	0	163	0	0	0	0	0	0	0	0	0	0	0	
356277	0	0	0	0	165	0	0	0	0	0	0	0	0	0	0	0	
357026	0	0	0	0	159	0	0	0	0	0	0	0	0	0	0	0	
357772	0	0	0	0	165	0	0	0	0	0	0	0	0	0	0	0	
358520	0	0	0	0	155	0	0	0	0	0	0	0	0	0	0	0	
359271	0	0	0	0	155	0	0	0	0	0	0	0	0	0	0	0	
360022	0	0	0	0	141	0	0	0	0	0	0	0	0	0	0	0	
360772	0	0	0	0	165	0	0	0	0	0	0	0	0	0	0	0	
361525	0	0	0	0	149	0	0	0	0	0	0	0	0	0	0	0	
362272	0	0	0	0	175	0	0	0	0	0	0	0	0	0	0	0	
363020	0	0	0	0	161	0	0	0	0	0	0	0	0	0	0	0	
363769	0	0	0	0	159	0	0	0	0	0	0	0	0	0	0	0	
364520	0	0	0	0	143	0	0	0	0	0	0	0	0	0	0	0	
365270	0	0	0	0	161	0	0	0	0	0	0	0	0	0	0	0	
366025	0	0	0	0	161	0	0	0	0	0	0	0	0	0	0	0	
366773	0	0	0	0	175	0	0	0	0	0	0	0	0	0	0	0	
367524	0	0	0	0	169	0	0	0	0	0	0	0	0	0	0	0	
368272	0	0	0	0	151	0	0	0	0	0	0	0	0	0	0	0	
369023	0	0	0	0	159	0	0	0	0	0	0	0	0	0	0	0	
369775	0	0	0	0	169	0	0	0	0	0	0	0	0	0	0	0	
370525	0	0	0	0	0	139	0	0	0	0	0	0	0	0	0	0	
371275	0	0	0	0	0	145	0	0	0	0	0	0	0	0	0	0	
372026	0	0	0	0	0	123	0	0	0	0	0	0	0	0	0	0	
372777	0	0	0	0	0	137	0	0	0	0	0	0	0	0	0	0	
373529	0	0	0	0	0	131	0	0	0	0	0	0	0	0	0	0	
374281	0	0	0	0	0	119	0	0	0	0	0	0	0	0	0	0	
375029	0	0	0	0	0	137	0	0	0	0	0	0	0	0	0	0	
375782	0	0	0	0	0	147	0	0	0	0	0	0	0	0	0	0	
376531	0	0	0	0	0	121	0	0	0	0	0	0	0	0	0	0	
377282	0	0	0	0	0	141	0	0	0	0	0	0	0	0	0	0	
378034	0	0	0	0	0	117	0	0	0	0	0	0	0	0	0	0	
378783	0	0	0	0	0	117	0	0	0	0	0	0	0	0	0	0	
379532	0	0	0	0	0	127	0	0	0	0	0	0	0	0	0	0	
380284	0	0	0	0	0	133	0	0	0	0	0	0	0	0	0	0	
381035	0	0	0	0	0	133	0	0	0	0	0	0	0	0	0	0	
381785	0	0	0	0	0	129	0	0	0	0	0	0	0	0	0	0	
382536	0	0	0	0	0	109	0	0	0	0	0	0	0	0	0	0	
383287	0	0	0	0	0	129	0	0	0	0	0	0	0	0	0	0	
384038	0	0	0	0	0	0	125	0	0	0	0	0	0	0	0	0	
384791	0	0	0	0	0	0	111	0	0	0	0	0	0	0	0	0	
385540	0	0	0	0	0	0	115	0	0	0	0	0	0	0	0	0	
386290	0	0	0	0	0	0	125	0	0	0	0	0	0	0	0	0	
387040	0	0	0	0	0	0	123	0	0	0	0	0	0	0	0	0	
387791	0	0	0	0	0	0	103	0	0	0	0	0	0	0	0	0	
388542	0	0	0	0	0	0	117	0	0	0	0	0	0	0	0	0	
389292	0	0	0	0	0	0	123	0	0	0	0	0	0	0	0	0	
390041	0	0	0	0	0	0	113	0	0	0	0	0	0	0	0	0	
390790	0	0	0	0	0	0	117	0	0	0	0	0	0	0	0	0	
391543	0	0	0	0	0	131	0	0	0	0	0	0	0	0	0	0	
392291	0	0	0	0	0	149	0	0	0	0	0	0	0	0	0	0	
393039	0	0	0	0	0	151	0	0	0	0	0	0	0	0	0	0	
393787	0	0	0	0	0	127	0	0	0	0	0	0	0	0	0	0	
394536	0	0	0	0	181	0	0	0	0	0	0	0	0	0	0	0	
395290	0	0	0	0	169	0	0	0	0	0	0	0	0	0	0	0	
396040	0	0	0	0	147	0	0	0	0	0	0	0	0	0	0	0	
396790	0	0	0	0	173	0	0	0	0	0	0	0	0	0	0	0	
397540	0	0	0	0	145	0	0	0	0	0	0	0	0	0	0	0	
398292	0	0	0	0	165	0	0	0	0	0	0	0	0	0	0	0	
399042	0	0	0	0	181	0	0	0	0	0	0	0	0	0	0	0	
399790	0	0	0	0	163	0	0	0	0	0	0	0	0	0	0	0	
400543	0	0	0	0	159	0	0	0	0	0	0	0	0	0	0	0	
401291	0	0	0	0	171	0	0	0	0	0	0	0	0	0	0	0	
402040	0	0	0	0	155	0	0	0	0	0	0	0	0	0	0	0	
402788	0	0	0	0	141	0	0	0	0	0	0	0	0	0	0	0	
403540	0	0	0	0	161	0	0	0	0	0	0	0	0	0	0	0	
404289	0	0	0	0	155	0	0	0	0	0	0	0	0	0	0	0	
405038	0	0	0	0	165	0	0	0	0	0	0	0	0	0	0	0	
405788	0	0	0	0	171	0	0	0	0	0	0	0	0	0	0	0	
406539	0	0	0	0	129	0	0	0	0	0	0	0	0	0	0	0	
407292	0	0	0	0	145	0	0	0	0	0	0	0	0	0	0	0	
408039	0	0	0	0	27	112	0	0	0	0	0	0	0	0	0	0	
408787	0	0	0	0	0	135	0	0	0	0	0	0	0	0	0	0	
409534	0	0	0	0	0	131	0	0	0	0	0	0	0	0	0	0	
410284	0	0	0	0	0	149	0	0	0	0	0	0	0	0	0	0	
411032	0	0	0	0	0	151	0	0	0	0	0	0	0	0	0	0	
411784	0	0	0	0	0	143	0	0	0	0	0	0	0	0	0	0	
412529	0	0	0	0	0	125	0	0	0	0	0	0	0	0	0	0	
413279	0	0	0	0	0	161	0	0	0	0	0	0	0	0	0	0	
414028	0	0	0	0	0	145	0	0	0	0	0	0	0	0	0	0	
414776	0	0	0	0	0	127	0	0	0	0	0	0	0	0	0	0	
415529	0	0	0	0	0	135	0	0	0	0	0	0	0	0	0	0	
416282	0	0	0	0	0	131	0	0	0	0	0	0	0	0	0	0	
417032	0	0	0	0	0	133	0	0	0	0	0	0	0	0	0	0	
417783	0	0	0	0	0	141	0	0	0	0	0	0	0	0	0	0	
418535	0	0	0	0	0	157	0	0	0	0	0	0	0	0	0	0	
419284	0	0	0	0	0	141	0	0	0	0	0	0	0	0	0	0	
420034	0	0	0	0	0	137	0	0	0	0	0	0	0	0	0	0	
420783	0	0	0	0	0	141	0	0	0	0	0	0	0	0	0	0	
421535	0	0	0	0	0	127	2	0	0	0	0	0	0	0	0	0	
422287	0	0	0	0	0	121	0	0	0	0	0	0	0	0	0	0	
423038	0	0	0	0	0	147	0	0	0	0	0	0	0	0	0	0	
423787	0	0	0	0	0	137	0	0	0	0	0	0	0	0	0	0	
424536	0	0	0	0	0	131	0	0	0	0	0	0	0	0	0	0	
425283	0	0	0	0	0	119	0	0	0	0	0	0	0	0	0	0	
426031	0	0	0	0	0	135	0	0	0	0	0	0	0	0	0	0	
426781	0	0	0	0	1	140	0	0	0	0	0	0	0	0	0	0	
427533	0	0	0	0	0	0	103	0	0	0	0	0	0	0	0	0	
428284	0	0	0	0	0	0	111	0	0	0	0	0	0	0	0	0	
429035	0	0	0	0	0	0	97	0	0	0	0	0	0	0	0	0	
429786	0	0	0	0	0	0	133	0	0	0	0	0	0	0	0	0	
430537	0	0	0	0	0	0	119	0	0	0	0	0	0	0	0	0	
431289	0	0	0	0	0	0	135	0	0	0	0	0	0	0	0	0	
432036	0	0	0	0	0	117	0	0	0	0	0	0	0	0	0	0	
432785	0	0	0	0	0	131	0	0	0	0	0	0	0	0	0	0	
433537	0	0	0	0	145	0	0	0	0	0	0	0	0	0	0	0	
434289	0	0	0	0	159	0	0	0	0	0	0	0	0	0	0	0	
435036	0	0	0	0	153	0	0	0	0	0	0	0	0	0	0	0	
435786	0	0	0	0	137	0	0	0	0	0	0	0	0	0	0	0	
436536	0	0	0	0	149	0	0	0	0	0	0	0	0	0	0	0	
437288	0	0	0	181	0	0	0	0	0	0	0	0	0	0	0	0	
438037	0	0	0	189	0	0	0	0	0	0	0	0	0	0	0	0	
438784	0	0	0	209	0	0	0	0	0	0	0	0	0	0	0	0	
439535	0	0	0	213	0	0	0	0	0	0	0	0	0	0	0	0	
440283	0	0	0	193	0	0	0	0	0	0	0	0	0	0	0	0	
441033	0	0	0	211	0	0	0	0	0	0	0	0	0	0	0	0	
441784	0	0	0	179	0	0	0	0	0	0	0	0	0	0	0	0	
442535	0	0	0	207	0	0	0	0	0	0	0	0	0	0	0	0	
443285	0	0	0	205	0	0	0	0	0	0	0	0	0	0	0	0	
444037	0	0	0	177	0	0	0	0	0	0	0	0	0	0	0	0	
444786	0	0	0	179	0	0	0	0	0	0	0	0	0	0	0	0	
445539	0	0	0	211	0	0	0	0	0	0	0	0	0	0	0	0	
446286	0	0	0	223	0	0	0	0	0	0	0	0	0	0	0	0	
447032	0	0	0	183	0	0	0	0	0	0	0	0	0	0	0	0	
447784	0	0	0	201	0	0	0	0	0	0	0	0	0	0	0	0	
448534	0	0	0	207	0	0	0	0	0	0	0	0	0	0	0	0	
449285	0	0	0	183	0	0	0	0	0	0	0	0	0	0	0	0	
450033	0	0	0	221	0	0	0	0	0	0	0	0	0	0	0	0	
450785	0	0	0	215	0	0	0	0	0	0	0	0	0	0	0	0	
451535	0	0	0	199	0	0	0	0	0	0	0	0	0	0	0	0	
452284	0	0	0	221	0	0	0	0	0	0	0	0	0	0	0	0	
453037	0	0	0	187	0	0	0	0	0	0	0	0	0	0	0	0	
453785	0	0	0	205	0	0	0	0	0	0	0	0	0	0	0	0	
454536	0	0	0	185	0	0	0	0	0	0	0	0	0	0	0	0	
455286	0	0	0	201	0	0	0	0	0	0	0	0	0	0	0	0	
456038	0	0	0	195	0	0	0	0	0	0	0	0	0	0	0	0	
456791	0	0	0	189	0	0	0	0	0	0	0	0	0	0	0	0	
457537	0	0	0	211	0	0	0	0	0	0	0	0	0	0	0	0	
458287	0	0	0	209	0	0	0	0	0	0	0	0	0	0	0	0	
459037	0	0	0	197	0	0	0	0	0	0	0	0	0	0	0	0	
459786	0	0	0	205	0	0	0	0	0	0	0	0	0	0	0	0	
460533	0	0	0	219	0	0	0	0	0	0	0	0	0	0	0	0	
461280	0	0	0	207	0	0	0	0	0	0	0	0	0	0	0	0	
462031	0	0	0	197	0	0	0	0	0	0	0	0	0	0	0	0	
462780	0	0	0	0	157	0	0	0	0	0	0	0	0	0	0	0	
463528	0	0	0	0	159	0	0	0	0	0	0	0	0	0	0	0	
464279	0	0	0	0	159	0	0	0	0	0	0	0	0	0	0	0	
465028	0	0	0	0	141	0	0	0	0	0	0	0	0	0	0	0	
465777	0	0	0	0	137	0	0	0	0	0	0	0	0	0	0	0	
466524	0	0	0	0	165	0	0	0	0	0	0	0	0	0	0	0	
467273	0	0	0	0	153	0	0	0	0	0	0	0	0	0	0	0	
468022	0	0	0	0	128	21	0	0	0	0	0	0	0	0	0	0	
468771	0	0	0	0	177	0	0	0	0	0	0	0	0	0	0	0	
469524	0	0	0	0	163	0	0	0	0	0	0	0	0	0	0	0	
470271	0	0	0	0	147	0	0	0	0	0	0	0	0	0	0	0	
471020	0	0	0	0	151	0	0	0	0	0	0	0	0	0	0	0	
471769	0	0	0	0	151	0	0	0	0	0	0	0	0	0	0	0	
472523	0	0	0	0	133	0	0	0	0	0	0	0	0	0	0	0	
473273	0	0	0	2	173	0	0	0	0	0	0	0	0	0	0	0	
474022	0	0	0	0	153	0	0	0	0	0	0	0	0	0	0	0	
474770	0	0	0	0	173	0	0	0	0	0	0	0	0	0	0	0	
475520	0	0	0	0	121	0	0	0	0	0	0	0	0	0	0	0	
476268	0	0	0	0	173	0	0	0	0	0	0	0	0	0	0	0	
477015	0	0	0	0	167	0	0	0	0	0	0	0	0	0	0	0	
477765	0	0	0	0	141	0	0	0	0	0	0	0	0	0	0	0	
478517	0	0	0	0	143	0	0	0	0	0	0	0	0	0	0	0	
479268	0	0	0	0	163	0	0	0	0	0	0	0	0	0	0	0	
480016	0	0	0	0	159	0	0	0	0	0	0	0	0	0	0	0	
480764	0	0	0	0	175	0	0	0	0	0	0	0	0	0	0	0	
481519	0	0	0	0	175	0	0	0	0	0	0	0	0	0	0	0	
482269	0	0	0	0	155	0	0	0	0	0	0	0	0	0	0	0	
483018	0	0	0	0	161	8	0	0	0	0	0	0	0	0	0	0	
483767	0	0	0	0	143	0	0	0	0	0	0	0	0	0	0	0	
484517	0	0	0	0	161	0	0	0	0	0	0	0	0	0	0	0	
485271	0	0	0	0	169	0	0	0	0	0	0	0	0	0	0	0	
486024	0	0	0	0	143	0	0	0	0	0	0	0	0	0	0	0	
486774	0	0	0	0	137	0	0	0	0	0	0	0	0	0	0	0	
487523	0	0	0	0	169	0	0	0	0	0	0	0	0	0	0	0	
488272	0	0	0	0	131	0	0	0	0	0	0	0	0	0	0	0	
489020	0	0	0	0	159	0	0	0	0	0	0	0	0	0	0	0	
489769	0	0	0	0	155	0	0	0	0	0	0	0	0	0	0	0	
490520	0	0	0	0	157	0	0	0	0	0	0	0	0	0	0	0	
491269	0	0	0	0	143	0	0	0	0	0	0	0	0	0	0	0	
492022	0	0	0	0	171	0	0	0	0	0	0	0	0	0	0	0	
492770	0	0	0	0	163	0	0	0	0	0	0	0	0	0	0	0	
493521	0	0	0	0	179	0	0	0	0	0	0	0	0	0	0	0	
494274	0	0	0	0	159	0	0	0	0	0	0	0	0	0	0	0	
495025	0	0	0	0	165	0	0	0	0	0	0	0	0	0	0	0	
495772	0	0	0	0	163	0	0	0	0	0	0	0	0	0	0	0	
496523	0	0	0	0	145	0	0	0	0	0	0	0	0	0	0	0	
497271	0	0	0	0	127	22	0	0	0	0	0	0	0	0	0	0	
498020	0	0	0	0	157	0	0	0	0	0	0	0	0	0	0	0	
498772	0	0	0	0	167	0	0	0	0	0	0	0	0	0	0	0	
499524	0	0	0	0	139	0	0	0	0	0	0	0	0	0	0	0	
500272	0	0	0	0	163	0	0	0	0	0	0	0	0	0	0	0	
501024	0	0	0	0	177	0	0	0	0	0	0	0	0	0	0	0	
501773	0	0	0	0	187	0	0	0	0	0	0	0	0	0	0	0	
502520	0	0	0	0	165	0	0	0	0	0	0	0	0	0	0	0	
503272	0	0	0	0	167	0	0	0	0	0	0	0	0	0	0	0	
504020	0	0	0	6	151	0	0	0	0	0	0	0	0	0	0	0	
504774	0	0	0	0	141	0	0	0	0	0	0	0	0	0	0	0	
505525	0	0	0	0	181	0	0	0	0	0	0	0	0	0	0	0	
506276	0	0	0	0	147	0	0	0	0	0	0	0	0	0	0	0	
507026	0	0	0	0	177	0	0	0	0	0	0	0	0	0	0	0	
507776	0	0	0	0	163	0	0	0	0	0	0	0	0	0	0	0	
508524	0	0	0	0	143	0	0	0	0	0	0	0	0	0	0	0	
509271	0	0	0	0	147	0	0	0	0	0	0	0	0	0	0	0	
510026	0	0	0	0	181	0	0	0	0	0	0	0	0	0	0	0	
510779	0	0	0	0	135	0	0	0	0	0	0	0	0	0	0	0	
511530	0	0	0	0	167	0	0	0	0	0	0	0	0	0	0	0	
512281	0	0	0	0	155	0	0	0	0	0	0	0	0	0	0	0	
513031	0	0	0	0	151	0	0	0	0	0	0	0	0	0	0	0	
513779	0	0	0	0	167	0	0	0	0	0	0	0	0	0	0	0	
514531	0	0	0	0	147	0	0	0	0	0	0	0	0	0	0	0	
515276	0	0	0	0	157	0	0	0	0	0	0	0	0	0	0	0	
516026	0	0	0	0	161	0	0	0	0	0	0	0	0	0	0	0	
516778	0	0	0	0	155	0	0	0	0	0	0	0	0	0	0	0	
517530	0	0	0	0	171	0	0	0	0	0	0	0	0	0	0	0	
518279	0	0	0	0	141	0	0	0	0	0	0	0	0	0	0	0	
519028	0	0	0	0	169	0	0	0	0	0	0	0	0	0	0	0	
519778	0	0	0	1	162	0	0	0	0	0	0	0	0	0	0	0	
520532	0	0	0	0	155	0	0	0	0	0	0	0	0	0	0	0	
521283	0	0	0	0	133	0	0	0	0	0	0	0	0	0	0	0	
522033	0	0	0	0	161	0	0	0	0	0	0	0	0	0	0	0	
522787	0	0	0	0	0	129	0	0	0	0	0	0	0	0	0	0	
523540	0	0	0	0	0	131	0	0	0	0	0	0	0	0	0	0	
524289	0	0	0	0	0	131	0	0	0	0	0	0	0	0	0	0	
525037	0	0	0	0	0	0	103	0	0	0	0	0	0	0	0	0	
525786	0	0	0	0	0	0	109	0	0	0	0	0	0	0	0	0	
526535	0	0	0	0	0	0	125	0	0	0	0	0	0	0	0	0	
527285	0	0	0	0	0	0	123	0	0	0	0	0	0	0	0	0	
528036	0	0	0	0	0	0	109	0	0	0	0	0	0	0	0	0	
528787	0	0	0	0	0	0	115	0	0	0	0	0	0	0	0	0	
529536	0	0	0	0	0	0	129	0	0	0	0	0	0	0	0	0	
530284	0	0	0	0	0	0	105	0	0	0	0	0	0	0	0	0	
531033	0	0	0	0	0	0	123	0	0	0	0	0	0	0	0	0	
531786	0	0	0	0	0	0	115	0	0	0	0	0	0	0	0	0	
532535	0	0	0	0	0	0	97	0	0	0	0	0	0	0	0	0	
533284	0	0	0	0	0	0	113	0	0	0	0	0	0	0	0	0	
534033	0	0	0	0	0	0	117	0	0	0	0	0	0	0	0	0	
534785	0	0	0	0	0	0	107	0	0	0	0	0	0	0	0	0	
535535	0	0	0	0	0	0	117	0	0	0	0	0	0	0	0	0	
536283	0	0	0	0	0	0	109	0	0	0	0	0	0	0	0	0	
537036	0	0	0	0	0	0	105	0	0	0	0	0	0	0	0	0	
537786	0	0	0	0	0	0	129	0	0	0	0	0	0	0	0	0	
538537	0	0	0	0	0	0	113	0	0	0	0	0	0	0	0	0	
539283	0	0	0	0	0	0	113	0	0	0	0	0	0	0	0	0	
540033	0	0	0	0	0	0	101	0	0	0	0	0	0	0	0	0	
540781	0	0	0	0	0	0	101	0	0	0	0	0	0	0	0	0	
541534	0	0	0	0	0	0	121	0	0	0	0	0	0	0	0	0	
542279	0	0	0	0	0	0	127	0	0	0	0	0	0	0	0	0	
543030	0	0	0	0	0	0	123	0	0	0	0	0	0	0	0	0	
543783	0	0	0	0	0	0	0	77	0	0	0	0	0	0	0	0	
544534	0	0	0	0	0	0	0	105	0	0	0	0	0	0	0	0	
545286	0	0	0	0	0	0	0	89	0	0	0	0	0	0	0	0	
546036	0	0	0	0	0	0	0	87	0	0	0	0	0	0	0	0	
546785	0	0	0	0	0	0	109	0	0	0	0	0	0	0	0	0	
547533	0	0	0	0	0	0	131	0	0	0	0	0	0	0	0	0	
548282	0	0	0	0	0	0	121	0	0	0	0	0	0	0	0	0	
549034	0	0	0	0	0	0	123	0	0	0	0	0	0	0	0	0	
549784	0	0	0	0	0	0	113	0	0	0	0	0	0	0	0	0	
550539	0	0	0	0	0	0	103	0	0	0	0	0	0	0	0	0	
551290	0	0	0	0	0	0	111	0	0	0	0	0	0	0	0	0	
552044	0	0	0	0	0	0	99	0	0	0	0	0	0	0	0	0	
552796	0	0	0	0	0	0	91	0	0	0	0	0	0	0	0	0	
553546	0	0	0	0	0	0	0	111	0	0	0	0	0	0	0	0	
554296	0	0	0	0	0	0	0	99	0	0	0	0	0	0	0	0	
555043	0	0	0	0	0	0	0	115	0	0	0	0	0	0	0	0	
555797	0	0	0	0	0	0	0	89	0	0	0	0	0	0	0	0	
556548	0	0	0	0	0	0	0	93	0	0	0	0	0	0	0	0	
557292	0	0	0	0	0	0	0	89	0	0	0	0	0	0	0	0	
558044	0	0	0	0	0	0	0	107	0	0	0	0	0	0	0	0	
558794	0	0	0	0	0	0	0	107	0	0	0	0	0	0	0	0	
559546	0	0	0	0	0	0	0	101	0	0	0	0	0	0	0	0	
560296	0	0	0	0	0	0	0	93	0	0	0	0	0	0	0	0	
561047	0	0	0	0	0	0	0	101	0	0	0	0	0	0	0	0	
561795	0	0	0	0	0	0	0	109	0	0	0	0	0	0	0	0	
562545	0	0	0	0	0	0	0	97	0	0	0	0	0	0	0	0	
563294	0	0	0	0	0	0	0	111	0	0	0	0	0	0	0	0	
564046	0	0	0	0	0	0	0	97	0	0	0	0	0	0	0	0	
564793	0	0	0	0	0	0	0	101	0	0	0	0	0	0	0	0	
565540	0	0	0	0	0	0	0	107	0	0	0	0	0	0	0	0	
566292	0	0	0	0	0	0	0	109	0	0	0	0	0	0	0	0	
567041	0	0	0	0	0	0	0	89	0	0	0	0	0	0	0	0	
567791	0	0	0	0	0	0	0	113	0	0	0	0	0	0	0	0	
568542	0	0	0	0	0	0	0	97	0	0	0	0	0	0	0	0	
569293	0	0	0	0	0	0	0	113	0	0	0	0	0	0	0	0	
570045	0	0	0	0	0	0	0	113	0	0	0	0	0	0	0	0	
570796	0	0	0	0	0	0	0	93	0	0	0	0	0	0	0	0	
571547	0	0	0	0	0	0	0	97	0	0	0	0	0	0	0	0	
572298	0	0	0	0	0	0	0	115	0	0	0	0	0	0	0	0	
573051	0	0	0	0	0	0	0	77	0	0	0	0	0	0	0	0	
573802	0	0	0	0	0	0	0	101	0	0	0	0	0	0	0	0	
574554	0	0	0	0	0	0	121	0	0	0	0	0	0	0	0	0	
575301	0	0	0	0	0	0	111	0	0	0	0	0	0	0	0	0	
576055	0	0	0	0	0	0	119	0	0	0	0	0	0	0	0	0	
576807	0	0	0	0	0	0	113	0	0	0	0	0	0	0	0	0	
577556	0	0	0	0	0	0	119	0	0	0	0	0	0	0	0	0	
578307	0	0	0	0	0	0	121	0	0	0	0	0	0	0	0	0	
579053	0	0	0	0	0	0	129	0	0	0	0	0	0	0	0	0	
579800	0	0	0	0	0	0	123	0	0	0	0	0	0	0	0	0	
580549	0	0	0	0	0	0	131	0	0	0	0	0	0	0	0	0	
581299	0	0	0	0	0	0	117	0	0	0	0	0	0	0	0	0	
582048	0	0	0	0	0	0	115	0	0	0	0	0	0	0	0	0	
582799	0	0	0	0	0	0	123	0	0	0	0	0	0	0	0	0	
583549	0	0	0	0	0	0	117	0	0	0	0	0	0	0	0	0	
584301	0	0	0	0	0	0	107	0	0	0	0	0	0	0	0	0	
585053	0	0	0	0	0	0	119	0	0	0	0	0	0	0	0	0	
585800	0	0	0	0	0	26	89	0	0	0	0	0	0	0	0	0	
586549	0	0	0	0	0	0	113	0	0	0	0	0	0	0	0	0	
587299	0	0	0	0	0	0	113	0	0	0	0	0	0	0	0	0	
588050	0	0	0	0	0	0	93	0	0	0	0	0	0	0	0	0	
588800	0	0	0	0	0	0	119	0	0	0	0	0	0	0	0	0	
589550	0	0	0	0	0	0	105	0	0	0	0	0	0	0	0	0	
590301	0	0	0	0	0	0	125	0	0	0	0	0	0	0	0	0	
591052	0	0	0	0	0	0	103	0	0	0	0	0	0	0	0	0	
591801	0	0	0	0	0	0	109	0	0	0	0	0	0	0	0	0	
592553	0	0	0	0	0	0	111	0	0	0	0	0	0	0	0	0	
593302	0	0	0	0	0	0	143	0	0	0	0	0	0	0	0	0	
594052	0	0	0	0	0	0	115	0	0	0	0	0	0	0	0	0	
594806	0	0	0	0	0	0	101	0	0	0	0	0	0	0	0	0	
595555	0	0	0	0	0	0	139	0	0	0	0	0	0	0	0	0	
596305	0	0	0	0	0	2	121	0	0	0	0	0	0	0	0	0	
597055	0	0	0	0	0	0	113	0	0	0	0	0	0	0	0	0	
597804	0	0	0	0	0	0	127	0	0	0	0	0	0	0	0	0	
598559	0	0	0	0	0	0	89	0	0	0	0	0	0	0	0	0	
599308	0	0	0	0	0	0	131	0	0	0	0	0	0	0	0	0	
600056	0	0	0	0	0	0	107	0	0	0	0	0	0	0	0	0	
600809	0	0	0	0	0	0	119	0	0	0	0	0	0	0	0	0	
601559	0	0	0	0	0	0	119	0	0	0	0	0	0	0	0	0	
602310	0	0	0	0	0	0	135	0	0	0	0	0	0	0	0	0	
603060	0	0	0	0	0	0	70	27	0	0	0	0	0	0	0	0	
603813	0	0	0	0	0	0	103	0	0	0	0	0	0	0	0	0	
604560	0	0	0	0	0	0	129	0	0	0	0	0	0	0	0	0	
605312	0	0	0	0	0	0	129	0	0	0	0	0	0	0	0	0	
606066	0	0	0	0	0	0	131	0	0	0	0	0	0	0	0	0	
606813	0	0	0	0	0	0	129	0	0	0	0	0	0	0	0	0	
607563	0	0	0	0	0	0	117	0	0	0	0	0	0	0	0	0	
608313	0	0	0	0	0	0	117	0	0	0	0	0	0	0	0	0	
609067	0	0	0	0	0	0	133	0	0	0	0	0	0	0	0	0	
609818	0	0	0	0	0	0	125	0	0	0	0	0	0	0	0	0	
610565	0	0	0	0	0	0	85	0	0	0	0	0	0	0	0	0	
611317	0	0	0	0	0	0	121	0	0	0	0	0	0	0	0	0	
612067	0	0	0	0	0	0	107	0	0	0	0	0	0	0	0	0	
612819	0	0	0	0	0	0	99	0	0	0	0	0	0	0	0	0	
613568	0	0	0	0	0	0	125	0	0	0	0	0	0	0	0	0	
614319	0	0	0	0	0	0	115	0	0	0	0	0	0	0	0	0	
615071	0	0	0	0	0	0	97	0	0	0	0	0	0	0	0	0	
615818	0	0	0	0	0	0	119	0	0	0	0	0	0	0	0	0	
616568	0	0	0	0	0	0	115	0	0	0	0	0	0	0	0	0	
617320	0	0	0	0	0	0	119	0	0	0	0	0	0	0	0	0	
618072	0	0	0	0	0	0	121	0	0	0	0	0	0	0	0	0	
618821	0	0	0	0	0	0	111	0	0	0	0	0	0	0	0	0	
619572	0	0	0	0	0	0	127	0	0	0	0	0	0	0	0	0	
620322	0	0	0	0	0	0	117	0	0	0	0	0	0	0	0	0	
621073	0	0	0	0	0	0	99	0	0	0	0	0	0	0	0	0	
621823	0	0	0	0	0	0	115	0	0	0	0	0	0	0	0	0	
622572	0	0	0	0	0	0	107	0	0	0	0	0	0	0	0	0	
623325	0	0	0	0	0	0	93	0	0	0	0	0	0	0	0	0	
624072	0	0	0	0	0	0	119	0	0	0	0	0	0	0	0	0	
624823	0	0	0	0	0	0	121	0	0	0	0	0	0	0	0	0	
625578	0	0	0	0	0	0	133	0	0	0	0	0	0	0	0	0	
626327	0	0	0	0	0	0	99	0	0	0	0	0	0	0	0	0	
627075	0	0	0	0	0	0	119	0	0	0	0	0	0	0	0	0	
627822	0	0	0	0	0	133	0	0	0	0	0	0	0	0	0	0	
628572	0	0	0	0	5	122	0	0	0	0	0	0	0	0	0	0	
629321	0	0	0	0	0	131	0	0	0	0	0	0	0	0	0	0	
630069	0	0	0	0	0	0	127	0	0	0	0	0	0	0	0	0	
630815	0	0	0	0	0	0	113	0	0	0	0	0	0	0	0	0	
631569	0	0	0	0	0	0	107	0	0	0	0	0	0	0	0	0	
632319	0	0	0	0	0	0	115	0	0	0	0	0	0	0	0	0	
633068	0	0	0	0	0	0	127	0	0	0	0	0	0	0	0	0	
633816	0	0	0	0	0	0	107	0	0	0	0	0	0	0	0	0	
634569	0	0	0	0	0	141	0	0	0	0	0	0	0	0	0	0	
635322	0	0	0	0	0	147	0	0	0	0	0	0	0	0	0	0	
636077	0	0	0	0	157	0	0	0	0	0	0	0	0	0	0	0	
636828	0	0	0	0	149	0	0	0	0	0	0	0	0	0	0	0	
637575	0	0	0	0	173	0	0	0	0	0	0	0	0	0	0	0	
638328	0	0	0	0	157	0	0	0	0	0	0	0	0	0	0	0	
639080	0	0	0	0	185	0	0	0	0	0	0	0	0	0	0	0	
639832	0	0	0	0	129	0	0	0	0	0	0	0	0	0	0	0	
640582	0	0	0	0	157	0	0	0	0	0	0	0	0	0	0	0	
641332	0	0	0	219	0	0	0	0	0	0	0	0	0	0	0	0	
642080	0	0	0	201	0	0	0	0	0	0	0	0	0	0	0	0	
642826	0	0	0	201	0	0	0	0	0	0	0	0	0	0	0	0	
643575	0	0	0	197	2	0	0	0	0	0	0	0	0	0	0	0	
644331	0	0	0	195	0	0	0	0	0	0	0	0	0	0	0	0	
645081	0	0	0	155	0	0	0	0	0	0	0	0	0	0	0	0	
645829	0	0	0	193	0	0	0	0	0	0	0	0	0	0	0	0	
646582	0	0	0	225	0	0	0	0	0	0	0	0	0	0	0	0	
647331	0	0	0	193	0	0	0	0	0	0	0	0	0	0	0	0	
648079	0	0	0	223	0	0	0	0	0	0	0	0	0	0	0	0	
648827	0	0	0	197	0	0	0	0	0	0	0	0	0	0	0	0	
649575	0	0	0	211	0	0	0	0	0	0	0	0	0	0	0	0	
650322	0	0	0	195	0	0	0	0	0	0	0	0	0	0	0	0	
651070	0	0	0	191	0	0	0	0	0	0	0	0	0	0	0	0	
651820	0	0	0	197	0	0	0	0	0	0	0	0	0	0	0	0	
652567	0	0	0	173	0	0	0	0	0	0	0	0	0	0	0	0	
653314	0	0	0	193	0	0	0	0	0	0	0	0	0	0	0	0	
654067	0	0	0	211	0	0	0	0	0	0	0	0	0	0	0	0	
654815	0	0	0	217	0	0	0	0	0	0	0	0	0	0	0	0	
655568	0	0	1	218	0	0	0	0	0	0	0	0	0	0	0	0	
656316	0	0	0	215	0	0	0	0	0	0	0	0	0	0	0	0	
657066	0	0	0	203	0	0	0	0	0	0	0	0	0	0	0	0	
657815	0	0	0	191	0	0	0	0	0	0	0	0	0	0	0	0	
658564	0	0	0	215	0	0	0	0	0	0	0	0	0	0	0	0	
659317	0	0	0	199	0	0	0	0	0	0	0	0	0	0	0	0	
660069	0	0	1	210	0	0	0	0	0	0	0	0	0	0	0	0	
660815	0	0	0	175	0	0	0	0	0	0	0	0	0	0	0	0	
661567	0	0	0	201	0	0	0	0	0	0	0	0	0	0	0	0	
662315	0	0	0	213	0	0	0	0	0	0	0	0	0	0	0	0	
663065	0	0	0	209	0	0	0	0	0	0	0	0	0	0	0	0	
663816	0	0	0	193	0	0	0	0	0	0	0	0	0	0	0	0	
664563	0	0	262	1	0	0	0	0	0	0	0	0	0	0	0	0	
665313	0	0	238	15	0	0	0	0	0	0	0	0	0	0	0	0	
666063	0	0	241	0	0	0	0	0	0	0	0	0	0	0	0	0	
666812	0	0	261	0	0	0	0	0	0	0	0	0	0	0	0	0	
667563	0	0	267	0	0	0	0	0	0	0	0	0	0	0	0	0	
668309	0	0	255	0	0	0	0	0	0	0	0	0	0	0	0	0	
669057	0	0	271	0	0	0	0	0	0	0	0	0	0	0	0	0	
669805	0	0	251	0	0	0	0	0	0	0	0	0	0	0	0	0	
670551	0	0	273	0	0	0	0	0	0	0	0	0	0	0	0	0	
671301	0	0	269	0	0	0	0	0	0	0	0	0	0	0	0	0	
672049	0	0	265	0	0	0	0	0	0	0	0	0	0	0	0	0	
672798	0	0	259	0	0	0	0	0	0	0	0	0	0	0	0	0	
673546	0	0	249	0	0	0	0	0	0	0	0	0	0	0	0	0	
674299	0	0	265	0	0	0	0	0	0	0	0	0	0	0	0	0	
675048	0	1	306	0	0	0	0	0	0	0	0	0	0	0	0	0	
675797	0	4	257	0	0	0	0	0	0	0	0	0	0	0	0	0	
676549	0	0	255	0	0	0	0	0	0	0	0	0	0	0	0	0	
677298	0	0	249	0	0	0	0	0	0	0	0	0	0	0	0	0	
678050	0	0	295	0	0	0	0	0	0	0	0	0	0	0	0	0	
678800	0	0	261	0	0	0	0	0	0	0	0	0	0	0	0	0	
679550	0	0	255	0	0	0	0	0	0	0	0	0	0	0	0	0	
680299	0	0	273	0	0	0	0	0	0	0	0	0	0	0	0	0	
681048	0	0	285	0	0	0	0	0	0	0	0	0	0	0	0	0	
681799	0	0	259	0	0	0	0	0	0	0	0	0	0	0	0	0	
682552	0	0	265	0	0	0	0	0	0	0	0	0	0	0	0	0	
683302	0	0	255	0	0	0	0	0	0	0	0	0	0	0	0	0	
684048	0	0	241	0	0	0	0	0	0	0	0	0	0	0	0	0	
684800	0	0	271	0	0	0	0	0	0	0	0	0	0	0	0	0	
685550	0	0	271	0	0	0	0	0	0	0	0	0	0	0	0	0	
686298	0	0	265	0	0	0	0	0	0	0	0	0	0	0	0	0	
687044	0	0	263	0	0	0	0	0	0	0	0	0	0	0	0	0	
687796	0	0	261	0	0	0	0	0	0	0	0	0	0	0	0	0	
688543	0	0	261	0	0	0	0	0	0	0	0	0	0	0	0	0	
689293	0	0	258	1	0	0	0	0	0	0	0	0	0	0	0	0	
690047	0	0	227	0	0	0	0	0	0	0	0	0	0	0	0	0	
690797	0	0	269	0	0	0	0	0	0	0	0	0	0	0	0	0	
691543	0	0	263	0	0	0	0	0	0	0	0	0	0	0	0	0	
692293	0	0	251	0	0	0	0	0	0	0	0	0	0	0	0	0	
693044	0	0	281	0	0	0	0	0	0	0	0	0	0	0	0	0	
693791	0	0	265	0	0	0	0	0	0	0	0	0	0	0	0	0	
694540	0	0	279	0	0	0	0	0	0	0	0	0	0	0	0	0	
695291	0	0	255	0	0	0	0	0	0	0	0	0	0	0	0	0	
696043	0	0	265	0	0	0	0	0	0	0	0	0	0	0	0	0	
696795	0	0	271	0	0	0	0	0	0	0	0	0	0	0	0	0	
697540	0	0	275	0	0	0	0	0	0	0	0	0	0	0	0	0	
698289	0	3	278	0	0	0	0	0	0	0	0	0	0	0	0	0	
699040	0	49	226	0	0	0	0	0	0	0	0	0	0	0	0	0	
699791	0	0	261	0	0	0	0	0	0	0	0	0	0	0	0	0	
700540	0	0	281	0	0	0	0	0	0	0	0	0	0	0	0	0	
701288	0	0	267	0	0	0	0	0	0	0	0	0	0	0	0	0	
702040	0	0	255	0	0	0	0	0	0	0	0	0	0	0	0	0	
702795	0	0	251	0	0	0	0	0	0	0	0	0	0	0	0	0	
703545	0	0	279	0	0	0	0	0	0	0	0	0	0	0	0	0	
704296	0	0	273	0	0	0	0	0	0	0	0	0	0	0	0	0	
705051	0	0	253	0	0	0	0	0	0	0	0	0	0	0	0	0	
705799	0	0	247	0	0	0	0	0	0	0	0	0	0	0	0	0	
706549	0	0	275	0	0	0	0	0	0	0	0	0	0	0	0	0	
707300	0	0	289	0	0	0	0	0	0	0	0	0	0	0	0	0	
708045	0	0	265	0	0	0	0	0	0	0	0	0	0	0	0	0	
708799	0	0	257	0	0	0	0	0	0	0	0	0	0	0	0	0	
709546	0	0	237	0	0	0	0	0	0	0	0	0	0	0	0	0	
710297	0	0	267	0	0	0	0	0	0	0	0	0	0	0	0	0	
711049	0	0	259	0	0	0	0	0	0	0	0	0	0	0	0	0	
711799	0	0	251	0	0	0	0	0	0	0	0	0	0	0	0	0	
712546	0	0	259	0	0	0	0	0	0	0	0	0	0	0	0	0	
713293	0	0	265	0	0	0	0	0	0	0	0	0	0	0	0	0	
714041	0	0	283	0	0	0	0	0	0	0	0	0	0	0	0	0	
714789	0	0	247	0	0	0	0	0	0	0	0	0	0	0	0	0	
715538	0	0	269	0	0	0	0	0	0	0	0	0	0	0	0	0	
716287	0	40	237	0	0	0	0	0	0	0	0	0	0	0	0	0	
717038	0	0	279	0	0	0	0	0	0	0	0	0	0	0	0	0	
717786	0	0	267	0	0	0	0	0	0	0	0	0	0	0	0	0	
718538	0	0	255	0	0	0	0	0	0	0	0	0	0	0	0	0	
719290	0	0	255	0	0	0	0	0	0	0	0	0	0	0	0	0	
720038	0	0	271	0	0	0	0	0	0	0	0	0	0	0	0	0	
720788	0	0	253	0	0	0	0	0	0	0	0	0	0	0	0	0	
721542	0	0	265	0	0	0	0	0	0	0	0	0	0	0	0	0	
722292	0	3	264	0	0	0	0	0	0	0	0	0	0	0	0	0	
723043	0	0	271	0	0	0	0	0	0	0	0	0	0	0	0	0	
723794	0	0	257	0	0	0	0	0	0	0	0	0	0	0	0	0	
724544	0	0	231	0	0	0	0	0	0	0	0	0	0	0	0	0	
725295	0	0	257	0	0	0	0	0	0	0	0	0	0	0	0	0	
726046	0	0	271	0	0	0	0	0	0	0	0	0	0	0	0	0	
726793	0	0	257	0	0	0	0	0	0	0	0	0	0	0	0	0	
727546	0	0	243	0	0	0	0	0	0	0	0	0	0	0	0	0	
728293	0	0	289	0	0	0	0	0	0	0	0	0	0	0	0	0	
729045	0	0	249	0	0	0	0	0	0	0	0	0	0	0	0	0	
729794	0	0	269	0	0	0	0	0	0	0	0	0	0	0	0	0	
730545	0	0	269	0	0	0	0	0	0	0	0	0	0	0	0	0	
731294	0	0	249	0	0	0	0	0	0	0	0	0	0	0	0	0	
732042	0	0	255	0	0	0	0	0	0	0	0	0	0	0	0	0	
732792	0	0	263	0	0	0	0	0	0	0	0	0	0	0	0	0	
733542	0	0	285	0	0	0	0	0	0	0	0	0	0	0	0	0	
734293	0	0	279	0	0	0	0	0	0	0	0	0	0	0	0	0	
735044	0	0	287	0	0	0	0	0	0	0	0	0	0	0	0	0	
735794	0	0	243	0	0	0	0	0	0	0	0	0	0	0	0	0	
736545	0	0	255	0	0	0	0	0	0	0	0	0	0	0	0	0	
737295	0	0	263	0	0	0	0	0	0	0	0	0	0	0	0	0	
738045	0	0	243	0	0	0	0	0	0	0	0	0	0	0	0	0	
738793	0	0	265	0	0	0	0	0	0	0	0	0	0	0	0	0	
739542	0	0	249	0	0	0	0	0	0	0	0	0	0	0	0	0	
740291	0	0	251	0	0	0	0	0	0	0	0	0	0	0	0	0	
741043	0	0	283	0	0	0	0	0	0	0	0	0	0	0	0	0	
741793	0	0	239	0	0	0	0	0	0	0	0	0	0	0	0	0	
742540	0	0	249	0	0	0	0	0	0	0	0	0	0	0	0	0	
743290	0	0	255	0	0	0	0	0	0	0	0	0	0	0	0	0	
744039	0	0	283	0	0	0	0	0	0	0	0	0	0	0	0	0	
744787	0	0	267	0	0	0	0	0	0	0	0	0	0	0	0	0	
745535	0	0	279	0	0	0	0	0	0	0	0	0	0	0	0	0	
746286	0	0	255	0	0	0	0	0	0	0	0	0	0	0	0	0	
747034	0	0	285	0	0	0	0	0	0	0	0	0	0	0	0	0	
747785	0	1	260	0	0	0	0	0	0	0	0	0	0	0	0	0	
748535	0	0	277	0	0	0	0	0	0	0	0	0	0	0	0	0	
749285	0	0	245	0	0	0	0	0	0	0	0	0	0	0	0	0	
750033	0	0	285	0	0	0	0	0	0	0	0	0	0	0	0	0	
750782	0	0	258	23	0	0	0	0	0	0	0	0	0	0	0	0	
751531	0	0	241	0	0	0	0	0	0	0	0	0	0	0	0	0	
752279	0	0	271	0	0	0	0	0	0	0	0	0	0	0	0	0	
753031	0	0	269	0	0	0	0	0	0	0	0	0	0	0	0	0	
753779	0	0	237	0	0	0	0	0	0	0	0	0	0	0	0	0	
754527	0	0	249	0	0	0	0	0	0	0	0	0	0	0	0	0	
755275	0	0	259	0	0	0	0	0	0	0	0	0	0	0	0	0	
756023	0	0	259	0	0	0	0	0	0	0	0	0	0	0	0	0	
756773	0	0	253	0	0	0	0	0	0	0	0	0	0	0	0	0	
757520	0	0	283	0	0	0	0	0	0	0	0	0	0	0	0	0	
758273	0	0	277	0	0	0	0	0	0	0	0	0	0	0	0	0	
759023	0	0	255	0	0	0	0	0	0	0	0	0	0	0	0	0	
759771	0	0	263	0	0	0	0	0	0	0	0	0	0	0	0	0	
760521	0	0	281	0	0	0	0	0	0	0	0	0	0	0	0	0	
761274	0	0	265	0	0	0	0	0	0	0	0	0	0	0	0	0	
762025	0	0	265	0	0	0	0	0	0	0	0	0	0	0	0	0	
762772	0	0	241	0	0	0	0	0	0	0	0	0	0	0	0	0	
763520	0	0	247	0	0	0	0	0	0	0	0	0	0	0	0	0	
764271	0	0	257	0	0	0	0	0	0	0	0	0	0	0	0	0	
765020	0	0	261	0	0	0	0	0	0	0	0	0	0	0	0	0	
765771	0	0	275	0	0	0	0	0	0	0	0	0	0	0	0	0	
766521	0	0	273	0	0	0	0	0	0	0	0	0	0	0	0	0	
767273	0	0	237	0	0	0	0	0	0	0	0	0	0	0	0	0	
768025	0	0	257	0	0	0	0	0	0	0	0	0	0	0	0	0	
768778	0	0	255	0	0	0	0	0	0	0	0	0	0	0	0	0	
769528	0	0	247	0	0	0	0	0	0	0	0	0	0	0	0	0	
770278	0	0	289	0	0	0	0	0	0	0	0	0	0	0	0	0	
771027	0	0	251	0	0	0	0	0	0	0	0	0	0	0	0	0	
771780	0	0	237	10	0	0	0	0	0	0	0	0	0	0	0	0	
772529	0	0	275	0	0	0	0	0	0	0	0	0	0	0	0	0	
773279	0	0	249	0	0	0	0	0	0	0	0	0	0	0	0	0	
774028	0	0	273	0	0	0	0	0	0	0	0	0	0	0	0	0	
774780	0	0	275	0	0	0	0	0	0	0	0	0	0	0	0	0	
775528	0	0	269	0	0	0	0	0	0	0	0	0	0	0	0	0	
776281	0	0	281	0	0	0	0	0	0	0	0	0	0	0	0	0	
777031	0	0	235	0	0	0	0	0	0	0	0	0	0	0	0	0	
777784	0	0	263	0	0	0	0	0	0	0	0	0	0	0	0	0	
778533	0	0	243	0	0	0	0	0	0	0	0	0	0	0	0	0	
779282	0	0	241	0	0	0	0	0	0	0	0	0	0	0	0	0	
780032	0	0	293	0	0	0	0	0	0	0	0	0	0	0	0	0	
780779	0	0	217	34	0	0	0	0	0	0	0	0	0	0	0	0	
781532	0	0	267	0	0	0	0	0	0	0	0	0	0	0	0	0	
782284	0	0	271	0	0	0	0	0	0	0	0	0	0	0	0	0	
783035	0	0	263	0	0	0	0	0	0	0	0	0	0	0	0	0	
783788	0	0	231	0	0	0	0	0	0	0	0	0	0	0	0	0	
784538	0	0	275	0	0	0	0	0	0	0	0	0	0	0	0	0	
785289	0	9	236	0	0	0	0	0	0	0	0	0	0	0	0	0	
786037	0	0	267	0	0	0	0	0	0	0	0	0	0	0	0	0	
786785	0	0	263	0	0	0	0	0	0	0	0	0	0	0	0	0	
787537	0	0	263	0	0	0	0	0	0	0	0	0	0	0	0	0	
788286	0	0	228	17	0	0	0	0	0	0	0	0	0	0	0	0	
789037	0	0	257	0	0	0	0	0	0	0	0	0	0	0	0	0	
789785	0	0	291	0	0	0	0	0	0	0	0	0	0	0	0	0	
790539	0	0	237	0	0	0	0	0	0	0	0	0	0	0	0	0	
791289	0	0	244	1	0	0	0	0	0	0	0	0	0	0	0	0	
792039	0	0	265	0	0	0	0	0	0	0	0	0	0	0	0	0	
792792	0	0	251	0	0	0	0	0	0	0	0	0	0	0	0	0	
793543	0	0	233	0	0	0	0	0	0	0	0	0	0	0	0	0	
794294	0	0	259	0	0	0	0	0	0	0	0	0	0	0	0	0	
795045	0	0	285	0	0	0	0	0	0	0	0	0	0	0	0	0	
795797	0	0	267	0	0	0	0	0	0	0	0	0	0	0	0	0	
796549	0	0	289	0	0	0	0	0	0	0	0	0	0	0	0	0	
797304	0	0	283	0	0	0	0	0	0	0	0	0	0	0	0	0	
798057	0	0	257	0	0	0	0	0	0	0	0	0	0	0	0	0	
798808	0	0	277	0	0	0	0	0	0	0	0	0	0	0	0	0	
799555	0	0	251	0	0	0	0	0	0	0	0	0	0	0	0	0	
800308	0	0	259	0	0	0	0	0	0	0	0	0	0	0	0	0	
801060	0	0	259	0	0	0	0	0	0	0	0	0	0	0	0	0	
801809	0	0	261	0	0	0	0	0	0	0	0	0	0	0	0	0	
802559	0	0	233	0	0	0	0	0	0	0	0	0	0	0	0	0	
803312	0	0	241	0	0	0	0	0	0	0	0	0	0	0	0	0	
804063	0	0	265	0	0	0	0	0	0	0	0	0	0	0	0	0	
804812	0	0	299	0	0	0	0	0	0	0	0	0	0	0	0	0	
805563	0	0	247	0	0	0	0	0	0	0	0	0	0	0	0	0	
806309	0	0	253	0	0	0	0	0	0	0	0	0	0	0	0	0	
807057	0	0	251	0	0	0	0	0	0	0	0	0	0	0	0	0	
807807	0	0	261	0	0	0	0	0	0	0	0	0	0	0	0	0	
808558	0	0	87	136	0	0	0	0	0	0	0	0	0	0	0	0	
809306	0	0	243	0	0	0	0	0	0	0	0	0	0	0	0	0	
810055	0	0	251	0	0	0	0	0	0	0	0	0	0	0	0	0	
810802	0	0	239	0	0	0	0	0	0	0	0	0	0	0	0	0	
811552	0	0	237	0	0	0	0	0	0	0	0	0	0	0	0	0	
812306	0	0	267	0	0	0	0	0	0	0	0	0	0	0	0	0	
813058	0	0	273	0	0	0	0	0	0	0	0	0	0	0	0	0	
813806	0	80	221	0	0	0	0	0	0	0	0	0	0	0	0	0	
814554	0	0	281	0	0	0	0	0	0	0	0	0	0	0	0	0	
815302	0	0	293	0	0	0	0	0	0	0	0	0	0	0	0	0	
816050	0	0	291	0	0	0	0	0	0	0	0	0	0	0	0	0	
816801	0	0	247	0	0	0	0	0	0	0	0	0	0	0	0	0	
817552	0	0	277	0	0	0	0	0	0	0	0	0	0	0	0	0	
818305	0	0	255	0	0	0	0	0	0	0	0	0	0	0	0	0	
819053	0	0	245	0	0	0	0	0	0	0	0	0	0	0	0	0	
819801	0	0	253	0	0	0	0	0	0	0	0	0	0	0	0	0	
820552	0	0	239	0	0	0	0	0	0	0	0	0	0	0	0	0	
821302	0	0	0	207	0	0	0	0	0	0	0	0	0	0	0	0	
822052	0	0	0	243	0	0	0	0	0	0	0	0	0	0	0	0	
822800	0	0	0	189	0	0	0	0	0	0	0	0	0	0	0	0	
823548	0	0	0	183	0	0	0	0	0	0	0	0	0	0	0	0	
824296	0	0	0	217	0	0	0	0	0	0	0	0	0	0	0	0	
825046	0	0	0	197	0	0	0	0	0	0	0	0	0	0	0	0	
825799	0	0	0	213	0	0	0	0	0	0	0	0	0	0	0	0	
826548	0	0	0	167	0	0	0	0	0	0	0	0	0	0	0	0	
827298	0	0	0	193	0	0	0	0	0	0	0	0	0	0	0	0	
828049	0	0	0	179	0	0	0	0	0	0	0	0	0	0	0	0	
828801	0	0	0	185	0	0	0	0	0	0	0	0	0	0	0	0	
829552	0	0	0	203	0	0	0	0	0	0	0	0	0	0	0	0	
830301	0	0	0	197	0	0	0	0	0	0	0	0	0	0	0	0	
831050	0	0	0	179	0	0	0	0	0	0	0	0	0	0	0	0	
831801	0	0	0	182	11	0	0	0	0	0	0	0	0	0	0	0	
832549	0	0	127	96	0	0	0	0	0	0	0	0	0	0	0	0	
833300	0	0	247	0	0	0	0	0	0	0	0	0	0	0	0	0	
834047	0	0	249	0	0	0	0	0	0	0	0	0	0	0	0	0	
834802	0	0	255	0	0	0	0	0	0	0	0	0	0	0	0	0	
835548	0	0	283	0	0	0	0	0	0	0	0	0	0	0	0	0	
836297	0	0	237	0	0	0	0	0	0	0	0	0	0	0	0	0	
837048	0	0	295	0	0	0	0	0	0	0	0	0	0	0	0	0	
837798	0	0	261	0	0	0	0	0	0	0	0	0	0	0	0	0	
838547	0	0	253	0	0	0	0	0	0	0	0	0	0	0	0	0	
839294	0	0	281	0	0	0	0	0	0	0	0	0	0	0	0	0	
840044	0	0	267	0	0	0	0	0	0	0	0	0	0	0	0	0	
840794	0	0	273	0	0	0	0	0	0	0	0	0	0	0	0	0	
841542	0	0	267	0	0	0	0	0	0	0	0	0	0	0	0	0	
842292	0	1	272	0	0	0	0	0	0	0	0	0	0	0	0	0	
843042	0	0	261	0	0	0	0	0	0	0	0	0	0	0	0	0	
843792	0	0	275	0	0	0	0	0	0	0	0	0	0	0	0	0	
844542	0	0	261	0	0	0	0	0	0	0	0	0	0	0	0	0	
845294	0	0	267	0	0	0	0	0	0	0	0	0	0	0	0	0	
846040	0	0	257	0	0	0	0	0	0	0	0	0	0	0	0	0	
846789	0	0	231	0	0	0	0	0	0	0	0	0	0	0	0	0	
847540	0	0	253	0	0	0	0	0	0	0	0	0	0	0	0	0	
848292	0	0	271	0	0	0	0	0	0	0	0	0	0	0	0	0	
849044	0	0	277	0	0	0	0	0	0	0	0	0	0	0	0	0	
849791	0	0	255	0	0	0	0	0	0	0	0	0	0	0	0	0	
850541	0	0	269	0	0	0	0	0	0	0	0	0	0	0	0	0	
851293	0	0	263	0	0	0	0	0	0	0	0	0	0	0	0	0	
852044	0	0	253	0	0	0	0	0	0	0	0	0	0	0	0	0	
852793	0	0	269	0	0	0	0	0	0	0	0	0	0	0	0	0	
853543	0	0	275	0	0	0	0	0	0	0	0	0	0	0	0	0	
854295	0	35	236	0	0	0	0	0	0	0	0	0	0	0	0	0	
855047	0	2	255	0	0	0	0	0	0	0	0	0	0	0	0	0	
855794	0	0	269	0	0	0	0	0	0	0	0	0	0	0	0	0	
856546	0	0	257	0	0	0	0	0	0	0	0	0	0	0	0	0	
857299	0	0	263	0	0	0	0	0	0	0	0	0	0	0	0	0	
858045	0	0	255	0	0	0	0	0	0	0	0	0	0	0	0	0	
858795	0	0	265	0	0	0	0	0	0	0	0	0	0	0	0	0	
859546	0	0	295	0	0	0	0	0	0	0	0	0	0	0	0	0	
860297	0	0	259	0	0	0	0	0	0	0	0	0	0	0	0	0	
861049	0	0	273	0	0	0	0	0	0	0	0	0	0	0	0	0	
861800	0	0	265	0	0	0	0	0	0	0	0	0	0	0	0	0	
862549	0	0	261	0	0	0	0	0	0	0	0	0	0	0	0	0	
863296	0	0	259	0	0	0	0	0	0	0	0	0	0	0	0	0	
864045	0	0	261	0	0	0	0	0	0	0	0	0	0	0	0	0	
864792	0	0	285	0	0	0	0	0	0	0	0	0	0	0	0	0	
865542	0	0	263	0	0	0	0	0	0	0	0	0	0	0	0	0	
866291	0	0	255	0	0	0	0	0	0	0	0	0	0	0	0	0	
867039	0	0	285	0	0	0	0	0	0	0	0	0	0	0	0	0	
867790	0	0	281	0	0	0	0	0	0	0	0	0	0	0	0	0	
868539	0	0	263	0	0	0	0	0	0	0	0	0	0	0	0	0	
869290	0	0	263	0	0	0	0	0	0	0	0	0	0	0	0	0	
870040	0	0	271	0	0	0	0	0	0	0	0	0	0	0	0	0	
870790	0	1	264	0	0	0	0	0	0	0	0	0	0	0	0	0	
871540	0	0	269	0	0	0	0	0	0	0	0	0	0	0	0	0	
872289	0	0	271	0	0	0	0	0	0	0	0	0	0	0	0	0	
873041	0	2	257	0	0	0	0	0	0	0	0	0	0	0	0	0	
873790	0	0	279	0	0	0	0	0	0	0	0	0	0	0	0	0	
874537	0	0	279	0	0	0	0	0	0	0	0	0	0	0	0	0	
875286	0	0	283	0	0	0	0	0	0	0	0	0	0	0	0	0	
876035	0	1	272	0	0	0	0	0	0	0	0	0	0	0	0	0	
876785	0	0	273	0	0	0	0	0	0	0	0	0	0	0	0	0	
877534	0	0	273	0	0	0	0	0	0	0	0	0	0	0	0	0	
878285	0	0	247	0	0	0	0	0	0	0	0	0	0	0	0	0	
879034	0	0	269	0	0	0	0	0	0	0	0	0	0	0	0	0	
879787	0	0	251	0	0	0	0	0	0	0	0	0	0	0	0	0	
880538	0	0	267	0	0	0	0	0	0	0	0	0	0	0	0	0	
881290	0	0	257	0	0	0	0	0	0	0	0	0	0	0	0	0	
882038	0	0	257	0	0	0	0	0	0	0	0	0	0	0	0	0	
882791	0	0	257	0	0	0	0	0	0	0	0	0	0	0	0	0	
883538	0	0	259	0	0	0	0	0	0	0	0	0	0	0	0	0	
884289	0	0	285	0	0	0	0	0	0	0	0	0	0	0	0	0	
885037	0	0	255	0	0	0	0	0	0	0	0	0	0	0	0	0	
885787	0	0	275	0	0	0	0	0	0	0	0	0	0	0	0	0	
886539	0	0	263	0	0	0	0	0	0	0	0	0	0	0	0	0	
887284	0	0	261	0	0	0	0	0	0	0	0	0	0	0	0	0	
888036	0	0	231	0	0	0	0	0	0	0	0	0	0	0	0	0	
888786	0	0	265	0	0	0	0	0	0	0	0	0	0	0	0	0	
889535	0	0	277	0	0	0	0	0	0	0	0	0	0	0	0	0	
890284	0	2	267	0	0	0	0	0	0	0	0	0	0	0	0	0	
891037	0	0	249	0	0	0	0	0	0	0	0	0	0	0	0	0	
891789	0	0	261	0	0	0	0	0	0	0	0	0	0	0	0	0	
892542	0	0	259	0	0	0	0	0	0	0	0	0	0	0	0	0	
893293	0	0	255	0	0	0	0	0	0	0	0	0	0	0	0	0	
894045	0	0	277	0	0	0	0	0	0	0	0	0	0	0	0	0	
894795	0	0	241	0	0	0	0	0	0	0	0	0	0	0	0	0	
895546	0	0	293	0	0	0	0	0	0	0	0	0	0	0	0	0	
896297	0	0	249	0	0	0	0	0	0	0	0	0	0	0	0	0	
897047	0	0	245	0	0	0	0	0	0	0	0	0	0	0	0	0	
897796	0	0	291	0	0	0	0	0	0	0	0	0	0	0	0	0	
898545	0	0	259	0	0	0	0	0	0	0	0	0	0	0	0	0	
899295	0	0	287	0	0	0	0	0	0	0	0	0	0	0	0	0	
900048	0	0	269	0	0	0	0	0	0	0	0	0	0	0	0	0	
900798	0	10	255	0	0	0	0	0	0	0	0	0	0	0	0	0	
901550	0	0	227	0	0	0	0	0	0	0	0	0	0	0	0	0	
902297	0	0	243	0	0	0	0	0	0	0	0	0	0	0	0	0	
903049	0	0	259	0	0	0	0	0	0	0	0	0	0	0	0	0	
903801	0	0	0	199	0	0	0	0	0	0	0	0	0	0	0	0	
904548	0	0	0	193	0	0	0	0	0	0	0	0	0	0	0	0	
905295	0	0	0	207	0	0	0	0	0	0	0	0	0	0	0	0	
906046	0	0	0	183	0	0	0	0	0	0	0	0	0	0	0	0	
906798	0	0	0	201	0	0	0	0	0	0	0	0	0	0	0	0	
907549	0	0	0	215	0	0	0	0	0	0	0	0	0	0	0	0	
908301	0	0	0	193	0	0	0	0	0	0	0	0	0	0	0	0	
909049	0	0	0	213	0	0	0	0	0	0	0	0	0	0	0	0	
909799	0	0	0	197	0	0	0	0	0	0	0	0	0	0	0	0	
910547	0	0	0	203	0	0	0	0	0	0	0	0	0	0	0	0	
911296	0	0	0	0	141	0	0	0	0	0	0	0	0	0	0	0	
912045	0	0	0	0	161	0	0	0	0	0	0	0	0	0	0	0	
912794	0	0	0	0	129	0	0	0	0	0	0	0	0	0	0	0	
913543	0	0	0	0	171	0	0	0	0	0	0	0	0	0	0	0	
914295	0	0	0	0	175	0	0	0	0	0	0	0	0	0	0	0	
915046	0	0	0	0	157	0	0	0	0	0	0	0	0	0	0	0	
915794	0	0	0	0	155	0	0	0	0	0	0	0	0	0	0	0	
916545	0	0	0	0	127	0	0	0	0	0	0	0	0	0	0	0	
917295	0	0	0	217	0	0	0	0	0	0	0	0	0	0	0	0	
918048	0	0	0	179	0	0	0	0	0	0	0	0	0	0	0	0	
918798	0	0	0	157	0	0	0	0	0	0	0	0	0	0	0	0	
919550	0	0	0	189	0	0	0	0	0	0	0	0	0	0	0	0	
920301	0	0	0	195	0	0	0	0	0	0	0	0	0	0	0	0	
921048	0	0	0	199	0	0	0	0	0	0	0	0	0	0	0	0	
921796	0	0	0	169	0	0	0	0	0	0	0	0	0	0	0	0	
922547	0	0	0	0	173	0	0	0	0	0	0	0	0	0	0	0	
923299	0	0	0	0	151	0	0	0	0	0	0	0	0	0	0	0	
924045	0	0	0	0	143	0	0	0	0	0	0	0	0	0	0	0	
924794	0	0	0	0	159	0	0	0	0	0	0	0	0	0	0	0	
925544	0	0	0	0	159	0	0	0	0	0	0	0	0	0	0	0	
926297	0	0	0	0	169	0	0	0	0	0	0	0	0	0	0	0	
927048	0	0	0	0	177	0	0	0	0	0	0	0	0	0	0	0	
927796	0	0	0	0	157	0	0	0	0	0	0	0	0	0	0	0	
928546	0	0	0	0	139	0	0	0	0	0	0	0	0	0	0	0	
929295	0	0	0	0	191	0	0	0	0	0	0	0	0	0	0	0	
930044	0	0	0	0	165	0	0	0	0	0	0	0	0	0	0	0	
930797	0	0	0	0	167	0	0	0	0	0	0	0	0	0	0	0	
931548	0	0	0	0	167	0	0	0	0	0	0	0	0	0	0	0	
932297	0	0	0	0	163	0	0	0	0	0	0	0	0	0	0	0	
933048	0	0	0	0	137	0	0	0	0	0	0	0	0	0	0	0	
933797	0	0	0	0	141	0	0	0	0	0	0	0	0	0	0	0	
934547	0	0	0	0	149	0	0	0	0	0	0	0	0	0	0	0	
935296	0	0	0	0	171	0	0	0	0	0	0	0	0	0	0	0	
936050	0	0	0	0	151	0	0	0	0	0	0	0	0	0	0	0	
936801	0	0	0	0	143	0	0	0	0	0	0	0	0	0	0	0	
937556	0	0	0	0	155	0	0	0	0	0	0	0	0	0	0	0	
938305	0	0	0	37	140	0	0	0	0	0	0	0	0	0	0	0	
939055	0	0	0	0	163	0	0	0	0	0	0	0	0	0	0	0	
939803	0	0	0	0	177	0	0	0	0	0	0	0	0	0	0	0	
940554	0	0	0	0	181	0	0	0	0	0	0	0	0	0	0	0	
941302	0	0	0	0	165	0	0	0	0	0	0	0	0	0	0	0	
942052	0	0	0	0	145	0	0	0	0	0	0	0	0	0	0	0	
942805	0	0	0	0	181	0	0	0	0	0	0	0	0	0	0	0	
943554	0	0	0	0	153	0	0	0	0	0	0	0	0	0	0	0	
944306	0	0	0	0	149	0	0	0	0	0	0	0	0	0	0	0	
945053	0	0	0	0	155	0	0	0	0	0	0	0	0	0	0	0	
945801	0	0	0	0	153	0	0	0	0	0	0	0	0	0	0	0	
946553	0	0	0	4	141	0	0	0	0	0	0	0	0	0	0	0	
947305	0	0	0	0	171	0	0	0	0	0	0	0	0	0	0	0	
948059	0	0	0	0	161	0	0	0	0	0	0	0	0	0	0	0	
948806	0	0	0	0	133	26	0	0	0	0	0	0	0	0	0	0	
949558	0	0	0	0	0	139	0	0	0	0	0	0	0	0	0	0	
950311	0	0	0	0	0	125	0	0	0	0	0	0	0	0	0	0	
951060	0	0	0	0	0	149	0	0	0	0	0	0	0	0	0	0	
951813	0	0	0	0	0	137	0	0	0	0	0	0	0	0	0	0	
952565	0	0	0	0	0	125	0	0	0	0	0	0	0	0	0	0	
953313	0	0	0	0	0	127	0	0	0	0	0	0	0	0	0	0	
954065	0	0	0	0	0	117	0	0	0	0	0	0	0	0	0	0	
954814	0	0	0	0	0	141	0	0	0	0	0	0	0	0	0	0	
955564	0	0	0	0	0	141	0	0	0	0	0	0	0	0	0	0	
956311	0	0	0	0	0	129	0	0	0	0	0	0	0	0	0	0	
957062	0	0	0	0	145	0	0	0	0	0	0	0	0	0	0	0	
957812	0	0	0	0	169	0	0	0	0	0	0	0	0	0	0	0	
958560	0	0	0	0	139	0	0	0	0	0	0	0	0	0	0	0	
959309	0	0	0	0	147	0	0	0	0	0	0	0	0	0	0	0	
960059	0	0	0	0	161	0	0	0	0	0	0	0	0	0	0	0	
960809	0	0	33	0	146	0	0	0	0	0	0	0	0	0	0	0	
961560	0	0	0	0	177	0	0	0	0	0	0	0	0	0	0	0	
962308	0	0	0	0	149	0	0	0	0	0	0	0	0	0	0	0	
963055	0	0	0	0	149	0	0	0	0	0	0	0	0	0	0	0	
963805	0	0	0	0	147	0	0	0	0	0	0	0	0	0	0	0	
964554	0	0	0	0	151	0	0	0	0	0	0	0	0	0	0	0	
965302	0	0	0	0	133	0	0	0	0	0	0	0	0	0	0	0	
966053	0	0	0	0	139	0	0	0	0	0	0	0	0	0	0	0	
966804	0	0	0	0	159	0	0	0	0	0	0	0	0	0	0	0	
967556	0	0	0	0	175	0	0	0	0	0	0	0	0	0	0	0	
968306	0	0	0	197	0	0	0	0	0	0	0	0	0	0	0	0	
969058	0	0	0	183	0	0	0	0	0	0	0	0	0	0	0	0	
969811	0	0	0	195	0	0	0	0	0	0	0	0	0	0	0	0	
970560	0	0	0	179	0	0	0	0	0	0	0	0	0	0	0	0	
971306	0	0	0	161	0	0	0	0	0	0	0	0	0	0	0	0	
972055	0	0	0	187	0	0	0	0	0	0	0	0	0	0	0	0	
972806	0	0	0	191	0	0	0	0	0	0	0	0	0	0	0	0	
973555	0	0	0	207	0	0	0	0	0	0	0	0	0	0	0	0	
974308	0	0	0	207	0	0	0	0	0	0	0	0	0	0	0	0	
975060	0	0	0	229	0	0	0	0	0	0	0	0	0	0	0	0	
975813	0	0	0	183	0	0	0	0	0	0	0	0	0	0	0	0	
976562	0	0	0	203	0	0	0	0	0	0	0	0	0	0	0	0	
977312	0	0	0	203	0	0	0	0	0	0	0	0	0	0	0	0	
978062	0	0	0	205	0	0	0	0	0	0	0	0	0	0	0	0	
978812	0	0	0	199	0	0	0	0	0	0	0	0	0	0	0	0	
979563	0	0	0	193	0	0	0	0	0	0	0	0	0	0	0	0	
980315	0	0	0	195	0	0	0	0	0	0	0	0	0	0	0	0	
981064	0	0	0	167	0	0	0	0	0	0	0	0	0	0	0	0	
981815	0	0	0	199	0	0	0	0	0	0	0	0	0	0	0	0	
982565	0	0	0	203	0	0	0	0	0	0	0	0	0	0	0	0	
983316	0	0	0	195	0	0	0	0	0	0	0	0	0	0	0	0	
984068	0	0	0	165	0	0	0	0	0	0	0	0	0	0	0	0	
984815	0	0	0	185	0	0	0	0	0	0	0	0	0	0	0	0	
985564	0	0	0	191	0	0	0	0	0	0	0	0	0	0	0	0	
986314	0	0	0	161	0	0	0	0	0	0	0	0	0	0	0	0	
987065	0	0	0	201	0	0	0	0	0	0	0	0	0	0	0	0	
987815	0	0	0	185	0	0	0	0	0	0	0	0	0	0	0	0	
988565	0	0	0	201	0	0	0	0	0	0	0	0	0	0	0	0	
989315	0	0	0	201	0	0	0	0	0	0	0	0	0	0	0	0	
990065	0	0	0	205	0	0	0	0	0	0	0	0	0	0	0	0	
990816	0	0	0	209	0	0	0	0	0	0	0	0	0	0	0	0	
991562	0	0	0	207	0	0	0	0	0	0	0	0	0	0	0	0	
992311	0	0	0	199	0	0	0	0	0	0	0	0	0	0	0	0	
993059	0	0	0	187	0	0	0	0	0	0	0	0	0	0	0	0	
993807	0	0	0	177	0	0	0	0	0	0	0	0	0	0	0	0	
994552	0	0	0	219	0	0	0	0	0	0	0	0	0	0	0	0	
995299	0	0	0	187	0	0	0	0	0	0	0	0	0	0	0	0	
996051	0	0	2	189	0	0	0	0	0	0	0	0	0	0	0	0	
996802	0	0	0	185	0	0	0	0	0	0	0	0	0	0	0	0	
997550	0	0	0	185	0	0	0	0	0	0	0	0	0	0	0	0	
998298	0	0	0	197	0	0	0	0	0	0	0	0	0	0	0	0	
999054	0	0	0	199	0	0	0	0	0	0	0	0	0	0	0	0	
999803	0	0	0	233	0	0	0	0	0	0	0	0	0	0	0	0	
1.00055e+06	0	0	0	201	0	0	0	0	0	0	0	0	0	0	0	0	
1.0013e+06	0	0	0	207	0	0	0	0	0	0	0	0	0	0	0	0	
1.00206e+06	0	0	0	187	0	0	0	0	0	0	0	0	0	0	0	0	
1.00281e+06	0	0	0	201	0	0	0	0	0	0	0	0	0	0	0	0	
1.00356e+06	0	0	0	173	0	0	0	0	0	0	0	0	0	0	0	0	
1.00431e+06	0	0	0	205	0	0	0	0	0	0	0	0	0	0	0	0	
1.00505e+06	0	0	0	205	0	0	0	0	0	0	0	0	0	0	0	0	
1.0058e+06	0	0	0	179	0	0	0	0	0	0	0	0	0	0	0	0	
1.00656e+06	0	0	0	177	0	0	0	0	0	0	0	0	0	0	0	0	
1.00731e+06	0	0	0	0	169	0	0	0	0	0	0	0	0	0	0	0	
1.00806e+06	0	0	0	0	149	0	0	0	0	0	0	0	0	0	0	0	
1.00881e+06	0	0	0	0	163	0	0	0	0	0	0	0	0	0	0	0	
1.00956e+06	0	0	0	0	153	0	0	0	0	0	0	0	0	0	0	0	
1.01031e+06	0	0	0	0	163	0	0	0	0	0	0	0	0	0	0	0	
1.01106e+06	0	0	0	0	159	0	0	0	0	0	0	0	0	0	0	0	
1.01181e+06	0	0	0	0	155	0	0	0	0	0	0	0	0	0	0	0	
1.01256e+06	0	0	0	0	161	0	0	0	0	0	0	0	0	0	0	0	
1.01331e+06	0	0	0	0	153	0	0	0	0	0	0	0	0	0	0	0	
1.01405e+06	0	0	0	0	157	0	0	0	0	0	0	0	0	0	0	0	
1.0148e+06	0	0	0	0	167	0	0	0	0	0	0	0	0	0	0	0	
1.01555e+06	0	0	0	0	151	0	0	0	0	0	0	0	0	0	0	0	
1.01631e+06	0	0	0	0	175	0	0	0	0	0	0	0	0	0	0	0	
1.01706e+06	0	0	0	0	179	0	0	0	0	0	0	0	0	0	0	0	
1.01781e+06	0	0	0	0	149	0	0	0	0	0	0	0	0	0	0	0	
1.01856e+06	0	0	0	0	151	20	0	0	0	0	0	0	0	0	0	0	
1.01931e+06	0	0	0	0	0	145	0	0	0	0	0	0	0	0	0	0	
1.02006e+06	0	0	0	0	0	149	0	0	0	0	0	0	0	0	0	0	
1.0208e+06	0	0	0	0	1	126	0	0	0	0	0	0	0	0	0	0	
1.02155e+06	0	0	0	0	0	127	0	0	0	0	0	0	0	0	0	0	
1.0223e+06	0	0	0	0	0	149	0	0	0	0	0	0	0	0	0	0	
1.02306e+06	0	0	0	0	0	129	0	0	0	0	0	0	0	0	0	0	
1.02381e+06	0	0	0	0	0	141	0	0	0	0	0	0	0	0	0	0	
1.02456e+06	0	0	0	0	0	107	0	0	0	0	0	0	0	0	0	0	
1.02531e+06	0	0	0	0	0	143	0	0	0	0	0	0	0	0	0	0	
1.02606e+06	0	0	0	0	0	109	0	0	0	0	0	0	0	0	0	0	
1.02681e+06	0	0	0	0	0	147	0	0	0	0	0	0	0	0	0	0	
1.02756e+06	0	0	0	0	0	135	0	0	0	0	0	0	0	0	0	0	
1.02832e+06	0	0	0	0	0	145	0	0	0	0	0	0	0	0	0	0	
1.02907e+06	0	0	0	0	0	139	0	0	0	0	0	0	0	0	0	0	
1.02982e+06	0	0	0	0	0	151	0	0	0	0	0	0	0	0	0	0	
1.03056e+06	0	0	0	0	0	137	0	0	0	0	0	0	0	0	0	0	
1.03131e+06	0	0	0	0	0	119	0	0	0	0	0	0	0	0	0	0	
1.03206e+06	0	0	0	0	0	147	0	0	0	0	0	0	0	0	0	0	
1.03281e+06	0	0	0	0	0	127	0	0	0	0	0	0	0	0	0	0	
1.03356e+06	0	0	0	0	0	113	0	0	0	0	0	0	0	0	0	0	
1.03431e+06	0	0	0	0	0	119	0	0	0	0	0	0	0	0	0	0	
1.03506e+06	0	0	0	0	0	139	0	0	0	0	0	0	0	0	0	0	
1.03581e+06	0	0	0	0	0	139	0	0	0	0	0	0	0	0	0	0	
1.03656e+06	0	0	0	0	0	147	0	0	0	0	0	0	0	0	0	0	
1.03731e+06	0	0	0	0	0	125	0	0	0	0	0	0	0	0	0	0	
1.03806e+06	0	0	0	0	0	145	0	0	0	0	0	0	0	0	0	0	
1.03881e+06	0	0	0	0	0	125	0	0	0	0	0	0	0	0	0	0	
1.03956e+06	0	0	0	0	0	135	0	0	0	0	0	0	0	0	0	0	
1.04031e+06	0	0	0	0	0	145	0	0	0	0	0	0	0	0	0	0	
1.04106e+06	0	0	0	0	0	117	0	0	0	0	0	0	0	0	0	0	
1.04181e+06	0	0	0	0	0	131	0	0	0	0	0	0	0	0	0	0	
1.04256e+06	0	0	0	0	0	139	0	0	0	0	0	0	0	0	0	0	
1.04331e+06	0	0	0	0	0	145	0	0	0	0	0	0	0	0	0	0	
1.04406e+06	0	0	0	0	0	149	0	0	0	0	0	0	0	0	0	0	
1.04481e+06	0	0	0	0	0	137	0	0	0	0	0	0	0	0	0	0	
1.04557e+06	0	0	0	0	0	111	0	0	0	0	0	0	0	0	0	0	
1.04632e+06	0	0	0	0	0	115	0	0	0	0	0	0	0	0	0	0	
1.04707e+06	0	0	0	0	0	0	129	0	0	0	0	0	0	0	0	0	
1.04781e+06	0	0	0	0	0	0	119	0	0	0	0	0	0	0	0	0	
1.04857e+06	0	0	0	0	0	137	0	0	0	0	0	0	0	0	0	0	
1.04932e+06	0	0	0	0	0	18	97	0	0	0	0	0	0	0	0	0	
1.05007e+06	0	0	0	0	0	0	109	0	0	0	0	0	0	0	0	0	
1.05082e+06	0	0	0	0	0	0	117	0	0	0	0	0	0	0	0	0	
1.05157e+06	0	0	0	0	0	0	117	0	0	0	0	0	0	0	0	0	
1.05232e+06	0	0	0	0	0	0	107	0	0	0	0	0	0	0	0	0	
1.05307e+06	0	0	0	0	0	0	133	0	0	0	0	0	0	0	0	0	
1.05382e+06	0	0	0	0	0	0	107	0	0	0	0	0	0	0	0	0	
1.05457e+06	0	0	0	0	0	0	129	0	0	0	0	0	0	0	0	0	
1.05531e+06	0	0	0	0	0	0	91	0	0	0	0	0	0	0	0	0	
1.05606e+06	0	0	0	0	0	0	127	0	0	0	0	0	0	0	0	0	
1.05681e+06	0	0	0	0	0	0	109	0	0	0	0	0	0	0	0	0	
1.05756e+06	0	0	0	0	0	0	95	0	0	0	0	0	0	0	0	0	
1.05831e+06	0	0	0	0	0	0	89	26	0	0	0	0	0	0	0	0	
1.05906e+06	0	0	0	0	0	0	117	0	0	0	0	0	0	0	0	0	
1.05981e+06	0	0	0	0	0	0	109	0	0	0	0	0	0	0	0	0	
1.06056e+06	0	0	0	0	0	0	119	0	0	0	0	0	0	0	0	0	
1.06131e+06	0	0	0	0	0	0	123	0	0	0	0	0	0	0	0	0	
1.06206e+06	0	0	0	0	0	0	125	0	0	0	0	0	0	0	0	0	
1.06281e+06	0	0	0	0	0	0	115	0	0	0	0	0	0	0	0	0	
1.06357e+06	0	0	0	0	0	0	109	0	0	0	0	0	0	0	0	0	
1.06431e+06	0	0	0	0	0	0	119	0	0	0	0	0	0	0	0	0	
1.06507e+06	0	0	0	0	0	0	119	0	0	0	0	0	0	0	0	0	
1.06582e+06	0	0	0	0	0	0	123	0	0	0	0	0	0	0	0	0	
1.06657e+06	0	0	0	0	0	0	107	0	0	0	0	0	0	0	0	0	
1.06732e+06	0	0	0	0	0	0	117	0	0	0	0	0	0	0	0	0	
1.06807e+06	0	0	0	0	0	0	107	0	0	0	0	0	0	0	0	0	
1.06883e+06	0	0	0	0	0	0	107	0	0	0	0	0	0	0	0	0	
1.06958e+06	0	0	0	0	0	0	103	0	0	0	0	0	0	0	0	0	
1.07033e+06	0	0	0	0	0	0	107	0	0	0	0	0	0	0	0	0	
1.07108e+06	0	0	0	0	0	0	111	0	0	0	0	0	0	0	0	0	
1.07183e+06	0	0	0	0	0	0	119	0	0	0	0	0	0	0	0	0	
1.07258e+06	0	0	0	0	0	0	103	0	0	0	0	0	0	0	0	0	
1.07333e+06	0	0	0	0	0	0	123	0	0	0	0	0	0	0	0	0	
1.07408e+06	0	0	0	0	0	0	129	0	0	0	0	0	0	0	0	0	
1.07483e+06	0	0	0	0	0	0	105	0	0	0	0	0	0	0	0	0	
1.07558e+06	0	0	0	0	0	0	115	0	0	0	0	0	0	0	0	0	
1.07633e+06	0	0	0	0	0	0	103	0	0	0	0	0	0	0	0	0	
1.07708e+06	0	0	0	0	0	0	119	0	0	0	0	0	0	0	0	0	
1.07783e+06	0	0	0	0	0	0	101	0	0	0	0	0	0	0	0	0	
1.07858e+06	0	0	0	0	0	0	121	0	0	0	0	0	0	0	0	0	
1.07933e+06	0	0	0	0	0	137	0	0	0	0	0	0	0	0	0	0	
1.08008e+06	0	0	0	0	0	133	0	0	0	0	0	0	0	0	0	0	
1.08083e+06	0	0	0	0	0	133	0	0	0	0	0	0	0	0	0	0	
1.08159e+06	0	0	0	0	0	123	0	0	0	0	0	0	0	0	0	0	
1.08233e+06	0	0	0	0	0	141	0	0	0	0	0	0	0	0	0	0	
1.08308e+06	0	0	0	0	0	123	0	0	0	0	0	0	0	0	0	0	
1.08384e+06	0	0	0	0	0	127	0	0	0	0	0	0	0	0	0	0	
1.08459e+06	0	0	0	0	0	145	0	0	0	0	0	0	0	0	0	0	
1.08534e+06	0	0	0	0	0	121	0	0	0	0	0	0	0	0	0	0	
1.08609e+06	0	0	0	0	0	129	0	0	0	0	0	0	0	0	0	0	
1.08684e+06	0	0	0	0	0	121	0	0	0	0	0	0	0	0	0	0	
1.08759e+06	0	0	0	0	5	126	0	0	0	0	0	0	0	0	0	0	
1.08834e+06	0	0	0	0	0	135	0	0	0	0	0	0	0	0	0	0	
1.08909e+06	0	0	0	0	0	139	0	0	0	0	0	0	0	0	0	0	
1.08984e+06	0	0	0	0	0	135	0	0	0	0	0	0	0	0	0	0	
1.09059e+06	0	0	0	0	0	147	0	0	0	0	0	0	0	0	0	0	
1.09134e+06	0	0	0	0	0	145	0	0	0	0	0	0	0	0	0	0	
1.09208e+06	0	0	0	0	0	135	0	0	0	0	0	0	0	0	0	0	
1.09283e+06	0	0	0	0	0	141	0	0	0	0	0	0	0	0	0	0	
1.09358e+06	0	0	0	0	0	137	0	0	0	0	0	0	0	0	0	0	
1.09433e+06	0	0	0	0	0	157	0	0	0	0	0	0	0	0	0	0	
1.09508e+06	0	0	0	0	0	119	0	0	0	0	0	0	0	0	0	0	
1.09583e+06	0	0	0	0	0	123	0	0	0	0	0	0	0	0	0	0	
1.09658e+06	0	0	0	0	0	137	0	0	0	0	0	0	0	0	0	0	
1.09733e+06	0	0	0	0	0	141	0	0	0	0	0	0	0	0	0	0	
1.09808e+06	0	0	0	0	0	117	0	0	0	0	0	0	0	0	0	0	
1.09883e+06	0	0	0	0	0	131	0	0	0	0	0	0	0	0	0	0	
1.09959e+06	0	0	0	0	0	133	0	0	0	0	0	0	0	0	0	0	
1.10034e+06	0	0	0	0	0	153	0	0	0	0	0	0	0	0	0	0	
1.10109e+06	0	0	0	0	0	119	0	0	0	0	0	0	0	0	0	0	
1.10184e+06	0	0	0	0	0	135	0	0	0	0	0	0	0	0	0	0	
1.10259e+06	0	0	0	0	0	137	0	0	0	0	0	0	0	0	0	0	
1.10334e+06	0	0	0	0	0	125	0	0	0	0	0	0	0	0	0	0	
1.10408e+06	0	0	0	0	0	137	0	0	0	0	0	0	0	0	0	0	
1.10483e+06	0	0	0	0	0	143	0	0	0	0	0	0	0	0	0	0	
1.10558e+06	0	0	0	0	0	139	0	0	0	0	0	0	0	0	0	0	
1.10633e+06	0	0	0	0	0	141	0	0	0	0	0	0	0	0	0	0	
1.10708e+06	0	0	0	0	0	145	0	0	0	0	0	0	0	0	0	0	
1.10783e+06	0	0	0	0	0	159	0	0	0	0	0	0	0	0	0	0	
1.10858e+06	0	0	0	0	0	87	30	0	0	0	0	0	0	0	0	0	
1.10933e+06	0	0	0	0	0	127	0	0	0	0	0	0	0	0	0	0	
1.11008e+06	0	0	0	0	0	129	0	0	0	0	0	0	0	0	0	0	
1.11083e+06	0	0	0	0	0	111	0	0	0	0	0	0	0	0	0	0	
1.11158e+06	0	0	0	0	0	155	0	0	0	0	0	0	0	0	0	0	
1.11233e+06	0	0	0	0	0	107	0	0	0	0	0	0	0	0	0	0	
1.11308e+06	0	0	0	0	0	149	0	0	0	0	0	0	0	0	0	0	
1.11383e+06	0	0	0	0	0	151	0	0	0	0	0	0	0	0	0	0	
1.11458e+06	0	0	0	0	0	139	0	0	0	0	0	0	0	0	0	0	
1.11533e+06	0	0	0	0	0	115	0	0	0	0	0	0	0	0	0	0	
1.11609e+06	0	0	0	0	0	143	0	0	0	0	0	0	0	0	0	0	
1.11684e+06	0	0	0	0	0	155	0	0	0	0	0	0	0	0	0	0	
1.11759e+06	0	0	0	0	0	135	0	0	0	0	0	0	0	0	0	0	
1.11834e+06	0	0	0	0	0	133	0	0	0	0	0	0	0	0	0	0	
1.11909e+06	0	0	0	0	0	121	0	0	0	0	0	0	0	0	0	0	
1.11984e+06	0	0	0	0	0	133	0	0	0	0	0	0	0	0	0	0	
1.12059e+06	0	0	0	0	0	113	0	0	0	0	0	0	0	0	0	0	
1.12134e+06	0	0	0	0	0	143	0	0	0	0	0	0	0	0	0	0	
1.1221e+06	0	0	0	0	0	123	0	0	0	0	0	0	0	0	0	0	
1.12285e+06	0	0	0	0	139	0	0	0	0	0	0	0	0	0	0	0	
1.1236e+06	0	0	0	0	167	0	0	0	0	0	0	0	0	0	0	0	
1.12435e+06	0	0	0	0	155	0	0	0	0	0	0	0	0	0	0	0	
1.1251e+06	0	0	0	0	169	0	0	0	0	0	0	0	0	0	0	0	
1.12585e+06	0	0	0	0	135	0	0	0	0	0	0	0	0	0	0	0	
1.1266e+06	0	0	0	0	173	0	0	0	0	0	0	0	0	0	0	0	
1.12735e+06	0	0	0	0	167	0	0	0	0	0	0	0	0	0	0	0	
1.1281e+06	0	0	0	0	169	0	0	0	0	0	0	0	0	0	0	0	
1.12885e+06	0	0	0	0	161	0	0	0	0	0	0	0	0	0	0	0	
1.12961e+06	0	0	0	0	163	0	0	0	0	0	0	0	0	0	0	0	
1.13035e+06	0	0	0	0	165	0	0	0	0	0	0	0	0	0	0	0	
1.1311e+06	0	0	0	0	149	0	0	0	0	0	0	0	0	0	0	0	
1.13185e+06	0	0	0	0	157	0	0	0	0	0	0	0	0	0	0	0	
1.1326e+06	0	0	0	0	151	0	0	0	0	0	0	0	0	0	0	0	
1.13335e+06	0	0	0	0	162	1	0	0	0	0	0	0	0	0	0	0	
1.1341e+06	0	0	0	0	165	0	0	0	0	0	0	0	0	0	0	0	
1.13485e+06	0	0	0	0	155	0	0	0	0	0	0	0	0	0	0	0	
1.1356e+06	0	0	0	0	155	0	0	0	0	0	0	0	0	0	0	0	
1.13635e+06	0	0	0	0	163	0	0	0	0	0	0	0	0	0	0	0	
1.1371e+06	0	0	0	0	137	0	0	0	0	0	0	0	0	0	0	0	
1.13785e+06	0	0	0	0	169	0	0	0	0	0	0	0	0	0	0	0	
1.1386e+06	0	0	0	0	149	0	0	0	0	0	0	0	0	0	0	0	
1.13935e+06	0	0	0	0	167	0	0	0	0	0	0	0	0	0	0	0	
1.1401e+06	0	0	0	179	0	0	0	0	0	0	0	0	0	0	0	0	
1.14085e+06	0	0	0	183	0	0	0	0	0	0	0	0	0	0	0	0	
1.1416e+06	0	0	0	201	0	0	0	0	0	0	0	0	0	0	0	0	
1.14234e+06	0	0	0	185	0	0	0	0	0	0	0	0	0	0	0	0	
1.14309e+06	0	0	0	177	0	0	0	0	0	0	0	0	0	0	0	0	
1.14384e+06	0	0	0	195	0	0	0	0	0	0	0	0	0	0	0	0	
1.14459e+06	0	0	0	213	0	0	0	0	0	0	0	0	0	0	0	0	
1.14535e+06	0	0	0	195	0	0	0	0	0	0	0	0	0	0	0	0	
1.1461e+06	0	0	0	197	0	0	0	0	0	0	0	0	0	0	0	0	
1.14685e+06	0	0	0	201	12	0	0	0	0	0	0	0	0	0	0	0	
1.1476e+06	0	0	0	209	0	0	0	0	0	0	0	0	0	0	0	0	
1.14835e+06	0	0	0	173	0	0	0	0	0	0	0	0	0	0	0	0	
1.14909e+06	0	0	0	0	139	0	0	0	0	0	0	0	0	0	0	0	
1.14984e+06	0	0	0	0	161	0	0	0	0	0	0	0	0	0	0	0	
1.15059e+06	0	0	0	0	177	0	0	0	0	0	0	0	0	0	0	0	
1.15135e+06	0	0	0	0	145	0	0	0	0	0	0	0	0	0	0	0	
1.1521e+06	0	0	0	0	157	0	0	0	0	0	0	0	0	0	0	0	
1.15284e+06	0	0	0	0	171	0	0	0	0	0	0	0	0	0	0	0	
1.1536e+06	0	0	0	0	163	0	0	0	0	0	0	0	0	0	0	0	
1.15435e+06	0	0	0	0	155	0	0	0	0	0	0	0	0	0	0	0	
1.1551e+06	0	0	0	0	157	0	0	0	0	0	0	0	0	0	0	0	
1.15585e+06	0	0	0	0	161	0	0	0	0	0	0	0	0	0	0	0	
1.1566e+06	0	0	0	0	187	0	0	0	0	0	0	0	0	0	0	0	
1.15734e+06	0	0	0	0	149	0	0	0	0	0	0	0	0	0	0	0	
1.15809e+06	0	0	0	0	14	109	0	0	0	0	0	0	0	0	0	0	
1.15884e+06	0	0	0	0	0	123	0	0	0	0	0	0	0	0	0	0	
1.15959e+06	0	0	0	0	0	129	0	0	0	0	0	0	0	0	0	0	
1.16034e+06	0	0	0	0	0	123	0	0	0	0	0	0	0	0	0	0	
1.16109e+06	0	0	0	0	0	135	0	0	0	0	0	0	0	0	0	0	
1.16184e+06	0	0	0	0	0	147	0	0	0	0	0	0	0	0	0	0	
1.16259e+06	0	0	0	0	0	125	0	0	0	0	0	0	0	0	0	0	
1.16333e+06	0	0	0	0	0	131	0	0	0	0	0	0	0	0	0	0	
1.16408e+06	0	0	0	0	0	151	0	0	0	0	0	0	0	0	0	0	
1.16483e+06	0	0	0	0	0	147	0	0	0	0	0	0	0	0	0	0	
1.16558e+06	0	0	0	0	0	135	0	0	0	0	0	0	0	0	0	0	
1.16633e+06	0	0	0	0	6	139	0	0	0	0	0	0	0	0	0	0	
1.16708e+06	0	0	0	0	0	135	0	0	0	0	0	0	0	0	0	0	
1.16782e+06	0	0	0	0	0	137	0	0	0	0	0	0	0	0	0	0	
1.16858e+06	0	0	0	0	0	141	0	0	0	0	0	0	0	0	0	0	
1.16932e+06	0	0	0	0	0	119	0	0	0	0	0	0	0	0	0	0	
1.17008e+06	0	0	0	0	0	135	0	0	0	0	0	0	0	0	0	0	
1.17083e+06	0	0	0	0	0	145	0	0	0	0	0	0	0	0	0	0	
1.17158e+06	0	0	0	0	0	137	0	0	0	0	0	0	0	0	0	0	
1.17233e+06	0	0	0	0	0	133	0	0	0	0	0	0	0	0	0	0	
1.17308e+06	0	0	0	0	0	123	0	0	0	0	0	0	0	0	0	0	
1.17383e+06	0	0	0	0	0	147	0	0	0	0	0	0	0	0	0	0	
1.17459e+06	0	0	0	0	0	123	0	0	0	0	0	0	0	0	0	0	
1.17534e+06	0	0	0	0	0	117	0	0	0	0	0	0	0	0	0	0	
1.17609e+06	0	0	0	0	0	137	0	0	0	0	0	0	0	0	0	0	
1.17684e+06	0	0	0	0	0	155	0	0	0	0	0	0	0	0	0	0	
1.17759e+06	0	0	0	0	0	125	0	0	0	0	0	0	0	0	0	0	
1.17834e+06	0	0	0	0	0	133	0	0	0	0	0	0	0	0	0	0	
1.17909e+06	0	0	0	0	0	165	0	0	0	0	0	0	0	0	0	0	
1.17984e+06	0	0	0	0	0	119	0	0	0	0	0	0	0	0	0	0	
1.18059e+06	0	0	0	0	0	117	0	0	0	0	0	0	0	0	0	0	
1.18134e+06	0	0	0	0	0	121	0	0	0	0	0	0	0	0	0	0	
1.18209e+06	0	0	0	0	3	138	0	0	0	0	0	0	0	0	0	0	
1.18284e+06	0	0	0	0	0	145	0	0	0	0	0	0	0	0	0	0	
1.18359e+06	0	0	0	0	0	115	0	0	0	0	0	0	0	0	0	0	
1.18435e+06	0	0	0	0	0	137	0	0	0	0	0	0	0	0	0	0	
1.18509e+06	0	0	0	0	0	129	0	0	0	0	0	0	0	0	0	0	
1.18585e+06	0	0	0	0	0	143	0	0	0	0	0	0	0	0	0	0	
1.18659e+06	0	0	0	0	0	115	0	0	0	0	0	0	0	0	0	0	
1.18734e+06	0	0	0	0	0	143	0	0	0	0	0	0	0	0	0	0	
1.18809e+06	0	0	0	0	0	129	0	0	0	0	0	0	0	0	0	0	
1.18884e+06	0	0	0	0	0	135	0	0	0	0	0	0	0	0	0	0	
1.18959e+06	0	0	0	0	0	137	0	0	0	0	0	0	0	0	0	0	
1.19034e+06	0	0	0	0	0	145	0	0	0	0	0	0	0	0	0	0	
1.19109e+06	0	0	0	0	0	141	0	0	0	0	0	0	0	0	0	0	
1.19185e+06	0	0	0	0	0	123	0	0	0	0	0	0	0	0	0	0	
1.1926e+06	0	0	0	0	0	111	0	0	0	0	0	0	0	0	0	0	
1.19335e+06	0	0	0	0	0	145	0	0	0	0	0	0	0	0	0	0	
1.1941e+06	0	0	0	0	0	155	0	0	0	0	0	0	0	0	0	0	
1.19485e+06	0	0	0	0	0	143	0	0	0	0	0	0	0	0	0	0	
1.1956e+06	0	0	0	0	0	121	0	0	0	0	0	0	0	0	0	0	
1.19635e+06	0	0	0	0	0	135	0	0	0	0	0	0	0	0	0	0	
1.1971e+06	0	0	0	0	0	113	0	0	0	0	0	0	0	0	0	0	
1.19785e+06	0	0	0	0	0	135	0	0	0	0	0	0	0	0	0	0	
1.1986e+06	0	0	0	0	0	137	0	0	0	0	0	0	0	0	0	0	
1.19935e+06	0	0	0	0	0	151	0	0	0	0	0	0	0	0	0	0	
1.20011e+06	0	0	0	0	0	165	0	0	0	0	0	0	0	0	0	0	
1.20085e+06	0	0	0	0	0	143	0	0	0	0	0	0	0	0	0	0	
1.2016e+06	0	0	0	0	0	131	0	0	0	0	0	0	0	0	0	0	
1.20235e+06	0	0	0	0	0	125	0	0	0	0	0	0	0	0	0	0	
1.20311e+06	0	0	0	0	0	127	0	0	0	0	0	0	0	0	0	0	
1.20386e+06	0	0	0	0	0	133	0	0	0	0	0	0	0	0	0	0	
1.20461e+06	0	0	0	0	0	133	0	0	0	0	0	0	0	0	0	0	
1.20536e+06	0	0	0	0	0	135	0	0	0	0	0	0	0	0	0	0	
1.20611e+06	0	0	0	0	0	129	0	0	0	0	0	0	0	0	0	0	
1.20686e+06	0	0	0	0	0	113	0	0	0	0	0	0	0	0	0	0	
1.20761e+06	0	0	0	0	0	145	0	0	0	0	0	0	0	0	0	0	
1.20836e+06	0	0	0	0	0	117	0	0	0	0	0	0	0	0	0	0	
1.20911e+06	0	0	0	0	0	139	0	0	0	0	0	0	0	0	0	0	
1.20986e+06	0	0	0	0	0	133	0	0	0	0	0	0	0	0	0	0	
1.21061e+06	0	0	0	0	1	136	0	0	0	0	0	0	0	0	0	0	
1.21136e+06	0	0	0	0	0	143	0	0	0	0	0	0	0	0	0	0	
1.21211e+06	0	0	0	0	0	109	0	0	0	0	0	0	0	0	0	0	
1.21286e+06	0	0	0	0	0	145	0	0	0	0	0	0	0	0	0	0	
1.21361e+06	0	0	0	0	0	133	0	0	0	0	0	0	0	0	0	0	
1.21436e+06	0	0	0	0	0	131	0	0	0	0	0	0	0	0	0	0	
1.21511e+06	0	0	0	0	0	137	0	0	0	0	0	0	0	0	0	0	
1.21586e+06	0	0	0	0	0	135	0	0	0	0	0	0	0	0	0	0	
1.21661e+06	0	0	0	0	0	135	0	0	0	0	0	0	0	0	0	0	
1.21736e+06	0	0	0	0	0	127	0	0	0	0	0	0	0	0	0	0	
1.21811e+06	0	0	0	0	0	111	0	0	0	0	0	0	0	0	0	0	
1.21886e+06	0	0	0	0	0	133	0	0	0	0	0	0	0	0	0	0	
1.21961e+06	0	0	0	0	0	109	0	0	0	0	0	0	0	0	0	0	
1.22036e+06	0	0	0	0	3	142	0	0	0	0	0	0	0	0	0	0	
1.22111e+06	0	0	0	0	0	127	0	0	0	0	0	0	0	0	0	0	
1.22186e+06	0	0	0	0	0	121	0	0	0	0	0	0	0	0	0	0	
1.22261e+06	0	0	0	0	0	153	0	0	0	0	0	0	0	0	0	0	
1.22336e+06	0	0	0	0	0	107	0	0	0	0	0	0	0	0	0	0	
1.22411e+06	0	0	0	0	0	135	0	0	0	0	0	0	0	0	0	0	
1.22486e+06	0	0	0	0	0	115	0	0	0	0	0	0	0	0	0	0	
1.2256e+06	0	0	0	0	0	145	0	0	0	0	0	0	0	0	0	0	
1.22635e+06	0	0	0	0	0	129	0	0	0	0	0	0	0	0	0	0	
1.2271e+06	0	0	0	0	0	135	0	0	0	0	0	0	0	0	0	0	
1.22786e+06	0	0	0	0	0	131	0	0	0	0	0	0	0	0	0	0	
1.22861e+06	0	0	0	0	0	127	0	0	0	0	0	0	0	0	0	0	
1.22936e+06	0	0	0	0	0	147	0	0	0	0	0	0	0	0	0	0	
1.23011e+06	0	0	0	0	0	125	0	0	0	0	0	0	0	0	0	0	
1.23086e+06	0	0	0	0	0	123	0	0	0	0	0	0	0	0	0	0	
1.23161e+06	0	0	0	0	0	129	0	0	0	0	0	0	0	0	0	0	
1.23236e+06	0	0	0	0	0	141	0	0	0	0	0	0	0	0	0	0	
1.23311e+06	0	0	0	0	0	125	0	0	0	0	0	0	0	0	0	0	
1.23386e+06	0	0	0	0	0	127	0	0	0	0	0	0	0	0	0	0	
1.2346e+06	0	0	0	0	0	137	0	0	0	0	0	0	0	0	0	0	
1.23535e+06	0	0	0	0	0	129	0	0	0	0	0	0	0	0	0	0	
1.2361e+06	0	0	0	0	0	131	0	0	0	0	0	0	0	0	0	0	
1.23685e+06	0	0	0	0	0	151	0	0	0	0	0	0	0	0	0	0	
1.23761e+06	0	0	0	0	0	133	0	0	0	0	0	0	0	0	0	0	
1.23836e+06	0	0	0	0	0	147	0	0	0	0	0	0	0	0	0	0	
1.23911e+06	0	0	0	0	0	141	0	0	0	0	0	0	0	0	0	0	
1.23986e+06	0	0	0	0	0	149	0	0	0	0	0	0	0	0	0	0	
1.24061e+06	0	0	0	0	0	131	0	0	0	0	0	0	0	0	0	0	
1.24135e+06	0	0	0	0	0	117	0	0	0	0	0	0	0	0	0	0	
1.2421e+06	0	0	0	0	0	133	0	0	0	0	0	0	0	0	0	0	
1.24285e+06	0	0	0	0	0	127	0	0	0	0	0	0	0	0	0	0	
1.2436e+06	0	0	0	0	0	127	0	0	0	0	0	0	0	0	0	0	
1.24436e+06	0	0	0	0	0	147	0	0	0	0	0	0	0	0	0	0	
1.2451e+06	0	0	0	0	0	157	0	0	0	0	0	0	0	0	0	0	
1.24585e+06	0	0	0	0	0	121	0	0	0	0	0	0	0	0	0	0	
1.2466e+06	0	0	0	0	0	137	0	0	0	0	0	0	0	0	0	0	
1.24735e+06	0	0	0	0	0	153	0	0	0	0	0	0	0	0	0	0	
1.2481e+06	0	0	0	0	0	137	0	0	0	0	0	0	0	0	0	0	
1.24885e+06	0	0	0	0	0	159	0	0	0	0	0	0	0	0	0	0	
1.24959e+06	0	0	0	0	0	119	0	0	0	0	0	0	0	0	0	0	
1.25035e+06	0	0	0	0	0	129	0	0	0	0	0	0	0	0	0	0	
1.2511e+06	0	0	0	0	0	151	0	0	0	0	0	0	0	0	0	0	
1.25185e+06	0	0	0	0	0	111	0	0	0	0	0	0	0	0	0	0	
1.2526e+06	0	0	0	0	0	131	0	0	0	0	0	0	0	0	0	0	
1.25335e+06	0	0	0	0	0	141	0	0	0	0	0	0	0	0	0	0	
1.2541e+06	0	0	0	0	0	143	0	0	0	0	0	0	0	0	0	0	
1.25485e+06	0	0	0	0	0	133	0	0	0	0	0	0	0	0	0	0	
1.2556e+06	0	0	0	0	0	119	0	0	0	0	0	0	0	0	0	0	
1.25635e+06	0	0	0	0	0	127	0	0	0	0	0	0	0	0	0	0	
1.2571e+06	0	0	0	0	0	137	0	0	0	0	0	0	0	0	0	0	
1.25785e+06	0	0	0	0	9	118	0	0	0	0	0	0	0	0	0	0	
1.2586e+06	0	0	0	0	0	139	0	0	0	0	0	0	0	0	0	0	
1.25935e+06	0	0	0	0	0	143	0	0	0	0	0	0	0	0	0	0	
1.2601e+06	0	0	0	0	0	121	0	0	0	0	0	0	0	0	0	0	
1.26085e+06	0	0	0	0	0	141	0	0	0	0	0	0	0	0	0	0	
1.2616e+06	0	0	0	0	0	135	0	0	0	0	0	0	0	0	0	0	
1.26235e+06	0	0	0	0	0	161	0	0	0	0	0	0	0	0	0	0	
1.2631e+06	0	0	0	0	0	133	0	0	0	0	0	0	0	0	0	0	
1.26385e+06	0	0	0	0	0	137	0	0	0	0	0	0	0	0	0	0	
1.2646e+06	0	0	0	0	0	165	0	0	0	0	0	0	0	0	0	0	
1.26535e+06	0	0	0	0	0	119	0	0	0	0	0	0	0	0	0	0	
1.2661e+06	0	0	0	0	0	121	0	0	0	0	0	0	0	0	0	0	
1.26685e+06	0	0	0	0	0	143	0	0	0	0	0	0	0	0	0	0	
1.2676e+06	0	0	0	0	0	125	0	0	0	0	0	0	0	0	0	0	
1.26835e+06	0	0	0	0	0	153	0	0	0	0	0	0	0	0	0	0	
1.2691e+06	0	0	0	0	0	141	0	0	0	0	0	0	0	0	0	0	
1.26985e+06	0	0	0	0	0	123	0	0	0	0	0	0	0	0	0	0	
1.2706e+06	0	0	0	0	0	125	0	0	0	0	0	0	0	0	0	0	
1.27135e+06	0	0	0	0	0	123	0	0	0	0	0	0	0	0	0	0	
1.2721e+06	0	0	0	0	0	163	0	0	0	0	0	0	0	0	0	0	
1.27285e+06	0	0	0	0	0	125	0	0	0	0	0	0	0	0	0	0	
1.2736e+06	0	0	0	0	0	155	0	0	0	0	0	0	0	0	0	0	
1.27435e+06	0	0	0	0	0	139	0	0	0	0	0	0	0	0	0	0	
1.2751e+06	0	0	0	0	0	127	0	0	0	0	0	0	0	0	0	0	
1.27585e+06	0	0	0	0	0	137	0	0	0	0	0	0	0	0	0	0	
1.2766e+06	0	0	0	0	0	127	0	0	0	0	0	0	0	0	0	0	
1.27735e+06	0	0	0	0	0	139	0	0	0	0	0	0	0	0	0	0	
1.2781e+06	0	0	0	0	0	145	0	0	0	0	0	0	0	0	0	0	
1.27885e+06	0	0	0	0	0	141	0	0	0	0	0	0	0	0	0	0	
1.2796e+06	0	0	0	0	0	149	0	0	0	0	0	0	0	0	0	0	
1.28035e+06	0	0	0	0	0	131	0	0	0	0	0	0	0	0	0	0	
1.2811e+06	0	0	0	0	0	119	0	0	0	0	0	0	0	0	0	0	
1.28185e+06	0	0	0	0	0	145	0	0	0	0	0	0	0	0	0	0	
1.28261e+06	0	0	0	0	0	129	0	0	0	0	0	0	0	0	0	0	
1.28336e+06	0	0	0	0	0	137	0	0	0	0	0	0	0	0	0	0	
1.2841e+06	0	0	0	0	0	127	0	0	0	0	0	0	0	0	0	0	
1.28485e+06	0	0	0	0	0	139	0	0	0	0	0	0	0	0	0	0	
1.28561e+06	0	0	0	0	0	133	0	0	0	0	0	0	0	0	0	0	
1.28636e+06	0	0	0	0	0	135	0	0	0	0	0	0	0	0	0	0	
1.28711e+06	0	0	0	0	0	121	0	0	0	0	0	0	0	0	0	0	
1.28786e+06	0	0	0	0	0	119	0	0	0	0	0	0	0	0	0	0	
1.28861e+06	0	0	0	0	0	135	0	0	0	0	0	0	0	0	0	0	
1.28936e+06	0	0	0	0	0	157	0	0	0	0	0	0	0	0	0	0	
1.2901e+06	0	0	0	0	0	139	0	0	0	0	0	0	0	0	0	0	
1.29085e+06	0	0	0	0	0	133	0	0	0	0	0	0	0	0	0	0	
1.2916e+06	0	0	0	0	0	117	0	0	0	0	0	0	0	0	0	0	
1.29235e+06	0	0	0	0	0	151	0	0	0	0	0	0	0	0	0	0	
1.2931e+06	0	0	0	0	0	135	0	0	0	0	0	0	0	0	0	0	
1.29386e+06	0	0	0	0	0	119	0	0	0	0	0	0	0	0	0	0	
1.29461e+06	0	0	0	0	0	133	0	0	0	0	0	0	0	0	0	0	
1.29536e+06	0	0	0	0	0	141	0	0	0	0	0	0	0	0	0	0	
1.29611e+06	0	0	0	0	0	115	0	0	0	0	0	0	0	0	0	0	
1.29686e+06	0	0	0	0	0	137	0	0	0	0	0	0	0	0	0	0	
1.29761e+06	0	0	0	0	0	129	0	0	0	0	0	0	0	0	0	0	
1.29836e+06	0	0	0	0	0	145	0	0	0	0	0	0	0	0	0	0	
1.29911e+06	0	0	0	0	0	131	0	0	0	0	0	0	0	0	0	0	
1.29986e+06	0	0	0	0	0	139	0	0	0	0	0	0	0	0	0	0	
1.30061e+06	0	0	0	0	0	127	0	0	0	0	0	0	0	0	0	0	
1.30136e+06	0	0	0	0	0	135	0	0	0	0	0	0	0	0	0	0	
1.30211e+06	0	0	0	0	0	129	0	0	0	0	0	0	0	0	0	0	
1.30286e+06	0	0	0	0	4	127	0	0	0	0	0	0	0	0	0	0	
1.30361e+06	0	0	0	0	0	123	0	0	0	0	0	0	0	0	0	0	
1.30436e+06	0	0	0	0	0	66	67	0	0	0	0	0	0	0	0	0	
1.30511e+06	0	0	0	0	0	153	0	0	0	0	0	0	0	0	0	0	
1.30586e+06	0	0	0	0	0	143	0	0	0	0	0	0	0	0	0	0	
1.30661e+06	0	0	0	0	0	115	0	0	0	0	0	0	0	0	0	0	
1.30737e+06	0	0	0	0	0	129	0	0	0	0	0	0	0	0	0	0	
1.30811e+06	0	0	0	0	0	147	0	0	0	0	0	0	0	0	0	0	
1.30886e+06	0	0	0	0	0	143	0	0	0	0	0	0	0	0	0	0	
1.30962e+06	0	0	0	0	0	147	0	0	0	0	0	0	0	0	0	0	
1.31037e+06	0	0	0	0	0	139	0	0	0	0	0	0	0	0	0	0	
1.31112e+06	0	0	0	0	0	121	0	0	0	0	0	0	0	0	0	0	
1.31187e+06	0	0	0	0	0	133	0	0	0	0	0	0	0	0	0	0	
1.31262e+06	0	0	0	0	0	125	0	0	0	0	0	0	0	0	0	0	
1.31337e+06	0	0	0	0	0	135	0	0	0	0	0	0	0	0	0	0	
1.31411e+06	0	0	0	0	0	131	0	0	0	0	0	0	0	0	0	0	
1.31486e+06	0	0	0	0	0	137	0	0	0	0	0	0	0	0	0	0	
1.31561e+06	0	0	0	0	0	153	0	0	0	0	0	0	0	0	0	0	
1.31636e+06	0	0	0	0	0	133	0	0	0	0	0	0	0	0	0	0	
1.31711e+06	0	0	0	0	0	119	0	0	0	0	0	0	0	0	0	0	
1.31786e+06	0	0	0	0	0	127	0	0	0	0	0	0	0	0	0	0	
1.31861e+06	0	0	0	0	0	139	0	0	0	0	0	0	0	0	0	0	
1.31936e+06	0	0	0	0	0	123	0	0	0	0	0	0	0	0	0	0	
1.32011e+06	0	0	0	0	0	131	0	0	0	0	0	0	0	0	0	0	
1.32086e+06	0	0	0	0	0	127	0	0	0	0	0	0	0	0	0	0	
1.32161e+06	0	0	0	0	0	131	0	0	0	0	0	0	0	0	0	0	
1.32236e+06	0	0	0	0	0	143	0	0	0	0	0	0	0	0	0	0	
1.32311e+06	0	0	0	0	0	143	0	0	0	0	0	0	0	0	0	0	
1.32386e+06	0	0	0	0	0	131	0	0	0	0	0	0	0	0	0	0	
1.32461e+06	0	0	0	0	0	103	0	0	0	0	0	0	0	0	0	0	
1.32536e+06	0	0	0	0	0	137	0	0	0	0	0	0	0	0	0	0	
1.32611e+06	0	0	0	0	0	121	0	0	0	0	0	0	0	0	0	0	
1.32686e+06	0	0	0	0	0	141	0	0	0	0	0	0	0	0	0	0	
1.32761e+06	0	0	0	0	0	133	0	0	0	0	0	0	0	0	0	0	
1.32836e+06	0	0	0	0	0	121	0	0	0	0	0	0	0	0	0	0	
1.32911e+06	0	0	0	0	0	133	0	0	0	0	0	0	0	0	0	0	
1.32986e+06	0	0	0	0	0	121	0	0	0	0	0	0	0	0	0	0	
1.33061e+06	0	0	0	0	0	133	0	0	0	0	0	0	0	0	0	0	
1.33136e+06	0	0	0	0	0	121	0	0	0	0	0	0	0	0	0	0	
1.33211e+06	0	0	0	0	0	135	0	0	0	0	0	0	0	0	0	0	
1.33286e+06	0	0	0	0	0	123	0	0	0	0	0	0	0	0	0	0	
1.33361e+06	0	0	0	0	0	141	0	0	0	0	0	0	0	0	0	0	
1.33436e+06	0	0	0	0	0	149	0	0	0	0	0	0	0	0	0	0	
1.33511e+06	0	0	0	0	0	161	0	0	0	0	0	0	0	0	0	0	
1.33586e+06	0	0	0	0	0	143	0	0	0	0	0	0	0	0	0	0	
1.33661e+06	0	0	0	0	0	119	0	0	0	0	0	0	0	0	0	0	
1.33736e+06	0	0	0	0	0	147	0	0	0	0	0	0	0	0	0	0	
1.33811e+06	0	0	0	0	0	125	0	0	0	0	0	0	0	0	0	0	
1.33886e+06	0	0	0	0	0	135	0	0	0	0	0	0	0	0	0	0	
1.3396e+06	0	0	0	0	0	121	0	0	0	0	0	0	0	0	0	0	
1.34036e+06	0	0	0	0	0	133	0	0	0	0	0	0	0	0	0	0	
1.34111e+06	0	0	0	0	0	145	0	0	0	0	0	0	0	0	0	0	
1.34186e+06	0	0	0	0	0	123	0	0	0	0	0	0	0	0	0	0	
1.34261e+06	0	0	0	0	0	135	0	0	0	0	0	0	0	0	0	0	
1.34335e+06	0	0	0	0	0	133	0	0	0	0	0	0	0	0	0	0	
1.3441e+06	0	0	0	0	0	125	0	0	0	0	0	0	0	0	0	0	
1.34485e+06	0	0	0	0	2	139	0	0	0	0	0	0	0	0	0	0	
1.3456e+06	0	0	0	0	0	133	0	0	0	0	0	0	0	0	0	0	
1.34635e+06	0	0	0	0	0	115	0	0	0	0	0	0	0	0	0	0	
1.3471e+06	0	0	0	0	0	141	0	0	0	0	0	0	0	0	0	0	
1.34786e+06	0	0	0	0	0	145	0	0	0	0	0	0	0	0	0	0	
1.34861e+06	0	0	0	0	0	145	0	0	0	0	0	0	0	0	0	0	
1.34936e+06	0	0	0	0	0	121	0	0	0	0	0	0	0	0	0	0	
1.35011e+06	0	0	0	0	0	127	0	0	0	0	0	0	0	0	0	0	
1.35086e+06	0	0	0	0	0	161	0	0	0	0	0	0	0	0	0	0	
1.3516e+06	0	0	0	0	0	151	0	0	0	0	0	0	0	0	0	0	
1.35235e+06	0	0	0	0	0	145	0	0	0	0	0	0	0	0	0	0	
1.35311e+06	0	0	0	0	7	138	0	0	0	0	0	0	0	0	0	0	
1.35386e+06	0	0	0	0	0	147	0	0	0	0	0	0	0	0	0	0	
1.35461e+06	0	0	0	0	0	131	0	0	0	0	0	0	0	0	0	0	
1.35536e+06	0	0	0	0	0	149	0	0	0	0	0	0	0	0	0	0	
1.35611e+06	0	0	0	0	0	119	0	0	0	0	0	0	0	0	0	0	
1.35685e+06	0	0	0	0	0	133	0	0	0	0	0	0	0	0	0	0	
1.3576e+06	0	0	0	0	0	149	0	0	0	0	0	0	0	0	0	0	
1.35835e+06	0	0	0	0	0	155	0	0	0	0	0	0	0	0	0	0	
1.3591e+06	0	0	0	0	0	139	0	0	0	0	0	0	0	0	0	0	
1.35984e+06	0	0	0	0	0	167	0	0	0	0	0	0	0	0	0	0	
1.3606e+06	0	0	0	0	0	137	0	0	0	0	0	0	0	0	0	0	
1.36135e+06	0	0	0	0	0	135	0	0	0	0	0	0	0	0	0	0	
1.3621e+06	0	0	0	0	0	133	0	0	0	0	0	0	0	0	0	0	
1.36285e+06	0	0	0	0	0	135	0	0	0	0	0	0	0	0	0	0	
1.3636e+06	0	0	0	0	0	151	0	0	0	0	0	0	0	0	0	0	
1.36435e+06	0	0	0	0	0	145	0	0	0	0	0	0	0	0	0	0	
1.3651e+06	0	0	0	0	0	147	0	0	0	0	0	0	0	0	0	0	
1.36585e+06	0	0	0	0	0	131	0	0	0	0	0	0	0	0	0	0	
1.36661e+06	0	0	0	0	0	131	0	0	0	0	0	0	0	0	0	0	
1.36736e+06	0	0	0	0	0	135	0	0	0	0	0	0	0	0	0	0	
1.36811e+06	0	0	0	0	0	125	0	0	0	0	0	0	0	0	0	0	
1.36886e+06	0	0	0	0	0	141	0	0	0	0	0	0	0	0	0	0	
1.36961e+06	0	0	0	0	0	137	0	0	0	0	0	0	0	0	0	0	
1.37036e+06	0	0	0	0	0	139	0	0	0	0	0	0	0	0	0	0	
1.37111e+06	0	0	0	0	0	151	0	0	0	0	0	0	0	0	0	0	
1.37185e+06	0	0	0	0	0	139	0	0	0	0	0	0	0	0	0	0	
1.37261e+06	0	0	0	0	0	133	0	0	0	0	0	0	0	0	0	0	
1.37335e+06	0	0	0	0	0	135	0	0	0	0	0	0	0	0	0	0	
1.3741e+06	0	0	0	0	0	121	0	0	0	0	0	0	0	0	0	0	
1.37485e+06	0	0	0	0	0	125	0	0	0	0	0	0	0	0	0	0	
1.3756e+06	0	0	0	0	163	0	0	0	0	0	0	0	0	0	0	0	
1.37636e+06	0	0	0	0	0	147	0	0	0	0	0	0	0	0	0	0	
1.37711e+06	0	0	0	0	0	137	0	0	0	0	0	0	0	0	0	0	
1.37786e+06	0	0	0	0	0	133	0	0	0	0	0	0	0	0	0	0	
1.37861e+06	0	0	0	0	0	157	0	0	0	0	0	0	0	0	0	0	
1.37936e+06	0	0	0	0	0	141	0	0	0	0	0	0	0	0	0	0	
1.38011e+06	0	0	0	0	0	151	0	0	0	0	0	0	0	0	0	0	
1.38085e+06	0	0	0	0	0	111	0	0	0	0	0	0	0	0	0	0	
1.38161e+06	0	0	0	0	70	71	0	0	0	0	0	0	0	0	0	0	
1.38235e+06	0	0	0	0	0	119	0	0	0	0	0	0	0	0	0	0	
1.38311e+06	0	0	0	0	0	137	0	0	0	0	0	0	0	0	0	0	
1.38385e+06	0	0	0	0	0	137	0	0	0	0	0	0	0	0	0	0	
1.3846e+06	0	0	0	0	0	145	0	0	0	0	0	0	0	0	0	0	
1.38535e+06	0	0	0	0	0	139	0	0	0	0	0	0	0	0	0	0	
1.3861e+06	0	0	0	0	0	125	0	0	0	0	0	0	0	0	0	0	
1.38685e+06	0	0	0	0	0	123	0	0	0	0	0	0	0	0	0	0	
1.3876e+06	0	0	0	0	0	129	0	0	0	0	0	0	0	0	0	0	
1.38835e+06	0	0	0	0	23	112	0	0	0	0	0	0	0	0	0	0	
1.3891e+06	0	0	0	0	0	125	0	0	0	0	0	0	0	0	0	0	
1.38984e+06	0	0	0	0	0	141	0	0	0	0	0	0	0	0	0	0	
1.39059e+06	0	0	0	0	0	139	0	0	0	0	0	0	0	0	0	0	
1.39135e+06	0	0	0	0	0	145	0	0	0	0	0	0	0	0	0	0	
1.39209e+06	0	0	0	0	0	121	0	0	0	0	0	0	0	0	0	0	
1.39284e+06	0	0	0	0	0	137	0	0	0	0	0	0	0	0	0	0	
1.3936e+06	0	0	0	0	0	139	0	0	0	0	0	0	0	0	0	0	
1.39435e+06	0	0	0	0	145	0	0	0	0	0	0	0	0	0	0	0	
1.3951e+06	0	0	0	0	161	0	0	0	0	0	0	0	0	0	0	0	
1.39585e+06	0	0	0	0	121	0	0	0	0	0	0	0	0	0	0	0	
1.3966e+06	0	0	0	0	165	0	0	0	0	0	0	0	0	0	0	0	
1.39735e+06	0	0	0	0	149	0	0	0	0	0	0	0	0	0	0	0	
1.3981e+06	0	0	0	0	149	0	0	0	0	0	0	0	0	0	0	0	
1.39885e+06	0	0	0	0	163	0	0	0	0	0	0	0	0	0	0	0	
1.3996e+06	0	0	0	0	161	0	0	0	0	0	0	0	0	0	0	0	
1.40035e+06	0	0	0	0	171	0	0	0	0	0	0	0	0	0	0	0	
1.4011e+06	0	0	0	0	149	0	0	0	0	0	0	0	0	0	0	0	
1.40185e+06	0	0	0	0	167	0	0	0	0	0	0	0	0	0	0	0	
1.4026e+06	0	0	0	0	155	0	0	0	0	0	0	0	0	0	0	0	
1.40335e+06	0	0	0	0	0	149	0	0	0	0	0	0	0	0	0	0	
1.4041e+06	0	0	0	0	0	143	0	0	0	0	0	0	0	0	0	0	
1.40485e+06	0	0	0	0	0	157	0	0	0	0	0	0	0	0	0	0	
1.4056e+06	0	0	0	0	0	127	0	0	0	0	0	0	0	0	0	0	
1.40635e+06	0	0	0	0	0	115	0	0	0	0	0	0	0	0	0	0	
1.4071e+06	0	0	0	0	0	125	0	0	0	0	0	0	0	0	0	0	
1.40786e+06	0	0	0	0	0	139	0	0	0	0	0	0	0	0	0	0	
1.4086e+06	0	0	0	0	0	131	0	0	0	0	0	0	0	0	0	0	
1.40936e+06	0	0	0	0	0	123	0	0	0	0	0	0	0	0	0	0	
1.41011e+06	0	0	0	0	0	123	0	0	0	0	0	0	0	0	0	0	
1.41086e+06	0	0	0	0	0	135	0	0	0	0	0	0	0	0	0	0	
1.41161e+06	0	0	0	0	0	129	0	0	0	0	0	0	0	0	0	0	
1.41236e+06	0	0	0	0	0	131	0	0	0	0	0	0	0	0	0	0	
1.41311e+06	0	0	0	0	0	133	0	0	0	0	0	0	0	0	0	0	
1.41386e+06	0	0	0	0	0	135	0	0	0	0	0	0	0	0	0	0	
1.41461e+06	0	0	0	0	0	139	0	0	0	0	0	0	0	0	0	0	
1.41536e+06	0	0	0	0	0	151	0	0	0	0	0	0	0	0	0	0	
1.41611e+06	0	0	0	0	0	133	0	0	0	0	0	0	0	0	0	0	
1.41686e+06	0	0	0	0	0	127	0	0	0	0	0	0	0	0	0	0	
1.41761e+06	0	0	0	0	0	137	0	0	0	0	0	0	0	0	0	0	
1.41836e+06	0	0	0	0	0	133	0	0	0	0	0	0	0	0	0	0	
1.41911e+06	0	0	0	0	0	131	0	0	0	0	0	0	0	0	0	0	
1.41986e+06	0	0	0	0	0	147	0	0	0	0	0	0	0	0	0	0	
1.42061e+06	0	0	0	0	0	131	0	0	0	0	0	0	0	0	0	0	
1.42136e+06	0	0	0	0	0	143	0	0	0	0	0	0	0	0	0	0	
1.42211e+06	0	0	0	0	0	131	0	0	0	0	0	0	0	0	0	0	
1.42286e+06	0	0	0	0	0	123	0	0	0	0	0	0	0	0	0	0	
1.42361e+06	0	0	0	0	0	145	0	0	0	0	0	0	0	0	0	0	
1.42437e+06	0	0	0	0	0	165	0	0	0	0	0	0	0	0	0	0	
1.42512e+06	0	0	0	0	0	125	0	0	0	0	0	0	0	0	0	0	
1.42587e+06	0	0	0	0	0	139	0	0	0	0	0	0	0	0	0	0	
1.42662e+06	0	0	0	0	0	145	0	0	0	0	0	0	0	0	0	0	
1.42737e+06	0	0	0	0	0	139	0	0	0	0	0	0	0	0	0	0	
1.42812e+06	0	0	0	0	0	133	0	0	0	0	0	0	0	0	0	0	
1.42887e+06	0	0	0	0	0	117	0	0	0	0	0	0	0	0	0	0	
1.42962e+06	0	0	0	0	0	129	0	0	0	0	0	0	0	0	0	0	
1.43037e+06	0	0	0	0	0	145	0	0	0	0	0	0	0	0	0	0	
1.43112e+06	0	0	0	0	0	115	0	0	0	0	0	0	0	0	0	0	
1.43187e+06	0	0	0	0	0	139	0	0	0	0	0	0	0	0	0	0	
1.43262e+06	0	0	0	0	0	135	0	0	0	0	0	0	0	0	0	0	
1.43337e+06	0	0	0	0	0	123	0	0	0	0	0	0	0	0	0	0	
1.43412e+06	0	0	0	0	0	139	0	0	0	0	0	0	0	0	0	0	
1.43487e+06	0	0	0	0	0	135	0	0	0	0	0	0	0	0	0	0	
1.43562e+06	0	0	0	0	54	71	0	0	0	0	0	0	0	0	0	0	
1.43637e+06	0	0	0	0	0	143	0	0	0	0	0	0	0	0	0	0	
1.43712e+06	0	0	0	0	0	129	0	0	0	0	0	0	0	0	0	0	
1.43787e+06	0	0	0	0	0	133	0	0	0	0	0	0	0	0	0	0	
1.43862e+06	0	0	0	0	0	131	0	0	0	0	0	0	0	0	0	0	
1.43937e+06	0	0	0	0	0	125	0	0	0	0	0	0	0	0	0	0	
1.44012e+06	0	0	0	0	0	141	0	0	0	0	0	0	0	0	0	0	
1.44086e+06	0	0	0	0	0	129	0	0	0	0	0	0	0	0	0	0	
1.44161e+06	0	0	0	0	0	135	0	0	0	0	0	0	0	0	0	0	
1.44236e+06	0	0	0	0	0	137	0	0	0	0	0	0	0	0	0	0	
1.44311e+06	0	0	0	0	0	113	0	0	0	0	0	0	0	0	0	0	
1.44386e+06	0	0	0	0	0	139	0	0	0	0	0	0	0	0	0	0	
1.44461e+06	0	0	0	0	0	117	0	0	0	0	0	0	0	0	0	0	
1.44537e+06	0	0	0	0	0	149	0	0	0	0	0	0	0	0	0	0	
1.44612e+06	0	0	0	0	0	0	109	0	0	0	0	0	0	0	0	0	
1.44686e+06	0	0	0	0	0	0	117	0	0	0	0	0	0	0	0	0	
1.44761e+06	0	0	0	0	0	0	0	83	0	0	0	0	0	0	0	0	
1.44836e+06	0	0	0	0	0	0	0	99	0	0	0	0	0	0	0	0	
1.44911e+06	0	0	0	0	0	0	0	113	0	0	0	0	0	0	0	0	
1.44986e+06	0	0	0	0	0	0	0	93	0	0	0	0	0	0	0	0	
1.45061e+06	0	0	0	0	0	0	0	113	0	0	0	0	0	0	0	0	
1.45136e+06	0	0	0	0	0	0	0	105	0	0	0	0	0	0	0	0	
1.45211e+06	0	0	0	0	0	0	0	111	0	0	0	0	0	0	0	0	
1.45287e+06	0	0	0	0	0	0	0	111	0	0	0	0	0	0	0	0	
1.45362e+06	0	0	0	0	0	0	0	105	0	0	0	0	0	0	0	0	
1.45437e+06	0	0	0	0	0	0	0	95	0	0	0	0	0	0	0	0	
1.45512e+06	0	0	0	0	0	0	0	97	0	0	0	0	0	0	0	0	
1.45587e+06	0	0	0	0	0	56	77	0	0	0	0	0	0	0	0	0	
1.45662e+06	0	0	0	0	0	0	111	0	0	0	0	0	0	0	0	0	
1.45737e+06	0	0	0	0	0	0	105	0	0	0	0	0	0	0	0	0	
1.45812e+06	0	0	0	0	0	0	0	109	0	0	0	0	0	0	0	0	
1.45887e+06	0	0	0	0	0	0	0	91	0	0	0	0	0	0	0	0	
1.45962e+06	0	0	0	0	0	0	0	109	0	0	0	0	0	0	0	0	
1.46037e+06	0	0	0	0	0	0	0	0	93	0	0	0	0	0	0	0	
1.46112e+06	0	0	0	0	0	0	0	0	95	0	0	0	0	0	0	0	
1.46187e+06	0	0	0	0	0	0	0	0	91	0	0	0	0	0	0	0	
1.46261e+06	0	0	0	0	0	0	0	0	93	0	0	0	0	0	0	0	
1.46336e+06	0	0	0	0	0	0	0	0	77	0	0	0	0	0	0	0	
1.46411e+06	0	0	0	0	0	0	0	0	85	0	0	0	0	0	0	0	
1.46486e+06	0	0	0	0	0	0	0	0	85	0	0	0	0	0	0	0	
1.46561e+06	0	0	0	0	0	0	0	0	89	0	0	0	0	0	0	0	
1.46637e+06	0	0	0	0	0	0	0	0	81	0	0	0	0	0	0	0	
1.46712e+06	0	0	0	0	0	0	0	0	103	0	0	0	0	0	0	0	
1.46786e+06	0	0	0	0	0	0	0	0	95	0	0	0	0	0	0	0	
1.46862e+06	0	0	0	0	0	0	0	0	97	0	0	0	0	0	0	0	
1.46937e+06	0	0	0	0	0	0	0	0	75	0	0	0	0	0	0	0	
1.47012e+06	0	0	0	0	0	0	0	0	95	0	0	0	0	0	0	0	
1.47087e+06	0	0	0	0	0	0	0	0	97	0	0	0	0	0	0	0	
1.47162e+06	0	0	0	0	0	0	0	0	83	0	0	0	0	0	0	0	
1.47237e+06	0	0	0	0	0	0	0	0	101	0	0	0	0	0	0	0	
1.47312e+06	0	0	0	0	0	0	0	111	0	0	0	0	0	0	0	0	
1.47387e+06	0	0	0	0	0	0	0	107	0	0	0	0	0	0	0	0	
1.47462e+06	0	0	0	0	0	0	0	103	0	0	0	0	0	0	0	0	
1.47537e+06	0	0	0	0	0	0	0	85	0	0	0	0	0	0	0	0	
1.47612e+06	0	0	0	0	0	0	0	95	0	0	0	0	0	0	0	0	
1.47688e+06	0	0	0	0	0	0	0	107	0	0	0	0	0	0	0	0	
1.47762e+06	0	0	0	0	0	0	0	0	97	0	0	0	0	0	0	0	
1.47838e+06	0	0	0	0	0	0	0	0	81	0	0	0	0	0	0	0	
1.47912e+06	0	0	0	0	0	0	0	0	77	0	0	0	0	0	0	0	
1.47987e+06	0	0	0	0	0	0	0	0	89	0	0	0	0	0	0	0	
1.48063e+06	0	0	0	0	0	0	0	0	99	0	0	0	0	0	0	0	
1.48138e+06	0	0	0	0	0	0	0	0	87	0	0	0	0	0	0	0	
1.48213e+06	0	0	0	0	0	0	0	0	99	0	0	0	0	0	0	0	
1.48287e+06	0	0	0	0	0	0	0	0	77	0	0	0	0	0	0	0	
1.48362e+06	0	0	0	0	0	0	0	0	93	0	0	0	0	0	0	0	
1.48437e+06	0	0	0	0	0	0	0	0	0	81	0	0	0	0	0	0	
1.48512e+06	0	0	0	0	0	0	0	0	0	71	0	0	0	0	0	0	
1.48587e+06	0	0	0	0	0	0	0	0	0	63	0	0	0	0	0	0	
1.48662e+06	0	0	0	0	0	0	0	0	0	67	0	0	0	0	0	0	
1.48737e+06	0	0	0	0	0	0	0	0	0	67	0	0	0	0	0	0	
1.48812e+06	0	0	0	0	0	0	0	0	0	83	0	0	0	0	0	0	
1.48887e+06	0	0	0	0	0	0	0	0	0	83	0	0	0	0	0	0	
1.48962e+06	0	0	0	0	0	0	0	0	0	75	0	0	0	0	0	0	
1.49037e+06	0	0	0	0	0	0	0	0	0	81	0	0	0	0	0	0	
1.49111e+06	0	0	0	0	0	0	0	0	0	83	0	0	0	0	0	0	
1.49186e+06	0	0	0	0	0	0	0	0	0	71	0	0	0	0	0	0	
1.49261e+06	0	0	0	0	0	0	0	0	0	75	0	0	0	0	0	0	
1.49337e+06	0	0	0	0	0	0	0	0	0	0	71	0	0	0	0	0	
1.49412e+06	0	0	0	0	0	0	0	0	0	0	81	0	0	0	0	0	
1.49486e+06	0	0	0	0	0	0	0	0	0	0	71	0	0	0	0	0	
1.49561e+06	0	0	0	0	0	0	0	0	0	0	93	0	0	0	0	0	
1.49636e+06	0	0	0	0	0	0	0	0	0	0	73	0	0	0	0	0	
1.49711e+06	0	0	0	0	0	0	0	0	0	0	69	0	0	0	0	0	
1.49786e+06	0	0	0	0	0	0	0	0	0	0	0	71	0	0	0	0	
1.49861e+06	0	0	0	0	0	0	0	0	0	0	0	43	0	0	0	0	
1.49936e+06	0	0	0	0	0	0	0	0	0	0	0	69	0	0	0	0	
1.50011e+06	0	0	0	0	0	0	0	0	0	0	0	0	67	0	0	0	
1.50011e+06	0	0	0	0	0	0	0	0	0	0	0	0	67	0	0	0	
