Time	s0	s1	s2	s3	s4	s5	s6	s7	s8	s9	s10	s11	s12	s13	s14	s15	
0	0	0	0	0	0	0	0	0	0	0	0	0	0	0	0	200	
0.0016864	0	0	0	0	0	0	0	0	0	0	0	0	0	0	0	199	
748.332	0	0	0	0	0	0	0	0	0	0	0	0	0	0	0	57	
1500.33	0	0	0	0	0	0	0	0	0	0	0	0	0	0	0	53	
2247.23	0	0	0	0	0	0	0	0	0	0	0	0	0	0	0	51	
2994.93	0	0	0	0	0	0	0	0	0	0	0	0	0	0	0	43	
3745.44	0	0	0	0	0	0	0	0	0	0	0	0	0	0	0	65	
4495.1	0	0	0	0	0	0	0	0	0	0	0	0	0	0	0	39	
5247.35	0	0	0	0	0	0	0	0	0	0	0	0	0	0	0	47	
5995.03	0	0	0	0	0	0	0	0	0	0	0	0	0	0	0	65	
6743.97	0	0	0	0	0	0	0	0	0	0	0	0	0	0	0	47	
7494.89	0	0	0	0	0	0	0	0	0	0	0	0	0	0	0	47	
8242.43	0	0	0	0	0	0	0	0	0	0	0	0	0	0	0	47	
8991.99	0	0	0	0	0	0	0	0	0	0	0	0	0	0	59	0	
9745.41	0	0	0	0	0	0	0	0	0	0	0	0	0	0	43	0	
10494.4	0	0	0	0	0	0	0	0	0	0	0	0	0	0	45	0	
11245.2	0	0	0	0	0	0	0	0	0	0	0	0	0	0	59	0	
11993.8	0	0	0	0	0	0	0	0	0	0	0	0	0	0	61	0	
12742.3	0	0	0	0	0	0	0	0	0	0	0	0	0	0	49	0	
13491.3	0	0	0	0	0	0	0	0	0	0	0	0	0	0	61	0	
14242.4	0	0	0	0	0	0	0	0	0	0	0	0	0	0	59	0	
14995	0	0	0	0	0	0	0	0	0	0	0	0	0	0	53	0	
15745.9	0	0	0	0	0	0	0	0	0	0	0	0	0	0	37	0	
16492.9	0	0	0	0	0	0	0	0	0	0	0	0	0	0	47	0	
17245	0	0	0	0	0	0	0	0	0	0	0	0	0	0	57	0	
17991.3	0	0	0	0	0	0	0	0	0	0	0	0	0	0	39	0	
18741.9	0	0	0	0	0	0	0	0	0	0	0	0	0	0	59	0	
19491.8	0	0	0	0	0	0	0	0	0	0	0	0	0	0	57	0	
20240.6	0	0	0	0	0	0	0	0	0	0	0	0	0	0	0	39	
20986.8	0	0	0	0	0	0	0	0	0	0	0	0	0	0	0	41	
21739.3	0	0	0	0	0	0	0	0	0	0	0	0	0	0	0	53	
22489.8	0	0	0	0	0	0	0	0	0	0	0	0	0	0	0	43	
23239.3	0	0	0	0	0	0	0	0	0	0	0	0	0	0	0	47	
23989.1	0	0	0	0	0	0	0	0	0	0	0	0	0	0	0	39	
24733.9	0	0	0	0	0	0	0	0	0	0	0	0	0	0	0	45	
25485.3	0	0	0	0	0	0	0	0	0	0	0	0	0	0	0	47	
26234.8	0	0	0	0	0	0	0	0	0	0	0	0	0	0	0	53	
26986.6	0	0	0	0	0	0	0	0	0	0	0	0	0	0	0	43	
27736.1	0	0	0	0	0	0	0	0	0	0	0	0	0	0	0	59	
28487.3	0	0	0	0	0	0	0	0	0	0	0	0	0	0	0	47	
29238.1	0	0	0	0	0	0	0	0	0	0	0	0	0	0	0	53	
29988	0	0	0	0	0	0	0	0	0	0	0	0	0	0	0	45	
30738	0	0	0	0	0	0	0	0	0	0	0	0	0	0	57	0	
31486.7	0	0	0	0	0	0	0	0	0	0	0	0	0	0	49	0	
32239.7	0	0	0	0	0	0	0	0	0	0	0	0	0	0	0	49	
32991.8	0	0	0	0	0	0	0	0	0	0	0	0	0	0	0	47	
33742	0	0	0	0	0	0	0	0	0	0	0	0	0	0	0	51	
34491	0	0	0	0	0	0	0	0	0	0	0	0	0	0	0	59	
35242.8	0	0	0	0	0	0	0	0	0	0	0	0	0	0	47	0	
35992.3	0	0	0	0	0	0	0	0	0	0	0	0	0	0	0	55	
36741.2	0	0	0	0	0	0	0	0	0	0	0	0	0	0	0	39	
37492.6	0	0	0	0	0	0	0	0	0	0	0	0	0	0	0	53	
38240.8	0	0	0	0	0	0	0	0	0	0	0	0	0	0	0	53	
38988.2	0	0	0	0	0	0	0	0	0	0	0	0	0	0	0	39	
39738.3	0	0	0	0	0	0	0	0	0	0	0	0	0	0	0	65	
40490.8	0	0	0	0	0	0	0	0	0	0	0	0	0	0	0	53	
41240.9	0	0	0	0	0	0	0	0	0	0	0	0	0	0	0	39	
41992.7	0	0	0	0	0	0	0	0	0	0	0	0	0	0	0	49	
42742.4	0	0	0	0	0	0	0	0	0	0	0	0	0	0	0	49	
43492.4	0	0	0	0	0	0	0	0	0	0	0	0	0	0	0	55	
44242.1	0	0	0	0	0	0	0	0	0	0	0	0	0	0	0	51	
44992.4	0	0	0	0	0	0	0	0	0	0	0	0	0	0	0	69	
45743.2	0	0	0	0	0	0	0	0	0	0	0	0	0	0	0	59	
46495	0	0	0	0	0	0	0	0	0	0	0	0	0	0	0	45	
47245	0	0	0	0	0	0	0	0	0	0	0	0	0	0	0	47	
47996.6	0	0	0	0	0	0	0	0	0	0	0	0	0	0	0	49	
48747.9	0	0	0	0	0	0	0	0	0	0	0	0	0	0	0	41	
49499.3	0	0	0	0	0	0	0	0	0	0	0	0	0	0	0	43	
50250.9	0	0	0	0	0	0	0	0	0	0	0	0	0	0	0	51	
50998.8	0	0	0	0	0	0	0	0	0	0	0	0	0	0	0	47	
51752.2	0	0	0	0	0	0	0	0	0	0	0	0	0	0	0	51	
52507	0	0	0	0	0	0	0	0	0	0	0	0	0	0	0	59	
53257.2	0	0	0	0	0	0	0	0	0	0	0	0	0	0	0	55	
54008.9	0	0	0	0	0	0	0	0	0	0	0	0	0	0	0	41	
54759.3	0	0	0	0	0	0	0	0	0	0	0	0	0	0	0	47	
55511.4	0	0	0	0	0	0	0	0	0	0	0	0	0	0	0	59	
56261.1	0	0	0	0	0	0	0	0	0	0	0	0	0	0	0	37	
57010	0	0	0	0	0	0	0	0	0	0	0	0	0	0	0	49	
57761.8	0	0	0	0	0	0	0	0	0	0	0	0	0	0	0	43	
58512	0	0	0	0	0	0	0	0	0	0	0	0	0	0	0	41	
59262.7	0	0	0	0	0	0	0	0	0	0	0	0	0	0	0	55	
60013.2	0	0	0	0	0	0	0	0	0	0	0	0	0	0	0	53	
60763.1	0	0	0	0	0	0	0	0	0	0	0	0	0	0	0	55	
61511.8	0	0	0	0	0	0	0	0	0	0	0	0	0	0	0	49	
62263.2	0	0	0	0	0	0	0	0	0	0	0	0	0	0	0	47	
63012.7	0	0	0	0	0	0	0	0	0	0	0	0	0	0	0	43	
63763	0	0	0	0	0	0	0	0	0	0	0	0	0	0	0	49	
64513.9	0	0	0	0	0	0	0	0	0	0	0	0	0	0	0	55	
65262.4	0	0	0	0	0	0	0	0	0	0	0	0	0	0	0	53	
66013.8	0	0	0	0	0	0	0	0	0	0	0	0	0	0	0	47	
66761.9	0	0	0	0	0	0	0	0	0	0	0	0	0	0	0	55	
67514.2	0	0	0	0	0	0	0	0	0	0	0	0	0	0	0	33	
68261.8	0	0	0	0	0	0	0	0	0	0	0	0	0	0	0	49	
69010.2	0	0	0	0	0	0	0	0	0	0	0	0	0	0	0	53	
69762	0	0	0	0	0	0	0	0	0	0	0	0	0	0	0	45	
70512.7	0	0	0	0	0	0	0	0	0	0	0	0	0	0	0	57	
71261	0	0	0	0	0	0	0	0	0	0	0	0	0	0	0	47	
72010.8	0	0	0	0	0	0	0	0	0	0	0	0	0	0	0	61	
72760.3	0	0	0	0	0	0	0	0	0	0	0	0	0	0	0	41	
73509.2	0	0	0	0	0	0	0	0	0	0	0	0	0	0	0	59	
74258.7	0	0	0	0	0	0	0	0	0	0	0	0	0	0	0	51	
75006.6	0	0	0	0	0	0	0	0	0	0	0	0	0	0	0	63	
75754.8	0	0	0	0	0	0	0	0	0	0	0	0	0	0	0	57	
76504.5	0	0	0	0	0	0	0	0	0	0	0	0	0	0	0	51	
77252.6	0	0	0	0	0	0	0	0	0	0	0	0	0	0	0	43	
78002.3	0	0	0	0	0	0	0	0	0	0	0	0	0	0	0	51	
78750.6	0	0	0	0	0	0	0	0	0	0	0	0	0	0	0	49	
79498.3	0	0	0	0	0	0	0	0	0	0	0	0	0	0	0	81	
80245.3	0	0	0	0	0	0	0	0	0	0	0	0	0	0	0	63	
80994.4	0	0	0	0	0	0	0	0	0	0	0	0	0	0	0	47	
81740.1	0	0	0	0	0	0	0	0	0	0	0	0	0	0	57	0	
82490.9	0	0	0	0	0	0	0	0	0	0	0	0	0	0	61	0	
83240.2	0	0	0	0	0	0	0	0	0	0	0	0	0	0	59	0	
83988.3	0	0	0	0	0	0	0	0	0	0	0	0	0	0	57	0	
84737	0	0	0	0	0	0	0	0	0	0	0	0	0	0	45	0	
85485.6	0	0	0	0	0	0	0	0	0	0	0	0	0	0	73	0	
86234.6	0	0	0	0	0	0	0	0	0	0	0	0	0	0	49	0	
86980.9	0	0	0	0	0	0	0	0	0	0	0	0	0	0	55	0	
87731.5	0	0	0	0	0	0	0	0	0	0	0	0	0	0	65	0	
88485.5	0	0	0	0	0	0	0	0	0	0	0	0	0	0	61	0	
89233.8	0	0	0	0	0	0	0	0	0	0	0	0	0	0	61	0	
89984.8	0	0	0	0	0	0	0	0	0	0	0	0	0	0	39	0	
90732	0	0	0	0	0	0	0	0	0	0	0	0	0	0	49	0	
91483.6	0	0	0	0	0	0	0	0	0	0	0	0	0	0	51	0	
92234.1	0	0	0	0	0	0	0	0	0	0	0	0	0	0	47	0	
92982.6	0	0	0	0	0	0	0	0	0	0	0	0	0	0	61	0	
93732.9	0	0	0	0	0	0	0	0	0	0	0	0	0	63	0	0	
94485.3	0	0	0	0	0	0	0	0	0	0	0	0	0	57	0	0	
95237.1	0	0	0	0	0	0	0	0	0	0	0	0	0	55	0	0	
95985.5	0	0	0	0	0	0	0	0	0	0	0	0	0	65	0	0	
96733.4	0	0	0	0	0	0	0	0	0	0	0	0	0	0	51	0	
97483.8	0	0	0	0	0	0	0	0	0	0	0	0	0	0	53	0	
98234.5	0	0	0	0	0	0	0	0	0	0	0	0	0	0	38	17	
98984.2	0	0	0	0	0	0	0	0	0	0	0	0	0	0	61	0	
99730.8	0	0	0	0	0	0	0	0	0	0	0	0	0	0	49	0	
100482	0	0	0	0	0	0	0	0	0	0	0	0	0	65	0	0	
101233	0	0	0	0	0	0	0	0	0	0	0	0	0	51	0	0	
101984	0	0	0	0	0	0	0	0	0	0	0	0	0	47	0	0	
102733	0	0	0	0	0	0	0	0	0	0	0	0	53	0	0	0	
103483	0	0	0	0	0	0	0	0	0	0	0	0	73	0	0	0	
104235	0	0	0	0	0	0	0	0	0	0	0	0	59	0	0	0	
104987	0	0	0	0	0	0	0	0	0	0	0	0	59	0	0	0	
105738	0	0	0	0	0	0	0	0	0	0	0	67	0	0	0	0	
106486	0	0	0	0	0	0	0	0	0	0	0	73	0	0	0	0	
107238	0	0	0	0	0	0	0	0	0	0	0	55	0	0	0	0	
107990	0	0	0	0	0	0	0	0	0	0	0	77	0	0	0	0	
108740	0	0	0	0	0	0	0	0	0	0	0	79	0	0	0	0	
109492	0	0	0	0	0	0	0	0	0	0	0	69	0	0	0	0	
110240	0	0	0	0	0	0	0	0	0	0	0	55	0	0	0	0	
110991	0	0	0	0	0	0	0	0	0	0	0	71	0	0	0	0	
111741	0	0	0	0	0	0	0	0	0	0	0	69	0	0	0	0	
112488	0	0	0	0	0	0	0	0	0	0	0	65	0	0	0	0	
113241	0	0	0	0	0	0	0	0	0	0	0	59	0	0	0	0	
113987	0	0	0	0	0	0	0	0	0	0	0	51	0	0	0	0	
114735	0	0	0	0	0	0	0	0	0	0	0	83	0	0	0	0	
115485	0	0	0	0	0	0	0	0	0	0	0	79	0	0	0	0	
116235	0	0	0	0	0	0	0	0	0	0	0	71	0	0	0	0	
116983	0	0	0	0	0	0	0	0	0	0	0	73	0	0	0	0	
117736	0	0	0	0	0	0	0	0	0	0	0	0	59	0	0	0	
118482	0	0	0	0	0	0	0	0	0	0	0	0	57	0	0	0	
119231	0	0	0	0	0	0	0	0	0	0	0	0	51	0	0	0	
119983	0	0	0	0	0	0	0	0	0	0	0	0	69	0	0	0	
120733	0	0	0	0	0	0	0	0	0	0	0	0	51	0	0	0	
121484	0	0	0	0	0	0	0	0	0	0	0	0	45	0	0	0	
122235	0	0	0	0	0	0	0	0	0	0	0	0	63	0	0	0	
122985	0	0	0	0	0	0	0	0	0	0	0	0	69	0	0	0	
123735	0	0	0	0	0	0	0	0	0	0	0	0	51	0	0	0	
124484	0	0	0	0	0	0	0	0	0	0	0	0	67	0	0	0	
125233	0	0	0	0	0	0	0	0	0	0	0	0	61	0	0	0	
125982	0	0	0	0	0	0	0	0	0	0	0	0	59	0	0	0	
126732	0	0	0	0	0	0	0	0	0	0	0	0	51	0	0	0	
127483	0	0	0	0	0	0	0	0	0	0	0	0	57	0	0	0	
128232	0	0	0	0	0	0	0	0	0	0	0	0	65	0	0	0	
128984	0	0	0	0	0	0	0	0	0	0	0	0	61	0	0	0	
129733	0	0	0	0	0	0	0	0	0	0	0	0	67	0	0	0	
130484	0	0	0	0	0	0	0	0	0	0	0	0	51	0	0	0	
131233	0	0	0	0	0	0	0	0	0	0	0	0	51	0	0	0	
131980	0	0	0	0	0	0	0	0	0	0	0	0	59	0	0	0	
132732	0	0	0	0	0	0	0	0	0	0	0	0	55	0	0	0	
133483	0	0	0	0	0	0	0	0	0	0	0	0	57	0	0	0	
134232	0	0	0	0	0	0	0	0	0	0	0	0	0	45	0	0	
134983	0	0	0	0	0	0	0	0	0	0	0	0	0	47	0	0	
135730	0	0	0	0	0	0	0	0	0	0	0	0	0	65	0	0	
136481	0	0	0	0	0	0	0	0	0	0	0	0	0	65	0	0	
137231	0	0	0	0	0	0	0	0	0	0	0	0	55	0	0	0	
137980	0	0	0	0	0	0	0	0	0	0	0	0	67	0	0	0	
138731	0	0	0	0	0	0	0	0	0	0	0	0	67	0	0	0	
139485	0	0	0	0	0	0	0	0	0	0	0	0	67	0	0	0	
140239	0	0	0	0	0	0	0	0	0	0	0	0	53	0	0	0	
140988	0	0	0	0	0	0	0	0	0	0	0	63	0	0	0	0	
141738	0	0	0	0	0	0	0	0	0	0	0	0	65	0	0	0	
142487	0	0	0	0	0	0	0	0	0	0	0	0	57	0	0	0	
143240	0	0	0	0	0	0	0	0	0	0	0	0	57	0	0	0	
143987	0	0	0	0	0	0	0	0	0	0	0	0	69	0	0	0	
144738	0	0	0	0	0	0	0	0	0	0	0	0	81	0	0	0	
145488	0	0	0	0	0	0	0	0	0	0	0	0	59	0	0	0	
146237	0	0	0	0	0	0	0	0	0	0	0	0	57	0	0	0	
146988	0	0	0	0	0	0	0	0	0	0	0	0	69	0	0	0	
147736	0	0	0	0	0	0	0	0	0	0	0	0	47	0	0	0	
148485	0	0	0	0	0	0	0	0	0	0	0	0	77	0	0	0	
149234	0	0	0	0	0	0	0	0	0	0	0	0	57	0	0	0	
149982	0	0	0	0	0	0	0	0	0	0	0	0	55	0	0	0	
150730	0	0	0	0	0	0	0	0	0	0	0	0	65	0	0	0	
151478	0	0	0	0	0	0	0	0	0	0	0	0	57	0	0	0	
152230	0	0	0	0	0	0	0	0	0	0	0	0	55	0	0	0	
152979	0	0	0	0	0	0	0	0	0	0	0	0	53	0	0	0	
153729	0	0	0	0	0	0	0	0	0	0	0	0	55	0	0	0	
154478	0	0	0	0	0	0	0	0	0	0	0	0	51	0	0	0	
155228	0	0	0	0	0	0	0	0	0	0	0	77	0	0	0	0	
155979	0	0	0	0	0	0	0	0	0	0	0	51	0	0	0	0	
156729	0	0	0	0	0	0	0	0	0	0	0	63	0	0	0	0	
157479	0	0	0	0	0	0	0	0	0	0	0	87	0	0	0	0	
158233	0	0	0	0	0	0	0	0	0	0	0	69	0	0	0	0	
158981	0	0	0	0	0	0	0	0	0	0	0	63	0	0	0	0	
159735	0	0	0	0	0	0	0	0	0	0	0	61	0	0	0	0	
160485	0	0	0	0	0	0	0	0	0	0	0	75	0	0	0	0	
161235	0	0	0	0	0	0	0	0	0	0	0	69	0	0	0	0	
161983	0	0	0	0	0	0	0	0	0	0	0	71	0	0	0	0	
162732	0	0	0	0	0	0	0	0	0	0	0	65	0	0	0	0	
163486	0	0	0	0	0	0	0	0	0	0	0	61	0	0	0	0	
164235	0	0	0	0	0	0	0	0	0	0	0	61	0	0	0	0	
164983	0	0	0	0	0	0	0	0	0	0	0	69	0	0	0	0	
165735	0	0	0	0	0	0	0	0	0	0	0	73	0	0	0	0	
166488	0	0	0	0	0	0	0	0	0	0	0	67	0	0	0	0	
167240	0	0	0	0	0	0	0	0	0	0	0	69	0	0	0	0	
167990	0	0	0	0	0	0	0	0	0	0	0	55	0	0	0	0	
168739	0	0	0	0	0	0	0	0	0	0	0	0	69	0	0	0	
169489	0	0	0	0	0	0	0	0	0	0	0	0	57	0	0	0	
170241	0	0	0	0	0	0	0	0	0	0	0	0	65	0	0	0	
170990	0	0	0	0	0	0	0	0	0	0	0	0	55	0	0	0	
171740	0	0	0	0	0	0	0	0	0	0	0	0	0	71	0	0	
172492	0	0	0	0	0	0	0	0	0	0	0	0	0	51	0	0	
173243	0	0	0	0	0	0	0	0	0	0	0	0	0	47	0	0	
173993	0	0	0	0	0	0	0	0	0	0	0	0	71	0	0	0	
174744	0	0	0	0	0	0	0	0	0	0	0	0	43	0	0	0	
175495	0	0	0	0	0	0	0	0	0	0	0	0	59	0	0	0	
176240	0	0	0	0	0	0	0	0	0	0	0	0	53	0	0	0	
176987	0	0	0	0	0	0	0	0	0	0	0	0	47	0	0	0	
177741	0	0	0	0	0	0	0	0	0	0	0	0	79	0	0	0	
178492	0	0	0	0	0	0	0	0	0	0	0	0	0	51	0	0	
179243	0	0	0	0	0	0	0	0	0	0	0	0	0	51	0	0	
179995	0	0	0	0	0	0	0	0	0	0	0	0	0	61	0	0	
180749	0	0	0	0	0	0	0	0	0	0	0	0	0	61	0	0	
181496	0	0	0	0	0	0	0	0	0	0	0	0	0	0	53	0	
182247	0	0	0	0	0	0	0	0	0	0	0	0	0	0	65	0	
182996	0	0	0	0	0	0	0	0	0	0	0	0	0	0	59	0	
183747	0	0	0	0	0	0	0	0	0	0	0	0	0	0	69	0	
184496	0	0	0	0	0	0	0	0	0	0	0	0	0	0	57	0	
185246	0	0	0	0	0	0	0	0	0	0	0	0	0	0	53	0	
185996	0	0	0	0	0	0	0	0	0	0	0	0	0	0	63	0	
186744	0	0	0	0	0	0	0	0	0	0	0	0	0	0	53	0	
187492	0	0	0	0	0	0	0	0	0	0	0	0	0	0	61	0	
188240	0	0	0	0	0	0	0	0	0	0	0	0	0	0	69	0	
188989	0	0	0	0	0	0	0	0	0	0	0	0	0	0	51	0	
189738	0	0	0	0	0	0	0	0	0	0	0	0	0	0	0	51	
190489	0	0	0	0	0	0	0	0	0	0	0	0	0	0	0	41	
191239	0	0	0	0	0	0	0	0	0	0	0	0	0	0	0	59	
191986	0	0	0	0	0	0	0	0	0	0	0	0	0	0	0	43	
192736	0	0	0	0	0	0	0	0	0	0	0	0	0	0	0	57	
193486	0	0	0	0	0	0	0	0	0	0	0	0	0	0	0	45	
194237	0	0	0	0	0	0	0	0	0	0	0	0	0	0	0	57	
194988	0	0	0	0	0	0	0	0	0	0	0	0	0	0	0	53	
195739	0	0	0	0	0	0	0	0	0	0	0	0	0	0	0	49	
196492	0	0	0	0	0	0	0	0	0	0	0	0	0	0	0	55	
197242	0	0	0	0	0	0	0	0	0	0	0	0	0	0	0	55	
197993	0	0	0	0	0	0	0	0	0	0	0	0	0	0	0	55	
198744	0	0	0	0	0	0	0	0	0	0	0	0	0	0	0	59	
199493	0	0	0	0	0	0	0	0	0	0	0	0	0	0	0	45	
200245	0	0	0	0	0	0	0	0	0	0	0	0	0	0	0	59	
200995	0	0	0	0	0	0	0	0	0	0	0	0	0	0	0	49	
201747	0	0	0	0	0	0	0	0	0	0	0	0	0	0	49	0	
202497	0	0	0	0	0	0	0	0	0	0	0	0	0	0	65	0	
203249	0	0	0	0	0	0	0	0	0	0	0	0	0	0	55	0	
204003	0	0	0	0	0	0	0	0	0	0	0	0	0	0	53	0	
204754	0	0	0	0	0	0	0	0	0	0	0	0	0	0	43	0	
205500	0	0	0	0	0	0	0	0	0	0	0	0	0	0	59	0	
206249	0	0	0	0	0	0	0	0	0	0	0	0	0	0	45	0	
206999	0	0	0	0	0	0	0	0	0	0	0	0	0	0	53	0	
207750	0	0	0	0	0	0	0	0	0	0	0	0	0	0	41	0	
208499	0	0	0	0	0	0	0	0	0	0	0	0	0	0	49	0	
209247	0	0	0	0	0	0	0	0	0	0	0	0	0	0	51	0	
209995	0	0	0	0	0	0	0	0	0	0	0	0	0	0	49	0	
210747	0	0	0	0	0	0	0	0	0	0	0	0	0	0	43	0	
211495	0	0	0	0	0	0	0	0	0	0	0	0	0	0	49	0	
212247	0	0	0	0	0	0	0	0	0	0	0	0	0	0	63	0	
212995	0	0	0	0	0	0	0	0	0	0	0	0	0	0	61	0	
213744	0	0	0	0	0	0	0	0	0	0	0	0	0	0	53	0	
214495	0	0	0	0	0	0	0	0	0	0	0	0	0	0	55	0	
215242	0	0	0	0	0	0	0	0	0	0	0	0	0	0	53	0	
215992	0	0	0	0	0	0	0	0	0	0	0	0	0	0	59	0	
216742	0	0	0	0	0	0	0	0	0	0	0	0	0	0	63	0	
217493	0	0	0	0	0	0	0	0	0	0	0	0	0	0	41	0	
218243	0	0	0	0	0	0	0	0	0	0	0	0	0	0	51	0	
218998	0	0	0	0	0	0	0	0	0	0	0	0	0	0	45	0	
219750	0	0	0	0	0	0	0	0	0	0	0	0	0	0	0	55	
220503	0	0	0	0	0	0	0	0	0	0	0	0	0	0	0	53	
221252	0	0	0	0	0	0	0	0	0	0	0	0	0	0	0	63	
222001	0	0	0	0	0	0	0	0	0	0	0	0	0	0	0	45	
222751	0	0	0	0	0	0	0	0	0	0	0	0	0	0	0	57	
223500	0	0	0	0	0	0	0	0	0	0	0	0	0	0	0	57	
224249	0	0	0	0	0	0	0	0	0	0	0	0	0	0	0	49	
224995	0	0	0	0	0	0	0	0	0	0	0	0	0	0	0	53	
225742	0	0	0	0	0	0	0	0	0	0	0	0	0	0	0	53	
226493	0	0	0	0	0	0	0	0	0	0	0	0	0	0	0	49	
227240	0	0	0	0	0	0	0	0	0	0	0	0	0	0	0	43	
227991	0	0	0	0	0	0	0	0	0	0	0	0	0	0	0	63	
228738	0	0	0	0	0	0	0	0	0	0	0	0	0	0	0	47	
229488	0	0	0	0	0	0	0	0	0	0	0	0	0	0	0	47	
230235	0	0	0	0	0	0	0	0	0	0	0	0	0	0	53	0	
230985	0	0	0	0	0	0	0	0	0	0	0	0	0	0	51	0	
231735	0	0	0	0	0	0	0	0	0	0	0	0	0	0	55	0	
232489	0	0	0	0	0	0	0	0	0	0	0	0	0	0	51	0	
233236	0	0	0	0	0	0	0	0	0	0	0	0	0	0	55	0	
233982	0	0	0	0	0	0	0	0	0	0	0	0	0	0	51	0	
234731	0	0	0	0	0	0	0	0	0	0	0	0	0	0	59	0	
235482	0	0	0	0	0	0	0	0	0	0	0	0	0	0	0	51	
236233	0	0	0	0	0	0	0	0	0	0	0	0	0	0	0	39	
236983	0	0	0	0	0	0	0	0	0	0	0	0	0	0	0	51	
237731	0	0	0	0	0	0	0	0	0	0	0	0	0	0	0	51	
238478	0	0	0	0	0	0	0	0	0	0	0	0	0	0	0	45	
239227	0	0	0	0	0	0	0	0	0	0	0	0	0	0	0	49	
239975	0	0	0	0	0	0	0	0	0	0	0	0	0	0	1	54	
240727	0	0	0	0	0	0	0	0	0	0	0	0	0	0	0	51	
241477	0	0	0	0	0	0	0	0	0	0	0	0	0	0	0	51	
242226	0	0	0	0	0	0	0	0	0	0	0	0	0	0	0	47	
242976	0	0	0	0	0	0	0	0	0	0	0	0	0	0	0	65	
243726	0	0	0	0	0	0	0	0	0	0	0	0	0	0	0	53	
244474	0	0	0	0	0	0	0	0	0	0	0	0	0	0	0	57	
245223	0	0	0	0	0	0	0	0	0	0	0	0	0	0	0	49	
245975	0	0	0	0	0	0	0	0	0	0	0	0	0	0	0	49	
246726	0	0	0	0	0	0	0	0	0	0	0	0	0	0	0	55	
247477	0	0	0	0	0	0	0	0	0	0	0	0	0	0	0	53	
248228	0	0	0	0	0	0	0	0	0	0	0	0	0	0	0	63	
248980	0	0	0	0	0	0	0	0	0	0	0	0	0	0	0	49	
249729	0	0	0	0	0	0	0	0	0	0	0	0	0	0	0	57	
250479	0	0	0	0	0	0	0	0	0	0	0	0	0	0	0	41	
251231	0	0	0	0	0	0	0	0	0	0	0	0	0	0	0	45	
251981	0	0	0	0	0	0	0	0	0	0	0	0	0	0	0	51	
252729	0	0	0	0	0	0	0	0	0	0	0	0	0	0	0	49	
253477	0	0	0	0	0	0	0	0	0	0	0	0	0	0	0	49	
254227	0	0	0	0	0	0	0	0	0	0	0	0	0	0	0	39	
254977	0	0	0	0	0	0	0	0	0	0	0	0	0	0	0	51	
255725	0	0	0	0	0	0	0	0	0	0	0	0	0	0	0	59	
256474	0	0	0	0	0	0	0	0	0	0	0	0	0	0	0	43	
257225	0	0	0	0	0	0	0	0	0	0	0	0	0	0	0	51	
257976	0	0	0	0	0	0	0	0	0	0	0	0	0	0	0	49	
258727	0	0	0	0	0	0	0	0	0	0	0	0	0	0	0	53	
259476	0	0	0	0	0	0	0	0	0	0	0	0	0	0	0	47	
260225	0	0	0	0	0	0	0	0	0	0	0	0	0	0	0	59	
260973	0	0	0	0	0	0	0	0	0	0	0	0	0	0	0	45	
261724	0	0	0	0	0	0	0	0	0	0	0	0	0	0	0	47	
262474	0	0	0	0	0	0	0	0	0	0	0	0	0	0	0	39	
263224	0	0	0	0	0	0	0	0	0	0	0	0	0	0	0	57	
263973	0	0	0	0	0	0	0	0	0	0	0	0	0	0	0	47	
264723	0	0	0	0	0	0	0	0	0	0	0	0	0	0	0	43	
265472	0	0	0	0	0	0	0	0	0	0	0	0	0	0	0	45	
266220	0	0	0	0	0	0	0	0	0	0	0	0	0	0	0	55	
266974	0	0	0	0	0	0	0	0	0	0	0	0	0	0	0	63	
267724	0	0	0	0	0	0	0	0	0	0	0	0	0	0	0	53	
268473	0	0	0	0	0	0	0	0	0	0	0	0	0	0	0	35	
269225	0	0	0	0	0	0	0	0	0	0	0	0	0	0	55	0	
269977	0	0	0	0	0	0	0	0	0	0	0	0	0	0	43	0	
270731	0	0	0	0	0	0	0	0	0	0	0	0	0	0	45	0	
271484	0	0	0	0	0	0	0	0	0	0	0	0	0	0	49	0	
272234	0	0	0	0	0	0	0	0	0	0	0	0	0	0	73	0	
272987	0	0	0	0	0	0	0	0	0	0	0	0	0	0	0	59	
273735	0	0	0	0	0	0	0	0	0	0	0	0	0	0	0	45	
274484	0	0	0	0	0	0	0	0	0	0	0	0	0	0	0	53	
275236	0	0	0	0	0	0	0	0	0	0	0	0	0	0	0	63	
275986	0	0	0	0	0	0	0	0	0	0	0	0	0	0	45	0	
276736	0	0	0	0	0	0	0	0	0	0	0	0	0	55	0	0	
277486	0	0	0	0	0	0	0	0	0	0	0	0	0	53	0	0	
278238	0	0	0	0	0	0	0	0	0	0	0	0	0	67	0	0	
278986	0	0	0	0	0	0	0	0	0	0	0	0	0	49	0	0	
279737	0	0	0	0	0	0	0	0	0	0	0	0	0	0	37	0	
280485	0	0	0	0	0	0	0	0	0	0	0	0	0	0	47	0	
281237	0	0	0	0	0	0	0	0	0	0	0	0	0	0	55	0	
281987	0	0	0	0	0	0	0	0	0	0	0	0	0	0	55	0	
282738	0	0	0	0	0	0	0	0	0	0	0	0	0	0	67	0	
283487	0	0	0	0	0	0	0	0	0	0	0	0	0	0	47	0	
284234	0	0	0	0	0	0	0	0	0	0	0	0	0	0	59	0	
284985	0	0	0	0	0	0	0	0	0	0	0	0	0	0	39	0	
285735	0	0	0	0	0	0	0	0	0	0	0	0	0	0	67	0	
286489	0	0	0	0	0	0	0	0	0	0	0	0	0	0	51	0	
287243	0	0	0	0	0	0	0	0	0	0	0	0	0	0	45	0	
287993	0	0	0	0	0	0	0	0	0	0	0	0	0	0	59	0	
288738	0	0	0	0	0	0	0	0	0	0	0	0	0	0	45	0	
289492	0	0	0	0	0	0	0	0	0	0	0	0	0	0	59	0	
290243	0	0	0	0	0	0	0	0	0	0	0	0	0	0	59	0	
290998	0	0	0	0	0	0	0	0	0	0	0	0	0	0	59	0	
291749	0	0	0	0	0	0	0	0	0	0	0	0	0	0	45	0	
292498	0	0	0	0	0	0	0	0	0	0	0	0	0	0	51	0	
293249	0	0	0	0	0	0	0	0	0	0	0	0	0	0	0	39	
294000	0	0	0	0	0	0	0	0	0	0	0	0	0	0	0	45	
294750	0	0	0	0	0	0	0	0	0	0	0	0	0	0	0	57	
295502	0	0	0	0	0	0	0	0	0	0	0	0	0	0	0	53	
296253	0	0	0	0	0	0	0	0	0	0	0	0	0	0	0	45	
297005	0	0	0	0	0	0	0	0	0	0	0	0	0	0	0	61	
297754	0	0	0	0	0	0	0	0	0	0	0	0	0	0	0	57	
298506	0	0	0	0	0	0	0	0	0	0	0	0	0	0	0	41	
299259	0	0	0	0	0	0	0	0	0	0	0	0	0	0	0	51	
300011	0	0	0	0	0	0	0	0	0	0	0	0	0	0	0	49	
300759	0	0	0	0	0	0	0	0	0	0	0	0	0	0	0	45	
301510	0	0	0	0	0	0	0	0	0	0	0	0	0	0	0	57	
302260	0	0	0	0	0	0	0	0	0	0	0	0	0	0	0	41	
303010	0	0	0	0	0	0	0	0	0	0	0	0	0	0	0	49	
303762	0	0	0	0	0	0	0	0	0	0	0	0	0	0	0	49	
304508	0	0	0	0	0	0	0	0	0	0	0	0	0	0	0	53	
305258	0	0	0	0	0	0	0	0	0	0	0	0	0	0	0	63	
306010	0	0	0	0	0	0	0	0	0	0	0	0	0	0	0	43	
306761	0	0	0	0	0	0	0	0	0	0	0	0	0	0	61	0	
307509	0	0	0	0	0	0	0	0	0	0	0	0	0	0	57	0	
308258	0	0	0	0	0	0	0	0	0	0	0	0	0	0	37	0	
309007	0	0	0	0	0	0	0	0	0	0	0	0	0	0	39	0	
309759	0	0	0	0	0	0	0	0	0	0	0	0	0	0	59	0	
310507	0	0	0	0	0	0	0	0	0	0	0	0	0	0	51	0	
311259	0	0	0	0	0	0	0	0	0	0	0	0	0	0	61	0	
312009	0	0	0	0	0	0	0	0	0	0	0	0	0	0	51	0	
312761	0	0	0	0	0	0	0	0	0	0	0	0	0	0	53	0	
313508	0	0	0	0	0	0	0	0	0	0	0	0	0	0	63	0	
314258	0	0	0	0	0	0	0	0	0	0	0	0	0	0	49	0	
315009	0	0	0	0	0	0	0	0	0	0	0	0	0	0	53	0	
315757	0	0	0	0	0	0	0	0	0	0	0	0	0	0	39	0	
316506	0	0	0	0	0	0	0	0	0	0	0	0	0	0	47	0	
317255	0	0	0	0	0	0	0	0	0	0	0	0	0	0	47	0	
318004	0	0	0	0	0	0	0	0	0	0	0	0	0	0	51	0	
318751	0	0	0	0	0	0	0	0	0	0	0	0	0	0	51	0	
319500	0	0	0	0	0	0	0	0	0	0	0	0	0	0	55	0	
320250	0	0	0	0	0	0	0	0	0	0	0	0	0	0	47	0	
321001	0	0	0	0	0	0	0	0	0	0	0	0	0	0	55	0	
321752	0	0	0	0	0	0	0	0	0	0	0	0	0	0	53	0	
322502	0	0	0	0	0	0	0	0	0	0	0	0	0	0	59	0	
323250	0	0	0	0	0	0	0	0	0	0	0	0	0	0	57	0	
324002	0	0	0	0	0	0	0	0	0	0	0	0	0	0	65	0	
324752	0	0	0	0	0	0	0	0	0	0	0	0	0	0	49	0	
325506	0	0	0	0	0	0	0	0	0	0	0	0	0	0	61	0	
326256	0	0	0	0	0	0	0	0	0	0	0	0	0	0	51	0	
327005	0	0	0	0	0	0	0	0	0	0	0	0	0	0	0	47	
327755	0	0	0	0	0	0	0	0	0	0	0	0	0	0	0	35	
328504	0	0	0	0	0	0	0	0	0	0	0	0	0	0	0	51	
329254	0	0	0	0	0	0	0	0	0	0	0	0	0	0	0	49	
330006	0	0	0	0	0	0	0	0	0	0	0	0	0	0	0	53	
330755	0	0	0	0	0	0	0	0	0	0	0	0	0	0	0	57	
331506	0	0	0	0	0	0	0	0	0	0	0	0	0	0	0	35	
332257	0	0	0	0	0	0	0	0	0	0	0	0	0	0	0	61	
333008	0	0	0	0	0	0	0	0	0	0	0	0	0	0	0	53	
333760	0	0	0	0	0	0	0	0	0	0	0	0	0	0	0	45	
334512	0	0	0	0	0	0	0	0	0	0	0	0	0	0	0	49	
335262	0	0	0	0	0	0	0	0	0	0	0	0	0	0	0	43	
336012	0	0	0	0	0	0	0	0	0	0	0	0	0	0	0	43	
336762	0	0	0	0	0	0	0	0	0	0	0	0	0	0	0	45	
337515	0	0	0	0	0	0	0	0	0	0	0	0	0	0	0	51	
338262	0	0	0	0	0	0	0	0	0	0	0	0	0	0	0	67	
339012	0	0	0	0	0	0	0	0	0	0	0	0	0	0	0	53	
339763	0	0	0	0	0	0	0	0	0	0	0	0	0	0	0	63	
340514	0	0	0	0	0	0	0	0	0	0	0	0	0	0	0	51	
341261	0	0	0	0	0	0	0	0	0	0	0	0	0	0	0	55	
342012	0	0	0	0	0	0	0	0	0	0	0	0	0	0	0	45	
342761	0	0	0	0	0	0	0	0	0	0	0	0	0	0	0	57	
343511	0	0	0	0	0	0	0	0	0	0	0	0	0	0	0	43	
344264	0	0	0	0	0	0	0	0	0	0	0	0	0	0	0	51	
345015	0	0	0	0	0	0	0	0	0	0	0	0	0	0	0	53	
345768	0	0	0	0	0	0	0	0	0	0	0	0	0	0	0	53	
346515	0	0	0	0	0	0	0	0	0	0	0	0	0	0	0	59	
347264	0	0	0	0	0	0	0	0	0	0	0	0	0	0	0	59	
348013	0	0	0	0	0	0	0	0	0	0	0	0	0	0	0	51	
348765	0	0	0	0	0	0	0	0	0	0	0	0	0	0	0	49	
349513	0	0	0	0	0	0	0	0	0	0	0	0	0	0	0	57	
350264	0	0	0	0	0	0	0	0	0	0	0	0	0	0	0	35	
351013	0	0	0	0	0	0	0	0	0	0	0	0	0	0	0	63	
351764	0	0	0	0	0	0	0	0	0	0	0	0	0	0	0	55	
352512	0	0	0	0	0	0	0	0	0	0	0	0	0	0	0	53	
353264	0	0	0	0	0	0	0	0	0	0	0	0	0	0	0	45	
354015	0	0	0	0	0	0	0	0	0	0	0	0	0	0	0	49	
354766	0	0	0	0	0	0	0	0	0	0	0	0	0	0	0	49	
355518	0	0	0	0	0	0	0	0	0	0	0	0	0	0	0	45	
356270	0	0	0	0	0	0	0	0	0	0	0	0	0	0	0	55	
357021	0	0	0	0	0	0	0	0	0	0	0	0	0	0	0	55	
357773	0	0	0	0	0	0	0	0	0	0	0	0	0	0	0	43	
358522	0	0	0	0	0	0	0	0	0	0	0	0	0	0	0	53	
359273	0	0	0	0	0	0	0	0	0	0	0	0	0	0	0	43	
360023	0	0	0	0	0	0	0	0	0	0	0	0	0	0	0	57	
360773	0	0	0	0	0	0	0	0	0	0	0	0	0	0	0	47	
361522	0	0	0	0	0	0	0	0	0	0	0	0	0	0	0	41	
362271	0	0	0	0	0	0	0	0	0	0	0	0	0	0	0	53	
363024	0	0	0	0	0	0	0	0	0	0	0	0	0	0	0	55	
363772	0	0	0	0	0	0	0	0	0	0	0	0	0	0	0	51	
364521	0	0	0	0	0	0	0	0	0	0	0	0	0	0	0	61	
365269	0	0	0	0	0	0	0	0	0	0	0	0	0	0	0	53	
366020	0	0	0	0	0	0	0	0	0	0	0	0	0	0	49	0	
366766	0	0	0	0	0	0	0	0	0	0	0	0	0	0	53	0	
367518	0	0	0	0	0	0	0	0	0	0	0	0	0	0	0	67	
368268	0	0	0	0	0	0	0	0	0	0	0	0	0	0	0	55	
369018	0	0	0	0	0	0	0	0	0	0	0	0	0	0	0	57	
369766	0	0	0	0	0	0	0	0	0	0	0	0	0	0	0	47	
370515	0	0	0	0	0	0	0	0	0	0	0	0	0	0	0	39	
371264	0	0	0	0	0	0	0	0	0	0	0	0	0	0	0	57	
372013	0	0	0	0	0	0	0	0	0	0	0	0	0	0	0	49	
372762	0	0	0	0	0	0	0	0	0	0	0	0	0	0	0	59	
373513	0	0	0	0	0	0	0	0	0	0	0	0	0	0	0	59	
374259	0	0	0	0	0	0	0	0	0	0	0	0	0	0	0	51	
375010	0	0	0	0	0	0	0	0	0	0	0	0	0	0	0	35	
375760	0	0	0	0	0	0	0	0	0	0	0	0	0	0	0	61	
376508	0	0	0	0	0	0	0	0	0	0	0	0	0	0	0	43	
377258	0	0	0	0	0	0	0	0	0	0	0	0	0	0	0	49	
378009	0	0	0	0	0	0	0	0	0	0	0	0	0	0	0	61	
378756	0	0	0	0	0	0	0	0	0	0	0	0	0	0	0	49	
379505	0	0	0	0	0	0	0	0	0	0	0	0	0	0	0	49	
380255	0	0	0	0	0	0	0	0	0	0	0	0	0	0	0	49	
381004	0	0	0	0	0	0	0	0	0	0	0	0	0	0	0	37	
381753	0	0	0	0	0	0	0	0	0	0	0	0	0	0	0	39	
382502	0	0	0	0	0	0	0	0	0	0	0	0	0	0	0	51	
383252	0	0	0	0	0	0	0	0	0	0	0	0	0	0	0	41	
384005	0	0	0	0	0	0	0	0	0	0	0	0	0	0	0	61	
384755	0	0	0	0	0	0	0	0	0	0	0	0	0	0	0	49	
385504	0	0	0	0	0	0	0	0	0	0	0	0	0	0	0	49	
386253	0	0	0	0	0	0	0	0	0	0	0	0	0	0	0	53	
387002	0	0	0	0	0	0	0	0	0	0	0	0	0	0	0	41	
387755	0	0	0	0	0	0	0	0	0	0	0	0	0	0	0	65	
388505	0	0	0	0	0	0	0	0	0	0	0	0	0	0	0	55	
389255	0	0	0	0	0	0	0	0	0	0	0	0	0	0	0	53	
390006	0	0	0	0	0	0	0	0	0	0	0	0	0	0	0	51	
390754	0	0	0	0	0	0	0	0	0	0	0	0	0	0	0	57	
391505	0	0	0	0	0	0	0	0	0	0	0	0	0	0	0	59	
392252	0	0	0	0	0	0	0	0	0	0	0	0	0	0	0	47	
393004	0	0	0	0	0	0	0	0	0	0	0	0	0	0	0	49	
393753	0	0	0	0	0	0	0	0	0	0	0	0	0	0	0	55	
394502	0	0	0	0	0	0	0	0	0	0	0	0	0	0	0	55	
395253	0	0	0	0	0	0	0	0	0	0	0	0	0	0	0	43	
396004	0	0	0	0	0	0	0	0	0	0	0	0	0	0	0	43	
396754	0	0	0	0	0	0	0	0	0	0	0	0	0	0	0	63	
397504	0	0	0	0	0	0	0	0	0	0	0	0	0	0	0	51	
398253	0	0	0	0	0	0	0	0	0	0	0	0	0	0	0	41	
399005	0	0	0	0	0	0	0	0	0	0	0	0	0	0	0	39	
399757	0	0	0	0	0	0	0	0	0	0	0	0	0	0	0	61	
400507	0	0	0	0	0	0	0	0	0	0	0	0	0	0	0	55	
401256	0	0	0	0	0	0	0	0	0	0	0	0	0	0	0	43	
402008	0	0	0	0	0	0	0	0	0	0	0	0	0	0	0	59	
402757	0	0	0	0	0	0	0	0	0	0	0	0	0	0	0	41	
403507	0	0	0	0	0	0	0	0	0	0	0	0	0	0	0	45	
404257	0	0	0	0	0	0	0	0	0	0	0	0	0	0	0	49	
405007	0	0	0	0	0	0	0	0	0	0	0	0	0	0	0	53	
405757	0	0	0	0	0	0	0	0	0	0	0	0	0	0	0	41	
406505	0	0	0	0	0	0	0	0	0	0	0	0	0	0	0	63	
407252	0	0	0	0	0	0	0	0	0	0	0	0	0	0	0	41	
408000	0	0	0	0	0	0	0	0	0	0	0	0	0	0	0	57	
408751	0	0	0	0	0	0	0	0	0	0	0	0	0	0	0	27	
409504	0	0	0	0	0	0	0	0	0	0	0	0	0	0	0	55	
410253	0	0	0	0	0	0	0	0	0	0	0	0	0	0	0	45	
411002	0	0	0	0	0	0	0	0	0	0	0	0	0	0	0	49	
411753	0	0	0	0	0	0	0	0	0	0	0	0	0	0	0	41	
412502	0	0	0	0	0	0	0	0	0	0	0	0	0	0	0	49	
413254	0	0	0	0	0	0	0	0	0	0	0	0	0	0	0	47	
414002	0	0	0	0	0	0	0	0	0	0	0	0	0	0	0	51	
414751	0	0	0	0	0	0	0	0	0	0	0	0	0	0	0	47	
415501	0	0	0	0	0	0	0	0	0	0	0	0	0	0	0	49	
416249	0	0	0	0	0	0	0	0	0	0	0	0	0	0	0	39	
416999	0	0	0	0	0	0	0	0	0	0	0	0	0	0	0	57	
417748	0	0	0	0	0	0	0	0	0	0	0	0	0	0	0	41	
418499	0	0	0	0	0	0	0	0	0	0	0	0	0	0	0	47	
419249	0	0	0	0	0	0	0	0	0	0	0	0	0	0	0	55	
420002	0	0	0	0	0	0	0	0	0	0	0	0	0	0	0	43	
420750	0	0	0	0	0	0	0	0	0	0	0	0	0	0	0	55	
421501	0	0	0	0	0	0	0	0	0	0	0	0	0	0	0	31	
422250	0	0	0	0	0	0	0	0	0	0	0	0	0	0	0	53	
423002	0	0	0	0	0	0	0	0	0	0	0	0	0	0	0	47	
423751	0	0	0	0	0	0	0	0	0	0	0	0	0	0	0	53	
424503	0	0	0	0	0	0	0	0	0	0	0	0	0	0	0	45	
425253	0	0	0	0	0	0	0	0	0	0	0	0	0	0	0	61	
425999	0	0	0	0	0	0	0	0	0	0	0	0	0	0	0	37	
426748	0	0	0	0	0	0	0	0	0	0	0	0	0	0	45	0	
427499	0	0	0	0	0	0	0	0	0	0	0	0	0	0	43	0	
428248	0	0	0	0	0	0	0	0	0	0	0	0	0	0	55	0	
428994	0	0	0	0	0	0	0	0	0	0	0	0	0	0	67	0	
429744	0	0	0	0	0	0	0	0	0	0	0	0	0	57	0	0	
430492	0	0	0	0	0	0	0	0	0	0	0	0	0	61	0	0	
431241	0	0	0	0	0	0	0	0	0	0	0	0	0	0	63	0	
431991	0	0	0	0	0	0	0	0	0	0	0	0	0	0	53	0	
432743	0	0	0	0	0	0	0	0	0	0	0	0	0	0	59	0	
433492	0	0	0	0	0	0	0	0	0	0	0	0	0	0	51	0	
434245	0	0	0	0	0	0	0	0	0	0	0	0	0	0	61	0	
434994	0	0	0	0	0	0	0	0	0	0	0	0	0	0	61	0	
435742	0	0	0	0	0	0	0	0	0	0	0	0	0	0	57	0	
436492	0	0	0	0	0	0	0	0	0	0	0	0	0	0	0	49	
437238	0	0	0	0	0	0	0	0	0	0	0	0	0	0	0	47	
437990	0	0	0	0	0	0	0	0	0	0	0	0	0	0	0	57	
438736	0	0	0	0	0	0	0	0	0	0	0	0	0	0	0	53	
439490	0	0	0	0	0	0	0	0	0	0	0	0	0	0	0	63	
440238	0	0	0	0	0	0	0	0	0	0	0	0	0	0	0	59	
440990	0	0	0	0	0	0	0	0	0	0	0	0	0	0	0	43	
441740	0	0	0	0	0	0	0	0	0	0	0	0	0	0	0	37	
442488	0	0	0	0	0	0	0	0	0	0	0	0	0	0	0	61	
443238	0	0	0	0	0	0	0	0	0	0	0	0	0	0	0	43	
443984	0	0	0	0	0	0	0	0	0	0	0	0	0	0	0	49	
444731	0	0	0	0	0	0	0	0	0	0	0	0	0	0	0	65	
445482	0	0	0	0	0	0	0	0	0	0	0	0	0	0	0	47	
446231	0	0	0	0	0	0	0	0	0	0	0	0	0	0	0	57	
446981	0	0	0	0	0	0	0	0	0	0	0	0	0	0	0	59	
447732	0	0	0	0	0	0	0	0	0	0	0	0	0	0	0	47	
448481	0	0	0	0	0	0	0	0	0	0	0	0	0	0	0	53	
449236	0	0	0	0	0	0	0	0	0	0	0	0	0	0	0	51	
449988	0	0	0	0	0	0	0	0	0	0	0	0	0	0	0	35	
450739	0	0	0	0	0	0	0	0	0	0	0	0	0	0	0	49	
451485	0	0	0	0	0	0	0	0	0	0	0	0	0	0	0	41	
452234	0	0	0	0	0	0	0	0	0	0	0	0	0	0	0	45	
452983	0	0	0	0	0	0	0	0	0	0	0	0	0	0	0	37	
453732	0	0	0	0	0	0	0	0	0	0	0	0	0	0	0	47	
454480	0	0	0	0	0	0	0	0	0	0	0	0	0	0	0	55	
455230	0	0	0	0	0	0	0	0	0	0	0	0	0	0	0	41	
455985	0	0	0	0	0	0	0	0	0	0	0	0	0	0	0	41	
456736	0	0	0	0	0	0	0	0	0	0	0	0	0	0	0	59	
457483	0	0	0	0	0	0	0	0	0	0	0	0	0	0	0	41	
458231	0	0	0	0	0	0	0	0	0	0	0	0	0	0	0	59	
458980	0	0	0	0	0	0	0	0	0	0	0	0	0	0	0	61	
459734	0	0	0	0	0	0	0	0	0	0	0	0	0	0	0	47	
460485	0	0	0	0	0	0	0	0	0	0	0	0	0	0	0	57	
461238	0	0	0	0	0	0	0	0	0	0	0	0	0	0	0	45	
461986	0	0	0	0	0	0	0	0	0	0	0	0	0	0	0	61	
462738	0	0	0	0	0	0	0	0	0	0	0	0	0	0	0	49	
463490	0	0	0	0	0	0	0	0	0	0	0	0	0	0	0	65	
464239	0	0	0	0	0	0	0	0	0	0	0	0	0	0	0	55	
464992	0	0	0	0	0	0	0	0	0	0	0	0	0	0	0	47	
465741	0	0	0	0	0	0	0	0	0	0	0	0	0	0	0	45	
466492	0	0	0	0	0	0	0	0	0	0	0	0	0	0	0	43	
467241	0	0	0	0	0	0	0	0	0	0	0	0	0	0	0	63	
467993	0	0	0	0	0	0	0	0	0	0	0	0	0	0	0	57	
468742	0	0	0	0	0	0	0	0	0	0	0	0	0	0	9	54	
469493	0	0	0	0	0	0	0	0	0	0	0	0	0	0	0	45	
470241	0	0	0	0	0	0	0	0	0	0	0	0	0	0	0	49	
470995	0	0	0	0	0	0	0	0	0	0	0	0	0	0	0	37	
471746	0	0	0	0	0	0	0	0	0	0	0	0	0	0	0	43	
472499	0	0	0	0	0	0	0	0	0	0	0	0	0	0	0	55	
473248	0	0	0	0	0	0	0	0	0	0	0	0	0	0	0	57	
473997	0	0	0	0	0	0	0	0	0	0	0	0	0	0	53	0	
474745	0	0	0	0	0	0	0	0	0	0	0	0	0	0	45	0	
475496	0	0	0	0	0	0	0	0	0	0	0	0	0	55	0	0	
476247	0	0	0	0	0	0	0	0	0	0	0	0	0	45	0	0	
476998	0	0	0	0	0	0	0	0	0	0	0	0	0	55	0	0	
477747	0	0	0	0	0	0	0	0	0	0	0	0	0	73	0	0	
478499	0	0	0	0	0	0	0	0	0	0	0	0	0	59	0	0	
479248	0	0	0	0	0	0	0	0	0	0	0	0	0	61	0	0	
479999	0	0	0	0	0	0	0	0	0	0	0	0	0	61	0	0	
480749	0	0	0	0	0	0	0	0	0	0	0	0	0	49	0	0	
481497	0	0	0	0	0	0	0	0	0	0	0	0	0	61	0	0	
482250	0	0	0	0	0	0	0	0	0	0	0	0	0	51	0	0	
483001	0	0	0	0	0	0	0	0	0	0	0	0	0	65	0	0	
483750	0	0	0	0	0	0	0	0	0	0	0	0	0	77	0	0	
484499	0	0	0	0	0	0	0	0	0	0	0	0	0	63	0	0	
485249	0	0	0	0	0	0	0	0	0	0	0	0	0	59	0	0	
485999	0	0	0	0	0	0	0	0	0	0	0	0	0	57	0	0	
486749	0	0	0	0	0	0	0	0	0	0	0	0	0	55	0	0	
487502	0	0	0	0	0	0	0	0	0	0	0	0	0	61	0	0	
488253	0	0	0	0	0	0	0	0	0	0	0	0	73	0	0	0	
489002	0	0	0	0	0	0	0	0	0	0	0	0	61	0	0	0	
489756	0	0	0	0	0	0	0	0	0	0	0	0	75	0	0	0	
490507	0	0	0	0	0	0	0	0	0	0	0	0	47	0	0	0	
491261	0	0	0	0	0	0	0	0	0	0	0	0	0	55	0	0	
492010	0	0	0	0	0	0	0	0	0	0	0	0	0	43	0	0	
492759	0	0	0	0	0	0	0	0	0	0	0	0	0	65	0	0	
493508	0	0	0	0	0	0	0	0	0	0	0	0	0	59	0	0	
494257	0	0	0	0	0	0	0	0	0	0	0	0	0	51	0	0	
495005	0	0	0	0	0	0	0	0	0	0	0	0	55	0	0	0	
495754	0	0	0	0	0	0	0	0	0	0	0	0	55	0	0	0	
496505	0	0	0	0	0	0	0	0	0	0	0	0	59	0	0	0	
497253	0	0	0	0	0	0	0	0	0	0	0	0	61	0	0	0	
498002	0	0	0	0	0	0	0	0	0	0	0	0	65	0	0	0	
498754	0	0	0	0	0	0	0	0	0	0	0	0	0	41	0	0	
499504	0	0	0	0	0	0	0	0	0	0	0	0	0	51	0	0	
500254	0	0	0	0	0	0	0	0	0	0	0	0	0	45	0	0	
501006	0	0	0	0	0	0	0	0	0	0	0	0	0	63	0	0	
501755	0	0	0	0	0	0	0	0	0	0	0	0	0	65	0	0	
502508	0	0	0	0	0	0	0	0	0	0	0	0	0	55	0	0	
503257	0	0	0	0	0	0	0	0	0	0	0	0	0	67	0	0	
504006	0	0	0	0	0	0	0	0	0	0	0	0	0	47	0	0	
504759	0	0	0	0	0	0	0	0	0	0	0	0	0	55	0	0	
505511	0	0	0	0	0	0	0	0	0	0	0	0	0	61	0	0	
506261	0	0	0	0	0	0	0	0	0	0	0	0	0	51	0	0	
507009	0	0	0	0	0	0	0	0	0	0	0	0	0	53	0	0	
507759	0	0	0	0	0	0	0	0	0	0	0	0	0	51	0	0	
508510	0	0	0	0	0	0	0	0	0	0	0	0	63	0	0	0	
509261	0	0	0	0	0	0	0	0	0	0	0	0	49	0	0	0	
510012	0	0	0	0	0	0	0	0	0	0	0	0	77	0	0	0	
510761	0	0	0	0	0	0	0	0	0	0	0	0	49	0	0	0	
511511	0	0	0	0	0	0	0	0	0	0	0	0	57	0	0	0	
512258	0	0	0	0	0	0	0	0	0	0	0	0	63	0	0	0	
513011	0	0	0	0	0	0	0	0	0	0	0	0	73	0	0	0	
513763	0	0	0	0	0	0	0	0	0	0	0	0	53	0	0	0	
514515	0	0	0	0	0	0	0	0	0	0	0	0	63	0	0	0	
515263	0	0	0	0	0	0	0	0	0	0	0	0	61	0	0	0	
516015	0	0	0	0	0	0	0	0	0	0	0	0	69	0	0	0	
516761	0	0	0	0	0	0	0	0	0	0	0	0	59	0	0	0	
517510	0	0	0	0	0	0	0	0	0	0	0	0	47	0	0	0	
518262	0	0	0	0	0	0	0	0	0	0	0	0	53	0	0	0	
519013	0	0	0	0	0	0	0	0	0	0	0	0	59	0	0	0	
519764	0	0	0	0	0	0	0	0	0	0	0	0	49	0	0	0	
520513	0	0	0	0	0	0	0	0	0	0	0	0	57	0	0	0	
521261	0	0	0	0	0	0	0	0	0	0	0	0	67	0	0	0	
522006	0	0	0	0	0	0	0	0	0	0	0	0	69	0	0	0	
522756	0	0	0	0	0	0	0	0	0	0	0	0	63	0	0	0	
523507	0	0	0	0	0	0	0	0	0	0	0	0	63	0	0	0	
524258	0	0	0	0	0	0	0	0	0	0	0	0	51	0	0	0	
525011	0	0	0	0	0	0	0	0	0	0	0	0	57	0	0	0	
525758	0	0	0	0	0	0	0	0	0	0	0	0	61	0	0	0	
526506	0	0	0	0	0	0	0	0	0	0	0	0	61	0	0	0	
527257	0	0	0	0	0	0	0	0	0	0	0	0	61	0	0	0	
528005	0	0	0	0	0	0	0	0	0	0	0	0	53	0	0	0	
528756	0	0	0	0	0	0	0	0	0	0	0	0	73	0	0	0	
529507	0	0	0	0	0	0	0	0	0	0	0	0	61	0	0	0	
530254	0	0	0	0	0	0	0	0	0	0	0	0	75	0	0	0	
531004	0	0	0	0	0	0	0	0	0	0	0	0	63	0	0	0	
531755	0	0	0	0	0	0	0	0	0	0	0	0	59	0	0	0	
532507	0	0	0	0	0	0	0	0	0	0	0	0	57	0	0	0	
533258	0	0	0	0	0	0	0	0	0	0	0	55	0	0	0	0	
534008	0	0	0	0	0	0	0	0	0	0	0	77	0	0	0	0	
534757	0	0	0	0	0	0	0	0	0	0	0	67	0	0	0	0	
535504	0	0	0	0	0	0	0	0	0	0	0	61	0	0	0	0	
536255	0	0	0	0	0	0	0	0	0	0	0	63	0	0	0	0	
537007	0	0	0	0	0	0	0	0	0	0	0	67	0	0	0	0	
537758	0	0	0	0	0	0	0	0	0	0	0	73	0	0	0	0	
538507	0	0	0	0	0	0	0	0	0	0	0	65	0	0	0	0	
539257	0	0	0	0	0	0	0	0	0	0	0	71	0	0	0	0	
540006	0	0	0	0	0	0	0	0	0	0	0	93	0	0	0	0	
540761	0	0	0	0	0	0	0	0	0	0	0	65	0	0	0	0	
541512	0	0	0	0	0	0	0	0	0	0	0	0	89	0	0	0	
542261	0	0	0	0	0	0	0	0	0	0	0	0	65	0	0	0	
543011	0	0	0	0	0	0	0	0	0	0	0	0	71	0	0	0	
543760	0	0	0	0	0	0	0	0	0	0	0	0	61	0	0	0	
544513	0	0	0	0	0	0	0	0	0	0	0	0	45	0	0	0	
545259	0	0	0	0	0	0	0	0	0	0	0	0	61	0	0	0	
546012	0	0	0	0	0	0	0	0	0	0	0	0	47	0	0	0	
546762	0	0	0	0	0	0	0	0	0	0	0	0	71	0	0	0	
547510	0	0	0	0	0	0	0	0	0	0	0	0	67	0	0	0	
548261	0	0	0	0	0	0	0	0	0	0	0	0	55	0	0	0	
549013	0	0	0	0	0	0	0	0	0	0	0	0	63	0	0	0	
549764	0	0	0	0	0	0	0	0	0	0	0	0	65	0	0	0	
550515	0	0	0	0	0	0	0	0	0	0	0	0	67	0	0	0	
551264	0	0	0	0	0	0	0	0	0	0	0	0	67	0	0	0	
552014	0	0	0	0	0	0	0	0	0	0	0	0	59	0	0	0	
552762	0	0	0	0	0	0	0	0	0	0	0	0	59	0	0	0	
553512	0	0	0	0	0	0	0	0	0	0	0	0	53	0	0	0	
554264	0	0	0	0	0	0	0	0	0	0	0	0	57	0	0	0	
555016	0	0	0	0	0	0	0	0	0	0	0	0	67	0	0	0	
555766	0	0	0	0	0	0	0	0	0	0	0	0	73	0	0	0	
556516	0	0	0	0	0	0	0	0	0	0	0	0	59	0	0	0	
557265	0	0	0	0	0	0	0	0	0	0	0	0	73	0	0	0	
558016	0	0	0	0	0	0	0	0	0	0	0	0	73	0	0	0	
558766	0	0	0	0	0	0	0	0	0	0	0	0	63	0	0	0	
559518	0	0	0	0	0	0	0	0	0	0	0	0	63	0	0	0	
560269	0	0	0	0	0	0	0	0	0	0	0	0	69	0	0	0	
561019	0	0	0	0	0	0	0	0	0	0	0	0	65	0	0	0	
561768	0	0	0	0	0	0	0	0	0	0	0	0	67	0	0	0	
562519	0	0	0	0	0	0	0	0	0	0	0	0	69	0	0	0	
563265	0	0	0	0	0	0	0	0	0	0	0	21	40	0	0	0	
564017	0	0	0	0	0	0	0	0	0	0	89	0	0	0	0	0	
564768	0	0	0	0	0	0	0	0	0	0	87	0	0	0	0	0	
565517	0	0	0	0	0	0	0	0	0	0	63	0	0	0	0	0	
566265	0	0	0	0	0	0	0	0	0	0	75	0	0	0	0	0	
567014	0	0	0	0	0	0	0	0	0	0	83	0	0	0	0	0	
567767	0	0	0	0	0	0	0	0	0	0	69	0	0	0	0	0	
568515	0	0	0	0	0	0	0	0	0	0	75	0	0	0	0	0	
569265	0	0	0	0	0	0	0	0	0	0	77	0	0	0	0	0	
570018	0	0	0	0	0	0	0	0	0	0	55	0	0	0	0	0	
570768	0	0	0	0	0	0	0	0	0	0	81	0	0	0	0	0	
571517	0	0	0	0	0	0	0	0	0	0	54	1	0	0	0	0	
572267	0	0	0	0	0	0	0	0	0	0	77	0	0	0	0	0	
573018	0	0	0	0	0	0	0	0	0	0	71	0	0	0	0	0	
573767	0	0	0	0	0	0	0	0	0	0	85	0	0	0	0	0	
574515	0	0	0	0	0	0	0	0	0	0	83	0	0	0	0	0	
575264	0	0	0	0	0	0	0	0	0	0	63	0	0	0	0	0	
576015	0	0	0	0	0	0	0	0	0	0	69	0	0	0	0	0	
576764	0	0	0	0	0	0	0	0	0	0	73	0	0	0	0	0	
577512	0	0	0	0	0	0	0	0	0	0	61	0	0	0	0	0	
578266	0	0	0	0	0	0	0	0	0	0	73	0	0	0	0	0	
579014	0	0	0	0	0	0	0	0	0	0	85	0	0	0	0	0	
579763	0	0	0	0	0	0	0	0	0	0	65	0	0	0	0	0	
580511	0	0	0	0	0	0	0	0	0	0	69	0	0	0	0	0	
581262	0	0	0	0	0	0	0	0	0	0	73	0	0	0	0	0	
582012	0	0	0	0	0	0	0	0	0	0	75	0	0	0	0	0	
582762	0	0	0	0	0	0	0	0	0	0	83	0	0	0	0	0	
583514	0	0	0	0	0	0	0	0	0	0	69	0	0	0	0	0	
584264	0	0	0	0	0	0	0	0	0	0	77	0	0	0	0	0	
585010	0	0	0	0	0	0	0	0	0	0	77	0	0	0	0	0	
585760	0	0	0	0	0	0	0	0	0	0	73	0	0	0	0	0	
586511	0	0	0	0	0	0	0	0	0	0	71	0	0	0	0	0	
587263	0	0	0	0	0	0	0	0	0	73	0	0	0	0	0	0	
588008	0	0	0	0	0	0	0	0	0	67	0	0	0	0	0	0	
588761	0	0	0	0	0	0	0	0	0	83	0	0	0	0	0	0	
589510	0	0	0	0	0	0	0	0	0	75	0	0	0	0	0	0	
590263	0	0	0	0	0	0	0	0	0	85	0	0	0	0	0	0	
591011	0	0	0	0	0	0	0	0	0	85	0	0	0	0	0	0	
591762	0	0	0	0	0	0	0	0	0	83	0	0	0	0	0	0	
592509	0	0	0	0	0	0	0	0	0	87	0	0	0	0	0	0	
593257	0	0	0	0	0	0	0	0	0	79	0	0	0	0	0	0	
594007	0	0	0	0	0	0	0	0	0	89	0	0	0	0	0	0	
594756	0	0	0	0	0	0	0	0	0	71	0	0	0	0	0	0	
595507	0	0	0	0	0	0	0	0	0	71	0	0	0	0	0	0	
596256	0	0	0	0	0	0	0	0	0	79	0	0	0	0	0	0	
597006	0	0	0	0	0	0	0	0	0	69	0	0	0	0	0	0	
597756	0	0	0	0	0	0	0	0	0	83	0	0	0	0	0	0	
598505	0	0	0	0	0	0	0	0	0	81	0	0	0	0	0	0	
599254	0	0	0	0	0	0	0	0	0	77	0	0	0	0	0	0	
600003	0	0	0	0	0	0	0	0	0	75	0	0	0	0	0	0	
600751	0	0	0	0	0	0	0	0	0	73	0	0	0	0	0	0	
601502	0	0	0	0	0	0	0	0	0	73	0	0	0	0	0	0	
602252	0	0	0	0	0	0	0	0	0	85	0	0	0	0	0	0	
603005	0	0	0	0	0	0	0	0	0	73	0	0	0	0	0	0	
603758	0	0	0	0	0	0	0	0	0	79	0	0	0	0	0	0	
604508	0	0	0	0	0	0	0	0	0	75	0	0	0	0	0	0	
605256	0	0	0	0	0	0	0	0	0	67	0	0	0	0	0	0	
606003	0	0	0	0	0	0	0	0	0	81	0	0	0	0	0	0	
606754	0	0	0	0	0	0	0	0	0	95	0	0	0	0	0	0	
607503	0	0	0	0	0	0	0	0	0	81	0	0	0	0	0	0	
608253	0	0	0	0	0	0	0	0	0	83	0	0	0	0	0	0	
609002	0	0	0	0	0	0	0	0	0	77	0	0	0	0	0	0	
609748	0	0	0	0	0	0	0	0	0	89	0	0	0	0	0	0	
610497	0	0	0	0	0	0	0	0	0	77	0	0	0	0	0	0	
611244	0	0	0	0	0	0	0	0	0	89	0	0	0	0	0	0	
611991	0	0	0	0	0	0	0	0	0	79	0	0	0	0	0	0	
612741	0	0	0	0	0	0	0	0	0	73	0	0	0	0	0	0	
613490	0	0	0	0	0	0	0	0	0	99	0	0	0	0	0	0	
614241	0	0	0	0	0	0	0	0	0	91	0	0	0	0	0	0	
614986	0	0	0	0	0	0	0	0	0	81	0	0	0	0	0	0	
615739	0	0	0	0	0	0	0	0	0	77	0	0	0	0	0	0	
616488	0	0	0	0	0	0	0	0	0	63	0	0	0	0	0	0	
617237	0	0	0	0	0	0	0	0	0	85	0	0	0	0	0	0	
617987	0	0	0	0	0	0	0	0	0	75	0	0	0	0	0	0	
618735	0	0	0	0	0	0	0	0	0	87	0	0	0	0	0	0	
619487	0	0	0	0	0	0	0	0	0	73	0	0	0	0	0	0	
620238	0	0	0	0	0	0	0	0	0	75	0	0	0	0	0	0	
620989	0	0	0	0	0	0	0	0	0	73	0	0	0	0	0	0	
621741	0	0	0	0	0	0	0	0	0	83	0	0	0	0	0	0	
622493	0	0	0	0	0	0	0	0	0	81	0	0	0	0	0	0	
623242	0	0	0	0	0	0	0	0	0	75	0	0	0	0	0	0	
623991	0	0	0	0	0	0	0	0	77	0	0	0	0	0	0	0	
624744	0	0	0	0	0	0	0	0	83	0	0	0	0	0	0	0	
625497	0	0	0	0	0	0	0	0	103	0	0	0	0	0	0	0	
626245	0	0	0	0	0	0	0	0	101	0	0	0	0	0	0	0	
626994	0	0	0	0	0	0	0	0	95	0	0	0	0	0	0	0	
627745	0	0	0	0	0	0	0	0	89	0	0	0	0	0	0	0	
628496	0	0	0	0	0	0	0	0	91	0	0	0	0	0	0	0	
629245	0	0	0	0	0	0	0	0	75	0	0	0	0	0	0	0	
629995	0	0	0	0	0	0	0	0	113	0	0	0	0	0	0	0	
630748	0	0	0	0	0	0	0	0	99	0	0	0	0	0	0	0	
631497	0	0	0	0	0	0	0	0	65	22	0	0	0	0	0	0	
632246	0	0	0	0	0	0	0	0	93	0	0	0	0	0	0	0	
632995	0	0	0	0	0	0	0	0	81	0	0	0	0	0	0	0	
633747	0	0	0	0	0	0	0	0	77	0	0	0	0	0	0	0	
634497	0	0	0	0	0	0	0	0	79	0	0	0	0	0	0	0	
635249	0	0	0	0	0	0	0	0	85	0	0	0	0	0	0	0	
636000	0	0	0	0	0	0	0	0	85	0	0	0	0	0	0	0	
636755	0	0	0	0	0	0	0	0	95	0	0	0	0	0	0	0	
637508	0	0	0	0	0	0	0	0	97	0	0	0	0	0	0	0	
638256	0	0	0	0	0	0	0	0	93	0	0	0	0	0	0	0	
639006	0	0	0	0	0	0	0	0	79	0	0	0	0	0	0	0	
639755	0	0	0	0	0	0	0	0	77	0	0	0	0	0	0	0	
640510	0	0	0	0	0	0	0	0	87	0	0	0	0	0	0	0	
641260	0	0	0	0	0	0	0	0	77	0	0	0	0	0	0	0	
642008	0	0	0	0	0	0	0	0	85	0	0	0	0	0	0	0	
642757	0	0	0	0	0	0	0	0	77	0	0	0	0	0	0	0	
643506	0	0	0	0	0	0	0	0	117	0	0	0	0	0	0	0	
644255	0	0	0	0	0	0	0	0	97	0	0	0	0	0	0	0	
645008	0	0	0	0	0	0	0	0	99	0	0	0	0	0	0	0	
645762	0	0	0	0	0	0	0	0	87	0	0	0	0	0	0	0	
646516	0	0	0	0	0	0	0	0	89	0	0	0	0	0	0	0	
647265	0	0	0	0	0	0	0	0	85	0	0	0	0	0	0	0	
648018	0	0	0	0	0	0	0	0	77	0	0	0	0	0	0	0	
648767	0	0	0	0	0	0	0	0	81	0	0	0	0	0	0	0	
649512	0	0	0	0	0	0	0	0	89	0	0	0	0	0	0	0	
650263	0	0	0	0	0	0	0	0	87	0	0	0	0	0	0	0	
651013	0	0	0	0	0	0	0	0	107	0	0	0	0	0	0	0	
651763	0	0	0	0	0	0	0	0	91	0	0	0	0	0	0	0	
652513	0	0	0	0	0	0	0	0	95	0	0	0	0	0	0	0	
653265	0	0	0	0	0	0	0	0	81	0	0	0	0	0	0	0	
654015	0	0	0	0	0	0	0	0	89	0	0	0	0	0	0	0	
654767	0	0	0	0	0	0	0	93	0	0	0	0	0	0	0	0	
655517	0	0	0	0	0	0	0	107	0	0	0	0	0	0	0	0	
656265	0	0	0	0	0	0	0	103	0	0	0	0	0	0	0	0	
657013	0	0	0	0	0	0	0	109	0	0	0	0	0	0	0	0	
657765	0	0	0	0	0	0	0	85	0	0	0	0	0	0	0	0	
658516	0	0	0	0	0	0	0	113	0	0	0	0	0	0	0	0	
659265	0	0	0	0	0	0	0	123	0	0	0	0	0	0	0	0	
660015	0	0	0	0	0	0	0	91	0	0	0	0	0	0	0	0	
660764	0	0	0	0	0	0	0	103	0	0	0	0	0	0	0	0	
661514	0	0	0	0	0	0	0	117	0	0	0	0	0	0	0	0	
662265	0	0	0	0	0	0	0	91	0	0	0	0	0	0	0	0	
663017	0	0	0	0	0	0	0	105	0	0	0	0	0	0	0	0	
663767	0	0	0	0	0	0	0	111	0	0	0	0	0	0	0	0	
664519	0	0	0	0	0	0	0	101	0	0	0	0	0	0	0	0	
665268	0	0	0	0	0	0	0	105	0	0	0	0	0	0	0	0	
666018	0	0	0	0	0	0	0	105	0	0	0	0	0	0	0	0	
666765	0	0	0	0	0	0	0	93	0	0	0	0	0	0	0	0	
667514	0	0	0	0	0	0	0	0	95	0	0	0	0	0	0	0	
668264	0	0	0	0	0	0	0	0	103	0	0	0	0	0	0	0	
669013	0	0	0	0	0	0	0	0	87	0	0	0	0	0	0	0	
669763	0	0	0	0	0	0	0	0	99	0	0	0	0	0	0	0	
670513	0	0	0	0	0	0	0	0	95	0	0	0	0	0	0	0	
671261	0	0	0	0	0	0	0	0	91	0	0	0	0	0	0	0	
672011	0	0	0	0	0	0	0	95	0	0	0	0	0	0	0	0	
672761	0	0	0	0	0	0	0	105	0	0	0	0	0	0	0	0	
673512	0	0	0	0	0	0	7	94	0	0	0	0	0	0	0	0	
674261	0	0	0	0	0	0	0	128	1	0	0	0	0	0	0	0	
675011	0	0	0	0	0	0	0	99	0	0	0	0	0	0	0	0	
675760	0	0	0	0	0	0	0	103	0	0	0	0	0	0	0	0	
676509	0	0	0	0	0	0	0	93	0	0	0	0	0	0	0	0	
677261	0	0	0	0	0	0	0	117	0	0	0	0	0	0	0	0	
678011	0	0	0	0	0	0	0	103	0	0	0	0	0	0	0	0	
678760	0	0	0	0	0	0	0	97	0	0	0	0	0	0	0	0	
679513	0	0	0	0	0	0	0	101	0	0	0	0	0	0	0	0	
680262	0	0	0	0	0	0	0	93	0	0	0	0	0	0	0	0	
681014	0	0	0	0	0	0	0	115	0	0	0	0	0	0	0	0	
681763	0	0	0	0	0	0	0	99	0	0	0	0	0	0	0	0	
682512	0	0	0	0	0	0	0	103	0	0	0	0	0	0	0	0	
683263	0	0	0	0	0	0	0	81	0	0	0	0	0	0	0	0	
684014	0	0	0	0	0	0	0	79	0	0	0	0	0	0	0	0	
684767	0	0	0	0	0	0	0	107	0	0	0	0	0	0	0	0	
685514	0	0	0	0	0	0	0	93	0	0	0	0	0	0	0	0	
686262	0	0	0	0	0	0	0	105	0	0	0	0	0	0	0	0	
687011	0	0	0	0	0	0	0	93	0	0	0	0	0	0	0	0	
687762	0	0	0	0	0	0	0	93	0	0	0	0	0	0	0	0	
688512	0	0	0	0	0	0	0	119	0	0	0	0	0	0	0	0	
689261	0	0	0	0	0	0	0	91	0	0	0	0	0	0	0	0	
690010	0	0	0	0	0	0	0	107	0	0	0	0	0	0	0	0	
690762	0	0	0	0	0	0	0	16	71	0	0	0	0	0	0	0	
691510	0	0	0	0	0	0	0	0	83	0	0	0	0	0	0	0	
692262	0	0	0	0	0	0	0	46	41	0	0	0	0	0	0	0	
693014	0	0	0	0	0	0	0	0	93	0	0	0	0	0	0	0	
693764	0	0	0	0	0	0	0	0	85	0	0	0	0	0	0	0	
694513	0	0	0	0	0	0	0	0	87	0	0	0	0	0	0	0	
695263	0	0	0	0	0	0	0	0	77	0	0	0	0	0	0	0	
696012	0	0	0	0	0	0	0	0	101	0	0	0	0	0	0	0	
696764	0	0	0	0	0	0	0	0	87	0	0	0	0	0	0	0	
697515	0	0	0	0	0	0	0	0	101	0	0	0	0	0	0	0	
698262	0	0	0	0	0	0	0	0	89	0	0	0	0	0	0	0	
699013	0	0	0	0	0	0	0	0	81	0	0	0	0	0	0	0	
699761	0	0	0	0	0	0	0	0	81	0	0	0	0	0	0	0	
700510	0	0	0	0	0	0	0	0	79	0	0	0	0	0	0	0	
701264	0	0	0	0	0	0	0	0	103	0	0	0	0	0	0	0	
702014	0	0	0	0	0	0	0	0	85	0	0	0	0	0	0	0	
702765	0	0	0	0	0	0	0	0	89	0	0	0	0	0	0	0	
703515	0	0	0	0	0	0	0	0	77	0	0	0	0	0	0	0	
704268	0	0	0	0	0	0	0	0	75	0	0	0	0	0	0	0	
705020	0	0	0	0	0	0	0	0	83	0	0	0	0	0	0	0	
705768	0	0	0	0	0	0	0	0	0	75	0	0	0	0	0	0	
706517	0	0	0	0	0	0	0	0	0	79	0	0	0	0	0	0	
707267	0	0	0	0	0	0	0	0	0	81	0	0	0	0	0	0	
708017	0	0	0	0	0	0	0	0	0	99	0	0	0	0	0	0	
708765	0	0	0	0	0	0	0	0	0	93	0	0	0	0	0	0	
709517	0	0	0	0	0	0	0	0	0	69	0	0	0	0	0	0	
710266	0	0	0	0	0	0	0	0	0	65	0	0	0	0	0	0	
711015	0	0	0	0	0	0	0	0	0	87	0	0	0	0	0	0	
711764	0	0	0	0	0	0	0	0	85	0	0	0	0	0	0	0	
712511	0	0	0	0	0	0	0	0	89	0	0	0	0	0	0	0	
713262	0	0	0	0	0	0	0	0	91	0	0	0	0	0	0	0	
714012	0	0	0	0	0	0	0	0	93	0	0	0	0	0	0	0	
714762	0	0	0	0	0	0	0	0	69	0	0	0	0	0	0	0	
715511	0	0	0	0	0	0	0	0	95	0	0	0	0	0	0	0	
716259	0	0	0	0	0	0	0	0	83	0	0	0	0	0	0	0	
717011	0	0	0	0	0	0	0	0	91	0	0	0	0	0	0	0	
717758	0	0	0	0	0	0	0	0	91	0	0	0	0	0	0	0	
718509	0	0	0	0	0	0	0	0	79	0	0	0	0	0	0	0	
719255	0	0	0	0	0	0	0	0	101	0	0	0	0	0	0	0	
720005	0	0	0	0	0	0	0	0	87	0	0	0	0	0	0	0	
720754	0	0	0	0	0	0	0	0	93	0	0	0	0	0	0	0	
721507	0	0	0	0	0	0	0	0	121	0	0	0	0	0	0	0	
722257	0	0	0	0	0	0	0	0	97	0	0	0	0	0	0	0	
723009	0	0	0	0	0	0	0	0	77	0	0	0	0	0	0	0	
723757	0	0	0	0	0	0	0	0	97	0	0	0	0	0	0	0	
724510	0	0	0	0	0	0	0	4	79	0	0	0	0	0	0	0	
725260	0	0	0	0	0	0	0	111	0	0	0	0	0	0	0	0	
726011	0	0	0	0	0	0	0	93	0	0	0	0	0	0	0	0	
726763	0	0	0	0	0	0	0	113	0	0	0	0	0	0	0	0	
727514	0	0	0	0	0	0	0	109	0	0	0	0	0	0	0	0	
728265	0	0	0	0	0	0	0	103	0	0	0	0	0	0	0	0	
729015	0	0	0	0	0	0	0	107	0	0	0	0	0	0	0	0	
729764	0	0	0	0	0	0	0	101	0	0	0	0	0	0	0	0	
730512	0	0	0	0	0	0	0	109	0	0	0	0	0	0	0	0	
731265	0	0	0	0	0	0	0	89	0	0	0	0	0	0	0	0	
732019	0	0	0	0	0	0	0	95	0	0	0	0	0	0	0	0	
732770	0	0	0	0	0	0	3	94	0	0	0	0	0	0	0	0	
733519	0	0	0	0	0	0	0	93	0	0	0	0	0	0	0	0	
734269	0	0	0	0	0	0	0	111	0	0	0	0	0	0	0	0	
735020	0	0	0	0	0	0	0	115	0	0	0	0	0	0	0	0	
735769	0	0	0	0	0	0	0	87	0	0	0	0	0	0	0	0	
736519	0	0	0	0	0	0	0	111	0	0	0	0	0	0	0	0	
737270	0	0	0	0	0	0	0	91	0	0	0	0	0	0	0	0	
738019	0	0	0	0	0	0	0	91	0	0	0	0	0	0	0	0	
738766	0	0	0	0	0	0	0	105	0	0	0	0	0	0	0	0	
739515	0	0	0	0	0	0	0	107	0	0	0	0	0	0	0	0	
740264	0	0	0	0	0	0	0	87	0	0	0	0	0	0	0	0	
741015	0	0	0	0	0	0	0	97	0	0	0	0	0	0	0	0	
741767	0	0	0	0	0	0	0	0	91	0	0	0	0	0	0	0	
742518	0	0	0	0	0	0	0	0	77	0	0	0	0	0	0	0	
743272	0	0	0	0	0	0	0	0	0	89	0	0	0	0	0	0	
744025	0	0	0	0	0	0	0	0	0	69	0	0	0	0	0	0	
744775	0	0	0	0	0	0	0	0	0	89	0	0	0	0	0	0	
745523	0	0	0	0	0	0	0	0	0	54	13	0	0	0	0	0	
746274	0	0	0	0	0	0	0	0	0	75	0	0	0	0	0	0	
747024	0	0	0	0	0	0	0	0	85	0	0	0	0	0	0	0	
747775	0	0	0	0	0	0	0	109	0	0	0	0	0	0	0	0	
748525	0	0	0	0	0	0	0	97	0	0	0	0	0	0	0	0	
749273	0	0	0	0	0	0	0	105	0	0	0	0	0	0	0	0	
750023	0	0	0	0	0	0	0	83	0	0	0	0	0	0	0	0	
750776	0	0	0	0	0	0	0	85	0	0	0	0	0	0	0	0	
751527	0	0	0	0	0	0	0	105	0	0	0	0	0	0	0	0	
752278	0	0	0	0	0	0	0	93	0	0	0	0	0	0	0	0	
753025	0	0	0	0	0	0	0	109	0	0	0	0	0	0	0	0	
753776	0	0	0	0	0	0	0	91	0	0	0	0	0	0	0	0	
754527	0	0	0	0	0	0	0	111	0	0	0	0	0	0	0	0	
755279	0	0	0	0	0	0	0	97	0	0	0	0	0	0	0	0	
756026	0	0	0	0	0	0	0	95	0	0	0	0	0	0	0	0	
756778	0	0	0	0	0	0	0	107	0	0	0	0	0	0	0	0	
757526	0	0	0	0	0	0	0	97	0	0	0	0	0	0	0	0	
758279	0	0	0	0	0	0	11	80	0	0	0	0	0	0	0	0	
759032	0	0	0	0	0	0	0	91	0	0	0	0	0	0	0	0	
759781	0	0	0	0	0	0	0	107	0	0	0	0	0	0	0	0	
760532	0	0	0	0	0	0	0	101	0	0	0	0	0	0	0	0	
761280	0	0	0	0	0	0	0	117	0	0	0	0	0	0	0	0	
762027	0	0	0	0	0	0	0	97	0	0	0	0	0	0	0	0	
762775	0	0	0	0	0	0	0	101	0	0	0	0	0	0	0	0	
763523	0	0	0	0	0	0	0	83	0	0	0	0	0	0	0	0	
764274	0	0	0	0	0	0	0	101	0	0	0	0	0	0	0	0	
765025	0	0	0	0	0	0	0	93	0	0	0	0	0	0	0	0	
765775	0	0	0	0	0	0	0	101	0	0	0	0	0	0	0	0	
766525	0	0	0	0	0	0	0	103	0	0	0	0	0	0	0	0	
767272	0	0	0	0	0	0	0	105	0	0	0	0	0	0	0	0	
768021	0	0	0	0	0	0	0	87	0	0	0	0	0	0	0	0	
768771	0	0	0	0	0	0	0	105	0	0	0	0	0	0	0	0	
769518	0	0	0	0	0	0	0	111	0	0	0	0	0	0	0	0	
770269	0	0	0	0	0	0	0	109	0	0	0	0	0	0	0	0	
771017	0	0	0	0	0	0	0	99	0	0	0	0	0	0	0	0	
771765	0	0	0	0	0	0	0	107	0	0	0	0	0	0	0	0	
772515	0	0	0	0	0	0	0	87	0	0	0	0	0	0	0	0	
773265	0	0	0	0	0	0	0	111	0	0	0	0	0	0	0	0	
774016	0	0	0	0	0	0	0	99	0	0	0	0	0	0	0	0	
774769	0	0	0	0	0	0	0	85	0	0	0	0	0	0	0	0	
775519	0	0	0	0	0	0	0	101	0	0	0	0	0	0	0	0	
776269	0	0	0	0	0	0	0	95	0	0	0	0	0	0	0	0	
777019	0	0	0	0	0	0	0	89	0	0	0	0	0	0	0	0	
777768	0	0	0	0	0	0	0	103	0	0	0	0	0	0	0	0	
778522	0	0	0	0	0	0	0	113	0	0	0	0	0	0	0	0	
779274	0	0	0	0	0	0	0	97	0	0	0	0	0	0	0	0	
780024	0	0	0	0	0	0	0	95	0	0	0	0	0	0	0	0	
780774	0	0	0	0	0	0	0	105	0	0	0	0	0	0	0	0	
781524	0	0	0	0	0	0	0	101	0	0	0	0	0	0	0	0	
782276	0	0	0	0	0	0	0	117	0	0	0	0	0	0	0	0	
783023	0	0	0	0	0	0	0	105	0	0	0	0	0	0	0	0	
783771	0	0	0	0	0	0	0	87	0	0	0	0	0	0	0	0	
784520	0	0	0	0	0	0	0	95	0	0	0	0	0	0	0	0	
785272	0	0	0	0	0	0	0	91	0	0	0	0	0	0	0	0	
786020	0	0	0	0	0	0	0	105	0	0	0	0	0	0	0	0	
786770	0	0	0	0	0	0	0	75	0	0	0	0	0	0	0	0	
787520	0	0	0	0	0	0	0	111	0	0	0	0	0	0	0	0	
788269	0	0	0	0	0	0	0	65	0	0	0	0	0	0	0	0	
789021	0	0	0	0	0	0	0	101	0	0	0	0	0	0	0	0	
789774	0	0	0	0	0	0	0	115	0	0	0	0	0	0	0	0	
790524	0	0	0	0	0	0	0	101	0	0	0	0	0	0	0	0	
791274	0	0	0	0	0	0	0	107	0	0	0	0	0	0	0	0	
792020	0	0	0	0	0	0	0	91	0	0	0	0	0	0	0	0	
792768	0	0	0	0	0	0	0	95	0	0	0	0	0	0	0	0	
793521	0	0	0	0	0	0	0	107	0	0	0	0	0	0	0	0	
794270	0	0	0	0	0	0	0	105	0	0	0	0	0	0	0	0	
795019	0	0	0	0	0	0	0	91	0	0	0	0	0	0	0	0	
795767	0	0	0	0	0	0	0	107	0	0	0	0	0	0	0	0	
796516	0	0	0	0	0	0	0	85	0	0	0	0	0	0	0	0	
797267	0	0	0	0	0	0	0	99	0	0	0	0	0	0	0	0	
798017	0	0	0	0	0	0	0	93	0	0	0	0	0	0	0	0	
798767	0	0	0	0	0	0	0	89	0	0	0	0	0	0	0	0	
799515	0	0	0	0	0	0	0	85	0	0	0	0	0	0	0	0	
800267	0	0	0	0	0	0	0	93	0	0	0	0	0	0	0	0	
801017	0	0	0	0	0	0	0	105	0	0	0	0	0	0	0	0	
801768	0	0	0	0	0	0	0	107	0	0	0	0	0	0	0	0	
802517	0	0	0	0	0	0	0	99	0	0	0	0	0	0	0	0	
803269	0	0	0	0	0	0	0	97	0	0	0	0	0	0	0	0	
804022	0	0	0	0	0	0	0	95	0	0	0	0	0	0	0	0	
804770	0	0	0	0	0	0	0	93	0	0	0	0	0	0	0	0	
805520	0	0	0	0	0	0	0	101	0	0	0	0	0	0	0	0	
806266	0	0	0	0	0	0	0	97	0	0	0	0	0	0	0	0	
807015	0	0	0	0	0	0	0	109	0	0	0	0	0	0	0	0	
807764	0	0	0	0	0	0	0	0	81	0	0	0	0	0	0	0	
808514	0	0	0	0	0	0	0	0	107	0	0	0	0	0	0	0	
809267	0	0	0	0	0	0	0	0	101	0	0	0	0	0	0	0	
810016	0	0	0	0	0	0	0	0	95	0	0	0	0	0	0	0	
810765	0	0	0	0	0	0	0	0	91	0	0	0	0	0	0	0	
811513	0	0	0	0	0	0	0	0	83	0	0	0	0	0	0	0	
812262	0	0	0	0	0	0	0	0	79	0	0	0	0	0	0	0	
813008	0	0	0	0	0	0	0	0	83	0	0	0	0	0	0	0	
813757	0	0	0	0	0	0	0	0	0	77	8	0	0	0	0	0	
814510	0	0	0	0	0	0	0	0	0	61	0	0	0	0	0	0	
815259	0	0	0	0	0	0	0	0	0	85	0	0	0	0	0	0	
816007	0	0	0	0	0	0	0	0	0	85	0	0	0	0	0	0	
816755	0	0	0	0	0	0	0	0	0	87	0	0	0	0	0	0	
817501	0	0	0	0	0	0	0	0	0	0	77	0	0	0	0	0	
818253	0	0	0	0	0	0	0	0	0	0	73	0	0	0	0	0	
818999	0	0	0	0	0	0	0	0	0	0	67	0	0	0	0	0	
819752	0	0	0	0	0	0	0	0	0	0	91	0	0	0	0	0	
820503	0	0	0	0	0	0	0	0	0	0	57	0	0	0	0	0	
821252	0	0	0	0	0	0	0	0	0	0	69	0	0	0	0	0	
822002	0	0	0	0	0	0	0	0	0	0	65	0	0	0	0	0	
822755	0	0	0	0	0	0	0	0	0	0	55	0	0	0	0	0	
823506	0	0	0	0	0	0	0	0	0	0	75	0	0	0	0	0	
824256	0	0	0	0	0	0	0	0	0	0	83	0	0	0	0	0	
825007	0	0	0	0	0	0	0	0	0	0	85	0	0	0	0	0	
825760	0	0	0	0	0	0	0	0	0	0	73	0	0	0	0	0	
826512	0	0	0	0	0	0	0	0	0	0	73	0	0	0	0	0	
827261	0	0	0	0	0	0	0	0	0	0	83	0	0	0	0	0	
828010	0	0	0	0	0	0	0	0	0	0	77	0	0	0	0	0	
828760	0	0	0	0	0	0	0	0	0	0	95	0	0	0	0	0	
829506	0	0	0	0	0	0	0	0	0	0	77	0	0	0	0	0	
830256	0	0	0	0	0	0	0	0	0	0	77	0	0	0	0	0	
831007	0	0	0	0	0	0	0	0	0	0	73	0	0	0	0	0	
831754	0	0	0	0	0	0	0	0	0	0	79	0	0	0	0	0	
832506	0	0	0	0	0	0	0	0	0	0	65	0	0	0	0	0	
833255	0	0	0	0	0	0	0	0	0	0	63	0	0	0	0	0	
834009	0	0	0	0	0	0	0	0	0	0	71	0	0	0	0	0	
834758	0	0	0	0	0	0	0	0	0	0	77	0	0	0	0	0	
835511	0	0	0	0	0	0	0	0	0	0	61	10	0	0	0	0	
836261	0	0	0	0	0	0	0	0	0	0	79	0	0	0	0	0	
837010	0	0	0	0	0	0	0	0	0	0	71	0	0	0	0	0	
837764	0	0	0	0	0	0	0	0	0	0	77	0	0	0	0	0	
838513	0	0	0	0	0	0	0	0	0	0	61	0	0	0	0	0	
839263	0	0	0	0	0	0	0	0	0	77	0	0	0	0	0	0	
840013	0	0	0	0	0	0	0	0	0	89	0	0	0	0	0	0	
840765	0	0	0	0	0	0	0	0	0	93	0	0	0	0	0	0	
841518	0	0	0	0	0	0	0	0	0	63	0	0	0	0	0	0	
842268	0	0	0	0	0	0	0	0	0	81	0	0	0	0	0	0	
843016	0	0	0	0	0	0	0	0	0	79	0	0	0	0	0	0	
843766	0	0	0	0	0	0	0	0	0	81	0	0	0	0	0	0	
844516	0	0	0	0	0	0	0	0	0	83	0	0	0	0	0	0	
845268	0	0	0	0	0	0	0	0	0	83	0	0	0	0	0	0	
846015	0	0	0	0	0	0	0	0	0	85	0	0	0	0	0	0	
846766	0	0	0	0	0	0	0	0	0	69	0	0	0	0	0	0	
847514	0	0	0	0	0	0	0	0	0	79	0	0	0	0	0	0	
848267	0	0	0	0	0	0	0	0	0	81	0	0	0	0	0	0	
849020	0	0	0	0	0	0	0	0	0	89	0	0	0	0	0	0	
849770	0	0	0	0	0	0	0	0	0	73	0	0	0	0	0	0	
850523	0	0	0	0	0	0	0	0	0	71	0	0	0	0	0	0	
851275	0	0	0	0	0	0	0	0	0	79	0	0	0	0	0	0	
852023	0	0	0	0	0	0	0	0	0	85	0	0	0	0	0	0	
852774	0	0	0	0	0	0	0	0	0	77	0	0	0	0	0	0	
853524	0	0	0	0	0	0	0	0	0	69	0	0	0	0	0	0	
854275	0	0	0	0	0	0	0	0	0	77	0	0	0	0	0	0	
855022	0	0	0	0	0	0	0	0	0	71	0	0	0	0	0	0	
855769	0	0	0	0	0	0	0	0	0	77	0	0	0	0	0	0	
856518	0	0	0	0	0	0	0	0	0	79	0	0	0	0	0	0	
857268	0	0	0	0	0	0	0	0	0	87	0	0	0	0	0	0	
858018	0	0	0	0	0	0	0	0	0	83	0	0	0	0	0	0	
858768	0	0	0	0	0	0	0	0	0	77	0	0	0	0	0	0	
859519	0	0	0	0	0	0	0	0	0	93	0	0	0	0	0	0	
860271	0	0	0	0	0	0	0	0	0	93	0	0	0	0	0	0	
861019	0	0	0	0	0	0	0	0	0	79	0	0	0	0	0	0	
861769	0	0	0	0	0	0	0	0	0	85	0	0	0	0	0	0	
862517	0	0	0	0	0	0	0	0	0	83	0	0	0	0	0	0	
863266	0	0	0	0	0	0	0	0	0	87	0	0	0	0	0	0	
864014	0	0	0	0	0	0	0	0	0	95	0	0	0	0	0	0	
864760	0	0	0	0	0	0	0	0	0	77	0	0	0	0	0	0	
865510	0	0	0	0	0	0	0	0	0	69	0	0	0	0	0	0	
866259	0	0	0	0	0	0	0	0	0	0	73	0	0	0	0	0	
867008	0	0	0	0	0	0	0	0	0	0	63	0	0	0	0	0	
867759	0	0	0	0	0	0	0	0	0	0	83	0	0	0	0	0	
868508	0	0	0	0	0	0	0	0	0	0	69	0	0	0	0	0	
869260	0	0	0	0	0	0	0	0	0	0	65	0	0	0	0	0	
870009	0	0	0	0	0	0	0	0	0	0	87	0	0	0	0	0	
870765	0	0	0	0	0	0	0	0	0	0	67	0	0	0	0	0	
871516	0	0	0	0	0	0	0	0	0	0	83	0	0	0	0	0	
872267	0	0	0	0	0	0	0	0	0	73	0	0	0	0	0	0	
873018	0	0	0	0	0	0	0	0	0	79	0	0	0	0	0	0	
873765	0	0	0	0	0	0	0	0	0	65	0	0	0	0	0	0	
874514	0	0	0	0	0	0	0	0	0	79	0	0	0	0	0	0	
875262	0	0	0	0	0	0	0	0	0	87	0	0	0	0	0	0	
876011	0	0	0	0	0	0	0	0	0	79	0	0	0	0	0	0	
876764	0	0	0	0	0	0	0	0	0	77	0	0	0	0	0	0	
877513	0	0	0	0	0	0	0	0	0	89	0	0	0	0	0	0	
878259	0	0	0	0	0	0	0	0	0	73	0	0	0	0	0	0	
879006	0	0	0	0	0	0	0	0	0	0	75	0	0	0	0	0	
879752	0	0	0	0	0	0	0	0	0	0	63	0	0	0	0	0	
880500	0	0	0	0	0	0	0	0	0	0	71	0	0	0	0	0	
881250	0	0	0	0	0	0	0	0	0	0	65	0	0	0	0	0	
882002	0	0	0	0	0	0	0	0	0	0	61	0	0	0	0	0	
882753	0	0	0	0	0	0	0	0	0	0	71	0	0	0	0	0	
883506	0	0	0	0	0	0	0	0	0	0	65	0	0	0	0	0	
884257	0	0	0	0	0	0	0	0	0	0	69	0	0	0	0	0	
885007	0	0	0	0	0	0	0	0	0	0	77	0	0	0	0	0	
885759	0	0	0	0	0	0	0	0	0	0	59	0	0	0	0	0	
886515	0	0	0	0	0	0	0	0	0	0	65	0	0	0	0	0	
887265	0	0	0	0	0	0	0	0	0	0	61	0	0	0	0	0	
888014	0	0	0	0	0	0	0	0	0	0	67	0	0	0	0	0	
888762	0	0	0	0	0	0	0	0	0	0	71	0	0	0	0	0	
889510	0	0	0	0	0	0	0	0	0	4	75	0	0	0	0	0	
890257	0	0	0	0	0	0	0	0	0	0	85	0	0	0	0	0	
891006	0	0	0	0	0	0	0	0	0	0	73	0	0	0	0	0	
891759	0	0	0	0	0	0	0	0	0	0	65	0	0	0	0	0	
892509	0	0	0	0	0	0	0	0	0	87	0	0	0	0	0	0	
893259	0	0	0	0	0	0	0	0	0	81	0	0	0	0	0	0	
894010	0	0	0	0	0	0	0	0	0	93	0	0	0	0	0	0	
894760	0	0	0	0	0	0	0	0	0	81	0	0	0	0	0	0	
895506	0	0	0	0	0	0	0	0	0	87	0	0	0	0	0	0	
896259	0	0	0	0	0	0	0	0	0	67	0	0	0	0	0	0	
897010	0	0	0	0	0	0	0	0	0	91	0	0	0	0	0	0	
897759	0	0	0	0	0	0	0	0	0	87	0	0	0	0	0	0	
898506	0	0	0	0	0	0	0	0	0	83	0	0	0	0	0	0	
899255	0	0	0	0	0	0	0	0	0	0	77	0	0	0	0	0	
900003	0	0	0	0	0	0	0	0	0	0	79	0	0	0	0	0	
900751	0	0	0	0	0	0	0	0	0	0	71	0	0	0	0	0	
901500	0	0	0	0	0	0	0	0	0	0	77	0	0	0	0	0	
902249	0	0	0	0	0	0	0	0	0	0	81	0	0	0	0	0	
902998	0	0	0	0	0	0	0	0	0	0	73	0	0	0	0	0	
903751	0	0	0	0	0	0	0	0	0	0	91	0	0	0	0	0	
904500	0	0	0	0	0	0	0	0	0	0	0	55	0	0	0	0	
905251	0	0	0	0	0	0	0	0	0	0	0	57	0	0	0	0	
906003	0	0	0	0	0	0	0	0	0	0	0	67	0	0	0	0	
906754	0	0	0	0	0	0	0	0	0	0	0	63	0	0	0	0	
907505	0	0	0	0	0	0	0	0	0	0	0	65	0	0	0	0	
908255	0	0	0	0	0	0	0	0	0	0	0	0	55	0	0	0	
909002	0	0	0	0	0	0	0	0	0	0	0	0	69	0	0	0	
909751	0	0	0	0	0	0	0	0	0	0	0	0	65	0	0	0	
910498	0	0	0	0	0	0	0	0	0	0	0	0	53	0	0	0	
911249	0	0	0	0	0	0	0	0	0	0	0	0	0	61	0	0	
912000	0	0	0	0	0	0	0	0	0	0	0	0	0	59	0	0	
912752	0	0	0	0	0	0	0	0	0	0	0	0	0	41	0	0	
913501	0	0	0	0	0	0	0	0	0	0	0	0	0	59	0	0	
914253	0	0	0	0	0	0	0	0	0	0	0	0	0	55	0	0	
915003	0	0	0	0	0	0	0	0	0	0	0	0	0	43	0	0	
915754	0	0	0	0	0	0	0	0	0	0	0	0	0	5	52	0	
916510	0	0	0	0	0	0	0	0	0	0	0	0	0	0	67	0	
917262	0	0	0	0	0	0	0	0	0	0	0	0	0	51	0	0	
918013	0	0	0	0	0	0	0	0	0	0	0	0	0	0	59	0	
918764	0	0	0	0	0	0	0	0	0	0	0	0	0	0	51	0	
919513	0	0	0	0	0	0	0	0	0	0	0	0	0	55	0	0	
920266	0	0	0	0	0	0	0	0	0	0	0	0	0	61	0	0	
921014	0	0	0	0	0	0	0	0	0	0	0	0	0	61	0	0	
921764	0	0	0	0	0	0	0	0	0	0	0	0	0	43	0	0	
922514	0	0	0	0	0	0	0	0	0	0	0	0	0	63	0	0	
923264	0	0	0	0	0	0	0	0	0	0	0	0	0	63	0	0	
924014	0	0	0	0	0	0	0	0	0	0	0	0	0	59	0	0	
924763	0	0	0	0	0	0	0	0	0	0	0	0	0	61	0	0	
925513	0	0	0	0	0	0	0	0	0	0	0	0	0	77	0	0	
926259	0	0	0	0	0	0	0	0	0	0	0	0	0	0	49	0	
927006	0	0	0	0	0	0	0	0	0	0	0	0	0	0	65	0	
927757	0	0	0	0	0	0	0	0	0	0	0	0	0	0	49	0	
928509	0	0	0	0	0	0	0	0	0	0	0	0	0	0	59	0	
929259	0	0	0	0	0	0	0	0	0	0	0	0	0	0	65	0	
930006	0	0	0	0	0	0	0	0	0	0	0	0	0	0	59	0	
930757	0	0	0	0	0	0	0	0	0	0	0	0	0	0	59	0	
931507	0	0	0	0	0	0	0	0	0	0	0	0	0	0	61	0	
932257	0	0	0	0	0	0	0	0	0	0	0	0	0	0	57	0	
933008	0	0	0	0	0	0	0	0	0	0	0	0	0	0	39	0	
933755	0	0	0	0	0	0	0	0	0	0	0	0	0	0	45	0	
934508	0	0	0	0	0	0	0	0	0	0	0	0	0	0	47	0	
935257	0	0	0	0	0	0	0	0	0	0	0	0	0	57	0	0	
936009	0	0	0	0	0	0	0	0	0	0	0	0	55	0	0	0	
936763	0	0	0	0	0	0	0	0	0	0	0	0	71	0	0	0	
937514	0	0	0	0	0	0	0	0	0	0	0	0	53	0	0	0	
938265	0	0	0	0	0	0	0	0	0	0	0	0	69	0	0	0	
939014	0	0	0	0	0	0	0	0	0	0	0	0	63	0	0	0	
939765	0	0	0	0	0	0	0	0	0	0	0	0	61	0	0	0	
940517	0	0	0	0	0	0	0	0	0	0	0	0	67	0	0	0	
941266	0	0	0	0	0	0	0	0	0	0	0	0	65	0	0	0	
942015	0	0	0	0	0	0	0	0	0	0	0	0	63	0	0	0	
942766	0	0	0	0	0	0	0	0	0	0	0	0	63	0	0	0	
943518	0	0	0	0	0	0	0	0	0	0	0	0	51	0	0	0	
944263	0	0	0	0	0	0	0	0	0	0	0	0	59	0	0	0	
945014	0	0	0	0	0	0	0	0	0	0	0	0	67	0	0	0	
945764	0	0	0	0	0	0	0	0	0	0	0	0	55	0	0	0	
946516	0	0	0	0	0	0	0	0	0	0	0	0	69	0	0	0	
947267	0	0	0	0	0	0	0	0	0	0	0	0	0	67	0	0	
948016	0	0	0	0	0	0	0	0	0	0	0	0	59	0	0	0	
948765	0	0	0	0	0	0	0	0	0	0	0	0	71	0	0	0	
949515	0	0	0	0	0	0	0	0	0	0	0	0	55	0	0	0	
950267	0	0	0	0	0	0	0	0	0	0	0	0	55	0	0	0	
951017	0	0	0	0	0	0	0	0	0	0	0	0	59	0	0	0	
951768	0	0	0	0	0	0	0	0	0	0	0	0	0	69	0	0	
952516	0	0	0	0	0	0	0	0	0	0	0	0	0	65	0	0	
953265	0	0	0	0	0	0	0	0	0	0	0	0	61	0	0	0	
954015	0	0	0	0	0	0	0	0	0	0	0	0	57	0	0	0	
954767	0	0	0	0	0	0	0	0	0	0	0	0	57	0	0	0	
955517	0	0	0	0	0	0	0	0	0	0	0	0	49	0	0	0	
956269	0	0	0	0	0	0	0	0	0	0	0	0	67	0	0	0	
957018	0	0	0	0	0	0	0	0	0	0	0	0	71	0	0	0	
957768	0	0	0	0	0	0	0	0	0	0	0	0	67	0	0	0	
958519	0	0	0	0	0	0	0	0	0	0	0	0	69	0	0	0	
959273	0	0	0	0	0	0	0	0	0	0	0	0	57	0	0	0	
960027	0	0	0	0	0	0	0	0	0	0	0	0	55	0	0	0	
960777	0	0	0	0	0	0	0	0	0	0	0	0	65	0	0	0	
961528	0	0	0	0	0	0	0	0	0	0	0	65	0	0	0	0	
962276	0	0	0	0	0	0	0	0	0	0	0	73	0	0	0	0	
963027	0	0	0	0	0	0	0	0	0	0	0	67	0	0	0	0	
963778	0	0	0	0	0	0	0	0	0	0	0	0	53	0	0	0	
964530	0	0	0	0	0	0	0	0	0	0	0	0	65	0	0	0	
965280	0	0	0	0	0	0	0	0	0	0	0	0	51	0	0	0	
966031	0	0	0	0	0	0	0	0	0	0	0	0	59	0	0	0	
966782	0	0	0	0	0	0	0	0	0	0	0	0	49	0	0	0	
967534	0	0	0	0	0	0	0	0	0	0	0	0	69	0	0	0	
968283	0	0	0	0	0	0	0	0	0	0	0	0	59	0	0	0	
969035	0	0	0	0	0	0	0	0	0	0	0	0	71	0	0	0	
969784	0	0	0	0	0	0	0	0	0	0	0	0	57	0	0	0	
970537	0	0	0	0	0	0	0	0	0	0	0	0	71	0	0	0	
971287	0	0	0	0	0	0	0	0	0	0	0	0	53	0	0	0	
972038	0	0	0	0	0	0	0	0	0	0	0	0	71	0	0	0	
972786	0	0	0	0	0	0	0	0	0	0	0	0	81	0	0	0	
973535	0	0	0	0	0	0	0	0	0	0	0	0	71	0	0	0	
974288	0	0	0	0	0	0	0	0	0	0	0	0	73	0	0	0	
975040	0	0	0	0	0	0	0	0	0	0	0	0	53	0	0	0	
975789	0	0	0	0	0	0	0	0	0	0	0	0	63	0	0	0	
976537	0	0	0	0	0	0	0	0	0	0	0	0	55	0	0	0	
977289	0	0	0	0	0	0	0	0	0	0	0	0	55	0	0	0	
978040	0	0	0	0	0	0	0	0	0	0	0	0	67	0	0	0	
978790	0	0	0	0	0	0	0	0	0	0	0	87	0	0	0	0	
979541	0	0	0	0	0	0	0	0	0	0	0	63	0	0	0	0	
980289	0	0	0	0	0	0	0	0	0	0	0	71	0	0	0	0	
981038	0	0	0	0	0	0	0	0	0	0	0	67	0	0	0	0	
981790	0	0	0	0	0	0	0	0	0	0	0	81	0	0	0	0	
982541	0	0	0	0	0	0	0	0	0	0	0	63	0	0	0	0	
983292	0	0	0	0	0	0	0	0	0	0	0	71	0	0	0	0	
984044	0	0	0	0	0	0	0	0	0	0	0	93	0	0	0	0	
984794	0	0	0	0	0	0	0	0	0	0	0	47	0	0	0	0	
985543	0	0	0	0	0	0	0	0	0	0	0	73	0	0	0	0	
986294	0	0	0	0	0	0	0	0	0	0	0	69	0	0	0	0	
987042	0	0	0	0	0	0	0	0	0	0	0	53	0	0	0	0	
987793	0	0	0	0	0	0	0	0	0	0	0	79	0	0	0	0	
988548	0	0	0	0	0	0	0	0	0	0	0	61	0	0	0	0	
989299	0	0	0	0	0	0	0	0	0	0	79	0	0	0	0	0	
990048	0	0	0	0	0	0	0	0	0	0	77	0	0	0	0	0	
990797	0	0	0	0	0	0	0	0	0	0	73	0	0	0	0	0	
991542	0	0	0	0	0	0	0	0	0	0	71	0	0	0	0	0	
992292	0	0	0	0	0	0	0	0	0	0	69	0	0	0	0	0	
993040	0	0	0	0	0	0	0	0	0	0	77	0	0	0	0	0	
993791	0	0	0	0	0	0	0	0	0	0	85	0	0	0	0	0	
994544	0	0	0	0	0	0	0	0	0	0	73	0	0	0	0	0	
995295	0	0	0	0	0	0	0	0	0	0	79	0	0	0	0	0	
996045	0	0	0	0	0	0	0	0	0	0	69	0	0	0	0	0	
996794	0	0	0	0	0	0	0	0	0	0	73	0	0	0	0	0	
997543	0	0	0	0	0	0	0	0	0	0	65	0	0	0	0	0	
998294	0	0	0	0	0	0	0	0	0	0	59	0	0	0	0	0	
999044	0	0	0	0	0	0	0	0	0	0	69	0	0	0	0	0	
999793	0	0	0	0	0	0	0	0	0	0	71	0	0	0	0	0	
1.00054e+06	0	0	0	0	0	0	0	0	0	0	69	0	0	0	0	0	
1.00129e+06	0	0	0	0	0	0	0	0	0	0	73	0	0	0	0	0	
1.00204e+06	0	0	0	0	0	0	0	0	0	0	75	0	0	0	0	0	
1.00278e+06	0	0	0	0	0	0	0	0	0	0	59	0	0	0	0	0	
1.00353e+06	0	0	0	0	0	0	0	0	0	0	73	0	0	0	0	0	
1.00428e+06	0	0	0	0	0	0	0	0	0	0	75	0	0	0	0	0	
1.00503e+06	0	0	0	0	0	0	0	0	0	0	81	0	0	0	0	0	
1.00578e+06	0	0	0	0	0	0	0	0	0	0	77	0	0	0	0	0	
1.00653e+06	0	0	0	0	0	0	0	0	0	0	83	0	0	0	0	0	
1.00729e+06	0	0	0	0	0	0	0	0	0	0	91	0	0	0	0	0	
1.00804e+06	0	0	0	0	0	0	0	0	0	0	89	0	0	0	0	0	
1.00879e+06	0	0	0	0	0	0	0	0	0	0	87	0	0	0	0	0	
1.00954e+06	0	0	0	0	0	0	0	0	0	0	69	0	0	0	0	0	
1.01029e+06	0	0	0	0	0	0	0	0	0	0	77	0	0	0	0	0	
1.01104e+06	0	0	0	0	0	0	0	0	0	0	87	0	0	0	0	0	
1.01178e+06	0	0	0	0	0	0	0	0	0	0	83	0	0	0	0	0	
1.01253e+06	0	0	0	0	0	0	0	0	0	0	73	0	0	0	0	0	
1.01328e+06	0	0	0	0	0	0	0	0	0	0	71	0	0	0	0	0	
1.01403e+06	0	0	0	0	0	0	0	0	0	0	85	0	0	0	0	0	
1.01479e+06	0	0	0	0	0	0	0	0	0	0	67	0	0	0	0	0	
1.01554e+06	0	0	0	0	0	0	0	0	0	0	51	0	0	0	0	0	
1.01629e+06	0	0	0	0	0	0	0	0	0	0	0	71	0	0	0	0	
1.01703e+06	0	0	0	0	0	0	0	0	0	0	0	65	0	0	0	0	
1.01778e+06	0	0	0	0	0	0	0	0	0	0	0	55	0	0	0	0	
1.01854e+06	0	0	0	0	0	0	0	0	0	0	0	59	0	0	0	0	
1.01929e+06	0	0	0	0	0	0	0	0	0	0	0	79	0	0	0	0	
1.02004e+06	0	0	0	0	0	0	0	0	0	0	0	71	0	0	0	0	
1.02079e+06	0	0	0	0	0	0	0	0	0	0	0	61	0	0	0	0	
1.02154e+06	0	0	0	0	0	0	0	0	0	0	0	73	0	0	0	0	
1.02229e+06	0	0	0	0	0	0	0	0	0	0	0	61	0	0	0	0	
1.02304e+06	0	0	0	0	0	0	0	0	0	0	0	67	0	0	0	0	
1.02379e+06	0	0	0	0	0	0	0	0	0	0	0	65	0	0	0	0	
1.02454e+06	0	0	0	0	0	0	0	0	0	0	0	55	0	0	0	0	
1.02529e+06	0	0	0	0	0	0	0	0	0	0	0	67	0	0	0	0	
1.02604e+06	0	0	0	0	0	0	0	0	0	0	0	81	0	0	0	0	
1.02679e+06	0	0	0	0	0	0	0	0	0	0	0	59	0	0	0	0	
1.02754e+06	0	0	0	0	0	0	0	0	0	0	0	67	0	0	0	0	
1.02829e+06	0	0	0	0	0	0	0	0	0	0	0	49	0	0	0	0	
1.02905e+06	0	0	0	0	0	0	0	0	0	0	0	59	0	0	0	0	
1.0298e+06	0	0	0	0	0	0	0	0	0	0	0	73	0	0	0	0	
1.03055e+06	0	0	0	0	0	0	0	0	0	0	0	59	0	0	0	0	
1.0313e+06	0	0	0	0	0	0	0	0	0	0	0	57	0	0	0	0	
1.03205e+06	0	0	0	0	0	0	0	0	0	0	0	69	0	0	0	0	
1.0328e+06	0	0	0	0	0	0	0	0	0	0	0	69	0	0	0	0	
1.03354e+06	0	0	0	0	0	0	0	0	0	0	0	49	0	0	0	0	
1.0343e+06	0	0	0	0	0	0	0	0	0	0	0	77	0	0	0	0	
1.03504e+06	0	0	0	0	0	0	0	0	0	0	0	81	0	0	0	0	
1.0358e+06	0	0	0	0	0	0	0	0	0	0	0	61	0	0	0	0	
1.03655e+06	0	0	0	0	0	0	0	0	0	0	0	71	0	0	0	0	
1.03729e+06	0	0	0	0	0	0	0	0	0	0	0	65	0	0	0	0	
1.03805e+06	0	0	0	0	0	0	0	0	0	0	0	63	0	0	0	0	
1.03879e+06	0	0	0	0	0	0	0	0	0	0	0	73	0	0	0	0	
1.03954e+06	0	0	0	0	0	0	0	0	0	0	0	77	0	0	0	0	
1.04029e+06	0	0	0	0	0	0	0	0	0	0	0	65	0	0	0	0	
1.04104e+06	0	0	0	0	0	0	0	0	0	0	0	71	0	0	0	0	
1.0418e+06	0	0	0	0	0	0	0	0	0	0	0	73	0	0	0	0	
1.04255e+06	0	0	0	0	0	0	0	0	0	0	0	79	0	0	0	0	
1.04329e+06	0	0	0	0	0	0	0	0	0	0	0	67	0	0	0	0	
1.04404e+06	0	0	0	0	0	0	0	0	0	0	0	57	0	0	0	0	
1.04479e+06	0	0	0	0	0	0	0	0	0	0	0	79	0	0	0	0	
1.04554e+06	0	0	0	0	0	0	0	0	0	0	0	69	0	0	0	0	
1.04629e+06	0	0	0	0	0	0	0	0	0	0	0	95	0	0	0	0	
1.04704e+06	0	0	0	0	0	0	0	0	0	0	0	75	0	0	0	0	
1.04779e+06	0	0	0	0	0	0	0	0	0	0	0	69	0	0	0	0	
1.04854e+06	0	0	0	0	0	0	0	0	0	0	0	63	0	0	0	0	
1.04929e+06	0	0	0	0	0	0	0	0	0	0	0	73	0	0	0	0	
1.05004e+06	0	0	0	0	0	0	0	0	0	0	0	71	0	0	0	0	
1.05079e+06	0	0	0	0	0	0	0	0	0	0	0	73	0	0	0	0	
1.05154e+06	0	0	0	0	0	0	0	0	0	0	0	67	0	0	0	0	
1.05229e+06	0	0	0	0	0	0	0	0	0	0	0	65	0	0	0	0	
1.05304e+06	0	0	0	0	0	0	0	0	0	0	0	61	0	0	0	0	
1.05379e+06	0	0	0	0	0	0	0	0	0	0	0	71	0	0	0	0	
1.05454e+06	0	0	0	0	0	0	0	0	0	0	0	49	0	0	0	0	
1.05529e+06	0	0	0	0	0	0	0	0	0	0	0	67	0	0	0	0	
1.05604e+06	0	0	0	0	0	0	0	0	0	0	0	67	0	0	0	0	
1.05678e+06	0	0	0	0	0	0	0	0	0	0	0	65	0	0	0	0	
1.05753e+06	0	0	0	0	0	0	0	0	0	0	0	67	0	0	0	0	
1.05828e+06	0	0	0	0	0	0	0	0	0	0	0	69	0	0	0	0	
1.05903e+06	0	0	0	0	0	0	0	0	0	0	0	59	0	0	0	0	
1.05978e+06	0	0	0	0	0	0	0	0	0	0	0	73	0	0	0	0	
1.06053e+06	0	0	0	0	0	0	0	0	0	0	85	0	0	0	0	0	
1.06128e+06	0	0	0	0	0	0	0	0	0	0	65	0	0	0	0	0	
1.06203e+06	0	0	0	0	0	0	0	0	0	0	61	0	0	0	0	0	
1.06278e+06	0	0	0	0	0	0	0	0	0	0	65	0	0	0	0	0	
1.06353e+06	0	0	0	0	0	0	0	0	0	0	79	0	0	0	0	0	
1.06428e+06	0	0	0	0	0	0	0	0	0	79	0	0	0	0	0	0	
1.06503e+06	0	0	0	0	0	0	0	0	0	71	0	0	0	0	0	0	
1.06578e+06	0	0	0	0	0	0	0	0	0	81	0	0	0	0	0	0	
1.06653e+06	0	0	0	0	0	0	0	0	0	85	0	0	0	0	0	0	
1.06728e+06	0	0	0	0	0	0	0	0	63	0	0	0	0	0	0	0	
1.06803e+06	0	0	0	0	0	0	0	0	93	0	0	0	0	0	0	0	
1.06878e+06	0	0	0	0	0	0	0	0	107	0	0	0	0	0	0	0	
1.06953e+06	0	0	0	0	0	0	0	0	81	0	0	0	0	0	0	0	
1.07028e+06	0	0	0	0	0	0	0	0	75	0	0	0	0	0	0	0	
1.07103e+06	0	0	0	0	0	0	0	0	85	0	0	0	0	0	0	0	
1.07178e+06	0	0	0	0	0	0	0	0	75	0	0	0	0	0	0	0	
1.07252e+06	0	0	0	0	0	0	0	0	81	0	0	0	0	0	0	0	
1.07327e+06	0	0	0	0	0	0	0	0	87	0	0	0	0	0	0	0	
1.07402e+06	0	0	0	0	0	0	0	17	70	0	0	0	0	0	0	0	
1.07478e+06	0	0	0	0	0	0	0	0	91	0	0	0	0	0	0	0	
1.07553e+06	0	0	0	0	0	0	0	0	87	0	0	0	0	0	0	0	
1.07628e+06	0	0	0	0	0	0	0	0	97	0	0	0	0	0	0	0	
1.07703e+06	0	0	0	0	0	0	0	0	95	0	0	0	0	0	0	0	
1.07778e+06	0	0	0	0	0	0	0	0	107	0	0	0	0	0	0	0	
1.07853e+06	0	0	0	0	0	0	0	0	91	0	0	0	0	0	0	0	
1.07928e+06	0	0	0	0	0	0	0	0	89	0	0	0	0	0	0	0	
1.08003e+06	0	0	0	0	0	0	0	0	91	0	0	0	0	0	0	0	
1.08078e+06	0	0	0	0	0	0	0	0	93	0	0	0	0	0	0	0	
1.08153e+06	0	0	0	0	0	0	0	0	83	0	0	0	0	0	0	0	
1.08228e+06	0	0	0	0	0	0	0	0	93	0	0	0	0	0	0	0	
1.08303e+06	0	0	0	0	0	0	0	0	89	0	0	0	0	0	0	0	
1.08378e+06	0	0	0	0	0	0	0	0	101	0	0	0	0	0	0	0	
1.08453e+06	0	0	0	0	0	0	0	0	99	0	0	0	0	0	0	0	
1.08528e+06	0	0	0	0	0	0	0	0	79	0	0	0	0	0	0	0	
1.08603e+06	0	0	0	0	0	0	0	0	95	0	0	0	0	0	0	0	
1.08678e+06	0	0	0	0	0	0	0	0	81	0	0	0	0	0	0	0	
1.08753e+06	0	0	0	0	0	0	0	0	71	0	0	0	0	0	0	0	
1.08828e+06	0	0	0	0	0	0	0	0	87	0	0	0	0	0	0	0	
1.08903e+06	0	0	0	0	0	0	0	0	93	0	0	0	0	0	0	0	
1.08978e+06	0	0	0	0	0	0	0	0	87	0	0	0	0	0	0	0	
1.09053e+06	0	0	0	0	0	0	0	0	85	0	0	0	0	0	0	0	
1.09128e+06	0	0	0	0	0	0	0	0	107	0	0	0	0	0	0	0	
1.09203e+06	0	0	0	0	0	0	0	0	85	0	0	0	0	0	0	0	
1.09278e+06	0	0	0	0	0	0	0	0	79	0	0	0	0	0	0	0	
1.09353e+06	0	0	0	0	0	0	0	0	73	0	0	0	0	0	0	0	
1.09428e+06	0	0	0	0	0	0	0	0	83	0	0	0	0	0	0	0	
1.09503e+06	0	0	0	0	0	0	0	0	77	0	0	0	0	0	0	0	
1.09578e+06	0	0	0	0	0	0	0	0	79	0	0	0	0	0	0	0	
1.09653e+06	0	0	0	0	0	0	0	0	101	0	0	0	0	0	0	0	
1.09728e+06	0	0	0	0	0	0	0	0	81	0	0	0	0	0	0	0	
1.09803e+06	0	0	0	0	0	0	0	0	89	0	0	0	0	0	0	0	
1.09878e+06	0	0	0	0	0	0	0	0	99	0	0	0	0	0	0	0	
1.09953e+06	0	0	0	0	0	0	0	0	0	83	0	0	0	0	0	0	
1.10028e+06	0	0	0	0	0	0	0	0	0	91	0	0	0	0	0	0	
1.10103e+06	0	0	0	0	0	0	0	0	0	83	0	0	0	0	0	0	
1.10178e+06	0	0	0	0	0	0	0	0	0	63	0	0	0	0	0	0	
1.10253e+06	0	0	0	0	0	0	0	0	0	81	0	0	0	0	0	0	
1.10328e+06	0	0	0	0	0	0	0	0	0	71	0	0	0	0	0	0	
1.10403e+06	0	0	0	0	0	0	0	0	0	79	0	0	0	0	0	0	
1.10478e+06	0	0	0	0	0	0	0	0	0	69	0	0	0	0	0	0	
1.10553e+06	0	0	0	0	0	0	0	0	0	71	0	0	0	0	0	0	
1.10628e+06	0	0	0	0	0	0	0	0	0	81	0	0	0	0	0	0	
1.10703e+06	0	0	0	0	0	0	0	0	0	85	0	0	0	0	0	0	
1.10779e+06	0	0	0	0	0	0	0	0	0	75	0	0	0	0	0	0	
1.10854e+06	0	0	0	0	0	0	0	0	0	63	0	0	0	0	0	0	
1.10929e+06	0	0	0	0	0	0	0	0	0	0	53	0	0	0	0	0	
1.11004e+06	0	0	0	0	0	0	0	0	0	0	81	0	0	0	0	0	
1.11079e+06	0	0	0	0	0	0	0	0	0	83	0	0	0	0	0	0	
1.11154e+06	0	0	0	0	0	0	0	0	0	83	0	0	0	0	0	0	
1.11229e+06	0	0	0	0	0	0	0	0	0	77	0	0	0	0	0	0	
1.11304e+06	0	0	0	0	0	0	0	0	0	71	0	0	0	0	0	0	
1.11379e+06	0	0	0	0	0	0	0	0	0	83	0	0	0	0	0	0	
1.11454e+06	0	0	0	0	0	0	0	0	0	73	0	0	0	0	0	0	
1.11529e+06	0	0	0	0	0	0	0	0	0	69	0	0	0	0	0	0	
1.11604e+06	0	0	0	0	0	0	0	0	0	91	0	0	0	0	0	0	
1.11679e+06	0	0	0	0	0	0	0	0	0	83	0	0	0	0	0	0	
1.11754e+06	0	0	0	0	0	0	0	0	0	69	0	0	0	0	0	0	
1.11829e+06	0	0	0	0	0	0	0	0	0	71	0	0	0	0	0	0	
1.11904e+06	0	0	0	0	0	0	0	0	0	77	0	0	0	0	0	0	
1.11979e+06	0	0	0	0	0	0	0	0	0	83	0	0	0	0	0	0	
1.12054e+06	0	0	0	0	0	0	0	0	85	0	0	0	0	0	0	0	
1.12129e+06	0	0	0	0	0	0	0	0	73	0	0	0	0	0	0	0	
1.12204e+06	0	0	0	0	0	0	0	0	87	0	0	0	0	0	0	0	
1.12279e+06	0	0	0	0	0	0	0	0	91	0	0	0	0	0	0	0	
1.12355e+06	0	0	0	0	0	0	0	0	85	0	0	0	0	0	0	0	
1.12429e+06	0	0	0	0	0	0	0	0	85	0	0	0	0	0	0	0	
1.12504e+06	0	0	0	0	0	0	0	0	97	0	0	0	0	0	0	0	
1.12579e+06	0	0	0	0	0	0	0	0	89	0	0	0	0	0	0	0	
1.12654e+06	0	0	0	0	0	0	0	0	93	0	0	0	0	0	0	0	
1.12729e+06	0	0	0	0	0	0	0	0	87	0	0	0	0	0	0	0	
1.12804e+06	0	0	0	0	0	0	0	0	103	0	0	0	0	0	0	0	
1.12879e+06	0	0	0	0	0	0	0	0	85	0	0	0	0	0	0	0	
1.12954e+06	0	0	0	0	0	0	0	0	99	0	0	0	0	0	0	0	
1.13029e+06	0	0	0	0	0	0	0	0	87	0	0	0	0	0	0	0	
1.13104e+06	0	0	0	0	0	0	0	78	41	0	0	0	0	0	0	0	
1.13179e+06	0	0	0	0	0	0	0	97	0	0	0	0	0	0	0	0	
1.13254e+06	0	0	0	0	0	0	0	117	0	0	0	0	0	0	0	0	
1.13329e+06	0	0	0	0	0	0	0	107	0	0	0	0	0	0	0	0	
1.13404e+06	0	0	0	0	0	0	0	103	0	0	0	0	0	0	0	0	
1.13479e+06	0	0	0	0	0	0	0	93	0	0	0	0	0	0	0	0	
1.13555e+06	0	0	0	0	0	0	0	99	0	0	0	0	0	0	0	0	
1.13629e+06	0	0	0	0	0	0	0	89	0	0	0	0	0	0	0	0	
1.13704e+06	0	0	0	0	0	0	0	91	0	0	0	0	0	0	0	0	
1.13779e+06	0	0	0	0	0	0	0	105	0	0	0	0	0	0	0	0	
1.13854e+06	0	0	0	0	0	0	0	101	0	0	0	0	0	0	0	0	
1.13929e+06	0	0	0	0	0	0	0	95	0	0	0	0	0	0	0	0	
1.14004e+06	0	0	0	0	0	0	0	91	0	0	0	0	0	0	0	0	
1.14079e+06	0	0	0	0	0	0	0	95	0	0	0	0	0	0	0	0	
1.14154e+06	0	0	0	0	0	0	0	101	0	0	0	0	0	0	0	0	
1.14228e+06	0	0	0	0	0	0	0	111	0	0	0	0	0	0	0	0	
1.14303e+06	0	0	0	0	0	0	119	0	0	0	0	0	0	0	0	0	
1.14378e+06	0	0	0	0	0	0	113	0	0	0	0	0	0	0	0	0	
1.14453e+06	0	0	0	0	0	0	103	0	0	0	0	0	0	0	0	0	
1.14528e+06	0	0	0	0	0	0	119	0	0	0	0	0	0	0	0	0	
1.14603e+06	0	0	0	0	0	0	117	0	0	0	0	0	0	0	0	0	
1.14679e+06	0	0	0	0	0	0	97	0	0	0	0	0	0	0	0	0	
1.14754e+06	0	0	0	0	0	0	115	0	0	0	0	0	0	0	0	0	
1.14829e+06	0	0	0	0	0	0	99	0	0	0	0	0	0	0	0	0	
1.14903e+06	0	0	0	0	0	0	111	0	0	0	0	0	0	0	0	0	
1.14979e+06	0	0	0	0	0	0	127	0	0	0	0	0	0	0	0	0	
1.15054e+06	0	0	0	0	0	0	109	0	0	0	0	0	0	0	0	0	
1.15129e+06	0	0	0	0	0	0	123	0	0	0	0	0	0	0	0	0	
1.15204e+06	0	0	0	0	0	0	109	0	0	0	0	0	0	0	0	0	
1.15279e+06	0	0	0	0	0	0	129	0	0	0	0	0	0	0	0	0	
1.15354e+06	0	0	0	0	0	0	127	0	0	0	0	0	0	0	0	0	
1.15429e+06	0	0	0	0	0	0	103	0	0	0	0	0	0	0	0	0	
1.15504e+06	0	0	0	0	0	0	109	0	0	0	0	0	0	0	0	0	
1.15579e+06	0	0	0	0	0	0	129	0	0	0	0	0	0	0	0	0	
1.15654e+06	0	0	0	0	0	0	97	0	0	0	0	0	0	0	0	0	
1.15729e+06	0	0	0	0	0	0	109	0	0	0	0	0	0	0	0	0	
1.15803e+06	0	0	0	0	0	0	103	0	0	0	0	0	0	0	0	0	
1.15878e+06	0	0	0	0	0	0	111	0	0	0	0	0	0	0	0	0	
1.15953e+06	0	0	0	0	0	0	129	0	0	0	0	0	0	0	0	0	
1.16028e+06	0	0	0	0	0	0	95	0	0	0	0	0	0	0	0	0	
1.16103e+06	0	0	0	0	0	0	111	0	0	0	0	0	0	0	0	0	
1.16178e+06	0	0	0	0	0	0	115	0	0	0	0	0	0	0	0	0	
1.16253e+06	0	0	0	0	0	0	127	0	0	0	0	0	0	0	0	0	
1.16328e+06	0	0	0	0	0	0	133	0	0	0	0	0	0	0	0	0	
1.16403e+06	0	0	0	0	0	0	121	0	0	0	0	0	0	0	0	0	
1.16478e+06	0	0	0	0	0	137	0	0	0	0	0	0	0	0	0	0	
1.16553e+06	0	0	0	0	0	137	0	0	0	0	0	0	0	0	0	0	
1.16628e+06	0	0	0	0	0	137	0	0	0	0	0	0	0	0	0	0	
1.16703e+06	0	0	0	0	0	133	0	0	0	0	0	0	0	0	0	0	
1.16778e+06	0	0	0	0	0	133	0	0	0	0	0	0	0	0	0	0	
1.16854e+06	0	0	0	0	0	129	0	0	0	0	0	0	0	0	0	0	
1.16929e+06	0	0	0	0	0	123	0	0	0	0	0	0	0	0	0	0	
1.17004e+06	0	0	0	0	0	121	0	0	0	0	0	0	0	0	0	0	
1.17078e+06	0	0	0	0	0	135	0	0	0	0	0	0	0	0	0	0	
1.17153e+06	0	0	0	0	0	123	0	0	0	0	0	0	0	0	0	0	
1.17228e+06	0	0	0	0	0	117	0	0	0	0	0	0	0	0	0	0	
1.17303e+06	0	0	0	0	0	137	0	0	0	0	0	0	0	0	0	0	
1.17379e+06	0	0	0	0	0	0	97	0	0	0	0	0	0	0	0	0	
1.17454e+06	0	0	0	0	0	0	121	0	0	0	0	0	0	0	0	0	
1.17529e+06	0	0	0	0	0	0	111	0	0	0	0	0	0	0	0	0	
1.17604e+06	0	0	0	0	0	0	119	0	0	0	0	0	0	0	0	0	
1.1768e+06	0	0	0	0	0	0	123	0	0	0	0	0	0	0	0	0	
1.17755e+06	0	0	0	0	0	0	113	0	0	0	0	0	0	0	0	0	
1.1783e+06	0	0	0	0	0	0	121	0	0	0	0	0	0	0	0	0	
1.17905e+06	0	0	0	0	0	81	44	0	0	0	0	0	0	0	0	0	
1.1798e+06	0	0	0	0	0	0	107	0	0	0	0	0	0	0	0	0	
1.18055e+06	0	0	0	0	0	0	111	0	0	0	0	0	0	0	0	0	
1.1813e+06	0	0	0	0	0	0	119	0	0	0	0	0	0	0	0	0	
1.18205e+06	0	0	0	0	0	0	101	0	0	0	0	0	0	0	0	0	
1.1828e+06	0	0	0	0	0	0	113	0	0	0	0	0	0	0	0	0	
1.18354e+06	0	0	0	0	0	0	113	0	0	0	0	0	0	0	0	0	
1.18429e+06	0	0	0	0	0	0	121	0	0	0	0	0	0	0	0	0	
1.18505e+06	0	0	0	0	0	0	113	0	0	0	0	0	0	0	0	0	
1.1858e+06	0	0	0	0	0	0	99	0	0	0	0	0	0	0	0	0	
1.18654e+06	0	0	0	0	0	0	103	0	0	0	0	0	0	0	0	0	
1.1873e+06	0	0	0	0	0	0	107	0	0	0	0	0	0	0	0	0	
1.18805e+06	0	0	0	0	0	0	113	0	0	0	0	0	0	0	0	0	
1.1888e+06	0	0	0	0	0	0	115	0	0	0	0	0	0	0	0	0	
1.18955e+06	0	0	0	0	0	0	121	0	0	0	0	0	0	0	0	0	
1.1903e+06	0	0	0	0	0	0	91	0	0	0	0	0	0	0	0	0	
1.19105e+06	0	0	0	0	0	0	123	0	0	0	0	0	0	0	0	0	
1.1918e+06	0	0	0	0	0	0	0	87	0	0	0	0	0	0	0	0	
1.19255e+06	0	0	0	0	0	0	0	87	0	0	0	0	0	0	0	0	
1.19329e+06	0	0	0	0	0	0	0	107	0	0	0	0	0	0	0	0	
1.19404e+06	0	0	0	0	0	0	0	119	0	0	0	0	0	0	0	0	
1.19479e+06	0	0	0	0	0	0	0	101	0	0	0	0	0	0	0	0	
1.19555e+06	0	0	0	0	0	0	0	89	0	0	0	0	0	0	0	0	
1.1963e+06	0	0	0	0	0	0	0	99	0	0	0	0	0	0	0	0	
1.19705e+06	0	0	0	0	0	0	0	95	0	0	0	0	0	0	0	0	
1.19779e+06	0	0	0	0	0	0	0	109	0	0	0	0	0	0	0	0	
1.19855e+06	0	0	0	0	0	0	0	101	0	0	0	0	0	0	0	0	
1.1993e+06	0	0	0	0	0	0	0	91	0	0	0	0	0	0	0	0	
1.20005e+06	0	0	0	0	0	0	0	97	0	0	0	0	0	0	0	0	
1.2008e+06	0	0	0	0	0	0	0	111	0	0	0	0	0	0	0	0	
1.20155e+06	0	0	0	0	0	0	0	101	0	0	0	0	0	0	0	0	
1.2023e+06	0	0	0	0	0	0	0	91	0	0	0	0	0	0	0	0	
1.20305e+06	0	0	0	0	0	0	0	107	0	0	0	0	0	0	0	0	
1.2038e+06	0	0	0	0	0	0	0	87	0	0	0	0	0	0	0	0	
1.20455e+06	0	0	0	0	0	0	0	111	0	0	0	0	0	0	0	0	
1.2053e+06	0	0	0	0	0	0	0	95	0	0	0	0	0	0	0	0	
1.20605e+06	0	0	0	0	0	0	0	93	0	0	0	0	0	0	0	0	
1.2068e+06	0	0	0	0	0	0	0	113	0	0	0	0	0	0	0	0	
1.20755e+06	0	0	0	0	0	0	0	101	0	0	0	0	0	0	0	0	
1.2083e+06	0	0	0	0	0	0	0	95	0	0	0	0	0	0	0	0	
1.20905e+06	0	0	0	0	0	0	0	101	0	0	0	0	0	0	0	0	
1.20979e+06	0	0	0	0	0	0	0	105	0	0	0	0	0	0	0	0	
1.21054e+06	0	0	0	0	0	0	0	109	0	0	0	0	0	0	0	0	
1.21129e+06	0	0	0	0	0	0	0	89	0	0	0	0	0	0	0	0	
1.21204e+06	0	0	0	0	0	0	0	111	0	0	0	0	0	0	0	0	
1.21279e+06	0	0	0	0	0	0	0	107	0	0	0	0	0	0	0	0	
1.21354e+06	0	0	0	0	0	0	0	93	0	0	0	0	0	0	0	0	
1.21429e+06	0	0	0	0	0	0	0	91	0	0	0	0	0	0	0	0	
1.21504e+06	0	0	0	0	0	0	0	89	0	0	0	0	0	0	0	0	
1.21579e+06	0	0	0	0	0	0	0	87	0	0	0	0	0	0	0	0	
1.21654e+06	0	0	0	0	0	0	0	97	0	0	0	0	0	0	0	0	
1.21729e+06	0	0	0	0	0	0	0	89	0	0	0	0	0	0	0	0	
1.21804e+06	0	0	0	0	0	0	0	103	0	0	0	0	0	0	0	0	
1.21879e+06	0	0	0	0	0	0	0	99	0	0	0	0	0	0	0	0	
1.21954e+06	0	0	0	0	0	0	0	115	0	0	0	0	0	0	0	0	
1.22029e+06	0	0	0	0	0	0	0	95	0	0	0	0	0	0	0	0	
1.22104e+06	0	0	0	0	0	0	0	119	0	0	0	0	0	0	0	0	
1.22179e+06	0	0	0	0	0	0	0	103	0	0	0	0	0	0	0	0	
1.22254e+06	0	0	0	0	0	0	0	91	0	0	0	0	0	0	0	0	
1.22329e+06	0	0	0	0	0	0	0	93	0	0	0	0	0	0	0	0	
1.22404e+06	0	0	0	0	0	0	0	103	0	0	0	0	0	0	0	0	
1.22478e+06	0	0	0	0	0	0	0	87	0	0	0	0	0	0	0	0	
1.22554e+06	0	0	0	0	0	0	0	85	0	0	0	0	0	0	0	0	
1.22629e+06	0	0	0	0	0	0	0	103	0	0	0	0	0	0	0	0	
1.22704e+06	0	0	0	0	0	0	0	91	0	0	0	0	0	0	0	0	
1.22779e+06	0	0	0	0	0	0	0	101	0	0	0	0	0	0	0	0	
1.22853e+06	0	0	0	0	0	0	0	119	0	0	0	0	0	0	0	0	
1.22929e+06	0	0	0	0	0	0	0	121	0	0	0	0	0	0	0	0	
1.23004e+06	0	0	0	0	0	0	0	87	0	0	0	0	0	0	0	0	
1.23079e+06	0	0	0	0	0	0	0	97	0	0	0	0	0	0	0	0	
1.23154e+06	0	0	0	0	0	0	0	107	0	0	0	0	0	0	0	0	
1.23229e+06	0	0	0	0	0	0	0	85	0	0	0	0	0	0	0	0	
1.23304e+06	0	0	0	0	0	0	0	97	0	0	0	0	0	0	0	0	
1.23379e+06	0	0	0	0	0	0	0	0	95	0	0	0	0	0	0	0	
1.23453e+06	0	0	0	0	0	0	0	0	91	0	0	0	0	0	0	0	
1.23529e+06	0	0	0	0	0	0	0	0	67	0	0	0	0	0	0	0	
1.23604e+06	0	0	0	0	0	0	0	0	87	0	0	0	0	0	0	0	
1.23679e+06	0	0	0	0	0	0	0	0	79	0	0	0	0	0	0	0	
1.23754e+06	0	0	0	0	0	0	0	0	101	0	0	0	0	0	0	0	
1.23829e+06	0	0	0	0	0	0	0	0	95	0	0	0	0	0	0	0	
1.23904e+06	0	0	0	0	0	0	0	0	89	0	0	0	0	0	0	0	
1.23979e+06	0	0	0	0	0	0	0	0	87	0	0	0	0	0	0	0	
1.24054e+06	0	0	0	0	0	0	0	0	83	0	0	0	0	0	0	0	
1.24129e+06	0	0	0	0	0	0	0	0	79	0	0	0	0	0	0	0	
1.24204e+06	0	0	0	0	0	0	0	0	103	0	0	0	0	0	0	0	
1.24279e+06	0	0	0	0	0	0	0	0	0	105	0	0	0	0	0	0	
1.24354e+06	0	0	0	0	0	0	0	0	0	87	0	0	0	0	0	0	
1.24429e+06	0	0	0	0	0	0	0	0	0	81	0	0	0	0	0	0	
1.24504e+06	0	0	0	0	0	0	0	0	97	0	0	0	0	0	0	0	
1.24579e+06	0	0	0	0	0	0	0	0	0	61	0	0	0	0	0	0	
1.24654e+06	0	0	0	0	0	0	0	0	0	87	0	0	0	0	0	0	
1.24729e+06	0	0	0	0	0	0	0	0	0	63	0	0	0	0	0	0	
1.24804e+06	0	0	0	0	0	0	0	0	0	91	0	0	0	0	0	0	
1.24879e+06	0	0	0	0	0	0	0	0	0	81	0	0	0	0	0	0	
1.24954e+06	0	0	0	0	0	0	0	0	0	73	0	0	0	0	0	0	
1.25029e+06	0	0	0	0	0	0	0	0	0	77	0	0	0	0	0	0	
1.25104e+06	0	0	0	0	0	0	0	0	0	69	0	0	0	0	0	0	
1.25179e+06	0	0	0	0	0	0	0	0	0	69	0	0	0	0	0	0	
1.25254e+06	0	0	0	0	0	0	0	0	97	0	0	0	0	0	0	0	
1.25329e+06	0	0	0	0	0	0	0	0	99	0	0	0	0	0	0	0	
1.25404e+06	0	0	0	0	0	0	0	0	93	0	0	0	0	0	0	0	
1.25479e+06	0	0	0	0	0	0	0	0	97	0	0	0	0	0	0	0	
1.25554e+06	0	0	0	0	0	0	0	0	87	0	0	0	0	0	0	0	
1.25629e+06	0	0	0	0	0	0	0	0	95	0	0	0	0	0	0	0	
1.25704e+06	0	0	0	0	0	0	0	0	0	89	0	0	0	0	0	0	
1.25779e+06	0	0	0	0	0	0	0	0	0	77	0	0	0	0	0	0	
1.25855e+06	0	0	0	0	0	0	0	0	0	67	0	0	0	0	0	0	
1.25929e+06	0	0	0	0	0	0	0	0	0	87	0	0	0	0	0	0	
1.26005e+06	0	0	0	0	0	0	0	0	0	85	0	0	0	0	0	0	
1.26079e+06	0	0	0	0	0	0	0	0	0	89	0	0	0	0	0	0	
1.26154e+06	0	0	0	0	0	0	0	0	0	69	0	0	0	0	0	0	
1.26229e+06	0	0	0	0	0	0	0	0	0	81	0	0	0	0	0	0	
1.26305e+06	0	0	0	0	0	0	0	0	0	54	21	0	0	0	0	0	
1.26379e+06	0	0	0	0	0	0	0	0	0	69	0	0	0	0	0	0	
1.26454e+06	0	0	0	0	0	0	0	0	0	83	0	0	0	0	0	0	
1.26529e+06	0	0	0	0	0	0	0	0	83	0	0	0	0	0	0	0	
1.26605e+06	0	0	0	0	0	0	0	0	99	0	0	0	0	0	0	0	
1.2668e+06	0	0	0	0	0	0	0	0	99	0	0	0	0	0	0	0	
1.26755e+06	0	0	0	0	0	0	0	0	101	0	0	0	0	0	0	0	
1.2683e+06	0	0	0	0	0	0	0	0	89	0	0	0	0	0	0	0	
1.26905e+06	0	0	0	0	0	0	0	0	89	0	0	0	0	0	0	0	
1.2698e+06	0	0	0	0	0	0	0	0	79	0	0	0	0	0	0	0	
1.27055e+06	0	0	0	0	0	0	0	0	71	0	0	0	0	0	0	0	
1.2713e+06	0	0	0	0	0	0	0	0	87	0	0	0	0	0	0	0	
1.27205e+06	0	0	0	0	0	0	0	0	103	0	0	0	0	0	0	0	
1.2728e+06	0	0	0	0	0	0	0	0	81	0	0	0	0	0	0	0	
1.27355e+06	0	0	0	0	0	0	0	0	103	0	0	0	0	0	0	0	
1.27429e+06	0	0	0	0	0	0	0	0	93	0	0	0	0	0	0	0	
1.27504e+06	0	0	0	0	0	0	0	0	85	0	0	0	0	0	0	0	
1.2758e+06	0	0	0	0	0	0	0	0	87	0	0	0	0	0	0	0	
1.27655e+06	0	0	0	0	0	0	0	0	91	0	0	0	0	0	0	0	
1.2773e+06	0	0	0	0	0	0	0	66	31	0	0	0	0	0	0	0	
1.27805e+06	0	0	0	0	0	0	0	0	81	0	0	0	0	0	0	0	
1.2788e+06	0	0	0	0	0	0	0	0	97	0	0	0	0	0	0	0	
1.27955e+06	0	0	0	0	0	0	0	0	85	0	0	0	0	0	0	0	
1.2803e+06	0	0	0	0	0	0	0	0	113	0	0	0	0	0	0	0	
1.28105e+06	0	0	0	0	0	0	0	0	75	0	0	0	0	0	0	0	
1.2818e+06	0	0	0	0	0	0	0	0	79	0	0	0	0	0	0	0	
1.28255e+06	0	0	0	0	0	0	0	0	95	0	0	0	0	0	0	0	
1.2833e+06	0	0	0	0	0	0	0	0	87	0	0	0	0	0	0	0	
1.28405e+06	0	0	0	0	0	0	0	0	83	0	0	0	0	0	0	0	
1.2848e+06	0	0	0	0	0	0	0	0	91	0	0	0	0	0	0	0	
1.28555e+06	0	0	0	0	0	0	0	0	107	0	0	0	0	0	0	0	
1.2863e+06	0	0	0	0	0	0	0	0	93	0	0	0	0	0	0	0	
1.28705e+06	0	0	0	0	0	0	0	0	83	0	0	0	0	0	0	0	
1.2878e+06	0	0	0	0	0	0	0	0	73	0	0	0	0	0	0	0	
1.28855e+06	0	0	0	0	0	0	0	0	69	0	0	0	0	0	0	0	
1.2893e+06	0	0	0	0	0	0	0	0	91	0	0	0	0	0	0	0	
1.29005e+06	0	0	0	0	0	0	0	0	65	0	0	0	0	0	0	0	
1.2908e+06	0	0	0	0	0	0	0	0	97	0	0	0	0	0	0	0	
1.29155e+06	0	0	0	0	0	0	0	0	95	0	0	0	0	0	0	0	
1.2923e+06	0	0	0	0	0	0	0	0	89	0	0	0	0	0	0	0	
1.29305e+06	0	0	0	0	0	0	0	0	91	0	0	0	0	0	0	0	
1.2938e+06	0	0	0	0	0	0	0	0	85	0	0	0	0	0	0	0	
1.29455e+06	0	0	0	0	0	0	0	0	89	0	0	0	0	0	0	0	
1.2953e+06	0	0	0	0	0	0	0	0	85	0	0	0	0	0	0	0	
1.29605e+06	0	0	0	0	0	0	0	0	77	0	0	0	0	0	0	0	
1.2968e+06	0	0	0	0	0	0	0	0	101	0	0	0	0	0	0	0	
1.29755e+06	0	0	0	0	0	0	0	0	97	0	0	0	0	0	0	0	
1.2983e+06	0	0	0	0	0	0	0	0	87	0	0	0	0	0	0	0	
1.29905e+06	0	0	0	0	0	0	0	0	101	0	0	0	0	0	0	0	
1.2998e+06	0	0	0	0	0	0	0	0	83	0	0	0	0	0	0	0	
1.30055e+06	0	0	0	0	0	0	0	0	77	0	0	0	0	0	0	0	
1.30129e+06	0	0	0	0	0	0	0	0	81	0	0	0	0	0	0	0	
1.30205e+06	0	0	0	0	0	0	0	0	81	0	0	0	0	0	0	0	
1.30279e+06	0	0	0	0	0	0	0	0	85	0	0	0	0	0	0	0	
1.30354e+06	0	0	0	0	0	0	0	0	89	0	0	0	0	0	0	0	
1.3043e+06	0	0	0	0	0	0	0	0	97	0	0	0	0	0	0	0	
1.30505e+06	0	0	0	0	0	0	0	0	97	0	0	0	0	0	0	0	
1.3058e+06	0	0	0	0	0	0	0	0	89	0	0	0	0	0	0	0	
1.30655e+06	0	0	0	0	0	0	0	0	81	0	0	0	0	0	0	0	
1.3073e+06	0	0	0	0	0	0	0	0	89	0	0	0	0	0	0	0	
1.30805e+06	0	0	0	0	0	0	0	0	77	0	0	0	0	0	0	0	
1.3088e+06	0	0	0	0	0	0	0	0	93	0	0	0	0	0	0	0	
1.30955e+06	0	0	0	0	0	0	0	0	89	0	0	0	0	0	0	0	
1.31029e+06	0	0	0	0	0	0	0	0	109	0	0	0	0	0	0	0	
1.31104e+06	0	0	0	0	0	0	0	0	85	0	0	0	0	0	0	0	
1.31179e+06	0	0	0	0	0	0	0	0	81	0	0	0	0	0	0	0	
1.31254e+06	0	0	0	0	0	0	0	0	0	69	0	0	0	0	0	0	
1.31329e+06	0	0	0	0	0	0	0	0	0	85	0	0	0	0	0	0	
1.31404e+06	0	0	0	0	0	0	0	0	0	59	0	0	0	0	0	0	
1.31479e+06	0	0	0	0	0	0	0	0	0	97	0	0	0	0	0	0	
1.31554e+06	0	0	0	0	0	0	0	0	0	75	0	0	0	0	0	0	
1.31629e+06	0	0	0	0	0	0	0	0	0	77	0	0	0	0	0	0	
1.31704e+06	0	0	0	0	0	0	0	0	0	79	0	0	0	0	0	0	
1.31779e+06	0	0	0	0	0	0	0	0	0	75	0	0	0	0	0	0	
1.31854e+06	0	0	0	0	0	0	0	0	0	89	0	0	0	0	0	0	
1.31929e+06	0	0	0	0	0	0	0	0	0	91	0	0	0	0	0	0	
1.32004e+06	0	0	0	0	0	0	0	0	0	75	0	0	0	0	0	0	
1.32078e+06	0	0	0	0	0	0	0	0	0	71	0	0	0	0	0	0	
1.32153e+06	0	0	0	0	0	0	0	0	0	87	0	0	0	0	0	0	
1.32228e+06	0	0	0	0	0	0	0	0	89	0	0	0	0	0	0	0	
1.32303e+06	0	0	0	0	0	0	0	0	79	0	0	0	0	0	0	0	
1.32378e+06	0	0	0	0	0	0	0	0	89	0	0	0	0	0	0	0	
1.32453e+06	0	0	0	0	0	0	0	0	99	0	0	0	0	0	0	0	
1.32528e+06	0	0	0	0	0	0	0	0	99	0	0	0	0	0	0	0	
1.32603e+06	0	0	0	0	0	0	0	0	97	0	0	0	0	0	0	0	
1.32678e+06	0	0	0	0	0	0	0	0	85	0	0	0	0	0	0	0	
1.32753e+06	0	0	0	0	0	0	0	0	95	0	0	0	0	0	0	0	
1.32828e+06	0	0	0	0	0	0	0	0	87	0	0	0	0	0	0	0	
1.32903e+06	0	0	0	0	0	0	0	89	0	0	0	0	0	0	0	0	
1.32978e+06	0	0	0	0	0	0	0	99	0	0	0	0	0	0	0	0	
1.33053e+06	0	0	0	0	0	0	0	107	0	0	0	0	0	0	0	0	
1.33128e+06	0	0	0	0	0	0	0	93	0	0	0	0	0	0	0	0	
1.33203e+06	0	0	0	0	0	0	0	95	0	0	0	0	0	0	0	0	
1.33279e+06	0	0	0	0	0	0	0	97	0	0	0	0	0	0	0	0	
1.33353e+06	0	0	0	0	0	0	0	107	0	0	0	0	0	0	0	0	
1.33428e+06	0	0	0	0	0	0	0	101	0	0	0	0	0	0	0	0	
1.33503e+06	0	0	0	0	0	0	0	87	0	0	0	0	0	0	0	0	
1.33578e+06	0	0	0	0	0	0	0	111	0	0	0	0	0	0	0	0	
1.33653e+06	0	0	0	0	0	0	0	97	0	0	0	0	0	0	0	0	
1.33728e+06	0	0	0	0	0	0	0	119	0	0	0	0	0	0	0	0	
1.33803e+06	0	0	0	0	0	0	0	0	103	0	0	0	0	0	0	0	
1.33878e+06	0	0	0	0	0	0	0	0	87	0	0	0	0	0	0	0	
1.33953e+06	0	0	0	0	0	0	0	0	97	0	0	0	0	0	0	0	
1.34028e+06	0	0	0	0	0	0	0	0	101	0	0	0	0	0	0	0	
1.34103e+06	0	0	0	0	0	0	0	0	97	0	0	0	0	0	0	0	
1.34178e+06	0	0	0	0	0	0	0	0	83	0	0	0	0	0	0	0	
1.34254e+06	0	0	0	0	0	0	0	0	103	0	0	0	0	0	0	0	
1.34329e+06	0	0	0	0	0	0	0	0	93	0	0	0	0	0	0	0	
1.34403e+06	0	0	0	0	0	0	0	0	95	0	0	0	0	0	0	0	
1.34478e+06	0	0	0	0	0	0	0	0	81	0	0	0	0	0	0	0	
1.34553e+06	0	0	0	0	0	0	0	0	91	0	0	0	0	0	0	0	
1.34628e+06	0	0	0	0	0	0	0	0	67	0	0	0	0	0	0	0	
1.34703e+06	0	0	0	0	0	0	0	0	103	0	0	0	0	0	0	0	
1.34778e+06	0	0	0	0	0	0	0	0	81	0	0	0	0	0	0	0	
1.34853e+06	0	0	0	0	0	0	0	0	89	0	0	0	0	0	0	0	
1.34929e+06	0	0	0	0	0	0	0	0	83	0	0	0	0	0	0	0	
1.35004e+06	0	0	0	0	0	0	0	0	30	45	0	0	0	0	0	0	
1.35079e+06	0	0	0	0	0	0	0	0	0	83	0	0	0	0	0	0	
1.35154e+06	0	0	0	0	0	0	0	0	0	85	0	0	0	0	0	0	
1.35228e+06	0	0	0	0	0	0	0	0	0	69	0	0	0	0	0	0	
1.35303e+06	0	0	0	0	0	0	0	0	0	93	0	0	0	0	0	0	
1.35378e+06	0	0	0	0	0	0	0	0	0	53	0	0	0	0	0	0	
1.35453e+06	0	0	0	0	0	0	0	0	95	0	0	0	0	0	0	0	
1.35528e+06	0	0	0	0	0	0	0	0	91	0	0	0	0	0	0	0	
1.35603e+06	0	0	0	0	0	0	0	0	71	0	0	0	0	0	0	0	
1.35678e+06	0	0	0	0	0	0	0	0	77	0	0	0	0	0	0	0	
1.35753e+06	0	0	0	0	0	0	0	0	105	0	0	0	0	0	0	0	
1.35828e+06	0	0	0	0	0	0	0	0	97	0	0	0	0	0	0	0	
1.35903e+06	0	0	0	0	0	0	0	0	75	0	0	0	0	0	0	0	
1.35978e+06	0	0	0	0	0	0	0	0	0	73	0	0	0	0	0	0	
1.36053e+06	0	0	0	0	0	0	0	0	97	0	0	0	0	0	0	0	
1.36128e+06	0	0	0	0	0	0	0	0	91	0	0	0	0	0	0	0	
1.36203e+06	0	0	0	0	0	0	0	0	95	0	0	0	0	0	0	0	
1.36278e+06	0	0	0	0	0	0	0	0	71	0	0	0	0	0	0	0	
1.36354e+06	0	0	0	0	0	0	0	0	77	0	0	0	0	0	0	0	
1.36429e+06	0	0	0	0	0	0	0	0	109	0	0	0	0	0	0	0	
1.36504e+06	0	0	0	0	0	0	0	0	99	0	0	0	0	0	0	0	
1.36579e+06	0	0	0	0	0	0	0	0	103	0	0	0	0	0	0	0	
1.36654e+06	0	0	0	0	0	0	0	0	93	0	0	0	0	0	0	0	
1.36729e+06	0	0	0	0	0	0	0	0	93	0	0	0	0	0	0	0	
1.36804e+06	0	0	0	0	0	0	0	0	91	0	0	0	0	0	0	0	
1.36879e+06	0	0	0	0	0	0	0	0	89	0	0	0	0	0	0	0	
1.36954e+06	0	0	0	0	0	0	0	0	105	0	0	0	0	0	0	0	
1.37029e+06	0	0	0	0	0	0	0	0	73	0	0	0	0	0	0	0	
1.37104e+06	0	0	0	0	0	0	0	0	91	0	0	0	0	0	0	0	
1.37179e+06	0	0	0	0	0	0	0	0	79	0	0	0	0	0	0	0	
1.37255e+06	0	0	0	0	0	0	0	0	87	0	0	0	0	0	0	0	
1.37329e+06	0	0	0	0	0	0	0	97	0	0	0	0	0	0	0	0	
1.37405e+06	0	0	0	0	0	0	16	79	0	0	0	0	0	0	0	0	
1.3748e+06	0	0	0	0	0	0	141	0	0	0	0	0	0	0	0	0	
1.37555e+06	0	0	0	0	0	0	121	0	0	0	0	0	0	0	0	0	
1.37631e+06	0	0	0	0	0	0	111	0	0	0	0	0	0	0	0	0	
1.37706e+06	0	0	0	0	0	0	97	0	0	0	0	0	0	0	0	0	
1.37781e+06	0	0	0	0	0	0	111	0	0	0	0	0	0	0	0	0	
1.37856e+06	0	0	0	0	0	0	113	0	0	0	0	0	0	0	0	0	
1.37931e+06	0	0	0	0	0	0	95	0	0	0	0	0	0	0	0	0	
1.38005e+06	0	0	0	0	0	0	123	0	0	0	0	0	0	0	0	0	
1.3808e+06	0	0	0	0	0	0	111	0	0	0	0	0	0	0	0	0	
1.38155e+06	0	0	0	0	0	0	109	0	0	0	0	0	0	0	0	0	
1.3823e+06	0	0	0	0	0	0	111	0	0	0	0	0	0	0	0	0	
1.38305e+06	0	0	0	0	0	0	109	0	0	0	0	0	0	0	0	0	
1.3838e+06	0	0	0	0	0	0	129	0	0	0	0	0	0	0	0	0	
1.38455e+06	0	0	0	0	0	0	125	0	0	0	0	0	0	0	0	0	
1.3853e+06	0	0	0	0	0	0	107	0	0	0	0	0	0	0	0	0	
1.38605e+06	0	0	0	0	0	0	115	0	0	0	0	0	0	0	0	0	
1.3868e+06	0	0	0	0	0	0	113	0	0	0	0	0	0	0	0	0	
1.38755e+06	0	0	0	0	0	0	115	0	0	0	0	0	0	0	0	0	
1.3883e+06	0	0	0	0	0	0	119	0	0	0	0	0	0	0	0	0	
1.38905e+06	0	0	0	0	0	0	127	0	0	0	0	0	0	0	0	0	
1.3898e+06	0	0	0	0	0	0	121	0	0	0	0	0	0	0	0	0	
1.39054e+06	0	0	0	0	0	0	91	0	0	0	0	0	0	0	0	0	
1.39129e+06	0	0	0	0	0	0	119	0	0	0	0	0	0	0	0	0	
1.39205e+06	0	0	0	0	0	0	109	0	0	0	0	0	0	0	0	0	
1.3928e+06	0	0	0	0	0	0	0	81	0	0	0	0	0	0	0	0	
1.39355e+06	0	0	0	0	0	0	0	85	0	0	0	0	0	0	0	0	
1.39431e+06	0	0	0	0	0	0	0	91	0	0	0	0	0	0	0	0	
1.39506e+06	0	0	0	0	0	0	0	93	0	0	0	0	0	0	0	0	
1.39581e+06	0	0	0	0	0	0	0	119	0	0	0	0	0	0	0	0	
1.39656e+06	0	0	0	0	0	0	0	99	0	0	0	0	0	0	0	0	
1.39731e+06	0	0	0	0	0	0	0	109	0	0	0	0	0	0	0	0	
1.39806e+06	0	0	0	0	0	0	0	101	0	0	0	0	0	0	0	0	
1.39881e+06	0	0	0	0	0	0	0	103	0	0	0	0	0	0	0	0	
1.39956e+06	0	0	0	0	0	0	0	81	0	0	0	0	0	0	0	0	
1.40031e+06	0	0	0	0	0	0	0	0	103	0	0	0	0	0	0	0	
1.40106e+06	0	0	0	0	0	0	0	0	71	0	0	0	0	0	0	0	
1.40181e+06	0	0	0	0	0	0	0	0	0	93	0	0	0	0	0	0	
1.40256e+06	0	0	0	0	0	0	0	0	0	75	0	0	0	0	0	0	
1.4033e+06	0	0	0	0	0	0	0	0	0	83	0	0	0	0	0	0	
1.40405e+06	0	0	0	0	0	0	0	0	0	83	0	0	0	0	0	0	
1.4048e+06	0	0	0	0	0	0	0	0	0	83	0	0	0	0	0	0	
1.40555e+06	0	0	0	0	0	0	0	0	0	61	0	0	0	0	0	0	
1.4063e+06	0	0	0	0	0	0	0	0	12	69	0	0	0	0	0	0	
1.40705e+06	0	0	0	0	0	0	0	0	0	77	0	0	0	0	0	0	
1.4078e+06	0	0	0	0	0	0	0	0	0	77	0	0	0	0	0	0	
1.40855e+06	0	0	0	0	0	0	0	0	0	89	0	0	0	0	0	0	
1.4093e+06	0	0	0	0	0	0	0	0	0	75	0	0	0	0	0	0	
1.41005e+06	0	0	0	0	0	0	0	0	0	73	0	0	0	0	0	0	
1.4108e+06	0	0	0	0	0	0	0	0	0	83	0	0	0	0	0	0	
1.41155e+06	0	0	0	0	0	0	0	0	0	85	0	0	0	0	0	0	
1.4123e+06	0	0	0	0	0	0	0	0	0	0	67	0	0	0	0	0	
1.41305e+06	0	0	0	0	0	0	0	0	0	0	63	0	0	0	0	0	
1.4138e+06	0	0	0	0	0	0	0	0	0	0	65	0	0	0	0	0	
1.41455e+06	0	0	0	0	0	0	0	0	0	0	81	0	0	0	0	0	
1.4153e+06	0	0	0	0	0	0	0	0	0	0	65	0	0	0	0	0	
1.41606e+06	0	0	0	0	0	0	0	0	0	0	61	0	0	0	0	0	
1.4168e+06	0	0	0	0	0	0	0	0	0	0	63	0	0	0	0	0	
1.41755e+06	0	0	0	0	0	0	0	0	0	0	69	0	0	0	0	0	
1.4183e+06	0	0	0	0	0	0	0	0	0	0	75	0	0	0	0	0	
1.41906e+06	0	0	0	0	0	0	0	0	0	1	80	0	0	0	0	0	
1.4198e+06	0	0	0	0	0	0	0	0	0	0	67	0	0	0	0	0	
1.42055e+06	0	0	0	0	0	0	0	0	0	0	77	0	0	0	0	0	
1.4213e+06	0	0	0	0	0	0	0	0	0	0	79	0	0	0	0	0	
1.42205e+06	0	0	0	0	0	0	0	0	0	0	75	0	0	0	0	0	
1.42281e+06	0	0	0	0	0	0	0	0	0	0	85	0	0	0	0	0	
1.42356e+06	0	0	0	0	0	0	0	0	0	0	71	0	0	0	0	0	
1.42431e+06	0	0	0	0	0	0	0	0	0	0	93	0	0	0	0	0	
1.42506e+06	0	0	0	0	0	0	0	0	0	0	77	0	0	0	0	0	
1.42581e+06	0	0	0	0	0	0	0	0	0	0	67	0	0	0	0	0	
1.42656e+06	0	0	0	0	0	0	0	0	0	5	68	0	0	0	0	0	
1.42731e+06	0	0	0	0	0	0	0	0	0	0	81	0	0	0	0	0	
1.42806e+06	0	0	0	0	0	0	0	0	0	0	77	0	0	0	0	0	
1.42881e+06	0	0	0	0	0	0	0	0	0	0	75	0	0	0	0	0	
1.42956e+06	0	0	0	0	0	0	0	0	0	0	53	0	0	0	0	0	
1.4303e+06	0	0	0	0	0	0	0	0	0	0	71	0	0	0	0	0	
1.43105e+06	0	0	0	0	0	0	0	0	0	0	79	0	0	0	0	0	
1.43181e+06	0	0	0	0	0	0	0	0	0	0	77	0	0	0	0	0	
1.43256e+06	0	0	0	0	0	0	0	0	0	0	81	0	0	0	0	0	
1.43331e+06	0	0	0	0	0	0	0	0	0	0	75	0	0	0	0	0	
1.43406e+06	0	0	0	0	0	0	0	0	0	0	69	0	0	0	0	0	
1.43481e+06	0	0	0	0	0	0	0	0	0	0	59	0	0	0	0	0	
1.43556e+06	0	0	0	0	0	0	0	0	0	0	63	0	0	0	0	0	
1.43631e+06	0	0	0	0	0	0	0	0	0	0	71	0	0	0	0	0	
1.43705e+06	0	0	0	0	0	0	0	0	0	0	73	0	0	0	0	0	
1.43781e+06	0	0	0	0	0	0	0	0	0	0	73	0	0	0	0	0	
1.43856e+06	0	0	0	0	0	0	0	0	0	0	59	0	0	0	0	0	
1.43931e+06	0	0	0	0	0	0	0	0	0	0	77	0	0	0	0	0	
1.44006e+06	0	0	0	0	0	0	0	0	0	0	75	0	0	0	0	0	
1.44081e+06	0	0	0	0	0	0	0	0	0	0	75	0	0	0	0	0	
1.44156e+06	0	0	0	0	0	0	0	0	0	0	69	0	0	0	0	0	
1.44231e+06	0	0	0	0	0	0	0	0	0	0	55	0	0	0	0	0	
1.44306e+06	0	0	0	0	0	0	0	0	0	0	73	0	0	0	0	0	
1.44381e+06	0	0	0	0	0	0	0	0	0	0	77	0	0	0	0	0	
1.44456e+06	0	0	0	0	0	0	0	0	0	0	73	0	0	0	0	0	
1.44531e+06	0	0	0	0	0	0	0	0	0	0	81	0	0	0	0	0	
1.44606e+06	0	0	0	0	0	0	0	0	0	0	81	0	0	0	0	0	
1.44682e+06	0	0	0	0	0	0	0	0	0	0	103	0	0	0	0	0	
1.44756e+06	0	0	0	0	0	0	0	0	0	0	93	0	0	0	0	0	
1.44831e+06	0	0	0	0	0	0	0	0	0	0	81	0	0	0	0	0	
1.44907e+06	0	0	0	0	0	0	0	0	0	0	65	0	0	0	0	0	
1.44981e+06	0	0	0	0	0	0	0	0	0	0	67	0	0	0	0	0	
1.45056e+06	0	0	0	0	0	0	0	0	0	0	75	0	0	0	0	0	
1.45132e+06	0	0	0	0	0	0	0	0	0	0	77	0	0	0	0	0	
1.45207e+06	0	0	0	0	0	0	0	0	0	0	53	0	0	0	0	0	
1.45282e+06	0	0	0	0	0	0	0	0	0	0	73	0	0	0	0	0	
1.45357e+06	0	0	0	0	0	0	0	0	0	0	63	0	0	0	0	0	
1.45432e+06	0	0	0	0	0	0	0	0	0	0	69	0	0	0	0	0	
1.45507e+06	0	0	0	0	0	0	0	0	0	0	75	0	0	0	0	0	
1.45582e+06	0	0	0	0	0	0	0	0	0	0	81	0	0	0	0	0	
1.45657e+06	0	0	0	0	0	0	0	0	0	0	69	0	0	0	0	0	
1.45732e+06	0	0	0	0	0	0	0	0	0	0	59	0	0	0	0	0	
1.45808e+06	0	0	0	0	0	0	0	0	0	0	87	0	0	0	0	0	
1.45883e+06	0	0	0	0	0	0	0	0	0	67	0	0	0	0	0	0	
1.45957e+06	0	0	0	0	0	0	0	0	0	69	0	0	0	0	0	0	
1.46033e+06	0	0	0	0	0	0	0	0	0	83	0	0	0	0	0	0	
1.46108e+06	0	0	0	0	0	0	0	0	0	75	0	0	0	0	0	0	
1.46183e+06	0	0	0	0	0	0	0	0	0	57	0	0	0	0	0	0	
1.46258e+06	0	0	0	0	0	0	0	0	0	61	0	0	0	0	0	0	
1.46333e+06	0	0	0	0	0	0	0	0	0	65	0	0	0	0	0	0	
1.46408e+06	0	0	0	0	0	0	0	0	0	87	0	0	0	0	0	0	
1.46483e+06	0	0	0	0	0	0	0	0	0	77	0	0	0	0	0	0	
1.46558e+06	0	0	0	0	0	0	0	0	0	75	0	0	0	0	0	0	
1.46633e+06	0	0	0	0	0	0	0	0	0	83	0	0	0	0	0	0	
1.46708e+06	0	0	0	0	0	0	0	0	0	73	0	0	0	0	0	0	
1.46783e+06	0	0	0	0	0	0	0	0	0	85	0	0	0	0	0	0	
1.46859e+06	0	0	0	0	0	0	0	0	0	81	0	0	0	0	0	0	
1.46934e+06	0	0	0	0	0	0	0	0	0	79	0	0	0	0	0	0	
1.47009e+06	0	0	0	0	0	0	0	0	0	77	0	0	0	0	0	0	
1.47083e+06	0	0	0	0	0	0	0	0	0	71	0	0	0	0	0	0	
1.47159e+06	0	0	0	0	0	0	0	0	0	79	0	0	0	0	0	0	
1.47234e+06	0	0	0	0	0	0	0	0	95	0	0	0	0	0	0	0	
1.47309e+06	0	0	0	0	0	0	0	0	97	0	0	0	0	0	0	0	
1.47384e+06	0	0	0	0	0	0	0	0	87	0	0	0	0	0	0	0	
1.47459e+06	0	0	0	0	0	0	0	0	95	0	0	0	0	0	0	0	
1.47534e+06	0	0	0	0	0	0	0	105	0	0	0	0	0	0	0	0	
1.47609e+06	0	0	0	0	0	0	0	107	0	0	0	0	0	0	0	0	
1.47684e+06	0	0	0	0	0	0	0	107	0	0	0	0	0	0	0	0	
1.47759e+06	0	0	0	0	0	0	0	107	0	0	0	0	0	0	0	0	
1.47834e+06	0	0	0	0	0	0	0	115	0	0	0	0	0	0	0	0	
1.47909e+06	0	0	0	0	0	0	0	93	0	0	0	0	0	0	0	0	
1.47984e+06	0	0	0	0	0	0	0	89	0	0	0	0	0	0	0	0	
1.48059e+06	0	0	0	0	0	0	0	123	0	0	0	0	0	0	0	0	
1.48134e+06	0	0	0	0	0	0	0	103	0	0	0	0	0	0	0	0	
1.48209e+06	0	0	0	0	0	0	0	89	0	0	0	0	0	0	0	0	
1.48284e+06	0	0	0	0	0	0	0	93	0	0	0	0	0	0	0	0	
1.48359e+06	0	0	0	0	0	0	0	99	0	0	0	0	0	0	0	0	
1.48435e+06	0	0	0	0	0	0	0	117	0	0	0	0	0	0	0	0	
1.4851e+06	0	0	0	0	0	0	0	107	0	0	0	0	0	0	0	0	
1.48585e+06	0	0	0	0	0	0	0	95	0	0	0	0	0	0	0	0	
1.4866e+06	0	0	0	0	0	0	0	93	0	0	0	0	0	0	0	0	
1.48735e+06	0	0	0	0	0	0	0	115	0	0	0	0	0	0	0	0	
1.4881e+06	0	0	0	0	0	0	0	107	0	0	0	0	0	0	0	0	
1.48885e+06	0	0	0	0	0	0	0	105	0	0	0	0	0	0	0	0	
1.4896e+06	0	0	0	0	0	0	0	101	0	0	0	0	0	0	0	0	
1.49035e+06	0	0	0	0	0	0	0	103	0	0	0	0	0	0	0	0	
1.4911e+06	0	0	0	0	0	0	0	101	0	0	0	0	0	0	0	0	
1.49186e+06	0	0	0	0	0	0	0	107	0	0	0	0	0	0	0	0	
1.49261e+06	0	0	0	0	0	0	0	99	0	0	0	0	0	0	0	0	
1.49336e+06	0	0	0	0	0	0	0	101	0	0	0	0	0	0	0	0	
1.49411e+06	0	0	0	0	0	0	0	101	0	0	0	0	0	0	0	0	
1.49486e+06	0	0	0	0	0	0	0	93	0	0	0	0	0	0	0	0	
1.49561e+06	0	0	0	0	0	0	0	105	0	0	0	0	0	0	0	0	
1.49636e+06	0	0	0	0	0	0	0	97	0	0	0	0	0	0	0	0	
1.49711e+06	0	0	0	0	0	0	0	87	0	0	0	0	0	0	0	0	
1.49786e+06	0	0	0	0	0	0	0	97	0	0	0	0	0	0	0	0	
1.49861e+06	0	0	0	0	0	0	0	103	0	0	0	0	0	0	0	0	
1.49936e+06	0	0	0	0	0	0	0	97	0	0	0	0	0	0	0	0	
1.50011e+06	0	0	0	0	0	0	0	103	0	0	0	0	0	0	0	0	
1.50011e+06	0	0	0	0	0	0	0	103	0	0	0	0	0	0	0	0	
