Time	s0	s1	s2	s3	s4	s5	s6	s7	s8	s9	s10	s11	s12	s13	s14	s15	
0	0	0	0	0	0	0	0	0	0	0	0	0	0	0	0	200	
0.000395897	0	0	0	0	0	0	0	0	0	0	0	0	0	0	0	199	
750.729	0	0	0	0	0	0	0	0	0	0	0	0	0	0	0	63	
1503.18	0	0	0	0	0	0	0	0	0	0	0	0	0	0	0	57	
2254.3	0	0	0	0	0	0	0	0	0	0	0	0	0	0	0	51	
3002.11	0	0	0	0	0	0	0	0	0	0	0	0	0	0	0	55	
3752.6	0	0	0	0	0	0	0	0	0	0	0	0	0	0	0	51	
4503.79	0	0	0	0	0	0	0	0	0	0	0	0	0	0	0	35	
5250.8	0	0	0	0	0	0	0	0	0	0	0	0	0	0	0	45	
6002.72	0	0	0	0	0	0	0	0	0	0	0	0	0	0	0	43	
6752.91	0	0	0	0	0	0	0	0	0	0	0	0	0	0	0	47	
7502.09	0	0	0	0	0	0	0	0	0	0	0	0	0	0	0	57	
8250.73	0	0	0	0	0	0	0	0	0	0	0	0	0	0	57	0	
9000.35	0	0	0	0	0	0	0	0	0	0	0	0	0	0	51	0	
9751.7	0	0	0	0	0	0	0	0	0	0	0	0	0	0	51	0	
10502.1	0	0	0	0	0	0	0	0	0	0	0	0	0	0	0	49	
11251.9	0	0	0	0	0	0	0	0	0	0	0	0	0	0	0	39	
12002	0	0	0	0	0	0	0	0	0	0	0	0	0	0	0	43	
12753	0	0	0	0	0	0	0	0	0	0	0	0	0	0	0	39	
13502.3	0	0	0	0	0	0	0	0	0	0	0	0	0	0	0	47	
14254.9	0	0	0	0	0	0	0	0	0	0	0	0	0	0	0	49	
14999.5	0	0	0	0	0	0	0	0	0	0	0	0	0	0	0	51	
15748.9	0	0	0	0	0	0	0	0	0	0	0	0	0	0	0	57	
16498.4	0	0	0	0	0	0	0	0	0	0	0	0	0	0	0	53	
17250	0	0	0	0	0	0	0	0	0	0	0	0	0	0	0	33	
18000.2	0	0	0	0	0	0	0	0	0	0	0	0	0	0	0	57	
18749.1	0	0	0	0	0	0	0	0	0	0	0	0	0	0	0	37	
19498.8	0	0	0	0	0	0	0	0	0	0	0	0	0	0	0	65	
20251.5	0	0	0	0	0	0	0	0	0	0	0	0	0	0	0	51	
21001.3	0	0	0	0	0	0	0	0	0	0	0	0	0	0	0	47	
21751.2	0	0	0	0	0	0	0	0	0	0	0	0	0	0	0	43	
22503.2	0	0	0	0	0	0	0	0	0	0	0	0	0	0	0	55	
23253.1	0	0	0	0	0	0	0	0	0	0	0	0	0	0	7	36	
24005.2	0	0	0	0	0	0	0	0	0	0	0	0	0	0	57	0	
24754.6	0	0	0	0	0	0	0	0	0	0	0	0	0	69	0	0	
25506.6	0	0	0	0	0	0	0	0	0	0	0	0	0	53	0	0	
26260.5	0	0	0	0	0	0	0	0	0	0	0	0	0	47	0	0	
27008.3	0	0	0	0	0	0	0	0	0	0	0	0	0	65	0	0	
27760.8	0	0	0	0	0	0	0	0	0	0	0	0	0	59	0	0	
28510.8	0	0	0	0	0	0	0	0	0	0	0	0	0	49	0	0	
29261.4	0	0	0	0	0	0	0	0	0	0	0	0	0	59	0	0	
30009.4	0	0	0	0	0	0	0	0	0	0	0	0	0	55	0	0	
30759.9	0	0	0	0	0	0	0	0	0	0	0	0	0	53	0	0	
31508.6	0	0	0	0	0	0	0	0	0	0	0	0	0	59	0	0	
32259.2	0	0	0	0	0	0	0	0	0	0	0	0	0	59	0	0	
33006.5	0	0	0	0	0	0	0	0	0	0	0	0	0	53	0	0	
33756.2	0	0	0	0	0	0	0	0	0	0	0	0	0	69	0	0	
34506.8	0	0	0	0	0	0	0	0	0	0	0	0	0	41	0	0	
35256.6	0	0	0	0	0	0	0	0	0	0	0	0	0	65	0	0	
36005.3	0	0	0	0	0	0	0	0	0	0	0	0	0	63	0	0	
36755.2	0	0	0	0	0	0	0	0	0	0	0	0	0	57	0	0	
37503.5	0	0	0	0	0	0	0	0	0	0	0	0	0	61	0	0	
38248.5	0	0	0	0	0	0	0	0	0	0	0	0	0	55	0	0	
38996.5	0	0	0	0	0	0	0	0	0	0	0	0	0	61	0	0	
39747.7	0	0	0	0	0	0	0	0	0	0	0	0	0	53	0	0	
40497.7	0	0	0	0	0	0	0	0	0	0	0	0	0	55	0	0	
41249.3	0	0	0	0	0	0	0	0	0	0	0	0	55	0	0	0	
42000.3	0	0	0	0	0	0	0	0	0	0	0	0	77	0	0	0	
42751.7	0	0	0	0	0	0	0	0	0	0	0	0	55	0	0	0	
43504.3	0	0	0	0	0	0	0	0	0	0	0	0	67	0	0	0	
44253.3	0	0	0	0	0	0	0	0	0	0	0	0	53	0	0	0	
44996.2	0	0	0	0	0	0	0	0	0	0	0	63	0	0	0	0	
45744.1	0	0	0	0	0	0	0	0	0	0	0	71	0	0	0	0	
46492.2	0	0	0	0	0	0	0	0	0	0	79	0	0	0	0	0	
47241	0	0	0	0	0	0	0	0	0	0	69	0	0	0	0	0	
47988.2	0	0	0	0	0	0	0	0	0	0	59	0	0	0	0	0	
48739	0	0	0	0	0	0	0	0	0	71	0	0	0	0	0	0	
49489.7	0	0	0	0	0	0	0	0	0	105	0	0	0	0	0	0	
50241.1	0	0	0	0	0	0	0	0	0	0	63	0	0	0	0	0	
50992.4	0	0	0	0	0	0	0	0	0	0	73	0	0	0	0	0	
51743.3	0	0	0	0	0	0	0	0	0	0	61	0	0	0	0	0	
52493.7	0	0	0	0	0	0	0	0	0	0	65	0	0	0	0	0	
53242.7	0	0	0	0	0	0	0	0	0	0	65	0	0	0	0	0	
53995.2	0	0	0	0	0	0	0	0	0	0	85	0	0	0	0	0	
54745.2	0	0	0	0	0	0	0	0	0	0	63	0	0	0	0	0	
55493.4	0	0	0	0	0	0	0	0	0	0	73	0	0	0	0	0	
56243.2	0	0	0	0	0	0	0	0	0	0	61	0	0	0	0	0	
56993.3	0	0	0	0	0	0	0	0	0	0	65	0	0	0	0	0	
57741.5	0	0	0	0	0	0	0	0	0	0	61	0	0	0	0	0	
58494.5	0	0	0	0	0	0	0	0	0	0	91	0	0	0	0	0	
59245.5	0	0	0	0	0	0	0	0	0	0	81	0	0	0	0	0	
59999	0	0	0	0	0	0	0	0	0	0	69	0	0	0	0	0	
60747.7	0	0	0	0	0	0	0	0	0	0	81	0	0	0	0	0	
61497	0	0	0	0	0	0	0	0	0	0	69	0	0	0	0	0	
62245	0	0	0	0	0	0	0	0	0	0	65	0	0	0	0	0	
62997.1	0	0	0	0	0	0	0	0	0	0	59	0	0	0	0	0	
63742.3	0	0	0	0	0	0	0	0	0	0	63	0	0	0	0	0	
64492.9	0	0	0	0	0	0	0	0	0	0	79	0	0	0	0	0	
65242.4	0	0	0	0	0	0	0	0	0	0	77	0	0	0	0	0	
65990.8	0	0	0	0	0	0	0	0	0	0	63	0	0	0	0	0	
66739.3	0	0	0	0	0	0	0	0	0	0	77	0	0	0	0	0	
67484.4	0	0	0	0	0	0	0	0	0	0	65	0	0	0	0	0	
68232.8	0	0	0	0	0	0	0	0	0	0	75	0	0	0	0	0	
68986.5	0	0	0	0	0	0	0	0	0	0	63	0	0	0	0	0	
69736.8	0	0	0	0	0	0	0	0	0	81	0	0	0	0	0	0	
70486.6	0	0	0	0	0	0	0	0	0	93	0	0	0	0	0	0	
71238.7	0	0	0	0	0	0	0	0	0	73	0	0	0	0	0	0	
71990.3	0	0	0	0	0	0	0	0	0	77	0	0	0	0	0	0	
72743.2	0	0	0	0	0	0	0	0	97	0	0	0	0	0	0	0	
73493.6	0	0	0	0	0	0	0	0	95	0	0	0	0	0	0	0	
74241.6	0	0	0	0	0	0	0	0	89	0	0	0	0	0	0	0	
74990.6	0	0	0	0	0	0	0	0	99	0	0	0	0	0	0	0	
75741	0	0	0	0	0	0	0	0	79	0	0	0	0	0	0	0	
76490.4	0	0	0	0	0	0	0	0	87	0	0	0	0	0	0	0	
77242.4	0	0	0	0	0	0	0	0	87	0	0	0	0	0	0	0	
77992.2	0	0	0	0	0	0	0	0	91	0	0	0	0	0	0	0	
78742.2	0	0	0	0	0	0	0	0	91	0	0	0	0	0	0	0	
79489.8	0	0	0	0	0	0	0	0	91	0	0	0	0	0	0	0	
80240.7	0	0	0	0	0	0	0	0	81	0	0	0	0	0	0	0	
80990.6	0	0	0	0	0	0	0	0	95	0	0	0	0	0	0	0	
81742.8	0	0	0	0	0	0	0	0	83	0	0	0	0	0	0	0	
82493.9	0	0	0	0	0	0	0	0	81	0	0	0	0	0	0	0	
83245.1	0	0	0	0	0	0	0	0	87	0	0	0	0	0	0	0	
83995.2	0	0	0	0	0	0	0	97	0	0	0	0	0	0	0	0	
84744.4	0	0	0	0	0	0	0	101	0	0	0	0	0	0	0	0	
85494.5	0	0	0	0	0	0	0	93	0	0	0	0	0	0	0	0	
86243.9	0	0	0	0	0	0	0	97	0	0	0	0	0	0	0	0	
86992.7	0	0	0	0	0	0	0	99	0	0	0	0	0	0	0	0	
87742.4	0	0	0	0	0	0	0	101	0	0	0	0	0	0	0	0	
88493.6	0	0	0	0	0	0	0	91	0	0	0	0	0	0	0	0	
89237.4	0	0	0	0	0	0	0	87	0	0	0	0	0	0	0	0	
89984.8	0	0	0	0	0	0	0	83	0	0	0	0	0	0	0	0	
90734.3	0	0	0	0	0	0	0	105	0	0	0	0	0	0	0	0	
91485	0	0	0	0	0	0	0	93	0	0	0	0	0	0	0	0	
92233.5	0	0	0	0	0	0	0	97	0	0	0	0	0	0	0	0	
92983.5	0	0	0	0	0	0	0	107	0	0	0	0	0	0	0	0	
93732.8	0	0	0	0	0	0	0	81	0	0	0	0	0	0	0	0	
94486.3	0	0	0	0	0	0	0	105	0	0	0	0	0	0	0	0	
95236.9	0	0	0	0	0	0	0	109	0	0	0	0	0	0	0	0	
95986.5	0	0	0	0	0	0	0	91	0	0	0	0	0	0	0	0	
96736.6	0	0	0	0	0	0	0	0	113	0	0	0	0	0	0	0	
97483.3	0	0	0	0	0	0	0	0	93	0	0	0	0	0	0	0	
98234.8	0	0	0	0	0	0	0	0	93	0	0	0	0	0	0	0	
98989	0	0	0	0	0	0	0	0	46	51	0	0	0	0	0	0	
99741.2	0	0	0	0	0	0	0	0	79	0	0	0	0	0	0	0	
100489	0	0	0	0	0	0	0	0	87	0	0	0	0	0	0	0	
101240	0	0	0	0	0	0	0	0	89	0	0	0	0	0	0	0	
101988	0	0	0	0	0	0	0	0	79	0	0	0	0	0	0	0	
102737	0	0	0	0	0	0	0	91	0	0	0	0	0	0	0	0	
103489	0	0	0	0	0	0	0	83	0	0	0	0	0	0	0	0	
104241	0	0	0	0	0	0	0	97	0	0	0	0	0	0	0	0	
104991	0	0	0	0	0	0	0	83	0	0	0	0	0	0	0	0	
105742	0	0	0	0	0	0	0	0	81	0	0	0	0	0	0	0	
106490	0	0	0	0	0	0	0	0	95	0	0	0	0	0	0	0	
107243	0	0	0	0	0	0	0	0	93	0	0	0	0	0	0	0	
107995	0	0	0	0	0	0	0	113	0	0	0	0	0	0	0	0	
108745	0	0	0	0	0	0	0	111	0	0	0	0	0	0	0	0	
109496	0	0	0	0	0	0	0	97	0	0	0	0	0	0	0	0	
110245	0	0	0	0	0	0	0	89	0	0	0	0	0	0	0	0	
110991	0	0	0	0	0	0	0	97	0	0	0	0	0	0	0	0	
111741	0	0	0	0	0	0	0	109	0	0	0	0	0	0	0	0	
112487	0	0	0	0	0	0	0	105	0	0	0	0	0	0	0	0	
113237	0	0	0	0	0	0	0	97	0	0	0	0	0	0	0	0	
113985	0	0	0	0	0	0	0	101	0	0	0	0	0	0	0	0	
114738	0	0	0	0	0	0	0	99	0	0	0	0	0	0	0	0	
115487	0	0	0	0	0	0	0	99	0	0	0	0	0	0	0	0	
116234	0	0	0	0	0	0	0	103	0	0	0	0	0	0	0	0	
116985	0	0	0	0	0	0	0	103	0	0	0	0	0	0	0	0	
117738	0	0	0	0	0	0	0	101	0	0	0	0	0	0	0	0	
118490	0	0	0	0	0	0	0	99	0	0	0	0	0	0	0	0	
119238	0	0	0	0	0	0	0	113	0	0	0	0	0	0	0	0	
119987	0	0	0	0	0	0	0	99	0	0	0	0	0	0	0	0	
120737	0	0	0	0	0	0	0	95	0	0	0	0	0	0	0	0	
121483	0	0	0	0	0	0	0	101	0	0	0	0	0	0	0	0	
122233	0	0	0	0	0	0	0	95	0	0	0	0	0	0	0	0	
122984	0	0	0	0	0	0	0	107	0	0	0	0	0	0	0	0	
123735	0	0	0	0	0	0	0	95	0	0	0	0	0	0	0	0	
124485	0	0	0	0	0	0	0	107	0	0	0	0	0	0	0	0	
125234	0	0	0	0	0	0	0	111	0	0	0	0	0	0	0	0	
125984	0	0	0	0	0	0	129	0	0	0	0	0	0	0	0	0	
126733	0	0	0	0	0	0	111	0	0	0	0	0	0	0	0	0	
127483	0	0	0	0	0	0	105	0	0	0	0	0	0	0	0	0	
128233	0	0	0	0	0	0	131	0	0	0	0	0	0	0	0	0	
128984	0	0	0	0	0	0	121	0	0	0	0	0	0	0	0	0	
129734	0	0	0	0	0	0	141	0	0	0	0	0	0	0	0	0	
130487	0	0	0	0	0	0	95	0	0	0	0	0	0	0	0	0	
131235	0	0	0	0	0	0	105	0	0	0	0	0	0	0	0	0	
131986	0	0	0	0	0	0	129	0	0	0	0	0	0	0	0	0	
132739	0	0	0	0	0	0	125	0	0	0	0	0	0	0	0	0	
133491	0	0	0	0	0	0	119	0	0	0	0	0	0	0	0	0	
134240	0	0	0	0	0	0	95	0	0	0	0	0	0	0	0	0	
134991	0	0	0	0	0	0	105	0	0	0	0	0	0	0	0	0	
135743	0	0	0	0	0	0	97	0	0	0	0	0	0	0	0	0	
136491	0	0	0	0	0	0	123	0	0	0	0	0	0	0	0	0	
137243	0	0	0	0	0	0	103	0	0	0	0	0	0	0	0	0	
137995	0	0	0	0	0	0	121	0	0	0	0	0	0	0	0	0	
138747	0	0	0	0	0	0	115	0	0	0	0	0	0	0	0	0	
139494	0	0	0	0	0	0	115	0	0	0	0	0	0	0	0	0	
140243	0	0	0	0	0	0	103	0	0	0	0	0	0	0	0	0	
140994	0	0	0	0	0	0	95	0	0	0	0	0	0	0	0	0	
141741	0	0	0	0	0	0	113	0	0	0	0	0	0	0	0	0	
142491	0	0	0	0	0	0	111	0	0	0	0	0	0	0	0	0	
143240	0	0	0	0	0	0	33	80	0	0	0	0	0	0	0	0	
143993	0	0	0	0	0	0	0	111	0	0	0	0	0	0	0	0	
144745	0	0	0	0	0	0	0	95	0	0	0	0	0	0	0	0	
145500	0	0	0	0	0	0	0	93	0	0	0	0	0	0	0	0	
146252	0	0	0	0	0	0	0	91	0	0	0	0	0	0	0	0	
147003	0	0	0	0	0	0	0	101	0	0	0	0	0	0	0	0	
147753	0	0	0	0	0	0	0	105	0	0	0	0	0	0	0	0	
148499	0	0	0	0	0	0	0	105	0	0	0	0	0	0	0	0	
149247	0	0	0	0	0	0	0	121	0	0	0	0	0	0	0	0	
149999	0	0	0	0	0	0	0	87	0	0	0	0	0	0	0	0	
150746	0	0	0	0	0	0	0	85	0	0	0	0	0	0	0	0	
151494	0	0	0	0	0	0	0	95	0	0	0	0	0	0	0	0	
152244	0	0	0	0	0	0	0	91	0	0	0	0	0	0	0	0	
152993	0	0	0	0	0	0	0	99	0	0	0	0	0	0	0	0	
153744	0	0	0	0	0	0	0	101	0	0	0	0	0	0	0	0	
154494	0	0	0	0	0	0	38	65	0	0	0	0	0	0	0	0	
155242	0	0	0	0	0	0	0	117	0	0	0	0	0	0	0	0	
155992	0	0	0	0	0	0	0	85	0	0	0	0	0	0	0	0	
156744	0	0	0	0	0	0	0	121	0	0	0	0	0	0	0	0	
157493	0	0	0	0	0	0	0	113	0	0	0	0	0	0	0	0	
158238	0	0	0	0	0	0	0	91	6	0	0	0	0	0	0	0	
158991	0	0	0	0	0	0	0	0	95	0	0	0	0	0	0	0	
159742	0	0	0	0	0	0	0	0	93	0	0	0	0	0	0	0	
160491	0	0	0	0	0	0	0	0	99	0	0	0	0	0	0	0	
161239	0	0	0	0	0	0	0	0	91	0	0	0	0	0	0	0	
161990	0	0	0	0	0	0	0	0	79	0	0	0	0	0	0	0	
162739	0	0	0	0	0	0	0	0	95	0	0	0	0	0	0	0	
163490	0	0	0	0	0	0	0	0	93	0	0	0	0	0	0	0	
164239	0	0	0	0	0	0	0	0	95	0	0	0	0	0	0	0	
164993	0	0	0	0	0	0	0	0	87	0	0	0	0	0	0	0	
165741	0	0	0	0	0	0	0	0	91	0	0	0	0	0	0	0	
166492	0	0	0	0	0	0	0	0	91	0	0	0	0	0	0	0	
167244	0	0	0	0	0	0	0	0	91	0	0	0	0	0	0	0	
167991	0	0	0	0	0	0	0	0	81	0	0	0	0	0	0	0	
168740	0	0	0	0	0	0	0	0	91	0	0	0	0	0	0	0	
169490	0	0	0	0	0	0	0	0	93	0	0	0	0	0	0	0	
170242	0	0	0	0	0	0	0	0	91	0	0	0	0	0	0	0	
170993	0	0	0	0	0	0	0	0	93	0	0	0	0	0	0	0	
171742	0	0	0	0	0	0	0	0	113	0	0	0	0	0	0	0	
172496	0	0	0	0	0	0	0	0	97	0	0	0	0	0	0	0	
173244	0	0	0	0	0	0	0	0	83	0	0	0	0	0	0	0	
173994	0	0	0	0	0	0	0	0	93	0	0	0	0	0	0	0	
174744	0	0	0	0	0	0	0	0	81	0	0	0	0	0	0	0	
175494	0	0	0	0	0	0	0	0	85	0	0	0	0	0	0	0	
176243	0	0	0	0	0	0	0	0	81	0	0	0	0	0	0	0	
176992	0	0	0	0	0	0	0	0	89	0	0	0	0	0	0	0	
177741	0	0	0	0	0	0	0	0	0	85	0	0	0	0	0	0	
178487	0	0	0	0	0	0	0	0	0	85	0	0	0	0	0	0	
179239	0	0	0	0	0	0	0	0	0	73	0	0	0	0	0	0	
179990	0	0	0	0	0	0	0	0	0	67	0	0	0	0	0	0	
180742	0	0	0	0	0	0	0	0	0	61	0	0	0	0	0	0	
181491	0	0	0	0	0	0	0	0	0	75	0	0	0	0	0	0	
182242	0	0	0	0	0	0	0	0	0	83	0	0	0	0	0	0	
182991	0	0	0	0	0	0	0	0	0	81	0	0	0	0	0	0	
183744	0	0	0	0	0	0	0	0	0	67	0	0	0	0	0	0	
184497	0	0	0	0	0	0	0	0	0	79	0	0	0	0	0	0	
185252	0	0	0	0	0	0	0	0	0	75	0	0	0	0	0	0	
185997	0	0	0	0	0	0	0	0	0	87	0	0	0	0	0	0	
186747	0	0	0	0	0	0	0	0	0	95	0	0	0	0	0	0	
187497	0	0	0	0	0	0	0	0	81	0	0	0	0	0	0	0	
188248	0	0	0	0	0	0	0	0	95	0	0	0	0	0	0	0	
188999	0	0	0	0	0	0	0	0	89	0	0	0	0	0	0	0	
189750	0	0	0	0	0	0	0	0	87	0	0	0	0	0	0	0	
190503	0	0	0	0	0	0	0	103	0	0	0	0	0	0	0	0	
191253	0	0	0	0	0	0	6	91	0	0	0	0	0	0	0	0	
192002	0	0	0	0	0	0	0	119	0	0	0	0	0	0	0	0	
192751	0	0	0	0	0	0	0	93	0	0	0	0	0	0	0	0	
193500	0	0	0	0	0	0	0	103	0	0	0	0	0	0	0	0	
194249	0	0	0	0	0	0	0	81	0	0	0	0	0	0	0	0	
194998	0	0	0	0	0	0	0	103	0	0	0	0	0	0	0	0	
195747	0	0	0	0	0	0	0	99	0	0	0	0	0	0	0	0	
196497	0	0	0	0	0	0	0	69	0	0	0	0	0	0	0	0	
197248	0	0	0	0	0	0	0	83	0	0	0	0	0	0	0	0	
198001	0	0	0	0	0	0	0	103	0	0	0	0	0	0	0	0	
198749	0	0	0	0	0	0	0	87	0	0	0	0	0	0	0	0	
199500	0	0	0	0	0	0	0	93	0	0	0	0	0	0	0	0	
200250	0	0	0	0	0	0	0	101	0	0	0	0	0	0	0	0	
201000	0	0	0	0	0	0	0	111	0	0	0	0	0	0	0	0	
201752	0	0	0	0	0	0	0	105	0	0	0	0	0	0	0	0	
202501	0	0	0	0	0	0	0	97	0	0	0	0	0	0	0	0	
203249	0	0	0	0	0	0	0	73	0	0	0	0	0	0	0	0	
203997	0	0	0	0	0	0	0	91	0	0	0	0	0	0	0	0	
204748	0	0	0	0	0	0	0	0	85	0	0	0	0	0	0	0	
205498	0	0	0	0	0	0	0	0	89	0	0	0	0	0	0	0	
206246	0	0	0	0	0	0	0	0	85	0	0	0	0	0	0	0	
206996	0	0	0	0	0	0	0	0	87	0	0	0	0	0	0	0	
207748	0	0	0	0	0	0	0	0	91	0	0	0	0	0	0	0	
208502	0	0	0	0	0	0	0	0	79	0	0	0	0	0	0	0	
209251	0	0	0	0	0	0	0	0	85	0	0	0	0	0	0	0	
210000	0	0	0	0	0	0	0	0	81	0	0	0	0	0	0	0	
210751	0	0	0	0	0	0	0	0	87	0	0	0	0	0	0	0	
211500	0	0	0	0	0	0	0	0	83	0	0	0	0	0	0	0	
212250	0	0	0	0	0	0	0	0	99	0	0	0	0	0	0	0	
213001	0	0	0	0	0	0	0	0	105	0	0	0	0	0	0	0	
213750	0	0	0	0	0	0	0	0	87	0	0	0	0	0	0	0	
214499	0	0	0	0	0	0	0	0	87	0	0	0	0	0	0	0	
215249	0	0	0	0	0	0	0	0	85	0	0	0	0	0	0	0	
216003	0	0	0	0	0	0	0	101	0	0	0	0	0	0	0	0	
216751	0	0	0	0	0	0	0	91	0	0	0	0	0	0	0	0	
217500	0	0	0	0	0	0	0	107	0	0	0	0	0	0	0	0	
218249	0	0	0	0	0	0	0	103	0	0	0	0	0	0	0	0	
218998	0	0	0	0	0	0	0	91	0	0	0	0	0	0	0	0	
219750	0	0	0	0	0	0	0	107	0	0	0	0	0	0	0	0	
220501	0	0	0	0	0	0	0	91	0	0	0	0	0	0	0	0	
221251	0	0	0	0	0	0	0	81	0	0	0	0	0	0	0	0	
222002	0	0	0	0	0	0	0	107	0	0	0	0	0	0	0	0	
222752	0	0	0	0	0	0	0	113	0	0	0	0	0	0	0	0	
223502	0	0	0	0	0	0	0	85	0	0	0	0	0	0	0	0	
224251	0	0	0	0	0	0	0	115	0	0	0	0	0	0	0	0	
224999	0	0	0	0	0	0	0	101	0	0	0	0	0	0	0	0	
225747	0	0	0	0	0	0	0	101	0	0	0	0	0	0	0	0	
226497	0	0	0	0	0	0	0	107	0	0	0	0	0	0	0	0	
227246	0	0	0	0	0	0	0	103	0	0	0	0	0	0	0	0	
227996	0	0	0	0	0	0	0	95	0	0	0	0	0	0	0	0	
228743	0	0	0	0	0	0	0	121	0	0	0	0	0	0	0	0	
229495	0	0	0	0	0	0	0	115	0	0	0	0	0	0	0	0	
230243	0	0	0	0	0	0	0	113	0	0	0	0	0	0	0	0	
230995	0	0	0	0	0	0	0	115	0	0	0	0	0	0	0	0	
231746	0	0	0	0	0	0	0	105	0	0	0	0	0	0	0	0	
232494	0	0	0	0	0	0	0	0	71	0	0	0	0	0	0	0	
233243	0	0	0	0	0	0	0	0	89	0	0	0	0	0	0	0	
233995	0	0	0	0	0	0	0	0	99	0	0	0	0	0	0	0	
234743	0	0	0	0	0	0	0	0	109	0	0	0	0	0	0	0	
235491	0	0	0	0	0	0	0	0	91	0	0	0	0	0	0	0	
236243	0	0	0	0	0	0	0	0	97	0	0	0	0	0	0	0	
236991	0	0	0	0	0	0	0	0	85	0	0	0	0	0	0	0	
237744	0	0	0	0	0	0	0	0	0	95	0	0	0	0	0	0	
238494	0	0	0	0	0	0	0	0	0	83	0	0	0	0	0	0	
239242	0	0	0	0	0	0	0	0	0	97	0	0	0	0	0	0	
239992	0	0	0	0	0	0	0	0	0	93	0	0	0	0	0	0	
240742	0	0	0	0	0	0	0	0	0	69	0	0	0	0	0	0	
241492	0	0	0	0	0	0	0	0	0	79	0	0	0	0	0	0	
242244	0	0	0	0	0	0	0	0	0	93	0	0	0	0	0	0	
242990	0	0	0	0	0	0	0	0	0	73	0	0	0	0	0	0	
243741	0	0	0	0	0	0	0	0	0	75	0	0	0	0	0	0	
244490	0	0	0	0	0	0	0	0	0	83	0	0	0	0	0	0	
245239	0	0	0	0	0	0	0	0	0	71	0	0	0	0	0	0	
245988	0	0	0	0	0	0	0	0	0	83	0	0	0	0	0	0	
246735	0	0	0	0	0	0	0	0	0	65	0	0	0	0	0	0	
247488	0	0	0	0	0	0	0	0	0	69	0	0	0	0	0	0	
248239	0	0	0	0	0	0	0	0	85	0	0	0	0	0	0	0	
248991	0	0	0	0	0	0	0	0	83	0	0	0	0	0	0	0	
249742	0	0	0	0	0	0	0	0	91	0	0	0	0	0	0	0	
250492	0	0	0	0	0	0	0	0	91	0	0	0	0	0	0	0	
251241	0	0	0	0	0	0	0	0	93	0	0	0	0	0	0	0	
251986	0	0	0	0	0	0	0	0	89	0	0	0	0	0	0	0	
252738	0	0	0	0	0	0	0	0	85	0	0	0	0	0	0	0	
253486	0	0	0	0	0	0	0	0	101	0	0	0	0	0	0	0	
254237	0	0	0	0	0	0	0	0	73	0	0	0	0	0	0	0	
254990	0	0	0	0	0	0	0	0	97	0	0	0	0	0	0	0	
255741	0	0	0	0	0	0	0	0	63	0	0	0	0	0	0	0	
256490	0	0	0	0	0	0	0	0	77	0	0	0	0	0	0	0	
257243	0	0	0	0	0	0	0	0	95	0	0	0	0	0	0	0	
257992	0	0	0	0	0	0	0	0	81	0	0	0	0	0	0	0	
258745	0	0	0	0	0	0	0	0	95	0	0	0	0	0	0	0	
259491	0	0	0	0	0	0	0	0	89	0	0	0	0	0	0	0	
260245	0	0	0	0	0	0	0	0	91	0	0	0	0	0	0	0	
260994	0	0	0	0	0	0	0	0	71	0	0	0	0	0	0	0	
261744	0	0	0	0	0	0	0	0	95	0	0	0	0	0	0	0	
262497	0	0	0	0	0	0	0	0	81	0	0	0	0	0	0	0	
263247	0	0	0	0	0	0	0	0	85	0	0	0	0	0	0	0	
263995	0	0	0	0	0	0	0	0	95	0	0	0	0	0	0	0	
264746	0	0	0	0	0	0	0	0	71	0	0	0	0	0	0	0	
265492	0	0	0	0	0	0	0	0	85	0	0	0	0	0	0	0	
266241	0	0	0	0	0	0	0	0	105	0	0	0	0	0	0	0	
266990	0	0	0	0	0	0	0	0	93	0	0	0	0	0	0	0	
267742	0	0	0	0	0	0	0	0	97	0	0	0	0	0	0	0	
268491	0	0	0	0	0	0	0	0	103	0	0	0	0	0	0	0	
269241	0	0	0	0	0	0	0	0	99	0	0	0	0	0	0	0	
269991	0	0	0	0	0	0	0	0	79	0	0	0	0	0	0	0	
270740	0	0	0	0	0	0	0	0	91	0	0	0	0	0	0	0	
271488	0	0	0	0	0	0	0	0	105	0	0	0	0	0	0	0	
272238	0	0	0	0	0	0	0	0	79	0	0	0	0	0	0	0	
272988	0	0	0	0	0	0	0	0	105	0	0	0	0	0	0	0	
273744	0	0	0	0	0	0	0	0	93	0	0	0	0	0	0	0	
274493	0	0	0	0	0	0	0	0	87	0	0	0	0	0	0	0	
275242	0	0	0	0	0	0	0	0	85	0	0	0	0	0	0	0	
275988	0	0	0	0	0	0	0	0	93	0	0	0	0	0	0	0	
276738	0	0	0	0	0	0	0	0	91	0	0	0	0	0	0	0	
277489	0	0	0	0	0	0	0	0	97	0	0	0	0	0	0	0	
278241	0	0	0	0	0	0	0	0	89	0	0	0	0	0	0	0	
278995	0	0	0	0	0	0	0	0	71	0	0	0	0	0	0	0	
279743	0	0	0	0	0	0	0	0	85	0	0	0	0	0	0	0	
280493	0	0	0	0	0	0	0	0	101	0	0	0	0	0	0	0	
281243	0	0	0	0	0	0	0	0	83	0	0	0	0	0	0	0	
281995	0	0	0	0	0	0	0	0	83	0	0	0	0	0	0	0	
282741	0	0	0	0	0	0	0	0	83	10	0	0	0	0	0	0	
283487	0	0	0	0	0	0	0	0	83	0	0	0	0	0	0	0	
284242	0	0	0	0	0	0	0	0	81	0	0	0	0	0	0	0	
284993	0	0	0	0	0	0	0	0	89	0	0	0	0	0	0	0	
285743	0	0	0	0	0	0	0	0	101	0	0	0	0	0	0	0	
286493	0	0	0	0	0	0	0	0	81	0	0	0	0	0	0	0	
287239	0	0	0	0	0	0	0	0	83	0	0	0	0	0	0	0	
287987	0	0	0	0	0	0	0	0	83	0	0	0	0	0	0	0	
288736	0	0	0	0	0	0	0	0	103	0	0	0	0	0	0	0	
289483	0	0	0	0	0	0	0	0	107	0	0	0	0	0	0	0	
290234	0	0	0	0	0	0	0	0	87	0	0	0	0	0	0	0	
290982	0	0	0	0	0	0	0	0	91	0	0	0	0	0	0	0	
291733	0	0	0	0	0	0	0	0	0	79	0	0	0	0	0	0	
292483	0	0	0	0	0	0	0	0	0	69	0	0	0	0	0	0	
293233	0	0	0	0	0	0	0	0	0	77	0	0	0	0	0	0	
293978	0	0	0	0	0	0	0	0	0	75	0	0	0	0	0	0	
294729	0	0	0	0	0	0	0	0	0	83	0	0	0	0	0	0	
295477	0	0	0	0	0	0	0	0	0	65	0	0	0	0	0	0	
296226	0	0	0	0	0	0	0	0	0	77	0	0	0	0	0	0	
296975	0	0	0	0	0	0	0	0	0	83	0	0	0	0	0	0	
297725	0	0	0	0	0	0	0	0	0	69	0	0	0	0	0	0	
298477	0	0	0	0	0	0	0	0	0	71	0	0	0	0	0	0	
299228	0	0	0	0	0	0	0	0	0	85	0	0	0	0	0	0	
299974	0	0	0	0	0	0	0	0	0	87	0	0	0	0	0	0	
300726	0	0	0	0	0	0	0	0	0	73	0	0	0	0	0	0	
301475	0	0	0	0	0	0	0	0	0	85	0	0	0	0	0	0	
302223	0	0	0	0	0	0	0	0	0	87	0	0	0	0	0	0	
302974	0	0	0	0	0	0	0	0	0	75	0	0	0	0	0	0	
303721	0	0	0	0	0	0	0	0	0	79	0	0	0	0	0	0	
304469	0	0	0	0	0	0	0	0	0	89	0	0	0	0	0	0	
305220	0	0	0	0	0	0	0	0	0	75	0	0	0	0	0	0	
305971	0	0	0	0	0	0	0	0	0	93	0	0	0	0	0	0	
306722	0	0	0	0	0	0	0	0	0	95	0	0	0	0	0	0	
307473	0	0	0	0	0	0	0	0	0	75	0	0	0	0	0	0	
308220	0	0	0	0	0	0	0	0	0	91	0	0	0	0	0	0	
308970	0	0	0	0	0	0	0	0	0	81	0	0	0	0	0	0	
309721	0	0	0	0	0	0	0	0	0	75	0	0	0	0	0	0	
310470	0	0	0	0	0	0	0	0	0	83	0	0	0	0	0	0	
311221	0	0	0	0	0	0	0	0	0	79	0	0	0	0	0	0	
311966	0	0	0	0	0	0	0	0	0	67	0	0	0	0	0	0	
312717	0	0	0	0	0	0	0	0	0	97	0	0	0	0	0	0	
313467	0	0	0	0	0	0	0	0	0	97	0	0	0	0	0	0	
314215	0	0	0	0	0	0	0	0	0	65	0	0	0	0	0	0	
314965	0	0	0	0	0	0	0	0	0	79	0	0	0	0	0	0	
315715	0	0	0	0	0	0	0	0	0	95	0	0	0	0	0	0	
316465	0	0	0	0	0	0	0	0	0	79	0	0	0	0	0	0	
317216	0	0	0	0	0	0	0	0	0	89	0	0	0	0	0	0	
317968	0	0	0	0	0	0	0	0	0	79	0	0	0	0	0	0	
318718	0	0	0	0	0	0	0	0	0	73	0	0	0	0	0	0	
319469	0	0	0	0	0	0	0	0	0	85	0	0	0	0	0	0	
320221	0	0	0	0	0	0	0	0	0	103	0	0	0	0	0	0	
320974	0	0	0	0	0	0	0	0	0	71	0	0	0	0	0	0	
321723	0	0	0	0	0	0	0	0	0	75	0	0	0	0	0	0	
322474	0	0	0	0	0	0	0	0	0	71	0	0	0	0	0	0	
323222	0	0	0	0	0	0	0	0	0	69	0	0	0	0	0	0	
323970	0	0	0	0	0	0	0	0	0	87	0	0	0	0	0	0	
324719	0	0	0	0	0	0	0	0	0	67	0	0	0	0	0	0	
325465	0	0	0	0	0	0	0	0	0	79	0	0	0	0	0	0	
326218	0	0	0	0	0	0	0	0	0	83	0	0	0	0	0	0	
326968	0	0	0	0	0	0	0	0	0	87	0	0	0	0	0	0	
327720	0	0	0	0	0	0	0	0	0	73	0	0	0	0	0	0	
328467	0	0	0	0	0	0	0	0	0	87	0	0	0	0	0	0	
329215	0	0	0	0	0	0	0	0	0	75	0	0	0	0	0	0	
329964	0	0	0	0	0	0	0	0	119	0	0	0	0	0	0	0	
330711	0	0	0	0	0	0	0	0	85	0	0	0	0	0	0	0	
331461	0	0	0	0	0	0	0	0	83	0	0	0	0	0	0	0	
332209	0	0	0	0	0	0	0	0	85	0	0	0	0	0	0	0	
332957	0	0	0	0	0	0	0	0	85	0	0	0	0	0	0	0	
333707	0	0	0	0	0	0	0	0	91	0	0	0	0	0	0	0	
334455	0	0	0	0	0	0	0	0	107	0	0	0	0	0	0	0	
335205	0	0	0	0	0	0	0	0	97	0	0	0	0	0	0	0	
335958	0	0	0	0	0	0	0	0	77	0	0	0	0	0	0	0	
336708	0	0	0	0	0	0	0	0	91	0	0	0	0	0	0	0	
337457	0	0	0	0	0	0	0	0	83	0	0	0	0	0	0	0	
338206	0	0	0	0	0	0	0	0	93	0	0	0	0	0	0	0	
338957	0	0	0	0	0	0	0	93	0	0	0	0	0	0	0	0	
339709	0	0	0	0	0	0	0	95	0	0	0	0	0	0	0	0	
340460	0	0	0	0	0	0	0	113	0	0	0	0	0	0	0	0	
341208	0	0	0	0	0	0	0	87	0	0	0	0	0	0	0	0	
341958	0	0	0	0	0	0	0	105	0	0	0	0	0	0	0	0	
342709	0	0	0	0	0	0	0	103	0	0	0	0	0	0	0	0	
343458	0	0	0	0	0	0	0	107	0	0	0	0	0	0	0	0	
344210	0	0	0	0	0	0	0	97	0	0	0	0	0	0	0	0	
344958	0	0	0	0	0	0	0	93	0	0	0	0	0	0	0	0	
345708	0	0	0	0	0	0	0	109	0	0	0	0	0	0	0	0	
346459	0	0	0	0	0	0	0	99	0	0	0	0	0	0	0	0	
347213	0	0	0	0	0	0	0	89	0	0	0	0	0	0	0	0	
347964	0	0	0	0	0	0	0	89	0	0	0	0	0	0	0	0	
348715	0	0	0	0	0	0	111	0	0	0	0	0	0	0	0	0	
349464	0	0	0	0	0	0	101	0	0	0	0	0	0	0	0	0	
350213	0	0	0	0	0	0	115	0	0	0	0	0	0	0	0	0	
350967	0	0	0	0	0	0	107	0	0	0	0	0	0	0	0	0	
351720	0	0	0	0	0	0	115	0	0	0	0	0	0	0	0	0	
352470	0	0	0	0	0	0	103	0	0	0	0	0	0	0	0	0	
353218	0	0	0	0	0	0	107	0	0	0	0	0	0	0	0	0	
353970	0	0	0	0	0	0	133	0	0	0	0	0	0	0	0	0	
354723	0	0	0	0	0	0	121	0	0	0	0	0	0	0	0	0	
355478	0	0	0	0	0	0	121	0	0	0	0	0	0	0	0	0	
356227	0	0	0	0	0	0	89	0	0	0	0	0	0	0	0	0	
356977	0	0	0	0	0	0	125	0	0	0	0	0	0	0	0	0	
357726	0	0	0	0	0	0	115	0	0	0	0	0	0	0	0	0	
358476	0	0	0	0	0	0	105	0	0	0	0	0	0	0	0	0	
359225	0	0	0	0	0	0	123	0	0	0	0	0	0	0	0	0	
359975	0	0	0	0	0	0	89	0	0	0	0	0	0	0	0	0	
360728	0	0	0	0	0	0	97	0	0	0	0	0	0	0	0	0	
361477	0	0	0	0	0	0	111	0	0	0	0	0	0	0	0	0	
362229	0	0	0	0	0	0	113	0	0	0	0	0	0	0	0	0	
362980	0	0	0	0	0	0	101	0	0	0	0	0	0	0	0	0	
363730	0	0	0	0	0	0	111	0	0	0	0	0	0	0	0	0	
364480	0	0	0	0	0	0	141	0	0	0	0	0	0	0	0	0	
365232	0	0	0	0	0	0	131	0	0	0	0	0	0	0	0	0	
365981	0	0	0	0	0	0	111	0	0	0	0	0	0	0	0	0	
366733	0	0	0	0	0	0	107	0	0	0	0	0	0	0	0	0	
367481	0	0	0	0	0	0	115	0	0	0	0	0	0	0	0	0	
368234	0	0	0	0	0	0	115	0	0	0	0	0	0	0	0	0	
368986	0	0	0	0	0	0	0	93	0	0	0	0	0	0	0	0	
369738	0	0	0	0	0	0	0	101	0	0	0	0	0	0	0	0	
370487	0	0	0	0	0	0	0	93	0	0	0	0	0	0	0	0	
371236	0	0	0	0	0	0	0	99	0	0	0	0	0	0	0	0	
371987	0	0	0	0	0	0	0	101	0	0	0	0	0	0	0	0	
372735	0	0	0	0	0	0	0	89	0	0	0	0	0	0	0	0	
373487	0	0	0	0	0	0	0	101	0	0	0	0	0	0	0	0	
374236	0	0	0	0	0	0	0	111	0	0	0	0	0	0	0	0	
374986	0	0	0	0	0	0	0	77	0	0	0	0	0	0	0	0	
375738	0	0	0	0	0	0	0	95	0	0	0	0	0	0	0	0	
376487	0	0	0	0	0	0	0	91	0	0	0	0	0	0	0	0	
377238	0	0	0	0	0	0	0	105	0	0	0	0	0	0	0	0	
377987	0	0	0	0	0	0	0	103	0	0	0	0	0	0	0	0	
378739	0	0	0	0	0	0	0	95	0	0	0	0	0	0	0	0	
379487	0	0	0	0	0	0	0	97	0	0	0	0	0	0	0	0	
380237	0	0	0	0	0	0	0	99	0	0	0	0	0	0	0	0	
380988	0	0	0	0	0	0	0	99	0	0	0	0	0	0	0	0	
381737	0	0	0	0	0	0	0	87	0	0	0	0	0	0	0	0	
382487	0	0	0	0	0	0	0	109	0	0	0	0	0	0	0	0	
383238	0	0	0	0	0	0	0	89	0	0	0	0	0	0	0	0	
383990	0	0	0	0	0	0	0	89	0	0	0	0	0	0	0	0	
384740	0	0	0	0	0	0	0	111	0	0	0	0	0	0	0	0	
385488	0	0	0	0	0	0	0	109	0	0	0	0	0	0	0	0	
386240	0	0	0	0	0	0	0	85	0	0	0	0	0	0	0	0	
386992	0	0	0	0	0	0	0	101	0	0	0	0	0	0	0	0	
387739	0	0	0	0	0	0	0	99	0	0	0	0	0	0	0	0	
388486	0	0	0	0	0	0	0	83	0	0	0	0	0	0	0	0	
389234	0	0	0	0	0	0	0	109	0	0	0	0	0	0	0	0	
389984	0	0	0	0	0	0	0	95	0	0	0	0	0	0	0	0	
390735	0	0	0	0	0	0	0	91	0	0	0	0	0	0	0	0	
391486	0	0	0	0	0	0	0	89	0	0	0	0	0	0	0	0	
392237	0	0	0	0	0	0	0	93	0	0	0	0	0	0	0	0	
392987	0	0	0	0	0	0	0	87	0	0	0	0	0	0	0	0	
393739	0	0	0	0	0	0	0	93	0	0	0	0	0	0	0	0	
394489	0	0	0	0	0	0	0	89	0	0	0	0	0	0	0	0	
395242	0	0	0	0	0	0	0	97	0	0	0	0	0	0	0	0	
395990	0	0	0	0	0	0	0	109	0	0	0	0	0	0	0	0	
396741	0	0	0	0	0	0	0	0	97	0	0	0	0	0	0	0	
397492	0	0	0	0	0	0	0	0	97	0	0	0	0	0	0	0	
398240	0	0	0	0	0	0	0	0	83	0	0	0	0	0	0	0	
398988	0	0	0	0	0	0	0	0	87	0	0	0	0	0	0	0	
399739	0	0	0	0	0	0	0	0	89	0	0	0	0	0	0	0	
400494	0	0	0	0	0	0	0	0	75	0	0	0	0	0	0	0	
401245	0	0	0	0	0	0	0	0	89	0	0	0	0	0	0	0	
401995	0	0	0	0	0	0	0	0	91	0	0	0	0	0	0	0	
402748	0	0	0	0	0	0	0	0	91	0	0	0	0	0	0	0	
403499	0	0	0	0	0	0	0	0	83	0	0	0	0	0	0	0	
404250	0	0	0	0	0	0	0	0	97	0	0	0	0	0	0	0	
404998	0	0	0	0	0	0	0	0	0	77	0	0	0	0	0	0	
405749	0	0	0	0	0	0	0	0	0	85	0	0	0	0	0	0	
406497	0	0	0	0	0	0	0	0	0	93	0	0	0	0	0	0	
407246	0	0	0	0	0	0	0	0	0	89	0	0	0	0	0	0	
407993	0	0	0	0	0	0	0	0	0	0	69	0	0	0	0	0	
408740	0	0	0	0	0	0	0	0	0	0	65	0	0	0	0	0	
409491	0	0	0	0	0	0	0	0	0	0	77	0	0	0	0	0	
410243	0	0	0	0	0	0	0	0	0	0	67	0	0	0	0	0	
410993	0	0	0	0	0	0	0	0	0	0	0	61	0	0	0	0	
411743	0	0	0	0	0	0	0	0	0	0	0	63	0	0	0	0	
412493	0	0	0	0	0	0	0	0	0	0	0	73	0	0	0	0	
413242	0	0	0	0	0	0	0	0	0	0	0	69	0	0	0	0	
413993	0	0	0	0	0	0	0	0	0	0	0	65	0	0	0	0	
414743	0	0	0	0	0	0	0	0	0	0	0	65	0	0	0	0	
415496	0	0	0	0	0	0	0	0	0	0	0	69	0	0	0	0	
416248	0	0	0	0	0	0	0	0	0	0	0	57	0	0	0	0	
416999	0	0	0	0	0	0	0	0	0	0	0	59	0	0	0	0	
417752	0	0	0	0	0	0	0	0	0	0	0	81	0	0	0	0	
418504	0	0	0	0	0	0	0	0	0	0	0	61	0	0	0	0	
419252	0	0	0	0	0	0	0	0	0	0	0	65	0	0	0	0	
420001	0	0	0	0	0	0	0	0	0	0	0	75	0	0	0	0	
420751	0	0	0	0	0	0	0	0	0	0	0	71	0	0	0	0	
421496	0	0	0	0	0	0	0	0	0	0	0	0	77	0	0	0	
422246	0	0	0	0	0	0	0	0	0	0	0	0	57	0	0	0	
422994	0	0	0	0	0	0	0	0	0	0	0	0	57	0	0	0	
423746	0	0	0	0	0	0	0	0	0	0	0	0	59	0	0	0	
424492	0	0	0	0	0	0	0	0	0	0	0	0	71	0	0	0	
425241	0	0	0	0	0	0	0	0	0	0	0	0	57	0	0	0	
425991	0	0	0	0	0	0	0	0	0	0	0	0	55	0	0	0	
426741	0	0	0	0	0	0	0	0	0	0	0	0	73	0	0	0	
427491	0	0	0	0	0	0	0	0	0	0	0	0	67	0	0	0	
428241	0	0	0	0	0	0	0	0	0	0	0	0	71	0	0	0	
428994	0	0	0	0	0	0	0	0	0	0	0	0	69	0	0	0	
429743	0	0	0	0	0	0	0	0	0	0	0	0	47	0	0	0	
430497	0	0	0	0	0	0	0	0	0	0	0	0	63	0	0	0	
431244	0	0	0	0	0	0	0	0	0	0	0	0	63	0	0	0	
431994	0	0	0	0	0	0	0	0	0	0	0	0	71	0	0	0	
432741	0	0	0	0	0	0	0	0	0	0	0	0	65	0	0	0	
433493	0	0	0	0	0	0	0	0	0	0	0	0	73	0	0	0	
434242	0	0	0	0	0	0	0	0	0	0	0	0	81	0	0	0	
434990	0	0	0	0	0	0	0	0	0	0	0	0	77	0	0	0	
435743	0	0	0	0	0	0	0	0	0	0	0	69	0	0	0	0	
436491	0	0	0	0	0	0	0	0	0	0	0	71	0	0	0	0	
437238	0	0	0	0	0	0	0	0	0	0	0	71	0	0	0	0	
437989	0	0	0	0	0	0	0	0	0	0	0	79	0	0	0	0	
438738	0	0	0	0	0	0	0	0	0	0	0	63	0	0	0	0	
439490	0	0	0	0	0	0	0	0	0	0	0	81	0	0	0	0	
440242	0	0	0	0	0	0	0	0	0	0	0	69	0	0	0	0	
440992	0	0	0	0	0	0	0	0	0	0	0	49	0	0	0	0	
441742	0	0	0	0	0	0	0	0	0	0	0	61	0	0	0	0	
442492	0	0	0	0	0	0	0	0	0	0	0	69	0	0	0	0	
443243	0	0	0	0	0	0	0	0	0	0	0	61	0	0	0	0	
443995	0	0	0	0	0	0	0	0	0	0	0	67	0	0	0	0	
444746	0	0	0	0	0	0	0	0	0	0	0	57	0	0	0	0	
445498	0	0	0	0	0	0	0	0	0	0	0	71	0	0	0	0	
446251	0	0	0	0	0	0	0	0	0	0	0	69	0	0	0	0	
446998	0	0	0	0	0	0	0	0	0	0	0	71	0	0	0	0	
447750	0	0	0	0	0	0	0	0	0	0	0	67	0	0	0	0	
448496	0	0	0	0	0	0	0	0	0	0	0	63	0	0	0	0	
449250	0	0	0	0	0	0	0	0	0	0	0	59	0	0	0	0	
449999	0	0	0	0	0	0	0	0	0	0	0	61	0	0	0	0	
450748	0	0	0	0	0	0	0	0	0	0	0	67	0	0	0	0	
451500	0	0	0	0	0	0	0	0	0	0	0	67	0	0	0	0	
452248	0	0	0	0	0	0	0	0	0	0	0	61	0	0	0	0	
452997	0	0	0	0	0	0	0	0	0	0	65	0	0	0	0	0	
453748	0	0	0	0	0	0	0	0	93	0	0	0	0	0	0	0	
454498	0	0	0	0	0	0	0	0	101	0	0	0	0	0	0	0	
455248	0	0	0	0	0	0	0	0	109	0	0	0	0	0	0	0	
456003	0	0	0	0	0	0	0	0	87	0	0	0	0	0	0	0	
456753	0	0	0	0	0	0	0	0	73	0	0	0	0	0	0	0	
457502	0	0	0	0	0	0	0	0	101	0	0	0	0	0	0	0	
458250	0	0	0	0	0	0	0	0	83	0	0	0	0	0	0	0	
458998	0	0	0	0	0	0	0	93	0	0	0	0	0	0	0	0	
459747	0	0	0	0	0	0	0	97	0	0	0	0	0	0	0	0	
460501	0	0	0	0	0	0	0	101	0	0	0	0	0	0	0	0	
461255	0	0	0	0	0	0	0	101	0	0	0	0	0	0	0	0	
462009	0	0	0	0	0	0	0	111	0	0	0	0	0	0	0	0	
462758	0	0	0	0	0	0	0	125	0	0	0	0	0	0	0	0	
463509	0	0	0	0	0	0	0	97	0	0	0	0	0	0	0	0	
464258	0	0	0	0	0	0	0	0	89	0	0	0	0	0	0	0	
465007	0	0	0	0	0	0	0	0	87	0	0	0	0	0	0	0	
465759	0	0	0	0	0	0	0	0	77	0	0	0	0	0	0	0	
466509	0	0	0	0	0	0	0	0	85	0	0	0	0	0	0	0	
467259	0	0	0	0	0	0	0	0	93	0	0	0	0	0	0	0	
468005	0	0	0	0	0	0	0	0	65	0	0	0	0	0	0	0	
468759	0	0	0	0	0	0	0	0	93	0	0	0	0	0	0	0	
469509	0	0	0	0	0	0	0	0	91	0	0	0	0	0	0	0	
470259	0	0	0	0	0	0	0	0	79	0	0	0	0	0	0	0	
471009	0	0	0	0	0	0	0	0	91	0	0	0	0	0	0	0	
471760	0	0	0	0	0	0	0	0	97	0	0	0	0	0	0	0	
472508	0	0	0	0	0	0	0	0	105	0	0	0	0	0	0	0	
473260	0	0	0	0	0	0	0	0	89	0	0	0	0	0	0	0	
474010	0	0	0	0	0	0	0	0	73	0	0	0	0	0	0	0	
474758	0	0	0	0	0	0	0	0	91	0	0	0	0	0	0	0	
475511	0	0	0	0	0	0	0	0	91	0	0	0	0	0	0	0	
476259	0	0	0	0	0	0	0	0	69	0	0	0	0	0	0	0	
477008	0	0	0	0	0	0	0	0	89	0	0	0	0	0	0	0	
477758	0	0	0	0	0	0	0	0	89	0	0	0	0	0	0	0	
478504	0	0	0	0	0	0	0	0	91	0	0	0	0	0	0	0	
479254	0	0	0	0	0	0	0	0	95	0	0	0	0	0	0	0	
480006	0	0	0	0	0	0	0	0	77	0	0	0	0	0	0	0	
480759	0	0	0	0	0	0	0	0	95	0	0	0	0	0	0	0	
481510	0	0	0	0	0	0	0	99	0	0	0	0	0	0	0	0	
482262	0	0	0	0	0	0	0	95	0	0	0	0	0	0	0	0	
483010	0	0	0	0	0	0	0	101	0	0	0	0	0	0	0	0	
483759	0	0	0	0	0	0	0	107	0	0	0	0	0	0	0	0	
484510	0	0	0	0	0	0	0	91	0	0	0	0	0	0	0	0	
485262	0	0	0	0	0	0	0	121	0	0	0	0	0	0	0	0	
486010	0	0	0	0	0	0	0	99	0	0	0	0	0	0	0	0	
486763	0	0	0	0	0	0	0	95	0	0	0	0	0	0	0	0	
487512	0	0	0	0	0	0	0	87	0	0	0	0	0	0	0	0	
488267	0	0	0	0	0	0	0	85	0	0	0	0	0	0	0	0	
489018	0	0	0	0	0	0	0	91	0	0	0	0	0	0	0	0	
489769	0	0	0	0	0	0	111	0	0	0	0	0	0	0	0	0	
490518	0	0	0	0	0	0	111	0	0	0	0	0	0	0	0	0	
491271	0	0	0	0	0	0	133	0	0	0	0	0	0	0	0	0	
492021	0	0	0	0	0	0	107	0	0	0	0	0	0	0	0	0	
492772	0	0	0	0	0	0	103	0	0	0	0	0	0	0	0	0	
493522	0	0	0	0	0	0	123	0	0	0	0	0	0	0	0	0	
494272	0	0	0	0	0	0	123	0	0	0	0	0	0	0	0	0	
495021	0	0	0	0	0	0	111	0	0	0	0	0	0	0	0	0	
495772	0	0	0	0	0	0	131	0	0	0	0	0	0	0	0	0	
496523	0	0	0	0	0	0	133	0	0	0	0	0	0	0	0	0	
497272	0	0	0	0	0	0	109	0	0	0	0	0	0	0	0	0	
498023	0	0	0	0	0	141	0	0	0	0	0	0	0	0	0	0	
498775	0	0	0	0	0	135	0	0	0	0	0	0	0	0	0	0	
499525	0	0	0	0	0	139	0	0	0	0	0	0	0	0	0	0	
500277	0	0	0	0	0	141	0	0	0	0	0	0	0	0	0	0	
501025	0	0	0	0	0	129	0	0	0	0	0	0	0	0	0	0	
501776	0	0	0	0	0	139	0	0	0	0	0	0	0	0	0	0	
502523	0	0	0	0	0	119	0	0	0	0	0	0	0	0	0	0	
503271	0	0	0	0	0	135	0	0	0	0	0	0	0	0	0	0	
504022	0	0	0	0	0	133	0	0	0	0	0	0	0	0	0	0	
504775	0	0	0	0	0	121	0	0	0	0	0	0	0	0	0	0	
505526	0	0	0	0	69	82	0	0	0	0	0	0	0	0	0	0	
506277	0	0	0	0	0	127	0	0	0	0	0	0	0	0	0	0	
507024	0	0	0	0	0	137	0	0	0	0	0	0	0	0	0	0	
507774	0	0	0	0	0	121	0	0	0	0	0	0	0	0	0	0	
508522	0	0	0	0	0	0	117	0	0	0	0	0	0	0	0	0	
509272	0	0	0	0	0	0	119	0	0	0	0	0	0	0	0	0	
510023	0	0	0	0	0	0	111	0	0	0	0	0	0	0	0	0	
510773	0	0	0	0	0	0	119	0	0	0	0	0	0	0	0	0	
511520	0	0	0	0	0	0	107	0	0	0	0	0	0	0	0	0	
512272	0	0	0	0	0	0	107	0	0	0	0	0	0	0	0	0	
513024	0	0	0	0	0	0	103	0	0	0	0	0	0	0	0	0	
513769	0	0	0	0	0	0	125	0	0	0	0	0	0	0	0	0	
514519	0	0	0	0	0	0	105	0	0	0	0	0	0	0	0	0	
515270	0	0	0	0	0	0	83	0	0	0	0	0	0	0	0	0	
516019	0	0	0	0	0	0	125	0	0	0	0	0	0	0	0	0	
516772	0	0	0	0	0	0	95	0	0	0	0	0	0	0	0	0	
517521	0	0	0	0	0	0	109	0	0	0	0	0	0	0	0	0	
518272	0	0	0	0	0	0	109	0	0	0	0	0	0	0	0	0	
519022	0	0	0	0	0	0	111	0	0	0	0	0	0	0	0	0	
519771	0	0	0	0	0	0	135	0	0	0	0	0	0	0	0	0	
520519	0	0	0	0	0	0	115	0	0	0	0	0	0	0	0	0	
521272	0	0	0	0	0	0	103	0	0	0	0	0	0	0	0	0	
522020	0	0	0	0	0	0	105	0	0	0	0	0	0	0	0	0	
522768	0	0	0	0	0	0	87	26	0	0	0	0	0	0	0	0	
523518	0	0	0	0	0	0	99	0	0	0	0	0	0	0	0	0	
524266	0	0	0	0	0	0	99	0	0	0	0	0	0	0	0	0	
525019	0	0	0	0	0	127	0	0	0	0	0	0	0	0	0	0	
525768	0	0	0	0	0	125	0	0	0	0	0	0	0	0	0	0	
526522	0	0	0	0	0	119	0	0	0	0	0	0	0	0	0	0	
527272	0	0	0	0	0	127	0	0	0	0	0	0	0	0	0	0	
528023	0	0	0	0	0	133	0	0	0	0	0	0	0	0	0	0	
528773	0	0	0	0	0	115	0	0	0	0	0	0	0	0	0	0	
529522	0	0	0	0	0	127	0	0	0	0	0	0	0	0	0	0	
530275	0	0	0	0	0	143	0	0	0	0	0	0	0	0	0	0	
531023	0	0	0	0	0	137	0	0	0	0	0	0	0	0	0	0	
531774	0	0	0	0	26	117	0	0	0	0	0	0	0	0	0	0	
532524	0	0	0	0	173	0	0	0	0	0	0	0	0	0	0	0	
533278	0	0	0	0	179	0	0	0	0	0	0	0	0	0	0	0	
534026	0	0	0	0	0	137	0	0	0	0	0	0	0	0	0	0	
534776	0	0	0	0	0	140	1	0	0	0	0	0	0	0	0	0	
535524	0	0	0	0	0	143	0	0	0	0	0	0	0	0	0	0	
536272	0	0	0	0	0	147	0	0	0	0	0	0	0	0	0	0	
537024	0	0	0	0	0	121	0	0	0	0	0	0	0	0	0	0	
537773	0	0	0	0	0	121	0	0	0	0	0	0	0	0	0	0	
538524	0	0	0	0	0	131	0	0	0	0	0	0	0	0	0	0	
539277	0	0	0	0	0	157	0	0	0	0	0	0	0	0	0	0	
540024	0	0	0	0	0	143	0	0	0	0	0	0	0	0	0	0	
540773	0	0	0	0	0	149	0	0	0	0	0	0	0	0	0	0	
541522	0	0	0	0	0	143	0	0	0	0	0	0	0	0	0	0	
542271	0	0	0	0	0	143	0	0	0	0	0	0	0	0	0	0	
543022	0	0	0	0	0	149	0	0	0	0	0	0	0	0	0	0	
543770	0	0	0	0	0	133	0	0	0	0	0	0	0	0	0	0	
544518	0	0	0	0	0	133	0	0	0	0	0	0	0	0	0	0	
545268	0	0	0	0	0	135	0	0	0	0	0	0	0	0	0	0	
546014	0	0	0	0	0	129	0	0	0	0	0	0	0	0	0	0	
546764	0	0	0	0	0	141	0	0	0	0	0	0	0	0	0	0	
547513	0	0	0	0	0	117	0	0	0	0	0	0	0	0	0	0	
548266	0	0	0	0	0	157	0	0	0	0	0	0	0	0	0	0	
549015	0	0	0	0	0	135	0	0	0	0	0	0	0	0	0	0	
549764	0	0	0	0	0	127	0	0	0	0	0	0	0	0	0	0	
550513	0	0	0	0	0	127	0	0	0	0	0	0	0	0	0	0	
551261	0	0	0	0	0	123	0	0	0	0	0	0	0	0	0	0	
552010	0	0	0	0	0	147	0	0	0	0	0	0	0	0	0	0	
552762	0	0	0	0	0	129	0	0	0	0	0	0	0	0	0	0	
553513	0	0	0	0	0	121	0	0	0	0	0	0	0	0	0	0	
554264	0	0	0	0	0	137	0	0	0	0	0	0	0	0	0	0	
555016	0	0	0	0	0	115	0	0	0	0	0	0	0	0	0	0	
555765	0	0	0	0	0	123	0	0	0	0	0	0	0	0	0	0	
556515	0	0	0	0	0	119	0	0	0	0	0	0	0	0	0	0	
557268	0	0	0	0	0	135	0	0	0	0	0	0	0	0	0	0	
558021	0	0	0	0	0	125	0	0	0	0	0	0	0	0	0	0	
558770	0	0	0	0	0	133	0	0	0	0	0	0	0	0	0	0	
559520	0	0	0	0	0	143	0	0	0	0	0	0	0	0	0	0	
560269	0	0	0	0	0	131	0	0	0	0	0	0	0	0	0	0	
561021	0	0	0	0	0	121	0	0	0	0	0	0	0	0	0	0	
561770	0	0	0	0	0	111	0	0	0	0	0	0	0	0	0	0	
562519	0	0	0	0	0	123	0	0	0	0	0	0	0	0	0	0	
563269	0	0	0	0	0	135	0	0	0	0	0	0	0	0	0	0	
564020	0	0	0	0	0	121	0	0	0	0	0	0	0	0	0	0	
564769	0	0	0	0	0	115	0	0	0	0	0	0	0	0	0	0	
565517	0	0	0	0	0	125	0	0	0	0	0	0	0	0	0	0	
566266	0	0	0	0	0	137	0	0	0	0	0	0	0	0	0	0	
567018	0	0	0	0	0	133	0	0	0	0	0	0	0	0	0	0	
567771	0	0	0	0	0	155	0	0	0	0	0	0	0	0	0	0	
568523	0	0	0	0	0	121	0	0	0	0	0	0	0	0	0	0	
569273	0	0	0	0	0	137	0	0	0	0	0	0	0	0	0	0	
570020	0	0	0	0	0	143	0	0	0	0	0	0	0	0	0	0	
570770	0	0	0	0	0	139	0	0	0	0	0	0	0	0	0	0	
571523	0	0	0	0	0	133	0	0	0	0	0	0	0	0	0	0	
572277	0	0	0	0	0	135	0	0	0	0	0	0	0	0	0	0	
573024	0	0	0	0	0	159	0	0	0	0	0	0	0	0	0	0	
573772	0	0	0	0	131	0	0	0	0	0	0	0	0	0	0	0	
574524	0	0	0	0	177	0	0	0	0	0	0	0	0	0	0	0	
575275	0	0	0	0	153	0	0	0	0	0	0	0	0	0	0	0	
576024	0	0	0	0	159	0	0	0	0	0	0	0	0	0	0	0	
576776	0	0	0	0	167	0	0	0	0	0	0	0	0	0	0	0	
577526	0	0	0	0	163	0	0	0	0	0	0	0	0	0	0	0	
578276	0	0	0	0	146	1	0	0	0	0	0	0	0	0	0	0	
579026	0	0	0	0	161	0	0	0	0	0	0	0	0	0	0	0	
579773	0	0	0	0	157	0	0	0	0	0	0	0	0	0	0	0	
580523	0	0	0	0	179	0	0	0	0	0	0	0	0	0	0	0	
581274	0	0	0	0	167	0	0	0	0	0	0	0	0	0	0	0	
582026	0	0	0	0	173	0	0	0	0	0	0	0	0	0	0	0	
582779	0	0	0	0	143	0	0	0	0	0	0	0	0	0	0	0	
583527	0	0	0	0	145	0	0	0	0	0	0	0	0	0	0	0	
584275	0	0	0	0	171	0	0	0	0	0	0	0	0	0	0	0	
585029	0	0	0	0	161	0	0	0	0	0	0	0	0	0	0	0	
585778	0	0	0	0	155	0	0	0	0	0	0	0	0	0	0	0	
586529	0	0	0	0	159	0	0	0	0	0	0	0	0	0	0	0	
587274	0	0	0	0	163	0	0	0	0	0	0	0	0	0	0	0	
588025	0	0	0	0	141	0	0	0	0	0	0	0	0	0	0	0	
588771	0	0	0	0	189	0	0	0	0	0	0	0	0	0	0	0	
589523	0	0	0	0	171	0	0	0	0	0	0	0	0	0	0	0	
590274	0	0	0	0	163	0	0	0	0	0	0	0	0	0	0	0	
591025	0	0	0	0	177	0	0	0	0	0	0	0	0	0	0	0	
591774	0	0	0	0	165	0	0	0	0	0	0	0	0	0	0	0	
592527	0	0	0	0	173	0	0	0	0	0	0	0	0	0	0	0	
593276	0	0	0	0	169	0	0	0	0	0	0	0	0	0	0	0	
594024	0	0	0	0	151	0	0	0	0	0	0	0	0	0	0	0	
594778	0	0	0	0	175	0	0	0	0	0	0	0	0	0	0	0	
595529	0	0	0	0	157	0	0	0	0	0	0	0	0	0	0	0	
596281	0	0	0	28	141	0	0	0	0	0	0	0	0	0	0	0	
597033	0	0	0	0	131	0	0	0	0	0	0	0	0	0	0	0	
597784	0	0	0	0	137	0	0	0	0	0	0	0	0	0	0	0	
598534	0	0	0	0	183	0	0	0	0	0	0	0	0	0	0	0	
599287	0	0	0	0	167	0	0	0	0	0	0	0	0	0	0	0	
600038	0	0	0	0	155	0	0	0	0	0	0	0	0	0	0	0	
600789	0	0	0	0	143	0	0	0	0	0	0	0	0	0	0	0	
601543	0	0	0	0	171	0	0	0	0	0	0	0	0	0	0	0	
602294	0	0	0	0	171	0	0	0	0	0	0	0	0	0	0	0	
603045	0	0	0	0	149	0	0	0	0	0	0	0	0	0	0	0	
603792	0	0	0	0	147	0	0	0	0	0	0	0	0	0	0	0	
604540	0	0	0	0	159	0	0	0	0	0	0	0	0	0	0	0	
605288	0	0	0	0	143	0	0	0	0	0	0	0	0	0	0	0	
606036	0	0	0	0	165	0	0	0	0	0	0	0	0	0	0	0	
606783	0	0	0	0	179	0	0	0	0	0	0	0	0	0	0	0	
607534	0	0	0	0	151	0	0	0	0	0	0	0	0	0	0	0	
608287	0	0	0	0	141	0	0	0	0	0	0	0	0	0	0	0	
609044	0	0	0	0	175	0	0	0	0	0	0	0	0	0	0	0	
609793	0	0	0	0	157	0	0	0	0	0	0	0	0	0	0	0	
610544	0	0	0	0	145	0	0	0	0	0	0	0	0	0	0	0	
611293	0	0	0	0	141	0	0	0	0	0	0	0	0	0	0	0	
612040	0	0	0	0	181	0	0	0	0	0	0	0	0	0	0	0	
612788	0	0	0	0	171	0	0	0	0	0	0	0	0	0	0	0	
613539	0	0	0	53	95	9	0	0	0	0	0	0	0	0	0	0	
614290	0	0	0	0	157	0	0	0	0	0	0	0	0	0	0	0	
615042	0	0	0	0	149	0	0	0	0	0	0	0	0	0	0	0	
615789	0	0	0	0	149	0	0	0	0	0	0	0	0	0	0	0	
616535	0	0	0	0	159	0	0	0	0	0	0	0	0	0	0	0	
617286	0	0	0	0	147	0	0	0	0	0	0	0	0	0	0	0	
618037	0	0	0	0	167	0	0	0	0	0	0	0	0	0	0	0	
618786	0	0	0	0	149	0	0	0	0	0	0	0	0	0	0	0	
619540	0	0	0	0	149	0	0	0	0	0	0	0	0	0	0	0	
620291	0	0	0	0	177	0	0	0	0	0	0	0	0	0	0	0	
621040	0	0	0	0	135	0	0	0	0	0	0	0	0	0	0	0	
621790	0	0	0	0	153	0	0	0	0	0	0	0	0	0	0	0	
622538	0	0	0	0	155	0	0	0	0	0	0	0	0	0	0	0	
623290	0	0	0	0	139	0	0	0	0	0	0	0	0	0	0	0	
624042	0	0	0	0	181	0	0	0	0	0	0	0	0	0	0	0	
624792	0	0	0	0	141	0	0	0	0	0	0	0	0	0	0	0	
625542	0	0	0	0	135	0	0	0	0	0	0	0	0	0	0	0	
626291	0	0	0	0	151	0	0	0	0	0	0	0	0	0	0	0	
627040	0	0	0	0	169	0	0	0	0	0	0	0	0	0	0	0	
627793	0	0	0	0	163	0	0	0	0	0	0	0	0	0	0	0	
628542	0	0	0	0	159	0	0	0	0	0	0	0	0	0	0	0	
629291	0	0	0	0	149	0	0	0	0	0	0	0	0	0	0	0	
630041	0	0	0	0	177	0	0	0	0	0	0	0	0	0	0	0	
630787	0	0	0	0	177	0	0	0	0	0	0	0	0	0	0	0	
631535	0	0	0	0	165	0	0	0	0	0	0	0	0	0	0	0	
632286	0	0	0	0	157	0	0	0	0	0	0	0	0	0	0	0	
633033	0	0	0	0	149	0	0	0	0	0	0	0	0	0	0	0	
633785	0	0	0	0	147	0	0	0	0	0	0	0	0	0	0	0	
634535	0	0	0	0	157	0	0	0	0	0	0	0	0	0	0	0	
635285	0	0	0	0	175	0	0	0	0	0	0	0	0	0	0	0	
636035	0	0	0	0	145	0	0	0	0	0	0	0	0	0	0	0	
636785	0	0	0	0	167	0	0	0	0	0	0	0	0	0	0	0	
637537	0	0	0	0	161	0	0	0	0	0	0	0	0	0	0	0	
638288	0	0	0	0	141	0	0	0	0	0	0	0	0	0	0	0	
639037	0	0	0	0	167	0	0	0	0	0	0	0	0	0	0	0	
639787	0	0	0	0	149	0	0	0	0	0	0	0	0	0	0	0	
640538	0	0	0	0	149	0	0	0	0	0	0	0	0	0	0	0	
641290	0	0	0	0	159	0	0	0	0	0	0	0	0	0	0	0	
642043	0	0	0	0	167	0	0	0	0	0	0	0	0	0	0	0	
642793	0	0	0	0	187	0	0	0	0	0	0	0	0	0	0	0	
643542	0	0	0	0	169	0	0	0	0	0	0	0	0	0	0	0	
644291	0	0	0	0	169	0	0	0	0	0	0	0	0	0	0	0	
645036	0	0	0	0	173	0	0	0	0	0	0	0	0	0	0	0	
645790	0	0	0	0	173	0	0	0	0	0	0	0	0	0	0	0	
646539	0	0	0	0	151	0	0	0	0	0	0	0	0	0	0	0	
647289	0	0	0	0	147	0	0	0	0	0	0	0	0	0	0	0	
648038	0	0	0	0	159	0	0	0	0	0	0	0	0	0	0	0	
648786	0	0	0	0	157	0	0	0	0	0	0	0	0	0	0	0	
649539	0	0	0	0	147	0	0	0	0	0	0	0	0	0	0	0	
650287	0	0	0	0	161	0	0	0	0	0	0	0	0	0	0	0	
651038	0	0	0	0	125	0	0	0	0	0	0	0	0	0	0	0	
651787	0	0	0	0	171	0	0	0	0	0	0	0	0	0	0	0	
652535	0	0	0	17	140	0	0	0	0	0	0	0	0	0	0	0	
653287	0	0	0	0	159	0	0	0	0	0	0	0	0	0	0	0	
654039	0	0	0	0	159	0	0	0	0	0	0	0	0	0	0	0	
654790	0	0	0	0	149	0	0	0	0	0	0	0	0	0	0	0	
655541	0	0	0	0	177	0	0	0	0	0	0	0	0	0	0	0	
656293	0	0	0	0	159	0	0	0	0	0	0	0	0	0	0	0	
657044	0	0	0	0	165	0	0	0	0	0	0	0	0	0	0	0	
657790	0	0	0	0	0	121	0	0	0	0	0	0	0	0	0	0	
658540	0	0	0	0	0	0	109	0	0	0	0	0	0	0	0	0	
659289	0	0	0	0	0	0	117	0	0	0	0	0	0	0	0	0	
660040	0	0	0	0	0	0	93	0	0	0	0	0	0	0	0	0	
660790	0	0	0	0	0	0	119	0	0	0	0	0	0	0	0	0	
661539	0	0	0	0	0	0	109	0	0	0	0	0	0	0	0	0	
662287	0	0	0	0	0	0	111	0	0	0	0	0	0	0	0	0	
663039	0	0	0	0	0	0	113	0	0	0	0	0	0	0	0	0	
663791	0	0	0	0	0	0	109	0	0	0	0	0	0	0	0	0	
664542	0	0	0	0	0	0	111	0	0	0	0	0	0	0	0	0	
665297	0	0	0	0	0	0	109	0	0	0	0	0	0	0	0	0	
666048	0	0	0	0	0	0	119	0	0	0	0	0	0	0	0	0	
666796	0	0	0	0	0	0	113	0	0	0	0	0	0	0	0	0	
667544	0	0	0	0	0	0	105	0	0	0	0	0	0	0	0	0	
668292	0	0	0	0	0	0	103	0	0	0	0	0	0	0	0	0	
669044	0	0	0	0	0	0	121	0	0	0	0	0	0	0	0	0	
669794	0	0	0	0	0	0	67	30	0	0	0	0	0	0	0	0	
670546	0	0	0	0	0	0	135	0	0	0	0	0	0	0	0	0	
671297	0	0	0	0	0	0	109	0	0	0	0	0	0	0	0	0	
672046	0	0	0	0	0	0	125	0	0	0	0	0	0	0	0	0	
672798	0	0	0	0	0	0	105	0	0	0	0	0	0	0	0	0	
673549	0	0	0	0	0	0	117	0	0	0	0	0	0	0	0	0	
674298	0	0	0	0	0	0	111	0	0	0	0	0	0	0	0	0	
675048	0	0	0	0	0	0	125	0	0	0	0	0	0	0	0	0	
675801	0	0	0	0	0	0	121	0	0	0	0	0	0	0	0	0	
676551	0	0	0	0	0	0	109	0	0	0	0	0	0	0	0	0	
677302	0	0	0	0	0	0	119	0	0	0	0	0	0	0	0	0	
678051	0	0	0	0	0	0	119	0	0	0	0	0	0	0	0	0	
678800	0	0	0	0	0	0	121	0	0	0	0	0	0	0	0	0	
679553	0	0	0	0	0	0	99	0	0	0	0	0	0	0	0	0	
680304	0	0	0	0	0	0	117	0	0	0	0	0	0	0	0	0	
681055	0	0	0	0	0	0	105	0	0	0	0	0	0	0	0	0	
681805	0	0	0	0	0	0	109	0	0	0	0	0	0	0	0	0	
682557	0	0	0	0	0	0	137	0	0	0	0	0	0	0	0	0	
683304	0	0	0	0	0	0	107	0	0	0	0	0	0	0	0	0	
684054	0	0	0	0	0	0	119	0	0	0	0	0	0	0	0	0	
684807	0	0	0	0	0	0	119	0	0	0	0	0	0	0	0	0	
685556	0	0	0	0	0	0	111	0	0	0	0	0	0	0	0	0	
686304	0	0	0	0	0	1	142	0	0	0	0	0	0	0	0	0	
687056	0	0	0	0	0	0	95	0	0	0	0	0	0	0	0	0	
687809	0	0	0	0	0	0	103	0	0	0	0	0	0	0	0	0	
688560	0	0	0	0	0	0	135	0	0	0	0	0	0	0	0	0	
689309	0	0	0	0	0	0	0	113	0	0	0	0	0	0	0	0	
690059	0	0	0	0	0	0	0	111	0	0	0	0	0	0	0	0	
690812	0	0	0	0	0	0	0	87	0	0	0	0	0	0	0	0	
691561	0	0	0	0	0	0	0	97	0	0	0	0	0	0	0	0	
692311	0	0	0	0	0	0	0	105	0	0	0	0	0	0	0	0	
693063	0	0	0	0	0	0	0	107	0	0	0	0	0	0	0	0	
693813	0	0	0	0	0	0	0	105	0	0	0	0	0	0	0	0	
694560	0	0	0	0	0	0	0	105	0	0	0	0	0	0	0	0	
695308	0	0	0	0	0	0	0	113	0	0	0	0	0	0	0	0	
696057	0	0	0	0	0	0	0	103	0	0	0	0	0	0	0	0	
696808	0	0	0	0	0	0	0	95	0	0	0	0	0	0	0	0	
697558	0	0	0	0	0	0	0	109	0	0	0	0	0	0	0	0	
698308	0	0	0	0	0	0	0	43	48	0	0	0	0	0	0	0	
699055	0	0	0	0	0	0	0	101	0	0	0	0	0	0	0	0	
699805	0	0	0	0	0	0	0	117	0	0	0	0	0	0	0	0	
700555	0	0	0	0	0	0	0	87	0	0	0	0	0	0	0	0	
701301	0	0	0	0	0	0	0	111	0	0	0	0	0	0	0	0	
702053	0	0	0	0	0	0	0	97	0	0	0	0	0	0	0	0	
702799	0	0	0	0	0	0	0	107	0	0	0	0	0	0	0	0	
703549	0	0	0	0	0	0	0	91	0	0	0	0	0	0	0	0	
704298	0	0	0	0	0	0	0	97	0	0	0	0	0	0	0	0	
705046	0	0	0	0	0	0	0	119	0	0	0	0	0	0	0	0	
705796	0	0	0	0	0	0	0	101	0	0	0	0	0	0	0	0	
706547	0	0	0	0	0	0	0	101	0	0	0	0	0	0	0	0	
707299	0	0	0	0	0	0	0	97	0	0	0	0	0	0	0	0	
708047	0	0	0	0	0	0	0	101	0	0	0	0	0	0	0	0	
708797	0	0	0	0	0	0	119	0	0	0	0	0	0	0	0	0	
709547	0	0	0	0	0	0	117	0	0	0	0	0	0	0	0	0	
710295	0	0	0	0	0	0	131	0	0	0	0	0	0	0	0	0	
711047	0	0	0	0	0	0	115	0	0	0	0	0	0	0	0	0	
711798	0	0	0	0	0	0	111	0	0	0	0	0	0	0	0	0	
712550	0	0	0	0	0	0	109	0	0	0	0	0	0	0	0	0	
713302	0	0	0	0	0	0	107	0	0	0	0	0	0	0	0	0	
714052	0	0	0	0	0	0	101	0	0	0	0	0	0	0	0	0	
714803	0	0	0	0	0	0	99	0	0	0	0	0	0	0	0	0	
715555	0	0	0	0	0	0	93	0	0	0	0	0	0	0	0	0	
716303	0	0	0	0	0	0	129	0	0	0	0	0	0	0	0	0	
717054	0	0	0	0	0	0	121	0	0	0	0	0	0	0	0	0	
717809	0	0	0	0	0	0	141	0	0	0	0	0	0	0	0	0	
718556	0	0	0	0	0	0	97	0	0	0	0	0	0	0	0	0	
719307	0	0	0	0	0	123	0	0	0	0	0	0	0	0	0	0	
720058	0	0	0	0	0	139	0	0	0	0	0	0	0	0	0	0	
720804	0	0	0	0	0	115	0	0	0	0	0	0	0	0	0	0	
721554	0	0	0	0	0	133	0	0	0	0	0	0	0	0	0	0	
722308	0	0	0	0	0	133	0	0	0	0	0	0	0	0	0	0	
723061	0	0	0	0	0	119	0	0	0	0	0	0	0	0	0	0	
723811	0	0	0	0	0	133	0	0	0	0	0	0	0	0	0	0	
724560	0	0	0	0	0	131	0	0	0	0	0	0	0	0	0	0	
725309	0	0	0	0	0	133	0	0	0	0	0	0	0	0	0	0	
726058	0	0	0	0	0	141	0	0	0	0	0	0	0	0	0	0	
726807	0	0	0	0	0	113	0	0	0	0	0	0	0	0	0	0	
727557	0	0	0	0	0	123	0	0	0	0	0	0	0	0	0	0	
728306	0	0	0	0	163	0	0	0	0	0	0	0	0	0	0	0	
729056	0	0	0	0	159	0	0	0	0	0	0	0	0	0	0	0	
729807	0	0	0	0	169	0	0	0	0	0	0	0	0	0	0	0	
730558	0	0	0	0	167	0	0	0	0	0	0	0	0	0	0	0	
731306	0	0	0	0	171	0	0	0	0	0	0	0	0	0	0	0	
732057	0	0	0	0	177	0	0	0	0	0	0	0	0	0	0	0	
732803	0	0	0	0	171	0	0	0	0	0	0	0	0	0	0	0	
733556	0	0	0	0	151	0	0	0	0	0	0	0	0	0	0	0	
734307	0	0	0	0	157	0	0	0	0	0	0	0	0	0	0	0	
735058	0	0	0	0	0	135	0	0	0	0	0	0	0	0	0	0	
735808	0	0	0	0	0	131	0	0	0	0	0	0	0	0	0	0	
736561	0	0	0	0	0	131	0	0	0	0	0	0	0	0	0	0	
737310	0	0	0	0	0	147	0	0	0	0	0	0	0	0	0	0	
738060	0	0	0	0	0	127	0	0	0	0	0	0	0	0	0	0	
738810	0	0	0	0	0	125	0	0	0	0	0	0	0	0	0	0	
739560	0	0	0	0	0	145	0	0	0	0	0	0	0	0	0	0	
740307	0	0	0	0	1	128	0	0	0	0	0	0	0	0	0	0	
741058	0	0	0	0	0	123	0	0	0	0	0	0	0	0	0	0	
741807	0	0	0	0	0	145	0	0	0	0	0	0	0	0	0	0	
742557	0	0	0	0	0	107	0	0	0	0	0	0	0	0	0	0	
743305	0	0	0	0	0	137	0	0	0	0	0	0	0	0	0	0	
744054	0	0	0	0	0	133	0	0	0	0	0	0	0	0	0	0	
744805	0	0	0	0	0	107	0	0	0	0	0	0	0	0	0	0	
745554	0	0	0	0	0	139	0	0	0	0	0	0	0	0	0	0	
746305	0	0	0	0	0	171	0	0	0	0	0	0	0	0	0	0	
747056	0	0	0	0	41	94	0	0	0	0	0	0	0	0	0	0	
747806	0	0	0	0	0	133	0	0	0	0	0	0	0	0	0	0	
748554	0	0	0	0	0	129	0	0	0	0	0	0	0	0	0	0	
749305	0	0	0	0	0	153	0	0	0	0	0	0	0	0	0	0	
750054	0	0	0	0	0	125	0	0	0	0	0	0	0	0	0	0	
750805	0	0	0	0	0	141	0	0	0	0	0	0	0	0	0	0	
751554	0	0	0	0	0	133	0	0	0	0	0	0	0	0	0	0	
752305	0	0	0	0	0	153	0	0	0	0	0	0	0	0	0	0	
753056	0	0	0	0	0	141	0	0	0	0	0	0	0	0	0	0	
753810	0	0	0	0	0	123	0	0	0	0	0	0	0	0	0	0	
754558	0	0	0	0	0	133	0	0	0	0	0	0	0	0	0	0	
755308	0	0	0	0	0	123	0	0	0	0	0	0	0	0	0	0	
756059	0	0	0	0	0	121	0	0	0	0	0	0	0	0	0	0	
756808	0	0	0	0	0	149	0	0	0	0	0	0	0	0	0	0	
757555	0	0	0	0	0	145	0	0	0	0	0	0	0	0	0	0	
758303	0	0	0	0	0	133	0	0	0	0	0	0	0	0	0	0	
759055	0	0	0	0	0	119	0	0	0	0	0	0	0	0	0	0	
759806	0	0	0	0	0	129	0	0	0	0	0	0	0	0	0	0	
760556	0	0	0	0	0	125	0	0	0	0	0	0	0	0	0	0	
761305	0	0	0	0	0	139	0	0	0	0	0	0	0	0	0	0	
762054	0	0	0	0	0	131	0	0	0	0	0	0	0	0	0	0	
762804	0	0	0	0	0	135	0	0	0	0	0	0	0	0	0	0	
763556	0	0	0	0	0	135	0	0	0	0	0	0	0	0	0	0	
764304	0	0	0	0	0	127	0	0	0	0	0	0	0	0	0	0	
765053	0	0	0	0	0	123	0	0	0	0	0	0	0	0	0	0	
765800	0	0	0	0	0	123	0	0	0	0	0	0	0	0	0	0	
766552	0	0	0	0	0	113	0	0	0	0	0	0	0	0	0	0	
767299	0	0	0	0	0	125	0	0	0	0	0	0	0	0	0	0	
768049	0	0	0	0	0	143	0	0	0	0	0	0	0	0	0	0	
768800	0	0	0	0	0	127	0	0	0	0	0	0	0	0	0	0	
769551	0	0	0	0	0	143	0	0	0	0	0	0	0	0	0	0	
770299	0	0	0	0	0	151	0	0	0	0	0	0	0	0	0	0	
771050	0	0	0	0	145	0	0	0	0	0	0	0	0	0	0	0	
771802	0	0	0	199	0	0	0	0	0	0	0	0	0	0	0	0	
772552	0	0	0	205	0	0	0	0	0	0	0	0	0	0	0	0	
773301	0	0	0	195	0	0	0	0	0	0	0	0	0	0	0	0	
774047	0	0	0	199	0	0	0	0	0	0	0	0	0	0	0	0	
774797	0	0	0	213	0	0	0	0	0	0	0	0	0	0	0	0	
775550	0	0	0	203	0	0	0	0	0	0	0	0	0	0	0	0	
776303	0	0	0	199	0	0	0	0	0	0	0	0	0	0	0	0	
777052	0	0	0	205	0	0	0	0	0	0	0	0	0	0	0	0	
777802	0	0	0	195	0	0	0	0	0	0	0	0	0	0	0	0	
778554	0	0	0	195	0	0	0	0	0	0	0	0	0	0	0	0	
779302	0	0	0	187	0	0	0	0	0	0	0	0	0	0	0	0	
780051	0	0	0	219	0	0	0	0	0	0	0	0	0	0	0	0	
780803	0	0	0	181	0	0	0	0	0	0	0	0	0	0	0	0	
781552	0	0	0	201	0	0	0	0	0	0	0	0	0	0	0	0	
782302	0	0	0	187	0	0	0	0	0	0	0	0	0	0	0	0	
783051	0	0	0	201	0	0	0	0	0	0	0	0	0	0	0	0	
783798	0	0	0	197	0	0	0	0	0	0	0	0	0	0	0	0	
784547	0	0	0	219	0	0	0	0	0	0	0	0	0	0	0	0	
785300	0	0	0	183	0	0	0	0	0	0	0	0	0	0	0	0	
786051	0	0	0	187	0	0	0	0	0	0	0	0	0	0	0	0	
786801	0	0	0	165	0	0	0	0	0	0	0	0	0	0	0	0	
787553	0	0	0	199	0	0	0	0	0	0	0	0	0	0	0	0	
788302	0	0	0	177	0	0	0	0	0	0	0	0	0	0	0	0	
789056	0	0	0	201	0	0	0	0	0	0	0	0	0	0	0	0	
789806	0	0	0	112	65	0	0	0	0	0	0	0	0	0	0	0	
790557	0	0	0	185	0	0	0	0	0	0	0	0	0	0	0	0	
791304	0	0	0	187	0	0	0	0	0	0	0	0	0	0	0	0	
792056	0	0	0	185	0	0	0	0	0	0	0	0	0	0	0	0	
792806	0	0	0	218	3	0	0	0	0	0	0	0	0	0	0	0	
793556	0	0	0	203	0	0	0	0	0	0	0	0	0	0	0	0	
794303	0	0	0	203	0	0	0	0	0	0	0	0	0	0	0	0	
795052	0	0	0	221	0	0	0	0	0	0	0	0	0	0	0	0	
795800	0	0	0	211	0	0	0	0	0	0	0	0	0	0	0	0	
796552	0	0	0	213	0	0	0	0	0	0	0	0	0	0	0	0	
797300	0	0	0	225	0	0	0	0	0	0	0	0	0	0	0	0	
798050	0	0	0	217	0	0	0	0	0	0	0	0	0	0	0	0	
798794	0	0	0	191	0	0	0	0	0	0	0	0	0	0	0	0	
799542	0	0	0	193	0	0	0	0	0	0	0	0	0	0	0	0	
800291	0	0	0	189	0	0	0	0	0	0	0	0	0	0	0	0	
801040	0	0	0	199	0	0	0	0	0	0	0	0	0	0	0	0	
801793	0	0	0	225	0	0	0	0	0	0	0	0	0	0	0	0	
802537	0	0	0	217	0	0	0	0	0	0	0	0	0	0	0	0	
803287	0	0	0	0	0	137	0	0	0	0	0	0	0	0	0	0	
804041	0	0	0	0	0	0	105	0	0	0	0	0	0	0	0	0	
804790	0	0	0	0	0	0	113	0	0	0	0	0	0	0	0	0	
805540	0	0	0	0	0	0	115	0	0	0	0	0	0	0	0	0	
806290	0	0	0	0	0	0	115	0	0	0	0	0	0	0	0	0	
807040	0	0	0	0	0	0	103	0	0	0	0	0	0	0	0	0	
807790	0	0	0	0	0	0	125	0	0	0	0	0	0	0	0	0	
808540	0	0	0	0	0	0	113	0	0	0	0	0	0	0	0	0	
809289	0	0	0	0	0	0	109	0	0	0	0	0	0	0	0	0	
810039	0	0	0	0	0	0	52	61	0	0	0	0	0	0	0	0	
810789	0	0	0	0	0	0	0	115	0	0	0	0	0	0	0	0	
811537	0	0	0	0	0	0	0	111	0	0	0	0	0	0	0	0	
812288	0	0	0	0	0	0	0	87	0	0	0	0	0	0	0	0	
813036	0	0	0	0	0	0	0	89	0	0	0	0	0	0	0	0	
813786	0	0	0	0	0	0	0	103	0	0	0	0	0	0	0	0	
814537	0	0	0	0	0	0	0	103	0	0	0	0	0	0	0	0	
815286	0	0	0	0	0	0	0	87	0	0	0	0	0	0	0	0	
816037	0	0	0	0	0	0	0	103	0	0	0	0	0	0	0	0	
816784	0	0	0	0	0	0	0	87	0	0	0	0	0	0	0	0	
817534	0	0	0	0	0	0	0	111	0	0	0	0	0	0	0	0	
818283	0	0	0	0	0	0	0	109	0	0	0	0	0	0	0	0	
819032	0	0	0	0	0	0	0	93	0	0	0	0	0	0	0	0	
819778	0	0	0	0	0	0	0	111	0	0	0	0	0	0	0	0	
820528	0	0	0	0	0	0	127	0	0	0	0	0	0	0	0	0	
821276	0	0	0	0	0	0	115	0	0	0	0	0	0	0	0	0	
822027	0	0	0	0	0	0	129	0	0	0	0	0	0	0	0	0	
822777	0	0	0	0	0	0	121	0	0	0	0	0	0	0	0	0	
823526	0	0	0	0	0	0	101	0	0	0	0	0	0	0	0	0	
824276	0	0	0	0	0	0	129	0	0	0	0	0	0	0	0	0	
825028	0	0	0	0	0	0	113	0	0	0	0	0	0	0	0	0	
825780	0	0	0	0	0	0	111	0	0	0	0	0	0	0	0	0	
826529	0	0	0	0	0	0	87	0	0	0	0	0	0	0	0	0	
827280	0	0	0	0	0	0	139	0	0	0	0	0	0	0	0	0	
828031	0	0	0	0	0	0	109	0	0	0	0	0	0	0	0	0	
828781	0	0	0	0	0	0	115	0	0	0	0	0	0	0	0	0	
829528	0	0	0	0	0	0	103	0	0	0	0	0	0	0	0	0	
830277	0	0	0	0	0	0	113	0	0	0	0	0	0	0	0	0	
831028	0	0	0	0	0	0	105	0	0	0	0	0	0	0	0	0	
831780	0	0	0	0	0	0	117	0	0	0	0	0	0	0	0	0	
832529	0	0	0	0	0	0	113	0	0	0	0	0	0	0	0	0	
833277	0	0	0	0	0	0	111	0	0	0	0	0	0	0	0	0	
834029	0	0	0	0	0	0	97	0	0	0	0	0	0	0	0	0	
834782	0	0	0	0	0	0	111	0	0	0	0	0	0	0	0	0	
835533	0	0	0	0	0	0	119	0	0	0	0	0	0	0	0	0	
836282	0	0	0	0	0	0	113	0	0	0	0	0	0	0	0	0	
837034	0	0	0	0	0	0	113	0	0	0	0	0	0	0	0	0	
837785	0	0	0	0	0	0	109	0	0	0	0	0	0	0	0	0	
838531	0	0	0	0	0	0	119	0	0	0	0	0	0	0	0	0	
839278	0	0	0	0	0	0	105	0	0	0	0	0	0	0	0	0	
840028	0	0	0	0	0	137	0	0	0	0	0	0	0	0	0	0	
840773	0	0	0	0	0	129	0	0	0	0	0	0	0	0	0	0	
841525	0	0	0	0	0	125	0	0	0	0	0	0	0	0	0	0	
842277	0	0	0	0	9	132	0	0	0	0	0	0	0	0	0	0	
843027	0	0	0	0	0	131	0	0	0	0	0	0	0	0	0	0	
843780	0	0	0	0	0	139	0	0	0	0	0	0	0	0	0	0	
844533	0	0	0	0	0	0	111	0	0	0	0	0	0	0	0	0	
845285	0	0	0	0	0	0	115	0	0	0	0	0	0	0	0	0	
846032	0	0	0	0	0	0	95	0	0	0	0	0	0	0	0	0	
846781	0	0	0	0	0	0	121	0	0	0	0	0	0	0	0	0	
847529	0	0	0	0	0	0	115	0	0	0	0	0	0	0	0	0	
848278	0	0	0	0	0	0	101	0	0	0	0	0	0	0	0	0	
849028	0	0	0	0	0	0	113	0	0	0	0	0	0	0	0	0	
849775	0	0	0	0	0	0	115	0	0	0	0	0	0	0	0	0	
850523	0	0	0	0	0	0	105	0	0	0	0	0	0	0	0	0	
851272	0	0	0	0	0	0	139	0	0	0	0	0	0	0	0	0	
852020	0	0	0	0	0	0	125	0	0	0	0	0	0	0	0	0	
852772	0	0	0	0	0	0	113	0	0	0	0	0	0	0	0	0	
853524	0	0	0	0	0	0	129	0	0	0	0	0	0	0	0	0	
854273	0	0	0	0	0	0	133	0	0	0	0	0	0	0	0	0	
855023	0	0	0	0	0	0	103	0	0	0	0	0	0	0	0	0	
855774	0	0	0	0	0	0	104	17	0	0	0	0	0	0	0	0	
856523	0	0	0	0	0	0	117	0	0	0	0	0	0	0	0	0	
857272	0	0	0	0	0	0	121	0	0	0	0	0	0	0	0	0	
858021	0	0	0	0	0	0	133	0	0	0	0	0	0	0	0	0	
858770	0	0	0	0	0	0	129	0	0	0	0	0	0	0	0	0	
859521	0	0	0	0	0	0	125	0	0	0	0	0	0	0	0	0	
860270	0	0	0	0	0	0	111	0	0	0	0	0	0	0	0	0	
861017	0	0	0	0	0	0	113	0	0	0	0	0	0	0	0	0	
861769	0	0	0	0	0	0	104	7	0	0	0	0	0	0	0	0	
862520	0	0	0	0	0	0	100	1	0	0	0	0	0	0	0	0	
863268	0	0	0	0	0	0	109	0	0	0	0	0	0	0	0	0	
864017	0	0	0	0	0	0	111	0	0	0	0	0	0	0	0	0	
864770	0	0	0	0	0	0	113	0	0	0	0	0	0	0	0	0	
865516	0	0	0	0	0	0	97	0	0	0	0	0	0	0	0	0	
866268	0	0	0	0	0	0	117	0	0	0	0	0	0	0	0	0	
867015	0	0	0	0	0	0	103	0	0	0	0	0	0	0	0	0	
867765	0	0	0	0	0	0	107	0	0	0	0	0	0	0	0	0	
868515	0	0	0	0	0	0	115	0	0	0	0	0	0	0	0	0	
869265	0	0	0	0	0	0	129	0	0	0	0	0	0	0	0	0	
870015	0	0	0	0	0	0	111	0	0	0	0	0	0	0	0	0	
870765	0	0	0	0	0	0	113	0	0	0	0	0	0	0	0	0	
871513	0	0	0	0	0	0	117	0	0	0	0	0	0	0	0	0	
872262	0	0	0	0	0	0	107	0	0	0	0	0	0	0	0	0	
873011	0	0	0	0	0	0	0	101	0	0	0	0	0	0	0	0	
873761	0	0	0	0	0	0	0	95	0	0	0	0	0	0	0	0	
874512	0	0	0	0	0	0	0	105	0	0	0	0	0	0	0	0	
875262	0	0	0	0	0	0	0	97	0	0	0	0	0	0	0	0	
876010	0	0	0	0	0	0	0	89	0	0	0	0	0	0	0	0	
876763	0	0	0	0	0	0	0	93	0	0	0	0	0	0	0	0	
877514	0	0	0	0	0	0	0	105	0	0	0	0	0	0	0	0	
878264	0	0	0	0	0	0	0	71	0	0	0	0	0	0	0	0	
879013	0	0	0	0	0	0	0	111	0	0	0	0	0	0	0	0	
879763	0	0	0	0	0	0	0	105	0	0	0	0	0	0	0	0	
880513	0	0	0	0	0	0	0	109	0	0	0	0	0	0	0	0	
881265	0	0	0	0	0	0	0	111	0	0	0	0	0	0	0	0	
882014	0	0	0	0	0	0	0	95	0	0	0	0	0	0	0	0	
882767	0	0	0	0	0	0	0	115	0	0	0	0	0	0	0	0	
883516	0	0	0	0	0	0	0	91	0	0	0	0	0	0	0	0	
884268	0	0	0	0	0	0	0	115	0	0	0	0	0	0	0	0	
885019	0	0	0	0	0	0	0	117	0	0	0	0	0	0	0	0	
885769	0	0	0	0	0	0	0	101	0	0	0	0	0	0	0	0	
886519	0	0	0	0	0	0	0	105	0	0	0	0	0	0	0	0	
887267	0	0	0	0	0	0	0	113	0	0	0	0	0	0	0	0	
888017	0	0	0	0	0	0	0	105	0	0	0	0	0	0	0	0	
888770	0	0	0	0	0	0	0	101	0	0	0	0	0	0	0	0	
889516	0	0	0	0	0	0	0	101	0	0	0	0	0	0	0	0	
890265	0	0	0	0	0	0	0	101	0	0	0	0	0	0	0	0	
891017	0	0	0	0	0	0	0	111	0	0	0	0	0	0	0	0	
891766	0	0	0	0	0	0	0	107	0	0	0	0	0	0	0	0	
892519	0	0	0	0	0	0	0	101	0	0	0	0	0	0	0	0	
893268	0	0	0	0	0	0	0	105	0	0	0	0	0	0	0	0	
894017	0	0	0	0	0	0	0	101	0	0	0	0	0	0	0	0	
894766	0	0	0	0	0	0	0	111	0	0	0	0	0	0	0	0	
895514	0	0	0	0	0	0	0	103	0	0	0	0	0	0	0	0	
896263	0	0	0	0	0	0	0	97	0	0	0	0	0	0	0	0	
897012	0	0	0	0	0	0	0	99	0	0	0	0	0	0	0	0	
897764	0	0	0	0	0	0	0	97	0	0	0	0	0	0	0	0	
898512	0	0	0	0	0	0	0	101	0	0	0	0	0	0	0	0	
899261	0	0	0	0	0	0	0	103	0	0	0	0	0	0	0	0	
900012	0	0	0	0	0	0	0	101	0	0	0	0	0	0	0	0	
900765	0	0	0	0	0	0	0	107	0	0	0	0	0	0	0	0	
901514	0	0	0	0	0	0	0	115	0	0	0	0	0	0	0	0	
902262	0	0	0	0	0	0	0	105	0	0	0	0	0	0	0	0	
903013	0	0	0	0	0	0	0	95	0	0	0	0	0	0	0	0	
903761	0	0	0	0	0	0	0	99	0	0	0	0	0	0	0	0	
904513	0	0	0	0	0	0	0	0	0	81	0	0	0	0	0	0	
905265	0	0	0	0	0	0	0	0	0	69	0	0	0	0	0	0	
906013	0	0	0	0	0	0	0	0	0	85	0	0	0	0	0	0	
906760	0	0	0	0	0	0	0	0	0	77	0	0	0	0	0	0	
907509	0	0	0	0	0	0	0	0	0	87	0	0	0	0	0	0	
908261	0	0	0	0	0	0	0	0	0	83	0	0	0	0	0	0	
909013	0	0	0	0	0	0	0	0	0	87	0	0	0	0	0	0	
909767	0	0	0	0	0	0	0	0	0	63	0	0	0	0	0	0	
910516	0	0	0	0	0	0	0	0	0	87	0	0	0	0	0	0	
911263	0	0	0	0	0	0	0	0	0	83	0	0	0	0	0	0	
912014	0	0	0	0	0	0	0	0	0	73	0	0	0	0	0	0	
912762	0	0	0	0	0	0	0	0	0	63	0	0	0	0	0	0	
913509	0	0	0	0	0	0	0	0	0	91	0	0	0	0	0	0	
914260	0	0	0	0	0	0	0	0	0	87	0	0	0	0	0	0	
915005	0	0	0	0	0	0	0	0	0	77	0	0	0	0	0	0	
915757	0	0	0	0	0	0	0	0	0	75	0	0	0	0	0	0	
916507	0	0	0	0	0	0	0	0	111	0	0	0	0	0	0	0	
917256	0	0	0	0	0	0	0	0	73	0	0	0	0	0	0	0	
918006	0	0	0	0	0	0	0	4	81	0	0	0	0	0	0	0	
918757	0	0	0	0	0	0	0	107	0	0	0	0	0	0	0	0	
919511	0	0	0	0	0	0	0	111	0	0	0	0	0	0	0	0	
920259	0	0	0	0	0	0	0	0	85	0	0	0	0	0	0	0	
921010	0	0	0	0	0	0	0	0	85	0	0	0	0	0	0	0	
921759	0	0	0	0	0	0	0	0	75	0	0	0	0	0	0	0	
922509	0	0	0	0	0	0	0	0	77	0	0	0	0	0	0	0	
923258	0	0	0	0	0	0	0	0	77	0	0	0	0	0	0	0	
924010	0	0	0	0	0	0	0	0	93	0	0	0	0	0	0	0	
924760	0	0	0	0	0	0	0	0	0	81	0	0	0	0	0	0	
925511	0	0	0	0	0	0	0	0	0	81	0	0	0	0	0	0	
926263	0	0	0	0	0	0	0	0	0	63	0	0	0	0	0	0	
927011	0	0	0	0	0	0	0	0	93	0	0	0	0	0	0	0	
927760	0	0	0	0	0	0	0	0	97	0	0	0	0	0	0	0	
928510	0	0	0	0	0	0	0	0	0	73	0	0	0	0	0	0	
929262	0	0	0	0	0	0	0	0	0	75	0	0	0	0	0	0	
930014	0	0	0	0	0	0	0	0	0	79	0	0	0	0	0	0	
930766	0	0	0	0	0	0	0	0	0	75	0	0	0	0	0	0	
931515	0	0	0	0	0	0	0	0	0	85	0	0	0	0	0	0	
932264	0	0	0	0	0	0	0	0	0	79	0	0	0	0	0	0	
933015	0	0	0	0	0	0	0	0	0	81	0	0	0	0	0	0	
933766	0	0	0	0	0	0	0	0	0	87	0	0	0	0	0	0	
934514	0	0	0	0	0	0	0	0	0	71	0	0	0	0	0	0	
935262	0	0	0	0	0	0	0	0	0	85	0	0	0	0	0	0	
936013	0	0	0	0	0	0	0	0	0	87	0	0	0	0	0	0	
936763	0	0	0	0	0	0	0	0	87	0	0	0	0	0	0	0	
937514	0	0	0	0	0	0	0	0	83	0	0	0	0	0	0	0	
938264	0	0	0	0	0	0	0	0	85	0	0	0	0	0	0	0	
939013	0	0	0	0	0	0	0	0	87	0	0	0	0	0	0	0	
939762	0	0	0	0	0	0	0	0	99	0	0	0	0	0	0	0	
940513	0	0	0	0	0	0	0	0	87	0	0	0	0	0	0	0	
941261	0	0	0	0	0	0	0	0	101	0	0	0	0	0	0	0	
942010	0	0	0	0	0	0	0	0	79	0	0	0	0	0	0	0	
942758	0	0	0	0	0	0	0	0	99	0	0	0	0	0	0	0	
943509	0	0	0	0	0	0	0	0	95	0	0	0	0	0	0	0	
944261	0	0	0	0	0	0	0	0	103	0	0	0	0	0	0	0	
945008	0	0	0	0	0	0	0	0	87	0	0	0	0	0	0	0	
945758	0	0	0	0	0	0	0	0	87	0	0	0	0	0	0	0	
946509	0	0	0	0	0	0	0	0	101	0	0	0	0	0	0	0	
947259	0	0	0	0	0	0	0	0	99	0	0	0	0	0	0	0	
948007	0	0	0	0	0	0	0	0	97	0	0	0	0	0	0	0	
948760	0	0	0	0	0	0	0	0	97	0	0	0	0	0	0	0	
949513	0	0	0	0	0	0	0	0	99	0	0	0	0	0	0	0	
950263	0	0	0	0	0	0	0	0	81	0	0	0	0	0	0	0	
951014	0	0	0	0	0	0	0	0	99	0	0	0	0	0	0	0	
951761	0	0	0	0	0	0	0	0	79	0	0	0	0	0	0	0	
952509	0	0	0	0	0	0	0	0	99	0	0	0	0	0	0	0	
953259	0	0	0	0	0	0	0	0	87	0	0	0	0	0	0	0	
954009	0	0	0	0	0	0	0	0	0	91	0	0	0	0	0	0	
954756	0	0	0	0	0	0	0	0	0	71	0	0	0	0	0	0	
955505	0	0	0	0	0	0	0	0	0	93	0	0	0	0	0	0	
956252	0	0	0	0	0	0	0	0	0	60	1	0	0	0	0	0	
957002	0	0	0	0	0	0	0	0	0	77	0	0	0	0	0	0	
957748	0	0	0	0	0	0	0	0	0	75	0	0	0	0	0	0	
958495	0	0	0	0	0	0	0	0	0	77	0	0	0	0	0	0	
959246	0	0	0	0	0	0	0	0	0	85	0	0	0	0	0	0	
960000	0	0	0	0	0	0	0	0	0	87	0	0	0	0	0	0	
960748	0	0	0	0	0	0	0	0	0	77	0	0	0	0	0	0	
961497	0	0	0	0	0	0	0	0	0	87	0	0	0	0	0	0	
962245	0	0	0	0	0	0	0	0	0	79	0	0	0	0	0	0	
962994	0	0	0	0	0	0	0	0	0	95	0	0	0	0	0	0	
963745	0	0	0	0	0	0	0	0	0	79	0	0	0	0	0	0	
964492	0	0	0	0	0	0	0	0	0	91	0	0	0	0	0	0	
965240	0	0	0	0	0	0	0	0	0	77	0	0	0	0	0	0	
965989	0	0	0	0	0	0	0	0	0	75	0	0	0	0	0	0	
966740	0	0	0	0	0	0	0	0	0	67	0	0	0	0	0	0	
967493	0	0	0	0	0	0	0	0	0	85	0	0	0	0	0	0	
968240	0	0	0	0	0	0	0	0	0	75	0	0	0	0	0	0	
968990	0	0	0	0	0	0	0	0	0	73	0	0	0	0	0	0	
969738	0	0	0	0	0	0	0	0	0	75	0	0	0	0	0	0	
970486	0	0	0	0	0	0	0	0	0	77	0	0	0	0	0	0	
971238	0	0	0	0	0	0	0	0	0	0	61	0	0	0	0	0	
971985	0	0	0	0	0	0	0	0	0	26	39	0	0	0	0	0	
972738	0	0	0	0	0	0	0	0	0	0	69	0	0	0	0	0	
973486	0	0	0	0	0	0	0	0	0	0	65	0	0	0	0	0	
974234	0	0	0	0	0	0	0	0	0	71	0	0	0	0	0	0	
974985	0	0	0	0	0	0	0	0	0	75	0	0	0	0	0	0	
975732	0	0	0	0	0	0	0	0	0	79	0	0	0	0	0	0	
976482	0	0	0	0	0	0	0	0	0	67	0	0	0	0	0	0	
977231	0	0	0	0	0	0	0	0	0	77	0	0	0	0	0	0	
977982	0	0	0	0	0	0	0	0	0	67	0	0	0	0	0	0	
978732	0	0	0	0	0	0	0	0	0	77	0	0	0	0	0	0	
979482	0	0	0	0	0	0	0	0	0	0	73	0	0	0	0	0	
980232	0	0	0	0	0	0	0	0	0	0	79	0	0	0	0	0	
980984	0	0	0	0	0	0	0	0	0	0	51	0	0	0	0	0	
981734	0	0	0	0	0	0	0	0	0	0	79	0	0	0	0	0	
982485	0	0	0	0	0	0	0	0	0	0	69	0	0	0	0	0	
983234	0	0	0	0	0	0	0	0	0	0	77	0	0	0	0	0	
983984	0	0	0	0	0	0	0	0	0	0	77	0	0	0	0	0	
984737	0	0	0	0	0	0	0	0	0	0	32	27	0	0	0	0	
985485	0	0	0	0	0	0	0	0	0	0	0	69	0	0	0	0	
986234	0	0	0	0	0	0	0	0	0	0	0	59	0	0	0	0	
986980	0	0	0	0	0	0	0	0	0	0	0	61	0	0	0	0	
987732	0	0	0	0	0	0	0	0	0	0	0	77	0	0	0	0	
988481	0	0	0	0	0	0	0	0	0	0	0	63	0	0	0	0	
989232	0	0	0	0	0	0	0	0	0	0	0	79	0	0	0	0	
989981	0	0	0	0	0	0	0	0	0	0	0	67	0	0	0	0	
990730	0	0	0	0	0	0	0	0	0	0	0	83	0	0	0	0	
991479	0	0	0	0	0	0	0	0	0	0	0	67	0	0	0	0	
992230	0	0	0	0	0	0	0	0	0	0	0	73	0	0	0	0	
992979	0	0	0	0	0	0	0	0	0	0	0	63	0	0	0	0	
993727	0	0	0	0	0	0	0	0	0	0	0	59	0	0	0	0	
994476	0	0	0	0	0	0	0	0	0	0	0	55	0	0	0	0	
995228	0	0	0	0	0	0	0	0	0	0	0	73	0	0	0	0	
995976	0	0	0	0	0	0	0	0	0	0	0	65	0	0	0	0	
996725	0	0	0	0	0	0	0	0	0	0	0	67	0	0	0	0	
997477	0	0	0	0	0	0	0	0	0	0	0	73	0	0	0	0	
998228	0	0	0	0	0	0	0	0	0	0	0	67	0	0	0	0	
998979	0	0	0	0	0	0	0	0	0	0	0	63	0	0	0	0	
999727	0	0	0	0	0	0	0	0	0	0	0	77	0	0	0	0	
1.00048e+06	0	0	0	0	0	0	0	0	0	0	0	69	0	0	0	0	
1.00123e+06	0	0	0	0	0	0	0	0	0	0	0	61	0	0	0	0	
1.00198e+06	0	0	0	0	0	0	0	0	0	0	0	67	0	0	0	0	
1.00273e+06	0	0	0	0	0	0	0	0	0	0	0	73	0	0	0	0	
1.00347e+06	0	0	0	0	0	0	0	0	0	0	0	65	0	0	0	0	
1.00423e+06	0	0	0	0	0	0	0	0	0	0	0	61	0	0	0	0	
1.00498e+06	0	0	0	0	0	0	0	0	0	0	0	77	0	0	0	0	
1.00573e+06	0	0	0	0	0	0	0	0	0	0	0	67	0	0	0	0	
1.00648e+06	0	0	0	0	0	0	0	0	0	0	0	83	0	0	0	0	
1.00722e+06	0	0	0	0	0	0	0	0	0	0	0	51	0	0	0	0	
1.00798e+06	0	0	0	0	0	0	0	0	0	0	0	61	0	0	0	0	
1.00873e+06	0	0	0	0	0	0	0	0	0	0	0	65	0	0	0	0	
1.00948e+06	0	0	0	0	0	0	0	0	0	0	0	51	0	0	0	0	
1.01024e+06	0	0	0	0	0	0	0	0	0	0	0	67	0	0	0	0	
1.01099e+06	0	0	0	0	0	0	0	0	0	0	73	0	0	0	0	0	
1.01174e+06	0	0	0	0	0	0	0	0	0	0	67	0	0	0	0	0	
1.01249e+06	0	0	0	0	0	0	0	0	0	0	71	0	0	0	0	0	
1.01324e+06	0	0	0	0	0	0	0	0	0	0	81	0	0	0	0	0	
1.01399e+06	0	0	0	0	0	0	0	0	0	0	93	0	0	0	0	0	
1.01474e+06	0	0	0	0	0	0	0	0	0	0	79	0	0	0	0	0	
1.01549e+06	0	0	0	0	0	0	0	0	0	71	0	0	0	0	0	0	
1.01624e+06	0	0	0	0	0	0	0	0	0	59	0	0	0	0	0	0	
1.017e+06	0	0	0	0	0	0	0	0	0	81	0	0	0	0	0	0	
1.01775e+06	0	0	0	0	0	0	0	0	0	85	0	0	0	0	0	0	
1.0185e+06	0	0	0	0	0	0	0	0	0	75	0	0	0	0	0	0	
1.01924e+06	0	0	0	0	0	0	0	0	0	71	0	0	0	0	0	0	
1.01999e+06	0	0	0	0	0	0	0	0	0	91	0	0	0	0	0	0	
1.02074e+06	0	0	0	0	0	0	0	0	0	85	0	0	0	0	0	0	
1.02149e+06	0	0	0	0	0	0	0	0	0	77	0	0	0	0	0	0	
1.02224e+06	0	0	0	0	0	0	0	0	0	67	0	0	0	0	0	0	
1.02299e+06	0	0	0	0	0	0	0	0	0	75	0	0	0	0	0	0	
1.02374e+06	0	0	0	0	0	0	0	0	0	69	0	0	0	0	0	0	
1.02449e+06	0	0	0	0	0	0	0	0	0	79	0	0	0	0	0	0	
1.02524e+06	0	0	0	0	0	0	0	0	0	87	0	0	0	0	0	0	
1.02599e+06	0	0	0	0	0	0	0	0	0	77	0	0	0	0	0	0	
1.02674e+06	0	0	0	0	0	0	0	0	0	79	0	0	0	0	0	0	
1.02749e+06	0	0	0	0	0	0	0	0	0	99	0	0	0	0	0	0	
1.02824e+06	0	0	0	0	0	0	0	0	0	75	0	0	0	0	0	0	
1.02899e+06	0	0	0	0	0	0	0	0	0	85	0	0	0	0	0	0	
1.02974e+06	0	0	0	0	0	0	0	0	0	81	0	0	0	0	0	0	
1.03049e+06	0	0	0	0	0	0	0	0	0	65	0	0	0	0	0	0	
1.03124e+06	0	0	0	0	0	0	0	0	0	71	0	0	0	0	0	0	
1.03199e+06	0	0	0	0	0	0	0	0	0	103	0	0	0	0	0	0	
1.03274e+06	0	0	0	0	0	0	0	0	0	67	0	0	0	0	0	0	
1.03349e+06	0	0	0	0	0	0	0	0	0	81	0	0	0	0	0	0	
1.03424e+06	0	0	0	0	0	0	0	0	0	85	0	0	0	0	0	0	
1.03499e+06	0	0	0	0	0	0	0	0	0	85	0	0	0	0	0	0	
1.03574e+06	0	0	0	0	0	0	0	0	0	65	0	0	0	0	0	0	
1.03649e+06	0	0	0	0	0	0	0	0	0	73	0	0	0	0	0	0	
1.03724e+06	0	0	0	0	0	0	0	0	0	67	0	0	0	0	0	0	
1.03799e+06	0	0	0	0	0	0	0	0	0	75	0	0	0	0	0	0	
1.03874e+06	0	0	0	0	0	0	0	0	0	75	0	0	0	0	0	0	
1.03949e+06	0	0	0	0	0	0	0	0	0	81	0	0	0	0	0	0	
1.04024e+06	0	0	0	0	0	0	0	0	0	77	0	0	0	0	0	0	
1.04099e+06	0	0	0	0	0	0	0	0	0	91	0	0	0	0	0	0	
1.04174e+06	0	0	0	0	0	0	0	0	0	79	0	0	0	0	0	0	
1.04249e+06	0	0	0	0	0	0	0	0	0	87	0	0	0	0	0	0	
1.04324e+06	0	0	0	0	0	0	0	0	0	63	0	0	0	0	0	0	
1.04399e+06	0	0	0	0	0	0	0	0	0	73	0	0	0	0	0	0	
1.04474e+06	0	0	0	0	0	0	0	0	87	0	0	0	0	0	0	0	
1.04549e+06	0	0	0	0	0	0	0	0	75	0	0	0	0	0	0	0	
1.04624e+06	0	0	0	0	0	0	0	0	93	0	0	0	0	0	0	0	
1.04699e+06	0	0	0	0	0	0	0	0	107	0	0	0	0	0	0	0	
1.04774e+06	0	0	0	0	0	0	0	0	105	0	0	0	0	0	0	0	
1.04848e+06	0	0	0	0	0	0	0	0	89	0	0	0	0	0	0	0	
1.04923e+06	0	0	0	0	0	0	0	0	103	0	0	0	0	0	0	0	
1.04999e+06	0	0	0	0	0	0	0	0	91	0	0	0	0	0	0	0	
1.05074e+06	0	0	0	0	0	0	0	0	99	0	0	0	0	0	0	0	
1.05149e+06	0	0	0	0	0	0	0	0	103	0	0	0	0	0	0	0	
1.05223e+06	0	0	0	0	0	0	0	0	109	0	0	0	0	0	0	0	
1.05298e+06	0	0	0	0	0	0	0	0	91	0	0	0	0	0	0	0	
1.05374e+06	0	0	0	0	0	0	0	0	103	0	0	0	0	0	0	0	
1.05449e+06	0	0	0	0	0	0	0	0	85	0	0	0	0	0	0	0	
1.05524e+06	0	0	0	0	0	0	0	0	79	0	0	0	0	0	0	0	
1.05599e+06	0	0	0	0	0	0	0	0	95	0	0	0	0	0	0	0	
1.05674e+06	0	0	0	0	0	0	0	0	95	0	0	0	0	0	0	0	
1.05749e+06	0	0	0	0	0	0	0	0	95	0	0	0	0	0	0	0	
1.05824e+06	0	0	0	0	0	0	0	0	95	0	0	0	0	0	0	0	
1.05899e+06	0	0	0	0	0	0	0	0	0	67	0	0	0	0	0	0	
1.05974e+06	0	0	0	0	0	0	0	0	0	79	0	0	0	0	0	0	
1.06049e+06	0	0	0	0	0	0	0	0	0	83	0	0	0	0	0	0	
1.06124e+06	0	0	0	0	0	0	0	0	0	83	0	0	0	0	0	0	
1.06198e+06	0	0	0	0	0	0	0	0	0	81	0	0	0	0	0	0	
1.06273e+06	0	0	0	0	0	0	0	0	0	71	0	0	0	0	0	0	
1.06348e+06	0	0	0	0	0	0	0	0	0	79	0	0	0	0	0	0	
1.06423e+06	0	0	0	0	0	0	0	0	0	93	0	0	0	0	0	0	
1.06498e+06	0	0	0	0	0	0	0	0	0	71	0	0	0	0	0	0	
1.06573e+06	0	0	0	0	0	0	0	0	0	89	0	0	0	0	0	0	
1.06648e+06	0	0	0	0	0	0	0	0	0	89	0	0	0	0	0	0	
1.06723e+06	0	0	0	0	0	0	0	0	0	87	0	0	0	0	0	0	
1.06798e+06	0	0	0	0	0	0	0	0	0	73	0	0	0	0	0	0	
1.06873e+06	0	0	0	0	0	0	0	0	0	71	0	0	0	0	0	0	
1.06948e+06	0	0	0	0	0	0	0	95	0	0	0	0	0	0	0	0	
1.07023e+06	0	0	0	0	0	0	0	97	0	0	0	0	0	0	0	0	
1.07097e+06	0	0	0	0	0	0	0	115	0	0	0	0	0	0	0	0	
1.07173e+06	0	0	0	0	0	0	0	89	0	0	0	0	0	0	0	0	
1.07248e+06	0	0	0	0	0	0	0	103	0	0	0	0	0	0	0	0	
1.07323e+06	0	0	0	0	0	0	0	91	0	0	0	0	0	0	0	0	
1.07398e+06	0	0	0	0	0	0	0	109	0	0	0	0	0	0	0	0	
1.07473e+06	0	0	0	0	0	0	0	95	0	0	0	0	0	0	0	0	
1.07548e+06	0	0	0	0	0	0	0	117	0	0	0	0	0	0	0	0	
1.07623e+06	0	0	0	0	0	0	0	93	0	0	0	0	0	0	0	0	
1.07698e+06	0	0	0	0	0	0	0	97	0	0	0	0	0	0	0	0	
1.07773e+06	0	0	0	0	0	0	0	111	0	0	0	0	0	0	0	0	
1.07848e+06	0	0	0	0	0	0	0	91	0	0	0	0	0	0	0	0	
1.07923e+06	0	0	0	0	0	0	0	129	0	0	0	0	0	0	0	0	
1.07998e+06	0	0	0	0	0	0	0	117	0	0	0	0	0	0	0	0	
1.08073e+06	0	0	0	0	0	0	0	109	0	0	0	0	0	0	0	0	
1.08148e+06	0	0	0	0	0	0	123	0	0	0	0	0	0	0	0	0	
1.08223e+06	0	0	0	0	0	0	119	0	0	0	0	0	0	0	0	0	
1.08298e+06	0	0	0	0	0	0	117	0	0	0	0	0	0	0	0	0	
1.08373e+06	0	0	0	0	0	0	99	0	0	0	0	0	0	0	0	0	
1.08448e+06	0	0	0	0	0	0	101	0	0	0	0	0	0	0	0	0	
1.08523e+06	0	0	0	0	0	0	109	0	0	0	0	0	0	0	0	0	
1.08598e+06	0	0	0	0	0	0	125	0	0	0	0	0	0	0	0	0	
1.08673e+06	0	0	0	0	0	0	119	0	0	0	0	0	0	0	0	0	
1.08748e+06	0	0	0	0	0	0	127	0	0	0	0	0	0	0	0	0	
1.08823e+06	0	0	0	0	0	0	117	0	0	0	0	0	0	0	0	0	
1.08897e+06	0	0	0	0	0	0	121	0	0	0	0	0	0	0	0	0	
1.08972e+06	0	0	0	0	0	0	107	0	0	0	0	0	0	0	0	0	
1.09047e+06	0	0	0	0	0	0	119	0	0	0	0	0	0	0	0	0	
1.09122e+06	0	0	0	0	0	0	109	0	0	0	0	0	0	0	0	0	
1.09197e+06	0	0	0	0	0	0	113	0	0	0	0	0	0	0	0	0	
1.09272e+06	0	0	0	0	0	0	115	0	0	0	0	0	0	0	0	0	
1.09347e+06	0	0	0	0	0	0	127	0	0	0	0	0	0	0	0	0	
1.09422e+06	0	0	0	0	0	0	109	0	0	0	0	0	0	0	0	0	
1.09497e+06	0	0	0	0	0	0	119	0	0	0	0	0	0	0	0	0	
1.09572e+06	0	0	0	0	0	0	127	0	0	0	0	0	0	0	0	0	
1.09647e+06	0	0	0	0	0	0	107	0	0	0	0	0	0	0	0	0	
1.09722e+06	0	0	0	0	0	0	125	0	0	0	0	0	0	0	0	0	
1.09798e+06	0	0	0	0	0	0	121	0	0	0	0	0	0	0	0	0	
1.09872e+06	0	0	0	0	0	0	121	0	0	0	0	0	0	0	0	0	
1.09947e+06	0	0	0	0	0	0	119	0	0	0	0	0	0	0	0	0	
1.10022e+06	0	0	0	0	0	0	95	0	0	0	0	0	0	0	0	0	
1.10097e+06	0	0	0	0	0	0	103	0	0	0	0	0	0	0	0	0	
1.10172e+06	0	0	0	0	0	0	121	0	0	0	0	0	0	0	0	0	
1.10247e+06	0	0	0	0	0	129	0	0	0	0	0	0	0	0	0	0	
1.10322e+06	0	0	0	0	0	133	0	0	0	0	0	0	0	0	0	0	
1.10397e+06	0	0	0	0	0	135	0	0	0	0	0	0	0	0	0	0	
1.10472e+06	0	0	0	0	0	135	0	0	0	0	0	0	0	0	0	0	
1.10547e+06	0	0	0	0	0	119	0	0	0	0	0	0	0	0	0	0	
1.10622e+06	0	0	0	0	0	131	0	0	0	0	0	0	0	0	0	0	
1.10697e+06	0	0	0	0	0	147	0	0	0	0	0	0	0	0	0	0	
1.10772e+06	0	0	0	0	0	127	0	0	0	0	0	0	0	0	0	0	
1.10847e+06	0	0	0	0	0	129	0	0	0	0	0	0	0	0	0	0	
1.10922e+06	0	0	0	0	0	155	0	0	0	0	0	0	0	0	0	0	
1.10997e+06	0	0	0	0	193	0	0	0	0	0	0	0	0	0	0	0	
1.11072e+06	0	0	0	0	151	0	0	0	0	0	0	0	0	0	0	0	
1.11147e+06	0	0	0	0	171	0	0	0	0	0	0	0	0	0	0	0	
1.11223e+06	0	0	0	0	157	0	0	0	0	0	0	0	0	0	0	0	
1.11298e+06	0	0	0	0	151	0	0	0	0	0	0	0	0	0	0	0	
1.11373e+06	0	0	0	0	163	0	0	0	0	0	0	0	0	0	0	0	
1.11448e+06	0	0	0	0	169	0	0	0	0	0	0	0	0	0	0	0	
1.11524e+06	0	0	0	0	173	0	0	0	0	0	0	0	0	0	0	0	
1.11599e+06	0	0	0	0	155	0	0	0	0	0	0	0	0	0	0	0	
1.11673e+06	0	0	0	0	164	1	0	0	0	0	0	0	0	0	0	0	
1.11748e+06	0	0	0	0	153	0	0	0	0	0	0	0	0	0	0	0	
1.11823e+06	0	0	0	0	167	0	0	0	0	0	0	0	0	0	0	0	
1.11898e+06	0	0	0	0	175	0	0	0	0	0	0	0	0	0	0	0	
1.11973e+06	0	0	0	193	0	0	0	0	0	0	0	0	0	0	0	0	
1.12048e+06	0	0	0	199	0	0	0	0	0	0	0	0	0	0	0	0	
1.12123e+06	0	0	0	189	0	0	0	0	0	0	0	0	0	0	0	0	
1.12198e+06	0	0	0	213	0	0	0	0	0	0	0	0	0	0	0	0	
1.12274e+06	0	0	0	187	0	0	0	0	0	0	0	0	0	0	0	0	
1.12348e+06	0	0	0	201	0	0	0	0	0	0	0	0	0	0	0	0	
1.12423e+06	0	0	0	179	0	0	0	0	0	0	0	0	0	0	0	0	
1.12499e+06	0	0	0	219	0	0	0	0	0	0	0	0	0	0	0	0	
1.12574e+06	0	0	0	203	0	0	0	0	0	0	0	0	0	0	0	0	
1.12648e+06	0	0	0	217	0	0	0	0	0	0	0	0	0	0	0	0	
1.12723e+06	0	0	0	205	0	0	0	0	0	0	0	0	0	0	0	0	
1.12799e+06	0	0	0	203	0	0	0	0	0	0	0	0	0	0	0	0	
1.12873e+06	0	0	0	201	0	0	0	0	0	0	0	0	0	0	0	0	
1.12948e+06	0	0	0	185	0	0	0	0	0	0	0	0	0	0	0	0	
1.13024e+06	0	0	0	201	0	0	0	0	0	0	0	0	0	0	0	0	
1.13099e+06	0	0	0	205	0	0	0	0	0	0	0	0	0	0	0	0	
1.13174e+06	0	0	0	201	0	0	0	0	0	0	0	0	0	0	0	0	
1.13249e+06	0	0	0	199	0	0	0	0	0	0	0	0	0	0	0	0	
1.13324e+06	0	0	0	205	0	0	0	0	0	0	0	0	0	0	0	0	
1.13399e+06	0	0	0	195	0	0	0	0	0	0	0	0	0	0	0	0	
1.13474e+06	0	0	0	195	0	0	0	0	0	0	0	0	0	0	0	0	
1.13549e+06	0	0	0	203	0	0	0	0	0	0	0	0	0	0	0	0	
1.13624e+06	0	0	0	199	0	0	0	0	0	0	0	0	0	0	0	0	
1.13699e+06	0	0	6	207	0	0	0	0	0	0	0	0	0	0	0	0	
1.13773e+06	0	0	0	205	0	0	0	0	0	0	0	0	0	0	0	0	
1.13849e+06	0	0	0	199	0	0	0	0	0	0	0	0	0	0	0	0	
1.13923e+06	0	0	0	177	0	0	0	0	0	0	0	0	0	0	0	0	
1.13998e+06	0	0	0	193	0	0	0	0	0	0	0	0	0	0	0	0	
1.14073e+06	0	0	0	187	0	0	0	0	0	0	0	0	0	0	0	0	
1.14148e+06	0	0	0	0	169	0	0	0	0	0	0	0	0	0	0	0	
1.14224e+06	0	0	0	0	161	0	0	0	0	0	0	0	0	0	0	0	
1.14299e+06	0	0	0	0	165	0	0	0	0	0	0	0	0	0	0	0	
1.14374e+06	0	0	0	0	159	0	0	0	0	0	0	0	0	0	0	0	
1.14449e+06	0	0	0	0	179	0	0	0	0	0	0	0	0	0	0	0	
1.14524e+06	0	0	0	0	155	0	0	0	0	0	0	0	0	0	0	0	
1.14599e+06	0	0	0	0	161	0	0	0	0	0	0	0	0	0	0	0	
1.14674e+06	0	0	0	0	171	0	0	0	0	0	0	0	0	0	0	0	
1.14749e+06	0	0	0	0	173	0	0	0	0	0	0	0	0	0	0	0	
1.14824e+06	0	0	0	0	171	0	0	0	0	0	0	0	0	0	0	0	
1.14899e+06	0	0	0	0	149	0	0	0	0	0	0	0	0	0	0	0	
1.14974e+06	0	0	0	0	161	0	0	0	0	0	0	0	0	0	0	0	
1.15049e+06	0	0	0	0	173	0	0	0	0	0	0	0	0	0	0	0	
1.15125e+06	0	0	0	0	139	0	0	0	0	0	0	0	0	0	0	0	
1.15199e+06	0	0	0	0	149	0	0	0	0	0	0	0	0	0	0	0	
1.15274e+06	0	0	0	0	157	0	0	0	0	0	0	0	0	0	0	0	
1.15349e+06	0	0	0	0	165	0	0	0	0	0	0	0	0	0	0	0	
1.15424e+06	0	0	0	0	181	0	0	0	0	0	0	0	0	0	0	0	
1.15499e+06	0	0	0	0	151	0	0	0	0	0	0	0	0	0	0	0	
1.15574e+06	0	0	0	0	155	0	0	0	0	0	0	0	0	0	0	0	
1.15649e+06	0	0	0	0	179	0	0	0	0	0	0	0	0	0	0	0	
1.15724e+06	0	0	0	0	155	0	0	0	0	0	0	0	0	0	0	0	
1.15799e+06	0	0	0	0	161	0	0	0	0	0	0	0	0	0	0	0	
1.15874e+06	0	0	0	0	169	0	0	0	0	0	0	0	0	0	0	0	
1.15949e+06	0	0	0	0	165	0	0	0	0	0	0	0	0	0	0	0	
1.16024e+06	0	0	0	0	153	0	0	0	0	0	0	0	0	0	0	0	
1.16099e+06	0	0	0	0	157	0	0	0	0	0	0	0	0	0	0	0	
1.16174e+06	0	0	0	0	153	0	0	0	0	0	0	0	0	0	0	0	
1.16249e+06	0	0	0	0	175	0	0	0	0	0	0	0	0	0	0	0	
1.16324e+06	0	0	0	0	203	0	0	0	0	0	0	0	0	0	0	0	
1.16399e+06	0	0	0	0	167	0	0	0	0	0	0	0	0	0	0	0	
1.16474e+06	0	0	0	0	0	111	0	0	0	0	0	0	0	0	0	0	
1.16549e+06	0	0	0	0	0	131	0	0	0	0	0	0	0	0	0	0	
1.16624e+06	0	0	0	0	0	139	0	0	0	0	0	0	0	0	0	0	
1.16699e+06	0	0	0	0	0	139	0	0	0	0	0	0	0	0	0	0	
1.16774e+06	0	0	0	0	0	127	0	0	0	0	0	0	0	0	0	0	
1.1685e+06	0	0	0	0	0	139	0	0	0	0	0	0	0	0	0	0	
1.16925e+06	0	0	0	0	0	123	0	0	0	0	0	0	0	0	0	0	
1.17e+06	0	0	0	0	0	139	0	0	0	0	0	0	0	0	0	0	
1.17075e+06	0	0	0	0	0	131	0	0	0	0	0	0	0	0	0	0	
1.1715e+06	0	0	0	0	0	143	0	0	0	0	0	0	0	0	0	0	
1.17225e+06	0	0	0	0	0	125	0	0	0	0	0	0	0	0	0	0	
1.17301e+06	0	0	0	0	0	117	0	0	0	0	0	0	0	0	0	0	
1.17376e+06	0	0	0	0	0	113	0	0	0	0	0	0	0	0	0	0	
1.1745e+06	0	0	0	0	0	127	0	0	0	0	0	0	0	0	0	0	
1.17526e+06	0	0	0	0	0	141	0	0	0	0	0	0	0	0	0	0	
1.176e+06	0	0	0	0	0	137	0	0	0	0	0	0	0	0	0	0	
1.17675e+06	0	0	0	0	5	126	0	0	0	0	0	0	0	0	0	0	
1.1775e+06	0	0	0	0	0	141	0	0	0	0	0	0	0	0	0	0	
1.17825e+06	0	0	0	0	0	123	0	0	0	0	0	0	0	0	0	0	
1.17901e+06	0	0	0	0	0	137	0	0	0	0	0	0	0	0	0	0	
1.17975e+06	0	0	0	0	0	135	0	0	0	0	0	0	0	0	0	0	
1.1805e+06	0	0	0	0	0	123	0	0	0	0	0	0	0	0	0	0	
1.18125e+06	0	0	0	0	0	129	0	0	0	0	0	0	0	0	0	0	
1.182e+06	0	0	0	0	0	119	0	0	0	0	0	0	0	0	0	0	
1.18275e+06	0	0	0	0	0	135	0	0	0	0	0	0	0	0	0	0	
1.1835e+06	0	0	0	0	0	139	0	0	0	0	0	0	0	0	0	0	
1.18425e+06	0	0	0	0	0	155	0	0	0	0	0	0	0	0	0	0	
1.185e+06	0	0	0	0	0	127	0	0	0	0	0	0	0	0	0	0	
1.18575e+06	0	0	0	0	0	145	0	0	0	0	0	0	0	0	0	0	
1.1865e+06	0	0	0	0	0	125	0	0	0	0	0	0	0	0	0	0	
1.18725e+06	0	0	0	0	0	139	0	0	0	0	0	0	0	0	0	0	
1.188e+06	0	0	0	0	0	137	0	0	0	0	0	0	0	0	0	0	
1.18875e+06	0	0	0	0	0	165	0	0	0	0	0	0	0	0	0	0	
1.1895e+06	0	0	0	0	0	137	0	0	0	0	0	0	0	0	0	0	
1.19025e+06	0	0	0	0	0	135	0	0	0	0	0	0	0	0	0	0	
1.191e+06	0	0	0	0	0	131	0	0	0	0	0	0	0	0	0	0	
1.19174e+06	0	0	0	0	0	137	0	0	0	0	0	0	0	0	0	0	
1.19249e+06	0	0	0	0	0	145	0	0	0	0	0	0	0	0	0	0	
1.19324e+06	0	0	0	0	0	155	0	0	0	0	0	0	0	0	0	0	
1.19399e+06	0	0	0	0	0	119	0	0	0	0	0	0	0	0	0	0	
1.19474e+06	0	0	0	0	0	0	101	0	0	0	0	0	0	0	0	0	
1.19549e+06	0	0	0	0	0	0	121	0	0	0	0	0	0	0	0	0	
1.19625e+06	0	0	0	0	0	0	117	0	0	0	0	0	0	0	0	0	
1.197e+06	0	0	0	0	0	0	131	0	0	0	0	0	0	0	0	0	
1.19775e+06	0	0	0	0	0	0	83	0	0	0	0	0	0	0	0	0	
1.1985e+06	0	0	0	0	0	0	97	0	0	0	0	0	0	0	0	0	
1.19925e+06	0	0	0	0	0	113	0	0	0	0	0	0	0	0	0	0	
1.2e+06	0	0	0	0	0	135	0	0	0	0	0	0	0	0	0	0	
1.20075e+06	0	0	0	0	0	133	0	0	0	0	0	0	0	0	0	0	
1.2015e+06	0	0	0	0	0	149	0	0	0	0	0	0	0	0	0	0	
1.20225e+06	0	0	0	0	0	137	0	0	0	0	0	0	0	0	0	0	
1.203e+06	0	0	0	0	159	0	0	0	0	0	0	0	0	0	0	0	
1.20375e+06	0	0	0	0	157	0	0	0	0	0	0	0	0	0	0	0	
1.2045e+06	0	0	0	0	179	0	0	0	0	0	0	0	0	0	0	0	
1.20525e+06	0	0	0	0	173	0	0	0	0	0	0	0	0	0	0	0	
1.206e+06	0	0	0	0	179	0	0	0	0	0	0	0	0	0	0	0	
1.20675e+06	0	0	0	0	153	0	0	0	0	0	0	0	0	0	0	0	
1.2075e+06	0	0	0	0	137	0	0	0	0	0	0	0	0	0	0	0	
1.20825e+06	0	0	0	0	147	0	0	0	0	0	0	0	0	0	0	0	
1.209e+06	0	0	0	0	177	0	0	0	0	0	0	0	0	0	0	0	
1.20975e+06	0	0	0	0	161	0	0	0	0	0	0	0	0	0	0	0	
1.2105e+06	0	0	0	0	165	0	0	0	0	0	0	0	0	0	0	0	
1.21125e+06	0	0	0	0	163	0	0	0	0	0	0	0	0	0	0	0	
1.212e+06	0	0	0	0	161	0	0	0	0	0	0	0	0	0	0	0	
1.21275e+06	0	0	0	0	163	0	0	0	0	0	0	0	0	0	0	0	
1.2135e+06	0	0	0	0	155	0	0	0	0	0	0	0	0	0	0	0	
1.21425e+06	0	0	0	0	153	0	0	0	0	0	0	0	0	0	0	0	
1.215e+06	0	0	0	0	0	115	0	0	0	0	0	0	0	0	0	0	
1.21575e+06	0	0	0	0	0	107	0	0	0	0	0	0	0	0	0	0	
1.2165e+06	0	0	0	0	0	137	0	0	0	0	0	0	0	0	0	0	
1.21725e+06	0	0	0	0	0	125	0	0	0	0	0	0	0	0	0	0	
1.218e+06	0	0	0	0	0	133	0	0	0	0	0	0	0	0	0	0	
1.21875e+06	0	0	0	0	0	135	0	0	0	0	0	0	0	0	0	0	
1.2195e+06	0	0	0	0	0	145	0	0	0	0	0	0	0	0	0	0	
1.22025e+06	0	0	0	0	0	119	0	0	0	0	0	0	0	0	0	0	
1.221e+06	0	0	0	0	0	135	0	0	0	0	0	0	0	0	0	0	
1.22175e+06	0	0	0	0	0	109	0	0	0	0	0	0	0	0	0	0	
1.2225e+06	0	0	0	0	0	115	0	0	0	0	0	0	0	0	0	0	
1.22325e+06	0	0	0	0	5	118	0	0	0	0	0	0	0	0	0	0	
1.22399e+06	0	0	0	0	0	149	0	0	0	0	0	0	0	0	0	0	
1.22474e+06	0	0	0	0	0	111	0	0	0	0	0	0	0	0	0	0	
1.22549e+06	0	0	0	0	0	139	0	0	0	0	0	0	0	0	0	0	
1.22624e+06	0	0	0	0	0	129	0	0	0	0	0	0	0	0	0	0	
1.22699e+06	0	0	0	0	0	127	0	0	0	0	0	0	0	0	0	0	
1.22774e+06	0	0	0	0	0	119	0	0	0	0	0	0	0	0	0	0	
1.22849e+06	0	0	0	0	0	121	0	0	0	0	0	0	0	0	0	0	
1.22924e+06	0	0	0	0	0	123	0	0	0	0	0	0	0	0	0	0	
1.22999e+06	0	0	0	0	0	131	0	0	0	0	0	0	0	0	0	0	
1.23074e+06	0	0	0	0	0	157	0	0	0	0	0	0	0	0	0	0	
1.23149e+06	0	0	0	0	0	141	0	0	0	0	0	0	0	0	0	0	
1.23223e+06	0	0	0	0	0	127	0	0	0	0	0	0	0	0	0	0	
1.23299e+06	0	0	0	0	0	121	0	0	0	0	0	0	0	0	0	0	
1.23373e+06	0	0	0	0	62	85	0	0	0	0	0	0	0	0	0	0	
1.23449e+06	0	0	0	0	0	137	0	0	0	0	0	0	0	0	0	0	
1.23523e+06	0	0	0	0	0	131	0	0	0	0	0	0	0	0	0	0	
1.23598e+06	0	0	0	0	0	125	0	0	0	0	0	0	0	0	0	0	
1.23673e+06	0	0	0	0	0	139	0	0	0	0	0	0	0	0	0	0	
1.23748e+06	0	0	0	0	0	127	0	0	0	0	0	0	0	0	0	0	
1.23823e+06	0	0	0	0	0	159	0	0	0	0	0	0	0	0	0	0	
1.23898e+06	0	0	0	0	0	139	0	0	0	0	0	0	0	0	0	0	
1.23973e+06	0	0	0	0	0	125	0	0	0	0	0	0	0	0	0	0	
1.24048e+06	0	0	0	0	0	135	0	0	0	0	0	0	0	0	0	0	
1.24123e+06	0	0	0	0	0	143	0	0	0	0	0	0	0	0	0	0	
1.24198e+06	0	0	0	0	0	139	0	0	0	0	0	0	0	0	0	0	
1.24273e+06	0	0	0	0	0	133	0	0	0	0	0	0	0	0	0	0	
1.24348e+06	0	0	0	0	0	137	0	0	0	0	0	0	0	0	0	0	
1.24423e+06	0	0	0	0	0	137	0	0	0	0	0	0	0	0	0	0	
1.24498e+06	0	0	0	0	0	127	0	0	0	0	0	0	0	0	0	0	
1.24574e+06	0	0	0	0	0	145	0	0	0	0	0	0	0	0	0	0	
1.24648e+06	0	0	0	0	0	147	0	0	0	0	0	0	0	0	0	0	
1.24724e+06	0	0	0	0	0	133	0	0	0	0	0	0	0	0	0	0	
1.24799e+06	0	0	0	0	0	135	0	0	0	0	0	0	0	0	0	0	
1.24874e+06	0	0	0	0	0	143	0	0	0	0	0	0	0	0	0	0	
1.24949e+06	0	0	0	0	0	149	0	0	0	0	0	0	0	0	0	0	
1.25024e+06	0	0	0	0	0	129	0	0	0	0	0	0	0	0	0	0	
1.25099e+06	0	0	0	0	0	145	0	0	0	0	0	0	0	0	0	0	
1.25174e+06	0	0	0	0	165	0	0	0	0	0	0	0	0	0	0	0	
1.25249e+06	0	0	0	0	185	0	0	0	0	0	0	0	0	0	0	0	
1.25324e+06	0	0	0	0	167	0	0	0	0	0	0	0	0	0	0	0	
1.25399e+06	0	0	0	0	159	0	0	0	0	0	0	0	0	0	0	0	
1.25475e+06	0	0	0	0	171	0	0	0	0	0	0	0	0	0	0	0	
1.2555e+06	0	0	0	0	163	0	0	0	0	0	0	0	0	0	0	0	
1.25625e+06	0	0	0	0	133	0	0	0	0	0	0	0	0	0	0	0	
1.257e+06	0	0	0	0	155	0	0	0	0	0	0	0	0	0	0	0	
1.25775e+06	0	0	0	0	0	145	0	0	0	0	0	0	0	0	0	0	
1.2585e+06	0	0	0	0	0	137	0	0	0	0	0	0	0	0	0	0	
1.25925e+06	0	0	0	0	0	131	0	0	0	0	0	0	0	0	0	0	
1.26e+06	0	0	0	0	0	131	0	0	0	0	0	0	0	0	0	0	
1.26075e+06	0	0	0	0	0	127	16	0	0	0	0	0	0	0	0	0	
1.2615e+06	0	0	0	0	0	131	0	0	0	0	0	0	0	0	0	0	
1.26226e+06	0	0	0	0	0	135	0	0	0	0	0	0	0	0	0	0	
1.26301e+06	0	0	0	0	0	139	0	0	0	0	0	0	0	0	0	0	
1.26375e+06	0	0	0	0	0	147	0	0	0	0	0	0	0	0	0	0	
1.2645e+06	0	0	0	0	0	121	0	0	0	0	0	0	0	0	0	0	
1.26525e+06	0	0	0	0	0	111	0	0	0	0	0	0	0	0	0	0	
1.266e+06	0	0	0	0	0	137	0	0	0	0	0	0	0	0	0	0	
1.26675e+06	0	0	0	0	0	113	0	0	0	0	0	0	0	0	0	0	
1.2675e+06	0	0	0	0	0	125	0	0	0	0	0	0	0	0	0	0	
1.26825e+06	0	0	0	0	0	133	0	0	0	0	0	0	0	0	0	0	
1.26901e+06	0	0	0	0	0	135	0	0	0	0	0	0	0	0	0	0	
1.26976e+06	0	0	0	0	0	157	0	0	0	0	0	0	0	0	0	0	
1.27051e+06	0	0	0	0	165	0	0	0	0	0	0	0	0	0	0	0	
1.27126e+06	0	0	0	0	150	1	0	0	0	0	0	0	0	0	0	0	
1.272e+06	0	0	0	0	191	0	0	0	0	0	0	0	0	0	0	0	
1.27275e+06	0	0	0	0	171	0	0	0	0	0	0	0	0	0	0	0	
1.2735e+06	0	0	0	0	157	0	0	0	0	0	0	0	0	0	0	0	
1.27425e+06	0	0	0	0	167	0	0	0	0	0	0	0	0	0	0	0	
1.275e+06	0	0	0	0	159	0	0	0	0	0	0	0	0	0	0	0	
1.27575e+06	0	0	0	0	157	0	0	0	0	0	0	0	0	0	0	0	
1.2765e+06	0	0	0	0	167	0	0	0	0	0	0	0	0	0	0	0	
1.27725e+06	0	0	0	0	155	0	0	0	0	0	0	0	0	0	0	0	
1.27801e+06	0	0	0	0	131	0	0	0	0	0	0	0	0	0	0	0	
1.27876e+06	0	0	0	0	135	0	0	0	0	0	0	0	0	0	0	0	
1.27951e+06	0	0	0	0	169	0	0	0	0	0	0	0	0	0	0	0	
1.28026e+06	0	0	0	0	159	0	0	0	0	0	0	0	0	0	0	0	
1.28101e+06	0	0	0	0	167	0	0	0	0	0	0	0	0	0	0	0	
1.28176e+06	0	0	0	0	169	0	0	0	0	0	0	0	0	0	0	0	
1.28251e+06	0	0	0	0	165	0	0	0	0	0	0	0	0	0	0	0	
1.28326e+06	0	0	0	0	145	0	0	0	0	0	0	0	0	0	0	0	
1.284e+06	0	0	0	0	151	0	0	0	0	0	0	0	0	0	0	0	
1.28476e+06	0	0	0	0	175	0	0	0	0	0	0	0	0	0	0	0	
1.28551e+06	0	0	0	0	169	0	0	0	0	0	0	0	0	0	0	0	
1.28626e+06	0	0	0	0	159	0	0	0	0	0	0	0	0	0	0	0	
1.28701e+06	0	0	0	0	159	0	0	0	0	0	0	0	0	0	0	0	
1.28776e+06	0	0	0	0	171	0	0	0	0	0	0	0	0	0	0	0	
1.28851e+06	0	0	0	0	112	29	0	0	0	0	0	0	0	0	0	0	
1.28926e+06	0	0	0	0	141	0	0	0	0	0	0	0	0	0	0	0	
1.29001e+06	0	0	0	0	149	0	0	0	0	0	0	0	0	0	0	0	
1.29077e+06	0	0	0	0	168	3	0	0	0	0	0	0	0	0	0	0	
1.29152e+06	0	0	0	0	169	0	0	0	0	0	0	0	0	0	0	0	
1.29227e+06	0	0	0	0	149	0	0	0	0	0	0	0	0	0	0	0	
1.29302e+06	0	0	0	0	153	0	0	0	0	0	0	0	0	0	0	0	
1.29377e+06	0	0	0	0	169	0	0	0	0	0	0	0	0	0	0	0	
1.29452e+06	0	0	0	0	161	0	0	0	0	0	0	0	0	0	0	0	
1.29527e+06	0	0	0	0	167	0	0	0	0	0	0	0	0	0	0	0	
1.29602e+06	0	0	0	0	171	0	0	0	0	0	0	0	0	0	0	0	
1.29677e+06	0	0	0	0	141	0	0	0	0	0	0	0	0	0	0	0	
1.29752e+06	0	0	0	1	158	0	0	0	0	0	0	0	0	0	0	0	
1.29826e+06	0	0	0	203	0	0	0	0	0	0	0	0	0	0	0	0	
1.29902e+06	0	0	0	181	0	0	0	0	0	0	0	0	0	0	0	0	
1.29977e+06	0	0	0	207	0	0	0	0	0	0	0	0	0	0	0	0	
1.30052e+06	0	0	0	217	0	0	0	0	0	0	0	0	0	0	0	0	
1.30127e+06	0	0	0	187	0	0	0	0	0	0	0	0	0	0	0	0	
1.30202e+06	0	0	0	193	0	0	0	0	0	0	0	0	0	0	0	0	
1.30276e+06	0	0	0	223	0	0	0	0	0	0	0	0	0	0	0	0	
1.30351e+06	0	0	0	175	0	0	0	0	0	0	0	0	0	0	0	0	
1.30426e+06	0	0	0	141	12	0	0	0	0	0	0	0	0	0	0	0	
1.30502e+06	0	0	0	205	0	0	0	0	0	0	0	0	0	0	0	0	
1.30576e+06	0	0	0	187	0	0	0	0	0	0	0	0	0	0	0	0	
1.30652e+06	0	0	67	138	0	0	0	0	0	0	0	0	0	0	0	0	
1.30726e+06	0	0	0	183	0	0	0	0	0	0	0	0	0	0	0	0	
1.30801e+06	0	0	0	207	0	0	0	0	0	0	0	0	0	0	0	0	
1.30876e+06	0	0	0	207	0	0	0	0	0	0	0	0	0	0	0	0	
1.30951e+06	0	0	0	195	0	0	0	0	0	0	0	0	0	0	0	0	
1.31026e+06	0	0	0	199	0	0	0	0	0	0	0	0	0	0	0	0	
1.31101e+06	0	0	0	205	0	0	0	0	0	0	0	0	0	0	0	0	
1.31176e+06	0	0	0	189	0	0	0	0	0	0	0	0	0	0	0	0	
1.31251e+06	0	0	0	227	0	0	0	0	0	0	0	0	0	0	0	0	
1.31326e+06	0	0	0	201	0	0	0	0	0	0	0	0	0	0	0	0	
1.31401e+06	0	0	265	0	0	0	0	0	0	0	0	0	0	0	0	0	
1.31476e+06	0	0	223	0	0	0	0	0	0	0	0	0	0	0	0	0	
1.31551e+06	0	0	271	0	0	0	0	0	0	0	0	0	0	0	0	0	
1.31626e+06	0	0	263	0	0	0	0	0	0	0	0	0	0	0	0	0	
1.31701e+06	0	0	259	0	0	0	0	0	0	0	0	0	0	0	0	0	
1.31776e+06	0	0	255	0	0	0	0	0	0	0	0	0	0	0	0	0	
1.31851e+06	0	0	275	0	0	0	0	0	0	0	0	0	0	0	0	0	
1.31926e+06	0	0	279	0	0	0	0	0	0	0	0	0	0	0	0	0	
1.32002e+06	0	0	277	0	0	0	0	0	0	0	0	0	0	0	0	0	
1.32076e+06	0	7	242	0	0	0	0	0	0	0	0	0	0	0	0	0	
1.32151e+06	0	0	89	124	0	0	0	0	0	0	0	0	0	0	0	0	
1.32226e+06	0	0	259	0	0	0	0	0	0	0	0	0	0	0	0	0	
1.32301e+06	0	0	269	0	0	0	0	0	0	0	0	0	0	0	0	0	
1.32377e+06	0	0	291	0	0	0	0	0	0	0	0	0	0	0	0	0	
1.32451e+06	0	0	297	0	0	0	0	0	0	0	0	0	0	0	0	0	
1.32527e+06	0	0	247	0	0	0	0	0	0	0	0	0	0	0	0	0	
1.32601e+06	0	0	253	0	0	0	0	0	0	0	0	0	0	0	0	0	
1.32676e+06	0	0	273	0	0	0	0	0	0	0	0	0	0	0	0	0	
1.32751e+06	0	0	269	0	0	0	0	0	0	0	0	0	0	0	0	0	
1.32827e+06	0	0	263	0	0	0	0	0	0	0	0	0	0	0	0	0	
1.32901e+06	0	0	279	0	0	0	0	0	0	0	0	0	0	0	0	0	
1.32977e+06	0	0	257	0	0	0	0	0	0	0	0	0	0	0	0	0	
1.33052e+06	0	0	221	0	0	0	0	0	0	0	0	0	0	0	0	0	
1.33127e+06	0	0	235	0	0	0	0	0	0	0	0	0	0	0	0	0	
1.33201e+06	0	0	263	0	0	0	0	0	0	0	0	0	0	0	0	0	
1.33276e+06	0	0	261	0	0	0	0	0	0	0	0	0	0	0	0	0	
1.33351e+06	0	0	257	0	0	0	0	0	0	0	0	0	0	0	0	0	
1.33426e+06	0	0	273	0	0	0	0	0	0	0	0	0	0	0	0	0	
1.33501e+06	0	0	283	0	0	0	0	0	0	0	0	0	0	0	0	0	
1.33575e+06	0	0	263	0	0	0	0	0	0	0	0	0	0	0	0	0	
1.3365e+06	0	0	271	0	0	0	0	0	0	0	0	0	0	0	0	0	
1.33726e+06	0	0	259	0	0	0	0	0	0	0	0	0	0	0	0	0	
1.33801e+06	0	0	229	0	0	0	0	0	0	0	0	0	0	0	0	0	
1.33876e+06	0	0	277	0	0	0	0	0	0	0	0	0	0	0	0	0	
1.33951e+06	0	0	265	0	0	0	0	0	0	0	0	0	0	0	0	0	
1.34026e+06	0	0	245	0	0	0	0	0	0	0	0	0	0	0	0	0	
1.34101e+06	0	0	257	0	0	0	0	0	0	0	0	0	0	0	0	0	
1.34176e+06	0	0	245	0	0	0	0	0	0	0	0	0	0	0	0	0	
1.34251e+06	0	0	287	0	0	0	0	0	0	0	0	0	0	0	0	0	
1.34326e+06	0	0	287	0	0	0	0	0	0	0	0	0	0	0	0	0	
1.34401e+06	0	0	275	0	0	0	0	0	0	0	0	0	0	0	0	0	
1.34476e+06	0	0	285	0	0	0	0	0	0	0	0	0	0	0	0	0	
1.34551e+06	0	0	251	0	0	0	0	0	0	0	0	0	0	0	0	0	
1.34626e+06	0	0	277	0	0	0	0	0	0	0	0	0	0	0	0	0	
1.34701e+06	0	0	257	0	0	0	0	0	0	0	0	0	0	0	0	0	
1.34775e+06	0	0	249	0	0	0	0	0	0	0	0	0	0	0	0	0	
1.3485e+06	0	0	273	0	0	0	0	0	0	0	0	0	0	0	0	0	
1.34925e+06	0	0	249	0	0	0	0	0	0	0	0	0	0	0	0	0	
1.35e+06	0	0	271	0	0	0	0	0	0	0	0	0	0	0	0	0	
1.35075e+06	0	2	283	0	0	0	0	0	0	0	0	0	0	0	0	0	
1.3515e+06	0	0	271	0	0	0	0	0	0	0	0	0	0	0	0	0	
1.35225e+06	0	0	279	0	0	0	0	0	0	0	0	0	0	0	0	0	
1.353e+06	0	0	253	0	0	0	0	0	0	0	0	0	0	0	0	0	
1.35375e+06	0	0	253	0	0	0	0	0	0	0	0	0	0	0	0	0	
1.35449e+06	0	0	253	0	0	0	0	0	0	0	0	0	0	0	0	0	
1.35525e+06	0	0	253	0	0	0	0	0	0	0	0	0	0	0	0	0	
1.35599e+06	0	0	259	0	0	0	0	0	0	0	0	0	0	0	0	0	
1.35674e+06	0	1	258	0	0	0	0	0	0	0	0	0	0	0	0	0	
1.3575e+06	0	15	270	0	0	0	0	0	0	0	0	0	0	0	0	0	
1.35825e+06	0	0	269	0	0	0	0	0	0	0	0	0	0	0	0	0	
1.359e+06	0	0	293	0	0	0	0	0	0	0	0	0	0	0	0	0	
1.35975e+06	0	0	239	0	0	0	0	0	0	0	0	0	0	0	0	0	
1.3605e+06	0	0	255	0	0	0	0	0	0	0	0	0	0	0	0	0	
1.36125e+06	0	59	224	0	0	0	0	0	0	0	0	0	0	0	0	0	
1.362e+06	0	0	231	0	0	0	0	0	0	0	0	0	0	0	0	0	
1.36275e+06	0	0	239	0	0	0	0	0	0	0	0	0	0	0	0	0	
1.36349e+06	0	0	259	0	0	0	0	0	0	0	0	0	0	0	0	0	
1.36424e+06	0	0	261	0	0	0	0	0	0	0	0	0	0	0	0	0	
1.36499e+06	0	0	235	0	0	0	0	0	0	0	0	0	0	0	0	0	
1.36574e+06	0	0	281	0	0	0	0	0	0	0	0	0	0	0	0	0	
1.36649e+06	0	0	265	0	0	0	0	0	0	0	0	0	0	0	0	0	
1.36724e+06	0	0	281	0	0	0	0	0	0	0	0	0	0	0	0	0	
1.36799e+06	0	0	255	0	0	0	0	0	0	0	0	0	0	0	0	0	
1.36874e+06	0	0	255	0	0	0	0	0	0	0	0	0	0	0	0	0	
1.36949e+06	0	0	275	0	0	0	0	0	0	0	0	0	0	0	0	0	
1.37024e+06	0	0	283	0	0	0	0	0	0	0	0	0	0	0	0	0	
1.37099e+06	0	0	279	0	0	0	0	0	0	0	0	0	0	0	0	0	
1.37174e+06	0	0	249	8	0	0	0	0	0	0	0	0	0	0	0	0	
1.37249e+06	0	0	253	0	0	0	0	0	0	0	0	0	0	0	0	0	
1.37324e+06	0	0	277	0	0	0	0	0	0	0	0	0	0	0	0	0	
1.37399e+06	0	0	265	0	0	0	0	0	0	0	0	0	0	0	0	0	
1.37475e+06	0	0	269	0	0	0	0	0	0	0	0	0	0	0	0	0	
1.3755e+06	0	0	259	0	0	0	0	0	0	0	0	0	0	0	0	0	
1.37624e+06	0	0	259	0	0	0	0	0	0	0	0	0	0	0	0	0	
1.377e+06	0	0	283	0	0	0	0	0	0	0	0	0	0	0	0	0	
1.37775e+06	0	0	271	0	0	0	0	0	0	0	0	0	0	0	0	0	
1.3785e+06	0	0	271	0	0	0	0	0	0	0	0	0	0	0	0	0	
1.37925e+06	0	0	233	0	0	0	0	0	0	0	0	0	0	0	0	0	
1.37999e+06	0	0	251	0	0	0	0	0	0	0	0	0	0	0	0	0	
1.38075e+06	0	0	176	97	0	0	0	0	0	0	0	0	0	0	0	0	
1.38149e+06	0	0	0	193	0	0	0	0	0	0	0	0	0	0	0	0	
1.38224e+06	0	0	0	207	0	0	0	0	0	0	0	0	0	0	0	0	
1.38299e+06	0	0	0	209	0	0	0	0	0	0	0	0	0	0	0	0	
1.38374e+06	0	0	0	201	0	0	0	0	0	0	0	0	0	0	0	0	
1.3845e+06	0	0	0	201	0	0	0	0	0	0	0	0	0	0	0	0	
1.38525e+06	0	0	0	209	0	0	0	0	0	0	0	0	0	0	0	0	
1.386e+06	0	0	0	201	0	0	0	0	0	0	0	0	0	0	0	0	
1.38675e+06	0	0	0	207	0	0	0	0	0	0	0	0	0	0	0	0	
1.3875e+06	0	0	0	203	0	0	0	0	0	0	0	0	0	0	0	0	
1.38825e+06	0	0	0	209	0	0	0	0	0	0	0	0	0	0	0	0	
1.389e+06	0	0	0	203	0	0	0	0	0	0	0	0	0	0	0	0	
1.38975e+06	0	0	0	205	0	0	0	0	0	0	0	0	0	0	0	0	
1.3905e+06	0	0	0	225	0	0	0	0	0	0	0	0	0	0	0	0	
1.39124e+06	0	0	0	229	0	0	0	0	0	0	0	0	0	0	0	0	
1.39199e+06	0	0	0	201	0	0	0	0	0	0	0	0	0	0	0	0	
1.39274e+06	0	0	0	199	0	0	0	0	0	0	0	0	0	0	0	0	
1.39349e+06	0	0	0	173	0	0	0	0	0	0	0	0	0	0	0	0	
1.39424e+06	0	0	0	199	0	0	0	0	0	0	0	0	0	0	0	0	
1.39499e+06	0	0	0	191	0	0	0	0	0	0	0	0	0	0	0	0	
1.39574e+06	0	0	0	213	0	0	0	0	0	0	0	0	0	0	0	0	
1.39649e+06	0	0	0	181	0	0	0	0	0	0	0	0	0	0	0	0	
1.39724e+06	0	0	0	209	0	0	0	0	0	0	0	0	0	0	0	0	
1.398e+06	0	0	0	189	0	0	0	0	0	0	0	0	0	0	0	0	
1.39874e+06	0	0	0	199	0	0	0	0	0	0	0	0	0	0	0	0	
1.39949e+06	0	0	0	179	0	0	0	0	0	0	0	0	0	0	0	0	
1.40024e+06	0	0	0	195	0	0	0	0	0	0	0	0	0	0	0	0	
1.40099e+06	0	0	0	203	0	0	0	0	0	0	0	0	0	0	0	0	
1.40174e+06	0	0	0	189	0	0	0	0	0	0	0	0	0	0	0	0	
1.40249e+06	0	0	0	173	0	0	0	0	0	0	0	0	0	0	0	0	
1.40324e+06	0	0	0	183	0	0	0	0	0	0	0	0	0	0	0	0	
1.40399e+06	0	0	0	207	0	0	0	0	0	0	0	0	0	0	0	0	
1.40474e+06	0	0	0	183	0	0	0	0	0	0	0	0	0	0	0	0	
1.40549e+06	0	0	0	215	0	0	0	0	0	0	0	0	0	0	0	0	
1.40625e+06	0	0	0	195	0	0	0	0	0	0	0	0	0	0	0	0	
1.407e+06	0	0	0	203	0	0	0	0	0	0	0	0	0	0	0	0	
1.40775e+06	0	0	0	173	0	0	0	0	0	0	0	0	0	0	0	0	
1.4085e+06	0	0	0	189	0	0	0	0	0	0	0	0	0	0	0	0	
1.40925e+06	0	0	0	179	0	0	0	0	0	0	0	0	0	0	0	0	
1.41e+06	0	0	0	211	0	0	0	0	0	0	0	0	0	0	0	0	
1.41075e+06	0	0	0	185	0	0	0	0	0	0	0	0	0	0	0	0	
1.4115e+06	0	0	0	203	0	0	0	0	0	0	0	0	0	0	0	0	
1.41225e+06	0	0	0	199	0	0	0	0	0	0	0	0	0	0	0	0	
1.413e+06	0	0	0	189	0	0	0	0	0	0	0	0	0	0	0	0	
1.41375e+06	0	0	0	225	0	0	0	0	0	0	0	0	0	0	0	0	
1.4145e+06	0	0	0	195	0	0	0	0	0	0	0	0	0	0	0	0	
1.41526e+06	0	0	0	209	0	0	0	0	0	0	0	0	0	0	0	0	
1.41601e+06	0	0	0	183	0	0	0	0	0	0	0	0	0	0	0	0	
1.41676e+06	0	0	0	183	0	0	0	0	0	0	0	0	0	0	0	0	
1.41751e+06	0	0	0	185	0	0	0	0	0	0	0	0	0	0	0	0	
1.41826e+06	0	0	0	197	0	0	0	0	0	0	0	0	0	0	0	0	
1.41901e+06	0	0	0	201	0	0	0	0	0	0	0	0	0	0	0	0	
1.41976e+06	0	0	0	181	0	0	0	0	0	0	0	0	0	0	0	0	
1.42051e+06	0	0	0	0	155	0	0	0	0	0	0	0	0	0	0	0	
1.42126e+06	0	0	0	0	111	50	0	0	0	0	0	0	0	0	0	0	
1.42201e+06	0	0	0	0	145	0	0	0	0	0	0	0	0	0	0	0	
1.42277e+06	0	0	0	0	143	0	0	0	0	0	0	0	0	0	0	0	
1.42352e+06	0	0	0	0	123	0	0	0	0	0	0	0	0	0	0	0	
1.42427e+06	0	0	0	0	171	0	0	0	0	0	0	0	0	0	0	0	
1.42502e+06	0	0	0	0	147	0	0	0	0	0	0	0	0	0	0	0	
1.42577e+06	0	0	0	0	147	0	0	0	0	0	0	0	0	0	0	0	
1.42651e+06	0	0	0	0	145	0	0	0	0	0	0	0	0	0	0	0	
1.42727e+06	0	0	0	0	179	0	0	0	0	0	0	0	0	0	0	0	
1.42802e+06	0	0	0	0	169	0	0	0	0	0	0	0	0	0	0	0	
1.42877e+06	0	0	0	0	141	0	0	0	0	0	0	0	0	0	0	0	
1.42952e+06	0	0	0	0	163	0	0	0	0	0	0	0	0	0	0	0	
1.43027e+06	0	0	0	0	167	0	0	0	0	0	0	0	0	0	0	0	
1.43102e+06	0	0	0	0	163	0	0	0	0	0	0	0	0	0	0	0	
1.43177e+06	0	0	0	0	171	0	0	0	0	0	0	0	0	0	0	0	
1.43252e+06	0	0	0	0	173	0	0	0	0	0	0	0	0	0	0	0	
1.43327e+06	0	0	0	0	155	0	0	0	0	0	0	0	0	0	0	0	
1.43402e+06	0	0	0	0	179	0	0	0	0	0	0	0	0	0	0	0	
1.43477e+06	0	0	0	0	153	0	0	0	0	0	0	0	0	0	0	0	
1.43552e+06	0	0	0	0	143	0	0	0	0	0	0	0	0	0	0	0	
1.43627e+06	0	0	0	0	151	0	0	0	0	0	0	0	0	0	0	0	
1.43702e+06	0	0	0	0	0	0	99	0	0	0	0	0	0	0	0	0	
1.43777e+06	0	0	0	0	0	0	121	0	0	0	0	0	0	0	0	0	
1.43852e+06	0	0	0	0	0	0	109	0	0	0	0	0	0	0	0	0	
1.43927e+06	0	0	0	0	0	0	107	0	0	0	0	0	0	0	0	0	
1.44002e+06	0	0	0	0	0	0	119	0	0	0	0	0	0	0	0	0	
1.44077e+06	0	0	0	0	0	0	111	0	0	0	0	0	0	0	0	0	
1.44152e+06	0	0	0	0	0	0	111	0	0	0	0	0	0	0	0	0	
1.44227e+06	0	0	0	0	0	0	131	0	0	0	0	0	0	0	0	0	
1.44302e+06	0	0	0	0	0	0	113	0	0	0	0	0	0	0	0	0	
1.44377e+06	0	0	0	0	0	0	129	0	0	0	0	0	0	0	0	0	
1.44452e+06	0	0	0	0	0	0	135	0	0	0	0	0	0	0	0	0	
1.44527e+06	0	0	0	0	0	0	109	0	0	0	0	0	0	0	0	0	
1.44602e+06	0	0	0	0	0	0	101	0	0	0	0	0	0	0	0	0	
1.44677e+06	0	0	0	0	0	0	129	0	0	0	0	0	0	0	0	0	
1.44752e+06	0	0	0	0	0	0	97	0	0	0	0	0	0	0	0	0	
1.44827e+06	0	0	0	0	0	139	0	0	0	0	0	0	0	0	0	0	
1.44902e+06	0	0	0	0	0	0	99	0	0	0	0	0	0	0	0	0	
1.44977e+06	0	0	0	0	0	0	113	0	0	0	0	0	0	0	0	0	
1.45052e+06	0	0	0	0	0	0	125	0	0	0	0	0	0	0	0	0	
1.45127e+06	0	0	0	0	0	0	111	0	0	0	0	0	0	0	0	0	
1.45202e+06	0	0	0	0	0	0	121	0	0	0	0	0	0	0	0	0	
1.45277e+06	0	0	0	0	0	0	123	0	0	0	0	0	0	0	0	0	
1.45352e+06	0	0	0	0	0	0	131	0	0	0	0	0	0	0	0	0	
1.45427e+06	0	0	0	0	0	0	0	103	0	0	0	0	0	0	0	0	
1.45502e+06	0	0	0	0	0	0	0	79	0	0	0	0	0	0	0	0	
1.45577e+06	0	0	0	0	0	0	0	99	0	0	0	0	0	0	0	0	
1.45652e+06	0	0	0	0	0	0	0	91	0	0	0	0	0	0	0	0	
1.45727e+06	0	0	0	0	0	0	0	113	0	0	0	0	0	0	0	0	
1.45802e+06	0	0	0	0	0	0	0	85	0	0	0	0	0	0	0	0	
1.45877e+06	0	0	0	0	0	0	0	91	0	0	0	0	0	0	0	0	
1.45952e+06	0	0	0	0	0	0	0	93	2	0	0	0	0	0	0	0	
1.46026e+06	0	0	0	0	0	0	0	95	0	0	0	0	0	0	0	0	
1.46101e+06	0	0	0	0	0	0	0	103	0	0	0	0	0	0	0	0	
1.46176e+06	0	0	0	0	0	0	0	119	0	0	0	0	0	0	0	0	
1.46251e+06	0	0	0	0	0	0	123	0	0	0	0	0	0	0	0	0	
1.46326e+06	0	0	0	0	0	0	107	0	0	0	0	0	0	0	0	0	
1.46402e+06	0	0	0	0	0	0	131	0	0	0	0	0	0	0	0	0	
1.46477e+06	0	0	0	0	0	0	109	0	0	0	0	0	0	0	0	0	
1.46552e+06	0	0	0	0	0	0	107	0	0	0	0	0	0	0	0	0	
1.46627e+06	0	0	0	0	0	0	123	0	0	0	0	0	0	0	0	0	
1.46702e+06	0	0	0	0	0	0	103	0	0	0	0	0	0	0	0	0	
1.46777e+06	0	0	0	0	0	0	125	0	0	0	0	0	0	0	0	0	
1.46852e+06	0	0	0	0	0	0	133	0	0	0	0	0	0	0	0	0	
1.46927e+06	0	0	0	0	0	0	127	0	0	0	0	0	0	0	0	0	
1.47002e+06	0	0	0	0	0	0	101	0	0	0	0	0	0	0	0	0	
1.47077e+06	0	0	0	0	0	0	113	0	0	0	0	0	0	0	0	0	
1.47152e+06	0	0	0	0	0	0	119	0	0	0	0	0	0	0	0	0	
1.47227e+06	0	0	0	0	0	0	119	0	0	0	0	0	0	0	0	0	
1.47302e+06	0	0	0	0	0	0	109	0	0	0	0	0	0	0	0	0	
1.47377e+06	0	0	0	0	0	0	135	0	0	0	0	0	0	0	0	0	
1.47452e+06	0	0	0	0	0	0	129	0	0	0	0	0	0	0	0	0	
1.47527e+06	0	0	0	0	0	0	135	0	0	0	0	0	0	0	0	0	
1.47602e+06	0	0	0	0	0	0	107	0	0	0	0	0	0	0	0	0	
1.47677e+06	0	0	0	0	0	0	117	0	0	0	0	0	0	0	0	0	
1.47752e+06	0	0	0	0	0	0	109	0	0	0	0	0	0	0	0	0	
1.47827e+06	0	0	0	0	0	0	103	0	0	0	0	0	0	0	0	0	
1.47902e+06	0	0	0	0	0	0	101	0	0	0	0	0	0	0	0	0	
1.47977e+06	0	0	0	0	0	0	107	0	0	0	0	0	0	0	0	0	
1.48052e+06	0	0	0	0	0	0	117	0	0	0	0	0	0	0	0	0	
1.48127e+06	0	0	0	0	0	0	115	0	0	0	0	0	0	0	0	0	
1.48202e+06	0	0	0	0	0	0	115	0	0	0	0	0	0	0	0	0	
1.48277e+06	0	0	0	0	0	0	111	0	0	0	0	0	0	0	0	0	
1.48352e+06	0	0	0	0	0	0	141	0	0	0	0	0	0	0	0	0	
1.48427e+06	0	0	0	0	0	0	137	0	0	0	0	0	0	0	0	0	
1.48502e+06	0	0	0	0	0	0	123	0	0	0	0	0	0	0	0	0	
1.48577e+06	0	0	0	0	0	0	115	0	0	0	0	0	0	0	0	0	
1.48652e+06	0	0	0	0	0	0	103	0	0	0	0	0	0	0	0	0	
1.48727e+06	0	0	0	0	0	0	127	0	0	0	0	0	0	0	0	0	
1.48802e+06	0	0	0	0	0	0	113	0	0	0	0	0	0	0	0	0	
1.48877e+06	0	0	0	0	0	0	123	0	0	0	0	0	0	0	0	0	
1.48951e+06	0	0	0	0	0	0	111	0	0	0	0	0	0	0	0	0	
1.49026e+06	0	0	0	0	0	0	101	0	0	0	0	0	0	0	0	0	
1.49101e+06	0	0	0	0	0	0	99	0	0	0	0	0	0	0	0	0	
1.49177e+06	0	0	0	0	0	0	113	0	0	0	0	0	0	0	0	0	
1.49252e+06	0	0	0	0	0	0	99	0	0	0	0	0	0	0	0	0	
1.49327e+06	0	0	0	0	0	0	111	0	0	0	0	0	0	0	0	0	
1.49402e+06	0	0	0	0	0	0	143	0	0	0	0	0	0	0	0	0	
1.49476e+06	0	0	0	0	0	0	107	0	0	0	0	0	0	0	0	0	
1.49551e+06	0	0	0	0	0	0	129	0	0	0	0	0	0	0	0	0	
1.49626e+06	0	0	0	0	0	0	109	0	0	0	0	0	0	0	0	0	
1.49701e+06	0	0	0	0	0	0	111	0	0	0	0	0	0	0	0	0	
1.49776e+06	0	0	0	0	0	0	127	0	0	0	0	0	0	0	0	0	
1.49851e+06	0	0	0	0	0	0	105	0	0	0	0	0	0	0	0	0	
1.49926e+06	0	0	0	0	0	0	117	0	0	0	0	0	0	0	0	0	
1.50001e+06	0	0	0	0	0	0	117	0	0	0	0	0	0	0	0	0	
1.50001e+06	0	0	0	0	0	0	117	0	0	0	0	0	0	0	0	0	
