Time	s0	s1	s2	s3	s4	s5	s6	s7	s8	s9	s10	s11	s12	s13	s14	s15	
0	0	0	0	0	0	0	0	0	0	0	0	0	0	0	0	200	
0.000986359	0	0	0	0	0	0	0	0	0	0	0	0	0	0	0	199	
749.659	0	0	0	0	0	0	0	0	0	0	0	0	0	0	0	57	
1500.08	0	0	0	0	0	0	0	0	0	0	0	0	0	0	0	49	
2249.24	0	0	0	0	0	0	0	0	0	0	0	0	0	0	0	51	
2999.16	0	0	0	0	0	0	0	0	0	0	0	0	0	0	0	59	
3748.74	0	0	0	0	0	0	0	0	0	0	0	0	0	0	0	53	
4499.11	0	0	0	0	0	0	0	0	0	0	0	0	0	0	0	43	
5251.07	0	0	0	0	0	0	0	0	0	0	0	0	0	0	0	47	
6002.76	0	0	0	0	0	0	0	0	0	0	0	0	0	0	0	51	
6757.21	0	0	0	0	0	0	0	0	0	0	0	0	0	0	0	41	
7506.86	0	0	0	0	0	0	0	0	0	0	0	0	0	0	0	45	
8256.87	0	0	0	0	0	0	0	0	0	0	0	0	0	0	0	47	
9005.57	0	0	0	0	0	0	0	0	0	0	0	0	0	0	0	43	
9753.21	0	0	0	0	0	0	0	0	0	0	0	0	0	0	0	47	
10503.5	0	0	0	0	0	0	0	0	0	0	0	0	0	0	0	53	
11258.3	0	0	0	0	0	0	0	0	0	0	0	0	0	0	0	61	
12008.5	0	0	0	0	0	0	0	0	0	0	0	0	0	0	0	49	
12760.7	0	0	0	0	0	0	0	0	0	0	0	0	0	0	0	55	
13509	0	0	0	0	0	0	0	0	0	0	0	0	0	0	0	43	
14259.8	0	0	0	0	0	0	0	0	0	0	0	0	0	0	0	57	
15012.4	0	0	0	0	0	0	0	0	0	0	0	0	0	0	0	47	
15761	0	0	0	0	0	0	0	0	0	0	0	0	0	0	0	41	
16508.7	0	0	0	0	0	0	0	0	0	0	0	0	0	0	0	61	
17259.7	0	0	0	0	0	0	0	0	0	0	0	0	0	0	0	59	
18010.1	0	0	0	0	0	0	0	0	0	0	0	0	0	0	0	53	
18753.9	0	0	0	0	0	0	0	0	0	0	0	0	0	0	0	45	
19507.1	0	0	0	0	0	0	0	0	0	0	0	0	0	0	0	41	
20258.4	0	0	0	0	0	0	0	0	0	0	0	0	0	0	55	0	
21008.9	0	0	0	0	0	0	0	0	0	0	0	0	0	0	55	0	
21759.6	0	0	0	0	0	0	0	0	0	0	0	0	0	0	55	0	
22508.4	0	0	0	0	0	0	0	0	0	0	0	0	0	0	55	0	
23259.5	0	0	0	0	0	0	0	0	0	0	0	0	0	63	0	0	
24009.7	0	0	0	0	0	0	0	0	0	0	0	0	0	65	0	0	
24761.5	0	0	0	0	0	0	0	0	0	0	0	0	0	0	51	0	
25511.7	0	0	0	0	0	0	0	0	0	0	0	0	0	0	73	0	
26262.5	0	0	0	0	0	0	0	0	0	0	0	0	0	0	57	0	
27012.9	0	0	0	0	0	0	0	0	0	0	0	0	0	0	61	0	
27763.8	0	0	0	0	0	0	0	0	0	0	0	0	0	0	57	0	
28514.9	0	0	0	0	0	0	0	0	0	0	0	0	0	0	51	0	
29262.3	0	0	0	0	0	0	0	0	0	0	0	0	0	0	53	0	
30013.1	0	0	0	0	0	0	0	0	0	0	0	0	0	0	59	0	
30758.9	0	0	0	0	0	0	0	0	0	0	0	0	0	0	49	0	
31508	0	0	0	0	0	0	0	0	0	0	0	0	0	0	49	0	
32256.5	0	0	0	0	0	0	0	0	0	0	0	0	0	0	47	0	
33006.8	0	0	0	0	0	0	0	0	0	0	0	0	0	0	47	0	
33758	0	0	0	0	0	0	0	0	0	0	0	0	0	0	65	0	
34506.6	0	0	0	0	0	0	0	0	0	0	0	0	0	0	53	0	
35255.3	0	0	0	0	0	0	0	0	0	0	0	0	0	0	49	0	
36005.1	0	0	0	0	0	0	0	0	0	0	0	0	0	53	0	0	
36750.8	0	0	0	0	0	0	0	0	0	0	0	0	0	59	0	0	
37498.3	0	0	0	0	0	0	0	0	0	0	0	0	59	0	0	0	
38248.8	0	0	0	0	0	0	0	0	0	0	0	0	47	0	0	0	
38999.2	0	0	0	0	0	0	0	0	0	0	0	0	63	0	0	0	
39749.2	0	0	0	0	0	0	0	0	0	0	0	0	67	0	0	0	
40501.2	0	0	0	0	0	0	0	0	0	0	0	0	73	0	0	0	
41253.6	0	0	0	0	0	0	0	0	0	0	0	67	0	0	0	0	
42003.1	0	0	0	0	0	0	0	0	0	0	0	51	0	0	0	0	
42754.5	0	0	0	0	0	0	0	0	0	0	0	75	0	0	0	0	
43501.1	0	0	0	0	0	0	0	0	0	0	0	69	0	0	0	0	
44253.6	0	0	0	0	0	0	0	0	0	0	0	67	0	0	0	0	
45007.8	0	0	0	0	0	0	0	0	0	0	0	67	0	0	0	0	
45754.2	0	0	0	0	0	0	0	0	0	0	0	59	0	0	0	0	
46500.6	0	0	0	0	0	0	0	0	0	0	0	75	0	0	0	0	
47250.4	0	0	0	0	0	0	0	0	0	0	0	69	0	0	0	0	
47999.4	0	0	0	0	0	0	0	0	0	0	0	69	0	0	0	0	
48748.2	0	0	0	0	0	0	0	0	0	0	0	0	51	0	0	0	
49499.1	0	0	0	0	0	0	0	0	0	0	0	0	65	0	0	0	
50253.6	0	0	0	0	0	0	0	0	0	0	0	0	63	0	0	0	
51004.5	0	0	0	0	0	0	0	0	0	0	0	0	57	0	0	0	
51754.5	0	0	0	0	0	0	0	0	0	0	0	0	61	0	0	0	
52503.9	0	0	0	0	0	0	0	0	0	0	0	0	59	0	0	0	
53253.1	0	0	0	0	0	0	0	0	0	0	0	0	71	0	0	0	
54003	0	0	0	0	0	0	0	0	0	0	0	0	57	0	0	0	
54750.8	0	0	0	0	0	0	0	0	0	0	0	0	51	0	0	0	
55499.8	0	0	0	0	0	0	0	0	0	0	0	0	67	0	0	0	
56248.4	0	0	0	0	0	0	0	0	0	0	0	0	71	0	0	0	
56996.4	0	0	0	0	0	0	0	0	0	0	0	0	71	0	0	0	
57746	0	0	0	0	0	0	0	0	0	0	0	0	77	0	0	0	
58495	0	0	0	0	0	0	0	0	0	0	0	0	63	0	0	0	
59247.6	0	0	0	0	0	0	0	0	0	0	0	0	67	0	0	0	
59996.4	0	0	0	0	0	0	0	0	0	0	0	0	61	0	0	0	
60748.3	0	0	0	0	0	0	0	0	0	0	0	0	55	0	0	0	
61499.3	0	0	0	0	0	0	0	0	0	0	0	0	59	0	0	0	
62251	0	0	0	0	0	0	0	0	0	0	0	0	61	0	0	0	
63004.1	0	0	0	0	0	0	0	0	0	0	0	0	71	0	0	0	
63756.8	0	0	0	0	0	0	0	0	0	0	0	63	0	0	0	0	
64505	0	0	0	0	0	0	0	0	0	0	73	0	0	0	0	0	
65256.7	0	0	0	0	0	0	0	0	0	0	69	0	0	0	0	0	
66007.4	0	0	0	0	0	0	0	0	0	0	75	0	0	0	0	0	
66756.3	0	0	0	0	0	0	0	0	0	0	0	61	0	0	0	0	
67506.2	0	0	0	0	0	0	0	0	0	0	0	69	0	0	0	0	
68257.6	0	0	0	0	0	0	0	0	0	0	0	63	0	0	0	0	
69005.1	0	0	0	0	0	0	0	0	0	0	0	73	0	0	0	0	
69757.1	0	0	0	0	0	0	0	0	0	0	0	63	0	0	0	0	
70507.8	0	0	0	0	0	0	0	0	0	0	0	73	0	0	0	0	
71255.5	0	0	0	0	0	0	0	0	0	0	0	69	0	0	0	0	
72003.9	0	0	0	0	0	0	0	0	0	0	0	63	0	0	0	0	
72754.3	0	0	0	0	0	0	0	0	0	0	0	69	0	0	0	0	
73502.7	0	0	0	0	0	0	0	0	0	0	0	91	0	0	0	0	
74252.2	0	0	0	0	0	0	0	0	0	0	0	63	0	0	0	0	
75000.8	0	0	0	0	0	0	0	0	0	0	0	59	0	0	0	0	
75749	0	0	0	0	0	0	0	0	0	0	0	65	0	0	0	0	
76498.5	0	0	0	0	0	0	0	0	0	0	0	65	0	0	0	0	
77248.1	0	0	0	0	0	0	0	0	0	0	0	0	55	0	0	0	
77999.3	0	0	0	0	0	0	0	0	0	0	0	0	55	0	0	0	
78748.6	0	0	0	0	0	0	0	0	0	0	0	0	79	0	0	0	
79493.5	0	0	0	0	0	0	0	0	0	0	0	0	45	0	0	0	
80244.2	0	0	0	0	0	0	0	0	0	0	0	0	65	0	0	0	
80994.7	0	0	0	0	0	0	0	0	0	0	69	0	0	0	0	0	
81745	0	0	0	0	0	0	0	0	0	0	53	0	0	0	0	0	
82493.9	0	0	0	0	0	0	0	0	0	75	0	0	0	0	0	0	
83242.1	0	0	0	0	0	0	0	0	87	0	0	0	0	0	0	0	
83994.1	0	0	0	0	0	0	0	0	89	0	0	0	0	0	0	0	
84744.9	0	0	0	0	0	0	0	0	81	0	0	0	0	0	0	0	
85492.9	0	0	0	0	0	0	0	0	85	0	0	0	0	0	0	0	
86240.7	0	0	0	0	0	0	0	0	101	0	0	0	0	0	0	0	
86987.3	0	0	0	0	0	0	0	93	0	0	0	0	0	0	0	0	
87735.5	0	0	0	0	0	0	0	103	0	0	0	0	0	0	0	0	
88484	0	0	0	0	0	0	0	93	0	0	0	0	0	0	0	0	
89233.8	0	0	0	0	0	0	0	121	0	0	0	0	0	0	0	0	
89982.4	0	0	0	0	0	0	0	123	0	0	0	0	0	0	0	0	
90732.4	0	0	0	0	0	0	0	93	0	0	0	0	0	0	0	0	
91483.8	0	0	0	0	0	0	0	95	0	0	0	0	0	0	0	0	
92234.5	0	0	0	0	0	0	0	97	0	0	0	0	0	0	0	0	
92984.8	0	0	0	0	0	0	0	91	0	0	0	0	0	0	0	0	
93736	0	0	0	0	0	0	0	101	0	0	0	0	0	0	0	0	
94485.2	0	0	0	0	0	0	0	97	0	0	0	0	0	0	0	0	
95233.9	0	0	0	0	0	0	95	0	0	0	0	0	0	0	0	0	
95981.1	0	0	0	0	0	0	131	0	0	0	0	0	0	0	0	0	
96731.3	0	0	0	0	0	0	125	0	0	0	0	0	0	0	0	0	
97483	0	0	0	0	0	0	123	0	0	0	0	0	0	0	0	0	
98232.8	0	0	0	0	0	0	117	0	0	0	0	0	0	0	0	0	
98983.3	0	0	0	0	0	0	117	0	0	0	0	0	0	0	0	0	
99731.7	0	0	0	0	0	0	127	0	0	0	0	0	0	0	0	0	
100478	0	0	0	0	0	0	103	0	0	0	0	0	0	0	0	0	
101228	0	0	0	0	0	0	103	0	0	0	0	0	0	0	0	0	
101977	0	0	0	0	0	0	115	0	0	0	0	0	0	0	0	0	
102726	0	0	0	0	0	0	111	0	0	0	0	0	0	0	0	0	
103475	0	0	0	0	0	0	115	0	0	0	0	0	0	0	0	0	
104224	0	0	0	0	0	0	115	0	0	0	0	0	0	0	0	0	
104973	0	0	0	0	0	0	113	0	0	0	0	0	0	0	0	0	
105724	0	0	0	0	0	0	105	0	0	0	0	0	0	0	0	0	
106474	0	0	0	0	0	0	141	0	0	0	0	0	0	0	0	0	
107223	0	0	0	0	0	117	0	0	0	0	0	0	0	0	0	0	
107972	0	0	0	0	0	139	0	0	0	0	0	0	0	0	0	0	
108721	0	0	0	0	0	135	0	0	0	0	0	0	0	0	0	0	
109472	0	0	0	0	0	143	0	0	0	0	0	0	0	0	0	0	
110220	0	0	0	0	0	149	0	0	0	0	0	0	0	0	0	0	
110970	0	0	0	0	0	129	0	0	0	0	0	0	0	0	0	0	
111716	0	0	0	0	0	131	0	0	0	0	0	0	0	0	0	0	
112464	0	0	0	0	0	129	0	0	0	0	0	0	0	0	0	0	
113212	0	0	0	0	0	125	0	0	0	0	0	0	0	0	0	0	
113960	0	0	0	0	0	141	0	0	0	0	0	0	0	0	0	0	
114715	0	0	0	0	0	129	0	0	0	0	0	0	0	0	0	0	
115464	0	0	0	0	0	133	0	0	0	0	0	0	0	0	0	0	
116214	0	0	0	0	0	131	0	0	0	0	0	0	0	0	0	0	
116963	0	0	0	0	0	139	0	0	0	0	0	0	0	0	0	0	
117711	0	0	0	0	0	145	0	0	0	0	0	0	0	0	0	0	
118464	0	0	0	0	0	133	0	0	0	0	0	0	0	0	0	0	
119213	0	0	0	0	0	121	0	0	0	0	0	0	0	0	0	0	
119964	0	0	0	0	0	119	0	0	0	0	0	0	0	0	0	0	
120711	0	0	0	0	0	127	0	0	0	0	0	0	0	0	0	0	
121462	0	0	0	0	0	121	0	0	0	0	0	0	0	0	0	0	
122209	0	0	0	0	0	139	0	0	0	0	0	0	0	0	0	0	
122967	0	0	0	0	0	125	0	0	0	0	0	0	0	0	0	0	
123715	0	0	0	0	0	133	0	0	0	0	0	0	0	0	0	0	
124463	0	0	0	0	0	117	0	0	0	0	0	0	0	0	0	0	
125210	0	0	0	0	0	125	0	0	0	0	0	0	0	0	0	0	
125958	0	0	0	0	0	119	0	0	0	0	0	0	0	0	0	0	
126708	0	0	0	0	0	137	0	0	0	0	0	0	0	0	0	0	
127460	0	0	0	0	0	131	0	0	0	0	0	0	0	0	0	0	
128212	0	0	0	0	0	115	0	0	0	0	0	0	0	0	0	0	
128963	0	0	0	0	0	157	0	0	0	0	0	0	0	0	0	0	
129715	0	0	0	0	0	135	0	0	0	0	0	0	0	0	0	0	
130469	0	0	0	0	0	135	0	0	0	0	0	0	0	0	0	0	
131218	0	0	0	0	0	139	0	0	0	0	0	0	0	0	0	0	
131967	0	0	0	0	0	147	0	0	0	0	0	0	0	0	0	0	
132717	0	0	0	0	0	121	0	0	0	0	0	0	0	0	0	0	
133468	0	0	0	0	0	131	0	0	0	0	0	0	0	0	0	0	
134216	0	0	0	0	0	123	0	0	0	0	0	0	0	0	0	0	
134966	0	0	0	0	0	129	0	0	0	0	0	0	0	0	0	0	
135716	0	0	0	0	0	115	0	0	0	0	0	0	0	0	0	0	
136464	0	0	0	0	0	139	0	0	0	0	0	0	0	0	0	0	
137214	0	0	0	0	0	115	0	0	0	0	0	0	0	0	0	0	
137961	0	0	0	0	0	119	0	0	0	0	0	0	0	0	0	0	
138708	0	0	0	0	0	129	0	0	0	0	0	0	0	0	0	0	
139458	0	0	0	0	0	125	0	0	0	0	0	0	0	0	0	0	
140210	0	0	0	0	0	131	0	0	0	0	0	0	0	0	0	0	
140962	0	0	0	0	0	113	0	0	0	0	0	0	0	0	0	0	
141716	0	0	0	0	0	149	0	0	0	0	0	0	0	0	0	0	
142469	0	0	0	0	0	135	0	0	0	0	0	0	0	0	0	0	
143221	0	0	0	0	0	127	0	0	0	0	0	0	0	0	0	0	
143970	0	0	0	0	0	169	0	0	0	0	0	0	0	0	0	0	
144719	0	0	0	0	0	139	0	0	0	0	0	0	0	0	0	0	
145470	0	0	0	0	0	145	0	0	0	0	0	0	0	0	0	0	
146221	0	0	0	0	49	106	0	0	0	0	0	0	0	0	0	0	
146971	0	0	0	0	0	135	0	0	0	0	0	0	0	0	0	0	
147722	0	0	0	0	0	139	0	0	0	0	0	0	0	0	0	0	
148471	0	0	0	0	0	145	0	0	0	0	0	0	0	0	0	0	
149220	0	0	0	0	0	129	0	0	0	0	0	0	0	0	0	0	
149970	0	0	0	0	0	123	0	0	0	0	0	0	0	0	0	0	
150720	0	0	0	0	0	137	0	0	0	0	0	0	0	0	0	0	
151470	0	0	0	0	0	155	0	0	0	0	0	0	0	0	0	0	
152219	0	0	0	0	0	125	0	0	0	0	0	0	0	0	0	0	
152973	0	0	0	0	0	139	0	0	0	0	0	0	0	0	0	0	
153724	0	0	0	0	0	141	0	0	0	0	0	0	0	0	0	0	
154475	0	0	0	0	0	129	0	0	0	0	0	0	0	0	0	0	
155224	0	0	0	0	0	137	0	0	0	0	0	0	0	0	0	0	
155971	0	0	0	0	0	125	0	0	0	0	0	0	0	0	0	0	
156720	0	0	0	0	0	117	0	0	0	0	0	0	0	0	0	0	
157469	0	0	0	0	0	121	0	0	0	0	0	0	0	0	0	0	
158217	0	0	0	0	0	135	0	0	0	0	0	0	0	0	0	0	
158963	0	0	0	0	5	130	0	0	0	0	0	0	0	0	0	0	
159714	0	0	0	0	0	151	0	0	0	0	0	0	0	0	0	0	
160467	0	0	0	0	0	147	0	0	0	0	0	0	0	0	0	0	
161217	0	0	0	0	0	125	0	0	0	0	0	0	0	0	0	0	
161968	0	0	0	0	0	151	0	0	0	0	0	0	0	0	0	0	
162721	0	0	0	0	0	137	0	0	0	0	0	0	0	0	0	0	
163469	0	0	0	0	0	141	0	0	0	0	0	0	0	0	0	0	
164222	0	0	0	0	0	123	0	0	0	0	0	0	0	0	0	0	
164971	0	0	0	0	0	135	0	0	0	0	0	0	0	0	0	0	
165724	0	0	0	0	0	165	0	0	0	0	0	0	0	0	0	0	
166474	0	0	0	0	0	157	0	0	0	0	0	0	0	0	0	0	
167220	0	0	0	0	163	0	0	0	0	0	0	0	0	0	0	0	
167969	0	0	0	0	179	0	0	0	0	0	0	0	0	0	0	0	
168718	0	0	0	0	171	0	0	0	0	0	0	0	0	0	0	0	
169467	0	0	0	0	129	0	0	0	0	0	0	0	0	0	0	0	
170219	0	0	0	0	149	0	0	0	0	0	0	0	0	0	0	0	
170969	0	0	0	0	161	0	0	0	0	0	0	0	0	0	0	0	
171721	0	0	0	0	135	0	0	0	0	0	0	0	0	0	0	0	
172470	0	0	0	0	173	0	0	0	0	0	0	0	0	0	0	0	
173219	0	0	0	0	163	0	0	0	0	0	0	0	0	0	0	0	
173968	0	0	0	0	163	0	0	0	0	0	0	0	0	0	0	0	
174720	0	0	0	0	131	0	0	0	0	0	0	0	0	0	0	0	
175469	0	0	0	0	145	0	0	0	0	0	0	0	0	0	0	0	
176216	0	0	0	0	171	0	0	0	0	0	0	0	0	0	0	0	
176967	0	0	0	0	151	0	0	0	0	0	0	0	0	0	0	0	
177718	0	0	0	0	157	0	0	0	0	0	0	0	0	0	0	0	
178467	0	0	0	0	183	0	0	0	0	0	0	0	0	0	0	0	
179214	0	0	0	0	139	0	0	0	0	0	0	0	0	0	0	0	
179964	0	0	0	0	155	0	0	0	0	0	0	0	0	0	0	0	
180711	0	0	0	0	161	0	0	0	0	0	0	0	0	0	0	0	
181465	0	0	0	0	0	127	0	0	0	0	0	0	0	0	0	0	
182214	0	0	0	0	0	137	0	0	0	0	0	0	0	0	0	0	
182961	0	0	0	0	0	125	0	0	0	0	0	0	0	0	0	0	
183709	0	0	0	0	0	139	0	0	0	0	0	0	0	0	0	0	
184458	0	0	0	0	0	111	0	0	0	0	0	0	0	0	0	0	
185208	0	0	0	0	0	157	0	0	0	0	0	0	0	0	0	0	
185959	0	0	0	0	0	141	0	0	0	0	0	0	0	0	0	0	
186708	0	0	0	0	0	121	0	0	0	0	0	0	0	0	0	0	
187456	0	0	0	0	0	141	0	0	0	0	0	0	0	0	0	0	
188204	0	0	0	0	0	141	0	0	0	0	0	0	0	0	0	0	
188950	0	0	0	0	0	125	0	0	0	0	0	0	0	0	0	0	
189698	0	0	0	0	0	123	0	0	0	0	0	0	0	0	0	0	
190445	0	0	0	0	0	119	0	0	0	0	0	0	0	0	0	0	
191196	0	0	0	0	0	153	0	0	0	0	0	0	0	0	0	0	
191947	0	0	0	0	0	139	0	0	0	0	0	0	0	0	0	0	
192697	0	0	0	0	0	131	0	0	0	0	0	0	0	0	0	0	
193448	0	0	0	0	0	141	0	0	0	0	0	0	0	0	0	0	
194194	0	0	0	0	0	0	123	0	0	0	0	0	0	0	0	0	
194941	0	0	0	0	0	0	141	0	0	0	0	0	0	0	0	0	
195693	0	0	0	0	0	0	89	0	0	0	0	0	0	0	0	0	
196443	0	0	0	0	0	0	103	0	0	0	0	0	0	0	0	0	
197193	0	0	0	0	0	0	123	0	0	0	0	0	0	0	0	0	
197942	0	0	0	0	0	0	105	0	0	0	0	0	0	0	0	0	
198689	0	0	0	0	0	0	115	0	0	0	0	0	0	0	0	0	
199440	0	0	0	0	0	0	121	0	0	0	0	0	0	0	0	0	
200191	0	0	0	0	0	0	95	0	0	0	0	0	0	0	0	0	
200943	0	0	0	0	0	0	125	0	0	0	0	0	0	0	0	0	
201695	0	0	0	0	0	0	60	53	0	0	0	0	0	0	0	0	
202445	0	0	0	0	0	0	107	0	0	0	0	0	0	0	0	0	
203195	0	0	0	0	0	0	125	0	0	0	0	0	0	0	0	0	
203946	0	0	0	0	0	0	107	0	0	0	0	0	0	0	0	0	
204695	0	0	0	0	0	0	131	0	0	0	0	0	0	0	0	0	
205445	0	0	0	0	0	0	101	0	0	0	0	0	0	0	0	0	
206195	0	0	0	0	0	0	113	0	0	0	0	0	0	0	0	0	
206942	0	0	0	0	0	0	127	0	0	0	0	0	0	0	0	0	
207694	0	0	0	0	0	0	129	0	0	0	0	0	0	0	0	0	
208440	0	0	0	0	0	0	119	0	0	0	0	0	0	0	0	0	
209188	0	0	0	0	0	0	107	0	0	0	0	0	0	0	0	0	
209936	0	0	0	0	0	0	109	0	0	0	0	0	0	0	0	0	
210684	0	0	0	0	0	0	119	0	0	0	0	0	0	0	0	0	
211431	0	0	0	0	0	0	123	0	0	0	0	0	0	0	0	0	
212178	0	0	0	0	0	0	103	0	0	0	0	0	0	0	0	0	
212930	0	0	0	0	0	141	0	0	0	0	0	0	0	0	0	0	
213678	0	0	0	0	0	133	0	0	0	0	0	0	0	0	0	0	
214428	0	0	0	0	0	155	0	0	0	0	0	0	0	0	0	0	
215177	0	0	0	0	0	153	0	0	0	0	0	0	0	0	0	0	
215928	0	0	0	0	0	135	0	0	0	0	0	0	0	0	0	0	
216677	0	0	0	0	0	157	0	0	0	0	0	0	0	0	0	0	
217425	0	0	0	0	0	113	0	0	0	0	0	0	0	0	0	0	
218176	0	0	0	0	0	115	0	0	0	0	0	0	0	0	0	0	
218928	0	0	0	0	0	113	0	0	0	0	0	0	0	0	0	0	
219679	0	0	0	0	0	127	0	0	0	0	0	0	0	0	0	0	
220428	0	0	0	0	0	127	0	0	0	0	0	0	0	0	0	0	
221178	0	0	0	0	0	135	0	0	0	0	0	0	0	0	0	0	
221929	0	0	0	0	0	147	0	0	0	0	0	0	0	0	0	0	
222680	0	0	0	0	0	161	0	0	0	0	0	0	0	0	0	0	
223429	0	0	0	0	193	0	0	0	0	0	0	0	0	0	0	0	
224179	0	0	0	0	155	0	0	0	0	0	0	0	0	0	0	0	
224928	0	0	0	0	177	0	0	0	0	0	0	0	0	0	0	0	
225678	0	0	0	0	187	0	0	0	0	0	0	0	0	0	0	0	
226426	0	0	0	0	161	0	0	0	0	0	0	0	0	0	0	0	
227178	0	0	0	0	155	0	0	0	0	0	0	0	0	0	0	0	
227928	0	0	0	0	155	0	0	0	0	0	0	0	0	0	0	0	
228679	0	0	0	0	159	0	0	0	0	0	0	0	0	0	0	0	
229428	0	0	0	0	143	0	0	0	0	0	0	0	0	0	0	0	
230177	0	0	0	0	159	0	0	0	0	0	0	0	0	0	0	0	
230926	0	0	0	0	143	0	0	0	0	0	0	0	0	0	0	0	
231673	0	0	0	0	157	0	0	0	0	0	0	0	0	0	0	0	
232426	0	0	0	0	159	0	0	0	0	0	0	0	0	0	0	0	
233175	0	0	0	0	151	0	0	0	0	0	0	0	0	0	0	0	
233924	0	0	0	0	149	0	0	0	0	0	0	0	0	0	0	0	
234677	0	0	0	0	171	0	0	0	0	0	0	0	0	0	0	0	
235428	0	0	0	0	181	0	0	0	0	0	0	0	0	0	0	0	
236179	0	0	0	0	167	0	0	0	0	0	0	0	0	0	0	0	
236931	0	0	0	0	155	0	0	0	0	0	0	0	0	0	0	0	
237684	0	0	0	0	181	0	0	0	0	0	0	0	0	0	0	0	
238431	0	0	0	0	163	0	0	0	0	0	0	0	0	0	0	0	
239179	0	0	0	15	138	0	0	0	0	0	0	0	0	0	0	0	
239929	0	0	0	0	157	0	0	0	0	0	0	0	0	0	0	0	
240680	0	0	0	0	181	0	0	0	0	0	0	0	0	0	0	0	
241430	0	0	0	0	173	0	0	0	0	0	0	0	0	0	0	0	
242182	0	0	0	0	169	0	0	0	0	0	0	0	0	0	0	0	
242930	0	0	0	0	185	0	0	0	0	0	0	0	0	0	0	0	
243681	0	0	0	0	125	0	0	0	0	0	0	0	0	0	0	0	
244429	0	0	0	0	157	0	0	0	0	0	0	0	0	0	0	0	
245180	0	0	0	0	141	0	0	0	0	0	0	0	0	0	0	0	
245929	0	0	0	0	145	0	0	0	0	0	0	0	0	0	0	0	
246677	0	0	0	207	0	0	0	0	0	0	0	0	0	0	0	0	
247427	0	0	0	189	0	0	0	0	0	0	0	0	0	0	0	0	
248180	0	0	0	193	0	0	0	0	0	0	0	0	0	0	0	0	
248930	0	0	0	197	0	0	0	0	0	0	0	0	0	0	0	0	
249679	0	0	0	177	0	0	0	0	0	0	0	0	0	0	0	0	
250429	0	0	0	209	0	0	0	0	0	0	0	0	0	0	0	0	
251181	0	0	0	185	0	0	0	0	0	0	0	0	0	0	0	0	
251931	0	0	0	197	0	0	0	0	0	0	0	0	0	0	0	0	
252681	0	0	0	211	0	0	0	0	0	0	0	0	0	0	0	0	
253428	0	0	0	205	0	0	0	0	0	0	0	0	0	0	0	0	
254177	0	0	0	191	0	0	0	0	0	0	0	0	0	0	0	0	
254926	0	0	0	191	0	0	0	0	0	0	0	0	0	0	0	0	
255676	0	0	0	213	0	0	0	0	0	0	0	0	0	0	0	0	
256426	0	0	0	191	0	0	0	0	0	0	0	0	0	0	0	0	
257177	0	0	0	195	0	0	0	0	0	0	0	0	0	0	0	0	
257930	0	0	0	213	0	0	0	0	0	0	0	0	0	0	0	0	
258682	0	0	0	221	0	0	0	0	0	0	0	0	0	0	0	0	
259432	0	0	0	221	0	0	0	0	0	0	0	0	0	0	0	0	
260178	0	0	0	189	0	0	0	0	0	0	0	0	0	0	0	0	
260925	0	0	0	187	0	0	0	0	0	0	0	0	0	0	0	0	
261679	0	0	0	203	0	0	0	0	0	0	0	0	0	0	0	0	
262430	0	0	0	216	1	0	0	0	0	0	0	0	0	0	0	0	
263181	0	0	0	181	0	0	0	0	0	0	0	0	0	0	0	0	
263931	0	0	0	185	0	0	0	0	0	0	0	0	0	0	0	0	
264679	0	0	0	195	0	0	0	0	0	0	0	0	0	0	0	0	
265428	0	0	0	201	0	0	0	0	0	0	0	0	0	0	0	0	
266178	0	0	0	197	0	0	0	0	0	0	0	0	0	0	0	0	
266926	0	0	0	209	0	0	0	0	0	0	0	0	0	0	0	0	
267676	0	0	0	205	0	0	0	0	0	0	0	0	0	0	0	0	
268425	0	0	0	207	0	0	0	0	0	0	0	0	0	0	0	0	
269173	0	0	0	205	0	0	0	0	0	0	0	0	0	0	0	0	
269922	0	0	1	208	0	0	0	0	0	0	0	0	0	0	0	0	
270675	0	0	0	181	0	0	0	0	0	0	0	0	0	0	0	0	
271425	0	0	0	195	0	0	0	0	0	0	0	0	0	0	0	0	
272174	0	0	0	215	0	0	0	0	0	0	0	0	0	0	0	0	
272920	0	0	0	193	0	0	0	0	0	0	0	0	0	0	0	0	
273672	0	0	0	207	0	0	0	0	0	0	0	0	0	0	0	0	
274421	0	0	0	211	0	0	0	0	0	0	0	0	0	0	0	0	
275170	0	0	0	217	0	0	0	0	0	0	0	0	0	0	0	0	
275923	0	0	0	211	0	0	0	0	0	0	0	0	0	0	0	0	
276673	0	0	0	219	0	0	0	0	0	0	0	0	0	0	0	0	
277424	0	0	0	205	0	0	0	0	0	0	0	0	0	0	0	0	
278174	0	0	0	211	0	0	0	0	0	0	0	0	0	0	0	0	
278927	0	0	0	215	0	0	0	0	0	0	0	0	0	0	0	0	
279678	0	0	0	0	145	0	0	0	0	0	0	0	0	0	0	0	
280427	0	0	0	0	161	0	0	0	0	0	0	0	0	0	0	0	
281172	0	0	0	0	175	0	0	0	0	0	0	0	0	0	0	0	
281927	0	0	0	0	167	0	0	0	0	0	0	0	0	0	0	0	
282674	0	0	0	0	147	0	0	0	0	0	0	0	0	0	0	0	
283424	0	0	0	5	154	0	0	0	0	0	0	0	0	0	0	0	
284171	0	0	0	0	163	0	0	0	0	0	0	0	0	0	0	0	
284921	0	0	0	0	167	0	0	0	0	0	0	0	0	0	0	0	
285672	0	0	0	0	181	0	0	0	0	0	0	0	0	0	0	0	
286421	0	0	0	0	157	0	0	0	0	0	0	0	0	0	0	0	
287171	0	0	0	0	153	0	0	0	0	0	0	0	0	0	0	0	
287919	0	0	0	0	159	0	0	0	0	0	0	0	0	0	0	0	
288667	0	0	0	0	177	0	0	0	0	0	0	0	0	0	0	0	
289418	0	0	0	0	0	129	0	0	0	0	0	0	0	0	0	0	
290170	0	0	0	0	0	133	0	0	0	0	0	0	0	0	0	0	
290922	0	0	0	0	0	0	107	0	0	0	0	0	0	0	0	0	
291671	0	0	0	0	0	0	117	0	0	0	0	0	0	0	0	0	
292421	0	0	0	0	0	0	117	0	0	0	0	0	0	0	0	0	
293171	0	0	0	0	0	0	111	0	0	0	0	0	0	0	0	0	
293921	0	0	0	0	0	0	115	0	0	0	0	0	0	0	0	0	
294669	0	0	0	0	0	137	0	0	0	0	0	0	0	0	0	0	
295420	0	0	0	0	25	134	0	0	0	0	0	0	0	0	0	0	
296168	0	0	0	0	0	129	0	0	0	0	0	0	0	0	0	0	
296919	0	0	0	0	0	117	0	0	0	0	0	0	0	0	0	0	
297670	0	0	0	0	0	119	0	0	0	0	0	0	0	0	0	0	
298420	0	0	0	0	0	125	0	0	0	0	0	0	0	0	0	0	
299166	0	0	0	0	0	121	0	0	0	0	0	0	0	0	0	0	
299913	0	0	0	0	0	149	0	0	0	0	0	0	0	0	0	0	
300662	0	0	0	0	0	147	0	0	0	0	0	0	0	0	0	0	
301411	0	0	0	0	0	133	0	0	0	0	0	0	0	0	0	0	
302163	0	0	0	0	0	133	0	0	0	0	0	0	0	0	0	0	
302914	0	0	0	0	0	125	0	0	0	0	0	0	0	0	0	0	
303664	0	0	0	0	0	133	0	0	0	0	0	0	0	0	0	0	
304419	0	0	0	0	0	117	0	0	0	0	0	0	0	0	0	0	
305168	0	0	0	0	0	143	0	0	0	0	0	0	0	0	0	0	
305919	0	0	0	0	0	151	0	0	0	0	0	0	0	0	0	0	
306666	0	0	0	0	0	155	0	0	0	0	0	0	0	0	0	0	
307415	0	0	0	0	0	127	0	0	0	0	0	0	0	0	0	0	
308164	0	0	0	0	0	0	119	0	0	0	0	0	0	0	0	0	
308913	0	0	0	0	0	0	101	0	0	0	0	0	0	0	0	0	
309663	0	0	0	0	0	0	93	0	0	0	0	0	0	0	0	0	
310411	0	0	0	0	0	0	121	0	0	0	0	0	0	0	0	0	
311158	0	0	0	0	0	0	109	0	0	0	0	0	0	0	0	0	
311908	0	0	0	0	0	0	99	0	0	0	0	0	0	0	0	0	
312659	0	0	0	0	0	0	127	0	0	0	0	0	0	0	0	0	
313408	0	0	0	0	0	0	111	0	0	0	0	0	0	0	0	0	
314153	0	0	0	0	0	0	89	0	0	0	0	0	0	0	0	0	
314904	0	0	0	0	0	0	115	0	0	0	0	0	0	0	0	0	
315655	0	0	0	0	0	0	115	0	0	0	0	0	0	0	0	0	
316403	0	0	0	0	0	0	115	0	0	0	0	0	0	0	0	0	
317152	0	0	0	0	0	147	0	0	0	0	0	0	0	0	0	0	
317903	0	0	0	0	0	143	0	0	0	0	0	0	0	0	0	0	
318649	0	0	0	0	0	127	0	0	0	0	0	0	0	0	0	0	
319397	0	0	0	0	0	145	0	0	0	0	0	0	0	0	0	0	
320149	0	0	0	0	0	119	0	0	0	0	0	0	0	0	0	0	
320900	0	0	0	0	0	121	0	0	0	0	0	0	0	0	0	0	
321651	0	0	0	0	0	133	0	0	0	0	0	0	0	0	0	0	
322399	0	0	0	0	0	129	0	0	0	0	0	0	0	0	0	0	
323148	0	0	0	0	0	141	0	0	0	0	0	0	0	0	0	0	
323897	0	0	0	0	0	157	0	0	0	0	0	0	0	0	0	0	
324645	0	0	0	0	0	135	0	0	0	0	0	0	0	0	0	0	
325398	0	0	0	0	0	147	0	0	0	0	0	0	0	0	0	0	
326147	0	0	0	0	0	139	0	0	0	0	0	0	0	0	0	0	
326897	0	0	0	0	0	129	0	0	0	0	0	0	0	0	0	0	
327650	0	0	0	0	0	139	0	0	0	0	0	0	0	0	0	0	
328397	0	0	0	0	0	145	0	0	0	0	0	0	0	0	0	0	
329147	0	0	0	0	0	131	0	0	0	0	0	0	0	0	0	0	
329900	0	0	0	0	0	127	0	0	0	0	0	0	0	0	0	0	
330647	0	0	0	0	0	137	0	0	0	0	0	0	0	0	0	0	
331395	0	0	0	0	0	153	0	0	0	0	0	0	0	0	0	0	
332146	0	0	0	0	0	125	0	0	0	0	0	0	0	0	0	0	
332896	0	0	0	0	0	139	0	0	0	0	0	0	0	0	0	0	
333640	0	0	0	0	0	129	0	0	0	0	0	0	0	0	0	0	
334385	0	0	0	0	0	0	137	0	0	0	0	0	0	0	0	0	
335136	0	0	0	0	0	0	111	0	0	0	0	0	0	0	0	0	
335884	0	0	0	0	0	149	0	0	0	0	0	0	0	0	0	0	
336634	0	0	0	0	0	153	0	0	0	0	0	0	0	0	0	0	
337385	0	0	0	0	0	153	0	0	0	0	0	0	0	0	0	0	
338135	0	0	0	0	0	145	0	0	0	0	0	0	0	0	0	0	
338881	0	0	0	0	0	133	0	0	0	0	0	0	0	0	0	0	
339629	0	0	0	0	0	109	0	0	0	0	0	0	0	0	0	0	
340382	0	0	0	0	0	123	0	0	0	0	0	0	0	0	0	0	
341131	0	0	0	0	0	131	0	0	0	0	0	0	0	0	0	0	
341880	0	0	0	0	0	151	0	0	0	0	0	0	0	0	0	0	
342629	0	0	0	0	0	137	0	0	0	0	0	0	0	0	0	0	
343383	0	0	0	0	0	147	0	0	0	0	0	0	0	0	0	0	
344132	0	0	0	0	0	119	0	0	0	0	0	0	0	0	0	0	
344883	0	0	0	0	0	129	0	0	0	0	0	0	0	0	0	0	
345634	0	0	0	0	0	149	0	0	0	0	0	0	0	0	0	0	
346385	0	0	0	0	0	143	0	0	0	0	0	0	0	0	0	0	
347134	0	0	0	0	0	141	0	0	0	0	0	0	0	0	0	0	
347883	0	0	0	0	0	129	0	0	0	0	0	0	0	0	0	0	
348634	0	0	0	0	0	137	0	0	0	0	0	0	0	0	0	0	
349382	0	0	0	0	0	143	0	0	0	0	0	0	0	0	0	0	
350130	0	0	0	0	0	133	0	0	0	0	0	0	0	0	0	0	
350880	0	0	0	0	0	137	0	0	0	0	0	0	0	0	0	0	
351630	0	0	0	0	0	141	0	0	0	0	0	0	0	0	0	0	
352380	0	0	0	0	0	143	0	0	0	0	0	0	0	0	0	0	
353129	0	0	0	0	0	143	0	0	0	0	0	0	0	0	0	0	
353882	0	0	0	0	0	133	0	0	0	0	0	0	0	0	0	0	
354632	0	0	0	0	0	151	0	0	0	0	0	0	0	0	0	0	
355377	0	0	0	0	0	151	0	0	0	0	0	0	0	0	0	0	
356127	0	0	0	0	0	141	0	0	0	0	0	0	0	0	0	0	
356875	0	0	0	0	0	147	0	0	0	0	0	0	0	0	0	0	
357629	0	0	0	0	0	133	0	0	0	0	0	0	0	0	0	0	
358380	0	0	0	0	0	131	0	0	0	0	0	0	0	0	0	0	
359130	0	0	0	0	0	82	51	0	0	0	0	0	0	0	0	0	
359881	0	0	0	0	0	151	0	0	0	0	0	0	0	0	0	0	
360630	0	0	0	0	0	115	0	0	0	0	0	0	0	0	0	0	
361382	0	0	0	0	0	141	0	0	0	0	0	0	0	0	0	0	
362133	0	0	0	0	0	127	0	0	0	0	0	0	0	0	0	0	
362888	0	0	0	0	0	127	0	0	0	0	0	0	0	0	0	0	
363637	0	0	0	0	0	137	0	0	0	0	0	0	0	0	0	0	
364387	0	0	0	0	0	133	0	0	0	0	0	0	0	0	0	0	
365139	0	0	0	0	0	123	0	0	0	0	0	0	0	0	0	0	
365889	0	0	0	0	0	44	77	0	0	0	0	0	0	0	0	0	
366638	0	0	0	0	0	0	113	0	0	0	0	0	0	0	0	0	
367384	0	0	0	0	0	0	109	0	0	0	0	0	0	0	0	0	
368131	0	0	0	0	0	0	119	0	0	0	0	0	0	0	0	0	
368882	0	0	0	0	0	0	113	0	0	0	0	0	0	0	0	0	
369636	0	0	0	0	0	0	119	0	0	0	0	0	0	0	0	0	
370385	0	0	0	0	1	154	0	0	0	0	0	0	0	0	0	0	
371133	0	0	0	0	169	0	0	0	0	0	0	0	0	0	0	0	
371881	0	0	0	0	167	0	0	0	0	0	0	0	0	0	0	0	
372629	0	0	0	0	159	0	0	0	0	0	0	0	0	0	0	0	
373378	0	0	0	0	169	0	0	0	0	0	0	0	0	0	0	0	
374127	0	0	0	0	145	0	0	0	0	0	0	0	0	0	0	0	
374879	0	0	0	0	127	0	0	0	0	0	0	0	0	0	0	0	
375627	0	0	0	0	189	0	0	0	0	0	0	0	0	0	0	0	
376377	0	0	0	0	147	0	0	0	0	0	0	0	0	0	0	0	
377126	0	0	0	0	163	0	0	0	0	0	0	0	0	0	0	0	
377878	0	0	0	0	151	0	0	0	0	0	0	0	0	0	0	0	
378627	0	0	0	0	165	0	0	0	0	0	0	0	0	0	0	0	
379378	0	0	0	0	173	0	0	0	0	0	0	0	0	0	0	0	
380127	0	0	0	0	153	0	0	0	0	0	0	0	0	0	0	0	
380877	0	0	0	0	159	0	0	0	0	0	0	0	0	0	0	0	
381626	0	0	0	0	161	0	0	0	0	0	0	0	0	0	0	0	
382378	0	0	0	0	163	0	0	0	0	0	0	0	0	0	0	0	
383129	0	0	0	0	159	0	0	0	0	0	0	0	0	0	0	0	
383884	0	0	0	0	165	0	0	0	0	0	0	0	0	0	0	0	
384634	0	0	0	0	145	0	0	0	0	0	0	0	0	0	0	0	
385386	0	0	0	0	151	0	0	0	0	0	0	0	0	0	0	0	
386134	0	0	0	0	173	0	0	0	0	0	0	0	0	0	0	0	
386885	0	0	0	0	155	0	0	0	0	0	0	0	0	0	0	0	
387635	0	0	0	0	139	0	0	0	0	0	0	0	0	0	0	0	
388383	0	0	0	0	161	0	0	0	0	0	0	0	0	0	0	0	
389133	0	0	0	0	169	0	0	0	0	0	0	0	0	0	0	0	
389881	0	0	0	0	129	0	0	0	0	0	0	0	0	0	0	0	
390629	0	0	0	0	155	0	0	0	0	0	0	0	0	0	0	0	
391379	0	0	0	0	163	0	0	0	0	0	0	0	0	0	0	0	
392131	0	0	0	0	157	0	0	0	0	0	0	0	0	0	0	0	
392879	0	0	0	0	171	0	0	0	0	0	0	0	0	0	0	0	
393630	0	0	0	0	143	0	0	0	0	0	0	0	0	0	0	0	
394382	0	0	0	0	179	0	0	0	0	0	0	0	0	0	0	0	
395130	0	0	0	0	159	0	0	0	0	0	0	0	0	0	0	0	
395878	0	0	0	0	157	0	0	0	0	0	0	0	0	0	0	0	
396633	0	0	0	0	161	0	0	0	0	0	0	0	0	0	0	0	
397381	0	0	0	0	151	0	0	0	0	0	0	0	0	0	0	0	
398134	0	0	0	1	170	0	0	0	0	0	0	0	0	0	0	0	
398883	0	0	0	0	167	0	0	0	0	0	0	0	0	0	0	0	
399629	0	0	0	0	137	0	0	0	0	0	0	0	0	0	0	0	
400381	0	0	0	0	157	0	0	0	0	0	0	0	0	0	0	0	
401126	0	0	0	0	108	57	0	0	0	0	0	0	0	0	0	0	
401875	0	0	0	0	157	0	0	0	0	0	0	0	0	0	0	0	
402625	0	0	0	0	165	0	0	0	0	0	0	0	0	0	0	0	
403376	0	0	0	0	133	0	0	0	0	0	0	0	0	0	0	0	
404124	0	0	0	0	173	0	0	0	0	0	0	0	0	0	0	0	
404877	0	0	0	0	153	0	0	0	0	0	0	0	0	0	0	0	
405626	0	0	0	0	149	0	0	0	0	0	0	0	0	0	0	0	
406374	0	0	0	0	171	0	0	0	0	0	0	0	0	0	0	0	
407128	0	0	0	0	149	0	0	0	0	0	0	0	0	0	0	0	
407876	0	0	0	0	181	0	0	0	0	0	0	0	0	0	0	0	
408624	0	0	0	0	153	0	0	0	0	0	0	0	0	0	0	0	
409375	0	0	0	0	165	0	0	0	0	0	0	0	0	0	0	0	
410129	0	0	0	0	141	0	0	0	0	0	0	0	0	0	0	0	
410881	0	0	0	0	165	0	0	0	0	0	0	0	0	0	0	0	
411632	0	0	0	0	181	0	0	0	0	0	0	0	0	0	0	0	
412382	0	0	0	0	149	0	0	0	0	0	0	0	0	0	0	0	
413131	0	0	0	0	163	0	0	0	0	0	0	0	0	0	0	0	
413880	0	0	0	0	151	0	0	0	0	0	0	0	0	0	0	0	
414631	0	0	0	0	139	0	0	0	0	0	0	0	0	0	0	0	
415382	0	0	0	0	171	0	0	0	0	0	0	0	0	0	0	0	
416132	0	0	0	209	0	0	0	0	0	0	0	0	0	0	0	0	
416886	0	0	0	197	0	0	0	0	0	0	0	0	0	0	0	0	
417635	0	0	0	207	0	0	0	0	0	0	0	0	0	0	0	0	
418387	0	0	0	181	0	0	0	0	0	0	0	0	0	0	0	0	
419137	0	0	0	205	0	0	0	0	0	0	0	0	0	0	0	0	
419890	0	0	0	195	0	0	0	0	0	0	0	0	0	0	0	0	
420643	0	0	0	191	0	0	0	0	0	0	0	0	0	0	0	0	
421394	0	0	0	197	0	0	0	0	0	0	0	0	0	0	0	0	
422144	0	0	0	209	0	0	0	0	0	0	0	0	0	0	0	0	
422896	0	0	0	189	0	0	0	0	0	0	0	0	0	0	0	0	
423643	0	0	0	203	0	0	0	0	0	0	0	0	0	0	0	0	
424393	0	0	0	197	0	0	0	0	0	0	0	0	0	0	0	0	
425143	0	0	0	197	0	0	0	0	0	0	0	0	0	0	0	0	
425894	0	0	0	195	0	0	0	0	0	0	0	0	0	0	0	0	
426642	0	0	0	191	0	0	0	0	0	0	0	0	0	0	0	0	
427395	0	0	0	215	0	0	0	0	0	0	0	0	0	0	0	0	
428143	0	0	0	187	0	0	0	0	0	0	0	0	0	0	0	0	
428893	0	0	0	197	0	0	0	0	0	0	0	0	0	0	0	0	
429644	0	0	0	207	0	0	0	0	0	0	0	0	0	0	0	0	
430394	0	0	0	183	0	0	0	0	0	0	0	0	0	0	0	0	
431145	0	0	0	213	0	0	0	0	0	0	0	0	0	0	0	0	
431898	0	1	274	0	0	0	0	0	0	0	0	0	0	0	0	0	
432650	0	0	271	0	0	0	0	0	0	0	0	0	0	0	0	0	
433400	0	0	269	0	0	0	0	0	0	0	0	0	0	0	0	0	
434149	0	0	267	0	0	0	0	0	0	0	0	0	0	0	0	0	
434897	0	0	231	0	0	0	0	0	0	0	0	0	0	0	0	0	
435647	0	0	279	0	0	0	0	0	0	0	0	0	0	0	0	0	
436397	0	0	265	0	0	0	0	0	0	0	0	0	0	0	0	0	
437145	0	0	263	0	0	0	0	0	0	0	0	0	0	0	0	0	
437894	0	0	253	0	0	0	0	0	0	0	0	0	0	0	0	0	
438640	0	0	295	0	0	0	0	0	0	0	0	0	0	0	0	0	
439388	0	0	241	0	0	0	0	0	0	0	0	0	0	0	0	0	
440137	0	0	255	0	0	0	0	0	0	0	0	0	0	0	0	0	
440889	0	0	277	0	0	0	0	0	0	0	0	0	0	0	0	0	
441642	0	0	231	0	0	0	0	0	0	0	0	0	0	0	0	0	
442392	0	0	275	0	0	0	0	0	0	0	0	0	0	0	0	0	
443144	0	0	245	0	0	0	0	0	0	0	0	0	0	0	0	0	
443894	0	0	291	0	0	0	0	0	0	0	0	0	0	0	0	0	
444646	0	0	263	0	0	0	0	0	0	0	0	0	0	0	0	0	
445401	0	0	277	0	0	0	0	0	0	0	0	0	0	0	0	0	
446152	0	0	279	0	0	0	0	0	0	0	0	0	0	0	0	0	
446903	0	0	265	0	0	0	0	0	0	0	0	0	0	0	0	0	
447655	0	0	245	0	0	0	0	0	0	0	0	0	0	0	0	0	
448407	0	0	243	0	0	0	0	0	0	0	0	0	0	0	0	0	
449157	0	0	252	7	0	0	0	0	0	0	0	0	0	0	0	0	
449908	0	0	267	0	0	0	0	0	0	0	0	0	0	0	0	0	
450658	0	0	261	0	0	0	0	0	0	0	0	0	0	0	0	0	
451406	0	0	282	1	0	0	0	0	0	0	0	0	0	0	0	0	
452157	0	0	263	0	0	0	0	0	0	0	0	0	0	0	0	0	
452906	0	0	269	0	0	0	0	0	0	0	0	0	0	0	0	0	
453658	0	0	249	0	0	0	0	0	0	0	0	0	0	0	0	0	
454407	0	0	265	0	0	0	0	0	0	0	0	0	0	0	0	0	
455159	0	0	273	0	0	0	0	0	0	0	0	0	0	0	0	0	
455907	0	37	210	0	0	0	0	0	0	0	0	0	0	0	0	0	
456657	0	0	293	0	0	0	0	0	0	0	0	0	0	0	0	0	
457407	0	0	249	0	0	0	0	0	0	0	0	0	0	0	0	0	
458155	0	0	279	0	0	0	0	0	0	0	0	0	0	0	0	0	
458906	0	0	251	0	0	0	0	0	0	0	0	0	0	0	0	0	
459655	0	0	295	0	0	0	0	0	0	0	0	0	0	0	0	0	
460408	0	0	277	0	0	0	0	0	0	0	0	0	0	0	0	0	
461157	0	0	263	0	0	0	0	0	0	0	0	0	0	0	0	0	
461911	0	0	273	0	0	0	0	0	0	0	0	0	0	0	0	0	
462664	0	0	242	1	0	0	0	0	0	0	0	0	0	0	0	0	
463418	0	0	245	0	0	0	0	0	0	0	0	0	0	0	0	0	
464170	0	0	261	0	0	0	0	0	0	0	0	0	0	0	0	0	
464921	0	0	265	0	0	0	0	0	0	0	0	0	0	0	0	0	
465673	0	0	245	0	0	0	0	0	0	0	0	0	0	0	0	0	
466423	0	0	273	0	0	0	0	0	0	0	0	0	0	0	0	0	
467171	0	0	283	0	0	0	0	0	0	0	0	0	0	0	0	0	
467922	0	0	277	0	0	0	0	0	0	0	0	0	0	0	0	0	
468672	0	0	269	0	0	0	0	0	0	0	0	0	0	0	0	0	
469423	0	0	265	0	0	0	0	0	0	0	0	0	0	0	0	0	
470175	0	0	221	0	0	0	0	0	0	0	0	0	0	0	0	0	
470925	0	0	251	0	0	0	0	0	0	0	0	0	0	0	0	0	
471675	0	0	265	0	0	0	0	0	0	0	0	0	0	0	0	0	
472425	0	0	257	0	0	0	0	0	0	0	0	0	0	0	0	0	
473176	0	0	275	0	0	0	0	0	0	0	0	0	0	0	0	0	
473921	0	0	285	0	0	0	0	0	0	0	0	0	0	0	0	0	
474674	0	0	255	0	0	0	0	0	0	0	0	0	0	0	0	0	
475425	0	0	257	0	0	0	0	0	0	0	0	0	0	0	0	0	
476175	0	0	269	0	0	0	0	0	0	0	0	0	0	0	0	0	
476925	0	0	253	0	0	0	0	0	0	0	0	0	0	0	0	0	
477674	0	0	265	0	0	0	0	0	0	0	0	0	0	0	0	0	
478422	0	0	277	0	0	0	0	0	0	0	0	0	0	0	0	0	
479169	0	1	280	0	0	0	0	0	0	0	0	0	0	0	0	0	
479917	0	0	247	0	0	0	0	0	0	0	0	0	0	0	0	0	
480669	0	1	240	0	0	0	0	0	0	0	0	0	0	0	0	0	
481419	0	0	243	0	0	0	0	0	0	0	0	0	0	0	0	0	
482170	0	0	263	0	0	0	0	0	0	0	0	0	0	0	0	0	
482921	0	0	269	0	0	0	0	0	0	0	0	0	0	0	0	0	
483671	0	0	275	0	0	0	0	0	0	0	0	0	0	0	0	0	
484421	0	0	287	0	0	0	0	0	0	0	0	0	0	0	0	0	
485174	0	0	257	0	0	0	0	0	0	0	0	0	0	0	0	0	
485925	0	0	283	0	0	0	0	0	0	0	0	0	0	0	0	0	
486674	0	0	291	0	0	0	0	0	0	0	0	0	0	0	0	0	
487428	0	0	279	0	0	0	0	0	0	0	0	0	0	0	0	0	
488178	0	19	266	0	0	0	0	0	0	0	0	0	0	0	0	0	
488930	0	0	247	0	0	0	0	0	0	0	0	0	0	0	0	0	
489680	0	0	13	161	1	0	0	0	0	0	0	0	0	0	0	0	
490430	0	0	0	207	0	0	0	0	0	0	0	0	0	0	0	0	
491181	0	0	0	199	0	0	0	0	0	0	0	0	0	0	0	0	
491933	0	0	0	195	0	0	0	0	0	0	0	0	0	0	0	0	
492683	0	0	0	211	0	0	0	0	0	0	0	0	0	0	0	0	
493436	0	0	0	201	0	0	0	0	0	0	0	0	0	0	0	0	
494185	0	0	0	195	0	0	0	0	0	0	0	0	0	0	0	0	
494933	0	0	0	215	0	0	0	0	0	0	0	0	0	0	0	0	
495678	0	0	0	185	0	0	0	0	0	0	0	0	0	0	0	0	
496432	0	0	0	233	0	0	0	0	0	0	0	0	0	0	0	0	
497184	0	0	0	0	143	0	0	0	0	0	0	0	0	0	0	0	
497934	0	0	0	0	155	0	0	0	0	0	0	0	0	0	0	0	
498682	0	0	0	0	175	0	0	0	0	0	0	0	0	0	0	0	
499430	0	0	0	0	163	0	0	0	0	0	0	0	0	0	0	0	
500179	0	0	0	0	155	0	0	0	0	0	0	0	0	0	0	0	
500928	0	0	0	0	151	0	0	0	0	0	0	0	0	0	0	0	
501678	0	0	0	0	161	0	0	0	0	0	0	0	0	0	0	0	
502427	0	0	0	0	141	0	0	0	0	0	0	0	0	0	0	0	
503177	0	0	0	0	161	0	0	0	0	0	0	0	0	0	0	0	
503926	0	0	0	0	161	0	0	0	0	0	0	0	0	0	0	0	
504675	0	0	0	0	179	0	0	0	0	0	0	0	0	0	0	0	
505424	0	0	0	0	169	0	0	0	0	0	0	0	0	0	0	0	
506172	0	0	0	0	171	0	0	0	0	0	0	0	0	0	0	0	
506924	0	0	0	0	161	0	0	0	0	0	0	0	0	0	0	0	
507675	0	0	0	0	149	0	0	0	0	0	0	0	0	0	0	0	
508420	0	0	0	0	147	0	0	0	0	0	0	0	0	0	0	0	
509170	0	0	0	0	169	0	0	0	0	0	0	0	0	0	0	0	
509922	0	0	0	0	143	0	0	0	0	0	0	0	0	0	0	0	
510669	0	0	0	0	153	0	0	0	0	0	0	0	0	0	0	0	
511419	0	0	0	0	179	0	0	0	0	0	0	0	0	0	0	0	
512168	0	0	0	0	191	0	0	0	0	0	0	0	0	0	0	0	
512915	0	0	0	0	147	0	0	0	0	0	0	0	0	0	0	0	
513668	0	0	0	0	171	0	0	0	0	0	0	0	0	0	0	0	
514417	0	0	0	0	163	0	0	0	0	0	0	0	0	0	0	0	
515169	0	0	0	0	165	0	0	0	0	0	0	0	0	0	0	0	
515917	0	0	0	0	171	0	0	0	0	0	0	0	0	0	0	0	
516665	0	0	0	0	159	0	0	0	0	0	0	0	0	0	0	0	
517417	0	0	0	0	165	0	0	0	0	0	0	0	0	0	0	0	
518167	0	0	0	0	147	0	0	0	0	0	0	0	0	0	0	0	
518917	0	0	0	0	197	0	0	0	0	0	0	0	0	0	0	0	
519666	0	0	0	0	151	0	0	0	0	0	0	0	0	0	0	0	
520414	0	0	0	0	145	0	0	0	0	0	0	0	0	0	0	0	
521165	0	0	0	0	161	0	0	0	0	0	0	0	0	0	0	0	
521916	0	0	0	0	175	0	0	0	0	0	0	0	0	0	0	0	
522667	0	0	0	0	159	0	0	0	0	0	0	0	0	0	0	0	
523420	0	0	0	0	169	0	0	0	0	0	0	0	0	0	0	0	
524167	0	0	0	0	197	0	0	0	0	0	0	0	0	0	0	0	
524919	0	0	0	0	141	0	0	0	0	0	0	0	0	0	0	0	
525673	0	0	0	0	163	0	0	0	0	0	0	0	0	0	0	0	
526421	0	0	0	0	151	0	0	0	0	0	0	0	0	0	0	0	
527172	0	0	0	0	165	0	0	0	0	0	0	0	0	0	0	0	
527922	0	0	0	0	165	0	0	0	0	0	0	0	0	0	0	0	
528671	0	0	0	0	149	0	0	0	0	0	0	0	0	0	0	0	
529422	0	0	0	0	147	0	0	0	0	0	0	0	0	0	0	0	
530168	0	0	0	0	165	0	0	0	0	0	0	0	0	0	0	0	
530917	0	0	0	0	163	0	0	0	0	0	0	0	0	0	0	0	
531666	0	0	0	0	0	119	0	0	0	0	0	0	0	0	0	0	
532415	0	0	0	0	0	127	0	0	0	0	0	0	0	0	0	0	
533164	0	0	0	0	0	135	0	0	0	0	0	0	0	0	0	0	
533915	0	0	0	0	0	151	0	0	0	0	0	0	0	0	0	0	
534665	0	0	0	0	0	129	0	0	0	0	0	0	0	0	0	0	
535417	0	0	0	0	0	131	0	0	0	0	0	0	0	0	0	0	
536168	0	0	0	0	0	151	0	0	0	0	0	0	0	0	0	0	
536919	0	0	0	0	0	141	0	0	0	0	0	0	0	0	0	0	
537667	0	0	0	0	0	135	0	0	0	0	0	0	0	0	0	0	
538418	0	0	0	0	0	143	0	0	0	0	0	0	0	0	0	0	
539170	0	0	0	0	0	143	0	0	0	0	0	0	0	0	0	0	
539919	0	0	0	0	0	139	0	0	0	0	0	0	0	0	0	0	
540671	0	0	0	0	0	155	0	0	0	0	0	0	0	0	0	0	
541421	0	0	0	0	0	119	0	0	0	0	0	0	0	0	0	0	
542171	0	0	0	0	0	151	0	0	0	0	0	0	0	0	0	0	
542917	0	0	0	0	0	135	0	0	0	0	0	0	0	0	0	0	
543665	0	0	0	0	0	131	0	0	0	0	0	0	0	0	0	0	
544413	0	0	0	0	0	123	0	0	0	0	0	0	0	0	0	0	
545160	0	0	0	0	0	124	1	0	0	0	0	0	0	0	0	0	
545910	0	0	0	0	0	159	0	0	0	0	0	0	0	0	0	0	
546664	0	0	0	0	0	133	0	0	0	0	0	0	0	0	0	0	
547415	0	0	0	0	0	129	0	0	0	0	0	0	0	0	0	0	
548167	0	0	0	0	0	119	0	0	0	0	0	0	0	0	0	0	
548919	0	0	0	0	0	121	0	0	0	0	0	0	0	0	0	0	
549667	0	0	0	0	0	113	0	0	0	0	0	0	0	0	0	0	
550416	0	0	0	0	0	125	0	0	0	0	0	0	0	0	0	0	
551164	0	0	0	0	0	131	0	0	0	0	0	0	0	0	0	0	
551915	0	0	0	0	0	137	0	0	0	0	0	0	0	0	0	0	
552664	0	0	0	0	0	139	0	0	0	0	0	0	0	0	0	0	
553416	0	0	0	0	0	147	0	0	0	0	0	0	0	0	0	0	
554167	0	0	0	0	0	141	0	0	0	0	0	0	0	0	0	0	
554918	0	0	0	0	0	135	0	0	0	0	0	0	0	0	0	0	
555668	0	0	0	0	0	123	0	0	0	0	0	0	0	0	0	0	
556418	0	0	0	0	0	145	0	0	0	0	0	0	0	0	0	0	
557171	0	0	0	0	0	141	0	0	0	0	0	0	0	0	0	0	
557921	0	0	0	0	0	121	0	0	0	0	0	0	0	0	0	0	
558671	0	0	0	0	0	131	0	0	0	0	0	0	0	0	0	0	
559424	0	0	0	0	0	137	0	0	0	0	0	0	0	0	0	0	
560175	0	0	0	0	19	102	0	0	0	0	0	0	0	0	0	0	
560925	0	0	0	0	139	0	0	0	0	0	0	0	0	0	0	0	
561673	0	0	0	0	151	0	0	0	0	0	0	0	0	0	0	0	
562420	0	0	0	0	173	0	0	0	0	0	0	0	0	0	0	0	
563169	0	0	0	0	155	0	0	0	0	0	0	0	0	0	0	0	
563921	0	0	0	6	151	0	0	0	0	0	0	0	0	0	0	0	
564668	0	0	0	0	163	0	0	0	0	0	0	0	0	0	0	0	
565420	0	0	0	0	153	0	0	0	0	0	0	0	0	0	0	0	
566169	0	0	0	0	165	0	0	0	0	0	0	0	0	0	0	0	
566920	0	0	0	0	159	0	0	0	0	0	0	0	0	0	0	0	
567667	0	0	0	0	157	0	0	0	0	0	0	0	0	0	0	0	
568418	0	0	0	5	164	0	0	0	0	0	0	0	0	0	0	0	
569169	0	0	0	0	141	0	0	0	0	0	0	0	0	0	0	0	
569919	0	0	0	0	123	2	0	0	0	0	0	0	0	0	0	0	
570670	0	0	0	0	143	0	0	0	0	0	0	0	0	0	0	0	
571420	0	0	0	0	159	0	0	0	0	0	0	0	0	0	0	0	
572172	0	0	0	0	159	0	0	0	0	0	0	0	0	0	0	0	
572921	0	0	0	0	157	0	0	0	0	0	0	0	0	0	0	0	
573670	0	0	0	0	151	0	0	0	0	0	0	0	0	0	0	0	
574420	0	0	0	187	0	0	0	0	0	0	0	0	0	0	0	0	
575173	0	0	0	195	0	0	0	0	0	0	0	0	0	0	0	0	
575924	0	0	0	183	0	0	0	0	0	0	0	0	0	0	0	0	
576673	0	0	0	187	0	0	0	0	0	0	0	0	0	0	0	0	
577423	0	0	1	188	0	0	0	0	0	0	0	0	0	0	0	0	
578175	0	0	0	207	0	0	0	0	0	0	0	0	0	0	0	0	
578924	0	0	0	215	0	0	0	0	0	0	0	0	0	0	0	0	
579673	0	0	0	195	0	0	0	0	0	0	0	0	0	0	0	0	
580423	0	0	0	187	0	0	0	0	0	0	0	0	0	0	0	0	
581174	0	0	0	235	0	0	0	0	0	0	0	0	0	0	0	0	
581925	0	0	0	205	0	0	0	0	0	0	0	0	0	0	0	0	
582676	0	0	0	183	0	0	0	0	0	0	0	0	0	0	0	0	
583424	0	0	0	203	0	0	0	0	0	0	0	0	0	0	0	0	
584171	0	0	0	185	0	0	0	0	0	0	0	0	0	0	0	0	
584924	0	0	0	201	0	0	0	0	0	0	0	0	0	0	0	0	
585678	0	0	0	197	0	0	0	0	0	0	0	0	0	0	0	0	
586427	0	0	0	227	0	0	0	0	0	0	0	0	0	0	0	0	
587176	0	0	0	203	0	0	0	0	0	0	0	0	0	0	0	0	
587926	0	0	0	217	0	0	0	0	0	0	0	0	0	0	0	0	
588676	0	0	0	215	0	0	0	0	0	0	0	0	0	0	0	0	
589426	0	0	0	185	0	0	0	0	0	0	0	0	0	0	0	0	
590174	0	0	0	199	0	0	0	0	0	0	0	0	0	0	0	0	
590926	0	0	0	187	0	0	0	0	0	0	0	0	0	0	0	0	
591677	0	0	0	201	0	0	0	0	0	0	0	0	0	0	0	0	
592424	0	0	0	203	0	0	0	0	0	0	0	0	0	0	0	0	
593173	0	0	0	187	0	0	0	0	0	0	0	0	0	0	0	0	
593922	0	0	0	185	0	0	0	0	0	0	0	0	0	0	0	0	
594673	0	0	0	181	0	0	0	0	0	0	0	0	0	0	0	0	
595425	0	0	0	197	0	0	0	0	0	0	0	0	0	0	0	0	
596178	0	0	0	233	0	0	0	0	0	0	0	0	0	0	0	0	
596929	0	0	0	185	0	0	0	0	0	0	0	0	0	0	0	0	
597679	0	0	0	201	0	0	0	0	0	0	0	0	0	0	0	0	
598426	0	0	0	201	0	0	0	0	0	0	0	0	0	0	0	0	
599172	0	0	0	213	0	0	0	0	0	0	0	0	0	0	0	0	
599922	0	0	0	179	0	0	0	0	0	0	0	0	0	0	0	0	
600670	0	0	0	205	0	0	0	0	0	0	0	0	0	0	0	0	
601422	0	0	0	201	0	0	0	0	0	0	0	0	0	0	0	0	
602173	0	0	0	201	0	0	0	0	0	0	0	0	0	0	0	0	
602928	0	0	0	203	0	0	0	0	0	0	0	0	0	0	0	0	
603678	0	0	0	207	0	0	0	0	0	0	0	0	0	0	0	0	
604425	0	0	0	195	0	0	0	0	0	0	0	0	0	0	0	0	
605172	0	0	0	0	193	0	0	0	0	0	0	0	0	0	0	0	
605922	0	0	0	0	0	129	0	0	0	0	0	0	0	0	0	0	
606673	0	0	0	0	0	129	0	0	0	0	0	0	0	0	0	0	
607425	0	0	0	0	0	125	0	0	0	0	0	0	0	0	0	0	
608174	0	0	0	0	0	159	0	0	0	0	0	0	0	0	0	0	
608922	0	0	0	0	0	119	0	0	0	0	0	0	0	0	0	0	
609671	0	0	0	0	0	125	0	0	0	0	0	0	0	0	0	0	
610423	0	0	0	0	0	131	0	0	0	0	0	0	0	0	0	0	
611174	0	0	0	0	0	129	0	0	0	0	0	0	0	0	0	0	
611924	0	0	0	0	0	131	0	0	0	0	0	0	0	0	0	0	
612677	0	0	0	0	0	129	0	0	0	0	0	0	0	0	0	0	
613429	0	0	0	0	0	137	0	0	0	0	0	0	0	0	0	0	
614179	0	0	0	0	0	129	0	0	0	0	0	0	0	0	0	0	
614929	0	0	0	0	0	111	0	0	0	0	0	0	0	0	0	0	
615677	0	0	0	0	0	133	0	0	0	0	0	0	0	0	0	0	
616428	0	0	0	0	0	103	0	0	0	0	0	0	0	0	0	0	
617178	0	0	0	0	0	121	0	0	0	0	0	0	0	0	0	0	
617929	0	0	0	0	0	145	0	0	0	0	0	0	0	0	0	0	
618677	0	0	0	0	0	141	0	0	0	0	0	0	0	0	0	0	
619421	0	0	0	0	0	147	0	0	0	0	0	0	0	0	0	0	
620171	0	0	0	0	0	119	0	0	0	0	0	0	0	0	0	0	
620919	0	0	0	0	0	125	0	0	0	0	0	0	0	0	0	0	
621667	0	0	0	0	0	139	0	0	0	0	0	0	0	0	0	0	
622416	0	0	0	0	0	125	0	0	0	0	0	0	0	0	0	0	
623171	0	0	0	0	0	0	113	0	0	0	0	0	0	0	0	0	
623923	0	0	0	0	0	0	127	0	0	0	0	0	0	0	0	0	
624673	0	0	0	0	0	0	111	0	0	0	0	0	0	0	0	0	
625423	0	0	0	0	0	0	125	0	0	0	0	0	0	0	0	0	
626172	0	0	0	0	0	0	139	0	0	0	0	0	0	0	0	0	
626921	0	0	0	0	0	0	115	0	0	0	0	0	0	0	0	0	
627671	0	0	0	0	0	0	133	0	0	0	0	0	0	0	0	0	
628425	0	0	0	0	0	0	123	0	0	0	0	0	0	0	0	0	
629177	0	0	0	0	0	0	101	0	0	0	0	0	0	0	0	0	
629928	0	0	0	0	0	0	111	0	0	0	0	0	0	0	0	0	
630678	0	0	0	0	0	0	129	0	0	0	0	0	0	0	0	0	
631429	0	0	0	0	0	0	109	0	0	0	0	0	0	0	0	0	
632181	0	0	0	0	0	0	123	0	0	0	0	0	0	0	0	0	
632934	0	0	0	0	0	127	0	0	0	0	0	0	0	0	0	0	
633683	0	0	0	0	0	131	0	0	0	0	0	0	0	0	0	0	
634432	0	0	0	0	0	109	0	0	0	0	0	0	0	0	0	0	
635180	0	0	0	0	0	157	0	0	0	0	0	0	0	0	0	0	
635932	0	0	0	0	0	139	0	0	0	0	0	0	0	0	0	0	
636685	0	0	0	0	0	145	0	0	0	0	0	0	0	0	0	0	
637435	0	0	0	0	0	147	0	0	0	0	0	0	0	0	0	0	
638182	0	0	0	0	0	155	0	0	0	0	0	0	0	0	0	0	
638931	0	0	0	0	0	145	0	0	0	0	0	0	0	0	0	0	
639681	0	0	0	0	0	141	0	0	0	0	0	0	0	0	0	0	
640432	0	0	0	0	0	133	0	0	0	0	0	0	0	0	0	0	
641182	0	0	0	0	0	141	0	0	0	0	0	0	0	0	0	0	
641928	0	0	0	0	0	159	0	0	0	0	0	0	0	0	0	0	
642676	0	0	0	0	0	157	0	0	0	0	0	0	0	0	0	0	
643428	0	0	0	0	0	135	0	0	0	0	0	0	0	0	0	0	
644176	0	0	0	0	0	143	0	0	0	0	0	0	0	0	0	0	
644927	0	0	0	0	0	141	0	0	0	0	0	0	0	0	0	0	
645677	0	0	0	0	0	141	0	0	0	0	0	0	0	0	0	0	
646427	0	0	0	0	0	155	0	0	0	0	0	0	0	0	0	0	
647176	0	0	0	0	0	141	0	0	0	0	0	0	0	0	0	0	
647930	0	0	0	0	0	123	0	0	0	0	0	0	0	0	0	0	
648680	0	0	0	0	0	123	0	0	0	0	0	0	0	0	0	0	
649431	0	0	0	0	0	121	0	0	0	0	0	0	0	0	0	0	
650180	0	0	0	0	0	111	0	0	0	0	0	0	0	0	0	0	
650928	0	0	0	0	0	137	0	0	0	0	0	0	0	0	0	0	
651678	0	0	0	0	0	115	0	0	0	0	0	0	0	0	0	0	
652427	0	0	0	0	0	133	0	0	0	0	0	0	0	0	0	0	
653174	0	0	0	0	0	145	0	0	0	0	0	0	0	0	0	0	
653925	0	0	0	0	0	125	0	0	0	0	0	0	0	0	0	0	
654677	0	0	0	0	0	113	0	0	0	0	0	0	0	0	0	0	
655428	0	0	0	0	0	141	0	0	0	0	0	0	0	0	0	0	
656175	0	0	0	0	0	123	0	0	0	0	0	0	0	0	0	0	
656924	0	0	0	0	70	71	0	0	0	0	0	0	0	0	0	0	
657675	0	0	0	0	147	0	0	0	0	0	0	0	0	0	0	0	
658426	0	0	0	0	167	0	0	0	0	0	0	0	0	0	0	0	
659177	0	0	0	0	167	0	0	0	0	0	0	0	0	0	0	0	
659927	0	0	0	0	153	0	0	0	0	0	0	0	0	0	0	0	
660675	0	0	0	0	143	0	0	0	0	0	0	0	0	0	0	0	
661427	0	0	0	0	151	0	0	0	0	0	0	0	0	0	0	0	
662177	0	0	0	0	177	0	0	0	0	0	0	0	0	0	0	0	
662927	0	0	0	0	139	0	0	0	0	0	0	0	0	0	0	0	
663676	0	0	0	0	153	0	0	0	0	0	0	0	0	0	0	0	
664425	0	0	0	0	169	0	0	0	0	0	0	0	0	0	0	0	
665175	0	0	0	0	155	0	0	0	0	0	0	0	0	0	0	0	
665924	0	0	0	0	151	0	0	0	0	0	0	0	0	0	0	0	
666670	0	0	0	0	159	0	0	0	0	0	0	0	0	0	0	0	
667423	0	0	0	0	145	0	0	0	0	0	0	0	0	0	0	0	
668174	0	0	0	0	143	0	0	0	0	0	0	0	0	0	0	0	
668927	0	0	0	0	139	0	0	0	0	0	0	0	0	0	0	0	
669678	0	0	0	0	143	0	0	0	0	0	0	0	0	0	0	0	
670429	0	0	0	0	165	0	0	0	0	0	0	0	0	0	0	0	
671180	0	0	0	0	171	0	0	0	0	0	0	0	0	0	0	0	
671929	0	0	0	0	177	0	0	0	0	0	0	0	0	0	0	0	
672679	0	0	0	0	161	0	0	0	0	0	0	0	0	0	0	0	
673426	0	0	0	0	151	0	0	0	0	0	0	0	0	0	0	0	
674175	0	0	0	0	151	0	0	0	0	0	0	0	0	0	0	0	
674926	0	0	0	0	151	0	0	0	0	0	0	0	0	0	0	0	
675676	0	0	0	0	145	2	0	0	0	0	0	0	0	0	0	0	
676425	0	0	0	0	161	0	0	0	0	0	0	0	0	0	0	0	
677173	0	0	0	0	189	0	0	0	0	0	0	0	0	0	0	0	
677923	0	0	0	0	169	0	0	0	0	0	0	0	0	0	0	0	
678673	0	0	0	0	167	0	0	0	0	0	0	0	0	0	0	0	
679425	0	0	0	0	157	0	0	0	0	0	0	0	0	0	0	0	
680175	0	0	0	0	155	0	0	0	0	0	0	0	0	0	0	0	
680929	0	0	0	0	151	0	0	0	0	0	0	0	0	0	0	0	
681678	0	0	0	0	153	0	0	0	0	0	0	0	0	0	0	0	
682427	0	0	0	0	141	0	0	0	0	0	0	0	0	0	0	0	
683176	0	0	0	0	167	0	0	0	0	0	0	0	0	0	0	0	
683925	0	0	0	0	153	0	0	0	0	0	0	0	0	0	0	0	
684675	0	0	0	0	161	0	0	0	0	0	0	0	0	0	0	0	
685422	0	0	0	0	171	0	0	0	0	0	0	0	0	0	0	0	
686171	0	0	0	0	165	0	0	0	0	0	0	0	0	0	0	0	
686921	0	0	0	0	163	0	0	0	0	0	0	0	0	0	0	0	
687671	0	0	0	0	173	0	0	0	0	0	0	0	0	0	0	0	
688420	0	0	0	0	161	0	0	0	0	0	0	0	0	0	0	0	
689170	0	0	0	0	157	0	0	0	0	0	0	0	0	0	0	0	
689919	0	0	0	0	163	0	0	0	0	0	0	0	0	0	0	0	
690668	0	0	0	0	159	0	0	0	0	0	0	0	0	0	0	0	
691417	0	0	0	0	159	0	0	0	0	0	0	0	0	0	0	0	
692170	0	0	0	0	143	0	0	0	0	0	0	0	0	0	0	0	
692922	0	0	0	0	169	0	0	0	0	0	0	0	0	0	0	0	
693672	0	0	0	0	145	0	0	0	0	0	0	0	0	0	0	0	
694419	0	0	0	0	177	0	0	0	0	0	0	0	0	0	0	0	
695169	0	0	0	0	183	0	0	0	0	0	0	0	0	0	0	0	
695918	0	0	0	0	169	0	0	0	0	0	0	0	0	0	0	0	
696672	0	0	0	0	177	0	0	0	0	0	0	0	0	0	0	0	
697424	0	0	0	0	169	0	0	0	0	0	0	0	0	0	0	0	
698172	0	0	0	0	155	0	0	0	0	0	0	0	0	0	0	0	
698924	0	0	0	24	149	0	0	0	0	0	0	0	0	0	0	0	
699670	0	0	0	0	157	0	0	0	0	0	0	0	0	0	0	0	
700420	0	0	0	0	173	0	0	0	0	0	0	0	0	0	0	0	
701168	0	0	0	0	155	0	0	0	0	0	0	0	0	0	0	0	
701920	0	0	0	0	165	4	0	0	0	0	0	0	0	0	0	0	
702669	0	0	0	0	171	0	0	0	0	0	0	0	0	0	0	0	
703417	0	0	0	0	171	0	0	0	0	0	0	0	0	0	0	0	
704167	0	0	0	0	165	0	0	0	0	0	0	0	0	0	0	0	
704920	0	0	0	0	147	0	0	0	0	0	0	0	0	0	0	0	
705672	0	0	0	0	165	0	0	0	0	0	0	0	0	0	0	0	
706423	0	0	0	0	173	0	0	0	0	0	0	0	0	0	0	0	
707175	0	0	0	0	151	0	0	0	0	0	0	0	0	0	0	0	
707924	0	0	0	0	183	0	0	0	0	0	0	0	0	0	0	0	
708672	0	0	0	0	173	0	0	0	0	0	0	0	0	0	0	0	
709423	0	0	0	0	151	0	0	0	0	0	0	0	0	0	0	0	
710176	0	0	0	0	157	0	0	0	0	0	0	0	0	0	0	0	
710926	0	0	0	0	153	0	0	0	0	0	0	0	0	0	0	0	
711677	0	0	0	0	143	0	0	0	0	0	0	0	0	0	0	0	
712428	0	0	0	0	159	0	0	0	0	0	0	0	0	0	0	0	
713180	0	0	0	0	157	0	0	0	0	0	0	0	0	0	0	0	
713926	0	0	0	0	155	0	0	0	0	0	0	0	0	0	0	0	
714676	0	0	0	0	161	0	0	0	0	0	0	0	0	0	0	0	
715427	0	0	0	0	157	0	0	0	0	0	0	0	0	0	0	0	
716179	0	0	0	0	153	0	0	0	0	0	0	0	0	0	0	0	
716931	0	0	0	0	153	0	0	0	0	0	0	0	0	0	0	0	
717683	0	0	0	0	173	0	0	0	0	0	0	0	0	0	0	0	
718433	0	0	0	0	143	0	0	0	0	0	0	0	0	0	0	0	
719184	0	0	0	0	171	0	0	0	0	0	0	0	0	0	0	0	
719937	0	0	0	0	161	0	0	0	0	0	0	0	0	0	0	0	
720688	0	0	0	159	0	0	0	0	0	0	0	0	0	0	0	0	
721436	0	0	0	203	0	0	0	0	0	0	0	0	0	0	0	0	
722188	0	0	0	193	0	0	0	0	0	0	0	0	0	0	0	0	
722942	0	0	41	180	0	0	0	0	0	0	0	0	0	0	0	0	
723691	0	0	277	0	0	0	0	0	0	0	0	0	0	0	0	0	
724444	0	0	233	0	0	0	0	0	0	0	0	0	0	0	0	0	
725193	0	0	245	0	0	0	0	0	0	0	0	0	0	0	0	0	
725943	0	0	243	0	0	0	0	0	0	0	0	0	0	0	0	0	
726693	0	0	247	0	0	0	0	0	0	0	0	0	0	0	0	0	
727442	0	0	247	0	0	0	0	0	0	0	0	0	0	0	0	0	
728193	0	0	253	0	0	0	0	0	0	0	0	0	0	0	0	0	
728943	0	0	237	0	0	0	0	0	0	0	0	0	0	0	0	0	
729694	0	0	275	0	0	0	0	0	0	0	0	0	0	0	0	0	
730449	0	5	250	0	0	0	0	0	0	0	0	0	0	0	0	0	
731201	0	0	293	0	0	0	0	0	0	0	0	0	0	0	0	0	
731950	0	0	287	0	0	0	0	0	0	0	0	0	0	0	0	0	
732701	0	0	263	0	0	0	0	0	0	0	0	0	0	0	0	0	
733451	0	0	261	0	0	0	0	0	0	0	0	0	0	0	0	0	
734202	0	0	269	0	0	0	0	0	0	0	0	0	0	0	0	0	
734953	0	0	275	0	0	0	0	0	0	0	0	0	0	0	0	0	
735708	0	0	255	0	0	0	0	0	0	0	0	0	0	0	0	0	
736460	0	0	285	0	0	0	0	0	0	0	0	0	0	0	0	0	
737208	0	0	275	0	0	0	0	0	0	0	0	0	0	0	0	0	
737958	0	0	267	0	0	0	0	0	0	0	0	0	0	0	0	0	
738708	0	0	229	0	0	0	0	0	0	0	0	0	0	0	0	0	
739456	0	0	265	0	0	0	0	0	0	0	0	0	0	0	0	0	
740208	0	0	223	0	0	0	0	0	0	0	0	0	0	0	0	0	
740958	0	0	255	0	0	0	0	0	0	0	0	0	0	0	0	0	
741706	0	0	243	0	0	0	0	0	0	0	0	0	0	0	0	0	
742457	0	0	253	0	0	0	0	0	0	0	0	0	0	0	0	0	
743207	0	0	291	0	0	0	0	0	0	0	0	0	0	0	0	0	
743958	0	0	269	0	0	0	0	0	0	0	0	0	0	0	0	0	
744707	0	0	265	0	0	0	0	0	0	0	0	0	0	0	0	0	
745459	0	0	249	0	0	0	0	0	0	0	0	0	0	0	0	0	
746209	0	0	263	0	0	0	0	0	0	0	0	0	0	0	0	0	
746956	0	0	287	0	0	0	0	0	0	0	0	0	0	0	0	0	
747707	0	0	281	0	0	0	0	0	0	0	0	0	0	0	0	0	
748460	0	0	277	0	0	0	0	0	0	0	0	0	0	0	0	0	
749211	0	85	226	0	0	0	0	0	0	0	0	0	0	0	0	0	
749962	0	425	0	0	0	0	0	0	0	0	0	0	0	0	0	0	
750713	0	395	0	0	0	0	0	0	0	0	0	0	0	0	0	0	
751462	0	375	0	0	0	0	0	0	0	0	0	0	0	0	0	0	
752210	0	395	0	0	0	0	0	0	0	0	0	0	0	0	0	0	
752959	0	417	0	0	0	0	0	0	0	0	0	0	0	0	0	0	
753710	0	389	0	0	0	0	0	0	0	0	0	0	0	0	0	0	
754461	3	380	0	0	0	0	0	0	0	0	0	0	0	0	0	0	
755211	0	417	0	0	0	0	0	0	0	0	0	0	0	0	0	0	
755962	0	415	0	0	0	0	0	0	0	0	0	0	0	0	0	0	
756714	0	401	0	0	0	0	0	0	0	0	0	0	0	0	0	0	
757463	0	419	0	0	0	0	0	0	0	0	0	0	0	0	0	0	
758213	0	439	0	0	0	0	0	0	0	0	0	0	0	0	0	0	
758965	0	387	0	0	0	0	0	0	0	0	0	0	0	0	0	0	
759712	0	405	0	0	0	0	0	0	0	0	0	0	0	0	0	0	
760462	0	0	241	0	0	0	0	0	0	0	0	0	0	0	0	0	
761214	0	12	263	0	0	0	0	0	0	0	0	0	0	0	0	0	
761963	0	0	299	0	0	0	0	0	0	0	0	0	0	0	0	0	
762713	0	0	267	0	0	0	0	0	0	0	0	0	0	0	0	0	
763465	0	0	257	0	0	0	0	0	0	0	0	0	0	0	0	0	
764214	0	0	283	0	0	0	0	0	0	0	0	0	0	0	0	0	
764962	0	0	327	0	0	0	0	0	0	0	0	0	0	0	0	0	
765713	0	0	265	0	0	0	0	0	0	0	0	0	0	0	0	0	
766464	0	0	237	0	0	0	0	0	0	0	0	0	0	0	0	0	
767212	0	0	277	0	0	0	0	0	0	0	0	0	0	0	0	0	
767963	0	0	267	0	0	0	0	0	0	0	0	0	0	0	0	0	
768713	0	169	138	0	0	0	0	0	0	0	0	0	0	0	0	0	
769464	0	0	303	0	0	0	0	0	0	0	0	0	0	0	0	0	
770212	0	0	275	0	0	0	0	0	0	0	0	0	0	0	0	0	
770960	0	0	251	0	0	0	0	0	0	0	0	0	0	0	0	0	
771709	0	0	261	0	0	0	0	0	0	0	0	0	0	0	0	0	
772456	0	0	263	0	0	0	0	0	0	0	0	0	0	0	0	0	
773206	0	0	285	0	0	0	0	0	0	0	0	0	0	0	0	0	
773953	0	0	265	0	0	0	0	0	0	0	0	0	0	0	0	0	
774702	0	0	279	0	0	0	0	0	0	0	0	0	0	0	0	0	
775452	0	0	247	0	0	0	0	0	0	0	0	0	0	0	0	0	
776198	0	67	244	0	0	0	0	0	0	0	0	0	0	0	0	0	
776947	0	0	95	116	0	0	0	0	0	0	0	0	0	0	0	0	
777698	0	0	261	0	0	0	0	0	0	0	0	0	0	0	0	0	
778449	0	0	289	0	0	0	0	0	0	0	0	0	0	0	0	0	
779200	0	0	263	0	0	0	0	0	0	0	0	0	0	0	0	0	
779951	0	0	285	0	0	0	0	0	0	0	0	0	0	0	0	0	
780702	0	0	301	0	0	0	0	0	0	0	0	0	0	0	0	0	
781453	0	0	246	1	0	0	0	0	0	0	0	0	0	0	0	0	
782207	0	0	257	0	0	0	0	0	0	0	0	0	0	0	0	0	
782956	0	0	275	0	0	0	0	0	0	0	0	0	0	0	0	0	
783703	0	0	253	0	0	0	0	0	0	0	0	0	0	0	0	0	
784454	0	0	251	0	0	0	0	0	0	0	0	0	0	0	0	0	
785207	0	0	261	0	0	0	0	0	0	0	0	0	0	0	0	0	
785957	0	0	255	0	0	0	0	0	0	0	0	0	0	0	0	0	
786712	0	0	257	0	0	0	0	0	0	0	0	0	0	0	0	0	
787465	0	0	261	0	0	0	0	0	0	0	0	0	0	0	0	0	
788215	0	0	277	0	0	0	0	0	0	0	0	0	0	0	0	0	
788965	0	0	247	0	0	0	0	0	0	0	0	0	0	0	0	0	
789716	0	0	249	12	0	0	0	0	0	0	0	0	0	0	0	0	
790465	0	0	277	0	0	0	0	0	0	0	0	0	0	0	0	0	
791215	0	13	244	0	0	0	0	0	0	0	0	0	0	0	0	0	
791969	0	0	295	0	0	0	0	0	0	0	0	0	0	0	0	0	
792722	0	0	269	0	0	0	0	0	0	0	0	0	0	0	0	0	
793471	0	0	281	0	0	0	0	0	0	0	0	0	0	0	0	0	
794221	0	0	271	0	0	0	0	0	0	0	0	0	0	0	0	0	
794972	0	0	255	0	0	0	0	0	0	0	0	0	0	0	0	0	
795723	0	0	281	0	0	0	0	0	0	0	0	0	0	0	0	0	
796473	0	0	271	0	0	0	0	0	0	0	0	0	0	0	0	0	
797223	0	0	275	0	0	0	0	0	0	0	0	0	0	0	0	0	
797968	0	0	273	0	0	0	0	0	0	0	0	0	0	0	0	0	
798717	0	0	251	0	0	0	0	0	0	0	0	0	0	0	0	0	
799466	0	0	249	0	0	0	0	0	0	0	0	0	0	0	0	0	
800214	0	0	283	0	0	0	0	0	0	0	0	0	0	0	0	0	
800964	0	0	247	0	0	0	0	0	0	0	0	0	0	0	0	0	
801714	0	0	245	0	0	0	0	0	0	0	0	0	0	0	0	0	
802466	0	0	259	0	0	0	0	0	0	0	0	0	0	0	0	0	
803214	0	0	247	0	0	0	0	0	0	0	0	0	0	0	0	0	
803964	0	15	238	0	0	0	0	0	0	0	0	0	0	0	0	0	
804711	0	0	283	0	0	0	0	0	0	0	0	0	0	0	0	0	
805460	0	0	259	0	0	0	0	0	0	0	0	0	0	0	0	0	
806210	0	0	255	0	0	0	0	0	0	0	0	0	0	0	0	0	
806963	0	0	261	0	0	0	0	0	0	0	0	0	0	0	0	0	
807714	0	0	251	0	0	0	0	0	0	0	0	0	0	0	0	0	
808463	0	0	261	0	0	0	0	0	0	0	0	0	0	0	0	0	
809214	0	0	287	0	0	0	0	0	0	0	0	0	0	0	0	0	
809961	0	0	283	0	0	0	0	0	0	0	0	0	0	0	0	0	
810711	0	0	255	0	0	0	0	0	0	0	0	0	0	0	0	0	
811463	0	0	257	0	0	0	0	0	0	0	0	0	0	0	0	0	
812211	0	0	259	0	0	0	0	0	0	0	0	0	0	0	0	0	
812959	0	0	259	0	0	0	0	0	0	0	0	0	0	0	0	0	
813711	0	0	271	0	0	0	0	0	0	0	0	0	0	0	0	0	
814458	0	0	291	0	0	0	0	0	0	0	0	0	0	0	0	0	
815208	0	0	255	0	0	0	0	0	0	0	0	0	0	0	0	0	
815958	0	0	263	0	0	0	0	0	0	0	0	0	0	0	0	0	
816711	0	0	267	0	0	0	0	0	0	0	0	0	0	0	0	0	
817463	0	0	263	0	0	0	0	0	0	0	0	0	0	0	0	0	
818214	0	0	275	0	0	0	0	0	0	0	0	0	0	0	0	0	
818966	0	0	267	0	0	0	0	0	0	0	0	0	0	0	0	0	
819713	0	0	255	0	0	0	0	0	0	0	0	0	0	0	0	0	
820464	0	0	299	0	0	0	0	0	0	0	0	0	0	0	0	0	
821214	0	0	255	0	0	0	0	0	0	0	0	0	0	0	0	0	
821961	0	0	259	0	0	0	0	0	0	0	0	0	0	0	0	0	
822713	0	1	248	24	0	0	0	0	0	0	0	0	0	0	0	0	
823462	0	0	287	0	0	0	0	0	0	0	0	0	0	0	0	0	
824211	0	0	257	0	0	0	0	0	0	0	0	0	0	0	0	0	
824962	0	0	267	0	0	0	0	0	0	0	0	0	0	0	0	0	
825714	0	0	271	0	0	0	0	0	0	0	0	0	0	0	0	0	
826464	0	0	273	0	0	0	0	0	0	0	0	0	0	0	0	0	
827215	0	70	223	0	0	0	0	0	0	0	0	0	0	0	0	0	
827962	0	0	249	0	0	0	0	0	0	0	0	0	0	0	0	0	
828709	0	0	263	0	0	0	0	0	0	0	0	0	0	0	0	0	
829462	0	0	279	0	0	0	0	0	0	0	0	0	0	0	0	0	
830210	0	0	267	0	0	0	0	0	0	0	0	0	0	0	0	0	
830959	0	0	271	0	0	0	0	0	0	0	0	0	0	0	0	0	
831710	0	0	249	0	0	0	0	0	0	0	0	0	0	0	0	0	
832462	0	0	259	0	0	0	0	0	0	0	0	0	0	0	0	0	
833212	0	0	268	3	0	0	0	0	0	0	0	0	0	0	0	0	
833962	0	0	261	0	0	0	0	0	0	0	0	0	0	0	0	0	
834710	0	0	279	0	0	0	0	0	0	0	0	0	0	0	0	0	
835461	0	0	237	0	0	0	0	0	0	0	0	0	0	0	0	0	
836208	0	0	251	0	0	0	0	0	0	0	0	0	0	0	0	0	
836956	0	0	267	0	0	0	0	0	0	0	0	0	0	0	0	0	
837704	0	0	265	0	0	0	0	0	0	0	0	0	0	0	0	0	
838454	0	0	257	0	0	0	0	0	0	0	0	0	0	0	0	0	
839205	0	0	295	0	0	0	0	0	0	0	0	0	0	0	0	0	
839956	0	0	273	0	0	0	0	0	0	0	0	0	0	0	0	0	
840705	0	0	237	0	0	0	0	0	0	0	0	0	0	0	0	0	
841456	0	0	303	0	0	0	0	0	0	0	0	0	0	0	0	0	
842205	0	0	301	0	0	0	0	0	0	0	0	0	0	0	0	0	
842953	0	0	265	0	0	0	0	0	0	0	0	0	0	0	0	0	
843704	0	0	267	0	0	0	0	0	0	0	0	0	0	0	0	0	
844455	0	0	245	0	0	0	0	0	0	0	0	0	0	0	0	0	
845205	0	0	249	0	0	0	0	0	0	0	0	0	0	0	0	0	
845957	0	0	261	0	0	0	0	0	0	0	0	0	0	0	0	0	
846708	0	0	275	0	0	0	0	0	0	0	0	0	0	0	0	0	
847460	0	0	265	0	0	0	0	0	0	0	0	0	0	0	0	0	
848210	0	0	289	0	0	0	0	0	0	0	0	0	0	0	0	0	
848963	0	0	265	0	0	0	0	0	0	0	0	0	0	0	0	0	
849714	0	0	273	0	0	0	0	0	0	0	0	0	0	0	0	0	
850465	0	0	259	0	0	0	0	0	0	0	0	0	0	0	0	0	
851214	0	0	253	0	0	0	0	0	0	0	0	0	0	0	0	0	
851961	0	0	241	0	0	0	0	0	0	0	0	0	0	0	0	0	
852709	0	0	271	0	0	0	0	0	0	0	0	0	0	0	0	0	
853461	0	0	279	0	0	0	0	0	0	0	0	0	0	0	0	0	
854211	0	0	239	0	0	0	0	0	0	0	0	0	0	0	0	0	
854964	0	0	283	0	0	0	0	0	0	0	0	0	0	0	0	0	
855718	0	0	243	0	0	0	0	0	0	0	0	0	0	0	0	0	
856469	0	0	279	0	0	0	0	0	0	0	0	0	0	0	0	0	
857217	0	0	283	0	0	0	0	0	0	0	0	0	0	0	0	0	
857968	0	0	235	0	0	0	0	0	0	0	0	0	0	0	0	0	
858719	0	0	277	0	0	0	0	0	0	0	0	0	0	0	0	0	
859466	0	0	269	0	0	0	0	0	0	0	0	0	0	0	0	0	
860216	0	0	269	0	0	0	0	0	0	0	0	0	0	0	0	0	
860966	0	0	255	0	0	0	0	0	0	0	0	0	0	0	0	0	
861713	0	0	263	0	0	0	0	0	0	0	0	0	0	0	0	0	
862463	0	68	201	0	0	0	0	0	0	0	0	0	0	0	0	0	
863217	0	0	247	0	0	0	0	0	0	0	0	0	0	0	0	0	
863970	0	381	0	0	0	0	0	0	0	0	0	0	0	0	0	0	
864719	0	391	0	0	0	0	0	0	0	0	0	0	0	0	0	0	
865467	1	372	0	0	0	0	0	0	0	0	0	0	0	0	0	0	
866217	15	378	0	0	0	0	0	0	0	0	0	0	0	0	0	0	
866966	0	391	0	0	0	0	0	0	0	0	0	0	0	0	0	0	
867718	0	417	0	0	0	0	0	0	0	0	0	0	0	0	0	0	
868467	0	409	0	0	0	0	0	0	0	0	0	0	0	0	0	0	
869218	0	363	0	0	0	0	0	0	0	0	0	0	0	0	0	0	
869969	0	395	0	0	0	0	0	0	0	0	0	0	0	0	0	0	
870717	0	393	0	0	0	0	0	0	0	0	0	0	0	0	0	0	
871467	0	407	0	0	0	0	0	0	0	0	0	0	0	0	0	0	
872217	0	393	0	0	0	0	0	0	0	0	0	0	0	0	0	0	
872964	0	403	0	0	0	0	0	0	0	0	0	0	0	0	0	0	
873714	0	385	0	0	0	0	0	0	0	0	0	0	0	0	0	0	
874464	0	365	0	0	0	0	0	0	0	0	0	0	0	0	0	0	
875216	0	413	0	0	0	0	0	0	0	0	0	0	0	0	0	0	
875961	0	0	291	0	0	0	0	0	0	0	0	0	0	0	0	0	
876715	0	0	259	0	0	0	0	0	0	0	0	0	0	0	0	0	
877468	0	0	271	0	0	0	0	0	0	0	0	0	0	0	0	0	
878217	0	0	245	0	0	0	0	0	0	0	0	0	0	0	0	0	
878968	0	0	251	0	0	0	0	0	0	0	0	0	0	0	0	0	
879722	0	0	247	0	0	0	0	0	0	0	0	0	0	0	0	0	
880470	0	0	263	0	0	0	0	0	0	0	0	0	0	0	0	0	
881221	0	0	122	131	0	0	0	0	0	0	0	0	0	0	0	0	
881972	0	0	247	0	0	0	0	0	0	0	0	0	0	0	0	0	
882721	0	0	245	0	0	0	0	0	0	0	0	0	0	0	0	0	
883471	0	0	275	0	0	0	0	0	0	0	0	0	0	0	0	0	
884221	0	0	253	0	0	0	0	0	0	0	0	0	0	0	0	0	
884971	0	0	281	0	0	0	0	0	0	0	0	0	0	0	0	0	
885722	0	0	259	0	0	0	0	0	0	0	0	0	0	0	0	0	
886472	0	0	281	0	0	0	0	0	0	0	0	0	0	0	0	0	
887223	0	0	263	0	0	0	0	0	0	0	0	0	0	0	0	0	
887972	0	0	269	0	0	0	0	0	0	0	0	0	0	0	0	0	
888721	0	0	261	0	0	0	0	0	0	0	0	0	0	0	0	0	
889471	0	0	243	0	0	0	0	0	0	0	0	0	0	0	0	0	
890223	0	0	255	0	0	0	0	0	0	0	0	0	0	0	0	0	
890973	0	0	214	19	0	0	0	0	0	0	0	0	0	0	0	0	
891723	0	0	261	0	0	0	0	0	0	0	0	0	0	0	0	0	
892474	0	0	293	0	0	0	0	0	0	0	0	0	0	0	0	0	
893221	0	0	287	0	0	0	0	0	0	0	0	0	0	0	0	0	
893974	0	0	277	0	0	0	0	0	0	0	0	0	0	0	0	0	
894725	0	0	275	0	0	0	0	0	0	0	0	0	0	0	0	0	
895475	0	0	255	0	0	0	0	0	0	0	0	0	0	0	0	0	
896224	0	0	265	0	0	0	0	0	0	0	0	0	0	0	0	0	
896975	0	0	259	0	0	0	0	0	0	0	0	0	0	0	0	0	
897725	0	0	275	0	0	0	0	0	0	0	0	0	0	0	0	0	
898480	0	0	291	0	0	0	0	0	0	0	0	0	0	0	0	0	
899233	0	0	241	0	0	0	0	0	0	0	0	0	0	0	0	0	
899985	0	0	259	0	0	0	0	0	0	0	0	0	0	0	0	0	
900737	0	0	269	0	0	0	0	0	0	0	0	0	0	0	0	0	
901487	0	0	281	0	0	0	0	0	0	0	0	0	0	0	0	0	
902239	0	0	285	0	0	0	0	0	0	0	0	0	0	0	0	0	
902992	0	0	237	0	0	0	0	0	0	0	0	0	0	0	0	0	
903741	0	0	255	0	0	0	0	0	0	0	0	0	0	0	0	0	
904487	0	0	273	0	0	0	0	0	0	0	0	0	0	0	0	0	
905238	0	0	263	0	0	0	0	0	0	0	0	0	0	0	0	0	
905989	0	0	259	0	0	0	0	0	0	0	0	0	0	0	0	0	
906741	0	0	263	0	0	0	0	0	0	0	0	0	0	0	0	0	
907487	0	0	251	0	0	0	0	0	0	0	0	0	0	0	0	0	
908236	0	0	293	0	0	0	0	0	0	0	0	0	0	0	0	0	
908986	0	0	245	0	0	0	0	0	0	0	0	0	0	0	0	0	
909736	0	0	265	0	0	0	0	0	0	0	0	0	0	0	0	0	
910486	0	0	279	0	0	0	0	0	0	0	0	0	0	0	0	0	
911234	0	0	255	0	0	0	0	0	0	0	0	0	0	0	0	0	
911986	0	0	293	0	0	0	0	0	0	0	0	0	0	0	0	0	
912737	0	0	243	0	0	0	0	0	0	0	0	0	0	0	0	0	
913488	0	0	277	0	0	0	0	0	0	0	0	0	0	0	0	0	
914240	0	0	259	0	0	0	0	0	0	0	0	0	0	0	0	0	
914989	0	0	281	0	0	0	0	0	0	0	0	0	0	0	0	0	
915740	0	0	243	0	0	0	0	0	0	0	0	0	0	0	0	0	
916487	0	0	261	0	0	0	0	0	0	0	0	0	0	0	0	0	
917234	0	0	267	0	0	0	0	0	0	0	0	0	0	0	0	0	
917981	0	0	241	0	0	0	0	0	0	0	0	0	0	0	0	0	
918733	0	0	257	0	0	0	0	0	0	0	0	0	0	0	0	0	
919481	0	0	277	0	0	0	0	0	0	0	0	0	0	0	0	0	
920232	0	0	253	0	0	0	0	0	0	0	0	0	0	0	0	0	
920979	0	1	252	0	0	0	0	0	0	0	0	0	0	0	0	0	
921731	0	0	251	0	0	0	0	0	0	0	0	0	0	0	0	0	
922479	0	0	281	0	0	0	0	0	0	0	0	0	0	0	0	0	
923229	0	0	247	0	0	0	0	0	0	0	0	0	0	0	0	0	
923980	0	0	261	0	0	0	0	0	0	0	0	0	0	0	0	0	
924730	0	0	247	0	0	0	0	0	0	0	0	0	0	0	0	0	
925479	0	0	243	0	0	0	0	0	0	0	0	0	0	0	0	0	
926223	0	0	265	0	0	0	0	0	0	0	0	0	0	0	0	0	
926973	0	37	252	0	0	0	0	0	0	0	0	0	0	0	0	0	
927722	0	0	287	0	0	0	0	0	0	0	0	0	0	0	0	0	
928474	0	0	261	0	0	0	0	0	0	0	0	0	0	0	0	0	
929226	0	99	180	0	0	0	0	0	0	0	0	0	0	0	0	0	
929977	0	0	178	63	0	0	0	0	0	0	0	0	0	0	0	0	
930727	0	0	0	209	0	0	0	0	0	0	0	0	0	0	0	0	
931474	0	0	0	199	0	0	0	0	0	0	0	0	0	0	0	0	
932224	0	0	0	189	0	0	0	0	0	0	0	0	0	0	0	0	
932973	0	0	0	187	0	0	0	0	0	0	0	0	0	0	0	0	
933722	0	0	0	221	0	0	0	0	0	0	0	0	0	0	0	0	
934468	0	0	0	3	158	0	0	0	0	0	0	0	0	0	0	0	
935218	0	0	0	0	141	0	0	0	0	0	0	0	0	0	0	0	
935965	0	0	0	0	171	0	0	0	0	0	0	0	0	0	0	0	
936718	0	0	0	0	159	0	0	0	0	0	0	0	0	0	0	0	
937468	0	0	0	0	149	0	0	0	0	0	0	0	0	0	0	0	
938218	0	0	0	0	145	0	0	0	0	0	0	0	0	0	0	0	
938970	0	0	0	0	171	0	0	0	0	0	0	0	0	0	0	0	
939722	0	0	0	0	159	0	0	0	0	0	0	0	0	0	0	0	
940472	0	0	0	0	191	0	0	0	0	0	0	0	0	0	0	0	
941222	0	0	0	0	163	0	0	0	0	0	0	0	0	0	0	0	
941973	0	0	0	0	165	0	0	0	0	0	0	0	0	0	0	0	
942723	0	0	0	183	0	0	0	0	0	0	0	0	0	0	0	0	
943474	0	0	0	181	0	0	0	0	0	0	0	0	0	0	0	0	
944221	0	0	0	185	0	0	0	0	0	0	0	0	0	0	0	0	
944974	0	0	0	233	0	0	0	0	0	0	0	0	0	0	0	0	
945723	0	0	0	207	0	0	0	0	0	0	0	0	0	0	0	0	
946470	0	0	0	169	0	0	0	0	0	0	0	0	0	0	0	0	
947224	0	0	0	199	0	0	0	0	0	0	0	0	0	0	0	0	
947976	0	0	0	183	0	0	0	0	0	0	0	0	0	0	0	0	
948726	0	0	0	205	0	0	0	0	0	0	0	0	0	0	0	0	
949471	0	0	0	203	0	0	0	0	0	0	0	0	0	0	0	0	
950222	0	0	187	64	0	0	0	0	0	0	0	0	0	0	0	0	
950973	0	0	247	0	0	0	0	0	0	0	0	0	0	0	0	0	
951722	0	0	263	0	0	0	0	0	0	0	0	0	0	0	0	0	
952470	0	0	275	0	0	0	0	0	0	0	0	0	0	0	0	0	
953219	0	0	265	0	0	0	0	0	0	0	0	0	0	0	0	0	
953971	0	0	297	0	0	0	0	0	0	0	0	0	0	0	0	0	
954719	0	0	229	0	0	0	0	0	0	0	0	0	0	0	0	0	
955469	0	0	241	0	0	0	0	0	0	0	0	0	0	0	0	0	
956217	0	0	263	0	0	0	0	0	0	0	0	0	0	0	0	0	
956965	0	0	307	0	0	0	0	0	0	0	0	0	0	0	0	0	
957716	0	0	281	0	0	0	0	0	0	0	0	0	0	0	0	0	
958469	0	0	281	0	0	0	0	0	0	0	0	0	0	0	0	0	
959218	0	0	267	0	0	0	0	0	0	0	0	0	0	0	0	0	
959968	0	0	253	0	0	0	0	0	0	0	0	0	0	0	0	0	
960719	0	0	279	0	0	0	0	0	0	0	0	0	0	0	0	0	
961472	0	0	271	0	0	0	0	0	0	0	0	0	0	0	0	0	
962219	0	0	267	0	0	0	0	0	0	0	0	0	0	0	0	0	
962970	0	0	287	0	0	0	0	0	0	0	0	0	0	0	0	0	
963721	0	0	241	0	0	0	0	0	0	0	0	0	0	0	0	0	
964472	0	0	281	0	0	0	0	0	0	0	0	0	0	0	0	0	
965219	0	0	265	0	0	0	0	0	0	0	0	0	0	0	0	0	
965970	0	0	269	0	0	0	0	0	0	0	0	0	0	0	0	0	
966721	0	0	267	0	0	0	0	0	0	0	0	0	0	0	0	0	
967473	0	0	265	0	0	0	0	0	0	0	0	0	0	0	0	0	
968222	0	0	269	0	0	0	0	0	0	0	0	0	0	0	0	0	
968973	0	0	269	0	0	0	0	0	0	0	0	0	0	0	0	0	
969724	0	0	245	0	0	0	0	0	0	0	0	0	0	0	0	0	
970474	0	0	265	0	0	0	0	0	0	0	0	0	0	0	0	0	
971224	0	26	243	0	0	0	0	0	0	0	0	0	0	0	0	0	
971973	0	2	245	0	0	0	0	0	0	0	0	0	0	0	0	0	
972727	0	0	287	0	0	0	0	0	0	0	0	0	0	0	0	0	
973479	0	0	271	0	0	0	0	0	0	0	0	0	0	0	0	0	
974228	0	0	277	0	0	0	0	0	0	0	0	0	0	0	0	0	
974980	0	0	247	0	0	0	0	0	0	0	0	0	0	0	0	0	
975729	0	0	239	0	0	0	0	0	0	0	0	0	0	0	0	0	
976476	0	0	261	0	0	0	0	0	0	0	0	0	0	0	0	0	
977226	0	0	267	0	0	0	0	0	0	0	0	0	0	0	0	0	
977978	0	0	267	0	0	0	0	0	0	0	0	0	0	0	0	0	
978727	0	1	280	0	0	0	0	0	0	0	0	0	0	0	0	0	
979479	0	0	273	0	0	0	0	0	0	0	0	0	0	0	0	0	
980228	0	0	267	0	0	0	0	0	0	0	0	0	0	0	0	0	
980977	0	0	247	0	0	0	0	0	0	0	0	0	0	0	0	0	
981729	0	0	259	0	0	0	0	0	0	0	0	0	0	0	0	0	
982478	0	2	259	0	0	0	0	0	0	0	0	0	0	0	0	0	
983226	0	0	261	0	0	0	0	0	0	0	0	0	0	0	0	0	
983976	0	0	251	0	0	0	0	0	0	0	0	0	0	0	0	0	
984727	0	0	245	0	0	0	0	0	0	0	0	0	0	0	0	0	
985483	0	0	279	0	0	0	0	0	0	0	0	0	0	0	0	0	
986236	0	0	255	0	0	0	0	0	0	0	0	0	0	0	0	0	
986983	0	0	273	0	0	0	0	0	0	0	0	0	0	0	0	0	
987735	0	0	263	0	0	0	0	0	0	0	0	0	0	0	0	0	
988483	0	0	243	0	0	0	0	0	0	0	0	0	0	0	0	0	
989235	0	0	285	0	0	0	0	0	0	0	0	0	0	0	0	0	
989984	0	0	271	0	0	0	0	0	0	0	0	0	0	0	0	0	
990733	0	0	253	0	0	0	0	0	0	0	0	0	0	0	0	0	
991485	0	0	279	0	0	0	0	0	0	0	0	0	0	0	0	0	
992237	0	0	253	0	0	0	0	0	0	0	0	0	0	0	0	0	
992986	0	0	273	0	0	0	0	0	0	0	0	0	0	0	0	0	
993737	0	0	279	0	0	0	0	0	0	0	0	0	0	0	0	0	
994487	0	0	255	0	0	0	0	0	0	0	0	0	0	0	0	0	
995236	0	0	249	0	0	0	0	0	0	0	0	0	0	0	0	0	
995985	0	0	247	0	0	0	0	0	0	0	0	0	0	0	0	0	
996736	0	0	287	0	0	0	0	0	0	0	0	0	0	0	0	0	
997486	0	0	273	0	0	0	0	0	0	0	0	0	0	0	0	0	
998239	0	0	279	0	0	0	0	0	0	0	0	0	0	0	0	0	
998988	0	21	260	0	0	0	0	0	0	0	0	0	0	0	0	0	
999737	0	0	263	0	0	0	0	0	0	0	0	0	0	0	0	0	
1.00049e+06	0	0	285	0	0	0	0	0	0	0	0	0	0	0	0	0	
1.00124e+06	0	0	275	0	0	0	0	0	0	0	0	0	0	0	0	0	
1.00199e+06	0	0	255	0	0	0	0	0	0	0	0	0	0	0	0	0	
1.00274e+06	0	0	273	0	0	0	0	0	0	0	0	0	0	0	0	0	
1.00349e+06	0	0	259	0	0	0	0	0	0	0	0	0	0	0	0	0	
1.00424e+06	0	0	277	0	0	0	0	0	0	0	0	0	0	0	0	0	
1.00499e+06	0	0	271	0	0	0	0	0	0	0	0	0	0	0	0	0	
1.00574e+06	0	0	261	0	0	0	0	0	0	0	0	0	0	0	0	0	
1.00649e+06	0	0	267	0	0	0	0	0	0	0	0	0	0	0	0	0	
1.00724e+06	0	0	259	0	0	0	0	0	0	0	0	0	0	0	0	0	
1.00799e+06	0	0	273	0	0	0	0	0	0	0	0	0	0	0	0	0	
1.00874e+06	0	0	281	0	0	0	0	0	0	0	0	0	0	0	0	0	
1.00949e+06	0	0	253	0	0	0	0	0	0	0	0	0	0	0	0	0	
1.01024e+06	0	0	241	0	0	0	0	0	0	0	0	0	0	0	0	0	
1.01098e+06	0	0	259	0	0	0	0	0	0	0	0	0	0	0	0	0	
1.01173e+06	0	0	271	0	0	0	0	0	0	0	0	0	0	0	0	0	
1.01248e+06	0	0	271	0	0	0	0	0	0	0	0	0	0	0	0	0	
1.01323e+06	0	0	267	0	0	0	0	0	0	0	0	0	0	0	0	0	
1.01398e+06	0	0	261	0	0	0	0	0	0	0	0	0	0	0	0	0	
1.01473e+06	0	0	287	14	0	0	0	0	0	0	0	0	0	0	0	0	
1.01548e+06	0	0	267	0	0	0	0	0	0	0	0	0	0	0	0	0	
1.01623e+06	0	0	255	0	0	0	0	0	0	0	0	0	0	0	0	0	
1.01698e+06	0	0	259	0	0	0	0	0	0	0	0	0	0	0	0	0	
1.01773e+06	0	0	275	0	0	0	0	0	0	0	0	0	0	0	0	0	
1.01848e+06	0	0	261	0	0	0	0	0	0	0	0	0	0	0	0	0	
1.01923e+06	0	0	0	189	0	0	0	0	0	0	0	0	0	0	0	0	
1.01998e+06	0	0	0	147	46	0	0	0	0	0	0	0	0	0	0	0	
1.02073e+06	0	0	0	201	0	0	0	0	0	0	0	0	0	0	0	0	
1.02148e+06	0	0	0	189	0	0	0	0	0	0	0	0	0	0	0	0	
1.02223e+06	0	0	0	211	0	0	0	0	0	0	0	0	0	0	0	0	
1.02298e+06	0	0	0	191	0	0	0	0	0	0	0	0	0	0	0	0	
1.02373e+06	0	0	0	197	0	0	0	0	0	0	0	0	0	0	0	0	
1.02448e+06	0	0	0	183	0	0	0	0	0	0	0	0	0	0	0	0	
1.02523e+06	0	0	0	205	0	0	0	0	0	0	0	0	0	0	0	0	
1.02598e+06	0	0	0	173	0	0	0	0	0	0	0	0	0	0	0	0	
1.02673e+06	0	0	10	235	0	0	0	0	0	0	0	0	0	0	0	0	
1.02748e+06	0	0	0	193	0	0	0	0	0	0	0	0	0	0	0	0	
1.02823e+06	0	0	0	213	0	0	0	0	0	0	0	0	0	0	0	0	
1.02898e+06	0	0	0	187	0	0	0	0	0	0	0	0	0	0	0	0	
1.02973e+06	0	0	0	205	0	0	0	0	0	0	0	0	0	0	0	0	
1.03048e+06	0	0	0	195	0	0	0	0	0	0	0	0	0	0	0	0	
1.03123e+06	0	0	0	215	0	0	0	0	0	0	0	0	0	0	0	0	
1.03198e+06	0	0	0	213	0	0	0	0	0	0	0	0	0	0	0	0	
1.03273e+06	0	0	0	179	0	0	0	0	0	0	0	0	0	0	0	0	
1.03348e+06	0	0	0	193	0	0	0	0	0	0	0	0	0	0	0	0	
1.03423e+06	0	0	0	183	0	0	0	0	0	0	0	0	0	0	0	0	
1.03498e+06	0	0	0	213	0	0	0	0	0	0	0	0	0	0	0	0	
1.03573e+06	0	0	0	209	0	0	0	0	0	0	0	0	0	0	0	0	
1.03648e+06	0	0	0	211	0	0	0	0	0	0	0	0	0	0	0	0	
1.03723e+06	0	0	0	187	0	0	0	0	0	0	0	0	0	0	0	0	
1.03798e+06	0	0	0	207	0	0	0	0	0	0	0	0	0	0	0	0	
1.03873e+06	0	0	0	191	0	0	0	0	0	0	0	0	0	0	0	0	
1.03948e+06	0	0	1	180	0	0	0	0	0	0	0	0	0	0	0	0	
1.04023e+06	0	0	147	78	0	0	0	0	0	0	0	0	0	0	0	0	
1.04098e+06	0	0	251	0	0	0	0	0	0	0	0	0	0	0	0	0	
1.04173e+06	0	0	243	0	0	0	0	0	0	0	0	0	0	0	0	0	
1.04247e+06	0	0	253	0	0	0	0	0	0	0	0	0	0	0	0	0	
1.04322e+06	0	0	257	0	0	0	0	0	0	0	0	0	0	0	0	0	
1.04397e+06	0	0	281	0	0	0	0	0	0	0	0	0	0	0	0	0	
1.04472e+06	0	0	265	0	0	0	0	0	0	0	0	0	0	0	0	0	
1.04547e+06	0	0	257	0	0	0	0	0	0	0	0	0	0	0	0	0	
1.04622e+06	0	0	265	0	0	0	0	0	0	0	0	0	0	0	0	0	
1.04697e+06	0	0	225	0	0	0	0	0	0	0	0	0	0	0	0	0	
1.04771e+06	0	0	245	0	0	0	0	0	0	0	0	0	0	0	0	0	
1.04846e+06	0	0	263	0	0	0	0	0	0	0	0	0	0	0	0	0	
1.04921e+06	0	0	267	0	0	0	0	0	0	0	0	0	0	0	0	0	
1.04996e+06	0	0	245	0	0	0	0	0	0	0	0	0	0	0	0	0	
1.05071e+06	0	0	271	0	0	0	0	0	0	0	0	0	0	0	0	0	
1.05146e+06	0	0	267	0	0	0	0	0	0	0	0	0	0	0	0	0	
1.05221e+06	0	0	275	0	0	0	0	0	0	0	0	0	0	0	0	0	
1.05296e+06	0	0	275	0	0	0	0	0	0	0	0	0	0	0	0	0	
1.05371e+06	0	0	259	0	0	0	0	0	0	0	0	0	0	0	0	0	
1.05446e+06	0	4	253	0	0	0	0	0	0	0	0	0	0	0	0	0	
1.05521e+06	0	0	0	185	0	0	0	0	0	0	0	0	0	0	0	0	
1.05596e+06	0	0	0	207	0	0	0	0	0	0	0	0	0	0	0	0	
1.05671e+06	0	0	0	185	0	0	0	0	0	0	0	0	0	0	0	0	
1.05746e+06	0	0	0	167	0	0	0	0	0	0	0	0	0	0	0	0	
1.05821e+06	0	0	0	189	0	0	0	0	0	0	0	0	0	0	0	0	
1.05896e+06	0	0	0	191	0	0	0	0	0	0	0	0	0	0	0	0	
1.05971e+06	0	0	0	209	0	0	0	0	0	0	0	0	0	0	0	0	
1.06046e+06	0	0	1	204	0	0	0	0	0	0	0	0	0	0	0	0	
1.06121e+06	0	0	0	177	0	0	0	0	0	0	0	0	0	0	0	0	
1.06196e+06	0	0	0	235	0	0	0	0	0	0	0	0	0	0	0	0	
1.06271e+06	0	0	0	205	0	0	0	0	0	0	0	0	0	0	0	0	
1.06346e+06	0	0	0	181	0	0	0	0	0	0	0	0	0	0	0	0	
1.0642e+06	0	0	0	37	140	0	0	0	0	0	0	0	0	0	0	0	
1.06495e+06	0	0	0	0	167	0	0	0	0	0	0	0	0	0	0	0	
1.0657e+06	0	0	0	0	149	0	0	0	0	0	0	0	0	0	0	0	
1.06645e+06	0	0	0	0	151	0	0	0	0	0	0	0	0	0	0	0	
1.0672e+06	0	0	0	0	137	0	0	0	0	0	0	0	0	0	0	0	
1.06795e+06	0	0	0	0	181	0	0	0	0	0	0	0	0	0	0	0	
1.0687e+06	0	0	0	0	173	0	0	0	0	0	0	0	0	0	0	0	
1.06945e+06	0	0	0	0	149	0	0	0	0	0	0	0	0	0	0	0	
1.0702e+06	0	0	0	0	147	0	0	0	0	0	0	0	0	0	0	0	
1.07095e+06	0	0	0	0	161	0	0	0	0	0	0	0	0	0	0	0	
1.0717e+06	0	0	0	0	183	0	0	0	0	0	0	0	0	0	0	0	
1.07245e+06	0	0	0	0	157	0	0	0	0	0	0	0	0	0	0	0	
1.07319e+06	0	0	0	0	163	0	0	0	0	0	0	0	0	0	0	0	
1.07395e+06	0	0	0	0	151	0	0	0	0	0	0	0	0	0	0	0	
1.0747e+06	0	0	0	0	147	0	0	0	0	0	0	0	0	0	0	0	
1.07545e+06	0	0	0	0	167	0	0	0	0	0	0	0	0	0	0	0	
1.0762e+06	0	0	0	0	151	0	0	0	0	0	0	0	0	0	0	0	
1.07695e+06	0	0	0	0	157	0	0	0	0	0	0	0	0	0	0	0	
1.0777e+06	0	0	0	0	167	0	0	0	0	0	0	0	0	0	0	0	
1.07845e+06	0	0	0	0	159	0	0	0	0	0	0	0	0	0	0	0	
1.07919e+06	0	0	0	0	171	0	0	0	0	0	0	0	0	0	0	0	
1.07994e+06	0	0	0	0	163	0	0	0	0	0	0	0	0	0	0	0	
1.08069e+06	0	0	0	0	151	0	0	0	0	0	0	0	0	0	0	0	
1.08144e+06	0	0	0	0	153	0	0	0	0	0	0	0	0	0	0	0	
1.08219e+06	0	0	0	0	163	0	0	0	0	0	0	0	0	0	0	0	
1.08294e+06	0	0	0	0	161	0	0	0	0	0	0	0	0	0	0	0	
1.08369e+06	0	0	0	0	177	0	0	0	0	0	0	0	0	0	0	0	
1.08444e+06	0	0	0	0	157	0	0	0	0	0	0	0	0	0	0	0	
1.08519e+06	0	0	0	0	151	0	0	0	0	0	0	0	0	0	0	0	
1.08594e+06	0	0	0	0	147	0	0	0	0	0	0	0	0	0	0	0	
1.08669e+06	0	0	0	0	181	0	0	0	0	0	0	0	0	0	0	0	
1.08744e+06	0	0	0	0	163	0	0	0	0	0	0	0	0	0	0	0	
1.08819e+06	0	0	0	0	159	0	0	0	0	0	0	0	0	0	0	0	
1.08894e+06	0	0	0	0	145	0	0	0	0	0	0	0	0	0	0	0	
1.08969e+06	0	0	0	0	151	0	0	0	0	0	0	0	0	0	0	0	
1.09044e+06	0	0	0	62	109	0	0	0	0	0	0	0	0	0	0	0	
1.09119e+06	0	0	0	0	171	0	0	0	0	0	0	0	0	0	0	0	
1.09194e+06	0	0	0	0	76	93	0	0	0	0	0	0	0	0	0	0	
1.09269e+06	0	0	0	0	0	127	0	0	0	0	0	0	0	0	0	0	
1.09344e+06	0	0	0	0	0	117	0	0	0	0	0	0	0	0	0	0	
1.09419e+06	0	0	0	0	0	145	0	0	0	0	0	0	0	0	0	0	
1.09493e+06	0	0	0	0	0	133	0	0	0	0	0	0	0	0	0	0	
1.09568e+06	0	0	0	0	0	139	0	0	0	0	0	0	0	0	0	0	
1.09643e+06	0	0	0	0	0	153	0	0	0	0	0	0	0	0	0	0	
1.09719e+06	0	0	0	0	0	145	0	0	0	0	0	0	0	0	0	0	
1.09794e+06	0	0	0	0	0	121	0	0	0	0	0	0	0	0	0	0	
1.09869e+06	0	0	0	0	157	0	0	0	0	0	0	0	0	0	0	0	
1.09943e+06	0	0	0	0	159	0	0	0	0	0	0	0	0	0	0	0	
1.10019e+06	0	0	0	0	157	0	0	0	0	0	0	0	0	0	0	0	
1.10093e+06	0	0	0	0	161	0	0	0	0	0	0	0	0	0	0	0	
1.10169e+06	0	0	0	0	151	0	0	0	0	0	0	0	0	0	0	0	
1.10243e+06	0	0	0	0	151	0	0	0	0	0	0	0	0	0	0	0	
1.10318e+06	0	0	0	0	167	0	0	0	0	0	0	0	0	0	0	0	
1.10393e+06	0	0	0	0	155	0	0	0	0	0	0	0	0	0	0	0	
1.10468e+06	0	0	0	0	139	0	0	0	0	0	0	0	0	0	0	0	
1.10543e+06	0	0	0	0	149	0	0	0	0	0	0	0	0	0	0	0	
1.10618e+06	0	0	0	0	159	0	0	0	0	0	0	0	0	0	0	0	
1.10693e+06	0	0	0	0	149	0	0	0	0	0	0	0	0	0	0	0	
1.10768e+06	0	0	0	0	171	0	0	0	0	0	0	0	0	0	0	0	
1.10843e+06	0	0	0	0	157	0	0	0	0	0	0	0	0	0	0	0	
1.10918e+06	0	0	0	0	177	0	0	0	0	0	0	0	0	0	0	0	
1.10993e+06	0	0	0	0	151	0	0	0	0	0	0	0	0	0	0	0	
1.11068e+06	0	0	0	0	161	0	0	0	0	0	0	0	0	0	0	0	
1.11142e+06	0	0	0	0	155	0	0	0	0	0	0	0	0	0	0	0	
1.11217e+06	0	0	0	0	153	0	0	0	0	0	0	0	0	0	0	0	
1.11292e+06	0	0	0	0	159	0	0	0	0	0	0	0	0	0	0	0	
1.11368e+06	0	0	0	0	153	0	0	0	0	0	0	0	0	0	0	0	
1.11443e+06	0	0	0	0	151	0	0	0	0	0	0	0	0	0	0	0	
1.11517e+06	0	0	0	0	177	0	0	0	0	0	0	0	0	0	0	0	
1.11593e+06	0	0	0	0	169	0	0	0	0	0	0	0	0	0	0	0	
1.11668e+06	0	0	0	0	161	0	0	0	0	0	0	0	0	0	0	0	
1.11742e+06	0	0	0	0	167	0	0	0	0	0	0	0	0	0	0	0	
1.11817e+06	0	0	0	0	142	9	0	0	0	0	0	0	0	0	0	0	
1.11892e+06	0	0	0	0	161	0	0	0	0	0	0	0	0	0	0	0	
1.11967e+06	0	0	0	0	179	0	0	0	0	0	0	0	0	0	0	0	
1.12042e+06	0	0	0	0	159	0	0	0	0	0	0	0	0	0	0	0	
1.12117e+06	0	0	0	0	161	0	0	0	0	0	0	0	0	0	0	0	
1.12192e+06	0	0	0	0	161	0	0	0	0	0	0	0	0	0	0	0	
1.12267e+06	0	0	0	0	165	0	0	0	0	0	0	0	0	0	0	0	
1.12342e+06	0	0	0	0	165	0	0	0	0	0	0	0	0	0	0	0	
1.12417e+06	0	0	0	0	159	0	0	0	0	0	0	0	0	0	0	0	
1.12492e+06	0	0	0	0	165	0	0	0	0	0	0	0	0	0	0	0	
1.12567e+06	0	0	1	210	0	0	0	0	0	0	0	0	0	0	0	0	
1.12642e+06	0	0	0	205	0	0	0	0	0	0	0	0	0	0	0	0	
1.12716e+06	0	0	0	229	0	0	0	0	0	0	0	0	0	0	0	0	
1.12791e+06	0	0	0	193	0	0	0	0	0	0	0	0	0	0	0	0	
1.12867e+06	0	0	0	183	0	0	0	0	0	0	0	0	0	0	0	0	
1.12941e+06	0	0	0	197	0	0	0	0	0	0	0	0	0	0	0	0	
1.13016e+06	0	0	0	227	0	0	0	0	0	0	0	0	0	0	0	0	
1.13091e+06	0	0	0	203	0	0	0	0	0	0	0	0	0	0	0	0	
1.13166e+06	0	0	0	191	0	0	0	0	0	0	0	0	0	0	0	0	
1.13241e+06	0	0	0	179	0	0	0	0	0	0	0	0	0	0	0	0	
1.13316e+06	0	0	0	197	0	0	0	0	0	0	0	0	0	0	0	0	
1.13391e+06	0	0	0	189	0	0	0	0	0	0	0	0	0	0	0	0	
1.13466e+06	0	0	0	189	0	0	0	0	0	0	0	0	0	0	0	0	
1.13542e+06	0	0	0	205	0	0	0	0	0	0	0	0	0	0	0	0	
1.13617e+06	0	0	0	183	0	0	0	0	0	0	0	0	0	0	0	0	
1.13692e+06	0	0	0	193	0	0	0	0	0	0	0	0	0	0	0	0	
1.13767e+06	0	0	0	229	0	0	0	0	0	0	0	0	0	0	0	0	
1.13842e+06	0	0	0	211	0	0	0	0	0	0	0	0	0	0	0	0	
1.13916e+06	0	0	0	171	0	0	0	0	0	0	0	0	0	0	0	0	
1.13991e+06	0	0	0	209	0	0	0	0	0	0	0	0	0	0	0	0	
1.14066e+06	0	0	0	199	0	0	0	0	0	0	0	0	0	0	0	0	
1.14141e+06	0	0	0	185	0	0	0	0	0	0	0	0	0	0	0	0	
1.14216e+06	0	0	0	231	0	0	0	0	0	0	0	0	0	0	0	0	
1.14291e+06	0	0	0	209	0	0	0	0	0	0	0	0	0	0	0	0	
1.14366e+06	0	0	0	223	0	0	0	0	0	0	0	0	0	0	0	0	
1.1444e+06	0	0	0	197	0	0	0	0	0	0	0	0	0	0	0	0	
1.14515e+06	0	0	0	191	0	0	0	0	0	0	0	0	0	0	0	0	
1.1459e+06	0	0	0	187	0	0	0	0	0	0	0	0	0	0	0	0	
1.14665e+06	0	0	0	197	0	0	0	0	0	0	0	0	0	0	0	0	
1.1474e+06	0	0	0	189	0	0	0	0	0	0	0	0	0	0	0	0	
1.14815e+06	0	0	0	221	0	0	0	0	0	0	0	0	0	0	0	0	
1.14891e+06	0	0	0	205	0	0	0	0	0	0	0	0	0	0	0	0	
1.14966e+06	0	0	0	191	0	0	0	0	0	0	0	0	0	0	0	0	
1.15041e+06	0	0	0	199	0	0	0	0	0	0	0	0	0	0	0	0	
1.15115e+06	0	0	0	209	0	0	0	0	0	0	0	0	0	0	0	0	
1.1519e+06	0	0	0	193	0	0	0	0	0	0	0	0	0	0	0	0	
1.15266e+06	0	0	0	203	0	0	0	0	0	0	0	0	0	0	0	0	
1.15341e+06	0	0	26	165	0	0	0	0	0	0	0	0	0	0	0	0	
1.15416e+06	0	0	0	207	0	0	0	0	0	0	0	0	0	0	0	0	
1.15491e+06	0	0	0	219	0	0	0	0	0	0	0	0	0	0	0	0	
1.15566e+06	0	0	0	205	0	0	0	0	0	0	0	0	0	0	0	0	
1.1564e+06	0	0	0	201	0	0	0	0	0	0	0	0	0	0	0	0	
1.15715e+06	0	0	0	228	1	0	0	0	0	0	0	0	0	0	0	0	
1.1579e+06	0	0	0	187	0	0	0	0	0	0	0	0	0	0	0	0	
1.15865e+06	0	0	0	181	0	0	0	0	0	0	0	0	0	0	0	0	
1.1594e+06	0	0	0	173	0	0	0	0	0	0	0	0	0	0	0	0	
1.16015e+06	0	0	0	221	0	0	0	0	0	0	0	0	0	0	0	0	
1.1609e+06	0	0	0	205	0	0	0	0	0	0	0	0	0	0	0	0	
1.16165e+06	0	0	0	211	0	0	0	0	0	0	0	0	0	0	0	0	
1.1624e+06	0	0	0	207	0	0	0	0	0	0	0	0	0	0	0	0	
1.16315e+06	0	0	0	211	0	0	0	0	0	0	0	0	0	0	0	0	
1.16391e+06	0	0	0	203	0	0	0	0	0	0	0	0	0	0	0	0	
1.16465e+06	0	0	0	183	0	0	0	0	0	0	0	0	0	0	0	0	
1.16541e+06	0	0	0	217	0	0	0	0	0	0	0	0	0	0	0	0	
1.16616e+06	0	0	0	195	0	0	0	0	0	0	0	0	0	0	0	0	
1.16691e+06	0	0	0	110	73	0	0	0	0	0	0	0	0	0	0	0	
1.16766e+06	0	0	0	191	0	0	0	0	0	0	0	0	0	0	0	0	
1.16841e+06	0	0	0	201	0	0	0	0	0	0	0	0	0	0	0	0	
1.16916e+06	0	0	0	193	0	0	0	0	0	0	0	0	0	0	0	0	
1.16992e+06	0	0	0	169	0	0	0	0	0	0	0	0	0	0	0	0	
1.17066e+06	0	0	0	191	0	0	0	0	0	0	0	0	0	0	0	0	
1.17141e+06	0	0	0	195	0	0	0	0	0	0	0	0	0	0	0	0	
1.17216e+06	0	0	0	181	0	0	0	0	0	0	0	0	0	0	0	0	
1.17292e+06	0	0	0	193	0	0	0	0	0	0	0	0	0	0	0	0	
1.17367e+06	0	0	0	215	0	0	0	0	0	0	0	0	0	0	0	0	
1.17442e+06	0	0	0	183	0	0	0	0	0	0	0	0	0	0	0	0	
1.17517e+06	0	0	0	199	0	0	0	0	0	0	0	0	0	0	0	0	
1.17591e+06	0	0	0	197	0	0	0	0	0	0	0	0	0	0	0	0	
1.17667e+06	0	0	0	175	0	0	0	0	0	0	0	0	0	0	0	0	
1.17742e+06	0	0	0	197	0	0	0	0	0	0	0	0	0	0	0	0	
1.17817e+06	0	0	0	179	0	0	0	0	0	0	0	0	0	0	0	0	
1.17892e+06	0	0	0	203	0	0	0	0	0	0	0	0	0	0	0	0	
1.17967e+06	0	0	0	203	0	0	0	0	0	0	0	0	0	0	0	0	
1.18042e+06	0	0	0	207	0	0	0	0	0	0	0	0	0	0	0	0	
1.18117e+06	0	0	0	215	0	0	0	0	0	0	0	0	0	0	0	0	
1.18193e+06	0	0	0	209	0	0	0	0	0	0	0	0	0	0	0	0	
1.18268e+06	0	0	0	199	0	0	0	0	0	0	0	0	0	0	0	0	
1.18342e+06	0	0	0	201	0	0	0	0	0	0	0	0	0	0	0	0	
1.18417e+06	0	0	0	209	0	0	0	0	0	0	0	0	0	0	0	0	
1.18492e+06	0	0	0	211	0	0	0	0	0	0	0	0	0	0	0	0	
1.18567e+06	0	0	0	203	0	0	0	0	0	0	0	0	0	0	0	0	
1.18642e+06	0	0	0	179	0	0	0	0	0	0	0	0	0	0	0	0	
1.18717e+06	0	0	0	203	0	0	0	0	0	0	0	0	0	0	0	0	
1.18792e+06	0	0	0	201	0	0	0	0	0	0	0	0	0	0	0	0	
1.18867e+06	0	0	0	219	0	0	0	0	0	0	0	0	0	0	0	0	
1.18942e+06	0	0	0	205	0	0	0	0	0	0	0	0	0	0	0	0	
1.19017e+06	0	0	0	219	0	0	0	0	0	0	0	0	0	0	0	0	
1.19092e+06	0	0	0	191	0	0	0	0	0	0	0	0	0	0	0	0	
1.19166e+06	0	0	0	191	0	0	0	0	0	0	0	0	0	0	0	0	
1.19241e+06	0	0	0	185	0	0	0	0	0	0	0	0	0	0	0	0	
1.19316e+06	0	0	0	201	0	0	0	0	0	0	0	0	0	0	0	0	
1.19391e+06	0	0	0	187	0	0	0	0	0	0	0	0	0	0	0	0	
1.19466e+06	0	0	0	197	0	0	0	0	0	0	0	0	0	0	0	0	
1.19541e+06	0	0	0	195	0	0	0	0	0	0	0	0	0	0	0	0	
1.19616e+06	0	0	3	176	0	0	0	0	0	0	0	0	0	0	0	0	
1.1969e+06	0	0	0	191	0	0	0	0	0	0	0	0	0	0	0	0	
1.19766e+06	0	0	0	199	0	0	0	0	0	0	0	0	0	0	0	0	
1.19841e+06	0	0	0	189	0	0	0	0	0	0	0	0	0	0	0	0	
1.19916e+06	0	0	0	223	0	0	0	0	0	0	0	0	0	0	0	0	
1.19991e+06	0	0	0	221	0	0	0	0	0	0	0	0	0	0	0	0	
1.20066e+06	0	0	0	209	0	0	0	0	0	0	0	0	0	0	0	0	
1.20141e+06	0	0	0	0	151	0	0	0	0	0	0	0	0	0	0	0	
1.20216e+06	0	0	0	0	157	0	0	0	0	0	0	0	0	0	0	0	
1.20291e+06	0	0	0	0	155	0	0	0	0	0	0	0	0	0	0	0	
1.20366e+06	0	0	0	0	161	0	0	0	0	0	0	0	0	0	0	0	
1.20441e+06	0	0	0	0	151	0	0	0	0	0	0	0	0	0	0	0	
1.20516e+06	0	0	0	0	167	0	0	0	0	0	0	0	0	0	0	0	
1.20591e+06	0	0	0	0	143	0	0	0	0	0	0	0	0	0	0	0	
1.20666e+06	0	0	0	0	175	0	0	0	0	0	0	0	0	0	0	0	
1.20741e+06	0	0	0	0	167	0	0	0	0	0	0	0	0	0	0	0	
1.20816e+06	0	0	0	0	139	0	0	0	0	0	0	0	0	0	0	0	
1.20891e+06	0	0	0	0	159	0	0	0	0	0	0	0	0	0	0	0	
1.20966e+06	0	0	0	0	161	0	0	0	0	0	0	0	0	0	0	0	
1.21041e+06	0	0	0	0	149	0	0	0	0	0	0	0	0	0	0	0	
1.21116e+06	0	0	0	0	155	0	0	0	0	0	0	0	0	0	0	0	
1.21191e+06	0	0	0	0	153	0	0	0	0	0	0	0	0	0	0	0	
1.21266e+06	0	0	0	0	163	0	0	0	0	0	0	0	0	0	0	0	
1.21341e+06	0	0	0	0	159	0	0	0	0	0	0	0	0	0	0	0	
1.21416e+06	0	0	0	0	135	0	0	0	0	0	0	0	0	0	0	0	
1.21491e+06	0	0	0	0	141	0	0	0	0	0	0	0	0	0	0	0	
1.21566e+06	0	0	0	0	165	0	0	0	0	0	0	0	0	0	0	0	
1.21641e+06	0	0	0	0	171	0	0	0	0	0	0	0	0	0	0	0	
1.21716e+06	0	0	0	0	155	0	0	0	0	0	0	0	0	0	0	0	
1.21791e+06	0	0	0	0	161	0	0	0	0	0	0	0	0	0	0	0	
1.21866e+06	0	0	0	0	149	0	0	0	0	0	0	0	0	0	0	0	
1.21941e+06	0	0	0	0	139	0	0	0	0	0	0	0	0	0	0	0	
1.22017e+06	0	0	0	0	165	0	0	0	0	0	0	0	0	0	0	0	
1.22092e+06	0	0	0	0	163	0	0	0	0	0	0	0	0	0	0	0	
1.22167e+06	0	0	0	0	159	0	0	0	0	0	0	0	0	0	0	0	
1.22242e+06	0	0	0	0	179	0	0	0	0	0	0	0	0	0	0	0	
1.22317e+06	0	0	0	0	159	0	0	0	0	0	0	0	0	0	0	0	
1.22392e+06	0	0	0	0	143	0	0	0	0	0	0	0	0	0	0	0	
1.22467e+06	0	0	0	0	147	0	0	0	0	0	0	0	0	0	0	0	
1.22542e+06	0	0	0	0	169	0	0	0	0	0	0	0	0	0	0	0	
1.22617e+06	0	0	0	0	135	0	0	0	0	0	0	0	0	0	0	0	
1.22692e+06	0	0	0	0	163	0	0	0	0	0	0	0	0	0	0	0	
1.22767e+06	0	0	0	0	155	0	0	0	0	0	0	0	0	0	0	0	
1.22842e+06	0	0	0	0	159	0	0	0	0	0	0	0	0	0	0	0	
1.22917e+06	0	0	0	0	145	0	0	0	0	0	0	0	0	0	0	0	
1.22993e+06	0	0	0	0	155	0	0	0	0	0	0	0	0	0	0	0	
1.23068e+06	0	0	0	0	159	0	0	0	0	0	0	0	0	0	0	0	
1.23142e+06	0	0	0	0	149	0	0	0	0	0	0	0	0	0	0	0	
1.23217e+06	0	0	0	0	187	0	0	0	0	0	0	0	0	0	0	0	
1.23292e+06	0	0	0	0	155	0	0	0	0	0	0	0	0	0	0	0	
1.23367e+06	0	0	0	0	149	0	0	0	0	0	0	0	0	0	0	0	
1.23443e+06	0	0	0	0	151	0	0	0	0	0	0	0	0	0	0	0	
1.23517e+06	0	0	0	0	175	0	0	0	0	0	0	0	0	0	0	0	
1.23593e+06	0	0	0	0	173	0	0	0	0	0	0	0	0	0	0	0	
1.23668e+06	0	0	0	0	135	0	0	0	0	0	0	0	0	0	0	0	
1.23743e+06	0	0	0	0	161	0	0	0	0	0	0	0	0	0	0	0	
1.23818e+06	0	0	0	0	145	0	0	0	0	0	0	0	0	0	0	0	
1.23893e+06	0	0	0	7	136	0	0	0	0	0	0	0	0	0	0	0	
1.23968e+06	0	0	0	0	151	0	0	0	0	0	0	0	0	0	0	0	
1.24043e+06	0	0	0	0	171	0	0	0	0	0	0	0	0	0	0	0	
1.24118e+06	0	0	0	0	151	0	0	0	0	0	0	0	0	0	0	0	
1.24193e+06	0	0	0	0	171	0	0	0	0	0	0	0	0	0	0	0	
1.24268e+06	0	0	0	0	171	0	0	0	0	0	0	0	0	0	0	0	
1.24343e+06	0	0	0	0	113	0	0	0	0	0	0	0	0	0	0	0	
1.24418e+06	0	0	0	0	187	0	0	0	0	0	0	0	0	0	0	0	
1.24493e+06	0	0	0	0	153	0	0	0	0	0	0	0	0	0	0	0	
1.24568e+06	0	0	0	0	163	0	0	0	0	0	0	0	0	0	0	0	
1.24643e+06	0	0	0	0	157	0	0	0	0	0	0	0	0	0	0	0	
1.24718e+06	0	0	0	0	159	0	0	0	0	0	0	0	0	0	0	0	
1.24793e+06	0	0	0	0	145	0	0	0	0	0	0	0	0	0	0	0	
1.24868e+06	0	0	69	162	0	0	0	0	0	0	0	0	0	0	0	0	
1.24943e+06	0	0	237	0	0	0	0	0	0	0	0	0	0	0	0	0	
1.25017e+06	0	0	275	0	0	0	0	0	0	0	0	0	0	0	0	0	
1.25093e+06	0	0	281	0	0	0	0	0	0	0	0	0	0	0	0	0	
1.25168e+06	0	0	65	158	0	0	0	0	0	0	0	0	0	0	0	0	
1.25243e+06	0	0	0	195	0	0	0	0	0	0	0	0	0	0	0	0	
1.25317e+06	0	0	0	191	0	0	0	0	0	0	0	0	0	0	0	0	
1.25392e+06	0	0	1	222	0	0	0	0	0	0	0	0	0	0	0	0	
1.25467e+06	0	0	0	197	0	0	0	0	0	0	0	0	0	0	0	0	
1.25542e+06	0	0	0	175	0	0	0	0	0	0	0	0	0	0	0	0	
1.25617e+06	0	0	0	203	0	0	0	0	0	0	0	0	0	0	0	0	
1.25693e+06	0	0	0	189	0	0	0	0	0	0	0	0	0	0	0	0	
1.25767e+06	0	0	0	181	0	0	0	0	0	0	0	0	0	0	0	0	
1.25842e+06	0	0	0	179	0	0	0	0	0	0	0	0	0	0	0	0	
1.25917e+06	0	0	0	195	0	0	0	0	0	0	0	0	0	0	0	0	
1.25992e+06	0	0	0	151	26	0	0	0	0	0	0	0	0	0	0	0	
1.26067e+06	0	0	0	193	0	0	0	0	0	0	0	0	0	0	0	0	
1.26142e+06	0	0	0	197	0	0	0	0	0	0	0	0	0	0	0	0	
1.26217e+06	0	0	0	209	0	0	0	0	0	0	0	0	0	0	0	0	
1.26292e+06	0	0	0	203	0	0	0	0	0	0	0	0	0	0	0	0	
1.26367e+06	0	0	0	181	0	0	0	0	0	0	0	0	0	0	0	0	
1.26442e+06	0	0	0	173	0	0	0	0	0	0	0	0	0	0	0	0	
1.26517e+06	0	0	0	187	0	0	0	0	0	0	0	0	0	0	0	0	
1.26593e+06	0	0	0	201	0	0	0	0	0	0	0	0	0	0	0	0	
1.26668e+06	0	0	3	198	0	0	0	0	0	0	0	0	0	0	0	0	
1.26743e+06	0	0	0	191	0	0	0	0	0	0	0	0	0	0	0	0	
1.26818e+06	0	0	0	205	0	0	0	0	0	0	0	0	0	0	0	0	
1.26892e+06	0	0	0	200	5	0	0	0	0	0	0	0	0	0	0	0	
1.26968e+06	0	0	0	179	0	0	0	0	0	0	0	0	0	0	0	0	
1.27042e+06	0	0	0	171	0	0	0	0	0	0	0	0	0	0	0	0	
1.27118e+06	0	0	0	199	0	0	0	0	0	0	0	0	0	0	0	0	
1.27193e+06	0	0	0	179	0	0	0	0	0	0	0	0	0	0	0	0	
1.27268e+06	0	0	0	215	0	0	0	0	0	0	0	0	0	0	0	0	
1.27343e+06	0	0	0	223	0	0	0	0	0	0	0	0	0	0	0	0	
1.27417e+06	0	0	0	221	0	0	0	0	0	0	0	0	0	0	0	0	
1.27492e+06	0	0	0	217	0	0	0	0	0	0	0	0	0	0	0	0	
1.27567e+06	0	0	0	219	0	0	0	0	0	0	0	0	0	0	0	0	
1.27642e+06	0	0	0	197	0	0	0	0	0	0	0	0	0	0	0	0	
1.27716e+06	0	0	2	219	0	0	0	0	0	0	0	0	0	0	0	0	
1.27791e+06	0	0	0	209	0	0	0	0	0	0	0	0	0	0	0	0	
1.27866e+06	0	0	0	191	0	0	0	0	0	0	0	0	0	0	0	0	
1.27941e+06	0	0	0	187	0	0	0	0	0	0	0	0	0	0	0	0	
1.28016e+06	0	0	0	189	0	0	0	0	0	0	0	0	0	0	0	0	
1.28091e+06	0	0	0	181	0	0	0	0	0	0	0	0	0	0	0	0	
1.28166e+06	0	0	0	203	0	0	0	0	0	0	0	0	0	0	0	0	
1.28241e+06	0	0	0	195	0	0	0	0	0	0	0	0	0	0	0	0	
1.28316e+06	0	0	0	215	0	0	0	0	0	0	0	0	0	0	0	0	
1.28391e+06	0	0	0	217	0	0	0	0	0	0	0	0	0	0	0	0	
1.28466e+06	0	0	0	171	0	0	0	0	0	0	0	0	0	0	0	0	
1.28541e+06	0	0	0	197	0	0	0	0	0	0	0	0	0	0	0	0	
1.28616e+06	0	0	0	221	0	0	0	0	0	0	0	0	0	0	0	0	
1.28691e+06	0	0	0	205	0	0	0	0	0	0	0	0	0	0	0	0	
1.28766e+06	0	0	2	199	0	0	0	0	0	0	0	0	0	0	0	0	
1.2884e+06	0	0	0	199	0	0	0	0	0	0	0	0	0	0	0	0	
1.28915e+06	0	0	0	195	0	0	0	0	0	0	0	0	0	0	0	0	
1.2899e+06	0	0	0	215	0	0	0	0	0	0	0	0	0	0	0	0	
1.29065e+06	0	0	0	187	0	0	0	0	0	0	0	0	0	0	0	0	
1.2914e+06	0	0	0	207	0	0	0	0	0	0	0	0	0	0	0	0	
1.29215e+06	0	0	0	197	0	0	0	0	0	0	0	0	0	0	0	0	
1.2929e+06	0	0	0	203	0	0	0	0	0	0	0	0	0	0	0	0	
1.29365e+06	0	0	0	203	0	0	0	0	0	0	0	0	0	0	0	0	
1.2944e+06	0	0	0	207	0	0	0	0	0	0	0	0	0	0	0	0	
1.29515e+06	0	0	0	173	0	0	0	0	0	0	0	0	0	0	0	0	
1.2959e+06	0	0	0	215	0	0	0	0	0	0	0	0	0	0	0	0	
1.29665e+06	0	0	0	183	0	0	0	0	0	0	0	0	0	0	0	0	
1.2974e+06	0	0	0	183	0	0	0	0	0	0	0	0	0	0	0	0	
1.29815e+06	0	0	0	199	0	0	0	0	0	0	0	0	0	0	0	0	
1.2989e+06	0	0	0	197	0	0	0	0	0	0	0	0	0	0	0	0	
1.29965e+06	0	0	0	195	0	0	0	0	0	0	0	0	0	0	0	0	
1.3004e+06	0	0	0	193	0	0	0	0	0	0	0	0	0	0	0	0	
1.30115e+06	0	0	0	201	0	0	0	0	0	0	0	0	0	0	0	0	
1.3019e+06	0	0	0	191	0	0	0	0	0	0	0	0	0	0	0	0	
1.30265e+06	0	0	0	201	0	0	0	0	0	0	0	0	0	0	0	0	
1.3034e+06	0	0	0	213	0	0	0	0	0	0	0	0	0	0	0	0	
1.30415e+06	0	0	0	211	0	0	0	0	0	0	0	0	0	0	0	0	
1.30489e+06	0	0	0	191	0	0	0	0	0	0	0	0	0	0	0	0	
1.30565e+06	0	0	0	193	0	0	0	0	0	0	0	0	0	0	0	0	
1.3064e+06	0	0	0	191	0	0	0	0	0	0	0	0	0	0	0	0	
1.30715e+06	0	0	0	243	0	0	0	0	0	0	0	0	0	0	0	0	
1.3079e+06	0	0	0	211	0	0	0	0	0	0	0	0	0	0	0	0	
1.30865e+06	0	0	0	191	0	0	0	0	0	0	0	0	0	0	0	0	
1.3094e+06	0	0	0	189	0	0	0	0	0	0	0	0	0	0	0	0	
1.31015e+06	0	0	0	203	0	0	0	0	0	0	0	0	0	0	0	0	
1.3109e+06	0	0	0	195	0	0	0	0	0	0	0	0	0	0	0	0	
1.31165e+06	0	0	0	225	0	0	0	0	0	0	0	0	0	0	0	0	
1.3124e+06	0	0	0	197	0	0	0	0	0	0	0	0	0	0	0	0	
1.31315e+06	0	0	0	185	0	0	0	0	0	0	0	0	0	0	0	0	
1.3139e+06	0	0	0	207	0	0	0	0	0	0	0	0	0	0	0	0	
1.31465e+06	0	0	0	191	0	0	0	0	0	0	0	0	0	0	0	0	
1.3154e+06	0	0	0	221	0	0	0	0	0	0	0	0	0	0	0	0	
1.31615e+06	0	0	0	181	0	0	0	0	0	0	0	0	0	0	0	0	
1.3169e+06	0	0	0	211	0	0	0	0	0	0	0	0	0	0	0	0	
1.31765e+06	0	0	0	209	0	0	0	0	0	0	0	0	0	0	0	0	
1.3184e+06	0	0	0	197	0	0	0	0	0	0	0	0	0	0	0	0	
1.31915e+06	0	0	0	205	0	0	0	0	0	0	0	0	0	0	0	0	
1.3199e+06	0	0	0	199	0	0	0	0	0	0	0	0	0	0	0	0	
1.32065e+06	0	0	0	205	0	0	0	0	0	0	0	0	0	0	0	0	
1.3214e+06	0	0	0	209	0	0	0	0	0	0	0	0	0	0	0	0	
1.32215e+06	0	0	0	205	0	0	0	0	0	0	0	0	0	0	0	0	
1.3229e+06	0	0	0	201	0	0	0	0	0	0	0	0	0	0	0	0	
1.32365e+06	0	0	0	219	0	0	0	0	0	0	0	0	0	0	0	0	
1.3244e+06	0	0	0	183	0	0	0	0	0	0	0	0	0	0	0	0	
1.32515e+06	0	0	0	0	92	47	0	0	0	0	0	0	0	0	0	0	
1.3259e+06	0	0	0	0	147	0	0	0	0	0	0	0	0	0	0	0	
1.32665e+06	0	0	0	0	165	0	0	0	0	0	0	0	0	0	0	0	
1.3274e+06	0	0	0	0	159	0	0	0	0	0	0	0	0	0	0	0	
1.32815e+06	0	0	0	0	153	0	0	0	0	0	0	0	0	0	0	0	
1.3289e+06	0	0	0	0	167	0	0	0	0	0	0	0	0	0	0	0	
1.32965e+06	0	0	0	0	157	0	0	0	0	0	0	0	0	0	0	0	
1.3304e+06	0	0	0	0	143	0	0	0	0	0	0	0	0	0	0	0	
1.33115e+06	0	0	0	0	161	0	0	0	0	0	0	0	0	0	0	0	
1.3319e+06	0	0	0	0	157	0	0	0	0	0	0	0	0	0	0	0	
1.33265e+06	0	0	0	0	161	0	0	0	0	0	0	0	0	0	0	0	
1.33339e+06	0	0	0	0	175	0	0	0	0	0	0	0	0	0	0	0	
1.33414e+06	0	0	0	0	145	0	0	0	0	0	0	0	0	0	0	0	
1.33489e+06	0	0	0	0	153	0	0	0	0	0	0	0	0	0	0	0	
1.33564e+06	0	0	0	0	165	0	0	0	0	0	0	0	0	0	0	0	
1.33639e+06	0	0	0	0	167	0	0	0	0	0	0	0	0	0	0	0	
1.33714e+06	0	0	0	0	187	0	0	0	0	0	0	0	0	0	0	0	
1.33789e+06	0	0	0	185	0	0	0	0	0	0	0	0	0	0	0	0	
1.33864e+06	0	0	0	203	0	0	0	0	0	0	0	0	0	0	0	0	
1.33939e+06	0	0	0	191	0	0	0	0	0	0	0	0	0	0	0	0	
1.34014e+06	0	0	0	189	0	0	0	0	0	0	0	0	0	0	0	0	
1.34089e+06	0	0	0	165	0	0	0	0	0	0	0	0	0	0	0	0	
1.34163e+06	0	0	0	203	0	0	0	0	0	0	0	0	0	0	0	0	
1.34238e+06	0	0	0	183	0	0	0	0	0	0	0	0	0	0	0	0	
1.34314e+06	0	0	0	195	0	0	0	0	0	0	0	0	0	0	0	0	
1.34389e+06	0	0	0	203	0	0	0	0	0	0	0	0	0	0	0	0	
1.34463e+06	0	0	0	217	0	0	0	0	0	0	0	0	0	0	0	0	
1.34538e+06	0	0	0	209	0	0	0	0	0	0	0	0	0	0	0	0	
1.34613e+06	0	0	0	195	0	0	0	0	0	0	0	0	0	0	0	0	
1.34687e+06	0	0	21	186	0	0	0	0	0	0	0	0	0	0	0	0	
1.34763e+06	0	0	269	0	0	0	0	0	0	0	0	0	0	0	0	0	
1.34838e+06	0	0	259	0	0	0	0	0	0	0	0	0	0	0	0	0	
1.34913e+06	0	0	0	223	0	0	0	0	0	0	0	0	0	0	0	0	
1.34987e+06	0	0	0	199	0	0	0	0	0	0	0	0	0	0	0	0	
1.35063e+06	0	0	0	0	151	0	0	0	0	0	0	0	0	0	0	0	
1.35138e+06	0	0	0	0	147	0	0	0	0	0	0	0	0	0	0	0	
1.35212e+06	0	0	0	0	71	84	0	0	0	0	0	0	0	0	0	0	
1.35288e+06	0	0	0	0	0	125	0	0	0	0	0	0	0	0	0	0	
1.35363e+06	0	0	0	0	0	137	0	0	0	0	0	0	0	0	0	0	
1.35438e+06	0	0	0	0	0	149	0	0	0	0	0	0	0	0	0	0	
1.35513e+06	0	0	0	0	0	129	0	0	0	0	0	0	0	0	0	0	
1.35588e+06	0	0	0	0	0	137	0	0	0	0	0	0	0	0	0	0	
1.35663e+06	0	0	0	0	0	129	0	0	0	0	0	0	0	0	0	0	
1.35738e+06	0	0	0	0	0	157	0	0	0	0	0	0	0	0	0	0	
1.35813e+06	0	0	0	0	0	131	0	0	0	0	0	0	0	0	0	0	
1.35888e+06	0	0	0	0	0	139	0	0	0	0	0	0	0	0	0	0	
1.35963e+06	0	0	0	0	0	145	0	0	0	0	0	0	0	0	0	0	
1.36038e+06	0	0	0	0	0	127	0	0	0	0	0	0	0	0	0	0	
1.36113e+06	0	0	0	0	0	127	0	0	0	0	0	0	0	0	0	0	
1.36188e+06	0	0	0	0	0	135	0	0	0	0	0	0	0	0	0	0	
1.36263e+06	0	0	0	0	0	125	0	0	0	0	0	0	0	0	0	0	
1.36338e+06	0	0	0	0	0	145	0	0	0	0	0	0	0	0	0	0	
1.36413e+06	0	0	0	0	0	133	0	0	0	0	0	0	0	0	0	0	
1.36488e+06	0	0	0	0	0	143	0	0	0	0	0	0	0	0	0	0	
1.36563e+06	0	0	0	0	0	125	0	0	0	0	0	0	0	0	0	0	
1.36638e+06	0	0	0	0	0	119	0	0	0	0	0	0	0	0	0	0	
1.36713e+06	0	0	0	0	0	103	0	0	0	0	0	0	0	0	0	0	
1.36788e+06	0	0	0	0	0	119	0	0	0	0	0	0	0	0	0	0	
1.36863e+06	0	0	0	0	0	123	0	0	0	0	0	0	0	0	0	0	
1.36938e+06	0	0	0	0	0	141	0	0	0	0	0	0	0	0	0	0	
1.37013e+06	0	0	0	0	0	125	0	0	0	0	0	0	0	0	0	0	
1.37088e+06	0	0	0	0	0	119	0	0	0	0	0	0	0	0	0	0	
1.37163e+06	0	0	0	0	0	117	0	0	0	0	0	0	0	0	0	0	
1.37238e+06	0	0	0	0	0	127	0	0	0	0	0	0	0	0	0	0	
1.37313e+06	0	0	0	0	0	135	0	0	0	0	0	0	0	0	0	0	
1.37387e+06	0	0	0	0	0	141	0	0	0	0	0	0	0	0	0	0	
1.37462e+06	0	0	0	0	0	127	0	0	0	0	0	0	0	0	0	0	
1.37537e+06	0	0	0	0	0	141	0	0	0	0	0	0	0	0	0	0	
1.37613e+06	0	0	0	0	0	119	0	0	0	0	0	0	0	0	0	0	
1.37687e+06	0	0	0	0	0	139	0	0	0	0	0	0	0	0	0	0	
1.37763e+06	0	0	0	0	0	145	0	0	0	0	0	0	0	0	0	0	
1.37837e+06	0	0	0	0	0	147	0	0	0	0	0	0	0	0	0	0	
1.37912e+06	0	0	0	0	0	127	0	0	0	0	0	0	0	0	0	0	
1.37987e+06	0	0	0	0	0	143	0	0	0	0	0	0	0	0	0	0	
1.38063e+06	0	0	0	0	0	143	0	0	0	0	0	0	0	0	0	0	
1.38138e+06	0	0	0	0	0	111	0	0	0	0	0	0	0	0	0	0	
1.38213e+06	0	0	0	0	0	125	0	0	0	0	0	0	0	0	0	0	
1.38288e+06	0	0	0	0	0	131	0	0	0	0	0	0	0	0	0	0	
1.38363e+06	0	0	0	0	0	143	0	0	0	0	0	0	0	0	0	0	
1.38438e+06	0	0	0	0	0	125	0	0	0	0	0	0	0	0	0	0	
1.38513e+06	0	0	0	0	0	119	0	0	0	0	0	0	0	0	0	0	
1.38588e+06	0	0	0	0	0	133	0	0	0	0	0	0	0	0	0	0	
1.38663e+06	0	0	0	0	0	135	0	0	0	0	0	0	0	0	0	0	
1.38738e+06	0	0	0	0	0	119	0	0	0	0	0	0	0	0	0	0	
1.38813e+06	0	0	0	0	0	123	0	0	0	0	0	0	0	0	0	0	
1.38887e+06	0	0	0	0	0	129	0	0	0	0	0	0	0	0	0	0	
1.38962e+06	0	0	0	0	0	111	0	0	0	0	0	0	0	0	0	0	
1.39037e+06	0	0	0	0	0	121	0	0	0	0	0	0	0	0	0	0	
1.39113e+06	0	0	0	0	0	119	0	0	0	0	0	0	0	0	0	0	
1.39188e+06	0	0	0	0	0	137	0	0	0	0	0	0	0	0	0	0	
1.39263e+06	0	0	0	0	0	133	0	0	0	0	0	0	0	0	0	0	
1.39338e+06	0	0	0	0	0	135	0	0	0	0	0	0	0	0	0	0	
1.39413e+06	0	0	0	0	0	143	0	0	0	0	0	0	0	0	0	0	
1.39488e+06	0	0	0	0	141	0	0	0	0	0	0	0	0	0	0	0	
1.39563e+06	0	0	0	0	155	0	0	0	0	0	0	0	0	0	0	0	
1.39638e+06	0	0	0	0	161	0	0	0	0	0	0	0	0	0	0	0	
1.39713e+06	0	0	0	0	163	0	0	0	0	0	0	0	0	0	0	0	
1.39788e+06	0	0	0	0	159	0	0	0	0	0	0	0	0	0	0	0	
1.39863e+06	0	0	0	0	181	0	0	0	0	0	0	0	0	0	0	0	
1.39938e+06	0	0	0	0	151	0	0	0	0	0	0	0	0	0	0	0	
1.40013e+06	0	0	0	0	141	0	0	0	0	0	0	0	0	0	0	0	
1.40088e+06	0	0	0	0	173	0	0	0	0	0	0	0	0	0	0	0	
1.40163e+06	0	0	0	0	179	0	0	0	0	0	0	0	0	0	0	0	
1.40238e+06	0	0	0	0	161	0	0	0	0	0	0	0	0	0	0	0	
1.40313e+06	0	0	0	0	149	0	0	0	0	0	0	0	0	0	0	0	
1.40388e+06	0	0	0	0	133	0	0	0	0	0	0	0	0	0	0	0	
1.40462e+06	0	0	0	114	53	0	0	0	0	0	0	0	0	0	0	0	
1.40538e+06	0	0	0	191	0	0	0	0	0	0	0	0	0	0	0	0	
1.40613e+06	0	0	0	183	0	0	0	0	0	0	0	0	0	0	0	0	
1.40688e+06	0	0	0	205	0	0	0	0	0	0	0	0	0	0	0	0	
1.40762e+06	0	0	0	207	0	0	0	0	0	0	0	0	0	0	0	0	
1.40837e+06	0	0	0	181	0	0	0	0	0	0	0	0	0	0	0	0	
1.40912e+06	0	0	0	203	0	0	0	0	0	0	0	0	0	0	0	0	
1.40987e+06	0	0	0	179	0	0	0	0	0	0	0	0	0	0	0	0	
1.41063e+06	0	0	88	143	0	0	0	0	0	0	0	0	0	0	0	0	
1.41138e+06	0	0	257	0	0	0	0	0	0	0	0	0	0	0	0	0	
1.41212e+06	0	0	291	0	0	0	0	0	0	0	0	0	0	0	0	0	
1.41287e+06	0	0	263	0	0	0	0	0	0	0	0	0	0	0	0	0	
1.41362e+06	0	0	229	0	0	0	0	0	0	0	0	0	0	0	0	0	
1.41437e+06	0	0	281	0	0	0	0	0	0	0	0	0	0	0	0	0	
1.41512e+06	0	0	273	0	0	0	0	0	0	0	0	0	0	0	0	0	
1.41587e+06	0	0	269	0	0	0	0	0	0	0	0	0	0	0	0	0	
1.41662e+06	0	0	243	0	0	0	0	0	0	0	0	0	0	0	0	0	
1.41737e+06	0	0	269	0	0	0	0	0	0	0	0	0	0	0	0	0	
1.41812e+06	0	0	255	0	0	0	0	0	0	0	0	0	0	0	0	0	
1.41887e+06	0	0	253	0	0	0	0	0	0	0	0	0	0	0	0	0	
1.41962e+06	0	0	225	0	0	0	0	0	0	0	0	0	0	0	0	0	
1.42037e+06	0	0	257	0	0	0	0	0	0	0	0	0	0	0	0	0	
1.42112e+06	0	0	265	0	0	0	0	0	0	0	0	0	0	0	0	0	
1.42187e+06	0	0	283	0	0	0	0	0	0	0	0	0	0	0	0	0	
1.42262e+06	0	0	255	0	0	0	0	0	0	0	0	0	0	0	0	0	
1.42337e+06	0	0	263	0	0	0	0	0	0	0	0	0	0	0	0	0	
1.42412e+06	0	0	273	0	0	0	0	0	0	0	0	0	0	0	0	0	
1.42487e+06	0	0	289	0	0	0	0	0	0	0	0	0	0	0	0	0	
1.42562e+06	0	0	257	0	0	0	0	0	0	0	0	0	0	0	0	0	
1.42637e+06	0	0	269	0	0	0	0	0	0	0	0	0	0	0	0	0	
1.42712e+06	0	0	291	0	0	0	0	0	0	0	0	0	0	0	0	0	
1.42786e+06	0	0	289	0	0	0	0	0	0	0	0	0	0	0	0	0	
1.42862e+06	0	0	245	0	0	0	0	0	0	0	0	0	0	0	0	0	
1.42936e+06	0	0	265	0	0	0	0	0	0	0	0	0	0	0	0	0	
1.43012e+06	0	0	263	0	0	0	0	0	0	0	0	0	0	0	0	0	
1.43086e+06	0	0	265	0	0	0	0	0	0	0	0	0	0	0	0	0	
1.43162e+06	0	0	247	0	0	0	0	0	0	0	0	0	0	0	0	0	
1.43237e+06	0	0	265	0	0	0	0	0	0	0	0	0	0	0	0	0	
1.43312e+06	0	0	255	0	0	0	0	0	0	0	0	0	0	0	0	0	
1.43387e+06	0	0	255	0	0	0	0	0	0	0	0	0	0	0	0	0	
1.43462e+06	0	0	267	0	0	0	0	0	0	0	0	0	0	0	0	0	
1.43537e+06	0	0	297	0	0	0	0	0	0	0	0	0	0	0	0	0	
1.43612e+06	0	0	277	0	0	0	0	0	0	0	0	0	0	0	0	0	
1.43688e+06	0	0	261	0	0	0	0	0	0	0	0	0	0	0	0	0	
1.43762e+06	0	0	245	0	0	0	0	0	0	0	0	0	0	0	0	0	
1.43837e+06	0	0	249	0	0	0	0	0	0	0	0	0	0	0	0	0	
1.43912e+06	0	0	263	0	0	0	0	0	0	0	0	0	0	0	0	0	
1.43987e+06	0	0	269	0	0	0	0	0	0	0	0	0	0	0	0	0	
1.44062e+06	0	0	221	0	0	0	0	0	0	0	0	0	0	0	0	0	
1.44137e+06	0	0	273	0	0	0	0	0	0	0	0	0	0	0	0	0	
1.44212e+06	0	0	255	0	0	0	0	0	0	0	0	0	0	0	0	0	
1.44287e+06	0	0	299	0	0	0	0	0	0	0	0	0	0	0	0	0	
1.44362e+06	0	0	235	0	0	0	0	0	0	0	0	0	0	0	0	0	
1.44437e+06	0	0	247	0	0	0	0	0	0	0	0	0	0	0	0	0	
1.44512e+06	0	0	211	0	0	0	0	0	0	0	0	0	0	0	0	0	
1.44587e+06	0	0	265	0	0	0	0	0	0	0	0	0	0	0	0	0	
1.44662e+06	0	0	243	0	0	0	0	0	0	0	0	0	0	0	0	0	
1.44737e+06	0	0	273	0	0	0	0	0	0	0	0	0	0	0	0	0	
1.44812e+06	0	0	265	0	0	0	0	0	0	0	0	0	0	0	0	0	
1.44886e+06	0	0	265	0	0	0	0	0	0	0	0	0	0	0	0	0	
1.44961e+06	0	0	265	0	0	0	0	0	0	0	0	0	0	0	0	0	
1.45037e+06	0	0	245	0	0	0	0	0	0	0	0	0	0	0	0	0	
1.45111e+06	0	0	289	0	0	0	0	0	0	0	0	0	0	0	0	0	
1.45186e+06	0	0	241	0	0	0	0	0	0	0	0	0	0	0	0	0	
1.45262e+06	0	0	0	221	0	0	0	0	0	0	0	0	0	0	0	0	
1.45337e+06	0	0	0	197	0	0	0	0	0	0	0	0	0	0	0	0	
1.45412e+06	0	0	0	181	0	0	0	0	0	0	0	0	0	0	0	0	
1.45487e+06	0	0	0	201	0	0	0	0	0	0	0	0	0	0	0	0	
1.45562e+06	0	0	0	195	0	0	0	0	0	0	0	0	0	0	0	0	
1.45637e+06	0	0	0	177	0	0	0	0	0	0	0	0	0	0	0	0	
1.45712e+06	0	0	0	197	0	0	0	0	0	0	0	0	0	0	0	0	
1.45787e+06	0	0	0	221	0	0	0	0	0	0	0	0	0	0	0	0	
1.45862e+06	0	0	0	187	0	0	0	0	0	0	0	0	0	0	0	0	
1.45937e+06	0	0	0	193	0	0	0	0	0	0	0	0	0	0	0	0	
1.46012e+06	0	0	0	209	0	0	0	0	0	0	0	0	0	0	0	0	
1.46087e+06	0	0	0	205	0	0	0	0	0	0	0	0	0	0	0	0	
1.46162e+06	0	0	0	199	0	0	0	0	0	0	0	0	0	0	0	0	
1.46237e+06	0	0	0	187	0	0	0	0	0	0	0	0	0	0	0	0	
1.46312e+06	0	0	0	205	0	0	0	0	0	0	0	0	0	0	0	0	
1.46387e+06	0	0	0	205	0	0	0	0	0	0	0	0	0	0	0	0	
1.46462e+06	0	0	0	199	0	0	0	0	0	0	0	0	0	0	0	0	
1.46537e+06	0	0	0	185	0	0	0	0	0	0	0	0	0	0	0	0	
1.46612e+06	0	0	0	227	0	0	0	0	0	0	0	0	0	0	0	0	
1.46688e+06	0	0	0	0	139	0	0	0	0	0	0	0	0	0	0	0	
1.46763e+06	0	0	0	0	173	0	0	0	0	0	0	0	0	0	0	0	
1.46838e+06	0	0	0	0	157	0	0	0	0	0	0	0	0	0	0	0	
1.46913e+06	0	0	0	0	161	0	0	0	0	0	0	0	0	0	0	0	
1.46988e+06	0	0	0	0	161	0	0	0	0	0	0	0	0	0	0	0	
1.47064e+06	0	0	0	0	159	0	0	0	0	0	0	0	0	0	0	0	
1.47139e+06	0	0	0	0	169	0	0	0	0	0	0	0	0	0	0	0	
1.47214e+06	0	0	0	0	161	0	0	0	0	0	0	0	0	0	0	0	
1.47288e+06	0	0	0	0	147	0	0	0	0	0	0	0	0	0	0	0	
1.47363e+06	0	0	0	0	0	127	0	0	0	0	0	0	0	0	0	0	
1.47438e+06	0	0	0	0	0	143	0	0	0	0	0	0	0	0	0	0	
1.47513e+06	0	0	0	0	0	131	0	0	0	0	0	0	0	0	0	0	
1.47588e+06	0	0	0	0	0	131	0	0	0	0	0	0	0	0	0	0	
1.47663e+06	0	0	0	0	0	137	0	0	0	0	0	0	0	0	0	0	
1.47738e+06	0	0	0	0	0	123	0	0	0	0	0	0	0	0	0	0	
1.47813e+06	0	0	0	0	0	151	0	0	0	0	0	0	0	0	0	0	
1.47888e+06	0	0	0	0	0	123	0	0	0	0	0	0	0	0	0	0	
1.47963e+06	0	0	0	0	0	133	0	0	0	0	0	0	0	0	0	0	
1.48038e+06	0	0	0	0	0	123	0	0	0	0	0	0	0	0	0	0	
1.48113e+06	0	0	0	0	0	127	0	0	0	0	0	0	0	0	0	0	
1.48188e+06	0	0	0	0	0	123	0	0	0	0	0	0	0	0	0	0	
1.48263e+06	0	0	0	0	0	159	0	0	0	0	0	0	0	0	0	0	
1.48338e+06	0	0	0	0	0	143	0	0	0	0	0	0	0	0	0	0	
1.48413e+06	0	0	0	0	0	135	0	0	0	0	0	0	0	0	0	0	
1.48488e+06	0	0	0	0	0	127	0	0	0	0	0	0	0	0	0	0	
1.48563e+06	0	0	0	0	0	167	0	0	0	0	0	0	0	0	0	0	
1.48637e+06	0	0	0	0	0	125	0	0	0	0	0	0	0	0	0	0	
1.48712e+06	0	0	0	0	0	129	0	0	0	0	0	0	0	0	0	0	
1.48787e+06	0	0	0	0	0	135	0	0	0	0	0	0	0	0	0	0	
1.48862e+06	0	0	0	0	0	125	0	0	0	0	0	0	0	0	0	0	
1.48937e+06	0	0	0	0	0	137	0	0	0	0	0	0	0	0	0	0	
1.49012e+06	0	0	0	0	0	121	0	0	0	0	0	0	0	0	0	0	
1.49087e+06	0	0	0	0	0	153	0	0	0	0	0	0	0	0	0	0	
1.49162e+06	0	0	0	0	0	125	0	0	0	0	0	0	0	0	0	0	
1.49237e+06	0	0	0	0	0	131	0	0	0	0	0	0	0	0	0	0	
1.49312e+06	0	0	0	0	0	119	0	0	0	0	0	0	0	0	0	0	
1.49387e+06	0	0	0	0	0	133	0	0	0	0	0	0	0	0	0	0	
1.49462e+06	0	0	0	0	0	143	0	0	0	0	0	0	0	0	0	0	
1.49538e+06	0	0	0	0	0	129	0	0	0	0	0	0	0	0	0	0	
1.49612e+06	0	0	0	0	133	0	0	0	0	0	0	0	0	0	0	0	
1.49688e+06	0	0	0	0	159	0	0	0	0	0	0	0	0	0	0	0	
1.49763e+06	0	0	0	0	155	0	0	0	0	0	0	0	0	0	0	0	
1.49838e+06	0	0	0	0	151	0	0	0	0	0	0	0	0	0	0	0	
1.49913e+06	0	0	0	0	149	0	0	0	0	0	0	0	0	0	0	0	
1.49988e+06	0	0	0	0	175	0	0	0	0	0	0	0	0	0	0	0	
1.49988e+06	0	0	0	0	175	0	0	0	0	0	0	0	0	0	0	0	
