Time	s0	s1	s2	s3	s4	s5	s6	s7	s8	s9	s10	s11	s12	s13	s14	s15	
0	0	0	0	0	0	0	0	0	0	0	0	0	0	0	0	200	
0.000814813	0	0	0	0	0	0	0	0	0	0	0	0	0	0	0	199	
753.932	0	0	0	0	0	0	0	0	0	0	0	0	0	0	0	59	
1505.33	0	0	0	0	0	0	0	0	0	0	0	0	0	0	0	49	
2256.81	0	0	0	0	0	0	0	0	0	0	0	0	0	0	0	55	
3005.72	0	0	0	0	0	0	0	0	0	0	0	0	0	0	0	47	
3758.97	0	0	0	0	0	0	0	0	0	0	0	0	0	0	0	47	
4509.27	0	0	0	0	0	0	0	0	0	0	0	0	0	0	0	47	
5257.99	0	0	0	0	0	0	0	0	0	0	0	0	0	0	0	59	
6009.06	0	0	0	0	0	0	0	0	0	0	0	0	0	0	0	57	
6758.63	0	0	0	0	0	0	0	0	0	0	0	0	0	0	0	51	
7508.46	0	0	0	0	0	0	0	0	0	0	0	0	0	0	0	49	
8256.57	0	0	0	0	0	0	0	0	0	0	0	0	0	0	0	55	
9008.18	0	0	0	0	0	0	0	0	0	0	0	0	0	0	0	53	
9757.48	0	0	0	0	0	0	0	0	0	0	0	0	0	0	0	53	
10510.9	0	0	0	0	0	0	0	0	0	0	0	0	0	0	0	59	
11259.4	0	0	0	0	0	0	0	0	0	0	0	0	0	0	0	47	
12010	0	0	0	0	0	0	0	0	0	0	0	0	0	0	0	53	
12759.1	0	0	0	0	0	0	0	0	0	0	0	0	0	0	0	47	
13506.5	0	0	0	0	0	0	0	0	0	0	0	0	0	0	0	43	
14259.6	0	0	0	0	0	0	0	0	0	0	0	0	0	0	0	45	
15011	0	0	0	0	0	0	0	0	0	0	0	0	0	0	0	57	
15761.3	0	0	0	0	0	0	0	0	0	0	0	0	0	0	0	53	
16514.7	0	0	0	0	0	0	0	0	0	0	0	0	0	0	0	41	
17263.2	0	0	0	0	0	0	0	0	0	0	0	0	0	0	0	51	
18016.3	0	0	0	0	0	0	0	0	0	0	0	0	0	0	0	45	
18764.2	0	0	0	0	0	0	0	0	0	0	0	0	0	0	0	43	
19513.8	0	0	0	0	0	0	0	0	0	0	0	0	0	0	0	47	
20265.3	0	0	0	0	0	0	0	0	0	0	0	0	0	0	0	41	
21016.4	0	0	0	0	0	0	0	0	0	0	0	0	0	0	0	49	
21766.7	0	0	0	0	0	0	0	0	0	0	0	0	0	0	0	47	
22514.9	0	0	0	0	0	0	0	0	0	0	0	0	0	0	0	43	
23267.1	0	0	0	0	0	0	0	0	0	0	0	0	0	0	0	49	
24017.1	0	0	0	0	0	0	0	0	0	0	0	0	0	0	0	63	
24765.9	0	0	0	0	0	0	0	0	0	0	0	0	0	0	0	39	
25514.2	0	0	0	0	0	0	0	0	0	0	0	0	0	0	0	43	
26265.9	0	0	0	0	0	0	0	0	0	0	0	0	0	0	0	47	
27014.3	0	0	0	0	0	0	0	0	0	0	0	0	0	0	0	33	
27763.6	0	0	0	0	0	0	0	0	0	0	0	0	0	0	0	47	
28514.8	0	0	0	0	0	0	0	0	0	0	0	0	0	0	0	55	
29264.8	0	0	0	0	0	0	0	0	0	0	0	0	0	0	0	59	
30014.2	0	0	0	0	0	0	0	0	0	0	0	0	0	0	0	45	
30762.6	0	0	0	0	0	0	0	0	0	0	0	0	0	0	0	57	
31513.2	0	0	0	0	0	0	0	0	0	0	0	0	0	0	0	57	
32265.3	0	0	0	0	0	0	0	0	0	0	0	0	0	0	0	33	
33021.4	0	0	0	0	0	0	0	0	0	0	0	0	0	0	0	47	
33771.2	0	0	0	0	0	0	0	0	0	0	0	0	0	0	0	55	
34522.1	0	0	0	0	0	0	0	0	0	0	0	0	0	0	0	51	
35274.2	0	0	0	0	0	0	0	0	0	0	0	0	0	0	0	57	
36028.8	0	0	0	0	0	0	0	0	0	0	0	0	0	0	0	57	
36782.5	0	0	0	0	0	0	0	0	0	0	0	0	0	0	63	0	
37531.6	0	0	0	0	0	0	0	0	0	0	0	0	0	57	0	0	
38279.5	0	0	0	0	0	0	0	0	0	0	0	0	0	69	0	0	
39029.7	0	0	0	0	0	0	0	0	0	0	0	0	0	65	0	0	
39779.4	0	0	0	0	0	0	0	0	0	0	0	0	0	57	0	0	
40532.5	0	0	0	0	0	0	0	0	0	0	0	0	79	0	0	0	
41282.1	0	0	0	0	0	0	0	0	0	0	0	0	75	0	0	0	
42031.9	0	0	0	0	0	0	0	0	0	0	0	0	61	0	0	0	
42780.2	0	0	0	0	0	0	0	0	0	0	0	0	67	0	0	0	
43527	0	0	0	0	0	0	0	0	0	0	0	0	53	0	0	0	
44278.6	0	0	0	0	0	0	0	0	0	0	0	0	57	0	0	0	
45023.8	0	0	0	0	0	0	0	0	0	0	0	0	63	0	0	0	
45771.7	0	0	0	0	0	0	0	0	0	0	0	0	67	0	0	0	
46520.3	0	0	0	0	0	0	0	0	0	0	0	0	63	0	0	0	
47270.7	0	0	0	0	0	0	0	0	0	0	0	0	51	0	0	0	
48022.2	0	0	0	0	0	0	0	0	0	0	0	0	0	53	0	0	
48774.9	0	0	0	0	0	0	0	0	0	0	0	0	0	67	0	0	
49523.8	0	0	0	0	0	0	0	0	0	0	0	0	0	61	0	0	
50274.7	0	0	0	0	0	0	0	0	0	0	0	0	0	53	0	0	
51023.8	0	0	0	0	0	0	0	0	0	0	0	0	0	57	0	0	
51772.5	0	0	0	0	0	0	0	0	0	0	0	0	0	71	0	0	
52523.8	0	0	0	0	0	0	0	0	0	0	0	0	0	55	0	0	
53272.6	0	0	0	0	0	0	0	0	0	0	0	0	0	69	0	0	
54023.1	0	0	0	0	0	0	0	0	0	0	0	0	0	47	0	0	
54773.1	0	0	0	0	0	0	0	0	0	0	0	0	0	61	0	0	
55524.9	0	0	0	0	0	0	0	0	0	0	0	0	0	53	0	0	
56273.4	0	0	0	0	0	0	0	0	0	0	0	0	0	71	0	0	
57024.6	0	0	0	0	0	0	0	0	0	0	0	0	0	57	0	0	
57778.3	0	0	0	0	0	0	0	0	0	0	0	0	0	51	0	0	
58528.1	0	0	0	0	0	0	0	0	0	0	0	0	0	67	0	0	
59274.3	0	0	0	0	0	0	0	0	0	0	0	0	0	61	2	0	
60022.8	0	0	0	0	0	0	0	0	0	0	0	0	0	0	61	0	
60773.7	0	0	0	0	0	0	0	0	0	0	0	0	0	0	59	0	
61522.8	0	0	0	0	0	0	0	0	0	0	0	0	0	0	55	0	
62271.9	0	0	0	0	0	0	0	0	0	0	0	0	0	0	47	0	
63022.1	0	0	0	0	0	0	0	0	0	0	0	0	0	0	59	0	
63771.8	0	0	0	0	0	0	0	0	0	0	0	0	0	75	0	0	
64516.5	0	0	0	0	0	0	0	0	0	0	0	0	0	67	0	0	
65267.2	0	0	0	0	0	0	0	0	0	0	0	0	0	53	0	0	
66018.3	0	0	0	0	0	0	0	0	0	0	0	0	0	57	0	0	
66766.5	0	0	0	0	0	0	0	0	0	0	0	0	0	47	0	0	
67519.9	0	0	0	0	0	0	0	0	0	0	0	0	0	61	0	0	
68269.6	0	0	0	0	0	0	0	0	0	0	0	0	0	53	0	0	
69020.4	0	0	0	0	0	0	0	0	0	0	0	0	0	55	0	0	
69770.8	0	0	0	0	0	0	0	0	0	0	0	0	0	49	0	0	
70519.7	0	0	0	0	0	0	0	0	0	0	0	0	0	61	0	0	
71268.4	0	0	0	0	0	0	0	0	0	0	0	0	0	0	51	0	
72019.6	0	0	0	0	0	0	0	0	0	0	0	0	0	0	43	0	
72772.7	0	0	0	0	0	0	0	0	0	0	0	0	0	0	47	0	
73521.7	0	0	0	0	0	0	0	0	0	0	0	0	0	0	45	0	
74274.1	0	0	0	0	0	0	0	0	0	0	0	0	0	0	51	0	
75025.9	0	0	0	0	0	0	0	0	0	0	0	0	0	0	49	0	
75772.3	0	0	0	0	0	0	0	0	0	0	0	0	0	0	43	0	
76526.5	0	0	0	0	0	0	0	0	0	0	0	0	0	0	55	0	
77274.2	0	0	0	0	0	0	0	0	0	0	0	0	0	0	57	0	
78028.2	0	0	0	0	0	0	0	0	0	0	0	0	0	0	43	0	
78776.9	0	0	0	0	0	0	0	0	0	0	0	0	0	0	61	0	
79524.2	0	0	0	0	0	0	0	0	0	0	0	0	0	0	55	0	
80275.7	0	0	0	0	0	0	0	0	0	0	0	0	0	0	43	0	
81024.9	0	0	0	0	0	0	0	0	0	0	0	0	0	0	57	0	
81775.8	0	0	0	0	0	0	0	0	0	0	0	0	0	0	49	0	
82522.9	0	0	0	0	0	0	0	0	0	0	0	0	0	0	59	0	
83271.4	0	0	0	0	0	0	0	0	0	0	0	0	0	0	55	0	
84021.8	0	0	0	0	0	0	0	0	0	0	0	0	0	0	61	0	
84769.8	0	0	0	0	0	0	0	0	0	0	0	0	0	0	51	0	
85518.4	0	0	0	0	0	0	0	0	0	0	0	0	0	0	73	0	
86271.6	0	0	0	0	0	0	0	0	0	0	0	0	0	0	51	0	
87023.7	0	0	0	0	0	0	0	0	0	0	0	0	0	0	0	57	
87776.2	0	0	0	0	0	0	0	0	0	0	0	0	0	0	0	63	
88526.2	0	0	0	0	0	0	0	0	0	0	0	0	0	0	0	45	
89277.7	0	0	0	0	0	0	0	0	0	0	0	0	0	0	0	45	
90028.9	0	0	0	0	0	0	0	0	0	0	0	0	0	0	0	41	
90775.9	0	0	0	0	0	0	0	0	0	0	0	0	0	0	0	51	
91528.8	0	0	0	0	0	0	0	0	0	0	0	0	0	0	0	45	
92276.7	0	0	0	0	0	0	0	0	0	0	0	0	0	0	0	57	
93027.3	0	0	0	0	0	0	0	0	0	0	0	0	0	0	0	45	
93774.8	0	0	0	0	0	0	0	0	0	0	0	0	0	0	0	47	
94524.4	0	0	0	0	0	0	0	0	0	0	0	0	0	0	0	43	
95276.2	0	0	0	0	0	0	0	0	0	0	0	0	0	0	0	53	
96028.3	0	0	0	0	0	0	0	0	0	0	0	0	0	0	0	43	
96779.5	0	0	0	0	0	0	0	0	0	0	0	0	0	0	0	41	
97532.2	0	0	0	0	0	0	0	0	0	0	0	0	0	0	0	61	
98284.3	0	0	0	0	0	0	0	0	0	0	0	0	0	0	0	49	
99032	0	0	0	0	0	0	0	0	0	0	0	0	0	0	0	57	
99782.2	0	0	0	0	0	0	0	0	0	0	0	0	0	0	0	55	
100530	0	0	0	0	0	0	0	0	0	0	0	0	0	0	0	53	
101280	0	0	0	0	0	0	0	0	0	0	0	0	0	0	0	39	
102031	0	0	0	0	0	0	0	0	0	0	0	0	0	0	0	49	
102781	0	0	0	0	0	0	0	0	0	0	0	0	0	0	0	43	
103530	0	0	0	0	0	0	0	0	0	0	0	0	0	0	0	53	
104281	0	0	0	0	0	0	0	0	0	0	0	0	0	0	0	47	
105029	0	0	0	0	0	0	0	0	0	0	0	0	0	0	0	53	
105780	0	0	0	0	0	0	0	0	0	0	0	0	0	0	0	59	
106526	0	0	0	0	0	0	0	0	0	0	0	0	0	0	0	47	
107274	0	0	0	0	0	0	0	0	0	0	0	0	0	0	0	43	
108028	0	0	0	0	0	0	0	0	0	0	0	0	0	0	0	37	
108777	0	0	0	0	0	0	0	0	0	0	0	0	0	0	59	0	
109524	0	0	0	0	0	0	0	0	0	0	0	0	0	0	53	0	
110272	0	0	0	0	0	0	0	0	0	0	0	0	0	0	53	0	
111019	0	0	0	0	0	0	0	0	0	0	0	0	0	0	41	0	
111766	0	0	0	0	0	0	0	0	0	0	0	0	0	0	49	0	
112517	0	0	0	0	0	0	0	0	0	0	0	0	0	0	39	0	
113266	0	0	0	0	0	0	0	0	0	0	0	0	0	0	53	0	
114020	0	0	0	0	0	0	0	0	0	0	0	0	0	0	43	0	
114769	0	0	0	0	0	0	0	0	0	0	0	0	0	0	45	0	
115518	0	0	0	0	0	0	0	0	0	0	0	0	0	0	57	0	
116268	0	0	0	0	0	0	0	0	0	0	0	0	0	0	59	0	
117015	0	0	0	0	0	0	0	0	0	0	0	0	0	0	53	0	
117767	0	0	0	0	0	0	0	0	0	0	0	0	0	0	43	0	
118517	0	0	0	0	0	0	0	0	0	0	0	0	0	0	53	0	
119270	0	0	0	0	0	0	0	0	0	0	0	0	0	0	0	49	
120018	0	0	0	0	0	0	0	0	0	0	0	0	0	0	0	43	
120768	0	0	0	0	0	0	0	0	0	0	0	0	0	0	0	55	
121519	0	0	0	0	0	0	0	0	0	0	0	0	0	0	0	47	
122269	0	0	0	0	0	0	0	0	0	0	0	0	0	0	0	43	
123020	0	0	0	0	0	0	0	0	0	0	0	0	0	0	0	41	
123768	0	0	0	0	0	0	0	0	0	0	0	0	0	0	0	51	
124514	0	0	0	0	0	0	0	0	0	0	0	0	0	0	0	47	
125263	0	0	0	0	0	0	0	0	0	0	0	0	0	0	0	53	
126015	0	0	0	0	0	0	0	0	0	0	0	0	0	0	0	39	
126764	0	0	0	0	0	0	0	0	0	0	0	0	0	0	0	39	
127515	0	0	0	0	0	0	0	0	0	0	0	0	0	0	0	37	
128268	0	0	0	0	0	0	0	0	0	0	0	0	0	0	0	39	
129019	0	0	0	0	0	0	0	0	0	0	0	0	0	0	0	59	
129766	0	0	0	0	0	0	0	0	0	0	0	0	0	0	0	47	
130514	0	0	0	0	0	0	0	0	0	0	0	0	0	0	0	57	
131268	0	0	0	0	0	0	0	0	0	0	0	0	0	0	0	53	
132020	0	0	0	0	0	0	0	0	0	0	0	0	0	0	0	51	
132768	0	0	0	0	0	0	0	0	0	0	0	0	0	0	41	0	
133519	0	0	0	0	0	0	0	0	0	0	0	0	0	0	55	0	
134269	0	0	0	0	0	0	0	0	0	0	0	0	0	0	49	0	
135019	0	0	0	0	0	0	0	0	0	0	0	0	0	0	45	0	
135770	0	0	0	0	0	0	0	0	0	0	0	0	0	0	63	0	
136522	0	0	0	0	0	0	0	0	0	0	0	0	0	0	41	0	
137271	0	0	0	0	0	0	0	0	0	0	0	0	0	0	55	0	
138019	0	0	0	0	0	0	0	0	0	0	0	0	0	57	0	0	
138769	0	0	0	0	0	0	0	0	0	0	0	0	0	59	0	0	
139516	0	0	0	0	0	0	0	0	0	0	0	0	0	55	0	0	
140265	0	0	0	0	0	0	0	0	0	0	0	0	0	0	57	0	
141014	0	0	0	0	0	0	0	0	0	0	0	0	0	0	51	0	
141766	0	0	0	0	0	0	0	0	0	0	0	0	0	0	55	0	
142515	0	0	0	0	0	0	0	0	0	0	0	0	0	0	35	0	
143261	0	0	0	0	0	0	0	0	0	0	0	0	0	0	55	0	
144013	0	0	0	0	0	0	0	0	0	0	0	0	0	0	57	0	
144764	0	0	0	0	0	0	0	0	0	0	0	0	0	0	57	0	
145514	0	0	0	0	0	0	0	0	0	0	0	0	0	0	61	0	
146259	0	0	0	0	0	0	0	0	0	0	0	0	0	0	77	0	
147009	0	0	0	0	0	0	0	0	0	0	0	0	0	0	63	0	
147758	0	0	0	0	0	0	0	0	0	0	0	0	0	0	45	0	
148510	0	0	0	0	0	0	0	0	0	0	0	0	0	0	47	0	
149259	0	0	0	0	0	0	0	0	0	0	0	0	0	0	59	0	
150005	0	0	0	0	0	0	0	0	0	0	0	0	0	0	55	0	
150753	0	0	0	0	0	0	0	0	0	0	0	0	0	0	59	0	
151504	0	0	0	0	0	0	0	0	0	0	0	0	0	0	55	0	
152256	0	0	0	0	0	0	0	0	0	0	0	0	0	0	53	0	
153008	0	0	0	0	0	0	0	0	0	0	0	0	0	0	57	0	
153758	0	0	0	0	0	0	0	0	0	0	0	0	0	0	61	0	
154509	0	0	0	0	0	0	0	0	0	0	0	0	0	0	61	0	
155257	0	0	0	0	0	0	0	0	0	0	0	0	0	0	37	0	
156009	0	0	0	0	0	0	0	0	0	0	0	0	0	0	57	0	
156761	0	0	0	0	0	0	0	0	0	0	0	0	0	0	47	0	
157507	0	0	0	0	0	0	0	0	0	0	0	0	0	0	49	0	
158257	0	0	0	0	0	0	0	0	0	0	0	0	0	0	45	0	
159006	0	0	0	0	0	0	0	0	0	0	0	0	0	0	53	0	
159756	0	0	0	0	0	0	0	0	0	0	0	0	0	0	57	0	
160506	0	0	0	0	0	0	0	0	0	0	0	0	0	0	43	0	
161256	0	0	0	0	0	0	0	0	0	0	0	0	0	0	53	0	
162003	0	0	0	0	0	0	0	0	0	0	0	0	0	0	43	0	
162751	0	0	0	0	0	0	0	0	0	0	0	0	0	0	61	0	
163499	0	0	0	0	0	0	0	0	0	0	0	0	0	0	51	0	
164248	0	0	0	0	0	0	0	0	0	0	0	0	0	0	49	0	
164995	0	0	0	0	0	0	0	0	0	0	0	0	0	0	55	0	
165742	0	0	0	0	0	0	0	0	0	0	0	0	0	0	55	0	
166495	0	0	0	0	0	0	0	0	0	0	0	0	0	0	45	0	
167245	0	0	0	0	0	0	0	0	0	0	0	0	0	0	53	0	
167993	0	0	0	0	0	0	0	0	0	0	0	0	0	0	59	0	
168747	0	0	0	0	0	0	0	0	0	0	0	0	0	0	65	0	
169500	0	0	0	0	0	0	0	0	0	0	0	0	0	0	55	0	
170248	0	0	0	0	0	0	0	0	0	0	0	0	0	0	47	0	
170999	0	0	0	0	0	0	0	0	0	0	0	0	0	0	47	0	
171751	0	0	0	0	0	0	0	0	0	0	0	0	0	0	61	0	
172500	0	0	0	0	0	0	0	0	0	0	0	0	0	0	59	0	
173252	0	0	0	0	0	0	0	0	0	0	0	0	0	0	57	0	
173999	0	0	0	0	0	0	0	0	0	0	0	0	0	0	61	0	
174749	0	0	0	0	0	0	0	0	0	0	0	0	0	0	63	0	
175496	0	0	0	0	0	0	0	0	0	0	0	0	0	0	61	0	
176243	0	0	0	0	0	0	0	0	0	0	0	0	0	0	57	0	
176993	0	0	0	0	0	0	0	0	0	0	0	0	0	0	53	0	
177746	0	0	0	0	0	0	0	0	0	0	0	0	0	0	59	0	
178494	0	0	0	0	0	0	0	0	0	0	0	0	0	0	45	0	
179248	0	0	0	0	0	0	0	0	0	0	0	0	0	0	0	49	
180002	0	0	0	0	0	0	0	0	0	0	0	0	0	0	0	49	
180750	0	0	0	0	0	0	0	0	0	0	0	0	0	0	0	37	
181495	0	0	0	0	0	0	0	0	0	0	0	0	0	0	0	53	
182247	0	0	0	0	0	0	0	0	0	0	0	0	0	0	0	63	
182996	0	0	0	0	0	0	0	0	0	0	0	0	0	0	0	55	
183746	0	0	0	0	0	0	0	0	0	0	0	0	0	0	0	39	
184497	0	0	0	0	0	0	0	0	0	0	0	0	0	0	0	53	
185246	0	0	0	0	0	0	0	0	0	0	0	0	0	0	0	33	
186001	0	0	0	0	0	0	0	0	0	0	0	0	0	0	0	53	
186753	0	0	0	0	0	0	0	0	0	0	0	0	0	0	0	51	
187503	0	0	0	0	0	0	0	0	0	0	0	0	0	0	0	57	
188252	0	0	0	0	0	0	0	0	0	0	0	0	0	0	0	43	
189000	0	0	0	0	0	0	0	0	0	0	0	0	0	0	0	55	
189751	0	0	0	0	0	0	0	0	0	0	0	0	0	0	0	57	
190500	0	0	0	0	0	0	0	0	0	0	0	0	0	0	41	0	
191251	0	0	0	0	0	0	0	0	0	0	0	0	0	0	59	0	
192001	0	0	0	0	0	0	0	0	0	0	0	0	0	0	57	0	
192754	0	0	0	0	0	0	0	0	0	0	0	0	0	0	47	0	
193506	0	0	0	0	0	0	0	0	0	0	0	0	0	0	47	0	
194255	0	0	0	0	0	0	0	0	0	0	0	0	0	0	51	0	
195009	0	0	0	0	0	0	0	0	0	0	0	0	0	0	57	0	
195760	0	0	0	0	0	0	0	0	0	0	0	0	0	43	0	0	
196508	0	0	0	0	0	0	0	0	0	0	0	0	0	65	0	0	
197255	0	0	0	0	0	0	0	0	0	0	0	0	0	61	0	0	
198004	0	0	0	0	0	0	0	0	0	0	0	0	0	49	0	0	
198754	0	0	0	0	0	0	0	0	0	0	0	0	63	0	0	0	
199507	0	0	0	0	0	0	0	0	0	0	0	0	67	0	0	0	
200257	0	0	0	0	0	0	0	0	0	0	0	0	59	0	0	0	
201008	0	0	0	0	0	0	0	0	0	0	0	0	73	0	0	0	
201759	0	0	0	0	0	0	0	0	0	0	0	0	55	0	0	0	
202512	0	0	0	0	0	0	0	0	0	0	0	0	45	0	0	0	
203259	0	0	0	0	0	0	0	0	0	0	0	0	73	0	0	0	
204006	0	0	0	0	0	0	0	0	0	0	0	0	49	0	0	0	
204758	0	0	0	0	0	0	0	0	0	0	0	0	55	0	0	0	
205505	0	0	0	0	0	0	0	0	0	0	0	0	65	0	0	0	
206255	0	0	0	0	0	0	0	0	0	0	0	0	67	0	0	0	
207005	0	0	0	0	0	0	0	0	0	0	0	0	57	0	0	0	
207757	0	0	0	0	0	0	0	0	0	0	0	0	69	0	0	0	
208508	0	0	0	0	0	0	0	0	0	0	0	0	71	0	0	0	
209256	0	0	0	0	0	0	0	0	0	0	0	0	63	0	0	0	
210006	0	0	0	0	0	0	0	0	0	0	0	0	61	0	0	0	
210758	0	0	0	0	0	0	0	0	0	0	0	0	53	0	0	0	
211507	0	0	0	0	0	0	0	0	0	0	0	0	73	0	0	0	
212256	0	0	0	0	0	0	0	0	0	0	0	0	73	0	0	0	
213005	0	0	0	0	0	0	0	0	0	0	0	0	51	0	0	0	
213756	0	0	0	0	0	0	0	0	0	0	0	0	59	0	0	0	
214508	0	0	0	0	0	0	0	0	0	0	0	0	49	0	0	0	
215261	0	0	0	0	0	0	0	0	0	0	0	0	57	0	0	0	
216011	0	0	0	0	0	0	0	0	0	0	0	0	58	1	0	0	
216761	0	0	0	0	0	0	0	0	0	0	0	0	65	0	0	0	
217515	0	0	0	0	0	0	0	0	0	0	0	0	75	0	0	0	
218262	0	0	0	0	0	0	0	0	0	0	0	0	57	0	0	0	
219012	0	0	0	0	0	0	0	0	0	0	0	0	67	0	0	0	
219763	0	0	0	0	0	0	0	0	0	0	0	0	63	0	0	0	
220513	0	0	0	0	0	0	0	0	0	0	0	0	63	0	0	0	
221263	0	0	0	0	0	0	0	0	0	0	0	0	81	0	0	0	
222015	0	0	0	0	0	0	0	0	0	0	0	0	69	0	0	0	
222763	0	0	0	0	0	0	0	0	0	0	0	0	65	0	0	0	
223513	0	0	0	0	0	0	0	0	0	0	0	0	63	0	0	0	
224262	0	0	0	0	0	0	0	0	0	0	0	0	75	0	0	0	
225011	0	0	0	0	0	0	0	0	0	0	0	67	0	0	0	0	
225762	0	0	0	0	0	0	0	0	0	0	0	63	0	0	0	0	
226516	0	0	0	0	0	0	0	0	0	0	0	57	0	0	0	0	
227264	0	0	0	0	0	0	0	0	0	0	0	57	0	0	0	0	
228013	0	0	0	0	0	0	0	0	0	0	0	85	0	0	0	0	
228763	0	0	0	0	0	0	0	0	0	0	0	79	0	0	0	0	
229511	0	0	0	0	0	0	0	0	0	0	0	63	0	0	0	0	
230258	0	0	0	0	0	0	0	0	0	0	0	75	0	0	0	0	
231008	0	0	0	0	0	0	0	0	0	0	0	59	0	0	0	0	
231756	0	0	0	0	0	0	0	0	0	0	0	71	0	0	0	0	
232508	0	0	0	0	0	0	0	0	0	0	0	63	0	0	0	0	
233258	0	0	0	0	0	0	0	0	0	0	0	67	0	0	0	0	
234010	0	0	0	0	0	0	0	0	0	0	0	65	0	0	0	0	
234758	0	0	0	0	0	0	0	0	0	0	0	0	71	0	0	0	
235512	0	0	0	0	0	0	0	0	0	0	0	0	63	0	0	0	
236259	0	0	0	0	0	0	0	0	0	0	0	0	71	0	0	0	
237008	0	0	0	0	0	0	0	0	0	0	0	0	67	0	0	0	
237763	0	0	0	0	0	0	0	0	0	0	0	0	71	0	0	0	
238510	0	0	0	0	0	0	0	0	0	0	0	0	49	0	0	0	
239259	0	0	0	0	0	0	0	0	0	0	0	0	51	0	0	0	
240005	0	0	0	0	0	0	0	0	0	0	0	0	63	0	0	0	
240753	0	0	0	0	0	0	0	0	0	0	0	0	67	0	0	0	
241506	0	0	0	0	0	0	0	0	0	0	0	53	0	0	0	0	
242255	0	0	0	0	0	0	0	0	0	0	0	71	0	0	0	0	
243008	0	0	0	0	0	0	0	0	0	0	0	61	0	0	0	0	
243757	0	0	0	0	0	0	0	0	0	0	0	79	0	0	0	0	
244509	0	0	0	0	0	0	0	0	0	0	0	71	0	0	0	0	
245261	0	0	0	0	0	0	0	0	0	0	0	47	0	0	0	0	
246010	0	0	0	0	0	0	0	0	0	0	0	67	0	0	0	0	
246761	0	0	0	0	0	0	0	0	0	0	0	67	0	0	0	0	
247512	0	0	0	0	0	0	0	0	0	0	0	77	0	0	0	0	
248261	0	0	0	0	0	0	0	0	0	0	0	73	0	0	0	0	
249010	0	0	0	0	0	0	0	0	0	0	0	69	0	0	0	0	
249756	0	0	0	0	0	0	0	0	0	0	0	71	0	0	0	0	
250506	0	0	0	0	0	0	0	0	0	0	0	81	0	0	0	0	
251255	0	0	0	0	0	0	0	0	0	0	0	63	0	0	0	0	
252004	0	0	0	0	0	0	0	0	0	0	0	0	57	0	0	0	
252756	0	0	0	0	0	0	0	0	0	0	0	0	61	0	0	0	
253504	0	0	0	0	0	0	0	0	0	0	0	0	51	0	0	0	
254255	0	0	0	0	0	0	0	0	0	0	0	0	63	0	0	0	
255003	0	0	0	0	0	0	0	0	0	0	0	75	0	0	0	0	
255754	0	0	0	0	0	0	0	0	0	0	0	69	0	0	0	0	
256503	0	0	0	0	0	0	0	0	0	0	0	69	0	0	0	0	
257254	0	0	0	0	0	0	0	0	0	0	0	73	0	0	0	0	
258006	0	0	0	0	0	0	0	0	0	0	0	55	0	0	0	0	
258755	0	0	0	0	0	0	0	0	0	0	0	79	0	0	0	0	
259505	0	0	0	0	0	0	0	0	0	0	0	83	0	0	0	0	
260257	0	0	0	0	0	0	0	0	0	0	0	65	0	0	0	0	
261007	0	0	0	0	0	0	0	0	0	0	0	73	0	0	0	0	
261756	0	0	0	0	0	0	0	0	0	0	0	85	0	0	0	0	
262507	0	0	0	0	0	0	0	0	0	0	0	79	0	0	0	0	
263255	0	0	0	0	0	0	0	0	0	0	0	73	0	0	0	0	
264004	0	0	0	0	0	0	0	0	0	0	0	67	0	0	0	0	
264759	0	0	0	0	0	0	0	0	0	0	0	71	0	0	0	0	
265508	0	0	0	0	0	0	0	0	0	0	0	75	0	0	0	0	
266259	0	0	0	0	0	0	0	0	0	0	0	71	0	0	0	0	
267008	0	0	0	0	0	0	0	0	0	0	0	75	0	0	0	0	
267757	0	0	0	0	0	0	0	0	0	0	0	79	0	0	0	0	
268510	0	0	0	0	0	0	0	0	0	0	0	53	0	0	0	0	
269257	0	0	0	0	0	0	0	0	0	0	0	55	0	0	0	0	
270009	0	0	0	0	0	0	0	0	0	0	0	65	0	0	0	0	
270758	0	0	0	0	0	0	0	0	0	0	75	0	0	0	0	0	
271509	0	0	0	0	0	0	0	0	0	0	61	0	0	0	0	0	
272256	0	0	0	0	0	0	0	0	0	0	63	0	0	0	0	0	
273003	0	0	0	0	0	0	0	0	0	0	65	0	0	0	0	0	
273756	0	0	0	0	0	0	0	0	0	0	67	0	0	0	0	0	
274507	0	0	0	0	0	0	0	0	0	0	63	0	0	0	0	0	
275258	0	0	0	0	0	0	0	0	0	0	71	0	0	0	0	0	
276009	0	0	0	0	0	0	0	0	0	0	75	0	0	0	0	0	
276756	0	0	0	0	0	0	0	0	0	0	83	0	0	0	0	0	
277507	0	0	0	0	0	0	0	0	0	0	77	0	0	0	0	0	
278257	0	0	0	0	0	0	0	0	0	0	77	0	0	0	0	0	
279009	0	0	0	0	0	0	0	0	0	0	65	0	0	0	0	0	
279758	0	0	0	0	0	0	0	0	0	0	79	0	0	0	0	0	
280509	0	0	0	0	0	0	0	0	0	0	77	0	0	0	0	0	
281257	0	0	0	0	0	0	0	0	0	0	73	0	0	0	0	0	
282010	0	0	0	0	0	0	0	0	0	0	61	0	0	0	0	0	
282759	0	0	0	0	0	0	0	0	0	0	61	0	0	0	0	0	
283508	0	0	0	0	0	0	0	0	0	0	75	0	0	0	0	0	
284259	0	0	0	0	0	0	0	0	0	0	91	0	0	0	0	0	
285008	0	0	0	0	0	0	0	0	0	83	0	0	0	0	0	0	
285761	0	0	0	0	0	0	0	0	0	0	69	0	0	0	0	0	
286509	0	0	0	0	0	0	0	0	0	0	65	0	0	0	0	0	
287261	0	0	0	0	0	0	0	0	0	0	81	0	0	0	0	0	
288009	0	0	0	0	0	0	0	0	0	0	65	0	0	0	0	0	
288759	0	0	0	0	0	0	0	0	0	0	69	0	0	0	0	0	
289507	0	0	0	0	0	0	0	0	0	0	83	0	0	0	0	0	
290258	0	0	0	0	0	0	0	0	0	0	61	0	0	0	0	0	
291011	0	0	0	0	0	0	0	0	0	0	77	0	0	0	0	0	
291761	0	0	0	0	0	0	0	0	0	0	75	0	0	0	0	0	
292510	0	0	0	0	0	0	0	0	0	0	63	0	0	0	0	0	
293260	0	0	0	0	0	0	0	0	0	0	65	0	0	0	0	0	
294012	0	0	0	0	0	0	0	0	0	0	77	0	0	0	0	0	
294763	0	0	0	0	0	0	0	0	0	0	79	0	0	0	0	0	
295512	0	0	0	0	0	0	0	0	0	0	75	0	0	0	0	0	
296259	0	0	0	0	0	0	0	0	0	0	85	0	0	0	0	0	
297012	0	0	0	0	0	0	0	0	0	0	67	0	0	0	0	0	
297763	0	0	0	0	0	0	0	0	0	0	55	0	0	0	0	0	
298511	0	0	0	0	0	0	0	0	0	0	79	0	0	0	0	0	
299263	0	0	0	0	0	0	0	0	0	0	67	0	0	0	0	0	
300011	0	0	0	0	0	0	0	0	0	97	0	0	0	0	0	0	
300763	0	0	0	0	0	0	0	0	0	81	0	0	0	0	0	0	
301512	0	0	0	0	0	0	0	0	0	71	0	0	0	0	0	0	
302261	0	0	0	0	0	0	0	0	0	85	0	0	0	0	0	0	
303013	0	0	0	0	0	0	0	0	0	87	0	0	0	0	0	0	
303764	0	0	0	0	0	0	0	0	0	79	0	0	0	0	0	0	
304518	0	0	0	0	0	0	0	0	0	75	0	0	0	0	0	0	
305267	0	0	0	0	0	0	0	0	0	91	0	0	0	0	0	0	
306020	0	0	0	0	0	0	0	0	0	87	0	0	0	0	0	0	
306766	0	0	0	0	0	0	0	0	0	77	0	0	0	0	0	0	
307515	0	0	0	0	0	0	0	0	0	71	0	0	0	0	0	0	
308263	0	0	0	0	0	0	0	0	0	89	0	0	0	0	0	0	
309011	0	0	0	0	0	0	0	0	0	81	0	0	0	0	0	0	
309760	0	0	0	0	0	0	0	0	0	97	0	0	0	0	0	0	
310509	0	0	0	0	0	0	0	0	0	67	0	0	0	0	0	0	
311259	0	0	0	0	0	0	0	0	0	93	0	0	0	0	0	0	
312008	0	0	0	0	0	0	0	0	0	85	0	0	0	0	0	0	
312758	0	0	0	0	0	0	0	0	0	79	0	0	0	0	0	0	
313507	0	0	0	0	0	0	0	0	0	67	0	0	0	0	0	0	
314254	0	0	0	0	0	0	0	0	95	0	0	0	0	0	0	0	
315004	0	0	0	0	0	0	0	0	105	0	0	0	0	0	0	0	
315753	0	0	0	0	0	0	0	0	93	0	0	0	0	0	0	0	
316503	0	0	0	0	0	0	0	0	111	0	0	0	0	0	0	0	
317254	0	0	0	0	0	0	0	0	0	77	0	0	0	0	0	0	
317999	0	0	0	0	0	0	0	0	0	71	0	0	0	0	0	0	
318751	0	0	0	0	0	0	0	0	0	79	0	0	0	0	0	0	
319504	0	0	0	0	0	0	0	0	0	85	0	0	0	0	0	0	
320252	0	0	0	0	0	0	0	0	0	83	0	0	0	0	0	0	
321003	0	0	0	0	0	0	0	0	0	65	0	0	0	0	0	0	
321754	0	0	0	0	0	0	0	0	0	89	0	0	0	0	0	0	
322502	0	0	0	0	0	0	0	0	0	99	0	0	0	0	0	0	
323254	0	0	0	0	0	0	0	0	0	83	0	0	0	0	0	0	
324005	0	0	0	0	0	0	0	0	0	87	0	0	0	0	0	0	
324756	0	0	0	0	0	0	0	0	0	75	0	0	0	0	0	0	
325508	0	0	0	0	0	0	0	0	0	67	0	0	0	0	0	0	
326260	0	0	0	0	0	0	0	0	93	0	0	0	0	0	0	0	
327011	0	0	0	0	0	0	0	0	75	0	0	0	0	0	0	0	
327758	0	0	0	0	0	0	0	0	75	0	0	0	0	0	0	0	
328508	0	0	0	0	0	0	0	0	91	0	0	0	0	0	0	0	
329256	0	0	0	0	0	0	0	59	38	0	0	0	0	0	0	0	
330006	0	0	0	0	0	0	0	0	73	0	0	0	0	0	0	0	
330758	0	0	0	0	0	0	0	0	91	0	0	0	0	0	0	0	
331510	0	0	0	0	0	0	0	0	75	0	0	0	0	0	0	0	
332261	0	0	0	0	0	0	0	0	101	0	0	0	0	0	0	0	
333009	0	0	0	0	0	0	0	0	91	0	0	0	0	0	0	0	
333756	0	0	0	0	0	0	0	0	89	0	0	0	0	0	0	0	
334504	0	0	0	0	0	0	0	0	107	0	0	0	0	0	0	0	
335257	0	0	0	0	0	0	0	0	69	0	0	0	0	0	0	0	
336006	0	0	0	0	0	0	0	0	91	0	0	0	0	0	0	0	
336755	0	0	0	0	0	0	0	0	91	0	0	0	0	0	0	0	
337504	0	0	0	0	0	0	0	0	91	0	0	0	0	0	0	0	
338252	0	0	0	0	0	0	0	0	85	0	0	0	0	0	0	0	
339003	0	0	0	0	0	0	0	0	89	0	0	0	0	0	0	0	
339751	0	0	0	0	0	0	0	97	0	0	0	0	0	0	0	0	
340502	0	0	0	0	0	0	0	97	0	0	0	0	0	0	0	0	
341249	0	0	0	0	0	0	0	97	0	0	0	0	0	0	0	0	
341998	0	0	0	0	0	0	0	97	0	0	0	0	0	0	0	0	
342748	0	0	0	0	0	0	0	97	0	0	0	0	0	0	0	0	
343498	0	0	0	0	0	0	0	113	0	0	0	0	0	0	0	0	
344249	0	0	0	0	0	0	0	79	0	0	0	0	0	0	0	0	
344997	0	0	0	0	0	0	0	109	0	0	0	0	0	0	0	0	
345742	0	0	0	0	0	0	131	0	0	0	0	0	0	0	0	0	
346491	0	0	0	0	0	0	119	0	0	0	0	0	0	0	0	0	
347237	0	0	0	0	0	0	137	0	0	0	0	0	0	0	0	0	
347988	0	0	0	0	0	0	93	0	0	0	0	0	0	0	0	0	
348736	0	0	0	0	0	0	115	0	0	0	0	0	0	0	0	0	
349487	0	0	0	0	0	0	135	0	0	0	0	0	0	0	0	0	
350235	0	0	0	0	0	0	121	0	0	0	0	0	0	0	0	0	
350986	0	0	0	0	0	0	109	0	0	0	0	0	0	0	0	0	
351735	0	0	0	0	0	0	101	0	0	0	0	0	0	0	0	0	
352484	0	0	0	0	0	0	103	0	0	0	0	0	0	0	0	0	
353233	0	0	0	0	0	0	113	0	0	0	0	0	0	0	0	0	
353984	0	0	0	0	0	0	107	0	0	0	0	0	0	0	0	0	
354733	0	0	0	0	0	0	111	0	0	0	0	0	0	0	0	0	
355482	0	0	0	0	0	0	103	0	0	0	0	0	0	0	0	0	
356230	0	0	0	0	0	0	113	0	0	0	0	0	0	0	0	0	
356984	0	0	0	0	0	0	123	0	0	0	0	0	0	0	0	0	
357736	0	0	0	0	0	0	115	0	0	0	0	0	0	0	0	0	
358485	0	0	0	0	0	0	127	0	0	0	0	0	0	0	0	0	
359238	0	0	0	0	0	0	115	0	0	0	0	0	0	0	0	0	
359989	0	0	0	0	0	0	121	0	0	0	0	0	0	0	0	0	
360741	0	0	0	0	0	0	113	0	0	0	0	0	0	0	0	0	
361492	0	0	0	0	0	0	119	0	0	0	0	0	0	0	0	0	
362240	0	0	0	0	0	0	115	0	0	0	0	0	0	0	0	0	
362991	0	0	0	0	0	0	121	0	0	0	0	0	0	0	0	0	
363740	0	0	0	0	0	0	93	0	0	0	0	0	0	0	0	0	
364489	0	0	0	0	0	0	127	0	0	0	0	0	0	0	0	0	
365239	0	0	0	0	0	0	111	0	0	0	0	0	0	0	0	0	
365989	0	0	0	0	0	0	105	0	0	0	0	0	0	0	0	0	
366738	0	0	0	0	0	0	115	0	0	0	0	0	0	0	0	0	
367489	0	0	0	0	0	0	103	0	0	0	0	0	0	0	0	0	
368237	0	0	0	0	0	0	99	0	0	0	0	0	0	0	0	0	
368987	0	0	0	0	0	0	117	0	0	0	0	0	0	0	0	0	
369735	0	0	0	0	0	0	123	0	0	0	0	0	0	0	0	0	
370485	0	0	0	0	0	0	101	0	0	0	0	0	0	0	0	0	
371233	0	0	0	0	0	0	119	0	0	0	0	0	0	0	0	0	
371980	0	0	0	0	0	0	123	0	0	0	0	0	0	0	0	0	
372731	0	0	0	0	0	0	131	0	0	0	0	0	0	0	0	0	
373483	0	0	0	0	0	0	99	0	0	0	0	0	0	0	0	0	
374228	0	0	0	0	0	0	121	0	0	0	0	0	0	0	0	0	
374981	0	0	0	0	0	0	125	0	0	0	0	0	0	0	0	0	
375729	0	0	0	0	0	0	115	0	0	0	0	0	0	0	0	0	
376479	0	0	0	0	0	0	125	0	0	0	0	0	0	0	0	0	
377231	0	0	0	0	0	0	109	0	0	0	0	0	0	0	0	0	
377986	0	0	0	0	0	0	107	0	0	0	0	0	0	0	0	0	
378734	0	0	0	0	0	0	115	0	0	0	0	0	0	0	0	0	
379481	0	0	0	0	0	0	95	0	0	0	0	0	0	0	0	0	
380229	0	0	0	0	0	0	117	0	0	0	0	0	0	0	0	0	
380983	0	0	0	0	0	0	119	0	0	0	0	0	0	0	0	0	
381731	0	0	0	0	0	0	119	0	0	0	0	0	0	0	0	0	
382478	0	0	0	0	0	0	115	0	0	0	0	0	0	0	0	0	
383231	0	0	0	0	0	0	107	0	0	0	0	0	0	0	0	0	
383981	0	0	0	0	0	0	131	0	0	0	0	0	0	0	0	0	
384730	0	0	0	0	0	0	0	85	0	0	0	0	0	0	0	0	
385484	0	0	0	0	0	0	0	95	0	0	0	0	0	0	0	0	
386230	0	0	0	0	0	0	0	109	0	0	0	0	0	0	0	0	
386978	0	0	0	0	0	0	0	97	0	0	0	0	0	0	0	0	
387727	0	0	0	0	0	0	0	111	0	0	0	0	0	0	0	0	
388475	0	0	0	0	0	0	0	83	0	0	0	0	0	0	0	0	
389224	0	0	0	0	0	0	0	121	0	0	0	0	0	0	0	0	
389975	0	0	0	0	0	0	0	107	0	0	0	0	0	0	0	0	
390725	0	0	0	0	0	0	0	95	0	0	0	0	0	0	0	0	
391474	0	0	0	0	0	0	0	97	0	0	0	0	0	0	0	0	
392225	0	0	0	0	0	0	0	89	0	0	0	0	0	0	0	0	
392974	0	0	0	0	0	0	0	107	0	0	0	0	0	0	0	0	
393725	0	0	0	0	0	0	0	93	0	0	0	0	0	0	0	0	
394473	0	0	0	0	0	0	0	103	0	0	0	0	0	0	0	0	
395226	0	0	0	0	0	0	0	95	0	0	0	0	0	0	0	0	
395977	0	0	0	0	0	0	0	87	0	0	0	0	0	0	0	0	
396728	0	0	0	0	0	0	0	77	0	0	0	0	0	0	0	0	
397475	0	0	0	0	0	0	0	89	0	0	0	0	0	0	0	0	
398229	0	0	0	0	0	0	0	103	0	0	0	0	0	0	0	0	
398978	0	0	0	0	0	0	0	89	0	0	0	0	0	0	0	0	
399731	0	0	0	0	0	0	0	87	0	0	0	0	0	0	0	0	
400480	0	0	0	0	0	0	0	123	0	0	0	0	0	0	0	0	
401230	0	0	0	0	0	0	0	89	0	0	0	0	0	0	0	0	
401979	0	0	0	0	0	0	0	99	0	0	0	0	0	0	0	0	
402728	0	0	0	0	0	0	0	97	0	0	0	0	0	0	0	0	
403481	0	0	0	0	0	0	0	101	0	0	0	0	0	0	0	0	
404231	0	0	0	0	0	0	0	101	0	0	0	0	0	0	0	0	
404981	0	0	0	0	0	0	0	85	0	0	0	0	0	0	0	0	
405730	0	0	0	0	0	0	0	109	0	0	0	0	0	0	0	0	
406481	0	0	0	0	0	0	0	97	0	0	0	0	0	0	0	0	
407232	0	0	0	0	0	0	0	105	0	0	0	0	0	0	0	0	
407979	0	0	0	0	0	0	0	105	0	0	0	0	0	0	0	0	
408732	0	0	0	0	0	0	0	115	0	0	0	0	0	0	0	0	
409482	0	0	0	0	0	0	0	87	0	0	0	0	0	0	0	0	
410230	0	0	0	0	0	0	0	97	0	0	0	0	0	0	0	0	
410977	0	0	0	0	0	0	0	111	0	0	0	0	0	0	0	0	
411726	0	0	0	0	0	0	0	113	0	0	0	0	0	0	0	0	
412477	0	0	0	0	0	0	0	111	0	0	0	0	0	0	0	0	
413228	0	0	0	0	0	0	0	99	0	0	0	0	0	0	0	0	
413977	0	0	0	0	0	0	0	97	0	0	0	0	0	0	0	0	
414728	0	0	0	0	0	0	0	103	0	0	0	0	0	0	0	0	
415480	0	0	0	0	0	0	0	99	0	0	0	0	0	0	0	0	
416229	0	0	0	0	0	0	9	94	0	0	0	0	0	0	0	0	
416978	0	0	0	0	0	0	0	89	0	0	0	0	0	0	0	0	
417725	0	0	0	0	0	0	0	111	0	0	0	0	0	0	0	0	
418477	0	0	0	0	0	0	0	97	0	0	0	0	0	0	0	0	
419225	0	0	0	0	0	0	0	103	0	0	0	0	0	0	0	0	
419978	0	0	0	0	0	0	0	93	0	0	0	0	0	0	0	0	
420730	0	0	0	0	0	0	0	72	19	0	0	0	0	0	0	0	
421477	0	0	0	0	0	0	0	99	0	0	0	0	0	0	0	0	
422229	0	0	0	0	0	0	0	105	0	0	0	0	0	0	0	0	
422977	0	0	0	0	0	0	0	107	0	0	0	0	0	0	0	0	
423727	0	0	0	0	0	0	0	101	0	0	0	0	0	0	0	0	
424472	0	0	0	0	0	0	0	97	0	0	0	0	0	0	0	0	
425226	0	0	0	0	0	0	0	109	0	0	0	0	0	0	0	0	
425974	0	0	0	0	0	0	0	123	0	0	0	0	0	0	0	0	
426723	0	0	0	0	0	0	0	99	0	0	0	0	0	0	0	0	
427472	0	0	0	0	0	0	0	81	0	0	0	0	0	0	0	0	
428222	0	0	0	0	0	0	0	97	0	0	0	0	0	0	0	0	
428969	0	0	0	0	0	0	0	109	0	0	0	0	0	0	0	0	
429718	0	0	0	0	0	0	0	101	0	0	0	0	0	0	0	0	
430466	0	0	0	0	0	0	117	0	0	0	0	0	0	0	0	0	
431214	0	0	0	0	0	0	105	0	0	0	0	0	0	0	0	0	
431964	0	0	0	0	0	0	129	0	0	0	0	0	0	0	0	0	
432716	0	0	0	0	0	0	105	0	0	0	0	0	0	0	0	0	
433466	0	0	0	0	0	0	109	0	0	0	0	0	0	0	0	0	
434216	0	0	0	0	0	0	97	0	0	0	0	0	0	0	0	0	
434966	0	0	0	0	0	0	137	0	0	0	0	0	0	0	0	0	
435719	0	0	0	0	0	0	119	0	0	0	0	0	0	0	0	0	
436469	0	0	0	0	0	0	101	0	0	0	0	0	0	0	0	0	
437220	0	0	0	0	0	0	117	0	0	0	0	0	0	0	0	0	
437972	0	0	0	0	0	0	149	0	0	0	0	0	0	0	0	0	
438724	0	0	0	0	0	0	0	99	0	0	0	0	0	0	0	0	
439471	0	0	0	0	0	0	0	101	0	0	0	0	0	0	0	0	
440221	0	0	0	0	0	0	0	107	0	0	0	0	0	0	0	0	
440974	0	0	0	0	0	0	0	99	0	0	0	0	0	0	0	0	
441724	0	0	0	0	0	0	0	93	0	0	0	0	0	0	0	0	
442472	0	0	0	0	0	0	0	115	0	0	0	0	0	0	0	0	
443222	0	0	0	0	0	0	0	107	0	0	0	0	0	0	0	0	
443971	0	0	0	0	0	0	0	91	0	0	0	0	0	0	0	0	
444720	0	0	0	0	0	0	0	115	0	0	0	0	0	0	0	0	
445471	0	0	0	0	0	0	0	99	0	0	0	0	0	0	0	0	
446221	0	0	0	0	0	0	0	101	0	0	0	0	0	0	0	0	
446970	0	0	0	0	0	0	0	91	0	0	0	0	0	0	0	0	
447723	0	0	0	0	0	0	0	99	0	0	0	0	0	0	0	0	
448473	0	0	0	0	0	0	0	107	0	0	0	0	0	0	0	0	
449222	0	0	0	0	0	0	0	105	0	0	0	0	0	0	0	0	
449972	0	0	0	0	0	0	0	101	0	0	0	0	0	0	0	0	
450718	0	0	0	0	0	0	0	95	0	0	0	0	0	0	0	0	
451467	0	0	0	0	0	0	129	0	0	0	0	0	0	0	0	0	
452219	0	0	0	0	0	0	131	0	0	0	0	0	0	0	0	0	
452970	0	0	0	0	0	0	131	0	0	0	0	0	0	0	0	0	
453717	0	0	0	0	0	0	127	0	0	0	0	0	0	0	0	0	
454465	0	0	0	0	0	0	115	0	0	0	0	0	0	0	0	0	
455217	0	0	0	0	0	0	125	0	0	0	0	0	0	0	0	0	
455967	0	0	0	0	0	0	113	0	0	0	0	0	0	0	0	0	
456716	0	0	0	0	0	0	117	0	0	0	0	0	0	0	0	0	
457465	0	0	0	0	0	0	113	0	0	0	0	0	0	0	0	0	
458215	0	0	0	0	0	0	107	0	0	0	0	0	0	0	0	0	
458965	0	0	0	0	0	0	119	0	0	0	0	0	0	0	0	0	
459718	0	0	0	0	0	0	97	0	0	0	0	0	0	0	0	0	
460466	0	0	0	0	0	0	109	0	0	0	0	0	0	0	0	0	
461216	0	0	0	0	0	0	127	0	0	0	0	0	0	0	0	0	
461965	0	0	0	0	0	133	0	0	0	0	0	0	0	0	0	0	
462717	0	0	0	0	0	131	0	0	0	0	0	0	0	0	0	0	
463466	0	0	0	0	0	149	0	0	0	0	0	0	0	0	0	0	
464217	0	0	0	0	0	145	0	0	0	0	0	0	0	0	0	0	
464968	0	0	0	0	0	123	0	0	0	0	0	0	0	0	0	0	
465719	0	0	0	0	0	135	0	0	0	0	0	0	0	0	0	0	
466470	0	0	0	0	0	119	0	0	0	0	0	0	0	0	0	0	
467218	0	0	0	0	0	125	0	0	0	0	0	0	0	0	0	0	
467969	0	0	0	0	0	125	0	0	0	0	0	0	0	0	0	0	
468721	0	0	0	0	0	147	0	0	0	0	0	0	0	0	0	0	
469470	0	0	0	0	0	125	0	0	0	0	0	0	0	0	0	0	
470216	0	0	0	0	0	151	0	0	0	0	0	0	0	0	0	0	
470966	0	0	0	0	0	137	0	0	0	0	0	0	0	0	0	0	
471713	0	0	0	0	0	133	0	0	0	0	0	0	0	0	0	0	
472465	0	0	0	0	1	132	0	0	0	0	0	0	0	0	0	0	
473218	0	0	0	0	0	151	0	0	0	0	0	0	0	0	0	0	
473971	0	0	0	0	0	121	0	0	0	0	0	0	0	0	0	0	
474724	0	0	0	0	0	135	0	0	0	0	0	0	0	0	0	0	
475470	0	0	0	0	0	143	0	0	0	0	0	0	0	0	0	0	
476217	0	0	0	0	0	143	0	0	0	0	0	0	0	0	0	0	
476963	0	0	0	0	0	119	4	0	0	0	0	0	0	0	0	0	
477714	0	0	0	0	0	133	0	0	0	0	0	0	0	0	0	0	
478464	0	0	0	0	0	115	0	0	0	0	0	0	0	0	0	0	
479213	0	0	0	0	0	129	0	0	0	0	0	0	0	0	0	0	
479958	0	0	0	0	0	137	0	0	0	0	0	0	0	0	0	0	
480708	0	0	0	0	0	117	0	0	0	0	0	0	0	0	0	0	
481456	0	0	0	0	0	150	3	0	0	0	0	0	0	0	0	0	
482201	0	0	0	0	0	143	0	0	0	0	0	0	0	0	0	0	
482952	0	0	0	0	0	129	0	0	0	0	0	0	0	0	0	0	
483700	0	0	0	0	0	119	0	0	0	0	0	0	0	0	0	0	
484450	0	0	0	0	0	125	0	0	0	0	0	0	0	0	0	0	
485202	0	0	0	0	0	137	0	0	0	0	0	0	0	0	0	0	
485949	0	0	0	0	0	125	0	0	0	0	0	0	0	0	0	0	
486697	0	0	0	0	0	137	0	0	0	0	0	0	0	0	0	0	
487450	0	0	0	0	0	143	0	0	0	0	0	0	0	0	0	0	
488203	0	0	0	0	0	125	0	0	0	0	0	0	0	0	0	0	
488954	0	0	0	0	0	129	0	0	0	0	0	0	0	0	0	0	
489704	0	0	0	0	0	147	0	0	0	0	0	0	0	0	0	0	
490453	0	0	0	0	0	133	0	0	0	0	0	0	0	0	0	0	
491204	0	0	0	0	0	149	0	0	0	0	0	0	0	0	0	0	
491953	0	0	0	0	0	149	0	0	0	0	0	0	0	0	0	0	
492703	0	0	0	0	0	111	0	0	0	0	0	0	0	0	0	0	
493456	0	0	0	0	0	133	0	0	0	0	0	0	0	0	0	0	
494202	0	0	0	0	0	153	0	0	0	0	0	0	0	0	0	0	
494953	0	0	0	0	0	127	0	0	0	0	0	0	0	0	0	0	
495707	0	0	0	0	0	137	0	0	0	0	0	0	0	0	0	0	
496455	0	0	0	0	0	157	0	0	0	0	0	0	0	0	0	0	
497204	0	0	0	0	0	137	0	0	0	0	0	0	0	0	0	0	
497950	0	0	0	0	0	159	0	0	0	0	0	0	0	0	0	0	
498699	0	0	0	0	0	129	0	0	0	0	0	0	0	0	0	0	
499449	0	0	0	0	0	129	0	0	0	0	0	0	0	0	0	0	
500198	0	0	0	0	0	125	0	0	0	0	0	0	0	0	0	0	
500949	0	0	0	0	0	137	0	0	0	0	0	0	0	0	0	0	
501696	0	0	0	0	0	129	0	0	0	0	0	0	0	0	0	0	
502447	0	0	0	0	0	133	0	0	0	0	0	0	0	0	0	0	
503199	0	0	0	0	0	147	0	0	0	0	0	0	0	0	0	0	
503948	0	0	0	0	0	161	0	0	0	0	0	0	0	0	0	0	
504700	0	0	0	0	0	108	1	0	0	0	0	0	0	0	0	0	
505449	0	0	0	0	0	151	0	0	0	0	0	0	0	0	0	0	
506199	0	0	0	0	0	143	0	0	0	0	0	0	0	0	0	0	
506949	0	0	0	0	0	139	0	0	0	0	0	0	0	0	0	0	
507702	0	0	0	0	0	135	0	0	0	0	0	0	0	0	0	0	
508450	0	0	0	0	0	123	0	0	0	0	0	0	0	0	0	0	
509203	0	0	0	0	0	121	0	0	0	0	0	0	0	0	0	0	
509950	0	0	0	0	0	137	0	0	0	0	0	0	0	0	0	0	
510702	0	0	0	0	0	129	0	0	0	0	0	0	0	0	0	0	
511452	0	0	0	0	0	71	30	0	0	0	0	0	0	0	0	0	
512202	0	0	0	0	0	0	85	0	0	0	0	0	0	0	0	0	
512952	0	0	0	0	0	0	0	83	0	0	0	0	0	0	0	0	
513701	0	0	0	0	0	0	0	123	0	0	0	0	0	0	0	0	
514454	0	0	0	0	0	0	0	97	0	0	0	0	0	0	0	0	
515203	0	0	0	0	0	0	0	105	0	0	0	0	0	0	0	0	
515952	0	0	0	0	0	0	0	97	0	0	0	0	0	0	0	0	
516701	0	0	0	0	0	0	0	87	0	0	0	0	0	0	0	0	
517452	0	0	0	0	0	0	0	89	0	0	0	0	0	0	0	0	
518206	0	0	0	0	0	0	0	93	0	0	0	0	0	0	0	0	
518959	0	0	0	0	0	0	0	113	0	0	0	0	0	0	0	0	
519709	0	0	0	0	0	0	0	107	0	0	0	0	0	0	0	0	
520460	0	0	0	0	0	0	0	87	0	0	0	0	0	0	0	0	
521207	0	0	0	0	0	0	0	103	0	0	0	0	0	0	0	0	
521958	0	0	0	0	0	0	0	107	0	0	0	0	0	0	0	0	
522708	0	0	0	0	0	0	0	99	0	0	0	0	0	0	0	0	
523455	0	0	0	0	0	0	0	101	0	0	0	0	0	0	0	0	
524206	0	0	0	0	0	0	0	99	0	0	0	0	0	0	0	0	
524956	0	0	0	0	0	0	0	0	97	0	0	0	0	0	0	0	
525706	0	0	0	0	0	0	0	0	79	0	0	0	0	0	0	0	
526456	0	0	0	0	0	0	0	0	79	0	0	0	0	0	0	0	
527206	0	0	0	0	0	0	0	0	89	0	0	0	0	0	0	0	
527956	0	0	0	0	0	0	2	103	0	0	0	0	0	0	0	0	
528707	0	0	0	0	0	0	0	89	0	0	0	0	0	0	0	0	
529457	0	0	0	0	0	0	0	103	0	0	0	0	0	0	0	0	
530208	0	0	0	0	0	0	0	95	0	0	0	0	0	0	0	0	
530958	0	0	0	0	0	0	0	77	0	0	0	0	0	0	0	0	
531707	0	0	0	0	0	0	0	95	0	0	0	0	0	0	0	0	
532458	0	0	0	0	0	0	0	99	0	0	0	0	0	0	0	0	
533206	0	0	0	0	0	0	0	105	0	0	0	0	0	0	0	0	
533954	0	0	0	0	0	0	0	105	0	0	0	0	0	0	0	0	
534706	0	0	0	0	0	0	0	77	0	0	0	0	0	0	0	0	
535458	0	0	0	0	0	0	0	99	0	0	0	0	0	0	0	0	
536208	0	0	0	0	0	0	0	0	87	0	0	0	0	0	0	0	
536959	0	0	0	0	0	0	0	0	91	0	0	0	0	0	0	0	
537712	0	0	0	0	0	0	0	0	89	0	0	0	0	0	0	0	
538461	0	0	0	0	0	0	0	0	93	0	0	0	0	0	0	0	
539211	0	0	0	0	0	0	0	0	99	0	0	0	0	0	0	0	
539960	0	0	0	0	0	0	0	0	91	0	0	0	0	0	0	0	
540710	0	0	0	0	0	0	0	0	87	0	0	0	0	0	0	0	
541459	0	0	0	0	0	0	0	0	89	0	0	0	0	0	0	0	
542209	0	0	0	0	0	0	0	0	89	0	0	0	0	0	0	0	
542957	0	0	0	0	0	0	0	0	89	0	0	0	0	0	0	0	
543709	0	0	0	0	0	0	0	0	81	0	0	0	0	0	0	0	
544459	0	0	0	0	0	0	0	0	91	0	0	0	0	0	0	0	
545212	0	0	0	0	0	0	0	0	97	0	0	0	0	0	0	0	
545962	0	0	0	0	0	0	0	0	85	0	0	0	0	0	0	0	
546710	0	0	0	0	0	0	0	0	91	0	0	0	0	0	0	0	
547459	0	0	0	0	0	0	0	0	77	0	0	0	0	0	0	0	
548212	0	0	0	0	0	0	0	0	105	0	0	0	0	0	0	0	
548965	0	0	0	0	0	0	0	0	81	0	0	0	0	0	0	0	
549713	0	0	0	0	0	0	0	0	95	0	0	0	0	0	0	0	
550462	0	0	0	0	0	0	0	0	77	0	0	0	0	0	0	0	
551210	0	0	0	0	0	0	0	83	2	0	0	0	0	0	0	0	
551958	0	0	0	0	0	0	0	107	0	0	0	0	0	0	0	0	
552709	0	0	0	0	0	0	0	113	0	0	0	0	0	0	0	0	
553457	0	0	0	0	0	0	0	97	0	0	0	0	0	0	0	0	
554204	0	0	0	0	0	0	0	93	0	0	0	0	0	0	0	0	
554958	0	0	0	0	0	0	0	97	0	0	0	0	0	0	0	0	
555711	0	0	0	0	0	0	0	83	0	0	0	0	0	0	0	0	
556460	0	0	0	0	0	0	0	97	0	0	0	0	0	0	0	0	
557208	0	0	0	0	0	0	0	91	0	0	0	0	0	0	0	0	
557957	0	0	0	0	0	0	0	99	0	0	0	0	0	0	0	0	
558704	0	0	0	0	0	0	0	113	0	0	0	0	0	0	0	0	
559455	0	0	0	0	0	0	0	93	0	0	0	0	0	0	0	0	
560203	0	0	0	0	0	0	0	101	0	0	0	0	0	0	0	0	
560952	0	0	0	0	0	0	0	89	0	0	0	0	0	0	0	0	
561701	0	0	0	0	0	0	0	83	0	0	0	0	0	0	0	0	
562453	0	0	0	0	0	0	0	113	0	0	0	0	0	0	0	0	
563199	0	0	0	0	0	0	0	81	0	0	0	0	0	0	0	0	
563949	0	0	0	0	0	0	0	99	0	0	0	0	0	0	0	0	
564701	0	0	0	0	0	0	0	97	0	0	0	0	0	0	0	0	
565450	0	0	0	0	0	0	0	99	0	0	0	0	0	0	0	0	
566201	0	0	0	0	0	0	0	101	0	0	0	0	0	0	0	0	
566947	0	0	0	0	0	0	0	91	0	0	0	0	0	0	0	0	
567698	0	0	0	0	0	0	0	97	0	0	0	0	0	0	0	0	
568447	0	0	0	0	0	0	0	109	0	0	0	0	0	0	0	0	
569197	0	0	0	0	0	0	0	107	0	0	0	0	0	0	0	0	
569946	0	0	0	0	0	0	0	107	0	0	0	0	0	0	0	0	
570698	0	0	0	0	0	0	0	83	0	0	0	0	0	0	0	0	
571446	0	0	0	0	0	0	0	91	0	0	0	0	0	0	0	0	
572197	0	0	0	0	0	0	0	89	0	0	0	0	0	0	0	0	
572944	0	0	0	0	0	0	0	87	0	0	0	0	0	0	0	0	
573698	0	0	0	0	0	0	0	107	0	0	0	0	0	0	0	0	
574452	0	0	0	0	0	0	0	0	101	0	0	0	0	0	0	0	
575200	0	0	0	0	0	0	0	0	91	0	0	0	0	0	0	0	
575948	0	0	0	0	0	0	0	0	97	0	0	0	0	0	0	0	
576702	0	0	0	0	0	0	0	0	79	0	0	0	0	0	0	0	
577453	0	0	0	0	0	0	0	0	83	0	0	0	0	0	0	0	
578204	0	0	0	0	0	0	0	0	0	75	0	0	0	0	0	0	
578952	0	0	0	0	0	0	0	0	0	95	0	0	0	0	0	0	
579705	0	0	0	0	0	0	0	0	0	83	0	0	0	0	0	0	
580457	0	0	0	0	0	0	0	0	0	87	0	0	0	0	0	0	
581206	0	0	0	0	0	0	0	0	0	81	0	0	0	0	0	0	
581957	0	0	0	0	0	0	0	0	0	75	0	0	0	0	0	0	
582709	0	0	0	0	0	0	0	0	0	0	83	0	0	0	0	0	
583461	0	0	0	0	0	0	0	0	0	0	69	0	0	0	0	0	
584213	0	0	0	0	0	0	0	0	0	0	69	0	0	0	0	0	
584964	0	0	0	0	0	0	0	0	0	0	77	0	0	0	0	0	
585714	0	0	0	0	0	0	0	0	0	0	73	0	0	0	0	0	
586465	0	0	0	0	0	0	0	0	0	0	75	0	0	0	0	0	
587215	0	0	0	0	0	0	0	0	0	0	67	0	0	0	0	0	
587970	0	0	0	0	0	0	0	0	0	0	63	0	0	0	0	0	
588722	0	0	0	0	0	0	0	0	0	0	85	0	0	0	0	0	
589473	0	0	0	0	0	0	0	0	0	0	63	0	0	0	0	0	
590221	0	0	0	0	0	0	0	0	0	0	83	0	0	0	0	0	
590967	0	0	0	0	0	0	0	0	0	0	83	0	0	0	0	0	
591714	0	0	0	0	0	0	0	0	0	0	67	0	0	0	0	0	
592467	0	0	0	0	0	0	0	0	0	0	67	0	0	0	0	0	
593217	0	0	0	0	0	0	0	0	0	0	59	0	0	0	0	0	
593969	0	0	0	0	0	0	0	0	0	0	61	0	0	0	0	0	
594720	0	0	0	0	0	0	0	0	0	0	75	0	0	0	0	0	
595473	0	0	0	0	0	0	0	0	0	0	0	87	0	0	0	0	
596221	0	0	0	0	0	0	0	0	0	0	0	67	0	0	0	0	
596974	0	0	0	0	0	0	0	0	0	0	0	61	0	0	0	0	
597723	0	0	0	0	0	0	0	0	0	0	0	57	0	0	0	0	
598471	0	0	0	0	0	0	0	0	0	0	0	75	0	0	0	0	
599221	0	0	0	0	0	0	0	0	0	0	0	67	0	0	0	0	
599971	0	0	0	0	0	0	0	0	0	0	0	71	0	0	0	0	
600721	0	0	0	0	0	0	0	0	0	0	0	67	0	0	0	0	
601471	0	0	0	0	0	0	0	0	0	0	0	77	0	0	0	0	
602219	0	0	0	0	0	0	0	0	0	0	0	67	0	0	0	0	
602968	0	0	0	0	0	0	0	0	0	0	0	65	0	0	0	0	
603716	0	0	0	0	0	0	0	0	0	0	0	59	0	0	0	0	
604466	0	0	0	0	0	0	0	0	0	0	0	89	0	0	0	0	
605218	0	0	0	0	0	0	0	0	0	0	0	59	0	0	0	0	
605971	0	0	0	0	0	0	0	0	0	0	0	67	0	0	0	0	
606721	0	0	0	0	0	0	0	0	0	0	0	73	0	0	0	0	
607469	0	0	0	0	0	0	0	0	0	0	0	75	0	0	0	0	
608220	0	0	0	0	0	0	0	0	0	0	0	59	0	0	0	0	
608964	0	0	0	0	0	0	0	0	0	0	0	57	0	0	0	0	
609715	0	0	0	0	0	0	0	0	0	0	0	71	0	0	0	0	
610466	0	0	0	0	0	0	0	0	0	0	0	53	0	0	0	0	
611219	0	0	0	0	0	0	0	0	0	0	0	0	67	0	0	0	
611971	0	0	0	0	0	0	0	0	0	0	0	0	61	0	0	0	
612719	0	0	0	0	0	0	0	0	0	0	0	0	54	1	0	0	
613471	0	0	0	0	0	0	0	0	0	0	0	0	53	0	0	0	
614222	0	0	0	0	0	0	0	0	0	0	0	0	61	0	0	0	
614968	0	0	0	0	0	0	0	0	0	0	0	0	61	0	0	0	
615718	0	0	0	0	0	0	0	0	0	0	0	0	65	0	0	0	
616468	0	0	0	0	0	0	0	0	0	0	0	0	63	0	0	0	
617216	0	0	0	0	0	0	0	0	0	0	0	57	0	0	0	0	
617971	0	0	0	0	0	0	0	0	0	0	0	67	0	0	0	0	
618720	0	0	0	0	0	0	0	0	0	0	0	57	0	0	0	0	
619469	0	0	0	0	0	0	0	0	0	0	0	75	0	0	0	0	
620220	0	0	0	0	0	0	0	0	0	0	0	69	0	0	0	0	
620970	0	0	0	0	0	0	0	0	0	0	0	61	0	0	0	0	
621720	0	0	0	0	0	0	0	0	0	0	0	61	0	0	0	0	
622467	0	0	0	0	0	0	0	0	0	0	0	67	0	0	0	0	
623220	0	0	0	0	0	0	0	0	0	0	0	63	0	0	0	0	
623968	0	0	0	0	0	0	0	0	0	0	0	79	0	0	0	0	
624718	0	0	0	0	0	0	0	0	0	0	0	83	0	0	0	0	
625468	0	0	0	0	0	0	0	0	0	0	0	71	0	0	0	0	
626218	0	0	0	0	0	0	0	0	0	0	0	63	0	0	0	0	
626970	0	0	0	0	0	0	0	0	0	0	0	63	0	0	0	0	
627721	0	0	0	0	0	0	0	0	0	0	0	75	0	0	0	0	
628474	0	0	0	0	0	0	0	0	0	0	0	61	0	0	0	0	
629224	0	0	0	0	0	0	0	0	0	0	0	57	0	0	0	0	
629975	0	0	0	0	0	0	0	0	0	0	0	73	0	0	0	0	
630722	0	0	0	0	0	0	0	0	0	0	0	51	0	0	0	0	
631470	0	0	0	0	0	0	0	0	0	0	0	79	0	0	0	0	
632222	0	0	0	0	0	0	0	0	0	0	0	59	0	0	0	0	
632972	0	0	0	0	0	0	0	0	0	0	0	63	0	0	0	0	
633721	0	0	0	0	0	0	0	0	0	0	0	79	0	0	0	0	
634473	0	0	0	0	0	0	0	0	0	0	0	47	0	0	0	0	
635225	0	0	0	0	0	0	0	0	0	0	0	65	0	0	0	0	
635975	0	0	0	0	0	0	0	0	0	0	0	63	0	0	0	0	
636725	0	0	0	0	0	0	0	0	0	0	0	55	0	0	0	0	
637472	0	0	0	0	0	0	0	0	0	0	0	65	0	0	0	0	
638219	0	0	0	0	0	0	0	0	0	0	0	67	0	0	0	0	
638968	0	0	0	0	0	0	0	0	0	0	0	59	0	0	0	0	
639718	0	0	0	0	0	0	0	0	0	0	0	71	0	0	0	0	
640464	0	0	0	0	0	0	0	0	0	0	0	51	0	0	0	0	
641214	0	0	0	0	0	0	0	0	0	0	0	69	0	0	0	0	
641961	0	0	0	0	0	0	0	0	0	0	0	65	0	0	0	0	
642714	0	0	0	0	0	0	0	0	0	0	0	63	0	0	0	0	
643463	0	0	0	0	0	0	0	0	0	0	0	57	0	0	0	0	
644216	0	0	0	0	0	0	0	0	0	0	0	57	0	0	0	0	
644967	0	0	0	0	0	0	0	0	0	0	0	85	0	0	0	0	
645715	0	0	0	0	0	0	0	0	0	0	0	71	0	0	0	0	
646467	0	0	0	0	0	0	0	0	0	0	0	89	0	0	0	0	
647217	0	0	0	0	0	0	0	0	0	0	0	67	0	0	0	0	
647963	0	0	0	0	0	0	0	0	0	0	0	0	61	0	0	0	
648715	0	0	0	0	0	0	0	0	0	0	0	0	81	0	0	0	
649462	0	0	0	0	0	0	0	0	0	0	0	0	65	0	0	0	
650210	0	0	0	0	0	0	0	0	0	0	0	0	63	0	0	0	
650962	0	0	0	0	0	0	0	0	0	0	0	0	65	0	0	0	
651709	0	0	0	0	0	0	0	0	0	0	0	0	69	0	0	0	
652459	0	0	0	0	0	0	0	0	0	0	0	0	55	0	0	0	
653209	0	0	0	0	0	0	0	0	0	0	0	0	71	0	0	0	
653961	0	0	0	0	0	0	0	0	0	0	0	0	65	0	0	0	
654709	0	0	0	0	0	0	0	0	0	0	0	0	63	0	0	0	
655463	0	0	0	0	0	0	0	0	0	0	0	0	67	0	0	0	
656213	0	0	0	0	0	0	0	0	0	0	0	0	77	0	0	0	
656966	0	0	0	0	0	0	0	0	0	0	0	0	67	0	0	0	
657715	0	0	0	0	0	0	0	0	0	0	0	0	47	0	0	0	
658468	0	0	0	0	0	0	0	0	0	0	0	0	65	0	0	0	
659218	0	0	0	0	0	0	0	0	0	0	0	0	59	0	0	0	
659968	0	0	0	0	0	0	0	0	0	0	0	0	51	0	0	0	
660720	0	0	0	0	0	0	0	0	0	0	0	0	69	0	0	0	
661471	0	0	0	0	0	0	0	0	0	0	0	0	69	0	0	0	
662221	0	0	0	0	0	0	0	0	0	0	0	0	57	0	0	0	
662970	0	0	0	0	0	0	0	0	0	0	0	0	59	0	0	0	
663720	0	0	0	0	0	0	0	0	0	0	0	69	0	0	0	0	
664473	0	0	0	0	0	0	0	0	0	0	0	65	0	0	0	0	
665224	0	0	0	0	0	0	0	0	0	0	0	53	0	0	0	0	
665973	0	0	0	0	0	0	0	0	0	0	0	63	0	0	0	0	
666723	0	0	0	0	0	0	0	0	0	0	0	83	0	0	0	0	
667476	0	0	0	0	0	0	0	0	0	0	0	69	0	0	0	0	
668224	0	0	0	0	0	0	0	0	0	0	0	65	0	0	0	0	
668974	0	0	0	0	0	0	0	0	0	0	0	69	0	0	0	0	
669726	0	0	0	0	0	0	0	0	0	0	0	73	0	0	0	0	
670479	0	0	0	0	0	0	0	0	0	0	0	73	0	0	0	0	
671229	0	0	0	0	0	0	0	0	0	0	0	65	0	0	0	0	
671979	0	0	0	0	0	0	0	0	0	0	0	77	0	0	0	0	
672728	0	0	0	0	0	0	0	0	0	0	0	67	0	0	0	0	
673479	0	0	0	0	0	0	0	0	0	0	0	61	0	0	0	0	
674231	0	0	0	0	0	0	0	0	0	0	0	57	0	0	0	0	
674984	0	0	0	0	0	0	0	0	0	0	0	59	0	0	0	0	
675732	0	0	0	0	0	0	0	0	0	0	0	67	0	0	0	0	
676483	0	0	0	0	0	0	0	0	0	0	0	71	0	0	0	0	
677235	0	0	0	0	0	0	0	0	0	0	0	57	0	0	0	0	
677986	0	0	0	0	0	0	0	0	0	0	0	65	0	0	0	0	
678737	0	0	0	0	0	0	0	0	0	0	0	77	0	0	0	0	
679488	0	0	0	0	0	0	0	0	0	0	0	53	0	0	0	0	
680237	0	0	0	0	0	0	0	0	0	0	0	0	53	0	0	0	
680986	0	0	0	0	0	0	0	0	0	0	0	20	39	0	0	0	
681733	0	0	0	0	0	0	0	0	0	0	0	0	65	0	0	0	
682484	0	0	0	0	0	0	0	0	0	0	0	0	53	0	0	0	
683232	0	0	0	0	0	0	0	0	0	0	0	0	53	0	0	0	
683978	0	0	0	0	0	0	0	0	0	0	0	0	73	0	0	0	
684730	0	0	0	0	0	0	0	0	0	0	0	0	61	0	0	0	
685481	0	0	0	0	0	0	0	0	0	0	0	0	59	0	0	0	
686233	0	0	0	0	0	0	0	0	0	0	0	0	77	0	0	0	
686983	0	0	0	0	0	0	0	0	0	0	0	0	61	0	0	0	
687734	0	0	0	0	0	0	0	0	0	0	0	0	69	0	0	0	
688486	0	0	0	0	0	0	0	0	0	0	0	0	75	0	0	0	
689237	0	0	0	0	0	0	0	0	0	0	0	0	75	0	0	0	
689989	0	0	0	0	0	0	0	0	0	0	0	0	55	0	0	0	
690742	0	0	0	0	0	0	0	0	0	0	0	0	71	0	0	0	
691490	0	0	0	0	0	0	0	0	0	0	0	0	67	0	0	0	
692239	0	0	0	0	0	0	0	0	0	0	0	0	67	0	0	0	
692990	0	0	0	0	0	0	0	0	0	0	0	53	0	0	0	0	
693744	0	0	0	0	0	0	0	0	0	0	0	75	0	0	0	0	
694493	0	0	0	0	0	0	0	0	0	0	0	81	0	0	0	0	
695243	0	0	0	0	0	0	0	0	0	0	0	61	0	0	0	0	
695994	0	0	0	0	0	0	0	0	0	0	0	65	0	0	0	0	
696748	0	0	0	0	0	0	0	0	0	0	0	63	0	0	0	0	
697501	0	0	0	0	0	0	0	0	0	0	69	0	0	0	0	0	
698249	0	0	0	0	0	0	0	0	0	0	73	0	0	0	0	0	
698999	0	0	0	0	0	0	0	0	0	0	75	0	0	0	0	0	
699749	0	0	0	0	0	0	0	0	0	0	65	0	0	0	0	0	
700500	0	0	0	0	0	0	0	0	0	0	79	0	0	0	0	0	
701250	0	0	0	0	0	0	0	0	0	0	71	0	0	0	0	0	
701998	0	0	0	0	0	0	0	0	0	0	79	0	0	0	0	0	
702749	0	0	0	0	0	0	0	0	0	0	59	0	0	0	0	0	
703500	0	0	0	0	0	0	0	0	0	0	75	0	0	0	0	0	
704250	0	0	0	0	0	0	0	0	0	0	79	0	0	0	0	0	
705001	0	0	0	0	0	0	0	0	0	0	79	0	0	0	0	0	
705748	0	0	0	0	0	0	0	0	0	81	0	0	0	0	0	0	
706498	0	0	0	0	0	0	0	0	0	81	0	0	0	0	0	0	
707250	0	0	0	0	0	0	0	0	0	87	0	0	0	0	0	0	
708000	0	0	0	0	0	0	0	0	0	83	0	0	0	0	0	0	
708749	0	0	0	0	0	0	0	0	0	81	0	0	0	0	0	0	
709503	0	0	0	0	0	0	0	0	0	93	0	0	0	0	0	0	
710255	0	0	0	0	0	0	0	0	0	81	0	0	0	0	0	0	
711007	0	0	0	0	0	0	0	0	0	77	0	0	0	0	0	0	
711755	0	0	0	0	0	0	0	0	0	75	0	0	0	0	0	0	
712501	0	0	0	0	0	0	0	0	0	63	0	0	0	0	0	0	
713249	0	0	0	0	0	0	0	0	0	81	0	0	0	0	0	0	
714001	0	0	0	0	0	0	0	0	0	73	0	0	0	0	0	0	
714752	0	0	0	0	0	0	0	0	99	0	0	0	0	0	0	0	
715500	0	0	0	0	0	0	0	0	89	0	0	0	0	0	0	0	
716252	0	0	0	0	0	0	0	0	87	0	0	0	0	0	0	0	
717005	0	0	0	0	0	0	0	0	91	0	0	0	0	0	0	0	
717756	0	0	0	0	0	0	0	0	91	0	0	0	0	0	0	0	
718509	0	0	0	0	0	0	0	0	81	0	0	0	0	0	0	0	
719260	0	0	0	0	0	0	0	0	89	0	0	0	0	0	0	0	
720011	0	0	0	0	0	0	0	0	85	0	0	0	0	0	0	0	
720757	0	0	0	0	0	0	0	0	91	0	0	0	0	0	0	0	
721509	0	0	0	0	0	0	0	0	87	0	0	0	0	0	0	0	
722258	0	0	0	0	0	0	0	0	85	0	0	0	0	0	0	0	
723008	0	0	0	0	0	0	0	0	85	0	0	0	0	0	0	0	
723760	0	0	0	0	0	0	0	0	83	0	0	0	0	0	0	0	
724509	0	0	0	0	0	0	0	0	81	0	0	0	0	0	0	0	
725257	0	0	0	0	0	0	0	0	79	0	0	0	0	0	0	0	
726010	0	0	0	0	0	0	0	0	111	0	0	0	0	0	0	0	
726763	0	0	0	0	0	0	0	0	89	0	0	0	0	0	0	0	
727512	0	0	0	0	0	0	0	0	87	0	0	0	0	0	0	0	
728263	0	0	0	0	0	0	0	0	83	0	0	0	0	0	0	0	
729014	0	0	0	0	0	0	0	0	97	0	0	0	0	0	0	0	
729766	0	0	0	0	0	0	0	0	81	0	0	0	0	0	0	0	
730513	0	0	0	0	0	0	0	5	88	0	0	0	0	0	0	0	
731261	0	0	0	0	0	0	0	0	73	0	0	0	0	0	0	0	
732012	0	0	0	0	0	0	0	0	0	85	0	0	0	0	0	0	
732763	0	0	0	0	0	0	0	0	0	77	0	0	0	0	0	0	
733512	0	0	0	0	0	0	0	0	0	69	0	0	0	0	0	0	
734266	0	0	0	0	0	0	0	0	0	87	0	0	0	0	0	0	
735018	0	0	0	0	0	0	0	0	0	83	0	0	0	0	0	0	
735765	0	0	0	0	0	0	0	0	0	107	0	0	0	0	0	0	
736516	0	0	0	0	0	0	0	0	0	77	0	0	0	0	0	0	
737266	0	0	0	0	0	0	0	0	0	69	0	0	0	0	0	0	
738015	0	0	0	0	0	0	0	0	0	103	0	0	0	0	0	0	
738764	0	0	0	0	0	0	0	0	0	79	0	0	0	0	0	0	
739513	0	0	0	0	0	0	0	0	0	59	0	0	0	0	0	0	
740261	0	0	0	0	0	0	0	0	0	75	0	0	0	0	0	0	
741013	0	0	0	0	0	0	0	0	0	81	0	0	0	0	0	0	
741767	0	0	0	0	0	0	0	0	0	87	0	0	0	0	0	0	
742515	0	0	0	0	0	0	0	0	0	89	0	0	0	0	0	0	
743266	0	0	0	0	0	0	0	0	0	75	0	0	0	0	0	0	
744016	0	0	0	0	0	0	0	0	0	63	0	0	0	0	0	0	
744764	0	0	0	0	0	0	0	0	0	73	0	0	0	0	0	0	
745512	0	0	0	0	0	0	0	0	0	87	0	0	0	0	0	0	
746261	0	0	0	0	0	0	0	0	0	59	0	0	0	0	0	0	
747009	0	0	0	0	0	0	0	0	0	81	0	0	0	0	0	0	
747760	0	0	0	0	0	0	0	0	0	83	0	0	0	0	0	0	
748511	0	0	0	0	0	0	0	0	0	75	0	0	0	0	0	0	
749262	0	0	0	0	0	0	0	0	0	75	0	0	0	0	0	0	
750011	0	0	0	0	0	0	0	0	0	91	0	0	0	0	0	0	
750757	0	0	0	0	0	0	0	0	0	83	0	0	0	0	0	0	
751508	0	0	0	0	0	0	0	0	0	73	0	0	0	0	0	0	
752258	0	0	0	0	0	0	0	0	0	75	0	0	0	0	0	0	
753007	0	0	0	0	0	0	0	0	0	79	0	0	0	0	0	0	
753760	0	0	0	0	0	0	0	0	0	67	0	0	0	0	0	0	
754508	0	0	0	0	0	0	0	0	0	69	0	0	0	0	0	0	
755258	0	0	0	0	0	0	0	0	0	65	0	0	0	0	0	0	
756013	0	0	0	0	0	0	0	0	0	81	0	0	0	0	0	0	
756763	0	0	0	0	0	0	0	0	0	71	0	0	0	0	0	0	
757513	0	0	0	0	0	0	0	0	0	75	0	0	0	0	0	0	
758263	0	0	0	0	0	0	0	0	0	77	0	0	0	0	0	0	
759011	0	0	0	0	0	0	0	0	0	79	0	0	0	0	0	0	
759763	0	0	0	0	0	0	0	0	81	0	0	0	0	0	0	0	
760510	0	0	0	0	0	0	0	0	101	0	0	0	0	0	0	0	
761263	0	0	0	0	0	0	0	0	87	0	0	0	0	0	0	0	
762012	0	0	0	0	0	0	0	0	67	0	0	0	0	0	0	0	
762761	0	0	0	0	0	0	0	0	87	0	0	0	0	0	0	0	
763507	0	0	0	0	0	0	0	0	95	0	0	0	0	0	0	0	
764259	0	0	0	0	0	0	0	99	0	0	0	0	0	0	0	0	
765011	0	0	0	0	0	0	0	83	0	0	0	0	0	0	0	0	
765761	0	0	0	0	0	0	0	105	0	0	0	0	0	0	0	0	
766514	0	0	0	0	0	0	0	99	0	0	0	0	0	0	0	0	
767267	0	0	0	0	0	0	0	111	0	0	0	0	0	0	0	0	
768018	0	0	0	0	0	0	123	0	0	0	0	0	0	0	0	0	
768769	0	0	0	0	0	117	0	0	0	0	0	0	0	0	0	0	
769523	0	0	0	0	0	113	0	0	0	0	0	0	0	0	0	0	
770271	0	0	0	0	0	129	0	0	0	0	0	0	0	0	0	0	
771021	0	0	0	0	0	141	0	0	0	0	0	0	0	0	0	0	
771771	0	0	0	0	0	147	0	0	0	0	0	0	0	0	0	0	
772521	0	0	0	0	0	129	0	0	0	0	0	0	0	0	0	0	
773269	0	0	0	0	0	145	0	0	0	0	0	0	0	0	0	0	
774019	0	0	0	0	0	127	0	0	0	0	0	0	0	0	0	0	
774769	0	0	0	0	0	147	0	0	0	0	0	0	0	0	0	0	
775521	0	0	0	0	0	133	0	0	0	0	0	0	0	0	0	0	
776273	0	0	0	0	0	149	0	0	0	0	0	0	0	0	0	0	
777021	0	0	0	0	0	133	0	0	0	0	0	0	0	0	0	0	
777773	0	0	0	0	0	127	0	0	0	0	0	0	0	0	0	0	
778523	0	0	0	0	0	149	0	0	0	0	0	0	0	0	0	0	
779274	0	0	0	0	0	141	0	0	0	0	0	0	0	0	0	0	
780024	0	0	0	0	0	125	0	0	0	0	0	0	0	0	0	0	
780776	0	0	0	0	0	137	0	0	0	0	0	0	0	0	0	0	
781527	0	0	0	0	0	135	0	0	0	0	0	0	0	0	0	0	
782275	0	0	0	0	0	147	0	0	0	0	0	0	0	0	0	0	
783023	0	0	0	0	0	137	0	0	0	0	0	0	0	0	0	0	
783771	0	0	0	0	0	141	0	0	0	0	0	0	0	0	0	0	
784521	0	0	0	0	0	129	0	0	0	0	0	0	0	0	0	0	
785266	0	0	0	0	0	125	0	0	0	0	0	0	0	0	0	0	
786018	0	0	0	0	11	142	0	0	0	0	0	0	0	0	0	0	
786769	0	0	0	0	0	129	0	0	0	0	0	0	0	0	0	0	
787523	0	0	0	0	0	129	0	0	0	0	0	0	0	0	0	0	
788271	0	0	0	0	16	129	0	0	0	0	0	0	0	0	0	0	
789020	0	0	0	0	0	137	0	0	0	0	0	0	0	0	0	0	
789771	0	0	0	0	0	135	0	0	0	0	0	0	0	0	0	0	
790518	0	0	0	0	0	141	0	0	0	0	0	0	0	0	0	0	
791271	0	0	0	0	0	115	0	0	0	0	0	0	0	0	0	0	
792023	0	0	0	0	0	137	0	0	0	0	0	0	0	0	0	0	
792773	0	0	0	0	0	127	0	0	0	0	0	0	0	0	0	0	
793525	0	0	0	0	0	125	0	0	0	0	0	0	0	0	0	0	
794274	0	0	0	0	0	151	0	0	0	0	0	0	0	0	0	0	
795026	0	0	0	0	0	103	0	0	0	0	0	0	0	0	0	0	
795780	0	0	0	0	0	123	0	0	0	0	0	0	0	0	0	0	
796532	0	0	0	0	0	121	0	0	0	0	0	0	0	0	0	0	
797279	0	0	0	0	0	133	0	0	0	0	0	0	0	0	0	0	
798031	0	0	0	0	0	131	0	0	0	0	0	0	0	0	0	0	
798782	0	0	0	0	0	137	0	0	0	0	0	0	0	0	0	0	
799532	0	0	0	0	11	128	0	0	0	0	0	0	0	0	0	0	
800282	0	0	0	0	0	125	0	0	0	0	0	0	0	0	0	0	
801031	0	0	0	0	0	97	0	0	0	0	0	0	0	0	0	0	
801782	0	0	0	0	0	119	0	0	0	0	0	0	0	0	0	0	
802531	0	0	0	0	0	139	0	0	0	0	0	0	0	0	0	0	
803283	0	0	0	0	0	135	0	0	0	0	0	0	0	0	0	0	
804034	0	0	0	0	0	137	0	0	0	0	0	0	0	0	0	0	
804788	0	0	0	0	0	131	0	0	0	0	0	0	0	0	0	0	
805537	0	0	0	0	0	109	0	0	0	0	0	0	0	0	0	0	
806288	0	0	0	0	0	131	0	0	0	0	0	0	0	0	0	0	
807037	0	0	0	0	0	139	0	0	0	0	0	0	0	0	0	0	
807784	0	0	0	0	0	131	0	0	0	0	0	0	0	0	0	0	
808534	0	0	0	0	0	153	0	0	0	0	0	0	0	0	0	0	
809283	0	0	0	0	0	131	0	0	0	0	0	0	0	0	0	0	
810033	0	0	0	0	0	151	0	0	0	0	0	0	0	0	0	0	
810782	0	0	0	0	0	147	0	0	0	0	0	0	0	0	0	0	
811532	0	0	0	0	159	0	0	0	0	0	0	0	0	0	0	0	
812283	0	0	0	0	147	0	0	0	0	0	0	0	0	0	0	0	
813034	0	0	0	0	181	0	0	0	0	0	0	0	0	0	0	0	
813785	0	0	0	0	129	0	0	0	0	0	0	0	0	0	0	0	
814533	0	0	0	0	161	0	0	0	0	0	0	0	0	0	0	0	
815280	0	0	0	0	155	0	0	0	0	0	0	0	0	0	0	0	
816031	0	0	0	0	179	0	0	0	0	0	0	0	0	0	0	0	
816780	0	0	0	0	167	0	0	0	0	0	0	0	0	0	0	0	
817529	0	0	0	0	165	0	0	0	0	0	0	0	0	0	0	0	
818275	0	0	0	0	165	0	0	0	0	0	0	0	0	0	0	0	
819025	0	0	0	0	143	0	0	0	0	0	0	0	0	0	0	0	
819776	0	0	0	0	139	0	0	0	0	0	0	0	0	0	0	0	
820527	0	0	0	0	153	0	0	0	0	0	0	0	0	0	0	0	
821274	0	0	0	0	169	0	0	0	0	0	0	0	0	0	0	0	
822028	0	0	0	0	135	0	0	0	0	0	0	0	0	0	0	0	
822781	0	0	0	0	177	0	0	0	0	0	0	0	0	0	0	0	
823529	0	0	0	0	179	0	0	0	0	0	0	0	0	0	0	0	
824277	0	0	0	0	161	0	0	0	0	0	0	0	0	0	0	0	
825028	0	0	0	109	82	0	0	0	0	0	0	0	0	0	0	0	
825779	0	0	0	0	147	0	0	0	0	0	0	0	0	0	0	0	
826530	0	0	0	0	141	0	0	0	0	0	0	0	0	0	0	0	
827279	0	0	0	0	165	0	0	0	0	0	0	0	0	0	0	0	
828031	0	0	0	0	151	0	0	0	0	0	0	0	0	0	0	0	
828780	0	0	0	0	175	0	0	0	0	0	0	0	0	0	0	0	
829528	0	0	0	0	159	0	0	0	0	0	0	0	0	0	0	0	
830278	0	0	0	0	161	0	0	0	0	0	0	0	0	0	0	0	
831030	0	0	0	0	179	0	0	0	0	0	0	0	0	0	0	0	
831777	0	0	0	0	119	0	0	0	0	0	0	0	0	0	0	0	
832524	0	0	0	0	159	0	0	0	0	0	0	0	0	0	0	0	
833275	0	0	0	0	163	0	0	0	0	0	0	0	0	0	0	0	
834023	0	0	0	217	0	0	0	0	0	0	0	0	0	0	0	0	
834771	0	0	0	199	0	0	0	0	0	0	0	0	0	0	0	0	
835522	0	0	0	203	0	0	0	0	0	0	0	0	0	0	0	0	
836269	0	0	0	169	0	0	0	0	0	0	0	0	0	0	0	0	
837020	0	0	0	195	0	0	0	0	0	0	0	0	0	0	0	0	
837771	0	0	0	197	0	0	0	0	0	0	0	0	0	0	0	0	
838519	0	0	0	193	0	0	0	0	0	0	0	0	0	0	0	0	
839270	0	0	0	231	0	0	0	0	0	0	0	0	0	0	0	0	
840016	0	0	0	217	0	0	0	0	0	0	0	0	0	0	0	0	
840767	0	0	0	193	0	0	0	0	0	0	0	0	0	0	0	0	
841516	0	0	0	231	0	0	0	0	0	0	0	0	0	0	0	0	
842267	0	0	0	195	0	0	0	0	0	0	0	0	0	0	0	0	
843016	0	0	0	185	0	0	0	0	0	0	0	0	0	0	0	0	
843764	0	0	0	187	0	0	0	0	0	0	0	0	0	0	0	0	
844514	0	0	0	201	0	0	0	0	0	0	0	0	0	0	0	0	
845264	0	0	0	219	0	0	0	0	0	0	0	0	0	0	0	0	
846014	0	0	0	203	0	0	0	0	0	0	0	0	0	0	0	0	
846764	0	0	0	201	0	0	0	0	0	0	0	0	0	0	0	0	
847512	0	0	0	205	0	0	0	0	0	0	0	0	0	0	0	0	
848262	0	0	0	223	0	0	0	0	0	0	0	0	0	0	0	0	
849014	0	0	0	207	0	0	0	0	0	0	0	0	0	0	0	0	
849766	0	0	0	185	0	0	0	0	0	0	0	0	0	0	0	0	
850516	0	0	0	199	0	0	0	0	0	0	0	0	0	0	0	0	
851268	0	0	0	211	0	0	0	0	0	0	0	0	0	0	0	0	
852019	0	0	0	213	0	0	0	0	0	0	0	0	0	0	0	0	
852768	0	0	0	201	0	0	0	0	0	0	0	0	0	0	0	0	
853520	0	0	0	205	0	0	0	0	0	0	0	0	0	0	0	0	
854270	0	0	0	201	0	0	0	0	0	0	0	0	0	0	0	0	
855017	0	0	0	201	0	0	0	0	0	0	0	0	0	0	0	0	
855768	0	0	8	205	0	0	0	0	0	0	0	0	0	0	0	0	
856519	0	0	0	175	0	0	0	0	0	0	0	0	0	0	0	0	
857269	0	0	0	217	0	0	0	0	0	0	0	0	0	0	0	0	
858021	0	0	0	181	0	0	0	0	0	0	0	0	0	0	0	0	
858773	0	0	0	225	0	0	0	0	0	0	0	0	0	0	0	0	
859524	0	0	0	201	0	0	0	0	0	0	0	0	0	0	0	0	
860275	0	0	0	201	0	0	0	0	0	0	0	0	0	0	0	0	
861022	0	0	0	191	0	0	0	0	0	0	0	0	0	0	0	0	
861771	0	0	0	207	0	0	0	0	0	0	0	0	0	0	0	0	
862526	0	0	0	201	0	0	0	0	0	0	0	0	0	0	0	0	
863271	0	0	0	217	0	0	0	0	0	0	0	0	0	0	0	0	
864020	0	0	0	189	0	0	0	0	0	0	0	0	0	0	0	0	
864771	0	0	0	199	0	0	0	0	0	0	0	0	0	0	0	0	
865523	0	0	38	195	0	0	0	0	0	0	0	0	0	0	0	0	
866271	0	0	0	207	0	0	0	0	0	0	0	0	0	0	0	0	
867019	0	0	0	187	0	0	0	0	0	0	0	0	0	0	0	0	
867766	0	0	0	189	0	0	0	0	0	0	0	0	0	0	0	0	
868513	0	0	0	211	0	0	0	0	0	0	0	0	0	0	0	0	
869263	0	0	0	222	1	0	0	0	0	0	0	0	0	0	0	0	
870011	0	0	0	217	0	0	0	0	0	0	0	0	0	0	0	0	
870762	0	0	0	211	0	0	0	0	0	0	0	0	0	0	0	0	
871514	0	0	0	193	0	0	0	0	0	0	0	0	0	0	0	0	
872264	0	0	0	211	0	0	0	0	0	0	0	0	0	0	0	0	
873013	0	0	0	211	0	0	0	0	0	0	0	0	0	0	0	0	
873765	0	0	0	189	0	0	0	0	0	0	0	0	0	0	0	0	
874513	0	0	0	203	0	0	0	0	0	0	0	0	0	0	0	0	
875265	0	0	0	211	0	0	0	0	0	0	0	0	0	0	0	0	
876015	0	0	0	197	0	0	0	0	0	0	0	0	0	0	0	0	
876765	0	0	0	195	0	0	0	0	0	0	0	0	0	0	0	0	
877512	0	0	0	201	0	0	0	0	0	0	0	0	0	0	0	0	
878261	0	0	1	240	0	0	0	0	0	0	0	0	0	0	0	0	
879011	0	0	0	185	0	0	0	0	0	0	0	0	0	0	0	0	
879760	0	0	0	195	0	0	0	0	0	0	0	0	0	0	0	0	
880510	0	0	0	225	0	0	0	0	0	0	0	0	0	0	0	0	
881258	0	0	0	165	0	0	0	0	0	0	0	0	0	0	0	0	
882006	0	0	0	207	0	0	0	0	0	0	0	0	0	0	0	0	
882756	0	0	0	207	0	0	0	0	0	0	0	0	0	0	0	0	
883505	0	0	0	203	0	0	0	0	0	0	0	0	0	0	0	0	
884253	0	0	0	207	0	0	0	0	0	0	0	0	0	0	0	0	
885003	0	0	0	189	0	0	0	0	0	0	0	0	0	0	0	0	
885751	0	0	0	195	0	0	0	0	0	0	0	0	0	0	0	0	
886498	0	0	0	195	0	0	0	0	0	0	0	0	0	0	0	0	
887251	0	0	0	205	0	0	0	0	0	0	0	0	0	0	0	0	
888004	0	0	0	217	0	0	0	0	0	0	0	0	0	0	0	0	
888751	0	0	0	191	0	0	0	0	0	0	0	0	0	0	0	0	
889498	0	0	0	183	0	0	0	0	0	0	0	0	0	0	0	0	
890248	0	0	0	215	0	0	0	0	0	0	0	0	0	0	0	0	
890998	0	0	0	205	0	0	0	0	0	0	0	0	0	0	0	0	
891745	0	0	0	199	0	0	0	0	0	0	0	0	0	0	0	0	
892495	0	0	0	177	0	0	0	0	0	0	0	0	0	0	0	0	
893246	0	0	0	205	0	0	0	0	0	0	0	0	0	0	0	0	
893999	0	0	0	197	0	0	0	0	0	0	0	0	0	0	0	0	
894751	0	0	0	199	0	0	0	0	0	0	0	0	0	0	0	0	
895501	0	0	0	193	0	0	0	0	0	0	0	0	0	0	0	0	
896251	0	0	0	203	0	0	0	0	0	0	0	0	0	0	0	0	
897000	0	0	18	183	0	0	0	0	0	0	0	0	0	0	0	0	
897750	0	0	0	221	0	0	0	0	0	0	0	0	0	0	0	0	
898500	0	0	0	203	0	0	0	0	0	0	0	0	0	0	0	0	
899251	0	0	0	205	0	0	0	0	0	0	0	0	0	0	0	0	
900001	0	0	3	212	0	0	0	0	0	0	0	0	0	0	0	0	
900750	0	0	0	189	0	0	0	0	0	0	0	0	0	0	0	0	
901500	0	0	0	207	0	0	0	0	0	0	0	0	0	0	0	0	
902250	0	0	1	206	0	0	0	0	0	0	0	0	0	0	0	0	
902998	0	0	0	205	0	0	0	0	0	0	0	0	0	0	0	0	
903747	0	0	0	205	0	0	0	0	0	0	0	0	0	0	0	0	
904496	0	0	0	25	132	0	0	0	0	0	0	0	0	0	0	0	
905246	0	0	0	0	167	0	0	0	0	0	0	0	0	0	0	0	
905996	0	0	0	199	0	0	0	0	0	0	0	0	0	0	0	0	
906749	0	0	0	207	0	0	0	0	0	0	0	0	0	0	0	0	
907499	0	0	0	207	0	0	0	0	0	0	0	0	0	0	0	0	
908252	0	0	71	140	0	0	0	0	0	0	0	0	0	0	0	0	
909002	0	0	0	163	0	0	0	0	0	0	0	0	0	0	0	0	
909751	0	0	0	197	0	0	0	0	0	0	0	0	0	0	0	0	
910503	0	0	0	205	0	0	0	0	0	0	0	0	0	0	0	0	
911254	0	0	0	223	0	0	0	0	0	0	0	0	0	0	0	0	
912008	0	0	0	187	0	0	0	0	0	0	0	0	0	0	0	0	
912754	0	0	0	197	0	0	0	0	0	0	0	0	0	0	0	0	
913502	0	0	0	195	0	0	0	0	0	0	0	0	0	0	0	0	
914251	0	0	0	183	0	0	0	0	0	0	0	0	0	0	0	0	
915002	0	0	0	203	0	0	0	0	0	0	0	0	0	0	0	0	
915752	0	0	0	201	0	0	0	0	0	0	0	0	0	0	0	0	
916498	0	0	0	193	0	0	0	0	0	0	0	0	0	0	0	0	
917247	0	0	0	197	0	0	0	0	0	0	0	0	0	0	0	0	
917994	0	0	0	191	0	0	0	0	0	0	0	0	0	0	0	0	
918745	0	0	0	201	0	0	0	0	0	0	0	0	0	0	0	0	
919494	0	0	0	222	9	0	0	0	0	0	0	0	0	0	0	0	
920248	0	0	0	193	0	0	0	0	0	0	0	0	0	0	0	0	
921001	0	0	0	203	0	0	0	0	0	0	0	0	0	0	0	0	
921751	0	0	0	201	0	0	0	0	0	0	0	0	0	0	0	0	
922500	0	0	0	207	0	0	0	0	0	0	0	0	0	0	0	0	
923251	0	0	0	199	0	0	0	0	0	0	0	0	0	0	0	0	
923999	0	0	0	203	0	0	0	0	0	0	0	0	0	0	0	0	
924749	0	0	0	213	0	0	0	0	0	0	0	0	0	0	0	0	
925497	0	0	0	205	0	0	0	0	0	0	0	0	0	0	0	0	
926245	0	0	142	99	0	0	0	0	0	0	0	0	0	0	0	0	
926994	0	0	0	191	0	0	0	0	0	0	0	0	0	0	0	0	
927743	0	0	0	165	0	0	0	0	0	0	0	0	0	0	0	0	
928494	0	0	0	197	0	0	0	0	0	0	0	0	0	0	0	0	
929244	0	0	0	213	0	0	0	0	0	0	0	0	0	0	0	0	
929996	0	0	0	183	0	0	0	0	0	0	0	0	0	0	0	0	
930747	0	0	0	211	0	0	0	0	0	0	0	0	0	0	0	0	
931498	0	0	0	205	0	0	0	0	0	0	0	0	0	0	0	0	
932248	0	0	0	193	0	0	0	0	0	0	0	0	0	0	0	0	
932997	0	0	0	173	0	0	0	0	0	0	0	0	0	0	0	0	
933744	0	0	0	209	0	0	0	0	0	0	0	0	0	0	0	0	
934494	0	0	265	0	0	0	0	0	0	0	0	0	0	0	0	0	
935241	0	0	246	23	0	0	0	0	0	0	0	0	0	0	0	0	
935987	0	0	211	0	0	0	0	0	0	0	0	0	0	0	0	0	
936736	0	0	247	0	0	0	0	0	0	0	0	0	0	0	0	0	
937486	0	0	259	0	0	0	0	0	0	0	0	0	0	0	0	0	
938233	0	0	243	0	0	0	0	0	0	0	0	0	0	0	0	0	
938984	0	0	257	0	0	0	0	0	0	0	0	0	0	0	0	0	
939731	0	0	257	0	0	0	0	0	0	0	0	0	0	0	0	0	
940481	0	0	285	0	0	0	0	0	0	0	0	0	0	0	0	0	
941231	0	0	279	0	0	0	0	0	0	0	0	0	0	0	0	0	
941982	0	0	279	0	0	0	0	0	0	0	0	0	0	0	0	0	
942734	0	0	255	0	0	0	0	0	0	0	0	0	0	0	0	0	
943484	0	0	261	0	0	0	0	0	0	0	0	0	0	0	0	0	
944233	0	0	267	0	0	0	0	0	0	0	0	0	0	0	0	0	
944984	0	0	259	0	0	0	0	0	0	0	0	0	0	0	0	0	
945734	0	0	243	0	0	0	0	0	0	0	0	0	0	0	0	0	
946486	0	0	279	0	0	0	0	0	0	0	0	0	0	0	0	0	
947233	0	0	257	0	0	0	0	0	0	0	0	0	0	0	0	0	
947984	0	0	257	0	0	0	0	0	0	0	0	0	0	0	0	0	
948735	0	0	263	0	0	0	0	0	0	0	0	0	0	0	0	0	
949487	0	0	255	0	0	0	0	0	0	0	0	0	0	0	0	0	
950235	0	0	275	0	0	0	0	0	0	0	0	0	0	0	0	0	
950985	0	0	283	0	0	0	0	0	0	0	0	0	0	0	0	0	
951738	0	0	257	0	0	0	0	0	0	0	0	0	0	0	0	0	
952488	0	0	259	0	0	0	0	0	0	0	0	0	0	0	0	0	
953240	0	0	271	0	0	0	0	0	0	0	0	0	0	0	0	0	
953986	0	0	273	0	0	0	0	0	0	0	0	0	0	0	0	0	
954736	0	0	259	0	0	0	0	0	0	0	0	0	0	0	0	0	
955484	0	0	237	0	0	0	0	0	0	0	0	0	0	0	0	0	
956234	0	0	277	0	0	0	0	0	0	0	0	0	0	0	0	0	
956988	0	0	259	0	0	0	0	0	0	0	0	0	0	0	0	0	
957738	0	0	277	0	0	0	0	0	0	0	0	0	0	0	0	0	
958487	0	0	299	0	0	0	0	0	0	0	0	0	0	0	0	0	
959240	0	0	273	0	0	0	0	0	0	0	0	0	0	0	0	0	
959988	0	0	277	0	0	0	0	0	0	0	0	0	0	0	0	0	
960735	0	0	281	0	0	0	0	0	0	0	0	0	0	0	0	0	
961486	0	0	261	0	0	0	0	0	0	0	0	0	0	0	0	0	
962236	0	0	259	0	0	0	0	0	0	0	0	0	0	0	0	0	
962983	0	0	231	0	0	0	0	0	0	0	0	0	0	0	0	0	
963730	0	0	265	0	0	0	0	0	0	0	0	0	0	0	0	0	
964480	0	0	253	0	0	0	0	0	0	0	0	0	0	0	0	0	
965228	0	0	261	0	0	0	0	0	0	0	0	0	0	0	0	0	
965981	0	0	273	0	0	0	0	0	0	0	0	0	0	0	0	0	
966731	0	0	255	0	0	0	0	0	0	0	0	0	0	0	0	0	
967483	0	0	273	0	0	0	0	0	0	0	0	0	0	0	0	0	
968232	0	0	289	0	0	0	0	0	0	0	0	0	0	0	0	0	
968981	0	0	251	0	0	0	0	0	0	0	0	0	0	0	0	0	
969728	0	0	251	0	0	0	0	0	0	0	0	0	0	0	0	0	
970480	0	0	235	0	0	0	0	0	0	0	0	0	0	0	0	0	
971229	0	0	259	0	0	0	0	0	0	0	0	0	0	0	0	0	
971980	0	0	261	0	0	0	0	0	0	0	0	0	0	0	0	0	
972729	0	0	253	0	0	0	0	0	0	0	0	0	0	0	0	0	
973479	0	0	285	0	0	0	0	0	0	0	0	0	0	0	0	0	
974228	0	0	257	0	0	0	0	0	0	0	0	0	0	0	0	0	
974981	0	0	269	0	0	0	0	0	0	0	0	0	0	0	0	0	
975731	0	0	251	0	0	0	0	0	0	0	0	0	0	0	0	0	
976481	0	0	243	0	0	0	0	0	0	0	0	0	0	0	0	0	
977229	0	0	251	0	0	0	0	0	0	0	0	0	0	0	0	0	
977979	0	0	259	0	0	0	0	0	0	0	0	0	0	0	0	0	
978729	0	0	255	0	0	0	0	0	0	0	0	0	0	0	0	0	
979477	0	0	273	0	0	0	0	0	0	0	0	0	0	0	0	0	
980226	0	0	255	0	0	0	0	0	0	0	0	0	0	0	0	0	
980974	0	0	279	0	0	0	0	0	0	0	0	0	0	0	0	0	
981726	0	0	245	0	0	0	0	0	0	0	0	0	0	0	0	0	
982474	0	0	245	0	0	0	0	0	0	0	0	0	0	0	0	0	
983225	0	0	277	0	0	0	0	0	0	0	0	0	0	0	0	0	
983976	0	0	279	0	0	0	0	0	0	0	0	0	0	0	0	0	
984726	0	0	251	0	0	0	0	0	0	0	0	0	0	0	0	0	
985480	0	0	255	0	0	0	0	0	0	0	0	0	0	0	0	0	
986227	0	0	259	0	0	0	0	0	0	0	0	0	0	0	0	0	
986978	0	0	283	0	0	0	0	0	0	0	0	0	0	0	0	0	
987730	0	0	275	0	0	0	0	0	0	0	0	0	0	0	0	0	
988482	0	2	235	0	0	0	0	0	0	0	0	0	0	0	0	0	
989231	0	0	267	0	0	0	0	0	0	0	0	0	0	0	0	0	
989979	0	0	255	0	0	0	0	0	0	0	0	0	0	0	0	0	
990727	0	0	273	0	0	0	0	0	0	0	0	0	0	0	0	0	
991476	0	0	273	0	0	0	0	0	0	0	0	0	0	0	0	0	
992222	0	0	281	0	0	0	0	0	0	0	0	0	0	0	0	0	
992971	0	0	291	0	0	0	0	0	0	0	0	0	0	0	0	0	
993723	0	0	241	0	0	0	0	0	0	0	0	0	0	0	0	0	
994476	0	0	259	0	0	0	0	0	0	0	0	0	0	0	0	0	
995225	0	0	293	0	0	0	0	0	0	0	0	0	0	0	0	0	
995975	0	0	285	0	0	0	0	0	0	0	0	0	0	0	0	0	
996727	0	0	271	0	0	0	0	0	0	0	0	0	0	0	0	0	
997477	0	0	273	0	0	0	0	0	0	0	0	0	0	0	0	0	
998223	0	0	251	0	0	0	0	0	0	0	0	0	0	0	0	0	
998972	0	0	281	0	0	0	0	0	0	0	0	0	0	0	0	0	
999724	0	0	279	0	0	0	0	0	0	0	0	0	0	0	0	0	
1.00048e+06	0	0	295	0	0	0	0	0	0	0	0	0	0	0	0	0	
1.00122e+06	0	1	238	0	0	0	0	0	0	0	0	0	0	0	0	0	
1.00197e+06	0	0	287	0	0	0	0	0	0	0	0	0	0	0	0	0	
1.00273e+06	0	0	259	0	0	0	0	0	0	0	0	0	0	0	0	0	
1.00348e+06	0	0	261	0	0	0	0	0	0	0	0	0	0	0	0	0	
1.00423e+06	0	0	279	0	0	0	0	0	0	0	0	0	0	0	0	0	
1.00498e+06	0	0	281	0	0	0	0	0	0	0	0	0	0	0	0	0	
1.00573e+06	0	0	269	0	0	0	0	0	0	0	0	0	0	0	0	0	
1.00648e+06	0	0	259	0	0	0	0	0	0	0	0	0	0	0	0	0	
1.00724e+06	0	0	261	0	0	0	0	0	0	0	0	0	0	0	0	0	
1.00799e+06	0	0	275	0	0	0	0	0	0	0	0	0	0	0	0	0	
1.00874e+06	0	0	0	201	0	0	0	0	0	0	0	0	0	0	0	0	
1.00949e+06	0	0	0	215	0	0	0	0	0	0	0	0	0	0	0	0	
1.01024e+06	0	0	0	207	0	0	0	0	0	0	0	0	0	0	0	0	
1.01099e+06	0	0	0	197	0	0	0	0	0	0	0	0	0	0	0	0	
1.01174e+06	0	0	0	195	0	0	0	0	0	0	0	0	0	0	0	0	
1.01249e+06	0	0	0	215	0	0	0	0	0	0	0	0	0	0	0	0	
1.01324e+06	0	0	0	225	0	0	0	0	0	0	0	0	0	0	0	0	
1.01399e+06	0	0	0	213	0	0	0	0	0	0	0	0	0	0	0	0	
1.01474e+06	0	0	0	201	0	0	0	0	0	0	0	0	0	0	0	0	
1.01549e+06	0	0	0	207	0	0	0	0	0	0	0	0	0	0	0	0	
1.01624e+06	0	0	0	173	0	0	0	0	0	0	0	0	0	0	0	0	
1.01699e+06	0	0	0	217	0	0	0	0	0	0	0	0	0	0	0	0	
1.01774e+06	0	0	0	201	0	0	0	0	0	0	0	0	0	0	0	0	
1.01849e+06	0	0	0	195	0	0	0	0	0	0	0	0	0	0	0	0	
1.01925e+06	0	0	0	191	0	0	0	0	0	0	0	0	0	0	0	0	
1.01999e+06	0	0	0	209	0	0	0	0	0	0	0	0	0	0	0	0	
1.02074e+06	0	0	0	175	0	0	0	0	0	0	0	0	0	0	0	0	
1.02149e+06	0	0	0	207	0	0	0	0	0	0	0	0	0	0	0	0	
1.02224e+06	0	0	0	175	0	0	0	0	0	0	0	0	0	0	0	0	
1.02299e+06	0	0	0	229	0	0	0	0	0	0	0	0	0	0	0	0	
1.02374e+06	0	0	0	229	0	0	0	0	0	0	0	0	0	0	0	0	
1.02449e+06	0	0	0	209	0	0	0	0	0	0	0	0	0	0	0	0	
1.02524e+06	0	0	0	185	0	0	0	0	0	0	0	0	0	0	0	0	
1.026e+06	0	0	0	213	0	0	0	0	0	0	0	0	0	0	0	0	
1.02675e+06	0	0	0	175	0	0	0	0	0	0	0	0	0	0	0	0	
1.0275e+06	0	0	0	197	0	0	0	0	0	0	0	0	0	0	0	0	
1.02825e+06	0	0	0	195	0	0	0	0	0	0	0	0	0	0	0	0	
1.029e+06	0	0	0	215	0	0	0	0	0	0	0	0	0	0	0	0	
1.02976e+06	0	0	0	205	0	0	0	0	0	0	0	0	0	0	0	0	
1.0305e+06	0	0	0	209	0	0	0	0	0	0	0	0	0	0	0	0	
1.03125e+06	0	0	0	223	0	0	0	0	0	0	0	0	0	0	0	0	
1.032e+06	0	0	0	193	0	0	0	0	0	0	0	0	0	0	0	0	
1.03274e+06	0	0	0	191	0	0	0	0	0	0	0	0	0	0	0	0	
1.03349e+06	0	0	0	195	0	0	0	0	0	0	0	0	0	0	0	0	
1.03424e+06	0	0	0	201	0	0	0	0	0	0	0	0	0	0	0	0	
1.03499e+06	0	0	0	203	0	0	0	0	0	0	0	0	0	0	0	0	
1.03575e+06	0	0	0	221	0	0	0	0	0	0	0	0	0	0	0	0	
1.0365e+06	0	0	3	208	0	0	0	0	0	0	0	0	0	0	0	0	
1.03725e+06	0	0	0	233	0	0	0	0	0	0	0	0	0	0	0	0	
1.038e+06	0	0	0	193	0	0	0	0	0	0	0	0	0	0	0	0	
1.03875e+06	0	0	0	211	0	0	0	0	0	0	0	0	0	0	0	0	
1.0395e+06	0	0	0	209	0	0	0	0	0	0	0	0	0	0	0	0	
1.04024e+06	0	0	0	197	0	0	0	0	0	0	0	0	0	0	0	0	
1.04099e+06	0	0	0	185	0	0	0	0	0	0	0	0	0	0	0	0	
1.04174e+06	0	0	0	173	0	0	0	0	0	0	0	0	0	0	0	0	
1.04249e+06	0	0	0	179	0	0	0	0	0	0	0	0	0	0	0	0	
1.04324e+06	0	0	0	239	0	0	0	0	0	0	0	0	0	0	0	0	
1.04399e+06	0	0	0	193	0	0	0	0	0	0	0	0	0	0	0	0	
1.04474e+06	0	0	0	191	0	0	0	0	0	0	0	0	0	0	0	0	
1.04549e+06	0	0	0	189	0	0	0	0	0	0	0	0	0	0	0	0	
1.04624e+06	0	0	0	211	0	0	0	0	0	0	0	0	0	0	0	0	
1.04699e+06	0	0	0	197	0	0	0	0	0	0	0	0	0	0	0	0	
1.04774e+06	0	0	0	197	0	0	0	0	0	0	0	0	0	0	0	0	
1.04848e+06	0	0	0	189	0	0	0	0	0	0	0	0	0	0	0	0	
1.04924e+06	0	0	0	203	0	0	0	0	0	0	0	0	0	0	0	0	
1.04999e+06	0	0	0	0	147	0	0	0	0	0	0	0	0	0	0	0	
1.05074e+06	0	0	0	0	151	0	0	0	0	0	0	0	0	0	0	0	
1.05149e+06	0	0	0	0	90	33	0	0	0	0	0	0	0	0	0	0	
1.05224e+06	0	0	0	0	137	0	0	0	0	0	0	0	0	0	0	0	
1.05299e+06	0	0	0	0	161	0	0	0	0	0	0	0	0	0	0	0	
1.05374e+06	0	0	0	0	177	0	0	0	0	0	0	0	0	0	0	0	
1.05449e+06	0	0	0	0	151	0	0	0	0	0	0	0	0	0	0	0	
1.05524e+06	0	0	0	0	167	0	0	0	0	0	0	0	0	0	0	0	
1.05599e+06	0	0	0	20	145	0	0	0	0	0	0	0	0	0	0	0	
1.05674e+06	0	0	0	0	159	0	0	0	0	0	0	0	0	0	0	0	
1.05749e+06	0	0	0	0	179	0	0	0	0	0	0	0	0	0	0	0	
1.05824e+06	0	0	0	0	157	0	0	0	0	0	0	0	0	0	0	0	
1.05899e+06	0	0	0	0	169	0	0	0	0	0	0	0	0	0	0	0	
1.05973e+06	0	0	0	143	38	0	0	0	0	0	0	0	0	0	0	0	
1.06048e+06	0	0	0	219	0	0	0	0	0	0	0	0	0	0	0	0	
1.06123e+06	0	0	0	199	0	0	0	0	0	0	0	0	0	0	0	0	
1.06198e+06	0	0	0	191	0	0	0	0	0	0	0	0	0	0	0	0	
1.06273e+06	0	0	0	199	0	0	0	0	0	0	0	0	0	0	0	0	
1.06348e+06	0	0	0	199	0	0	0	0	0	0	0	0	0	0	0	0	
1.06423e+06	0	0	0	181	0	0	0	0	0	0	0	0	0	0	0	0	
1.06498e+06	0	0	0	181	0	0	0	0	0	0	0	0	0	0	0	0	
1.06573e+06	0	0	0	181	0	0	0	0	0	0	0	0	0	0	0	0	
1.06648e+06	0	0	0	173	0	0	0	0	0	0	0	0	0	0	0	0	
1.06723e+06	0	0	0	205	0	0	0	0	0	0	0	0	0	0	0	0	
1.06797e+06	0	0	0	167	0	0	0	0	0	0	0	0	0	0	0	0	
1.06872e+06	0	0	0	185	0	0	0	0	0	0	0	0	0	0	0	0	
1.06947e+06	0	0	0	191	0	0	0	0	0	0	0	0	0	0	0	0	
1.07022e+06	0	0	0	225	0	0	0	0	0	0	0	0	0	0	0	0	
1.07097e+06	0	0	0	189	0	0	0	0	0	0	0	0	0	0	0	0	
1.07172e+06	0	0	0	0	175	0	0	0	0	0	0	0	0	0	0	0	
1.07247e+06	0	0	0	0	191	0	0	0	0	0	0	0	0	0	0	0	
1.07322e+06	0	0	0	0	167	0	0	0	0	0	0	0	0	0	0	0	
1.07397e+06	0	0	0	0	149	0	0	0	0	0	0	0	0	0	0	0	
1.07472e+06	0	0	0	0	145	0	0	0	0	0	0	0	0	0	0	0	
1.07547e+06	0	0	0	0	161	0	0	0	0	0	0	0	0	0	0	0	
1.07622e+06	0	0	0	0	159	0	0	0	0	0	0	0	0	0	0	0	
1.07697e+06	0	0	0	0	155	0	0	0	0	0	0	0	0	0	0	0	
1.07772e+06	0	0	0	0	163	0	0	0	0	0	0	0	0	0	0	0	
1.07847e+06	0	0	0	0	175	0	0	0	0	0	0	0	0	0	0	0	
1.07922e+06	0	0	0	0	175	0	0	0	0	0	0	0	0	0	0	0	
1.07997e+06	0	0	0	0	157	0	0	0	0	0	0	0	0	0	0	0	
1.08072e+06	0	0	0	0	131	0	0	0	0	0	0	0	0	0	0	0	
1.08147e+06	0	0	0	0	177	0	0	0	0	0	0	0	0	0	0	0	
1.08222e+06	0	0	0	0	167	0	0	0	0	0	0	0	0	0	0	0	
1.08297e+06	0	0	0	0	145	0	0	0	0	0	0	0	0	0	0	0	
1.08372e+06	0	0	0	0	137	0	0	0	0	0	0	0	0	0	0	0	
1.08447e+06	0	0	0	0	157	4	0	0	0	0	0	0	0	0	0	0	
1.08522e+06	0	0	0	0	141	0	0	0	0	0	0	0	0	0	0	0	
1.08597e+06	0	0	0	0	145	0	0	0	0	0	0	0	0	0	0	0	
1.08672e+06	0	0	0	0	155	0	0	0	0	0	0	0	0	0	0	0	
1.08747e+06	0	0	0	0	175	0	0	0	0	0	0	0	0	0	0	0	
1.08823e+06	0	0	0	0	177	0	0	0	0	0	0	0	0	0	0	0	
1.08898e+06	0	0	0	0	175	0	0	0	0	0	0	0	0	0	0	0	
1.08973e+06	0	0	0	0	151	0	0	0	0	0	0	0	0	0	0	0	
1.09048e+06	0	0	0	0	161	0	0	0	0	0	0	0	0	0	0	0	
1.09123e+06	0	0	0	0	183	0	0	0	0	0	0	0	0	0	0	0	
1.09199e+06	0	0	0	0	169	0	0	0	0	0	0	0	0	0	0	0	
1.09273e+06	0	0	0	0	169	0	0	0	0	0	0	0	0	0	0	0	
1.09349e+06	0	0	0	0	161	0	0	0	0	0	0	0	0	0	0	0	
1.09424e+06	0	0	0	0	149	0	0	0	0	0	0	0	0	0	0	0	
1.09499e+06	0	0	0	0	151	0	0	0	0	0	0	0	0	0	0	0	
1.09574e+06	0	0	0	0	175	0	0	0	0	0	0	0	0	0	0	0	
1.09649e+06	0	0	0	0	102	39	0	0	0	0	0	0	0	0	0	0	
1.09724e+06	0	0	0	0	157	0	0	0	0	0	0	0	0	0	0	0	
1.09799e+06	0	0	0	0	159	0	0	0	0	0	0	0	0	0	0	0	
1.09874e+06	0	0	0	0	141	0	0	0	0	0	0	0	0	0	0	0	
1.09948e+06	0	0	0	0	141	0	0	0	0	0	0	0	0	0	0	0	
1.10024e+06	0	0	0	0	177	0	0	0	0	0	0	0	0	0	0	0	
1.10099e+06	0	0	0	0	161	0	0	0	0	0	0	0	0	0	0	0	
1.10174e+06	0	0	0	0	177	0	0	0	0	0	0	0	0	0	0	0	
1.10249e+06	0	0	0	0	155	0	0	0	0	0	0	0	0	0	0	0	
1.10324e+06	0	0	0	0	147	0	0	0	0	0	0	0	0	0	0	0	
1.10399e+06	0	0	0	0	139	0	0	0	0	0	0	0	0	0	0	0	
1.10474e+06	0	0	0	0	153	0	0	0	0	0	0	0	0	0	0	0	
1.1055e+06	0	0	0	0	173	0	0	0	0	0	0	0	0	0	0	0	
1.10625e+06	0	0	0	0	153	0	0	0	0	0	0	0	0	0	0	0	
1.107e+06	0	0	0	0	0	151	0	0	0	0	0	0	0	0	0	0	
1.10775e+06	0	0	0	0	0	161	0	0	0	0	0	0	0	0	0	0	
1.1085e+06	0	0	0	0	0	139	0	0	0	0	0	0	0	0	0	0	
1.10925e+06	0	0	0	0	0	117	0	0	0	0	0	0	0	0	0	0	
1.11e+06	0	0	0	0	0	135	0	0	0	0	0	0	0	0	0	0	
1.11075e+06	0	0	0	0	0	139	0	0	0	0	0	0	0	0	0	0	
1.1115e+06	0	0	0	0	0	167	0	0	0	0	0	0	0	0	0	0	
1.11225e+06	0	0	0	0	0	133	0	0	0	0	0	0	0	0	0	0	
1.113e+06	0	0	0	0	0	101	0	0	0	0	0	0	0	0	0	0	
1.11375e+06	0	0	0	0	0	119	0	0	0	0	0	0	0	0	0	0	
1.1145e+06	0	0	0	0	0	129	0	0	0	0	0	0	0	0	0	0	
1.11525e+06	0	0	0	0	0	139	0	0	0	0	0	0	0	0	0	0	
1.116e+06	0	0	0	0	155	0	0	0	0	0	0	0	0	0	0	0	
1.11675e+06	0	0	0	0	153	0	0	0	0	0	0	0	0	0	0	0	
1.1175e+06	0	0	0	0	169	0	0	0	0	0	0	0	0	0	0	0	
1.11825e+06	0	0	0	0	143	0	0	0	0	0	0	0	0	0	0	0	
1.119e+06	0	0	0	0	149	0	0	0	0	0	0	0	0	0	0	0	
1.11974e+06	0	0	0	0	133	0	0	0	0	0	0	0	0	0	0	0	
1.12049e+06	0	0	0	0	159	0	0	0	0	0	0	0	0	0	0	0	
1.12124e+06	0	0	0	0	169	0	0	0	0	0	0	0	0	0	0	0	
1.12199e+06	0	0	0	0	173	0	0	0	0	0	0	0	0	0	0	0	
1.12274e+06	0	0	0	0	157	0	0	0	0	0	0	0	0	0	0	0	
1.12349e+06	0	0	0	0	175	0	0	0	0	0	0	0	0	0	0	0	
1.12424e+06	0	0	0	0	145	0	0	0	0	0	0	0	0	0	0	0	
1.12499e+06	0	0	0	0	141	0	0	0	0	0	0	0	0	0	0	0	
1.12574e+06	0	0	0	0	159	0	0	0	0	0	0	0	0	0	0	0	
1.12649e+06	0	0	0	0	157	0	0	0	0	0	0	0	0	0	0	0	
1.12724e+06	0	0	0	0	165	0	0	0	0	0	0	0	0	0	0	0	
1.12799e+06	0	0	0	0	183	0	0	0	0	0	0	0	0	0	0	0	
1.12874e+06	0	0	0	0	155	0	0	0	0	0	0	0	0	0	0	0	
1.12949e+06	0	0	0	0	167	0	0	0	0	0	0	0	0	0	0	0	
1.13024e+06	0	0	0	5	122	0	0	0	0	0	0	0	0	0	0	0	
1.13099e+06	0	0	0	0	159	0	0	0	0	0	0	0	0	0	0	0	
1.13174e+06	0	0	0	0	153	0	0	0	0	0	0	0	0	0	0	0	
1.13249e+06	0	0	0	0	169	0	0	0	0	0	0	0	0	0	0	0	
1.13324e+06	0	0	0	0	193	0	0	0	0	0	0	0	0	0	0	0	
1.13399e+06	0	0	0	0	173	0	0	0	0	0	0	0	0	0	0	0	
1.13474e+06	0	0	0	0	155	0	0	0	0	0	0	0	0	0	0	0	
1.13549e+06	0	0	0	0	135	0	0	0	0	0	0	0	0	0	0	0	
1.13624e+06	0	0	0	0	157	0	0	0	0	0	0	0	0	0	0	0	
1.13699e+06	0	0	0	0	177	0	0	0	0	0	0	0	0	0	0	0	
1.13774e+06	0	0	0	0	173	0	0	0	0	0	0	0	0	0	0	0	
1.13849e+06	0	0	0	0	167	0	0	0	0	0	0	0	0	0	0	0	
1.13924e+06	0	0	0	0	167	0	0	0	0	0	0	0	0	0	0	0	
1.13999e+06	0	0	0	0	159	0	0	0	0	0	0	0	0	0	0	0	
1.14075e+06	0	0	0	0	167	0	0	0	0	0	0	0	0	0	0	0	
1.1415e+06	0	0	0	0	167	0	0	0	0	0	0	0	0	0	0	0	
1.14224e+06	0	0	0	0	147	0	0	0	0	0	0	0	0	0	0	0	
1.14299e+06	0	0	0	0	179	0	0	0	0	0	0	0	0	0	0	0	
1.14375e+06	0	0	0	0	169	0	0	0	0	0	0	0	0	0	0	0	
1.1445e+06	0	0	0	0	151	0	0	0	0	0	0	0	0	0	0	0	
1.14525e+06	0	0	0	0	183	0	0	0	0	0	0	0	0	0	0	0	
1.146e+06	0	0	0	181	0	0	0	0	0	0	0	0	0	0	0	0	
1.14675e+06	0	0	0	213	0	0	0	0	0	0	0	0	0	0	0	0	
1.1475e+06	0	0	0	153	30	0	0	0	0	0	0	0	0	0	0	0	
1.14825e+06	0	0	0	191	0	0	0	0	0	0	0	0	0	0	0	0	
1.149e+06	0	0	0	173	0	0	0	0	0	0	0	0	0	0	0	0	
1.14975e+06	0	0	8	181	0	0	0	0	0	0	0	0	0	0	0	0	
1.1505e+06	0	0	0	191	0	0	0	0	0	0	0	0	0	0	0	0	
1.15125e+06	0	0	1	194	0	0	0	0	0	0	0	0	0	0	0	0	
1.152e+06	0	0	0	221	0	0	0	0	0	0	0	0	0	0	0	0	
1.15276e+06	0	0	0	201	0	0	0	0	0	0	0	0	0	0	0	0	
1.15351e+06	0	0	0	219	0	0	0	0	0	0	0	0	0	0	0	0	
1.15426e+06	0	0	0	193	0	0	0	0	0	0	0	0	0	0	0	0	
1.15501e+06	0	0	0	183	0	0	0	0	0	0	0	0	0	0	0	0	
1.15576e+06	0	0	0	211	0	0	0	0	0	0	0	0	0	0	0	0	
1.15651e+06	0	0	0	195	0	0	0	0	0	0	0	0	0	0	0	0	
1.15726e+06	0	0	0	179	0	0	0	0	0	0	0	0	0	0	0	0	
1.15801e+06	0	0	0	193	0	0	0	0	0	0	0	0	0	0	0	0	
1.15876e+06	0	0	0	192	13	0	0	0	0	0	0	0	0	0	0	0	
1.15951e+06	0	0	0	191	0	0	0	0	0	0	0	0	0	0	0	0	
1.16026e+06	0	0	0	219	0	0	0	0	0	0	0	0	0	0	0	0	
1.16101e+06	0	0	0	203	0	0	0	0	0	0	0	0	0	0	0	0	
1.16176e+06	0	0	0	187	0	0	0	0	0	0	0	0	0	0	0	0	
1.16251e+06	0	0	0	199	0	0	0	0	0	0	0	0	0	0	0	0	
1.16326e+06	0	0	0	219	0	0	0	0	0	0	0	0	0	0	0	0	
1.16401e+06	0	0	0	205	0	0	0	0	0	0	0	0	0	0	0	0	
1.16476e+06	0	0	0	197	0	0	0	0	0	0	0	0	0	0	0	0	
1.16551e+06	0	0	0	217	0	0	0	0	0	0	0	0	0	0	0	0	
1.16626e+06	0	0	0	151	20	0	0	0	0	0	0	0	0	0	0	0	
1.16701e+06	0	0	0	195	0	0	0	0	0	0	0	0	0	0	0	0	
1.16776e+06	0	0	0	213	0	0	0	0	0	0	0	0	0	0	0	0	
1.16851e+06	0	0	0	193	0	0	0	0	0	0	0	0	0	0	0	0	
1.16926e+06	0	0	0	217	0	0	0	0	0	0	0	0	0	0	0	0	
1.17001e+06	0	0	0	209	0	0	0	0	0	0	0	0	0	0	0	0	
1.17076e+06	0	0	0	193	0	0	0	0	0	0	0	0	0	0	0	0	
1.17151e+06	0	0	0	201	0	0	0	0	0	0	0	0	0	0	0	0	
1.17226e+06	0	0	0	185	8	0	0	0	0	0	0	0	0	0	0	0	
1.17301e+06	0	0	0	211	0	0	0	0	0	0	0	0	0	0	0	0	
1.17376e+06	0	0	0	215	0	0	0	0	0	0	0	0	0	0	0	0	
1.17451e+06	0	0	0	195	0	0	0	0	0	0	0	0	0	0	0	0	
1.17526e+06	0	0	0	205	0	0	0	0	0	0	0	0	0	0	0	0	
1.17601e+06	0	0	0	215	0	0	0	0	0	0	0	0	0	0	0	0	
1.17676e+06	0	0	0	189	0	0	0	0	0	0	0	0	0	0	0	0	
1.17751e+06	0	0	0	203	0	0	0	0	0	0	0	0	0	0	0	0	
1.17826e+06	0	0	0	205	0	0	0	0	0	0	0	0	0	0	0	0	
1.17901e+06	0	0	0	197	0	0	0	0	0	0	0	0	0	0	0	0	
1.17976e+06	0	0	0	209	0	0	0	0	0	0	0	0	0	0	0	0	
1.18051e+06	0	0	0	191	0	0	0	0	0	0	0	0	0	0	0	0	
1.18126e+06	0	0	0	171	0	0	0	0	0	0	0	0	0	0	0	0	
1.18201e+06	0	0	0	201	6	0	0	0	0	0	0	0	0	0	0	0	
1.18276e+06	0	0	0	211	0	0	0	0	0	0	0	0	0	0	0	0	
1.18351e+06	0	0	0	185	0	0	0	0	0	0	0	0	0	0	0	0	
1.18426e+06	0	0	0	219	0	0	0	0	0	0	0	0	0	0	0	0	
1.185e+06	0	0	0	217	0	0	0	0	0	0	0	0	0	0	0	0	
1.18575e+06	0	0	0	215	0	0	0	0	0	0	0	0	0	0	0	0	
1.1865e+06	0	0	0	209	0	0	0	0	0	0	0	0	0	0	0	0	
1.18725e+06	0	0	0	193	0	0	0	0	0	0	0	0	0	0	0	0	
1.188e+06	0	0	0	197	0	0	0	0	0	0	0	0	0	0	0	0	
1.18876e+06	0	0	0	217	0	0	0	0	0	0	0	0	0	0	0	0	
1.18951e+06	0	0	0	183	0	0	0	0	0	0	0	0	0	0	0	0	
1.19025e+06	0	0	0	213	0	0	0	0	0	0	0	0	0	0	0	0	
1.19101e+06	0	0	0	199	0	0	0	0	0	0	0	0	0	0	0	0	
1.19175e+06	0	0	0	207	0	0	0	0	0	0	0	0	0	0	0	0	
1.1925e+06	0	0	0	187	0	0	0	0	0	0	0	0	0	0	0	0	
1.19325e+06	0	0	0	177	0	0	0	0	0	0	0	0	0	0	0	0	
1.194e+06	0	0	0	20	149	0	0	0	0	0	0	0	0	0	0	0	
1.19475e+06	0	0	0	0	167	0	0	0	0	0	0	0	0	0	0	0	
1.1955e+06	0	0	0	0	149	0	0	0	0	0	0	0	0	0	0	0	
1.19625e+06	0	0	0	0	133	0	0	0	0	0	0	0	0	0	0	0	
1.197e+06	0	0	0	0	157	0	0	0	0	0	0	0	0	0	0	0	
1.19775e+06	0	0	0	0	151	0	0	0	0	0	0	0	0	0	0	0	
1.1985e+06	0	0	0	0	187	0	0	0	0	0	0	0	0	0	0	0	
1.19925e+06	0	0	0	0	133	0	0	0	0	0	0	0	0	0	0	0	
1.2e+06	0	0	0	0	151	0	0	0	0	0	0	0	0	0	0	0	
1.20075e+06	0	0	0	0	169	0	0	0	0	0	0	0	0	0	0	0	
1.2015e+06	0	0	0	0	169	0	0	0	0	0	0	0	0	0	0	0	
1.20225e+06	0	0	0	0	159	0	0	0	0	0	0	0	0	0	0	0	
1.203e+06	0	0	0	0	149	0	0	0	0	0	0	0	0	0	0	0	
1.20376e+06	0	0	0	0	169	0	0	0	0	0	0	0	0	0	0	0	
1.20451e+06	0	0	0	0	133	0	0	0	0	0	0	0	0	0	0	0	
1.20526e+06	0	0	0	0	153	0	0	0	0	0	0	0	0	0	0	0	
1.20601e+06	0	0	0	0	0	147	0	0	0	0	0	0	0	0	0	0	
1.20676e+06	0	0	0	0	0	135	0	0	0	0	0	0	0	0	0	0	
1.20751e+06	0	0	0	0	0	139	0	0	0	0	0	0	0	0	0	0	
1.20826e+06	0	0	0	0	0	141	0	0	0	0	0	0	0	0	0	0	
1.20901e+06	0	0	0	0	0	111	0	0	0	0	0	0	0	0	0	0	
1.20977e+06	0	0	0	0	0	153	0	0	0	0	0	0	0	0	0	0	
1.21052e+06	0	0	0	0	0	133	0	0	0	0	0	0	0	0	0	0	
1.21127e+06	0	0	0	0	0	117	0	0	0	0	0	0	0	0	0	0	
1.21202e+06	0	0	0	0	0	137	0	0	0	0	0	0	0	0	0	0	
1.21277e+06	0	0	0	0	0	137	0	0	0	0	0	0	0	0	0	0	
1.21352e+06	0	0	0	0	0	121	0	0	0	0	0	0	0	0	0	0	
1.21427e+06	0	0	0	0	0	127	0	0	0	0	0	0	0	0	0	0	
1.21502e+06	0	0	0	0	0	139	0	0	0	0	0	0	0	0	0	0	
1.21576e+06	0	0	0	0	0	127	0	0	0	0	0	0	0	0	0	0	
1.21651e+06	0	0	0	0	0	123	0	0	0	0	0	0	0	0	0	0	
1.21726e+06	0	0	0	0	0	141	0	0	0	0	0	0	0	0	0	0	
1.21802e+06	0	0	0	0	0	141	0	0	0	0	0	0	0	0	0	0	
1.21877e+06	0	0	0	0	0	115	0	0	0	0	0	0	0	0	0	0	
1.21951e+06	0	0	0	0	0	129	0	0	0	0	0	0	0	0	0	0	
1.22027e+06	0	0	0	0	0	136	5	0	0	0	0	0	0	0	0	0	
1.22102e+06	0	0	0	0	0	127	0	0	0	0	0	0	0	0	0	0	
1.22177e+06	0	0	0	0	74	79	0	0	0	0	0	0	0	0	0	0	
1.22252e+06	0	0	0	0	0	121	0	0	0	0	0	0	0	0	0	0	
1.22327e+06	0	0	0	0	0	131	0	0	0	0	0	0	0	0	0	0	
1.22402e+06	0	0	0	0	0	129	0	0	0	0	0	0	0	0	0	0	
1.22477e+06	0	0	0	0	0	143	0	0	0	0	0	0	0	0	0	0	
1.22552e+06	0	0	0	0	0	0	107	0	0	0	0	0	0	0	0	0	
1.22627e+06	0	0	0	0	0	0	107	0	0	0	0	0	0	0	0	0	
1.22702e+06	0	0	0	0	0	0	115	0	0	0	0	0	0	0	0	0	
1.22777e+06	0	0	0	0	0	0	105	0	0	0	0	0	0	0	0	0	
1.22853e+06	0	0	0	0	0	0	115	0	0	0	0	0	0	0	0	0	
1.22928e+06	0	0	0	0	0	0	117	0	0	0	0	0	0	0	0	0	
1.23003e+06	0	0	0	0	0	0	123	0	0	0	0	0	0	0	0	0	
1.23079e+06	0	0	0	0	0	0	119	0	0	0	0	0	0	0	0	0	
1.23153e+06	0	0	0	0	0	0	111	0	0	0	0	0	0	0	0	0	
1.23228e+06	0	0	0	0	0	0	117	0	0	0	0	0	0	0	0	0	
1.23303e+06	0	0	0	0	0	0	107	0	0	0	0	0	0	0	0	0	
1.23378e+06	0	0	0	0	0	0	137	0	0	0	0	0	0	0	0	0	
1.23453e+06	0	0	0	0	0	0	103	0	0	0	0	0	0	0	0	0	
1.23528e+06	0	0	0	0	0	0	109	0	0	0	0	0	0	0	0	0	
1.23603e+06	0	0	0	0	0	0	97	0	0	0	0	0	0	0	0	0	
1.23678e+06	0	0	0	0	0	0	119	0	0	0	0	0	0	0	0	0	
1.23754e+06	0	0	0	0	0	0	107	0	0	0	0	0	0	0	0	0	
1.23829e+06	0	0	0	0	0	0	131	0	0	0	0	0	0	0	0	0	
1.23904e+06	0	0	0	0	0	0	101	0	0	0	0	0	0	0	0	0	
1.23979e+06	0	0	0	0	0	0	127	0	0	0	0	0	0	0	0	0	
1.24054e+06	0	0	0	0	0	0	125	0	0	0	0	0	0	0	0	0	
1.24129e+06	0	0	0	0	0	0	143	0	0	0	0	0	0	0	0	0	
1.24204e+06	0	0	0	0	0	0	111	0	0	0	0	0	0	0	0	0	
1.24279e+06	0	0	0	0	0	0	121	0	0	0	0	0	0	0	0	0	
1.24354e+06	0	0	0	0	0	0	131	0	0	0	0	0	0	0	0	0	
1.24429e+06	0	0	0	0	0	0	95	0	0	0	0	0	0	0	0	0	
1.24504e+06	0	0	0	0	0	0	115	0	0	0	0	0	0	0	0	0	
1.24579e+06	0	0	0	0	0	0	133	0	0	0	0	0	0	0	0	0	
1.24653e+06	0	0	0	0	0	0	125	0	0	0	0	0	0	0	0	0	
1.24728e+06	0	0	0	0	0	0	103	0	0	0	0	0	0	0	0	0	
1.24803e+06	0	0	0	0	0	0	117	0	0	0	0	0	0	0	0	0	
1.24878e+06	0	0	0	0	0	0	111	0	0	0	0	0	0	0	0	0	
1.24954e+06	0	0	0	0	0	0	0	91	0	0	0	0	0	0	0	0	
1.25028e+06	0	0	0	0	0	0	0	97	0	0	0	0	0	0	0	0	
1.25104e+06	0	0	0	0	0	0	0	103	0	0	0	0	0	0	0	0	
1.25179e+06	0	0	0	0	0	0	0	93	0	0	0	0	0	0	0	0	
1.25254e+06	0	0	0	0	0	0	0	109	0	0	0	0	0	0	0	0	
1.25329e+06	0	0	0	0	0	0	0	99	0	0	0	0	0	0	0	0	
1.25404e+06	0	0	0	0	0	0	0	119	0	0	0	0	0	0	0	0	
1.25478e+06	0	0	0	0	0	0	0	101	0	0	0	0	0	0	0	0	
1.25553e+06	0	0	0	0	0	0	0	107	0	0	0	0	0	0	0	0	
1.25629e+06	0	0	0	0	0	0	0	99	0	0	0	0	0	0	0	0	
1.25704e+06	0	0	0	0	0	0	0	85	0	0	0	0	0	0	0	0	
1.25779e+06	0	0	0	0	0	0	0	115	0	0	0	0	0	0	0	0	
1.25853e+06	0	0	0	0	0	0	0	99	0	0	0	0	0	0	0	0	
1.25928e+06	0	0	0	0	0	0	0	95	0	0	0	0	0	0	0	0	
1.26003e+06	0	0	0	0	0	0	0	105	0	0	0	0	0	0	0	0	
1.26078e+06	0	0	0	0	0	0	0	95	0	0	0	0	0	0	0	0	
1.26153e+06	0	0	0	0	0	0	0	105	0	0	0	0	0	0	0	0	
1.26228e+06	0	0	0	0	0	0	0	93	0	0	0	0	0	0	0	0	
1.26303e+06	0	0	0	0	0	0	0	103	0	0	0	0	0	0	0	0	
1.26378e+06	0	0	0	0	0	0	0	99	0	0	0	0	0	0	0	0	
1.26453e+06	0	0	0	0	0	0	0	105	0	0	0	0	0	0	0	0	
1.26528e+06	0	0	0	0	0	0	0	93	0	0	0	0	0	0	0	0	
1.26603e+06	0	0	0	0	0	0	0	117	0	0	0	0	0	0	0	0	
1.26678e+06	0	0	0	0	0	0	0	91	0	0	0	0	0	0	0	0	
1.26753e+06	0	0	0	0	0	0	0	77	0	0	0	0	0	0	0	0	
1.26828e+06	0	0	0	0	0	0	0	87	0	0	0	0	0	0	0	0	
1.26903e+06	0	0	0	0	0	0	0	101	0	0	0	0	0	0	0	0	
1.26978e+06	0	0	0	0	0	0	0	97	0	0	0	0	0	0	0	0	
1.27053e+06	0	0	0	0	0	0	0	93	0	0	0	0	0	0	0	0	
1.27128e+06	0	0	0	0	0	0	0	0	91	0	0	0	0	0	0	0	
1.27203e+06	0	0	0	0	0	0	0	0	73	0	0	0	0	0	0	0	
1.27278e+06	0	0	0	0	0	0	0	0	81	0	0	0	0	0	0	0	
1.27354e+06	0	0	0	0	0	0	0	0	87	0	0	0	0	0	0	0	
1.27429e+06	0	0	0	0	0	0	0	0	99	0	0	0	0	0	0	0	
1.27503e+06	0	0	0	0	0	0	0	0	85	0	0	0	0	0	0	0	
1.27579e+06	0	0	0	0	0	0	0	0	103	0	0	0	0	0	0	0	
1.27654e+06	0	0	0	0	0	0	0	0	105	0	0	0	0	0	0	0	
1.27728e+06	0	0	0	0	0	0	0	0	0	81	0	0	0	0	0	0	
1.27804e+06	0	0	0	0	0	0	0	0	0	0	95	0	0	0	0	0	
1.27879e+06	0	0	0	0	0	0	0	0	0	0	67	0	0	0	0	0	
1.27954e+06	0	0	0	0	0	0	0	0	0	0	73	0	0	0	0	0	
1.28028e+06	0	0	0	0	0	0	0	0	0	27	56	0	0	0	0	0	
1.28104e+06	0	0	0	0	0	0	0	0	0	0	73	0	0	0	0	0	
1.28179e+06	0	0	0	0	0	0	0	0	0	0	89	0	0	0	0	0	
1.28254e+06	0	0	0	0	0	0	0	0	0	0	65	0	0	0	0	0	
1.28328e+06	0	0	0	0	0	0	0	0	0	0	0	79	0	0	0	0	
1.28403e+06	0	0	0	0	0	0	0	0	0	0	0	67	0	0	0	0	
1.28479e+06	0	0	0	0	0	0	0	0	0	0	0	69	0	0	0	0	
1.28553e+06	0	0	0	0	0	0	0	0	0	0	0	69	0	0	0	0	
1.28628e+06	0	0	0	0	0	0	0	0	0	0	0	63	0	0	0	0	
1.28704e+06	0	0	0	0	0	0	0	0	0	0	0	61	0	0	0	0	
1.28779e+06	0	0	0	0	0	0	0	0	0	0	0	65	0	0	0	0	
1.28854e+06	0	0	0	0	0	0	0	0	0	0	0	61	0	0	0	0	
1.28929e+06	0	0	0	0	0	0	0	0	0	0	0	69	0	0	0	0	
1.29003e+06	0	0	0	0	0	0	0	0	0	0	0	67	0	0	0	0	
1.29078e+06	0	0	0	0	0	0	0	0	0	0	0	57	0	0	0	0	
1.29153e+06	0	0	0	0	0	0	0	0	0	0	0	71	0	0	0	0	
1.29228e+06	0	0	0	0	0	0	0	0	0	0	0	77	0	0	0	0	
1.29303e+06	0	0	0	0	0	0	0	0	0	0	0	75	0	0	0	0	
1.29378e+06	0	0	0	0	0	0	0	0	0	0	0	59	0	0	0	0	
1.29453e+06	0	0	0	0	0	0	0	0	0	0	0	67	0	0	0	0	
1.29528e+06	0	0	0	0	0	0	0	0	0	0	0	61	0	0	0	0	
1.29603e+06	0	0	0	0	0	0	0	0	0	0	0	65	0	0	0	0	
1.29678e+06	0	0	0	0	0	0	0	0	0	0	0	73	0	0	0	0	
1.29753e+06	0	0	0	0	0	0	0	0	0	0	0	0	61	0	0	0	
1.29828e+06	0	0	0	0	0	0	0	0	0	0	0	0	59	0	0	0	
1.29903e+06	0	0	0	0	0	0	0	0	0	0	0	59	0	0	0	0	
1.29978e+06	0	0	0	0	0	0	0	0	0	0	67	0	0	0	0	0	
1.30053e+06	0	0	0	0	0	0	0	0	0	0	85	0	0	0	0	0	
1.30128e+06	0	0	0	0	0	0	0	0	0	0	79	0	0	0	0	0	
1.30203e+06	0	0	0	0	0	0	0	0	0	0	93	0	0	0	0	0	
1.30279e+06	0	0	0	0	0	0	0	0	0	0	73	0	0	0	0	0	
1.30354e+06	0	0	0	0	0	0	0	0	0	0	89	0	0	0	0	0	
1.30429e+06	0	0	0	0	0	0	0	0	0	0	69	0	0	0	0	0	
1.30504e+06	0	0	0	0	0	0	0	0	0	0	63	0	0	0	0	0	
1.30579e+06	0	0	0	0	0	0	0	0	0	0	71	0	0	0	0	0	
1.30654e+06	0	0	0	0	0	0	0	0	0	0	75	0	0	0	0	0	
1.30729e+06	0	0	0	0	0	0	0	0	0	0	0	65	0	0	0	0	
1.30804e+06	0	0	0	0	0	0	0	0	0	0	0	65	0	0	0	0	
1.30879e+06	0	0	0	0	0	0	0	0	0	0	0	63	0	0	0	0	
1.30954e+06	0	0	0	0	0	0	0	0	0	0	0	75	0	0	0	0	
1.31029e+06	0	0	0	0	0	0	0	0	0	0	0	73	0	0	0	0	
1.31104e+06	0	0	0	0	0	0	0	0	0	0	0	79	0	0	0	0	
1.31179e+06	0	0	0	0	0	0	0	0	0	0	0	59	0	0	0	0	
1.31253e+06	0	0	0	0	0	0	0	0	0	0	0	65	0	0	0	0	
1.31329e+06	0	0	0	0	0	0	0	0	0	0	0	75	0	0	0	0	
1.31404e+06	0	0	0	0	0	0	0	0	0	0	0	63	0	0	0	0	
1.31479e+06	0	0	0	0	0	0	0	0	0	0	0	65	0	0	0	0	
1.31554e+06	0	0	0	0	0	0	0	0	0	0	0	69	0	0	0	0	
1.31629e+06	0	0	0	0	0	0	0	0	0	0	0	0	53	0	0	0	
1.31704e+06	0	0	0	0	0	0	0	0	0	0	0	0	0	59	0	0	
1.31779e+06	0	0	0	0	0	0	0	0	0	0	0	0	0	65	0	0	
1.31854e+06	0	0	0	0	0	0	0	0	0	0	0	0	0	51	0	0	
1.3193e+06	0	0	0	0	0	0	0	0	0	0	0	0	0	49	0	0	
1.32004e+06	0	0	0	0	0	0	0	0	0	0	0	0	0	61	0	0	
1.32079e+06	0	0	0	0	0	0	0	0	0	0	0	0	0	49	0	0	
1.32155e+06	0	0	0	0	0	0	0	0	0	0	0	0	0	61	0	0	
1.3223e+06	0	0	0	0	0	0	0	0	0	0	0	0	0	0	51	0	
1.32304e+06	0	0	0	0	0	0	0	0	0	0	0	0	0	0	71	0	
1.32379e+06	0	0	0	0	0	0	0	0	0	0	0	0	0	0	45	0	
1.32454e+06	0	0	0	0	0	0	0	0	0	0	0	0	0	0	53	0	
1.32529e+06	0	0	0	0	0	0	0	0	0	0	0	0	0	0	47	0	
1.32604e+06	0	0	0	0	0	0	0	0	0	0	0	0	0	0	57	0	
1.32679e+06	0	0	0	0	0	0	0	0	0	0	0	0	0	0	49	0	
1.32754e+06	0	0	0	0	0	0	0	0	0	0	0	0	0	0	73	0	
1.32829e+06	0	0	0	0	0	0	0	0	0	0	0	0	0	0	57	0	
1.32904e+06	0	0	0	0	0	0	0	0	0	0	0	0	0	0	55	0	
1.32979e+06	0	0	0	0	0	0	0	0	0	0	0	0	0	0	59	0	
1.33054e+06	0	0	0	0	0	0	0	0	0	0	0	0	0	0	39	0	
1.33129e+06	0	0	0	0	0	0	0	0	0	0	0	0	0	0	51	0	
1.33205e+06	0	0	0	0	0	0	0	0	0	0	0	0	0	0	63	0	
1.3328e+06	0	0	0	0	0	0	0	0	0	0	0	0	0	0	57	0	
1.33355e+06	0	0	0	0	0	0	0	0	0	0	0	0	0	0	59	0	
1.3343e+06	0	0	0	0	0	0	0	0	0	0	0	0	0	0	53	0	
1.33505e+06	0	0	0	0	0	0	0	0	0	0	0	0	0	0	59	0	
1.33579e+06	0	0	0	0	0	0	0	0	0	0	0	0	0	0	41	0	
1.33654e+06	0	0	0	0	0	0	0	0	0	0	0	0	0	0	57	0	
1.33729e+06	0	0	0	0	0	0	0	0	0	0	0	0	0	0	47	0	
1.33804e+06	0	0	0	0	0	0	0	0	0	0	0	0	0	0	45	0	
1.33879e+06	0	0	0	0	0	0	0	0	0	0	0	0	0	55	0	0	
1.33955e+06	0	0	0	0	0	0	0	0	0	0	0	0	0	67	0	0	
1.3403e+06	0	0	0	0	0	0	0	0	0	0	0	0	0	55	0	0	
1.34104e+06	0	0	0	0	0	0	0	0	0	0	0	0	0	63	0	0	
1.34179e+06	0	0	0	0	0	0	0	0	0	0	0	0	0	47	0	0	
1.34254e+06	0	0	0	0	0	0	0	0	0	0	0	0	0	59	0	0	
1.34329e+06	0	0	0	0	0	0	0	0	0	0	0	0	0	53	0	0	
1.34404e+06	0	0	0	0	0	0	0	0	0	0	0	0	0	59	0	0	
1.34479e+06	0	0	0	0	0	0	0	0	0	0	0	0	0	69	0	0	
1.34554e+06	0	0	0	0	0	0	0	0	0	0	0	0	0	57	0	0	
1.34629e+06	0	0	0	0	0	0	0	0	0	0	0	0	0	57	0	0	
1.34704e+06	0	0	0	0	0	0	0	0	0	0	0	0	0	63	0	0	
1.34779e+06	0	0	0	0	0	0	0	0	0	0	0	0	0	67	0	0	
1.34854e+06	0	0	0	0	0	0	0	0	0	0	0	0	0	53	0	0	
1.34929e+06	0	0	0	0	0	0	0	0	0	0	0	0	0	53	0	0	
1.35004e+06	0	0	0	0	0	0	0	0	0	0	0	0	0	53	0	0	
1.35079e+06	0	0	0	0	0	0	0	0	0	0	0	0	0	55	0	0	
1.35154e+06	0	0	0	0	0	0	0	0	0	0	0	0	0	59	0	0	
1.35229e+06	0	0	0	0	0	0	0	0	0	0	0	0	0	39	0	0	
1.35304e+06	0	0	0	0	0	0	0	0	0	0	0	0	0	59	0	0	
1.35379e+06	0	0	0	0	0	0	0	0	0	0	0	0	0	63	0	0	
1.35454e+06	0	0	0	0	0	0	0	0	0	0	0	0	0	57	0	0	
1.35529e+06	0	0	0	0	0	0	0	0	0	0	0	0	0	67	0	0	
1.35604e+06	0	0	0	0	0	0	0	0	0	0	0	0	0	0	59	0	
1.35679e+06	0	0	0	0	0	0	0	0	0	0	0	0	0	0	45	0	
1.35754e+06	0	0	0	0	0	0	0	0	0	0	0	0	0	0	67	0	
1.35829e+06	0	0	0	0	0	0	0	0	0	0	0	0	0	0	57	0	
1.35904e+06	0	0	0	0	0	0	0	0	0	0	0	0	0	0	63	0	
1.35979e+06	0	0	0	0	0	0	0	0	0	0	0	0	0	0	53	0	
1.36054e+06	0	0	0	0	0	0	0	0	0	0	0	0	0	0	51	0	
1.36129e+06	0	0	0	0	0	0	0	0	0	0	0	0	0	0	47	0	
1.36204e+06	0	0	0	0	0	0	0	0	0	0	0	0	0	0	57	0	
1.36279e+06	0	0	0	0	0	0	0	0	0	0	0	0	0	0	49	0	
1.36354e+06	0	0	0	0	0	0	0	0	0	0	0	0	0	0	55	0	
1.36429e+06	0	0	0	0	0	0	0	0	0	0	0	0	0	0	71	0	
1.36504e+06	0	0	0	0	0	0	0	0	0	0	0	0	0	0	0	47	
1.36579e+06	0	0	0	0	0	0	0	0	0	0	0	0	0	0	0	45	
1.36654e+06	0	0	0	0	0	0	0	0	0	0	0	0	0	0	0	45	
1.36729e+06	0	0	0	0	0	0	0	0	0	0	0	0	0	0	0	49	
1.36804e+06	0	0	0	0	0	0	0	0	0	0	0	0	0	0	0	57	
1.36879e+06	0	0	0	0	0	0	0	0	0	0	0	0	0	0	0	51	
1.36955e+06	0	0	0	0	0	0	0	0	0	0	0	0	0	0	0	39	
1.3703e+06	0	0	0	0	0	0	0	0	0	0	0	0	0	0	0	51	
1.37105e+06	0	0	0	0	0	0	0	0	0	0	0	0	0	0	0	51	
1.3718e+06	0	0	0	0	0	0	0	0	0	0	0	0	0	0	0	61	
1.37254e+06	0	0	0	0	0	0	0	0	0	0	0	0	0	0	0	53	
1.3733e+06	0	0	0	0	0	0	0	0	0	0	0	0	0	0	0	57	
1.37404e+06	0	0	0	0	0	0	0	0	0	0	0	0	0	0	0	49	
1.3748e+06	0	0	0	0	0	0	0	0	0	0	0	0	0	0	55	0	
1.37555e+06	0	0	0	0	0	0	0	0	0	0	0	0	0	0	49	0	
1.3763e+06	0	0	0	0	0	0	0	0	0	0	0	0	0	0	69	0	
1.37705e+06	0	0	0	0	0	0	0	0	0	0	0	0	0	57	0	0	
1.3778e+06	0	0	0	0	0	0	0	0	0	0	0	0	0	53	0	0	
1.37855e+06	0	0	0	0	0	0	0	0	0	0	0	0	0	53	0	0	
1.3793e+06	0	0	0	0	0	0	0	0	0	0	0	0	0	63	0	0	
1.38004e+06	0	0	0	0	0	0	0	0	0	0	0	0	0	57	0	0	
1.3808e+06	0	0	0	0	0	0	0	0	0	0	0	0	0	53	0	0	
1.38154e+06	0	0	0	0	0	0	0	0	0	0	0	0	0	65	0	0	
1.38229e+06	0	0	0	0	0	0	0	0	0	0	0	0	0	0	51	0	
1.38304e+06	0	0	0	0	0	0	0	0	0	0	0	0	0	0	59	0	
1.38379e+06	0	0	0	0	0	0	0	0	0	0	0	0	0	0	49	0	
1.38454e+06	0	0	0	0	0	0	0	0	0	0	0	0	0	0	61	0	
1.38529e+06	0	0	0	0	0	0	0	0	0	0	0	0	0	0	45	0	
1.38604e+06	0	0	0	0	0	0	0	0	0	0	0	0	0	0	51	0	
1.38679e+06	0	0	0	0	0	0	0	0	0	0	0	0	0	0	55	0	
1.38754e+06	0	0	0	0	0	0	0	0	0	0	0	0	0	0	59	0	
1.38829e+06	0	0	0	0	0	0	0	0	0	0	0	0	0	0	49	0	
1.38904e+06	0	0	0	0	0	0	0	0	0	0	0	0	0	0	51	0	
1.38979e+06	0	0	0	0	0	0	0	0	0	0	0	0	0	0	49	0	
1.39054e+06	0	0	0	0	0	0	0	0	0	0	0	0	0	0	51	0	
1.39129e+06	0	0	0	0	0	0	0	0	0	0	0	0	0	0	55	0	
1.39204e+06	0	0	0	0	0	0	0	0	0	0	0	0	0	0	59	0	
1.39279e+06	0	0	0	0	0	0	0	0	0	0	0	0	0	0	53	0	
1.39354e+06	0	0	0	0	0	0	0	0	0	0	0	0	0	0	59	0	
1.39429e+06	0	0	0	0	0	0	0	0	0	0	0	0	0	0	75	0	
1.39504e+06	0	0	0	0	0	0	0	0	0	0	0	0	0	0	57	0	
1.39579e+06	0	0	0	0	0	0	0	0	0	0	0	0	0	0	57	0	
1.39654e+06	0	0	0	0	0	0	0	0	0	0	0	0	0	0	69	0	
1.39729e+06	0	0	0	0	0	0	0	0	0	0	0	0	0	0	47	0	
1.39804e+06	0	0	0	0	0	0	0	0	0	0	0	0	0	0	49	0	
1.39879e+06	0	0	0	0	0	0	0	0	0	0	0	0	0	0	51	0	
1.39954e+06	0	0	0	0	0	0	0	0	0	0	0	0	0	0	45	0	
1.40029e+06	0	0	0	0	0	0	0	0	0	0	0	0	0	0	57	0	
1.40104e+06	0	0	0	0	0	0	0	0	0	0	0	0	0	0	45	0	
1.40179e+06	0	0	0	0	0	0	0	0	0	0	0	0	0	0	71	0	
1.40254e+06	0	0	0	0	0	0	0	0	0	0	0	0	0	0	47	0	
1.40329e+06	0	0	0	0	0	0	0	0	0	0	0	0	0	0	45	0	
1.40404e+06	0	0	0	0	0	0	0	0	0	0	0	0	0	0	0	37	
1.40478e+06	0	0	0	0	0	0	0	0	0	0	0	0	0	0	0	51	
1.40553e+06	0	0	0	0	0	0	0	0	0	0	0	0	0	0	0	53	
1.40628e+06	0	0	0	0	0	0	0	0	0	0	0	0	0	0	0	41	
1.40703e+06	0	0	0	0	0	0	0	0	0	0	0	0	0	0	0	55	
1.40779e+06	0	0	0	0	0	0	0	0	0	0	0	0	0	0	0	47	
1.40854e+06	0	0	0	0	0	0	0	0	0	0	0	0	0	0	0	59	
1.40929e+06	0	0	0	0	0	0	0	0	0	0	0	0	0	0	0	57	
1.41004e+06	0	0	0	0	0	0	0	0	0	0	0	0	0	0	0	43	
1.41079e+06	0	0	0	0	0	0	0	0	0	0	0	0	0	0	0	55	
1.41154e+06	0	0	0	0	0	0	0	0	0	0	0	0	0	0	0	47	
1.41229e+06	0	0	0	0	0	0	0	0	0	0	0	0	0	0	67	0	
1.41303e+06	0	0	0	0	0	0	0	0	0	0	0	0	0	0	49	0	
1.41379e+06	0	0	0	0	0	0	0	0	0	0	0	0	0	0	45	0	
1.41453e+06	0	0	0	0	0	0	0	0	0	0	0	0	0	0	49	0	
1.41528e+06	0	0	0	0	0	0	0	0	0	0	0	0	0	61	0	0	
1.41604e+06	0	0	0	0	0	0	0	0	0	0	0	0	0	47	0	0	
1.41679e+06	0	0	0	0	0	0	0	0	0	0	0	0	0	47	0	0	
1.41754e+06	0	0	0	0	0	0	0	0	0	0	0	0	0	59	0	0	
1.41829e+06	0	0	0	0	0	0	0	0	0	0	0	0	0	69	0	0	
1.41904e+06	0	0	0	0	0	0	0	0	0	0	0	0	0	55	0	0	
1.41979e+06	0	0	0	0	0	0	0	0	0	0	0	0	0	65	0	0	
1.42054e+06	0	0	0	0	0	0	0	0	0	0	0	0	0	59	0	0	
1.42129e+06	0	0	0	0	0	0	0	0	0	0	0	0	0	51	0	0	
1.42204e+06	0	0	0	0	0	0	0	0	0	0	0	0	0	57	0	0	
1.42279e+06	0	0	0	0	0	0	0	0	0	0	0	0	0	51	0	0	
1.42353e+06	0	0	0	0	0	0	0	0	0	0	0	0	0	57	0	0	
1.42429e+06	0	0	0	0	0	0	0	0	0	0	0	0	0	61	0	0	
1.42504e+06	0	0	0	0	0	0	0	0	0	0	0	0	0	71	0	0	
1.42579e+06	0	0	0	0	0	0	0	0	0	0	0	0	0	51	0	0	
1.42654e+06	0	0	0	0	0	0	0	0	0	0	0	0	0	43	0	0	
1.42729e+06	0	0	0	0	0	0	0	0	0	0	0	0	0	63	0	0	
1.42804e+06	0	0	0	0	0	0	0	0	0	0	0	0	0	73	0	0	
1.42879e+06	0	0	0	0	0	0	0	0	0	0	0	0	0	63	0	0	
1.42954e+06	0	0	0	0	0	0	0	0	0	0	0	0	0	61	0	0	
1.43029e+06	0	0	0	0	0	0	0	0	0	0	0	0	67	0	0	0	
1.43104e+06	0	0	0	0	0	0	0	0	0	0	0	0	57	0	0	0	
1.43179e+06	0	0	0	0	0	0	0	0	0	0	0	0	59	0	0	0	
1.43254e+06	0	0	0	0	0	0	0	0	0	0	0	0	61	0	0	0	
1.43329e+06	0	0	0	0	0	0	0	0	0	0	0	0	53	0	0	0	
1.43405e+06	0	0	0	0	0	0	0	0	0	0	0	0	57	0	0	0	
1.4348e+06	0	0	0	0	0	0	0	0	0	0	0	0	63	0	0	0	
1.43555e+06	0	0	0	0	0	0	0	0	0	0	0	0	51	0	0	0	
1.4363e+06	0	0	0	0	0	0	0	0	0	0	0	0	55	0	0	0	
1.43704e+06	0	0	0	0	0	0	0	0	0	0	0	0	63	0	0	0	
1.43779e+06	0	0	0	0	0	0	0	0	0	0	0	0	51	0	0	0	
1.43854e+06	0	0	0	0	0	0	0	0	0	0	0	0	71	0	0	0	
1.4393e+06	0	0	0	0	0	0	0	0	0	0	0	0	65	0	0	0	
1.44005e+06	0	0	0	0	0	0	0	0	0	0	0	0	57	0	0	0	
1.4408e+06	0	0	0	0	0	0	0	0	0	0	0	0	51	0	0	0	
1.44155e+06	0	0	0	0	0	0	0	0	0	0	0	0	65	0	0	0	
1.4423e+06	0	0	0	0	0	0	0	0	0	0	0	0	61	0	0	0	
1.44305e+06	0	0	0	0	0	0	0	0	0	0	0	0	0	51	0	0	
1.4438e+06	0	0	0	0	0	0	0	0	0	0	0	0	0	67	0	0	
1.44454e+06	0	0	0	0	0	0	0	0	0	0	0	0	0	47	0	0	
1.44529e+06	0	0	0	0	0	0	0	0	0	0	0	0	0	59	0	0	
1.44604e+06	0	0	0	0	0	0	0	0	0	0	0	0	0	63	0	0	
1.44679e+06	0	0	0	0	0	0	0	0	0	0	0	0	0	57	0	0	
1.44754e+06	0	0	0	0	0	0	0	0	0	0	0	0	0	51	0	0	
1.44829e+06	0	0	0	0	0	0	0	0	0	0	0	0	0	57	0	0	
1.44904e+06	0	0	0	0	0	0	0	0	0	0	0	0	0	43	0	0	
1.44979e+06	0	0	0	0	0	0	0	0	0	0	0	0	0	45	0	0	
1.45054e+06	0	0	0	0	0	0	0	0	0	0	0	0	0	63	0	0	
1.45129e+06	0	0	0	0	0	0	0	0	0	0	0	0	0	57	0	0	
1.45204e+06	0	0	0	0	0	0	0	0	0	0	0	0	0	47	0	0	
1.45279e+06	0	0	0	0	0	0	0	0	0	0	0	0	0	69	0	0	
1.45354e+06	0	0	0	0	0	0	0	0	0	0	0	0	0	53	0	0	
1.45429e+06	0	0	0	0	0	0	0	0	0	0	0	0	0	61	0	0	
1.45505e+06	0	0	0	0	0	0	0	0	0	0	0	0	28	33	0	0	
1.4558e+06	0	0	0	0	0	0	0	0	0	0	0	0	0	59	0	0	
1.45655e+06	0	0	0	0	0	0	0	0	0	0	0	0	0	45	0	0	
1.4573e+06	0	0	0	0	0	0	0	0	0	0	0	0	0	41	0	0	
1.45805e+06	0	0	0	0	0	0	0	0	0	0	0	0	0	47	0	0	
1.4588e+06	0	0	0	0	0	0	0	0	0	0	0	0	0	51	0	0	
1.45955e+06	0	0	0	0	0	0	0	0	0	0	0	0	0	59	0	0	
1.4603e+06	0	0	0	0	0	0	0	0	0	0	0	0	0	55	0	0	
1.46105e+06	0	0	0	0	0	0	0	0	0	0	0	0	0	65	0	0	
1.4618e+06	0	0	0	0	0	0	0	0	0	0	0	0	0	59	0	0	
1.46255e+06	0	0	0	0	0	0	0	0	0	0	0	0	0	69	0	0	
1.4633e+06	0	0	0	0	0	0	0	0	0	0	0	0	0	51	0	0	
1.46405e+06	0	0	0	0	0	0	0	0	0	0	0	0	0	57	0	0	
1.4648e+06	0	0	0	0	0	0	0	0	0	0	0	0	0	59	0	0	
1.46554e+06	0	0	0	0	0	0	0	0	0	0	0	0	0	61	0	0	
1.4663e+06	0	0	0	0	0	0	0	0	0	0	0	0	67	0	0	0	
1.46705e+06	0	0	0	0	0	0	0	0	0	0	0	0	57	0	0	0	
1.4678e+06	0	0	0	0	0	0	0	0	0	0	0	0	73	0	0	0	
1.46855e+06	0	0	0	0	0	0	0	0	0	0	0	0	59	0	0	0	
1.4693e+06	0	0	0	0	0	0	0	0	0	0	0	0	53	0	0	0	
1.47005e+06	0	0	0	0	0	0	0	0	0	0	0	0	61	0	0	0	
1.4708e+06	0	0	0	0	0	0	0	0	0	0	0	0	61	0	0	0	
1.47155e+06	0	0	0	0	0	0	0	0	0	0	0	0	59	0	0	0	
1.4723e+06	0	0	0	0	0	0	0	0	0	0	0	75	0	0	0	0	
1.47305e+06	0	0	0	0	0	0	0	0	0	0	0	73	0	0	0	0	
1.4738e+06	0	0	0	0	0	0	0	0	0	0	0	67	0	0	0	0	
1.47455e+06	0	0	0	0	0	0	0	0	0	0	0	59	0	0	0	0	
1.4753e+06	0	0	0	0	0	0	0	0	0	0	0	85	0	0	0	0	
1.47605e+06	0	0	0	0	0	0	0	0	0	0	0	71	0	0	0	0	
1.4768e+06	0	0	0	0	0	0	0	0	0	0	0	71	0	0	0	0	
1.47755e+06	0	0	0	0	0	0	0	0	0	0	0	81	0	0	0	0	
1.4783e+06	0	0	0	0	0	0	0	0	0	0	0	67	0	0	0	0	
1.47905e+06	0	0	0	0	0	0	0	0	0	0	0	75	0	0	0	0	
1.4798e+06	0	0	0	0	0	0	0	0	0	0	0	63	0	0	0	0	
1.48055e+06	0	0	0	0	0	0	0	0	0	0	0	63	0	0	0	0	
1.4813e+06	0	0	0	0	0	0	0	0	0	0	0	63	0	0	0	0	
1.48205e+06	0	0	0	0	0	0	0	0	0	0	0	75	0	0	0	0	
1.4828e+06	0	0	0	0	0	0	0	0	0	0	0	77	0	0	0	0	
1.48355e+06	0	0	0	0	0	0	0	0	0	0	0	0	67	0	0	0	
1.4843e+06	0	0	0	0	0	0	0	0	0	0	0	0	49	0	0	0	
1.48505e+06	0	0	0	0	0	0	0	0	0	0	0	0	41	0	0	0	
1.48581e+06	0	0	0	0	0	0	0	0	0	0	0	0	53	0	0	0	
1.48656e+06	0	0	0	0	0	0	0	0	0	0	0	0	63	0	0	0	
1.48731e+06	0	0	0	0	0	0	0	0	0	0	0	0	65	0	0	0	
1.48805e+06	0	0	0	0	0	0	0	0	0	0	0	63	0	0	0	0	
1.4888e+06	0	0	0	0	0	0	0	0	0	0	0	67	0	0	0	0	
1.48955e+06	0	0	0	0	0	0	0	0	0	0	0	67	0	0	0	0	
1.4903e+06	0	0	0	0	0	0	0	0	0	0	0	79	0	0	0	0	
1.49105e+06	0	0	0	0	0	0	0	0	0	0	0	73	0	0	0	0	
1.4918e+06	0	0	0	0	0	0	0	0	0	0	0	67	0	0	0	0	
1.49255e+06	0	0	0	0	0	0	0	0	0	0	0	73	0	0	0	0	
1.4933e+06	0	0	0	0	0	0	0	0	0	0	0	69	0	0	0	0	
1.49405e+06	0	0	0	0	0	0	0	0	0	0	0	85	0	0	0	0	
1.4948e+06	0	0	0	0	0	0	0	0	0	0	35	38	0	0	0	0	
1.49555e+06	0	0	0	0	0	0	0	0	0	0	95	0	0	0	0	0	
1.4963e+06	0	0	0	0	0	0	0	0	0	0	89	0	0	0	0	0	
1.49705e+06	0	0	0	0	0	0	0	0	0	77	0	0	0	0	0	0	
1.49779e+06	0	0	0	0	0	0	0	0	0	77	0	0	0	0	0	0	
1.49854e+06	0	0	0	0	0	0	0	0	0	79	0	0	0	0	0	0	
1.4993e+06	0	0	0	0	0	0	0	0	0	95	0	0	0	0	0	0	
1.50005e+06	0	0	0	0	0	0	0	0	0	62	17	0	0	0	0	0	
1.50005e+06	0	0	0	0	0	0	0	0	0	62	17	0	0	0	0	0	
