Time	s0	s1	s2	s3	s4	s5	s6	s7	s8	s9	s10	s11	s12	s13	s14	s15	
0	0	0	0	0	0	0	0	0	0	0	0	0	0	0	0	200	
0.00143423	0	0	0	0	0	0	0	0	0	0	0	0	0	0	0	199	
748.045	0	0	0	0	0	0	0	0	0	0	0	0	0	0	0	59	
1499.83	0	0	0	0	0	0	0	0	0	0	0	0	0	0	0	53	
2249.43	0	0	0	0	0	0	0	0	0	0	0	0	0	0	0	63	
3000.88	0	0	0	0	0	0	0	0	0	0	0	0	0	0	0	55	
3749.5	0	0	0	0	0	0	0	0	0	0	0	0	0	0	0	45	
4499.28	0	0	0	0	0	0	0	0	0	0	0	0	0	0	0	55	
5250.46	0	0	0	0	0	0	0	0	0	0	0	0	0	0	0	45	
6000.47	0	0	0	0	0	0	0	0	0	0	0	0	0	0	0	55	
6750.59	0	0	0	0	0	0	0	0	0	0	0	0	0	0	0	51	
7498.61	0	0	0	0	0	0	0	0	0	0	0	0	0	0	0	53	
8248.62	0	0	0	0	0	0	0	0	0	0	0	0	0	0	0	45	
8997.15	0	0	0	0	0	0	0	0	0	0	0	0	0	0	0	63	
9750.2	0	0	0	0	0	0	0	0	0	0	0	0	0	0	0	47	
10499.8	0	0	0	0	0	0	0	0	0	0	0	0	0	0	0	59	
11248.7	0	0	0	0	0	0	0	0	0	0	0	0	0	0	0	57	
11999.4	0	0	0	0	0	0	0	0	0	0	0	0	0	0	0	55	
12747.5	0	0	0	0	0	0	0	0	0	0	0	0	0	0	0	33	
13496.9	0	0	0	0	0	0	0	0	0	0	0	0	0	0	0	43	
14247	0	0	0	0	0	0	0	0	0	0	0	0	0	0	0	49	
14996.1	0	0	0	0	0	0	0	0	0	0	0	0	0	0	0	45	
15745.7	0	0	0	0	0	0	0	0	0	0	0	0	0	0	0	61	
16491.5	0	0	0	0	0	0	0	0	0	0	0	0	0	0	0	47	
17245.4	0	0	0	0	0	0	0	0	0	0	0	0	0	0	0	61	
17993.4	0	0	0	0	0	0	0	0	0	0	0	0	0	0	0	39	
18741.7	0	0	0	0	0	0	0	0	0	0	0	0	0	0	0	51	
19491.9	0	0	0	0	0	0	0	0	0	0	0	0	0	0	0	49	
20243.9	0	0	0	0	0	0	0	0	0	0	0	0	0	0	0	45	
20997.6	0	0	0	0	0	0	0	0	0	0	0	0	0	0	0	47	
21744.9	0	0	0	0	0	0	0	0	0	0	0	0	0	0	0	41	
22495.3	0	0	0	0	0	0	0	0	0	0	0	0	0	0	0	57	
23245.4	0	0	0	0	0	0	0	0	0	0	0	0	0	0	0	45	
23997.4	0	0	0	0	0	0	0	0	0	0	0	0	0	0	0	53	
24745.7	0	0	0	0	0	0	0	0	0	0	0	0	0	0	0	37	
25495.5	0	0	0	0	0	0	0	0	0	0	0	0	0	0	0	37	
26246.8	0	0	0	0	0	0	0	0	0	0	0	0	0	0	0	49	
26995.1	0	0	0	0	0	0	0	0	0	0	0	0	0	0	49	0	
27745.7	0	0	0	0	0	0	0	0	0	0	0	0	0	49	0	0	
28498.1	0	0	0	0	0	0	0	0	0	0	0	0	0	63	0	0	
29243.4	0	0	0	0	0	0	0	0	0	0	0	0	0	57	0	0	
29995.3	0	0	0	0	0	0	0	0	0	0	0	0	0	63	0	0	
30744.2	0	0	0	0	0	0	0	0	0	0	0	0	71	0	0	0	
31495.3	0	0	0	0	0	0	0	0	0	0	0	59	22	0	0	0	
32244.2	0	0	0	0	0	0	0	0	0	0	0	0	75	0	0	0	
32996	0	0	0	0	0	0	0	0	0	0	0	57	0	0	0	0	
33744.9	0	0	0	0	0	0	0	0	0	0	0	57	0	0	0	0	
34496.6	0	0	0	0	0	0	0	0	0	0	0	73	0	0	0	0	
35248.7	0	0	0	0	0	0	0	0	0	0	0	69	0	0	0	0	
35998.8	0	0	0	0	0	0	0	0	0	0	0	69	0	0	0	0	
36748	0	0	0	0	0	0	0	0	0	0	0	71	0	0	0	0	
37499.4	0	0	0	0	0	0	0	0	0	0	0	61	0	0	0	0	
38250.3	0	0	0	0	0	0	0	0	0	0	0	71	0	0	0	0	
39001.1	0	0	0	0	0	0	0	0	0	0	0	65	0	0	0	0	
39748.2	0	0	0	0	0	0	0	0	0	0	0	69	0	0	0	0	
40497.3	0	0	0	0	0	0	0	0	0	0	0	69	0	0	0	0	
41246.5	0	0	0	0	0	0	0	0	0	0	0	69	0	0	0	0	
41996.1	0	0	0	0	0	0	0	0	0	0	0	85	0	0	0	0	
42742.7	0	0	0	0	0	0	0	0	0	0	0	75	0	0	0	0	
43494	0	0	0	0	0	0	0	0	0	0	0	61	0	0	0	0	
44245	0	0	0	0	0	0	0	0	0	0	0	73	0	0	0	0	
44998.6	0	0	0	0	0	0	0	0	0	0	0	81	0	0	0	0	
45747.8	0	0	0	0	0	0	0	0	0	0	0	67	0	0	0	0	
46498.3	0	0	0	0	0	0	0	0	0	0	0	65	0	0	0	0	
47244.3	0	0	0	0	0	0	0	0	0	0	0	67	0	0	0	0	
47997.2	0	0	0	0	0	0	0	0	0	0	0	71	0	0	0	0	
48747.7	0	0	0	0	0	0	0	0	0	0	0	77	0	0	0	0	
49497.1	0	0	0	0	0	0	0	0	0	0	0	71	0	0	0	0	
50247.7	0	0	0	0	0	0	0	0	0	0	0	67	0	0	0	0	
51000.7	0	0	0	0	0	0	0	0	0	0	0	65	0	0	0	0	
51751.7	0	0	0	0	0	0	0	0	0	0	0	77	0	0	0	0	
52499.2	0	0	0	0	0	0	0	0	0	0	0	0	89	0	0	0	
53247	0	0	0	0	0	0	0	0	0	0	0	0	71	0	0	0	
53999.8	0	0	0	0	0	0	0	0	0	0	0	0	67	0	0	0	
54750.7	0	0	0	0	0	0	0	0	0	0	0	0	69	0	0	0	
55500.7	0	0	0	0	0	0	0	0	0	0	0	0	57	0	0	0	
56249.2	0	0	0	0	0	0	0	0	0	0	0	0	69	0	0	0	
56997.9	0	0	0	0	0	0	0	0	0	0	0	0	55	0	0	0	
57746.6	0	0	0	0	0	0	0	0	0	0	0	0	73	0	0	0	
58498	0	0	0	0	0	0	0	0	0	0	0	0	65	0	0	0	
59248.5	0	0	0	0	0	0	0	0	0	0	0	0	0	71	0	0	
60000.3	0	0	0	0	0	0	0	0	0	0	0	0	0	55	0	0	
60750.4	0	0	0	0	0	0	0	0	0	0	0	0	0	49	0	0	
61499.5	0	0	0	0	0	0	0	0	0	0	0	0	0	59	0	0	
62246.1	0	0	0	0	0	0	0	0	0	0	0	0	0	57	0	0	
62994.8	0	0	0	0	0	0	0	0	0	0	0	0	0	49	0	0	
63742.4	0	0	0	0	0	0	0	0	0	0	0	0	0	49	0	0	
64494.8	0	0	0	0	0	0	0	0	0	0	0	0	0	63	0	0	
65246.1	0	0	0	0	0	0	0	0	0	0	0	0	0	51	0	0	
65995.1	0	0	0	0	0	0	0	0	0	0	0	0	0	57	0	0	
66748.3	0	0	0	0	0	0	0	0	0	0	0	0	0	63	0	0	
67498	0	0	0	0	0	0	0	0	0	0	0	0	0	71	0	0	
68249.4	0	0	0	0	0	0	0	0	0	0	0	0	0	51	0	0	
68997.2	0	0	0	0	0	0	0	0	0	0	0	0	0	47	0	0	
69747.8	0	0	0	0	0	0	0	0	0	0	0	0	0	55	0	0	
70496	0	0	0	0	0	0	0	0	0	0	0	0	0	71	0	0	
71241.7	0	0	0	0	0	0	0	0	0	0	0	0	0	61	0	0	
71993.4	0	0	0	0	0	0	0	0	0	0	0	0	63	0	0	0	
72740	0	0	0	0	0	0	0	0	0	0	0	0	71	0	0	0	
73490.2	0	0	0	0	0	0	0	0	0	0	0	0	47	0	0	0	
74237.1	0	0	0	0	0	0	0	0	0	0	0	0	75	0	0	0	
74982.4	0	0	0	0	0	0	0	0	0	0	0	0	51	0	0	0	
75730.5	0	0	0	0	0	0	0	0	0	0	0	0	0	69	0	0	
76482.7	0	0	0	0	0	0	0	0	0	0	0	0	0	51	0	0	
77232.2	0	0	0	0	0	0	0	0	0	0	0	0	0	59	0	0	
77986.6	0	0	0	0	0	0	0	0	0	0	0	0	0	53	0	0	
78734	0	0	0	0	0	0	0	0	0	0	0	0	0	61	0	0	
79483.8	0	0	0	0	0	0	0	0	0	0	0	0	0	49	0	0	
80232.8	0	0	0	0	0	0	0	0	0	0	0	0	59	0	0	0	
80981.1	0	0	0	0	0	0	0	0	0	0	0	0	65	0	0	0	
81730.3	0	0	0	0	0	0	0	0	0	0	0	0	57	0	0	0	
82481.3	0	0	0	0	0	0	0	0	0	0	0	0	65	0	0	0	
83230.8	0	0	0	0	0	0	0	0	0	0	0	0	49	0	0	0	
83981.2	0	0	0	0	0	0	0	0	0	0	0	0	65	0	0	0	
84729.9	0	0	0	0	0	0	0	0	0	0	0	0	53	0	0	0	
85479	0	0	0	0	0	0	0	0	0	0	0	0	57	0	0	0	
86228.1	0	0	0	0	0	0	0	0	0	0	0	0	57	0	0	0	
86978	0	0	0	0	0	0	0	0	0	0	0	0	67	0	0	0	
87729	0	0	0	0	0	0	0	0	0	0	0	0	57	0	0	0	
88479.7	0	0	0	0	0	0	0	0	0	0	0	0	65	0	0	0	
89227.7	0	0	0	0	0	0	0	0	0	0	0	0	67	0	0	0	
89979.4	0	0	0	0	0	0	0	0	0	0	0	0	65	0	0	0	
90727	0	0	0	0	0	0	0	0	0	0	0	0	69	0	0	0	
91476.3	0	0	0	0	0	0	0	0	0	0	0	0	57	0	0	0	
92223.5	0	0	0	0	0	0	0	0	0	0	0	59	0	0	0	0	
92974.2	0	0	0	0	0	0	0	0	0	0	0	67	0	0	0	0	
93727.7	0	0	0	0	0	0	0	0	0	0	0	67	0	0	0	0	
94480.8	0	0	0	0	0	0	0	0	0	0	0	55	0	0	0	0	
95231.5	0	0	0	0	0	0	0	0	0	0	0	71	0	0	0	0	
95980.7	0	0	0	0	0	0	0	0	0	0	0	67	0	0	0	0	
96732.1	0	0	0	0	0	0	0	0	0	0	0	75	0	0	0	0	
97485	0	0	0	0	0	0	0	0	0	0	0	77	0	0	0	0	
98236.5	0	0	0	0	0	0	0	0	0	0	0	67	0	0	0	0	
98985.4	0	0	0	0	0	0	0	0	0	0	0	67	0	0	0	0	
99729.4	0	0	0	0	0	0	0	0	0	0	0	65	0	0	0	0	
100483	0	0	0	0	0	0	0	0	0	0	0	67	0	0	0	0	
101230	0	0	0	0	0	0	0	0	0	0	0	67	0	0	0	0	
101974	0	0	0	0	0	0	0	0	0	0	0	67	0	0	0	0	
102722	0	0	0	0	0	0	0	0	0	0	0	71	0	0	0	0	
103472	0	0	0	0	0	0	0	0	0	0	0	77	0	0	0	0	
104221	0	0	0	0	0	0	0	0	0	0	0	0	68	3	0	0	
104971	0	0	0	0	0	0	0	0	0	0	0	0	51	0	0	0	
105719	0	0	0	0	0	0	0	0	0	0	0	0	65	0	0	0	
106466	0	0	0	0	0	0	0	0	0	0	0	0	63	0	0	0	
107214	0	0	0	0	0	0	0	0	0	0	0	0	55	0	0	0	
107964	0	0	0	0	0	0	0	0	0	0	0	0	59	0	0	0	
108712	0	0	0	0	0	0	0	0	0	0	0	0	0	57	0	0	
109460	0	0	0	0	0	0	0	0	0	0	0	0	0	49	0	0	
110208	0	0	0	0	0	0	0	0	0	0	0	0	0	47	0	0	
110959	0	0	0	0	0	0	0	0	0	0	0	0	0	55	0	0	
111710	0	0	0	0	0	0	0	0	0	0	0	0	0	57	0	0	
112463	0	0	0	0	0	0	0	0	0	0	0	0	81	0	0	0	
113213	0	0	0	0	0	0	0	0	0	0	0	0	57	0	0	0	
113965	0	0	0	0	0	0	0	0	0	0	0	0	51	0	0	0	
114713	0	0	0	0	0	0	0	0	0	0	0	0	57	0	0	0	
115462	0	0	0	0	0	0	0	0	0	0	0	0	0	1	62	0	
116213	0	0	0	0	0	0	0	0	0	0	0	0	0	0	63	0	
116961	0	0	0	0	0	0	0	0	0	0	0	0	0	0	43	0	
117709	0	0	0	0	0	0	0	0	0	0	0	0	0	0	49	0	
118455	0	0	0	0	0	0	0	0	0	0	0	0	0	0	53	0	
119206	0	0	0	0	0	0	0	0	0	0	0	0	0	0	59	0	
119962	0	0	0	0	0	0	0	0	0	0	0	0	0	0	49	0	
120711	0	0	0	0	0	0	0	0	0	0	0	0	0	0	43	0	
121460	0	0	0	0	0	0	0	0	0	0	0	0	0	0	55	0	
122207	0	0	0	0	0	0	0	0	0	0	0	0	0	0	53	0	
122958	0	0	0	0	0	0	0	0	0	0	0	0	0	0	65	0	
123706	0	0	0	0	0	0	0	0	0	0	0	0	0	0	57	0	
124454	0	0	0	0	0	0	0	0	0	0	0	0	0	0	0	39	
125205	0	0	0	0	0	0	0	0	0	0	0	0	0	0	0	53	
125955	0	0	0	0	0	0	0	0	0	0	0	0	0	0	0	53	
126704	0	0	0	0	0	0	0	0	0	0	0	0	0	0	0	49	
127457	0	0	0	0	0	0	0	0	0	0	0	0	0	0	0	55	
128210	0	0	0	0	0	0	0	0	0	0	0	0	0	0	0	55	
128960	0	0	0	0	0	0	0	0	0	0	0	0	0	0	0	49	
129709	0	0	0	0	0	0	0	0	0	0	0	0	0	0	0	57	
130454	0	0	0	0	0	0	0	0	0	0	0	0	0	0	0	57	
131205	0	0	0	0	0	0	0	0	0	0	0	0	0	0	0	53	
131955	0	0	0	0	0	0	0	0	0	0	0	0	0	0	0	61	
132701	0	0	0	0	0	0	0	0	0	0	0	0	0	0	0	45	
133453	0	0	0	0	0	0	0	0	0	0	0	0	0	0	0	39	
134205	0	0	0	0	0	0	0	0	0	0	0	0	0	0	0	47	
134957	0	0	0	0	0	0	0	0	0	0	0	0	0	0	0	53	
135703	0	0	0	0	0	0	0	0	0	0	0	0	0	0	0	51	
136453	0	0	0	0	0	0	0	0	0	0	0	0	0	0	0	45	
137204	0	0	0	0	0	0	0	0	0	0	0	0	0	0	0	49	
137955	0	0	0	0	0	0	0	0	0	0	0	0	0	0	0	61	
138705	0	0	0	0	0	0	0	0	0	0	0	0	0	0	0	49	
139462	0	0	0	0	0	0	0	0	0	0	0	0	0	0	0	47	
140211	0	0	0	0	0	0	0	0	0	0	0	0	0	0	0	57	
140960	0	0	0	0	0	0	0	0	0	0	0	0	0	0	0	45	
141710	0	0	0	0	0	0	0	0	0	0	0	0	0	0	51	0	
142463	0	0	0	0	0	0	0	0	0	0	0	0	0	65	0	0	
143214	0	0	0	0	0	0	0	0	0	0	0	0	0	61	0	0	
143963	0	0	0	0	0	0	0	0	0	0	0	0	75	0	0	0	
144711	0	0	0	0	0	0	0	0	0	0	0	0	55	0	0	0	
145462	0	0	0	0	0	0	0	0	0	0	0	0	49	0	0	0	
146211	0	0	0	0	0	0	0	0	0	0	0	0	65	0	0	0	
146962	0	0	0	0	0	0	0	0	0	0	0	0	55	0	0	0	
147713	0	0	0	0	0	0	0	0	0	0	0	0	77	0	0	0	
148462	0	0	0	0	0	0	0	0	0	0	0	0	59	0	0	0	
149209	0	0	0	0	0	0	0	0	0	0	0	0	61	0	0	0	
149958	0	0	0	0	0	0	0	0	0	0	0	0	43	0	0	0	
150708	0	0	0	0	0	0	0	0	0	0	0	0	59	0	0	0	
151461	0	0	0	0	0	0	0	0	0	0	0	0	55	0	0	0	
152210	0	0	0	0	0	0	0	0	0	0	0	0	61	0	0	0	
152961	0	0	0	0	0	0	0	0	0	0	0	0	57	0	0	0	
153712	0	0	0	0	0	0	0	0	0	0	0	0	65	0	0	0	
154459	0	0	0	0	0	0	0	0	0	0	0	0	69	0	0	0	
155210	0	0	0	0	0	0	0	0	0	0	0	0	59	0	0	0	
155959	0	0	0	0	0	0	0	0	0	0	0	0	61	0	0	0	
156706	0	0	0	0	0	0	0	0	0	0	0	0	69	0	0	0	
157454	0	0	0	0	0	0	0	0	0	0	0	0	59	0	0	0	
158205	0	0	0	0	0	0	0	0	0	0	0	0	57	0	0	0	
158957	0	0	0	0	0	0	0	0	0	0	0	0	61	0	0	0	
159708	0	0	0	0	0	0	0	0	0	0	0	0	65	0	0	0	
160457	0	0	0	0	0	0	0	0	0	0	0	0	55	0	0	0	
161204	0	0	0	0	0	0	0	0	0	0	0	0	59	0	0	0	
161957	0	0	0	0	0	0	0	0	0	0	0	0	43	0	0	0	
162708	0	0	0	0	0	0	0	0	0	0	0	0	55	0	0	0	
163458	0	0	0	0	0	0	0	0	0	0	0	0	55	0	0	0	
164208	0	0	0	0	0	0	0	0	0	0	0	0	59	0	0	0	
164961	0	0	0	0	0	0	0	0	0	0	0	0	69	0	0	0	
165712	0	0	0	0	0	0	0	0	0	0	0	0	73	0	0	0	
166461	0	0	0	0	0	0	0	0	0	0	0	0	61	0	0	0	
167212	0	0	0	0	0	0	0	0	0	0	0	0	69	0	0	0	
167961	0	0	0	0	0	0	0	0	0	0	0	0	49	0	0	0	
168711	0	0	0	0	0	0	0	0	0	0	0	0	69	0	0	0	
169461	0	0	0	0	0	0	0	0	0	0	0	0	67	0	0	0	
170209	0	0	0	0	0	0	0	0	0	0	0	0	61	0	0	0	
170959	0	0	0	0	0	0	0	0	0	0	0	0	69	0	0	0	
171710	0	0	0	0	0	0	0	0	0	0	0	0	53	0	0	0	
172461	0	0	0	0	0	0	0	0	0	0	0	0	65	0	0	0	
173208	0	0	0	0	0	0	0	0	0	0	0	0	59	0	0	0	
173956	0	0	0	0	0	0	0	0	0	0	0	0	75	0	0	0	
174707	0	0	0	0	0	0	0	0	0	0	0	0	69	0	0	0	
175461	0	0	0	0	0	0	0	0	0	0	0	0	59	0	0	0	
176214	0	0	0	0	0	0	0	0	0	0	0	0	57	0	0	0	
176968	0	0	0	0	0	0	0	0	0	0	0	0	79	0	0	0	
177718	0	0	0	0	0	0	0	0	0	0	0	63	0	0	0	0	
178469	0	0	0	0	0	0	0	0	0	0	0	65	0	0	0	0	
179215	0	0	0	0	0	0	0	0	0	0	0	63	0	0	0	0	
179966	0	0	0	0	0	0	0	0	0	0	0	55	0	0	0	0	
180713	0	0	0	0	0	0	0	0	0	0	0	51	0	0	0	0	
181464	0	0	0	0	0	0	0	0	0	0	0	61	0	0	0	0	
182209	0	0	0	0	0	0	0	0	0	0	0	57	0	0	0	0	
182958	0	0	0	0	0	0	0	0	0	0	0	73	0	0	0	0	
183709	0	0	0	0	0	0	0	0	0	0	0	69	0	0	0	0	
184459	0	0	0	0	0	0	0	0	0	0	0	85	0	0	0	0	
185213	0	0	0	0	0	0	0	0	0	0	0	65	0	0	0	0	
185964	0	0	0	0	0	0	0	0	0	0	0	53	0	0	0	0	
186712	0	0	0	0	0	0	0	0	0	0	0	63	0	0	0	0	
187463	0	0	0	0	0	0	0	0	0	0	0	65	0	0	0	0	
188218	0	0	0	0	0	0	0	0	0	0	0	63	0	0	0	0	
188968	0	0	0	0	0	0	0	0	0	0	0	63	0	0	0	0	
189719	0	0	0	0	0	0	0	0	0	0	0	59	0	0	0	0	
190470	0	0	0	0	0	0	0	0	0	0	0	61	0	0	0	0	
191219	0	0	0	0	0	0	0	0	0	0	0	71	0	0	0	0	
191969	0	0	0	0	0	0	0	0	0	0	0	83	0	0	0	0	
192718	0	0	0	0	0	0	0	0	0	0	0	59	0	0	0	0	
193467	0	0	0	0	0	0	0	0	0	0	0	95	0	0	0	0	
194217	0	0	0	0	0	0	0	0	0	0	0	65	0	0	0	0	
194965	0	0	0	0	0	0	0	0	0	0	0	69	0	0	0	0	
195715	0	0	0	0	0	0	0	0	0	0	0	63	0	0	0	0	
196466	0	0	0	0	0	0	0	0	0	0	0	67	0	0	0	0	
197214	0	0	0	0	0	0	0	0	0	0	0	69	0	0	0	0	
197966	0	0	0	0	0	0	0	0	0	0	0	87	0	0	0	0	
198718	0	0	0	0	0	0	0	0	0	0	0	71	0	0	0	0	
199467	0	0	0	0	0	0	0	0	0	0	0	61	0	0	0	0	
200221	0	0	0	0	0	0	0	0	0	0	0	73	0	0	0	0	
200972	0	0	0	0	0	0	0	0	0	0	0	59	0	0	0	0	
201724	0	0	0	0	0	0	0	0	0	0	0	55	0	0	0	0	
202475	0	0	0	0	0	0	0	0	0	0	0	69	0	0	0	0	
203229	0	0	0	0	0	0	0	0	0	0	0	63	0	0	0	0	
203979	0	0	0	0	0	0	0	0	0	0	0	69	0	0	0	0	
204731	0	0	0	0	0	0	0	0	0	0	79	0	0	0	0	0	
205481	0	0	0	0	0	0	0	0	0	0	63	0	0	0	0	0	
206231	0	0	0	0	0	0	0	0	0	0	77	0	0	0	0	0	
206982	0	0	0	0	0	0	0	0	0	0	75	0	0	0	0	0	
207732	0	0	0	0	0	0	0	0	0	3	70	0	0	0	0	0	
208481	0	0	0	0	0	0	0	0	0	91	0	0	0	0	0	0	
209230	0	0	0	0	0	0	0	0	0	77	0	0	0	0	0	0	
209979	0	0	0	0	0	0	0	0	0	87	0	0	0	0	0	0	
210728	0	0	0	0	0	0	0	0	0	83	0	0	0	0	0	0	
211479	0	0	0	0	0	0	0	0	0	67	0	0	0	0	0	0	
212232	0	0	0	0	0	0	0	0	0	79	0	0	0	0	0	0	
212983	0	0	0	0	0	0	0	0	0	79	0	0	0	0	0	0	
213730	0	0	0	0	0	0	0	0	0	91	0	0	0	0	0	0	
214478	0	0	0	0	0	0	0	0	0	79	0	0	0	0	0	0	
215226	0	0	0	0	0	0	0	0	0	91	0	0	0	0	0	0	
215975	0	0	0	0	0	0	0	0	0	77	0	0	0	0	0	0	
216728	0	0	0	0	0	0	0	0	0	91	0	0	0	0	0	0	
217477	0	0	0	0	0	0	0	0	0	89	0	0	0	0	0	0	
218224	0	0	0	0	0	0	0	0	0	0	95	0	0	0	0	0	
218974	0	0	0	0	0	0	0	0	0	0	65	0	0	0	0	0	
219723	0	0	0	0	0	0	0	0	0	0	79	0	0	0	0	0	
220471	0	0	0	0	0	0	0	0	0	0	63	0	0	0	0	0	
221221	0	0	0	0	0	0	0	0	0	93	0	0	0	0	0	0	
221970	0	0	0	0	0	0	0	0	0	87	0	0	0	0	0	0	
222719	0	0	0	0	0	0	0	0	0	73	0	0	0	0	0	0	
223473	0	0	0	0	0	0	0	0	0	73	0	0	0	0	0	0	
224222	0	0	0	0	0	0	0	0	0	81	0	0	0	0	0	0	
224972	0	0	0	0	0	0	0	0	0	71	0	0	0	0	0	0	
225721	0	0	0	0	0	0	0	0	0	91	0	0	0	0	0	0	
226470	0	0	0	0	0	0	0	0	91	0	0	0	0	0	0	0	
227220	0	0	0	0	0	0	0	0	89	0	0	0	0	0	0	0	
227972	0	0	0	0	0	0	0	0	89	0	0	0	0	0	0	0	
228723	0	0	0	0	0	0	0	0	93	0	0	0	0	0	0	0	
229473	0	0	0	0	0	0	0	0	95	0	0	0	0	0	0	0	
230221	0	0	0	0	0	0	0	0	87	0	0	0	0	0	0	0	
230971	0	0	0	0	0	0	0	0	81	0	0	0	0	0	0	0	
231721	0	0	0	0	0	0	0	0	75	0	0	0	0	0	0	0	
232472	0	0	0	0	0	0	0	0	95	0	0	0	0	0	0	0	
233223	0	0	0	0	0	0	0	0	95	0	0	0	0	0	0	0	
233973	0	0	0	0	0	0	0	0	79	0	0	0	0	0	0	0	
234724	0	0	0	0	0	0	0	0	95	0	0	0	0	0	0	0	
235471	0	0	0	0	0	0	0	0	83	0	0	0	0	0	0	0	
236223	0	0	0	0	0	0	0	0	83	0	0	0	0	0	0	0	
236973	0	0	0	0	0	0	0	0	79	0	0	0	0	0	0	0	
237723	0	0	0	0	0	0	0	0	95	0	0	0	0	0	0	0	
238470	0	0	0	0	0	0	0	0	85	0	0	0	0	0	0	0	
239221	0	0	0	0	0	0	0	0	75	0	0	0	0	0	0	0	
239968	0	0	0	0	0	0	0	0	69	0	0	0	0	0	0	0	
240715	0	0	0	0	0	0	0	0	93	0	0	0	0	0	0	0	
241466	0	0	0	0	0	0	0	0	85	0	0	0	0	0	0	0	
242216	0	0	0	0	0	0	0	0	73	0	0	0	0	0	0	0	
242965	0	0	0	0	0	0	0	0	85	0	0	0	0	0	0	0	
243717	0	0	0	0	0	0	0	0	91	0	0	0	0	0	0	0	
244468	0	0	0	0	0	0	0	0	97	0	0	0	0	0	0	0	
245218	0	0	0	0	0	0	0	0	79	0	0	0	0	0	0	0	
245965	0	0	0	0	0	0	0	0	101	0	0	0	0	0	0	0	
246715	0	0	0	0	0	0	0	0	83	0	0	0	0	0	0	0	
247465	0	0	0	0	0	0	0	0	85	0	0	0	0	0	0	0	
248215	0	0	0	0	0	0	0	0	99	0	0	0	0	0	0	0	
248969	0	0	0	0	0	0	0	0	97	0	0	0	0	0	0	0	
249724	0	0	0	0	0	0	0	0	95	0	0	0	0	0	0	0	
250477	0	0	0	0	0	0	0	0	87	0	0	0	0	0	0	0	
251222	0	0	0	0	0	0	0	0	63	0	0	0	0	0	0	0	
251975	0	0	0	0	0	0	0	0	91	0	0	0	0	0	0	0	
252726	0	0	0	0	0	0	0	0	89	0	0	0	0	0	0	0	
253476	0	0	0	0	0	0	0	0	83	0	0	0	0	0	0	0	
254227	0	0	0	0	0	0	0	0	89	0	0	0	0	0	0	0	
254978	0	0	0	0	0	0	0	0	89	0	0	0	0	0	0	0	
255725	0	0	0	0	0	0	0	0	91	0	0	0	0	0	0	0	
256473	0	0	0	0	0	0	0	0	77	0	0	0	0	0	0	0	
257228	0	0	0	0	0	0	0	0	79	0	0	0	0	0	0	0	
257979	0	0	0	0	0	0	0	99	0	0	0	0	0	0	0	0	
258728	0	0	0	0	0	0	0	85	0	0	0	0	0	0	0	0	
259478	0	0	0	0	0	0	0	101	0	0	0	0	0	0	0	0	
260226	0	0	0	0	0	0	0	99	0	0	0	0	0	0	0	0	
260976	0	0	0	0	0	0	0	103	0	0	0	0	0	0	0	0	
261725	0	0	0	0	0	0	0	105	0	0	0	0	0	0	0	0	
262475	0	0	0	0	0	0	0	101	0	0	0	0	0	0	0	0	
263225	0	0	0	0	0	0	0	105	0	0	0	0	0	0	0	0	
263974	0	0	0	0	0	0	0	91	0	0	0	0	0	0	0	0	
264725	0	0	0	0	0	0	0	97	0	0	0	0	0	0	0	0	
265471	0	0	0	0	0	0	0	95	0	0	0	0	0	0	0	0	
266221	0	0	0	0	0	0	0	109	0	0	0	0	0	0	0	0	
266967	0	0	0	0	0	0	0	87	0	0	0	0	0	0	0	0	
267716	0	0	0	0	0	0	0	101	0	0	0	0	0	0	0	0	
268466	0	0	0	0	0	0	0	95	0	0	0	0	0	0	0	0	
269215	0	0	0	0	0	0	0	93	0	0	0	0	0	0	0	0	
269965	0	0	0	0	0	0	0	95	0	0	0	0	0	0	0	0	
270715	0	0	0	0	0	0	0	119	0	0	0	0	0	0	0	0	
271465	0	0	0	0	0	0	0	95	0	0	0	0	0	0	0	0	
272215	0	0	0	0	0	0	0	107	0	0	0	0	0	0	0	0	
272967	0	0	0	0	0	0	0	89	0	0	0	0	0	0	0	0	
273715	0	0	0	0	0	0	0	111	0	0	0	0	0	0	0	0	
274466	0	0	0	0	0	0	0	105	0	0	0	0	0	0	0	0	
275215	0	0	0	0	0	0	0	101	0	0	0	0	0	0	0	0	
275966	0	0	0	0	0	0	0	83	0	0	0	0	0	0	0	0	
276714	0	0	0	0	0	0	0	113	0	0	0	0	0	0	0	0	
277465	0	0	0	0	0	0	0	89	0	0	0	0	0	0	0	0	
278216	0	0	0	0	0	0	0	103	0	0	0	0	0	0	0	0	
278966	0	0	0	0	0	0	0	103	0	0	0	0	0	0	0	0	
279718	0	0	0	0	0	0	0	93	0	0	0	0	0	0	0	0	
280469	0	0	0	0	0	0	0	101	0	0	0	0	0	0	0	0	
281215	0	0	0	0	0	0	0	97	0	0	0	0	0	0	0	0	
281964	0	0	0	0	0	0	0	99	0	0	0	0	0	0	0	0	
282715	0	0	0	0	0	0	0	89	0	0	0	0	0	0	0	0	
283469	0	0	0	0	0	0	0	85	0	0	0	0	0	0	0	0	
284218	0	0	0	0	0	0	0	115	0	0	0	0	0	0	0	0	
284967	0	0	0	0	0	0	0	97	0	0	0	0	0	0	0	0	
285716	0	0	0	0	0	0	0	107	0	0	0	0	0	0	0	0	
286467	0	0	0	0	0	0	0	97	0	0	0	0	0	0	0	0	
287214	0	0	0	0	0	0	0	93	0	0	0	0	0	0	0	0	
287967	0	0	0	0	0	0	0	93	0	0	0	0	0	0	0	0	
288718	0	0	0	0	0	0	0	99	0	0	0	0	0	0	0	0	
289469	0	0	0	0	0	0	107	0	0	0	0	0	0	0	0	0	
290216	0	0	0	0	0	0	119	0	0	0	0	0	0	0	0	0	
290965	0	0	0	0	0	0	109	0	0	0	0	0	0	0	0	0	
291715	0	0	0	0	0	0	123	0	0	0	0	0	0	0	0	0	
292464	0	0	0	0	0	0	95	0	0	0	0	0	0	0	0	0	
293214	0	0	0	0	0	0	119	0	0	0	0	0	0	0	0	0	
293964	0	0	0	0	0	0	121	0	0	0	0	0	0	0	0	0	
294713	0	0	0	0	0	0	123	0	0	0	0	0	0	0	0	0	
295460	0	0	0	0	0	0	121	0	0	0	0	0	0	0	0	0	
296209	0	0	0	0	0	0	119	0	0	0	0	0	0	0	0	0	
296960	0	0	0	0	0	0	117	0	0	0	0	0	0	0	0	0	
297711	0	0	0	0	0	0	127	0	0	0	0	0	0	0	0	0	
298460	0	0	0	0	0	0	113	0	0	0	0	0	0	0	0	0	
299214	0	0	0	0	0	0	111	0	0	0	0	0	0	0	0	0	
299956	0	0	0	0	0	0	121	0	0	0	0	0	0	0	0	0	
300708	0	0	0	0	0	0	103	0	0	0	0	0	0	0	0	0	
301462	0	0	0	0	0	0	113	0	0	0	0	0	0	0	0	0	
302208	0	0	0	0	0	0	105	0	0	0	0	0	0	0	0	0	
302957	0	0	0	0	0	0	105	0	0	0	0	0	0	0	0	0	
303708	0	0	0	0	0	0	95	0	0	0	0	0	0	0	0	0	
304456	0	0	0	0	0	0	103	0	0	0	0	0	0	0	0	0	
305204	0	0	0	0	0	0	113	0	0	0	0	0	0	0	0	0	
305955	0	0	0	0	0	121	0	0	0	0	0	0	0	0	0	0	
306704	0	0	0	0	11	100	0	0	0	0	0	0	0	0	0	0	
307452	0	0	0	0	0	139	0	0	0	0	0	0	0	0	0	0	
308204	0	0	0	0	0	129	0	0	0	0	0	0	0	0	0	0	
308953	0	0	0	0	0	145	0	0	0	0	0	0	0	0	0	0	
309702	0	0	0	0	0	135	0	0	0	0	0	0	0	0	0	0	
310454	0	0	0	0	0	141	0	0	0	0	0	0	0	0	0	0	
311206	0	0	0	0	0	121	0	0	0	0	0	0	0	0	0	0	
311956	0	0	0	0	0	123	0	0	0	0	0	0	0	0	0	0	
312705	0	0	0	0	0	139	0	0	0	0	0	0	0	0	0	0	
313456	0	0	0	0	0	141	0	0	0	0	0	0	0	0	0	0	
314209	0	0	0	0	0	137	0	0	0	0	0	0	0	0	0	0	
314958	0	0	0	0	0	139	0	0	0	0	0	0	0	0	0	0	
315706	0	0	0	0	0	139	0	0	0	0	0	0	0	0	0	0	
316457	0	0	0	0	0	105	0	0	0	0	0	0	0	0	0	0	
317207	0	0	0	0	0	119	0	0	0	0	0	0	0	0	0	0	
317955	0	0	0	0	0	137	0	0	0	0	0	0	0	0	0	0	
318707	0	0	0	0	0	141	0	0	0	0	0	0	0	0	0	0	
319451	0	0	0	0	0	147	0	0	0	0	0	0	0	0	0	0	
320197	0	0	0	0	0	141	0	0	0	0	0	0	0	0	0	0	
320947	0	0	0	0	0	123	0	0	0	0	0	0	0	0	0	0	
321694	0	0	0	0	0	123	0	0	0	0	0	0	0	0	0	0	
322443	0	0	0	0	0	139	0	0	0	0	0	0	0	0	0	0	
323195	0	0	0	0	0	147	0	0	0	0	0	0	0	0	0	0	
323942	0	0	0	0	0	137	0	0	0	0	0	0	0	0	0	0	
324693	0	0	0	0	0	119	0	0	0	0	0	0	0	0	0	0	
325447	0	0	0	0	0	161	0	0	0	0	0	0	0	0	0	0	
326200	0	0	0	0	0	109	0	0	0	0	0	0	0	0	0	0	
326948	0	0	0	0	0	123	0	0	0	0	0	0	0	0	0	0	
327703	0	0	0	0	0	143	0	0	0	0	0	0	0	0	0	0	
328453	0	0	0	0	0	137	0	0	0	0	0	0	0	0	0	0	
329206	0	0	0	0	0	137	0	0	0	0	0	0	0	0	0	0	
329958	0	0	0	0	0	129	0	0	0	0	0	0	0	0	0	0	
330706	0	0	0	0	0	125	0	0	0	0	0	0	0	0	0	0	
331459	0	0	0	0	0	153	0	0	0	0	0	0	0	0	0	0	
332208	0	0	0	0	0	149	0	0	0	0	0	0	0	0	0	0	
332957	0	0	0	0	0	133	0	0	0	0	0	0	0	0	0	0	
333708	0	0	0	0	0	159	0	0	0	0	0	0	0	0	0	0	
334458	0	0	0	0	0	0	113	0	0	0	0	0	0	0	0	0	
335210	0	0	0	0	0	0	113	0	0	0	0	0	0	0	0	0	
335958	0	0	0	0	0	0	103	0	0	0	0	0	0	0	0	0	
336707	0	0	0	0	0	0	113	0	0	0	0	0	0	0	0	0	
337459	0	0	0	0	0	0	125	0	0	0	0	0	0	0	0	0	
338211	0	0	0	0	0	0	105	0	0	0	0	0	0	0	0	0	
338965	0	0	0	0	0	0	97	0	0	0	0	0	0	0	0	0	
339717	0	0	0	0	0	0	119	0	0	0	0	0	0	0	0	0	
340466	0	0	0	0	0	0	117	0	0	0	0	0	0	0	0	0	
341213	0	0	0	0	0	0	105	0	0	0	0	0	0	0	0	0	
341961	0	0	0	0	0	0	107	0	0	0	0	0	0	0	0	0	
342711	0	0	0	0	0	0	131	0	0	0	0	0	0	0	0	0	
343463	0	0	0	0	0	0	0	0	83	0	0	0	0	0	0	0	
344213	0	0	0	0	0	0	0	0	79	0	0	0	0	0	0	0	
344962	0	0	0	0	0	0	0	0	83	0	0	0	0	0	0	0	
345713	0	0	0	0	0	0	0	0	95	0	0	0	0	0	0	0	
346464	0	0	0	0	0	0	0	0	105	0	0	0	0	0	0	0	
347217	0	0	0	0	0	0	0	0	83	0	0	0	0	0	0	0	
347967	0	0	0	0	0	0	0	107	0	0	0	0	0	0	0	0	
348715	0	0	0	0	0	0	0	91	0	0	0	0	0	0	0	0	
349465	0	0	0	0	0	0	0	95	0	0	0	0	0	0	0	0	
350214	0	0	0	0	0	0	0	115	0	0	0	0	0	0	0	0	
350962	0	0	0	0	0	0	0	0	85	0	0	0	0	0	0	0	
351714	0	0	0	0	0	0	0	0	89	0	0	0	0	0	0	0	
352466	0	0	0	0	0	0	0	0	87	0	0	0	0	0	0	0	
353217	0	0	0	0	0	0	0	0	83	0	0	0	0	0	0	0	
353965	0	0	0	0	0	0	0	0	99	0	0	0	0	0	0	0	
354719	0	0	0	0	0	0	0	0	89	0	0	0	0	0	0	0	
355472	0	0	0	0	0	0	0	0	91	0	0	0	0	0	0	0	
356223	0	0	0	0	0	0	0	0	99	0	0	0	0	0	0	0	
356971	0	0	0	0	0	0	0	0	0	87	0	0	0	0	0	0	
357723	0	0	0	0	0	0	0	0	0	81	0	0	0	0	0	0	
358474	0	0	0	0	0	0	0	0	0	87	0	0	0	0	0	0	
359223	0	0	0	0	0	0	0	0	0	79	0	0	0	0	0	0	
359970	0	0	0	0	0	0	0	0	0	85	0	0	0	0	0	0	
360720	0	0	0	0	0	0	0	0	0	81	0	0	0	0	0	0	
361471	0	0	0	0	0	0	0	0	0	91	0	0	0	0	0	0	
362221	0	0	0	0	0	0	0	0	0	83	0	0	0	0	0	0	
362969	0	0	0	0	0	0	0	0	0	67	0	0	0	0	0	0	
363718	0	0	0	0	0	0	0	0	0	79	0	0	0	0	0	0	
364467	0	0	0	0	0	0	0	0	0	79	0	0	0	0	0	0	
365214	0	0	0	0	0	0	0	0	0	91	0	0	0	0	0	0	
365962	0	0	0	0	0	0	0	0	0	73	0	0	0	0	0	0	
366710	0	0	0	0	0	0	0	0	0	75	0	0	0	0	0	0	
367459	0	0	0	0	0	0	0	0	0	79	0	0	0	0	0	0	
368210	0	0	0	0	0	0	0	0	0	79	0	0	0	0	0	0	
368961	0	0	0	0	0	0	0	0	0	77	0	0	0	0	0	0	
369711	0	0	0	0	0	0	0	0	0	91	0	0	0	0	0	0	
370462	0	0	0	0	0	0	0	0	0	65	0	0	0	0	0	0	
371214	0	0	0	0	0	0	0	0	0	79	0	0	0	0	0	0	
371963	0	0	0	0	0	0	0	0	85	0	0	0	0	0	0	0	
372711	0	0	0	0	0	0	0	0	77	0	0	0	0	0	0	0	
373460	0	0	0	0	0	0	0	0	89	0	0	0	0	0	0	0	
374209	0	0	0	0	0	0	0	0	83	0	0	0	0	0	0	0	
374960	0	0	0	0	0	0	0	0	79	0	0	0	0	0	0	0	
375711	0	0	0	0	0	0	0	0	93	0	0	0	0	0	0	0	
376462	0	0	0	0	0	0	0	0	103	0	0	0	0	0	0	0	
377211	0	0	0	0	0	0	0	0	95	0	0	0	0	0	0	0	
377959	0	0	0	0	0	0	0	0	101	0	0	0	0	0	0	0	
378709	0	0	0	0	0	0	0	0	83	0	0	0	0	0	0	0	
379458	0	0	0	0	0	0	0	0	79	0	0	0	0	0	0	0	
380207	0	0	0	0	0	0	0	0	95	0	0	0	0	0	0	0	
380962	0	0	0	0	0	0	0	0	81	0	0	0	0	0	0	0	
381711	0	0	0	0	0	0	0	0	83	0	0	0	0	0	0	0	
382465	0	0	0	0	0	0	0	0	97	0	0	0	0	0	0	0	
383213	0	0	0	0	0	0	0	0	83	0	0	0	0	0	0	0	
383964	0	0	0	0	0	0	0	0	85	0	0	0	0	0	0	0	
384715	0	0	0	0	0	0	0	0	113	0	0	0	0	0	0	0	
385462	0	0	0	0	0	0	0	0	87	0	0	0	0	0	0	0	
386213	0	0	0	0	0	0	0	0	83	0	0	0	0	0	0	0	
386964	0	0	0	0	0	0	0	0	75	0	0	0	0	0	0	0	
387717	0	0	0	0	0	0	0	0	85	0	0	0	0	0	0	0	
388467	0	0	0	0	0	0	0	0	97	0	0	0	0	0	0	0	
389216	0	0	0	0	0	0	0	91	0	0	0	0	0	0	0	0	
389962	0	0	0	0	0	0	0	91	0	0	0	0	0	0	0	0	
390713	0	0	0	0	0	0	0	115	0	0	0	0	0	0	0	0	
391463	0	0	0	0	0	0	0	95	0	0	0	0	0	0	0	0	
392212	0	0	0	0	0	0	99	0	0	0	0	0	0	0	0	0	
392960	0	0	0	0	0	0	121	0	0	0	0	0	0	0	0	0	
393708	0	0	0	0	0	0	117	0	0	0	0	0	0	0	0	0	
394458	0	0	0	0	0	0	95	0	0	0	0	0	0	0	0	0	
395207	0	0	0	0	0	0	115	0	0	0	0	0	0	0	0	0	
395957	0	0	0	0	0	0	133	0	0	0	0	0	0	0	0	0	
396708	0	0	0	0	0	0	103	0	0	0	0	0	0	0	0	0	
397458	0	0	0	0	0	0	121	0	0	0	0	0	0	0	0	0	
398209	0	0	0	0	0	0	123	0	0	0	0	0	0	0	0	0	
398957	0	0	0	0	0	0	137	0	0	0	0	0	0	0	0	0	
399706	0	0	0	0	0	0	79	0	0	0	0	0	0	0	0	0	
400457	0	0	0	0	0	0	99	0	0	0	0	0	0	0	0	0	
401208	0	0	0	0	0	0	117	0	0	0	0	0	0	0	0	0	
401961	0	0	0	0	0	0	113	0	0	0	0	0	0	0	0	0	
402711	0	0	0	0	0	0	121	0	0	0	0	0	0	0	0	0	
403459	0	0	0	0	0	0	131	0	0	0	0	0	0	0	0	0	
404210	0	0	0	0	0	0	113	0	0	0	0	0	0	0	0	0	
404960	0	0	0	0	0	0	115	0	0	0	0	0	0	0	0	0	
405708	0	0	0	0	0	0	0	87	0	0	0	0	0	0	0	0	
406459	0	0	0	0	0	0	0	109	0	0	0	0	0	0	0	0	
407206	0	0	0	0	0	0	0	103	0	0	0	0	0	0	0	0	
407957	0	0	0	0	0	0	0	101	0	0	0	0	0	0	0	0	
408706	0	0	0	0	0	0	0	87	0	0	0	0	0	0	0	0	
409458	0	0	0	0	0	0	0	87	0	0	0	0	0	0	0	0	
410208	0	0	0	0	0	0	0	103	0	0	0	0	0	0	0	0	
410952	0	0	0	0	0	0	0	111	0	0	0	0	0	0	0	0	
411703	0	0	0	0	0	0	0	105	0	0	0	0	0	0	0	0	
412453	0	0	0	0	0	0	0	117	0	0	0	0	0	0	0	0	
413202	0	0	0	0	0	0	0	105	0	0	0	0	0	0	0	0	
413952	0	0	0	0	0	0	0	97	0	0	0	0	0	0	0	0	
414703	0	0	0	0	0	0	0	109	0	0	0	0	0	0	0	0	
415453	0	0	0	0	0	0	0	101	0	0	0	0	0	0	0	0	
416207	0	0	0	0	0	0	0	93	0	0	0	0	0	0	0	0	
416958	0	0	0	0	0	0	0	105	0	0	0	0	0	0	0	0	
417707	0	0	0	0	0	0	111	0	0	0	0	0	0	0	0	0	
418459	0	0	0	0	0	0	115	0	0	0	0	0	0	0	0	0	
419212	0	0	0	0	0	0	121	0	0	0	0	0	0	0	0	0	
419962	0	0	0	0	0	0	101	0	0	0	0	0	0	0	0	0	
420711	0	0	0	0	0	0	97	0	0	0	0	0	0	0	0	0	
421458	0	0	0	0	0	0	107	0	0	0	0	0	0	0	0	0	
422205	0	0	0	0	0	0	0	89	0	0	0	0	0	0	0	0	
422958	0	0	0	0	0	0	0	107	0	0	0	0	0	0	0	0	
423712	0	0	0	0	0	0	0	0	93	0	0	0	0	0	0	0	
424462	0	0	0	0	0	0	0	2	87	0	0	0	0	0	0	0	
425214	0	0	0	0	0	0	0	0	99	0	0	0	0	0	0	0	
425963	0	0	0	0	0	0	0	0	111	0	0	0	0	0	0	0	
426710	0	0	0	0	0	0	0	0	87	0	0	0	0	0	0	0	
427459	0	0	0	0	0	0	0	0	87	0	0	0	0	0	0	0	
428208	0	0	0	0	0	0	0	0	97	0	0	0	0	0	0	0	
428959	0	0	0	0	0	0	0	1	94	0	0	0	0	0	0	0	
429706	0	0	0	0	0	0	0	0	83	0	0	0	0	0	0	0	
430458	0	0	0	0	0	0	0	0	95	0	0	0	0	0	0	0	
431208	0	0	0	0	0	0	0	0	97	0	0	0	0	0	0	0	
431959	0	0	0	0	0	0	0	0	87	0	0	0	0	0	0	0	
432710	0	0	0	0	0	0	0	0	101	0	0	0	0	0	0	0	
433459	0	0	0	0	0	0	0	0	95	0	0	0	0	0	0	0	
434208	0	0	0	0	0	0	0	0	95	0	0	0	0	0	0	0	
434957	0	0	0	0	0	0	0	0	79	0	0	0	0	0	0	0	
435707	0	0	0	0	0	0	0	0	109	0	0	0	0	0	0	0	
436458	0	0	0	0	0	0	0	0	87	0	0	0	0	0	0	0	
437211	0	0	0	0	0	0	0	0	99	0	0	0	0	0	0	0	
437957	0	0	0	0	0	0	0	0	97	0	0	0	0	0	0	0	
438708	0	0	0	0	0	0	0	0	91	0	0	0	0	0	0	0	
439462	0	0	0	0	0	0	0	0	95	0	0	0	0	0	0	0	
440212	0	0	0	0	0	0	0	0	85	0	0	0	0	0	0	0	
440961	0	0	0	0	0	0	0	0	99	0	0	0	0	0	0	0	
441706	0	0	0	0	0	0	0	0	89	0	0	0	0	0	0	0	
442456	0	0	0	0	0	0	0	0	71	0	0	0	0	0	0	0	
443203	0	0	0	0	0	0	0	0	93	0	0	0	0	0	0	0	
443952	0	0	0	0	0	0	0	0	87	0	0	0	0	0	0	0	
444702	0	0	0	0	0	0	0	0	85	0	0	0	0	0	0	0	
445453	0	0	0	0	0	0	0	0	79	0	0	0	0	0	0	0	
446202	0	0	0	0	0	0	0	0	89	0	0	0	0	0	0	0	
446954	0	0	0	0	0	0	0	0	87	0	0	0	0	0	0	0	
447701	0	0	0	0	0	0	0	0	85	0	0	0	0	0	0	0	
448448	0	0	0	0	0	0	0	0	91	0	0	0	0	0	0	0	
449198	0	0	0	0	0	0	0	0	93	0	0	0	0	0	0	0	
449947	0	0	0	0	0	0	0	0	77	0	0	0	0	0	0	0	
450701	0	0	0	0	0	0	0	0	99	0	0	0	0	0	0	0	
451448	0	0	0	0	0	0	0	0	85	0	0	0	0	0	0	0	
452201	0	0	0	0	0	0	0	0	89	0	0	0	0	0	0	0	
452949	0	0	0	0	0	0	0	0	93	0	0	0	0	0	0	0	
453698	0	0	0	0	0	0	0	0	75	0	0	0	0	0	0	0	
454453	0	0	0	0	0	0	0	0	95	0	0	0	0	0	0	0	
455203	0	0	0	0	0	0	0	0	103	0	0	0	0	0	0	0	
455953	0	0	0	0	0	0	0	0	99	0	0	0	0	0	0	0	
456705	0	0	0	0	0	0	0	0	83	0	0	0	0	0	0	0	
457458	0	0	0	0	0	0	0	0	103	0	0	0	0	0	0	0	
458208	0	0	0	0	0	0	0	0	85	0	0	0	0	0	0	0	
458959	0	0	0	0	0	0	0	0	87	0	0	0	0	0	0	0	
459711	0	0	0	0	0	0	0	0	113	0	0	0	0	0	0	0	
460463	0	0	0	0	0	0	0	0	73	0	0	0	0	0	0	0	
461210	0	0	0	0	0	0	0	53	48	0	0	0	0	0	0	0	
461965	0	0	0	0	0	0	0	97	0	0	0	0	0	0	0	0	
462716	0	0	0	0	0	0	0	109	0	0	0	0	0	0	0	0	
463466	0	0	0	0	0	0	0	93	0	0	0	0	0	0	0	0	
464216	0	0	0	0	0	0	0	105	0	0	0	0	0	0	0	0	
464966	0	0	0	0	0	0	0	95	0	0	0	0	0	0	0	0	
465720	0	0	0	0	0	0	0	89	0	0	0	0	0	0	0	0	
466471	0	0	0	0	0	0	0	99	0	0	0	0	0	0	0	0	
467220	0	0	0	0	0	0	0	99	0	0	0	0	0	0	0	0	
467969	0	0	0	0	0	0	0	97	0	0	0	0	0	0	0	0	
468721	0	0	0	0	0	0	0	101	0	0	0	0	0	0	0	0	
469471	0	0	0	0	0	0	0	127	0	0	0	0	0	0	0	0	
470220	0	0	0	0	0	0	0	89	0	0	0	0	0	0	0	0	
470968	0	0	0	0	0	0	0	101	0	0	0	0	0	0	0	0	
471715	0	0	0	0	0	0	0	115	0	0	0	0	0	0	0	0	
472465	0	0	0	0	0	0	0	93	0	0	0	0	0	0	0	0	
473215	0	0	0	0	0	0	0	95	0	0	0	0	0	0	0	0	
473963	0	0	0	0	0	0	0	113	0	0	0	0	0	0	0	0	
474713	0	0	0	0	0	0	0	91	0	0	0	0	0	0	0	0	
475464	0	0	0	0	0	0	0	101	0	0	0	0	0	0	0	0	
476216	0	0	0	0	0	0	0	87	0	0	0	0	0	0	0	0	
476969	0	0	0	0	0	0	0	75	0	0	0	0	0	0	0	0	
477722	0	0	0	0	0	0	0	85	0	0	0	0	0	0	0	0	
478475	0	0	0	0	0	0	0	111	0	0	0	0	0	0	0	0	
479225	0	0	0	0	0	0	0	95	0	0	0	0	0	0	0	0	
479974	0	0	0	0	0	0	0	109	0	0	0	0	0	0	0	0	
480725	0	0	0	0	0	0	0	105	0	0	0	0	0	0	0	0	
481475	0	0	0	0	0	0	0	103	0	0	0	0	0	0	0	0	
482225	0	0	0	0	0	0	0	103	0	0	0	0	0	0	0	0	
482974	0	0	0	0	0	0	0	97	0	0	0	0	0	0	0	0	
483722	0	0	0	0	0	0	0	99	0	0	0	0	0	0	0	0	
484474	0	0	0	0	0	0	0	101	0	0	0	0	0	0	0	0	
485223	0	0	0	0	0	0	0	91	0	0	0	0	0	0	0	0	
485971	0	0	0	0	0	0	0	77	0	0	0	0	0	0	0	0	
486718	0	0	0	0	0	0	0	113	0	0	0	0	0	0	0	0	
487469	0	0	0	0	0	0	0	101	0	0	0	0	0	0	0	0	
488220	0	0	0	0	0	0	0	111	0	0	0	0	0	0	0	0	
488971	0	0	0	0	0	0	0	91	0	0	0	0	0	0	0	0	
489719	0	0	0	0	0	0	0	91	0	0	0	0	0	0	0	0	
490470	0	0	0	0	0	0	0	99	0	0	0	0	0	0	0	0	
491219	0	0	0	0	0	0	0	93	0	0	0	0	0	0	0	0	
491972	0	0	0	0	0	0	0	109	0	0	0	0	0	0	0	0	
492724	0	0	0	0	0	0	0	89	0	0	0	0	0	0	0	0	
493476	0	0	0	0	0	0	0	95	0	0	0	0	0	0	0	0	
494226	0	0	0	0	0	0	0	109	0	0	0	0	0	0	0	0	
494975	0	0	0	0	0	0	0	107	0	0	0	0	0	0	0	0	
495727	0	0	0	0	0	0	0	85	0	0	0	0	0	0	0	0	
496476	0	0	0	0	0	0	0	107	0	0	0	0	0	0	0	0	
497225	0	0	0	0	0	0	0	93	0	0	0	0	0	0	0	0	
497974	0	0	0	0	0	0	0	99	0	0	0	0	0	0	0	0	
498724	0	0	0	0	0	0	0	91	0	0	0	0	0	0	0	0	
499475	0	0	0	0	0	0	0	93	0	0	0	0	0	0	0	0	
500223	0	0	0	0	0	0	0	111	0	0	0	0	0	0	0	0	
500975	0	0	0	0	0	0	0	83	0	0	0	0	0	0	0	0	
501724	0	0	0	0	0	0	0	105	0	0	0	0	0	0	0	0	
502470	0	0	0	0	0	0	0	79	0	0	0	0	0	0	0	0	
503220	0	0	0	0	0	0	0	109	0	0	0	0	0	0	0	0	
503968	0	0	0	0	0	0	0	105	0	0	0	0	0	0	0	0	
504718	0	0	0	0	0	0	0	107	0	0	0	0	0	0	0	0	
505469	0	0	0	0	0	0	0	101	0	0	0	0	0	0	0	0	
506222	0	0	0	0	0	0	0	113	0	0	0	0	0	0	0	0	
506973	0	0	0	0	0	0	0	93	0	0	0	0	0	0	0	0	
507724	0	0	0	0	0	0	0	115	0	0	0	0	0	0	0	0	
508475	0	0	0	0	0	0	0	113	0	0	0	0	0	0	0	0	
509226	0	0	0	0	0	0	0	107	0	0	0	0	0	0	0	0	
509972	0	0	0	0	0	0	0	105	0	0	0	0	0	0	0	0	
510724	0	0	0	0	0	0	0	93	0	0	0	0	0	0	0	0	
511478	0	0	0	0	0	0	0	103	0	0	0	0	0	0	0	0	
512228	0	0	0	0	0	0	0	117	0	0	0	0	0	0	0	0	
512977	0	0	0	0	0	0	0	105	0	0	0	0	0	0	0	0	
513729	0	0	0	0	0	0	0	85	0	0	0	0	0	0	0	0	
514480	0	0	0	0	0	0	0	89	0	0	0	0	0	0	0	0	
515229	0	0	0	0	0	0	0	79	0	0	0	0	0	0	0	0	
515975	0	0	0	0	0	0	0	95	0	0	0	0	0	0	0	0	
516725	0	0	0	0	0	0	0	91	0	0	0	0	0	0	0	0	
517474	0	0	0	0	0	0	0	99	0	0	0	0	0	0	0	0	
518226	0	0	0	0	0	0	0	101	0	0	0	0	0	0	0	0	
518973	0	0	0	0	0	0	0	103	0	0	0	0	0	0	0	0	
519722	0	0	0	0	0	0	117	0	0	0	0	0	0	0	0	0	
520474	0	0	0	0	0	0	117	0	0	0	0	0	0	0	0	0	
521224	0	0	0	0	0	0	115	0	0	0	0	0	0	0	0	0	
521973	0	0	0	0	0	0	109	0	0	0	0	0	0	0	0	0	
522724	0	0	0	0	0	0	127	0	0	0	0	0	0	0	0	0	
523473	0	0	0	0	0	0	107	0	0	0	0	0	0	0	0	0	
524223	0	0	0	0	0	0	129	0	0	0	0	0	0	0	0	0	
524972	0	0	0	0	0	0	123	0	0	0	0	0	0	0	0	0	
525723	0	0	0	0	0	0	111	0	0	0	0	0	0	0	0	0	
526468	0	0	0	0	0	0	119	0	0	0	0	0	0	0	0	0	
527219	0	0	0	0	0	0	113	0	0	0	0	0	0	0	0	0	
527971	0	0	0	0	0	0	115	0	0	0	0	0	0	0	0	0	
528721	0	0	0	0	0	0	103	0	0	0	0	0	0	0	0	0	
529470	0	0	0	0	0	0	113	0	0	0	0	0	0	0	0	0	
530223	0	0	0	0	0	0	115	0	0	0	0	0	0	0	0	0	
530972	0	0	0	0	0	0	113	0	0	0	0	0	0	0	0	0	
531716	0	0	0	0	0	0	113	0	0	0	0	0	0	0	0	0	
532465	0	0	0	0	0	0	103	0	0	0	0	0	0	0	0	0	
533213	0	0	0	0	0	123	0	0	0	0	0	0	0	0	0	0	
533964	0	0	0	0	0	127	0	0	0	0	0	0	0	0	0	0	
534715	0	0	0	0	0	143	0	0	0	0	0	0	0	0	0	0	
535464	0	0	0	0	0	137	0	0	0	0	0	0	0	0	0	0	
536215	0	0	0	0	0	135	0	0	0	0	0	0	0	0	0	0	
536965	0	0	0	0	0	151	0	0	0	0	0	0	0	0	0	0	
537713	0	0	0	0	165	0	0	0	0	0	0	0	0	0	0	0	
538462	0	0	0	0	167	0	0	0	0	0	0	0	0	0	0	0	
539213	0	0	0	0	143	0	0	0	0	0	0	0	0	0	0	0	
539964	0	0	0	0	169	0	0	0	0	0	0	0	0	0	0	0	
540714	0	0	0	0	177	0	0	0	0	0	0	0	0	0	0	0	
541464	0	0	0	0	155	0	0	0	0	0	0	0	0	0	0	0	
542212	0	0	0	0	139	0	0	0	0	0	0	0	0	0	0	0	
542959	0	0	0	0	143	0	0	0	0	0	0	0	0	0	0	0	
543710	0	0	0	0	139	0	0	0	0	0	0	0	0	0	0	0	
544459	0	0	0	0	0	141	0	0	0	0	0	0	0	0	0	0	
545212	0	0	0	0	0	125	0	0	0	0	0	0	0	0	0	0	
545962	0	0	0	0	0	129	0	0	0	0	0	0	0	0	0	0	
546711	0	0	0	0	0	147	0	0	0	0	0	0	0	0	0	0	
547459	0	0	0	0	0	141	0	0	0	0	0	0	0	0	0	0	
548210	0	0	0	0	0	129	0	0	0	0	0	0	0	0	0	0	
548961	0	0	0	0	0	137	0	0	0	0	0	0	0	0	0	0	
549711	0	0	0	0	0	69	44	0	0	0	0	0	0	0	0	0	
550460	0	0	0	0	0	133	0	0	0	0	0	0	0	0	0	0	
551209	0	0	0	0	0	137	0	0	0	0	0	0	0	0	0	0	
551960	0	0	0	0	0	133	0	0	0	0	0	0	0	0	0	0	
552710	0	0	0	0	0	125	0	0	0	0	0	0	0	0	0	0	
553459	0	0	0	0	0	135	0	0	0	0	0	0	0	0	0	0	
554207	0	0	0	0	171	0	0	0	0	0	0	0	0	0	0	0	
554960	0	0	0	0	175	0	0	0	0	0	0	0	0	0	0	0	
555714	0	0	0	0	15	122	0	0	0	0	0	0	0	0	0	0	
556462	0	0	0	0	149	0	0	0	0	0	0	0	0	0	0	0	
557211	0	0	0	0	159	0	0	0	0	0	0	0	0	0	0	0	
557963	0	0	0	0	149	0	0	0	0	0	0	0	0	0	0	0	
558713	0	0	0	0	169	0	0	0	0	0	0	0	0	0	0	0	
559466	0	0	0	0	145	0	0	0	0	0	0	0	0	0	0	0	
560215	0	0	0	0	145	0	0	0	0	0	0	0	0	0	0	0	
560965	0	0	0	0	139	0	0	0	0	0	0	0	0	0	0	0	
561715	0	0	0	0	173	0	0	0	0	0	0	0	0	0	0	0	
562462	0	0	0	0	151	0	0	0	0	0	0	0	0	0	0	0	
563211	0	0	0	0	159	0	0	0	0	0	0	0	0	0	0	0	
563961	0	0	0	0	155	0	0	0	0	0	0	0	0	0	0	0	
564710	0	0	0	0	173	0	0	0	0	0	0	0	0	0	0	0	
565460	0	0	0	0	145	0	0	0	0	0	0	0	0	0	0	0	
566209	0	0	0	0	157	0	0	0	0	0	0	0	0	0	0	0	
566961	0	0	0	0	163	0	0	0	0	0	0	0	0	0	0	0	
567706	0	0	0	0	165	0	0	0	0	0	0	0	0	0	0	0	
568455	0	0	0	0	183	0	0	0	0	0	0	0	0	0	0	0	
569200	0	0	0	0	143	0	0	0	0	0	0	0	0	0	0	0	
569951	0	0	0	0	145	0	0	0	0	0	0	0	0	0	0	0	
570703	0	0	0	0	151	0	0	0	0	0	0	0	0	0	0	0	
571454	0	0	0	0	145	0	0	0	0	0	0	0	0	0	0	0	
572202	0	0	0	0	175	0	0	0	0	0	0	0	0	0	0	0	
572950	0	0	0	0	167	0	0	0	0	0	0	0	0	0	0	0	
573702	0	0	0	0	185	0	0	0	0	0	0	0	0	0	0	0	
574451	0	0	0	0	177	0	0	0	0	0	0	0	0	0	0	0	
575205	0	0	0	1	174	0	0	0	0	0	0	0	0	0	0	0	
575954	0	0	0	0	133	0	0	0	0	0	0	0	0	0	0	0	
576703	0	0	0	0	183	0	0	0	0	0	0	0	0	0	0	0	
577453	0	0	0	0	139	0	0	0	0	0	0	0	0	0	0	0	
578204	0	0	0	0	145	0	0	0	0	0	0	0	0	0	0	0	
578953	0	0	0	0	145	0	0	0	0	0	0	0	0	0	0	0	
579701	0	0	0	0	151	0	0	0	0	0	0	0	0	0	0	0	
580448	0	0	0	0	175	0	0	0	0	0	0	0	0	0	0	0	
581196	0	0	0	0	145	0	0	0	0	0	0	0	0	0	0	0	
581946	0	0	0	0	169	0	0	0	0	0	0	0	0	0	0	0	
582694	0	0	0	0	161	0	0	0	0	0	0	0	0	0	0	0	
583443	0	0	0	0	155	0	0	0	0	0	0	0	0	0	0	0	
584195	0	0	0	0	151	0	0	0	0	0	0	0	0	0	0	0	
584948	0	0	0	0	167	0	0	0	0	0	0	0	0	0	0	0	
585698	0	0	0	0	161	0	0	0	0	0	0	0	0	0	0	0	
586449	0	0	0	0	157	0	0	0	0	0	0	0	0	0	0	0	
587197	0	0	0	0	165	0	0	0	0	0	0	0	0	0	0	0	
587948	0	0	0	0	173	0	0	0	0	0	0	0	0	0	0	0	
588698	0	0	0	0	157	0	0	0	0	0	0	0	0	0	0	0	
589449	0	0	0	0	155	4	0	0	0	0	0	0	0	0	0	0	
590196	0	0	0	0	137	0	0	0	0	0	0	0	0	0	0	0	
590947	0	0	0	0	149	0	0	0	0	0	0	0	0	0	0	0	
591698	0	0	0	0	147	0	0	0	0	0	0	0	0	0	0	0	
592451	0	0	0	0	163	0	0	0	0	0	0	0	0	0	0	0	
593199	0	0	0	0	147	0	0	0	0	0	0	0	0	0	0	0	
593951	0	0	0	0	161	0	0	0	0	0	0	0	0	0	0	0	
594699	0	0	0	0	173	0	0	0	0	0	0	0	0	0	0	0	
595451	0	0	0	0	155	0	0	0	0	0	0	0	0	0	0	0	
596200	0	0	0	0	181	0	0	0	0	0	0	0	0	0	0	0	
596951	0	0	0	0	139	0	0	0	0	0	0	0	0	0	0	0	
597700	0	0	0	0	179	0	0	0	0	0	0	0	0	0	0	0	
598452	0	0	0	0	151	0	0	0	0	0	0	0	0	0	0	0	
599201	0	0	0	0	163	0	0	0	0	0	0	0	0	0	0	0	
599950	0	0	0	0	149	0	0	0	0	0	0	0	0	0	0	0	
600700	0	0	0	0	151	0	0	0	0	0	0	0	0	0	0	0	
601449	0	0	0	0	161	0	0	0	0	0	0	0	0	0	0	0	
602199	0	0	0	0	155	0	0	0	0	0	0	0	0	0	0	0	
602947	0	0	0	0	151	0	0	0	0	0	0	0	0	0	0	0	
603699	0	0	0	0	175	0	0	0	0	0	0	0	0	0	0	0	
604448	0	0	0	0	171	0	0	0	0	0	0	0	0	0	0	0	
605200	0	0	0	0	167	0	0	0	0	0	0	0	0	0	0	0	
605951	0	0	0	0	163	0	0	0	0	0	0	0	0	0	0	0	
606699	0	0	0	0	169	0	0	0	0	0	0	0	0	0	0	0	
607446	0	0	0	0	171	0	0	0	0	0	0	0	0	0	0	0	
608201	0	0	0	0	163	0	0	0	0	0	0	0	0	0	0	0	
608952	0	0	0	0	151	0	0	0	0	0	0	0	0	0	0	0	
609700	0	0	0	0	0	137	0	0	0	0	0	0	0	0	0	0	
610449	0	0	0	0	0	135	0	0	0	0	0	0	0	0	0	0	
611198	0	0	0	0	0	113	0	0	0	0	0	0	0	0	0	0	
611948	0	0	0	0	0	159	0	0	0	0	0	0	0	0	0	0	
612703	0	0	0	0	0	129	0	0	0	0	0	0	0	0	0	0	
613450	0	0	0	0	0	131	0	0	0	0	0	0	0	0	0	0	
614196	0	0	0	0	0	139	0	0	0	0	0	0	0	0	0	0	
614946	0	0	0	0	0	129	0	0	0	0	0	0	0	0	0	0	
615699	0	0	0	0	0	129	0	0	0	0	0	0	0	0	0	0	
616448	0	0	0	0	0	141	0	0	0	0	0	0	0	0	0	0	
617200	0	0	0	0	0	0	99	0	0	0	0	0	0	0	0	0	
617950	0	0	0	0	0	0	105	0	0	0	0	0	0	0	0	0	
618702	0	0	0	0	0	0	129	0	0	0	0	0	0	0	0	0	
619454	0	0	0	0	0	0	105	0	0	0	0	0	0	0	0	0	
620205	0	0	0	0	0	0	123	0	0	0	0	0	0	0	0	0	
620956	0	0	0	0	0	0	129	0	0	0	0	0	0	0	0	0	
621705	0	0	0	0	0	0	111	0	0	0	0	0	0	0	0	0	
622453	0	0	0	0	0	0	115	0	0	0	0	0	0	0	0	0	
623206	0	0	0	0	0	0	117	0	0	0	0	0	0	0	0	0	
623956	0	0	0	0	0	0	115	0	0	0	0	0	0	0	0	0	
624706	0	0	0	0	0	0	129	0	0	0	0	0	0	0	0	0	
625454	0	0	0	0	0	0	127	0	0	0	0	0	0	0	0	0	
626204	0	0	0	0	0	0	105	0	0	0	0	0	0	0	0	0	
626956	0	0	0	0	0	0	111	0	0	0	0	0	0	0	0	0	
627705	0	0	0	0	0	0	101	0	0	0	0	0	0	0	0	0	
628452	0	0	0	0	0	0	105	0	0	0	0	0	0	0	0	0	
629204	0	0	0	0	0	0	97	0	0	0	0	0	0	0	0	0	
629954	0	0	0	0	0	0	109	0	0	0	0	0	0	0	0	0	
630705	0	0	0	0	0	0	119	0	0	0	0	0	0	0	0	0	
631452	0	0	0	0	0	0	101	0	0	0	0	0	0	0	0	0	
632202	0	0	0	0	0	0	109	0	0	0	0	0	0	0	0	0	
632954	0	0	0	0	0	0	115	0	0	0	0	0	0	0	0	0	
633703	0	0	0	0	0	0	119	0	0	0	0	0	0	0	0	0	
634452	0	0	0	0	0	0	123	0	0	0	0	0	0	0	0	0	
635200	0	0	0	0	0	0	107	0	0	0	0	0	0	0	0	0	
635949	0	0	0	0	0	0	0	93	0	0	0	0	0	0	0	0	
636699	0	0	0	0	0	0	0	91	0	0	0	0	0	0	0	0	
637451	0	0	0	0	0	0	0	103	0	0	0	0	0	0	0	0	
638200	0	0	0	0	0	0	0	103	0	0	0	0	0	0	0	0	
638949	0	0	0	0	0	0	0	111	0	0	0	0	0	0	0	0	
639697	0	0	0	0	0	0	0	92	7	0	0	0	0	0	0	0	
640449	0	0	0	0	0	0	0	105	0	0	0	0	0	0	0	0	
641199	0	0	0	0	0	0	0	91	0	0	0	0	0	0	0	0	
641947	0	0	0	0	0	0	0	83	0	0	0	0	0	0	0	0	
642696	0	0	0	0	0	0	0	97	0	0	0	0	0	0	0	0	
643449	0	0	0	0	0	0	0	121	0	0	0	0	0	0	0	0	
644200	0	0	0	0	0	0	0	115	0	0	0	0	0	0	0	0	
644949	0	0	0	0	0	0	0	99	0	0	0	0	0	0	0	0	
645696	0	0	0	0	0	0	0	93	0	0	0	0	0	0	0	0	
646449	0	0	0	0	0	0	0	109	0	0	0	0	0	0	0	0	
647200	0	0	0	0	0	0	0	113	0	0	0	0	0	0	0	0	
647947	0	0	0	0	0	0	0	95	0	0	0	0	0	0	0	0	
648696	0	0	0	0	0	0	0	95	0	0	0	0	0	0	0	0	
649442	0	0	0	0	0	0	0	103	0	0	0	0	0	0	0	0	
650189	0	0	0	0	0	0	0	123	0	0	0	0	0	0	0	0	
650936	0	0	0	0	0	0	0	107	0	0	0	0	0	0	0	0	
651685	0	0	0	0	0	0	0	107	0	0	0	0	0	0	0	0	
652440	0	0	0	0	0	0	0	101	0	0	0	0	0	0	0	0	
653190	0	0	0	0	0	0	0	97	0	0	0	0	0	0	0	0	
653940	0	0	0	0	0	0	0	103	0	0	0	0	0	0	0	0	
654687	0	0	0	0	0	0	0	97	0	0	0	0	0	0	0	0	
655437	0	0	0	0	0	0	0	93	0	0	0	0	0	0	0	0	
656191	0	0	0	0	0	0	0	123	0	0	0	0	0	0	0	0	
656942	0	0	0	0	0	0	0	83	0	0	0	0	0	0	0	0	
657689	0	0	0	0	0	0	0	101	0	0	0	0	0	0	0	0	
658441	0	0	0	0	0	0	0	93	0	0	0	0	0	0	0	0	
659193	0	0	0	0	0	0	0	111	0	0	0	0	0	0	0	0	
659943	0	0	0	0	0	0	0	0	89	0	0	0	0	0	0	0	
660695	0	0	0	0	0	0	0	0	95	0	0	0	0	0	0	0	
661446	0	0	0	0	0	0	0	0	0	83	0	0	0	0	0	0	
662197	0	0	0	0	0	0	0	0	0	95	0	0	0	0	0	0	
662951	0	0	0	0	0	0	0	0	0	77	0	0	0	0	0	0	
663700	0	0	0	0	0	0	0	0	0	73	0	0	0	0	0	0	
664453	0	0	0	0	0	0	0	0	0	85	0	0	0	0	0	0	
665202	0	0	0	0	0	0	0	0	0	91	0	0	0	0	0	0	
665950	0	0	0	0	0	0	0	0	0	87	0	0	0	0	0	0	
666701	0	0	0	0	0	0	0	0	0	79	0	0	0	0	0	0	
667449	0	0	0	0	0	0	0	0	0	89	0	0	0	0	0	0	
668196	0	0	0	0	0	0	0	0	0	67	0	0	0	0	0	0	
668945	0	0	0	0	0	0	0	0	0	83	0	0	0	0	0	0	
669699	0	0	0	0	0	0	0	0	0	77	0	0	0	0	0	0	
670451	0	0	0	0	0	0	0	0	0	75	0	0	0	0	0	0	
671199	0	0	0	0	0	0	0	0	0	77	0	0	0	0	0	0	
671947	0	0	0	0	0	0	0	0	0	79	0	0	0	0	0	0	
672697	0	0	0	0	0	0	0	0	0	75	0	0	0	0	0	0	
673448	0	0	0	0	0	0	0	0	0	79	0	0	0	0	0	0	
674197	0	0	0	0	0	0	0	0	0	63	0	0	0	0	0	0	
674947	0	0	0	0	0	0	0	0	0	71	0	0	0	0	0	0	
675701	0	0	0	0	0	0	0	0	0	75	0	0	0	0	0	0	
676449	0	0	0	0	0	0	0	0	0	81	0	0	0	0	0	0	
677199	0	0	0	0	0	0	0	0	0	71	0	0	0	0	0	0	
677947	0	0	0	0	0	0	0	0	0	73	0	0	0	0	0	0	
678694	0	0	0	0	0	0	0	0	0	75	0	0	0	0	0	0	
679440	0	0	0	0	0	0	0	0	0	69	0	0	0	0	0	0	
680188	0	0	0	0	0	0	0	0	0	77	0	0	0	0	0	0	
680941	0	0	0	0	0	0	0	0	0	69	0	0	0	0	0	0	
681687	0	0	0	0	0	0	0	0	0	83	0	0	0	0	0	0	
682438	0	0	0	0	0	0	0	0	0	85	0	0	0	0	0	0	
683186	0	0	0	0	0	0	0	0	0	91	0	0	0	0	0	0	
683937	0	0	0	0	0	0	0	0	0	67	0	0	0	0	0	0	
684688	0	0	0	0	0	0	0	0	0	85	0	0	0	0	0	0	
685439	0	0	0	0	0	0	0	0	0	81	0	0	0	0	0	0	
686188	0	0	0	0	0	0	0	0	0	91	0	0	0	0	0	0	
686939	0	0	0	0	0	0	0	0	97	0	0	0	0	0	0	0	
687688	0	0	0	0	0	0	0	0	85	0	0	0	0	0	0	0	
688440	0	0	0	0	0	0	0	0	0	75	0	0	0	0	0	0	
689190	0	0	0	0	0	0	0	0	0	85	0	0	0	0	0	0	
689941	0	0	0	0	0	0	0	0	0	67	0	0	0	0	0	0	
690693	0	0	0	0	0	0	0	0	0	83	0	0	0	0	0	0	
691447	0	0	0	0	0	0	0	0	0	79	0	0	0	0	0	0	
692197	0	0	0	0	0	0	0	0	0	85	0	0	0	0	0	0	
692945	0	0	0	0	0	0	0	0	0	79	0	0	0	0	0	0	
693694	0	0	0	0	0	0	0	0	0	65	0	0	0	0	0	0	
694443	0	0	0	0	0	0	0	0	0	75	0	0	0	0	0	0	
695192	0	0	0	0	0	0	0	0	0	91	0	0	0	0	0	0	
695944	0	0	0	0	0	0	0	0	0	77	0	0	0	0	0	0	
696694	0	0	0	0	0	0	0	0	0	77	0	0	0	0	0	0	
697441	0	0	0	0	0	0	0	0	0	71	0	0	0	0	0	0	
698191	0	0	0	0	0	0	0	0	0	67	0	0	0	0	0	0	
698947	0	0	0	0	0	0	0	0	0	83	0	0	0	0	0	0	
699694	0	0	0	0	0	0	0	0	0	81	0	0	0	0	0	0	
700439	0	0	0	0	0	0	0	0	0	89	0	0	0	0	0	0	
701189	0	0	0	0	0	0	0	0	85	0	0	0	0	0	0	0	
701938	0	0	0	0	0	0	0	0	87	0	0	0	0	0	0	0	
702688	0	0	0	0	0	0	0	0	87	0	0	0	0	0	0	0	
703439	0	0	0	0	0	0	0	95	0	0	0	0	0	0	0	0	
704187	0	0	0	0	0	0	0	97	0	0	0	0	0	0	0	0	
704934	0	0	0	0	0	0	0	117	0	0	0	0	0	0	0	0	
705686	0	0	0	0	0	0	0	103	0	0	0	0	0	0	0	0	
706436	0	0	0	0	0	0	0	101	0	0	0	0	0	0	0	0	
707184	0	0	0	0	0	0	0	105	0	0	0	0	0	0	0	0	
707933	0	0	0	0	0	0	0	101	0	0	0	0	0	0	0	0	
708683	0	0	0	0	0	0	0	97	0	0	0	0	0	0	0	0	
709436	0	0	0	0	0	0	0	89	0	0	0	0	0	0	0	0	
710188	0	0	0	0	0	0	0	99	0	0	0	0	0	0	0	0	
710940	0	0	0	0	0	0	0	107	0	0	0	0	0	0	0	0	
711686	0	0	0	0	0	0	0	109	0	0	0	0	0	0	0	0	
712437	0	0	0	0	0	0	0	91	0	0	0	0	0	0	0	0	
713187	0	0	0	0	0	0	0	95	0	0	0	0	0	0	0	0	
713941	0	0	0	0	0	0	0	117	0	0	0	0	0	0	0	0	
714691	0	0	0	0	0	0	0	105	0	0	0	0	0	0	0	0	
715439	0	0	0	0	0	0	0	83	0	0	0	0	0	0	0	0	
716192	0	0	0	0	0	0	0	123	0	0	0	0	0	0	0	0	
716942	0	0	0	0	0	0	0	87	0	0	0	0	0	0	0	0	
717690	0	0	0	0	0	0	0	111	0	0	0	0	0	0	0	0	
718438	0	0	0	0	0	0	0	107	0	0	0	0	0	0	0	0	
719186	0	0	0	0	0	0	0	0	87	0	0	0	0	0	0	0	
719935	0	0	0	0	0	0	0	1	78	0	0	0	0	0	0	0	
720686	0	0	0	0	0	0	0	0	101	0	0	0	0	0	0	0	
721434	0	0	0	0	0	0	0	0	85	0	0	0	0	0	0	0	
722187	0	0	0	0	0	0	0	0	89	0	0	0	0	0	0	0	
722940	0	0	0	0	0	0	0	0	95	0	0	0	0	0	0	0	
723687	0	0	0	0	0	0	0	0	89	0	0	0	0	0	0	0	
724437	0	0	0	0	0	0	0	0	83	0	0	0	0	0	0	0	
725188	0	0	0	0	0	0	0	0	91	0	0	0	0	0	0	0	
725937	0	0	0	0	0	0	0	0	83	0	0	0	0	0	0	0	
726688	0	0	0	0	0	0	0	0	109	0	0	0	0	0	0	0	
727438	0	0	0	0	0	0	0	0	85	0	0	0	0	0	0	0	
728185	0	0	0	0	0	0	0	0	83	0	0	0	0	0	0	0	
728934	0	0	0	0	0	0	0	0	81	0	0	0	0	0	0	0	
729684	0	0	0	0	0	0	0	0	89	0	0	0	0	0	0	0	
730435	0	0	0	0	0	0	0	0	101	0	0	0	0	0	0	0	
731183	0	0	0	0	0	0	0	0	87	0	0	0	0	0	0	0	
731935	0	0	0	0	0	0	0	0	75	0	0	0	0	0	0	0	
732685	0	0	0	0	0	0	0	0	77	0	0	0	0	0	0	0	
733435	0	0	0	0	0	0	0	0	89	0	0	0	0	0	0	0	
734184	0	0	0	0	0	0	0	0	105	0	0	0	0	0	0	0	
734931	0	0	0	0	0	0	0	0	97	0	0	0	0	0	0	0	
735683	0	0	0	0	0	0	0	0	87	0	0	0	0	0	0	0	
736434	0	0	0	0	0	0	0	0	93	0	0	0	0	0	0	0	
737181	0	0	0	0	0	0	0	0	77	0	0	0	0	0	0	0	
737931	0	0	0	0	0	0	0	0	67	0	0	0	0	0	0	0	
738682	0	0	0	0	0	0	0	0	83	0	0	0	0	0	0	0	
739429	0	0	0	0	0	0	0	0	89	0	0	0	0	0	0	0	
740176	0	0	0	0	0	0	0	0	97	0	0	0	0	0	0	0	
740926	0	0	0	0	0	0	0	0	89	0	0	0	0	0	0	0	
741674	0	0	0	0	0	0	0	0	113	0	0	0	0	0	0	0	
742428	0	0	0	0	0	0	0	0	77	0	0	0	0	0	0	0	
743179	0	0	0	0	0	0	0	0	103	0	0	0	0	0	0	0	
743930	0	0	0	0	0	0	0	0	101	0	0	0	0	0	0	0	
744679	0	0	0	0	0	0	0	0	0	79	0	0	0	0	0	0	
745430	0	0	0	0	0	0	0	0	0	87	0	0	0	0	0	0	
746181	0	0	0	0	0	0	0	0	91	0	0	0	0	0	0	0	
746930	0	0	0	0	0	0	0	0	91	0	0	0	0	0	0	0	
747681	0	0	0	0	0	0	0	0	95	0	0	0	0	0	0	0	
748433	0	0	0	0	0	0	0	0	90	1	0	0	0	0	0	0	
749185	0	0	0	0	0	0	0	0	91	0	0	0	0	0	0	0	
749935	0	0	0	0	0	0	0	0	101	0	0	0	0	0	0	0	
750686	0	0	0	0	0	0	0	0	87	0	0	0	0	0	0	0	
751436	0	0	0	0	0	0	0	0	81	0	0	0	0	0	0	0	
752189	0	0	0	0	0	0	0	0	111	0	0	0	0	0	0	0	
752940	0	0	0	0	0	0	0	0	73	0	0	0	0	0	0	0	
753688	0	0	0	0	0	0	0	0	85	0	0	0	0	0	0	0	
754437	0	0	0	0	0	0	0	0	95	0	0	0	0	0	0	0	
755188	0	0	0	0	0	0	0	0	111	0	0	0	0	0	0	0	
755938	0	0	0	0	0	0	0	0	83	0	0	0	0	0	0	0	
756688	0	0	0	0	0	0	0	0	91	0	0	0	0	0	0	0	
757438	0	0	0	0	0	0	0	0	89	0	0	0	0	0	0	0	
758190	0	0	0	0	0	0	0	0	87	0	0	0	0	0	0	0	
758943	0	0	0	0	0	0	0	0	73	0	0	0	0	0	0	0	
759695	0	0	0	0	0	0	0	0	99	0	0	0	0	0	0	0	
760443	0	0	0	0	0	0	0	0	79	0	0	0	0	0	0	0	
761194	0	0	0	0	0	0	0	0	113	0	0	0	0	0	0	0	
761945	0	0	0	0	0	0	0	0	83	0	0	0	0	0	0	0	
762697	0	0	0	0	0	0	0	0	87	0	0	0	0	0	0	0	
763449	0	0	0	0	0	0	0	0	95	0	0	0	0	0	0	0	
764201	0	0	0	0	0	0	0	0	89	0	0	0	0	0	0	0	
764953	0	0	0	0	0	0	0	0	91	0	0	0	0	0	0	0	
765702	0	0	0	0	0	0	0	0	89	0	0	0	0	0	0	0	
766450	0	0	0	0	0	0	0	0	87	0	0	0	0	0	0	0	
767201	0	0	0	0	0	0	0	0	77	0	0	0	0	0	0	0	
767950	0	0	0	0	0	0	0	0	85	0	0	0	0	0	0	0	
768701	0	0	0	0	0	0	0	0	0	89	0	0	0	0	0	0	
769451	0	0	0	0	0	0	0	0	0	79	0	0	0	0	0	0	
770197	0	0	0	0	0	0	0	0	0	75	0	0	0	0	0	0	
770949	0	0	0	0	0	0	0	0	0	61	0	0	0	0	0	0	
771696	0	0	0	0	0	0	0	0	0	59	0	0	0	0	0	0	
772445	0	0	0	0	0	0	0	0	0	95	0	0	0	0	0	0	
773194	0	0	0	0	0	0	0	0	0	93	0	0	0	0	0	0	
773946	0	0	0	0	0	0	0	0	0	83	0	0	0	0	0	0	
774696	0	0	0	0	0	0	0	0	0	0	75	0	0	0	0	0	
775442	0	0	0	0	0	0	0	0	0	0	85	0	0	0	0	0	
776192	0	0	0	0	0	0	0	0	0	5	76	0	0	0	0	0	
776945	0	0	0	0	0	0	0	0	0	0	0	57	0	0	0	0	
777695	0	0	0	0	0	0	0	0	0	0	0	53	0	0	0	0	
778446	0	0	0	0	0	0	0	0	0	0	0	65	0	0	0	0	
779197	0	0	0	0	0	0	0	0	0	0	0	67	0	0	0	0	
779948	0	0	0	0	0	0	0	0	0	0	0	77	0	0	0	0	
780697	0	0	0	0	0	0	0	0	0	0	0	67	0	0	0	0	
781443	0	0	0	0	0	0	0	0	0	0	0	75	0	0	0	0	
782193	0	0	0	0	0	0	0	0	0	0	0	65	0	0	0	0	
782942	0	0	0	0	0	0	0	0	0	0	0	65	0	0	0	0	
783693	0	0	0	0	0	0	0	0	0	0	0	85	0	0	0	0	
784443	0	0	0	0	0	0	0	0	0	0	0	57	0	0	0	0	
785193	0	0	0	0	0	0	0	0	0	0	0	79	0	0	0	0	
785943	0	0	0	0	0	0	0	0	0	0	0	0	47	0	0	0	
786696	0	0	0	0	0	0	0	0	0	0	0	0	63	0	0	0	
787446	0	0	0	0	0	0	0	0	0	0	0	0	67	0	0	0	
788193	0	0	0	0	0	0	0	0	0	0	0	0	67	0	0	0	
788942	0	0	0	0	0	0	0	0	0	0	0	0	69	0	0	0	
789696	0	0	0	0	0	0	0	0	0	0	0	0	57	0	0	0	
790443	0	0	0	0	0	0	0	0	0	0	0	0	67	0	0	0	
791196	0	0	0	0	0	0	0	0	0	0	0	0	63	0	0	0	
791949	0	0	0	0	0	0	0	0	0	0	0	0	63	0	0	0	
792699	0	0	0	0	0	0	0	0	0	0	0	0	57	0	0	0	
793450	0	0	0	0	0	0	0	0	0	0	0	0	79	0	0	0	
794200	0	0	0	0	0	0	0	0	0	0	0	0	57	0	0	0	
794951	0	0	0	0	0	0	0	0	0	0	0	0	65	0	0	0	
795702	0	0	0	0	0	0	0	0	0	0	0	51	0	0	0	0	
796455	0	0	0	0	0	0	0	0	0	0	0	67	0	0	0	0	
797206	0	0	0	0	0	0	0	0	0	0	0	63	0	0	0	0	
797955	0	0	0	0	0	0	0	0	0	0	0	69	0	0	0	0	
798707	0	0	0	0	0	0	0	0	0	0	0	71	0	0	0	0	
799458	0	0	0	0	0	0	0	0	0	0	0	79	0	0	0	0	
800208	0	0	0	0	0	0	0	0	0	0	0	51	0	0	0	0	
800960	0	0	0	0	0	0	0	0	0	0	0	67	0	0	0	0	
801709	0	0	0	0	0	0	0	0	0	0	0	53	0	0	0	0	
802461	0	0	0	0	0	0	0	0	0	0	0	73	0	0	0	0	
803210	0	0	0	0	0	0	0	0	0	0	0	55	0	0	0	0	
803959	0	0	0	0	0	0	0	0	0	0	0	59	0	0	0	0	
804708	0	0	0	0	0	0	0	0	0	0	0	69	0	0	0	0	
805455	0	0	0	0	0	0	0	0	0	0	0	65	0	0	0	0	
806203	0	0	0	0	0	0	0	0	0	0	0	67	0	0	0	0	
806955	0	0	0	0	0	0	0	0	0	0	0	79	0	0	0	0	
807705	0	0	0	0	0	0	0	0	0	0	0	51	0	0	0	0	
808456	0	0	0	0	0	0	0	0	0	0	0	53	0	0	0	0	
809205	0	0	0	0	0	0	0	0	0	0	0	67	0	0	0	0	
809953	0	0	0	0	0	0	0	0	0	0	0	85	0	0	0	0	
810706	0	0	0	0	0	0	0	0	0	0	0	63	0	0	0	0	
811452	0	0	0	0	0	0	0	0	0	0	0	0	65	0	0	0	
812201	0	0	0	0	0	0	0	0	0	0	0	0	69	0	0	0	
812948	0	0	0	0	0	0	0	0	0	0	0	0	49	0	0	0	
813694	0	0	0	0	0	0	0	0	0	0	0	0	65	0	0	0	
814442	0	0	0	0	0	0	0	0	0	0	0	0	79	0	0	0	
815194	0	0	0	0	0	0	0	0	0	0	0	85	0	0	0	0	
815948	0	0	0	0	0	0	0	0	0	0	0	45	0	0	0	0	
816699	0	0	0	0	0	0	0	0	0	0	0	61	0	0	0	0	
817448	0	0	0	0	0	0	0	0	0	0	0	0	63	0	0	0	
818197	0	0	0	0	0	0	0	0	0	0	0	0	73	0	0	0	
818946	0	0	0	0	0	0	0	0	0	0	0	0	67	0	0	0	
819696	0	0	0	0	0	0	0	0	0	0	0	0	51	0	0	0	
820450	0	0	0	0	0	0	0	0	0	0	0	0	63	0	0	0	
821200	0	0	0	0	0	0	0	0	0	0	0	0	61	0	0	0	
821950	0	0	0	0	0	0	0	0	0	0	0	0	0	63	0	0	
822700	0	0	0	0	0	0	0	0	0	0	0	0	0	0	51	0	
823448	0	0	0	0	0	0	0	0	0	0	0	0	0	0	41	0	
824197	0	0	0	0	0	0	0	0	0	0	0	0	0	0	57	0	
824949	0	0	0	0	0	0	0	0	0	0	0	0	0	0	65	0	
825702	0	0	0	0	0	0	0	0	0	0	0	0	0	0	61	0	
826454	0	0	0	0	0	0	0	0	0	0	0	0	0	0	51	0	
827203	0	0	0	0	0	0	0	0	0	0	0	0	0	0	53	0	
827951	0	0	0	0	0	0	0	0	0	0	0	0	0	0	47	0	
828701	0	0	0	0	0	0	0	0	0	0	0	0	0	0	11	32	
829453	0	0	0	0	0	0	0	0	0	0	0	0	0	0	0	53	
830201	0	0	0	0	0	0	0	0	0	0	0	0	0	0	0	51	
830949	0	0	0	0	0	0	0	0	0	0	0	0	0	0	0	53	
831697	0	0	0	0	0	0	0	0	0	0	0	0	0	0	0	47	
832444	0	0	0	0	0	0	0	0	0	0	0	0	0	0	0	45	
833196	0	0	0	0	0	0	0	0	0	0	0	0	0	0	0	47	
833946	0	0	0	0	0	0	0	0	0	0	0	0	0	0	0	37	
834693	0	0	0	0	0	0	0	0	0	0	0	0	0	0	0	51	
835444	0	0	0	0	0	0	0	0	0	0	0	0	0	0	0	67	
836194	0	0	0	0	0	0	0	0	0	0	0	0	0	0	0	39	
836942	0	0	0	0	0	0	0	0	0	0	0	0	0	0	0	51	
837693	0	0	0	0	0	0	0	0	0	0	0	0	0	0	0	67	
838443	0	0	0	0	0	0	0	0	0	0	0	0	0	0	0	49	
839191	0	0	0	0	0	0	0	0	0	0	0	0	0	0	0	49	
839938	0	0	0	0	0	0	0	0	0	0	0	0	0	0	0	47	
840689	0	0	0	0	0	0	0	0	0	0	0	0	0	0	0	49	
841438	0	0	0	0	0	0	0	0	0	0	0	0	0	0	0	69	
842188	0	0	0	0	0	0	0	0	0	0	0	0	0	0	0	61	
842937	0	0	0	0	0	0	0	0	0	0	0	0	0	0	0	43	
843687	0	0	0	0	0	0	0	0	0	0	0	0	0	0	0	49	
844439	0	0	0	0	0	0	0	0	0	0	0	0	0	0	0	37	
845190	0	0	0	0	0	0	0	0	0	0	0	0	0	0	0	57	
845941	0	0	0	0	0	0	0	0	0	0	0	0	0	0	0	49	
846691	0	0	0	0	0	0	0	0	0	0	0	0	0	0	0	51	
847440	0	0	0	0	0	0	0	0	0	0	0	0	0	0	0	39	
848191	0	0	0	0	0	0	0	0	0	0	0	0	0	0	0	45	
848942	0	0	0	0	0	0	0	0	0	0	0	0	0	0	0	47	
849691	0	0	0	0	0	0	0	0	0	0	0	0	0	0	0	47	
850444	0	0	0	0	0	0	0	0	0	0	0	0	0	0	0	53	
851195	0	0	0	0	0	0	0	0	0	0	0	0	0	0	0	41	
851947	0	0	0	0	0	0	0	0	0	0	0	0	0	0	0	55	
852699	0	0	0	0	0	0	0	0	0	0	0	0	0	0	0	43	
853450	0	0	0	0	0	0	0	0	0	0	0	0	0	0	0	51	
854202	0	0	0	0	0	0	0	0	0	0	0	0	0	0	0	35	
854950	0	0	0	0	0	0	0	0	0	0	0	0	0	0	0	51	
855697	0	0	0	0	0	0	0	0	0	0	0	0	0	0	0	55	
856445	0	0	0	0	0	0	0	0	0	0	0	0	0	0	0	57	
857198	0	0	0	0	0	0	0	0	0	0	0	0	0	0	0	51	
857946	0	0	0	0	0	0	0	0	0	0	0	0	0	0	63	0	
858695	0	0	0	0	0	0	0	0	0	0	0	0	0	0	49	0	
859443	0	0	0	0	0	0	0	0	0	0	0	0	0	0	51	0	
860193	0	0	0	0	0	0	0	0	0	0	0	0	0	0	45	0	
860943	0	0	0	0	0	0	0	0	0	0	0	0	0	0	45	0	
861692	0	0	0	0	0	0	0	0	0	0	0	0	0	0	51	0	
862442	0	0	0	0	0	0	0	0	0	0	0	0	0	0	37	0	
863192	0	0	0	0	0	0	0	0	0	0	0	0	0	0	51	0	
863944	0	0	0	0	0	0	0	0	0	0	0	0	0	0	61	0	
864696	0	0	0	0	0	0	0	0	0	0	0	0	0	0	55	0	
865447	0	0	0	0	0	0	0	0	0	0	0	0	0	0	49	0	
866194	0	0	0	0	0	0	0	0	0	0	0	0	0	0	0	51	
866943	0	0	0	0	0	0	0	0	0	0	0	0	0	0	0	51	
867694	0	0	0	0	0	0	0	0	0	0	0	0	0	0	67	0	
868443	0	0	0	0	0	0	0	0	0	0	0	0	0	0	41	0	
869194	0	0	0	0	0	0	0	0	0	0	0	0	0	0	59	0	
869948	0	0	0	0	0	0	0	0	0	0	0	0	0	0	59	0	
870698	0	0	0	0	0	0	0	0	0	0	0	0	0	0	51	0	
871449	0	0	0	0	0	0	0	0	0	0	0	0	0	0	55	0	
872199	0	0	0	0	0	0	0	0	0	0	0	0	0	0	51	0	
872949	0	0	0	0	0	0	0	0	0	0	0	0	0	0	57	0	
873698	0	0	0	0	0	0	0	0	0	0	0	0	0	0	53	0	
874450	0	0	0	0	0	0	0	0	0	0	0	0	0	0	51	0	
875201	0	0	0	0	0	0	0	0	0	0	0	0	0	0	59	0	
875951	0	0	0	0	0	0	0	0	0	0	0	0	0	0	63	0	
876700	0	0	0	0	0	0	0	0	0	0	0	0	0	0	53	0	
877449	0	0	0	0	0	0	0	0	0	0	0	0	0	53	0	0	
878199	0	0	0	0	0	0	0	0	0	0	0	0	0	57	0	0	
878949	0	0	0	0	0	0	0	0	0	0	0	0	0	47	0	0	
879702	0	0	0	0	0	0	0	0	0	0	0	0	0	47	0	0	
880453	0	0	0	0	0	0	0	0	0	0	0	0	0	59	0	0	
881203	0	0	0	0	0	0	0	0	0	0	0	0	0	47	0	0	
881952	0	0	0	0	0	0	0	0	0	0	0	0	0	59	0	0	
882701	0	0	0	0	0	0	0	0	0	0	0	0	0	55	0	0	
883449	0	0	0	0	0	0	0	0	0	0	0	0	0	41	0	0	
884201	0	0	0	0	0	0	0	0	0	0	0	0	0	59	0	0	
884952	0	0	0	0	0	0	0	0	0	0	0	0	0	57	0	0	
885704	0	0	0	0	0	0	0	0	0	0	0	0	0	59	0	0	
886458	0	0	0	0	0	0	0	0	0	0	0	0	0	79	0	0	
887207	0	0	0	0	0	0	0	0	0	0	0	0	0	49	0	0	
887958	0	0	0	0	0	0	0	0	0	0	0	0	0	55	0	0	
888705	0	0	0	0	0	0	0	0	0	0	0	0	0	57	0	0	
889456	0	0	0	0	0	0	0	0	0	0	0	0	0	53	0	0	
890205	0	0	0	0	0	0	0	0	0	0	0	0	0	45	0	0	
890956	0	0	0	0	0	0	0	0	0	0	0	0	2	57	0	0	
891706	0	0	0	0	0	0	0	0	0	0	0	0	0	63	0	0	
892455	0	0	0	0	0	0	0	0	0	0	0	0	0	65	0	0	
893207	0	0	0	0	0	0	0	0	0	0	0	0	0	53	0	0	
893953	0	0	0	0	0	0	0	0	0	0	0	0	0	61	0	0	
894700	0	0	0	0	0	0	0	0	0	0	0	0	0	71	0	0	
895450	0	0	0	0	0	0	0	0	0	0	0	0	0	53	0	0	
896199	0	0	0	0	0	0	0	0	0	0	0	0	0	63	0	0	
896950	0	0	0	0	0	0	0	0	0	0	0	0	0	43	0	0	
897699	0	0	0	0	0	0	0	0	0	0	0	0	0	55	0	0	
898448	0	0	0	0	0	0	0	0	0	0	0	0	0	59	0	0	
899199	0	0	0	0	0	0	0	0	0	0	0	0	0	51	0	0	
899951	0	0	0	0	0	0	0	0	0	0	0	0	0	44	1	0	
900700	0	0	0	0	0	0	0	0	0	0	0	0	0	51	0	0	
901449	0	0	0	0	0	0	0	0	0	0	0	0	0	65	0	0	
902202	0	0	0	0	0	0	0	0	0	0	0	0	0	0	61	0	
902958	0	0	0	0	0	0	0	0	0	0	0	0	0	0	57	0	
903704	0	0	0	0	0	0	0	0	0	0	0	0	0	0	57	0	
904453	0	0	0	0	0	0	0	0	0	0	0	0	0	0	0	51	
905205	0	0	0	0	0	0	0	0	0	0	0	0	0	0	0	55	
905956	0	0	0	0	0	0	0	0	0	0	0	0	0	0	0	47	
906707	0	0	0	0	0	0	0	0	0	0	0	0	0	0	0	47	
907460	0	0	0	0	0	0	0	0	0	0	0	0	0	0	0	49	
908210	0	0	0	0	0	0	0	0	0	0	0	0	0	0	0	53	
908958	0	0	0	0	0	0	0	0	0	0	0	0	0	0	0	55	
909707	0	0	0	0	0	0	0	0	0	0	0	0	0	0	3	48	
910459	0	0	0	0	0	0	0	0	0	0	0	0	0	0	0	51	
911210	0	0	0	0	0	0	0	0	0	0	0	0	0	0	0	57	
911962	0	0	0	0	0	0	0	0	0	0	0	0	0	0	0	49	
912715	0	0	0	0	0	0	0	0	0	0	0	0	0	0	0	55	
913466	0	0	0	0	0	0	0	0	0	0	0	0	0	0	0	47	
914215	0	0	0	0	0	0	0	0	0	0	0	0	0	0	0	51	
914966	0	0	0	0	0	0	0	0	0	0	0	0	0	0	0	39	
915718	0	0	0	0	0	0	0	0	0	0	0	0	0	0	0	53	
916471	0	0	0	0	0	0	0	0	0	0	0	0	0	0	0	51	
917223	0	0	0	0	0	0	0	0	0	0	0	0	0	0	0	53	
917972	0	0	0	0	0	0	0	0	0	0	0	0	0	0	0	37	
918721	0	0	0	0	0	0	0	0	0	0	0	0	0	0	0	59	
919468	0	0	0	0	0	0	0	0	0	0	0	0	0	0	0	51	
920221	0	0	0	0	0	0	0	0	0	0	0	0	0	0	65	0	
920971	0	0	0	0	0	0	0	0	0	0	0	0	0	0	0	59	
921719	0	0	0	0	0	0	0	0	0	0	0	0	0	0	63	0	
922472	0	0	0	0	0	0	0	0	0	0	0	0	0	0	53	0	
923220	0	0	0	0	0	0	0	0	0	0	0	0	0	0	55	0	
923971	0	0	0	0	0	0	0	0	0	0	0	0	0	0	49	0	
924719	0	0	0	0	0	0	0	0	0	0	0	0	0	0	57	0	
925474	0	0	0	0	0	0	0	0	0	0	0	0	0	0	53	0	
926223	0	0	0	0	0	0	0	0	0	0	0	0	0	0	45	0	
926973	0	0	0	0	0	0	0	0	0	0	0	0	0	0	69	0	
927722	0	0	0	0	0	0	0	0	0	0	0	0	0	0	61	0	
928475	0	0	0	0	0	0	0	0	0	0	0	0	0	0	67	0	
929225	0	0	0	0	0	0	0	0	0	0	0	0	0	0	53	0	
929976	0	0	0	0	0	0	0	0	0	0	0	0	0	0	49	0	
930725	0	0	0	0	0	0	0	0	0	0	0	0	0	0	57	0	
931477	0	0	0	0	0	0	0	0	0	0	0	0	0	0	39	6	
932230	0	0	0	0	0	0	0	0	0	0	0	0	0	0	57	0	
932980	0	0	0	0	0	0	0	0	0	0	0	0	0	0	53	0	
933729	0	0	0	0	0	0	0	0	0	0	0	0	0	0	59	0	
934480	0	0	0	0	0	0	0	0	0	0	0	0	0	0	53	0	
935230	0	0	0	0	0	0	0	0	0	0	0	0	0	0	53	0	
935980	0	0	0	0	0	0	0	0	0	0	0	0	0	0	61	0	
936728	0	0	0	0	0	0	0	0	0	0	0	0	0	0	51	0	
937481	0	0	0	0	0	0	0	0	0	0	0	0	0	0	0	39	
938235	0	0	0	0	0	0	0	0	0	0	0	0	0	0	49	0	
938984	0	0	0	0	0	0	0	0	0	0	0	0	0	0	49	0	
939734	0	0	0	0	0	0	0	0	0	0	0	0	0	0	61	0	
940482	0	0	0	0	0	0	0	0	0	0	0	0	0	0	53	0	
941230	0	0	0	0	0	0	0	0	0	0	0	0	0	0	37	0	
941978	0	0	0	0	0	0	0	0	0	0	0	0	0	0	49	0	
942725	0	0	0	0	0	0	0	0	0	0	0	0	0	0	59	0	
943473	0	0	0	0	0	0	0	0	0	0	0	0	0	0	55	0	
944222	0	0	0	0	0	0	0	0	0	0	0	0	0	0	61	0	
944970	0	0	0	0	0	0	0	0	0	0	0	0	0	0	53	0	
945719	0	0	0	0	0	0	0	0	0	0	0	0	0	0	47	0	
946469	0	0	0	0	0	0	0	0	0	0	0	0	0	0	49	0	
947219	0	0	0	0	0	0	0	0	0	0	0	0	0	0	41	0	
947970	0	0	0	0	0	0	0	0	0	0	0	0	0	0	41	0	
948721	0	0	0	0	0	0	0	0	0	0	0	0	0	0	61	0	
949471	0	0	0	0	0	0	0	0	0	0	0	0	0	0	55	0	
950222	0	0	0	0	0	0	0	0	0	0	0	0	0	0	43	0	
950975	0	0	0	0	0	0	0	0	0	0	0	0	0	0	51	0	
951726	0	0	0	0	0	0	0	0	0	0	0	0	0	0	47	0	
952481	0	0	0	0	0	0	0	0	0	0	0	0	0	0	49	0	
953232	0	0	0	0	0	0	0	0	0	0	0	0	0	0	53	0	
953979	0	0	0	0	0	0	0	0	0	0	0	0	0	0	63	0	
954730	0	0	0	0	0	0	0	0	0	0	0	0	0	0	47	0	
955478	0	0	0	0	0	0	0	0	0	0	0	0	0	0	71	0	
956229	0	0	0	0	0	0	0	0	0	0	0	0	0	0	43	0	
956980	0	0	0	0	0	0	0	0	0	0	0	0	0	0	47	0	
957730	0	0	0	0	0	0	0	0	0	0	0	0	0	0	57	0	
958480	0	0	0	0	0	0	0	0	0	0	0	0	0	0	47	0	
959229	0	0	0	0	0	0	0	0	0	0	0	0	0	0	61	0	
959978	0	0	0	0	0	0	0	0	0	0	0	0	0	0	0	57	
960729	0	0	0	0	0	0	0	0	0	0	0	0	0	0	0	55	
961480	0	0	0	0	0	0	0	0	0	0	0	0	0	0	0	43	
962232	0	0	0	0	0	0	0	0	0	0	0	0	0	0	0	45	
962985	0	0	0	0	0	0	0	0	0	0	0	0	0	0	53	0	
963732	0	0	0	0	0	0	0	0	0	0	0	0	0	0	59	0	
964482	0	0	0	0	0	0	0	0	0	0	0	0	0	0	39	0	
965233	0	0	0	0	0	0	0	0	0	0	0	0	0	0	49	0	
965983	0	0	0	0	0	0	0	0	0	0	0	0	0	0	55	0	
966736	0	0	0	0	0	0	0	0	0	0	0	0	0	0	53	0	
967486	0	0	0	0	0	0	0	0	0	0	0	0	0	0	45	0	
968238	0	0	0	0	0	0	0	0	0	0	0	0	0	0	47	0	
968992	0	0	0	0	0	0	0	0	0	0	0	0	0	0	0	41	
969746	0	0	0	0	0	0	0	0	0	0	0	0	0	0	0	45	
970499	0	0	0	0	0	0	0	0	0	0	0	0	0	0	0	63	
971246	0	0	0	0	0	0	0	0	0	0	0	0	0	0	0	57	
971998	0	0	0	0	0	0	0	0	0	0	0	0	0	0	0	65	
972748	0	0	0	0	0	0	0	0	0	0	0	0	0	0	0	51	
973498	0	0	0	0	0	0	0	0	0	0	0	0	0	0	0	55	
974248	0	0	0	0	0	0	0	0	0	0	0	0	0	0	0	59	
974993	0	0	0	0	0	0	0	0	0	0	0	0	0	0	0	49	
975743	0	0	0	0	0	0	0	0	0	0	0	0	0	0	0	47	
976494	0	0	0	0	0	0	0	0	0	0	0	0	0	0	0	51	
977241	0	0	0	0	0	0	0	0	0	0	0	0	0	0	0	39	
977992	0	0	0	0	0	0	0	0	0	0	0	0	0	0	0	49	
978741	0	0	0	0	0	0	0	0	0	0	0	0	0	0	0	53	
979491	0	0	0	0	0	0	0	0	0	0	0	0	0	0	0	45	
980239	0	0	0	0	0	0	0	0	0	0	0	0	0	0	0	47	
980987	0	0	0	0	0	0	0	0	0	0	0	0	0	0	0	41	
981733	0	0	0	0	0	0	0	0	0	0	0	0	0	0	0	49	
982483	0	0	0	0	0	0	0	0	0	0	0	0	0	0	0	47	
983235	0	0	0	0	0	0	0	0	0	0	0	0	0	0	0	63	
983988	0	0	0	0	0	0	0	0	0	0	0	0	0	0	0	61	
984737	0	0	0	0	0	0	0	0	0	0	0	0	0	0	0	39	
985486	0	0	0	0	0	0	0	0	0	0	0	0	0	0	0	57	
986234	0	0	0	0	0	0	0	0	0	0	0	0	0	0	0	57	
986987	0	0	0	0	0	0	0	0	0	0	0	0	0	0	59	0	
987733	0	0	0	0	0	0	0	0	0	0	0	0	0	0	45	0	
988483	0	0	0	0	0	0	0	0	0	0	0	0	0	0	63	0	
989229	0	0	0	0	0	0	0	0	0	0	0	0	0	0	0	55	
989977	0	0	0	0	0	0	0	0	0	0	0	0	0	0	0	57	
990726	0	0	0	0	0	0	0	0	0	0	0	0	0	0	0	51	
991478	0	0	0	0	0	0	0	0	0	0	0	0	0	0	0	53	
992230	0	0	0	0	0	0	0	0	0	0	0	0	0	0	0	47	
992977	0	0	0	0	0	0	0	0	0	0	0	0	0	0	0	43	
993725	0	0	0	0	0	0	0	0	0	0	0	0	0	0	0	51	
994475	0	0	0	0	0	0	0	0	0	0	0	0	0	0	0	47	
995223	0	0	0	0	0	0	0	0	0	0	0	0	0	0	0	43	
995970	0	0	0	0	0	0	0	0	0	0	0	0	0	0	0	49	
996718	0	0	0	0	0	0	0	0	0	0	0	0	0	0	0	47	
997470	0	0	0	0	0	0	0	0	0	0	0	0	0	0	0	47	
998218	0	0	0	0	0	0	0	0	0	0	0	0	0	0	0	53	
998969	0	0	0	0	0	0	0	0	0	0	0	0	0	0	0	61	
999721	0	0	0	0	0	0	0	0	0	0	0	0	0	0	0	55	
1.00047e+06	0	0	0	0	0	0	0	0	0	0	0	0	0	0	0	43	
1.00122e+06	0	0	0	0	0	0	0	0	0	0	0	0	0	0	0	45	
1.00197e+06	0	0	0	0	0	0	0	0	0	0	0	0	0	0	0	63	
1.00273e+06	0	0	0	0	0	0	0	0	0	0	0	0	0	0	0	47	
1.00348e+06	0	0	0	0	0	0	0	0	0	0	0	0	0	0	63	0	
1.00423e+06	0	0	0	0	0	0	0	0	0	0	0	0	0	0	51	0	
1.00497e+06	0	0	0	0	0	0	0	0	0	0	0	0	0	0	45	0	
1.00572e+06	0	0	0	0	0	0	0	0	0	0	0	0	0	0	59	0	
1.00647e+06	0	0	0	0	0	0	0	0	0	0	0	0	0	0	55	0	
1.00722e+06	0	0	0	0	0	0	0	0	0	0	0	0	0	0	57	0	
1.00797e+06	0	0	0	0	0	0	0	0	0	0	0	0	0	0	65	0	
1.00872e+06	0	0	0	0	0	0	0	0	0	0	0	0	0	0	0	39	
1.00946e+06	0	0	0	0	0	0	0	0	0	0	0	0	0	0	0	49	
1.01022e+06	0	0	0	0	0	0	0	0	0	0	0	0	0	0	0	47	
1.01097e+06	0	0	0	0	0	0	0	0	0	0	0	0	0	0	0	53	
1.01172e+06	0	0	0	0	0	0	0	0	0	0	0	0	0	0	0	47	
1.01247e+06	0	0	0	0	0	0	0	0	0	0	0	0	0	0	0	35	
1.01322e+06	0	0	0	0	0	0	0	0	0	0	0	0	0	0	0	41	
1.01396e+06	0	0	0	0	0	0	0	0	0	0	0	0	0	0	0	55	
1.01471e+06	0	0	0	0	0	0	0	0	0	0	0	0	0	0	0	51	
1.01546e+06	0	0	0	0	0	0	0	0	0	0	0	0	0	0	61	0	
1.01621e+06	0	0	0	0	0	0	0	0	0	0	0	0	0	0	47	0	
1.01696e+06	0	0	0	0	0	0	0	0	0	0	0	0	0	0	55	0	
1.01771e+06	0	0	0	0	0	0	0	0	0	0	0	0	0	0	49	0	
1.01846e+06	0	0	0	0	0	0	0	0	0	0	0	0	0	0	53	0	
1.01921e+06	0	0	0	0	0	0	0	0	0	0	0	0	0	0	49	0	
1.01996e+06	0	0	0	0	0	0	0	0	0	0	0	0	0	0	51	0	
1.02071e+06	0	0	0	0	0	0	0	0	0	0	0	0	0	0	65	0	
1.02146e+06	0	0	0	0	0	0	0	0	0	0	0	0	0	0	51	0	
1.02221e+06	0	0	0	0	0	0	0	0	0	0	0	0	0	0	53	0	
1.02296e+06	0	0	0	0	0	0	0	0	0	0	0	0	0	0	0	43	
1.02371e+06	0	0	0	0	0	0	0	0	0	0	0	0	0	0	0	43	
1.02446e+06	0	0	0	0	0	0	0	0	0	0	0	0	0	0	45	0	
1.02521e+06	0	0	0	0	0	0	0	0	0	0	0	0	0	0	39	0	
1.02596e+06	0	0	0	0	0	0	0	0	0	0	0	0	0	0	51	0	
1.02671e+06	0	0	0	0	0	0	0	0	0	0	0	0	0	0	53	0	
1.02746e+06	0	0	0	0	0	0	0	0	0	0	0	0	0	0	55	0	
1.02821e+06	0	0	0	0	0	0	0	0	0	0	0	0	0	0	0	63	
1.02896e+06	0	0	0	0	0	0	0	0	0	0	0	0	0	0	0	49	
1.02971e+06	0	0	0	0	0	0	0	0	0	0	0	0	0	0	0	45	
1.03046e+06	0	0	0	0	0	0	0	0	0	0	0	0	0	0	0	45	
1.03121e+06	0	0	0	0	0	0	0	0	0	0	0	0	0	0	0	43	
1.03196e+06	0	0	0	0	0	0	0	0	0	0	0	0	0	0	0	47	
1.03271e+06	0	0	0	0	0	0	0	0	0	0	0	0	0	0	0	55	
1.03346e+06	0	0	0	0	0	0	0	0	0	0	0	0	0	0	0	51	
1.03421e+06	0	0	0	0	0	0	0	0	0	0	0	0	0	0	0	53	
1.03496e+06	0	0	0	0	0	0	0	0	0	0	0	0	0	0	0	43	
1.03571e+06	0	0	0	0	0	0	0	0	0	0	0	0	0	0	0	47	
1.03645e+06	0	0	0	0	0	0	0	0	0	0	0	0	0	0	0	41	
1.03721e+06	0	0	0	0	0	0	0	0	0	0	0	0	0	0	0	55	
1.03796e+06	0	0	0	0	0	0	0	0	0	0	0	0	0	0	0	59	
1.03871e+06	0	0	0	0	0	0	0	0	0	0	0	0	0	0	0	47	
1.03946e+06	0	0	0	0	0	0	0	0	0	0	0	0	0	0	0	49	
1.04021e+06	0	0	0	0	0	0	0	0	0	0	0	0	0	0	61	0	
1.04096e+06	0	0	0	0	0	0	0	0	0	0	0	0	0	0	51	0	
1.04171e+06	0	0	0	0	0	0	0	0	0	0	0	0	0	59	0	0	
1.04246e+06	0	0	0	0	0	0	0	0	0	0	0	0	0	45	0	0	
1.04321e+06	0	0	0	0	0	0	0	0	0	0	0	0	0	55	0	0	
1.04396e+06	0	0	0	0	0	0	0	0	0	0	0	0	0	51	0	0	
1.04471e+06	0	0	0	0	0	0	0	0	0	0	0	0	63	0	0	0	
1.04546e+06	0	0	0	0	0	0	0	0	0	0	0	0	81	0	0	0	
1.04621e+06	0	0	0	0	0	0	0	0	0	0	0	0	67	0	0	0	
1.04696e+06	0	0	0	0	0	0	0	0	0	0	0	0	71	0	0	0	
1.04771e+06	0	0	0	0	0	0	0	0	0	0	0	0	57	0	0	0	
1.04847e+06	0	0	0	0	0	0	0	0	0	0	0	0	41	0	0	0	
1.04921e+06	0	0	0	0	0	0	0	0	0	0	0	0	63	0	0	0	
1.04996e+06	0	0	0	0	0	0	0	0	0	0	0	0	0	63	0	0	
1.05071e+06	0	0	0	0	0	0	0	0	0	0	0	0	0	55	0	0	
1.05146e+06	0	0	0	0	0	0	0	0	0	0	0	0	0	59	0	0	
1.05221e+06	0	0	0	0	0	0	0	0	0	0	0	0	0	69	0	0	
1.05296e+06	0	0	0	0	0	0	0	0	0	0	0	0	0	53	0	0	
1.05372e+06	0	0	0	0	0	0	0	0	0	0	0	0	0	43	0	0	
1.05447e+06	0	0	0	0	0	0	0	0	0	0	0	0	0	51	0	0	
1.05522e+06	0	0	0	0	0	0	0	0	0	0	0	0	0	51	0	0	
1.05597e+06	0	0	0	0	0	0	0	0	0	0	0	0	0	63	0	0	
1.05671e+06	0	0	0	0	0	0	0	0	0	0	0	0	0	51	0	0	
1.05746e+06	0	0	0	0	0	0	0	0	0	0	0	0	61	0	0	0	
1.05821e+06	0	0	0	0	0	0	0	0	0	0	0	0	57	0	0	0	
1.05897e+06	0	0	0	0	0	0	0	0	0	0	0	0	61	0	0	0	
1.05972e+06	0	0	0	0	0	0	0	0	0	0	0	9	60	0	0	0	
1.06047e+06	0	0	0	0	0	0	0	0	0	0	0	0	69	0	0	0	
1.06122e+06	0	0	0	0	0	0	0	0	0	0	0	0	49	0	0	0	
1.06197e+06	0	0	0	0	0	0	0	0	0	0	0	0	49	0	0	0	
1.06271e+06	0	0	0	0	0	0	0	0	0	0	0	0	63	0	0	0	
1.06347e+06	0	0	0	0	0	0	0	0	0	0	0	0	59	0	0	0	
1.06421e+06	0	0	0	0	0	0	0	0	0	0	0	0	93	0	0	0	
1.06496e+06	0	0	0	0	0	0	0	0	0	0	0	0	57	0	0	0	
1.06571e+06	0	0	0	0	0	0	0	0	0	0	0	81	0	0	0	0	
1.06646e+06	0	0	0	0	0	0	0	0	0	0	0	85	0	0	0	0	
1.06722e+06	0	0	0	0	0	0	0	0	0	0	0	71	0	0	0	0	
1.06796e+06	0	0	0	0	0	0	0	0	0	0	0	65	0	0	0	0	
1.06871e+06	0	0	0	0	0	0	0	0	0	0	0	69	0	0	0	0	
1.06946e+06	0	0	0	0	0	0	0	0	0	0	0	79	0	0	0	0	
1.07021e+06	0	0	0	0	0	0	0	0	0	0	0	59	0	0	0	0	
1.07096e+06	0	0	0	0	0	0	0	0	0	0	0	77	0	0	0	0	
1.07171e+06	0	0	0	0	0	0	0	0	0	0	0	61	0	0	0	0	
1.07246e+06	0	0	0	0	0	0	0	0	0	0	0	73	0	0	0	0	
1.07321e+06	0	0	0	0	0	0	0	0	0	0	0	69	0	0	0	0	
1.07396e+06	0	0	0	0	0	0	0	0	0	0	0	61	0	0	0	0	
1.07471e+06	0	0	0	0	0	0	0	0	0	0	0	61	0	0	0	0	
1.07546e+06	0	0	0	0	0	0	0	0	0	0	0	59	0	0	0	0	
1.07621e+06	0	0	0	0	0	0	0	0	0	0	0	79	0	0	0	0	
1.07696e+06	0	0	0	0	0	0	0	0	0	0	0	57	0	0	0	0	
1.07771e+06	0	0	0	0	0	0	0	0	0	0	17	50	0	0	0	0	
1.07846e+06	0	0	0	0	0	0	0	0	0	0	73	0	0	0	0	0	
1.07921e+06	0	0	0	0	0	0	0	0	0	0	73	0	0	0	0	0	
1.07997e+06	0	0	0	0	0	0	0	0	0	0	69	0	0	0	0	0	
1.08072e+06	0	0	0	0	0	0	0	0	0	0	77	0	0	0	0	0	
1.08147e+06	0	0	0	0	0	0	0	0	0	0	69	0	0	0	0	0	
1.08222e+06	0	0	0	0	0	0	0	0	0	0	69	0	0	0	0	0	
1.08297e+06	0	0	0	0	0	0	0	0	0	0	71	0	0	0	0	0	
1.08372e+06	0	0	0	0	0	0	0	0	0	0	83	0	0	0	0	0	
1.08447e+06	0	0	0	0	0	0	0	0	0	0	65	0	0	0	0	0	
1.08522e+06	0	0	0	0	0	0	0	0	0	0	73	0	0	0	0	0	
1.08597e+06	0	0	0	0	0	0	0	0	0	0	69	0	0	0	0	0	
1.08672e+06	0	0	0	0	0	0	0	0	0	0	61	0	0	0	0	0	
1.08747e+06	0	0	0	0	0	0	0	0	0	0	89	0	0	0	0	0	
1.08822e+06	0	0	0	0	0	0	0	0	0	0	71	0	0	0	0	0	
1.08897e+06	0	0	0	0	0	0	0	0	0	0	59	0	0	0	0	0	
1.08972e+06	0	0	0	0	0	0	0	0	0	0	73	0	0	0	0	0	
1.09047e+06	0	0	0	0	0	0	0	0	0	0	77	0	0	0	0	0	
1.09122e+06	0	0	0	0	0	0	0	0	0	0	93	0	0	0	0	0	
1.09197e+06	0	0	0	0	0	0	0	0	0	0	0	69	0	0	0	0	
1.09272e+06	0	0	0	0	0	0	0	0	0	0	0	59	0	0	0	0	
1.09347e+06	0	0	0	0	0	0	0	0	0	0	0	67	0	0	0	0	
1.09422e+06	0	0	0	0	0	0	0	0	0	0	49	0	0	0	0	0	
1.09496e+06	0	0	0	0	0	0	0	0	0	0	63	0	0	0	0	0	
1.09571e+06	0	0	0	0	0	0	0	0	0	0	63	0	0	0	0	0	
1.09646e+06	0	0	0	0	0	0	0	0	0	0	71	0	0	0	0	0	
1.09721e+06	0	0	0	0	0	0	0	0	0	0	71	0	0	0	0	0	
1.09796e+06	0	0	0	0	0	0	0	0	0	0	75	0	0	0	0	0	
1.09872e+06	0	0	0	0	0	0	0	0	0	0	77	0	0	0	0	0	
1.09947e+06	0	0	0	0	0	0	0	0	0	0	73	0	0	0	0	0	
1.10022e+06	0	0	0	0	0	0	0	0	0	0	75	0	0	0	0	0	
1.10097e+06	0	0	0	0	0	0	0	0	0	0	87	0	0	0	0	0	
1.10172e+06	0	0	0	0	0	0	0	0	0	0	71	0	0	0	0	0	
1.10247e+06	0	0	0	0	0	0	0	0	0	0	93	0	0	0	0	0	
1.10321e+06	0	0	0	0	0	0	0	0	0	0	79	0	0	0	0	0	
1.10396e+06	0	0	0	0	0	0	0	0	0	0	69	0	0	0	0	0	
1.10471e+06	0	0	0	0	0	0	0	0	0	0	89	0	0	0	0	0	
1.10546e+06	0	0	0	0	0	0	0	0	0	0	83	0	0	0	0	0	
1.10621e+06	0	0	0	0	0	0	0	0	0	89	0	0	0	0	0	0	
1.10697e+06	0	0	0	0	0	0	0	0	0	87	0	0	0	0	0	0	
1.10772e+06	0	0	0	0	0	0	0	0	0	95	0	0	0	0	0	0	
1.10847e+06	0	0	0	0	0	0	0	0	0	79	0	0	0	0	0	0	
1.10922e+06	0	0	0	0	0	0	0	0	0	83	0	0	0	0	0	0	
1.10997e+06	0	0	0	0	0	0	0	0	0	75	0	0	0	0	0	0	
1.11072e+06	0	0	0	0	0	0	0	0	0	83	0	0	0	0	0	0	
1.11147e+06	0	0	0	0	0	0	0	0	0	89	0	0	0	0	0	0	
1.11222e+06	0	0	0	0	0	0	0	0	0	87	0	0	0	0	0	0	
1.11297e+06	0	0	0	0	0	0	0	0	0	71	0	0	0	0	0	0	
1.11372e+06	0	0	0	0	0	0	0	0	0	91	0	0	0	0	0	0	
1.11447e+06	0	0	0	0	0	0	0	0	0	83	0	0	0	0	0	0	
1.11522e+06	0	0	0	0	0	0	0	0	0	73	0	0	0	0	0	0	
1.11598e+06	0	0	0	0	0	0	0	0	0	75	0	0	0	0	0	0	
1.11672e+06	0	0	0	0	0	0	0	0	0	81	0	0	0	0	0	0	
1.11747e+06	0	0	0	0	0	0	0	0	0	79	0	0	0	0	0	0	
1.11822e+06	0	0	0	0	0	0	0	0	0	69	0	0	0	0	0	0	
1.11897e+06	0	0	0	0	0	0	0	0	0	0	69	0	0	0	0	0	
1.11972e+06	0	0	0	0	0	0	0	0	0	0	79	0	0	0	0	0	
1.12047e+06	0	0	0	0	0	0	0	0	0	0	79	0	0	0	0	0	
1.12121e+06	0	0	0	0	0	0	0	0	0	0	67	0	0	0	0	0	
1.12196e+06	0	0	0	0	0	0	0	0	0	0	0	59	0	0	0	0	
1.12271e+06	0	0	0	0	0	0	0	0	0	0	0	61	0	0	0	0	
1.12346e+06	0	0	0	0	0	0	0	0	0	0	79	0	0	0	0	0	
1.12421e+06	0	0	0	0	0	0	0	0	0	0	67	0	0	0	0	0	
1.12496e+06	0	0	0	0	0	0	0	0	0	0	79	0	0	0	0	0	
1.12571e+06	0	0	0	0	0	0	0	0	0	0	79	0	0	0	0	0	
1.12646e+06	0	0	0	0	0	0	0	0	0	0	81	0	0	0	0	0	
1.12721e+06	0	0	0	0	0	0	0	0	0	0	77	0	0	0	0	0	
1.12796e+06	0	0	0	0	0	0	0	0	0	0	0	71	0	0	0	0	
1.12871e+06	0	0	0	0	0	0	0	0	0	0	0	0	0	45	0	0	
1.12946e+06	0	0	0	0	0	0	0	0	0	0	0	0	0	53	0	0	
1.13021e+06	0	0	0	0	0	0	0	0	0	0	0	0	0	63	0	0	
1.13096e+06	0	0	0	0	0	0	0	0	0	0	0	0	0	0	59	0	
1.13171e+06	0	0	0	0	0	0	0	0	0	0	0	0	0	0	59	0	
1.13246e+06	0	0	0	0	0	0	0	0	0	0	0	0	0	0	43	0	
1.13321e+06	0	0	0	0	0	0	0	0	0	0	0	0	0	0	53	0	
1.13396e+06	0	0	0	0	0	0	0	0	0	0	0	0	0	0	61	0	
1.13471e+06	0	0	0	0	0	0	0	0	0	0	0	0	0	0	61	0	
1.13546e+06	0	0	0	0	0	0	0	0	0	0	0	0	0	0	61	0	
1.13622e+06	0	0	0	0	0	0	0	0	0	0	0	0	0	0	47	0	
1.13696e+06	0	0	0	0	0	0	0	0	0	0	0	0	0	0	59	0	
1.13771e+06	0	0	0	0	0	0	0	0	0	0	0	0	0	0	41	0	
1.13846e+06	0	0	0	0	0	0	0	0	0	0	0	0	0	0	55	0	
1.13921e+06	0	0	0	0	0	0	0	0	0	0	0	0	0	0	45	0	
1.13996e+06	0	0	0	0	0	0	0	0	0	0	0	0	0	0	45	0	
1.14071e+06	0	0	0	0	0	0	0	0	0	0	0	0	0	0	55	0	
1.14146e+06	0	0	0	0	0	0	0	0	0	0	0	0	0	0	55	0	
1.14221e+06	0	0	0	0	0	0	0	0	0	0	0	0	0	0	49	0	
1.14296e+06	0	0	0	0	0	0	0	0	0	0	0	0	0	0	43	0	
1.14371e+06	0	0	0	0	0	0	0	0	0	0	0	0	0	0	57	0	
1.14446e+06	0	0	0	0	0	0	0	0	0	0	0	0	0	0	47	0	
1.14521e+06	0	0	0	0	0	0	0	0	0	0	0	0	0	0	65	0	
1.14596e+06	0	0	0	0	0	0	0	0	0	0	0	0	0	0	73	0	
1.14671e+06	0	0	0	0	0	0	0	0	0	0	0	0	0	0	53	0	
1.14746e+06	0	0	0	0	0	0	0	0	0	0	0	0	0	0	65	0	
1.14821e+06	0	0	0	0	0	0	0	0	0	0	0	0	0	0	49	0	
1.14896e+06	0	0	0	0	0	0	0	0	0	0	0	0	0	0	55	0	
1.14971e+06	0	0	0	0	0	0	0	0	0	0	0	0	0	0	53	0	
1.15046e+06	0	0	0	0	0	0	0	0	0	0	0	0	0	0	0	63	
1.15121e+06	0	0	0	0	0	0	0	0	0	0	0	0	0	0	0	49	
1.15196e+06	0	0	0	0	0	0	0	0	0	0	0	0	0	0	0	47	
1.15271e+06	0	0	0	0	0	0	0	0	0	0	0	0	0	0	0	59	
1.15345e+06	0	0	0	0	0	0	0	0	0	0	0	0	0	0	0	51	
1.1542e+06	0	0	0	0	0	0	0	0	0	0	0	0	0	0	0	49	
1.15495e+06	0	0	0	0	0	0	0	0	0	0	0	0	0	0	0	49	
1.1557e+06	0	0	0	0	0	0	0	0	0	0	0	0	0	0	0	33	
1.15645e+06	0	0	0	0	0	0	0	0	0	0	0	0	0	0	0	57	
1.1572e+06	0	0	0	0	0	0	0	0	0	0	0	0	0	0	0	55	
1.15795e+06	0	0	0	0	0	0	0	0	0	0	0	0	0	0	0	57	
1.1587e+06	0	0	0	0	0	0	0	0	0	0	0	0	0	0	0	47	
1.15945e+06	0	0	0	0	0	0	0	0	0	0	0	0	0	0	0	47	
1.1602e+06	0	0	0	0	0	0	0	0	0	0	0	0	0	0	0	41	
1.16095e+06	0	0	0	0	0	0	0	0	0	0	0	0	0	0	0	37	
1.1617e+06	0	0	0	0	0	0	0	0	0	0	0	0	0	0	0	57	
1.16245e+06	0	0	0	0	0	0	0	0	0	0	0	0	0	0	0	57	
1.1632e+06	0	0	0	0	0	0	0	0	0	0	0	0	0	0	0	51	
1.16396e+06	0	0	0	0	0	0	0	0	0	0	0	0	0	0	0	65	
1.16471e+06	0	0	0	0	0	0	0	0	0	0	0	0	0	0	0	37	
1.16546e+06	0	0	0	0	0	0	0	0	0	0	0	0	0	0	0	43	
1.16621e+06	0	0	0	0	0	0	0	0	0	0	0	0	0	0	0	47	
1.16695e+06	0	0	0	0	0	0	0	0	0	0	0	0	0	0	0	59	
1.16771e+06	0	0	0	0	0	0	0	0	0	0	0	0	0	0	0	61	
1.16846e+06	0	0	0	0	0	0	0	0	0	0	0	0	0	0	0	47	
1.16921e+06	0	0	0	0	0	0	0	0	0	0	0	0	0	0	0	51	
1.16996e+06	0	0	0	0	0	0	0	0	0	0	0	0	0	0	0	59	
1.17071e+06	0	0	0	0	0	0	0	0	0	0	0	0	0	0	0	39	
1.17146e+06	0	0	0	0	0	0	0	0	0	0	0	0	0	0	0	45	
1.17221e+06	0	0	0	0	0	0	0	0	0	0	0	0	0	0	0	41	
1.17296e+06	0	0	0	0	0	0	0	0	0	0	0	0	0	0	0	55	
1.17371e+06	0	0	0	0	0	0	0	0	0	0	0	0	0	0	43	0	
1.17446e+06	0	0	0	0	0	0	0	0	0	0	0	0	0	65	0	0	
1.17521e+06	0	0	0	0	0	0	0	0	0	0	0	0	0	61	0	0	
1.17596e+06	0	0	0	0	0	0	0	0	0	0	0	0	0	65	0	0	
1.17671e+06	0	0	0	0	0	0	0	0	0	0	0	0	0	49	0	0	
1.17746e+06	0	0	0	0	0	0	0	0	0	0	0	0	0	61	0	0	
1.17821e+06	0	0	0	0	0	0	0	0	0	0	0	0	0	67	0	0	
1.17896e+06	0	0	0	0	0	0	0	0	0	0	0	0	0	39	0	0	
1.17971e+06	0	0	0	0	0	0	0	0	0	0	0	0	0	57	0	0	
1.18046e+06	0	0	0	0	0	0	0	0	0	0	0	0	0	59	0	0	
1.18121e+06	0	0	0	0	0	0	0	0	0	0	0	0	49	0	0	0	
1.18196e+06	0	0	0	0	0	0	0	0	0	0	0	0	53	0	0	0	
1.18271e+06	0	0	0	0	0	0	0	0	0	0	0	0	57	0	0	0	
1.18346e+06	0	0	0	0	0	0	0	0	0	0	0	0	57	0	0	0	
1.18421e+06	0	0	0	0	0	0	0	0	0	0	0	0	73	0	0	0	
1.18496e+06	0	0	0	0	0	0	0	0	0	0	0	0	59	0	0	0	
1.18571e+06	0	0	0	0	0	0	0	0	0	0	0	0	61	2	0	0	
1.18646e+06	0	0	0	0	0	0	0	0	0	0	0	0	83	0	0	0	
1.18721e+06	0	0	0	0	0	0	0	0	0	0	0	0	0	51	0	0	
1.18796e+06	0	0	0	0	0	0	0	0	0	0	0	0	0	51	0	0	
1.18871e+06	0	0	0	0	0	0	0	0	0	0	0	0	0	57	0	0	
1.18946e+06	0	0	0	0	0	0	0	0	0	0	0	0	1	64	0	0	
1.19021e+06	0	0	0	0	0	0	0	0	0	0	0	0	0	47	0	0	
1.19096e+06	0	0	0	0	0	0	0	0	0	0	0	0	0	59	0	0	
1.19171e+06	0	0	0	0	0	0	0	0	0	0	0	0	55	0	0	0	
1.19247e+06	0	0	0	0	0	0	0	0	0	0	0	0	0	55	0	0	
1.19322e+06	0	0	0	0	0	0	0	0	0	0	0	0	0	51	0	0	
1.19397e+06	0	0	0	0	0	0	0	0	0	0	0	0	0	57	0	0	
1.19472e+06	0	0	0	0	0	0	0	0	0	0	0	0	0	71	0	0	
1.19547e+06	0	0	0	0	0	0	0	0	0	0	0	0	0	67	0	0	
1.19622e+06	0	0	0	0	0	0	0	0	0	0	0	0	0	59	0	0	
1.19697e+06	0	0	0	0	0	0	0	0	0	0	0	0	0	55	0	0	
1.19772e+06	0	0	0	0	0	0	0	0	0	0	0	0	67	0	0	0	
1.19847e+06	0	0	0	0	0	0	0	0	0	0	0	0	57	0	0	0	
1.19922e+06	0	0	0	0	0	0	0	0	0	0	0	0	61	0	0	0	
1.19997e+06	0	0	0	0	0	0	0	0	0	0	0	0	61	0	0	0	
1.20072e+06	0	0	0	0	0	0	0	0	0	0	0	0	63	0	0	0	
1.20147e+06	0	0	0	0	0	0	0	0	0	0	0	0	63	0	0	0	
1.20222e+06	0	0	0	0	0	0	0	0	0	0	0	0	57	0	0	0	
1.20297e+06	0	0	0	0	0	0	0	0	0	0	0	0	67	0	0	0	
1.20372e+06	0	0	0	0	0	0	0	0	0	0	0	0	53	0	0	0	
1.20447e+06	0	0	0	0	0	0	0	0	0	0	0	0	55	0	0	0	
1.20522e+06	0	0	0	0	0	0	0	0	0	0	0	71	0	0	0	0	
1.20597e+06	0	0	0	0	0	0	0	0	0	0	0	53	0	0	0	0	
1.20672e+06	0	0	0	0	0	0	0	0	0	0	0	79	0	0	0	0	
1.20747e+06	0	0	0	0	0	0	0	0	0	0	0	77	0	0	0	0	
1.20822e+06	0	0	0	0	0	0	0	0	0	0	0	89	0	0	0	0	
1.20897e+06	0	0	0	0	0	0	0	0	0	0	0	71	0	0	0	0	
1.20972e+06	0	0	0	0	0	0	0	0	0	0	0	59	0	0	0	0	
1.21047e+06	0	0	0	0	0	0	0	0	0	0	0	63	2	0	0	0	
1.21122e+06	0	0	0	0	0	0	0	0	0	0	0	67	0	0	0	0	
1.21198e+06	0	0	0	0	0	0	0	0	0	0	0	81	0	0	0	0	
1.21273e+06	0	0	0	0	0	0	0	0	0	0	0	71	0	0	0	0	
1.21348e+06	0	0	0	0	0	0	0	0	0	0	0	0	73	0	0	0	
1.21423e+06	0	0	0	0	0	0	0	0	0	0	0	0	63	0	0	0	
1.21498e+06	0	0	0	0	0	0	0	0	0	0	0	0	65	0	0	0	
1.21573e+06	0	0	0	0	0	0	0	0	0	0	0	0	65	0	0	0	
1.21648e+06	0	0	0	0	0	0	0	0	0	0	0	0	59	0	0	0	
1.21723e+06	0	0	0	0	0	0	0	0	0	0	0	0	57	0	0	0	
1.21797e+06	0	0	0	0	0	0	0	0	0	0	0	0	59	0	0	0	
1.21872e+06	0	0	0	0	0	0	0	0	0	0	0	0	75	0	0	0	
1.21947e+06	0	0	0	0	0	0	0	0	0	0	0	0	77	0	0	0	
1.22022e+06	0	0	0	0	0	0	0	0	0	0	0	0	59	0	0	0	
1.22097e+06	0	0	0	0	0	0	0	0	0	0	0	0	65	0	0	0	
1.22172e+06	0	0	0	0	0	0	0	0	0	0	0	81	0	0	0	0	
1.22247e+06	0	0	0	0	0	0	0	0	0	0	0	67	0	0	0	0	
1.22322e+06	0	0	0	0	0	0	0	0	0	0	0	71	0	0	0	0	
1.22397e+06	0	0	0	0	0	0	0	0	0	0	0	77	0	0	0	0	
1.22472e+06	0	0	0	0	0	0	0	0	0	0	0	69	0	0	0	0	
1.22547e+06	0	0	0	0	0	0	0	0	0	0	0	51	0	0	0	0	
1.22622e+06	0	0	0	0	0	0	0	0	0	0	0	61	0	0	0	0	
1.22697e+06	0	0	0	0	0	0	0	0	0	0	0	63	0	0	0	0	
1.22772e+06	0	0	0	0	0	0	0	0	0	0	0	67	0	0	0	0	
1.22847e+06	0	0	0	0	0	0	0	0	0	0	0	69	0	0	0	0	
1.22922e+06	0	0	0	0	0	0	0	0	0	0	0	57	0	0	0	0	
1.22997e+06	0	0	0	0	0	0	0	0	0	0	0	0	55	0	0	0	
1.23072e+06	0	0	0	0	0	0	0	0	0	0	0	0	71	0	0	0	
1.23147e+06	0	0	0	0	0	0	0	0	0	0	0	0	51	0	0	0	
1.23222e+06	0	0	0	0	0	0	0	0	0	0	0	0	53	0	0	0	
1.23297e+06	0	0	0	0	0	0	0	0	0	0	0	0	55	0	0	0	
1.23372e+06	0	0	0	0	0	0	0	0	0	0	0	0	63	0	0	0	
1.23447e+06	0	0	0	0	0	0	0	0	0	0	0	0	71	0	0	0	
1.23522e+06	0	0	0	0	0	0	0	0	0	0	0	0	55	0	0	0	
1.23597e+06	0	0	0	0	0	0	0	0	0	0	0	0	69	0	0	0	
1.23672e+06	0	0	0	0	0	0	0	0	0	0	0	0	65	0	0	0	
1.23747e+06	0	0	0	0	0	0	0	0	0	0	0	0	81	0	0	0	
1.23822e+06	0	0	0	0	0	0	0	0	0	0	0	0	65	0	0	0	
1.23897e+06	0	0	0	0	0	0	0	0	0	0	0	0	63	0	0	0	
1.23972e+06	0	0	0	0	0	0	0	0	0	0	0	0	57	0	0	0	
1.24047e+06	0	0	0	0	0	0	0	0	0	0	0	0	57	0	0	0	
1.24122e+06	0	0	0	0	0	0	0	0	0	0	0	0	59	0	0	0	
1.24197e+06	0	0	0	0	0	0	0	0	0	0	0	0	55	0	0	0	
1.24272e+06	0	0	0	0	0	0	0	0	0	0	0	0	67	0	0	0	
1.24347e+06	0	0	0	0	0	0	0	0	0	0	0	0	73	0	0	0	
1.24422e+06	0	0	0	0	0	0	0	0	0	0	0	0	67	0	0	0	
1.24497e+06	0	0	0	0	0	0	0	0	0	0	0	0	69	0	0	0	
1.24572e+06	0	0	0	0	0	0	0	0	0	0	0	0	67	0	0	0	
1.24646e+06	0	0	0	0	0	0	0	0	0	0	0	0	69	0	0	0	
1.24721e+06	0	0	0	0	0	0	0	0	0	0	0	0	61	0	0	0	
1.24797e+06	0	0	0	0	0	0	0	0	0	0	0	0	59	0	0	0	
1.24872e+06	0	0	0	0	0	0	0	0	0	0	0	0	73	0	0	0	
1.24947e+06	0	0	0	0	0	0	0	0	0	0	0	0	0	59	0	0	
1.25022e+06	0	0	0	0	0	0	0	0	0	0	0	0	0	65	0	0	
1.25097e+06	0	0	0	0	0	0	0	0	0	0	0	0	0	45	0	0	
1.25172e+06	0	0	0	0	0	0	0	0	0	0	0	0	0	67	0	0	
1.25247e+06	0	0	0	0	0	0	0	0	0	0	0	0	0	53	0	0	
1.25322e+06	0	0	0	0	0	0	0	0	0	0	0	0	0	49	0	0	
1.25397e+06	0	0	0	0	0	0	0	0	0	0	0	0	0	49	0	0	
1.25472e+06	0	0	0	0	0	0	0	0	0	0	0	0	0	57	0	0	
1.25547e+06	0	0	0	0	0	0	0	0	0	0	0	0	0	47	0	0	
1.25622e+06	0	0	0	0	0	0	0	0	0	0	0	0	59	0	0	0	
1.25697e+06	0	0	0	0	0	0	0	0	0	0	0	0	55	0	0	0	
1.25772e+06	0	0	0	0	0	0	0	0	0	0	0	0	51	0	0	0	
1.25847e+06	0	0	0	0	0	0	0	0	0	0	0	0	69	0	0	0	
1.25922e+06	0	0	0	0	0	0	0	0	0	0	0	0	61	0	0	0	
1.25997e+06	0	0	0	0	0	0	0	0	0	0	0	0	53	0	0	0	
1.26072e+06	0	0	0	0	0	0	0	0	0	0	0	0	65	0	0	0	
1.26147e+06	0	0	0	0	0	0	0	0	0	0	0	0	49	0	0	0	
1.26222e+06	0	0	0	0	0	0	0	0	0	0	0	0	69	0	0	0	
1.26297e+06	0	0	0	0	0	0	0	0	0	0	0	0	59	0	0	0	
1.26373e+06	0	0	0	0	0	0	0	0	0	0	0	0	51	0	0	0	
1.26448e+06	0	0	0	0	0	0	0	0	0	0	0	0	67	0	0	0	
1.26523e+06	0	0	0	0	0	0	0	0	0	0	0	67	0	0	0	0	
1.26598e+06	0	0	0	0	0	0	0	0	0	0	0	67	0	0	0	0	
1.26673e+06	0	0	0	0	0	0	0	0	0	0	0	65	0	0	0	0	
1.26748e+06	0	0	0	0	0	0	0	0	0	0	0	75	0	0	0	0	
1.26823e+06	0	0	0	0	0	0	0	0	0	0	0	61	0	0	0	0	
1.26898e+06	0	0	0	0	0	0	0	0	0	0	0	59	0	0	0	0	
1.26973e+06	0	0	0	0	0	0	0	0	0	0	0	71	0	0	0	0	
1.27048e+06	0	0	0	0	0	0	0	0	0	0	0	65	0	0	0	0	
1.27123e+06	0	0	0	0	0	0	0	0	0	0	0	63	0	0	0	0	
1.27198e+06	0	0	0	0	0	0	0	0	0	0	0	67	0	0	0	0	
1.27273e+06	0	0	0	0	0	0	0	0	0	0	0	69	0	0	0	0	
1.27348e+06	0	0	0	0	0	0	0	0	0	0	0	55	0	0	0	0	
1.27423e+06	0	0	0	0	0	0	0	0	0	0	0	55	0	0	0	0	
1.27497e+06	0	0	0	0	0	0	0	0	0	0	0	73	0	0	0	0	
1.27572e+06	0	0	0	0	0	0	0	0	0	0	0	69	0	0	0	0	
1.27647e+06	0	0	0	0	0	0	0	0	0	0	0	81	0	0	0	0	
1.27722e+06	0	0	0	0	0	0	0	0	0	0	0	75	0	0	0	0	
1.27797e+06	0	0	0	0	0	0	0	0	0	0	0	55	0	0	0	0	
1.27872e+06	0	0	0	0	0	0	0	0	0	0	0	73	0	0	0	0	
1.27947e+06	0	0	0	0	0	0	0	0	0	0	0	81	0	0	0	0	
1.28022e+06	0	0	0	0	0	0	0	0	0	0	0	57	0	0	0	0	
1.28097e+06	0	0	0	0	0	0	0	0	0	0	0	65	0	0	0	0	
1.28172e+06	0	0	0	0	0	0	0	0	0	0	0	69	0	0	0	0	
1.28247e+06	0	0	0	0	0	0	0	0	0	0	0	71	0	0	0	0	
1.28322e+06	0	0	0	0	0	0	0	0	0	0	0	67	0	0	0	0	
1.28397e+06	0	0	0	0	0	0	0	0	0	0	0	71	0	0	0	0	
1.28472e+06	0	0	0	0	0	0	0	0	0	0	0	63	0	0	0	0	
1.28548e+06	0	0	0	0	0	0	0	0	0	0	0	55	0	0	0	0	
1.28622e+06	0	0	0	0	0	0	0	0	0	0	0	67	0	0	0	0	
1.28697e+06	0	0	0	0	0	0	0	0	0	0	73	0	0	0	0	0	
1.28772e+06	0	0	0	0	0	0	0	0	0	0	73	0	0	0	0	0	
1.28847e+06	0	0	0	0	0	0	0	0	0	0	0	79	0	0	0	0	
1.28922e+06	0	0	0	0	0	0	0	0	0	0	0	65	0	0	0	0	
1.28997e+06	0	0	0	0	0	0	0	0	0	0	0	71	0	0	0	0	
1.29072e+06	0	0	0	0	0	0	0	0	0	0	0	67	0	0	0	0	
1.29147e+06	0	0	0	0	0	0	0	0	0	0	0	55	0	0	0	0	
1.29222e+06	0	0	0	0	0	0	0	0	0	0	83	0	0	0	0	0	
1.29297e+06	0	0	0	0	0	0	0	0	0	0	63	0	0	0	0	0	
1.29372e+06	0	0	0	0	0	0	0	0	0	0	77	0	0	0	0	0	
1.29447e+06	0	0	0	0	0	0	0	0	0	81	0	0	0	0	0	0	
1.29522e+06	0	0	0	0	0	0	0	0	0	73	0	0	0	0	0	0	
1.29598e+06	0	0	0	0	0	0	0	0	0	0	55	0	0	0	0	0	
1.29673e+06	0	0	0	0	0	0	0	0	0	0	73	0	0	0	0	0	
1.29748e+06	0	0	0	0	0	0	0	0	0	0	0	57	0	0	0	0	
1.29823e+06	0	0	0	0	0	0	0	0	0	0	0	65	0	0	0	0	
1.29898e+06	0	0	0	0	0	0	0	0	0	0	0	69	0	0	0	0	
1.29973e+06	0	0	0	0	0	0	0	0	0	0	0	65	0	0	0	0	
1.30048e+06	0	0	0	0	0	0	0	0	0	0	0	71	0	0	0	0	
1.30123e+06	0	0	0	0	0	0	0	0	0	0	0	69	0	0	0	0	
1.30198e+06	0	0	0	0	0	0	0	0	0	0	0	63	0	0	0	0	
1.30274e+06	0	0	0	0	0	0	0	0	0	0	71	0	0	0	0	0	
1.30349e+06	0	0	0	0	0	0	0	0	0	0	59	0	0	0	0	0	
1.30424e+06	0	0	0	0	0	0	0	0	0	0	63	0	0	0	0	0	
1.30499e+06	0	0	0	0	0	0	0	0	0	0	75	0	0	0	0	0	
1.30573e+06	0	0	0	0	0	0	0	0	0	0	81	0	0	0	0	0	
1.30649e+06	0	0	0	0	0	0	0	0	0	0	73	0	0	0	0	0	
1.30724e+06	0	0	0	0	0	0	0	0	0	0	61	0	0	0	0	0	
1.30799e+06	0	0	0	0	0	0	0	0	0	0	73	0	0	0	0	0	
1.30874e+06	0	0	0	0	0	0	0	0	0	0	65	0	0	0	0	0	
1.30948e+06	0	0	0	0	0	0	0	0	0	0	79	0	0	0	0	0	
1.31023e+06	0	0	0	0	0	0	0	0	0	0	67	0	0	0	0	0	
1.31098e+06	0	0	0	0	0	0	0	0	0	0	61	0	0	0	0	0	
1.31173e+06	0	0	0	0	0	0	0	0	0	0	63	0	0	0	0	0	
1.31248e+06	0	0	0	0	0	0	0	0	0	0	75	0	0	0	0	0	
1.31323e+06	0	0	0	0	0	0	0	0	0	0	73	0	0	0	0	0	
1.31398e+06	0	0	0	0	0	0	0	0	0	0	71	0	0	0	0	0	
1.31473e+06	0	0	0	0	0	0	0	0	0	0	71	0	0	0	0	0	
1.31548e+06	0	0	0	0	0	0	0	0	0	0	65	0	0	0	0	0	
1.31623e+06	0	0	0	0	0	0	0	0	0	0	67	0	0	0	0	0	
1.31698e+06	0	0	0	0	0	0	0	0	0	0	79	0	0	0	0	0	
1.31773e+06	0	0	0	0	0	0	0	0	0	0	75	0	0	0	0	0	
1.31848e+06	0	0	0	0	0	0	0	0	0	0	69	0	0	0	0	0	
1.31922e+06	0	0	0	0	0	0	0	0	0	0	71	0	0	0	0	0	
1.31997e+06	0	0	0	0	0	0	0	0	0	0	83	0	0	0	0	0	
1.32072e+06	0	0	0	0	0	0	0	0	0	0	75	0	0	0	0	0	
1.32148e+06	0	0	0	0	0	0	0	0	0	0	73	0	0	0	0	0	
1.32223e+06	0	0	0	0	0	0	0	0	0	0	71	0	0	0	0	0	
1.32298e+06	0	0	0	0	0	0	0	0	0	0	65	0	0	0	0	0	
1.32373e+06	0	0	0	0	0	0	0	0	0	0	73	0	0	0	0	0	
1.32448e+06	0	0	0	0	0	0	0	0	0	0	59	0	0	0	0	0	
1.32523e+06	0	0	0	0	0	0	0	0	0	0	71	0	0	0	0	0	
1.32598e+06	0	0	0	0	0	0	0	0	0	0	69	0	0	0	0	0	
1.32672e+06	0	0	0	0	0	0	0	0	0	0	73	0	0	0	0	0	
1.32747e+06	0	0	0	0	0	0	0	0	0	0	55	0	0	0	0	0	
1.32822e+06	0	0	0	0	0	0	0	0	0	0	89	0	0	0	0	0	
1.32897e+06	0	0	0	0	0	0	0	0	0	0	69	0	0	0	0	0	
1.32972e+06	0	0	0	0	0	0	0	0	0	0	81	0	0	0	0	0	
1.33046e+06	0	0	0	0	0	0	0	0	0	0	63	0	0	0	0	0	
1.33121e+06	0	0	0	0	0	0	0	0	0	0	87	0	0	0	0	0	
1.33196e+06	0	0	0	0	0	0	0	0	0	0	55	0	0	0	0	0	
1.33271e+06	0	0	0	0	0	0	0	0	0	0	79	0	0	0	0	0	
1.33347e+06	0	0	0	0	0	0	0	0	0	0	69	0	0	0	0	0	
1.33422e+06	0	0	0	0	0	0	0	0	0	0	77	0	0	0	0	0	
1.33497e+06	0	0	0	0	0	0	0	0	0	0	65	0	0	0	0	0	
1.33573e+06	0	0	0	0	0	0	0	0	0	0	77	0	0	0	0	0	
1.33647e+06	0	0	0	0	0	0	0	0	0	0	87	0	0	0	0	0	
1.33722e+06	0	0	0	0	0	0	0	0	0	0	57	0	0	0	0	0	
1.33797e+06	0	0	0	0	0	0	0	0	0	0	87	0	0	0	0	0	
1.33872e+06	0	0	0	0	0	0	0	0	0	0	69	0	0	0	0	0	
1.33947e+06	0	0	0	0	0	0	0	0	0	0	75	0	0	0	0	0	
1.34022e+06	0	0	0	0	0	0	0	0	0	0	75	0	0	0	0	0	
1.34097e+06	0	0	0	0	0	0	0	0	0	0	59	0	0	0	0	0	
1.34172e+06	0	0	0	0	0	0	0	0	0	0	69	0	0	0	0	0	
1.34247e+06	0	0	0	0	0	0	0	0	0	0	89	0	0	0	0	0	
1.34322e+06	0	0	0	0	0	0	0	0	0	0	63	0	0	0	0	0	
1.34397e+06	0	0	0	0	0	0	0	0	0	0	0	79	0	0	0	0	
1.34472e+06	0	0	0	0	0	0	0	0	0	0	0	67	0	0	0	0	
1.34547e+06	0	0	0	0	0	0	0	0	0	0	0	77	0	0	0	0	
1.34622e+06	0	0	0	0	0	0	0	0	0	0	0	61	0	0	0	0	
1.34697e+06	0	0	0	0	0	0	0	0	0	0	67	0	0	0	0	0	
1.34772e+06	0	0	0	0	0	0	0	0	0	0	83	0	0	0	0	0	
1.34847e+06	0	0	0	0	0	0	0	0	0	0	67	0	0	0	0	0	
1.34921e+06	0	0	0	0	0	0	0	0	0	0	91	0	0	0	0	0	
1.34997e+06	0	0	0	0	0	0	0	0	0	0	79	0	0	0	0	0	
1.35071e+06	0	0	0	0	0	0	0	0	0	0	61	6	0	0	0	0	
1.35147e+06	0	0	0	0	0	0	0	0	0	0	63	0	0	0	0	0	
1.35222e+06	0	0	0	0	0	0	0	0	0	0	83	0	0	0	0	0	
1.35296e+06	0	0	0	0	0	0	0	0	0	1	68	0	0	0	0	0	
1.35371e+06	0	0	0	0	0	0	0	0	0	81	0	0	0	0	0	0	
1.35446e+06	0	0	0	0	0	0	0	0	0	87	0	0	0	0	0	0	
1.35521e+06	0	0	0	0	0	0	0	0	111	0	0	0	0	0	0	0	
1.35596e+06	0	0	0	0	0	0	0	0	99	0	0	0	0	0	0	0	
1.35671e+06	0	0	0	0	0	0	0	0	83	0	0	0	0	0	0	0	
1.35746e+06	0	0	0	0	0	0	0	0	89	0	0	0	0	0	0	0	
1.35821e+06	0	0	0	0	0	0	0	0	111	0	0	0	0	0	0	0	
1.35896e+06	0	0	0	0	0	0	0	0	93	0	0	0	0	0	0	0	
1.35971e+06	0	0	0	0	0	0	0	0	93	0	0	0	0	0	0	0	
1.36046e+06	0	0	0	0	0	0	0	0	109	0	0	0	0	0	0	0	
1.36121e+06	0	0	0	0	0	0	0	0	89	0	0	0	0	0	0	0	
1.36196e+06	0	0	0	0	0	0	0	0	97	0	0	0	0	0	0	0	
1.36271e+06	0	0	0	0	0	0	0	0	107	0	0	0	0	0	0	0	
1.36346e+06	0	0	0	0	0	0	0	0	85	0	0	0	0	0	0	0	
1.36421e+06	0	0	0	0	0	0	0	0	103	0	0	0	0	0	0	0	
1.36496e+06	0	0	0	0	0	0	0	0	91	0	0	0	0	0	0	0	
1.36571e+06	0	0	0	0	0	0	0	0	103	0	0	0	0	0	0	0	
1.36646e+06	0	0	0	0	0	0	0	0	87	0	0	0	0	0	0	0	
1.36721e+06	0	0	0	0	0	0	0	0	87	0	0	0	0	0	0	0	
1.36797e+06	0	0	0	0	0	0	0	0	67	0	0	0	0	0	0	0	
1.36871e+06	0	0	0	0	0	0	0	0	75	0	0	0	0	0	0	0	
1.36946e+06	0	0	0	0	0	0	0	0	89	0	0	0	0	0	0	0	
1.37021e+06	0	0	0	0	0	0	0	0	101	0	0	0	0	0	0	0	
1.37096e+06	0	0	0	0	0	0	0	0	93	0	0	0	0	0	0	0	
1.37171e+06	0	0	0	0	0	0	0	0	81	0	0	0	0	0	0	0	
1.37246e+06	0	0	0	0	0	0	0	0	89	0	0	0	0	0	0	0	
1.37321e+06	0	0	0	0	0	0	0	0	87	0	0	0	0	0	0	0	
1.37396e+06	0	0	0	0	0	0	0	0	101	0	0	0	0	0	0	0	
1.37471e+06	0	0	0	0	0	0	0	0	85	0	0	0	0	0	0	0	
1.37546e+06	0	0	0	0	0	0	0	0	95	0	0	0	0	0	0	0	
1.37621e+06	0	0	0	0	0	0	0	1	86	0	0	0	0	0	0	0	
1.37697e+06	0	0	0	0	0	0	0	0	85	0	0	0	0	0	0	0	
1.37772e+06	0	0	0	0	0	0	0	0	83	0	0	0	0	0	0	0	
1.37846e+06	0	0	0	0	0	0	0	0	97	0	0	0	0	0	0	0	
1.37921e+06	0	0	0	0	0	0	0	0	87	0	0	0	0	0	0	0	
1.37996e+06	0	0	0	0	0	0	0	0	0	89	0	0	0	0	0	0	
1.38071e+06	0	0	0	0	0	0	0	0	0	83	0	0	0	0	0	0	
1.38146e+06	0	0	0	0	0	0	0	0	0	87	0	0	0	0	0	0	
1.38221e+06	0	0	0	0	0	0	0	0	0	77	0	0	0	0	0	0	
1.38296e+06	0	0	0	0	0	0	0	0	0	81	0	0	0	0	0	0	
1.3837e+06	0	0	0	0	0	0	0	0	0	87	0	0	0	0	0	0	
1.38446e+06	0	0	0	0	0	0	0	0	0	93	0	0	0	0	0	0	
1.3852e+06	0	0	0	0	0	0	0	0	0	77	0	0	0	0	0	0	
1.38595e+06	0	0	0	0	0	0	0	0	0	89	0	0	0	0	0	0	
1.3867e+06	0	0	0	0	0	0	0	0	0	83	0	0	0	0	0	0	
1.38745e+06	0	0	0	0	0	0	0	0	0	89	0	0	0	0	0	0	
1.3882e+06	0	0	0	0	0	0	0	0	0	91	0	0	0	0	0	0	
1.38895e+06	0	0	0	0	0	0	0	0	0	73	0	0	0	0	0	0	
1.3897e+06	0	0	0	0	0	0	0	0	0	79	0	0	0	0	0	0	
1.39045e+06	0	0	0	0	0	0	0	0	0	89	0	0	0	0	0	0	
1.3912e+06	0	0	0	0	0	0	0	0	0	83	0	0	0	0	0	0	
1.39195e+06	0	0	0	0	0	0	0	0	0	0	87	0	0	0	0	0	
1.3927e+06	0	0	0	0	0	0	0	0	0	0	63	0	0	0	0	0	
1.39345e+06	0	0	0	0	0	0	0	0	0	0	63	0	0	0	0	0	
1.3942e+06	0	0	0	0	0	0	0	0	0	0	51	0	0	0	0	0	
1.39495e+06	0	0	0	0	0	0	0	0	0	0	79	0	0	0	0	0	
1.3957e+06	0	0	0	0	0	0	0	0	0	0	73	0	0	0	0	0	
1.39646e+06	0	0	0	0	0	0	0	0	0	0	0	59	0	0	0	0	
1.3972e+06	0	0	0	0	0	0	0	0	0	0	0	69	0	0	0	0	
1.39795e+06	0	0	0	0	0	0	0	0	0	0	0	59	0	0	0	0	
1.3987e+06	0	0	0	0	0	0	0	0	0	0	0	63	0	0	0	0	
1.39945e+06	0	0	0	0	0	0	0	0	0	0	0	65	0	0	0	0	
1.40021e+06	0	0	0	0	0	0	0	0	0	0	0	59	0	0	0	0	
1.40096e+06	0	0	0	0	0	0	0	0	0	0	0	69	0	0	0	0	
1.40171e+06	0	0	0	0	0	0	0	0	0	0	79	0	0	0	0	0	
1.40246e+06	0	0	0	0	0	0	0	0	0	0	75	0	0	0	0	0	
1.4032e+06	0	0	0	0	0	0	0	0	0	0	73	0	0	0	0	0	
1.40395e+06	0	0	0	0	0	0	0	0	0	0	87	0	0	0	0	0	
1.4047e+06	0	0	0	0	0	0	0	0	0	0	69	0	0	0	0	0	
1.40545e+06	0	0	0	0	0	0	0	0	0	0	61	0	0	0	0	0	
1.4062e+06	0	0	0	0	0	0	0	0	0	0	69	0	0	0	0	0	
1.40696e+06	0	0	0	0	0	0	0	0	0	0	65	0	0	0	0	0	
1.4077e+06	0	0	0	0	0	0	0	0	0	0	75	0	0	0	0	0	
1.40846e+06	0	0	0	0	0	0	0	0	0	0	73	0	0	0	0	0	
1.40921e+06	0	0	0	0	0	0	0	0	0	0	65	0	0	0	0	0	
1.40995e+06	0	0	0	0	0	0	0	0	0	0	61	0	0	0	0	0	
1.4107e+06	0	0	0	0	0	0	0	0	0	0	67	0	0	0	0	0	
1.41145e+06	0	0	0	0	0	0	0	0	0	0	87	0	0	0	0	0	
1.41219e+06	0	0	0	0	0	0	0	0	0	0	87	0	0	0	0	0	
1.41294e+06	0	0	0	0	0	0	0	0	0	0	83	0	0	0	0	0	
1.41369e+06	0	0	0	0	0	0	0	0	0	0	95	0	0	0	0	0	
1.41444e+06	0	0	0	0	0	0	0	0	0	0	53	0	0	0	0	0	
1.41519e+06	0	0	0	0	0	0	0	0	0	0	71	0	0	0	0	0	
1.41594e+06	0	0	0	0	0	0	0	0	0	0	77	0	0	0	0	0	
1.41669e+06	0	0	0	0	0	0	0	0	0	0	61	0	0	0	0	0	
1.41744e+06	0	0	0	0	0	0	0	0	0	0	91	0	0	0	0	0	
1.41819e+06	0	0	0	0	0	0	0	0	0	0	57	0	0	0	0	0	
1.41894e+06	0	0	0	0	0	0	0	0	0	0	59	0	0	0	0	0	
1.4197e+06	0	0	0	0	0	0	0	0	0	0	79	0	0	0	0	0	
1.42045e+06	0	0	0	0	0	0	0	0	0	0	71	0	0	0	0	0	
1.4212e+06	0	0	0	0	0	0	0	0	0	0	75	0	0	0	0	0	
1.42195e+06	0	0	0	0	0	0	0	0	0	0	75	0	0	0	0	0	
1.4227e+06	0	0	0	0	0	0	0	0	0	0	0	59	0	0	0	0	
1.42345e+06	0	0	0	0	0	0	0	0	0	0	0	69	0	0	0	0	
1.42419e+06	0	0	0	0	0	0	0	0	0	0	0	63	0	0	0	0	
1.42494e+06	0	0	0	0	0	0	0	0	0	0	0	71	0	0	0	0	
1.42569e+06	0	0	0	0	0	0	0	0	0	0	0	71	0	0	0	0	
1.42644e+06	0	0	0	0	0	0	0	0	0	0	0	87	0	0	0	0	
1.42719e+06	0	0	0	0	0	0	0	0	0	0	83	0	0	0	0	0	
1.42794e+06	0	0	0	0	0	0	0	0	0	0	75	0	0	0	0	0	
1.42869e+06	0	0	0	0	0	0	0	0	0	0	69	0	0	0	0	0	
1.42945e+06	0	0	0	0	0	0	0	0	0	0	65	0	0	0	0	0	
1.43019e+06	0	0	0	0	0	0	0	0	0	0	75	0	0	0	0	0	
1.43095e+06	0	0	0	0	0	0	0	0	0	0	59	0	0	0	0	0	
1.4317e+06	0	0	0	0	0	0	0	0	0	0	91	0	0	0	0	0	
1.43245e+06	0	0	0	0	0	0	0	0	0	0	85	0	0	0	0	0	
1.4332e+06	0	0	0	0	0	0	0	0	0	0	83	0	0	0	0	0	
1.43394e+06	0	0	0	0	0	0	0	0	0	0	53	0	0	0	0	0	
1.43469e+06	0	0	0	0	0	0	0	0	0	0	81	0	0	0	0	0	
1.43545e+06	0	0	0	0	0	0	0	0	0	0	65	0	0	0	0	0	
1.43619e+06	0	0	0	0	0	0	0	0	0	0	65	0	0	0	0	0	
1.43695e+06	0	0	0	0	0	0	0	0	0	83	0	0	0	0	0	0	
1.43769e+06	0	0	0	0	0	0	0	0	0	83	0	0	0	0	0	0	
1.43844e+06	0	0	0	0	0	0	0	0	0	83	0	0	0	0	0	0	
1.4392e+06	0	0	0	0	0	0	0	0	0	77	0	0	0	0	0	0	
1.43995e+06	0	0	0	0	0	0	0	0	0	105	0	0	0	0	0	0	
1.4407e+06	0	0	0	0	0	0	0	0	0	87	0	0	0	0	0	0	
1.44145e+06	0	0	0	0	0	0	0	0	0	91	0	0	0	0	0	0	
1.4422e+06	0	0	0	0	0	0	0	0	0	79	0	0	0	0	0	0	
1.44294e+06	0	0	0	0	0	0	0	0	0	89	0	0	0	0	0	0	
1.4437e+06	0	0	0	0	0	0	0	0	0	75	0	0	0	0	0	0	
1.44445e+06	0	0	0	0	0	0	0	0	0	79	0	0	0	0	0	0	
1.4452e+06	0	0	0	0	0	0	0	0	0	77	0	0	0	0	0	0	
1.44595e+06	0	0	0	0	0	0	0	0	0	73	0	0	0	0	0	0	
1.4467e+06	0	0	0	0	0	0	0	0	0	83	0	0	0	0	0	0	
1.44744e+06	0	0	0	0	0	0	0	0	0	79	0	0	0	0	0	0	
1.44819e+06	0	0	0	0	0	0	0	0	0	77	0	0	0	0	0	0	
1.44894e+06	0	0	0	0	0	0	0	0	0	89	0	0	0	0	0	0	
1.44969e+06	0	0	0	0	0	0	0	0	0	95	0	0	0	0	0	0	
1.45044e+06	0	0	0	0	0	0	0	0	0	81	0	0	0	0	0	0	
1.45119e+06	0	0	0	0	0	0	0	0	0	83	0	0	0	0	0	0	
1.45194e+06	0	0	0	0	0	0	0	0	0	83	0	0	0	0	0	0	
1.45269e+06	0	0	0	0	0	0	0	0	0	69	0	0	0	0	0	0	
1.45344e+06	0	0	0	0	0	0	0	0	0	87	0	0	0	0	0	0	
1.45419e+06	0	0	0	0	0	0	0	0	0	77	0	0	0	0	0	0	
1.45494e+06	0	0	0	0	0	0	0	0	0	85	0	0	0	0	0	0	
1.45569e+06	0	0	0	0	0	0	0	0	0	0	73	0	0	0	0	0	
1.45644e+06	0	0	0	0	0	0	0	0	0	0	57	0	0	0	0	0	
1.4572e+06	0	0	0	0	0	0	0	0	0	0	67	0	0	0	0	0	
1.45795e+06	0	0	0	0	0	0	0	0	0	0	71	0	0	0	0	0	
1.45869e+06	0	0	0	0	0	0	0	0	0	0	61	0	0	0	0	0	
1.45944e+06	0	0	0	0	0	0	0	0	0	0	63	0	0	0	0	0	
1.46019e+06	0	0	0	0	0	0	0	0	0	0	61	0	0	0	0	0	
1.46095e+06	0	0	0	0	0	0	0	0	0	0	71	0	0	0	0	0	
1.4617e+06	0	0	0	0	0	0	0	0	0	0	77	0	0	0	0	0	
1.46245e+06	0	0	0	0	0	0	0	0	0	0	71	0	0	0	0	0	
1.4632e+06	0	0	0	0	0	0	0	0	0	0	73	0	0	0	0	0	
1.46395e+06	0	0	0	0	0	0	0	0	0	0	81	0	0	0	0	0	
1.4647e+06	0	0	0	0	0	0	0	0	0	0	63	0	0	0	0	0	
1.46545e+06	0	0	0	0	0	0	0	0	0	0	77	0	0	0	0	0	
1.4662e+06	0	0	0	0	0	0	0	0	0	0	69	0	0	0	0	0	
1.46695e+06	0	0	0	0	0	0	0	0	0	0	69	0	0	0	0	0	
1.4677e+06	0	0	0	0	0	0	0	0	0	0	71	0	0	0	0	0	
1.46845e+06	0	0	0	0	0	0	0	0	0	0	69	0	0	0	0	0	
1.4692e+06	0	0	0	0	0	0	0	0	0	0	73	0	0	0	0	0	
1.46995e+06	0	0	0	0	0	0	0	0	0	0	69	0	0	0	0	0	
1.4707e+06	0	0	0	0	0	0	0	0	0	0	75	0	0	0	0	0	
1.47145e+06	0	0	0	0	0	0	0	0	0	0	77	0	0	0	0	0	
1.4722e+06	0	0	0	0	0	0	0	0	0	0	73	0	0	0	0	0	
1.47295e+06	0	0	0	0	0	0	0	0	0	0	81	0	0	0	0	0	
1.4737e+06	0	0	0	0	0	0	0	0	0	0	59	0	0	0	0	0	
1.47445e+06	0	0	0	0	0	0	0	0	0	0	75	0	0	0	0	0	
1.47521e+06	0	0	0	0	0	0	0	0	0	0	73	0	0	0	0	0	
1.47596e+06	0	0	0	0	0	0	0	0	0	0	77	0	0	0	0	0	
1.47671e+06	0	0	0	0	0	0	0	0	0	0	91	0	0	0	0	0	
1.47746e+06	0	0	0	0	0	0	0	0	0	0	75	0	0	0	0	0	
1.47821e+06	0	0	0	0	0	0	0	0	0	0	57	0	0	0	0	0	
1.47896e+06	0	0	0	0	0	0	0	0	0	0	61	0	0	0	0	0	
1.47971e+06	0	0	0	0	0	0	0	0	0	0	73	0	0	0	0	0	
1.48046e+06	0	0	0	0	0	0	0	0	0	0	65	0	0	0	0	0	
1.48121e+06	0	0	0	0	0	0	0	0	0	0	77	0	0	0	0	0	
1.48196e+06	0	0	0	0	0	0	0	0	0	0	75	0	0	0	0	0	
1.48271e+06	0	0	0	0	0	0	0	0	0	0	89	0	0	0	0	0	
1.48346e+06	0	0	0	0	0	0	0	0	0	0	71	0	0	0	0	0	
1.48421e+06	0	0	0	0	0	0	0	0	0	0	65	0	0	0	0	0	
1.48496e+06	0	0	0	0	0	0	0	0	0	0	79	0	0	0	0	0	
1.48571e+06	0	0	0	0	0	0	0	0	0	0	89	0	0	0	0	0	
1.48646e+06	0	0	0	0	0	0	0	0	0	0	81	0	0	0	0	0	
1.4872e+06	0	0	0	0	0	0	0	0	0	0	73	0	0	0	0	0	
1.48795e+06	0	0	0	0	0	0	0	0	0	0	75	0	0	0	0	0	
1.48871e+06	0	0	0	0	0	0	0	0	0	0	83	0	0	0	0	0	
1.48946e+06	0	0	0	0	0	0	0	0	0	0	73	0	0	0	0	0	
1.49021e+06	0	0	0	0	0	0	0	0	0	0	81	0	0	0	0	0	
1.49096e+06	0	0	0	0	0	0	0	0	0	0	73	0	0	0	0	0	
1.49171e+06	0	0	0	0	0	0	0	0	0	0	79	0	0	0	0	0	
1.49246e+06	0	0	0	0	0	0	0	0	0	0	59	0	0	0	0	0	
1.49322e+06	0	0	0	0	0	0	0	0	0	0	91	0	0	0	0	0	
1.49397e+06	0	0	0	0	0	0	0	0	0	0	69	2	0	0	0	0	
1.49472e+06	0	0	0	0	0	0	0	0	0	0	75	0	0	0	0	0	
1.49547e+06	0	0	0	0	0	0	0	0	0	0	75	0	0	0	0	0	
1.49622e+06	0	0	0	0	0	0	0	0	0	0	71	0	0	0	0	0	
1.49697e+06	0	0	0	0	0	0	0	0	0	0	0	69	0	0	0	0	
1.49772e+06	0	0	0	0	0	0	0	0	0	0	0	65	0	0	0	0	
1.49847e+06	0	0	0	0	0	0	0	0	0	0	0	75	0	0	0	0	
1.49922e+06	0	0	0	0	0	0	0	0	0	0	0	55	0	0	0	0	
1.49997e+06	0	0	0	0	0	0	0	0	0	0	71	0	0	0	0	0	
1.49997e+06	0	0	0	0	0	0	0	0	0	0	71	0	0	0	0	0	
