Time	s0	s1	s2	s3	s4	s5	s6	s7	s8	s9	s10	s11	s12	s13	s14	s15	
0	0	0	0	0	0	0	0	0	0	0	0	0	0	0	0	200	
0.00162008	0	0	0	0	0	0	0	0	0	0	0	0	0	0	0	199	
750.339	0	0	0	0	0	0	0	0	0	0	0	0	0	0	0	47	
1502.07	0	0	0	0	0	0	0	0	0	0	0	0	0	0	0	43	
2251.97	0	0	0	0	0	0	0	0	0	0	0	0	0	0	0	61	
2999.16	0	0	0	0	0	0	0	0	0	0	0	0	0	0	0	49	
3750.87	0	0	0	0	0	0	0	0	0	0	0	0	0	0	0	49	
4500.07	0	0	0	0	0	0	0	0	0	0	0	0	0	0	0	45	
5247.94	0	0	0	0	0	0	0	0	0	0	0	0	0	0	0	47	
5996.07	0	0	0	0	0	0	0	0	0	0	0	0	0	0	0	57	
6745.28	0	0	0	0	0	0	0	0	0	0	0	0	0	0	0	49	
7494.71	0	0	0	0	0	0	0	0	0	0	0	0	0	0	0	45	
8248.12	0	0	0	0	0	0	0	0	0	0	0	0	0	0	0	55	
9001.79	0	0	0	0	0	0	0	0	0	0	0	0	0	0	0	53	
9750.33	0	0	0	0	0	0	0	0	0	0	0	0	0	0	0	55	
10503.5	0	0	0	0	0	0	0	0	0	0	0	0	0	0	0	49	
11255.6	0	0	0	0	0	0	0	0	0	0	0	0	0	0	0	59	
12006.5	0	0	0	0	0	0	0	0	0	0	0	0	0	0	0	41	
12752.6	0	0	0	0	0	0	0	0	0	0	0	0	0	0	0	57	
13504.9	0	0	0	0	0	0	0	0	0	0	0	0	0	0	0	57	
14256.7	0	0	0	0	0	0	0	0	0	0	0	0	0	0	0	55	
15008.7	0	0	0	0	0	0	0	0	0	0	0	0	0	0	59	0	
15761.1	0	0	0	0	0	0	0	0	0	0	0	0	0	0	61	0	
16510.5	0	0	0	0	0	0	0	0	0	0	0	0	0	0	43	0	
17260.4	0	0	0	0	0	0	0	0	0	0	0	0	0	0	53	0	
18008.7	0	0	0	0	0	0	0	0	0	0	0	0	0	0	51	0	
18758.3	0	0	0	0	0	0	0	0	0	0	0	0	0	0	69	0	
19508.4	0	0	0	0	0	0	0	0	0	0	0	0	0	0	57	0	
20259.1	0	0	0	0	0	0	0	0	0	0	0	0	73	0	0	0	
21011.6	0	0	0	0	0	0	0	0	0	0	0	0	45	0	0	0	
21763	0	0	0	0	0	0	0	0	0	0	0	0	75	0	0	0	
22512.3	0	0	0	0	0	0	0	0	0	0	0	0	55	0	0	0	
23260.2	0	0	0	0	0	0	0	0	0	0	0	0	55	0	0	0	
24012.4	0	0	0	0	0	0	0	0	0	0	0	0	53	0	0	0	
24760.9	0	0	0	0	0	0	0	0	0	0	0	0	69	0	0	0	
25512.2	0	0	0	0	0	0	0	0	0	0	0	0	51	0	0	0	
26263.7	0	0	0	0	0	0	0	0	0	0	0	0	65	0	0	0	
27011.3	0	0	0	0	0	0	0	0	0	0	0	73	0	0	0	0	
27764.6	0	0	0	0	0	0	0	0	0	0	0	65	0	0	0	0	
28514.5	0	0	0	0	0	0	0	0	0	0	0	81	0	0	0	0	
29264	0	0	0	0	0	0	0	0	0	0	0	79	0	0	0	0	
30018.4	0	0	0	0	0	0	0	0	0	0	0	67	0	0	0	0	
30765.2	0	0	0	0	0	0	0	0	0	0	0	61	0	0	0	0	
31513.6	0	0	0	0	0	0	0	0	0	0	0	71	0	0	0	0	
32262.9	0	0	0	0	0	0	0	0	0	0	0	81	0	0	0	0	
33009.9	0	0	0	0	0	0	0	0	0	0	0	75	0	0	0	0	
33762.7	0	0	0	0	0	0	0	0	0	0	0	85	0	0	0	0	
34513.3	0	0	0	0	0	0	0	0	0	0	0	69	0	0	0	0	
35264.9	0	0	0	0	0	0	0	0	0	0	0	79	0	0	0	0	
36015.5	0	0	0	0	0	0	0	0	0	0	0	71	0	0	0	0	
36765.5	0	0	0	0	0	0	0	0	0	0	0	71	0	0	0	0	
37515.3	0	0	0	0	0	0	0	0	0	0	0	61	0	0	0	0	
38265.8	0	0	0	0	0	0	0	0	0	0	0	61	0	0	0	0	
39013.4	0	0	0	0	0	0	0	0	0	0	0	75	0	0	0	0	
39761.5	0	0	0	0	0	0	0	0	0	0	0	81	0	0	0	0	
40513.7	0	0	0	0	0	0	0	0	0	0	0	65	0	0	0	0	
41264.2	0	0	0	0	0	0	0	0	0	0	0	61	0	0	0	0	
42017.9	0	0	0	0	0	0	0	0	0	0	0	91	0	0	0	0	
42765.9	0	0	0	0	0	0	0	0	0	0	0	69	0	0	0	0	
43516.9	0	0	0	0	0	0	0	0	0	0	0	63	0	0	0	0	
44268.2	0	0	0	0	0	0	0	0	0	0	0	71	0	0	0	0	
45017.8	0	0	0	0	0	0	0	0	0	0	0	61	0	0	0	0	
45768.7	0	0	0	0	0	0	0	0	0	0	0	75	0	0	0	0	
46518.1	0	0	0	0	0	0	0	0	0	0	0	73	0	0	0	0	
47270.2	0	0	0	0	0	0	0	0	0	0	0	71	0	0	0	0	
48017.4	0	0	0	0	0	0	0	0	0	0	0	65	0	0	0	0	
48766.8	0	0	0	0	0	0	0	0	0	0	0	63	0	0	0	0	
49517.7	0	0	0	0	0	0	0	0	0	0	0	73	0	0	0	0	
50266.8	0	0	0	0	0	0	0	0	0	0	0	69	0	0	0	0	
51018.9	0	0	0	0	0	0	0	0	0	0	0	75	0	0	0	0	
51767.2	0	0	0	0	0	0	0	0	0	0	0	87	0	0	0	0	
52518.8	0	0	0	0	0	0	0	0	0	0	0	75	0	0	0	0	
53266.8	0	0	0	0	0	0	0	0	0	0	0	65	0	0	0	0	
54017.7	0	0	0	0	0	0	0	0	0	0	0	73	0	0	0	0	
54765.9	0	0	0	0	0	0	0	0	0	0	0	81	0	0	0	0	
55516.8	0	0	0	0	0	0	0	0	0	0	0	61	0	0	0	0	
56265.6	0	0	0	0	0	0	0	0	0	0	0	69	0	0	0	0	
57015.5	0	0	0	0	0	0	0	0	0	0	0	81	0	0	0	0	
57768.1	0	0	0	0	0	0	0	0	0	0	0	69	0	0	0	0	
58518.2	0	0	0	0	0	0	0	0	0	0	0	61	0	0	0	0	
59270	0	0	0	0	0	0	0	0	0	0	0	47	0	0	0	0	
60017.7	0	0	0	0	0	0	0	0	0	0	0	0	69	0	0	0	
60770.1	0	0	0	0	0	0	0	0	0	0	0	0	57	0	0	0	
61520.1	0	0	0	0	0	0	0	0	0	0	0	0	0	57	0	0	
62273	0	0	0	0	0	0	0	0	0	0	0	0	0	59	0	0	
63020.5	0	0	0	0	0	0	0	0	0	0	0	0	0	57	0	0	
63767.9	0	0	0	0	0	0	0	0	0	0	0	0	0	0	55	0	
64516.6	0	0	0	0	0	0	0	0	0	0	0	0	0	0	63	0	
65265.1	0	0	0	0	0	0	0	0	0	0	0	0	0	0	53	0	
66017	0	0	0	0	0	0	0	0	0	0	0	0	0	0	47	0	
66767.1	0	0	0	0	0	0	0	0	0	0	0	0	0	0	55	0	
67517.8	0	0	0	0	0	0	0	0	0	0	0	0	0	0	53	0	
68268.5	0	0	0	0	0	0	0	0	0	0	0	0	0	0	55	0	
69020.8	0	0	0	0	0	0	0	0	0	0	0	0	0	0	51	0	
69769.9	0	0	0	0	0	0	0	0	0	0	0	0	0	0	61	0	
70520	0	0	0	0	0	0	0	0	0	0	0	0	0	0	57	0	
71267.3	0	0	0	0	0	0	0	0	0	0	0	0	0	0	53	0	
72017.2	0	0	0	0	0	0	0	0	0	0	0	0	0	0	43	0	
72763.9	0	0	0	0	0	0	0	0	0	0	0	0	0	0	45	0	
73512.7	0	0	0	0	0	0	0	0	0	0	0	0	0	0	55	0	
74262.7	0	0	0	0	0	0	0	0	0	0	0	0	0	0	51	0	
75010.2	0	0	0	0	0	0	0	0	0	0	0	0	0	0	45	0	
75759.3	0	0	0	0	0	0	0	0	0	0	0	0	0	0	0	57	
76510.4	0	0	0	0	0	0	0	0	0	0	0	0	0	0	0	65	
77260.6	0	0	0	0	0	0	0	0	0	0	0	0	0	0	0	43	
78014.1	0	0	0	0	0	0	0	0	0	0	0	0	0	0	0	29	
78765.7	0	0	0	0	0	0	0	0	0	0	0	0	0	0	0	47	
79517.4	0	0	0	0	0	0	0	0	0	0	0	0	0	0	0	51	
80269.6	0	0	0	0	0	0	0	0	0	0	0	0	0	0	0	55	
81017.6	0	0	0	0	0	0	0	0	0	0	0	0	0	0	0	51	
81767.7	0	0	0	0	0	0	0	0	0	0	0	0	0	0	0	59	
82518.4	0	0	0	0	0	0	0	0	0	0	0	0	0	0	0	51	
83271	0	0	0	0	0	0	0	0	0	0	0	0	0	0	0	51	
84021.5	0	0	0	0	0	0	0	0	0	0	0	0	0	0	0	45	
84769.1	0	0	0	0	0	0	0	0	0	0	0	0	0	0	0	43	
85519.1	0	0	0	0	0	0	0	0	0	0	0	0	0	0	0	59	
86266.8	0	0	0	0	0	0	0	0	0	0	0	0	0	0	0	49	
87013.9	0	0	0	0	0	0	0	0	0	0	0	0	0	0	0	43	
87765.3	0	0	0	0	0	0	0	0	0	0	0	0	0	0	0	53	
88514.4	0	0	0	0	0	0	0	0	0	0	0	0	0	0	49	0	
89261.4	0	0	0	0	0	0	0	0	0	0	0	0	0	0	73	0	
90008.4	0	0	0	0	0	0	0	0	0	0	0	0	0	0	47	0	
90758.8	0	0	0	0	0	0	0	0	0	0	0	0	0	0	43	0	
91504.1	0	0	0	0	0	0	0	0	0	0	0	0	0	0	49	0	
92253.6	0	0	0	0	0	0	0	0	0	0	0	0	0	0	61	0	
93002	0	0	0	0	0	0	0	0	0	0	0	0	0	0	59	0	
93754.4	0	0	0	0	0	0	0	0	0	0	0	0	0	0	49	0	
94502.8	0	0	0	0	0	0	0	0	0	0	0	0	0	65	0	0	
95255	0	0	0	0	0	0	0	0	0	0	0	0	0	57	0	0	
96005	0	0	0	0	0	0	0	0	0	0	0	0	0	65	0	0	
96757	0	0	0	0	0	0	0	0	0	0	0	0	0	65	0	0	
97504.9	0	0	0	0	0	0	0	0	0	0	0	0	0	49	0	0	
98255.8	0	0	0	0	0	0	0	0	0	0	0	0	0	53	0	0	
99005.3	0	0	0	0	0	0	0	0	0	0	0	0	0	63	0	0	
99753.9	0	0	0	0	0	0	0	0	0	0	0	0	0	69	0	0	
100506	0	0	0	0	0	0	0	0	0	0	0	0	0	67	0	0	
101256	0	0	0	0	0	0	0	0	0	0	0	0	0	0	45	0	
102005	0	0	0	0	0	0	0	0	0	0	0	0	0	0	53	0	
102755	0	0	0	0	0	0	0	0	0	0	0	0	0	0	61	0	
103505	0	0	0	0	0	0	0	0	0	0	0	0	0	0	55	0	
104252	0	0	0	0	0	0	0	0	0	0	0	0	0	0	59	0	
105002	0	0	0	0	0	0	0	0	0	0	0	0	0	0	59	0	
105751	0	0	0	0	0	0	0	0	0	0	0	0	0	0	61	0	
106503	0	0	0	0	0	0	0	0	0	0	0	0	0	0	59	0	
107254	0	0	0	0	0	0	0	0	0	0	0	0	0	0	45	0	
108005	0	0	0	0	0	0	0	0	0	0	0	0	0	0	49	0	
108755	0	0	0	0	0	0	0	0	0	0	0	0	0	0	45	0	
109505	0	0	0	0	0	0	0	0	0	0	0	0	0	0	55	0	
110257	0	0	0	0	0	0	0	0	0	0	0	0	0	0	57	0	
111008	0	0	0	0	0	0	0	0	0	0	0	0	0	0	0	49	
111756	0	0	0	0	0	0	0	0	0	0	0	0	0	0	0	55	
112507	0	0	0	0	0	0	0	0	0	0	0	0	0	0	0	47	
113260	0	0	0	0	0	0	0	0	0	0	0	0	0	0	0	53	
114008	0	0	0	0	0	0	0	0	0	0	0	0	0	0	0	57	
114759	0	0	0	0	0	0	0	0	0	0	0	0	0	0	0	49	
115514	0	0	0	0	0	0	0	0	0	0	0	0	0	0	0	57	
116267	0	0	0	0	0	0	0	0	0	0	0	0	0	0	0	57	
117019	0	0	0	0	0	0	0	0	0	0	0	0	0	0	55	0	
117765	0	0	0	0	0	0	0	0	0	0	0	0	0	0	49	0	
118515	0	0	0	0	0	0	0	0	0	0	0	0	0	0	57	0	
119264	0	0	0	0	0	0	0	0	0	0	0	0	0	0	41	0	
120015	0	0	0	0	0	0	0	0	0	0	0	0	0	0	45	0	
120765	0	0	0	0	0	0	0	0	0	0	0	0	0	0	63	0	
121515	0	0	0	0	0	0	0	0	0	0	0	0	0	0	47	0	
122267	0	0	0	0	0	0	0	0	0	0	0	0	0	0	47	0	
123020	0	0	0	0	0	0	0	0	0	0	0	0	0	0	43	0	
123769	0	0	0	0	0	0	0	0	0	0	0	0	0	0	41	0	
124521	0	0	0	0	0	0	0	0	0	0	0	0	0	0	65	0	
125271	0	0	0	0	0	0	0	0	0	0	0	0	0	0	51	0	
126024	0	0	0	0	0	0	0	0	0	0	0	0	0	0	53	0	
126776	0	0	0	0	0	0	0	0	0	0	0	0	0	0	53	0	
127526	0	0	0	0	0	0	0	0	0	0	0	0	0	0	53	0	
128273	0	0	0	0	0	0	0	0	0	0	0	0	0	0	61	0	
129026	0	0	0	0	0	0	0	0	0	0	0	0	0	0	45	0	
129779	0	0	0	0	0	0	0	0	0	0	0	0	0	0	49	0	
130531	0	0	0	0	0	0	0	0	0	0	0	0	0	0	63	0	
131283	0	0	0	0	0	0	0	0	0	0	0	0	0	0	55	0	
132034	0	0	0	0	0	0	0	0	0	0	0	0	0	0	57	0	
132780	0	0	0	0	0	0	0	0	0	0	0	0	0	0	63	0	
133530	0	0	0	0	0	0	0	0	0	0	0	0	0	0	49	0	
134283	0	0	0	0	0	0	0	0	0	0	0	0	0	0	59	0	
135032	0	0	0	0	0	0	0	0	0	0	0	0	0	0	53	0	
135781	0	0	0	0	0	0	0	0	0	0	0	0	0	57	0	0	
136531	0	0	0	0	0	0	0	0	0	0	0	0	0	57	0	0	
137282	0	0	0	0	0	0	0	0	0	0	0	0	0	49	0	0	
138033	0	0	0	0	0	0	0	0	0	0	0	0	0	61	0	0	
138779	0	0	0	0	0	0	0	0	0	0	0	0	0	57	0	0	
139533	0	0	0	0	0	0	0	0	0	0	0	0	0	39	0	0	
140282	0	0	0	0	0	0	0	0	0	0	0	0	0	63	0	0	
141030	0	0	0	0	0	0	0	0	0	0	0	0	0	55	0	0	
141782	0	0	0	0	0	0	0	0	0	0	0	0	0	63	0	0	
142529	0	0	0	0	0	0	0	0	0	0	0	0	0	55	0	0	
143278	0	0	0	0	0	0	0	0	0	0	0	0	0	59	0	0	
144026	0	0	0	0	0	0	0	0	0	0	0	0	0	63	0	0	
144777	0	0	0	0	0	0	0	0	0	0	0	0	0	0	51	0	
145529	0	0	0	0	0	0	0	0	0	0	0	0	0	0	53	0	
146278	0	0	0	0	0	0	0	0	0	0	0	0	0	0	59	0	
147026	0	0	0	0	0	0	0	0	0	0	0	0	0	0	55	0	
147780	0	0	0	0	0	0	0	0	0	0	0	0	0	0	45	0	
148529	0	0	0	0	0	0	0	0	0	0	0	0	0	0	49	0	
149278	0	0	0	0	0	0	0	0	0	0	0	0	0	0	65	0	
150026	0	0	0	0	0	0	0	0	0	0	0	0	0	0	63	0	
150774	0	0	0	0	0	0	0	0	0	0	0	0	0	0	53	0	
151526	0	0	0	0	0	0	0	0	0	0	0	0	0	0	57	0	
152276	0	0	0	0	0	0	0	0	0	0	0	0	0	55	0	0	
153024	0	0	0	0	0	0	0	0	0	0	0	0	0	55	0	0	
153775	0	0	0	0	0	0	0	0	0	0	0	0	0	45	0	0	
154523	0	0	0	0	0	0	0	0	0	0	0	0	0	63	0	0	
155273	0	0	0	0	0	0	0	0	0	0	0	0	0	59	0	0	
156026	0	0	0	0	0	0	0	0	0	0	0	0	0	0	49	0	
156778	0	0	0	0	0	0	0	0	0	0	0	0	0	0	49	0	
157531	0	0	0	0	0	0	0	0	0	0	0	0	0	0	59	0	
158280	0	0	0	0	0	0	0	0	0	0	0	0	0	0	49	0	
159026	0	0	0	0	0	0	0	0	0	0	0	0	0	0	51	0	
159777	0	0	0	0	0	0	0	0	0	0	0	0	0	0	53	0	
160526	0	0	0	0	0	0	0	0	0	0	0	0	0	0	53	0	
161278	0	0	0	0	0	0	0	0	0	0	0	0	0	0	59	0	
162031	0	0	0	0	0	0	0	0	0	0	0	0	0	0	49	0	
162781	0	0	0	0	0	0	0	0	0	0	0	0	0	0	57	0	
163530	0	0	0	0	0	0	0	0	0	0	0	0	0	0	45	0	
164283	0	0	0	0	0	0	0	0	0	0	0	0	0	0	51	0	
165032	0	0	0	0	0	0	0	0	0	0	0	0	0	0	49	0	
165779	0	0	0	0	0	0	0	0	0	0	0	0	0	0	69	0	
166529	0	0	0	0	0	0	0	0	0	0	0	0	0	0	61	0	
167281	0	0	0	0	0	0	0	0	0	0	0	0	0	0	49	0	
168032	0	0	0	0	0	0	0	0	0	0	0	0	0	0	53	0	
168783	0	0	0	0	0	0	0	0	0	0	0	0	0	77	0	0	
169533	0	0	0	0	0	0	0	0	0	0	0	0	0	51	0	0	
170281	0	0	0	0	0	0	0	0	0	0	0	0	0	61	0	0	
171030	0	0	0	0	0	0	0	0	0	0	0	0	0	53	0	0	
171782	0	0	0	0	0	0	0	0	0	0	0	0	0	69	0	0	
172532	0	0	0	0	0	0	0	0	0	0	0	0	0	63	0	0	
173282	0	0	0	0	0	0	0	0	0	0	0	0	0	55	0	0	
174036	0	0	0	0	0	0	0	0	0	0	0	0	0	67	0	0	
174782	0	0	0	0	0	0	0	0	0	0	0	0	0	59	0	0	
175532	0	0	0	0	0	0	0	0	0	0	0	0	0	59	0	0	
176281	0	0	0	0	0	0	0	0	0	0	0	0	0	63	0	0	
177029	0	0	0	0	0	0	0	0	0	0	0	0	0	53	0	0	
177778	0	0	0	0	0	0	0	0	0	0	0	0	0	61	0	0	
178531	0	0	0	0	0	0	0	0	0	0	0	0	0	57	0	0	
179278	0	0	0	0	0	0	0	0	0	0	0	0	0	59	0	0	
180028	0	0	0	0	0	0	0	0	0	0	0	0	0	61	0	0	
180778	0	0	0	0	0	0	0	0	0	0	0	0	0	57	0	0	
181526	0	0	0	0	0	0	0	0	0	0	0	0	0	59	0	0	
182274	0	0	0	0	0	0	0	0	0	0	0	0	0	0	57	0	
183022	0	0	0	0	0	0	0	0	0	0	0	0	0	0	55	0	
183775	0	0	0	0	0	0	0	0	0	0	0	0	0	0	51	0	
184525	0	0	0	0	0	0	0	0	0	0	0	0	0	0	39	0	
185275	0	0	0	0	0	0	0	0	0	0	0	0	0	0	45	0	
186028	0	0	0	0	0	0	0	0	0	0	0	0	0	0	49	0	
186777	0	0	0	0	0	0	0	0	0	0	0	0	0	0	67	0	
187522	0	0	0	0	0	0	0	0	0	0	0	0	0	0	45	0	
188271	0	0	0	0	0	0	0	0	0	0	0	0	0	0	49	0	
189020	0	0	0	0	0	0	0	0	0	0	0	0	0	0	47	0	
189768	0	0	0	0	0	0	0	0	0	0	0	0	0	0	65	0	
190516	0	0	0	0	0	0	0	0	0	0	0	0	0	0	51	0	
191266	0	0	0	0	0	0	0	0	0	0	0	0	0	0	51	0	
192015	0	0	0	0	0	0	0	0	0	0	0	0	0	0	61	0	
192761	0	0	0	0	0	0	0	0	0	0	0	0	0	0	59	0	
193509	0	0	0	0	0	0	0	0	0	0	0	0	0	0	45	0	
194258	0	0	0	0	0	0	0	0	0	0	0	0	0	0	57	0	
195010	0	0	0	0	0	0	0	0	0	0	0	0	0	0	59	0	
195761	0	0	0	0	0	0	0	0	0	0	0	0	0	0	53	0	
196512	0	0	0	0	0	0	0	0	0	0	0	0	0	0	65	0	
197261	0	0	0	0	0	0	0	0	0	0	0	0	0	0	51	0	
198014	0	0	0	0	0	0	0	0	0	0	0	0	0	0	47	0	
198764	0	0	0	0	0	0	0	0	0	0	0	0	0	0	65	0	
199515	0	0	0	0	0	0	0	0	0	0	0	0	0	0	51	0	
200266	0	0	0	0	0	0	0	0	0	0	0	0	0	51	0	0	
201021	0	0	0	0	0	0	0	0	0	0	0	0	0	47	0	0	
201769	0	0	0	0	0	0	0	0	0	0	0	0	0	61	0	0	
202516	0	0	0	0	0	0	0	0	0	0	0	0	0	59	0	0	
203266	0	0	0	0	0	0	0	0	0	0	0	0	0	59	0	0	
204018	0	0	0	0	0	0	0	0	0	0	0	0	0	45	0	0	
204769	0	0	0	0	0	0	0	0	0	0	0	0	0	51	0	0	
205520	0	0	0	0	0	0	0	0	0	0	0	0	0	51	0	0	
206272	0	0	0	0	0	0	0	0	0	0	0	0	0	59	0	0	
207023	0	0	0	0	0	0	0	0	0	0	0	0	0	47	0	0	
207776	0	0	0	0	0	0	0	0	0	0	0	0	65	0	0	0	
208525	0	0	0	0	0	0	0	0	0	0	0	0	51	0	0	0	
209278	0	0	0	0	0	0	0	0	0	0	0	0	53	0	0	0	
210028	0	0	0	0	0	0	0	0	0	0	0	0	67	0	0	0	
210777	0	0	0	0	0	0	0	0	0	0	0	0	59	0	0	0	
211525	0	0	0	0	0	0	0	0	0	0	0	0	73	0	0	0	
212278	0	0	0	0	0	0	0	0	0	0	0	0	75	0	0	0	
213026	0	0	0	0	0	0	0	0	0	0	0	0	65	0	0	0	
213775	0	0	0	0	0	0	0	0	0	0	0	73	0	0	0	0	
214524	0	0	0	0	0	0	0	0	0	0	0	73	0	0	0	0	
215270	0	0	0	0	0	0	0	0	0	0	0	71	0	0	0	0	
216020	0	0	0	0	0	0	0	0	0	0	0	63	0	0	0	0	
216771	0	0	0	0	0	0	0	0	0	0	0	79	0	0	0	0	
217520	0	0	0	0	0	0	0	0	0	0	0	69	0	0	0	0	
218268	0	0	0	0	0	0	0	0	0	0	0	59	0	0	0	0	
219016	0	0	0	0	0	0	0	0	0	0	0	65	0	0	0	0	
219768	0	0	0	0	0	0	0	0	0	0	0	71	0	0	0	0	
220520	0	0	0	0	0	0	0	0	0	0	0	61	0	0	0	0	
221270	0	0	0	0	0	0	0	0	0	0	0	59	0	0	0	0	
222020	0	0	0	0	0	0	0	0	0	0	0	71	0	0	0	0	
222772	0	0	0	0	0	0	0	0	0	0	0	57	0	0	0	0	
223522	0	0	0	0	0	0	0	0	0	0	1	52	0	0	0	0	
224267	0	0	0	0	0	0	0	0	0	0	0	0	59	0	0	0	
225017	0	0	0	0	0	0	0	0	0	0	0	0	71	0	0	0	
225768	0	0	0	0	0	0	0	0	0	0	0	0	53	0	0	0	
226515	0	0	0	0	0	0	0	0	0	0	0	0	61	0	0	0	
227267	0	0	0	0	0	0	0	0	0	0	0	0	57	0	0	0	
228016	0	0	0	0	0	0	0	0	0	0	0	0	55	0	0	0	
228768	0	0	0	0	0	0	0	0	0	0	0	0	63	0	0	0	
229520	0	0	0	0	0	0	0	0	0	0	0	0	59	0	0	0	
230274	0	0	0	0	0	0	0	0	0	0	0	0	55	0	0	0	
231025	0	0	0	0	0	0	0	0	0	0	0	0	61	0	0	0	
231776	0	0	0	0	0	0	0	0	0	0	0	0	63	0	0	0	
232526	0	0	0	0	0	0	0	0	0	0	0	0	55	0	0	0	
233272	0	0	0	0	0	0	0	0	0	0	0	0	53	0	0	0	
234020	0	0	0	0	0	0	0	0	0	0	0	0	63	0	0	0	
234769	0	0	0	0	0	0	0	0	0	0	0	0	69	0	0	0	
235517	0	0	0	0	0	0	0	0	0	0	0	0	47	0	0	0	
236268	0	0	0	0	0	0	0	0	0	0	0	0	57	0	0	0	
237020	0	0	0	0	0	0	0	0	0	0	0	0	61	0	0	0	
237771	0	0	0	0	0	0	0	0	0	0	0	0	67	0	0	0	
238522	0	0	0	0	0	0	0	0	0	0	0	0	57	0	0	0	
239274	0	0	0	0	0	0	0	0	0	0	0	0	0	61	0	0	
240023	0	0	0	0	0	0	0	0	0	0	0	0	0	67	0	0	
240778	0	0	0	0	0	0	0	0	0	0	0	0	0	47	0	0	
241527	0	0	0	0	0	0	0	0	0	0	0	0	0	59	0	0	
242279	0	0	0	0	0	0	0	0	0	0	0	0	0	65	0	0	
243027	0	0	0	0	0	0	0	0	0	0	0	0	0	59	0	0	
243778	0	0	0	0	0	0	0	0	0	0	0	0	0	63	0	0	
244528	0	0	0	0	0	0	0	0	0	0	0	0	0	47	0	0	
245279	0	0	0	0	0	0	0	0	0	0	0	0	20	27	0	0	
246026	0	0	0	0	0	0	0	0	0	0	0	0	65	0	0	0	
246777	0	0	0	0	0	0	0	0	0	0	0	0	61	0	0	0	
247527	0	0	0	0	0	0	0	0	0	0	0	0	73	0	0	0	
248281	0	0	0	0	0	0	0	0	0	0	0	0	59	0	0	0	
249032	0	0	0	0	0	0	0	0	0	0	0	0	73	0	0	0	
249786	0	0	0	0	0	0	0	0	0	0	0	0	57	0	0	0	
250533	0	0	0	0	0	0	0	0	0	0	0	0	67	0	0	0	
251283	0	0	0	0	0	0	0	0	0	0	0	0	57	0	0	0	
252031	0	0	0	0	0	0	0	0	0	0	0	0	63	0	0	0	
252783	0	0	0	0	0	0	0	0	0	0	0	0	0	57	0	0	
253534	0	0	0	0	0	0	0	0	0	0	0	0	0	67	0	0	
254285	0	0	0	0	0	0	0	0	0	0	0	0	0	51	0	0	
255035	0	0	0	0	0	0	0	0	0	0	0	0	0	59	0	0	
255784	0	0	0	0	0	0	0	0	0	0	0	0	0	53	0	0	
256535	0	0	0	0	0	0	0	0	0	0	0	0	0	47	0	0	
257283	0	0	0	0	0	0	0	0	0	0	0	0	0	73	0	0	
258033	0	0	0	0	0	0	0	0	0	0	0	0	0	57	0	0	
258780	0	0	0	0	0	0	0	0	0	0	0	0	0	59	0	0	
259529	0	0	0	0	0	0	0	0	0	0	0	0	0	71	0	0	
260277	0	0	0	0	0	0	0	0	0	0	0	0	0	55	0	0	
261027	0	0	0	0	0	0	0	0	0	0	0	0	0	53	0	0	
261775	0	0	0	0	0	0	0	0	0	0	0	0	0	65	0	0	
262526	0	0	0	0	0	0	0	0	0	0	0	0	0	55	0	0	
263277	0	0	0	0	0	0	0	0	0	0	0	0	0	63	0	0	
264025	0	0	0	0	0	0	0	0	0	0	0	0	0	55	0	0	
264778	0	0	0	0	0	0	0	0	0	0	0	0	0	69	0	0	
265525	0	0	0	0	0	0	0	0	0	0	0	0	0	63	0	0	
266275	0	0	0	0	0	0	0	0	0	0	0	0	0	55	0	0	
267025	0	0	0	0	0	0	0	0	0	0	0	0	0	55	0	0	
267778	0	0	0	0	0	0	0	0	0	0	0	0	0	53	0	0	
268530	0	0	0	0	0	0	0	0	0	0	0	0	0	55	0	0	
269278	0	0	0	0	0	0	0	0	0	0	0	0	0	67	0	0	
270027	0	0	0	0	0	0	0	0	0	0	0	0	0	63	0	0	
270775	0	0	0	0	0	0	0	0	0	0	0	0	0	67	0	0	
271528	0	0	0	0	0	0	0	0	0	0	0	0	0	0	55	0	
272282	0	0	0	0	0	0	0	0	0	0	0	0	0	0	59	0	
273032	0	0	0	0	0	0	0	0	0	0	0	0	0	0	53	0	
273781	0	0	0	0	0	0	0	0	0	0	0	0	0	0	59	0	
274527	0	0	0	0	0	0	0	0	0	0	0	0	0	0	57	0	
275276	0	0	0	0	0	0	0	0	0	0	0	0	0	0	49	0	
276027	0	0	0	0	0	0	0	0	0	0	0	0	0	0	63	0	
276777	0	0	0	0	0	0	0	0	0	0	0	0	0	0	47	0	
277530	0	0	0	0	0	0	0	0	0	0	0	0	0	0	55	0	
278284	0	0	0	0	0	0	0	0	0	0	0	0	0	0	45	0	
279036	0	0	0	0	0	0	0	0	0	0	0	0	0	0	45	0	
279786	0	0	0	0	0	0	0	0	0	0	0	0	0	0	41	0	
280537	0	0	0	0	0	0	0	0	0	0	0	0	0	0	51	0	
281289	0	0	0	0	0	0	0	0	0	0	0	0	0	0	45	0	
282040	0	0	0	0	0	0	0	0	0	0	0	0	0	0	53	0	
282789	0	0	0	0	0	0	0	0	0	0	0	0	0	0	55	0	
283539	0	0	0	0	0	0	0	0	0	0	0	0	0	0	51	0	
284284	0	0	0	0	0	0	0	0	0	0	0	0	0	0	57	0	
285035	0	0	0	0	0	0	0	0	0	0	0	0	0	0	53	0	
285788	0	0	0	0	0	0	0	0	0	0	0	0	0	0	57	0	
286536	0	0	0	0	0	0	0	0	0	0	0	0	0	0	63	0	
287285	0	0	0	0	0	0	0	0	0	0	0	0	0	0	57	0	
288039	0	0	0	0	0	0	0	0	0	0	0	0	0	65	0	0	
288790	0	0	0	0	0	0	0	0	0	0	0	0	0	63	0	0	
289543	0	0	0	0	0	0	0	0	0	0	0	0	0	61	0	0	
290296	0	0	0	0	0	0	0	0	0	0	0	0	0	53	0	0	
291047	0	0	0	0	0	0	0	0	0	0	0	0	0	57	0	0	
291796	0	0	0	0	0	0	0	0	0	0	0	0	0	67	0	0	
292548	0	0	0	0	0	0	0	0	0	0	0	0	0	51	0	0	
293296	0	0	0	0	0	0	0	0	0	0	0	0	0	53	0	0	
294047	0	0	0	0	0	0	0	0	0	0	0	0	0	57	0	0	
294798	0	0	0	0	0	0	0	0	0	0	0	0	0	67	0	0	
295547	0	0	0	0	0	0	0	0	0	0	0	0	0	0	67	0	
296296	0	0	0	0	0	0	0	0	0	0	0	0	0	0	41	0	
297045	0	0	0	0	0	0	0	0	0	0	0	0	0	0	43	0	
297795	0	0	0	0	0	0	0	0	0	0	0	0	0	0	59	0	
298546	0	0	0	0	0	0	0	0	0	0	0	0	0	0	0	47	
299297	0	0	0	0	0	0	0	0	0	0	0	0	0	0	0	55	
300046	0	0	0	0	0	0	0	0	0	0	0	0	0	0	0	37	
300797	0	0	0	0	0	0	0	0	0	0	0	0	0	0	0	47	
301546	0	0	0	0	0	0	0	0	0	0	0	0	0	0	0	41	
302293	0	0	0	0	0	0	0	0	0	0	0	0	0	0	0	61	
303043	0	0	0	0	0	0	0	0	0	0	0	0	0	0	0	47	
303791	0	0	0	0	0	0	0	0	0	0	0	0	0	0	0	59	
304539	0	0	0	0	0	0	0	0	0	0	0	0	0	0	0	51	
305290	0	0	0	0	0	0	0	0	0	0	0	0	0	0	0	45	
306041	0	0	0	0	0	0	0	0	0	0	0	0	0	0	0	47	
306794	0	0	0	0	0	0	0	0	0	0	0	0	0	0	0	45	
307543	0	0	0	0	0	0	0	0	0	0	0	0	0	0	0	53	
308291	0	0	0	0	0	0	0	0	0	0	0	0	0	0	0	41	
309036	0	0	0	0	0	0	0	0	0	0	0	0	0	0	0	51	
309783	0	0	0	0	0	0	0	0	0	0	0	0	0	0	0	47	
310531	0	0	0	0	0	0	0	0	0	0	0	0	0	0	0	43	
311281	0	0	0	0	0	0	0	0	0	0	0	0	0	0	0	41	
312030	0	0	0	0	0	0	0	0	0	0	0	0	0	0	0	49	
312779	0	0	0	0	0	0	0	0	0	0	0	0	0	0	0	57	
313530	0	0	0	0	0	0	0	0	0	0	0	0	0	0	0	39	
314280	0	0	0	0	0	0	0	0	0	0	0	0	0	0	0	43	
315029	0	0	0	0	0	0	0	0	0	0	0	0	0	0	0	55	
315776	0	0	0	0	0	0	0	0	0	0	0	0	0	0	0	53	
316527	0	0	0	0	0	0	0	0	0	0	0	0	0	0	0	51	
317274	0	0	0	0	0	0	0	0	0	0	0	0	0	0	0	49	
318026	0	0	0	0	0	0	0	0	0	0	0	0	0	0	0	51	
318779	0	0	0	0	0	0	0	0	0	0	0	0	0	0	0	67	
319527	0	0	0	0	0	0	0	0	0	0	0	0	0	0	0	37	
320277	0	0	0	0	0	0	0	0	0	0	0	0	0	0	0	47	
321025	0	0	0	0	0	0	0	0	0	0	0	0	0	0	0	51	
321777	0	0	0	0	0	0	0	0	0	0	0	0	0	0	0	53	
322526	0	0	0	0	0	0	0	0	0	0	0	0	0	0	0	41	
323278	0	0	0	0	0	0	0	0	0	0	0	0	0	0	0	51	
324030	0	0	0	0	0	0	0	0	0	0	0	0	0	0	0	41	
324779	0	0	0	0	0	0	0	0	0	0	0	0	0	0	0	55	
325530	0	0	0	0	0	0	0	0	0	0	0	0	0	0	0	51	
326281	0	0	0	0	0	0	0	0	0	0	0	0	0	0	0	53	
327031	0	0	0	0	0	0	0	0	0	0	0	0	0	0	47	0	
327782	0	0	0	0	0	0	0	0	0	0	0	0	0	0	53	0	
328531	0	0	0	0	0	0	0	0	0	0	0	0	0	0	55	0	
329279	0	0	0	0	0	0	0	0	0	0	0	0	0	0	47	0	
330030	0	0	0	0	0	0	0	0	0	0	0	0	0	0	63	0	
330779	0	0	0	0	0	0	0	0	0	0	0	0	0	0	59	0	
331527	0	0	0	0	0	0	0	0	0	0	0	0	0	0	63	0	
332277	0	0	0	0	0	0	0	0	0	0	0	0	0	0	59	0	
333025	0	0	0	0	0	0	0	0	0	0	0	0	0	0	47	0	
333771	0	0	0	0	0	0	0	0	0	0	0	0	0	0	0	49	
334522	0	0	0	0	0	0	0	0	0	0	0	0	0	0	0	55	
335273	0	0	0	0	0	0	0	0	0	0	0	0	0	0	0	53	
336024	0	0	0	0	0	0	0	0	0	0	0	0	0	0	0	49	
336776	0	0	0	0	0	0	0	0	0	0	0	0	0	0	0	39	
337529	0	0	0	0	0	0	0	0	0	0	0	0	0	0	0	43	
338280	0	0	0	0	0	0	0	0	0	0	0	0	0	0	0	43	
339031	0	0	0	0	0	0	0	0	0	0	0	0	0	0	0	31	
339779	0	0	0	0	0	0	0	0	0	0	0	0	0	0	0	51	
340531	0	0	0	0	0	0	0	0	0	0	0	0	0	0	0	53	
341282	0	0	0	0	0	0	0	0	0	0	0	0	0	0	0	49	
342034	0	0	0	0	0	0	0	0	0	0	0	0	0	0	0	69	
342783	0	0	0	0	0	0	0	0	0	0	0	0	0	0	0	49	
343529	0	0	0	0	0	0	0	0	0	0	0	0	0	0	0	45	
344282	0	0	0	0	0	0	0	0	0	0	0	0	0	0	0	55	
345036	0	0	0	0	0	0	0	0	0	0	0	0	0	0	0	49	
345788	0	0	0	0	0	0	0	0	0	0	0	0	0	0	0	57	
346536	0	0	0	0	0	0	0	0	0	0	0	0	0	0	0	39	
347286	0	0	0	0	0	0	0	0	0	0	0	0	0	0	0	49	
348039	0	0	0	0	0	0	0	0	0	0	0	0	0	0	1	46	
348789	0	0	0	0	0	0	0	0	0	0	0	0	0	0	49	0	
349539	0	0	0	0	0	0	0	0	0	0	0	0	0	0	65	0	
350288	0	0	0	0	0	0	0	0	0	0	0	0	0	14	41	0	
351042	0	0	0	0	0	0	0	0	0	0	0	0	0	0	43	0	
351792	0	0	0	0	0	0	0	0	0	0	0	0	0	0	47	0	
352542	0	0	0	0	0	0	0	0	0	0	0	0	0	0	47	0	
353293	0	0	0	0	0	0	0	0	0	0	0	0	0	63	0	0	
354045	0	0	0	0	0	0	0	0	0	0	0	0	0	53	0	0	
354794	0	0	0	0	0	0	0	0	0	0	0	0	0	43	0	0	
355545	0	0	0	0	0	0	0	0	0	0	0	0	0	57	0	0	
356293	0	0	0	0	0	0	0	0	0	0	0	0	0	73	0	0	
357044	0	0	0	0	0	0	0	0	0	0	0	0	0	65	0	0	
357794	0	0	0	0	0	0	0	0	0	0	0	0	0	65	0	0	
358542	0	0	0	0	0	0	0	0	0	0	0	0	0	63	0	0	
359293	0	0	0	0	0	0	0	0	0	0	0	0	0	61	0	0	
360042	0	0	0	0	0	0	0	0	0	0	0	0	0	45	0	0	
360794	0	0	0	0	0	0	0	0	0	0	0	0	0	55	0	0	
361542	0	0	0	0	0	0	0	0	0	0	0	0	0	57	0	0	
362294	0	0	0	0	0	0	0	0	0	0	0	0	0	67	0	0	
363047	0	0	0	0	0	0	0	0	0	0	0	0	0	51	0	0	
363795	0	0	0	0	0	0	0	0	0	0	0	0	0	61	0	0	
364549	0	0	0	0	0	0	0	0	0	0	0	0	0	61	0	0	
365303	0	0	0	0	0	0	0	0	0	0	0	0	0	43	0	0	
366053	0	0	0	0	0	0	0	0	0	0	0	0	55	0	0	0	
366801	0	0	0	0	0	0	0	0	0	0	0	0	49	0	0	0	
367550	0	0	0	0	0	0	0	0	0	0	0	0	67	0	0	0	
368299	0	0	0	0	0	0	0	0	0	0	0	0	65	0	0	0	
369047	0	0	0	0	0	0	0	0	0	0	0	0	61	0	0	0	
369797	0	0	0	0	0	0	0	0	0	0	0	0	71	0	0	0	
370548	0	0	0	0	0	0	0	0	0	0	0	63	0	0	0	0	
371297	0	0	0	0	0	0	0	0	0	0	0	65	0	0	0	0	
372045	0	0	0	0	0	0	0	0	0	0	0	75	0	0	0	0	
372795	0	0	0	0	0	0	0	0	0	0	0	67	0	0	0	0	
373546	0	0	0	0	0	0	0	0	0	0	0	65	0	0	0	0	
374297	0	0	0	0	0	0	0	0	0	0	0	65	0	0	0	0	
375048	0	0	0	0	0	0	0	0	0	0	0	65	0	0	0	0	
375802	0	0	0	0	0	0	0	0	0	0	0	81	0	0	0	0	
376553	0	0	0	0	0	0	0	0	0	0	0	75	0	0	0	0	
377302	0	0	0	0	0	0	0	0	0	0	0	61	0	0	0	0	
378049	0	0	0	0	0	0	0	0	0	0	0	63	0	0	0	0	
378801	0	0	0	0	0	0	0	0	0	0	0	77	0	0	0	0	
379554	0	0	0	0	0	0	0	0	0	0	0	69	0	0	0	0	
380302	0	0	0	0	0	0	0	0	0	0	0	65	0	0	0	0	
381050	0	0	0	0	0	0	0	0	0	0	0	75	0	0	0	0	
381800	0	0	0	0	0	0	0	0	0	0	0	75	0	0	0	0	
382548	0	0	0	0	0	0	0	0	0	0	0	0	67	0	0	0	
383298	0	0	0	0	0	0	0	0	0	0	0	0	55	0	0	0	
384050	0	0	0	0	0	0	0	0	0	0	0	0	63	0	0	0	
384800	0	0	0	0	0	0	0	0	0	0	0	0	57	0	0	0	
385551	0	0	0	0	0	0	0	0	0	0	0	0	63	0	0	0	
386298	0	0	0	0	0	0	0	0	0	0	0	0	73	0	0	0	
387048	0	0	0	0	0	0	0	0	0	0	0	0	63	0	0	0	
387796	0	0	0	0	0	0	0	0	0	0	0	0	59	0	0	0	
388545	0	0	0	0	0	0	0	0	0	0	0	0	79	0	0	0	
389290	0	0	0	0	0	0	0	0	0	0	0	0	67	0	0	0	
390044	0	0	0	0	0	0	0	0	0	0	0	0	63	0	0	0	
390795	0	0	0	0	0	0	0	0	0	0	0	0	0	57	0	0	
391547	0	0	0	0	0	0	0	0	0	0	0	0	0	63	0	0	
392297	0	0	0	0	0	0	0	0	0	0	0	0	0	57	0	0	
393045	0	0	0	0	0	0	0	0	0	0	0	0	0	53	0	0	
393796	0	0	0	0	0	0	0	0	0	0	0	0	0	59	0	0	
394547	0	0	0	0	0	0	0	0	0	0	0	0	0	65	0	0	
395298	0	0	0	0	0	0	0	0	0	0	0	0	0	61	0	0	
396050	0	0	0	0	0	0	0	0	0	0	0	0	0	61	0	0	
396801	0	0	0	0	0	0	0	0	0	0	0	0	0	55	0	0	
397553	0	0	0	0	0	0	0	0	0	0	0	0	0	61	0	0	
398307	0	0	0	0	0	0	0	0	0	0	0	0	0	67	0	0	
399055	0	0	0	0	0	0	0	0	0	0	0	0	0	39	0	0	
399803	0	0	0	0	0	0	0	0	0	0	0	0	0	55	0	0	
400552	0	0	0	0	0	0	0	0	0	0	0	0	0	63	0	0	
401297	0	0	0	0	0	0	0	0	0	0	0	0	0	49	0	0	
402049	0	0	0	0	0	0	0	0	0	0	0	0	0	49	0	0	
402803	0	0	0	0	0	0	0	0	0	0	0	0	0	63	0	0	
403551	0	0	0	0	0	0	0	0	0	0	0	0	0	49	0	0	
404303	0	0	0	0	0	0	0	0	0	0	0	0	0	69	0	0	
405050	0	0	0	0	0	0	0	0	0	0	0	0	0	51	0	0	
405802	0	0	0	0	0	0	0	0	0	0	0	0	0	63	0	0	
406549	0	0	0	0	0	0	0	0	0	0	0	0	49	0	0	0	
407298	0	0	0	0	0	0	0	0	0	0	0	0	57	0	0	0	
408047	0	0	0	0	0	0	0	0	0	0	0	0	51	0	0	0	
408798	0	0	0	0	0	0	0	0	0	0	0	0	55	0	0	0	
409548	0	0	0	0	0	0	0	0	0	0	0	0	57	0	0	0	
410298	0	0	0	0	0	0	0	0	0	0	0	0	65	0	0	0	
411047	0	0	0	0	0	0	0	0	0	0	0	0	71	0	0	0	
411798	0	0	0	0	0	0	0	0	0	0	0	0	57	0	0	0	
412546	0	0	0	0	0	0	0	0	0	0	0	0	55	0	0	0	
413295	0	0	0	0	0	0	0	0	0	0	0	0	57	0	0	0	
414044	0	0	0	0	0	0	0	0	0	0	0	0	69	0	0	0	
414793	0	0	0	0	0	0	0	0	0	0	0	0	67	0	0	0	
415545	0	0	0	0	0	0	0	0	0	0	0	0	73	0	0	0	
416296	0	0	0	0	0	0	0	0	0	0	0	0	55	0	0	0	
417044	0	0	0	0	0	0	0	0	0	0	0	0	71	0	0	0	
417792	0	0	0	0	0	0	0	0	0	0	0	0	53	0	0	0	
418543	0	0	0	0	0	0	0	0	0	0	0	0	63	0	0	0	
419288	0	0	0	0	0	0	0	0	0	0	0	0	59	0	0	0	
420037	0	0	0	0	0	0	0	0	0	0	0	0	63	0	0	0	
420788	0	0	0	0	0	0	0	0	0	0	0	0	0	51	0	0	
421538	0	0	0	0	0	0	0	0	0	0	0	0	0	61	0	0	
422284	0	0	0	0	0	0	0	0	0	0	0	0	0	73	0	0	
423033	0	0	0	0	0	0	0	0	0	0	0	0	0	57	0	0	
423783	0	0	0	0	0	0	0	0	0	0	0	0	0	43	0	0	
424530	0	0	0	0	0	0	0	0	0	0	0	0	0	63	0	0	
425277	0	0	0	0	0	0	0	0	0	0	0	0	0	57	0	0	
426025	0	0	0	0	0	0	0	0	0	0	0	0	0	49	0	0	
426774	0	0	0	0	0	0	0	0	0	0	0	0	0	49	0	0	
427521	0	0	0	0	0	0	0	0	0	0	0	0	0	65	0	0	
428267	0	0	0	0	0	0	0	0	0	0	0	0	0	55	0	0	
429018	0	0	0	0	0	0	0	0	0	0	0	0	0	67	0	0	
429768	0	0	0	0	0	0	0	0	0	0	0	0	0	71	0	0	
430517	0	0	0	0	0	0	0	0	0	0	0	0	0	71	0	0	
431265	0	0	0	0	0	0	0	0	0	0	0	0	0	61	0	0	
432017	0	0	0	0	0	0	0	0	0	0	0	0	0	65	0	0	
432766	0	0	0	0	0	0	0	0	0	0	0	0	0	47	0	0	
433519	0	0	0	0	0	0	0	0	0	0	0	0	0	63	0	0	
434272	0	0	0	0	0	0	0	0	0	0	0	0	0	53	0	0	
435023	0	0	0	0	0	0	0	0	0	0	0	0	0	47	0	0	
435774	0	0	0	0	0	0	0	0	0	0	0	0	0	65	0	0	
436527	0	0	0	0	0	0	0	0	0	0	0	0	0	0	43	0	
437279	0	0	0	0	0	0	0	0	0	0	0	0	0	0	36	11	
438030	0	0	0	0	0	0	0	0	0	0	0	0	0	0	49	0	
438778	0	0	0	0	0	0	0	0	0	0	0	0	0	0	63	0	
439528	0	0	0	0	0	0	0	0	0	0	0	0	0	0	55	0	
440276	0	0	0	0	0	0	0	0	0	0	0	0	0	0	53	0	
441028	0	0	0	0	0	0	0	0	0	0	0	0	0	0	41	0	
441781	0	0	0	0	0	0	0	0	0	0	0	0	0	0	43	0	
442529	0	0	0	0	0	0	0	0	0	0	0	0	0	0	57	0	
443278	0	0	0	0	0	0	0	0	0	0	0	0	0	0	47	0	
444025	0	0	0	0	0	0	0	0	0	0	0	0	0	0	47	0	
444774	0	0	0	0	0	0	0	0	0	0	0	0	0	0	65	0	
445522	0	0	0	0	0	0	0	0	0	0	0	0	0	0	45	0	
446272	0	0	0	0	0	0	0	0	0	0	0	0	0	0	69	0	
447024	0	0	0	0	0	0	0	0	0	0	0	0	0	0	55	0	
447775	0	0	0	0	0	0	0	0	0	0	0	0	0	0	59	0	
448527	0	0	0	0	0	0	0	0	0	0	0	0	0	0	45	0	
449274	0	0	0	0	0	0	0	0	0	0	0	0	0	0	65	0	
450025	0	0	0	0	0	0	0	0	0	0	0	0	0	0	47	0	
450775	0	0	0	0	0	0	0	0	0	0	0	0	0	0	57	0	
451527	0	0	0	0	0	0	0	0	0	0	0	0	0	0	43	0	
452275	0	0	0	0	0	0	0	0	0	0	0	0	0	0	51	0	
453025	0	0	0	0	0	0	0	0	0	0	0	0	0	0	45	0	
453774	0	0	0	0	0	0	0	0	0	0	0	0	0	0	65	0	
454522	0	0	0	0	0	0	0	0	0	0	0	0	0	0	45	0	
455275	0	0	0	0	0	0	0	0	0	0	0	0	0	0	57	0	
456026	0	0	0	0	0	0	0	0	0	0	0	0	0	0	47	0	
456774	0	0	0	0	0	0	0	0	0	0	0	0	0	0	53	0	
457526	0	0	0	0	0	0	0	0	0	0	0	0	0	0	53	0	
458275	0	0	0	0	0	0	0	0	0	0	0	0	0	0	45	0	
459023	0	0	0	0	0	0	0	0	0	0	0	0	0	0	51	0	
459770	0	0	0	0	0	0	0	0	0	0	0	0	0	0	69	0	
460521	0	0	0	0	0	0	0	0	0	0	0	0	0	0	51	0	
461271	0	0	0	0	0	0	0	0	0	0	0	0	0	0	53	0	
462021	0	0	0	0	0	0	0	0	0	0	0	0	0	5	66	0	
462767	0	0	0	0	0	0	0	0	0	0	0	0	0	2	47	0	
463519	0	0	0	0	0	0	0	0	0	0	0	0	0	0	41	0	
464271	0	0	0	0	0	0	0	0	0	0	0	0	0	0	53	0	
465020	0	0	0	0	0	0	0	0	0	0	0	0	0	0	57	0	
465770	0	0	0	0	0	0	0	0	0	0	0	0	0	0	51	0	
466522	0	0	0	0	0	0	0	0	0	0	0	0	0	0	53	0	
467270	0	0	0	0	0	0	0	0	0	0	0	0	0	0	63	0	
468022	0	0	0	0	0	0	0	0	0	0	0	0	0	0	63	0	
468776	0	0	0	0	0	0	0	0	0	0	0	0	0	0	53	0	
469519	0	0	0	0	0	0	0	0	0	0	0	0	0	0	67	0	
470268	0	0	0	0	0	0	0	0	0	0	0	0	0	0	45	0	
471017	0	0	0	0	0	0	0	0	0	0	0	0	0	0	55	0	
471767	0	0	0	0	0	0	0	0	0	0	0	0	0	0	53	0	
472518	0	0	0	0	0	0	0	0	0	0	0	0	0	0	49	0	
473268	0	0	0	0	0	0	0	0	0	0	0	0	0	0	63	0	
474019	0	0	0	0	0	0	0	0	0	0	0	0	0	0	53	0	
474767	0	0	0	0	0	0	0	0	0	0	0	0	0	0	59	0	
475518	0	0	0	0	0	0	0	0	0	0	0	0	0	0	55	0	
476265	0	0	0	0	0	0	0	0	0	0	0	0	0	0	69	0	
477014	0	0	0	0	0	0	0	0	0	0	0	0	0	0	43	0	
477767	0	0	0	0	0	0	0	0	0	0	0	0	0	0	55	0	
478518	0	0	0	0	0	0	0	0	0	0	0	0	0	0	49	0	
479268	0	0	0	0	0	0	0	0	0	0	0	0	0	0	53	0	
480021	0	0	0	0	0	0	0	0	0	0	0	0	0	0	43	0	
480772	0	0	0	0	0	0	0	0	0	0	0	0	0	0	0	53	
481519	0	0	0	0	0	0	0	0	0	0	0	0	0	0	0	53	
482268	0	0	0	0	0	0	0	0	0	0	0	0	0	0	0	57	
483016	0	0	0	0	0	0	0	0	0	0	0	0	0	0	0	51	
483766	0	0	0	0	0	0	0	0	0	0	0	0	0	0	0	43	
484518	0	0	0	0	0	0	0	0	0	0	0	0	0	0	0	57	
485265	0	0	0	0	0	0	0	0	0	0	0	0	0	0	0	67	
486015	0	0	0	0	0	0	0	0	0	0	0	0	0	0	0	67	
486765	0	0	0	0	0	0	0	0	0	0	0	0	0	0	0	45	
487514	0	0	0	0	0	0	0	0	0	0	0	0	0	0	0	41	
488264	0	0	0	0	0	0	0	0	0	0	0	0	0	0	0	65	
489015	0	0	0	0	0	0	0	0	0	0	0	0	0	0	0	43	
489769	0	0	0	0	0	0	0	0	0	0	0	0	0	0	0	57	
490520	0	0	0	0	0	0	0	0	0	0	0	0	0	0	0	45	
491270	0	0	0	0	0	0	0	0	0	0	0	0	0	0	0	39	
492023	0	0	0	0	0	0	0	0	0	0	0	0	0	0	0	45	
492774	0	0	0	0	0	0	0	0	0	0	0	0	0	0	0	53	
493525	0	0	0	0	0	0	0	0	0	0	0	0	0	0	0	49	
494273	0	0	0	0	0	0	0	0	0	0	0	0	0	0	0	49	
495022	0	0	0	0	0	0	0	0	0	0	0	0	0	0	0	51	
495772	0	0	0	0	0	0	0	0	0	0	0	0	0	0	0	47	
496521	0	0	0	0	0	0	0	0	0	0	0	0	0	0	0	37	
497271	0	0	0	0	0	0	0	0	0	0	0	0	0	0	0	43	
498025	0	0	0	0	0	0	0	0	0	0	0	0	0	0	0	43	
498776	0	0	0	0	0	0	0	0	0	0	0	0	0	0	0	49	
499526	0	0	0	0	0	0	0	0	0	0	0	0	0	0	0	53	
500274	0	0	0	0	0	0	0	0	0	0	0	0	0	0	0	35	
501027	0	0	0	0	0	0	0	0	0	0	0	0	0	0	0	47	
501775	0	0	0	0	0	0	0	0	0	0	0	0	0	0	0	53	
502528	0	0	0	0	0	0	0	0	0	0	0	0	0	0	0	49	
503278	0	0	0	0	0	0	0	0	0	0	0	0	0	0	0	63	
504028	0	0	0	0	0	0	0	0	0	0	0	0	0	0	0	49	
504782	0	0	0	0	0	0	0	0	0	0	0	0	0	0	0	53	
505533	0	0	0	0	0	0	0	0	0	0	0	0	0	0	0	37	
506284	0	0	0	0	0	0	0	0	0	0	0	0	0	0	0	55	
507031	0	0	0	0	0	0	0	0	0	0	0	0	0	0	0	51	
507785	0	0	0	0	0	0	0	0	0	0	0	0	0	0	0	55	
508537	0	0	0	0	0	0	0	0	0	0	0	0	0	0	0	45	
509287	0	0	0	0	0	0	0	0	0	0	0	0	0	0	0	37	
510038	0	0	0	0	0	0	0	0	0	0	0	0	0	0	0	51	
510787	0	0	0	0	0	0	0	0	0	0	0	0	0	0	0	59	
511537	0	0	0	0	0	0	0	0	0	0	0	0	0	0	0	43	
512286	0	0	0	0	0	0	0	0	0	0	0	0	0	0	0	49	
513036	0	0	0	0	0	0	0	0	0	0	0	0	0	0	0	55	
513785	0	0	0	0	0	0	0	0	0	0	0	0	0	0	0	43	
514535	0	0	0	0	0	0	0	0	0	0	0	0	0	0	0	77	
515284	0	0	0	0	0	0	0	0	0	0	0	0	0	0	0	57	
516034	0	0	0	0	0	0	0	0	0	0	0	0	0	0	0	47	
516784	0	0	0	0	0	0	0	0	0	0	0	0	0	0	0	43	
517536	0	0	0	0	0	0	0	0	0	0	0	0	0	0	0	49	
518284	0	0	0	0	0	0	0	0	0	0	0	0	0	0	0	53	
519035	0	0	0	0	0	0	0	0	0	0	0	0	0	0	0	61	
519785	0	0	0	0	0	0	0	0	0	0	0	0	0	0	0	49	
520537	0	0	0	0	0	0	0	0	0	0	0	0	0	0	0	59	
521286	0	0	0	0	0	0	0	0	0	0	0	0	0	0	0	47	
522034	0	0	0	0	0	0	0	0	0	0	0	0	0	0	51	0	
522786	0	0	0	0	0	0	0	0	0	0	0	0	0	0	49	0	
523534	0	0	0	0	0	0	0	0	0	0	0	0	0	0	53	0	
524282	0	0	0	0	0	0	0	0	0	0	0	0	0	0	51	0	
525031	0	0	0	0	0	0	0	0	0	0	0	0	0	0	59	0	
525780	0	0	0	0	0	0	0	0	0	0	0	0	0	0	61	0	
526532	0	0	0	0	0	0	0	0	0	0	0	0	0	0	41	0	
527283	0	0	0	0	0	0	0	0	0	0	0	0	0	0	0	59	
528037	0	0	0	0	0	0	0	0	0	0	0	0	0	0	0	47	
528789	0	0	0	0	0	0	0	0	0	0	0	0	0	0	0	39	
529538	0	0	0	0	0	0	0	0	0	0	0	0	0	0	0	57	
530287	0	0	0	0	0	0	0	0	0	0	0	0	0	0	0	59	
531036	0	0	0	0	0	0	0	0	0	0	0	0	0	0	0	51	
531787	0	0	0	0	0	0	0	0	0	0	0	0	0	0	0	55	
532539	0	0	0	0	0	0	0	0	0	0	0	0	0	0	0	45	
533289	0	0	0	0	0	0	0	0	0	0	0	0	0	0	0	55	
534040	0	0	0	0	0	0	0	0	0	0	0	0	0	0	0	69	
534789	0	0	0	0	0	0	0	0	0	0	0	0	0	0	0	57	
535541	0	0	0	0	0	0	0	0	0	0	0	0	0	0	67	0	
536294	0	0	0	0	0	0	0	0	0	0	0	0	0	0	55	0	
537046	0	0	0	0	0	0	0	0	0	0	0	0	0	0	65	0	
537799	0	0	0	0	0	0	0	0	0	0	0	0	0	0	61	0	
538547	0	0	0	0	0	0	0	0	0	0	0	0	0	0	45	0	
539296	0	0	0	0	0	0	0	0	0	0	0	0	0	0	33	0	
540047	0	0	0	0	0	0	0	0	0	0	0	0	0	0	55	0	
540796	0	0	0	0	0	0	0	0	0	0	0	0	0	0	47	0	
541544	0	0	0	0	0	0	0	0	0	0	0	0	0	0	63	0	
542297	0	0	0	0	0	0	0	0	0	0	0	0	0	0	0	53	
543048	0	0	0	0	0	0	0	0	0	0	0	0	0	0	49	0	
543798	0	0	0	0	0	0	0	0	0	0	0	0	0	0	59	0	
544546	0	0	0	0	0	0	0	0	0	0	0	0	0	0	43	0	
545296	0	0	0	0	0	0	0	0	0	0	0	0	0	0	61	0	
546047	0	0	0	0	0	0	0	0	0	0	0	0	0	0	57	0	
546797	0	0	0	0	0	0	0	0	0	0	0	0	0	0	53	0	
547546	0	0	0	0	0	0	0	0	0	0	0	0	0	0	55	0	
548297	0	0	0	0	0	0	0	0	0	0	0	0	0	0	47	0	
549044	0	0	0	0	0	0	0	0	0	0	0	0	0	0	0	41	
549795	0	0	0	0	0	0	0	0	0	0	0	0	0	0	0	53	
550546	0	0	0	0	0	0	0	0	0	0	0	0	0	0	0	57	
551294	0	0	0	0	0	0	0	0	0	0	0	0	0	0	0	51	
552046	0	0	0	0	0	0	0	0	0	0	0	0	0	0	57	0	
552797	0	0	0	0	0	0	0	0	0	0	0	0	0	0	67	0	
553543	0	0	0	0	0	0	0	0	0	0	0	0	0	0	55	0	
554293	0	0	0	0	0	0	0	0	0	0	0	0	0	0	55	0	
555043	0	0	0	0	0	0	0	0	0	0	0	0	0	0	53	0	
555794	0	0	0	0	0	0	0	0	0	0	0	0	0	0	49	0	
556543	0	0	0	0	0	0	0	0	0	0	0	0	0	0	53	0	
557292	0	0	0	0	0	0	0	0	0	0	0	0	0	0	53	0	
558043	0	0	0	0	0	0	0	0	0	0	0	0	0	0	55	0	
558792	0	0	0	0	0	0	0	0	0	0	0	0	0	55	0	0	
559542	0	0	0	0	0	0	0	0	0	0	0	0	0	61	0	0	
560289	0	0	0	0	0	0	0	0	0	0	0	0	0	65	0	0	
561040	0	0	0	0	0	0	0	0	0	0	0	0	0	57	0	0	
561791	0	0	0	0	0	0	0	0	0	0	0	0	0	59	0	0	
562540	0	0	0	0	0	0	0	0	0	0	0	0	0	63	0	0	
563290	0	0	0	0	0	0	0	0	0	0	0	0	0	67	0	0	
564038	0	0	0	0	0	0	0	0	0	0	0	0	0	61	0	0	
564788	0	0	0	0	0	0	0	0	0	0	0	0	0	57	0	0	
565536	0	0	0	0	0	0	0	0	0	0	0	0	0	57	0	0	
566288	0	0	0	0	0	0	0	0	0	0	0	0	0	55	0	0	
567038	0	0	0	0	0	0	0	0	0	0	0	0	0	0	0	59	
567783	0	0	0	0	0	0	0	0	0	0	0	0	0	0	0	49	
568534	0	0	0	0	0	0	0	0	0	0	0	0	0	0	0	45	
569283	0	0	0	0	0	0	0	0	0	0	0	0	0	0	0	51	
570032	0	0	0	0	0	0	0	0	0	0	0	0	0	0	0	51	
570781	0	0	0	0	0	0	0	0	0	0	0	0	0	0	0	53	
571529	0	0	0	0	0	0	0	0	0	0	0	0	0	0	0	49	
572276	0	0	0	0	0	0	0	0	0	0	0	0	0	0	0	43	
573023	0	0	0	0	0	0	0	0	0	0	0	0	0	0	0	49	
573772	0	0	0	0	0	0	0	0	0	0	0	0	0	0	0	41	
574522	0	0	0	0	0	0	0	0	0	0	0	0	0	0	0	49	
575269	0	0	0	0	0	0	0	0	0	0	0	0	0	0	0	59	
576014	0	0	0	0	0	0	0	0	0	0	0	0	0	0	0	61	
576763	0	0	0	0	0	0	0	0	0	0	0	0	0	0	0	71	
577515	0	0	0	0	0	0	0	0	0	0	0	0	0	0	51	0	
578263	0	0	0	0	0	0	0	0	0	0	0	0	0	0	61	0	
579016	0	0	0	0	0	0	0	0	0	0	0	0	0	0	49	0	
579765	0	0	0	0	0	0	0	0	0	0	0	0	0	0	55	0	
580512	0	0	0	0	0	0	0	0	0	0	0	0	0	0	57	0	
581263	0	0	0	0	0	0	0	0	0	0	0	0	0	47	0	0	
582015	0	0	0	0	0	0	0	0	0	0	0	0	0	57	0	0	
582764	0	0	0	0	0	0	0	0	0	0	0	0	0	53	0	0	
583514	0	0	0	0	0	0	0	0	0	0	0	0	0	61	0	0	
584262	0	0	0	0	0	0	0	0	0	0	0	0	0	55	0	0	
585010	0	0	0	0	0	0	0	0	0	0	0	0	0	57	0	0	
585760	0	0	0	0	0	0	0	0	0	0	0	0	0	55	0	0	
586512	0	0	0	0	0	0	0	0	0	0	0	0	61	0	0	0	
587259	0	0	0	0	0	0	0	0	0	0	0	0	83	0	0	0	
588012	0	0	0	0	0	0	0	0	0	0	0	57	0	0	0	0	
588763	0	0	0	0	0	0	0	0	0	0	0	73	0	0	0	0	
589512	0	0	0	0	0	0	0	0	0	0	0	55	0	0	0	0	
590264	0	0	0	0	0	0	0	0	0	0	0	67	0	0	0	0	
591012	0	0	0	0	0	0	0	0	0	0	0	69	0	0	0	0	
591759	0	0	0	0	0	0	0	0	0	0	73	0	0	0	0	0	
592509	0	0	0	0	0	0	0	0	0	0	67	0	0	0	0	0	
593260	0	0	0	0	0	0	0	0	0	0	73	0	0	0	0	0	
594011	0	0	0	0	0	0	0	0	0	0	73	0	0	0	0	0	
594762	0	0	0	0	0	0	0	0	0	0	71	0	0	0	0	0	
595513	0	0	0	0	0	0	0	0	0	0	0	59	0	0	0	0	
596264	0	0	0	0	0	0	0	0	0	0	89	0	0	0	0	0	
597012	0	0	0	0	0	0	0	0	0	0	73	0	0	0	0	0	
597764	0	0	0	0	0	0	0	0	0	0	73	0	0	0	0	0	
598513	0	0	0	0	0	0	0	0	0	87	0	0	0	0	0	0	
599265	0	0	0	0	0	0	0	0	0	79	0	0	0	0	0	0	
600017	0	0	0	0	0	0	0	0	0	63	0	0	0	0	0	0	
600764	0	0	0	0	0	0	0	0	0	0	67	0	0	0	0	0	
601512	0	0	0	0	0	0	0	0	0	0	61	0	0	0	0	0	
602260	0	0	0	0	0	0	0	0	0	0	87	0	0	0	0	0	
603011	0	0	0	0	0	0	0	0	0	0	0	77	0	0	0	0	
603762	0	0	0	0	0	0	0	0	0	0	0	61	0	0	0	0	
604514	0	0	0	0	0	0	0	0	0	0	0	67	0	0	0	0	
605261	0	0	0	0	0	0	0	0	0	0	0	71	0	0	0	0	
606007	0	0	0	0	0	0	0	0	0	0	0	75	0	0	0	0	
606758	0	0	0	0	0	0	0	0	0	0	0	57	0	0	0	0	
607510	0	0	0	0	0	0	0	0	0	0	0	85	0	0	0	0	
608262	0	0	0	0	0	0	0	0	0	0	0	59	0	0	0	0	
609011	0	0	0	0	0	0	0	0	0	0	0	59	0	0	0	0	
609760	0	0	0	0	0	0	0	0	0	0	0	63	0	0	0	0	
610511	0	0	0	0	0	0	0	0	0	0	0	65	0	0	0	0	
611262	0	0	0	0	0	0	0	0	0	0	0	79	0	0	0	0	
612008	0	0	0	0	0	0	0	0	0	0	0	81	0	0	0	0	
612759	0	0	0	0	0	0	0	0	0	0	0	67	0	0	0	0	
613509	0	0	0	0	0	0	0	0	0	0	0	67	0	0	0	0	
614258	0	0	0	0	0	0	0	0	0	0	0	67	0	0	0	0	
615010	0	0	0	0	0	0	0	0	0	0	0	55	0	0	0	0	
615761	0	0	0	0	0	0	0	0	0	0	0	63	0	0	0	0	
616512	0	0	0	0	0	0	0	0	0	0	0	69	0	0	0	0	
617261	0	0	0	0	0	0	0	0	0	0	0	69	0	0	0	0	
618013	0	0	0	0	0	0	0	0	0	0	0	65	0	0	0	0	
618763	0	0	0	0	0	0	0	0	0	0	0	71	0	0	0	0	
619515	0	0	0	0	0	0	0	0	0	0	0	69	0	0	0	0	
620266	0	0	0	0	0	0	0	0	0	0	0	73	0	0	0	0	
621019	0	0	0	0	0	0	0	0	0	0	0	71	0	0	0	0	
621766	0	0	0	0	0	0	0	0	0	0	0	83	0	0	0	0	
622519	0	0	0	0	0	0	0	0	0	0	0	73	0	0	0	0	
623264	0	0	0	0	0	0	0	0	0	0	0	61	0	0	0	0	
624014	0	0	0	0	0	0	0	0	0	0	0	51	0	0	0	0	
624762	0	0	0	0	0	0	0	0	0	0	0	59	0	0	0	0	
625514	0	0	0	0	0	0	0	0	0	0	0	73	0	0	0	0	
626267	0	0	0	0	0	0	0	0	0	0	0	51	0	0	0	0	
627019	0	0	0	0	0	0	0	0	0	0	0	83	0	0	0	0	
627769	0	0	0	0	0	0	0	0	0	0	0	67	0	0	0	0	
628516	0	0	0	0	0	0	0	0	0	0	0	79	0	0	0	0	
629268	0	0	0	0	0	0	0	0	0	0	0	63	0	0	0	0	
630019	0	0	0	0	0	0	0	0	0	0	0	61	0	0	0	0	
630767	0	0	0	0	0	0	0	0	0	0	0	67	0	0	0	0	
631517	0	0	0	0	0	0	0	0	0	0	0	59	0	0	0	0	
632267	0	0	0	0	0	0	0	0	0	0	0	65	0	0	0	0	
633016	0	0	0	0	0	0	0	0	0	0	0	63	0	0	0	0	
633768	0	0	0	0	0	0	0	0	0	0	0	61	0	0	0	0	
634522	0	0	0	0	0	0	0	0	0	0	0	73	0	0	0	0	
635275	0	0	0	0	0	0	0	0	0	0	0	65	0	0	0	0	
636025	0	0	0	0	0	0	0	0	0	0	0	59	0	0	0	0	
636773	0	0	0	0	0	0	0	0	0	0	0	61	0	0	0	0	
637521	0	0	0	0	0	0	0	0	0	0	0	81	0	0	0	0	
638269	0	0	0	0	0	0	0	0	0	0	0	51	0	0	0	0	
639022	0	0	0	0	0	0	0	0	0	0	0	65	0	0	0	0	
639772	0	0	0	0	0	0	0	0	0	0	0	61	0	0	0	0	
640522	0	0	0	0	0	0	0	0	0	0	0	79	0	0	0	0	
641270	0	0	0	0	0	0	0	0	0	0	0	67	0	0	0	0	
642020	0	0	0	0	0	0	0	0	0	0	0	73	0	0	0	0	
642773	0	0	0	0	0	0	0	0	0	0	0	63	0	0	0	0	
643522	0	0	0	0	0	0	0	0	0	0	0	77	0	0	0	0	
644273	0	0	0	0	0	0	0	0	0	0	0	53	0	0	0	0	
645021	0	0	0	0	0	0	0	0	0	0	0	63	0	0	0	0	
645771	0	0	0	0	0	0	0	0	0	0	0	71	0	0	0	0	
646522	0	0	0	0	0	0	0	0	0	0	69	0	0	0	0	0	
647270	0	0	0	0	0	0	0	0	0	0	71	0	0	0	0	0	
648022	0	0	0	0	0	0	0	0	0	0	67	0	0	0	0	0	
648774	0	0	0	0	0	0	0	0	0	0	69	0	0	0	0	0	
649527	0	0	0	0	0	0	0	0	0	0	71	0	0	0	0	0	
650275	0	0	0	0	0	0	0	0	0	0	75	0	0	0	0	0	
651023	0	0	0	0	0	0	0	0	0	0	75	0	0	0	0	0	
651773	0	0	0	0	0	0	0	0	0	0	71	0	0	0	0	0	
652523	0	0	0	0	0	0	0	0	0	0	79	0	0	0	0	0	
653270	0	0	0	0	0	0	0	0	0	0	79	0	0	0	0	0	
654021	0	0	0	0	0	0	0	0	0	0	75	0	0	0	0	0	
654769	0	0	0	0	0	0	0	0	0	0	79	0	0	0	0	0	
655519	0	0	0	0	0	0	0	0	0	0	0	63	0	0	0	0	
656271	0	0	0	0	0	0	0	0	0	0	75	0	0	0	0	0	
657023	0	0	0	0	0	0	0	0	0	0	69	0	0	0	0	0	
657773	0	0	0	0	0	0	0	0	0	0	67	0	0	0	0	0	
658523	0	0	0	0	0	0	0	0	0	0	73	0	0	0	0	0	
659273	0	0	0	0	0	0	0	0	0	0	71	0	0	0	0	0	
660023	0	0	0	0	0	0	0	0	0	0	79	0	0	0	0	0	
660774	0	0	0	0	0	0	0	0	0	0	71	0	0	0	0	0	
661525	0	0	0	0	0	0	0	0	0	0	71	0	0	0	0	0	
662275	0	0	0	0	0	0	0	0	0	0	65	0	0	0	0	0	
663026	0	0	0	0	0	0	0	0	0	0	73	0	0	0	0	0	
663779	0	0	0	0	0	0	0	0	0	0	77	0	0	0	0	0	
664527	0	0	0	0	0	0	0	0	0	0	81	0	0	0	0	0	
665281	0	0	0	0	0	0	0	0	0	0	73	0	0	0	0	0	
666033	0	0	0	0	0	0	0	0	0	0	0	45	0	0	0	0	
666782	0	0	0	0	0	0	0	0	0	0	0	81	0	0	0	0	
667534	0	0	0	0	0	0	0	0	0	0	0	67	0	0	0	0	
668283	0	0	0	0	0	0	0	0	0	0	0	75	0	0	0	0	
669032	0	0	0	0	0	0	0	0	0	0	0	71	0	0	0	0	
669785	0	0	0	0	0	0	0	0	0	0	0	59	0	0	0	0	
670535	0	0	0	0	0	0	0	0	0	0	0	59	0	0	0	0	
671283	0	0	0	0	0	0	0	0	0	0	0	49	0	0	0	0	
672032	0	0	0	0	0	0	0	0	0	0	0	75	0	0	0	0	
672780	0	0	0	0	0	0	0	0	0	0	0	73	0	0	0	0	
673528	0	0	0	0	0	0	0	0	0	0	0	67	0	0	0	0	
674281	0	0	0	0	0	0	0	0	0	0	0	67	0	0	0	0	
675031	0	0	0	0	0	0	0	0	0	0	0	55	0	0	0	0	
675781	0	0	0	0	0	0	0	0	0	0	0	75	0	0	0	0	
676528	0	0	0	0	0	0	0	0	0	0	0	53	0	0	0	0	
677274	0	0	0	0	0	0	0	0	0	0	0	65	0	0	0	0	
678024	0	0	0	0	0	0	0	0	0	0	0	67	0	0	0	0	
678774	0	0	0	0	0	0	0	0	0	0	0	59	0	0	0	0	
679522	0	0	0	0	0	0	0	0	0	0	0	65	0	0	0	0	
680270	0	0	0	0	0	0	0	0	0	0	0	77	0	0	0	0	
681019	0	0	0	0	0	0	0	0	0	0	0	77	0	0	0	0	
681771	0	0	0	0	0	0	0	0	0	0	0	71	0	0	0	0	
682518	0	0	0	0	0	0	0	0	0	0	0	57	0	0	0	0	
683267	0	0	0	0	0	0	0	0	0	0	0	73	0	0	0	0	
684021	0	0	0	0	0	0	0	0	0	0	0	61	0	0	0	0	
684771	0	0	0	0	0	0	0	0	0	0	0	85	0	0	0	0	
685519	0	0	0	0	0	0	0	0	0	0	0	69	0	0	0	0	
686269	0	0	0	0	0	0	0	0	0	0	0	73	0	0	0	0	
687018	0	0	0	0	0	0	0	0	0	0	0	57	0	0	0	0	
687768	0	0	0	0	0	0	0	0	0	0	0	71	0	0	0	0	
688518	0	0	0	0	0	0	0	0	0	0	0	61	0	0	0	0	
689269	0	0	0	0	0	0	0	0	0	0	0	71	0	0	0	0	
690016	0	0	0	0	0	0	0	0	0	0	0	57	0	0	0	0	
690765	0	0	0	0	0	0	0	0	0	0	0	61	0	0	0	0	
691516	0	0	0	0	0	0	0	0	0	0	0	67	0	0	0	0	
692263	0	0	0	0	0	0	0	0	0	0	0	67	0	0	0	0	
693014	0	0	0	0	0	0	0	0	0	0	0	77	0	0	0	0	
693762	0	0	0	0	0	0	0	0	0	0	0	61	0	0	0	0	
694512	0	0	0	0	0	0	0	0	0	0	0	65	0	0	0	0	
695266	0	0	0	0	0	0	0	0	0	0	0	61	0	0	0	0	
696018	0	0	0	0	0	0	0	0	0	0	0	71	0	0	0	0	
696767	0	0	0	0	0	0	0	0	0	0	0	71	0	0	0	0	
697516	0	0	0	0	0	0	0	0	0	0	0	57	0	0	0	0	
698267	0	0	0	0	0	0	0	0	0	0	0	63	0	0	0	0	
699019	0	0	0	0	0	0	0	0	0	0	0	75	0	0	0	0	
699768	0	0	0	0	0	0	0	0	0	0	0	61	0	0	0	0	
700517	0	0	0	0	0	0	0	0	0	0	0	71	0	0	0	0	
701266	0	0	0	0	0	0	0	0	0	0	0	69	0	0	0	0	
702017	0	0	0	0	0	0	0	0	0	0	0	59	0	0	0	0	
702768	0	0	0	0	0	0	0	0	0	0	0	75	0	0	0	0	
703521	0	0	0	0	0	0	0	0	0	0	89	0	0	0	0	0	
704270	0	0	0	0	0	0	0	0	0	0	73	0	0	0	0	0	
705019	0	0	0	0	0	0	0	0	0	0	75	0	0	0	0	0	
705768	0	0	0	0	0	0	0	0	0	0	89	0	0	0	0	0	
706519	0	0	0	0	0	0	0	0	0	0	61	0	0	0	0	0	
707269	0	0	0	0	0	0	0	0	0	0	73	0	0	0	0	0	
708014	0	0	0	0	0	0	0	0	0	0	75	0	0	0	0	0	
708763	0	0	0	0	0	0	0	0	0	0	87	0	0	0	0	0	
709514	0	0	0	0	0	0	0	0	0	0	65	0	0	0	0	0	
710269	0	0	0	0	0	0	0	0	0	0	73	0	0	0	0	0	
711019	0	0	0	0	0	0	0	0	0	0	59	0	0	0	0	0	
711767	0	0	0	0	0	0	0	0	0	0	83	0	0	0	0	0	
712517	0	0	0	0	0	0	0	0	0	0	75	0	0	0	0	0	
713265	0	0	0	0	0	0	0	0	0	0	69	0	0	0	0	0	
714015	0	0	0	0	0	0	0	0	0	0	85	0	0	0	0	0	
714764	0	0	0	0	0	0	0	0	0	0	59	0	0	0	0	0	
715518	0	0	0	0	0	0	0	0	0	0	87	0	0	0	0	0	
716270	0	0	0	0	0	0	0	0	0	0	61	0	0	0	0	0	
717017	0	0	0	0	0	0	0	0	0	0	61	0	0	0	0	0	
717770	0	0	0	0	0	0	0	0	0	0	71	0	0	0	0	0	
718518	0	0	0	0	0	0	0	0	0	0	59	0	0	0	0	0	
719266	0	0	0	0	0	0	0	0	0	0	81	0	0	0	0	0	
720015	0	0	0	0	0	0	0	0	0	0	63	0	0	0	0	0	
720767	0	0	0	0	0	0	0	0	0	77	0	0	0	0	0	0	
721514	0	0	0	0	0	0	0	0	95	0	0	0	0	0	0	0	
722263	0	0	0	0	0	0	0	0	83	0	0	0	0	0	0	0	
723012	0	0	0	0	0	0	0	0	79	0	0	0	0	0	0	0	
723763	0	0	0	0	0	0	0	0	87	0	0	0	0	0	0	0	
724511	0	0	0	0	0	0	0	0	85	0	0	0	0	0	0	0	
725261	0	0	0	0	0	0	0	0	103	0	0	0	0	0	0	0	
726011	0	0	0	0	0	0	0	0	91	0	0	0	0	0	0	0	
726760	0	0	0	0	0	0	0	0	99	0	0	0	0	0	0	0	
727509	0	0	0	0	0	0	0	0	93	0	0	0	0	0	0	0	
728260	0	0	0	0	0	0	0	0	83	0	0	0	0	0	0	0	
729009	0	0	0	0	0	0	0	0	89	0	0	0	0	0	0	0	
729760	0	0	0	0	0	0	0	0	77	0	0	0	0	0	0	0	
730509	0	0	0	0	0	0	0	0	85	0	0	0	0	0	0	0	
731255	0	0	0	0	0	0	0	0	91	0	0	0	0	0	0	0	
732005	0	0	0	0	0	0	0	0	89	0	0	0	0	0	0	0	
732752	0	0	0	0	0	0	0	0	107	0	0	0	0	0	0	0	
733502	0	0	0	0	0	0	0	2	105	0	0	0	0	0	0	0	
734251	0	0	0	0	0	0	0	0	85	0	0	0	0	0	0	0	
735003	0	0	0	0	0	0	0	0	97	0	0	0	0	0	0	0	
735754	0	0	0	0	0	0	0	0	101	0	0	0	0	0	0	0	
736505	0	0	0	0	0	0	0	0	87	0	0	0	0	0	0	0	
737255	0	0	0	0	0	0	0	0	103	0	0	0	0	0	0	0	
738002	0	0	0	0	0	0	0	0	93	0	0	0	0	0	0	0	
738752	0	0	0	0	0	0	0	0	109	0	0	0	0	0	0	0	
739502	0	0	0	0	0	0	0	0	91	0	0	0	0	0	0	0	
740252	0	0	0	0	0	0	0	0	83	0	0	0	0	0	0	0	
741002	0	0	0	0	0	0	0	0	95	0	0	0	0	0	0	0	
741752	0	0	0	0	0	0	0	0	91	0	0	0	0	0	0	0	
742502	0	0	0	0	0	0	0	0	91	0	0	0	0	0	0	0	
743253	0	0	0	0	0	0	0	0	77	0	0	0	0	0	0	0	
744002	0	0	0	0	0	0	0	0	99	0	0	0	0	0	0	0	
744756	0	0	0	0	0	0	0	0	99	0	0	0	0	0	0	0	
745505	0	0	0	0	0	0	0	0	91	0	0	0	0	0	0	0	
746256	0	0	0	0	0	0	0	0	69	0	0	0	0	0	0	0	
747009	0	0	0	0	0	0	0	0	0	83	0	0	0	0	0	0	
747758	0	0	0	0	0	0	0	0	85	0	0	0	0	0	0	0	
748509	0	0	0	0	0	0	0	0	83	0	0	0	0	0	0	0	
749257	0	0	0	0	0	0	0	0	83	0	0	0	0	0	0	0	
750008	0	0	0	0	0	0	0	0	77	0	0	0	0	0	0	0	
750754	0	0	0	0	0	0	0	0	87	0	0	0	0	0	0	0	
751503	0	0	0	0	0	0	0	93	0	0	0	0	0	0	0	0	
752250	0	0	0	0	0	0	0	95	0	0	0	0	0	0	0	0	
753000	0	0	0	0	0	0	0	97	0	0	0	0	0	0	0	0	
753753	0	0	0	0	0	0	0	83	0	0	0	0	0	0	0	0	
754502	0	0	0	0	0	0	0	83	0	0	0	0	0	0	0	0	
755251	0	0	0	0	0	0	0	91	0	0	0	0	0	0	0	0	
756005	0	0	0	0	0	0	0	91	0	0	0	0	0	0	0	0	
756755	0	0	0	0	0	0	0	101	2	0	0	0	0	0	0	0	
757510	0	0	0	0	0	0	103	0	0	0	0	0	0	0	0	0	
758259	0	0	0	0	0	0	101	0	0	0	0	0	0	0	0	0	
759009	0	0	0	0	0	0	117	0	0	0	0	0	0	0	0	0	
759758	0	0	0	0	0	0	107	0	0	0	0	0	0	0	0	0	
760507	0	0	0	0	0	0	127	0	0	0	0	0	0	0	0	0	
761258	0	0	0	0	0	0	111	0	0	0	0	0	0	0	0	0	
762011	0	0	0	0	0	0	103	0	0	0	0	0	0	0	0	0	
762761	0	0	0	0	0	0	115	0	0	0	0	0	0	0	0	0	
763512	0	0	0	0	0	0	127	0	0	0	0	0	0	0	0	0	
764263	0	0	0	0	0	0	111	0	0	0	0	0	0	0	0	0	
765011	0	0	0	0	0	0	109	0	0	0	0	0	0	0	0	0	
765762	0	0	0	0	0	0	97	0	0	0	0	0	0	0	0	0	
766514	0	0	0	0	0	0	97	0	0	0	0	0	0	0	0	0	
767260	0	0	0	0	0	0	115	0	0	0	0	0	0	0	0	0	
768010	0	0	0	0	0	0	105	0	0	0	0	0	0	0	0	0	
768759	0	0	0	0	0	0	115	0	0	0	0	0	0	0	0	0	
769510	0	0	0	0	0	0	117	0	0	0	0	0	0	0	0	0	
770261	0	0	0	0	0	0	117	0	0	0	0	0	0	0	0	0	
771012	0	0	0	0	0	0	133	0	0	0	0	0	0	0	0	0	
771762	0	0	0	0	0	0	89	0	0	0	0	0	0	0	0	0	
772511	0	0	0	0	0	0	111	0	0	0	0	0	0	0	0	0	
773263	0	0	0	0	0	0	105	0	0	0	0	0	0	0	0	0	
774012	0	0	0	0	0	0	121	0	0	0	0	0	0	0	0	0	
774764	0	0	0	0	0	0	121	0	0	0	0	0	0	0	0	0	
775514	0	0	0	0	0	0	97	0	0	0	0	0	0	0	0	0	
776263	0	0	0	0	0	0	115	0	0	0	0	0	0	0	0	0	
777011	0	0	0	0	0	0	119	0	0	0	0	0	0	0	0	0	
777763	0	0	0	0	0	0	109	0	0	0	0	0	0	0	0	0	
778513	0	0	0	0	0	0	109	0	0	0	0	0	0	0	0	0	
779262	0	0	0	0	0	0	105	0	0	0	0	0	0	0	0	0	
780013	0	0	0	0	0	0	99	0	0	0	0	0	0	0	0	0	
780761	0	0	0	0	0	0	93	0	0	0	0	0	0	0	0	0	
781514	0	0	0	0	0	0	95	0	0	0	0	0	0	0	0	0	
782261	0	0	0	0	0	0	119	0	0	0	0	0	0	0	0	0	
783012	0	0	0	0	0	0	119	0	0	0	0	0	0	0	0	0	
783763	0	0	0	0	0	0	125	0	0	0	0	0	0	0	0	0	
784513	0	0	0	0	0	0	143	0	0	0	0	0	0	0	0	0	
785265	0	0	0	0	0	0	113	0	0	0	0	0	0	0	0	0	
786014	0	0	0	0	0	0	107	0	0	0	0	0	0	0	0	0	
786763	0	0	0	0	0	0	121	0	0	0	0	0	0	0	0	0	
787515	0	0	0	0	0	0	117	0	0	0	0	0	0	0	0	0	
788266	0	0	0	0	0	0	125	0	0	0	0	0	0	0	0	0	
789018	0	0	0	0	0	0	127	0	0	0	0	0	0	0	0	0	
789770	0	0	0	0	0	0	111	0	0	0	0	0	0	0	0	0	
790518	0	0	0	0	0	0	95	0	0	0	0	0	0	0	0	0	
791268	0	0	0	0	0	0	117	0	0	0	0	0	0	0	0	0	
792015	0	0	0	0	0	0	133	0	0	0	0	0	0	0	0	0	
792763	0	0	0	0	0	0	115	0	0	0	0	0	0	0	0	0	
793513	0	0	0	0	0	0	113	0	0	0	0	0	0	0	0	0	
794265	0	0	0	0	0	137	0	0	0	0	0	0	0	0	0	0	
795014	0	0	0	0	0	119	0	0	0	0	0	0	0	0	0	0	
795763	0	0	0	0	0	141	0	0	0	0	0	0	0	0	0	0	
796512	0	0	0	0	0	149	0	0	0	0	0	0	0	0	0	0	
797265	0	0	0	0	0	123	0	0	0	0	0	0	0	0	0	0	
798018	0	0	0	0	0	133	0	0	0	0	0	0	0	0	0	0	
798767	0	0	0	0	0	147	0	0	0	0	0	0	0	0	0	0	
799517	0	0	0	0	0	0	109	0	0	0	0	0	0	0	0	0	
800268	0	0	0	0	0	0	109	0	0	0	0	0	0	0	0	0	
801019	0	0	0	0	0	0	113	0	0	0	0	0	0	0	0	0	
801767	0	0	0	0	0	0	115	0	0	0	0	0	0	0	0	0	
802515	0	0	0	0	0	0	109	0	0	0	0	0	0	0	0	0	
803264	0	0	0	0	0	0	115	0	0	0	0	0	0	0	0	0	
804014	0	0	0	0	0	0	137	0	0	0	0	0	0	0	0	0	
804763	0	0	0	0	0	0	91	0	0	0	0	0	0	0	0	0	
805514	0	0	0	0	0	0	111	0	0	0	0	0	0	0	0	0	
806264	0	0	0	0	0	0	109	0	0	0	0	0	0	0	0	0	
807017	0	0	0	0	0	0	123	0	0	0	0	0	0	0	0	0	
807766	0	0	0	0	0	0	117	0	0	0	0	0	0	0	0	0	
808519	0	0	0	0	0	0	103	0	0	0	0	0	0	0	0	0	
809266	0	0	0	0	0	0	121	0	0	0	0	0	0	0	0	0	
810015	0	0	0	0	0	0	95	0	0	0	0	0	0	0	0	0	
810764	0	0	0	0	0	134	1	0	0	0	0	0	0	0	0	0	
811517	0	0	0	0	0	141	0	0	0	0	0	0	0	0	0	0	
812267	0	0	0	0	0	127	0	0	0	0	0	0	0	0	0	0	
813017	0	0	0	0	0	117	0	0	0	0	0	0	0	0	0	0	
813770	0	0	0	0	0	129	0	0	0	0	0	0	0	0	0	0	
814520	0	0	0	0	0	125	0	0	0	0	0	0	0	0	0	0	
815269	0	0	0	0	0	123	0	0	0	0	0	0	0	0	0	0	
816023	0	0	0	0	0	135	0	0	0	0	0	0	0	0	0	0	
816775	0	0	0	0	0	127	0	0	0	0	0	0	0	0	0	0	
817525	0	0	0	0	0	115	0	0	0	0	0	0	0	0	0	0	
818272	0	0	0	0	0	107	0	0	0	0	0	0	0	0	0	0	
819020	0	0	0	0	0	137	0	0	0	0	0	0	0	0	0	0	
819769	0	0	0	0	0	115	0	0	0	0	0	0	0	0	0	0	
820517	0	0	0	0	0	165	0	0	0	0	0	0	0	0	0	0	
821267	0	0	0	0	0	131	0	0	0	0	0	0	0	0	0	0	
822019	0	0	0	0	0	121	0	0	0	0	0	0	0	0	0	0	
822768	0	0	0	0	0	129	0	0	0	0	0	0	0	0	0	0	
823521	0	0	0	0	0	139	0	0	0	0	0	0	0	0	0	0	
824270	0	0	0	0	0	137	0	0	0	0	0	0	0	0	0	0	
825017	0	0	0	0	0	3	114	0	0	0	0	0	0	0	0	0	
825764	0	0	0	0	0	0	103	0	0	0	0	0	0	0	0	0	
826516	0	0	0	0	0	0	131	0	0	0	0	0	0	0	0	0	
827262	0	0	0	0	0	0	117	0	0	0	0	0	0	0	0	0	
828015	0	0	0	0	0	0	105	0	0	0	0	0	0	0	0	0	
828766	0	0	0	0	0	131	0	0	0	0	0	0	0	0	0	0	
829517	0	0	0	0	0	141	0	0	0	0	0	0	0	0	0	0	
830267	0	0	0	0	0	145	0	0	0	0	0	0	0	0	0	0	
831019	0	0	0	0	0	0	125	0	0	0	0	0	0	0	0	0	
831769	0	0	0	0	0	0	115	0	0	0	0	0	0	0	0	0	
832514	0	0	0	0	0	0	93	0	0	0	0	0	0	0	0	0	
833261	0	0	0	0	0	0	123	0	0	0	0	0	0	0	0	0	
834007	0	0	0	0	0	0	113	0	0	0	0	0	0	0	0	0	
834758	0	0	0	0	0	0	129	0	0	0	0	0	0	0	0	0	
835510	0	0	0	0	0	0	129	0	0	0	0	0	0	0	0	0	
836261	0	0	0	0	0	0	109	0	0	0	0	0	0	0	0	0	
837012	0	0	0	0	0	0	99	0	0	0	0	0	0	0	0	0	
837763	0	0	0	0	0	0	115	0	0	0	0	0	0	0	0	0	
838512	0	0	0	0	0	0	103	0	0	0	0	0	0	0	0	0	
839259	0	0	0	0	0	0	103	0	0	0	0	0	0	0	0	0	
840010	0	0	0	0	0	0	107	0	0	0	0	0	0	0	0	0	
840760	0	0	0	0	0	0	127	0	0	0	0	0	0	0	0	0	
841512	0	0	0	0	0	0	117	0	0	0	0	0	0	0	0	0	
842260	0	0	0	0	0	0	119	0	0	0	0	0	0	0	0	0	
843013	0	0	0	0	0	0	155	0	0	0	0	0	0	0	0	0	
843762	0	0	0	0	0	0	111	0	0	0	0	0	0	0	0	0	
844514	0	0	0	0	0	0	113	0	0	0	0	0	0	0	0	0	
845266	0	0	0	0	0	0	119	0	0	0	0	0	0	0	0	0	
846017	0	0	0	0	0	0	117	0	0	0	0	0	0	0	0	0	
846767	0	0	0	0	0	0	125	0	0	0	0	0	0	0	0	0	
847518	0	0	0	0	0	0	117	0	0	0	0	0	0	0	0	0	
848267	0	0	0	0	0	0	123	0	0	0	0	0	0	0	0	0	
849016	0	0	0	0	0	0	127	0	0	0	0	0	0	0	0	0	
849765	0	0	0	0	0	0	107	0	0	0	0	0	0	0	0	0	
850513	0	0	0	0	0	0	99	0	0	0	0	0	0	0	0	0	
851262	0	0	0	0	0	0	107	0	0	0	0	0	0	0	0	0	
852009	0	0	0	0	0	0	111	0	0	0	0	0	0	0	0	0	
852758	0	0	0	0	0	0	91	0	0	0	0	0	0	0	0	0	
853510	0	0	0	0	0	0	119	0	0	0	0	0	0	0	0	0	
854261	0	0	0	0	0	0	112	1	0	0	0	0	0	0	0	0	
855011	0	0	0	0	0	147	0	0	0	0	0	0	0	0	0	0	
855760	0	0	0	0	175	0	0	0	0	0	0	0	0	0	0	0	
856510	0	0	0	0	137	0	0	0	0	0	0	0	0	0	0	0	
857259	0	0	0	0	163	0	0	0	0	0	0	0	0	0	0	0	
858009	0	0	0	0	139	0	0	0	0	0	0	0	0	0	0	0	
858761	0	0	0	0	163	0	0	0	0	0	0	0	0	0	0	0	
859510	0	0	0	0	169	0	0	0	0	0	0	0	0	0	0	0	
860262	0	0	0	0	165	0	0	0	0	0	0	0	0	0	0	0	
861010	0	0	0	0	173	0	0	0	0	0	0	0	0	0	0	0	
861762	0	0	0	0	153	0	0	0	0	0	0	0	0	0	0	0	
862509	0	0	0	0	163	0	0	0	0	0	0	0	0	0	0	0	
863260	0	0	0	0	163	0	0	0	0	0	0	0	0	0	0	0	
864014	0	0	0	0	143	0	0	0	0	0	0	0	0	0	0	0	
864765	0	0	0	0	151	0	0	0	0	0	0	0	0	0	0	0	
865517	0	0	0	0	155	0	0	0	0	0	0	0	0	0	0	0	
866266	0	0	0	0	189	0	0	0	0	0	0	0	0	0	0	0	
867014	0	0	0	0	165	0	0	0	0	0	0	0	0	0	0	0	
867769	0	0	0	0	141	0	0	0	0	0	0	0	0	0	0	0	
868521	0	0	0	0	151	0	0	0	0	0	0	0	0	0	0	0	
869271	0	0	0	0	155	0	0	0	0	0	0	0	0	0	0	0	
870020	0	0	0	0	157	16	0	0	0	0	0	0	0	0	0	0	
870769	0	0	0	0	151	0	0	0	0	0	0	0	0	0	0	0	
871515	0	0	0	0	179	0	0	0	0	0	0	0	0	0	0	0	
872265	0	0	0	0	151	0	0	0	0	0	0	0	0	0	0	0	
873014	0	0	0	0	165	0	0	0	0	0	0	0	0	0	0	0	
873766	0	0	0	0	153	0	0	0	0	0	0	0	0	0	0	0	
874518	0	0	0	0	179	0	0	0	0	0	0	0	0	0	0	0	
875269	0	0	0	0	173	0	0	0	0	0	0	0	0	0	0	0	
876019	0	0	0	0	159	0	0	0	0	0	0	0	0	0	0	0	
876768	0	0	0	0	181	0	0	0	0	0	0	0	0	0	0	0	
877515	0	0	0	213	0	0	0	0	0	0	0	0	0	0	0	0	
878263	0	0	0	183	0	0	0	0	0	0	0	0	0	0	0	0	
879011	0	0	0	193	0	0	0	0	0	0	0	0	0	0	0	0	
879763	0	0	0	193	0	0	0	0	0	0	0	0	0	0	0	0	
880512	0	0	0	181	0	0	0	0	0	0	0	0	0	0	0	0	
881261	0	0	0	219	0	0	0	0	0	0	0	0	0	0	0	0	
882009	0	0	0	219	0	0	0	0	0	0	0	0	0	0	0	0	
882760	0	0	0	191	0	0	0	0	0	0	0	0	0	0	0	0	
883512	0	0	0	209	0	0	0	0	0	0	0	0	0	0	0	0	
884268	0	0	0	223	0	0	0	0	0	0	0	0	0	0	0	0	
885016	0	0	0	179	0	0	0	0	0	0	0	0	0	0	0	0	
885762	0	0	0	183	0	0	0	0	0	0	0	0	0	0	0	0	
886512	0	0	0	185	0	0	0	0	0	0	0	0	0	0	0	0	
887263	0	0	0	207	0	0	0	0	0	0	0	0	0	0	0	0	
888011	0	0	0	221	0	0	0	0	0	0	0	0	0	0	0	0	
888761	0	0	0	199	0	0	0	0	0	0	0	0	0	0	0	0	
889509	0	0	0	215	0	0	0	0	0	0	0	0	0	0	0	0	
890262	0	0	44	169	0	0	0	0	0	0	0	0	0	0	0	0	
891010	0	0	0	197	0	0	0	0	0	0	0	0	0	0	0	0	
891757	0	0	0	215	0	0	0	0	0	0	0	0	0	0	0	0	
892508	0	0	0	217	0	0	0	0	0	0	0	0	0	0	0	0	
893257	0	0	0	203	0	0	0	0	0	0	0	0	0	0	0	0	
894007	0	0	0	227	0	0	0	0	0	0	0	0	0	0	0	0	
894758	0	0	0	189	0	0	0	0	0	0	0	0	0	0	0	0	
895509	0	0	0	201	0	0	0	0	0	0	0	0	0	0	0	0	
896260	0	0	0	189	0	0	0	0	0	0	0	0	0	0	0	0	
897013	0	0	0	193	0	0	0	0	0	0	0	0	0	0	0	0	
897763	0	0	0	195	0	0	0	0	0	0	0	0	0	0	0	0	
898516	0	0	0	199	0	0	0	0	0	0	0	0	0	0	0	0	
899270	0	0	0	187	0	0	0	0	0	0	0	0	0	0	0	0	
900021	0	0	0	165	0	0	0	0	0	0	0	0	0	0	0	0	
900771	0	0	0	189	0	0	0	0	0	0	0	0	0	0	0	0	
901521	0	0	0	187	0	0	0	0	0	0	0	0	0	0	0	0	
902271	0	0	0	191	0	0	0	0	0	0	0	0	0	0	0	0	
903020	0	0	0	183	0	0	0	0	0	0	0	0	0	0	0	0	
903771	0	0	0	193	0	0	0	0	0	0	0	0	0	0	0	0	
904519	0	0	0	177	0	0	0	0	0	0	0	0	0	0	0	0	
905269	0	0	0	195	0	0	0	0	0	0	0	0	0	0	0	0	
906023	0	0	0	215	0	0	0	0	0	0	0	0	0	0	0	0	
906771	0	0	0	205	0	0	0	0	0	0	0	0	0	0	0	0	
907520	0	0	0	201	0	0	0	0	0	0	0	0	0	0	0	0	
908269	0	0	0	209	0	0	0	0	0	0	0	0	0	0	0	0	
909020	0	0	0	183	0	0	0	0	0	0	0	0	0	0	0	0	
909770	0	0	0	179	0	0	0	0	0	0	0	0	0	0	0	0	
910521	0	0	0	207	0	0	0	0	0	0	0	0	0	0	0	0	
911270	0	0	0	207	0	0	0	0	0	0	0	0	0	0	0	0	
912020	0	0	0	193	0	0	0	0	0	0	0	0	0	0	0	0	
912773	0	0	0	225	0	0	0	0	0	0	0	0	0	0	0	0	
913526	0	0	0	187	0	0	0	0	0	0	0	0	0	0	0	0	
914276	0	0	0	209	0	0	0	0	0	0	0	0	0	0	0	0	
915029	0	0	0	175	0	0	0	0	0	0	0	0	0	0	0	0	
915780	0	0	0	201	0	0	0	0	0	0	0	0	0	0	0	0	
916530	0	0	3	210	0	0	0	0	0	0	0	0	0	0	0	0	
917281	0	0	0	195	0	0	0	0	0	0	0	0	0	0	0	0	
918029	0	0	0	175	0	0	0	0	0	0	0	0	0	0	0	0	
918780	0	0	0	201	0	0	0	0	0	0	0	0	0	0	0	0	
919530	0	0	0	189	0	0	0	0	0	0	0	0	0	0	0	0	
920280	0	0	0	219	0	0	0	0	0	0	0	0	0	0	0	0	
921029	0	0	0	199	0	0	0	0	0	0	0	0	0	0	0	0	
921776	0	0	0	203	0	0	0	0	0	0	0	0	0	0	0	0	
922522	0	0	0	183	0	0	0	0	0	0	0	0	0	0	0	0	
923274	0	0	0	201	0	0	0	0	0	0	0	0	0	0	0	0	
924024	0	0	0	193	0	0	0	0	0	0	0	0	0	0	0	0	
924772	0	0	0	173	0	0	0	0	0	0	0	0	0	0	0	0	
925520	0	0	0	195	0	0	0	0	0	0	0	0	0	0	0	0	
926267	0	0	0	199	0	0	0	0	0	0	0	0	0	0	0	0	
927016	0	0	0	199	0	0	0	0	0	0	0	0	0	0	0	0	
927766	0	0	0	221	0	0	0	0	0	0	0	0	0	0	0	0	
928513	0	0	0	215	0	0	0	0	0	0	0	0	0	0	0	0	
929262	0	0	0	191	0	0	0	0	0	0	0	0	0	0	0	0	
930011	0	0	0	211	0	0	0	0	0	0	0	0	0	0	0	0	
930759	0	0	0	215	0	0	0	0	0	0	0	0	0	0	0	0	
931509	0	0	0	205	0	0	0	0	0	0	0	0	0	0	0	0	
932258	0	0	0	201	0	0	0	0	0	0	0	0	0	0	0	0	
933009	0	0	0	213	0	0	0	0	0	0	0	0	0	0	0	0	
933760	0	0	0	211	0	0	0	0	0	0	0	0	0	0	0	0	
934509	0	0	0	185	0	0	0	0	0	0	0	0	0	0	0	0	
935262	0	0	0	209	0	0	0	0	0	0	0	0	0	0	0	0	
936013	0	0	0	187	0	0	0	0	0	0	0	0	0	0	0	0	
936765	0	0	0	207	0	0	0	0	0	0	0	0	0	0	0	0	
937513	0	0	0	217	0	0	0	0	0	0	0	0	0	0	0	0	
938262	0	0	0	211	0	0	0	0	0	0	0	0	0	0	0	0	
939009	0	0	56	153	0	0	0	0	0	0	0	0	0	0	0	0	
939761	0	0	0	173	0	0	0	0	0	0	0	0	0	0	0	0	
940514	0	0	0	199	0	0	0	0	0	0	0	0	0	0	0	0	
941261	0	0	0	205	0	0	0	0	0	0	0	0	0	0	0	0	
942013	0	0	0	193	0	0	0	0	0	0	0	0	0	0	0	0	
942764	0	0	0	201	2	0	0	0	0	0	0	0	0	0	0	0	
943513	0	0	0	189	0	0	0	0	0	0	0	0	0	0	0	0	
944263	0	0	0	205	0	0	0	0	0	0	0	0	0	0	0	0	
945014	0	0	0	187	0	0	0	0	0	0	0	0	0	0	0	0	
945762	0	0	0	205	0	0	0	0	0	0	0	0	0	0	0	0	
946512	0	0	0	203	0	0	0	0	0	0	0	0	0	0	0	0	
947263	0	0	0	199	0	0	0	0	0	0	0	0	0	0	0	0	
948011	0	0	0	223	0	0	0	0	0	0	0	0	0	0	0	0	
948762	0	0	0	185	0	0	0	0	0	0	0	0	0	0	0	0	
949515	0	0	0	197	0	0	0	0	0	0	0	0	0	0	0	0	
950264	0	0	0	215	0	0	0	0	0	0	0	0	0	0	0	0	
951014	0	0	38	153	0	0	0	0	0	0	0	0	0	0	0	0	
951762	0	0	0	203	0	0	0	0	0	0	0	0	0	0	0	0	
952512	0	0	0	179	0	0	0	0	0	0	0	0	0	0	0	0	
953259	0	0	0	189	0	0	0	0	0	0	0	0	0	0	0	0	
954011	0	0	0	185	0	0	0	0	0	0	0	0	0	0	0	0	
954760	0	0	0	219	0	0	0	0	0	0	0	0	0	0	0	0	
955510	0	0	0	229	0	0	0	0	0	0	0	0	0	0	0	0	
956264	0	0	0	201	0	0	0	0	0	0	0	0	0	0	0	0	
957014	0	0	0	199	0	0	0	0	0	0	0	0	0	0	0	0	
957765	0	0	0	205	0	0	0	0	0	0	0	0	0	0	0	0	
958517	0	0	0	229	0	0	0	0	0	0	0	0	0	0	0	0	
959267	0	0	0	205	0	0	0	0	0	0	0	0	0	0	0	0	
960016	0	0	0	199	0	0	0	0	0	0	0	0	0	0	0	0	
960764	0	0	0	201	0	0	0	0	0	0	0	0	0	0	0	0	
961515	0	0	0	205	0	0	0	0	0	0	0	0	0	0	0	0	
962263	0	0	0	217	0	0	0	0	0	0	0	0	0	0	0	0	
963012	0	0	0	203	0	0	0	0	0	0	0	0	0	0	0	0	
963767	0	0	0	191	0	0	0	0	0	0	0	0	0	0	0	0	
964520	0	0	0	203	0	0	0	0	0	0	0	0	0	0	0	0	
965267	0	0	0	225	0	0	0	0	0	0	0	0	0	0	0	0	
966020	0	0	0	179	0	0	0	0	0	0	0	0	0	0	0	0	
966770	0	0	0	195	0	0	0	0	0	0	0	0	0	0	0	0	
967519	0	0	0	177	0	0	0	0	0	0	0	0	0	0	0	0	
968269	0	0	0	167	0	0	0	0	0	0	0	0	0	0	0	0	
969019	0	0	0	217	0	0	0	0	0	0	0	0	0	0	0	0	
969770	0	0	0	175	0	0	0	0	0	0	0	0	0	0	0	0	
970519	0	0	0	193	0	0	0	0	0	0	0	0	0	0	0	0	
971270	0	0	0	213	0	0	0	0	0	0	0	0	0	0	0	0	
972015	0	0	0	201	0	0	0	0	0	0	0	0	0	0	0	0	
972766	0	0	0	215	0	0	0	0	0	0	0	0	0	0	0	0	
973517	0	0	0	201	0	0	0	0	0	0	0	0	0	0	0	0	
974267	0	0	0	185	0	0	0	0	0	0	0	0	0	0	0	0	
975019	0	0	0	205	0	0	0	0	0	0	0	0	0	0	0	0	
975771	0	0	0	207	0	0	0	0	0	0	0	0	0	0	0	0	
976521	0	0	0	201	0	0	0	0	0	0	0	0	0	0	0	0	
977269	0	0	4	193	0	0	0	0	0	0	0	0	0	0	0	0	
978020	0	0	0	185	0	0	0	0	0	0	0	0	0	0	0	0	
978769	0	0	0	189	0	0	0	0	0	0	0	0	0	0	0	0	
979522	0	0	0	189	0	0	0	0	0	0	0	0	0	0	0	0	
980269	0	0	0	205	0	0	0	0	0	0	0	0	0	0	0	0	
981020	0	0	0	211	0	0	0	0	0	0	0	0	0	0	0	0	
981772	0	0	0	215	0	0	0	0	0	0	0	0	0	0	0	0	
982522	0	0	0	183	0	0	0	0	0	0	0	0	0	0	0	0	
983270	0	0	0	185	0	0	0	0	0	0	0	0	0	0	0	0	
984021	0	0	0	205	0	0	0	0	0	0	0	0	0	0	0	0	
984771	0	0	0	185	0	0	0	0	0	0	0	0	0	0	0	0	
985521	0	0	0	199	0	0	0	0	0	0	0	0	0	0	0	0	
986271	0	0	0	229	0	0	0	0	0	0	0	0	0	0	0	0	
987021	0	0	0	195	0	0	0	0	0	0	0	0	0	0	0	0	
987772	0	0	0	193	0	0	0	0	0	0	0	0	0	0	0	0	
988518	0	0	0	201	0	0	0	0	0	0	0	0	0	0	0	0	
989267	0	0	0	221	0	0	0	0	0	0	0	0	0	0	0	0	
990018	0	0	0	213	0	0	0	0	0	0	0	0	0	0	0	0	
990767	0	0	0	201	0	0	0	0	0	0	0	0	0	0	0	0	
991518	0	0	0	181	0	0	0	0	0	0	0	0	0	0	0	0	
992270	0	0	0	213	0	0	0	0	0	0	0	0	0	0	0	0	
993019	0	0	0	201	0	0	0	0	0	0	0	0	0	0	0	0	
993767	0	0	0	197	0	0	0	0	0	0	0	0	0	0	0	0	
994515	0	0	0	175	0	0	0	0	0	0	0	0	0	0	0	0	
995267	0	0	0	227	0	0	0	0	0	0	0	0	0	0	0	0	
996014	0	0	0	189	0	0	0	0	0	0	0	0	0	0	0	0	
996766	0	0	0	183	0	0	0	0	0	0	0	0	0	0	0	0	
997512	0	0	0	229	0	0	0	0	0	0	0	0	0	0	0	0	
998263	0	0	0	0	149	0	0	0	0	0	0	0	0	0	0	0	
999014	0	0	0	0	147	0	0	0	0	0	0	0	0	0	0	0	
999765	0	0	0	0	147	0	0	0	0	0	0	0	0	0	0	0	
1.00051e+06	0	0	0	0	159	0	0	0	0	0	0	0	0	0	0	0	
1.00126e+06	0	0	0	0	151	0	0	0	0	0	0	0	0	0	0	0	
1.00201e+06	0	0	0	0	161	0	0	0	0	0	0	0	0	0	0	0	
1.00276e+06	0	0	0	0	171	0	0	0	0	0	0	0	0	0	0	0	
1.00351e+06	0	0	0	187	0	0	0	0	0	0	0	0	0	0	0	0	
1.00426e+06	0	0	0	201	0	0	0	0	0	0	0	0	0	0	0	0	
1.00501e+06	0	0	208	49	0	0	0	0	0	0	0	0	0	0	0	0	
1.00576e+06	0	0	257	0	0	0	0	0	0	0	0	0	0	0	0	0	
1.00651e+06	0	0	239	0	0	0	0	0	0	0	0	0	0	0	0	0	
1.00726e+06	0	0	243	0	0	0	0	0	0	0	0	0	0	0	0	0	
1.00802e+06	0	0	275	0	0	0	0	0	0	0	0	0	0	0	0	0	
1.00877e+06	0	0	0	219	0	0	0	0	0	0	0	0	0	0	0	0	
1.00952e+06	0	0	0	175	0	0	0	0	0	0	0	0	0	0	0	0	
1.01027e+06	0	0	0	185	0	0	0	0	0	0	0	0	0	0	0	0	
1.01101e+06	0	0	0	201	0	0	0	0	0	0	0	0	0	0	0	0	
1.01177e+06	0	0	0	189	0	0	0	0	0	0	0	0	0	0	0	0	
1.01252e+06	0	0	0	199	0	0	0	0	0	0	0	0	0	0	0	0	
1.01326e+06	0	0	0	199	0	0	0	0	0	0	0	0	0	0	0	0	
1.01401e+06	0	0	0	219	0	0	0	0	0	0	0	0	0	0	0	0	
1.01476e+06	0	0	0	191	0	0	0	0	0	0	0	0	0	0	0	0	
1.01551e+06	0	0	0	207	0	0	0	0	0	0	0	0	0	0	0	0	
1.01626e+06	0	0	0	201	0	0	0	0	0	0	0	0	0	0	0	0	
1.01701e+06	0	0	0	217	0	0	0	0	0	0	0	0	0	0	0	0	
1.01776e+06	0	0	0	205	0	0	0	0	0	0	0	0	0	0	0	0	
1.01851e+06	0	0	0	183	0	0	0	0	0	0	0	0	0	0	0	0	
1.01926e+06	0	0	0	193	0	0	0	0	0	0	0	0	0	0	0	0	
1.02001e+06	0	0	0	209	0	0	0	0	0	0	0	0	0	0	0	0	
1.02076e+06	0	0	0	205	0	0	0	0	0	0	0	0	0	0	0	0	
1.02151e+06	0	0	0	199	0	0	0	0	0	0	0	0	0	0	0	0	
1.02226e+06	0	0	0	219	0	0	0	0	0	0	0	0	0	0	0	0	
1.02301e+06	0	0	0	221	0	0	0	0	0	0	0	0	0	0	0	0	
1.02377e+06	0	0	0	189	0	0	0	0	0	0	0	0	0	0	0	0	
1.02452e+06	0	0	0	201	0	0	0	0	0	0	0	0	0	0	0	0	
1.02527e+06	0	0	0	183	0	0	0	0	0	0	0	0	0	0	0	0	
1.02602e+06	0	0	0	219	0	0	0	0	0	0	0	0	0	0	0	0	
1.02677e+06	0	0	0	201	0	0	0	0	0	0	0	0	0	0	0	0	
1.02752e+06	0	0	0	183	0	0	0	0	0	0	0	0	0	0	0	0	
1.02827e+06	0	0	0	205	0	0	0	0	0	0	0	0	0	0	0	0	
1.02902e+06	0	0	0	217	0	0	0	0	0	0	0	0	0	0	0	0	
1.02977e+06	0	0	0	221	0	0	0	0	0	0	0	0	0	0	0	0	
1.03051e+06	0	0	0	193	0	0	0	0	0	0	0	0	0	0	0	0	
1.03126e+06	0	0	0	195	0	0	0	0	0	0	0	0	0	0	0	0	
1.03202e+06	0	0	0	183	0	0	0	0	0	0	0	0	0	0	0	0	
1.03276e+06	0	0	0	215	0	0	0	0	0	0	0	0	0	0	0	0	
1.03352e+06	0	0	0	191	0	0	0	0	0	0	0	0	0	0	0	0	
1.03427e+06	0	0	0	185	0	0	0	0	0	0	0	0	0	0	0	0	
1.03502e+06	0	0	0	193	0	0	0	0	0	0	0	0	0	0	0	0	
1.03577e+06	0	0	0	195	0	0	0	0	0	0	0	0	0	0	0	0	
1.03652e+06	0	0	0	199	0	0	0	0	0	0	0	0	0	0	0	0	
1.03727e+06	0	0	0	183	0	0	0	0	0	0	0	0	0	0	0	0	
1.03802e+06	0	0	0	187	0	0	0	0	0	0	0	0	0	0	0	0	
1.03877e+06	0	0	0	221	0	0	0	0	0	0	0	0	0	0	0	0	
1.03951e+06	0	0	0	185	0	0	0	0	0	0	0	0	0	0	0	0	
1.04026e+06	0	0	0	203	0	0	0	0	0	0	0	0	0	0	0	0	
1.04101e+06	0	0	0	179	0	0	0	0	0	0	0	0	0	0	0	0	
1.04176e+06	0	0	0	219	0	0	0	0	0	0	0	0	0	0	0	0	
1.04251e+06	0	0	0	179	0	0	0	0	0	0	0	0	0	0	0	0	
1.04326e+06	0	0	0	197	0	0	0	0	0	0	0	0	0	0	0	0	
1.04401e+06	0	0	0	209	0	0	0	0	0	0	0	0	0	0	0	0	
1.04476e+06	0	0	0	203	0	0	0	0	0	0	0	0	0	0	0	0	
1.0455e+06	0	0	0	201	0	0	0	0	0	0	0	0	0	0	0	0	
1.04625e+06	0	0	0	197	0	0	0	0	0	0	0	0	0	0	0	0	
1.047e+06	0	0	0	203	0	0	0	0	0	0	0	0	0	0	0	0	
1.04775e+06	0	0	0	233	0	0	0	0	0	0	0	0	0	0	0	0	
1.0485e+06	0	0	0	189	0	0	0	0	0	0	0	0	0	0	0	0	
1.04925e+06	0	0	0	207	0	0	0	0	0	0	0	0	0	0	0	0	
1.05e+06	0	0	0	183	0	0	0	0	0	0	0	0	0	0	0	0	
1.05075e+06	0	0	0	207	0	0	0	0	0	0	0	0	0	0	0	0	
1.0515e+06	0	0	0	227	0	0	0	0	0	0	0	0	0	0	0	0	
1.05225e+06	0	0	10	175	0	0	0	0	0	0	0	0	0	0	0	0	
1.053e+06	0	0	0	203	0	0	0	0	0	0	0	0	0	0	0	0	
1.05375e+06	0	0	0	193	0	0	0	0	0	0	0	0	0	0	0	0	
1.05449e+06	0	0	0	211	0	0	0	0	0	0	0	0	0	0	0	0	
1.05525e+06	0	0	0	0	167	0	0	0	0	0	0	0	0	0	0	0	
1.05599e+06	0	0	0	42	119	0	0	0	0	0	0	0	0	0	0	0	
1.05675e+06	0	0	0	199	0	0	0	0	0	0	0	0	0	0	0	0	
1.0575e+06	0	0	0	211	0	0	0	0	0	0	0	0	0	0	0	0	
1.05825e+06	0	0	0	191	0	0	0	0	0	0	0	0	0	0	0	0	
1.059e+06	0	0	0	183	0	0	0	0	0	0	0	0	0	0	0	0	
1.05976e+06	0	0	0	192	1	0	0	0	0	0	0	0	0	0	0	0	
1.0605e+06	0	0	0	195	0	0	0	0	0	0	0	0	0	0	0	0	
1.06125e+06	0	0	0	211	0	0	0	0	0	0	0	0	0	0	0	0	
1.062e+06	0	0	0	187	0	0	0	0	0	0	0	0	0	0	0	0	
1.06276e+06	0	0	0	207	0	0	0	0	0	0	0	0	0	0	0	0	
1.0635e+06	0	0	0	205	0	0	0	0	0	0	0	0	0	0	0	0	
1.06425e+06	0	0	0	181	0	0	0	0	0	0	0	0	0	0	0	0	
1.065e+06	0	0	0	215	0	0	0	0	0	0	0	0	0	0	0	0	
1.06575e+06	0	0	0	207	0	0	0	0	0	0	0	0	0	0	0	0	
1.0665e+06	0	0	0	203	0	0	0	0	0	0	0	0	0	0	0	0	
1.06725e+06	0	0	0	189	0	0	0	0	0	0	0	0	0	0	0	0	
1.068e+06	0	0	0	193	0	0	0	0	0	0	0	0	0	0	0	0	
1.06875e+06	0	0	0	205	0	0	0	0	0	0	0	0	0	0	0	0	
1.0695e+06	0	0	0	199	0	0	0	0	0	0	0	0	0	0	0	0	
1.07025e+06	0	0	0	191	0	0	0	0	0	0	0	0	0	0	0	0	
1.071e+06	0	0	0	199	0	0	0	0	0	0	0	0	0	0	0	0	
1.07175e+06	0	0	1	230	0	0	0	0	0	0	0	0	0	0	0	0	
1.0725e+06	0	0	0	185	0	0	0	0	0	0	0	0	0	0	0	0	
1.07326e+06	0	0	0	203	0	0	0	0	0	0	0	0	0	0	0	0	
1.07401e+06	0	0	0	175	0	0	0	0	0	0	0	0	0	0	0	0	
1.07476e+06	0	0	0	197	0	0	0	0	0	0	0	0	0	0	0	0	
1.0755e+06	0	0	0	213	0	0	0	0	0	0	0	0	0	0	0	0	
1.07625e+06	0	0	0	189	0	0	0	0	0	0	0	0	0	0	0	0	
1.07701e+06	0	0	0	203	0	0	0	0	0	0	0	0	0	0	0	0	
1.07775e+06	0	0	0	189	0	0	0	0	0	0	0	0	0	0	0	0	
1.0785e+06	0	0	0	201	0	0	0	0	0	0	0	0	0	0	0	0	
1.07925e+06	0	0	0	201	0	0	0	0	0	0	0	0	0	0	0	0	
1.08e+06	0	0	0	197	0	0	0	0	0	0	0	0	0	0	0	0	
1.08075e+06	0	0	0	205	0	0	0	0	0	0	0	0	0	0	0	0	
1.0815e+06	0	0	0	187	0	0	0	0	0	0	0	0	0	0	0	0	
1.08225e+06	0	0	0	173	0	0	0	0	0	0	0	0	0	0	0	0	
1.083e+06	0	0	0	191	0	0	0	0	0	0	0	0	0	0	0	0	
1.08375e+06	0	0	0	181	0	0	0	0	0	0	0	0	0	0	0	0	
1.08451e+06	0	0	0	181	0	0	0	0	0	0	0	0	0	0	0	0	
1.08526e+06	0	0	0	193	0	0	0	0	0	0	0	0	0	0	0	0	
1.08601e+06	0	0	0	195	0	0	0	0	0	0	0	0	0	0	0	0	
1.08676e+06	0	0	0	215	0	0	0	0	0	0	0	0	0	0	0	0	
1.08751e+06	0	0	0	169	0	0	0	0	0	0	0	0	0	0	0	0	
1.08826e+06	0	0	0	179	0	0	0	0	0	0	0	0	0	0	0	0	
1.08901e+06	0	0	49	164	0	0	0	0	0	0	0	0	0	0	0	0	
1.08976e+06	0	0	269	0	0	0	0	0	0	0	0	0	0	0	0	0	
1.0905e+06	0	0	273	0	0	0	0	0	0	0	0	0	0	0	0	0	
1.09125e+06	0	0	257	0	0	0	0	0	0	0	0	0	0	0	0	0	
1.092e+06	0	0	271	0	0	0	0	0	0	0	0	0	0	0	0	0	
1.09275e+06	0	0	271	0	0	0	0	0	0	0	0	0	0	0	0	0	
1.0935e+06	0	0	271	0	0	0	0	0	0	0	0	0	0	0	0	0	
1.09424e+06	0	0	273	0	0	0	0	0	0	0	0	0	0	0	0	0	
1.095e+06	0	0	247	0	0	0	0	0	0	0	0	0	0	0	0	0	
1.09575e+06	0	1	270	0	0	0	0	0	0	0	0	0	0	0	0	0	
1.0965e+06	0	0	251	0	0	0	0	0	0	0	0	0	0	0	0	0	
1.09724e+06	0	0	283	0	0	0	0	0	0	0	0	0	0	0	0	0	
1.09799e+06	0	0	283	0	0	0	0	0	0	0	0	0	0	0	0	0	
1.09874e+06	0	0	241	0	0	0	0	0	0	0	0	0	0	0	0	0	
1.09949e+06	0	0	259	0	0	0	0	0	0	0	0	0	0	0	0	0	
1.10024e+06	0	0	267	0	0	0	0	0	0	0	0	0	0	0	0	0	
1.10099e+06	0	0	257	0	0	0	0	0	0	0	0	0	0	0	0	0	
1.10174e+06	0	0	245	0	0	0	0	0	0	0	0	0	0	0	0	0	
1.1025e+06	0	0	303	0	0	0	0	0	0	0	0	0	0	0	0	0	
1.10324e+06	0	0	247	0	0	0	0	0	0	0	0	0	0	0	0	0	
1.104e+06	0	5	264	0	0	0	0	0	0	0	0	0	0	0	0	0	
1.10475e+06	0	0	281	0	0	0	0	0	0	0	0	0	0	0	0	0	
1.1055e+06	0	0	289	0	0	0	0	0	0	0	0	0	0	0	0	0	
1.10625e+06	0	0	291	0	0	0	0	0	0	0	0	0	0	0	0	0	
1.107e+06	0	0	281	0	0	0	0	0	0	0	0	0	0	0	0	0	
1.10775e+06	0	0	281	0	0	0	0	0	0	0	0	0	0	0	0	0	
1.1085e+06	0	0	305	0	0	0	0	0	0	0	0	0	0	0	0	0	
1.10925e+06	0	178	151	0	0	0	0	0	0	0	0	0	0	0	0	0	
1.11e+06	0	419	0	0	0	0	0	0	0	0	0	0	0	0	0	0	
1.11075e+06	0	393	0	0	0	0	0	0	0	0	0	0	0	0	0	0	
1.1115e+06	0	435	0	0	0	0	0	0	0	0	0	0	0	0	0	0	
1.11225e+06	0	365	0	0	0	0	0	0	0	0	0	0	0	0	0	0	
1.113e+06	4	419	0	0	0	0	0	0	0	0	0	0	0	0	0	0	
1.11375e+06	0	419	0	0	0	0	0	0	0	0	0	0	0	0	0	0	
1.1145e+06	0	405	0	0	0	0	0	0	0	0	0	0	0	0	0	0	
1.11524e+06	0	387	0	0	0	0	0	0	0	0	0	0	0	0	0	0	
1.116e+06	0	329	0	0	0	0	0	0	0	0	0	0	0	0	0	0	
1.11675e+06	0	409	0	0	0	0	0	0	0	0	0	0	0	0	0	0	
1.1175e+06	0	417	0	0	0	0	0	0	0	0	0	0	0	0	0	0	
1.11825e+06	0	339	0	0	0	0	0	0	0	0	0	0	0	0	0	0	
1.11899e+06	0	401	0	0	0	0	0	0	0	0	0	0	0	0	0	0	
1.11974e+06	0	379	0	0	0	0	0	0	0	0	0	0	0	0	0	0	
1.12049e+06	11	412	0	0	0	0	0	0	0	0	0	0	0	0	0	0	
1.12124e+06	0	405	0	0	0	0	0	0	0	0	0	0	0	0	0	0	
1.12199e+06	0	363	0	0	0	0	0	0	0	0	0	0	0	0	0	0	
1.12274e+06	0	347	36	0	0	0	0	0	0	0	0	0	0	0	0	0	
1.12349e+06	0	403	0	0	0	0	0	0	0	0	0	0	0	0	0	0	
1.12424e+06	0	411	0	0	0	0	0	0	0	0	0	0	0	0	0	0	
1.12499e+06	0	367	0	0	0	0	0	0	0	0	0	0	0	0	0	0	
1.12574e+06	0	359	0	0	0	0	0	0	0	0	0	0	0	0	0	0	
1.1265e+06	0	423	0	0	0	0	0	0	0	0	0	0	0	0	0	0	
1.12724e+06	0	387	0	0	0	0	0	0	0	0	0	0	0	0	0	0	
1.128e+06	0	407	0	0	0	0	0	0	0	0	0	0	0	0	0	0	
1.12874e+06	0	413	0	0	0	0	0	0	0	0	0	0	0	0	0	0	
1.1295e+06	0	393	0	0	0	0	0	0	0	0	0	0	0	0	0	0	
1.13024e+06	0	393	0	0	0	0	0	0	0	0	0	0	0	0	0	0	
1.131e+06	0	369	0	0	0	0	0	0	0	0	0	0	0	0	0	0	
1.13174e+06	0	377	0	0	0	0	0	0	0	0	0	0	0	0	0	0	
1.1325e+06	0	377	0	0	0	0	0	0	0	0	0	0	0	0	0	0	
1.13325e+06	0	425	0	0	0	0	0	0	0	0	0	0	0	0	0	0	
1.134e+06	0	385	0	0	0	0	0	0	0	0	0	0	0	0	0	0	
1.13475e+06	0	387	0	0	0	0	0	0	0	0	0	0	0	0	0	0	
1.1355e+06	0	379	0	0	0	0	0	0	0	0	0	0	0	0	0	0	
1.13625e+06	0	395	0	0	0	0	0	0	0	0	0	0	0	0	0	0	
1.137e+06	0	429	0	0	0	0	0	0	0	0	0	0	0	0	0	0	
1.13775e+06	0	385	0	0	0	0	0	0	0	0	0	0	0	0	0	0	
1.13849e+06	29	370	0	0	0	0	0	0	0	0	0	0	0	0	0	0	
1.13924e+06	0	391	0	0	0	0	0	0	0	0	0	0	0	0	0	0	
1.13999e+06	0	393	0	0	0	0	0	0	0	0	0	0	0	0	0	0	
1.14074e+06	0	353	10	0	0	0	0	0	0	0	0	0	0	0	0	0	
1.14149e+06	1	418	0	0	0	0	0	0	0	0	0	0	0	0	0	0	
1.14224e+06	0	383	0	0	0	0	0	0	0	0	0	0	0	0	0	0	
1.14299e+06	0	389	0	0	0	0	0	0	0	0	0	0	0	0	0	0	
1.14374e+06	0	373	0	0	0	0	0	0	0	0	0	0	0	0	0	0	
1.1445e+06	0	363	0	0	0	0	0	0	0	0	0	0	0	0	0	0	
1.14525e+06	0	363	0	0	0	0	0	0	0	0	0	0	0	0	0	0	
1.14599e+06	0	373	0	0	0	0	0	0	0	0	0	0	0	0	0	0	
1.14675e+06	0	379	0	0	0	0	0	0	0	0	0	0	0	0	0	0	
1.14749e+06	0	411	0	0	0	0	0	0	0	0	0	0	0	0	0	0	
1.14824e+06	0	413	0	0	0	0	0	0	0	0	0	0	0	0	0	0	
1.14899e+06	0	401	0	0	0	0	0	0	0	0	0	0	0	0	0	0	
1.14975e+06	0	398	3	0	0	0	0	0	0	0	0	0	0	0	0	0	
1.1505e+06	0	397	0	0	0	0	0	0	0	0	0	0	0	0	0	0	
1.15125e+06	0	367	0	0	0	0	0	0	0	0	0	0	0	0	0	0	
1.152e+06	0	403	0	0	0	0	0	0	0	0	0	0	0	0	0	0	
1.15275e+06	11	372	0	0	0	0	0	0	0	0	0	0	0	0	0	0	
1.1535e+06	0	417	0	0	0	0	0	0	0	0	0	0	0	0	0	0	
1.15425e+06	0	407	0	0	0	0	0	0	0	0	0	0	0	0	0	0	
1.155e+06	0	395	0	0	0	0	0	0	0	0	0	0	0	0	0	0	
1.15575e+06	0	371	0	0	0	0	0	0	0	0	0	0	0	0	0	0	
1.1565e+06	0	403	0	0	0	0	0	0	0	0	0	0	0	0	0	0	
1.15726e+06	0	425	0	0	0	0	0	0	0	0	0	0	0	0	0	0	
1.158e+06	0	379	2	0	0	0	0	0	0	0	0	0	0	0	0	0	
1.15875e+06	0	381	0	0	0	0	0	0	0	0	0	0	0	0	0	0	
1.1595e+06	0	387	0	0	0	0	0	0	0	0	0	0	0	0	0	0	
1.16025e+06	0	417	0	0	0	0	0	0	0	0	0	0	0	0	0	0	
1.161e+06	0	385	0	0	0	0	0	0	0	0	0	0	0	0	0	0	
1.16175e+06	0	409	0	0	0	0	0	0	0	0	0	0	0	0	0	0	
1.16251e+06	0	389	0	0	0	0	0	0	0	0	0	0	0	0	0	0	
1.16326e+06	0	1	256	0	0	0	0	0	0	0	0	0	0	0	0	0	
1.16401e+06	0	0	261	0	0	0	0	0	0	0	0	0	0	0	0	0	
1.16476e+06	0	0	257	0	0	0	0	0	0	0	0	0	0	0	0	0	
1.16551e+06	0	0	261	0	0	0	0	0	0	0	0	0	0	0	0	0	
1.16626e+06	0	0	255	0	0	0	0	0	0	0	0	0	0	0	0	0	
1.16702e+06	0	0	269	0	0	0	0	0	0	0	0	0	0	0	0	0	
1.16777e+06	0	0	277	0	0	0	0	0	0	0	0	0	0	0	0	0	
1.16852e+06	0	0	247	0	0	0	0	0	0	0	0	0	0	0	0	0	
1.16926e+06	0	0	253	0	0	0	0	0	0	0	0	0	0	0	0	0	
1.17001e+06	0	0	255	0	0	0	0	0	0	0	0	0	0	0	0	0	
1.17076e+06	0	0	261	0	0	0	0	0	0	0	0	0	0	0	0	0	
1.17151e+06	0	0	253	0	0	0	0	0	0	0	0	0	0	0	0	0	
1.17226e+06	0	0	267	0	0	0	0	0	0	0	0	0	0	0	0	0	
1.17301e+06	0	0	239	0	0	0	0	0	0	0	0	0	0	0	0	0	
1.17376e+06	0	0	255	0	0	0	0	0	0	0	0	0	0	0	0	0	
1.17451e+06	0	0	275	0	0	0	0	0	0	0	0	0	0	0	0	0	
1.17526e+06	0	0	226	23	0	0	0	0	0	0	0	0	0	0	0	0	
1.17601e+06	0	0	247	0	0	0	0	0	0	0	0	0	0	0	0	0	
1.17676e+06	0	0	267	0	0	0	0	0	0	0	0	0	0	0	0	0	
1.1775e+06	0	0	299	0	0	0	0	0	0	0	0	0	0	0	0	0	
1.17825e+06	0	0	259	0	0	0	0	0	0	0	0	0	0	0	0	0	
1.179e+06	0	0	265	0	0	0	0	0	0	0	0	0	0	0	0	0	
1.17974e+06	0	0	271	0	0	0	0	0	0	0	0	0	0	0	0	0	
1.18049e+06	0	0	289	0	0	0	0	0	0	0	0	0	0	0	0	0	
1.18124e+06	0	0	269	0	0	0	0	0	0	0	0	0	0	0	0	0	
1.18199e+06	0	0	293	0	0	0	0	0	0	0	0	0	0	0	0	0	
1.18274e+06	0	0	291	0	0	0	0	0	0	0	0	0	0	0	0	0	
1.1835e+06	0	0	247	0	0	0	0	0	0	0	0	0	0	0	0	0	
1.18425e+06	0	0	243	0	0	0	0	0	0	0	0	0	0	0	0	0	
1.185e+06	0	0	269	0	0	0	0	0	0	0	0	0	0	0	0	0	
1.18574e+06	0	0	263	0	0	0	0	0	0	0	0	0	0	0	0	0	
1.18649e+06	0	0	283	0	0	0	0	0	0	0	0	0	0	0	0	0	
1.18724e+06	0	0	259	0	0	0	0	0	0	0	0	0	0	0	0	0	
1.188e+06	0	0	241	0	0	0	0	0	0	0	0	0	0	0	0	0	
1.18875e+06	0	0	241	0	0	0	0	0	0	0	0	0	0	0	0	0	
1.18949e+06	0	0	188	63	0	0	0	0	0	0	0	0	0	0	0	0	
1.19024e+06	0	0	273	0	0	0	0	0	0	0	0	0	0	0	0	0	
1.19099e+06	0	0	241	0	0	0	0	0	0	0	0	0	0	0	0	0	
1.19174e+06	0	0	241	0	0	0	0	0	0	0	0	0	0	0	0	0	
1.19249e+06	0	0	257	0	0	0	0	0	0	0	0	0	0	0	0	0	
1.19324e+06	0	0	293	0	0	0	0	0	0	0	0	0	0	0	0	0	
1.19399e+06	0	0	241	0	0	0	0	0	0	0	0	0	0	0	0	0	
1.19474e+06	0	0	237	0	0	0	0	0	0	0	0	0	0	0	0	0	
1.19549e+06	0	0	275	0	0	0	0	0	0	0	0	0	0	0	0	0	
1.19624e+06	0	0	259	0	0	0	0	0	0	0	0	0	0	0	0	0	
1.19699e+06	0	0	269	0	0	0	0	0	0	0	0	0	0	0	0	0	
1.19774e+06	0	0	245	0	0	0	0	0	0	0	0	0	0	0	0	0	
1.19849e+06	0	0	255	0	0	0	0	0	0	0	0	0	0	0	0	0	
1.19924e+06	0	0	297	0	0	0	0	0	0	0	0	0	0	0	0	0	
1.19999e+06	0	0	275	0	0	0	0	0	0	0	0	0	0	0	0	0	
1.20074e+06	0	0	315	0	0	0	0	0	0	0	0	0	0	0	0	0	
1.20149e+06	0	0	269	0	0	0	0	0	0	0	0	0	0	0	0	0	
1.20224e+06	0	0	315	0	0	0	0	0	0	0	0	0	0	0	0	0	
1.20299e+06	0	37	240	0	0	0	0	0	0	0	0	0	0	0	0	0	
1.20373e+06	0	0	277	0	0	0	0	0	0	0	0	0	0	0	0	0	
1.20448e+06	0	0	271	0	0	0	0	0	0	0	0	0	0	0	0	0	
1.20523e+06	0	2	257	0	0	0	0	0	0	0	0	0	0	0	0	0	
1.20598e+06	0	0	235	0	0	0	0	0	0	0	0	0	0	0	0	0	
1.20674e+06	0	0	253	0	0	0	0	0	0	0	0	0	0	0	0	0	
1.20749e+06	0	0	271	0	0	0	0	0	0	0	0	0	0	0	0	0	
1.20824e+06	0	0	277	0	0	0	0	0	0	0	0	0	0	0	0	0	
1.20898e+06	0	0	264	1	0	0	0	0	0	0	0	0	0	0	0	0	
1.20973e+06	0	0	265	0	0	0	0	0	0	0	0	0	0	0	0	0	
1.21049e+06	0	0	261	0	0	0	0	0	0	0	0	0	0	0	0	0	
1.21124e+06	0	0	0	191	0	0	0	0	0	0	0	0	0	0	0	0	
1.21198e+06	0	0	0	205	0	0	0	0	0	0	0	0	0	0	0	0	
1.21273e+06	0	0	0	201	0	0	0	0	0	0	0	0	0	0	0	0	
1.21349e+06	0	0	0	181	0	0	0	0	0	0	0	0	0	0	0	0	
1.21424e+06	0	0	0	179	0	0	0	0	0	0	0	0	0	0	0	0	
1.21499e+06	0	0	0	189	0	0	0	0	0	0	0	0	0	0	0	0	
1.21574e+06	0	0	0	219	0	0	0	0	0	0	0	0	0	0	0	0	
1.21649e+06	0	0	0	205	0	0	0	0	0	0	0	0	0	0	0	0	
1.21724e+06	0	0	0	199	0	0	0	0	0	0	0	0	0	0	0	0	
1.21799e+06	0	0	0	203	0	0	0	0	0	0	0	0	0	0	0	0	
1.21874e+06	0	0	0	191	0	0	0	0	0	0	0	0	0	0	0	0	
1.21949e+06	0	0	0	179	0	0	0	0	0	0	0	0	0	0	0	0	
1.22024e+06	0	0	0	229	0	0	0	0	0	0	0	0	0	0	0	0	
1.22099e+06	0	0	0	199	0	0	0	0	0	0	0	0	0	0	0	0	
1.22174e+06	0	0	0	207	0	0	0	0	0	0	0	0	0	0	0	0	
1.22249e+06	0	0	0	211	0	0	0	0	0	0	0	0	0	0	0	0	
1.22324e+06	0	0	0	191	0	0	0	0	0	0	0	0	0	0	0	0	
1.22399e+06	0	0	0	217	0	0	0	0	0	0	0	0	0	0	0	0	
1.22474e+06	0	0	0	215	0	0	0	0	0	0	0	0	0	0	0	0	
1.22549e+06	0	0	0	195	0	0	0	0	0	0	0	0	0	0	0	0	
1.22624e+06	0	0	0	193	0	0	0	0	0	0	0	0	0	0	0	0	
1.22699e+06	0	0	241	0	0	0	0	0	0	0	0	0	0	0	0	0	
1.22774e+06	0	0	243	0	0	0	0	0	0	0	0	0	0	0	0	0	
1.22848e+06	0	1	272	0	0	0	0	0	0	0	0	0	0	0	0	0	
1.22923e+06	0	0	253	0	0	0	0	0	0	0	0	0	0	0	0	0	
1.22998e+06	0	0	115	122	0	0	0	0	0	0	0	0	0	0	0	0	
1.23073e+06	0	0	0	197	0	0	0	0	0	0	0	0	0	0	0	0	
1.23148e+06	0	0	0	219	0	0	0	0	0	0	0	0	0	0	0	0	
1.23223e+06	0	0	0	207	0	0	0	0	0	0	0	0	0	0	0	0	
1.23298e+06	0	0	0	221	0	0	0	0	0	0	0	0	0	0	0	0	
1.23374e+06	0	0	0	183	0	0	0	0	0	0	0	0	0	0	0	0	
1.23449e+06	0	0	0	189	0	0	0	0	0	0	0	0	0	0	0	0	
1.23524e+06	0	0	0	221	0	0	0	0	0	0	0	0	0	0	0	0	
1.23599e+06	0	0	0	187	0	0	0	0	0	0	0	0	0	0	0	0	
1.23674e+06	0	0	0	181	0	0	0	0	0	0	0	0	0	0	0	0	
1.23749e+06	0	0	0	191	0	0	0	0	0	0	0	0	0	0	0	0	
1.23825e+06	0	0	0	229	0	0	0	0	0	0	0	0	0	0	0	0	
1.23899e+06	0	0	0	217	0	0	0	0	0	0	0	0	0	0	0	0	
1.23974e+06	0	0	0	213	0	0	0	0	0	0	0	0	0	0	0	0	
1.24049e+06	0	0	0	205	0	0	0	0	0	0	0	0	0	0	0	0	
1.24124e+06	0	0	0	199	0	0	0	0	0	0	0	0	0	0	0	0	
1.24199e+06	0	0	0	197	0	0	0	0	0	0	0	0	0	0	0	0	
1.24274e+06	0	0	0	175	0	0	0	0	0	0	0	0	0	0	0	0	
1.24349e+06	0	0	0	207	0	0	0	0	0	0	0	0	0	0	0	0	
1.24424e+06	0	0	0	195	0	0	0	0	0	0	0	0	0	0	0	0	
1.24499e+06	0	0	0	211	0	0	0	0	0	0	0	0	0	0	0	0	
1.24574e+06	0	0	0	181	0	0	0	0	0	0	0	0	0	0	0	0	
1.24649e+06	0	0	0	199	0	0	0	0	0	0	0	0	0	0	0	0	
1.24724e+06	0	0	0	215	0	0	0	0	0	0	0	0	0	0	0	0	
1.24799e+06	0	0	0	189	0	0	0	0	0	0	0	0	0	0	0	0	
1.24874e+06	0	0	0	177	0	0	0	0	0	0	0	0	0	0	0	0	
1.24949e+06	0	0	0	211	0	0	0	0	0	0	0	0	0	0	0	0	
1.25024e+06	0	0	0	223	0	0	0	0	0	0	0	0	0	0	0	0	
1.25099e+06	0	0	0	167	0	0	0	0	0	0	0	0	0	0	0	0	
1.25174e+06	0	0	0	183	0	0	0	0	0	0	0	0	0	0	0	0	
1.25249e+06	0	0	0	207	0	0	0	0	0	0	0	0	0	0	0	0	
1.25324e+06	0	0	0	193	0	0	0	0	0	0	0	0	0	0	0	0	
1.25399e+06	0	0	0	213	0	0	0	0	0	0	0	0	0	0	0	0	
1.25475e+06	0	0	0	229	0	0	0	0	0	0	0	0	0	0	0	0	
1.2555e+06	0	0	0	193	0	0	0	0	0	0	0	0	0	0	0	0	
1.25625e+06	0	0	0	209	0	0	0	0	0	0	0	0	0	0	0	0	
1.257e+06	0	0	0	193	0	0	0	0	0	0	0	0	0	0	0	0	
1.25775e+06	0	0	0	219	0	0	0	0	0	0	0	0	0	0	0	0	
1.2585e+06	0	0	0	205	0	0	0	0	0	0	0	0	0	0	0	0	
1.25925e+06	0	0	0	217	0	0	0	0	0	0	0	0	0	0	0	0	
1.26e+06	0	0	0	185	0	0	0	0	0	0	0	0	0	0	0	0	
1.26075e+06	0	0	0	197	0	0	0	0	0	0	0	0	0	0	0	0	
1.2615e+06	0	0	235	0	0	0	0	0	0	0	0	0	0	0	0	0	
1.26225e+06	0	0	283	0	0	0	0	0	0	0	0	0	0	0	0	0	
1.263e+06	0	0	275	0	0	0	0	0	0	0	0	0	0	0	0	0	
1.26375e+06	0	0	235	0	0	0	0	0	0	0	0	0	0	0	0	0	
1.2645e+06	0	0	285	0	0	0	0	0	0	0	0	0	0	0	0	0	
1.26526e+06	0	0	249	0	0	0	0	0	0	0	0	0	0	0	0	0	
1.266e+06	0	0	279	0	0	0	0	0	0	0	0	0	0	0	0	0	
1.26675e+06	0	0	275	0	0	0	0	0	0	0	0	0	0	0	0	0	
1.2675e+06	0	0	283	0	0	0	0	0	0	0	0	0	0	0	0	0	
1.26826e+06	0	0	241	0	0	0	0	0	0	0	0	0	0	0	0	0	
1.26901e+06	0	0	249	0	0	0	0	0	0	0	0	0	0	0	0	0	
1.26976e+06	0	0	239	0	0	0	0	0	0	0	0	0	0	0	0	0	
1.2705e+06	0	0	251	0	0	0	0	0	0	0	0	0	0	0	0	0	
1.27125e+06	0	0	247	0	0	0	0	0	0	0	0	0	0	0	0	0	
1.27201e+06	0	0	257	0	0	0	0	0	0	0	0	0	0	0	0	0	
1.27276e+06	0	0	209	42	0	0	0	0	0	0	0	0	0	0	0	0	
1.27351e+06	0	0	267	0	0	0	0	0	0	0	0	0	0	0	0	0	
1.27426e+06	0	0	243	0	0	0	0	0	0	0	0	0	0	0	0	0	
1.275e+06	0	0	275	0	0	0	0	0	0	0	0	0	0	0	0	0	
1.27575e+06	0	0	269	0	0	0	0	0	0	0	0	0	0	0	0	0	
1.2765e+06	0	13	226	24	0	0	0	0	0	0	0	0	0	0	0	0	
1.27725e+06	0	0	277	0	0	0	0	0	0	0	0	0	0	0	0	0	
1.278e+06	0	0	245	0	0	0	0	0	0	0	0	0	0	0	0	0	
1.27875e+06	0	0	297	0	0	0	0	0	0	0	0	0	0	0	0	0	
1.2795e+06	0	0	257	0	0	0	0	0	0	0	0	0	0	0	0	0	
1.28024e+06	0	0	247	0	0	0	0	0	0	0	0	0	0	0	0	0	
1.281e+06	0	0	285	0	0	0	0	0	0	0	0	0	0	0	0	0	
1.28175e+06	0	0	263	0	0	0	0	0	0	0	0	0	0	0	0	0	
1.28249e+06	0	0	281	0	0	0	0	0	0	0	0	0	0	0	0	0	
1.28324e+06	0	0	273	0	0	0	0	0	0	0	0	0	0	0	0	0	
1.28399e+06	0	0	261	0	0	0	0	0	0	0	0	0	0	0	0	0	
1.28474e+06	0	0	251	0	0	0	0	0	0	0	0	0	0	0	0	0	
1.28549e+06	0	0	269	0	0	0	0	0	0	0	0	0	0	0	0	0	
1.28625e+06	0	0	259	0	0	0	0	0	0	0	0	0	0	0	0	0	
1.287e+06	0	0	281	0	0	0	0	0	0	0	0	0	0	0	0	0	
1.28775e+06	0	0	263	0	0	0	0	0	0	0	0	0	0	0	0	0	
1.2885e+06	0	0	267	0	0	0	0	0	0	0	0	0	0	0	0	0	
1.28925e+06	0	0	271	0	0	0	0	0	0	0	0	0	0	0	0	0	
1.28999e+06	0	0	255	0	0	0	0	0	0	0	0	0	0	0	0	0	
1.29074e+06	0	0	289	0	0	0	0	0	0	0	0	0	0	0	0	0	
1.29149e+06	0	0	243	0	0	0	0	0	0	0	0	0	0	0	0	0	
1.29224e+06	0	0	275	0	0	0	0	0	0	0	0	0	0	0	0	0	
1.29299e+06	0	0	279	0	0	0	0	0	0	0	0	0	0	0	0	0	
1.29375e+06	0	0	182	49	0	0	0	0	0	0	0	0	0	0	0	0	
1.29449e+06	0	0	0	173	0	0	0	0	0	0	0	0	0	0	0	0	
1.29524e+06	0	0	0	217	0	0	0	0	0	0	0	0	0	0	0	0	
1.296e+06	0	0	0	193	0	0	0	0	0	0	0	0	0	0	0	0	
1.29675e+06	0	0	0	183	0	0	0	0	0	0	0	0	0	0	0	0	
1.2975e+06	0	0	0	203	0	0	0	0	0	0	0	0	0	0	0	0	
1.29825e+06	0	0	0	217	0	0	0	0	0	0	0	0	0	0	0	0	
1.299e+06	0	0	0	193	0	0	0	0	0	0	0	0	0	0	0	0	
1.29975e+06	0	0	0	175	0	0	0	0	0	0	0	0	0	0	0	0	
1.3005e+06	0	0	0	189	0	0	0	0	0	0	0	0	0	0	0	0	
1.30125e+06	0	0	0	213	0	0	0	0	0	0	0	0	0	0	0	0	
1.302e+06	0	0	0	195	0	0	0	0	0	0	0	0	0	0	0	0	
1.30276e+06	0	0	0	207	0	0	0	0	0	0	0	0	0	0	0	0	
1.3035e+06	0	0	0	213	0	0	0	0	0	0	0	0	0	0	0	0	
1.30425e+06	0	0	0	195	0	0	0	0	0	0	0	0	0	0	0	0	
1.305e+06	0	0	0	229	0	0	0	0	0	0	0	0	0	0	0	0	
1.30575e+06	0	0	0	175	0	0	0	0	0	0	0	0	0	0	0	0	
1.30651e+06	0	0	0	195	0	0	0	0	0	0	0	0	0	0	0	0	
1.30726e+06	0	0	0	199	0	0	0	0	0	0	0	0	0	0	0	0	
1.30801e+06	0	0	0	177	0	0	0	0	0	0	0	0	0	0	0	0	
1.30876e+06	0	0	0	191	0	0	0	0	0	0	0	0	0	0	0	0	
1.30951e+06	0	0	0	197	0	0	0	0	0	0	0	0	0	0	0	0	
1.31026e+06	0	0	0	197	0	0	0	0	0	0	0	0	0	0	0	0	
1.31101e+06	0	0	0	185	0	0	0	0	0	0	0	0	0	0	0	0	
1.31176e+06	0	0	0	193	0	0	0	0	0	0	0	0	0	0	0	0	
1.31251e+06	0	0	0	191	0	0	0	0	0	0	0	0	0	0	0	0	
1.31326e+06	0	0	0	209	0	0	0	0	0	0	0	0	0	0	0	0	
1.31401e+06	0	0	0	201	0	0	0	0	0	0	0	0	0	0	0	0	
1.31476e+06	0	0	0	189	0	0	0	0	0	0	0	0	0	0	0	0	
1.31551e+06	0	0	0	199	0	0	0	0	0	0	0	0	0	0	0	0	
1.31626e+06	0	0	0	185	0	0	0	0	0	0	0	0	0	0	0	0	
1.31701e+06	0	0	0	187	0	0	0	0	0	0	0	0	0	0	0	0	
1.31776e+06	0	0	0	207	0	0	0	0	0	0	0	0	0	0	0	0	
1.3185e+06	0	0	0	213	0	0	0	0	0	0	0	0	0	0	0	0	
1.31925e+06	0	0	0	187	0	0	0	0	0	0	0	0	0	0	0	0	
1.32001e+06	0	0	0	163	0	0	0	0	0	0	0	0	0	0	0	0	
1.32075e+06	0	0	0	207	0	0	0	0	0	0	0	0	0	0	0	0	
1.32151e+06	0	0	0	171	0	0	0	0	0	0	0	0	0	0	0	0	
1.32226e+06	0	0	0	185	0	0	0	0	0	0	0	0	0	0	0	0	
1.32301e+06	0	0	0	213	0	0	0	0	0	0	0	0	0	0	0	0	
1.32376e+06	0	0	0	207	0	0	0	0	0	0	0	0	0	0	0	0	
1.32451e+06	0	0	0	213	0	0	0	0	0	0	0	0	0	0	0	0	
1.32526e+06	0	0	0	199	0	0	0	0	0	0	0	0	0	0	0	0	
1.32601e+06	0	0	0	217	0	0	0	0	0	0	0	0	0	0	0	0	
1.32676e+06	0	0	0	203	0	0	0	0	0	0	0	0	0	0	0	0	
1.32752e+06	0	0	0	181	0	0	0	0	0	0	0	0	0	0	0	0	
1.32827e+06	0	0	0	199	0	0	0	0	0	0	0	0	0	0	0	0	
1.32901e+06	0	0	0	197	0	0	0	0	0	0	0	0	0	0	0	0	
1.32976e+06	0	0	0	201	0	0	0	0	0	0	0	0	0	0	0	0	
1.33052e+06	0	0	0	191	0	0	0	0	0	0	0	0	0	0	0	0	
1.33127e+06	0	0	0	175	0	0	0	0	0	0	0	0	0	0	0	0	
1.33202e+06	0	0	0	187	0	0	0	0	0	0	0	0	0	0	0	0	
1.33276e+06	0	0	0	199	0	0	0	0	0	0	0	0	0	0	0	0	
1.33351e+06	0	0	0	197	0	0	0	0	0	0	0	0	0	0	0	0	
1.33426e+06	0	0	0	193	0	0	0	0	0	0	0	0	0	0	0	0	
1.33502e+06	0	0	0	203	0	0	0	0	0	0	0	0	0	0	0	0	
1.33577e+06	0	0	0	197	0	0	0	0	0	0	0	0	0	0	0	0	
1.33652e+06	0	0	0	201	0	0	0	0	0	0	0	0	0	0	0	0	
1.33727e+06	0	0	0	181	0	0	0	0	0	0	0	0	0	0	0	0	
1.33802e+06	0	0	0	193	0	0	0	0	0	0	0	0	0	0	0	0	
1.33877e+06	0	0	0	219	0	0	0	0	0	0	0	0	0	0	0	0	
1.33952e+06	0	0	0	183	0	0	0	0	0	0	0	0	0	0	0	0	
1.34027e+06	0	0	0	197	0	0	0	0	0	0	0	0	0	0	0	0	
1.34102e+06	0	0	0	183	0	0	0	0	0	0	0	0	0	0	0	0	
1.34178e+06	0	0	0	207	0	0	0	0	0	0	0	0	0	0	0	0	
1.34253e+06	0	0	0	217	0	0	0	0	0	0	0	0	0	0	0	0	
1.34328e+06	0	0	0	201	0	0	0	0	0	0	0	0	0	0	0	0	
1.34403e+06	0	0	0	183	0	0	0	0	0	0	0	0	0	0	0	0	
1.34478e+06	0	0	0	189	0	0	0	0	0	0	0	0	0	0	0	0	
1.34552e+06	0	0	0	183	0	0	0	0	0	0	0	0	0	0	0	0	
1.34628e+06	0	0	0	209	0	0	0	0	0	0	0	0	0	0	0	0	
1.34703e+06	0	0	0	199	0	0	0	0	0	0	0	0	0	0	0	0	
1.34778e+06	0	0	0	197	0	0	0	0	0	0	0	0	0	0	0	0	
1.34853e+06	0	0	0	177	0	0	0	0	0	0	0	0	0	0	0	0	
1.34928e+06	0	0	0	177	0	0	0	0	0	0	0	0	0	0	0	0	
1.35003e+06	0	0	0	221	0	0	0	0	0	0	0	0	0	0	0	0	
1.35078e+06	0	0	0	185	0	0	0	0	0	0	0	0	0	0	0	0	
1.35153e+06	0	0	0	201	0	0	0	0	0	0	0	0	0	0	0	0	
1.35228e+06	0	0	0	189	0	0	0	0	0	0	0	0	0	0	0	0	
1.35303e+06	0	0	0	167	0	0	0	0	0	0	0	0	0	0	0	0	
1.35378e+06	0	0	0	199	0	0	0	0	0	0	0	0	0	0	0	0	
1.35453e+06	0	0	0	211	0	0	0	0	0	0	0	0	0	0	0	0	
1.35528e+06	0	0	0	219	0	0	0	0	0	0	0	0	0	0	0	0	
1.35603e+06	0	0	0	221	0	0	0	0	0	0	0	0	0	0	0	0	
1.35678e+06	0	0	0	189	0	0	0	0	0	0	0	0	0	0	0	0	
1.35753e+06	0	0	0	183	0	0	0	0	0	0	0	0	0	0	0	0	
1.35827e+06	0	0	249	0	0	0	0	0	0	0	0	0	0	0	0	0	
1.35902e+06	0	0	279	0	0	0	0	0	0	0	0	0	0	0	0	0	
1.35977e+06	0	0	275	0	0	0	0	0	0	0	0	0	0	0	0	0	
1.36052e+06	0	0	257	0	0	0	0	0	0	0	0	0	0	0	0	0	
1.36127e+06	0	0	263	0	0	0	0	0	0	0	0	0	0	0	0	0	
1.36202e+06	0	0	257	0	0	0	0	0	0	0	0	0	0	0	0	0	
1.36277e+06	0	0	293	0	0	0	0	0	0	0	0	0	0	0	0	0	
1.36352e+06	0	0	275	0	0	0	0	0	0	0	0	0	0	0	0	0	
1.36427e+06	0	0	222	37	0	0	0	0	0	0	0	0	0	0	0	0	
1.36502e+06	0	0	257	0	0	0	0	0	0	0	0	0	0	0	0	0	
1.36577e+06	0	0	255	0	0	0	0	0	0	0	0	0	0	0	0	0	
1.36652e+06	0	0	251	0	0	0	0	0	0	0	0	0	0	0	0	0	
1.36727e+06	0	18	265	0	0	0	0	0	0	0	0	0	0	0	0	0	
1.36802e+06	0	0	263	0	0	0	0	0	0	0	0	0	0	0	0	0	
1.36877e+06	0	0	265	0	0	0	0	0	0	0	0	0	0	0	0	0	
1.36952e+06	0	0	257	0	0	0	0	0	0	0	0	0	0	0	0	0	
1.37027e+06	0	0	257	0	0	0	0	0	0	0	0	0	0	0	0	0	
1.37102e+06	0	0	261	0	0	0	0	0	0	0	0	0	0	0	0	0	
1.37178e+06	0	0	273	0	0	0	0	0	0	0	0	0	0	0	0	0	
1.37253e+06	0	0	289	0	0	0	0	0	0	0	0	0	0	0	0	0	
1.37328e+06	0	0	0	199	0	0	0	0	0	0	0	0	0	0	0	0	
1.37403e+06	0	0	0	181	0	0	0	0	0	0	0	0	0	0	0	0	
1.37478e+06	0	0	0	219	0	0	0	0	0	0	0	0	0	0	0	0	
1.37553e+06	0	0	0	209	0	0	0	0	0	0	0	0	0	0	0	0	
1.37628e+06	0	0	0	205	0	0	0	0	0	0	0	0	0	0	0	0	
1.37703e+06	0	0	0	221	0	0	0	0	0	0	0	0	0	0	0	0	
1.37778e+06	0	0	0	197	0	0	0	0	0	0	0	0	0	0	0	0	
1.37853e+06	0	0	0	181	0	0	0	0	0	0	0	0	0	0	0	0	
1.37928e+06	0	0	0	183	0	0	0	0	0	0	0	0	0	0	0	0	
1.38003e+06	0	0	0	195	0	0	0	0	0	0	0	0	0	0	0	0	
1.38078e+06	0	0	0	175	0	0	0	0	0	0	0	0	0	0	0	0	
1.38153e+06	0	0	0	207	0	0	0	0	0	0	0	0	0	0	0	0	
1.38228e+06	0	0	0	187	0	0	0	0	0	0	0	0	0	0	0	0	
1.38303e+06	0	0	0	209	0	0	0	0	0	0	0	0	0	0	0	0	
1.38378e+06	0	0	0	223	0	0	0	0	0	0	0	0	0	0	0	0	
1.38452e+06	0	0	0	193	0	0	0	0	0	0	0	0	0	0	0	0	
1.38527e+06	0	0	0	207	0	0	0	0	0	0	0	0	0	0	0	0	
1.38602e+06	0	0	0	199	0	0	0	0	0	0	0	0	0	0	0	0	
1.38677e+06	0	0	0	195	0	0	0	0	0	0	0	0	0	0	0	0	
1.38752e+06	0	0	0	199	0	0	0	0	0	0	0	0	0	0	0	0	
1.38827e+06	0	0	0	195	0	0	0	0	0	0	0	0	0	0	0	0	
1.38902e+06	0	0	0	195	0	0	0	0	0	0	0	0	0	0	0	0	
1.38977e+06	0	0	0	177	0	0	0	0	0	0	0	0	0	0	0	0	
1.39052e+06	0	0	0	201	0	0	0	0	0	0	0	0	0	0	0	0	
1.39127e+06	0	0	0	195	0	0	0	0	0	0	0	0	0	0	0	0	
1.39202e+06	0	0	0	211	0	0	0	0	0	0	0	0	0	0	0	0	
1.39277e+06	0	0	0	173	0	0	0	0	0	0	0	0	0	0	0	0	
1.39352e+06	0	0	0	211	0	0	0	0	0	0	0	0	0	0	0	0	
1.39427e+06	0	0	0	221	0	0	0	0	0	0	0	0	0	0	0	0	
1.39502e+06	0	0	0	195	0	0	0	0	0	0	0	0	0	0	0	0	
1.39577e+06	0	0	0	177	0	0	0	0	0	0	0	0	0	0	0	0	
1.39652e+06	0	0	0	193	0	0	0	0	0	0	0	0	0	0	0	0	
1.39727e+06	0	0	0	189	0	0	0	0	0	0	0	0	0	0	0	0	
1.39802e+06	0	0	0	209	0	0	0	0	0	0	0	0	0	0	0	0	
1.39877e+06	0	0	0	213	0	0	0	0	0	0	0	0	0	0	0	0	
1.39952e+06	0	0	0	223	0	0	0	0	0	0	0	0	0	0	0	0	
1.40027e+06	0	0	0	205	0	0	0	0	0	0	0	0	0	0	0	0	
1.40102e+06	0	0	0	163	0	0	0	0	0	0	0	0	0	0	0	0	
1.40177e+06	0	0	0	227	0	0	0	0	0	0	0	0	0	0	0	0	
1.40252e+06	0	0	0	173	0	0	0	0	0	0	0	0	0	0	0	0	
1.40326e+06	0	0	0	179	0	0	0	0	0	0	0	0	0	0	0	0	
1.40402e+06	0	0	0	199	0	0	0	0	0	0	0	0	0	0	0	0	
1.40477e+06	0	0	0	187	0	0	0	0	0	0	0	0	0	0	0	0	
1.40552e+06	0	0	0	203	0	0	0	0	0	0	0	0	0	0	0	0	
1.40627e+06	0	0	0	195	0	0	0	0	0	0	0	0	0	0	0	0	
1.40702e+06	0	0	0	199	0	0	0	0	0	0	0	0	0	0	0	0	
1.40777e+06	0	0	0	195	0	0	0	0	0	0	0	0	0	0	0	0	
1.40852e+06	0	0	73	146	0	0	0	0	0	0	0	0	0	0	0	0	
1.40927e+06	0	0	253	0	0	0	0	0	0	0	0	0	0	0	0	0	
1.41002e+06	0	0	257	0	0	0	0	0	0	0	0	0	0	0	0	0	
1.41077e+06	0	0	257	0	0	0	0	0	0	0	0	0	0	0	0	0	
1.41152e+06	0	0	289	0	0	0	0	0	0	0	0	0	0	0	0	0	
1.41227e+06	0	0	277	0	0	0	0	0	0	0	0	0	0	0	0	0	
1.41302e+06	0	0	291	0	0	0	0	0	0	0	0	0	0	0	0	0	
1.41377e+06	0	0	273	0	0	0	0	0	0	0	0	0	0	0	0	0	
1.41452e+06	0	0	281	0	0	0	0	0	0	0	0	0	0	0	0	0	
1.41527e+06	0	0	245	0	0	0	0	0	0	0	0	0	0	0	0	0	
1.41602e+06	0	0	269	0	0	0	0	0	0	0	0	0	0	0	0	0	
1.41677e+06	0	0	223	0	0	0	0	0	0	0	0	0	0	0	0	0	
1.41752e+06	0	0	275	0	0	0	0	0	0	0	0	0	0	0	0	0	
1.41827e+06	0	0	285	0	0	0	0	0	0	0	0	0	0	0	0	0	
1.41901e+06	0	0	277	0	0	0	0	0	0	0	0	0	0	0	0	0	
1.41976e+06	0	0	277	0	0	0	0	0	0	0	0	0	0	0	0	0	
1.42052e+06	0	0	269	0	0	0	0	0	0	0	0	0	0	0	0	0	
1.42127e+06	0	0	241	0	0	0	0	0	0	0	0	0	0	0	0	0	
1.42202e+06	0	0	233	0	0	0	0	0	0	0	0	0	0	0	0	0	
1.42277e+06	0	0	285	0	0	0	0	0	0	0	0	0	0	0	0	0	
1.42352e+06	0	0	277	0	0	0	0	0	0	0	0	0	0	0	0	0	
1.42427e+06	0	0	233	0	0	0	0	0	0	0	0	0	0	0	0	0	
1.42502e+06	0	0	287	0	0	0	0	0	0	0	0	0	0	0	0	0	
1.42577e+06	0	0	251	0	0	0	0	0	0	0	0	0	0	0	0	0	
1.42652e+06	0	0	261	0	0	0	0	0	0	0	0	0	0	0	0	0	
1.42727e+06	0	0	257	0	0	0	0	0	0	0	0	0	0	0	0	0	
1.42802e+06	0	0	275	0	0	0	0	0	0	0	0	0	0	0	0	0	
1.42877e+06	0	0	269	0	0	0	0	0	0	0	0	0	0	0	0	0	
1.42952e+06	0	0	273	0	0	0	0	0	0	0	0	0	0	0	0	0	
1.43027e+06	0	0	249	0	0	0	0	0	0	0	0	0	0	0	0	0	
1.43102e+06	0	0	253	0	0	0	0	0	0	0	0	0	0	0	0	0	
1.43177e+06	0	0	263	0	0	0	0	0	0	0	0	0	0	0	0	0	
1.43251e+06	0	0	245	0	0	0	0	0	0	0	0	0	0	0	0	0	
1.43327e+06	0	0	279	0	0	0	0	0	0	0	0	0	0	0	0	0	
1.43402e+06	0	0	279	0	0	0	0	0	0	0	0	0	0	0	0	0	
1.43477e+06	0	0	261	0	0	0	0	0	0	0	0	0	0	0	0	0	
1.43552e+06	0	0	239	0	0	0	0	0	0	0	0	0	0	0	0	0	
1.43627e+06	0	0	281	0	0	0	0	0	0	0	0	0	0	0	0	0	
1.43702e+06	0	0	267	0	0	0	0	0	0	0	0	0	0	0	0	0	
1.43777e+06	0	0	241	0	0	0	0	0	0	0	0	0	0	0	0	0	
1.43852e+06	0	0	293	0	0	0	0	0	0	0	0	0	0	0	0	0	
1.43927e+06	0	0	265	0	0	0	0	0	0	0	0	0	0	0	0	0	
1.44002e+06	0	0	259	0	0	0	0	0	0	0	0	0	0	0	0	0	
1.44077e+06	0	1	308	0	0	0	0	0	0	0	0	0	0	0	0	0	
1.44152e+06	0	0	261	0	0	0	0	0	0	0	0	0	0	0	0	0	
1.44227e+06	0	0	265	0	0	0	0	0	0	0	0	0	0	0	0	0	
1.44302e+06	0	0	281	0	0	0	0	0	0	0	0	0	0	0	0	0	
1.44377e+06	0	0	257	0	0	0	0	0	0	0	0	0	0	0	0	0	
1.44452e+06	0	0	39	184	0	0	0	0	0	0	0	0	0	0	0	0	
1.44527e+06	0	0	0	201	0	0	0	0	0	0	0	0	0	0	0	0	
1.44602e+06	0	0	0	213	0	0	0	0	0	0	0	0	0	0	0	0	
1.44677e+06	0	0	0	181	0	0	0	0	0	0	0	0	0	0	0	0	
1.44752e+06	0	0	0	173	0	0	0	0	0	0	0	0	0	0	0	0	
1.44827e+06	0	0	0	213	0	0	0	0	0	0	0	0	0	0	0	0	
1.44902e+06	0	0	0	183	0	0	0	0	0	0	0	0	0	0	0	0	
1.44977e+06	0	0	0	201	0	0	0	0	0	0	0	0	0	0	0	0	
1.45052e+06	0	0	0	225	0	0	0	0	0	0	0	0	0	0	0	0	
1.45127e+06	0	0	2	199	0	0	0	0	0	0	0	0	0	0	0	0	
1.45202e+06	0	0	0	205	0	0	0	0	0	0	0	0	0	0	0	0	
1.45277e+06	0	0	0	199	0	0	0	0	0	0	0	0	0	0	0	0	
1.45352e+06	0	0	0	197	0	0	0	0	0	0	0	0	0	0	0	0	
1.45427e+06	0	0	0	213	0	0	0	0	0	0	0	0	0	0	0	0	
1.45503e+06	0	0	0	201	0	0	0	0	0	0	0	0	0	0	0	0	
1.45578e+06	0	0	0	213	0	0	0	0	0	0	0	0	0	0	0	0	
1.45653e+06	0	0	0	195	0	0	0	0	0	0	0	0	0	0	0	0	
1.45728e+06	0	0	0	167	0	0	0	0	0	0	0	0	0	0	0	0	
1.45803e+06	0	0	0	191	0	0	0	0	0	0	0	0	0	0	0	0	
1.45878e+06	0	0	0	207	0	0	0	0	0	0	0	0	0	0	0	0	
1.45953e+06	0	0	0	189	0	0	0	0	0	0	0	0	0	0	0	0	
1.46028e+06	0	0	0	191	0	0	0	0	0	0	0	0	0	0	0	0	
1.46103e+06	0	0	0	209	0	0	0	0	0	0	0	0	0	0	0	0	
1.46178e+06	0	0	11	192	0	0	0	0	0	0	0	0	0	0	0	0	
1.46253e+06	0	0	0	161	0	0	0	0	0	0	0	0	0	0	0	0	
1.46329e+06	0	0	0	185	0	0	0	0	0	0	0	0	0	0	0	0	
1.46403e+06	0	0	0	215	0	0	0	0	0	0	0	0	0	0	0	0	
1.46479e+06	0	0	0	197	0	0	0	0	0	0	0	0	0	0	0	0	
1.46554e+06	0	0	0	195	0	0	0	0	0	0	0	0	0	0	0	0	
1.46629e+06	0	0	0	189	0	0	0	0	0	0	0	0	0	0	0	0	
1.46704e+06	0	0	0	211	0	0	0	0	0	0	0	0	0	0	0	0	
1.46779e+06	0	0	0	169	0	0	0	0	0	0	0	0	0	0	0	0	
1.46854e+06	0	0	0	201	0	0	0	0	0	0	0	0	0	0	0	0	
1.46929e+06	0	0	0	221	0	0	0	0	0	0	0	0	0	0	0	0	
1.47003e+06	0	0	0	201	0	0	0	0	0	0	0	0	0	0	0	0	
1.47078e+06	0	0	0	207	2	0	0	0	0	0	0	0	0	0	0	0	
1.47153e+06	0	0	0	195	0	0	0	0	0	0	0	0	0	0	0	0	
1.47228e+06	0	0	150	81	0	0	0	0	0	0	0	0	0	0	0	0	
1.47303e+06	0	0	0	207	0	0	0	0	0	0	0	0	0	0	0	0	
1.47379e+06	0	0	0	191	0	0	0	0	0	0	0	0	0	0	0	0	
1.47454e+06	0	0	0	201	0	0	0	0	0	0	0	0	0	0	0	0	
1.47529e+06	0	0	0	175	0	0	0	0	0	0	0	0	0	0	0	0	
1.47604e+06	0	0	0	189	0	0	0	0	0	0	0	0	0	0	0	0	
1.47679e+06	0	0	0	203	0	0	0	0	0	0	0	0	0	0	0	0	
1.47754e+06	0	0	0	199	0	0	0	0	0	0	0	0	0	0	0	0	
1.47829e+06	0	0	0	161	0	0	0	0	0	0	0	0	0	0	0	0	
1.47904e+06	0	0	0	193	0	0	0	0	0	0	0	0	0	0	0	0	
1.4798e+06	0	0	0	195	0	0	0	0	0	0	0	0	0	0	0	0	
1.48055e+06	0	0	0	195	0	0	0	0	0	0	0	0	0	0	0	0	
1.4813e+06	0	0	0	211	0	0	0	0	0	0	0	0	0	0	0	0	
1.48205e+06	0	0	0	187	0	0	0	0	0	0	0	0	0	0	0	0	
1.48281e+06	0	0	0	211	0	0	0	0	0	0	0	0	0	0	0	0	
1.48355e+06	0	0	0	193	0	0	0	0	0	0	0	0	0	0	0	0	
1.4843e+06	0	0	0	225	0	0	0	0	0	0	0	0	0	0	0	0	
1.48505e+06	0	0	0	193	0	0	0	0	0	0	0	0	0	0	0	0	
1.4858e+06	0	0	0	219	0	0	0	0	0	0	0	0	0	0	0	0	
1.48655e+06	0	0	0	199	0	0	0	0	0	0	0	0	0	0	0	0	
1.4873e+06	0	0	0	197	0	0	0	0	0	0	0	0	0	0	0	0	
1.48805e+06	0	0	0	201	0	0	0	0	0	0	0	0	0	0	0	0	
1.4888e+06	0	0	0	203	0	0	0	0	0	0	0	0	0	0	0	0	
1.48955e+06	0	0	0	223	0	0	0	0	0	0	0	0	0	0	0	0	
1.4903e+06	0	0	0	189	0	0	0	0	0	0	0	0	0	0	0	0	
1.49105e+06	0	0	0	173	0	0	0	0	0	0	0	0	0	0	0	0	
1.49181e+06	0	0	0	191	0	0	0	0	0	0	0	0	0	0	0	0	
1.49256e+06	0	0	0	205	0	0	0	0	0	0	0	0	0	0	0	0	
1.49331e+06	0	0	0	173	0	0	0	0	0	0	0	0	0	0	0	0	
1.49406e+06	0	0	0	201	0	0	0	0	0	0	0	0	0	0	0	0	
1.49481e+06	0	0	0	197	0	0	0	0	0	0	0	0	0	0	0	0	
1.49556e+06	0	0	0	177	0	0	0	0	0	0	0	0	0	0	0	0	
1.49631e+06	0	0	0	205	0	0	0	0	0	0	0	0	0	0	0	0	
1.49706e+06	0	0	0	187	0	0	0	0	0	0	0	0	0	0	0	0	
1.49781e+06	0	0	0	175	0	0	0	0	0	0	0	0	0	0	0	0	
1.49855e+06	0	0	0	0	179	0	0	0	0	0	0	0	0	0	0	0	
1.4993e+06	0	0	0	0	181	0	0	0	0	0	0	0	0	0	0	0	
1.50005e+06	0	0	0	0	165	0	0	0	0	0	0	0	0	0	0	0	
1.50005e+06	0	0	0	0	165	0	0	0	0	0	0	0	0	0	0	0	
