Time	s0	s1	s2	s3	s4	s5	s6	s7	s8	s9	s10	s11	s12	s13	s14	s15	
0	0	0	0	0	0	0	0	0	0	0	0	0	0	0	0	200	
0.000335784	0	0	0	0	0	0	0	0	0	0	0	0	0	0	0	199	
748.975	0	0	0	0	0	0	0	0	0	0	0	0	0	0	0	53	
1497.81	0	0	0	0	0	0	0	0	0	0	0	0	0	0	0	51	
2246.64	0	0	0	0	0	0	0	0	0	0	0	0	0	0	0	43	
2998.02	0	0	0	0	0	0	0	0	0	0	0	0	0	0	0	49	
3748.14	0	0	0	0	0	0	0	0	0	0	0	0	0	0	0	49	
4499.84	0	0	0	0	0	0	0	0	0	0	0	0	0	0	0	51	
5248.9	0	0	0	0	0	0	0	0	0	0	0	0	0	0	0	41	
6000.72	0	0	0	0	0	0	0	0	0	0	0	0	0	0	0	43	
6753.97	0	0	0	0	0	0	0	0	0	0	0	0	0	0	0	51	
7503.75	0	0	0	0	0	0	0	0	0	0	0	0	0	0	0	59	
8253.3	0	0	0	0	0	0	0	0	0	0	0	0	0	0	0	43	
9003.73	0	0	0	0	0	0	0	0	0	0	0	0	0	0	0	49	
9754.63	0	0	0	0	0	0	0	0	0	0	0	0	0	0	0	51	
10503.6	0	0	0	0	0	0	0	0	0	0	0	0	0	0	0	49	
11253.2	0	0	0	0	0	0	0	0	0	0	0	0	0	0	0	59	
12005.9	0	0	0	0	0	0	0	0	0	0	0	0	0	0	0	63	
12756.7	0	0	0	0	0	0	0	0	0	0	0	0	0	0	0	43	
13508.5	0	0	0	0	0	0	0	0	0	0	0	0	0	0	0	47	
14258.9	0	0	0	0	0	0	0	0	0	0	0	0	0	0	0	51	
15005.6	0	0	0	0	0	0	0	0	0	0	0	0	0	0	0	57	
15756.6	0	0	0	0	0	0	0	0	0	0	0	0	0	0	0	61	
16506.9	0	0	0	0	0	0	0	0	0	0	0	0	0	0	0	43	
17254.9	0	0	0	0	0	0	0	0	0	0	0	0	0	0	0	59	
18003.8	0	0	0	0	0	0	0	0	0	0	0	0	0	0	0	41	
18754.1	0	0	0	0	0	0	0	0	0	0	0	0	0	0	0	49	
19505.8	0	0	0	0	0	0	0	0	0	0	0	0	0	0	0	31	
20255.9	0	0	0	0	0	0	0	0	0	0	0	0	0	0	0	43	
21006	0	0	0	0	0	0	0	0	0	0	0	0	0	0	0	49	
21755.5	0	0	0	0	0	0	0	0	0	0	0	0	0	0	0	39	
22507	0	0	0	0	0	0	0	0	0	0	0	0	0	0	0	45	
23260	0	0	0	0	0	0	0	0	0	0	0	0	0	0	0	45	
24011.3	0	0	0	0	0	0	0	0	0	0	0	0	0	0	0	59	
24760.9	0	0	0	0	0	0	0	0	0	0	0	0	0	0	0	41	
25511.6	0	0	0	0	0	0	0	0	0	0	0	0	0	0	0	65	
26261	0	0	0	0	0	0	0	0	0	0	0	0	0	0	0	59	
27010.8	0	0	0	0	0	0	0	0	0	0	0	0	0	0	0	45	
27758.4	0	0	0	0	0	0	0	0	0	0	0	0	0	0	0	51	
28505.3	0	0	0	0	0	0	0	0	0	0	0	0	0	0	0	57	
29251.5	0	0	0	0	0	0	0	0	0	0	0	0	0	0	0	67	
30001.7	0	0	0	0	0	0	0	0	0	0	0	0	0	0	0	41	
30748.1	0	0	0	0	0	0	0	0	0	0	0	0	0	0	0	39	
31494.1	0	0	0	0	0	0	0	0	0	0	0	0	0	0	0	55	
32244.8	0	0	0	0	0	0	0	0	0	0	0	0	0	0	0	47	
32992.1	0	0	0	0	0	0	0	0	0	0	0	0	0	0	0	47	
33744	0	0	0	0	0	0	0	0	0	0	0	0	0	0	0	61	
34496.8	0	0	0	0	0	0	0	0	0	0	0	0	0	0	0	59	
35247.9	0	0	0	0	0	0	0	0	0	0	0	0	0	0	0	51	
35996.4	0	0	0	0	0	0	0	0	0	0	0	0	0	0	0	53	
36744	0	0	0	0	0	0	0	0	0	0	0	0	0	0	0	53	
37495.2	0	0	0	0	0	0	0	0	0	0	0	0	0	0	0	59	
38244.5	0	0	0	0	0	0	0	0	0	0	0	0	0	0	0	51	
38992.8	0	0	0	0	0	0	0	0	0	0	0	0	0	0	49	0	
39744.2	0	0	0	0	0	0	0	0	0	0	0	0	0	0	53	0	
40494.2	0	0	0	0	0	0	0	0	0	0	0	0	0	0	69	0	
41245.1	0	0	0	0	0	0	0	0	0	0	0	0	0	0	67	0	
41997.1	0	0	0	0	0	0	0	0	0	0	0	0	0	0	53	0	
42747.5	0	0	0	0	0	0	0	0	0	0	0	0	0	0	43	0	
43494	0	0	0	0	0	0	0	0	0	0	0	0	0	0	0	51	
44242.2	0	0	0	0	0	0	0	0	0	0	0	0	0	0	0	43	
44995.4	0	0	0	0	0	0	0	0	0	0	0	0	0	0	0	55	
45746.1	0	0	0	0	0	0	0	0	0	0	0	0	0	0	0	41	
46497.1	0	0	0	0	0	0	0	0	0	0	0	0	0	0	0	47	
47248.2	0	0	0	0	0	0	0	0	0	0	0	0	0	0	0	49	
47996.4	0	0	0	0	0	0	0	0	0	0	0	0	0	0	0	53	
48747.8	0	0	0	0	0	0	0	0	0	0	0	0	0	0	0	37	
49495.9	0	0	0	0	0	0	0	0	0	0	0	0	0	0	0	57	
50250.5	0	0	0	0	0	0	0	0	0	0	0	0	0	0	0	61	
51000.1	0	0	0	0	0	0	0	0	0	0	0	0	0	0	0	39	
51749.3	0	0	0	0	0	0	0	0	0	0	0	0	0	0	0	39	
52497.7	0	0	0	0	0	0	0	0	0	0	0	0	0	0	0	55	
53245	0	0	0	0	0	0	0	0	0	0	0	0	0	0	0	57	
53993.9	0	0	0	0	0	0	0	0	0	0	0	0	0	0	49	0	
54741.8	0	0	0	0	0	0	0	0	0	0	0	0	0	0	59	0	
55492.2	0	0	0	0	0	0	0	0	0	0	0	0	0	0	65	0	
56240.8	0	0	0	0	0	0	0	0	0	0	0	0	0	0	63	0	
56993.1	0	0	0	0	0	0	0	0	0	0	0	0	0	0	49	0	
57745	0	0	0	0	0	0	0	0	0	0	0	0	0	0	51	0	
58494.5	0	0	0	0	0	0	0	0	0	0	0	0	0	0	37	0	
59248.3	0	0	0	0	0	0	0	0	0	0	0	0	0	0	41	0	
60000.1	0	0	0	0	0	0	0	0	0	0	0	0	0	0	47	0	
60751.1	0	0	0	0	0	0	0	0	0	0	0	0	0	0	49	0	
61502.7	0	0	0	0	0	0	0	0	0	0	0	0	0	0	47	0	
62252.8	0	0	0	0	0	0	0	0	0	0	0	0	0	0	61	0	
63000.1	0	0	0	0	0	0	0	0	0	0	0	0	0	0	47	0	
63750.5	0	0	0	0	0	0	0	0	0	0	0	0	0	0	63	0	
64501.4	0	0	0	0	0	0	0	0	0	0	0	0	0	0	55	0	
65253.4	0	0	0	0	0	0	0	0	0	0	0	0	0	0	41	8	
66006.2	0	0	0	0	0	0	0	0	0	0	0	0	0	0	63	0	
66753.2	0	0	0	0	0	0	0	0	0	0	0	0	0	0	45	0	
67506.6	0	0	0	0	0	0	0	0	0	0	0	0	0	0	63	0	
68254.8	0	0	0	0	0	0	0	0	0	0	0	0	0	0	55	0	
69001.9	0	0	0	0	0	0	0	0	0	0	0	0	0	0	0	45	
69754	0	0	0	0	0	0	0	0	0	0	0	0	0	0	0	61	
70503.2	0	0	0	0	0	0	0	0	0	0	0	0	0	0	0	41	
71253.3	0	0	0	0	0	0	0	0	0	0	0	0	0	0	0	57	
72005.5	0	0	0	0	0	0	0	0	0	0	0	0	0	0	0	47	
72757.6	0	0	0	0	0	0	0	0	0	0	0	0	0	0	61	0	
73508.7	0	0	0	0	0	0	0	0	0	0	0	0	0	0	57	0	
74257.2	0	0	0	0	0	0	0	0	0	0	0	0	0	0	47	0	
75008.3	0	0	0	0	0	0	0	0	0	0	0	0	0	0	51	0	
75760	0	0	0	0	0	0	0	0	0	0	0	0	0	0	41	0	
76510.6	0	0	0	0	0	0	0	0	0	0	0	0	0	0	55	0	
77261.4	0	0	0	0	0	0	0	0	0	0	0	0	0	0	47	0	
78011.5	0	0	0	0	0	0	0	0	0	0	0	0	0	0	53	0	
78762	0	0	0	0	0	0	0	0	0	0	0	0	0	63	0	0	
79517.2	0	0	0	0	0	0	0	0	0	0	0	0	0	51	0	0	
80266.9	0	0	0	0	0	0	0	0	0	0	0	0	0	51	0	0	
81019.4	0	0	0	0	0	0	0	0	0	0	0	0	61	0	0	0	
81772.4	0	0	0	0	0	0	0	0	0	0	0	0	69	0	0	0	
82518.6	0	0	0	0	0	0	0	0	0	0	0	0	63	0	0	0	
83272.5	0	0	0	0	0	0	0	0	0	0	0	0	65	0	0	0	
84022.5	0	0	0	0	0	0	0	0	0	0	0	0	69	0	0	0	
84774.4	0	0	0	0	0	0	0	0	0	0	0	0	65	0	0	0	
85523.7	0	0	0	0	0	0	0	0	0	0	0	0	65	0	0	0	
86275.4	0	0	0	0	0	0	0	0	0	0	0	0	61	0	0	0	
87024.6	0	0	0	0	0	0	0	0	0	0	0	0	75	0	0	0	
87772.7	0	0	0	0	0	0	0	0	0	0	0	0	55	0	0	0	
88519.7	0	0	0	0	0	0	0	0	0	0	0	0	57	0	0	0	
89268.7	0	0	0	0	0	0	0	0	0	0	0	0	59	0	0	0	
90021	0	0	0	0	0	0	0	0	0	0	0	65	0	0	0	0	
90771	0	0	0	0	0	0	0	0	0	0	0	51	0	0	0	0	
91522.2	0	0	0	0	0	0	0	0	0	0	0	63	0	0	0	0	
92274.6	0	0	0	0	0	0	0	0	0	0	0	61	0	0	0	0	
93024.6	0	0	0	0	0	0	0	0	0	0	0	83	0	0	0	0	
93771.4	0	0	0	0	0	0	0	0	0	0	0	65	0	0	0	0	
94518.2	0	0	0	0	0	0	0	0	0	0	0	75	0	0	0	0	
95268.5	0	0	0	0	0	0	0	0	0	0	0	77	0	0	0	0	
96016.4	0	0	0	0	0	0	0	0	0	0	0	77	0	0	0	0	
96766.1	0	0	0	0	0	0	0	0	0	0	0	73	0	0	0	0	
97515.2	0	0	0	0	0	0	0	0	0	0	0	71	0	0	0	0	
98267.3	0	0	0	0	0	0	0	0	0	0	0	75	0	0	0	0	
99016.1	0	0	0	0	0	0	0	0	0	0	0	77	0	0	0	0	
99765.9	0	0	0	0	0	0	0	0	0	0	0	75	0	0	0	0	
100516	0	0	0	0	0	0	0	0	0	0	0	61	0	0	0	0	
101265	0	0	0	0	0	0	0	0	0	0	0	0	0	0	59	0	
102015	0	0	0	0	0	0	0	0	0	0	0	0	0	0	53	0	
102763	0	0	0	0	0	0	0	0	0	0	0	0	0	0	51	0	
103515	0	0	0	0	0	0	0	0	0	0	0	0	0	0	63	0	
104262	0	0	0	0	0	0	0	0	0	0	0	0	0	0	0	43	
105014	0	0	0	0	0	0	0	0	0	0	0	0	0	0	49	0	
105766	0	0	0	0	0	0	0	0	0	0	0	0	0	0	57	0	
106513	0	0	0	0	0	0	0	0	0	0	0	0	0	0	51	0	
107266	0	0	0	0	0	0	0	0	0	0	0	0	0	0	61	0	
108017	0	0	0	0	0	0	0	0	0	0	0	0	0	0	57	0	
108768	0	0	0	0	0	0	0	0	0	0	0	0	0	0	59	0	
109518	0	0	0	0	0	0	0	0	0	0	0	0	0	0	59	0	
110271	0	0	0	0	0	0	0	0	0	0	0	0	0	0	57	0	
111019	0	0	0	0	0	0	0	0	0	0	0	0	0	0	53	0	
111769	0	0	0	0	0	0	0	0	0	0	0	0	0	0	65	0	
112519	0	0	0	0	0	0	0	0	0	0	0	0	0	0	49	0	
113266	0	0	0	0	0	0	0	0	0	0	0	0	0	0	71	0	
114013	0	0	0	0	0	0	0	0	0	0	0	0	0	0	55	0	
114764	0	0	0	0	0	0	0	0	0	0	0	0	0	0	51	0	
115511	0	0	0	0	0	0	0	0	0	0	0	0	0	0	45	0	
116260	0	0	0	0	0	0	0	0	0	0	0	0	0	0	49	0	
117011	0	0	0	0	0	0	0	0	0	0	0	0	0	0	47	0	
117759	0	0	0	0	0	0	0	0	0	0	0	0	0	0	49	0	
118509	0	0	0	0	0	0	0	0	0	0	0	0	0	0	53	0	
119262	0	0	0	0	0	0	0	0	0	0	0	0	0	0	53	0	
120012	0	0	0	0	0	0	0	0	0	0	0	0	0	0	65	0	
120762	0	0	0	0	0	0	0	0	0	0	0	0	0	0	47	0	
121511	0	0	0	0	0	0	0	0	0	0	0	0	0	0	43	0	
122264	0	0	0	0	0	0	0	0	0	0	0	0	0	0	67	0	
123014	0	0	0	0	0	0	0	0	0	0	0	0	0	0	51	0	
123763	0	0	0	0	0	0	0	0	0	0	0	0	0	0	69	0	
124513	0	0	0	0	0	0	0	0	0	0	0	0	0	0	0	43	
125263	0	0	0	0	0	0	0	0	0	0	0	0	0	0	0	43	
126011	0	0	0	0	0	0	0	0	0	0	0	0	0	0	0	49	
126762	0	0	0	0	0	0	0	0	0	0	0	0	0	0	0	53	
127516	0	0	0	0	0	0	0	0	0	0	0	0	0	0	0	51	
128264	0	0	0	0	0	0	0	0	0	0	0	0	0	0	0	55	
129010	0	0	0	0	0	0	0	0	0	0	0	0	0	0	0	51	
129762	0	0	0	0	0	0	0	0	0	0	0	0	0	0	67	0	
130513	0	0	0	0	0	0	0	0	0	0	0	0	0	0	59	0	
131264	0	0	0	0	0	0	0	0	0	0	0	0	0	0	55	0	
132014	0	0	0	0	0	0	0	0	0	0	0	0	0	0	59	0	
132764	0	0	0	0	0	0	0	0	0	0	0	0	0	0	51	0	
133509	0	0	0	0	0	0	0	0	0	0	0	0	0	0	43	0	
134260	0	0	0	0	0	0	0	0	0	0	0	0	0	0	55	0	
135010	0	0	0	0	0	0	0	0	0	0	0	0	0	0	49	0	
135764	0	0	0	0	0	0	0	0	0	0	0	0	0	0	47	0	
136516	0	0	0	0	0	0	0	0	0	0	0	0	0	0	63	0	
137267	0	0	0	0	0	0	0	0	0	0	0	0	0	0	45	0	
138014	0	0	0	0	0	0	0	0	0	0	0	0	0	0	51	0	
138763	0	0	0	0	0	0	0	0	0	0	0	0	0	0	59	0	
139511	0	0	0	0	0	0	0	0	0	0	0	0	0	0	63	0	
140261	0	0	0	0	0	0	0	0	0	0	0	0	0	0	67	0	
141011	0	0	0	0	0	0	0	0	0	0	0	0	0	0	49	0	
141762	0	0	0	0	0	0	0	0	0	0	0	0	0	67	0	0	
142513	0	0	0	0	0	0	0	0	0	0	0	0	0	63	0	0	
143265	0	0	0	0	0	0	0	0	0	0	0	0	0	49	0	0	
144015	0	0	0	0	0	0	0	0	0	0	0	0	0	57	0	0	
144764	0	0	0	0	0	0	0	0	0	0	0	0	0	53	0	0	
145516	0	0	0	0	0	0	0	0	0	0	0	0	0	0	59	0	
146265	0	0	0	0	0	0	0	0	0	0	0	0	0	63	0	0	
147013	0	0	0	0	0	0	0	0	0	0	0	0	0	59	0	0	
147760	0	0	0	0	0	0	0	0	0	0	0	0	0	55	0	0	
148509	0	0	0	0	0	0	0	0	0	0	0	0	0	55	0	0	
149260	0	0	0	0	0	0	0	0	0	0	0	0	0	69	0	0	
150010	0	0	0	0	0	0	0	0	0	0	0	0	0	69	0	0	
150759	0	0	0	0	0	0	0	0	0	0	0	0	0	0	57	0	
151508	0	0	0	0	0	0	0	0	0	0	0	0	0	0	53	0	
152254	0	0	0	0	0	0	0	0	0	0	0	0	0	0	53	0	
153003	0	0	0	0	0	0	0	0	0	0	0	0	0	0	55	0	
153757	0	0	0	0	0	0	0	0	0	0	0	0	0	0	0	39	
154505	0	0	0	0	0	0	0	0	0	0	0	0	0	0	0	63	
155257	0	0	0	0	0	0	0	0	0	0	0	0	0	0	0	53	
156009	0	0	0	0	0	0	0	0	0	0	0	0	0	0	0	57	
156758	0	0	0	0	0	0	0	0	0	0	0	0	0	0	0	45	
157510	0	0	0	0	0	0	0	0	0	0	0	0	0	0	0	43	
158259	0	0	0	0	0	0	0	0	0	0	0	0	0	0	0	49	
159007	0	0	0	0	0	0	0	0	0	0	0	0	0	0	0	57	
159757	0	0	0	0	0	0	0	0	0	0	0	0	0	0	0	49	
160505	0	0	0	0	0	0	0	0	0	0	0	0	0	0	45	0	
161255	0	0	0	0	0	0	0	0	0	0	0	0	0	47	0	0	
162006	0	0	0	0	0	0	0	0	0	0	0	0	0	55	0	0	
162757	0	0	0	0	0	0	0	0	0	0	0	0	0	53	0	0	
163508	0	0	0	0	0	0	0	0	0	0	0	0	0	53	0	0	
164256	0	0	0	0	0	0	0	0	0	0	0	0	0	45	0	0	
165007	0	0	0	0	0	0	0	0	0	0	0	0	0	53	0	0	
165758	0	0	0	0	0	0	0	0	0	0	0	0	0	67	0	0	
166509	0	0	0	0	0	0	0	0	0	0	0	0	0	55	0	0	
167258	0	0	0	0	0	0	0	0	0	0	0	0	0	63	0	0	
168007	0	0	0	0	0	0	0	0	0	0	0	0	0	57	0	0	
168756	0	0	0	0	0	0	0	0	0	0	0	0	0	49	0	0	
169505	0	0	0	0	0	0	0	0	0	0	0	0	0	0	53	0	
170256	0	0	0	0	0	0	0	0	0	0	0	0	0	0	59	0	
171006	0	0	0	0	0	0	0	0	0	0	0	0	0	0	53	0	
171756	0	0	0	0	0	0	0	0	0	0	0	0	0	0	49	0	
172505	0	0	0	0	0	0	0	0	0	0	0	0	0	0	69	0	
173257	0	0	0	0	0	0	0	0	0	0	0	0	0	0	61	0	
174010	0	0	0	0	0	0	0	0	0	0	0	0	0	0	57	0	
174760	0	0	0	0	0	0	0	0	0	0	0	0	0	0	57	0	
175510	0	0	0	0	0	0	0	0	0	0	0	0	0	0	45	0	
176260	0	0	0	0	0	0	0	0	0	0	0	0	0	0	47	0	
177013	0	0	0	0	0	0	0	0	0	0	0	0	0	0	51	0	
177763	0	0	0	0	0	0	0	0	0	0	0	0	0	0	49	0	
178513	0	0	0	0	0	0	0	0	0	0	0	0	0	0	49	0	
179263	0	0	0	0	0	0	0	0	0	0	0	0	0	0	51	0	
180015	0	0	0	0	0	0	0	0	0	0	0	0	0	0	69	0	
180763	0	0	0	0	0	0	0	0	0	0	0	0	0	0	47	0	
181513	0	0	0	0	0	0	0	0	0	0	0	0	0	0	57	0	
182262	0	0	0	0	0	0	0	0	0	0	0	0	0	0	49	0	
183011	0	0	0	0	0	0	0	0	0	0	0	0	0	0	35	0	
183759	0	0	0	0	0	0	0	0	0	0	0	0	0	0	51	0	
184509	0	0	0	0	0	0	0	0	0	0	0	0	0	0	43	0	
185258	0	0	0	0	0	0	0	0	0	0	0	0	0	0	57	0	
186007	0	0	0	0	0	0	0	0	0	0	0	0	0	0	55	0	
186762	0	0	0	0	0	0	0	0	0	0	0	0	0	0	49	0	
187509	0	0	0	0	0	0	0	0	0	0	0	0	0	0	59	0	
188257	0	0	0	0	0	0	0	0	0	0	0	0	0	0	59	0	
189011	0	0	0	0	0	0	0	0	0	0	0	0	0	0	47	0	
189758	0	0	0	0	0	0	0	0	0	0	0	0	0	0	57	0	
190509	0	0	0	0	0	0	0	0	0	0	0	0	0	0	63	0	
191261	0	0	0	0	0	0	0	0	0	0	0	0	0	0	55	0	
192014	0	0	0	0	0	0	0	0	0	0	0	0	0	0	53	0	
192762	0	0	0	0	0	0	0	0	0	0	0	0	0	0	33	0	
193514	0	0	0	0	0	0	0	0	0	0	0	0	0	0	47	0	
194264	0	0	0	0	0	0	0	0	0	0	0	0	0	0	43	0	
195017	0	0	0	0	0	0	0	0	0	0	0	0	0	0	63	0	
195766	0	0	0	0	0	0	0	0	0	0	0	0	0	0	53	0	
196517	0	0	0	0	0	0	0	0	0	0	0	0	0	0	51	0	
197269	0	0	0	0	0	0	0	0	0	0	0	0	0	0	57	0	
198022	0	0	0	0	0	0	0	0	0	0	0	0	0	0	59	0	
198769	0	0	0	0	0	0	0	0	0	0	0	0	0	0	61	0	
199520	0	0	0	0	0	0	0	0	0	0	0	0	0	0	53	0	
200272	0	0	0	0	0	0	0	0	0	0	0	0	0	0	65	0	
201023	0	0	0	0	0	0	0	0	0	0	0	0	0	0	51	0	
201777	0	0	0	0	0	0	0	0	0	0	0	0	0	0	47	0	
202529	0	0	0	0	0	0	0	0	0	0	0	0	0	0	57	0	
203276	0	0	0	0	0	0	0	0	0	0	0	0	0	75	0	0	
204027	0	0	0	0	0	0	0	0	0	0	0	0	0	61	0	0	
204778	0	0	0	0	0	0	0	0	0	0	0	0	0	45	0	0	
205529	0	0	0	0	0	0	0	0	0	0	0	0	0	59	0	0	
206276	0	0	0	0	0	0	0	0	0	0	0	0	0	67	0	0	
207025	0	0	0	0	0	0	0	0	0	0	0	0	0	65	0	0	
207775	0	0	0	0	0	0	0	0	0	0	0	0	0	43	0	0	
208525	0	0	0	0	0	0	0	0	0	0	0	0	49	0	0	0	
209272	0	0	0	0	0	0	0	0	0	0	0	0	73	0	0	0	
210023	0	0	0	0	0	0	0	0	0	0	0	65	0	0	0	0	
210771	0	0	0	0	0	0	0	0	0	0	0	65	0	0	0	0	
211520	0	0	0	0	0	0	0	0	0	0	0	71	0	0	0	0	
212270	0	0	0	0	0	0	0	0	0	0	0	65	0	0	0	0	
213025	0	0	0	0	0	0	0	0	0	0	0	57	0	0	0	0	
213771	0	0	0	0	0	0	0	0	0	0	0	0	59	0	0	0	
214522	0	0	0	0	0	0	0	0	0	0	0	0	0	59	0	0	
215270	0	0	0	0	0	0	0	0	0	0	0	0	0	0	59	0	
216019	0	0	0	0	0	0	0	0	0	0	0	0	0	0	53	0	
216769	0	0	0	0	0	0	0	0	0	0	0	0	0	0	43	0	
217517	0	0	0	0	0	0	0	0	0	0	0	0	0	0	55	0	
218270	0	0	0	0	0	0	0	0	0	0	0	0	1	48	0	0	
219021	0	0	0	0	0	0	0	0	0	0	0	0	0	55	0	0	
219770	0	0	0	0	0	0	0	0	0	0	0	0	0	67	0	0	
220521	0	0	0	0	0	0	0	0	0	0	0	0	0	53	0	0	
221269	0	0	0	0	0	0	0	0	0	0	0	0	0	51	0	0	
222022	0	0	0	0	0	0	0	0	0	0	0	0	0	57	0	0	
222771	0	0	0	0	0	0	0	0	0	0	0	0	0	59	0	0	
223523	0	0	0	0	0	0	0	0	0	0	0	0	0	59	0	0	
224274	0	0	0	0	0	0	0	0	0	0	0	0	0	59	0	0	
225023	0	0	0	0	0	0	0	0	0	0	0	0	0	53	0	0	
225779	0	0	0	0	0	0	0	0	0	0	0	0	0	59	0	0	
226532	0	0	0	0	0	0	0	0	0	0	0	0	0	57	0	0	
227279	0	0	0	0	0	0	0	0	0	0	0	0	0	57	0	0	
228030	0	0	0	0	0	0	0	0	0	0	0	0	0	51	0	0	
228781	0	0	0	0	0	0	0	0	0	0	0	0	0	57	0	0	
229530	0	0	0	0	0	0	0	0	0	0	0	0	0	49	0	0	
230282	0	0	0	0	0	0	0	0	0	0	0	0	0	57	0	0	
231032	0	0	0	0	0	0	0	0	0	0	0	0	0	53	0	0	
231785	0	0	0	0	0	0	0	0	0	0	0	0	0	53	0	0	
232535	0	0	0	0	0	0	0	0	0	0	0	0	0	63	0	0	
233284	0	0	0	0	0	0	0	0	0	0	0	0	0	57	0	0	
234033	0	0	0	0	0	0	0	0	0	0	0	0	0	41	0	0	
234783	0	0	0	0	0	0	0	0	0	0	0	0	0	65	0	0	
235533	0	0	0	0	0	0	0	0	0	0	0	0	0	77	0	0	
236283	0	0	0	0	0	0	0	0	0	0	0	0	0	47	0	0	
237034	0	0	0	0	0	0	0	0	0	0	0	0	71	0	0	0	
237782	0	0	0	0	0	0	0	0	0	0	0	0	59	0	0	0	
238532	0	0	0	0	0	0	0	0	0	0	0	0	61	0	0	0	
239283	0	0	0	0	0	0	0	0	0	0	0	0	53	0	0	0	
240033	0	0	0	0	0	0	0	0	0	0	0	63	0	0	0	0	
240785	0	0	0	0	0	0	0	0	0	0	0	67	0	0	0	0	
241534	0	0	0	0	0	0	0	0	0	0	0	75	0	0	0	0	
242280	0	0	0	0	0	0	0	0	0	0	0	61	0	0	0	0	
243028	0	0	0	0	0	0	0	0	0	0	0	65	0	0	0	0	
243779	0	0	0	0	0	0	0	0	0	0	0	65	0	0	0	0	
244530	0	0	0	0	0	0	0	0	0	0	0	63	0	0	0	0	
245280	0	0	0	0	0	0	0	0	0	0	81	0	0	0	0	0	
246031	0	0	0	0	0	0	0	0	0	0	77	0	0	0	0	0	
246776	0	0	0	0	0	0	0	0	0	0	73	0	0	0	0	0	
247525	0	0	0	0	0	0	0	0	0	0	61	0	0	0	0	0	
248275	0	0	0	0	0	0	0	0	0	0	79	0	0	0	0	0	
249024	0	0	0	0	0	0	0	0	0	0	83	0	0	0	0	0	
249775	0	0	0	0	0	0	0	0	0	0	83	0	0	0	0	0	
250529	0	0	0	0	0	0	0	0	0	0	81	0	0	0	0	0	
251279	0	0	0	0	0	0	0	0	0	0	79	0	0	0	0	0	
252032	0	0	0	0	0	0	0	0	0	0	73	0	0	0	0	0	
252784	0	0	0	0	0	0	0	0	0	0	71	0	0	0	0	0	
253532	0	0	0	0	0	0	0	0	0	0	85	0	0	0	0	0	
254282	0	0	0	0	0	0	0	0	0	0	63	0	0	0	0	0	
255032	0	0	0	0	0	0	0	0	0	0	81	0	0	0	0	0	
255779	0	0	0	0	0	0	0	0	0	75	0	0	0	0	0	0	
256529	0	0	0	0	0	0	0	0	0	95	0	0	0	0	0	0	
257277	0	0	0	0	0	0	0	0	0	57	0	0	0	0	0	0	
258027	0	0	0	0	0	0	0	0	0	87	0	0	0	0	0	0	
258779	0	0	0	0	0	0	0	0	0	75	0	0	0	0	0	0	
259527	0	0	0	0	0	0	0	0	0	75	0	0	0	0	0	0	
260276	0	0	0	0	0	0	0	0	0	81	0	0	0	0	0	0	
261027	0	0	0	0	0	0	0	0	0	79	0	0	0	0	0	0	
261778	0	0	0	0	0	0	0	0	0	77	0	0	0	0	0	0	
262527	0	0	0	0	0	0	0	0	0	65	0	0	0	0	0	0	
263275	0	0	0	0	0	0	0	0	0	73	0	0	0	0	0	0	
264024	0	0	0	0	0	0	0	0	0	89	0	0	0	0	0	0	
264773	0	0	0	0	0	0	0	0	0	77	0	0	0	0	0	0	
265524	0	0	0	0	0	0	0	0	0	87	0	0	0	0	0	0	
266279	0	0	0	0	0	0	0	0	0	79	0	0	0	0	0	0	
267025	0	0	0	0	0	0	0	0	0	71	0	0	0	0	0	0	
267775	0	0	0	0	0	0	0	0	0	83	0	0	0	0	0	0	
268525	0	0	0	0	0	0	0	0	0	87	0	0	0	0	0	0	
269277	0	0	0	0	0	0	0	0	0	0	73	0	0	0	0	0	
270027	0	0	0	0	0	0	0	0	0	0	65	0	0	0	0	0	
270776	0	0	0	0	0	0	0	0	0	0	63	0	0	0	0	0	
271525	0	0	0	0	0	0	0	0	0	0	79	0	0	0	0	0	
272274	0	0	0	0	0	0	0	0	0	0	69	0	0	0	0	0	
273019	0	0	0	0	0	0	0	0	0	0	73	0	0	0	0	0	
273769	0	0	0	0	0	0	0	0	0	0	67	0	0	0	0	0	
274518	0	0	0	0	0	0	0	0	0	0	67	0	0	0	0	0	
275270	0	0	0	0	0	0	0	0	0	0	81	0	0	0	0	0	
276021	0	0	0	0	0	0	0	0	0	0	85	0	0	0	0	0	
276774	0	0	0	0	0	0	0	0	0	0	97	0	0	0	0	0	
277526	0	0	0	0	0	0	0	0	0	0	75	0	0	0	0	0	
278279	0	0	0	0	0	0	0	0	0	73	0	0	0	0	0	0	
279030	0	0	0	0	0	0	0	0	0	79	0	0	0	0	0	0	
279781	0	0	0	0	0	0	0	0	0	89	0	0	0	0	0	0	
280532	0	0	0	0	0	0	0	0	0	85	0	0	0	0	0	0	
281280	0	0	0	0	0	0	0	0	0	59	0	0	0	0	0	0	
282029	0	0	0	0	0	0	0	0	0	75	0	0	0	0	0	0	
282779	0	0	0	0	0	0	0	0	0	81	0	0	0	0	0	0	
283528	0	0	0	0	0	0	0	0	0	79	0	0	0	0	0	0	
284277	0	0	0	0	0	0	0	0	0	91	0	0	0	0	0	0	
285025	0	0	0	0	0	0	0	0	0	63	0	0	0	0	0	0	
285776	0	0	0	0	0	0	0	0	0	97	0	0	0	0	0	0	
286525	0	0	0	0	0	0	0	0	0	83	0	0	0	0	0	0	
287277	0	0	0	0	0	0	0	0	0	87	0	0	0	0	0	0	
288028	0	0	0	0	0	0	0	0	93	0	0	0	0	0	0	0	
288774	0	0	0	0	0	0	0	0	91	0	0	0	0	0	0	0	
289526	0	0	0	0	0	0	0	0	95	0	0	0	0	0	0	0	
290277	0	0	0	0	0	0	0	0	97	0	0	0	0	0	0	0	
291024	0	0	0	0	0	0	0	0	95	0	0	0	0	0	0	0	
291776	0	0	0	0	0	0	0	0	97	0	0	0	0	0	0	0	
292524	0	0	0	0	0	0	0	0	69	0	0	0	0	0	0	0	
293272	0	0	0	0	0	0	0	0	87	0	0	0	0	0	0	0	
294019	0	0	0	0	0	0	0	0	89	0	0	0	0	0	0	0	
294767	0	0	0	0	0	0	0	0	93	0	0	0	0	0	0	0	
295515	0	0	0	0	0	0	0	0	0	77	0	0	0	0	0	0	
296267	0	0	0	0	0	0	0	0	0	75	0	0	0	0	0	0	
297019	0	0	0	0	0	0	0	0	0	71	0	0	0	0	0	0	
297769	0	0	0	0	0	0	0	0	0	69	0	0	0	0	0	0	
298517	0	0	0	0	0	0	0	0	0	77	0	0	0	0	0	0	
299265	0	0	0	0	0	0	0	0	0	89	0	0	0	0	0	0	
300016	0	0	0	0	0	0	0	0	0	85	0	0	0	0	0	0	
300763	0	0	0	0	0	0	0	0	0	77	0	0	0	0	0	0	
301514	0	0	0	0	0	0	0	0	0	91	0	0	0	0	0	0	
302261	0	0	0	0	0	0	0	0	0	89	0	0	0	0	0	0	
303010	0	0	0	0	0	0	0	0	0	83	0	0	0	0	0	0	
303758	0	0	0	0	0	0	0	0	0	87	0	0	0	0	0	0	
304509	0	0	0	0	0	0	0	0	0	87	0	0	0	0	0	0	
305258	0	0	0	0	0	0	0	0	0	91	0	0	0	0	0	0	
306008	0	0	0	0	0	0	0	0	0	79	0	0	0	0	0	0	
306757	0	0	0	0	0	0	0	0	0	83	0	0	0	0	0	0	
307511	0	0	0	0	0	0	0	0	0	69	0	0	0	0	0	0	
308261	0	0	0	0	0	0	0	0	0	61	0	0	0	0	0	0	
309015	0	0	0	0	0	0	0	0	97	0	0	0	0	0	0	0	
309761	0	0	0	0	0	0	0	0	105	0	0	0	0	0	0	0	
310510	0	0	0	0	0	0	0	0	89	0	0	0	0	0	0	0	
311257	0	0	0	0	0	0	0	0	99	0	0	0	0	0	0	0	
312009	0	0	0	0	0	0	0	1	84	0	0	0	0	0	0	0	
312756	0	0	0	0	0	0	0	0	81	0	0	0	0	0	0	0	
313507	0	0	0	0	0	0	0	0	79	0	0	0	0	0	0	0	
314258	0	0	0	0	0	0	0	0	95	0	0	0	0	0	0	0	
315008	0	0	0	0	0	0	0	0	91	0	0	0	0	0	0	0	
315757	0	0	0	0	0	0	0	0	71	0	0	0	0	0	0	0	
316508	0	0	0	0	0	0	0	0	91	0	0	0	0	0	0	0	
317257	0	0	0	0	0	0	0	0	75	0	0	0	0	0	0	0	
318004	0	0	0	0	0	0	0	0	97	0	0	0	0	0	0	0	
318755	0	0	0	0	0	0	0	0	93	0	0	0	0	0	0	0	
319504	0	0	0	0	0	0	0	0	79	0	0	0	0	0	0	0	
320256	0	0	0	0	0	0	0	0	93	0	0	0	0	0	0	0	
321007	0	0	0	0	0	0	0	0	101	0	0	0	0	0	0	0	
321756	0	0	0	0	0	0	0	0	77	0	0	0	0	0	0	0	
322510	0	0	0	0	0	0	0	0	93	0	0	0	0	0	0	0	
323256	0	0	0	0	0	0	0	0	99	0	0	0	0	0	0	0	
324004	0	0	0	0	0	0	0	0	75	0	0	0	0	0	0	0	
324757	0	0	0	0	0	0	0	115	0	0	0	0	0	0	0	0	
325504	0	0	0	0	0	0	0	95	0	0	0	0	0	0	0	0	
326255	0	0	0	0	0	0	0	101	0	0	0	0	0	0	0	0	
327005	0	0	0	0	0	0	0	99	0	0	0	0	0	0	0	0	
327755	0	0	0	0	0	0	0	87	0	0	0	0	0	0	0	0	
328503	0	0	0	0	0	0	0	103	0	0	0	0	0	0	0	0	
329250	0	0	0	0	0	0	0	105	0	0	0	0	0	0	0	0	
330000	0	0	0	0	0	0	0	97	0	0	0	0	0	0	0	0	
330748	0	0	0	0	0	0	0	95	0	0	0	0	0	0	0	0	
331496	0	0	0	0	0	0	0	107	0	0	0	0	0	0	0	0	
332246	0	0	0	0	0	0	0	99	0	0	0	0	0	0	0	0	
332991	0	0	0	0	0	0	0	95	0	0	0	0	0	0	0	0	
333742	0	0	0	0	0	0	0	103	0	0	0	0	0	0	0	0	
334493	0	0	0	0	0	0	0	103	0	0	0	0	0	0	0	0	
335240	0	0	0	0	0	0	0	95	0	0	0	0	0	0	0	0	
335988	0	0	0	0	0	0	0	85	0	0	0	0	0	0	0	0	
336737	0	0	0	0	0	0	0	101	0	0	0	0	0	0	0	0	
337487	0	0	0	0	0	0	0	93	0	0	0	0	0	0	0	0	
338237	0	0	0	0	0	0	0	93	0	0	0	0	0	0	0	0	
338987	0	0	0	0	0	0	0	91	0	0	0	0	0	0	0	0	
339737	0	0	0	0	0	0	0	101	0	0	0	0	0	0	0	0	
340490	0	0	0	0	0	0	0	91	0	0	0	0	0	0	0	0	
341239	0	0	0	0	0	0	0	93	0	0	0	0	0	0	0	0	
341991	0	0	0	0	0	0	115	0	0	0	0	0	0	0	0	0	
342740	0	0	0	0	0	0	113	0	0	0	0	0	0	0	0	0	
343487	0	0	0	0	0	0	129	0	0	0	0	0	0	0	0	0	
344239	0	0	0	0	0	0	113	0	0	0	0	0	0	0	0	0	
344988	0	0	0	0	0	0	127	0	0	0	0	0	0	0	0	0	
345738	0	0	0	0	0	0	115	0	0	0	0	0	0	0	0	0	
346488	0	0	0	0	0	0	119	0	0	0	0	0	0	0	0	0	
347241	0	0	0	0	0	0	121	0	0	0	0	0	0	0	0	0	
347987	0	0	0	0	0	0	129	0	0	0	0	0	0	0	0	0	
348737	0	0	0	0	0	0	131	0	0	0	0	0	0	0	0	0	
349490	0	0	0	0	0	0	117	0	0	0	0	0	0	0	0	0	
350240	0	0	0	0	0	0	123	0	0	0	0	0	0	0	0	0	
350991	0	0	0	0	0	0	117	0	0	0	0	0	0	0	0	0	
351744	0	0	0	0	0	0	111	0	0	0	0	0	0	0	0	0	
352496	0	0	0	0	0	0	117	0	0	0	0	0	0	0	0	0	
353248	0	0	0	0	0	0	115	0	0	0	0	0	0	0	0	0	
353998	0	0	0	0	0	0	111	0	0	0	0	0	0	0	0	0	
354747	0	0	0	0	0	0	113	0	0	0	0	0	0	0	0	0	
355494	0	0	0	0	0	0	101	0	0	0	0	0	0	0	0	0	
356243	0	0	0	0	0	0	111	4	0	0	0	0	0	0	0	0	
356991	0	0	0	0	0	0	125	0	0	0	0	0	0	0	0	0	
357741	0	0	0	0	0	0	109	6	0	0	0	0	0	0	0	0	
358490	0	0	0	0	0	0	0	95	0	0	0	0	0	0	0	0	
359243	0	0	0	0	0	0	0	105	0	0	0	0	0	0	0	0	
359993	0	0	0	0	0	0	0	85	0	0	0	0	0	0	0	0	
360744	0	0	0	0	0	0	0	95	0	0	0	0	0	0	0	0	
361493	0	0	0	0	0	0	0	95	0	0	0	0	0	0	0	0	
362246	0	0	0	0	0	0	0	95	0	0	0	0	0	0	0	0	
362998	0	0	0	0	0	0	0	109	0	0	0	0	0	0	0	0	
363752	0	0	0	0	0	0	0	113	0	0	0	0	0	0	0	0	
364505	0	0	0	0	0	0	0	103	0	0	0	0	0	0	0	0	
365257	0	0	0	0	0	0	0	93	0	0	0	0	0	0	0	0	
366008	0	0	0	0	0	0	0	87	0	0	0	0	0	0	0	0	
366758	0	0	0	0	0	0	0	97	0	0	0	0	0	0	0	0	
367510	0	0	0	0	0	0	0	85	0	0	0	0	0	0	0	0	
368261	0	0	0	0	0	0	0	93	0	0	0	0	0	0	0	0	
369007	0	0	0	0	0	0	0	93	0	0	0	0	0	0	0	0	
369758	0	0	0	0	0	0	0	103	0	0	0	0	0	0	0	0	
370508	0	0	0	0	0	0	0	91	0	0	0	0	0	0	0	0	
371257	0	0	0	0	0	0	0	101	0	0	0	0	0	0	0	0	
372007	0	0	0	0	0	0	0	97	0	0	0	0	0	0	0	0	
372757	0	0	0	0	0	0	0	91	0	0	0	0	0	0	0	0	
373508	0	0	0	0	0	0	0	89	0	0	0	0	0	0	0	0	
374260	0	0	0	0	0	0	0	91	0	0	0	0	0	0	0	0	
375013	0	0	0	0	0	0	0	107	0	0	0	0	0	0	0	0	
375761	0	0	0	0	0	0	0	89	0	0	0	0	0	0	0	0	
376511	0	0	0	0	0	0	0	91	0	0	0	0	0	0	0	0	
377260	0	0	0	0	0	0	0	81	0	0	0	0	0	0	0	0	
378012	0	0	0	0	0	0	0	113	0	0	0	0	0	0	0	0	
378761	0	0	0	0	0	0	0	0	91	0	0	0	0	0	0	0	
379512	0	0	0	0	0	0	0	0	99	0	0	0	0	0	0	0	
380261	0	0	0	0	0	0	0	0	95	0	0	0	0	0	0	0	
381010	0	0	0	0	0	0	0	0	81	0	0	0	0	0	0	0	
381760	0	0	0	0	0	0	0	0	89	0	0	0	0	0	0	0	
382512	0	0	0	0	0	0	0	0	75	0	0	0	0	0	0	0	
383265	0	0	0	0	0	0	0	0	79	0	0	0	0	0	0	0	
384015	0	0	0	0	0	0	0	0	93	0	0	0	0	0	0	0	
384766	0	0	0	0	0	0	0	0	95	0	0	0	0	0	0	0	
385514	0	0	0	0	0	0	0	0	93	0	0	0	0	0	0	0	
386266	0	0	0	0	0	0	0	0	97	0	0	0	0	0	0	0	
387016	0	0	0	0	0	0	0	0	77	0	0	0	0	0	0	0	
387770	0	0	0	0	0	0	0	0	97	0	0	0	0	0	0	0	
388520	0	0	0	0	0	0	0	0	81	0	0	0	0	0	0	0	
389268	0	0	0	0	0	0	0	0	95	0	0	0	0	0	0	0	
390015	0	0	0	0	0	0	0	0	115	0	0	0	0	0	0	0	
390766	0	0	0	0	0	0	0	0	87	0	0	0	0	0	0	0	
391516	0	0	0	0	0	0	0	0	91	0	0	0	0	0	0	0	
392267	0	0	0	0	0	0	0	0	87	0	0	0	0	0	0	0	
393019	0	0	0	0	0	0	0	0	101	0	0	0	0	0	0	0	
393767	0	0	0	0	0	0	0	0	85	0	0	0	0	0	0	0	
394515	0	0	0	0	0	0	0	117	0	0	0	0	0	0	0	0	
395265	0	0	0	0	0	0	0	123	0	0	0	0	0	0	0	0	
396016	0	0	0	0	0	0	0	103	0	0	0	0	0	0	0	0	
396766	0	0	0	0	0	0	0	115	0	0	0	0	0	0	0	0	
397511	0	0	0	0	0	0	0	111	0	0	0	0	0	0	0	0	
398262	0	0	0	0	0	0	0	85	0	0	0	0	0	0	0	0	
399011	0	0	0	0	0	0	0	91	0	0	0	0	0	0	0	0	
399761	0	0	0	0	0	0	0	89	0	0	0	0	0	0	0	0	
400511	0	0	0	0	0	0	0	93	0	0	0	0	0	0	0	0	
401260	0	0	0	0	0	0	0	105	0	0	0	0	0	0	0	0	
402010	0	0	0	0	0	0	0	99	0	0	0	0	0	0	0	0	
402761	0	0	0	0	0	0	0	97	0	0	0	0	0	0	0	0	
403508	0	0	0	0	0	0	0	115	0	0	0	0	0	0	0	0	
404259	0	0	0	0	0	0	0	99	0	0	0	0	0	0	0	0	
405007	0	0	0	0	0	0	0	117	0	0	0	0	0	0	0	0	
405757	0	0	0	0	0	0	0	123	0	0	0	0	0	0	0	0	
406508	0	0	0	0	0	0	0	111	0	0	0	0	0	0	0	0	
407259	0	0	0	0	0	0	0	99	0	0	0	0	0	0	0	0	
408010	0	0	0	0	0	0	0	103	0	0	0	0	0	0	0	0	
408759	0	0	0	0	0	0	10	95	0	0	0	0	0	0	0	0	
409509	0	0	0	0	0	0	125	0	0	0	0	0	0	0	0	0	
410257	0	0	0	0	0	0	115	0	0	0	0	0	0	0	0	0	
411007	0	0	0	0	0	0	111	0	0	0	0	0	0	0	0	0	
411754	0	0	0	0	0	0	125	0	0	0	0	0	0	0	0	0	
412505	0	0	0	0	0	0	119	0	0	0	0	0	0	0	0	0	
413258	0	0	0	0	0	0	117	0	0	0	0	0	0	0	0	0	
414006	0	0	0	0	0	0	113	0	0	0	0	0	0	0	0	0	
414757	0	0	0	0	0	0	117	0	0	0	0	0	0	0	0	0	
415508	0	0	0	0	0	0	113	0	0	0	0	0	0	0	0	0	
416259	0	0	0	0	0	0	121	0	0	0	0	0	0	0	0	0	
417011	0	0	0	0	0	0	123	0	0	0	0	0	0	0	0	0	
417763	0	0	0	0	0	0	119	0	0	0	0	0	0	0	0	0	
418511	0	0	0	0	0	0	113	0	0	0	0	0	0	0	0	0	
419261	0	0	0	0	0	1	120	0	0	0	0	0	0	0	0	0	
420007	0	0	0	0	0	0	111	0	0	0	0	0	0	0	0	0	
420758	0	0	0	0	0	0	119	0	0	0	0	0	0	0	0	0	
421505	0	0	0	0	0	0	115	0	0	0	0	0	0	0	0	0	
422252	0	0	0	0	0	0	115	0	0	0	0	0	0	0	0	0	
422997	0	0	0	0	0	0	123	0	0	0	0	0	0	0	0	0	
423744	0	0	0	0	0	0	111	0	0	0	0	0	0	0	0	0	
424492	0	0	0	0	0	0	95	0	0	0	0	0	0	0	0	0	
425243	0	0	0	0	0	0	99	0	0	0	0	0	0	0	0	0	
425989	0	0	0	0	0	0	109	0	0	0	0	0	0	0	0	0	
426739	0	0	0	0	0	0	129	0	0	0	0	0	0	0	0	0	
427490	0	0	0	0	0	0	125	0	0	0	0	0	0	0	0	0	
428239	0	0	0	0	0	0	93	0	0	0	0	0	0	0	0	0	
428990	0	0	0	0	0	0	135	0	0	0	0	0	0	0	0	0	
429741	0	0	0	0	0	0	127	0	0	0	0	0	0	0	0	0	
430487	0	0	0	0	0	0	105	0	0	0	0	0	0	0	0	0	
431234	0	0	0	0	0	0	101	0	0	0	0	0	0	0	0	0	
431984	0	0	0	0	0	0	0	85	0	0	0	0	0	0	0	0	
432735	0	0	0	0	0	0	0	101	0	0	0	0	0	0	0	0	
433485	0	0	0	0	0	0	0	81	0	0	0	0	0	0	0	0	
434235	0	0	0	0	0	0	0	125	0	0	0	0	0	0	0	0	
434985	0	0	0	0	0	0	0	121	0	0	0	0	0	0	0	0	
435734	0	0	0	0	0	0	0	117	0	0	0	0	0	0	0	0	
436483	0	0	0	0	0	0	0	105	0	0	0	0	0	0	0	0	
437234	0	0	0	0	0	0	0	87	0	0	0	0	0	0	0	0	
437984	0	0	0	0	0	0	0	99	0	0	0	0	0	0	0	0	
438734	0	0	0	0	0	0	0	95	0	0	0	0	0	0	0	0	
439486	0	0	0	0	0	0	0	89	0	0	0	0	0	0	0	0	
440235	0	0	0	0	0	0	0	115	0	0	0	0	0	0	0	0	
440983	0	0	0	0	0	0	0	91	0	0	0	0	0	0	0	0	
441734	0	0	0	0	0	0	0	83	0	0	0	0	0	0	0	0	
442482	0	0	0	0	0	0	0	117	0	0	0	0	0	0	0	0	
443233	0	0	0	0	0	0	0	113	0	0	0	0	0	0	0	0	
443984	0	0	0	0	0	0	0	99	0	0	0	0	0	0	0	0	
444734	0	0	0	0	0	0	0	113	0	0	0	0	0	0	0	0	
445483	0	0	0	0	0	0	0	107	0	0	0	0	0	0	0	0	
446229	0	0	0	0	0	0	0	93	0	0	0	0	0	0	0	0	
446977	0	0	0	0	0	0	0	101	0	0	0	0	0	0	0	0	
447727	0	0	0	0	0	0	0	107	0	0	0	0	0	0	0	0	
448476	0	0	0	0	0	0	0	91	0	0	0	0	0	0	0	0	
449227	0	0	0	0	0	0	0	75	0	0	0	0	0	0	0	0	
449976	0	0	0	0	0	0	0	99	0	0	0	0	0	0	0	0	
450727	0	0	0	0	0	0	0	95	0	0	0	0	0	0	0	0	
451477	0	0	0	0	0	0	0	85	0	0	0	0	0	0	0	0	
452227	0	0	0	0	0	0	0	111	0	0	0	0	0	0	0	0	
452976	0	0	0	0	0	0	0	105	0	0	0	0	0	0	0	0	
453725	0	0	0	0	0	0	0	103	0	0	0	0	0	0	0	0	
454476	0	0	0	0	0	0	0	83	0	0	0	0	0	0	0	0	
455224	0	0	0	0	0	0	0	103	0	0	0	0	0	0	0	0	
455971	0	0	0	0	0	0	0	99	0	0	0	0	0	0	0	0	
456723	0	0	0	0	0	0	0	95	0	0	0	0	0	0	0	0	
457473	0	0	0	0	0	0	0	0	73	0	0	0	0	0	0	0	
458225	0	0	0	0	0	0	0	0	77	0	0	0	0	0	0	0	
458972	0	0	0	0	0	0	0	0	109	0	0	0	0	0	0	0	
459718	0	0	0	0	0	0	0	0	107	0	0	0	0	0	0	0	
460469	0	0	0	0	0	0	0	0	97	0	0	0	0	0	0	0	
461219	0	0	0	0	0	0	0	0	77	0	0	0	0	0	0	0	
461966	0	0	0	0	0	0	0	0	85	0	0	0	0	0	0	0	
462714	0	0	0	0	0	0	0	0	97	8	0	0	0	0	0	0	
463465	0	0	0	0	0	0	0	0	73	0	0	0	0	0	0	0	
464216	0	0	0	0	0	0	0	0	101	0	0	0	0	0	0	0	
464965	0	0	0	0	0	0	0	5	88	0	0	0	0	0	0	0	
465716	0	0	0	0	0	0	0	0	67	0	0	0	0	0	0	0	
466462	0	0	0	0	0	0	0	0	99	0	0	0	0	0	0	0	
467212	0	0	0	0	0	0	0	0	95	0	0	0	0	0	0	0	
467964	0	0	0	0	0	0	0	95	0	0	0	0	0	0	0	0	
468716	0	0	0	0	0	0	0	111	0	0	0	0	0	0	0	0	
469466	0	0	0	0	0	0	0	83	0	0	0	0	0	0	0	0	
470218	0	0	0	0	0	0	0	101	0	0	0	0	0	0	0	0	
470967	0	0	0	0	0	0	0	101	0	0	0	0	0	0	0	0	
471717	0	0	0	0	0	0	0	105	0	0	0	0	0	0	0	0	
472463	0	0	0	0	0	0	0	103	0	0	0	0	0	0	0	0	
473213	0	0	0	0	0	0	0	111	0	0	0	0	0	0	0	0	
473967	0	0	0	0	0	0	0	83	0	0	0	0	0	0	0	0	
474715	0	0	0	0	0	0	0	105	0	0	0	0	0	0	0	0	
475468	0	0	0	0	0	0	0	85	0	0	0	0	0	0	0	0	
476218	0	0	0	0	0	0	0	107	0	0	0	0	0	0	0	0	
476970	0	0	0	0	0	0	0	97	0	0	0	0	0	0	0	0	
477721	0	0	0	0	0	0	0	93	0	0	0	0	0	0	0	0	
478469	0	0	0	0	0	0	0	107	0	0	0	0	0	0	0	0	
479219	0	0	0	0	0	0	0	89	0	0	0	0	0	0	0	0	
479968	0	0	0	0	0	0	0	95	0	0	0	0	0	0	0	0	
480719	0	0	0	0	0	0	0	107	0	0	0	0	0	0	0	0	
481471	0	0	0	0	0	0	0	125	0	0	0	0	0	0	0	0	
482222	0	0	0	0	0	0	0	117	0	0	0	0	0	0	0	0	
482974	0	0	0	0	0	0	111	0	0	0	0	0	0	0	0	0	
483726	0	0	0	0	0	0	109	0	0	0	0	0	0	0	0	0	
484475	0	0	0	0	0	0	111	0	0	0	0	0	0	0	0	0	
485228	0	0	0	0	0	0	99	0	0	0	0	0	0	0	0	0	
485981	0	0	0	0	0	0	93	0	0	0	0	0	0	0	0	0	
486734	0	0	0	0	0	0	113	0	0	0	0	0	0	0	0	0	
487484	0	0	0	0	0	0	135	0	0	0	0	0	0	0	0	0	
488236	0	0	0	0	0	0	103	0	0	0	0	0	0	0	0	0	
488985	0	0	0	0	0	0	117	0	0	0	0	0	0	0	0	0	
489734	0	0	0	0	0	0	99	0	0	0	0	0	0	0	0	0	
490486	0	0	0	0	0	0	117	0	0	0	0	0	0	0	0	0	
491236	0	0	0	0	0	0	0	99	0	0	0	0	0	0	0	0	
491985	0	0	0	0	0	0	0	95	0	0	0	0	0	0	0	0	
492735	0	0	0	0	0	0	0	83	0	0	0	0	0	0	0	0	
493483	0	0	0	0	0	0	0	83	0	0	0	0	0	0	0	0	
494236	0	0	0	0	0	0	0	99	0	0	0	0	0	0	0	0	
494985	0	0	0	0	0	0	0	103	0	0	0	0	0	0	0	0	
495736	0	0	0	0	0	0	0	103	0	0	0	0	0	0	0	0	
496487	0	0	0	0	0	0	0	99	0	0	0	0	0	0	0	0	
497235	0	0	0	0	0	0	105	0	0	0	0	0	0	0	0	0	
497984	0	0	0	0	0	0	111	0	0	0	0	0	0	0	0	0	
498735	0	0	0	0	0	0	105	0	0	0	0	0	0	0	0	0	
499488	0	0	0	0	0	0	125	0	0	0	0	0	0	0	0	0	
500241	0	0	0	0	0	0	105	0	0	0	0	0	0	0	0	0	
500989	0	0	0	0	0	0	107	0	0	0	0	0	0	0	0	0	
501738	0	0	0	0	0	0	105	0	0	0	0	0	0	0	0	0	
502486	0	0	0	0	0	0	113	0	0	0	0	0	0	0	0	0	
503235	0	0	0	0	0	0	107	0	0	0	0	0	0	0	0	0	
503986	0	0	0	0	0	0	115	0	0	0	0	0	0	0	0	0	
504738	0	0	0	0	0	0	0	101	0	0	0	0	0	0	0	0	
505484	0	0	0	0	0	0	0	101	0	0	0	0	0	0	0	0	
506231	0	0	0	0	0	0	0	111	0	0	0	0	0	0	0	0	
506980	0	0	0	0	0	0	0	97	0	0	0	0	0	0	0	0	
507732	0	0	0	0	0	0	0	89	0	0	0	0	0	0	0	0	
508478	0	0	0	0	0	0	47	68	0	0	0	0	0	0	0	0	
509232	0	0	0	0	0	0	105	0	0	0	0	0	0	0	0	0	
509979	0	0	0	0	0	0	127	0	0	0	0	0	0	0	0	0	
510729	0	0	0	0	0	0	117	0	0	0	0	0	0	0	0	0	
511478	0	0	0	0	0	0	105	0	0	0	0	0	0	0	0	0	
512227	0	0	0	0	0	0	113	0	0	0	0	0	0	0	0	0	
512976	0	0	0	0	0	0	91	0	0	0	0	0	0	0	0	0	
513727	0	0	0	0	0	0	0	103	0	0	0	0	0	0	0	0	
514475	0	0	0	0	0	0	0	103	0	0	0	0	0	0	0	0	
515228	0	0	0	0	0	0	0	103	0	0	0	0	0	0	0	0	
515977	0	0	0	0	0	0	111	0	0	0	0	0	0	0	0	0	
516725	0	0	0	0	0	0	109	0	0	0	0	0	0	0	0	0	
517474	0	0	0	0	0	0	125	0	0	0	0	0	0	0	0	0	
518222	0	0	0	0	0	0	117	0	0	0	0	0	0	0	0	0	
518971	0	0	0	0	0	0	133	0	0	0	0	0	0	0	0	0	
519722	0	0	0	0	0	0	111	0	0	0	0	0	0	0	0	0	
520470	0	0	0	0	0	0	115	0	0	0	0	0	0	0	0	0	
521224	0	0	0	0	0	0	121	0	0	0	0	0	0	0	0	0	
521972	0	0	0	0	0	0	103	0	0	0	0	0	0	0	0	0	
522725	0	0	0	0	0	0	117	0	0	0	0	0	0	0	0	0	
523469	0	0	0	0	0	0	0	79	0	0	0	0	0	0	0	0	
524215	0	0	0	0	0	0	0	117	0	0	0	0	0	0	0	0	
524962	0	0	0	0	0	0	0	109	0	0	0	0	0	0	0	0	
525709	0	0	0	0	0	0	0	119	0	0	0	0	0	0	0	0	
526457	0	0	0	0	0	0	0	107	0	0	0	0	0	0	0	0	
527209	0	0	0	0	0	0	0	93	0	0	0	0	0	0	0	0	
527959	0	0	0	0	0	0	0	95	0	0	0	0	0	0	0	0	
528710	0	0	0	0	0	0	0	111	0	0	0	0	0	0	0	0	
529462	0	0	0	0	0	0	0	89	0	0	0	0	0	0	0	0	
530213	0	0	0	0	0	0	0	91	0	0	0	0	0	0	0	0	
530962	0	0	0	0	0	0	0	105	0	0	0	0	0	0	0	0	
531709	0	0	0	0	0	0	0	101	0	0	0	0	0	0	0	0	
532461	0	0	0	0	0	0	0	97	0	0	0	0	0	0	0	0	
533209	0	0	0	0	0	0	0	105	0	0	0	0	0	0	0	0	
533959	0	0	0	0	0	0	0	87	0	0	0	0	0	0	0	0	
534709	0	0	0	0	0	0	0	111	0	0	0	0	0	0	0	0	
535461	0	0	0	0	0	0	0	107	0	0	0	0	0	0	0	0	
536212	0	0	0	0	0	0	0	93	0	0	0	0	0	0	0	0	
536967	0	0	0	0	0	0	0	95	0	0	0	0	0	0	0	0	
537719	0	0	0	0	0	0	0	101	0	0	0	0	0	0	0	0	
538466	0	0	0	0	0	0	0	99	0	0	0	0	0	0	0	0	
539215	0	0	0	0	0	0	0	105	0	0	0	0	0	0	0	0	
539965	0	0	0	0	0	0	0	91	0	0	0	0	0	0	0	0	
540714	0	0	0	0	0	0	0	97	0	0	0	0	0	0	0	0	
541462	0	0	0	0	0	0	0	105	0	0	0	0	0	0	0	0	
542211	0	0	0	0	0	0	0	97	0	0	0	0	0	0	0	0	
542960	0	0	0	0	0	0	0	103	0	0	0	0	0	0	0	0	
543708	0	0	0	0	0	0	0	115	0	0	0	0	0	0	0	0	
544459	0	0	0	0	0	0	0	111	0	0	0	0	0	0	0	0	
545208	0	0	0	0	0	0	0	109	0	0	0	0	0	0	0	0	
545953	0	0	0	0	0	0	0	115	0	0	0	0	0	0	0	0	
546702	0	0	0	0	0	0	0	109	0	0	0	0	0	0	0	0	
547453	0	0	0	0	0	0	0	107	0	0	0	0	0	0	0	0	
548202	0	0	0	0	0	0	0	103	0	0	0	0	0	0	0	0	
548951	0	0	0	0	0	0	0	93	0	0	0	0	0	0	0	0	
549702	0	0	0	0	0	0	0	103	0	0	0	0	0	0	0	0	
550453	0	0	0	0	0	0	0	0	97	0	0	0	0	0	0	0	
551205	0	0	0	0	0	0	0	0	77	0	0	0	0	0	0	0	
551956	0	0	0	0	0	0	0	0	99	0	0	0	0	0	0	0	
552708	0	0	0	0	0	0	0	0	77	0	0	0	0	0	0	0	
553457	0	0	0	0	0	0	0	0	99	0	0	0	0	0	0	0	
554209	0	0	0	0	0	0	0	0	85	0	0	0	0	0	0	0	
554957	0	0	0	0	0	0	0	0	111	0	0	0	0	0	0	0	
555707	0	0	0	0	0	0	0	0	93	0	0	0	0	0	0	0	
556459	0	0	0	0	0	0	0	0	77	0	0	0	0	0	0	0	
557208	0	0	0	0	0	0	0	0	81	0	0	0	0	0	0	0	
557957	0	0	0	0	0	0	0	0	97	0	0	0	0	0	0	0	
558707	0	0	0	0	0	0	0	0	93	0	0	0	0	0	0	0	
559458	0	0	0	0	0	0	0	0	91	0	0	0	0	0	0	0	
560209	0	0	0	0	0	0	0	0	93	0	0	0	0	0	0	0	
560956	0	0	0	0	0	0	0	0	107	0	0	0	0	0	0	0	
561705	0	0	0	0	0	0	0	0	93	0	0	0	0	0	0	0	
562458	0	0	0	0	0	0	0	0	101	0	0	0	0	0	0	0	
563206	0	0	0	0	0	0	0	0	97	0	0	0	0	0	0	0	
563955	0	0	0	0	0	0	0	0	79	0	0	0	0	0	0	0	
564703	0	0	0	0	0	0	0	0	91	0	0	0	0	0	0	0	
565455	0	0	0	0	0	0	0	0	105	0	0	0	0	0	0	0	
566207	0	0	0	0	0	0	0	0	89	0	0	0	0	0	0	0	
566957	0	0	0	0	0	0	0	0	97	0	0	0	0	0	0	0	
567709	0	0	0	0	0	0	0	0	97	0	0	0	0	0	0	0	
568456	0	0	0	0	0	0	0	0	95	0	0	0	0	0	0	0	
569204	0	0	0	0	0	0	0	0	81	0	0	0	0	0	0	0	
569955	0	0	0	0	0	0	0	0	95	0	0	0	0	0	0	0	
570705	0	0	0	0	0	0	0	0	77	0	0	0	0	0	0	0	
571457	0	0	0	0	0	0	0	107	0	0	0	0	0	0	0	0	
572207	0	0	0	0	0	0	0	77	0	0	0	0	0	0	0	0	
572956	0	0	0	0	0	0	0	89	0	0	0	0	0	0	0	0	
573706	0	0	0	0	0	0	0	95	0	0	0	0	0	0	0	0	
574457	0	0	0	0	0	0	0	93	0	0	0	0	0	0	0	0	
575205	0	0	0	0	0	0	0	115	0	0	0	0	0	0	0	0	
575956	0	0	0	0	0	0	0	107	0	0	0	0	0	0	0	0	
576709	0	0	0	0	0	0	0	107	0	0	0	0	0	0	0	0	
577458	0	0	0	0	0	0	0	97	0	0	0	0	0	0	0	0	
578209	0	0	0	0	0	0	0	103	0	0	0	0	0	0	0	0	
578959	0	0	0	0	0	0	0	89	0	0	0	0	0	0	0	0	
579709	0	0	0	0	0	0	0	113	0	0	0	0	0	0	0	0	
580458	0	0	0	0	0	0	0	83	0	0	0	0	0	0	0	0	
581206	0	0	0	0	0	0	0	97	0	0	0	0	0	0	0	0	
581954	0	0	0	0	0	0	0	97	0	0	0	0	0	0	0	0	
582705	0	0	0	0	0	0	0	99	0	0	0	0	0	0	0	0	
583458	0	0	0	0	0	0	0	109	0	0	0	0	0	0	0	0	
584210	0	0	0	0	0	0	0	85	0	0	0	0	0	0	0	0	
584961	0	0	0	0	0	0	31	84	0	0	0	0	0	0	0	0	
585710	0	0	0	0	0	0	0	125	0	0	0	0	0	0	0	0	
586460	0	0	0	0	0	0	0	115	0	0	0	0	0	0	0	0	
587213	0	0	0	0	0	0	0	105	0	0	0	0	0	0	0	0	
587962	0	0	0	0	0	0	0	97	0	0	0	0	0	0	0	0	
588711	0	0	0	0	0	0	6	89	0	0	0	0	0	0	0	0	
589465	0	0	0	0	0	0	0	111	0	0	0	0	0	0	0	0	
590213	0	0	0	0	0	0	0	81	0	0	0	0	0	0	0	0	
590963	0	0	0	0	0	0	0	89	0	0	0	0	0	0	0	0	
591715	0	0	0	0	0	0	0	95	0	0	0	0	0	0	0	0	
592465	0	0	0	0	0	0	0	107	0	0	0	0	0	0	0	0	
593216	0	0	0	0	0	0	0	111	0	0	0	0	0	0	0	0	
593967	0	0	0	0	0	0	0	113	0	0	0	0	0	0	0	0	
594717	0	0	0	0	0	0	0	101	0	0	0	0	0	0	0	0	
595466	0	0	0	0	0	0	0	103	0	0	0	0	0	0	0	0	
596214	0	0	0	0	0	0	0	105	0	0	0	0	0	0	0	0	
596963	0	0	0	0	0	0	0	87	0	0	0	0	0	0	0	0	
597712	0	0	0	0	0	0	0	97	0	0	0	0	0	0	0	0	
598464	0	0	0	0	0	0	0	95	0	0	0	0	0	0	0	0	
599213	0	0	0	0	0	0	0	91	0	0	0	0	0	0	0	0	
599962	0	0	0	0	0	0	0	93	0	0	0	0	0	0	0	0	
600710	0	0	0	0	0	0	0	109	0	0	0	0	0	0	0	0	
601462	0	0	0	0	0	0	0	101	0	0	0	0	0	0	0	0	
602211	0	0	0	0	0	0	0	103	0	0	0	0	0	0	0	0	
602961	0	0	0	0	0	0	0	105	0	0	0	0	0	0	0	0	
603709	0	0	0	0	0	0	0	119	0	0	0	0	0	0	0	0	
604460	0	0	0	0	0	0	0	93	0	0	0	0	0	0	0	0	
605208	0	0	0	0	0	0	0	95	0	0	0	0	0	0	0	0	
605958	0	0	0	0	0	0	0	105	0	0	0	0	0	0	0	0	
606707	0	0	0	0	0	0	0	103	0	0	0	0	0	0	0	0	
607456	0	0	0	0	0	0	0	113	0	0	0	0	0	0	0	0	
608204	0	0	0	0	0	0	0	93	0	0	0	0	0	0	0	0	
608954	0	0	0	0	0	0	0	103	0	0	0	0	0	0	0	0	
609702	0	0	0	0	0	0	51	50	0	0	0	0	0	0	0	0	
610450	0	0	0	0	0	0	115	0	0	0	0	0	0	0	0	0	
611200	0	0	0	0	0	11	130	0	0	0	0	0	0	0	0	0	
611949	0	0	0	0	0	0	115	0	0	0	0	0	0	0	0	0	
612700	0	0	0	0	0	0	125	0	0	0	0	0	0	0	0	0	
613454	0	0	0	0	0	0	135	0	0	0	0	0	0	0	0	0	
614204	0	0	0	0	0	0	117	0	0	0	0	0	0	0	0	0	
614957	0	0	0	0	0	0	125	0	0	0	0	0	0	0	0	0	
615709	0	0	0	0	0	0	131	0	0	0	0	0	0	0	0	0	
616456	0	0	0	0	0	0	113	0	0	0	0	0	0	0	0	0	
617207	0	0	0	0	0	0	121	0	0	0	0	0	0	0	0	0	
617958	0	0	0	0	0	0	139	0	0	0	0	0	0	0	0	0	
618710	0	0	0	0	0	0	29	76	0	0	0	0	0	0	0	0	
619458	0	0	0	0	0	0	105	0	0	0	0	0	0	0	0	0	
620209	0	0	0	0	0	0	109	0	0	0	0	0	0	0	0	0	
620958	0	0	0	0	0	0	125	0	0	0	0	0	0	0	0	0	
621707	0	0	0	0	0	0	123	0	0	0	0	0	0	0	0	0	
622455	0	0	0	0	0	0	117	0	0	0	0	0	0	0	0	0	
623209	0	0	0	0	0	0	103	0	0	0	0	0	0	0	0	0	
623959	0	0	0	0	0	0	115	0	0	0	0	0	0	0	0	0	
624710	0	0	0	0	0	0	135	0	0	0	0	0	0	0	0	0	
625459	0	0	0	0	0	0	111	0	0	0	0	0	0	0	0	0	
626210	0	0	0	0	0	0	125	0	0	0	0	0	0	0	0	0	
626958	0	0	0	0	0	10	95	0	0	0	0	0	0	0	0	0	
627707	0	0	0	0	0	131	0	0	0	0	0	0	0	0	0	0	
628456	0	0	0	0	0	145	0	0	0	0	0	0	0	0	0	0	
629206	0	0	0	0	0	137	0	0	0	0	0	0	0	0	0	0	
629955	0	0	0	0	0	139	0	0	0	0	0	0	0	0	0	0	
630707	0	0	0	0	0	139	0	0	0	0	0	0	0	0	0	0	
631460	0	0	0	0	131	0	0	0	0	0	0	0	0	0	0	0	
632210	0	0	0	0	161	0	0	0	0	0	0	0	0	0	0	0	
632958	0	0	0	0	153	0	0	0	0	0	0	0	0	0	0	0	
633705	0	0	0	0	163	0	0	0	0	0	0	0	0	0	0	0	
634459	0	0	0	0	173	0	0	0	0	0	0	0	0	0	0	0	
635209	0	0	0	0	139	0	0	0	0	0	0	0	0	0	0	0	
635962	0	0	0	0	155	0	0	0	0	0	0	0	0	0	0	0	
636708	0	0	0	0	155	0	0	0	0	0	0	0	0	0	0	0	
637458	0	0	0	0	163	0	0	0	0	0	0	0	0	0	0	0	
638211	0	0	0	0	169	0	0	0	0	0	0	0	0	0	0	0	
638962	0	0	0	0	151	0	0	0	0	0	0	0	0	0	0	0	
639712	0	0	0	0	155	0	0	0	0	0	0	0	0	0	0	0	
640461	0	0	0	0	148	3	0	0	0	0	0	0	0	0	0	0	
641211	0	0	0	0	167	0	0	0	0	0	0	0	0	0	0	0	
641964	0	0	0	0	165	0	0	0	0	0	0	0	0	0	0	0	
642715	0	0	0	0	163	0	0	0	0	0	0	0	0	0	0	0	
643468	0	0	0	0	169	0	0	0	0	0	0	0	0	0	0	0	
644219	0	0	0	0	147	0	0	0	0	0	0	0	0	0	0	0	
644968	0	0	0	0	171	0	0	0	0	0	0	0	0	0	0	0	
645713	0	0	0	0	169	0	0	0	0	0	0	0	0	0	0	0	
646463	0	0	0	0	163	0	0	0	0	0	0	0	0	0	0	0	
647212	0	0	0	0	163	0	0	0	0	0	0	0	0	0	0	0	
647962	0	0	0	0	159	0	0	0	0	0	0	0	0	0	0	0	
648715	0	0	0	0	183	0	0	0	0	0	0	0	0	0	0	0	
649463	0	0	0	0	167	0	0	0	0	0	0	0	0	0	0	0	
650215	0	0	0	0	161	0	0	0	0	0	0	0	0	0	0	0	
650965	0	0	0	0	145	0	0	0	0	0	0	0	0	0	0	0	
651714	0	0	0	0	147	0	0	0	0	0	0	0	0	0	0	0	
652467	0	0	0	0	145	0	0	0	0	0	0	0	0	0	0	0	
653220	0	0	0	0	132	1	0	0	0	0	0	0	0	0	0	0	
653968	0	0	0	0	177	0	0	0	0	0	0	0	0	0	0	0	
654720	0	0	0	0	147	0	0	0	0	0	0	0	0	0	0	0	
655470	0	0	0	0	157	0	0	0	0	0	0	0	0	0	0	0	
656220	0	0	0	0	157	0	0	0	0	0	0	0	0	0	0	0	
656969	0	0	0	0	165	0	0	0	0	0	0	0	0	0	0	0	
657719	0	0	0	0	145	0	0	0	0	0	0	0	0	0	0	0	
658468	0	0	0	0	149	0	0	0	0	0	0	0	0	0	0	0	
659221	0	0	0	0	169	0	0	0	0	0	0	0	0	0	0	0	
659970	0	0	0	0	147	0	0	0	0	0	0	0	0	0	0	0	
660721	0	0	0	0	151	0	0	0	0	0	0	0	0	0	0	0	
661468	0	0	0	0	149	0	0	0	0	0	0	0	0	0	0	0	
662221	0	0	0	0	139	0	0	0	0	0	0	0	0	0	0	0	
662970	0	0	0	0	137	0	0	0	0	0	0	0	0	0	0	0	
663718	0	0	0	0	139	0	0	0	0	0	0	0	0	0	0	0	
664469	0	0	0	0	137	0	0	0	0	0	0	0	0	0	0	0	
665220	0	0	0	0	161	0	0	0	0	0	0	0	0	0	0	0	
665970	0	0	0	0	163	0	0	0	0	0	0	0	0	0	0	0	
666717	0	0	0	0	167	0	0	0	0	0	0	0	0	0	0	0	
667465	0	0	0	0	169	0	0	0	0	0	0	0	0	0	0	0	
668212	0	0	0	0	177	0	0	0	0	0	0	0	0	0	0	0	
668962	0	0	0	0	131	0	0	0	0	0	0	0	0	0	0	0	
669710	0	0	0	0	163	0	0	0	0	0	0	0	0	0	0	0	
670460	0	0	0	167	0	0	0	0	0	0	0	0	0	0	0	0	
671209	0	0	0	195	0	0	0	0	0	0	0	0	0	0	0	0	
671959	0	0	0	187	0	0	0	0	0	0	0	0	0	0	0	0	
672708	0	0	0	197	0	0	0	0	0	0	0	0	0	0	0	0	
673456	0	0	0	181	0	0	0	0	0	0	0	0	0	0	0	0	
674205	0	0	0	183	0	0	0	0	0	0	0	0	0	0	0	0	
674951	0	0	0	229	0	0	0	0	0	0	0	0	0	0	0	0	
675701	0	0	0	193	0	0	0	0	0	0	0	0	0	0	0	0	
676450	0	0	0	179	0	0	0	0	0	0	0	0	0	0	0	0	
677204	0	0	0	173	0	0	0	0	0	0	0	0	0	0	0	0	
677957	0	0	0	213	0	0	0	0	0	0	0	0	0	0	0	0	
678707	0	0	0	185	0	0	0	0	0	0	0	0	0	0	0	0	
679459	0	0	0	211	0	0	0	0	0	0	0	0	0	0	0	0	
680206	0	0	0	211	0	0	0	0	0	0	0	0	0	0	0	0	
680954	0	0	0	201	0	0	0	0	0	0	0	0	0	0	0	0	
681708	0	0	0	211	0	0	0	0	0	0	0	0	0	0	0	0	
682458	0	0	0	185	0	0	0	0	0	0	0	0	0	0	0	0	
683209	0	0	0	173	0	0	0	0	0	0	0	0	0	0	0	0	
683962	0	0	0	203	0	0	0	0	0	0	0	0	0	0	0	0	
684713	0	0	0	191	0	0	0	0	0	0	0	0	0	0	0	0	
685466	0	0	0	193	0	0	0	0	0	0	0	0	0	0	0	0	
686214	0	0	0	221	0	0	0	0	0	0	0	0	0	0	0	0	
686966	0	0	0	195	0	0	0	0	0	0	0	0	0	0	0	0	
687713	0	0	0	193	0	0	0	0	0	0	0	0	0	0	0	0	
688462	0	0	0	219	0	0	0	0	0	0	0	0	0	0	0	0	
689213	0	0	0	209	0	0	0	0	0	0	0	0	0	0	0	0	
689960	0	0	0	181	0	0	0	0	0	0	0	0	0	0	0	0	
690708	0	0	0	203	0	0	0	0	0	0	0	0	0	0	0	0	
691456	0	0	0	199	0	0	0	0	0	0	0	0	0	0	0	0	
692208	0	0	0	193	0	0	0	0	0	0	0	0	0	0	0	0	
692961	0	0	10	177	0	0	0	0	0	0	0	0	0	0	0	0	
693712	0	0	0	185	0	0	0	0	0	0	0	0	0	0	0	0	
694460	0	0	0	197	0	0	0	0	0	0	0	0	0	0	0	0	
695209	0	0	0	205	0	0	0	0	0	0	0	0	0	0	0	0	
695958	0	0	0	169	0	0	0	0	0	0	0	0	0	0	0	0	
696710	0	0	0	199	0	0	0	0	0	0	0	0	0	0	0	0	
697460	0	0	0	189	0	0	0	0	0	0	0	0	0	0	0	0	
698208	0	0	0	191	0	0	0	0	0	0	0	0	0	0	0	0	
698959	0	0	0	233	0	0	0	0	0	0	0	0	0	0	0	0	
699710	0	0	0	177	0	0	0	0	0	0	0	0	0	0	0	0	
700461	0	0	0	211	0	0	0	0	0	0	0	0	0	0	0	0	
701209	0	0	0	197	0	0	0	0	0	0	0	0	0	0	0	0	
701957	0	0	0	181	0	0	0	0	0	0	0	0	0	0	0	0	
702708	0	0	0	189	0	0	0	0	0	0	0	0	0	0	0	0	
703458	0	0	0	193	0	0	0	0	0	0	0	0	0	0	0	0	
704210	0	0	0	219	0	0	0	0	0	0	0	0	0	0	0	0	
704958	0	0	0	215	0	0	0	0	0	0	0	0	0	0	0	0	
705711	0	0	0	183	0	0	0	0	0	0	0	0	0	0	0	0	
706461	0	0	0	213	0	0	0	0	0	0	0	0	0	0	0	0	
707212	0	0	0	193	0	0	0	0	0	0	0	0	0	0	0	0	
707962	0	0	0	206	1	0	0	0	0	0	0	0	0	0	0	0	
708712	0	0	0	173	0	0	0	0	0	0	0	0	0	0	0	0	
709464	0	0	0	223	0	0	0	0	0	0	0	0	0	0	0	0	
710214	0	0	0	186	3	0	0	0	0	0	0	0	0	0	0	0	
710964	0	0	0	207	0	0	0	0	0	0	0	0	0	0	0	0	
711713	0	0	0	193	0	0	0	0	0	0	0	0	0	0	0	0	
712462	0	0	0	199	0	0	0	0	0	0	0	0	0	0	0	0	
713215	0	0	0	0	131	0	0	0	0	0	0	0	0	0	0	0	
713965	0	0	0	0	159	0	0	0	0	0	0	0	0	0	0	0	
714714	0	0	0	0	163	0	0	0	0	0	0	0	0	0	0	0	
715464	0	0	0	0	153	0	0	0	0	0	0	0	0	0	0	0	
716213	0	0	0	0	159	0	0	0	0	0	0	0	0	0	0	0	
716964	0	0	0	0	149	0	0	0	0	0	0	0	0	0	0	0	
717714	0	0	0	0	0	135	0	0	0	0	0	0	0	0	0	0	
718463	0	0	0	0	0	129	0	0	0	0	0	0	0	0	0	0	
719213	0	0	0	0	0	127	0	0	0	0	0	0	0	0	0	0	
719964	0	0	0	0	0	147	0	0	0	0	0	0	0	0	0	0	
720713	0	0	0	0	0	129	0	0	0	0	0	0	0	0	0	0	
721460	0	0	0	0	0	123	0	0	0	0	0	0	0	0	0	0	
722210	0	0	0	0	0	131	0	0	0	0	0	0	0	0	0	0	
722962	0	0	0	0	0	0	117	0	0	0	0	0	0	0	0	0	
723716	0	0	0	0	0	0	103	0	0	0	0	0	0	0	0	0	
724466	0	0	0	0	0	0	125	0	0	0	0	0	0	0	0	0	
725213	0	0	0	0	0	0	131	0	0	0	0	0	0	0	0	0	
725963	0	0	0	0	0	0	113	0	0	0	0	0	0	0	0	0	
726715	0	0	0	0	0	0	99	0	0	0	0	0	0	0	0	0	
727466	0	0	0	0	0	0	121	0	0	0	0	0	0	0	0	0	
728215	0	0	0	0	0	0	149	0	0	0	0	0	0	0	0	0	
728961	0	0	0	0	0	0	107	0	0	0	0	0	0	0	0	0	
729715	0	0	0	0	0	0	125	0	0	0	0	0	0	0	0	0	
730466	0	0	0	0	0	0	119	0	0	0	0	0	0	0	0	0	
731217	0	0	0	0	0	0	109	0	0	0	0	0	0	0	0	0	
731966	0	0	0	0	0	0	131	0	0	0	0	0	0	0	0	0	
732714	0	0	0	0	0	147	0	0	0	0	0	0	0	0	0	0	
733463	0	0	0	0	0	137	0	0	0	0	0	0	0	0	0	0	
734211	0	0	0	0	0	133	0	0	0	0	0	0	0	0	0	0	
734963	0	0	0	0	0	139	0	0	0	0	0	0	0	0	0	0	
735712	0	0	0	0	0	107	0	0	0	0	0	0	0	0	0	0	
736462	0	0	0	0	0	147	0	0	0	0	0	0	0	0	0	0	
737214	0	0	0	0	0	131	0	0	0	0	0	0	0	0	0	0	
737966	0	0	0	0	0	149	0	0	0	0	0	0	0	0	0	0	
738717	0	0	0	0	0	123	0	0	0	0	0	0	0	0	0	0	
739464	0	0	0	0	143	0	0	0	0	0	0	0	0	0	0	0	
740213	0	0	0	0	145	0	0	0	0	0	0	0	0	0	0	0	
740962	0	0	0	0	163	0	0	0	0	0	0	0	0	0	0	0	
741714	0	0	0	0	185	0	0	0	0	0	0	0	0	0	0	0	
742463	0	0	0	0	167	0	0	0	0	0	0	0	0	0	0	0	
743213	0	0	0	0	151	0	0	0	0	0	0	0	0	0	0	0	
743962	0	0	0	0	165	0	0	0	0	0	0	0	0	0	0	0	
744713	0	0	0	0	167	0	0	0	0	0	0	0	0	0	0	0	
745462	0	0	0	0	175	0	0	0	0	0	0	0	0	0	0	0	
746214	0	0	0	0	191	0	0	0	0	0	0	0	0	0	0	0	
746963	0	0	0	0	151	0	0	0	0	0	0	0	0	0	0	0	
747714	0	0	0	0	173	0	0	0	0	0	0	0	0	0	0	0	
748463	0	0	0	0	169	0	0	0	0	0	0	0	0	0	0	0	
749214	0	0	0	0	165	0	0	0	0	0	0	0	0	0	0	0	
749964	0	0	0	0	133	0	0	0	0	0	0	0	0	0	0	0	
750716	0	0	0	0	169	0	0	0	0	0	0	0	0	0	0	0	
751467	0	0	0	0	155	0	0	0	0	0	0	0	0	0	0	0	
752215	0	0	0	0	155	0	0	0	0	0	0	0	0	0	0	0	
752967	0	0	0	0	157	0	0	0	0	0	0	0	0	0	0	0	
753719	0	0	0	0	193	0	0	0	0	0	0	0	0	0	0	0	
754468	0	0	0	0	165	0	0	0	0	0	0	0	0	0	0	0	
755220	0	0	0	0	173	0	0	0	0	0	0	0	0	0	0	0	
755972	0	0	0	0	147	0	0	0	0	0	0	0	0	0	0	0	
756723	0	0	0	0	171	0	0	0	0	0	0	0	0	0	0	0	
757477	0	0	0	0	175	0	0	0	0	0	0	0	0	0	0	0	
758224	0	0	0	0	151	0	0	0	0	0	0	0	0	0	0	0	
758974	0	0	0	0	177	0	0	0	0	0	0	0	0	0	0	0	
759723	0	0	0	0	149	0	0	0	0	0	0	0	0	0	0	0	
760475	0	0	0	0	148	17	0	0	0	0	0	0	0	0	0	0	
761225	0	0	0	0	147	0	0	0	0	0	0	0	0	0	0	0	
761973	0	0	0	0	165	0	0	0	0	0	0	0	0	0	0	0	
762724	0	0	0	0	147	0	0	0	0	0	0	0	0	0	0	0	
763477	0	0	0	0	173	0	0	0	0	0	0	0	0	0	0	0	
764228	0	0	0	0	151	0	0	0	0	0	0	0	0	0	0	0	
764977	0	0	0	0	149	0	0	0	0	0	0	0	0	0	0	0	
765726	0	0	0	0	161	0	0	0	0	0	0	0	0	0	0	0	
766475	0	0	0	0	149	0	0	0	0	0	0	0	0	0	0	0	
767225	0	0	0	0	169	0	0	0	0	0	0	0	0	0	0	0	
767971	0	0	0	0	165	0	0	0	0	0	0	0	0	0	0	0	
768719	0	0	0	0	161	0	0	0	0	0	0	0	0	0	0	0	
769468	0	0	0	0	179	0	0	0	0	0	0	0	0	0	0	0	
770220	0	0	0	0	187	0	0	0	0	0	0	0	0	0	0	0	
770968	0	0	0	0	183	0	0	0	0	0	0	0	0	0	0	0	
771717	0	0	0	0	159	0	0	0	0	0	0	0	0	0	0	0	
772467	0	0	0	0	177	0	0	0	0	0	0	0	0	0	0	0	
773217	0	0	0	0	151	0	0	0	0	0	0	0	0	0	0	0	
773967	0	0	0	0	151	0	0	0	0	0	0	0	0	0	0	0	
774715	0	0	0	0	163	0	0	0	0	0	0	0	0	0	0	0	
775465	0	0	0	0	179	0	0	0	0	0	0	0	0	0	0	0	
776214	0	0	0	0	157	0	0	0	0	0	0	0	0	0	0	0	
776966	0	0	0	0	163	0	0	0	0	0	0	0	0	0	0	0	
777717	0	0	0	0	161	0	0	0	0	0	0	0	0	0	0	0	
778468	0	0	0	0	183	0	0	0	0	0	0	0	0	0	0	0	
779217	0	0	0	0	145	0	0	0	0	0	0	0	0	0	0	0	
779963	0	0	0	0	167	0	0	0	0	0	0	0	0	0	0	0	
780710	0	0	0	0	159	0	0	0	0	0	0	0	0	0	0	0	
781464	0	0	0	0	163	0	0	0	0	0	0	0	0	0	0	0	
782216	0	0	0	0	139	0	0	0	0	0	0	0	0	0	0	0	
782968	0	0	0	0	171	0	0	0	0	0	0	0	0	0	0	0	
783716	0	0	0	0	167	0	0	0	0	0	0	0	0	0	0	0	
784469	0	0	0	0	163	0	0	0	0	0	0	0	0	0	0	0	
785218	0	0	0	0	165	0	0	0	0	0	0	0	0	0	0	0	
785969	0	0	0	0	155	0	0	0	0	0	0	0	0	0	0	0	
786717	0	0	0	0	159	0	0	0	0	0	0	0	0	0	0	0	
787467	0	0	0	0	159	0	0	0	0	0	0	0	0	0	0	0	
788217	0	0	0	0	161	0	0	0	0	0	0	0	0	0	0	0	
788967	0	0	0	0	161	0	0	0	0	0	0	0	0	0	0	0	
789716	0	0	0	0	155	0	0	0	0	0	0	0	0	0	0	0	
790462	0	0	0	0	153	0	0	0	0	0	0	0	0	0	0	0	
791212	0	0	0	0	171	0	0	0	0	0	0	0	0	0	0	0	
791964	0	0	0	0	151	0	0	0	0	0	0	0	0	0	0	0	
792713	0	0	0	0	153	0	0	0	0	0	0	0	0	0	0	0	
793462	0	0	0	0	179	0	0	0	0	0	0	0	0	0	0	0	
794212	0	0	0	0	161	0	0	0	0	0	0	0	0	0	0	0	
794967	0	0	0	0	171	0	0	0	0	0	0	0	0	0	0	0	
795714	0	0	0	0	171	0	0	0	0	0	0	0	0	0	0	0	
796466	0	0	0	0	147	0	0	0	0	0	0	0	0	0	0	0	
797216	0	0	0	0	171	0	0	0	0	0	0	0	0	0	0	0	
797968	0	0	0	0	175	0	0	0	0	0	0	0	0	0	0	0	
798717	0	0	0	0	159	0	0	0	0	0	0	0	0	0	0	0	
799465	0	0	0	0	141	0	0	0	0	0	0	0	0	0	0	0	
800213	0	0	0	0	153	0	0	0	0	0	0	0	0	0	0	0	
800962	0	0	0	21	134	0	0	0	0	0	0	0	0	0	0	0	
801711	0	0	0	0	157	0	0	0	0	0	0	0	0	0	0	0	
802462	0	0	0	0	159	0	0	0	0	0	0	0	0	0	0	0	
803216	0	0	0	0	173	0	0	0	0	0	0	0	0	0	0	0	
803961	0	0	0	0	177	0	0	0	0	0	0	0	0	0	0	0	
804710	0	0	0	0	147	0	0	0	0	0	0	0	0	0	0	0	
805461	0	0	0	0	149	0	0	0	0	0	0	0	0	0	0	0	
806214	0	0	0	0	159	0	0	0	0	0	0	0	0	0	0	0	
806965	0	0	0	0	149	0	0	0	0	0	0	0	0	0	0	0	
807716	0	0	0	0	167	0	0	0	0	0	0	0	0	0	0	0	
808465	0	0	0	0	171	0	0	0	0	0	0	0	0	0	0	0	
809214	0	0	0	0	157	0	0	0	0	0	0	0	0	0	0	0	
809966	0	0	0	0	177	0	0	0	0	0	0	0	0	0	0	0	
810714	0	0	0	0	169	0	0	0	0	0	0	0	0	0	0	0	
811465	0	0	0	0	159	0	0	0	0	0	0	0	0	0	0	0	
812215	0	0	0	1	146	0	0	0	0	0	0	0	0	0	0	0	
812963	0	0	0	0	161	0	0	0	0	0	0	0	0	0	0	0	
813715	0	0	0	15	154	0	0	0	0	0	0	0	0	0	0	0	
814467	0	0	0	0	161	0	0	0	0	0	0	0	0	0	0	0	
815215	0	0	0	0	157	0	0	0	0	0	0	0	0	0	0	0	
815965	0	0	0	0	145	0	0	0	0	0	0	0	0	0	0	0	
816713	0	0	0	0	165	0	0	0	0	0	0	0	0	0	0	0	
817464	0	0	0	0	169	0	0	0	0	0	0	0	0	0	0	0	
818214	0	0	0	0	133	0	0	0	0	0	0	0	0	0	0	0	
818960	0	0	0	0	157	0	0	0	0	0	0	0	0	0	0	0	
819708	0	0	0	0	147	0	0	0	0	0	0	0	0	0	0	0	
820456	0	0	0	0	173	0	0	0	0	0	0	0	0	0	0	0	
821210	0	0	0	0	151	0	0	0	0	0	0	0	0	0	0	0	
821957	0	0	0	0	167	0	0	0	0	0	0	0	0	0	0	0	
822707	0	0	0	0	0	145	0	0	0	0	0	0	0	0	0	0	
823457	0	0	0	0	0	129	0	0	0	0	0	0	0	0	0	0	
824205	0	0	0	0	0	135	0	0	0	0	0	0	0	0	0	0	
824956	0	0	0	0	0	147	0	0	0	0	0	0	0	0	0	0	
825708	0	0	0	0	0	119	0	0	0	0	0	0	0	0	0	0	
826458	0	0	0	0	0	137	0	0	0	0	0	0	0	0	0	0	
827207	0	0	0	0	0	0	99	0	0	0	0	0	0	0	0	0	
827959	0	0	0	0	0	0	107	0	0	0	0	0	0	0	0	0	
828710	0	0	0	0	0	10	115	0	0	0	0	0	0	0	0	0	
829459	0	0	0	0	0	0	101	0	0	0	0	0	0	0	0	0	
830207	0	0	0	0	0	0	111	0	0	0	0	0	0	0	0	0	
830955	0	0	0	0	0	0	109	0	0	0	0	0	0	0	0	0	
831707	0	0	0	0	0	0	113	0	0	0	0	0	0	0	0	0	
832458	0	0	0	0	0	0	107	0	0	0	0	0	0	0	0	0	
833208	0	0	0	0	0	0	109	0	0	0	0	0	0	0	0	0	
833958	0	0	0	0	0	0	117	0	0	0	0	0	0	0	0	0	
834709	0	0	0	0	0	0	139	0	0	0	0	0	0	0	0	0	
835462	0	0	0	0	0	0	100	1	0	0	0	0	0	0	0	0	
836213	0	0	0	0	0	0	117	0	0	0	0	0	0	0	0	0	
836966	0	0	0	0	0	0	119	0	0	0	0	0	0	0	0	0	
837717	0	0	0	0	0	0	125	0	0	0	0	0	0	0	0	0	
838469	0	0	0	0	0	0	101	0	0	0	0	0	0	0	0	0	
839217	0	0	0	0	0	0	133	0	0	0	0	0	0	0	0	0	
839967	0	0	0	0	0	0	137	0	0	0	0	0	0	0	0	0	
840713	0	0	0	0	0	0	125	0	0	0	0	0	0	0	0	0	
841467	0	0	0	0	0	0	97	0	0	0	0	0	0	0	0	0	
842215	0	0	0	0	0	0	109	0	0	0	0	0	0	0	0	0	
842964	0	0	0	0	0	0	119	0	0	0	0	0	0	0	0	0	
843712	0	0	0	0	0	0	119	0	0	0	0	0	0	0	0	0	
844458	0	0	0	0	0	0	135	0	0	0	0	0	0	0	0	0	
845207	0	0	0	0	0	121	0	0	0	0	0	0	0	0	0	0	
845955	0	0	0	0	0	129	0	0	0	0	0	0	0	0	0	0	
846707	0	0	0	0	0	105	36	0	0	0	0	0	0	0	0	0	
847454	0	0	0	0	0	143	0	0	0	0	0	0	0	0	0	0	
848205	0	0	0	0	0	137	0	0	0	0	0	0	0	0	0	0	
848954	0	0	0	0	0	121	0	0	0	0	0	0	0	0	0	0	
849704	0	0	0	0	0	137	0	0	0	0	0	0	0	0	0	0	
850455	0	0	0	0	0	163	0	0	0	0	0	0	0	0	0	0	
851202	0	0	0	0	0	139	0	0	0	0	0	0	0	0	0	0	
851956	0	0	0	0	0	137	0	0	0	0	0	0	0	0	0	0	
852707	0	0	0	0	0	97	0	0	0	0	0	0	0	0	0	0	
853456	0	0	0	0	0	133	0	0	0	0	0	0	0	0	0	0	
854206	0	0	0	0	0	151	0	0	0	0	0	0	0	0	0	0	
854955	0	0	0	0	0	121	0	0	0	0	0	0	0	0	0	0	
855708	0	0	0	0	0	125	0	0	0	0	0	0	0	0	0	0	
856460	0	0	0	0	0	153	0	0	0	0	0	0	0	0	0	0	
857211	0	0	0	0	0	131	0	0	0	0	0	0	0	0	0	0	
857964	0	0	0	0	0	129	0	0	0	0	0	0	0	0	0	0	
858715	0	0	0	0	0	137	0	0	0	0	0	0	0	0	0	0	
859464	0	0	0	0	0	143	0	0	0	0	0	0	0	0	0	0	
860214	0	0	0	0	0	135	0	0	0	0	0	0	0	0	0	0	
860964	0	0	0	0	0	125	0	0	0	0	0	0	0	0	0	0	
861715	0	0	0	0	0	131	0	0	0	0	0	0	0	0	0	0	
862467	0	0	0	0	0	128	3	0	0	0	0	0	0	0	0	0	
863217	0	0	0	0	0	139	0	0	0	0	0	0	0	0	0	0	
863967	0	0	0	0	0	137	0	0	0	0	0	0	0	0	0	0	
864720	0	0	0	0	0	139	0	0	0	0	0	0	0	0	0	0	
865470	0	0	0	0	0	129	0	0	0	0	0	0	0	0	0	0	
866219	0	0	0	0	0	135	0	0	0	0	0	0	0	0	0	0	
866972	0	0	0	0	0	109	0	0	0	0	0	0	0	0	0	0	
867719	0	0	0	0	0	123	0	0	0	0	0	0	0	0	0	0	
868468	0	0	0	0	0	141	0	0	0	0	0	0	0	0	0	0	
869219	0	0	0	0	0	135	0	0	0	0	0	0	0	0	0	0	
869971	0	0	0	0	0	135	0	0	0	0	0	0	0	0	0	0	
870724	0	0	0	0	0	129	0	0	0	0	0	0	0	0	0	0	
871473	0	0	0	0	0	139	0	0	0	0	0	0	0	0	0	0	
872223	0	0	0	0	0	145	0	0	0	0	0	0	0	0	0	0	
872974	0	0	0	0	0	133	0	0	0	0	0	0	0	0	0	0	
873725	0	0	0	0	0	121	0	0	0	0	0	0	0	0	0	0	
874472	0	0	0	0	0	125	0	0	0	0	0	0	0	0	0	0	
875225	0	0	0	0	0	121	0	0	0	0	0	0	0	0	0	0	
875976	0	0	0	0	0	141	0	0	0	0	0	0	0	0	0	0	
876728	0	0	0	0	0	127	0	0	0	0	0	0	0	0	0	0	
877475	0	0	0	0	0	119	0	0	0	0	0	0	0	0	0	0	
878226	0	0	0	0	1	116	0	0	0	0	0	0	0	0	0	0	
878976	0	0	0	0	0	125	0	0	0	0	0	0	0	0	0	0	
879728	0	0	0	0	0	117	0	0	0	0	0	0	0	0	0	0	
880479	0	0	0	0	0	133	0	0	0	0	0	0	0	0	0	0	
881229	0	0	0	0	0	123	0	0	0	0	0	0	0	0	0	0	
881979	0	0	0	0	0	127	0	0	0	0	0	0	0	0	0	0	
882728	0	0	0	0	0	137	0	0	0	0	0	0	0	0	0	0	
883478	0	0	0	0	0	151	0	0	0	0	0	0	0	0	0	0	
884229	0	0	0	0	0	149	0	0	0	0	0	0	0	0	0	0	
884981	0	0	0	0	0	135	0	0	0	0	0	0	0	0	0	0	
885731	0	0	0	0	0	137	0	0	0	0	0	0	0	0	0	0	
886477	0	0	0	0	0	129	0	0	0	0	0	0	0	0	0	0	
887228	0	0	0	0	0	133	0	0	0	0	0	0	0	0	0	0	
887982	0	0	0	0	0	125	0	0	0	0	0	0	0	0	0	0	
888734	0	0	0	0	0	125	0	0	0	0	0	0	0	0	0	0	
889486	0	0	0	0	0	123	0	0	0	0	0	0	0	0	0	0	
890236	0	0	0	0	0	149	0	0	0	0	0	0	0	0	0	0	
890988	0	0	0	0	0	151	0	0	0	0	0	0	0	0	0	0	
891737	0	0	0	0	0	147	0	0	0	0	0	0	0	0	0	0	
892487	0	0	0	0	0	133	0	0	0	0	0	0	0	0	0	0	
893242	0	0	0	0	0	155	0	0	0	0	0	0	0	0	0	0	
893989	0	0	0	0	0	123	0	0	0	0	0	0	0	0	0	0	
894741	0	0	0	0	0	101	0	0	0	0	0	0	0	0	0	0	
895490	0	0	0	0	151	0	0	0	0	0	0	0	0	0	0	0	
896242	0	0	0	0	157	0	0	0	0	0	0	0	0	0	0	0	
896990	0	0	0	0	173	0	0	0	0	0	0	0	0	0	0	0	
897740	0	0	0	0	147	0	0	0	0	0	0	0	0	0	0	0	
898490	0	0	0	0	165	0	0	0	0	0	0	0	0	0	0	0	
899240	0	0	0	0	147	0	0	0	0	0	0	0	0	0	0	0	
899989	0	0	0	0	149	0	0	0	0	0	0	0	0	0	0	0	
900740	0	0	0	0	171	0	0	0	0	0	0	0	0	0	0	0	
901491	0	0	0	0	169	0	0	0	0	0	0	0	0	0	0	0	
902244	0	0	0	0	157	0	0	0	0	0	0	0	0	0	0	0	
902994	0	0	0	0	175	0	0	0	0	0	0	0	0	0	0	0	
903741	0	0	0	0	139	10	0	0	0	0	0	0	0	0	0	0	
904491	0	0	0	0	159	0	0	0	0	0	0	0	0	0	0	0	
905242	0	0	0	0	161	0	0	0	0	0	0	0	0	0	0	0	
905991	0	0	0	0	167	0	0	0	0	0	0	0	0	0	0	0	
906740	0	0	0	0	137	0	0	0	0	0	0	0	0	0	0	0	
907491	0	0	0	0	153	0	0	0	0	0	0	0	0	0	0	0	
908242	0	0	0	0	149	0	0	0	0	0	0	0	0	0	0	0	
908990	0	0	0	0	143	0	0	0	0	0	0	0	0	0	0	0	
909739	0	0	0	0	147	0	0	0	0	0	0	0	0	0	0	0	
910489	0	0	0	0	151	0	0	0	0	0	0	0	0	0	0	0	
911239	0	0	0	0	147	0	0	0	0	0	0	0	0	0	0	0	
911989	0	0	0	0	135	0	0	0	0	0	0	0	0	0	0	0	
912737	0	0	0	0	155	0	0	0	0	0	0	0	0	0	0	0	
913488	0	0	0	0	171	0	0	0	0	0	0	0	0	0	0	0	
914238	0	0	0	0	171	0	0	0	0	0	0	0	0	0	0	0	
914987	0	0	0	0	173	0	0	0	0	0	0	0	0	0	0	0	
915739	0	0	0	0	167	0	0	0	0	0	0	0	0	0	0	0	
916489	0	0	0	0	165	0	0	0	0	0	0	0	0	0	0	0	
917237	0	0	0	0	159	0	0	0	0	0	0	0	0	0	0	0	
917986	0	0	0	0	173	0	0	0	0	0	0	0	0	0	0	0	
918734	0	0	0	0	153	0	0	0	0	0	0	0	0	0	0	0	
919486	0	0	0	0	163	0	0	0	0	0	0	0	0	0	0	0	
920235	0	0	0	0	157	0	0	0	0	0	0	0	0	0	0	0	
920990	0	0	0	0	175	0	0	0	0	0	0	0	0	0	0	0	
921746	0	0	0	0	0	117	0	0	0	0	0	0	0	0	0	0	
922494	0	0	0	0	0	129	0	0	0	0	0	0	0	0	0	0	
923242	0	0	0	0	0	137	0	0	0	0	0	0	0	0	0	0	
923994	0	0	0	0	0	113	0	0	0	0	0	0	0	0	0	0	
924744	0	0	0	0	0	141	0	0	0	0	0	0	0	0	0	0	
925495	0	0	0	0	0	147	0	0	0	0	0	0	0	0	0	0	
926246	0	0	0	0	0	143	0	0	0	0	0	0	0	0	0	0	
926997	0	0	0	0	0	121	0	0	0	0	0	0	0	0	0	0	
927749	0	0	0	0	0	121	0	0	0	0	0	0	0	0	0	0	
928496	0	0	0	0	0	135	0	0	0	0	0	0	0	0	0	0	
929245	0	0	0	0	0	169	0	0	0	0	0	0	0	0	0	0	
929997	0	0	0	0	0	133	0	0	0	0	0	0	0	0	0	0	
930750	0	0	0	0	0	113	0	0	0	0	0	0	0	0	0	0	
931499	0	0	0	0	0	133	0	0	0	0	0	0	0	0	0	0	
932247	0	0	0	0	0	141	0	0	0	0	0	0	0	0	0	0	
932996	0	0	0	0	0	129	0	0	0	0	0	0	0	0	0	0	
933743	0	0	0	0	0	139	0	0	0	0	0	0	0	0	0	0	
934490	0	0	0	0	0	113	0	0	0	0	0	0	0	0	0	0	
935238	0	0	0	0	0	151	0	0	0	0	0	0	0	0	0	0	
935990	0	0	0	0	0	117	0	0	0	0	0	0	0	0	0	0	
936737	0	0	0	0	0	145	0	0	0	0	0	0	0	0	0	0	
937485	0	0	0	0	0	131	0	0	0	0	0	0	0	0	0	0	
938239	0	0	0	0	0	119	0	0	0	0	0	0	0	0	0	0	
938992	0	0	0	0	0	121	0	0	0	0	0	0	0	0	0	0	
939742	0	0	0	0	0	119	0	0	0	0	0	0	0	0	0	0	
940494	0	0	0	0	0	137	0	0	0	0	0	0	0	0	0	0	
941244	0	0	0	0	0	123	0	0	0	0	0	0	0	0	0	0	
941993	0	0	0	0	0	127	0	0	0	0	0	0	0	0	0	0	
942745	0	0	0	0	0	127	0	0	0	0	0	0	0	0	0	0	
943497	0	0	0	0	0	147	0	0	0	0	0	0	0	0	0	0	
944248	0	0	0	0	0	141	0	0	0	0	0	0	0	0	0	0	
944999	0	0	0	0	0	115	0	0	0	0	0	0	0	0	0	0	
945750	0	0	0	0	0	121	0	0	0	0	0	0	0	0	0	0	
946499	0	0	0	0	0	149	0	0	0	0	0	0	0	0	0	0	
947249	0	0	0	0	0	125	0	0	0	0	0	0	0	0	0	0	
947999	0	0	0	0	0	133	0	0	0	0	0	0	0	0	0	0	
948750	0	0	0	0	0	155	0	0	0	0	0	0	0	0	0	0	
949501	0	0	0	0	0	127	0	0	0	0	0	0	0	0	0	0	
950253	0	0	0	0	0	123	0	0	0	0	0	0	0	0	0	0	
951004	0	0	0	0	0	103	0	0	0	0	0	0	0	0	0	0	
951754	0	0	0	0	0	131	0	0	0	0	0	0	0	0	0	0	
952505	0	0	0	0	0	129	0	0	0	0	0	0	0	0	0	0	
953259	0	0	0	0	0	119	0	0	0	0	0	0	0	0	0	0	
954007	0	0	0	0	0	133	0	0	0	0	0	0	0	0	0	0	
954756	0	0	0	0	0	133	0	0	0	0	0	0	0	0	0	0	
955504	0	0	0	0	0	121	0	0	0	0	0	0	0	0	0	0	
956255	0	0	0	0	0	127	0	0	0	0	0	0	0	0	0	0	
957006	0	0	0	0	0	127	0	0	0	0	0	0	0	0	0	0	
957759	0	0	0	0	0	137	0	0	0	0	0	0	0	0	0	0	
958509	0	0	0	0	0	139	0	0	0	0	0	0	0	0	0	0	
959257	0	0	0	0	0	139	0	0	0	0	0	0	0	0	0	0	
960007	0	0	0	0	0	141	0	0	0	0	0	0	0	0	0	0	
960757	0	0	0	0	0	123	0	0	0	0	0	0	0	0	0	0	
961505	0	0	0	0	0	127	0	0	0	0	0	0	0	0	0	0	
962254	0	0	0	0	0	0	99	0	0	0	0	0	0	0	0	0	
963004	0	0	0	0	0	0	119	0	0	0	0	0	0	0	0	0	
963754	0	0	0	0	0	0	113	0	0	0	0	0	0	0	0	0	
964500	0	0	0	0	0	0	97	0	0	0	0	0	0	0	0	0	
965252	0	0	0	0	0	0	97	0	0	0	0	0	0	0	0	0	
966003	0	0	0	0	0	0	129	0	0	0	0	0	0	0	0	0	
966752	0	0	0	0	0	0	103	0	0	0	0	0	0	0	0	0	
967502	0	0	0	0	0	0	117	0	0	0	0	0	0	0	0	0	
968253	0	0	0	0	0	0	111	0	0	0	0	0	0	0	0	0	
969005	0	0	0	0	0	0	121	0	0	0	0	0	0	0	0	0	
969757	0	0	0	0	0	0	121	0	0	0	0	0	0	0	0	0	
970509	0	0	0	0	0	0	107	0	0	0	0	0	0	0	0	0	
971256	0	0	0	0	0	0	113	0	0	0	0	0	0	0	0	0	
972007	0	0	0	0	0	0	101	0	0	0	0	0	0	0	0	0	
972754	0	0	0	0	0	0	113	0	0	0	0	0	0	0	0	0	
973506	0	0	0	0	0	0	121	0	0	0	0	0	0	0	0	0	
974252	0	0	0	0	0	0	153	0	0	0	0	0	0	0	0	0	
975002	0	0	0	0	0	0	109	0	0	0	0	0	0	0	0	0	
975753	0	0	0	0	0	0	119	0	0	0	0	0	0	0	0	0	
976503	0	0	0	0	0	0	121	0	0	0	0	0	0	0	0	0	
977252	0	0	0	0	0	0	117	0	0	0	0	0	0	0	0	0	
978003	0	0	0	0	0	0	117	0	0	0	0	0	0	0	0	0	
978753	0	0	0	0	0	0	117	0	0	0	0	0	0	0	0	0	
979506	0	0	0	0	0	0	123	0	0	0	0	0	0	0	0	0	
980257	0	0	0	0	0	0	93	0	0	0	0	0	0	0	0	0	
981004	0	0	0	0	0	0	99	0	0	0	0	0	0	0	0	0	
981755	0	0	0	0	0	0	105	0	0	0	0	0	0	0	0	0	
982504	0	0	0	0	0	0	111	0	0	0	0	0	0	0	0	0	
983254	0	0	0	0	0	0	115	0	0	0	0	0	0	0	0	0	
984003	0	0	0	0	0	0	107	0	0	0	0	0	0	0	0	0	
984752	0	0	0	0	0	0	105	0	0	0	0	0	0	0	0	0	
985499	0	0	0	0	0	0	97	0	0	0	0	0	0	0	0	0	
986249	0	0	0	0	0	0	93	0	0	0	0	0	0	0	0	0	
987000	0	0	0	0	0	0	109	0	0	0	0	0	0	0	0	0	
987751	0	0	0	0	0	0	113	0	0	0	0	0	0	0	0	0	
988505	0	0	0	0	0	0	97	0	0	0	0	0	0	0	0	0	
989259	0	0	0	0	0	0	121	0	0	0	0	0	0	0	0	0	
990009	0	0	0	0	0	0	111	0	0	0	0	0	0	0	0	0	
990760	0	0	0	0	0	0	119	0	0	0	0	0	0	0	0	0	
991513	0	0	0	0	0	0	133	0	0	0	0	0	0	0	0	0	
992261	0	0	0	0	0	0	111	0	0	0	0	0	0	0	0	0	
993013	0	0	0	0	0	0	125	0	0	0	0	0	0	0	0	0	
993761	0	0	0	0	0	0	123	0	0	0	0	0	0	0	0	0	
994511	0	0	0	0	0	86	41	0	0	0	0	0	0	0	0	0	
995260	0	0	0	0	0	0	107	10	0	0	0	0	0	0	0	0	
996008	0	0	0	0	0	0	123	0	0	0	0	0	0	0	0	0	
996760	0	0	0	0	0	0	103	0	0	0	0	0	0	0	0	0	
997506	0	0	0	0	0	0	115	0	0	0	0	0	0	0	0	0	
998256	0	0	0	0	0	0	0	87	0	0	0	0	0	0	0	0	
999005	0	0	0	0	0	0	0	123	0	0	0	0	0	0	0	0	
999754	0	0	0	0	0	0	0	97	0	0	0	0	0	0	0	0	
1.0005e+06	0	0	0	0	0	0	0	93	0	0	0	0	0	0	0	0	
1.00126e+06	0	0	0	0	0	0	0	107	0	0	0	0	0	0	0	0	
1.002e+06	0	0	0	0	0	0	0	113	0	0	0	0	0	0	0	0	
1.00275e+06	0	0	0	0	0	0	0	101	0	0	0	0	0	0	0	0	
1.0035e+06	0	0	0	0	0	0	0	115	0	0	0	0	0	0	0	0	
1.00425e+06	0	0	0	0	0	0	0	89	0	0	0	0	0	0	0	0	
1.00499e+06	0	0	0	0	0	0	0	99	0	0	0	0	0	0	0	0	
1.00575e+06	0	0	0	0	0	0	0	97	0	0	0	0	0	0	0	0	
1.00649e+06	0	0	0	0	0	0	0	81	0	0	0	0	0	0	0	0	
1.00724e+06	0	0	0	0	0	0	0	109	0	0	0	0	0	0	0	0	
1.00799e+06	0	0	0	0	0	0	0	93	0	0	0	0	0	0	0	0	
1.00874e+06	0	0	0	0	0	0	0	131	0	0	0	0	0	0	0	0	
1.00949e+06	0	0	0	0	0	0	0	95	0	0	0	0	0	0	0	0	
1.01024e+06	0	0	0	0	0	0	0	107	0	0	0	0	0	0	0	0	
1.01099e+06	0	0	0	0	0	0	0	91	0	0	0	0	0	0	0	0	
1.01174e+06	0	0	0	0	0	0	0	105	0	0	0	0	0	0	0	0	
1.01249e+06	0	0	0	0	0	0	0	89	0	0	0	0	0	0	0	0	
1.01324e+06	0	0	0	0	0	0	0	103	0	0	0	0	0	0	0	0	
1.01399e+06	0	0	0	0	0	0	0	93	0	0	0	0	0	0	0	0	
1.01474e+06	0	0	0	0	0	0	0	103	0	0	0	0	0	0	0	0	
1.01549e+06	0	0	0	0	0	0	0	101	0	0	0	0	0	0	0	0	
1.01624e+06	0	0	0	0	0	0	0	107	0	0	0	0	0	0	0	0	
1.01699e+06	0	0	0	0	0	0	0	93	0	0	0	0	0	0	0	0	
1.01774e+06	0	0	0	0	0	0	0	91	0	0	0	0	0	0	0	0	
1.01849e+06	0	0	0	0	0	0	0	89	0	0	0	0	0	0	0	0	
1.01924e+06	0	0	0	0	0	0	0	117	0	0	0	0	0	0	0	0	
1.01998e+06	0	0	0	0	0	0	123	0	0	0	0	0	0	0	0	0	
1.02073e+06	0	0	0	0	0	0	111	0	0	0	0	0	0	0	0	0	
1.02148e+06	0	0	0	0	0	0	115	0	0	0	0	0	0	0	0	0	
1.02223e+06	0	0	0	0	0	0	119	0	0	0	0	0	0	0	0	0	
1.02298e+06	0	0	0	0	0	0	117	0	0	0	0	0	0	0	0	0	
1.02373e+06	0	0	0	0	0	0	113	0	0	0	0	0	0	0	0	0	
1.02448e+06	0	0	0	0	0	0	121	0	0	0	0	0	0	0	0	0	
1.02523e+06	0	0	0	0	0	0	117	0	0	0	0	0	0	0	0	0	
1.02598e+06	0	0	0	0	0	0	113	0	0	0	0	0	0	0	0	0	
1.02673e+06	0	0	0	0	0	0	115	0	0	0	0	0	0	0	0	0	
1.02748e+06	0	0	0	0	0	0	119	0	0	0	0	0	0	0	0	0	
1.02823e+06	0	0	0	0	0	0	117	0	0	0	0	0	0	0	0	0	
1.02898e+06	0	0	0	0	0	0	115	0	0	0	0	0	0	0	0	0	
1.02973e+06	0	0	0	0	0	0	123	0	0	0	0	0	0	0	0	0	
1.03048e+06	0	0	0	0	0	0	127	0	0	0	0	0	0	0	0	0	
1.03123e+06	0	0	0	0	0	0	103	0	0	0	0	0	0	0	0	0	
1.03198e+06	0	0	0	0	0	1	106	0	0	0	0	0	0	0	0	0	
1.03273e+06	0	0	0	0	0	0	111	0	0	0	0	0	0	0	0	0	
1.03348e+06	0	0	0	0	0	0	115	0	0	0	0	0	0	0	0	0	
1.03423e+06	0	0	0	0	0	0	107	0	0	0	0	0	0	0	0	0	
1.03498e+06	0	0	0	0	0	0	117	0	0	0	0	0	0	0	0	0	
1.03573e+06	0	0	0	0	0	0	107	0	0	0	0	0	0	0	0	0	
1.03648e+06	0	0	0	0	0	0	111	0	0	0	0	0	0	0	0	0	
1.03723e+06	0	0	0	0	0	0	107	0	0	0	0	0	0	0	0	0	
1.03798e+06	0	0	0	0	0	0	129	0	0	0	0	0	0	0	0	0	
1.03873e+06	0	0	0	0	0	0	109	0	0	0	0	0	0	0	0	0	
1.03948e+06	0	0	0	0	0	0	125	0	0	0	0	0	0	0	0	0	
1.04023e+06	0	0	0	0	0	0	107	0	0	0	0	0	0	0	0	0	
1.04098e+06	0	0	0	0	0	0	135	0	0	0	0	0	0	0	0	0	
1.04173e+06	0	0	0	0	0	0	111	0	0	0	0	0	0	0	0	0	
1.04248e+06	0	0	0	0	0	0	85	0	0	0	0	0	0	0	0	0	
1.04323e+06	0	0	0	0	0	0	97	0	0	0	0	0	0	0	0	0	
1.04398e+06	0	0	0	0	0	0	109	0	0	0	0	0	0	0	0	0	
1.04473e+06	0	0	0	0	0	0	115	0	0	0	0	0	0	0	0	0	
1.04548e+06	0	0	0	0	0	0	109	0	0	0	0	0	0	0	0	0	
1.04623e+06	0	0	0	0	0	95	44	0	0	0	0	0	0	0	0	0	
1.04698e+06	0	0	0	0	0	153	0	0	0	0	0	0	0	0	0	0	
1.04773e+06	0	0	0	0	0	145	0	0	0	0	0	0	0	0	0	0	
1.04848e+06	0	0	0	0	0	0	123	0	0	0	0	0	0	0	0	0	
1.04923e+06	0	0	0	0	0	0	111	0	0	0	0	0	0	0	0	0	
1.04998e+06	0	0	0	0	0	0	131	0	0	0	0	0	0	0	0	0	
1.05073e+06	0	0	0	0	0	0	107	0	0	0	0	0	0	0	0	0	
1.05148e+06	0	0	0	0	0	0	97	0	0	0	0	0	0	0	0	0	
1.05223e+06	0	0	0	0	0	0	113	0	0	0	0	0	0	0	0	0	
1.05298e+06	0	0	0	0	0	0	137	0	0	0	0	0	0	0	0	0	
1.05373e+06	0	0	0	0	0	0	93	0	0	0	0	0	0	0	0	0	
1.05448e+06	0	0	0	0	0	0	115	0	0	0	0	0	0	0	0	0	
1.05523e+06	0	0	0	0	0	0	123	0	0	0	0	0	0	0	0	0	
1.05598e+06	0	0	0	0	0	0	121	0	0	0	0	0	0	0	0	0	
1.05673e+06	0	0	0	0	0	0	117	0	0	0	0	0	0	0	0	0	
1.05749e+06	0	0	0	0	0	0	69	36	0	0	0	0	0	0	0	0	
1.05824e+06	0	0	0	0	0	137	0	0	0	0	0	0	0	0	0	0	
1.05899e+06	0	0	0	0	0	0	119	0	0	0	0	0	0	0	0	0	
1.05973e+06	0	0	0	0	0	0	117	0	0	0	0	0	0	0	0	0	
1.06048e+06	0	0	0	0	0	0	123	0	0	0	0	0	0	0	0	0	
1.06123e+06	0	0	0	0	0	0	107	0	0	0	0	0	0	0	0	0	
1.06198e+06	0	0	0	0	0	0	113	0	0	0	0	0	0	0	0	0	
1.06273e+06	0	0	0	0	0	0	121	0	0	0	0	0	0	0	0	0	
1.06348e+06	0	0	0	0	0	0	109	0	0	0	0	0	0	0	0	0	
1.06423e+06	0	0	0	0	0	0	123	0	0	0	0	0	0	0	0	0	
1.06498e+06	0	0	0	0	0	0	123	0	0	0	0	0	0	0	0	0	
1.06573e+06	0	0	0	0	0	0	143	0	0	0	0	0	0	0	0	0	
1.06648e+06	0	0	0	0	0	0	115	0	0	0	0	0	0	0	0	0	
1.06723e+06	0	0	0	0	0	0	111	0	0	0	0	0	0	0	0	0	
1.06798e+06	0	0	0	0	0	0	119	0	0	0	0	0	0	0	0	0	
1.06873e+06	0	0	0	0	0	0	44	47	0	0	0	0	0	0	0	0	
1.06948e+06	0	0	0	0	0	0	107	0	0	0	0	0	0	0	0	0	
1.07023e+06	0	0	0	0	0	0	123	0	0	0	0	0	0	0	0	0	
1.07098e+06	0	0	0	0	0	0	105	0	0	0	0	0	0	0	0	0	
1.07174e+06	0	0	0	0	0	0	113	0	0	0	0	0	0	0	0	0	
1.07249e+06	0	0	0	0	0	0	115	0	0	0	0	0	0	0	0	0	
1.07323e+06	0	0	0	0	0	0	109	0	0	0	0	0	0	0	0	0	
1.07398e+06	0	0	0	0	0	0	95	0	0	0	0	0	0	0	0	0	
1.07473e+06	0	0	0	0	0	0	117	0	0	0	0	0	0	0	0	0	
1.07548e+06	0	0	0	0	0	0	109	0	0	0	0	0	0	0	0	0	
1.07623e+06	0	0	0	0	0	8	103	0	0	0	0	0	0	0	0	0	
1.07698e+06	0	0	0	0	0	0	111	0	0	0	0	0	0	0	0	0	
1.07773e+06	0	0	0	0	0	0	127	0	0	0	0	0	0	0	0	0	
1.07848e+06	0	0	0	0	0	0	129	0	0	0	0	0	0	0	0	0	
1.07923e+06	0	0	0	0	0	0	103	0	0	0	0	0	0	0	0	0	
1.07999e+06	0	0	0	0	0	0	119	0	0	0	0	0	0	0	0	0	
1.08074e+06	0	0	0	0	0	0	107	0	0	0	0	0	0	0	0	0	
1.08149e+06	0	0	0	0	0	0	123	0	0	0	0	0	0	0	0	0	
1.08224e+06	0	0	0	0	0	0	133	0	0	0	0	0	0	0	0	0	
1.08299e+06	0	0	0	0	0	0	111	0	0	0	0	0	0	0	0	0	
1.08374e+06	0	0	0	0	0	0	125	0	0	0	0	0	0	0	0	0	
1.08449e+06	0	0	0	0	0	0	129	0	0	0	0	0	0	0	0	0	
1.08524e+06	0	0	0	0	0	0	129	0	0	0	0	0	0	0	0	0	
1.08599e+06	0	0	0	0	0	0	111	0	0	0	0	0	0	0	0	0	
1.08673e+06	0	0	0	0	0	0	119	0	0	0	0	0	0	0	0	0	
1.08748e+06	0	0	0	0	0	0	105	0	0	0	0	0	0	0	0	0	
1.08823e+06	0	0	0	0	0	0	103	0	0	0	0	0	0	0	0	0	
1.08899e+06	0	0	0	0	0	0	119	0	0	0	0	0	0	0	0	0	
1.08973e+06	0	0	0	0	0	0	119	0	0	0	0	0	0	0	0	0	
1.09048e+06	0	0	0	0	0	0	111	0	0	0	0	0	0	0	0	0	
1.09123e+06	0	0	0	0	0	0	111	0	0	0	0	0	0	0	0	0	
1.09199e+06	0	0	0	0	0	0	127	0	0	0	0	0	0	0	0	0	
1.09274e+06	0	0	0	0	0	0	127	0	0	0	0	0	0	0	0	0	
1.09349e+06	0	0	0	0	0	0	103	0	0	0	0	0	0	0	0	0	
1.09424e+06	0	0	0	0	0	0	125	0	0	0	0	0	0	0	0	0	
1.09499e+06	0	0	0	0	0	0	107	0	0	0	0	0	0	0	0	0	
1.09574e+06	0	0	0	0	0	0	111	0	0	0	0	0	0	0	0	0	
1.09649e+06	0	0	0	0	0	0	115	0	0	0	0	0	0	0	0	0	
1.09724e+06	0	0	0	0	0	0	119	0	0	0	0	0	0	0	0	0	
1.09799e+06	0	0	0	0	0	0	113	0	0	0	0	0	0	0	0	0	
1.09874e+06	0	0	0	0	0	0	121	0	0	0	0	0	0	0	0	0	
1.09949e+06	0	0	0	0	0	0	103	0	0	0	0	0	0	0	0	0	
1.10024e+06	0	0	0	0	0	0	101	0	0	0	0	0	0	0	0	0	
1.10099e+06	0	0	0	0	0	0	113	0	0	0	0	0	0	0	0	0	
1.10174e+06	0	0	0	0	0	0	109	0	0	0	0	0	0	0	0	0	
1.10249e+06	0	0	0	0	0	0	117	0	0	0	0	0	0	0	0	0	
1.10324e+06	0	0	0	0	0	0	111	0	0	0	0	0	0	0	0	0	
1.10399e+06	0	0	0	0	0	0	121	0	0	0	0	0	0	0	0	0	
1.10474e+06	0	0	0	0	0	0	117	0	0	0	0	0	0	0	0	0	
1.1055e+06	0	0	0	0	0	0	111	0	0	0	0	0	0	0	0	0	
1.10625e+06	0	0	0	0	0	0	125	0	0	0	0	0	0	0	0	0	
1.107e+06	0	0	0	0	0	0	123	0	0	0	0	0	0	0	0	0	
1.10775e+06	0	0	0	0	0	0	121	0	0	0	0	0	0	0	0	0	
1.10849e+06	0	0	0	0	0	0	113	0	0	0	0	0	0	0	0	0	
1.10925e+06	0	0	0	0	0	0	119	0	0	0	0	0	0	0	0	0	
1.11e+06	0	0	0	0	0	0	125	0	0	0	0	0	0	0	0	0	
1.11075e+06	0	0	0	0	0	0	115	0	0	0	0	0	0	0	0	0	
1.1115e+06	0	0	0	0	0	0	107	0	0	0	0	0	0	0	0	0	
1.11224e+06	0	0	0	0	0	0	125	0	0	0	0	0	0	0	0	0	
1.113e+06	0	0	0	0	0	0	99	0	0	0	0	0	0	0	0	0	
1.11375e+06	0	0	0	0	0	0	101	0	0	0	0	0	0	0	0	0	
1.1145e+06	0	0	0	0	0	0	99	0	0	0	0	0	0	0	0	0	
1.11525e+06	0	0	0	0	0	0	107	0	0	0	0	0	0	0	0	0	
1.11599e+06	0	0	0	0	0	0	103	0	0	0	0	0	0	0	0	0	
1.11674e+06	0	0	0	0	0	0	107	0	0	0	0	0	0	0	0	0	
1.1175e+06	0	0	0	0	0	0	109	0	0	0	0	0	0	0	0	0	
1.11825e+06	0	0	0	0	0	0	129	0	0	0	0	0	0	0	0	0	
1.119e+06	0	0	0	0	0	0	127	0	0	0	0	0	0	0	0	0	
1.11975e+06	0	0	0	0	0	0	121	0	0	0	0	0	0	0	0	0	
1.12049e+06	0	0	0	0	0	0	105	0	0	0	0	0	0	0	0	0	
1.12124e+06	0	0	0	0	0	0	121	0	0	0	0	0	0	0	0	0	
1.12199e+06	0	0	0	0	0	0	111	0	0	0	0	0	0	0	0	0	
1.12274e+06	0	0	0	0	0	0	117	0	0	0	0	0	0	0	0	0	
1.12349e+06	0	0	0	0	0	0	105	0	0	0	0	0	0	0	0	0	
1.12423e+06	0	0	0	0	0	0	109	0	0	0	0	0	0	0	0	0	
1.12498e+06	0	0	0	0	0	0	89	0	0	0	0	0	0	0	0	0	
1.12574e+06	0	0	0	0	0	0	109	0	0	0	0	0	0	0	0	0	
1.12649e+06	0	0	0	0	0	0	121	0	0	0	0	0	0	0	0	0	
1.12724e+06	0	0	0	0	0	0	113	0	0	0	0	0	0	0	0	0	
1.12799e+06	0	0	0	0	0	0	129	0	0	0	0	0	0	0	0	0	
1.12874e+06	0	0	0	0	0	0	103	0	0	0	0	0	0	0	0	0	
1.12949e+06	0	0	0	0	0	0	109	0	0	0	0	0	0	0	0	0	
1.13024e+06	0	0	0	0	0	0	101	0	0	0	0	0	0	0	0	0	
1.13098e+06	0	0	0	0	0	0	97	0	0	0	0	0	0	0	0	0	
1.13173e+06	0	0	0	0	0	0	129	0	0	0	0	0	0	0	0	0	
1.13248e+06	0	0	0	0	0	0	95	0	0	0	0	0	0	0	0	0	
1.13323e+06	0	0	0	0	0	125	0	0	0	0	0	0	0	0	0	0	
1.13398e+06	0	0	0	0	0	121	0	0	0	0	0	0	0	0	0	0	
1.13473e+06	0	0	0	0	0	121	0	0	0	0	0	0	0	0	0	0	
1.13548e+06	0	0	0	0	0	131	0	0	0	0	0	0	0	0	0	0	
1.13623e+06	0	0	0	0	0	141	0	0	0	0	0	0	0	0	0	0	
1.13698e+06	0	0	0	0	0	143	0	0	0	0	0	0	0	0	0	0	
1.13773e+06	0	0	0	0	0	0	117	0	0	0	0	0	0	0	0	0	
1.13848e+06	0	0	0	0	0	0	121	0	0	0	0	0	0	0	0	0	
1.13923e+06	0	0	0	0	0	2	109	0	0	0	0	0	0	0	0	0	
1.13998e+06	0	0	0	0	0	0	121	0	0	0	0	0	0	0	0	0	
1.14073e+06	0	0	0	0	0	0	113	0	0	0	0	0	0	0	0	0	
1.14148e+06	0	0	0	0	0	127	0	0	0	0	0	0	0	0	0	0	
1.14223e+06	0	0	0	0	0	145	0	0	0	0	0	0	0	0	0	0	
1.14298e+06	0	0	0	0	0	147	0	0	0	0	0	0	0	0	0	0	
1.14373e+06	0	0	0	0	0	135	0	0	0	0	0	0	0	0	0	0	
1.14448e+06	0	0	0	0	0	123	0	0	0	0	0	0	0	0	0	0	
1.14523e+06	0	0	0	0	0	125	0	0	0	0	0	0	0	0	0	0	
1.14598e+06	0	0	0	0	0	127	0	0	0	0	0	0	0	0	0	0	
1.14674e+06	0	0	0	0	0	103	0	0	0	0	0	0	0	0	0	0	
1.14749e+06	0	0	0	0	0	131	0	0	0	0	0	0	0	0	0	0	
1.14824e+06	0	0	0	0	0	109	0	0	0	0	0	0	0	0	0	0	
1.14899e+06	0	0	0	0	0	135	0	0	0	0	0	0	0	0	0	0	
1.14974e+06	0	0	0	0	0	129	0	0	0	0	0	0	0	0	0	0	
1.15049e+06	0	0	0	0	0	121	0	0	0	0	0	0	0	0	0	0	
1.15124e+06	0	0	0	0	0	145	0	0	0	0	0	0	0	0	0	0	
1.15199e+06	0	0	0	0	0	115	0	0	0	0	0	0	0	0	0	0	
1.15274e+06	0	0	0	0	0	135	0	0	0	0	0	0	0	0	0	0	
1.15349e+06	0	0	0	0	0	139	0	0	0	0	0	0	0	0	0	0	
1.15424e+06	0	0	0	0	0	135	0	0	0	0	0	0	0	0	0	0	
1.15499e+06	0	0	0	0	0	137	0	0	0	0	0	0	0	0	0	0	
1.15575e+06	0	0	0	0	0	155	0	0	0	0	0	0	0	0	0	0	
1.1565e+06	0	0	0	0	0	125	0	0	0	0	0	0	0	0	0	0	
1.15725e+06	0	0	0	0	0	129	0	0	0	0	0	0	0	0	0	0	
1.158e+06	0	0	0	0	141	0	0	0	0	0	0	0	0	0	0	0	
1.15874e+06	0	0	0	0	166	3	0	0	0	0	0	0	0	0	0	0	
1.1595e+06	0	0	0	0	151	0	0	0	0	0	0	0	0	0	0	0	
1.16025e+06	0	0	0	0	157	0	0	0	0	0	0	0	0	0	0	0	
1.161e+06	0	0	0	0	153	0	0	0	0	0	0	0	0	0	0	0	
1.16176e+06	0	0	0	1	122	0	0	0	0	0	0	0	0	0	0	0	
1.16251e+06	0	0	0	0	155	0	0	0	0	0	0	0	0	0	0	0	
1.16325e+06	0	0	0	0	183	0	0	0	0	0	0	0	0	0	0	0	
1.164e+06	0	0	0	0	141	0	0	0	0	0	0	0	0	0	0	0	
1.16476e+06	0	0	0	0	165	0	0	0	0	0	0	0	0	0	0	0	
1.1655e+06	0	0	0	0	143	0	0	0	0	0	0	0	0	0	0	0	
1.16626e+06	0	0	0	0	177	0	0	0	0	0	0	0	0	0	0	0	
1.16701e+06	0	0	0	0	153	0	0	0	0	0	0	0	0	0	0	0	
1.16776e+06	0	0	0	0	189	0	0	0	0	0	0	0	0	0	0	0	
1.16851e+06	0	0	0	0	139	2	0	0	0	0	0	0	0	0	0	0	
1.16926e+06	0	0	0	0	167	0	0	0	0	0	0	0	0	0	0	0	
1.17001e+06	0	0	0	0	165	0	0	0	0	0	0	0	0	0	0	0	
1.17076e+06	0	0	0	0	151	0	0	0	0	0	0	0	0	0	0	0	
1.17151e+06	0	0	0	0	177	0	0	0	0	0	0	0	0	0	0	0	
1.17227e+06	0	0	0	0	141	0	0	0	0	0	0	0	0	0	0	0	
1.17302e+06	0	0	0	0	157	0	0	0	0	0	0	0	0	0	0	0	
1.17377e+06	0	0	0	0	161	0	0	0	0	0	0	0	0	0	0	0	
1.17452e+06	0	0	0	0	153	0	0	0	0	0	0	0	0	0	0	0	
1.17526e+06	0	0	0	0	163	0	0	0	0	0	0	0	0	0	0	0	
1.17602e+06	0	0	0	0	163	0	0	0	0	0	0	0	0	0	0	0	
1.17677e+06	0	0	0	0	151	0	0	0	0	0	0	0	0	0	0	0	
1.17752e+06	0	0	0	0	143	0	0	0	0	0	0	0	0	0	0	0	
1.17827e+06	0	0	0	0	155	0	0	0	0	0	0	0	0	0	0	0	
1.17902e+06	0	0	0	0	169	0	0	0	0	0	0	0	0	0	0	0	
1.17977e+06	0	0	0	0	149	0	0	0	0	0	0	0	0	0	0	0	
1.18052e+06	0	0	0	0	129	0	0	0	0	0	0	0	0	0	0	0	
1.18126e+06	0	0	0	0	167	10	0	0	0	0	0	0	0	0	0	0	
1.18201e+06	0	0	0	0	143	0	0	0	0	0	0	0	0	0	0	0	
1.18276e+06	0	0	0	0	185	0	0	0	0	0	0	0	0	0	0	0	
1.18351e+06	0	0	0	0	183	0	0	0	0	0	0	0	0	0	0	0	
1.18426e+06	0	0	0	0	157	0	0	0	0	0	0	0	0	0	0	0	
1.18501e+06	0	0	0	0	169	0	0	0	0	0	0	0	0	0	0	0	
1.18576e+06	0	0	0	0	169	0	0	0	0	0	0	0	0	0	0	0	
1.18651e+06	0	0	0	0	169	0	0	0	0	0	0	0	0	0	0	0	
1.18726e+06	0	0	0	0	151	0	0	0	0	0	0	0	0	0	0	0	
1.18801e+06	0	0	0	0	151	0	0	0	0	0	0	0	0	0	0	0	
1.18875e+06	0	0	0	0	139	0	0	0	0	0	0	0	0	0	0	0	
1.18951e+06	0	0	0	0	151	0	0	0	0	0	0	0	0	0	0	0	
1.19026e+06	0	0	0	0	153	0	0	0	0	0	0	0	0	0	0	0	
1.19101e+06	0	0	0	0	159	0	0	0	0	0	0	0	0	0	0	0	
1.19176e+06	0	0	0	0	139	0	0	0	0	0	0	0	0	0	0	0	
1.19251e+06	0	0	0	0	159	0	0	0	0	0	0	0	0	0	0	0	
1.19326e+06	0	0	0	0	171	0	0	0	0	0	0	0	0	0	0	0	
1.19401e+06	0	0	0	0	147	0	0	0	0	0	0	0	0	0	0	0	
1.19476e+06	0	0	0	0	155	0	0	0	0	0	0	0	0	0	0	0	
1.19551e+06	0	0	0	0	167	0	0	0	0	0	0	0	0	0	0	0	
1.19626e+06	0	0	0	0	157	0	0	0	0	0	0	0	0	0	0	0	
1.19701e+06	0	0	0	0	157	0	0	0	0	0	0	0	0	0	0	0	
1.19776e+06	0	0	0	0	161	0	0	0	0	0	0	0	0	0	0	0	
1.19851e+06	0	0	0	0	159	0	0	0	0	0	0	0	0	0	0	0	
1.19926e+06	0	0	0	0	151	0	0	0	0	0	0	0	0	0	0	0	
1.20001e+06	0	0	0	0	161	0	0	0	0	0	0	0	0	0	0	0	
1.20076e+06	0	0	0	0	171	0	0	0	0	0	0	0	0	0	0	0	
1.2015e+06	0	0	0	0	171	0	0	0	0	0	0	0	0	0	0	0	
1.20225e+06	0	0	0	0	161	0	0	0	0	0	0	0	0	0	0	0	
1.20301e+06	0	0	0	0	173	0	0	0	0	0	0	0	0	0	0	0	
1.20376e+06	0	0	0	0	131	0	0	0	0	0	0	0	0	0	0	0	
1.20451e+06	0	0	0	0	149	0	0	0	0	0	0	0	0	0	0	0	
1.20526e+06	0	0	0	0	171	0	0	0	0	0	0	0	0	0	0	0	
1.206e+06	0	0	0	0	167	0	0	0	0	0	0	0	0	0	0	0	
1.20675e+06	0	0	0	0	163	0	0	0	0	0	0	0	0	0	0	0	
1.2075e+06	0	0	0	0	149	0	0	0	0	0	0	0	0	0	0	0	
1.20825e+06	0	0	0	0	155	0	0	0	0	0	0	0	0	0	0	0	
1.209e+06	0	0	0	0	162	1	0	0	0	0	0	0	0	0	0	0	
1.20975e+06	0	0	0	0	177	0	0	0	0	0	0	0	0	0	0	0	
1.21051e+06	0	0	0	0	137	0	0	0	0	0	0	0	0	0	0	0	
1.21126e+06	0	0	0	0	171	0	0	0	0	0	0	0	0	0	0	0	
1.21201e+06	0	0	0	0	167	0	0	0	0	0	0	0	0	0	0	0	
1.21276e+06	0	0	0	0	165	0	0	0	0	0	0	0	0	0	0	0	
1.21351e+06	0	0	0	0	159	0	0	0	0	0	0	0	0	0	0	0	
1.21426e+06	0	0	0	0	80	83	0	0	0	0	0	0	0	0	0	0	
1.21501e+06	0	0	0	0	0	127	0	0	0	0	0	0	0	0	0	0	
1.21576e+06	0	0	0	0	0	143	0	0	0	0	0	0	0	0	0	0	
1.21652e+06	0	0	0	0	0	143	0	0	0	0	0	0	0	0	0	0	
1.21726e+06	0	0	0	0	0	143	0	0	0	0	0	0	0	0	0	0	
1.21802e+06	0	0	0	0	0	129	0	0	0	0	0	0	0	0	0	0	
1.21876e+06	0	0	0	0	0	135	0	0	0	0	0	0	0	0	0	0	
1.21952e+06	0	0	0	0	0	0	103	0	0	0	0	0	0	0	0	0	
1.22027e+06	0	0	0	0	0	0	131	0	0	0	0	0	0	0	0	0	
1.22101e+06	0	0	0	0	0	0	107	0	0	0	0	0	0	0	0	0	
1.22176e+06	0	0	0	0	0	0	119	0	0	0	0	0	0	0	0	0	
1.22252e+06	0	0	0	0	0	0	115	0	0	0	0	0	0	0	0	0	
1.22327e+06	0	0	0	0	0	0	121	0	0	0	0	0	0	0	0	0	
1.22402e+06	0	0	0	0	0	0	105	0	0	0	0	0	0	0	0	0	
1.22477e+06	0	0	0	0	0	0	115	0	0	0	0	0	0	0	0	0	
1.22552e+06	0	0	0	0	0	0	121	0	0	0	0	0	0	0	0	0	
1.22627e+06	0	0	0	0	0	0	107	0	0	0	0	0	0	0	0	0	
1.22702e+06	0	0	0	0	0	0	109	0	0	0	0	0	0	0	0	0	
1.22777e+06	0	0	0	0	0	0	0	97	0	0	0	0	0	0	0	0	
1.22851e+06	0	0	0	0	0	0	0	91	0	0	0	0	0	0	0	0	
1.22927e+06	0	0	0	0	0	0	0	75	0	0	0	0	0	0	0	0	
1.23002e+06	0	0	0	0	0	0	0	103	0	0	0	0	0	0	0	0	
1.23076e+06	0	0	0	0	0	0	0	99	0	0	0	0	0	0	0	0	
1.23151e+06	0	0	0	0	0	0	0	103	0	0	0	0	0	0	0	0	
1.23226e+06	0	0	0	0	0	0	0	99	0	0	0	0	0	0	0	0	
1.23301e+06	0	0	0	0	0	0	0	111	0	0	0	0	0	0	0	0	
1.23376e+06	0	0	0	0	0	0	0	105	0	0	0	0	0	0	0	0	
1.23452e+06	0	0	0	0	0	0	0	101	0	0	0	0	0	0	0	0	
1.23526e+06	0	0	0	0	0	0	0	93	0	0	0	0	0	0	0	0	
1.23601e+06	0	0	0	0	0	0	0	111	0	0	0	0	0	0	0	0	
1.23676e+06	0	0	0	0	0	0	0	117	0	0	0	0	0	0	0	0	
1.23751e+06	0	0	0	0	0	0	0	99	0	0	0	0	0	0	0	0	
1.23827e+06	0	0	0	0	0	0	107	0	0	0	0	0	0	0	0	0	
1.23902e+06	0	0	0	0	0	0	121	0	0	0	0	0	0	0	0	0	
1.23977e+06	0	0	0	0	0	0	95	0	0	0	0	0	0	0	0	0	
1.24052e+06	0	0	0	0	0	0	101	0	0	0	0	0	0	0	0	0	
1.24127e+06	0	0	0	0	0	0	129	0	0	0	0	0	0	0	0	0	
1.24202e+06	0	0	0	0	0	0	121	0	0	0	0	0	0	0	0	0	
1.24277e+06	0	0	0	0	0	0	97	0	0	0	0	0	0	0	0	0	
1.24352e+06	0	0	0	0	0	0	119	0	0	0	0	0	0	0	0	0	
1.24427e+06	0	0	0	0	0	0	123	0	0	0	0	0	0	0	0	0	
1.24502e+06	0	0	0	0	0	0	127	0	0	0	0	0	0	0	0	0	
1.24577e+06	0	0	0	0	0	0	115	0	0	0	0	0	0	0	0	0	
1.24652e+06	0	0	0	0	0	0	95	0	0	0	0	0	0	0	0	0	
1.24727e+06	0	0	0	0	0	0	129	0	0	0	0	0	0	0	0	0	
1.24802e+06	0	0	0	0	0	0	113	0	0	0	0	0	0	0	0	0	
1.24876e+06	0	0	0	0	0	0	121	0	0	0	0	0	0	0	0	0	
1.24951e+06	0	0	0	0	0	0	111	0	0	0	0	0	0	0	0	0	
1.25026e+06	0	0	0	0	0	0	101	0	0	0	0	0	0	0	0	0	
1.25101e+06	0	0	0	0	0	0	117	0	0	0	0	0	0	0	0	0	
1.25176e+06	0	0	0	0	0	0	115	0	0	0	0	0	0	0	0	0	
1.25251e+06	0	0	0	0	0	0	121	0	0	0	0	0	0	0	0	0	
1.25326e+06	0	0	0	0	0	0	117	0	0	0	0	0	0	0	0	0	
1.25401e+06	0	0	0	0	0	0	111	0	0	0	0	0	0	0	0	0	
1.25476e+06	0	0	0	0	0	0	119	0	0	0	0	0	0	0	0	0	
1.25551e+06	0	0	0	0	0	0	109	0	0	0	0	0	0	0	0	0	
1.25626e+06	0	0	0	0	0	0	0	91	0	0	0	0	0	0	0	0	
1.25701e+06	0	0	0	0	0	0	0	117	0	0	0	0	0	0	0	0	
1.25776e+06	0	0	0	0	0	0	0	105	0	0	0	0	0	0	0	0	
1.25851e+06	0	0	0	0	0	0	0	117	0	0	0	0	0	0	0	0	
1.25926e+06	0	0	0	0	0	0	0	113	0	0	0	0	0	0	0	0	
1.26001e+06	0	0	0	0	0	0	0	107	0	0	0	0	0	0	0	0	
1.26077e+06	0	0	0	0	0	0	0	103	0	0	0	0	0	0	0	0	
1.26152e+06	0	0	0	0	0	0	0	104	5	0	0	0	0	0	0	0	
1.26227e+06	0	0	0	0	0	0	0	89	0	0	0	0	0	0	0	0	
1.26302e+06	0	0	0	0	0	0	0	95	0	0	0	0	0	0	0	0	
1.26377e+06	0	0	0	0	0	0	0	89	0	0	0	0	0	0	0	0	
1.26452e+06	0	0	0	0	0	0	0	89	0	0	0	0	0	0	0	0	
1.26527e+06	0	0	0	0	0	0	0	101	0	0	0	0	0	0	0	0	
1.26602e+06	0	0	0	0	0	0	0	93	0	0	0	0	0	0	0	0	
1.26677e+06	0	0	0	0	0	0	0	97	0	0	0	0	0	0	0	0	
1.26752e+06	0	0	0	0	0	0	0	105	0	0	0	0	0	0	0	0	
1.26827e+06	0	0	0	0	0	0	0	95	0	0	0	0	0	0	0	0	
1.26902e+06	0	0	0	0	0	0	0	123	0	0	0	0	0	0	0	0	
1.26977e+06	0	0	0	0	0	0	117	0	0	0	0	0	0	0	0	0	
1.27052e+06	0	0	0	0	0	0	133	0	0	0	0	0	0	0	0	0	
1.27127e+06	0	0	0	0	0	0	127	0	0	0	0	0	0	0	0	0	
1.27202e+06	0	0	0	0	0	0	117	0	0	0	0	0	0	0	0	0	
1.27277e+06	0	0	0	0	0	0	127	0	0	0	0	0	0	0	0	0	
1.27352e+06	0	0	0	0	0	0	99	0	0	0	0	0	0	0	0	0	
1.27427e+06	0	0	0	0	0	0	127	0	0	0	0	0	0	0	0	0	
1.27502e+06	0	0	0	0	0	0	119	0	0	0	0	0	0	0	0	0	
1.27577e+06	0	0	0	0	0	0	91	0	0	0	0	0	0	0	0	0	
1.27652e+06	0	0	0	0	0	0	113	0	0	0	0	0	0	0	0	0	
1.27727e+06	0	0	0	0	0	0	109	0	0	0	0	0	0	0	0	0	
1.27802e+06	0	0	0	0	0	0	127	0	0	0	0	0	0	0	0	0	
1.27877e+06	0	0	0	0	0	0	0	93	0	0	0	0	0	0	0	0	
1.27953e+06	0	0	0	0	0	0	0	111	0	0	0	0	0	0	0	0	
1.28028e+06	0	0	0	0	0	0	0	103	0	0	0	0	0	0	0	0	
1.28103e+06	0	0	0	0	0	0	0	129	0	0	0	0	0	0	0	0	
1.28178e+06	0	0	0	0	0	0	0	91	0	0	0	0	0	0	0	0	
1.28253e+06	0	0	0	0	0	0	0	97	0	0	0	0	0	0	0	0	
1.28328e+06	0	0	0	0	0	0	0	115	0	0	0	0	0	0	0	0	
1.28404e+06	0	0	0	0	0	0	0	101	0	0	0	0	0	0	0	0	
1.28479e+06	0	0	0	0	0	0	0	87	0	0	0	0	0	0	0	0	
1.28554e+06	0	0	0	0	0	0	0	75	0	0	0	0	0	0	0	0	
1.28629e+06	0	0	0	0	0	0	0	97	0	0	0	0	0	0	0	0	
1.28704e+06	0	0	0	0	0	0	0	109	0	0	0	0	0	0	0	0	
1.28779e+06	0	0	0	0	0	0	0	99	0	0	0	0	0	0	0	0	
1.28854e+06	0	0	0	0	0	0	0	111	0	0	0	0	0	0	0	0	
1.28929e+06	0	0	0	0	0	0	0	91	0	0	0	0	0	0	0	0	
1.29004e+06	0	0	0	0	0	0	0	93	0	0	0	0	0	0	0	0	
1.29079e+06	0	0	0	0	0	0	0	93	0	0	0	0	0	0	0	0	
1.29154e+06	0	0	0	0	0	0	0	85	0	0	0	0	0	0	0	0	
1.29229e+06	0	0	0	0	0	0	0	97	0	0	0	0	0	0	0	0	
1.29304e+06	0	0	0	0	0	0	0	93	0	0	0	0	0	0	0	0	
1.29379e+06	0	0	0	0	0	0	0	87	0	0	0	0	0	0	0	0	
1.29454e+06	0	0	0	0	0	0	0	0	69	0	0	0	0	0	0	0	
1.29529e+06	0	0	0	0	0	0	0	0	89	0	0	0	0	0	0	0	
1.29604e+06	0	0	0	0	0	0	0	0	87	0	0	0	0	0	0	0	
1.29679e+06	0	0	0	0	0	0	0	0	103	0	0	0	0	0	0	0	
1.29754e+06	0	0	0	0	0	0	0	0	81	0	0	0	0	0	0	0	
1.29829e+06	0	0	0	0	0	0	0	0	89	0	0	0	0	0	0	0	
1.29904e+06	0	0	0	0	0	0	0	0	85	0	0	0	0	0	0	0	
1.2998e+06	0	0	0	0	0	0	0	0	83	0	0	0	0	0	0	0	
1.30055e+06	0	0	0	0	0	0	0	0	87	0	0	0	0	0	0	0	
1.3013e+06	0	0	0	0	0	0	0	0	91	0	0	0	0	0	0	0	
1.30205e+06	0	0	0	0	0	0	0	0	93	0	0	0	0	0	0	0	
1.30279e+06	0	0	0	0	0	0	0	0	71	0	0	0	0	0	0	0	
1.30354e+06	0	0	0	0	0	0	0	0	85	0	0	0	0	0	0	0	
1.30429e+06	0	0	0	0	0	0	0	0	107	0	0	0	0	0	0	0	
1.30504e+06	0	0	0	0	0	0	0	0	97	0	0	0	0	0	0	0	
1.30579e+06	0	0	0	0	0	0	0	0	93	0	0	0	0	0	0	0	
1.30654e+06	0	0	0	0	0	0	0	0	79	0	0	0	0	0	0	0	
1.30729e+06	0	0	0	0	0	0	0	0	83	0	0	0	0	0	0	0	
1.30804e+06	0	0	0	0	0	0	0	0	99	0	0	0	0	0	0	0	
1.30879e+06	0	0	0	0	0	0	0	0	97	0	0	0	0	0	0	0	
1.30954e+06	0	0	0	0	0	0	0	0	81	0	0	0	0	0	0	0	
1.31029e+06	0	0	0	0	0	0	0	0	71	0	0	0	0	0	0	0	
1.31104e+06	0	0	0	0	0	0	0	0	0	81	0	0	0	0	0	0	
1.31179e+06	0	0	0	0	0	0	0	0	0	83	0	0	0	0	0	0	
1.31255e+06	0	0	0	0	0	0	0	0	0	69	0	0	0	0	0	0	
1.31329e+06	0	0	0	0	0	0	0	0	0	63	0	0	0	0	0	0	
1.31405e+06	0	0	0	0	0	0	0	0	0	75	0	0	0	0	0	0	
1.3148e+06	0	0	0	0	0	0	0	0	0	93	0	0	0	0	0	0	
1.31555e+06	0	0	0	0	0	0	0	0	0	81	0	0	0	0	0	0	
1.3163e+06	0	0	0	0	0	0	0	0	0	73	0	0	0	0	0	0	
1.31705e+06	0	0	0	0	0	0	0	0	0	87	0	0	0	0	0	0	
1.3178e+06	0	0	0	0	0	0	0	0	0	73	0	0	0	0	0	0	
1.31855e+06	0	0	0	0	0	0	0	0	0	69	0	0	0	0	0	0	
1.3193e+06	0	0	0	0	0	0	0	0	0	73	0	0	0	0	0	0	
1.32005e+06	0	0	0	0	0	0	0	0	0	71	0	0	0	0	0	0	
1.3208e+06	0	0	0	0	0	0	0	0	0	83	0	0	0	0	0	0	
1.32155e+06	0	0	0	0	0	0	0	0	0	69	0	0	0	0	0	0	
1.3223e+06	0	0	0	0	0	0	0	0	0	95	0	0	0	0	0	0	
1.32304e+06	0	0	0	0	0	0	0	0	0	65	0	0	0	0	0	0	
1.32379e+06	0	0	0	0	0	0	0	0	0	81	0	0	0	0	0	0	
1.32454e+06	0	0	0	0	0	0	0	0	0	107	0	0	0	0	0	0	
1.3253e+06	0	0	0	0	0	0	0	0	0	93	0	0	0	0	0	0	
1.32604e+06	0	0	0	0	0	0	0	0	0	63	0	0	0	0	0	0	
1.32679e+06	0	0	0	0	0	0	0	0	0	77	0	0	0	0	0	0	
1.32754e+06	0	0	0	0	0	0	0	0	0	77	0	0	0	0	0	0	
1.32829e+06	0	0	0	0	0	0	0	0	0	81	0	0	0	0	0	0	
1.32904e+06	0	0	0	0	0	0	0	0	0	79	0	0	0	0	0	0	
1.32979e+06	0	0	0	0	0	0	0	0	0	71	0	0	0	0	0	0	
1.33054e+06	0	0	0	0	0	0	0	0	0	69	0	0	0	0	0	0	
1.33129e+06	0	0	0	0	0	0	0	0	0	73	0	0	0	0	0	0	
1.33204e+06	0	0	0	0	0	0	0	0	0	69	0	0	0	0	0	0	
1.33279e+06	0	0	0	0	0	0	0	0	0	67	0	0	0	0	0	0	
1.33354e+06	0	0	0	0	0	0	0	0	0	87	0	0	0	0	0	0	
1.33429e+06	0	0	0	0	0	0	0	0	0	67	0	0	0	0	0	0	
1.33504e+06	0	0	0	0	0	0	0	0	0	75	0	0	0	0	0	0	
1.33579e+06	0	0	0	0	0	0	0	0	0	89	0	0	0	0	0	0	
1.33654e+06	0	0	0	0	0	0	0	0	0	77	0	0	0	0	0	0	
1.33729e+06	0	0	0	0	0	0	0	0	0	85	0	0	0	0	0	0	
1.33804e+06	0	0	0	0	0	0	0	0	0	77	0	0	0	0	0	0	
1.33879e+06	0	0	0	0	0	0	0	0	0	71	0	0	0	0	0	0	
1.33954e+06	0	0	0	0	0	0	0	0	0	87	0	0	0	0	0	0	
1.3403e+06	0	0	0	0	0	0	0	0	0	83	0	0	0	0	0	0	
1.34104e+06	0	0	0	0	0	0	0	0	0	61	0	0	0	0	0	0	
1.34179e+06	0	0	0	0	0	0	0	0	0	91	0	0	0	0	0	0	
1.34254e+06	0	0	0	0	0	0	0	0	0	0	71	0	0	0	0	0	
1.34329e+06	0	0	0	0	0	0	0	0	0	0	67	0	0	0	0	0	
1.34404e+06	0	0	0	0	0	0	0	0	0	0	87	0	0	0	0	0	
1.34479e+06	0	0	0	0	0	0	0	0	0	0	59	0	0	0	0	0	
1.34554e+06	0	0	0	0	0	0	0	0	0	0	69	0	0	0	0	0	
1.34629e+06	0	0	0	0	0	0	0	0	0	0	57	0	0	0	0	0	
1.34704e+06	0	0	0	0	0	0	0	0	0	0	65	0	0	0	0	0	
1.34779e+06	0	0	0	0	0	0	0	0	0	0	69	16	0	0	0	0	
1.34854e+06	0	0	0	0	0	0	0	0	0	0	63	0	0	0	0	0	
1.34929e+06	0	0	0	0	0	0	0	0	0	0	69	0	0	0	0	0	
1.35004e+06	0	0	0	0	0	0	0	0	0	0	81	0	0	0	0	0	
1.35079e+06	0	0	0	0	0	0	0	0	0	0	65	0	0	0	0	0	
1.35154e+06	0	0	0	0	0	0	0	0	0	0	87	0	0	0	0	0	
1.35229e+06	0	0	0	0	0	0	0	0	0	0	87	0	0	0	0	0	
1.35304e+06	0	0	0	0	0	0	0	0	0	0	57	0	0	0	0	0	
1.35378e+06	0	0	0	0	0	0	0	0	0	0	73	0	0	0	0	0	
1.35453e+06	0	0	0	0	0	0	0	0	0	0	85	0	0	0	0	0	
1.35528e+06	0	0	0	0	0	0	0	0	0	0	73	0	0	0	0	0	
1.35603e+06	0	0	0	0	0	0	0	0	0	0	73	0	0	0	0	0	
1.35678e+06	0	0	0	0	0	0	0	0	0	0	67	0	0	0	0	0	
1.35753e+06	0	0	0	0	0	0	0	0	0	0	81	0	0	0	0	0	
1.35828e+06	0	0	0	0	0	0	0	0	0	0	69	0	0	0	0	0	
1.35903e+06	0	0	0	0	0	0	0	0	0	0	0	65	0	0	0	0	
1.35978e+06	0	0	0	0	0	0	0	0	0	0	0	79	0	0	0	0	
1.36053e+06	0	0	0	0	0	0	0	0	0	0	0	69	0	0	0	0	
1.36128e+06	0	0	0	0	0	0	0	0	0	0	0	57	0	0	0	0	
1.36203e+06	0	0	0	0	0	0	0	0	0	0	11	62	0	0	0	0	
1.36278e+06	0	0	0	0	0	0	0	0	0	0	79	0	0	0	0	0	
1.36353e+06	0	0	0	0	0	0	0	0	0	0	81	0	0	0	0	0	
1.36428e+06	0	0	0	0	0	0	0	0	0	0	79	0	0	0	0	0	
1.36503e+06	0	0	0	0	0	0	0	0	0	0	59	0	0	0	0	0	
1.36578e+06	0	0	0	0	0	0	0	0	0	0	85	0	0	0	0	0	
1.36653e+06	0	0	0	0	0	0	0	0	0	0	73	0	0	0	0	0	
1.36728e+06	0	0	0	0	0	0	0	0	0	0	71	0	0	0	0	0	
1.36803e+06	0	0	0	0	0	0	0	0	0	0	79	0	0	0	0	0	
1.36878e+06	0	0	0	0	0	0	0	0	0	0	79	0	0	0	0	0	
1.36953e+06	0	0	0	0	0	0	0	0	0	0	75	0	0	0	0	0	
1.37027e+06	0	0	0	0	0	0	0	0	0	57	0	0	0	0	0	0	
1.37103e+06	0	0	0	0	0	0	0	0	0	75	0	0	0	0	0	0	
1.37178e+06	0	0	0	0	0	0	0	0	0	75	0	0	0	0	0	0	
1.37253e+06	0	0	0	0	0	0	0	0	0	79	0	0	0	0	0	0	
1.37327e+06	0	0	0	0	0	0	0	0	0	67	0	0	0	0	0	0	
1.37402e+06	0	0	0	0	0	0	0	0	87	0	0	0	0	0	0	0	
1.37477e+06	0	0	0	0	0	0	0	0	87	0	0	0	0	0	0	0	
1.37552e+06	0	0	0	0	0	0	0	0	81	0	0	0	0	0	0	0	
1.37627e+06	0	0	0	0	0	0	0	0	79	0	0	0	0	0	0	0	
1.37702e+06	0	0	0	0	0	0	0	0	105	0	0	0	0	0	0	0	
1.37777e+06	0	0	0	0	0	0	0	0	93	0	0	0	0	0	0	0	
1.37853e+06	0	0	0	0	0	0	0	0	105	0	0	0	0	0	0	0	
1.37928e+06	0	0	0	0	0	0	0	0	103	0	0	0	0	0	0	0	
1.38002e+06	0	0	0	0	0	0	0	0	81	0	0	0	0	0	0	0	
1.38077e+06	0	0	0	0	0	0	0	0	99	0	0	0	0	0	0	0	
1.38152e+06	0	0	0	0	0	0	0	0	101	0	0	0	0	0	0	0	
1.38227e+06	0	0	0	0	0	0	0	0	81	0	0	0	0	0	0	0	
1.38302e+06	0	0	0	0	0	0	0	0	99	0	0	0	0	0	0	0	
1.38377e+06	0	0	0	0	0	0	0	0	81	0	0	0	0	0	0	0	
1.38452e+06	0	0	0	0	0	0	0	0	75	0	0	0	0	0	0	0	
1.38527e+06	0	0	0	0	0	0	0	0	103	0	0	0	0	0	0	0	
1.38602e+06	0	0	0	0	0	0	0	0	91	0	0	0	0	0	0	0	
1.38677e+06	0	0	0	0	0	0	0	0	81	0	0	0	0	0	0	0	
1.38752e+06	0	0	0	0	0	0	0	0	75	0	0	0	0	0	0	0	
1.38827e+06	0	0	0	0	0	0	0	0	83	0	0	0	0	0	0	0	
1.38902e+06	0	0	0	0	0	0	0	0	95	0	0	0	0	0	0	0	
1.38977e+06	0	0	0	0	0	0	0	0	93	0	0	0	0	0	0	0	
1.39051e+06	0	0	0	0	0	0	0	0	81	0	0	0	0	0	0	0	
1.39126e+06	0	0	0	0	0	0	0	0	97	0	0	0	0	0	0	0	
1.39201e+06	0	0	0	0	0	0	0	0	95	0	0	0	0	0	0	0	
1.39276e+06	0	0	0	0	0	0	0	0	93	0	0	0	0	0	0	0	
1.39351e+06	0	0	0	0	0	0	0	0	95	0	0	0	0	0	0	0	
1.39426e+06	0	0	0	0	0	0	0	0	71	0	0	0	0	0	0	0	
1.39501e+06	0	0	0	0	0	0	0	0	87	0	0	0	0	0	0	0	
1.39576e+06	0	0	0	0	0	0	0	0	105	0	0	0	0	0	0	0	
1.39652e+06	0	0	0	0	0	0	0	0	79	0	0	0	0	0	0	0	
1.39726e+06	0	0	0	0	0	0	0	0	81	0	0	0	0	0	0	0	
1.39802e+06	0	0	0	0	0	0	0	0	97	0	0	0	0	0	0	0	
1.39877e+06	0	0	0	0	0	0	0	0	79	0	0	0	0	0	0	0	
1.39952e+06	0	0	0	0	0	0	0	0	93	0	0	0	0	0	0	0	
1.40027e+06	0	0	0	0	0	0	0	0	97	0	0	0	0	0	0	0	
1.40102e+06	0	0	0	0	0	0	0	0	109	0	0	0	0	0	0	0	
1.40177e+06	0	0	0	0	0	0	0	0	97	0	0	0	0	0	0	0	
1.40252e+06	0	0	0	0	0	0	0	0	89	0	0	0	0	0	0	0	
1.40327e+06	0	0	0	0	0	0	0	0	79	0	0	0	0	0	0	0	
1.40402e+06	0	0	0	0	0	0	0	0	89	0	0	0	0	0	0	0	
1.40477e+06	0	0	0	0	0	0	0	0	89	0	0	0	0	0	0	0	
1.40552e+06	0	0	0	0	0	0	0	0	95	0	0	0	0	0	0	0	
1.40627e+06	0	0	0	0	0	0	0	0	85	0	0	0	0	0	0	0	
1.40702e+06	0	0	0	0	0	0	0	0	99	0	0	0	0	0	0	0	
1.40777e+06	0	0	0	0	0	0	0	0	95	0	0	0	0	0	0	0	
1.40852e+06	0	0	0	0	0	0	0	0	89	0	0	0	0	0	0	0	
1.40928e+06	0	0	0	0	0	0	0	0	83	0	0	0	0	0	0	0	
1.41002e+06	0	0	0	0	0	0	0	0	93	0	0	0	0	0	0	0	
1.41077e+06	0	0	0	0	0	0	0	0	71	0	0	0	0	0	0	0	
1.41152e+06	0	0	0	0	0	0	0	0	83	0	0	0	0	0	0	0	
1.41227e+06	0	0	0	0	0	0	0	109	0	0	0	0	0	0	0	0	
1.41303e+06	0	0	0	0	0	0	0	87	0	0	0	0	0	0	0	0	
1.41377e+06	0	0	0	0	0	0	0	117	6	0	0	0	0	0	0	0	
1.41453e+06	0	0	0	0	0	0	0	87	0	0	0	0	0	0	0	0	
1.41528e+06	0	0	0	0	0	0	0	97	0	0	0	0	0	0	0	0	
1.41603e+06	0	0	0	0	0	0	0	91	0	0	0	0	0	0	0	0	
1.41678e+06	0	0	0	0	0	0	0	107	0	0	0	0	0	0	0	0	
1.41753e+06	0	0	0	0	0	0	0	99	0	0	0	0	0	0	0	0	
1.41828e+06	0	0	0	0	0	0	0	87	0	0	0	0	0	0	0	0	
1.41903e+06	0	0	0	0	0	0	0	0	101	0	0	0	0	0	0	0	
1.41978e+06	0	0	0	0	0	0	0	0	85	0	0	0	0	0	0	0	
1.42053e+06	0	0	0	0	0	0	0	0	83	0	0	0	0	0	0	0	
1.42128e+06	0	0	0	0	0	0	0	0	93	0	0	0	0	0	0	0	
1.42203e+06	0	0	0	0	0	0	0	0	77	0	0	0	0	0	0	0	
1.42278e+06	0	0	0	0	0	0	0	0	89	0	0	0	0	0	0	0	
1.42353e+06	0	0	0	0	0	0	0	0	91	0	0	0	0	0	0	0	
1.42428e+06	0	0	0	0	0	0	0	0	85	0	0	0	0	0	0	0	
1.42503e+06	0	0	0	0	0	0	0	0	85	0	0	0	0	0	0	0	
1.42578e+06	0	0	0	0	0	0	0	0	85	0	0	0	0	0	0	0	
1.42653e+06	0	0	0	0	0	0	0	0	101	0	0	0	0	0	0	0	
1.42728e+06	0	0	0	0	0	0	0	0	105	0	0	0	0	0	0	0	
1.42803e+06	0	0	0	0	0	0	0	0	57	0	0	0	0	0	0	0	
1.42878e+06	0	0	0	0	0	0	0	0	85	0	0	0	0	0	0	0	
1.42953e+06	0	0	0	0	0	0	0	0	103	0	0	0	0	0	0	0	
1.43028e+06	0	0	0	0	0	0	0	0	77	0	0	0	0	0	0	0	
1.43104e+06	0	0	0	0	0	0	0	0	105	0	0	0	0	0	0	0	
1.43178e+06	0	0	0	0	0	0	0	0	103	0	0	0	0	0	0	0	
1.43254e+06	0	0	0	0	0	0	0	0	85	0	0	0	0	0	0	0	
1.43329e+06	0	0	0	0	0	0	0	0	77	0	0	0	0	0	0	0	
1.43403e+06	0	0	0	0	0	0	0	0	99	0	0	0	0	0	0	0	
1.43479e+06	0	0	0	0	0	0	0	105	0	0	0	0	0	0	0	0	
1.43553e+06	0	0	0	0	0	0	0	99	0	0	0	0	0	0	0	0	
1.43628e+06	0	0	0	0	0	0	0	83	0	0	0	0	0	0	0	0	
1.43703e+06	0	0	0	0	0	0	0	101	0	0	0	0	0	0	0	0	
1.43778e+06	0	0	0	0	0	0	0	115	0	0	0	0	0	0	0	0	
1.43853e+06	0	0	0	0	0	0	0	79	0	0	0	0	0	0	0	0	
1.43928e+06	0	0	0	0	0	0	0	87	0	0	0	0	0	0	0	0	
1.44003e+06	0	0	0	0	0	0	0	97	0	0	0	0	0	0	0	0	
1.44079e+06	0	0	0	0	0	0	0	109	0	0	0	0	0	0	0	0	
1.44154e+06	0	0	0	0	0	0	105	0	0	0	0	0	0	0	0	0	
1.44229e+06	0	0	0	0	0	0	113	0	0	0	0	0	0	0	0	0	
1.44304e+06	0	0	0	0	0	0	123	0	0	0	0	0	0	0	0	0	
1.44379e+06	0	0	0	0	0	0	121	0	0	0	0	0	0	0	0	0	
1.44454e+06	0	0	0	0	0	0	101	0	0	0	0	0	0	0	0	0	
1.44529e+06	0	0	0	0	0	0	105	0	0	0	0	0	0	0	0	0	
1.44604e+06	0	0	0	0	0	39	80	0	0	0	0	0	0	0	0	0	
1.44679e+06	0	0	0	0	0	0	115	0	0	0	0	0	0	0	0	0	
1.44755e+06	0	0	0	0	0	0	113	0	0	0	0	0	0	0	0	0	
1.4483e+06	0	0	0	0	0	0	135	0	0	0	0	0	0	0	0	0	
1.44905e+06	0	0	0	0	0	0	93	0	0	0	0	0	0	0	0	0	
1.4498e+06	0	0	0	0	0	0	127	0	0	0	0	0	0	0	0	0	
1.45054e+06	0	0	0	0	0	0	115	0	0	0	0	0	0	0	0	0	
1.45129e+06	0	0	0	0	0	0	123	0	0	0	0	0	0	0	0	0	
1.45204e+06	0	0	0	0	0	0	0	91	0	0	0	0	0	0	0	0	
1.45279e+06	0	0	0	0	0	0	0	99	0	0	0	0	0	0	0	0	
1.45354e+06	0	0	0	0	0	0	0	105	0	0	0	0	0	0	0	0	
1.4543e+06	0	0	0	0	0	0	0	95	0	0	0	0	0	0	0	0	
1.45505e+06	0	0	0	0	0	0	0	91	0	0	0	0	0	0	0	0	
1.4558e+06	0	0	0	0	0	0	0	97	0	0	0	0	0	0	0	0	
1.45654e+06	0	0	0	0	0	0	0	117	0	0	0	0	0	0	0	0	
1.4573e+06	0	0	0	0	0	0	0	99	0	0	0	0	0	0	0	0	
1.45805e+06	0	0	0	0	0	0	0	103	0	0	0	0	0	0	0	0	
1.4588e+06	0	0	0	0	0	0	0	89	0	0	0	0	0	0	0	0	
1.45955e+06	0	0	0	0	0	0	0	111	0	0	0	0	0	0	0	0	
1.4603e+06	0	0	0	0	0	0	0	105	0	0	0	0	0	0	0	0	
1.46105e+06	0	0	0	0	0	0	0	83	0	0	0	0	0	0	0	0	
1.4618e+06	0	0	0	0	0	0	0	93	0	0	0	0	0	0	0	0	
1.46255e+06	0	0	0	0	0	0	0	107	0	0	0	0	0	0	0	0	
1.4633e+06	0	0	0	0	0	0	0	85	0	0	0	0	0	0	0	0	
1.46405e+06	0	0	0	0	0	0	0	93	0	0	0	0	0	0	0	0	
1.4648e+06	0	0	0	0	0	0	0	97	0	0	0	0	0	0	0	0	
1.46555e+06	0	0	0	0	0	0	0	97	0	0	0	0	0	0	0	0	
1.4663e+06	0	0	0	0	0	0	0	89	0	0	0	0	0	0	0	0	
1.46705e+06	0	0	0	0	0	0	0	121	0	0	0	0	0	0	0	0	
1.4678e+06	0	0	0	0	0	0	0	101	0	0	0	0	0	0	0	0	
1.46855e+06	0	0	0	0	0	0	0	109	0	0	0	0	0	0	0	0	
1.4693e+06	0	0	0	0	0	0	0	113	0	0	0	0	0	0	0	0	
1.47005e+06	0	0	0	0	0	0	0	85	0	0	0	0	0	0	0	0	
1.4708e+06	0	0	0	0	0	0	0	107	0	0	0	0	0	0	0	0	
1.47156e+06	0	0	0	0	0	0	0	113	0	0	0	0	0	0	0	0	
1.4723e+06	0	0	0	0	0	0	0	111	0	0	0	0	0	0	0	0	
1.47306e+06	0	0	0	0	0	0	0	93	0	0	0	0	0	0	0	0	
1.47381e+06	0	0	0	0	0	0	0	105	0	0	0	0	0	0	0	0	
1.47455e+06	0	0	0	0	0	0	0	107	0	0	0	0	0	0	0	0	
1.4753e+06	0	0	0	0	0	0	0	115	0	0	0	0	0	0	0	0	
1.47605e+06	0	0	0	0	0	0	0	105	0	0	0	0	0	0	0	0	
1.4768e+06	0	0	0	0	0	0	0	81	0	0	0	0	0	0	0	0	
1.47755e+06	0	0	0	0	0	0	0	95	0	0	0	0	0	0	0	0	
1.47831e+06	0	0	0	0	0	0	0	121	0	0	0	0	0	0	0	0	
1.47906e+06	0	0	0	0	0	0	0	101	0	0	0	0	0	0	0	0	
1.47981e+06	0	0	0	0	0	0	0	103	0	0	0	0	0	0	0	0	
1.48056e+06	0	0	0	0	0	0	0	103	0	0	0	0	0	0	0	0	
1.48131e+06	0	0	0	0	0	0	0	121	0	0	0	0	0	0	0	0	
1.48205e+06	0	0	0	0	0	0	0	105	0	0	0	0	0	0	0	0	
1.4828e+06	0	0	0	0	0	0	0	103	0	0	0	0	0	0	0	0	
1.48355e+06	0	0	0	0	0	0	0	105	0	0	0	0	0	0	0	0	
1.4843e+06	0	0	0	0	0	0	0	107	0	0	0	0	0	0	0	0	
1.48505e+06	0	0	0	0	0	0	0	119	0	0	0	0	0	0	0	0	
1.4858e+06	0	0	0	0	0	0	0	113	0	0	0	0	0	0	0	0	
1.48655e+06	0	0	0	0	0	0	0	109	0	0	0	0	0	0	0	0	
1.48731e+06	0	0	0	0	0	0	93	4	0	0	0	0	0	0	0	0	
1.48805e+06	0	0	0	0	0	0	115	0	0	0	0	0	0	0	0	0	
1.4888e+06	0	0	0	0	0	0	95	0	0	0	0	0	0	0	0	0	
1.48955e+06	0	0	0	0	0	0	129	0	0	0	0	0	0	0	0	0	
1.4903e+06	0	0	0	0	0	0	113	0	0	0	0	0	0	0	0	0	
1.49105e+06	0	0	0	0	0	0	109	0	0	0	0	0	0	0	0	0	
1.4918e+06	0	0	0	0	0	0	123	0	0	0	0	0	0	0	0	0	
1.49255e+06	0	0	0	0	0	0	121	0	0	0	0	0	0	0	0	0	
1.4933e+06	0	0	0	0	0	0	115	0	0	0	0	0	0	0	0	0	
1.49405e+06	0	0	0	0	0	0	97	0	0	0	0	0	0	0	0	0	
1.4948e+06	0	0	0	0	0	0	105	0	0	0	0	0	0	0	0	0	
1.49555e+06	0	0	0	0	0	0	129	0	0	0	0	0	0	0	0	0	
1.4963e+06	0	0	0	0	0	0	109	0	0	0	0	0	0	0	0	0	
1.49706e+06	0	0	0	0	0	0	101	0	0	0	0	0	0	0	0	0	
1.49781e+06	0	0	0	0	0	0	129	0	0	0	0	0	0	0	0	0	
1.49856e+06	0	0	0	0	0	0	111	0	0	0	0	0	0	0	0	0	
1.49931e+06	0	0	0	0	0	0	117	0	0	0	0	0	0	0	0	0	
1.50006e+06	0	0	0	0	0	0	113	0	0	0	0	0	0	0	0	0	
1.50006e+06	0	0	0	0	0	0	113	0	0	0	0	0	0	0	0	0	
