Time	s0	s1	s2	s3	s4	s5	s6	s7	s8	s9	s10	s11	s12	s13	s14	s15	
0	0	0	0	0	0	0	0	0	0	0	0	0	0	0	0	200	
0.00204252	0	0	0	0	0	0	0	0	0	0	0	0	0	0	0	199	
751.611	0	0	0	0	0	0	0	0	0	0	0	0	0	0	0	49	
1504.21	0	0	0	0	0	0	0	0	0	0	0	0	0	0	0	59	
2255.56	0	0	0	0	0	0	0	0	0	0	0	0	0	0	0	43	
3005.3	0	0	0	0	0	0	0	0	0	0	0	0	0	0	0	57	
3759.83	0	0	0	0	0	0	0	0	0	0	0	0	0	0	0	47	
4510.61	0	0	0	0	0	0	0	0	0	0	0	0	0	0	0	59	
5257.97	0	0	0	0	0	0	0	0	0	0	0	0	0	0	0	65	
6007.96	0	0	0	0	0	0	0	0	0	0	0	0	0	0	0	41	
6757.54	0	0	0	0	0	0	0	0	0	0	0	0	0	0	0	39	
7509.9	0	0	0	0	0	0	0	0	0	0	0	0	0	0	0	47	
8260	0	0	0	0	0	0	0	0	0	0	0	0	0	0	0	53	
9008.12	0	0	0	0	0	0	0	0	0	0	0	0	0	0	0	45	
9757.64	0	0	0	0	0	0	0	0	0	0	0	0	0	0	0	47	
10505.1	0	0	0	0	0	0	0	0	0	0	0	0	0	0	0	45	
11253.1	0	0	0	0	0	0	0	0	0	0	0	0	0	0	0	45	
12004.6	0	0	0	0	0	0	0	0	0	0	0	0	0	0	0	49	
12752.9	0	0	0	0	0	0	0	0	0	0	0	0	0	0	0	69	
13503.8	0	0	0	0	0	0	0	0	0	0	0	0	0	0	0	53	
14254.4	0	0	0	0	0	0	0	0	0	0	0	0	0	0	0	51	
15004.7	0	0	0	0	0	0	0	0	0	0	0	0	0	0	0	47	
15754.4	0	0	0	0	0	0	0	0	0	0	0	0	0	0	0	53	
16501.2	0	0	0	0	0	0	0	0	0	0	0	0	0	0	0	57	
17250.3	0	0	0	0	0	0	0	0	0	0	0	0	0	0	0	55	
17998.2	0	0	0	0	0	0	0	0	0	0	0	0	0	0	0	43	
18747.3	0	0	0	0	0	0	0	0	0	0	0	0	0	0	0	45	
19498.1	0	0	0	0	0	0	0	0	0	0	0	0	0	0	0	51	
20248.3	0	0	0	0	0	0	0	0	0	0	0	0	0	0	0	55	
20999.7	0	0	0	0	0	0	0	0	0	0	0	0	0	0	0	47	
21747	0	0	0	0	0	0	0	0	0	0	0	0	0	0	0	43	
22497.7	0	0	0	0	0	0	0	0	0	0	0	0	0	0	0	69	
23248.8	0	0	0	0	0	0	0	0	0	0	0	0	0	0	0	47	
23998.6	0	0	0	0	0	0	0	0	0	0	0	0	0	0	0	43	
24746.3	0	0	0	0	0	0	0	0	0	0	0	0	0	0	0	49	
25495.8	0	0	0	0	0	0	0	0	0	0	0	0	0	0	0	45	
26245.6	0	0	0	0	0	0	0	0	0	0	0	0	0	0	0	39	
26995.7	0	0	0	0	0	0	0	0	0	0	0	0	0	0	0	53	
27743.1	0	0	0	0	0	0	0	0	0	0	0	0	0	0	0	39	
28492.7	0	0	0	0	0	0	0	0	0	0	0	0	0	0	0	47	
29243.6	0	0	0	0	0	0	0	0	0	0	0	0	0	0	51	0	
29992.3	0	0	0	0	0	0	0	0	0	0	0	0	0	0	51	0	
30742.6	0	0	0	0	0	0	0	0	0	0	0	0	0	0	65	0	
31493.6	0	0	0	0	0	0	0	0	0	0	0	0	0	0	47	0	
32242	0	0	0	0	0	0	0	0	0	0	0	0	0	0	51	0	
32992	0	0	0	0	0	0	0	0	0	0	0	0	0	0	49	0	
33741.5	0	0	0	0	0	0	0	0	0	0	0	0	0	0	49	0	
34488.8	0	0	0	0	0	0	0	0	0	0	0	0	0	0	55	0	
35239.1	0	0	0	0	0	0	0	0	0	0	0	0	0	0	0	55	
35992.9	0	0	0	0	0	0	0	0	0	0	0	0	0	0	0	49	
36743.9	0	0	0	0	0	0	0	0	0	0	0	0	0	0	0	45	
37496	0	0	0	0	0	0	0	0	0	0	0	0	0	0	0	47	
38244.8	0	0	0	0	0	0	0	0	0	0	0	0	0	0	0	53	
38995.9	0	0	0	0	0	0	0	0	0	0	0	0	0	0	0	51	
39744.7	0	0	0	0	0	0	0	0	0	0	0	0	0	0	53	0	
40494.2	0	0	0	0	0	0	0	0	0	0	0	0	0	0	0	55	
41243	0	0	0	0	0	0	0	0	0	0	0	0	0	0	0	55	
41993.2	0	0	0	0	0	0	0	0	0	0	0	0	0	0	0	45	
42745.5	0	0	0	0	0	0	0	0	0	0	0	0	0	0	0	61	
43497	0	0	0	0	0	0	0	0	0	0	0	0	0	0	0	35	
44244.5	0	0	0	0	0	0	0	0	0	0	0	0	0	0	0	51	
44993.2	0	0	0	0	0	0	0	0	0	0	0	0	0	0	0	41	
45743.6	0	0	0	0	0	0	0	0	0	0	0	0	0	0	0	45	
46493.4	0	0	0	0	0	0	0	0	0	0	0	0	0	0	0	65	
47243.6	0	0	0	0	0	0	0	0	0	0	0	0	0	0	0	59	
47992.7	0	0	0	0	0	0	0	0	0	0	0	0	0	0	0	47	
48744.9	0	0	0	0	0	0	0	0	0	0	0	0	0	0	0	53	
49493.6	0	0	0	0	0	0	0	0	0	0	0	0	0	0	0	49	
50244.6	0	0	0	0	0	0	0	0	0	0	0	0	0	0	0	53	
50994	0	0	0	0	0	0	0	0	0	0	0	0	0	0	0	49	
51742.7	0	0	0	0	0	0	0	0	0	0	0	0	0	0	0	45	
52492.2	0	0	0	0	0	0	0	0	0	0	0	0	0	0	0	57	
53242.4	0	0	0	0	0	0	0	0	0	0	0	0	0	0	0	55	
53994.5	0	0	0	0	0	0	0	0	0	0	0	0	0	0	0	55	
54747.1	0	0	0	0	0	0	0	0	0	0	0	0	0	0	0	41	
55499.3	0	0	0	0	0	0	0	0	0	0	0	0	0	0	0	59	
56249.5	0	0	0	0	0	0	0	0	0	0	0	0	0	0	0	49	
56997.2	0	0	0	0	0	0	0	0	0	0	0	0	0	0	0	61	
57748.8	0	0	0	0	0	0	0	0	0	0	0	0	0	0	0	55	
58493.9	0	0	0	0	0	0	0	0	0	0	0	0	0	0	0	43	
59243.9	0	0	0	0	0	0	0	0	0	0	0	0	0	0	57	0	
59991.7	0	0	0	0	0	0	0	0	0	0	0	0	0	0	55	0	
60741.9	0	0	0	0	0	0	0	0	0	0	0	0	0	0	59	0	
61490.1	0	0	0	0	0	0	0	0	0	0	0	0	0	0	53	0	
62240.5	0	0	0	0	0	0	0	0	0	0	0	0	0	53	0	0	
62992.5	0	0	0	0	0	0	0	0	0	0	0	0	0	77	0	0	
63743.3	0	0	0	0	0	0	0	0	0	0	0	0	0	53	0	0	
64492.8	0	0	0	0	0	0	0	0	0	0	0	0	0	71	0	0	
65241.9	0	0	0	0	0	0	0	0	0	0	0	0	0	57	0	0	
65991.4	0	0	0	0	0	0	0	0	0	0	0	0	0	63	0	0	
66738.2	0	0	0	0	0	0	0	0	0	0	0	0	0	49	0	0	
67492.6	0	0	0	0	0	0	0	0	0	0	0	0	0	51	0	0	
68242.1	0	0	0	0	0	0	0	0	0	0	0	0	0	73	0	0	
68991.7	0	0	0	0	0	0	0	0	0	0	0	0	59	0	0	0	
69745.5	0	0	0	0	0	0	0	0	0	0	0	0	57	0	0	0	
70497	0	0	0	0	0	0	0	0	0	0	0	0	69	0	0	0	
71243.9	0	0	0	0	0	0	0	0	0	0	0	0	63	0	0	0	
71997.8	0	0	0	0	0	0	0	0	0	0	0	0	0	57	0	0	
72748.6	0	0	0	0	0	0	0	0	0	0	0	0	0	63	0	0	
73496.5	0	0	0	0	0	0	0	0	0	0	0	0	0	55	0	0	
74246.4	0	0	0	0	0	0	0	0	0	0	0	0	0	69	0	0	
74999.6	0	0	0	0	0	0	0	0	0	0	0	0	61	0	0	0	
75748.6	0	0	0	0	0	0	0	0	0	0	0	0	49	0	0	0	
76496.4	0	0	0	0	0	0	0	0	0	0	0	0	69	0	0	0	
77246.2	0	0	0	0	0	0	0	0	0	0	0	0	61	0	0	0	
77998.9	0	0	0	0	0	0	0	0	0	0	0	0	51	0	0	0	
78749.8	0	0	0	0	0	0	0	0	0	0	0	0	49	0	0	0	
79498.2	0	0	0	0	0	0	0	0	0	0	0	0	61	0	0	0	
80246	0	0	0	0	0	0	0	0	0	0	0	0	73	0	0	0	
80996	0	0	0	0	0	0	0	0	0	0	0	0	57	0	0	0	
81748.2	0	0	0	0	0	0	0	0	0	0	0	0	63	0	0	0	
82500.3	0	0	0	0	0	0	0	0	0	0	0	0	67	0	0	0	
83250.1	0	0	0	0	0	0	0	0	0	0	0	0	57	0	0	0	
84000.2	0	0	0	0	0	0	0	0	0	0	0	0	75	0	0	0	
84750.6	0	0	0	0	0	0	0	0	0	0	0	61	0	0	0	0	
85501.8	0	0	0	0	0	0	0	0	0	0	0	73	0	0	0	0	
86252.7	0	0	0	0	0	0	0	0	0	0	0	0	61	0	0	0	
87003.4	0	0	0	0	0	0	0	0	0	0	0	0	55	0	0	0	
87752	0	0	0	0	0	0	0	0	0	0	0	0	59	0	0	0	
88501.7	0	0	0	0	0	0	0	0	0	0	0	0	57	0	0	0	
89250.6	0	0	0	0	0	0	0	0	0	0	0	65	0	0	0	0	
89998.8	0	0	0	0	0	0	0	0	0	0	0	69	0	0	0	0	
90749.3	0	0	0	0	0	0	0	0	0	0	0	53	0	0	0	0	
91498.2	0	0	0	0	0	0	0	0	0	0	0	65	0	0	0	0	
92248.9	0	0	0	0	0	0	0	0	0	0	0	59	0	0	0	0	
92994.7	0	0	0	0	0	0	0	0	0	0	0	73	0	0	0	0	
93746.4	0	0	0	0	0	0	0	0	0	0	0	0	63	0	0	0	
94496.2	0	0	0	0	0	0	0	0	0	0	0	13	58	0	0	0	
95247.3	0	0	0	0	0	0	0	0	0	0	0	57	0	0	0	0	
95998.1	0	0	0	0	0	0	0	0	0	0	0	61	0	0	0	0	
96745.3	0	0	0	0	0	0	0	0	0	0	0	63	0	0	0	0	
97494.9	0	0	0	0	0	0	0	0	0	0	0	73	0	0	0	0	
98242.3	0	0	0	0	0	0	0	0	0	0	0	73	0	0	0	0	
98992.7	0	0	0	0	0	0	0	0	0	0	0	51	0	0	0	0	
99738.9	0	0	0	0	0	0	0	0	0	0	0	51	0	0	0	0	
100485	0	0	0	0	0	0	0	0	0	0	0	67	0	0	0	0	
101234	0	0	0	0	0	0	0	0	0	0	0	73	0	0	0	0	
101982	0	0	0	0	0	0	0	0	0	0	0	77	0	0	0	0	
102731	0	0	0	0	0	0	0	0	0	0	0	65	0	0	0	0	
103482	0	0	0	0	0	0	0	0	0	0	0	0	47	0	0	0	
104231	0	0	0	0	0	0	0	0	0	0	0	0	0	61	0	0	
104983	0	0	0	0	0	0	0	0	0	0	0	0	0	59	0	0	
105731	0	0	0	0	0	0	0	0	0	0	0	0	0	63	0	0	
106480	0	0	0	0	0	0	0	0	0	0	0	0	0	63	0	0	
107231	0	0	0	0	0	0	0	0	0	0	0	0	0	53	0	0	
107983	0	0	0	0	0	0	0	0	0	0	0	0	0	51	0	0	
108735	0	0	0	0	0	0	0	0	0	0	0	0	0	47	0	0	
109485	0	0	0	0	0	0	0	0	0	0	0	0	0	57	0	0	
110237	0	0	0	0	0	0	0	0	0	0	0	0	0	55	0	0	
110984	0	0	0	0	0	0	0	0	0	0	0	0	0	57	0	0	
111730	0	0	0	0	0	0	0	0	0	0	0	0	0	53	0	0	
112477	0	0	0	0	0	0	0	0	0	0	0	0	0	65	0	0	
113223	0	0	0	0	0	0	0	0	0	0	0	0	0	77	0	0	
113978	0	0	0	0	0	0	0	0	0	0	0	0	0	63	0	0	
114728	0	0	0	0	0	0	0	0	0	0	0	0	0	53	0	0	
115479	0	0	0	0	0	0	0	0	0	0	0	0	0	53	0	0	
116229	0	0	0	0	0	0	0	0	0	0	0	0	0	51	0	0	
116979	0	0	0	0	0	0	0	0	0	0	0	0	0	55	0	0	
117730	0	0	0	0	0	0	0	0	0	0	0	0	0	59	0	0	
118480	0	0	0	0	0	0	0	0	0	0	0	0	0	65	0	0	
119231	0	0	0	0	0	0	0	0	0	0	0	0	0	57	0	0	
119984	0	0	0	0	0	0	0	0	0	0	0	0	0	63	0	0	
120735	0	0	0	0	0	0	0	0	0	0	0	0	0	65	0	0	
121483	0	0	0	0	0	0	0	0	0	0	0	0	0	55	0	0	
122235	0	0	0	0	0	0	0	0	0	0	0	0	0	67	0	0	
122989	0	0	0	0	0	0	0	0	0	0	0	0	0	61	0	0	
123740	0	0	0	0	0	0	0	0	0	0	0	0	0	4	47	0	
124491	0	0	0	0	0	0	0	0	0	0	0	0	0	63	0	0	
125237	0	0	0	0	0	0	0	0	0	0	0	0	0	73	0	0	
125989	0	0	0	0	0	0	0	0	0	0	0	0	0	57	0	0	
126740	0	0	0	0	0	0	0	0	0	0	0	0	0	67	0	0	
127490	0	0	0	0	0	0	0	0	0	0	0	0	0	53	0	0	
128239	0	0	0	0	0	0	0	0	0	0	0	0	0	59	0	0	
128985	0	0	0	0	0	0	0	0	0	0	0	0	0	0	0	45	
129738	0	0	0	0	0	0	0	0	0	0	0	0	0	0	0	55	
130492	0	0	0	0	0	0	0	0	0	0	0	0	0	0	0	47	
131243	0	0	0	0	0	0	0	0	0	0	0	0	0	0	0	59	
131991	0	0	0	0	0	0	0	0	0	0	0	0	0	0	0	63	
132740	0	0	0	0	0	0	0	0	0	0	0	0	0	0	0	57	
133491	0	0	0	0	0	0	0	0	0	0	0	0	0	0	0	45	
134242	0	0	0	0	0	0	0	0	0	0	0	0	0	0	0	57	
134991	0	0	0	0	0	0	0	0	0	0	0	0	0	0	0	43	
135744	0	0	0	0	0	0	0	0	0	0	0	0	0	0	0	37	
136494	0	0	0	0	0	0	0	0	0	0	0	0	0	0	0	55	
137244	0	0	0	0	0	0	0	0	0	0	0	0	0	0	0	53	
137990	0	0	0	0	0	0	0	0	0	0	0	0	0	0	71	0	
138741	0	0	0	0	0	0	0	0	0	0	0	0	0	0	53	0	
139494	0	0	0	0	0	0	0	0	0	0	0	0	0	0	71	0	
140244	0	0	0	0	0	0	0	0	0	0	0	0	0	0	65	0	
140991	0	0	0	0	0	0	0	0	0	0	0	0	0	0	63	0	
141745	0	0	0	0	0	0	0	0	0	0	0	0	0	0	49	0	
142495	0	0	0	0	0	0	0	0	0	0	0	0	0	0	51	0	
143243	0	0	0	0	0	0	0	0	0	0	0	0	0	0	39	0	
143995	0	0	0	0	0	0	0	0	0	0	0	0	0	0	63	0	
144746	0	0	0	0	0	0	0	0	0	0	0	0	0	0	65	0	
145495	0	0	0	0	0	0	0	0	0	0	0	0	0	0	45	0	
146243	0	0	0	0	0	0	0	0	0	0	0	0	0	0	51	0	
146993	0	0	0	0	0	0	0	0	0	0	0	0	0	0	51	0	
147743	0	0	0	0	0	0	0	0	0	0	0	0	0	0	49	0	
148492	0	0	0	0	0	0	0	0	0	0	0	0	0	0	0	55	
149240	0	0	0	0	0	0	0	0	0	0	0	0	0	0	0	67	
149992	0	0	0	0	0	0	0	0	0	0	0	0	0	0	0	41	
150744	0	0	0	0	0	0	0	0	0	0	0	0	0	0	0	61	
151495	0	0	0	0	0	0	0	0	0	0	0	0	0	0	0	47	
152242	0	0	0	0	0	0	0	0	0	0	0	0	0	0	0	61	
152994	0	0	0	0	0	0	0	0	0	0	0	0	0	0	0	53	
153743	0	0	0	0	0	0	0	0	0	0	0	0	0	0	0	47	
154494	0	0	0	0	0	0	0	0	0	0	0	0	0	0	0	45	
155241	0	0	0	0	0	0	0	0	0	0	0	0	0	0	0	49	
155994	0	0	0	0	0	0	0	0	0	0	0	0	0	0	0	45	
156744	0	0	0	0	0	0	0	0	0	0	0	0	0	0	0	63	
157494	0	0	0	0	0	0	0	0	0	0	0	0	0	0	0	53	
158245	0	0	0	0	0	0	0	0	0	0	0	0	0	0	0	51	
158996	0	0	0	0	0	0	0	0	0	0	0	0	0	0	0	51	
159742	0	0	0	0	0	0	0	0	0	0	0	0	0	0	0	69	
160494	0	0	0	0	0	0	0	0	0	0	0	0	0	0	0	51	
161243	0	0	0	0	0	0	0	0	0	0	0	0	0	0	0	39	
161995	0	0	0	0	0	0	0	0	0	0	0	0	0	0	0	47	
162742	0	0	0	0	0	0	0	0	0	0	0	0	0	0	0	51	
163494	0	0	0	0	0	0	0	0	0	0	0	0	0	0	0	53	
164243	0	0	0	0	0	0	0	0	0	0	0	0	0	0	0	49	
164994	0	0	0	0	0	0	0	0	0	0	0	0	0	0	0	45	
165743	0	0	0	0	0	0	0	0	0	0	0	0	0	0	0	53	
166493	0	0	0	0	0	0	0	0	0	0	0	0	0	0	0	53	
167242	0	0	0	0	0	0	0	0	0	0	0	0	0	0	0	51	
167994	0	0	0	0	0	0	0	0	0	0	0	0	0	0	0	57	
168745	0	0	0	0	0	0	0	0	0	0	0	0	0	0	0	45	
169497	0	0	0	0	0	0	0	0	0	0	0	0	0	0	0	53	
170246	0	0	0	0	0	0	0	0	0	0	0	0	0	0	0	61	
170995	0	0	0	0	0	0	0	0	0	0	0	0	0	0	0	45	
171748	0	0	0	0	0	0	0	0	0	0	0	0	0	0	0	47	
172503	0	0	0	0	0	0	0	0	0	0	0	0	0	0	0	49	
173255	0	0	0	0	0	0	0	0	0	0	0	0	0	0	0	43	
174003	0	0	0	0	0	0	0	0	0	0	0	0	0	0	0	43	
174751	0	0	0	0	0	0	0	0	0	0	0	0	0	0	0	49	
175501	0	0	0	0	0	0	0	0	0	0	0	0	0	0	0	53	
176249	0	0	0	0	0	0	0	0	0	0	0	0	0	0	0	47	
176998	0	0	0	0	0	0	0	0	0	0	0	0	0	0	0	39	
177747	0	0	0	0	0	0	0	0	0	0	0	0	0	0	0	57	
178497	0	0	0	0	0	0	0	0	0	0	0	0	0	0	0	45	
179247	0	0	0	0	0	0	0	0	0	0	0	0	0	0	0	37	
179999	0	0	0	0	0	0	0	0	0	0	0	0	0	0	0	57	
180748	0	0	0	0	0	0	0	0	0	0	0	0	0	0	0	45	
181498	0	0	0	0	0	0	0	0	0	0	0	0	0	0	0	49	
182249	0	0	0	0	0	0	0	0	0	0	0	0	0	0	0	45	
182999	0	0	0	0	0	0	0	0	0	0	0	0	0	0	0	51	
183748	0	0	0	0	0	0	0	0	0	0	0	0	0	0	0	45	
184498	0	0	0	0	0	0	0	0	0	0	0	0	0	0	0	39	
185247	0	0	0	0	0	0	0	0	0	0	0	0	0	0	0	51	
185999	0	0	0	0	0	0	0	0	0	0	0	0	0	0	0	57	
186749	0	0	0	0	0	0	0	0	0	0	0	0	0	0	0	57	
187498	0	0	0	0	0	0	0	0	0	0	0	0	0	0	55	0	
188246	0	0	0	0	0	0	0	0	0	0	0	0	0	0	71	0	
189000	0	0	0	0	0	0	0	0	0	0	0	0	0	0	45	0	
189746	0	0	0	0	0	0	0	0	0	0	0	0	0	0	0	55	
190497	0	0	0	0	0	0	0	0	0	0	0	0	0	0	0	47	
191247	0	0	0	0	0	0	0	0	0	0	0	0	0	0	0	47	
191995	0	0	0	0	0	0	0	0	0	0	0	0	0	0	0	51	
192749	0	0	0	0	0	0	0	0	0	0	0	0	0	0	0	45	
193499	0	0	0	0	0	0	0	0	0	0	0	0	0	0	0	37	
194250	0	0	0	0	0	0	0	0	0	0	0	0	0	0	0	55	
194998	0	0	0	0	0	0	0	0	0	0	0	0	0	0	0	65	
195746	0	0	0	0	0	0	0	0	0	0	0	0	0	0	0	43	
196492	0	0	0	0	0	0	0	0	0	0	0	0	0	0	0	49	
197241	0	0	0	0	0	0	0	0	0	0	0	0	0	0	0	43	
197993	0	0	0	0	0	0	0	0	0	0	0	0	0	0	0	61	
198742	0	0	0	0	0	0	0	0	0	0	0	0	0	0	0	49	
199490	0	0	0	0	0	0	0	0	0	0	0	0	0	0	0	61	
200241	0	0	0	0	0	0	0	0	0	0	0	0	0	0	0	43	
200996	0	0	0	0	0	0	0	0	0	0	0	0	0	0	0	57	
201749	0	0	0	0	0	0	0	0	0	0	0	0	0	0	0	51	
202498	0	0	0	0	0	0	0	0	0	0	0	0	0	0	0	53	
203245	0	0	0	0	0	0	0	0	0	0	0	0	0	0	0	59	
203993	0	0	0	0	0	0	0	0	0	0	0	0	0	0	43	0	
204741	0	0	0	0	0	0	0	0	0	0	0	0	0	0	37	0	
205490	0	0	0	0	0	0	0	0	0	0	0	0	0	0	41	0	
206240	0	0	0	0	0	0	0	0	0	0	0	0	0	0	53	0	
206990	0	0	0	0	0	0	0	0	0	0	0	0	0	0	53	0	
207739	0	0	0	0	0	0	0	0	0	0	0	0	0	0	43	0	
208493	0	0	0	0	0	0	0	0	0	0	0	0	0	0	51	0	
209241	0	0	0	0	0	0	0	0	0	0	0	0	0	0	55	0	
209988	0	0	0	0	0	0	0	0	0	0	0	0	0	0	45	0	
210736	0	0	0	0	0	0	0	0	0	0	0	0	0	0	55	0	
211487	0	0	0	0	0	0	0	0	0	0	0	0	0	0	43	0	
212240	0	0	0	0	0	0	0	0	0	0	0	0	0	0	43	0	
212989	0	0	0	0	0	0	0	0	0	0	0	0	0	0	57	0	
213741	0	0	0	0	0	0	0	0	0	0	0	0	0	0	41	0	
214490	0	0	0	0	0	0	0	0	0	0	0	0	0	0	47	0	
215242	0	0	0	0	0	0	0	0	0	0	0	0	0	0	65	0	
215994	0	0	0	0	0	0	0	0	0	0	0	0	0	0	57	0	
216746	0	0	0	0	0	0	0	0	0	0	0	0	0	0	53	0	
217494	0	0	0	0	0	0	0	0	0	0	0	0	0	0	51	0	
218244	0	0	0	0	0	0	0	0	0	0	0	0	0	0	53	0	
218995	0	0	0	0	0	0	0	0	0	0	0	0	0	0	51	0	
219747	0	0	0	0	0	0	0	0	0	0	0	0	0	61	0	0	
220496	0	0	0	0	0	0	0	0	0	0	0	0	0	65	0	0	
221249	0	0	0	0	0	0	0	0	0	0	0	0	0	55	0	0	
221997	0	0	0	0	0	0	0	0	0	0	0	0	0	75	0	0	
222747	0	0	0	0	0	0	0	0	0	0	0	0	0	49	0	0	
223494	0	0	0	0	0	0	0	0	0	0	0	0	0	59	0	0	
224247	0	0	0	0	0	0	0	0	0	0	0	0	0	0	51	0	
225002	0	0	0	0	0	0	0	0	0	0	0	0	0	0	51	0	
225754	0	0	0	0	0	0	0	0	0	0	0	0	0	0	53	0	
226504	0	0	0	0	0	0	0	0	0	0	0	0	0	0	63	0	
227255	0	0	0	0	0	0	0	0	0	0	0	0	0	0	49	0	
228006	0	0	0	0	0	0	0	0	0	0	0	0	0	0	45	0	
228758	0	0	0	0	0	0	0	0	0	0	0	0	0	0	65	0	
229508	0	0	0	0	0	0	0	0	0	0	0	0	0	0	53	0	
230257	0	0	0	0	0	0	0	0	0	0	0	0	0	0	61	0	
231006	0	0	0	0	0	0	0	0	0	0	0	0	0	0	47	0	
231758	0	0	0	0	0	0	0	0	0	0	0	0	0	0	61	0	
232509	0	0	0	0	0	0	0	0	0	0	0	0	0	0	45	0	
233261	0	0	0	0	0	0	0	0	0	0	0	0	0	0	65	0	
234010	0	0	0	0	0	0	0	0	0	0	0	0	0	0	45	0	
234761	0	0	0	0	0	0	0	0	0	0	0	0	0	0	53	0	
235510	0	0	0	0	0	0	0	0	0	0	0	0	0	0	51	0	
236261	0	0	0	0	0	0	0	0	0	0	0	0	0	0	61	0	
237012	0	0	0	0	0	0	0	0	0	0	0	0	0	0	41	0	
237762	0	0	0	0	0	0	0	0	0	0	0	0	0	0	43	0	
238512	0	0	0	0	0	0	0	0	0	0	0	0	0	0	51	0	
239266	0	0	0	0	0	0	0	0	0	0	0	0	0	0	0	55	
240013	0	0	0	0	0	0	0	0	0	0	0	0	0	0	0	35	
240762	0	0	0	0	0	0	0	0	0	0	0	0	0	0	0	43	
241510	0	0	0	0	0	0	0	0	0	0	0	0	0	0	57	0	
242260	0	0	0	0	0	0	0	0	0	0	0	0	0	0	51	0	
243007	0	0	0	0	0	0	0	0	0	0	0	0	0	0	63	0	
243757	0	0	0	0	0	0	0	0	0	0	0	0	0	0	55	0	
244505	0	0	0	0	0	0	0	0	0	0	0	0	0	0	0	59	
245254	0	0	0	0	0	0	0	0	0	0	0	0	0	0	0	51	
246002	0	0	0	0	0	0	0	0	0	0	0	0	0	0	0	47	
246753	0	0	0	0	0	0	0	0	0	0	0	0	0	0	0	47	
247504	0	0	0	0	0	0	0	0	0	0	0	0	0	0	0	63	
248255	0	0	0	0	0	0	0	0	0	0	0	0	0	0	49	0	
249009	0	0	0	0	0	0	0	0	0	0	0	0	0	0	55	0	
249758	0	0	0	0	0	0	0	0	0	0	0	0	0	0	63	0	
250511	0	0	0	0	0	0	0	0	0	0	0	0	0	0	59	0	
251261	0	0	0	0	0	0	0	0	0	0	0	0	0	0	53	0	
252009	0	0	0	0	0	0	0	0	0	0	0	0	0	0	57	0	
252759	0	0	0	0	0	0	0	0	0	0	0	0	0	0	51	0	
253507	0	0	0	0	0	0	0	0	0	0	0	0	0	0	57	0	
254262	0	0	0	0	0	0	0	0	0	0	0	0	0	0	45	0	
255009	0	0	0	0	0	0	0	0	0	0	0	0	0	0	45	0	
255761	0	0	0	0	0	0	0	0	0	0	0	0	0	0	39	0	
256508	0	0	0	0	0	0	0	0	0	0	0	0	0	0	55	0	
257257	0	0	0	0	0	0	0	0	0	0	0	0	0	0	0	45	
258011	0	0	0	0	0	0	0	0	0	0	0	0	0	0	55	0	
258763	0	0	0	0	0	0	0	0	0	0	0	0	0	0	53	0	
259512	0	0	0	0	0	0	0	0	0	0	0	0	0	4	57	0	
260262	0	0	0	0	0	0	0	0	0	0	0	0	0	0	53	0	
261011	0	0	0	0	0	0	0	0	0	0	0	0	0	0	57	0	
261761	0	0	0	0	0	0	0	0	0	0	0	0	0	0	45	0	
262512	0	0	0	0	0	0	0	0	0	0	0	0	0	0	73	0	
263263	0	0	0	0	0	0	0	0	0	0	0	0	0	0	49	0	
264012	0	0	0	0	0	0	0	0	0	0	0	0	0	0	43	0	
264758	0	0	0	0	0	0	0	0	0	0	0	0	0	0	47	0	
265505	0	0	0	0	0	0	0	0	0	0	0	0	0	65	0	0	
266256	0	0	0	0	0	0	0	0	0	0	0	0	0	51	0	0	
267005	0	0	0	0	0	0	0	0	0	0	0	0	0	53	0	0	
267756	0	0	0	0	0	0	0	0	0	0	0	0	0	49	0	0	
268508	0	0	0	0	0	0	0	0	0	0	0	0	0	63	0	0	
269259	0	0	0	0	0	0	0	0	0	0	0	0	0	53	0	0	
270012	0	0	0	0	0	0	0	0	0	0	0	0	0	59	0	0	
270763	0	0	0	0	0	0	0	0	0	0	0	0	0	59	0	0	
271512	0	0	0	0	0	0	0	0	0	0	0	0	0	69	0	0	
272261	0	0	0	0	0	0	0	0	0	0	0	0	0	55	0	0	
273011	0	0	0	0	0	0	0	0	0	0	0	0	0	61	0	0	
273761	0	0	0	0	0	0	0	0	0	0	0	0	0	59	0	0	
274512	0	0	0	0	0	0	0	0	0	0	0	0	0	51	0	0	
275259	0	0	0	0	0	0	0	0	0	0	0	0	31	30	0	0	
276011	0	0	0	0	0	0	0	0	0	0	0	0	0	59	0	0	
276762	0	0	0	0	0	0	0	0	0	0	0	0	0	45	0	0	
277513	0	0	0	0	0	0	0	0	0	0	0	0	0	55	0	0	
278264	0	0	0	0	0	0	0	0	0	0	0	0	0	55	0	0	
279013	0	0	0	0	0	0	0	0	0	0	0	0	0	67	0	0	
279760	0	0	0	0	0	0	0	0	0	0	0	0	0	55	0	0	
280509	0	0	0	0	0	0	0	0	0	0	0	0	0	47	0	0	
281263	0	0	0	0	0	0	0	0	0	0	0	0	0	51	0	0	
282014	0	0	0	0	0	0	0	0	0	0	0	0	0	71	0	0	
282762	0	0	0	0	0	0	0	0	0	0	0	0	0	63	0	0	
283510	0	0	0	0	0	0	0	0	0	0	0	0	0	55	0	0	
284263	0	0	0	0	0	0	0	0	0	0	0	0	0	49	0	0	
285012	0	0	0	0	0	0	0	0	0	0	0	0	0	61	0	0	
285761	0	0	0	0	0	0	0	0	0	0	0	0	0	0	61	0	
286510	0	0	0	0	0	0	0	0	0	0	0	0	0	0	45	0	
287260	0	0	0	0	0	0	0	0	0	0	0	0	0	71	0	0	
288009	0	0	0	0	0	0	0	0	0	0	0	0	0	53	0	0	
288755	0	0	0	0	0	0	0	0	0	0	0	0	0	71	0	0	
289506	0	0	0	0	0	0	0	0	0	0	0	0	0	0	61	0	
290254	0	0	0	0	0	0	0	0	0	0	0	0	0	0	59	0	
291007	0	0	0	0	0	0	0	0	0	0	0	0	0	0	51	0	
291754	0	0	0	0	0	0	0	0	0	0	0	0	0	0	57	0	
292504	0	0	0	0	0	0	0	0	0	0	0	0	0	0	63	0	
293256	0	0	0	0	0	0	0	0	0	0	0	0	0	0	69	0	
294007	0	0	0	0	0	0	0	0	0	0	0	0	0	0	61	0	
294761	0	0	0	0	0	0	0	0	0	0	0	0	0	0	65	0	
295512	0	0	0	0	0	0	0	0	0	0	0	0	0	0	69	0	
296260	0	0	0	0	0	0	0	0	0	0	0	0	0	0	45	0	
297010	0	0	0	0	0	0	0	0	0	0	0	0	0	0	43	0	
297757	0	0	0	0	0	0	0	0	0	0	0	0	0	0	53	0	
298508	0	0	0	0	0	0	0	0	0	0	0	0	0	0	41	0	
299256	0	0	0	0	0	0	0	0	0	0	0	0	0	0	55	0	
300009	0	0	0	0	0	0	0	0	0	0	0	0	0	0	49	0	
300756	0	0	0	0	0	0	0	0	0	0	0	0	0	0	59	0	
301510	0	0	0	0	0	0	0	0	0	0	0	0	0	0	45	0	
302261	0	0	0	0	0	0	0	0	0	0	0	0	0	0	61	0	
303006	0	0	0	0	0	0	0	0	0	0	0	0	0	0	47	0	
303755	0	0	0	0	0	0	0	0	0	0	0	0	0	0	51	0	
304503	0	0	0	0	0	0	0	0	0	0	0	0	0	0	69	0	
305255	0	0	0	0	0	0	0	0	0	0	0	0	0	0	53	0	
306003	0	0	0	0	0	0	0	0	0	0	0	0	0	0	28	21	
306752	0	0	0	0	0	0	0	0	0	0	0	0	0	0	59	0	
307500	0	0	0	0	0	0	0	0	0	0	0	0	0	0	59	0	
308249	0	0	0	0	0	0	0	0	0	0	0	0	0	0	57	0	
308997	0	0	0	0	0	0	0	0	0	0	0	0	0	0	57	0	
309749	0	0	0	0	0	0	0	0	0	0	0	0	0	0	51	0	
310500	0	0	0	0	0	0	0	0	0	0	0	0	0	0	55	0	
311250	0	0	0	0	0	0	0	0	0	0	0	0	0	0	59	0	
311999	0	0	0	0	0	0	0	0	0	0	0	0	0	0	0	51	
312749	0	0	0	0	0	0	0	0	0	0	0	0	0	0	0	45	
313499	0	0	0	0	0	0	0	0	0	0	0	0	0	0	0	49	
314250	0	0	0	0	0	0	0	0	0	0	0	0	0	0	0	53	
315002	0	0	0	0	0	0	0	0	0	0	0	0	0	0	0	61	
315750	0	0	0	0	0	0	0	0	0	0	0	0	0	0	0	47	
316501	0	0	0	0	0	0	0	0	0	0	0	0	0	0	0	57	
317249	0	0	0	0	0	0	0	0	0	0	0	0	0	0	0	37	
318000	0	0	0	0	0	0	0	0	0	0	0	0	0	0	0	39	
318751	0	0	0	0	0	0	0	0	0	0	0	0	0	0	0	49	
319500	0	0	0	0	0	0	0	0	0	0	0	0	0	0	0	41	
320249	0	0	0	0	0	0	0	0	0	0	0	0	0	0	0	51	
320998	0	0	0	0	0	0	0	0	0	0	0	0	0	0	0	45	
321750	0	0	0	0	0	0	0	0	0	0	0	0	0	0	0	53	
322498	0	0	0	0	0	0	0	0	0	0	0	0	0	0	0	57	
323246	0	0	0	0	0	0	0	0	0	0	0	0	0	0	0	53	
323994	0	0	0	0	0	0	0	0	0	0	0	0	0	0	0	33	
324743	0	0	0	0	0	0	0	0	0	0	0	0	0	0	0	61	
325495	0	0	0	0	0	0	0	0	0	0	0	0	0	0	0	51	
326248	0	0	0	0	0	0	0	0	0	0	0	0	0	0	0	45	
326997	0	0	0	0	0	0	0	0	0	0	0	0	0	0	0	55	
327744	0	0	0	0	0	0	0	0	0	0	0	0	0	0	0	51	
328497	0	0	0	0	0	0	0	0	0	0	0	0	0	0	0	51	
329246	0	0	0	0	0	0	0	0	0	0	0	0	0	0	0	45	
329994	0	0	0	0	0	0	0	0	0	0	0	0	0	0	0	47	
330743	0	0	0	0	0	0	0	0	0	0	0	0	0	0	0	45	
331494	0	0	0	0	0	0	0	0	0	0	0	0	0	0	0	35	
332243	0	0	0	0	0	0	0	0	0	0	0	0	0	0	0	51	
332991	0	0	0	0	0	0	0	0	0	0	0	0	0	0	0	55	
333744	0	0	0	0	0	0	0	0	0	0	0	0	0	0	0	47	
334493	0	0	0	0	0	0	0	0	0	0	0	0	0	0	0	39	
335245	0	0	0	0	0	0	0	0	0	0	0	0	0	0	0	41	
335995	0	0	0	0	0	0	0	0	0	0	0	0	0	0	0	49	
336749	0	0	0	0	0	0	0	0	0	0	0	0	0	0	0	51	
337501	0	0	0	0	0	0	0	0	0	0	0	0	0	0	0	55	
338250	0	0	0	0	0	0	0	0	0	0	0	0	0	0	0	51	
339002	0	0	0	0	0	0	0	0	0	0	0	0	0	0	0	65	
339753	0	0	0	0	0	0	0	0	0	0	0	0	0	0	0	45	
340503	0	0	0	0	0	0	0	0	0	0	0	0	0	0	0	57	
341252	0	0	0	0	0	0	0	0	0	0	0	0	0	0	0	51	
342004	0	0	0	0	0	0	0	0	0	0	0	0	0	0	0	51	
342751	0	0	0	0	0	0	0	0	0	0	0	0	0	0	0	45	
343500	0	0	0	0	0	0	0	0	0	0	0	0	0	0	0	57	
344250	0	0	0	0	0	0	0	0	0	0	0	0	0	0	0	59	
344999	0	0	0	0	0	0	0	0	0	0	0	0	0	0	0	73	
345749	0	0	0	0	0	0	0	0	0	0	0	0	0	0	0	51	
346499	0	0	0	0	0	0	0	0	0	0	0	0	0	0	0	65	
347251	0	0	0	0	0	0	0	0	0	0	0	0	0	0	0	47	
348000	0	0	0	0	0	0	0	0	0	0	0	0	0	0	0	51	
348753	0	0	0	0	0	0	0	0	0	0	0	0	0	0	0	53	
349503	0	0	0	0	0	0	0	0	0	0	0	0	0	0	0	51	
350252	0	0	0	0	0	0	0	0	0	0	0	0	0	0	0	45	
351001	0	0	0	0	0	0	0	0	0	0	0	0	0	0	0	45	
351749	0	0	0	0	0	0	0	0	0	0	0	0	0	0	0	53	
352500	0	0	0	0	0	0	0	0	0	0	0	0	0	0	0	55	
353250	0	0	0	0	0	0	0	0	0	0	0	0	0	0	0	47	
353999	0	0	0	0	0	0	0	0	0	0	0	0	0	0	0	47	
354751	0	0	0	0	0	0	0	0	0	0	0	0	0	0	0	51	
355501	0	0	0	0	0	0	0	0	0	0	0	0	0	0	0	45	
356250	0	0	0	0	0	0	0	0	0	0	0	0	0	0	0	51	
357001	0	0	0	0	0	0	0	0	0	0	0	0	0	0	0	45	
357753	0	0	0	0	0	0	0	0	0	0	0	0	0	0	0	45	
358501	0	0	0	0	0	0	0	0	0	0	0	0	0	0	0	45	
359251	0	0	0	0	0	0	0	0	0	0	0	0	0	0	0	49	
360001	0	0	0	0	0	0	0	0	0	0	0	0	0	0	0	49	
360751	0	0	0	0	0	0	0	0	0	0	0	0	0	0	0	53	
361501	0	0	0	0	0	0	0	0	0	0	0	0	0	0	0	65	
362249	0	0	0	0	0	0	0	0	0	0	0	0	0	0	0	67	
363000	0	0	0	0	0	0	0	0	0	0	0	0	0	0	0	53	
363747	0	0	0	0	0	0	0	0	0	0	0	0	0	0	0	53	
364497	0	0	0	0	0	0	0	0	0	0	0	0	0	0	0	47	
365245	0	0	0	0	0	0	0	0	0	0	0	0	0	0	0	33	
365995	0	0	0	0	0	0	0	0	0	0	0	0	0	0	0	47	
366744	0	0	0	0	0	0	0	0	0	0	0	0	0	0	0	47	
367494	0	0	0	0	0	0	0	0	0	0	0	0	0	0	0	53	
368245	0	0	0	0	0	0	0	0	0	0	0	0	0	0	0	55	
368995	0	0	0	0	0	0	0	0	0	0	0	0	0	0	0	59	
369747	0	0	0	0	0	0	0	0	0	0	0	0	0	0	0	45	
370496	0	0	0	0	0	0	0	0	0	0	0	0	0	0	0	65	
371245	0	0	0	0	0	0	0	0	0	0	0	0	0	0	0	41	
371996	0	0	0	0	0	0	0	0	0	0	0	0	0	0	0	59	
372747	0	0	0	0	0	0	0	0	0	0	0	0	0	0	0	43	
373500	0	0	0	0	0	0	0	0	0	0	0	0	0	0	0	49	
374255	0	0	0	0	0	0	0	0	0	0	0	0	0	0	0	55	
375008	0	0	0	0	0	0	0	0	0	0	0	0	0	0	0	45	
375755	0	0	0	0	0	0	0	0	0	0	0	0	0	0	0	41	
376505	0	0	0	0	0	0	0	0	0	0	0	0	0	0	0	55	
377255	0	0	0	0	0	0	0	0	0	0	0	0	0	0	0	57	
378005	0	0	0	0	0	0	0	0	0	0	0	0	0	0	0	55	
378753	0	0	0	0	0	0	0	0	0	0	0	0	0	0	0	55	
379503	0	0	0	0	0	0	0	0	0	0	0	0	0	0	0	41	
380251	0	0	0	0	0	0	0	0	0	0	0	0	0	0	0	57	
380997	0	0	0	0	0	0	0	0	0	0	0	0	0	0	57	0	
381751	0	0	0	0	0	0	0	0	0	0	0	0	0	0	41	0	
382500	0	0	0	0	0	0	0	0	0	0	0	0	0	0	0	45	
383249	0	0	0	0	0	0	0	0	0	0	0	0	0	0	0	41	
383997	0	0	0	0	0	0	0	0	0	0	0	0	0	0	0	53	
384748	0	0	0	0	0	0	0	0	0	0	0	0	0	0	0	51	
385500	0	0	0	0	0	0	0	0	0	0	0	0	0	0	0	43	
386251	0	0	0	0	0	0	0	0	0	0	0	0	0	0	0	51	
387000	0	0	0	0	0	0	0	0	0	0	0	0	0	0	0	53	
387749	0	0	0	0	0	0	0	0	0	0	0	0	0	0	0	57	
388500	0	0	0	0	0	0	0	0	0	0	0	0	0	0	0	45	
389248	0	0	0	0	0	0	0	0	0	0	0	0	0	0	53	0	
389997	0	0	0	0	0	0	0	0	0	0	0	0	0	55	0	0	
390747	0	0	0	0	0	0	0	0	0	0	0	0	0	61	0	0	
391495	0	0	0	0	0	0	0	0	0	0	0	0	0	45	0	0	
392245	0	0	0	0	0	0	0	0	0	0	0	0	0	59	0	0	
392993	0	0	0	0	0	0	0	0	0	0	0	0	0	63	0	0	
393744	0	0	0	0	0	0	0	0	0	0	0	0	0	53	0	0	
394499	0	0	0	0	0	0	0	0	0	0	0	0	0	59	0	0	
395249	0	0	0	0	0	0	0	0	0	0	0	0	55	0	0	0	
396001	0	0	0	0	0	0	0	0	0	0	0	0	55	0	0	0	
396750	0	0	0	0	0	0	0	0	0	0	0	55	0	0	0	0	
397501	0	0	0	0	0	0	0	0	0	0	0	59	0	0	0	0	
398251	0	0	0	0	0	0	0	0	0	0	0	59	0	0	0	0	
398999	0	0	0	0	0	0	0	0	0	0	0	63	0	0	0	0	
399750	0	0	0	0	0	0	0	0	0	0	0	69	0	0	0	0	
400499	0	0	0	0	0	0	0	0	0	0	0	0	69	0	0	0	
401248	0	0	0	0	0	0	0	0	0	0	0	0	53	0	0	0	
401999	0	0	0	0	0	0	0	0	0	0	0	0	69	0	0	0	
402747	0	0	0	0	0	0	0	0	0	0	0	0	73	0	0	0	
403493	0	0	0	0	0	0	0	0	0	0	0	0	53	0	0	0	
404244	0	0	0	0	0	0	0	0	0	0	0	0	57	0	0	0	
404995	0	0	0	0	0	0	0	0	0	0	0	0	77	0	0	0	
405742	0	0	0	0	0	0	0	0	0	0	0	0	71	0	0	0	
406495	0	0	0	0	0	0	0	0	0	0	0	0	73	0	0	0	
407243	0	0	0	0	0	0	0	0	0	0	0	0	63	0	0	0	
407992	0	0	0	0	0	0	0	0	0	0	0	0	45	0	0	0	
408743	0	0	0	0	0	0	0	0	0	0	0	0	59	0	0	0	
409493	0	0	0	0	0	0	0	0	0	0	0	0	0	53	0	0	
410243	0	0	0	0	0	0	0	0	0	0	0	0	0	55	0	0	
410994	0	0	0	0	0	0	0	0	0	0	0	0	0	63	0	0	
411747	0	0	0	0	0	0	0	0	0	0	0	0	0	59	0	0	
412499	0	0	0	0	0	0	0	0	0	0	0	0	0	61	0	0	
413248	0	0	0	0	0	0	0	0	0	0	0	0	0	49	0	0	
414000	0	0	0	0	0	0	0	0	0	0	0	0	0	0	51	0	
414752	0	0	0	0	0	0	0	0	0	0	0	0	0	0	49	0	
415502	0	0	0	0	0	0	0	0	0	0	0	0	0	0	51	0	
416250	0	0	0	0	0	0	0	0	0	0	0	0	0	0	57	0	
417000	0	0	0	0	0	0	0	0	0	0	0	0	0	0	53	0	
417753	0	0	0	0	0	0	0	0	0	0	0	0	0	0	57	0	
418502	0	0	0	0	0	0	0	0	0	0	0	0	0	0	73	0	
419249	0	0	0	0	0	0	0	0	0	0	0	0	0	0	57	0	
419999	0	0	0	0	0	0	0	0	0	0	0	0	0	0	45	0	
420748	0	0	0	0	0	0	0	0	0	0	0	0	0	0	41	0	
421495	0	0	0	0	0	0	0	0	0	0	0	0	0	0	51	0	
422247	0	0	0	0	0	0	0	0	0	0	0	0	0	61	0	0	
422996	0	0	0	0	0	0	0	0	0	0	0	0	0	59	0	0	
423747	0	0	0	0	0	0	0	0	0	0	0	0	0	0	0	51	
424496	0	0	0	0	0	0	0	0	0	0	0	0	0	0	0	41	
425246	0	0	0	0	0	0	0	0	0	0	0	0	0	0	0	57	
425996	0	0	0	0	0	0	0	0	0	0	0	0	0	0	0	73	
426745	0	0	0	0	0	0	0	0	0	0	0	0	0	0	0	57	
427490	0	0	0	0	0	0	0	0	0	0	0	0	0	0	0	53	
428240	0	0	0	0	0	0	0	0	0	0	0	0	0	0	0	59	
428990	0	0	0	0	0	0	0	0	0	0	0	0	0	0	0	49	
429741	0	0	0	0	0	0	0	0	0	0	0	0	0	0	0	51	
430492	0	0	0	0	0	0	0	0	0	0	0	0	0	0	0	53	
431239	0	0	0	0	0	0	0	0	0	0	0	0	0	0	0	63	
431986	0	0	0	0	0	0	0	0	0	0	0	0	0	0	0	55	
432736	0	0	0	0	0	0	0	0	0	0	0	0	0	0	0	45	
433485	0	0	0	0	0	0	0	0	0	0	0	0	0	0	0	51	
434237	0	0	0	0	0	0	0	0	0	0	0	0	0	0	0	37	
434986	0	0	0	0	0	0	0	0	0	0	0	0	0	0	0	41	
435736	0	0	0	0	0	0	0	0	0	0	0	0	0	0	0	47	
436486	0	0	0	0	0	0	0	0	0	0	0	0	0	0	0	43	
437239	0	0	0	0	0	0	0	0	0	0	0	0	0	0	0	49	
437990	0	0	0	0	0	0	0	0	0	0	0	0	0	0	0	53	
438740	0	0	0	0	0	0	0	0	0	0	0	0	0	0	0	51	
439487	0	0	0	0	0	0	0	0	0	0	0	0	0	0	0	45	
440242	0	0	0	0	0	0	0	0	0	0	0	0	0	0	0	47	
440995	0	0	0	0	0	0	0	0	0	0	0	0	0	0	0	49	
441742	0	0	0	0	0	0	0	0	0	0	0	0	0	0	0	47	
442492	0	0	0	0	0	0	0	0	0	0	0	0	0	0	0	49	
443239	0	0	0	0	0	0	0	0	0	0	0	0	0	0	0	49	
443991	0	0	0	0	0	0	0	0	0	0	0	0	0	0	0	49	
444741	0	0	0	0	0	0	0	0	0	0	0	0	0	0	0	63	
445492	0	0	0	0	0	0	0	0	0	0	0	0	0	0	0	51	
446244	0	0	0	0	0	0	0	0	0	0	0	0	0	0	0	57	
446994	0	0	0	0	0	0	0	0	0	0	0	0	0	0	45	0	
447746	0	0	0	0	0	0	0	0	0	0	0	0	0	0	41	0	
448496	0	0	0	0	0	0	0	0	0	0	0	0	0	0	61	0	
449246	0	0	0	0	0	0	0	0	0	0	0	0	0	0	55	0	
449995	0	0	0	0	0	0	0	0	0	0	0	0	0	0	43	0	
450740	0	0	0	0	0	0	0	0	0	0	0	0	0	71	0	0	
451490	0	0	0	0	0	0	0	0	0	0	0	0	0	41	0	0	
452242	0	0	0	0	0	0	0	0	0	0	0	0	0	0	65	0	
452988	0	0	0	0	0	0	0	0	0	0	0	0	0	0	55	0	
453734	0	0	0	0	0	0	0	0	0	0	0	0	0	0	55	0	
454483	0	0	0	0	0	0	0	0	0	0	0	0	0	0	43	0	
455232	0	0	0	0	0	0	0	0	0	0	0	0	0	0	43	0	
455980	0	0	0	0	0	0	0	0	0	0	0	0	0	0	49	0	
456732	0	0	0	0	0	0	0	0	0	0	0	0	0	0	57	0	
457481	0	0	0	0	0	0	0	0	0	0	0	0	0	0	55	0	
458230	0	0	0	0	0	0	0	0	0	0	0	0	0	0	55	0	
458982	0	0	0	0	0	0	0	0	0	0	0	0	0	0	43	0	
459733	0	0	0	0	0	0	0	0	0	0	0	0	0	0	55	0	
460482	0	0	0	0	0	0	0	0	0	0	0	0	0	0	53	0	
461229	0	0	0	0	0	0	0	0	0	0	0	0	0	0	61	0	
461976	0	0	0	0	0	0	0	0	0	0	0	0	0	0	45	0	
462723	0	0	0	0	0	0	0	0	0	0	0	0	0	0	0	57	
463475	0	0	0	0	0	0	0	0	0	0	0	0	0	0	0	37	
464227	0	0	0	0	0	0	0	0	0	0	0	0	0	0	0	41	
464979	0	0	0	0	0	0	0	0	0	0	0	0	0	0	0	55	
465728	0	0	0	0	0	0	0	0	0	0	0	0	0	0	0	55	
466478	0	0	0	0	0	0	0	0	0	0	0	0	0	0	0	43	
467226	0	0	0	0	0	0	0	0	0	0	0	0	0	0	0	43	
467977	0	0	0	0	0	0	0	0	0	0	0	0	0	0	0	49	
468727	0	0	0	0	0	0	0	0	0	0	0	0	0	0	0	45	
469476	0	0	0	0	0	0	0	0	0	0	0	0	0	0	0	53	
470220	0	0	0	0	0	0	0	0	0	0	0	0	0	0	0	27	
470972	0	0	0	0	0	0	0	0	0	0	0	0	0	0	0	47	
471722	0	0	0	0	0	0	0	0	0	0	0	0	0	0	0	47	
472468	0	0	0	0	0	0	0	0	0	0	0	0	0	0	0	53	
473220	0	0	0	0	0	0	0	0	0	0	0	0	0	0	0	41	
473970	0	0	0	0	0	0	0	0	0	0	0	0	0	0	0	45	
474719	0	0	0	0	0	0	0	0	0	0	0	0	0	0	0	59	
475469	0	0	0	0	0	0	0	0	0	0	0	0	0	0	0	45	
476221	0	0	0	0	0	0	0	0	0	0	0	0	0	0	0	47	
476972	0	0	0	0	0	0	0	0	0	0	0	0	0	0	0	59	
477721	0	0	0	0	0	0	0	0	0	0	0	0	0	0	0	45	
478471	0	0	0	0	0	0	0	0	0	0	0	0	0	0	0	47	
479221	0	0	0	0	0	0	0	0	0	0	0	0	0	0	0	63	
479975	0	0	0	0	0	0	0	0	0	0	0	0	0	0	0	43	
480724	0	0	0	0	0	0	0	0	0	0	0	0	0	0	0	57	
481471	0	0	0	0	0	0	0	0	0	0	0	0	0	0	0	49	
482221	0	0	0	0	0	0	0	0	0	0	0	0	0	0	0	51	
482972	0	0	0	0	0	0	0	0	0	0	0	0	0	0	0	45	
483721	0	0	0	0	0	0	0	0	0	0	0	0	0	0	0	51	
484468	0	0	0	0	0	0	0	0	0	0	0	0	0	0	0	51	
485217	0	0	0	0	0	0	0	0	0	0	0	0	0	0	0	49	
485966	0	0	0	0	0	0	0	0	0	0	0	0	0	0	0	45	
486717	0	0	0	0	0	0	0	0	0	0	0	0	0	0	0	45	
487467	0	0	0	0	0	0	0	0	0	0	0	0	0	0	0	53	
488218	0	0	0	0	0	0	0	0	0	0	0	0	0	0	0	51	
488968	0	0	0	0	0	0	0	0	0	0	0	0	0	0	0	53	
489719	0	0	0	0	0	0	0	0	0	0	0	0	0	0	0	45	
490471	0	0	0	0	0	0	0	0	0	0	0	0	0	0	0	51	
491222	0	0	0	0	0	0	0	0	0	0	0	0	0	0	0	61	
491975	0	0	0	0	0	0	0	0	0	0	0	0	0	0	0	61	
492725	0	0	0	0	0	0	0	0	0	0	0	0	0	0	0	53	
493476	0	0	0	0	0	0	0	0	0	0	0	0	0	0	0	65	
494227	0	0	0	0	0	0	0	0	0	0	0	0	0	0	0	59	
494978	0	0	0	0	0	0	0	0	0	0	0	0	0	0	0	43	
495729	0	0	0	0	0	0	0	0	0	0	0	0	0	0	0	47	
496481	0	0	0	0	0	0	0	0	0	0	0	0	0	0	0	55	
497231	0	0	0	0	0	0	0	0	0	0	0	0	0	0	0	55	
497981	0	0	0	0	0	0	0	0	0	0	0	0	0	0	0	57	
498731	0	0	0	0	0	0	0	0	0	0	0	0	0	0	0	55	
499479	0	0	0	0	0	0	0	0	0	0	0	0	0	0	0	59	
500230	0	0	0	0	0	0	0	0	0	0	0	0	0	0	0	55	
500980	0	0	0	0	0	0	0	0	0	0	0	0	0	0	16	31	
501731	0	0	0	0	0	0	0	0	0	0	0	0	0	0	0	45	
502481	0	0	0	0	0	0	0	0	0	0	0	0	0	0	0	55	
503233	0	0	0	0	0	0	0	0	0	0	0	0	0	0	0	49	
503985	0	0	0	0	0	0	0	0	0	0	0	0	0	0	0	55	
504734	0	0	0	0	0	0	0	0	0	0	0	0	0	0	47	0	
505480	0	0	0	0	0	0	0	0	0	0	0	0	0	0	47	0	
506230	0	0	0	0	0	0	0	0	0	0	0	0	0	0	55	0	
506982	0	0	0	0	0	0	0	0	0	0	0	0	0	0	59	0	
507733	0	0	0	0	0	0	0	0	0	0	0	0	0	0	47	0	
508481	0	0	0	0	0	0	0	0	0	0	0	0	0	0	65	0	
509229	0	0	0	0	0	0	0	0	0	0	0	0	0	0	0	45	
509980	0	0	0	0	0	0	0	0	0	0	0	0	0	0	0	53	
510727	0	0	0	0	0	0	0	0	0	0	0	0	0	0	0	57	
511478	0	0	0	0	0	0	0	0	0	0	0	0	0	0	0	47	
512229	0	0	0	0	0	0	0	0	0	0	0	0	0	0	0	43	
512980	0	0	0	0	0	0	0	0	0	0	0	0	0	0	0	45	
513729	0	0	0	0	0	0	0	0	0	0	0	0	0	0	0	45	
514475	0	0	0	0	0	0	0	0	0	0	0	0	0	0	0	51	
515226	0	0	0	0	0	0	0	0	0	0	0	0	0	0	0	57	
515975	0	0	0	0	0	0	0	0	0	0	0	0	0	0	0	59	
516724	0	0	0	0	0	0	0	0	0	0	0	0	0	0	0	47	
517478	0	0	0	0	0	0	0	0	0	0	0	0	0	0	0	57	
518228	0	0	0	0	0	0	0	0	0	0	0	0	0	0	0	51	
518976	0	0	0	0	0	0	0	0	0	0	0	0	0	0	0	55	
519725	0	0	0	0	0	0	0	0	0	0	0	0	0	0	43	0	
520473	0	0	0	0	0	0	0	0	0	0	0	0	0	0	51	0	
521225	0	0	0	0	0	0	0	0	0	0	0	0	0	0	61	0	
521975	0	0	0	0	0	0	0	0	0	0	0	0	0	0	0	49	
522726	0	0	0	0	0	0	0	0	0	0	0	0	0	0	0	55	
523476	0	0	0	0	0	0	0	0	0	0	0	0	0	0	0	49	
524224	0	0	0	0	0	0	0	0	0	0	0	0	0	0	0	55	
524973	0	0	0	0	0	0	0	0	0	0	0	0	0	0	0	47	
525723	0	0	0	0	0	0	0	0	0	0	0	0	0	0	0	41	
526471	0	0	0	0	0	0	0	0	0	0	0	0	0	0	0	57	
527217	0	0	0	0	0	0	0	0	0	0	0	0	0	0	53	0	
527964	0	0	0	0	0	0	0	0	0	0	0	0	0	0	59	0	
528714	0	0	0	0	0	0	0	0	0	0	0	0	0	0	0	45	
529463	0	0	0	0	0	0	0	0	0	0	0	0	0	0	0	61	
530212	0	0	0	0	0	0	0	0	0	0	0	0	0	0	0	59	
530960	0	0	0	0	0	0	0	0	0	0	0	0	0	0	0	51	
531712	0	0	0	0	0	0	0	0	0	0	0	0	0	0	0	39	
532465	0	0	0	0	0	0	0	0	0	0	0	0	0	0	0	53	
533217	0	0	0	0	0	0	0	0	0	0	0	0	0	0	0	49	
533965	0	0	0	0	0	0	0	0	0	0	0	0	0	0	0	47	
534717	0	0	0	0	0	0	0	0	0	0	0	0	0	0	0	41	
535466	0	0	0	0	0	0	0	0	0	0	0	0	0	0	0	45	
536214	0	0	0	0	0	0	0	0	0	0	0	0	0	0	53	0	
536972	0	0	0	0	0	0	0	0	0	0	0	0	0	0	49	0	
537722	0	0	0	0	0	0	0	0	0	0	0	0	0	0	43	0	
538473	0	0	0	0	0	0	0	0	0	0	0	0	0	0	55	0	
539226	0	0	0	0	0	0	0	0	0	0	0	0	0	0	63	0	
539980	0	0	0	0	0	0	0	0	0	0	0	0	0	0	55	0	
540730	0	0	0	0	0	0	0	0	0	0	0	0	0	53	0	0	
541481	0	0	0	0	0	0	0	0	0	0	0	0	0	57	0	0	
542233	0	0	0	0	0	0	0	0	0	0	0	0	0	61	0	0	
542983	0	0	0	0	0	0	0	0	0	0	0	0	0	53	0	0	
543734	0	0	0	0	0	0	0	0	0	0	0	0	59	0	0	0	
544483	0	0	0	0	0	0	0	0	0	0	0	0	65	0	0	0	
545229	0	0	0	0	0	0	0	0	0	0	0	0	79	0	0	0	
545977	0	0	0	0	0	0	0	0	0	0	0	0	59	0	0	0	
546729	0	0	0	0	0	0	0	0	0	0	0	0	61	0	0	0	
547483	0	0	0	0	0	0	0	0	0	0	0	0	79	0	0	0	
548229	0	0	0	0	0	0	0	0	0	0	0	0	59	0	0	0	
548979	0	0	0	0	0	0	0	0	0	0	0	0	55	0	0	0	
549730	0	0	0	0	0	0	0	0	0	0	0	0	37	0	0	0	
550482	0	0	0	0	0	0	0	0	0	0	0	0	67	0	0	0	
551231	0	0	0	0	0	0	0	0	0	0	0	0	53	0	0	0	
551982	0	0	0	0	0	0	0	0	0	0	0	0	53	0	0	0	
552732	0	0	0	0	0	0	0	0	0	0	0	0	57	0	0	0	
553484	0	0	0	0	0	0	0	0	0	0	0	0	65	0	0	0	
554234	0	0	0	0	0	0	0	0	0	0	0	0	67	0	0	0	
554985	0	0	0	0	0	0	0	0	0	0	0	0	75	0	0	0	
555735	0	0	0	0	0	0	0	0	0	0	0	0	67	0	0	0	
556483	0	0	0	0	0	0	0	0	0	0	0	0	63	0	0	0	
557235	0	0	0	0	0	0	0	0	0	0	0	0	65	0	0	0	
557987	0	0	0	0	0	0	0	0	0	0	0	0	67	0	0	0	
558737	0	0	0	0	0	0	0	0	0	0	0	0	61	0	0	0	
559490	0	0	0	0	0	0	0	0	0	0	0	0	51	0	0	0	
560243	0	0	0	0	0	0	0	0	0	0	0	0	65	0	0	0	
560996	0	0	0	0	0	0	0	0	0	0	0	0	59	0	0	0	
561746	0	0	0	0	0	0	0	0	0	0	0	0	65	0	0	0	
562495	0	0	0	0	0	0	0	0	0	0	0	0	61	0	0	0	
563243	0	0	0	0	0	0	0	0	0	0	0	87	0	0	0	0	
563991	0	0	0	0	0	0	0	0	0	0	0	57	0	0	0	0	
564740	0	0	0	0	0	0	0	0	0	0	0	61	0	0	0	0	
565490	0	0	0	0	0	0	0	0	0	0	0	53	0	0	0	0	
566241	0	0	0	0	0	0	0	0	0	0	0	63	0	0	0	0	
566989	0	0	0	0	0	0	0	0	0	0	0	63	0	0	0	0	
567742	0	0	0	0	0	0	0	0	0	0	0	71	0	0	0	0	
568489	0	0	0	0	0	0	0	0	0	0	0	63	0	0	0	0	
569241	0	0	0	0	0	0	0	0	0	0	0	55	0	0	0	0	
569992	0	0	0	0	0	0	0	0	0	0	0	71	0	0	0	0	
570743	0	0	0	0	0	0	0	0	0	0	77	0	0	0	0	0	
571492	0	0	0	0	0	0	0	0	0	0	57	0	0	0	0	0	
572244	0	0	0	0	0	0	0	0	0	0	55	0	0	0	0	0	
572998	0	0	0	0	0	0	0	0	0	0	63	0	0	0	0	0	
573748	0	0	0	0	0	0	0	0	0	0	71	0	0	0	0	0	
574499	0	0	0	0	0	0	0	0	0	0	77	0	0	0	0	0	
575246	0	0	0	0	0	0	0	0	0	0	79	0	0	0	0	0	
575996	0	0	0	0	0	0	0	0	0	0	81	0	0	0	0	0	
576743	0	0	0	0	0	0	0	0	0	0	77	0	0	0	0	0	
577493	0	0	0	0	0	0	0	0	0	0	75	0	0	0	0	0	
578243	0	0	0	0	0	0	0	0	0	0	81	0	0	0	0	0	
578993	0	0	0	0	0	0	0	0	0	0	83	0	0	0	0	0	
579745	0	0	0	0	0	0	0	0	0	0	89	0	0	0	0	0	
580494	0	0	0	0	0	0	0	0	0	0	77	0	0	0	0	0	
581245	0	0	0	0	0	0	0	0	0	0	73	0	0	0	0	0	
581996	0	0	0	0	0	0	0	0	0	0	77	0	0	0	0	0	
582749	0	0	0	0	0	0	0	0	0	0	71	0	0	0	0	0	
583499	0	0	0	0	0	0	0	0	0	0	73	0	0	0	0	0	
584250	0	0	0	0	0	0	0	0	0	0	79	0	0	0	0	0	
584999	0	0	0	0	0	0	0	0	0	0	71	0	0	0	0	0	
585749	0	0	0	0	0	0	0	0	0	0	85	0	0	0	0	0	
586498	0	0	0	0	0	0	0	0	0	0	79	0	0	0	0	0	
587246	0	0	0	0	0	0	0	0	0	0	75	0	0	0	0	0	
587996	0	0	0	0	0	0	0	0	0	0	81	0	0	0	0	0	
588748	0	0	0	0	0	0	0	0	0	0	73	0	0	0	0	0	
589497	0	0	0	0	0	0	0	0	0	0	67	0	0	0	0	0	
590247	0	0	0	0	0	0	0	0	0	0	83	0	0	0	0	0	
591002	0	0	0	0	0	0	0	0	0	0	85	0	0	0	0	0	
591753	0	0	0	0	0	0	0	0	0	0	61	0	0	0	0	0	
592503	0	0	0	0	0	0	0	0	0	0	71	0	0	0	0	0	
593253	0	0	0	0	0	0	0	0	0	0	81	0	0	0	0	0	
594005	0	0	0	0	0	0	0	0	0	0	71	0	0	0	0	0	
594754	0	0	0	0	0	0	0	0	0	0	61	8	0	0	0	0	
595501	0	0	0	0	0	0	0	0	0	0	65	0	0	0	0	0	
596248	0	0	0	0	0	0	0	0	0	0	59	0	0	0	0	0	
597003	0	0	0	0	0	0	0	0	0	0	69	0	0	0	0	0	
597756	0	0	0	0	0	0	0	0	0	0	0	69	0	0	0	0	
598507	0	0	0	0	0	0	0	0	0	0	0	63	0	0	0	0	
599255	0	0	0	0	0	0	0	0	0	0	0	65	0	0	0	0	
600003	0	0	0	0	0	0	0	0	0	0	0	55	0	0	0	0	
600755	0	0	0	0	0	0	0	0	0	0	0	61	0	0	0	0	
601502	0	0	0	0	0	0	0	0	0	0	0	67	0	0	0	0	
602253	0	0	0	0	0	0	0	0	0	0	0	61	0	0	0	0	
603002	0	0	0	0	0	0	0	0	0	0	0	85	0	0	0	0	
603752	0	0	0	0	0	0	0	0	0	0	0	61	0	0	0	0	
604502	0	0	0	0	0	0	0	0	0	0	0	57	0	0	0	0	
605248	0	0	0	0	0	0	0	0	0	0	0	71	0	0	0	0	
605996	0	0	0	0	0	0	0	0	0	0	0	59	0	0	0	0	
606754	0	0	0	0	0	0	0	0	0	0	69	0	0	0	0	0	
607502	0	0	0	0	0	0	0	0	0	0	59	0	0	0	0	0	
608251	0	0	0	0	0	0	0	0	0	0	89	0	0	0	0	0	
608998	0	0	0	0	0	0	0	0	0	0	71	0	0	0	0	0	
609749	0	0	0	0	0	0	0	0	0	0	63	0	0	0	0	0	
610501	0	0	0	0	0	0	0	0	0	0	67	0	0	0	0	0	
611253	0	0	0	0	0	0	0	0	0	0	65	0	0	0	0	0	
612002	0	0	0	0	0	0	0	0	0	0	83	0	0	0	0	0	
612753	0	0	0	0	0	0	0	0	0	0	79	0	0	0	0	0	
613504	0	0	0	0	0	0	0	0	0	0	75	0	0	0	0	0	
614252	0	0	0	0	0	0	0	0	0	0	71	0	0	0	0	0	
615003	0	0	0	0	0	0	0	0	0	0	87	0	0	0	0	0	
615752	0	0	0	0	0	0	0	0	0	0	65	0	0	0	0	0	
616501	0	0	0	0	0	0	0	0	0	0	77	0	0	0	0	0	
617255	0	0	0	0	0	0	0	0	0	0	69	0	0	0	0	0	
618007	0	0	0	0	0	0	0	0	0	0	71	0	0	0	0	0	
618758	0	0	0	0	0	0	0	0	0	0	75	0	0	0	0	0	
619511	0	0	0	0	0	0	0	0	0	0	71	0	0	0	0	0	
620263	0	0	0	0	0	0	0	0	0	0	67	0	0	0	0	0	
621013	0	0	0	0	0	0	0	0	0	0	53	0	0	0	0	0	
621763	0	0	0	0	0	0	0	0	0	0	71	0	0	0	0	0	
622517	0	0	0	0	0	0	0	0	0	0	61	0	0	0	0	0	
623266	0	0	0	0	0	0	0	0	0	0	63	0	0	0	0	0	
624014	0	0	0	0	0	0	0	0	0	0	61	0	0	0	0	0	
624765	0	0	0	0	0	0	0	0	0	0	63	0	0	0	0	0	
625519	0	0	0	0	0	0	0	0	0	0	89	0	0	0	0	0	
626270	0	0	0	0	0	0	0	0	0	0	55	0	0	0	0	0	
627020	0	0	0	0	0	0	0	0	0	0	63	0	0	0	0	0	
627769	0	0	0	0	0	0	0	0	0	0	69	0	0	0	0	0	
628518	0	0	0	0	0	0	0	0	0	0	75	0	0	0	0	0	
629265	0	0	0	0	0	0	0	0	0	0	73	0	0	0	0	0	
630014	0	0	0	0	0	0	0	0	0	0	83	0	0	0	0	0	
630759	0	0	0	0	0	0	0	0	0	0	73	0	0	0	0	0	
631512	0	0	0	0	0	0	0	0	0	0	67	0	0	0	0	0	
632262	0	0	0	0	0	0	0	0	0	0	73	0	0	0	0	0	
633015	0	0	0	0	0	0	0	0	0	0	81	0	0	0	0	0	
633769	0	0	0	0	0	0	0	0	0	0	77	0	0	0	0	0	
634516	0	0	0	0	0	0	0	0	0	0	69	0	0	0	0	0	
635266	0	0	0	0	0	0	0	0	0	0	67	0	0	0	0	0	
636017	0	0	0	0	0	0	0	0	0	0	67	0	0	0	0	0	
636766	0	0	0	0	0	0	0	0	0	0	83	0	0	0	0	0	
637514	0	0	0	0	0	0	0	0	0	0	79	0	0	0	0	0	
638265	0	0	0	0	0	0	0	0	0	0	77	0	0	0	0	0	
639015	0	0	0	0	0	0	0	0	0	0	71	0	0	0	0	0	
639767	0	0	0	0	0	0	0	0	0	0	58	5	0	0	0	0	
640519	0	0	0	0	0	0	0	0	0	0	73	0	0	0	0	0	
641267	0	0	0	0	0	0	0	0	0	0	73	0	0	0	0	0	
642016	0	0	0	0	0	0	0	0	0	0	63	0	0	0	0	0	
642765	0	0	0	0	0	0	0	0	0	0	77	0	0	0	0	0	
643513	0	0	0	0	0	0	0	0	0	0	73	0	0	0	0	0	
644262	0	0	0	0	0	0	0	0	0	0	83	0	0	0	0	0	
645013	0	0	0	0	0	0	0	0	0	0	67	0	0	0	0	0	
645761	0	0	0	0	0	0	0	0	0	1	68	0	0	0	0	0	
646515	0	0	0	0	0	0	0	0	0	0	87	0	0	0	0	0	
647271	0	0	0	0	0	0	0	0	0	0	89	0	0	0	0	0	
648020	0	0	0	0	0	0	0	0	0	0	71	0	0	0	0	0	
648772	0	0	0	0	0	0	0	0	0	0	73	0	0	0	0	0	
649520	0	0	0	0	0	0	0	0	0	0	75	0	0	0	0	0	
650266	0	0	0	0	0	0	0	0	0	0	83	0	0	0	0	0	
651015	0	0	0	0	0	0	0	0	0	0	71	0	0	0	0	0	
651764	0	0	0	0	0	0	0	0	0	0	79	0	0	0	0	0	
652513	0	0	0	0	0	0	0	0	0	0	65	0	0	0	0	0	
653259	0	0	0	0	0	0	0	0	0	0	55	0	0	0	0	0	
654013	0	0	0	0	0	0	0	0	0	0	67	0	0	0	0	0	
654763	0	0	0	0	0	0	0	0	0	0	71	0	0	0	0	0	
655513	0	0	0	0	0	0	0	0	0	0	85	0	0	0	0	0	
656265	0	0	0	0	0	0	0	0	0	0	63	0	0	0	0	0	
657016	0	0	0	0	0	0	0	0	0	0	0	53	0	0	0	0	
657766	0	0	0	0	0	0	0	0	0	0	0	73	0	0	0	0	
658515	0	0	0	0	0	0	0	0	0	0	0	69	0	0	0	0	
659267	0	0	0	0	0	0	0	0	0	0	0	77	0	0	0	0	
660015	0	0	0	0	0	0	0	0	0	0	0	77	0	0	0	0	
660763	0	0	0	0	0	0	0	0	0	0	0	59	0	0	0	0	
661513	0	0	0	0	0	0	0	0	0	0	0	87	0	0	0	0	
662262	0	0	0	0	0	0	0	0	0	0	0	57	0	0	0	0	
663013	0	0	0	0	0	0	0	0	0	0	0	67	0	0	0	0	
663760	0	0	0	0	0	0	0	0	0	0	0	73	0	0	0	0	
664512	0	0	0	0	0	0	0	0	0	0	0	65	0	0	0	0	
665264	0	0	0	0	0	0	0	0	0	0	0	75	0	0	0	0	
666012	0	0	0	0	0	0	0	0	0	0	0	57	0	0	0	0	
666763	0	0	0	0	0	0	0	0	0	0	0	73	0	0	0	0	
667512	0	0	0	0	0	0	0	0	0	0	0	61	0	0	0	0	
668262	0	0	0	0	0	0	0	0	0	0	0	67	0	0	0	0	
669010	0	0	0	0	0	0	0	0	0	0	0	59	0	0	0	0	
669763	0	0	0	0	0	0	0	0	0	0	0	73	0	0	0	0	
670512	0	0	0	0	0	0	0	0	0	0	0	83	0	0	0	0	
671264	0	0	0	0	0	0	0	0	0	0	0	61	0	0	0	0	
672015	0	0	0	0	0	0	0	0	0	0	0	55	0	0	0	0	
672763	0	0	0	0	0	0	0	0	0	0	0	65	0	0	0	0	
673516	0	0	0	0	0	0	0	0	0	0	0	71	0	0	0	0	
674267	0	0	0	0	0	0	0	0	0	0	0	65	0	0	0	0	
675015	0	0	0	0	0	0	0	0	0	0	0	67	0	0	0	0	
675764	0	0	0	0	0	0	0	0	0	0	0	73	0	0	0	0	
676516	0	0	0	0	0	0	0	0	0	0	0	59	0	0	0	0	
677266	0	0	0	0	0	0	0	0	0	0	0	59	0	0	0	0	
678016	0	0	0	0	0	0	0	0	0	0	0	69	0	0	0	0	
678769	0	0	0	0	0	0	0	0	0	0	0	75	0	0	0	0	
679520	0	0	0	0	0	0	0	0	0	0	0	57	0	0	0	0	
680269	0	0	0	0	0	0	0	0	0	0	0	73	0	0	0	0	
681020	0	0	0	0	0	0	0	0	0	0	57	0	0	0	0	0	
681769	0	0	0	0	0	0	0	0	0	0	63	0	0	0	0	0	
682522	0	0	0	0	0	0	0	0	0	0	79	0	0	0	0	0	
683272	0	0	0	0	0	0	0	0	0	0	75	0	0	0	0	0	
684020	0	0	0	0	0	0	0	0	0	0	71	0	0	0	0	0	
684770	0	0	0	0	0	0	0	0	0	0	73	0	0	0	0	0	
685524	0	0	0	0	0	0	0	0	0	0	81	0	0	0	0	0	
686277	0	0	0	0	0	0	0	0	0	0	0	55	0	0	0	0	
687027	0	0	0	0	0	0	0	0	0	0	0	69	0	0	0	0	
687778	0	0	0	0	0	0	0	0	0	0	0	75	0	0	0	0	
688527	0	0	0	0	0	0	0	0	0	0	0	57	0	0	0	0	
689277	0	0	0	0	0	0	0	0	0	0	0	69	0	0	0	0	
690024	0	0	0	0	0	0	0	0	0	0	0	73	0	0	0	0	
690771	0	0	0	0	0	0	0	0	0	0	0	85	0	0	0	0	
691522	0	0	0	0	0	0	0	0	0	0	0	77	0	0	0	0	
692272	0	0	0	0	0	0	0	0	0	0	0	69	0	0	0	0	
693023	0	0	0	0	0	0	0	0	0	0	0	55	0	0	0	0	
693774	0	0	0	0	0	0	0	0	0	0	0	67	0	0	0	0	
694523	0	0	0	0	0	0	0	0	0	0	0	77	0	0	0	0	
695273	0	0	0	0	0	0	0	0	0	0	0	49	0	0	0	0	
696027	0	0	0	0	0	0	0	0	0	0	0	79	0	0	0	0	
696781	0	0	0	0	0	0	0	0	0	0	0	65	0	0	0	0	
697532	0	0	0	0	0	0	0	0	0	0	0	59	0	0	0	0	
698278	0	0	0	0	0	0	0	0	0	0	0	0	55	0	0	0	
699029	0	0	0	0	0	0	0	0	0	0	0	71	0	0	0	0	
699776	0	0	0	0	0	0	0	0	0	0	0	69	0	0	0	0	
700526	0	0	0	0	0	0	0	0	0	0	0	61	0	0	0	0	
701275	0	0	0	0	0	0	0	0	0	0	0	69	0	0	0	0	
702025	0	0	0	0	0	0	0	0	0	0	0	45	0	0	0	0	
702775	0	0	0	0	0	0	0	0	0	0	0	71	0	0	0	0	
703526	0	0	0	0	0	0	0	0	0	0	0	57	0	0	0	0	
704273	0	0	0	0	0	0	0	0	0	0	0	59	0	0	0	0	
705026	0	0	0	0	0	0	0	0	0	0	0	75	0	0	0	0	
705777	0	0	0	0	0	0	0	0	0	0	0	63	0	0	0	0	
706529	0	0	0	0	0	0	0	0	0	0	0	69	0	0	0	0	
707277	0	0	0	0	0	0	0	0	0	0	0	65	0	0	0	0	
708029	0	0	0	0	0	0	0	0	0	0	0	59	0	0	0	0	
708779	0	0	0	0	0	0	0	0	0	0	0	65	0	0	0	0	
709531	0	0	0	0	0	0	0	0	0	0	0	65	0	0	0	0	
710277	0	0	0	0	0	0	0	0	0	0	0	59	0	0	0	0	
711031	0	0	0	0	0	0	0	0	0	0	0	53	0	0	0	0	
711784	0	0	0	0	0	0	0	0	0	0	0	67	0	0	0	0	
712534	0	0	0	0	0	0	0	0	0	0	0	0	83	0	0	0	
713285	0	0	0	0	0	0	0	0	0	0	0	0	63	0	0	0	
714033	0	0	0	0	0	0	0	0	0	0	0	0	59	0	0	0	
714786	0	0	0	0	0	0	0	0	0	0	0	0	49	0	0	0	
715533	0	0	0	0	0	0	0	0	0	0	0	0	61	0	0	0	
716283	0	0	0	0	0	0	0	0	0	0	0	0	75	0	0	0	
717035	0	0	0	0	0	0	0	0	0	0	0	0	53	0	0	0	
717786	0	0	0	0	0	0	0	0	0	0	0	0	51	0	0	0	
718537	0	0	0	0	0	0	0	0	0	0	0	0	63	0	0	0	
719286	0	0	0	0	0	0	0	0	0	0	0	0	69	0	0	0	
720036	0	0	0	0	0	0	0	0	0	0	0	0	71	0	0	0	
720786	0	0	0	0	0	0	0	0	0	0	0	0	63	0	0	0	
721535	0	0	0	0	0	0	0	0	0	0	0	71	0	0	0	0	
722283	0	0	0	0	0	0	0	0	0	0	0	57	0	0	0	0	
723034	0	0	0	0	0	0	0	0	0	0	0	61	0	0	0	0	
723785	0	0	0	0	0	0	0	0	0	0	0	63	0	0	0	0	
724534	0	0	0	0	0	0	0	0	0	0	0	63	0	0	0	0	
725285	0	0	0	0	0	0	0	0	0	0	0	67	0	0	0	0	
726039	0	0	0	0	0	0	0	0	0	0	0	65	0	0	0	0	
726792	0	0	0	0	0	0	0	0	0	0	0	67	0	0	0	0	
727539	0	0	0	0	0	0	0	0	0	0	0	51	0	0	0	0	
728287	0	0	0	0	0	0	0	0	0	0	0	79	0	0	0	0	
729036	0	0	0	0	0	0	0	0	0	0	0	73	0	0	0	0	
729782	0	0	0	0	0	0	0	0	0	0	0	73	0	0	0	0	
730532	0	0	0	0	0	0	0	0	0	0	0	65	0	0	0	0	
731286	0	0	0	0	0	0	0	0	0	0	24	33	0	0	0	0	
732034	0	0	0	0	0	0	0	0	0	89	0	0	0	0	0	0	
732786	0	0	0	0	0	0	0	0	99	0	0	0	0	0	0	0	
733538	0	0	0	0	0	0	0	0	79	0	0	0	0	0	0	0	
734289	0	0	0	0	0	0	0	0	95	0	0	0	0	0	0	0	
735039	0	0	0	0	0	0	0	0	91	0	0	0	0	0	0	0	
735788	0	0	0	0	0	0	0	0	101	0	0	0	0	0	0	0	
736534	0	0	0	0	0	0	0	0	85	0	0	0	0	0	0	0	
737283	0	0	0	0	0	0	0	0	89	0	0	0	0	0	0	0	
738033	0	0	0	0	0	0	0	0	99	0	0	0	0	0	0	0	
738784	0	0	0	0	0	0	0	0	89	0	0	0	0	0	0	0	
739532	0	0	0	0	0	0	0	0	93	0	0	0	0	0	0	0	
740284	0	0	0	0	0	0	0	0	91	0	0	0	0	0	0	0	
741031	0	0	0	0	0	0	0	0	93	0	0	0	0	0	0	0	
741782	0	0	0	0	0	0	0	0	87	0	0	0	0	0	0	0	
742530	0	0	0	0	0	0	0	0	93	0	0	0	0	0	0	0	
743279	0	0	0	0	0	0	0	0	75	0	0	0	0	0	0	0	
744030	0	0	0	0	0	0	0	0	101	0	0	0	0	0	0	0	
744782	0	0	0	0	0	0	0	0	93	0	0	0	0	0	0	0	
745534	0	0	0	0	0	0	0	0	89	0	0	0	0	0	0	0	
746283	0	0	0	0	0	0	0	0	85	0	0	0	0	0	0	0	
747032	0	0	0	0	0	0	0	0	91	0	0	0	0	0	0	0	
747783	0	0	0	0	0	0	0	1	94	0	0	0	0	0	0	0	
748531	0	0	0	0	0	0	0	0	91	0	0	0	0	0	0	0	
749279	0	0	0	0	0	0	0	0	93	0	0	0	0	0	0	0	
750031	0	0	0	0	0	0	0	0	104	1	0	0	0	0	0	0	
750782	0	0	0	0	0	0	0	0	97	0	0	0	0	0	0	0	
751531	0	0	0	0	0	0	0	0	87	0	0	0	0	0	0	0	
752280	0	0	0	0	0	0	0	0	91	0	0	0	0	0	0	0	
753031	0	0	0	0	0	0	0	97	0	0	0	0	0	0	0	0	
753780	0	0	0	0	0	0	0	93	0	0	0	0	0	0	0	0	
754531	0	0	0	0	0	0	0	93	0	0	0	0	0	0	0	0	
755280	0	0	0	0	0	0	0	105	0	0	0	0	0	0	0	0	
756029	0	0	0	0	0	0	0	97	0	0	0	0	0	0	0	0	
756782	0	0	0	0	0	0	0	107	0	0	0	0	0	0	0	0	
757532	0	0	0	0	0	0	0	111	0	0	0	0	0	0	0	0	
758284	0	0	0	0	0	0	0	97	0	0	0	0	0	0	0	0	
759037	0	0	0	0	0	0	0	0	93	0	0	0	0	0	0	0	
759789	0	0	0	0	0	0	0	0	87	0	0	0	0	0	0	0	
760542	0	0	0	0	0	0	0	0	85	0	0	0	0	0	0	0	
761292	0	0	0	0	0	0	0	0	91	0	0	0	0	0	0	0	
762037	0	0	0	0	0	0	0	0	101	0	0	0	0	0	0	0	
762793	0	0	0	0	0	0	0	0	87	0	0	0	0	0	0	0	
763542	0	0	0	0	0	0	0	0	109	0	0	0	0	0	0	0	
764293	0	0	0	0	0	0	0	0	87	0	0	0	0	0	0	0	
765041	0	0	0	0	0	0	0	0	89	0	0	0	0	0	0	0	
765790	0	0	0	0	0	0	0	0	83	0	0	0	0	0	0	0	
766546	0	0	0	0	0	0	0	0	103	0	0	0	0	0	0	0	
767299	0	0	0	0	0	0	0	0	101	0	0	0	0	0	0	0	
768050	0	0	0	0	0	0	0	89	0	0	0	0	0	0	0	0	
768802	0	0	0	0	0	0	0	95	0	0	0	0	0	0	0	0	
769551	0	0	0	0	0	0	0	97	0	0	0	0	0	0	0	0	
770304	0	0	0	0	0	0	0	93	0	0	0	0	0	0	0	0	
771056	0	0	0	0	0	0	0	105	0	0	0	0	0	0	0	0	
771807	0	0	0	0	0	0	0	117	0	0	0	0	0	0	0	0	
772559	0	0	0	0	0	0	0	93	0	0	0	0	0	0	0	0	
773311	0	0	0	0	0	0	0	115	0	0	0	0	0	0	0	0	
774063	0	0	0	0	0	0	0	115	0	0	0	0	0	0	0	0	
774813	0	0	0	0	0	0	0	105	0	0	0	0	0	0	0	0	
775565	0	0	0	0	0	0	0	107	0	0	0	0	0	0	0	0	
776313	0	0	0	0	0	0	0	99	0	0	0	0	0	0	0	0	
777059	0	0	0	0	0	0	0	93	0	0	0	0	0	0	0	0	
777808	0	0	0	0	0	0	0	81	0	0	0	0	0	0	0	0	
778560	0	0	0	0	0	0	0	119	0	0	0	0	0	0	0	0	
779310	0	0	0	0	0	0	0	99	0	0	0	0	0	0	0	0	
780059	0	0	0	0	0	0	0	103	0	0	0	0	0	0	0	0	
780811	0	0	0	0	0	0	0	103	0	0	0	0	0	0	0	0	
781564	0	0	0	0	0	0	0	97	0	0	0	0	0	0	0	0	
782315	0	0	0	0	0	0	0	117	0	0	0	0	0	0	0	0	
783065	0	0	0	0	0	0	0	109	0	0	0	0	0	0	0	0	
783816	0	0	0	0	0	0	0	97	0	0	0	0	0	0	0	0	
784564	0	0	0	0	0	0	0	101	0	0	0	0	0	0	0	0	
785314	0	0	0	0	0	0	0	101	0	0	0	0	0	0	0	0	
786066	0	0	0	0	0	0	0	107	0	0	0	0	0	0	0	0	
786817	0	0	0	0	0	0	0	0	99	0	0	0	0	0	0	0	
787569	0	0	0	0	0	0	0	0	89	0	0	0	0	0	0	0	
788320	0	0	0	0	0	0	0	0	75	0	0	0	0	0	0	0	
789070	0	0	0	0	0	0	0	0	93	0	0	0	0	0	0	0	
789818	0	0	0	0	0	0	0	0	99	0	0	0	0	0	0	0	
790572	0	0	0	0	0	0	0	0	95	0	0	0	0	0	0	0	
791320	0	0	0	0	0	0	0	91	0	0	0	0	0	0	0	0	
792068	0	0	0	0	0	0	0	95	0	0	0	0	0	0	0	0	
792819	0	0	0	0	0	0	0	99	0	0	0	0	0	0	0	0	
793564	0	0	0	0	0	0	0	87	0	0	0	0	0	0	0	0	
794314	0	0	0	0	0	0	0	99	0	0	0	0	0	0	0	0	
795065	0	0	0	0	0	0	0	105	0	0	0	0	0	0	0	0	
795814	0	0	0	0	0	0	0	81	0	0	0	0	0	0	0	0	
796564	0	0	0	0	0	0	0	93	0	0	0	0	0	0	0	0	
797310	0	0	0	0	0	0	0	95	0	0	0	0	0	0	0	0	
798059	0	0	0	0	0	0	0	79	0	0	0	0	0	0	0	0	
798806	0	0	0	0	0	0	0	113	0	0	0	0	0	0	0	0	
799559	0	0	0	0	0	0	0	95	0	0	0	0	0	0	0	0	
800309	0	0	0	0	0	0	0	101	0	0	0	0	0	0	0	0	
801061	0	0	0	0	0	0	0	107	0	0	0	0	0	0	0	0	
801813	0	0	0	0	0	0	0	87	0	0	0	0	0	0	0	0	
802562	0	0	0	0	0	0	0	109	0	0	0	0	0	0	0	0	
803310	0	0	0	0	0	0	0	117	0	0	0	0	0	0	0	0	
804061	0	0	0	0	0	0	0	101	0	0	0	0	0	0	0	0	
804808	0	0	0	0	0	0	0	103	0	0	0	0	0	0	0	0	
805561	0	0	0	0	0	0	0	115	0	0	0	0	0	0	0	0	
806310	0	0	0	0	0	0	0	109	0	0	0	0	0	0	0	0	
807061	0	0	0	0	0	0	0	97	0	0	0	0	0	0	0	0	
807811	0	0	0	0	0	0	0	109	0	0	0	0	0	0	0	0	
808564	0	0	0	0	0	0	0	95	0	0	0	0	0	0	0	0	
809313	0	0	0	0	0	0	0	101	0	0	0	0	0	0	0	0	
810062	0	0	0	0	0	0	0	93	0	0	0	0	0	0	0	0	
810811	0	0	0	0	0	0	0	83	0	0	0	0	0	0	0	0	
811563	0	0	0	0	0	0	0	91	0	0	0	0	0	0	0	0	
812315	0	0	0	0	0	0	0	85	0	0	0	0	0	0	0	0	
813066	0	0	0	0	0	0	0	97	0	0	0	0	0	0	0	0	
813818	0	0	0	0	0	0	0	105	0	0	0	0	0	0	0	0	
814570	0	0	0	0	0	0	0	83	0	0	0	0	0	0	0	0	
815325	0	0	0	0	0	0	0	97	0	0	0	0	0	0	0	0	
816077	0	0	0	0	0	0	0	99	0	0	0	0	0	0	0	0	
816828	0	0	0	0	0	0	0	111	0	0	0	0	0	0	0	0	
817577	0	0	0	0	0	0	0	121	0	0	0	0	0	0	0	0	
818327	0	0	0	0	0	0	117	0	0	0	0	0	0	0	0	0	
819079	0	0	0	0	0	0	105	0	0	0	0	0	0	0	0	0	
819832	0	0	0	0	0	0	117	0	0	0	0	0	0	0	0	0	
820582	0	0	0	0	0	0	125	0	0	0	0	0	0	0	0	0	
821333	0	0	0	0	0	0	113	0	0	0	0	0	0	0	0	0	
822086	0	0	0	0	0	0	105	0	0	0	0	0	0	0	0	0	
822835	0	0	0	0	0	0	111	0	0	0	0	0	0	0	0	0	
823582	0	0	0	0	0	0	99	0	0	0	0	0	0	0	0	0	
824334	0	0	0	0	0	0	119	0	0	0	0	0	0	0	0	0	
825086	0	0	0	0	0	0	107	0	0	0	0	0	0	0	0	0	
825834	0	0	0	0	0	0	119	0	0	0	0	0	0	0	0	0	
826583	0	0	0	0	0	0	121	0	0	0	0	0	0	0	0	0	
827332	0	0	0	0	0	0	111	0	0	0	0	0	0	0	0	0	
828084	0	0	0	0	0	0	137	0	0	0	0	0	0	0	0	0	
828837	0	0	0	0	0	0	135	0	0	0	0	0	0	0	0	0	
829587	0	0	0	0	0	0	119	0	0	0	0	0	0	0	0	0	
830337	0	0	0	0	0	0	117	0	0	0	0	0	0	0	0	0	
831089	0	0	0	0	0	0	135	0	0	0	0	0	0	0	0	0	
831836	0	0	0	0	0	0	121	0	0	0	0	0	0	0	0	0	
832583	0	0	0	0	0	0	127	0	0	0	0	0	0	0	0	0	
833328	0	0	0	0	0	0	111	0	0	0	0	0	0	0	0	0	
834080	0	0	0	0	0	0	101	0	0	0	0	0	0	0	0	0	
834831	0	0	0	0	0	0	101	0	0	0	0	0	0	0	0	0	
835581	0	0	0	0	0	0	103	0	0	0	0	0	0	0	0	0	
836330	0	0	0	0	0	0	125	0	0	0	0	0	0	0	0	0	
837080	0	0	0	0	0	0	123	0	0	0	0	0	0	0	0	0	
837829	0	0	0	0	0	0	105	0	0	0	0	0	0	0	0	0	
838580	0	0	0	0	0	0	111	0	0	0	0	0	0	0	0	0	
839332	0	0	0	0	0	0	125	0	0	0	0	0	0	0	0	0	
840081	0	0	0	0	0	0	113	0	0	0	0	0	0	0	0	0	
840832	0	0	0	0	0	0	101	0	0	0	0	0	0	0	0	0	
841582	0	0	0	0	0	0	137	0	0	0	0	0	0	0	0	0	
842332	0	0	0	0	0	0	111	0	0	0	0	0	0	0	0	0	
843081	0	0	0	0	0	0	113	0	0	0	0	0	0	0	0	0	
843828	0	0	0	0	0	0	109	0	0	0	0	0	0	0	0	0	
844582	0	0	0	0	0	0	125	0	0	0	0	0	0	0	0	0	
845334	0	0	0	0	0	0	0	99	0	0	0	0	0	0	0	0	
846083	0	0	0	0	0	0	0	109	0	0	0	0	0	0	0	0	
846833	0	0	0	0	0	0	0	99	0	0	0	0	0	0	0	0	
847583	0	0	0	0	0	0	0	117	0	0	0	0	0	0	0	0	
848335	0	0	0	0	0	0	0	101	0	0	0	0	0	0	0	0	
849083	0	0	0	0	0	0	0	99	0	0	0	0	0	0	0	0	
849833	0	0	0	0	0	0	0	101	0	0	0	0	0	0	0	0	
850585	0	0	0	0	0	0	0	111	0	0	0	0	0	0	0	0	
851339	0	0	0	0	0	0	0	89	0	0	0	0	0	0	0	0	
852087	0	0	0	0	0	0	0	97	0	0	0	0	0	0	0	0	
852836	0	0	0	0	0	0	0	123	0	0	0	0	0	0	0	0	
853585	0	0	0	0	0	0	0	97	0	0	0	0	0	0	0	0	
854335	0	0	0	0	0	0	0	111	0	0	0	0	0	0	0	0	
855087	0	0	0	0	0	0	0	121	0	0	0	0	0	0	0	0	
855840	0	0	0	0	0	0	0	95	0	0	0	0	0	0	0	0	
856588	0	0	0	0	0	0	117	0	0	0	0	0	0	0	0	0	
857337	0	0	0	0	0	0	127	0	0	0	0	0	0	0	0	0	
858088	0	0	0	0	0	0	107	0	0	0	0	0	0	0	0	0	
858838	0	0	0	0	0	0	113	0	0	0	0	0	0	0	0	0	
859591	0	0	0	0	0	0	99	0	0	0	0	0	0	0	0	0	
860341	0	0	0	0	0	0	127	0	0	0	0	0	0	0	0	0	
861089	0	0	0	0	0	0	125	0	0	0	0	0	0	0	0	0	
861839	0	0	0	0	0	0	131	0	0	0	0	0	0	0	0	0	
862591	0	0	0	0	0	0	133	0	0	0	0	0	0	0	0	0	
863340	0	0	0	0	0	0	103	0	0	0	0	0	0	0	0	0	
864086	0	0	0	0	0	0	117	0	0	0	0	0	0	0	0	0	
864837	0	0	0	0	0	0	119	0	0	0	0	0	0	0	0	0	
865586	0	0	0	0	0	0	123	0	0	0	0	0	0	0	0	0	
866337	0	0	0	0	0	0	117	0	0	0	0	0	0	0	0	0	
867085	0	0	0	0	0	0	107	0	0	0	0	0	0	0	0	0	
867835	0	0	0	0	0	0	109	0	0	0	0	0	0	0	0	0	
868585	0	0	0	0	0	0	97	0	0	0	0	0	0	0	0	0	
869340	0	0	0	0	0	0	107	0	0	0	0	0	0	0	0	0	
870089	0	0	0	0	0	0	99	0	0	0	0	0	0	0	0	0	
870841	0	0	0	0	0	0	0	87	0	0	0	0	0	0	0	0	
871594	0	0	0	0	0	0	0	103	0	0	0	0	0	0	0	0	
872344	0	0	0	0	0	0	0	99	0	0	0	0	0	0	0	0	
873092	0	0	0	0	0	0	0	95	0	0	0	0	0	0	0	0	
873838	0	0	0	0	0	0	0	105	0	0	0	0	0	0	0	0	
874591	0	0	0	0	0	0	0	93	0	0	0	0	0	0	0	0	
875343	0	0	0	0	0	0	0	109	0	0	0	0	0	0	0	0	
876094	0	0	0	0	0	0	0	91	0	0	0	0	0	0	0	0	
876843	0	0	0	0	0	0	0	109	0	0	0	0	0	0	0	0	
877592	0	0	0	0	0	0	0	101	0	0	0	0	0	0	0	0	
878339	0	0	0	0	0	0	0	95	0	0	0	0	0	0	0	0	
879091	0	0	0	0	0	0	0	83	0	0	0	0	0	0	0	0	
879841	0	0	0	0	0	0	0	105	0	0	0	0	0	0	0	0	
880586	0	0	0	0	0	0	0	89	0	0	0	0	0	0	0	0	
881338	0	0	0	0	0	0	0	123	0	0	0	0	0	0	0	0	
882086	0	0	0	0	0	0	105	0	0	0	0	0	0	0	0	0	
882837	0	0	0	0	0	0	135	0	0	0	0	0	0	0	0	0	
883587	0	0	0	0	0	0	113	0	0	0	0	0	0	0	0	0	
884336	0	0	0	0	0	0	117	0	0	0	0	0	0	0	0	0	
885085	0	0	0	0	0	0	115	0	0	0	0	0	0	0	0	0	
885833	0	0	0	0	0	0	121	0	0	0	0	0	0	0	0	0	
886581	0	0	0	0	0	0	113	0	0	0	0	0	0	0	0	0	
887333	0	0	0	0	0	0	101	0	0	0	0	0	0	0	0	0	
888084	0	0	0	0	0	0	119	0	0	0	0	0	0	0	0	0	
888830	0	0	0	0	0	0	113	0	0	0	0	0	0	0	0	0	
889579	0	0	0	0	0	0	107	0	0	0	0	0	0	0	0	0	
890330	0	0	0	0	0	0	129	0	0	0	0	0	0	0	0	0	
891081	0	0	0	0	0	0	125	0	0	0	0	0	0	0	0	0	
891832	0	0	0	0	0	0	0	109	0	0	0	0	0	0	0	0	
892581	0	0	0	0	0	0	0	89	0	0	0	0	0	0	0	0	
893330	0	0	0	0	0	0	0	99	0	0	0	0	0	0	0	0	
894078	0	0	0	0	0	0	0	91	0	0	0	0	0	0	0	0	
894828	0	0	0	0	0	0	67	52	0	0	0	0	0	0	0	0	
895579	0	0	0	0	0	0	0	97	0	0	0	0	0	0	0	0	
896326	0	0	0	0	0	0	0	91	0	0	0	0	0	0	0	0	
897074	0	0	0	0	0	0	0	95	0	0	0	0	0	0	0	0	
897826	0	0	0	0	0	0	0	107	0	0	0	0	0	0	0	0	
898577	0	0	0	0	0	0	0	93	0	0	0	0	0	0	0	0	
899324	0	0	0	0	0	0	0	0	91	0	0	0	0	0	0	0	
900076	0	0	0	0	0	0	0	0	97	0	0	0	0	0	0	0	
900825	0	0	0	0	0	0	0	0	107	0	0	0	0	0	0	0	
901576	0	0	0	0	0	0	0	0	109	0	0	0	0	0	0	0	
902325	0	0	0	0	0	0	0	0	95	0	0	0	0	0	0	0	
903075	0	0	0	0	0	0	0	0	75	0	0	0	0	0	0	0	
903823	0	0	0	0	0	0	0	0	75	0	0	0	0	0	0	0	
904571	0	0	0	0	0	0	0	0	79	0	0	0	0	0	0	0	
905318	0	0	0	0	0	0	0	0	89	0	0	0	0	0	0	0	
906066	0	0	0	0	0	0	0	0	89	0	0	0	0	0	0	0	
906817	0	0	0	0	0	0	0	0	103	0	0	0	0	0	0	0	
907567	0	0	0	0	0	0	0	0	93	0	0	0	0	0	0	0	
908318	0	0	0	0	0	0	0	99	2	0	0	0	0	0	0	0	
909066	0	0	0	0	0	0	0	97	0	0	0	0	0	0	0	0	
909817	0	0	0	0	0	0	0	95	0	0	0	0	0	0	0	0	
910565	0	0	0	0	0	0	0	77	0	0	0	0	0	0	0	0	
911317	0	0	0	0	0	0	0	85	0	0	0	0	0	0	0	0	
912068	0	0	0	0	0	0	0	81	0	0	0	0	0	0	0	0	
912817	0	0	0	0	0	0	121	0	0	0	0	0	0	0	0	0	
913567	0	0	0	0	0	0	107	0	0	0	0	0	0	0	0	0	
914316	0	0	0	0	0	0	119	0	0	0	0	0	0	0	0	0	
915067	0	0	0	0	0	0	111	0	0	0	0	0	0	0	0	0	
915814	0	0	0	0	0	147	0	0	0	0	0	0	0	0	0	0	
916564	0	0	0	0	0	133	0	0	0	0	0	0	0	0	0	0	
917311	0	0	0	0	0	133	0	0	0	0	0	0	0	0	0	0	
918063	0	0	0	0	0	127	0	0	0	0	0	0	0	0	0	0	
918812	0	0	0	0	0	149	0	0	0	0	0	0	0	0	0	0	
919564	0	0	0	0	0	119	0	0	0	0	0	0	0	0	0	0	
920314	0	0	0	0	0	127	0	0	0	0	0	0	0	0	0	0	
921064	0	0	0	0	0	123	0	0	0	0	0	0	0	0	0	0	
921813	0	0	0	0	0	135	0	0	0	0	0	0	0	0	0	0	
922562	0	0	0	0	0	129	0	0	0	0	0	0	0	0	0	0	
923312	0	0	0	0	0	119	0	0	0	0	0	0	0	0	0	0	
924061	0	0	0	0	0	131	0	0	0	0	0	0	0	0	0	0	
924809	0	0	0	0	0	131	0	0	0	0	0	0	0	0	0	0	
925559	0	0	0	0	0	135	0	0	0	0	0	0	0	0	0	0	
926310	0	0	0	0	0	147	0	0	0	0	0	0	0	0	0	0	
927061	0	0	0	0	0	141	0	0	0	0	0	0	0	0	0	0	
927815	0	0	0	0	0	99	0	0	0	0	0	0	0	0	0	0	
928566	0	0	0	0	0	145	0	0	0	0	0	0	0	0	0	0	
929315	0	0	0	0	0	133	0	0	0	0	0	0	0	0	0	0	
930066	0	0	0	0	0	121	0	0	0	0	0	0	0	0	0	0	
930817	0	0	0	0	0	129	0	0	0	0	0	0	0	0	0	0	
931567	0	0	0	0	0	127	0	0	0	0	0	0	0	0	0	0	
932318	0	0	0	0	0	133	0	0	0	0	0	0	0	0	0	0	
933071	0	0	0	0	0	129	0	0	0	0	0	0	0	0	0	0	
933820	0	0	0	0	0	105	0	0	0	0	0	0	0	0	0	0	
934572	0	0	0	0	0	123	0	0	0	0	0	0	0	0	0	0	
935325	0	0	0	0	0	131	0	0	0	0	0	0	0	0	0	0	
936076	0	0	0	0	0	127	0	0	0	0	0	0	0	0	0	0	
936824	0	0	0	0	0	107	0	0	0	0	0	0	0	0	0	0	
937575	0	0	0	0	0	143	0	0	0	0	0	0	0	0	0	0	
938325	0	0	0	0	0	123	0	0	0	0	0	0	0	0	0	0	
939073	0	0	0	0	0	135	0	0	0	0	0	0	0	0	0	0	
939823	0	0	0	0	0	121	0	0	0	0	0	0	0	0	0	0	
940575	0	0	0	0	0	157	0	0	0	0	0	0	0	0	0	0	
941326	0	0	0	0	0	145	0	0	0	0	0	0	0	0	0	0	
942077	0	0	0	0	0	143	0	0	0	0	0	0	0	0	0	0	
942824	0	0	0	0	0	149	0	0	0	0	0	0	0	0	0	0	
943576	0	0	0	0	0	119	0	0	0	0	0	0	0	0	0	0	
944325	0	0	0	0	0	139	0	0	0	0	0	0	0	0	0	0	
945076	0	0	0	0	0	119	0	0	0	0	0	0	0	0	0	0	
945824	0	0	0	0	0	147	0	0	0	0	0	0	0	0	0	0	
946576	0	0	0	0	0	151	0	0	0	0	0	0	0	0	0	0	
947327	0	0	0	0	0	147	0	0	0	0	0	0	0	0	0	0	
948082	0	0	0	0	0	121	0	0	0	0	0	0	0	0	0	0	
948832	0	0	0	0	0	139	0	0	0	0	0	0	0	0	0	0	
949584	0	0	0	0	0	129	0	0	0	0	0	0	0	0	0	0	
950334	0	0	0	0	0	125	0	0	0	0	0	0	0	0	0	0	
951088	0	0	0	0	0	111	0	0	0	0	0	0	0	0	0	0	
951840	0	0	0	0	0	127	0	0	0	0	0	0	0	0	0	0	
952592	0	0	0	0	0	137	0	0	0	0	0	0	0	0	0	0	
953343	0	0	0	0	0	119	0	0	0	0	0	0	0	0	0	0	
954093	0	0	0	0	0	133	0	0	0	0	0	0	0	0	0	0	
954841	0	0	0	0	0	129	0	0	0	0	0	0	0	0	0	0	
955589	0	0	0	0	0	0	119	0	0	0	0	0	0	0	0	0	
956340	0	0	0	0	0	0	99	0	0	0	0	0	0	0	0	0	
957088	0	0	0	0	0	0	115	0	0	0	0	0	0	0	0	0	
957840	0	0	0	0	0	0	115	0	0	0	0	0	0	0	0	0	
958589	0	0	0	0	0	0	109	0	0	0	0	0	0	0	0	0	
959336	0	0	0	0	0	0	113	0	0	0	0	0	0	0	0	0	
960085	0	0	0	0	0	0	107	0	0	0	0	0	0	0	0	0	
960837	0	0	0	0	0	0	111	0	0	0	0	0	0	0	0	0	
961589	0	0	0	0	0	0	109	0	0	0	0	0	0	0	0	0	
962337	0	0	0	0	0	0	113	0	0	0	0	0	0	0	0	0	
963083	0	0	0	0	0	0	135	0	0	0	0	0	0	0	0	0	
963833	0	0	0	0	0	0	123	0	0	0	0	0	0	0	0	0	
964586	0	0	0	0	0	0	107	0	0	0	0	0	0	0	0	0	
965339	0	0	0	0	0	0	107	0	0	0	0	0	0	0	0	0	
966088	0	0	0	0	0	0	117	0	0	0	0	0	0	0	0	0	
966841	0	0	0	0	0	0	113	0	0	0	0	0	0	0	0	0	
967589	0	0	0	0	0	0	113	0	0	0	0	0	0	0	0	0	
968336	0	0	0	0	0	0	115	0	0	0	0	0	0	0	0	0	
969088	0	0	0	0	0	0	115	0	0	0	0	0	0	0	0	0	
969842	0	0	0	0	0	0	139	0	0	0	0	0	0	0	0	0	
970590	0	0	0	0	0	0	121	0	0	0	0	0	0	0	0	0	
971343	0	0	0	0	0	0	111	0	0	0	0	0	0	0	0	0	
972095	0	0	0	0	0	0	123	0	0	0	0	0	0	0	0	0	
972846	0	0	0	0	0	0	111	0	0	0	0	0	0	0	0	0	
973593	0	0	0	0	0	0	101	0	0	0	0	0	0	0	0	0	
974345	0	0	0	0	0	0	101	0	0	0	0	0	0	0	0	0	
975095	0	0	0	0	0	0	109	0	0	0	0	0	0	0	0	0	
975846	0	0	0	0	0	0	99	0	0	0	0	0	0	0	0	0	
976598	0	0	0	0	0	0	103	0	0	0	0	0	0	0	0	0	
977348	0	0	0	0	0	0	109	0	0	0	0	0	0	0	0	0	
978097	0	0	0	0	0	0	113	0	0	0	0	0	0	0	0	0	
978849	0	0	0	0	0	0	107	0	0	0	0	0	0	0	0	0	
979596	0	0	0	0	0	0	135	0	0	0	0	0	0	0	0	0	
980343	0	0	0	0	0	0	111	0	0	0	0	0	0	0	0	0	
981096	0	0	0	0	0	0	117	0	0	0	0	0	0	0	0	0	
981845	0	0	0	0	0	0	103	0	0	0	0	0	0	0	0	0	
982594	0	0	0	0	0	0	127	0	0	0	0	0	0	0	0	0	
983341	0	0	0	0	0	0	105	0	0	0	0	0	0	0	0	0	
984091	0	0	0	0	0	0	105	0	0	0	0	0	0	0	0	0	
984839	0	0	0	0	0	0	103	0	0	0	0	0	0	0	0	0	
985589	0	0	0	0	0	0	123	0	0	0	0	0	0	0	0	0	
986340	0	0	0	0	0	0	105	0	0	0	0	0	0	0	0	0	
987092	0	0	0	0	0	0	123	0	0	0	0	0	0	0	0	0	
987842	0	0	0	0	0	0	99	0	0	0	0	0	0	0	0	0	
988593	0	0	0	0	0	0	99	0	0	0	0	0	0	0	0	0	
989345	0	0	0	0	0	0	111	0	0	0	0	0	0	0	0	0	
990095	0	0	0	0	0	0	115	0	0	0	0	0	0	0	0	0	
990847	0	0	0	0	0	0	119	0	0	0	0	0	0	0	0	0	
991597	0	0	0	0	0	0	125	0	0	0	0	0	0	0	0	0	
992348	0	0	0	0	0	0	101	0	0	0	0	0	0	0	0	0	
993096	0	0	0	0	0	135	0	0	0	0	0	0	0	0	0	0	
993848	0	0	0	0	0	143	0	0	0	0	0	0	0	0	0	0	
994597	0	0	0	0	0	129	0	0	0	0	0	0	0	0	0	0	
995347	0	0	0	0	0	129	0	0	0	0	0	0	0	0	0	0	
996101	0	0	0	0	0	123	0	0	0	0	0	0	0	0	0	0	
996853	0	0	0	0	0	127	0	0	0	0	0	0	0	0	0	0	
997598	0	0	0	0	133	0	0	0	0	0	0	0	0	0	0	0	
998347	0	0	0	0	169	0	0	0	0	0	0	0	0	0	0	0	
999099	0	0	0	0	145	0	0	0	0	0	0	0	0	0	0	0	
999852	0	0	0	0	159	0	0	0	0	0	0	0	0	0	0	0	
1.0006e+06	0	0	0	0	163	0	0	0	0	0	0	0	0	0	0	0	
1.00136e+06	0	0	0	0	139	0	0	0	0	0	0	0	0	0	0	0	
1.00211e+06	0	0	0	0	151	0	0	0	0	0	0	0	0	0	0	0	
1.00285e+06	0	0	0	0	141	0	0	0	0	0	0	0	0	0	0	0	
1.0036e+06	0	0	0	0	151	0	0	0	0	0	0	0	0	0	0	0	
1.00435e+06	0	0	0	0	145	0	0	0	0	0	0	0	0	0	0	0	
1.00511e+06	0	0	0	0	171	0	0	0	0	0	0	0	0	0	0	0	
1.00586e+06	0	0	0	0	141	0	0	0	0	0	0	0	0	0	0	0	
1.00661e+06	0	0	0	0	173	0	0	0	0	0	0	0	0	0	0	0	
1.00736e+06	0	0	0	0	169	0	0	0	0	0	0	0	0	0	0	0	
1.00811e+06	0	0	0	0	151	0	0	0	0	0	0	0	0	0	0	0	
1.00886e+06	0	0	0	0	175	0	0	0	0	0	0	0	0	0	0	0	
1.00961e+06	0	0	0	0	177	0	0	0	0	0	0	0	0	0	0	0	
1.01036e+06	0	0	0	0	143	0	0	0	0	0	0	0	0	0	0	0	
1.01111e+06	0	0	0	0	159	0	0	0	0	0	0	0	0	0	0	0	
1.01186e+06	0	0	0	0	163	0	0	0	0	0	0	0	0	0	0	0	
1.01261e+06	0	0	0	0	153	0	0	0	0	0	0	0	0	0	0	0	
1.01336e+06	0	0	0	0	163	0	0	0	0	0	0	0	0	0	0	0	
1.01411e+06	0	0	0	0	155	0	0	0	0	0	0	0	0	0	0	0	
1.01486e+06	0	0	0	0	185	0	0	0	0	0	0	0	0	0	0	0	
1.01561e+06	0	0	0	0	181	0	0	0	0	0	0	0	0	0	0	0	
1.01636e+06	0	0	0	0	133	0	0	0	0	0	0	0	0	0	0	0	
1.01711e+06	0	0	0	0	153	0	0	0	0	0	0	0	0	0	0	0	
1.01786e+06	0	0	0	0	169	0	0	0	0	0	0	0	0	0	0	0	
1.01861e+06	0	0	0	0	161	0	0	0	0	0	0	0	0	0	0	0	
1.01936e+06	0	0	0	0	165	0	0	0	0	0	0	0	0	0	0	0	
1.0201e+06	0	0	0	0	147	0	0	0	0	0	0	0	0	0	0	0	
1.02085e+06	0	0	0	0	179	0	0	0	0	0	0	0	0	0	0	0	
1.0216e+06	0	0	0	0	169	0	0	0	0	0	0	0	0	0	0	0	
1.02235e+06	0	0	0	0	173	0	0	0	0	0	0	0	0	0	0	0	
1.0231e+06	0	0	0	0	165	0	0	0	0	0	0	0	0	0	0	0	
1.02385e+06	0	0	0	0	169	0	0	0	0	0	0	0	0	0	0	0	
1.0246e+06	0	0	0	0	135	0	0	0	0	0	0	0	0	0	0	0	
1.02535e+06	0	0	0	0	171	0	0	0	0	0	0	0	0	0	0	0	
1.0261e+06	0	0	0	0	161	0	0	0	0	0	0	0	0	0	0	0	
1.02685e+06	0	0	0	197	0	0	0	0	0	0	0	0	0	0	0	0	
1.0276e+06	0	0	0	215	0	0	0	0	0	0	0	0	0	0	0	0	
1.02836e+06	0	0	0	171	0	0	0	0	0	0	0	0	0	0	0	0	
1.0291e+06	0	0	0	201	0	0	0	0	0	0	0	0	0	0	0	0	
1.02985e+06	0	0	0	209	0	0	0	0	0	0	0	0	0	0	0	0	
1.0306e+06	0	0	0	187	0	0	0	0	0	0	0	0	0	0	0	0	
1.03135e+06	0	0	0	197	0	0	0	0	0	0	0	0	0	0	0	0	
1.03211e+06	0	0	24	177	0	0	0	0	0	0	0	0	0	0	0	0	
1.03285e+06	0	0	0	193	0	0	0	0	0	0	0	0	0	0	0	0	
1.0336e+06	0	0	0	199	0	0	0	0	0	0	0	0	0	0	0	0	
1.03436e+06	0	0	0	219	0	0	0	0	0	0	0	0	0	0	0	0	
1.0351e+06	0	0	0	231	0	0	0	0	0	0	0	0	0	0	0	0	
1.03585e+06	0	0	0	183	0	0	0	0	0	0	0	0	0	0	0	0	
1.03661e+06	0	0	0	171	0	0	0	0	0	0	0	0	0	0	0	0	
1.03736e+06	0	0	0	203	0	0	0	0	0	0	0	0	0	0	0	0	
1.03811e+06	0	0	0	183	0	0	0	0	0	0	0	0	0	0	0	0	
1.03886e+06	0	0	0	183	0	0	0	0	0	0	0	0	0	0	0	0	
1.03961e+06	0	0	0	197	0	0	0	0	0	0	0	0	0	0	0	0	
1.04036e+06	0	0	0	221	0	0	0	0	0	0	0	0	0	0	0	0	
1.04111e+06	0	0	0	199	0	0	0	0	0	0	0	0	0	0	0	0	
1.04186e+06	0	0	0	195	0	0	0	0	0	0	0	0	0	0	0	0	
1.04261e+06	0	0	0	179	0	0	0	0	0	0	0	0	0	0	0	0	
1.04336e+06	0	0	0	185	0	0	0	0	0	0	0	0	0	0	0	0	
1.04411e+06	0	0	0	195	0	0	0	0	0	0	0	0	0	0	0	0	
1.04486e+06	0	0	0	213	0	0	0	0	0	0	0	0	0	0	0	0	
1.04561e+06	0	0	0	201	0	0	0	0	0	0	0	0	0	0	0	0	
1.04636e+06	0	0	0	187	0	0	0	0	0	0	0	0	0	0	0	0	
1.04711e+06	0	0	0	207	0	0	0	0	0	0	0	0	0	0	0	0	
1.04786e+06	0	0	0	229	0	0	0	0	0	0	0	0	0	0	0	0	
1.04861e+06	0	0	0	223	0	0	0	0	0	0	0	0	0	0	0	0	
1.04936e+06	0	0	0	189	0	0	0	0	0	0	0	0	0	0	0	0	
1.0501e+06	0	0	0	201	0	0	0	0	0	0	0	0	0	0	0	0	
1.05085e+06	0	0	0	205	0	0	0	0	0	0	0	0	0	0	0	0	
1.0516e+06	0	0	0	203	0	0	0	0	0	0	0	0	0	0	0	0	
1.05235e+06	0	0	0	0	165	0	0	0	0	0	0	0	0	0	0	0	
1.0531e+06	0	0	0	0	163	0	0	0	0	0	0	0	0	0	0	0	
1.05385e+06	0	0	0	0	149	0	0	0	0	0	0	0	0	0	0	0	
1.0546e+06	0	0	0	0	183	0	0	0	0	0	0	0	0	0	0	0	
1.05535e+06	0	0	0	0	149	0	0	0	0	0	0	0	0	0	0	0	
1.0561e+06	0	0	0	0	135	0	0	0	0	0	0	0	0	0	0	0	
1.05685e+06	0	0	0	0	155	0	0	0	0	0	0	0	0	0	0	0	
1.0576e+06	0	0	0	0	153	0	0	0	0	0	0	0	0	0	0	0	
1.05835e+06	0	0	0	0	147	0	0	0	0	0	0	0	0	0	0	0	
1.0591e+06	0	0	0	0	165	0	0	0	0	0	0	0	0	0	0	0	
1.05985e+06	0	0	0	0	155	0	0	0	0	0	0	0	0	0	0	0	
1.0606e+06	0	0	0	0	165	0	0	0	0	0	0	0	0	0	0	0	
1.06135e+06	0	0	0	0	167	0	0	0	0	0	0	0	0	0	0	0	
1.0621e+06	0	0	0	0	157	0	0	0	0	0	0	0	0	0	0	0	
1.06286e+06	0	0	0	0	129	0	0	0	0	0	0	0	0	0	0	0	
1.06361e+06	0	0	0	0	141	0	0	0	0	0	0	0	0	0	0	0	
1.06436e+06	0	0	0	0	155	0	0	0	0	0	0	0	0	0	0	0	
1.0651e+06	0	0	0	0	163	0	0	0	0	0	0	0	0	0	0	0	
1.06586e+06	0	0	0	0	161	0	0	0	0	0	0	0	0	0	0	0	
1.06661e+06	0	0	0	0	151	0	0	0	0	0	0	0	0	0	0	0	
1.06735e+06	0	0	0	0	163	0	0	0	0	0	0	0	0	0	0	0	
1.06811e+06	0	0	0	0	157	0	0	0	0	0	0	0	0	0	0	0	
1.06886e+06	0	0	0	0	143	0	0	0	0	0	0	0	0	0	0	0	
1.06961e+06	0	0	0	0	157	0	0	0	0	0	0	0	0	0	0	0	
1.07036e+06	0	0	0	0	183	0	0	0	0	0	0	0	0	0	0	0	
1.07111e+06	0	0	0	0	187	0	0	0	0	0	0	0	0	0	0	0	
1.07186e+06	0	0	0	0	159	0	0	0	0	0	0	0	0	0	0	0	
1.07261e+06	0	0	0	0	167	0	0	0	0	0	0	0	0	0	0	0	
1.07336e+06	0	0	0	0	157	0	0	0	0	0	0	0	0	0	0	0	
1.07412e+06	0	0	0	0	155	0	0	0	0	0	0	0	0	0	0	0	
1.07486e+06	0	0	0	0	155	0	0	0	0	0	0	0	0	0	0	0	
1.07562e+06	0	0	0	0	161	0	0	0	0	0	0	0	0	0	0	0	
1.07637e+06	0	0	0	0	169	0	0	0	0	0	0	0	0	0	0	0	
1.07712e+06	0	0	0	0	163	0	0	0	0	0	0	0	0	0	0	0	
1.07787e+06	0	0	0	0	167	0	0	0	0	0	0	0	0	0	0	0	
1.07862e+06	0	0	0	0	149	0	0	0	0	0	0	0	0	0	0	0	
1.07937e+06	0	0	0	0	129	0	0	0	0	0	0	0	0	0	0	0	
1.08011e+06	0	0	0	0	157	0	0	0	0	0	0	0	0	0	0	0	
1.08086e+06	0	0	0	0	159	0	0	0	0	0	0	0	0	0	0	0	
1.08161e+06	0	0	0	0	189	0	0	0	0	0	0	0	0	0	0	0	
1.08236e+06	0	0	0	0	141	0	0	0	0	0	0	0	0	0	0	0	
1.08311e+06	0	0	0	0	141	0	0	0	0	0	0	0	0	0	0	0	
1.08387e+06	0	0	0	0	112	27	0	0	0	0	0	0	0	0	0	0	
1.08461e+06	0	0	0	0	0	129	0	0	0	0	0	0	0	0	0	0	
1.08536e+06	0	0	0	0	0	119	0	0	0	0	0	0	0	0	0	0	
1.08611e+06	0	0	0	0	0	125	0	0	0	0	0	0	0	0	0	0	
1.08687e+06	0	0	0	0	0	121	0	0	0	0	0	0	0	0	0	0	
1.08762e+06	0	0	0	0	0	129	0	0	0	0	0	0	0	0	0	0	
1.08837e+06	0	0	0	0	0	153	0	0	0	0	0	0	0	0	0	0	
1.08912e+06	0	0	0	0	0	131	0	0	0	0	0	0	0	0	0	0	
1.08987e+06	0	0	0	0	0	107	0	0	0	0	0	0	0	0	0	0	
1.09062e+06	0	0	0	0	0	145	0	0	0	0	0	0	0	0	0	0	
1.09137e+06	0	0	0	0	0	135	0	0	0	0	0	0	0	0	0	0	
1.09212e+06	0	0	0	0	0	129	0	0	0	0	0	0	0	0	0	0	
1.09286e+06	0	0	0	0	0	0	97	0	0	0	0	0	0	0	0	0	
1.09362e+06	0	0	0	0	0	0	119	0	0	0	0	0	0	0	0	0	
1.09437e+06	0	0	0	0	0	0	117	0	0	0	0	0	0	0	0	0	
1.09511e+06	0	0	0	0	0	0	113	0	0	0	0	0	0	0	0	0	
1.09586e+06	0	0	0	0	0	0	107	0	0	0	0	0	0	0	0	0	
1.09661e+06	0	0	0	0	0	0	121	0	0	0	0	0	0	0	0	0	
1.09736e+06	0	0	0	0	0	0	107	0	0	0	0	0	0	0	0	0	
1.09811e+06	0	0	0	0	0	0	80	13	0	0	0	0	0	0	0	0	
1.09886e+06	0	0	0	0	0	0	143	0	0	0	0	0	0	0	0	0	
1.09961e+06	0	0	0	0	0	0	109	0	0	0	0	0	0	0	0	0	
1.10036e+06	0	0	0	0	0	0	113	0	0	0	0	0	0	0	0	0	
1.10111e+06	0	0	0	0	0	0	121	0	0	0	0	0	0	0	0	0	
1.10186e+06	0	0	0	0	0	0	125	0	0	0	0	0	0	0	0	0	
1.10261e+06	0	0	0	0	0	0	109	0	0	0	0	0	0	0	0	0	
1.10336e+06	0	0	0	0	0	0	103	0	0	0	0	0	0	0	0	0	
1.10411e+06	0	0	0	0	0	0	123	0	0	0	0	0	0	0	0	0	
1.10486e+06	0	0	0	0	0	0	125	0	0	0	0	0	0	0	0	0	
1.10561e+06	0	0	0	0	0	0	109	0	0	0	0	0	0	0	0	0	
1.10636e+06	0	0	0	0	0	0	0	93	0	0	0	0	0	0	0	0	
1.10711e+06	0	0	0	0	0	0	0	93	0	0	0	0	0	0	0	0	
1.10786e+06	0	0	0	0	0	0	0	103	0	0	0	0	0	0	0	0	
1.10861e+06	0	0	0	0	0	0	0	123	0	0	0	0	0	0	0	0	
1.10936e+06	0	0	0	0	0	0	0	99	0	0	0	0	0	0	0	0	
1.11011e+06	0	0	0	0	0	0	123	0	0	0	0	0	0	0	0	0	
1.11086e+06	0	0	0	0	0	0	95	0	0	0	0	0	0	0	0	0	
1.11161e+06	0	0	0	0	0	0	111	0	0	0	0	0	0	0	0	0	
1.11236e+06	0	0	0	0	0	0	113	0	0	0	0	0	0	0	0	0	
1.11311e+06	0	0	0	0	0	0	115	0	0	0	0	0	0	0	0	0	
1.11386e+06	0	0	0	0	0	0	133	0	0	0	0	0	0	0	0	0	
1.11461e+06	0	0	0	0	0	0	0	87	0	0	0	0	0	0	0	0	
1.11536e+06	0	0	0	0	0	0	0	105	0	0	0	0	0	0	0	0	
1.11611e+06	0	0	0	0	0	0	0	101	0	0	0	0	0	0	0	0	
1.11686e+06	0	0	0	0	0	0	0	93	0	0	0	0	0	0	0	0	
1.11761e+06	0	0	0	0	0	0	0	101	0	0	0	0	0	0	0	0	
1.11836e+06	0	0	0	0	0	0	0	85	0	0	0	0	0	0	0	0	
1.11911e+06	0	0	0	0	0	0	0	113	0	0	0	0	0	0	0	0	
1.11986e+06	0	0	0	0	0	0	0	111	0	0	0	0	0	0	0	0	
1.12061e+06	0	0	0	0	0	0	0	103	0	0	0	0	0	0	0	0	
1.12136e+06	0	0	0	0	0	0	0	10	79	0	0	0	0	0	0	0	
1.12211e+06	0	0	0	0	0	0	0	0	85	0	0	0	0	0	0	0	
1.12286e+06	0	0	0	0	0	0	0	0	81	0	0	0	0	0	0	0	
1.12361e+06	0	0	0	0	0	0	0	0	89	0	0	0	0	0	0	0	
1.12436e+06	0	0	0	0	0	0	0	0	77	0	0	0	0	0	0	0	
1.12511e+06	0	0	0	0	0	0	0	0	99	0	0	0	0	0	0	0	
1.12586e+06	0	0	0	0	0	0	0	0	95	0	0	0	0	0	0	0	
1.12661e+06	0	0	0	0	0	0	0	0	85	0	0	0	0	0	0	0	
1.12736e+06	0	0	0	0	0	0	0	0	85	0	0	0	0	0	0	0	
1.1281e+06	0	0	0	0	0	0	0	0	91	0	0	0	0	0	0	0	
1.12885e+06	0	0	0	0	0	0	0	0	89	0	0	0	0	0	0	0	
1.1296e+06	0	0	0	0	0	0	0	0	105	0	0	0	0	0	0	0	
1.13035e+06	0	0	0	0	0	0	0	0	99	0	0	0	0	0	0	0	
1.1311e+06	0	0	0	0	0	0	0	12	75	0	0	0	0	0	0	0	
1.13186e+06	0	0	0	0	0	0	0	0	89	0	0	0	0	0	0	0	
1.1326e+06	0	0	0	0	0	0	0	0	87	0	0	0	0	0	0	0	
1.13335e+06	0	0	0	0	0	0	0	39	50	0	0	0	0	0	0	0	
1.1341e+06	0	0	0	0	0	0	0	0	93	0	0	0	0	0	0	0	
1.13485e+06	0	0	0	0	0	0	0	0	85	0	0	0	0	0	0	0	
1.1356e+06	0	0	0	0	0	0	0	0	101	0	0	0	0	0	0	0	
1.13635e+06	0	0	0	0	0	0	0	0	93	0	0	0	0	0	0	0	
1.1371e+06	0	0	0	0	0	0	0	0	77	0	0	0	0	0	0	0	
1.13785e+06	0	0	0	0	0	0	0	0	85	0	0	0	0	0	0	0	
1.1386e+06	0	0	0	0	0	0	0	0	81	0	0	0	0	0	0	0	
1.13936e+06	0	0	0	0	0	0	0	0	105	0	0	0	0	0	0	0	
1.14011e+06	0	0	0	0	0	0	0	0	85	0	0	0	0	0	0	0	
1.14086e+06	0	0	0	0	0	0	0	0	111	0	0	0	0	0	0	0	
1.14161e+06	0	0	0	0	0	0	0	0	103	0	0	0	0	0	0	0	
1.14235e+06	0	0	0	0	0	0	0	0	77	0	0	0	0	0	0	0	
1.1431e+06	0	0	0	0	0	0	0	0	83	0	0	0	0	0	0	0	
1.14385e+06	0	0	0	0	0	0	0	0	71	0	0	0	0	0	0	0	
1.14461e+06	0	0	0	0	0	0	0	0	95	0	0	0	0	0	0	0	
1.14535e+06	0	0	0	0	0	0	0	0	103	0	0	0	0	0	0	0	
1.1461e+06	0	0	0	0	0	0	0	0	85	0	0	0	0	0	0	0	
1.14686e+06	0	0	0	0	0	0	0	0	83	0	0	0	0	0	0	0	
1.14761e+06	0	0	0	0	0	0	0	0	99	0	0	0	0	0	0	0	
1.14836e+06	0	0	0	0	0	0	0	0	99	0	0	0	0	0	0	0	
1.14911e+06	0	0	0	0	0	0	0	0	89	0	0	0	0	0	0	0	
1.14986e+06	0	0	0	0	0	0	0	0	95	0	0	0	0	0	0	0	
1.15061e+06	0	0	0	0	0	0	0	0	77	0	0	0	0	0	0	0	
1.15136e+06	0	0	0	0	0	0	0	109	0	0	0	0	0	0	0	0	
1.15211e+06	0	0	0	0	0	0	0	107	0	0	0	0	0	0	0	0	
1.15286e+06	0	0	0	0	0	0	0	85	0	0	0	0	0	0	0	0	
1.15361e+06	0	0	0	0	0	0	0	88	7	0	0	0	0	0	0	0	
1.15436e+06	0	0	0	0	0	0	0	97	0	0	0	0	0	0	0	0	
1.15511e+06	0	0	0	0	0	0	0	99	0	0	0	0	0	0	0	0	
1.15586e+06	0	0	0	0	0	0	0	81	0	0	0	0	0	0	0	0	
1.15662e+06	0	0	0	0	0	0	0	99	0	0	0	0	0	0	0	0	
1.15737e+06	0	0	0	0	0	0	0	105	0	0	0	0	0	0	0	0	
1.15812e+06	0	0	0	0	0	0	0	103	0	0	0	0	0	0	0	0	
1.15887e+06	0	0	0	0	0	0	0	0	105	0	0	0	0	0	0	0	
1.15962e+06	0	0	0	0	0	0	0	109	0	0	0	0	0	0	0	0	
1.16037e+06	0	0	0	0	0	0	0	89	0	0	0	0	0	0	0	0	
1.16111e+06	0	0	0	0	0	0	0	97	0	0	0	0	0	0	0	0	
1.16186e+06	0	0	0	0	0	0	0	103	0	0	0	0	0	0	0	0	
1.16261e+06	0	0	0	0	0	0	0	91	0	0	0	0	0	0	0	0	
1.16336e+06	0	0	0	0	0	0	0	91	0	0	0	0	0	0	0	0	
1.16411e+06	0	0	0	0	0	0	0	101	0	0	0	0	0	0	0	0	
1.16486e+06	0	0	0	0	0	0	38	83	0	0	0	0	0	0	0	0	
1.1656e+06	0	0	0	0	0	0	0	103	0	0	0	0	0	0	0	0	
1.16636e+06	0	0	0	0	0	0	0	99	0	0	0	0	0	0	0	0	
1.16711e+06	0	0	0	0	0	0	0	89	0	0	0	0	0	0	0	0	
1.16786e+06	0	0	0	0	0	0	0	105	0	0	0	0	0	0	0	0	
1.16861e+06	0	0	0	0	0	0	0	93	0	0	0	0	0	0	0	0	
1.16936e+06	0	0	0	0	0	0	0	85	0	0	0	0	0	0	0	0	
1.17011e+06	0	0	0	0	0	0	0	98	1	0	0	0	0	0	0	0	
1.17087e+06	0	0	0	0	0	0	0	103	0	0	0	0	0	0	0	0	
1.17162e+06	0	0	0	0	0	0	0	105	0	0	0	0	0	0	0	0	
1.17237e+06	0	0	0	0	0	0	0	87	0	0	0	0	0	0	0	0	
1.17311e+06	0	0	0	0	0	0	0	103	0	0	0	0	0	0	0	0	
1.17387e+06	0	0	0	0	0	0	0	101	0	0	0	0	0	0	0	0	
1.17462e+06	0	0	0	0	0	0	0	91	0	0	0	0	0	0	0	0	
1.17537e+06	0	0	0	0	0	0	0	103	0	0	0	0	0	0	0	0	
1.17612e+06	0	0	0	0	0	0	0	97	0	0	0	0	0	0	0	0	
1.17687e+06	0	0	0	0	0	0	0	91	0	0	0	0	0	0	0	0	
1.17762e+06	0	0	0	0	0	0	0	113	0	0	0	0	0	0	0	0	
1.17837e+06	0	0	0	0	0	0	0	109	0	0	0	0	0	0	0	0	
1.17912e+06	0	0	0	0	0	0	0	95	0	0	0	0	0	0	0	0	
1.17987e+06	0	0	0	0	0	0	0	99	0	0	0	0	0	0	0	0	
1.18062e+06	0	0	0	0	0	0	0	0	99	0	0	0	0	0	0	0	
1.18138e+06	0	0	0	0	0	0	0	0	83	0	0	0	0	0	0	0	
1.18213e+06	0	0	0	0	0	0	0	0	83	0	0	0	0	0	0	0	
1.18288e+06	0	0	0	0	0	0	0	0	89	0	0	0	0	0	0	0	
1.18363e+06	0	0	0	0	0	0	0	0	113	0	0	0	0	0	0	0	
1.18438e+06	0	0	0	0	0	0	0	0	77	0	0	0	0	0	0	0	
1.18513e+06	0	0	0	0	0	0	0	79	0	0	0	0	0	0	0	0	
1.18588e+06	0	0	0	0	0	0	0	93	0	0	0	0	0	0	0	0	
1.18663e+06	0	0	0	0	0	0	0	99	0	0	0	0	0	0	0	0	
1.18738e+06	0	0	0	0	0	0	0	105	0	0	0	0	0	0	0	0	
1.18813e+06	0	0	0	0	0	0	0	97	0	0	0	0	0	0	0	0	
1.18888e+06	0	0	0	0	0	0	0	95	0	0	0	0	0	0	0	0	
1.18963e+06	0	0	0	0	0	0	0	101	0	0	0	0	0	0	0	0	
1.19038e+06	0	0	0	0	0	0	0	105	0	0	0	0	0	0	0	0	
1.19113e+06	0	0	0	0	0	0	0	105	0	0	0	0	0	0	0	0	
1.19188e+06	0	0	0	0	0	0	0	89	0	0	0	0	0	0	0	0	
1.19263e+06	0	0	0	0	0	0	0	117	0	0	0	0	0	0	0	0	
1.19338e+06	0	0	0	0	0	0	0	95	0	0	0	0	0	0	0	0	
1.19413e+06	0	0	0	0	0	0	0	99	0	0	0	0	0	0	0	0	
1.19488e+06	0	0	0	0	0	0	0	89	0	0	0	0	0	0	0	0	
1.19563e+06	0	0	0	0	0	0	0	109	0	0	0	0	0	0	0	0	
1.19638e+06	0	0	0	0	0	0	0	85	0	0	0	0	0	0	0	0	
1.19712e+06	0	0	0	0	0	0	0	111	0	0	0	0	0	0	0	0	
1.19787e+06	0	0	0	0	0	0	0	103	0	0	0	0	0	0	0	0	
1.19862e+06	0	0	0	0	0	0	0	101	0	0	0	0	0	0	0	0	
1.19937e+06	0	0	0	0	0	0	0	85	0	0	0	0	0	0	0	0	
1.20012e+06	0	0	0	0	0	0	0	85	0	0	0	0	0	0	0	0	
1.20086e+06	0	0	0	0	0	0	0	117	0	0	0	0	0	0	0	0	
1.20161e+06	0	0	0	0	0	0	0	101	0	0	0	0	0	0	0	0	
1.20236e+06	0	0	0	0	0	0	0	103	0	0	0	0	0	0	0	0	
1.20311e+06	0	0	0	0	0	0	0	93	0	0	0	0	0	0	0	0	
1.20386e+06	0	0	0	0	0	0	0	85	0	0	0	0	0	0	0	0	
1.20461e+06	0	0	0	0	0	0	0	113	0	0	0	0	0	0	0	0	
1.20536e+06	0	0	0	0	0	0	0	89	0	0	0	0	0	0	0	0	
1.20611e+06	0	0	0	0	0	0	0	0	19	56	0	0	0	0	0	0	
1.20686e+06	0	0	0	0	0	0	0	0	0	91	0	0	0	0	0	0	
1.20761e+06	0	0	0	0	0	0	0	0	0	85	0	0	0	0	0	0	
1.20836e+06	0	0	0	0	0	0	0	0	0	77	0	0	0	0	0	0	
1.20911e+06	0	0	0	0	0	0	0	0	0	57	0	0	0	0	0	0	
1.20986e+06	0	0	0	0	0	0	0	0	0	87	0	0	0	0	0	0	
1.21061e+06	0	0	0	0	0	0	0	0	0	99	0	0	0	0	0	0	
1.21136e+06	0	0	0	0	0	0	0	0	0	73	0	0	0	0	0	0	
1.21211e+06	0	0	0	0	0	0	0	0	0	71	0	0	0	0	0	0	
1.21286e+06	0	0	0	0	0	0	0	0	0	81	0	0	0	0	0	0	
1.21361e+06	0	0	0	0	0	0	0	0	0	81	0	0	0	0	0	0	
1.21436e+06	0	0	0	0	0	0	0	0	0	85	0	0	0	0	0	0	
1.21511e+06	0	0	0	0	0	0	0	0	0	81	0	0	0	0	0	0	
1.21586e+06	0	0	0	0	0	0	0	0	0	0	79	0	0	0	0	0	
1.21661e+06	0	0	0	0	0	0	0	0	0	0	0	85	0	0	0	0	
1.21736e+06	0	0	0	0	0	0	0	0	0	0	0	59	0	0	0	0	
1.21811e+06	0	0	0	0	0	0	0	0	0	0	0	65	0	0	0	0	
1.21886e+06	0	0	0	0	0	0	0	0	0	0	0	65	0	0	0	0	
1.21961e+06	0	0	0	0	0	0	0	0	0	0	0	65	0	0	0	0	
1.22036e+06	0	0	0	0	0	0	0	0	0	0	0	67	0	0	0	0	
1.22111e+06	0	0	0	0	0	0	0	0	0	0	0	69	0	0	0	0	
1.22186e+06	0	0	0	0	0	0	0	0	0	0	0	67	0	0	0	0	
1.22261e+06	0	0	0	0	0	0	0	0	0	0	0	65	0	0	0	0	
1.22336e+06	0	0	0	0	0	0	0	0	0	0	0	67	0	0	0	0	
1.22411e+06	0	0	0	0	0	0	0	0	0	0	0	57	0	0	0	0	
1.22486e+06	0	0	0	0	0	0	0	0	0	0	0	73	0	0	0	0	
1.22561e+06	0	0	0	0	0	0	0	0	0	0	0	57	0	0	0	0	
1.22636e+06	0	0	0	0	0	0	0	0	0	0	0	63	0	0	0	0	
1.22711e+06	0	0	0	0	0	0	0	0	0	0	0	79	0	0	0	0	
1.22786e+06	0	0	0	0	0	0	0	0	0	0	0	65	0	0	0	0	
1.22861e+06	0	0	0	0	0	0	0	0	0	0	0	71	0	0	0	0	
1.22936e+06	0	0	0	0	0	0	0	0	0	0	0	67	0	0	0	0	
1.23011e+06	0	0	0	0	0	0	0	0	0	0	0	69	0	0	0	0	
1.23086e+06	0	0	0	0	0	0	0	0	0	0	0	65	0	0	0	0	
1.23161e+06	0	0	0	0	0	0	0	0	0	0	0	75	0	0	0	0	
1.23236e+06	0	0	0	0	0	0	0	0	0	0	0	77	0	0	0	0	
1.23311e+06	0	0	0	0	0	0	0	0	0	0	0	67	0	0	0	0	
1.23386e+06	0	0	0	0	0	0	0	0	0	0	0	53	0	0	0	0	
1.23461e+06	0	0	0	0	0	0	0	0	0	0	0	59	0	0	0	0	
1.23535e+06	0	0	0	0	0	0	0	0	0	0	0	67	0	0	0	0	
1.2361e+06	0	0	0	0	0	0	0	0	0	0	0	51	0	0	0	0	
1.23686e+06	0	0	0	0	0	0	0	0	0	0	0	71	0	0	0	0	
1.23761e+06	0	0	0	0	0	0	0	0	0	0	67	0	0	0	0	0	
1.23835e+06	0	0	0	0	0	0	0	0	0	0	61	0	0	0	0	0	
1.2391e+06	0	0	0	0	0	0	0	0	0	0	61	0	0	0	0	0	
1.23985e+06	0	0	0	0	0	0	0	0	0	0	67	0	0	0	0	0	
1.24061e+06	0	0	0	0	0	0	0	0	0	0	61	0	0	0	0	0	
1.24136e+06	0	0	0	0	0	0	0	0	0	0	71	0	0	0	0	0	
1.24211e+06	0	0	0	0	0	0	0	0	0	0	77	0	0	0	0	0	
1.24285e+06	0	0	0	0	0	0	0	0	0	0	71	0	0	0	0	0	
1.2436e+06	0	0	0	0	0	0	0	0	0	71	0	0	0	0	0	0	
1.24435e+06	0	0	0	0	0	0	0	0	0	87	0	0	0	0	0	0	
1.2451e+06	0	0	0	0	0	0	0	0	0	79	0	0	0	0	0	0	
1.24585e+06	0	0	0	0	0	0	0	0	0	91	0	0	0	0	0	0	
1.2466e+06	0	0	0	0	0	0	0	0	0	79	0	0	0	0	0	0	
1.24734e+06	0	0	0	0	0	0	0	0	0	87	0	0	0	0	0	0	
1.24809e+06	0	0	0	0	0	0	0	0	0	69	0	0	0	0	0	0	
1.24884e+06	0	0	0	0	0	0	0	0	0	63	0	0	0	0	0	0	
1.24959e+06	0	0	0	0	0	0	0	0	0	83	0	0	0	0	0	0	
1.25034e+06	0	0	0	0	0	0	0	0	0	79	0	0	0	0	0	0	
1.25109e+06	0	0	0	0	0	0	0	0	0	69	0	0	0	0	0	0	
1.25184e+06	0	0	0	0	0	0	0	0	0	65	0	0	0	0	0	0	
1.25259e+06	0	0	0	0	0	0	0	0	0	87	0	0	0	0	0	0	
1.25334e+06	0	0	0	0	0	0	0	0	0	71	0	0	0	0	0	0	
1.2541e+06	0	0	0	0	0	0	0	0	0	63	0	0	0	0	0	0	
1.25484e+06	0	0	0	0	0	0	0	0	0	85	0	0	0	0	0	0	
1.25559e+06	0	0	0	0	0	0	0	0	0	73	0	0	0	0	0	0	
1.25634e+06	0	0	0	0	0	0	0	0	0	71	0	0	0	0	0	0	
1.25709e+06	0	0	0	0	0	0	0	0	0	79	0	0	0	0	0	0	
1.25784e+06	0	0	0	0	0	0	0	0	0	0	83	0	0	0	0	0	
1.25859e+06	0	0	0	0	0	0	0	0	0	0	77	0	0	0	0	0	
1.25934e+06	0	0	0	0	0	0	0	0	0	0	79	0	0	0	0	0	
1.26008e+06	0	0	0	0	0	0	0	0	0	81	0	0	0	0	0	0	
1.26083e+06	0	0	0	0	0	0	0	0	0	87	0	0	0	0	0	0	
1.26158e+06	0	0	0	0	0	0	0	0	0	83	0	0	0	0	0	0	
1.26233e+06	0	0	0	0	0	0	0	0	0	81	0	0	0	0	0	0	
1.26308e+06	0	0	0	0	0	0	0	0	0	79	0	0	0	0	0	0	
1.26383e+06	0	0	0	0	0	0	0	0	0	81	0	0	0	0	0	0	
1.26458e+06	0	0	0	0	0	0	0	0	0	79	0	0	0	0	0	0	
1.26533e+06	0	0	0	0	0	0	0	0	0	83	0	0	0	0	0	0	
1.26608e+06	0	0	0	0	0	0	0	0	0	75	0	0	0	0	0	0	
1.26683e+06	0	0	0	0	0	0	0	0	0	83	0	0	0	0	0	0	
1.26758e+06	0	0	0	0	0	0	0	0	0	57	0	0	0	0	0	0	
1.26833e+06	0	0	0	0	0	0	0	0	0	79	0	0	0	0	0	0	
1.26908e+06	0	0	0	0	0	0	0	0	0	73	0	0	0	0	0	0	
1.26983e+06	0	0	0	0	0	0	0	0	0	89	0	0	0	0	0	0	
1.27058e+06	0	0	0	0	0	0	0	0	0	93	0	0	0	0	0	0	
1.27134e+06	0	0	0	0	0	0	0	0	0	77	0	0	0	0	0	0	
1.27209e+06	0	0	0	0	0	0	0	0	85	0	0	0	0	0	0	0	
1.27283e+06	0	0	0	0	0	0	0	0	77	0	0	0	0	0	0	0	
1.27358e+06	0	0	0	0	0	0	0	0	0	0	81	0	0	0	0	0	
1.27434e+06	0	0	0	0	0	0	0	0	0	0	65	0	0	0	0	0	
1.27509e+06	0	0	0	0	0	0	0	0	0	0	63	0	0	0	0	0	
1.27584e+06	0	0	0	0	0	0	0	0	0	0	65	0	0	0	0	0	
1.27659e+06	0	0	0	0	0	0	0	0	0	0	59	0	0	0	0	0	
1.27734e+06	0	0	0	0	0	0	0	0	0	0	77	0	0	0	0	0	
1.27809e+06	0	0	0	0	0	0	0	0	0	0	71	0	0	0	0	0	
1.27884e+06	0	0	0	0	0	0	0	0	0	0	77	0	0	0	0	0	
1.27958e+06	0	0	0	0	0	0	0	0	0	0	63	0	0	0	0	0	
1.28033e+06	0	0	0	0	0	0	0	0	0	0	91	0	0	0	0	0	
1.28108e+06	0	0	0	0	0	0	0	0	0	0	71	0	0	0	0	0	
1.28184e+06	0	0	0	0	0	0	0	0	0	0	61	0	0	0	0	0	
1.28259e+06	0	0	0	0	0	0	0	0	0	0	77	0	0	0	0	0	
1.28334e+06	0	0	0	0	0	0	0	0	0	0	75	0	0	0	0	0	
1.28409e+06	0	0	0	0	0	0	0	0	0	0	65	0	0	0	0	0	
1.28484e+06	0	0	0	0	0	0	0	0	0	0	69	0	0	0	0	0	
1.28559e+06	0	0	0	0	0	0	0	0	0	0	81	0	0	0	0	0	
1.28634e+06	0	0	0	0	0	0	0	0	0	0	61	0	0	0	0	0	
1.28709e+06	0	0	0	0	0	0	0	0	0	0	59	0	0	0	0	0	
1.28784e+06	0	0	0	0	0	0	0	0	0	0	59	0	0	0	0	0	
1.28859e+06	0	0	0	0	0	0	0	0	0	0	65	0	0	0	0	0	
1.28934e+06	0	0	0	0	0	0	0	0	0	0	69	0	0	0	0	0	
1.29009e+06	0	0	0	0	0	0	0	0	0	0	73	0	0	0	0	0	
1.29084e+06	0	0	0	0	0	0	0	0	0	0	65	0	0	0	0	0	
1.29159e+06	0	0	0	0	0	0	0	0	0	0	73	0	0	0	0	0	
1.29234e+06	0	0	0	0	0	0	0	0	0	0	69	0	0	0	0	0	
1.29309e+06	0	0	0	0	0	0	0	0	0	0	61	0	0	0	0	0	
1.29384e+06	0	0	0	0	0	0	0	0	0	0	81	0	0	0	0	0	
1.29459e+06	0	0	0	0	0	0	0	0	0	0	53	0	0	0	0	0	
1.29534e+06	0	0	0	0	0	0	0	0	0	0	65	0	0	0	0	0	
1.29609e+06	0	0	0	0	0	0	0	0	0	0	69	0	0	0	0	0	
1.29684e+06	0	0	0	0	0	0	0	0	0	0	63	0	0	0	0	0	
1.29759e+06	0	0	0	0	0	0	0	0	0	0	0	71	0	0	0	0	
1.29834e+06	0	0	0	0	0	0	0	0	0	0	0	0	49	0	0	0	
1.29909e+06	0	0	0	0	0	0	0	0	0	0	0	0	67	0	0	0	
1.29984e+06	0	0	0	0	0	0	0	0	0	0	0	0	63	0	0	0	
1.30059e+06	0	0	0	0	0	0	0	0	0	0	0	0	55	0	0	0	
1.30134e+06	0	0	0	0	0	0	0	0	0	0	0	0	69	0	0	0	
1.30209e+06	0	0	0	0	0	0	0	0	0	0	0	0	49	0	0	0	
1.30284e+06	0	0	0	0	0	0	0	0	0	0	0	0	55	0	0	0	
1.30359e+06	0	0	0	0	0	0	0	0	0	0	0	0	47	0	0	0	
1.30434e+06	0	0	0	0	0	0	0	0	0	0	0	1	48	0	0	0	
1.30509e+06	0	0	0	0	0	0	0	0	0	0	0	0	69	0	0	0	
1.30584e+06	0	0	0	0	0	0	0	0	0	0	0	0	59	0	0	0	
1.30659e+06	0	0	0	0	0	0	0	0	0	0	0	0	65	0	0	0	
1.30734e+06	0	0	0	0	0	0	0	0	0	0	0	0	65	0	0	0	
1.30809e+06	0	0	0	0	0	0	0	0	0	0	0	0	57	0	0	0	
1.30884e+06	0	0	0	0	0	0	0	0	0	0	0	0	53	0	0	0	
1.30959e+06	0	0	0	0	0	0	0	0	0	0	0	0	55	0	0	0	
1.31034e+06	0	0	0	0	0	0	0	0	0	0	0	0	61	0	0	0	
1.3111e+06	0	0	0	0	0	0	0	0	0	0	0	0	61	0	0	0	
1.31185e+06	0	0	0	0	0	0	0	0	0	0	0	0	57	0	0	0	
1.3126e+06	0	0	0	0	0	0	0	0	0	0	0	0	75	0	0	0	
1.31335e+06	0	0	0	0	0	0	0	0	0	0	0	0	57	0	0	0	
1.3141e+06	0	0	0	0	0	0	0	0	0	0	0	0	65	0	0	0	
1.31485e+06	0	0	0	0	0	0	0	0	0	0	0	0	59	0	0	0	
1.3156e+06	0	0	0	0	0	0	0	0	0	0	0	0	53	0	0	0	
1.31635e+06	0	0	0	0	0	0	0	0	0	0	0	0	77	0	0	0	
1.3171e+06	0	0	0	0	0	0	0	0	0	0	0	0	57	0	0	0	
1.31785e+06	0	0	0	0	0	0	0	0	0	0	0	0	65	0	0	0	
1.3186e+06	0	0	0	0	0	0	0	0	0	0	0	0	63	0	0	0	
1.31935e+06	0	0	0	0	0	0	0	0	0	0	0	0	55	0	0	0	
1.3201e+06	0	0	0	0	0	0	0	0	0	0	0	0	69	0	0	0	
1.32085e+06	0	0	0	0	0	0	0	0	0	0	0	0	75	0	0	0	
1.3216e+06	0	0	0	0	0	0	0	0	0	0	0	0	61	0	0	0	
1.32235e+06	0	0	0	0	0	0	0	0	0	0	0	0	55	0	0	0	
1.3231e+06	0	0	0	0	0	0	0	0	0	0	0	0	65	0	0	0	
1.32385e+06	0	0	0	0	0	0	0	0	0	0	0	0	57	0	0	0	
1.3246e+06	0	0	0	0	0	0	0	0	0	0	0	0	65	0	0	0	
1.32535e+06	0	0	0	0	0	0	0	0	0	0	0	0	49	0	0	0	
1.32609e+06	0	0	0	0	0	0	0	0	0	0	0	0	55	0	0	0	
1.32685e+06	0	0	0	0	0	0	0	0	0	0	0	0	65	0	0	0	
1.3276e+06	0	0	0	0	0	0	0	0	0	0	0	0	57	0	0	0	
1.32835e+06	0	0	0	0	0	0	0	0	0	0	0	65	0	0	0	0	
1.3291e+06	0	0	0	0	0	0	0	0	0	0	0	69	0	0	0	0	
1.32985e+06	0	0	0	0	0	0	0	0	0	0	0	0	61	0	0	0	
1.3306e+06	0	0	0	0	0	0	0	0	0	0	0	0	63	0	0	0	
1.33135e+06	0	0	0	0	0	0	0	0	0	0	0	0	37	28	0	0	
1.3321e+06	0	0	0	0	0	0	0	0	0	0	0	0	0	45	0	0	
1.33284e+06	0	0	0	0	0	0	0	0	0	0	0	0	0	63	0	0	
1.33359e+06	0	0	0	0	0	0	0	0	0	0	0	0	0	0	55	0	
1.33434e+06	0	0	0	0	0	0	0	0	0	0	0	0	0	0	49	0	
1.33509e+06	0	0	0	0	0	0	0	0	0	0	0	0	0	0	43	0	
1.33584e+06	0	0	0	0	0	0	0	0	0	0	0	0	0	0	45	0	
1.33659e+06	0	0	0	0	0	0	0	0	0	0	0	0	0	0	51	0	
1.33733e+06	0	0	0	0	0	0	0	0	0	0	0	0	0	0	51	0	
1.33809e+06	0	0	0	0	0	0	0	0	0	0	0	0	0	0	57	0	
1.33883e+06	0	0	0	0	0	0	0	0	0	0	0	0	0	0	41	0	
1.33958e+06	0	0	0	0	0	0	0	0	0	0	0	0	0	0	73	0	
1.34033e+06	0	0	0	0	0	0	0	0	0	0	0	0	0	0	45	0	
1.34108e+06	0	0	0	0	0	0	0	0	0	0	0	0	0	0	49	0	
1.34184e+06	0	0	0	0	0	0	0	0	0	0	0	0	0	0	55	0	
1.34259e+06	0	0	0	0	0	0	0	0	0	0	0	0	0	0	0	47	
1.34334e+06	0	0	0	0	0	0	0	0	0	0	0	0	0	0	0	51	
1.34409e+06	0	0	0	0	0	0	0	0	0	0	0	0	0	0	0	51	
1.34484e+06	0	0	0	0	0	0	0	0	0	0	0	0	0	0	0	57	
1.3456e+06	0	0	0	0	0	0	0	0	0	0	0	0	0	0	0	51	
1.34634e+06	0	0	0	0	0	0	0	0	0	0	0	0	0	0	0	47	
1.3471e+06	0	0	0	0	0	0	0	0	0	0	0	0	0	0	0	53	
1.34785e+06	0	0	0	0	0	0	0	0	0	0	0	0	0	0	0	41	
1.3486e+06	0	0	0	0	0	0	0	0	0	0	0	0	0	0	0	51	
1.34935e+06	0	0	0	0	0	0	0	0	0	0	0	0	0	0	0	41	
1.3501e+06	0	0	0	0	0	0	0	0	0	0	0	0	0	0	0	57	
1.35085e+06	0	0	0	0	0	0	0	0	0	0	0	0	0	0	0	41	
1.3516e+06	0	0	0	0	0	0	0	0	0	0	0	0	0	0	0	59	
1.35235e+06	0	0	0	0	0	0	0	0	0	0	0	0	0	0	0	45	
1.3531e+06	0	0	0	0	0	0	0	0	0	0	0	0	0	0	0	51	
1.35384e+06	0	0	0	0	0	0	0	0	0	0	0	0	0	0	0	39	
1.35459e+06	0	0	0	0	0	0	0	0	0	0	0	0	0	0	0	41	
1.35534e+06	0	0	0	0	0	0	0	0	0	0	0	0	0	0	0	49	
1.35609e+06	0	0	0	0	0	0	0	0	0	0	0	0	0	0	0	59	
1.35684e+06	0	0	0	0	0	0	0	0	0	0	0	0	0	0	0	67	
1.35759e+06	0	0	0	0	0	0	0	0	0	0	0	0	0	0	0	47	
1.35835e+06	0	0	0	0	0	0	0	0	0	0	0	0	0	0	0	53	
1.35909e+06	0	0	0	0	0	0	0	0	0	0	0	0	0	0	0	51	
1.35984e+06	0	0	0	0	0	0	0	0	0	0	0	0	0	0	0	57	
1.36059e+06	0	0	0	0	0	0	0	0	0	0	0	0	0	0	0	49	
1.36134e+06	0	0	0	0	0	0	0	0	0	0	0	0	0	0	0	55	
1.36209e+06	0	0	0	0	0	0	0	0	0	0	0	0	0	0	0	47	
1.36284e+06	0	0	0	0	0	0	0	0	0	0	0	0	0	0	55	0	
1.36359e+06	0	0	0	0	0	0	0	0	0	0	0	0	0	0	55	0	
1.36434e+06	0	0	0	0	0	0	0	0	0	0	0	0	0	0	51	0	
1.36509e+06	0	0	0	0	0	0	0	0	0	0	0	0	0	0	45	0	
1.36584e+06	0	0	0	0	0	0	0	0	0	0	0	0	0	0	53	0	
1.36659e+06	0	0	0	0	0	0	0	0	0	0	0	0	0	0	49	0	
1.36735e+06	0	0	0	0	0	0	0	0	0	0	0	0	0	0	55	0	
1.3681e+06	0	0	0	0	0	0	0	0	0	0	0	0	0	0	51	0	
1.36885e+06	0	0	0	0	0	0	0	0	0	0	0	0	0	0	53	0	
1.36959e+06	0	0	0	0	0	0	0	0	0	0	0	0	0	0	45	0	
1.37034e+06	0	0	0	0	0	0	0	0	0	0	0	0	0	0	47	0	
1.37109e+06	0	0	0	0	0	0	0	0	0	0	0	0	0	0	61	0	
1.37185e+06	0	0	0	0	0	0	0	0	0	0	0	0	0	0	53	0	
1.37259e+06	0	0	0	0	0	0	0	0	0	0	0	0	0	57	0	0	
1.37334e+06	0	0	0	0	0	0	0	0	0	0	0	0	0	53	0	0	
1.37409e+06	0	0	0	0	0	0	0	0	0	0	0	0	0	51	0	0	
1.37484e+06	0	0	0	0	0	0	0	0	0	0	0	0	0	61	0	0	
1.37559e+06	0	0	0	0	0	0	0	0	0	0	0	0	0	53	0	0	
1.37634e+06	0	0	0	0	0	0	0	0	0	0	0	0	0	53	0	0	
1.37709e+06	0	0	0	0	0	0	0	0	0	0	0	0	0	39	0	0	
1.37785e+06	0	0	0	0	0	0	0	0	0	0	0	0	0	55	0	0	
1.3786e+06	0	0	0	0	0	0	0	0	0	0	0	0	0	47	0	0	
1.37935e+06	0	0	0	0	0	0	0	0	0	0	0	0	0	59	0	0	
1.38009e+06	0	0	0	0	0	0	0	0	0	0	0	0	0	57	0	0	
1.38084e+06	0	0	0	0	0	0	0	0	0	0	0	0	0	57	0	0	
1.38159e+06	0	0	0	0	0	0	0	0	0	0	0	0	0	53	0	0	
1.38234e+06	0	0	0	0	0	0	0	0	0	0	0	0	0	49	0	0	
1.38309e+06	0	0	0	0	0	0	0	0	0	0	0	0	0	0	53	0	
1.38384e+06	0	0	0	0	0	0	0	0	0	0	0	0	0	0	61	0	
1.38459e+06	0	0	0	0	0	0	0	0	0	0	0	0	0	0	55	0	
1.38534e+06	0	0	0	0	0	0	0	0	0	0	0	0	0	0	61	0	
1.38609e+06	0	0	0	0	0	0	0	0	0	0	0	0	0	0	53	0	
1.38684e+06	0	0	0	0	0	0	0	0	0	0	0	0	0	0	63	0	
1.38759e+06	0	0	0	0	0	0	0	0	0	0	0	0	0	0	0	65	
1.38834e+06	0	0	0	0	0	0	0	0	0	0	0	0	0	0	0	39	
1.38909e+06	0	0	0	0	0	0	0	0	0	0	0	0	0	0	0	47	
1.38984e+06	0	0	0	0	0	0	0	0	0	0	0	0	0	0	0	61	
1.39059e+06	0	0	0	0	0	0	0	0	0	0	0	0	0	0	47	0	
1.39134e+06	0	0	0	0	0	0	0	0	0	0	0	0	0	0	49	0	
1.39209e+06	0	0	0	0	0	0	0	0	0	0	0	0	0	0	53	0	
1.39284e+06	0	0	0	0	0	0	0	0	0	0	0	0	0	0	61	0	
1.39359e+06	0	0	0	0	0	0	0	0	0	0	0	0	0	0	57	0	
1.39434e+06	0	0	0	0	0	0	0	0	0	0	0	0	0	0	57	0	
1.39509e+06	0	0	0	0	0	0	0	0	0	0	0	0	0	0	53	0	
1.39584e+06	0	0	0	0	0	0	0	0	0	0	0	0	0	0	55	0	
1.39659e+06	0	0	0	0	0	0	0	0	0	0	0	0	0	73	0	0	
1.39734e+06	0	0	0	0	0	0	0	0	0	0	0	0	0	0	53	0	
1.39809e+06	0	0	0	0	0	0	0	0	0	0	0	0	0	0	51	0	
1.39884e+06	0	0	0	0	0	0	0	0	0	0	0	0	0	0	61	0	
1.39959e+06	0	0	0	0	0	0	0	0	0	0	0	0	0	8	43	0	
1.40034e+06	0	0	0	0	0	0	0	0	0	0	0	0	0	57	0	0	
1.40109e+06	0	0	0	0	0	0	0	0	0	0	0	0	81	0	0	0	
1.40184e+06	0	0	0	0	0	0	0	0	0	0	0	0	67	0	0	0	
1.40259e+06	0	0	0	0	0	0	0	0	0	0	0	0	71	0	0	0	
1.40334e+06	0	0	0	0	0	0	0	0	0	0	0	0	0	53	0	0	
1.40409e+06	0	0	0	0	0	0	0	0	0	0	0	0	0	61	0	0	
1.40484e+06	0	0	0	0	0	0	0	0	0	0	0	0	0	51	0	0	
1.40559e+06	0	0	0	0	0	0	0	0	0	0	0	0	0	47	0	0	
1.40634e+06	0	0	0	0	0	0	0	0	0	0	0	0	0	67	0	0	
1.40709e+06	0	0	0	0	0	0	0	0	0	0	0	0	0	47	0	0	
1.40784e+06	0	0	0	0	0	0	0	0	0	0	0	0	0	43	0	0	
1.40859e+06	0	0	0	0	0	0	0	0	0	0	0	0	0	57	0	0	
1.40934e+06	0	0	0	0	0	0	0	0	0	0	0	0	0	49	0	0	
1.41009e+06	0	0	0	0	0	0	0	0	0	0	0	0	61	0	0	0	
1.41084e+06	0	0	0	0	0	0	0	0	0	0	0	0	75	0	0	0	
1.41159e+06	0	0	0	0	0	0	0	0	0	0	0	0	69	0	0	0	
1.41234e+06	0	0	0	0	0	0	0	0	0	0	0	0	63	0	0	0	
1.41309e+06	0	0	0	0	0	0	0	0	0	0	0	0	0	51	0	0	
1.41383e+06	0	0	0	0	0	0	0	0	0	0	0	0	0	69	0	0	
1.41458e+06	0	0	0	0	0	0	0	0	0	0	0	0	0	53	0	0	
1.41533e+06	0	0	0	0	0	0	0	0	0	0	0	0	65	0	0	0	
1.41608e+06	0	0	0	0	0	0	0	0	0	0	0	0	51	0	0	0	
1.41683e+06	0	0	0	0	0	0	0	0	0	0	0	0	55	0	0	0	
1.41758e+06	0	0	0	0	0	0	0	0	0	0	0	0	55	0	0	0	
1.41833e+06	0	0	0	0	0	0	0	0	0	0	0	0	53	0	0	0	
1.41908e+06	0	0	0	0	0	0	0	0	0	0	0	0	69	0	0	0	
1.41983e+06	0	0	0	0	0	0	0	0	0	0	0	0	65	0	0	0	
1.42058e+06	0	0	0	0	0	0	0	0	0	0	0	0	0	51	0	0	
1.42132e+06	0	0	0	0	0	0	0	0	0	0	0	0	0	55	0	0	
1.42207e+06	0	0	0	0	0	0	0	0	0	0	0	0	0	0	55	0	
1.42282e+06	0	0	0	0	0	0	0	0	0	0	0	0	0	0	53	0	
1.42357e+06	0	0	0	0	0	0	0	0	0	0	0	0	0	0	57	0	
1.42432e+06	0	0	0	0	0	0	0	0	0	0	0	0	0	0	55	0	
1.42507e+06	0	0	0	0	0	0	0	0	0	0	0	0	0	0	57	0	
1.42583e+06	0	0	0	0	0	0	0	0	0	0	0	0	0	0	51	0	
1.42658e+06	0	0	0	0	0	0	0	0	0	0	0	0	0	0	53	0	
1.42733e+06	0	0	0	0	0	0	0	0	0	0	0	0	0	0	57	0	
1.42808e+06	0	0	0	0	0	0	0	0	0	0	0	0	0	0	61	0	
1.42883e+06	0	0	0	0	0	0	0	0	0	0	0	0	0	0	49	0	
1.42958e+06	0	0	0	0	0	0	0	0	0	0	0	0	0	0	63	0	
1.43033e+06	0	0	0	0	0	0	0	0	0	0	0	0	0	0	39	0	
1.43108e+06	0	0	0	0	0	0	0	0	0	0	0	0	0	0	55	0	
1.43183e+06	0	0	0	0	0	0	0	0	0	0	0	0	0	0	51	0	
1.43258e+06	0	0	0	0	0	0	0	0	0	0	0	0	0	0	57	0	
1.43333e+06	0	0	0	0	0	0	0	0	0	0	0	0	0	0	47	0	
1.43408e+06	0	0	0	0	0	0	0	0	0	0	0	0	0	0	49	0	
1.43483e+06	0	0	0	0	0	0	0	0	0	0	0	0	0	0	61	0	
1.43558e+06	0	0	0	0	0	0	0	0	0	0	0	0	0	0	47	0	
1.43634e+06	0	0	0	0	0	0	0	0	0	0	0	0	0	0	53	0	
1.43709e+06	0	0	0	0	0	0	0	0	0	0	0	0	0	0	55	0	
1.43784e+06	0	0	0	0	0	0	0	0	0	0	0	0	0	0	53	0	
1.43859e+06	0	0	0	0	0	0	0	0	0	0	0	0	0	0	53	0	
1.43934e+06	0	0	0	0	0	0	0	0	0	0	0	0	0	0	59	0	
1.44009e+06	0	0	0	0	0	0	0	0	0	0	0	0	0	0	53	0	
1.44084e+06	0	0	0	0	0	0	0	0	0	0	0	0	0	0	0	53	
1.44159e+06	0	0	0	0	0	0	0	0	0	0	0	0	0	0	0	51	
1.44233e+06	0	0	0	0	0	0	0	0	0	0	0	0	0	0	0	57	
1.44308e+06	0	0	0	0	0	0	0	0	0	0	0	0	0	0	0	53	
1.44383e+06	0	0	0	0	0	0	0	0	0	0	0	0	0	0	0	51	
1.44458e+06	0	0	0	0	0	0	0	0	0	0	0	0	0	0	49	0	
1.44534e+06	0	0	0	0	0	0	0	0	0	0	0	0	0	0	0	49	
1.44609e+06	0	0	0	0	0	0	0	0	0	0	0	0	0	0	0	53	
1.44683e+06	0	0	0	0	0	0	0	0	0	0	0	0	0	0	0	59	
1.44758e+06	0	0	0	0	0	0	0	0	0	0	0	0	0	0	0	55	
1.44833e+06	0	0	0	0	0	0	0	0	0	0	0	0	0	0	0	53	
1.44908e+06	0	0	0	0	0	0	0	0	0	0	0	0	0	0	0	69	
1.44983e+06	0	0	0	0	0	0	0	0	0	0	0	0	0	0	0	83	
1.45059e+06	0	0	0	0	0	0	0	0	0	0	0	0	0	0	51	0	
1.45133e+06	0	0	0	0	0	0	0	0	0	0	0	0	0	0	0	49	
1.45208e+06	0	0	0	0	0	0	0	0	0	0	0	0	0	0	0	53	
1.45283e+06	0	0	0	0	0	0	0	0	0	0	0	0	0	0	0	45	
1.45358e+06	0	0	0	0	0	0	0	0	0	0	0	0	0	0	0	55	
1.45433e+06	0	0	0	0	0	0	0	0	0	0	0	0	0	0	0	45	
1.45508e+06	0	0	0	0	0	0	0	0	0	0	0	0	0	0	0	65	
1.45582e+06	0	0	0	0	0	0	0	0	0	0	0	0	0	0	0	47	
1.45658e+06	0	0	0	0	0	0	0	0	0	0	0	0	0	0	0	49	
1.45732e+06	0	0	0	0	0	0	0	0	0	0	0	0	0	0	0	49	
1.45807e+06	0	0	0	0	0	0	0	0	0	0	0	0	0	0	0	55	
1.45882e+06	0	0	0	0	0	0	0	0	0	0	0	0	0	0	0	57	
1.45957e+06	0	0	0	0	0	0	0	0	0	0	0	0	0	0	0	53	
1.46032e+06	0	0	0	0	0	0	0	0	0	0	0	0	0	0	0	61	
1.46107e+06	0	0	0	0	0	0	0	0	0	0	0	0	0	0	0	63	
1.46182e+06	0	0	0	0	0	0	0	0	0	0	0	0	0	0	0	59	
1.46257e+06	0	0	0	0	0	0	0	0	0	0	0	0	0	0	0	45	
1.46332e+06	0	0	0	0	0	0	0	0	0	0	0	0	0	0	0	47	
1.46407e+06	0	0	0	0	0	0	0	0	0	0	0	0	0	0	0	49	
1.46482e+06	0	0	0	0	0	0	0	0	0	0	0	0	0	0	9	38	
1.46556e+06	0	0	0	0	0	0	0	0	0	0	0	0	0	0	0	53	
1.46632e+06	0	0	0	0	0	0	0	0	0	0	0	0	0	0	0	61	
1.46707e+06	0	0	0	0	0	0	0	0	0	0	0	0	0	0	0	61	
1.46781e+06	0	0	0	0	0	0	0	0	0	0	0	0	0	0	65	0	
1.46857e+06	0	0	0	0	0	0	0	0	0	0	0	0	0	0	51	0	
1.46932e+06	0	0	0	0	0	0	0	0	0	0	0	0	0	0	51	0	
1.47007e+06	0	0	0	0	0	0	0	0	0	0	0	0	0	0	47	0	
1.47082e+06	0	0	0	0	0	0	0	0	0	0	0	0	0	0	55	0	
1.47157e+06	0	0	0	0	0	0	0	0	0	0	0	0	0	0	45	0	
1.47232e+06	0	0	0	0	0	0	0	0	0	0	0	0	0	0	55	0	
1.47307e+06	0	0	0	0	0	0	0	0	0	0	0	0	0	0	0	47	
1.47382e+06	0	0	0	0	0	0	0	0	0	0	0	0	0	0	0	47	
1.47457e+06	0	0	0	0	0	0	0	0	0	0	0	0	0	0	0	51	
1.47532e+06	0	0	0	0	0	0	0	0	0	0	0	0	0	0	0	51	
1.47607e+06	0	0	0	0	0	0	0	0	0	0	0	0	0	0	0	51	
1.47682e+06	0	0	0	0	0	0	0	0	0	0	0	0	0	0	0	47	
1.47758e+06	0	0	0	0	0	0	0	0	0	0	0	0	0	0	0	39	
1.47832e+06	0	0	0	0	0	0	0	0	0	0	0	0	0	0	0	59	
1.47907e+06	0	0	0	0	0	0	0	0	0	0	0	0	0	0	0	61	
1.47982e+06	0	0	0	0	0	0	0	0	0	0	0	0	0	0	0	65	
1.48057e+06	0	0	0	0	0	0	0	0	0	0	0	0	0	0	0	45	
1.48132e+06	0	0	0	0	0	0	0	0	0	0	0	0	0	0	1	46	
1.48207e+06	0	0	0	0	0	0	0	0	0	0	0	0	0	0	45	0	
1.48283e+06	0	0	0	0	0	0	0	0	0	0	0	0	0	0	49	0	
1.48358e+06	0	0	0	0	0	0	0	0	0	0	0	0	0	0	0	45	
1.48433e+06	0	0	0	0	0	0	0	0	0	0	0	0	0	0	0	51	
1.48507e+06	0	0	0	0	0	0	0	0	0	0	0	0	0	0	0	47	
1.48583e+06	0	0	0	0	0	0	0	0	0	0	0	0	0	0	0	41	
1.48658e+06	0	0	0	0	0	0	0	0	0	0	0	0	0	0	0	67	
1.48732e+06	0	0	0	0	0	0	0	0	0	0	0	0	0	0	0	47	
1.48807e+06	0	0	0	0	0	0	0	0	0	0	0	0	0	0	0	65	
1.48883e+06	0	0	0	0	0	0	0	0	0	0	0	0	0	0	0	55	
1.48958e+06	0	0	0	0	0	0	0	0	0	0	0	0	0	0	0	47	
1.49033e+06	0	0	0	0	0	0	0	0	0	0	0	0	0	0	0	47	
1.49108e+06	0	0	0	0	0	0	0	0	0	0	0	0	0	0	0	45	
1.49183e+06	0	0	0	0	0	0	0	0	0	0	0	0	0	0	0	49	
1.49258e+06	0	0	0	0	0	0	0	0	0	0	0	0	0	0	0	59	
1.49333e+06	0	0	0	0	0	0	0	0	0	0	0	0	0	0	0	45	
1.49408e+06	0	0	0	0	0	0	0	0	0	0	0	0	0	0	0	39	
1.49483e+06	0	0	0	0	0	0	0	0	0	0	0	0	0	0	0	53	
1.49558e+06	0	0	0	0	0	0	0	0	0	0	0	0	0	0	0	55	
1.49633e+06	0	0	0	0	0	0	0	0	0	0	0	0	0	0	0	55	
1.49708e+06	0	0	0	0	0	0	0	0	0	0	0	0	0	0	0	49	
1.49783e+06	0	0	0	0	0	0	0	0	0	0	0	0	0	0	0	49	
1.49858e+06	0	0	0	0	0	0	0	0	0	0	0	0	0	0	0	39	
1.49933e+06	0	0	0	0	0	0	0	0	0	0	0	0	0	0	0	47	
1.50008e+06	0	0	0	0	0	0	0	0	0	0	0	0	0	0	0	45	
1.50008e+06	0	0	0	0	0	0	0	0	0	0	0	0	0	0	0	45	
