Time	s0	s1	s2	s3	s4	s5	s6	s7	s8	s9	s10	s11	s12	s13	s14	s15	
0	0	0	0	0	0	0	0	0	0	0	0	0	0	0	0	200	
0.000264363	0	0	0	0	0	0	0	0	0	0	0	0	0	0	0	199	
752.173	0	0	0	0	0	0	0	0	0	0	0	0	0	0	0	47	
1506.83	0	0	0	0	0	0	0	0	0	0	0	0	0	0	0	63	
2257.7	0	0	0	0	0	0	0	0	0	0	0	0	0	0	0	49	
3005.86	0	0	0	0	0	0	0	0	0	0	0	0	0	0	0	61	
3754.25	0	0	0	0	0	0	0	0	0	0	0	0	0	0	0	47	
4501.78	0	0	0	0	0	0	0	0	0	0	0	0	0	0	0	43	
5252.21	0	0	0	0	0	0	0	0	0	0	0	0	0	0	0	55	
5999.75	0	0	0	0	0	0	0	0	0	0	0	0	0	0	0	53	
6749.58	0	0	0	0	0	0	0	0	0	0	0	0	0	0	0	47	
7499.46	0	0	0	0	0	0	0	0	0	0	0	0	0	0	0	57	
8249.86	0	0	0	0	0	0	0	0	0	0	0	0	0	0	55	0	
8998.38	0	0	0	0	0	0	0	0	0	0	0	0	0	0	59	0	
9749.13	0	0	0	0	0	0	0	0	0	0	0	0	0	0	49	0	
10495.7	0	0	0	0	0	0	0	0	0	0	0	0	0	0	55	0	
11244.1	0	0	0	0	0	0	0	0	0	0	0	0	0	0	63	0	
11993.8	0	0	0	0	0	0	0	0	0	0	0	0	0	0	57	0	
12745.7	0	0	0	0	0	0	0	0	0	0	0	0	0	0	47	0	
13495.4	0	0	0	0	0	0	0	0	0	0	0	0	0	0	41	0	
14245.7	0	0	0	0	0	0	0	0	0	0	0	0	0	0	71	0	
14996.5	0	0	0	0	0	0	0	0	0	0	0	0	0	0	63	0	
15746.9	0	0	0	0	0	0	0	0	0	0	0	0	0	0	61	0	
16499.1	0	0	0	0	0	0	0	0	0	0	0	0	0	0	53	0	
17247	0	0	0	0	0	0	0	0	0	0	0	0	0	0	49	0	
17997.1	0	0	0	0	0	0	0	0	0	0	0	0	0	0	63	0	
18742	0	0	0	0	0	0	0	0	0	0	0	0	0	0	49	0	
19492.2	0	0	0	0	0	0	0	0	0	0	0	0	0	0	59	0	
20241.5	0	0	0	0	0	0	0	0	0	0	0	0	0	0	53	0	
20989.2	0	0	0	0	0	0	0	0	0	0	0	0	0	0	49	0	
21737.2	0	0	0	0	0	0	0	0	0	0	0	0	0	0	49	0	
22488.9	0	0	0	0	0	0	0	0	0	0	0	0	0	0	53	0	
23237.5	0	0	0	0	0	0	0	0	0	0	0	0	0	59	0	0	
23987.2	0	0	0	0	0	0	0	0	0	0	0	0	0	61	0	0	
24737.3	0	0	0	0	0	0	0	0	0	0	0	0	0	55	0	0	
25491	0	0	0	0	0	0	0	0	0	0	0	0	0	73	0	0	
26238.3	0	0	0	0	0	0	0	0	0	0	0	0	0	45	0	0	
26989.7	0	0	0	0	0	0	0	0	0	0	0	0	0	55	0	0	
27738.8	0	0	0	0	0	0	0	0	0	0	0	0	0	59	0	0	
28484.7	0	0	0	0	0	0	0	0	0	0	0	0	0	51	0	0	
29235.8	0	0	0	0	0	0	0	0	0	0	0	0	0	0	57	0	
29981.9	0	0	0	0	0	0	0	0	0	0	0	0	0	0	67	0	
30732.8	0	0	0	0	0	0	0	0	0	0	0	0	0	0	43	0	
31481.9	0	0	0	0	0	0	0	0	0	0	0	0	0	0	57	0	
32235.2	0	0	0	0	0	0	0	0	0	0	0	0	0	0	53	0	
32987.4	0	0	0	0	0	0	0	0	0	0	0	0	0	0	55	0	
33739.3	0	0	0	0	0	0	0	0	0	0	0	0	0	0	47	0	
34490.9	0	0	0	0	0	0	0	0	0	0	0	0	0	0	39	0	
35241.7	0	0	0	0	0	0	0	0	0	0	0	0	0	0	71	0	
35990.3	0	0	0	0	0	0	0	0	0	0	0	0	0	0	63	0	
36741.5	0	0	0	0	0	0	0	0	0	0	0	0	0	0	47	0	
37489.8	0	0	0	0	0	0	0	0	0	0	0	0	0	0	69	0	
38239.2	0	0	0	0	0	0	0	0	0	0	0	0	0	0	51	0	
38987.8	0	0	0	0	0	0	0	0	0	0	0	0	0	0	51	0	
39738.6	0	0	0	0	0	0	0	0	0	0	0	0	0	0	59	0	
40487.8	0	0	0	0	0	0	0	0	0	0	0	0	0	0	51	0	
41238.3	0	0	0	0	0	0	0	0	0	0	0	0	0	0	51	0	
41988.8	0	0	0	0	0	0	0	0	0	0	0	0	0	0	53	0	
42735.1	0	0	0	0	0	0	0	0	0	0	0	0	0	0	61	0	
43484.5	0	0	0	0	0	0	0	0	0	0	0	0	0	0	59	0	
44236.1	0	0	0	0	0	0	0	0	0	0	0	0	0	0	63	0	
44985.3	0	0	0	0	0	0	0	0	0	0	0	0	0	0	41	0	
45730.5	0	0	0	0	0	0	0	0	0	0	0	0	0	0	51	0	
46480.8	0	0	0	0	0	0	0	0	0	0	0	0	0	51	0	0	
47230.5	0	0	0	0	0	0	0	0	0	0	0	0	0	57	0	0	
47978.3	0	0	0	0	0	0	0	0	0	0	0	0	0	0	59	0	
48728.5	0	0	0	0	0	0	0	0	0	0	0	0	0	0	51	0	
49478.7	0	0	0	0	0	0	0	0	0	0	0	0	0	49	0	0	
50230.8	0	0	0	0	0	0	0	0	0	0	0	0	0	63	0	0	
50979.3	0	0	0	0	0	0	0	0	0	0	0	0	0	65	0	0	
51727.4	0	0	0	0	0	0	0	0	0	0	0	0	0	55	0	0	
52477.7	0	0	0	0	0	0	0	0	0	0	0	0	0	49	0	0	
53228.9	0	0	0	0	0	0	0	0	0	0	0	0	0	61	0	0	
53975.9	0	0	0	0	0	0	0	0	0	0	0	0	0	45	0	0	
54725.9	0	0	0	0	0	0	0	0	0	0	0	0	0	53	0	0	
55474.1	0	0	0	0	0	0	0	0	0	0	0	0	0	0	47	0	
56222.6	0	0	0	0	0	0	0	0	0	0	0	0	0	0	55	0	
56970.1	0	0	0	0	0	0	0	0	0	0	0	0	0	0	65	0	
57721.9	0	0	0	0	0	0	0	0	0	0	0	0	0	0	53	0	
58471.7	0	0	0	0	0	0	0	0	0	0	0	0	0	0	51	0	
59218.2	0	0	0	0	0	0	0	0	0	0	0	0	0	0	51	0	
59967.5	0	0	0	0	0	0	0	0	0	0	0	0	0	0	53	0	
60719.1	0	0	0	0	0	0	0	0	0	0	0	0	0	0	57	0	
61467.9	0	0	0	0	0	0	0	0	0	0	0	0	0	0	45	0	
62216.9	0	0	0	0	0	0	0	0	0	0	0	0	0	0	51	0	
62969.2	0	0	0	0	0	0	0	0	0	0	0	0	0	0	61	0	
63720.3	0	0	0	0	0	0	0	0	0	0	0	0	0	55	0	0	
64470.7	0	0	0	0	0	0	0	0	0	0	0	0	0	57	0	0	
65221.3	0	0	0	0	0	0	0	0	0	0	0	0	0	57	0	0	
65970.4	0	0	0	0	0	0	0	0	0	0	0	0	0	61	0	0	
66719.6	0	0	0	0	0	0	0	0	0	0	0	0	0	61	0	0	
67467.5	0	0	0	0	0	0	0	0	0	0	0	0	0	51	0	0	
68217	0	0	0	0	0	0	0	0	0	0	0	0	0	57	0	0	
68963.1	0	0	0	0	0	0	0	0	0	0	0	0	0	55	0	0	
69714.2	0	0	0	0	0	0	0	0	0	0	0	0	53	0	0	0	
70465.7	0	0	0	0	0	0	0	0	0	0	0	0	63	0	0	0	
71218.7	0	0	0	0	0	0	0	0	0	0	0	0	71	0	0	0	
71967.1	0	0	0	0	0	0	0	0	0	0	0	0	63	0	0	0	
72720.2	0	0	0	0	0	0	0	0	0	0	0	62	1	0	0	0	
73470.4	0	0	0	0	0	0	0	0	0	0	0	81	0	0	0	0	
74222.7	0	0	0	0	0	0	0	0	0	0	0	77	0	0	0	0	
74972.1	0	0	0	0	0	0	0	0	0	0	0	69	0	0	0	0	
75720.7	0	0	0	0	0	0	0	0	0	0	0	55	0	0	0	0	
76473.7	0	0	0	0	0	0	0	0	0	0	0	77	0	0	0	0	
77225.3	0	0	0	0	0	0	0	0	0	0	0	55	0	0	0	0	
77976.3	0	0	0	0	0	0	0	0	0	0	0	85	0	0	0	0	
78728.1	0	0	0	0	0	0	0	0	0	0	0	65	0	0	0	0	
79476.4	0	0	0	0	0	0	0	0	0	0	0	83	0	0	0	0	
80226	0	0	0	0	0	0	0	0	0	0	0	65	0	0	0	0	
80976.3	0	0	0	0	0	0	0	0	0	0	59	0	0	0	0	0	
81725.4	0	0	0	0	0	0	0	0	0	0	79	0	0	0	0	0	
82479.4	0	0	0	0	0	0	0	0	0	0	75	0	0	0	0	0	
83230.7	0	0	0	0	0	0	0	0	0	0	85	0	0	0	0	0	
83981.4	0	0	0	0	0	0	0	0	0	0	75	0	0	0	0	0	
84733.7	0	0	0	0	0	0	0	0	0	0	77	0	0	0	0	0	
85487.4	0	0	0	0	0	0	0	0	0	0	77	0	0	0	0	0	
86232.1	0	0	0	0	0	0	0	0	0	0	69	0	0	0	0	0	
86979.5	0	0	0	0	0	0	0	0	0	0	69	0	0	0	0	0	
87729.3	0	0	0	0	0	0	0	0	0	0	67	0	0	0	0	0	
88478.6	0	0	0	0	0	0	0	0	0	0	71	0	0	0	0	0	
89226.6	0	0	0	0	0	0	0	0	0	0	53	0	0	0	0	0	
89976.7	0	0	0	0	0	0	0	0	0	0	73	0	0	0	0	0	
90725.9	0	0	0	0	0	0	0	0	0	0	83	0	0	0	0	0	
91476.5	0	0	0	0	0	0	0	0	0	0	69	0	0	0	0	0	
92224.1	0	0	0	0	0	0	0	0	0	0	61	0	0	0	0	0	
92973.8	0	0	0	0	0	0	0	0	0	0	75	0	0	0	0	0	
93724.4	0	0	0	0	0	0	0	0	0	0	69	0	0	0	0	0	
94470.5	0	0	0	0	0	0	0	0	0	0	77	0	0	0	0	0	
95221.2	0	0	0	0	0	0	0	0	0	0	71	0	0	0	0	0	
95972.5	0	0	0	0	0	0	0	0	0	0	63	0	0	0	0	0	
96717.4	0	0	0	0	0	0	0	0	0	0	79	0	0	0	0	0	
97464.1	0	0	0	0	0	0	0	0	0	0	77	0	0	0	0	0	
98212	0	0	0	0	0	0	0	0	0	0	89	0	0	0	0	0	
98960	0	0	0	0	0	0	0	0	0	0	65	0	0	0	0	0	
99712.5	0	0	0	0	0	0	0	0	0	0	0	67	0	0	0	0	
100462	0	0	0	0	0	0	0	0	0	0	0	67	0	0	0	0	
101212	0	0	0	0	0	0	0	0	0	0	0	75	0	0	0	0	
101961	0	0	0	0	0	0	0	0	0	0	0	75	0	0	0	0	
102710	0	0	0	0	0	0	0	0	0	0	0	73	0	0	0	0	
103460	0	0	0	0	0	0	0	0	0	0	0	59	0	0	0	0	
104207	0	0	0	0	0	0	0	0	0	0	0	65	0	0	0	0	
104958	0	0	0	0	0	0	0	0	0	0	0	61	0	0	0	0	
105710	0	0	0	0	0	0	0	0	0	0	0	65	0	0	0	0	
106461	0	0	0	0	0	0	0	0	0	0	0	65	0	0	0	0	
107211	0	0	0	0	0	0	0	0	0	0	0	65	0	0	0	0	
107960	0	0	0	0	0	0	0	0	0	0	0	63	0	0	0	0	
108708	0	0	0	0	0	0	0	0	0	0	0	59	0	0	0	0	
109459	0	0	0	0	0	0	0	0	0	0	0	79	0	0	0	0	
110206	0	0	0	0	0	0	0	0	0	0	0	63	0	0	0	0	
110956	0	0	0	0	0	0	0	0	0	0	0	65	0	0	0	0	
111706	0	0	0	0	0	0	0	0	0	0	0	83	0	0	0	0	
112457	0	0	0	0	0	0	0	0	0	0	0	73	0	0	0	0	
113206	0	0	0	0	0	0	0	0	0	0	0	61	0	0	0	0	
113954	0	0	0	0	0	0	0	0	0	0	0	55	0	0	0	0	
114708	0	0	0	0	0	0	0	0	0	0	0	69	0	0	0	0	
115456	0	0	0	0	0	0	0	0	0	0	0	65	0	0	0	0	
116203	0	0	0	0	0	0	0	0	0	0	0	59	0	0	0	0	
116954	0	0	0	0	0	0	0	0	0	0	61	0	0	0	0	0	
117704	0	0	0	0	0	0	0	0	0	0	73	0	0	0	0	0	
118457	0	0	0	0	0	0	0	0	0	0	75	0	0	0	0	0	
119209	0	0	0	0	0	0	0	0	0	0	81	0	0	0	0	0	
119959	0	0	0	0	0	0	0	0	0	0	71	0	0	0	0	0	
120703	0	0	0	0	0	0	0	0	0	0	71	0	0	0	0	0	
121453	0	0	0	0	0	0	0	0	0	0	73	0	0	0	0	0	
122201	0	0	0	0	0	0	0	0	0	0	77	0	0	0	0	0	
122952	0	0	0	0	0	0	0	0	0	0	63	0	0	0	0	0	
123701	0	0	0	0	0	0	0	0	0	0	79	0	0	0	0	0	
124451	0	0	0	0	0	0	0	0	0	0	71	0	0	0	0	0	
125202	0	0	0	0	0	0	0	0	0	0	75	0	0	0	0	0	
125954	0	0	0	0	0	0	0	0	0	0	77	0	0	0	0	0	
126705	0	0	0	0	0	0	0	0	0	0	75	0	0	0	0	0	
127456	0	0	0	0	0	0	0	0	0	0	71	0	0	0	0	0	
128203	0	0	0	0	0	0	0	0	0	0	69	0	0	0	0	0	
128954	0	0	0	0	0	0	0	0	0	5	64	0	0	0	0	0	
129699	0	0	0	0	0	0	0	0	0	0	75	0	0	0	0	0	
130452	0	0	0	0	0	0	0	0	0	0	83	0	0	0	0	0	
131201	0	0	0	0	0	0	0	0	0	0	0	73	0	0	0	0	
131949	0	0	0	0	0	0	0	0	0	0	0	71	0	0	0	0	
132697	0	0	0	0	0	0	0	0	0	0	0	69	0	0	0	0	
133448	0	0	0	0	0	0	0	0	0	0	0	71	0	0	0	0	
134197	0	0	0	0	0	0	0	0	0	0	0	65	0	0	0	0	
134946	0	0	0	0	0	0	0	0	0	0	0	87	0	0	0	0	
135694	0	0	0	0	0	0	0	0	0	0	0	65	0	0	0	0	
136441	0	0	0	0	0	0	0	0	0	0	0	85	0	0	0	0	
137192	0	0	0	0	0	0	0	0	0	0	0	63	0	0	0	0	
137941	0	0	0	0	0	0	0	0	0	0	0	69	0	0	0	0	
138689	0	0	0	0	0	0	0	0	0	0	0	61	0	0	0	0	
139439	0	0	0	0	0	0	0	0	0	0	0	65	0	0	0	0	
140189	0	0	0	0	0	0	0	0	0	0	0	65	0	0	0	0	
140938	0	0	0	0	0	0	0	0	0	0	0	59	0	0	0	0	
141687	0	0	0	0	0	0	0	0	0	0	0	59	0	0	0	0	
142438	0	0	0	0	0	0	0	0	0	0	0	67	0	0	0	0	
143184	0	0	0	0	0	0	0	0	0	0	73	0	0	0	0	0	
143936	0	0	0	0	0	0	0	0	0	0	61	0	0	0	0	0	
144688	0	0	0	0	0	0	0	0	0	0	83	0	0	0	0	0	
145438	0	0	0	0	0	0	0	0	0	0	69	0	0	0	0	0	
146190	0	0	0	0	0	0	0	0	0	0	69	0	0	0	0	0	
146941	0	0	0	0	0	0	0	0	0	0	67	0	0	0	0	0	
147691	0	0	0	0	0	0	0	0	0	0	81	0	0	0	0	0	
148440	0	0	0	0	0	0	0	0	0	0	69	0	0	0	0	0	
149192	0	0	0	0	0	0	0	0	0	0	73	0	0	0	0	0	
149938	0	0	0	0	0	0	0	0	0	0	73	0	0	0	0	0	
150685	0	0	0	0	0	0	0	0	0	0	81	0	0	0	0	0	
151436	0	0	0	0	0	0	0	0	0	0	73	0	0	0	0	0	
152186	0	0	0	0	0	0	0	0	0	0	61	0	0	0	0	0	
152941	0	0	0	0	0	0	0	0	0	0	89	0	0	0	0	0	
153686	0	0	0	0	0	0	0	0	0	95	0	0	0	0	0	0	
154438	0	0	0	0	0	0	0	0	0	77	0	0	0	0	0	0	
155191	0	0	0	0	0	0	0	0	0	63	0	0	0	0	0	0	
155940	0	0	0	0	0	0	0	0	0	95	0	0	0	0	0	0	
156691	0	0	0	0	0	0	0	0	0	77	0	0	0	0	0	0	
157441	0	0	0	0	0	0	0	0	0	75	0	0	0	0	0	0	
158194	0	0	0	0	0	0	0	0	0	77	0	0	0	0	0	0	
158945	0	0	0	0	0	0	0	0	0	85	0	0	0	0	0	0	
159694	0	0	0	0	0	0	0	0	0	67	0	0	0	0	0	0	
160443	0	0	0	0	0	0	0	0	0	79	0	0	0	0	0	0	
161191	0	0	0	0	0	0	0	0	0	91	0	0	0	0	0	0	
161939	0	0	0	0	0	0	0	0	0	79	0	0	0	0	0	0	
162687	0	0	0	0	0	0	0	0	0	85	0	0	0	0	0	0	
163440	0	0	0	0	0	0	0	0	0	87	0	0	0	0	0	0	
164191	0	0	0	0	0	0	0	0	0	73	0	0	0	0	0	0	
164940	0	0	0	0	0	0	0	0	0	89	0	0	0	0	0	0	
165692	0	0	0	0	0	0	0	0	0	77	0	0	0	0	0	0	
166442	0	0	0	0	0	0	0	0	0	61	0	0	0	0	0	0	
167186	0	0	0	0	0	0	0	0	0	83	0	0	0	0	0	0	
167936	0	0	0	0	0	0	0	0	0	93	0	0	0	0	0	0	
168687	0	0	0	0	0	0	0	0	0	71	0	0	0	0	0	0	
169438	0	0	0	0	0	0	0	0	0	87	0	0	0	0	0	0	
170190	0	0	0	0	0	0	0	0	0	73	0	0	0	0	0	0	
170938	0	0	0	0	0	0	0	0	0	89	0	0	0	0	0	0	
171688	0	0	0	0	0	0	0	0	0	77	0	0	0	0	0	0	
172435	0	0	0	0	0	0	0	0	0	89	0	0	0	0	0	0	
173184	0	0	0	0	0	0	0	0	0	93	0	0	0	0	0	0	
173936	0	0	0	0	0	0	0	0	0	69	0	0	0	0	0	0	
174686	0	0	0	0	0	0	0	0	0	69	0	0	0	0	0	0	
175434	0	0	0	0	0	0	0	0	0	67	0	0	0	0	0	0	
176186	0	0	0	0	0	0	0	0	0	65	0	0	0	0	0	0	
176933	0	0	0	0	0	0	0	0	0	85	0	0	0	0	0	0	
177682	0	0	0	0	0	0	0	0	0	81	0	0	0	0	0	0	
178435	0	0	0	0	0	0	0	0	0	89	0	0	0	0	0	0	
179186	0	0	0	0	0	0	0	0	0	83	0	0	0	0	0	0	
179936	0	0	0	0	0	0	0	0	0	79	0	0	0	0	0	0	
180685	0	0	0	0	0	0	0	0	0	75	0	0	0	0	0	0	
181433	0	0	0	0	0	0	0	0	0	73	0	0	0	0	0	0	
182182	0	0	0	0	0	0	0	0	0	71	0	0	0	0	0	0	
182932	0	0	0	0	0	0	0	0	0	97	0	0	0	0	0	0	
183683	0	0	0	0	0	0	0	0	0	77	0	0	0	0	0	0	
184432	0	0	0	0	0	0	0	0	0	81	0	0	0	0	0	0	
185178	0	0	0	0	0	0	0	0	0	89	0	0	0	0	0	0	
185931	0	0	0	0	0	0	0	0	0	113	0	0	0	0	0	0	
186679	0	0	0	0	0	0	0	0	0	61	0	0	0	0	0	0	
187429	0	0	0	0	0	0	0	0	0	75	0	0	0	0	0	0	
188178	0	0	0	0	0	0	0	0	0	73	0	0	0	0	0	0	
188929	0	0	0	0	0	0	0	0	0	87	0	0	0	0	0	0	
189676	0	0	0	0	0	0	0	0	0	83	0	0	0	0	0	0	
190426	0	0	0	0	0	0	0	0	0	83	0	0	0	0	0	0	
191176	0	0	0	0	0	0	0	0	0	69	0	0	0	0	0	0	
191925	0	0	0	0	0	0	0	0	0	79	0	0	0	0	0	0	
192677	0	0	0	0	0	0	0	0	0	75	0	0	0	0	0	0	
193426	0	0	0	0	0	0	0	0	0	91	0	0	0	0	0	0	
194178	0	0	0	0	0	0	0	0	0	93	0	0	0	0	0	0	
194929	0	0	0	0	0	0	0	0	0	87	0	0	0	0	0	0	
195675	0	0	0	0	0	0	0	0	0	81	0	0	0	0	0	0	
196424	0	0	0	0	0	0	0	0	0	85	0	0	0	0	0	0	
197177	0	0	0	0	0	0	0	0	0	71	0	0	0	0	0	0	
197925	0	0	0	0	0	0	0	0	0	83	0	0	0	0	0	0	
198679	0	0	0	0	0	0	0	0	0	83	0	0	0	0	0	0	
199429	0	0	0	0	0	0	0	0	0	73	0	0	0	0	0	0	
200178	0	0	0	0	0	0	0	0	0	91	0	0	0	0	0	0	
200927	0	0	0	0	0	0	0	0	0	83	0	0	0	0	0	0	
201676	0	0	0	0	0	0	0	0	0	79	0	0	0	0	0	0	
202425	0	0	0	0	0	0	0	0	0	75	0	0	0	0	0	0	
203178	0	0	0	0	0	0	0	0	2	63	0	0	0	0	0	0	
203931	0	0	0	0	0	0	0	0	0	67	0	0	0	0	0	0	
204677	0	0	0	0	0	0	0	0	0	73	0	0	0	0	0	0	
205425	0	0	0	0	0	0	0	0	0	79	0	0	0	0	0	0	
206173	0	0	0	0	0	0	0	0	32	49	0	0	0	0	0	0	
206925	0	0	0	0	0	0	0	0	0	83	0	0	0	0	0	0	
207676	0	0	0	0	0	0	0	0	0	73	0	0	0	0	0	0	
208427	0	0	0	0	0	0	0	0	0	71	0	0	0	0	0	0	
209177	0	0	0	0	0	0	0	0	0	87	0	0	0	0	0	0	
209929	0	0	0	0	0	0	0	0	0	95	0	0	0	0	0	0	
210679	0	0	0	0	0	0	0	0	0	73	0	0	0	0	0	0	
211431	0	0	0	0	0	0	0	0	0	81	0	0	0	0	0	0	
212180	0	0	0	0	0	0	0	0	0	85	0	0	0	0	0	0	
212932	0	0	0	0	0	0	0	0	119	0	0	0	0	0	0	0	
213682	0	0	0	0	0	0	0	0	77	0	0	0	0	0	0	0	
214434	0	0	0	0	0	0	0	0	83	0	0	0	0	0	0	0	
215183	0	0	0	0	0	0	0	0	101	0	0	0	0	0	0	0	
215936	0	0	0	0	0	0	0	0	75	0	0	0	0	0	0	0	
216685	0	0	0	0	0	0	0	0	79	0	0	0	0	0	0	0	
217435	0	0	0	0	0	0	0	0	99	0	0	0	0	0	0	0	
218185	0	0	0	0	0	0	0	0	95	0	0	0	0	0	0	0	
218932	0	0	0	0	0	0	0	0	83	0	0	0	0	0	0	0	
219681	0	0	0	0	0	0	0	0	81	0	0	0	0	0	0	0	
220429	0	0	0	0	0	0	0	111	0	0	0	0	0	0	0	0	
221177	0	0	0	0	0	0	0	91	0	0	0	0	0	0	0	0	
221926	0	0	0	0	0	0	0	131	0	0	0	0	0	0	0	0	
222678	0	0	0	0	0	0	0	0	87	0	0	0	0	0	0	0	
223428	0	0	0	0	0	0	0	0	105	0	0	0	0	0	0	0	
224176	0	0	0	0	0	0	0	0	89	0	0	0	0	0	0	0	
224927	0	0	0	0	0	0	0	0	99	0	0	0	0	0	0	0	
225677	0	0	0	0	0	0	0	0	85	0	0	0	0	0	0	0	
226427	0	0	0	0	0	0	0	0	91	0	0	0	0	0	0	0	
227184	0	0	0	0	0	0	0	0	87	0	0	0	0	0	0	0	
227935	0	0	0	0	0	0	0	0	83	0	0	0	0	0	0	0	
228686	0	0	0	0	0	0	0	87	0	0	0	0	0	0	0	0	
229439	0	0	0	0	0	0	0	101	0	0	0	0	0	0	0	0	
230189	0	0	0	0	0	0	0	105	0	0	0	0	0	0	0	0	
230940	0	0	0	0	0	0	0	113	0	0	0	0	0	0	0	0	
231693	0	0	0	0	0	0	6	105	0	0	0	0	0	0	0	0	
232441	0	0	0	0	0	0	0	107	0	0	0	0	0	0	0	0	
233192	0	0	0	0	0	0	0	95	0	0	0	0	0	0	0	0	
233943	0	0	0	0	0	0	0	113	0	0	0	0	0	0	0	0	
234698	0	0	0	0	0	0	0	93	0	0	0	0	0	0	0	0	
235447	0	0	0	0	0	0	0	103	0	0	0	0	0	0	0	0	
236195	0	0	0	0	0	0	0	0	87	0	0	0	0	0	0	0	
236946	0	0	0	0	0	0	0	0	81	0	0	0	0	0	0	0	
237696	0	0	0	0	0	0	0	0	83	0	0	0	0	0	0	0	
238444	0	0	0	0	0	0	0	0	87	0	0	0	0	0	0	0	
239195	0	0	0	0	0	0	0	0	91	0	0	0	0	0	0	0	
239946	0	0	0	0	0	0	0	0	73	0	0	0	0	0	0	0	
240700	0	0	0	0	0	0	0	0	0	79	0	0	0	0	0	0	
241447	0	0	0	0	0	0	0	0	0	83	0	0	0	0	0	0	
242198	0	0	0	0	0	0	0	0	0	83	0	0	0	0	0	0	
242950	0	0	0	0	0	0	0	0	0	79	0	0	0	0	0	0	
243699	0	0	0	0	0	0	0	0	0	0	61	0	0	0	0	0	
244448	0	0	0	0	0	0	0	0	0	0	73	0	0	0	0	0	
245195	0	0	0	0	0	0	0	0	0	0	77	0	0	0	0	0	
245945	0	0	0	0	0	0	0	0	0	0	61	0	0	0	0	0	
246696	0	0	0	0	0	0	0	0	0	0	77	0	0	0	0	0	
247447	0	0	0	0	0	0	0	0	0	0	73	0	0	0	0	0	
248196	0	0	0	0	0	0	0	0	0	0	79	0	0	0	0	0	
248944	0	0	0	0	0	0	0	0	0	0	75	0	0	0	0	0	
249691	0	0	0	0	0	0	0	0	0	0	75	0	0	0	0	0	
250441	0	0	0	0	0	0	0	0	0	0	65	0	0	0	0	0	
251189	0	0	0	0	0	0	0	0	0	0	85	0	0	0	0	0	
251939	0	0	0	0	0	0	0	0	0	0	77	0	0	0	0	0	
252691	0	0	0	0	0	0	0	0	0	0	77	0	0	0	0	0	
253439	0	0	0	0	0	0	0	0	0	0	85	0	0	0	0	0	
254189	0	0	0	0	0	0	0	0	0	0	87	0	0	0	0	0	
254941	0	0	0	0	0	0	0	0	0	0	79	0	0	0	0	0	
255692	0	0	0	0	0	0	0	0	0	0	61	0	0	0	0	0	
256442	0	0	0	0	0	0	0	0	0	0	65	0	0	0	0	0	
257193	0	0	0	0	0	0	0	0	0	0	0	57	0	0	0	0	
257945	0	0	0	0	0	0	0	0	0	0	0	63	0	0	0	0	
258694	0	0	0	0	0	0	0	0	0	0	0	51	0	0	0	0	
259447	0	0	0	0	0	0	0	0	0	0	0	67	0	0	0	0	
260195	0	0	0	0	0	0	0	0	0	0	0	53	0	0	0	0	
260944	0	0	0	0	0	0	0	0	0	0	0	63	0	0	0	0	
261690	0	0	0	0	0	0	0	0	0	0	0	65	0	0	0	0	
262443	0	0	0	0	0	0	0	0	0	0	0	59	0	0	0	0	
263192	0	0	0	0	0	0	0	0	0	0	0	87	0	0	0	0	
263944	0	0	0	0	0	0	0	0	0	0	0	69	0	0	0	0	
264695	0	0	0	0	0	0	0	0	0	0	0	79	0	0	0	0	
265446	0	0	0	0	0	0	0	0	0	0	0	61	0	0	0	0	
266194	0	0	0	0	0	0	0	0	0	0	0	63	0	0	0	0	
266942	0	0	0	0	0	0	0	0	0	0	0	59	0	0	0	0	
267695	0	0	0	0	0	0	0	0	0	0	0	55	0	0	0	0	
268444	0	0	0	0	0	0	0	0	0	0	0	67	0	0	0	0	
269192	0	0	0	0	0	0	0	0	0	0	0	63	0	0	0	0	
269942	0	0	0	0	0	0	0	0	0	0	0	71	0	0	0	0	
270693	0	0	0	0	0	0	0	0	0	0	0	69	0	0	0	0	
271446	0	0	0	0	0	0	0	0	0	0	0	77	0	0	0	0	
272194	0	0	0	0	0	0	0	0	0	0	0	71	0	0	0	0	
272945	0	0	0	0	0	0	0	0	0	0	0	67	0	0	0	0	
273694	0	0	0	0	0	0	0	0	0	0	81	0	0	0	0	0	
274446	0	0	0	0	0	0	0	0	0	0	81	0	0	0	0	0	
275194	0	0	0	0	0	0	0	0	0	0	77	0	0	0	0	0	
275946	0	0	0	0	0	0	0	0	0	0	73	0	0	0	0	0	
276696	0	0	0	0	0	0	0	0	0	0	69	0	0	0	0	0	
277449	0	0	0	0	0	0	0	0	0	0	77	0	0	0	0	0	
278200	0	0	0	0	0	0	0	0	0	0	69	0	0	0	0	0	
278945	0	0	0	0	0	0	0	0	0	0	77	0	0	0	0	0	
279695	0	0	0	0	0	0	0	0	0	0	87	0	0	0	0	0	
280445	0	0	0	0	0	0	0	0	0	0	85	0	0	0	0	0	
281198	0	0	0	0	0	0	0	0	0	0	79	0	0	0	0	0	
281947	0	0	0	0	0	0	0	0	0	0	67	0	0	0	0	0	
282696	0	0	0	0	0	0	0	0	0	0	75	0	0	0	0	0	
283449	0	0	0	0	0	0	0	0	0	0	73	0	0	0	0	0	
284201	0	0	0	0	0	0	0	0	0	0	73	0	0	0	0	0	
284953	0	0	0	0	0	0	0	0	0	0	73	0	0	0	0	0	
285702	0	0	0	0	0	0	0	0	0	0	65	0	0	0	0	0	
286450	0	0	0	0	0	0	0	0	0	0	73	0	0	0	0	0	
287199	0	0	0	0	0	0	0	0	0	0	85	0	0	0	0	0	
287950	0	0	0	0	0	0	0	0	0	0	85	0	0	0	0	0	
288705	0	0	0	0	0	0	0	0	0	0	61	0	0	0	0	0	
289456	0	0	0	0	0	0	0	0	0	0	69	0	0	0	0	0	
290207	0	0	0	0	0	0	0	0	0	0	67	0	0	0	0	0	
290955	0	0	0	0	0	0	0	0	0	0	77	4	0	0	0	0	
291708	0	0	0	0	0	0	0	0	0	0	79	0	0	0	0	0	
292460	0	0	0	0	0	0	0	0	0	0	0	63	0	0	0	0	
293210	0	0	0	0	0	0	0	0	0	0	0	77	0	0	0	0	
293959	0	0	0	0	0	0	0	0	0	0	0	81	0	0	0	0	
294707	0	0	0	0	0	0	0	0	0	0	0	73	0	0	0	0	
295458	0	0	0	0	0	0	0	0	0	0	0	55	0	0	0	0	
296209	0	0	0	0	0	0	0	0	0	0	0	67	0	0	0	0	
296960	0	0	0	0	0	0	0	0	0	0	33	36	0	0	0	0	
297706	0	0	0	0	0	0	0	0	0	0	0	67	0	0	0	0	
298457	0	0	0	0	0	0	0	0	0	0	0	73	0	0	0	0	
299206	0	0	0	0	0	0	0	0	0	0	0	85	0	0	0	0	
299959	0	0	0	0	0	0	0	0	0	0	0	55	0	0	0	0	
300705	0	0	0	0	0	0	0	0	0	0	0	67	0	0	0	0	
301454	0	0	0	0	0	0	0	0	0	0	0	55	0	0	0	0	
302207	0	0	0	0	0	0	0	0	0	0	0	65	0	0	0	0	
302954	0	0	0	0	0	0	0	0	0	0	0	65	0	0	0	0	
303702	0	0	0	0	0	0	0	0	0	0	0	51	0	0	0	0	
304450	0	0	0	0	0	0	0	0	0	0	0	75	0	0	0	0	
305200	0	0	0	0	0	0	0	0	0	0	0	59	0	0	0	0	
305951	0	0	0	0	0	0	0	0	0	0	0	71	0	0	0	0	
306699	0	0	0	0	0	0	0	0	0	0	0	77	0	0	0	0	
307452	0	0	0	0	0	0	0	0	0	0	65	0	0	0	0	0	
308204	0	0	0	0	0	0	0	0	0	0	85	0	0	0	0	0	
308955	0	0	0	0	0	0	0	0	0	0	77	0	0	0	0	0	
309703	0	0	0	0	0	0	0	0	0	0	61	0	0	0	0	0	
310453	0	0	0	0	0	0	0	0	0	0	55	0	0	0	0	0	
311205	0	0	0	0	0	0	0	0	0	0	77	0	0	0	0	0	
311953	0	0	0	0	0	0	0	0	0	0	67	0	0	0	0	0	
312700	0	0	0	0	0	0	0	0	0	0	69	0	0	0	0	0	
313451	0	0	0	0	0	0	0	0	0	0	71	0	0	0	0	0	
314200	0	0	0	0	0	0	0	0	0	0	67	0	0	0	0	0	
314951	0	0	0	0	0	0	0	0	0	0	63	0	0	0	0	0	
315701	0	0	0	0	0	0	0	0	0	0	73	0	0	0	0	0	
316452	0	0	0	0	0	0	0	0	0	0	63	0	0	0	0	0	
317202	0	0	0	0	0	0	0	0	0	0	83	0	0	0	0	0	
317951	0	0	0	0	0	0	0	0	0	0	71	0	0	0	0	0	
318700	0	0	0	0	0	0	0	0	0	0	75	0	0	0	0	0	
319447	0	0	0	0	0	0	0	0	0	0	67	0	0	0	0	0	
320199	0	0	0	0	0	0	0	0	0	0	0	77	0	0	0	0	
320949	0	0	0	0	0	0	0	0	0	0	0	71	0	0	0	0	
321697	0	0	0	0	0	0	0	0	0	0	0	53	0	0	0	0	
322447	0	0	0	0	0	0	0	0	0	0	0	0	55	0	0	0	
323198	0	0	0	0	0	0	0	0	0	0	0	0	59	0	0	0	
323951	0	0	0	0	0	0	0	0	0	0	0	0	55	0	0	0	
324699	0	0	0	0	0	0	0	0	0	0	0	0	67	0	0	0	
325454	0	0	0	0	0	0	0	0	0	0	0	0	65	0	0	0	
326205	0	0	0	0	0	0	0	0	0	0	0	75	0	0	0	0	
326955	0	0	0	0	0	0	0	0	0	0	0	61	0	0	0	0	
327705	0	0	0	0	0	0	0	0	0	0	0	55	0	0	0	0	
328455	0	0	0	0	0	0	0	0	0	0	0	61	0	0	0	0	
329204	0	0	0	0	0	0	0	0	0	0	0	57	0	0	0	0	
329954	0	0	0	0	0	0	0	0	0	0	0	71	0	0	0	0	
330706	0	0	0	0	0	0	0	0	0	0	65	0	0	0	0	0	
331455	0	0	0	0	0	0	0	0	0	0	79	0	0	0	0	0	
332204	0	0	0	0	0	0	0	0	0	0	81	0	0	0	0	0	
332951	0	0	0	0	0	0	0	0	0	0	71	0	0	0	0	0	
333702	0	0	0	0	0	0	0	0	0	0	63	0	0	0	0	0	
334452	0	0	0	0	0	0	0	0	0	0	65	0	0	0	0	0	
335203	0	0	0	0	0	0	0	0	0	0	67	0	0	0	0	0	
335951	0	0	0	0	0	0	0	0	0	0	67	0	0	0	0	0	
336699	0	0	0	0	0	0	0	0	0	0	67	0	0	0	0	0	
337448	0	0	0	0	0	0	0	0	0	0	0	79	0	0	0	0	
338197	0	0	0	0	0	0	0	0	0	0	0	73	0	0	0	0	
338950	0	0	0	0	0	0	0	0	0	0	0	61	0	0	0	0	
339696	0	0	0	0	0	0	0	0	0	0	59	0	0	0	0	0	
340444	0	0	0	0	0	0	0	0	0	0	71	0	0	0	0	0	
341192	0	0	0	0	0	0	0	0	0	0	81	0	0	0	0	0	
341942	0	0	0	0	0	0	0	0	0	0	42	27	0	0	0	0	
342693	0	0	0	0	0	0	0	0	0	0	0	63	0	0	0	0	
343442	0	0	0	0	0	0	0	0	0	0	0	65	0	0	0	0	
344190	0	0	0	0	0	0	0	0	0	0	0	49	0	0	0	0	
344938	0	0	0	0	0	0	0	0	0	0	0	53	0	0	0	0	
345690	0	0	0	0	0	0	0	0	0	0	0	75	0	0	0	0	
346443	0	0	0	0	0	0	0	0	0	0	0	77	0	0	0	0	
347192	0	0	0	0	0	0	0	0	0	0	0	69	0	0	0	0	
347943	0	0	0	0	0	0	0	0	0	0	0	65	0	0	0	0	
348691	0	0	0	0	0	0	0	0	0	0	0	69	0	0	0	0	
349441	0	0	0	0	0	0	0	0	0	0	0	67	0	0	0	0	
350190	0	0	0	0	0	0	0	0	0	0	0	71	0	0	0	0	
350940	0	0	0	0	0	0	0	0	0	0	0	63	0	0	0	0	
351692	0	0	0	0	0	0	0	0	0	0	0	67	0	0	0	0	
352441	0	0	0	0	0	0	0	0	0	0	0	59	0	0	0	0	
353192	0	0	0	0	0	0	0	0	0	0	0	77	0	0	0	0	
353943	0	0	0	0	0	0	0	0	0	0	0	73	0	0	0	0	
354690	0	0	0	0	0	0	0	0	0	0	0	73	0	0	0	0	
355443	0	0	0	0	0	0	0	0	0	0	0	73	0	0	0	0	
356192	0	0	0	0	0	0	0	0	0	0	0	61	0	0	0	0	
356939	0	0	0	0	0	0	0	0	0	0	0	0	65	0	0	0	
357689	0	0	0	0	0	0	0	0	0	0	0	0	63	0	0	0	
358440	0	0	0	0	0	0	0	0	0	0	0	0	65	0	0	0	
359188	0	0	0	0	0	0	0	0	0	0	0	0	63	0	0	0	
359936	0	0	0	0	0	0	0	0	0	0	0	0	57	0	0	0	
360683	0	0	0	0	0	0	0	0	0	0	0	0	49	0	0	0	
361435	0	0	0	0	0	0	0	0	0	0	0	0	61	0	0	0	
362187	0	0	0	0	0	0	0	0	0	0	0	0	81	0	0	0	
362939	0	0	0	0	0	0	0	0	0	0	0	0	47	0	0	0	
363688	0	0	0	0	0	0	0	0	0	0	0	0	71	0	0	0	
364435	0	0	0	0	0	0	0	0	0	0	0	0	63	0	0	0	
365186	0	0	0	0	0	0	0	0	0	0	0	0	53	0	0	0	
365937	0	0	0	0	0	0	0	0	0	0	0	73	0	0	0	0	
366686	0	0	0	0	0	0	0	0	0	0	0	73	0	0	0	0	
367439	0	0	0	0	0	0	0	0	0	0	0	63	0	0	0	0	
368191	0	0	0	0	0	0	0	0	0	0	0	61	0	0	0	0	
368941	0	0	0	0	0	0	0	0	0	0	0	61	0	0	0	0	
369691	0	0	0	0	0	0	0	0	0	0	0	0	57	0	0	0	
370438	0	0	0	0	0	0	0	0	0	0	0	0	69	0	0	0	
371188	0	0	0	0	0	0	0	0	0	0	0	0	81	0	0	0	
371942	0	0	0	0	0	0	0	0	0	0	0	0	69	0	0	0	
372695	0	0	0	0	0	0	0	0	0	0	0	0	67	0	0	0	
373446	0	0	0	0	0	0	0	0	0	0	0	0	55	0	0	0	
374196	0	0	0	0	0	0	0	0	0	0	0	0	61	0	0	0	
374946	0	0	0	0	0	0	0	0	0	0	0	0	67	0	0	0	
375696	0	0	0	0	0	0	0	0	0	0	0	53	0	0	0	0	
376445	0	0	0	0	0	0	0	0	0	0	0	63	0	0	0	0	
377195	0	0	0	0	0	0	0	0	0	0	0	71	0	0	0	0	
377947	0	0	0	0	0	0	0	0	0	0	0	45	0	0	0	0	
378698	0	0	0	0	0	0	0	0	0	0	0	75	0	0	0	0	
379451	0	0	0	0	0	0	0	0	0	0	0	75	0	0	0	0	
380202	0	0	0	0	0	0	0	0	0	0	0	59	0	0	0	0	
380951	0	0	0	0	0	0	0	0	0	0	0	71	0	0	0	0	
381699	0	0	0	0	0	0	0	0	0	0	0	69	0	0	0	0	
382450	0	0	0	0	0	0	0	0	0	0	0	65	0	0	0	0	
383199	0	0	0	0	0	0	0	0	0	0	0	81	0	0	0	0	
383950	0	0	0	0	0	0	0	0	0	0	0	81	0	0	0	0	
384697	0	0	0	0	0	0	0	0	0	0	0	79	0	0	0	0	
385449	0	0	0	0	0	0	0	0	0	0	0	59	0	0	0	0	
386199	0	0	0	0	0	0	0	0	0	0	0	57	0	0	0	0	
386952	0	0	0	0	0	0	0	0	0	0	0	59	0	0	0	0	
387700	0	0	0	0	0	0	0	0	0	0	0	55	0	0	0	0	
388448	0	0	0	0	0	0	0	0	0	0	0	55	0	0	0	0	
389196	0	0	0	0	0	0	0	0	0	0	0	71	0	0	0	0	
389944	0	0	0	0	0	0	0	0	0	0	0	73	0	0	0	0	
390693	0	0	0	0	0	0	0	0	0	0	0	59	0	0	0	0	
391445	0	0	0	0	0	0	0	0	0	0	0	0	63	0	0	0	
392193	0	0	0	0	0	0	0	0	0	0	0	0	79	0	0	0	
392943	0	0	0	0	0	0	0	0	0	0	0	0	77	0	0	0	
393690	0	0	0	0	0	0	0	0	0	0	0	0	57	0	0	0	
394438	0	0	0	0	0	0	0	0	0	0	0	0	47	0	0	0	
395184	0	0	0	0	0	0	0	0	0	0	0	65	0	0	0	0	
395936	0	0	0	0	0	0	0	0	0	0	0	65	0	0	0	0	
396687	0	0	0	0	0	0	0	0	0	0	0	59	0	0	0	0	
397438	0	0	0	0	0	0	0	0	0	0	0	83	0	0	0	0	
398188	0	0	0	0	0	0	0	0	0	0	0	65	0	0	0	0	
398938	0	0	0	0	0	0	0	0	0	0	0	23	62	0	0	0	
399689	0	0	0	0	0	0	0	0	0	0	75	0	0	0	0	0	
400441	0	0	0	0	0	0	0	0	0	0	85	0	0	0	0	0	
401191	0	0	0	0	0	0	0	0	0	0	79	0	0	0	0	0	
401943	0	0	0	0	0	0	0	0	0	0	73	0	0	0	0	0	
402694	0	0	0	0	0	0	0	0	0	0	77	0	0	0	0	0	
403443	0	0	0	0	0	0	0	0	0	0	71	0	0	0	0	0	
404191	0	0	0	0	0	0	0	0	0	0	67	0	0	0	0	0	
404940	0	0	0	0	0	0	0	0	0	0	77	0	0	0	0	0	
405688	0	0	0	0	0	0	0	0	0	0	69	0	0	0	0	0	
406438	0	0	0	0	0	0	0	0	0	0	61	0	0	0	0	0	
407188	0	0	0	0	0	0	0	0	0	0	85	0	0	0	0	0	
407938	0	0	0	0	0	0	0	0	0	0	71	0	0	0	0	0	
408691	0	0	0	0	0	0	0	0	0	0	63	0	0	0	0	0	
409442	0	0	0	0	0	0	0	0	0	0	69	0	0	0	0	0	
410189	0	0	0	0	0	0	0	0	0	0	73	0	0	0	0	0	
410940	0	0	0	0	0	0	0	0	0	0	75	0	0	0	0	0	
411692	0	0	0	0	0	0	0	0	0	0	85	0	0	0	0	0	
412444	0	0	0	0	0	0	0	0	0	0	77	0	0	0	0	0	
413195	0	0	0	0	0	0	0	0	0	0	71	0	0	0	0	0	
413944	0	0	0	0	0	0	0	0	0	0	85	0	0	0	0	0	
414693	0	0	0	0	0	0	0	0	0	0	71	0	0	0	0	0	
415441	0	0	0	0	0	0	0	0	0	0	61	0	0	0	0	0	
416188	0	0	0	0	0	0	0	0	0	0	73	0	0	0	0	0	
416941	0	0	0	0	0	0	0	0	0	0	93	0	0	0	0	0	
417694	0	0	0	0	0	0	0	0	0	0	63	0	0	0	0	0	
418445	0	0	0	0	0	0	0	0	0	0	71	0	0	0	0	0	
419194	0	0	0	0	0	0	0	0	0	0	61	0	0	0	0	0	
419945	0	0	0	0	0	0	0	0	0	0	73	0	0	0	0	0	
420696	0	0	0	0	0	0	0	0	0	0	67	0	0	0	0	0	
421446	0	0	0	0	0	0	0	0	0	0	73	0	0	0	0	0	
422196	0	0	0	0	0	0	0	0	0	0	63	0	0	0	0	0	
422943	0	0	0	0	0	0	0	0	0	0	73	0	0	0	0	0	
423690	0	0	0	0	0	0	0	0	0	0	67	0	0	0	0	0	
424439	0	0	0	0	0	0	0	0	0	0	59	0	0	0	0	0	
425187	0	0	0	0	0	0	0	0	0	0	69	0	0	0	0	0	
425934	0	0	0	0	0	0	0	0	0	0	75	0	0	0	0	0	
426685	0	0	0	0	0	0	0	0	0	0	69	0	0	0	0	0	
427433	0	0	0	0	0	0	0	0	0	0	69	0	0	0	0	0	
428183	0	0	0	0	0	0	0	0	0	0	0	45	0	0	0	0	
428930	0	0	0	0	0	0	0	0	0	0	0	59	0	0	0	0	
429682	0	0	0	0	0	0	0	0	0	0	0	65	0	0	0	0	
430432	0	0	0	0	0	0	0	0	0	0	0	73	0	0	0	0	
431182	0	0	0	0	0	0	0	0	0	0	0	63	0	0	0	0	
431933	0	0	0	0	0	0	0	0	0	0	0	73	0	0	0	0	
432685	0	0	0	0	0	0	0	0	0	0	0	57	0	0	0	0	
433436	0	0	0	0	0	0	0	0	0	0	0	67	0	0	0	0	
434190	0	0	0	0	0	0	0	0	0	0	71	0	0	0	0	0	
434940	0	0	0	0	0	0	0	0	0	0	63	0	0	0	0	0	
435690	0	0	0	0	0	0	0	0	0	0	81	0	0	0	0	0	
436437	0	0	0	0	0	0	0	0	0	0	71	0	0	0	0	0	
437184	0	0	0	0	0	0	0	0	0	0	67	0	0	0	0	0	
437935	0	0	0	0	0	0	0	0	0	0	85	0	0	0	0	0	
438687	0	0	0	0	0	0	0	0	0	67	0	0	0	0	0	0	
439440	0	0	0	0	0	0	0	0	0	89	0	0	0	0	0	0	
440188	0	0	0	0	0	0	0	0	0	89	0	0	0	0	0	0	
440939	0	0	0	0	0	0	0	0	0	77	0	0	0	0	0	0	
441688	0	0	0	0	0	0	0	0	0	97	0	0	0	0	0	0	
442439	0	0	0	0	0	0	0	0	0	81	0	0	0	0	0	0	
443188	0	0	0	0	0	0	0	0	0	89	0	0	0	0	0	0	
443938	0	0	0	0	0	0	0	0	0	67	0	0	0	0	0	0	
444690	0	0	0	0	0	0	0	0	0	81	0	0	0	0	0	0	
445437	0	0	0	0	0	0	0	0	0	85	0	0	0	0	0	0	
446185	0	0	0	0	0	0	0	0	0	73	0	0	0	0	0	0	
446933	0	0	0	0	0	0	0	0	0	83	0	0	0	0	0	0	
447683	0	0	0	0	0	0	0	0	0	91	0	0	0	0	0	0	
448437	0	0	0	0	0	0	0	0	0	77	0	0	0	0	0	0	
449187	0	0	0	0	0	0	0	0	99	0	0	0	0	0	0	0	
449938	0	0	0	0	0	0	0	0	103	0	0	0	0	0	0	0	
450688	0	0	0	0	0	0	0	0	85	0	0	0	0	0	0	0	
451442	0	0	0	0	0	0	0	0	83	0	0	0	0	0	0	0	
452194	0	0	0	0	0	0	0	0	87	0	0	0	0	0	0	0	
452942	0	0	0	0	0	0	0	0	89	0	0	0	0	0	0	0	
453694	0	0	0	0	0	0	0	0	89	0	0	0	0	0	0	0	
454441	0	0	0	0	0	0	0	0	93	0	0	0	0	0	0	0	
455190	0	0	0	0	0	0	0	0	87	0	0	0	0	0	0	0	
455939	0	0	0	0	0	0	0	0	83	0	0	0	0	0	0	0	
456687	0	0	0	0	0	0	0	0	77	0	0	0	0	0	0	0	
457440	0	0	0	0	0	0	0	0	83	0	0	0	0	0	0	0	
458191	0	0	0	0	0	0	0	0	71	0	0	0	0	0	0	0	
458942	0	0	0	0	0	0	0	0	107	0	0	0	0	0	0	0	
459692	0	0	0	0	0	0	0	0	105	0	0	0	0	0	0	0	
460439	0	0	0	0	0	0	0	0	81	0	0	0	0	0	0	0	
461192	0	0	0	0	0	0	0	0	95	0	0	0	0	0	0	0	
461942	0	0	0	0	0	0	0	0	97	0	0	0	0	0	0	0	
462690	0	0	0	0	0	0	0	0	61	0	0	0	0	0	0	0	
463442	0	0	0	0	0	0	0	0	89	0	0	0	0	0	0	0	
464190	0	0	0	0	0	0	0	0	75	0	0	0	0	0	0	0	
464940	0	0	0	0	0	0	0	0	107	0	0	0	0	0	0	0	
465688	0	0	0	0	0	0	0	109	0	0	0	0	0	0	0	0	
466437	0	0	0	0	0	0	0	81	0	0	0	0	0	0	0	0	
467185	0	0	0	0	0	0	0	109	0	0	0	0	0	0	0	0	
467935	0	0	0	0	0	0	0	87	0	0	0	0	0	0	0	0	
468686	0	0	0	0	0	0	0	89	0	0	0	0	0	0	0	0	
469438	0	0	0	0	0	0	0	103	0	0	0	0	0	0	0	0	
470187	0	0	0	0	0	0	0	107	0	0	0	0	0	0	0	0	
470936	0	0	0	0	0	63	54	0	0	0	0	0	0	0	0	0	
471686	0	0	0	0	0	0	103	0	0	0	0	0	0	0	0	0	
472434	0	0	0	0	0	0	119	0	0	0	0	0	0	0	0	0	
473185	0	0	0	0	0	0	105	0	0	0	0	0	0	0	0	0	
473937	0	0	0	0	0	0	111	0	0	0	0	0	0	0	0	0	
474689	0	0	0	0	0	0	113	0	0	0	0	0	0	0	0	0	
475439	0	0	0	0	0	0	101	0	0	0	0	0	0	0	0	0	
476190	0	0	0	0	0	0	143	0	0	0	0	0	0	0	0	0	
476940	0	0	0	0	0	0	103	0	0	0	0	0	0	0	0	0	
477691	0	0	0	0	0	0	111	0	0	0	0	0	0	0	0	0	
478439	0	0	0	0	0	0	129	0	0	0	0	0	0	0	0	0	
479192	0	0	0	0	0	0	111	0	0	0	0	0	0	0	0	0	
479942	0	0	0	0	0	0	101	0	0	0	0	0	0	0	0	0	
480691	0	0	0	0	0	0	107	0	0	0	0	0	0	0	0	0	
481441	0	0	0	0	0	0	113	0	0	0	0	0	0	0	0	0	
482190	0	0	0	0	0	0	115	0	0	0	0	0	0	0	0	0	
482940	0	0	0	0	0	0	99	0	0	0	0	0	0	0	0	0	
483689	0	0	0	0	0	0	97	0	0	0	0	0	0	0	0	0	
484439	0	0	0	0	0	127	0	0	0	0	0	0	0	0	0	0	
485188	0	0	0	0	0	125	0	0	0	0	0	0	0	0	0	0	
485939	0	0	0	0	0	133	0	0	0	0	0	0	0	0	0	0	
486690	0	0	0	0	0	147	0	0	0	0	0	0	0	0	0	0	
487440	0	0	0	0	0	141	0	0	0	0	0	0	0	0	0	0	
488190	0	0	0	0	0	119	0	0	0	0	0	0	0	0	0	0	
488940	0	0	0	0	0	141	0	0	0	0	0	0	0	0	0	0	
489692	0	0	0	0	0	127	0	0	0	0	0	0	0	0	0	0	
490441	0	0	0	0	0	125	0	0	0	0	0	0	0	0	0	0	
491191	0	0	0	0	0	123	0	0	0	0	0	0	0	0	0	0	
491939	0	0	0	0	0	123	0	0	0	0	0	0	0	0	0	0	
492691	0	0	0	0	0	127	0	0	0	0	0	0	0	0	0	0	
493442	0	0	0	0	0	107	0	0	0	0	0	0	0	0	0	0	
494192	0	0	0	0	151	0	0	0	0	0	0	0	0	0	0	0	
494943	0	0	0	0	143	0	0	0	0	0	0	0	0	0	0	0	
495697	0	0	0	0	157	0	0	0	0	0	0	0	0	0	0	0	
496449	0	0	0	0	165	0	0	0	0	0	0	0	0	0	0	0	
497196	0	0	0	0	151	0	0	0	0	0	0	0	0	0	0	0	
497949	0	0	0	0	189	0	0	0	0	0	0	0	0	0	0	0	
498700	0	0	0	0	153	0	0	0	0	0	0	0	0	0	0	0	
499450	0	0	0	0	163	0	0	0	0	0	0	0	0	0	0	0	
500199	0	0	0	0	161	0	0	0	0	0	0	0	0	0	0	0	
500947	0	0	0	0	141	0	0	0	0	0	0	0	0	0	0	0	
501693	0	0	0	0	167	0	0	0	0	0	0	0	0	0	0	0	
502443	0	0	0	30	139	0	0	0	0	0	0	0	0	0	0	0	
503191	0	0	0	0	161	0	0	0	0	0	0	0	0	0	0	0	
503941	0	0	0	0	149	0	0	0	0	0	0	0	0	0	0	0	
504693	0	0	0	0	165	0	0	0	0	0	0	0	0	0	0	0	
505447	0	0	0	0	155	0	0	0	0	0	0	0	0	0	0	0	
506198	0	0	0	0	153	0	0	0	0	0	0	0	0	0	0	0	
506945	0	0	0	0	165	0	0	0	0	0	0	0	0	0	0	0	
507694	0	0	0	0	149	0	0	0	0	0	0	0	0	0	0	0	
508440	0	0	0	0	137	0	0	0	0	0	0	0	0	0	0	0	
509189	0	0	0	0	177	0	0	0	0	0	0	0	0	0	0	0	
509936	0	0	0	0	155	0	0	0	0	0	0	0	0	0	0	0	
510689	0	0	0	0	159	0	0	0	0	0	0	0	0	0	0	0	
511438	0	0	0	0	159	0	0	0	0	0	0	0	0	0	0	0	
512188	0	0	0	0	167	0	0	0	0	0	0	0	0	0	0	0	
512937	0	0	0	0	183	0	0	0	0	0	0	0	0	0	0	0	
513686	0	0	0	0	181	0	0	0	0	0	0	0	0	0	0	0	
514437	0	0	0	0	157	0	0	0	0	0	0	0	0	0	0	0	
515185	0	0	0	0	123	0	0	0	0	0	0	0	0	0	0	0	
515938	0	0	0	0	153	0	0	0	0	0	0	0	0	0	0	0	
516687	0	0	0	0	141	0	0	0	0	0	0	0	0	0	0	0	
517437	0	0	0	0	165	0	0	0	0	0	0	0	0	0	0	0	
518186	0	0	0	1	170	0	0	0	0	0	0	0	0	0	0	0	
518935	0	0	0	0	181	0	0	0	0	0	0	0	0	0	0	0	
519686	0	0	0	0	145	0	0	0	0	0	0	0	0	0	0	0	
520435	0	0	0	0	161	0	0	0	0	0	0	0	0	0	0	0	
521187	0	0	0	0	155	0	0	0	0	0	0	0	0	0	0	0	
521939	0	0	0	0	177	0	0	0	0	0	0	0	0	0	0	0	
522689	0	0	0	0	159	0	0	0	0	0	0	0	0	0	0	0	
523439	0	0	0	0	158	1	0	0	0	0	0	0	0	0	0	0	
524187	0	0	0	0	149	0	0	0	0	0	0	0	0	0	0	0	
524939	0	0	0	183	0	0	0	0	0	0	0	0	0	0	0	0	
525693	0	0	0	181	0	0	0	0	0	0	0	0	0	0	0	0	
526448	0	0	0	197	0	0	0	0	0	0	0	0	0	0	0	0	
527197	0	0	0	169	0	0	0	0	0	0	0	0	0	0	0	0	
527945	0	0	0	185	0	0	0	0	0	0	0	0	0	0	0	0	
528697	0	0	0	211	0	0	0	0	0	0	0	0	0	0	0	0	
529448	0	0	0	199	0	0	0	0	0	0	0	0	0	0	0	0	
530198	0	0	0	195	0	0	0	0	0	0	0	0	0	0	0	0	
530947	0	0	0	215	0	0	0	0	0	0	0	0	0	0	0	0	
531697	0	0	0	195	0	0	0	0	0	0	0	0	0	0	0	0	
532448	0	0	0	199	0	0	0	0	0	0	0	0	0	0	0	0	
533202	0	0	0	197	0	0	0	0	0	0	0	0	0	0	0	0	
533951	0	0	0	195	0	0	0	0	0	0	0	0	0	0	0	0	
534699	0	0	0	201	0	0	0	0	0	0	0	0	0	0	0	0	
535451	0	0	0	215	0	0	0	0	0	0	0	0	0	0	0	0	
536204	0	0	0	207	0	0	0	0	0	0	0	0	0	0	0	0	
536954	0	0	0	185	0	0	0	0	0	0	0	0	0	0	0	0	
537706	0	0	0	197	0	0	0	0	0	0	0	0	0	0	0	0	
538455	0	0	0	187	0	0	0	0	0	0	0	0	0	0	0	0	
539206	0	0	0	211	0	0	0	0	0	0	0	0	0	0	0	0	
539957	0	0	0	195	0	0	0	0	0	0	0	0	0	0	0	0	
540703	0	0	0	185	0	0	0	0	0	0	0	0	0	0	0	0	
541451	0	0	0	185	0	0	0	0	0	0	0	0	0	0	0	0	
542200	0	0	0	193	0	0	0	0	0	0	0	0	0	0	0	0	
542950	0	0	0	179	0	0	0	0	0	0	0	0	0	0	0	0	
543701	0	0	0	189	0	0	0	0	0	0	0	0	0	0	0	0	
544451	0	0	0	193	0	0	0	0	0	0	0	0	0	0	0	0	
545198	0	0	0	197	0	0	0	0	0	0	0	0	0	0	0	0	
545948	0	0	0	197	0	0	0	0	0	0	0	0	0	0	0	0	
546700	0	0	0	197	0	0	0	0	0	0	0	0	0	0	0	0	
547454	0	0	21	196	0	0	0	0	0	0	0	0	0	0	0	0	
548203	0	0	0	203	0	0	0	0	0	0	0	0	0	0	0	0	
548952	0	0	0	205	0	0	0	0	0	0	0	0	0	0	0	0	
549700	0	0	0	161	0	0	0	0	0	0	0	0	0	0	0	0	
550450	0	0	0	197	0	0	0	0	0	0	0	0	0	0	0	0	
551202	0	0	0	201	0	0	0	0	0	0	0	0	0	0	0	0	
551952	0	0	0	197	0	0	0	0	0	0	0	0	0	0	0	0	
552705	0	0	0	167	0	0	0	0	0	0	0	0	0	0	0	0	
553456	0	0	0	189	0	0	0	0	0	0	0	0	0	0	0	0	
554205	0	0	0	203	0	0	0	0	0	0	0	0	0	0	0	0	
554957	0	0	0	215	0	0	0	0	0	0	0	0	0	0	0	0	
555703	0	0	0	183	0	0	0	0	0	0	0	0	0	0	0	0	
556450	0	0	0	205	0	0	0	0	0	0	0	0	0	0	0	0	
557197	0	0	0	183	0	0	0	0	0	0	0	0	0	0	0	0	
557951	0	0	0	185	0	0	0	0	0	0	0	0	0	0	0	0	
558701	0	0	0	197	0	0	0	0	0	0	0	0	0	0	0	0	
559451	0	0	0	189	0	0	0	0	0	0	0	0	0	0	0	0	
560199	0	0	0	189	0	0	0	0	0	0	0	0	0	0	0	0	
560950	0	0	0	201	0	0	0	0	0	0	0	0	0	0	0	0	
561702	0	0	0	149	0	0	0	0	0	0	0	0	0	0	0	0	
562453	0	0	0	225	0	0	0	0	0	0	0	0	0	0	0	0	
563202	0	0	0	195	0	0	0	0	0	0	0	0	0	0	0	0	
563951	0	0	0	187	0	0	0	0	0	0	0	0	0	0	0	0	
564698	0	0	18	181	0	0	0	0	0	0	0	0	0	0	0	0	
565448	0	0	0	167	0	0	0	0	0	0	0	0	0	0	0	0	
566199	0	0	0	193	0	0	0	0	0	0	0	0	0	0	0	0	
566947	0	0	0	201	0	0	0	0	0	0	0	0	0	0	0	0	
567700	0	0	0	197	0	0	0	0	0	0	0	0	0	0	0	0	
568449	0	0	0	209	0	0	0	0	0	0	0	0	0	0	0	0	
569198	0	0	0	187	0	0	0	0	0	0	0	0	0	0	0	0	
569951	0	0	0	213	0	0	0	0	0	0	0	0	0	0	0	0	
570701	0	0	0	203	0	0	0	0	0	0	0	0	0	0	0	0	
571452	0	0	0	179	0	0	0	0	0	0	0	0	0	0	0	0	
572204	0	0	0	203	0	0	0	0	0	0	0	0	0	0	0	0	
572954	0	0	0	225	0	0	0	0	0	0	0	0	0	0	0	0	
573705	0	0	0	199	0	0	0	0	0	0	0	0	0	0	0	0	
574456	0	0	0	191	0	0	0	0	0	0	0	0	0	0	0	0	
575208	0	0	0	215	0	0	0	0	0	0	0	0	0	0	0	0	
575956	0	0	0	203	0	0	0	0	0	0	0	0	0	0	0	0	
576708	0	0	0	177	0	0	0	0	0	0	0	0	0	0	0	0	
577459	0	0	0	193	0	0	0	0	0	0	0	0	0	0	0	0	
578209	0	0	2	203	0	0	0	0	0	0	0	0	0	0	0	0	
578959	0	0	0	207	0	0	0	0	0	0	0	0	0	0	0	0	
579707	0	0	0	217	0	0	0	0	0	0	0	0	0	0	0	0	
580461	0	0	0	199	0	0	0	0	0	0	0	0	0	0	0	0	
581212	0	0	0	221	0	0	0	0	0	0	0	0	0	0	0	0	
581962	0	0	0	195	0	0	0	0	0	0	0	0	0	0	0	0	
582712	0	0	0	199	0	0	0	0	0	0	0	0	0	0	0	0	
583457	0	0	0	215	0	0	0	0	0	0	0	0	0	0	0	0	
584208	0	0	0	205	0	0	0	0	0	0	0	0	0	0	0	0	
584955	0	0	0	199	0	0	0	0	0	0	0	0	0	0	0	0	
585705	0	0	0	185	0	0	0	0	0	0	0	0	0	0	0	0	
586456	0	0	0	189	0	0	0	0	0	0	0	0	0	0	0	0	
587205	0	0	0	185	0	0	0	0	0	0	0	0	0	0	0	0	
587958	0	0	0	187	0	0	0	0	0	0	0	0	0	0	0	0	
588707	0	0	0	231	0	0	0	0	0	0	0	0	0	0	0	0	
589459	0	0	0	205	0	0	0	0	0	0	0	0	0	0	0	0	
590205	0	0	0	195	0	0	0	0	0	0	0	0	0	0	0	0	
590955	0	0	0	171	0	0	0	0	0	0	0	0	0	0	0	0	
591705	0	0	0	179	0	0	0	0	0	0	0	0	0	0	0	0	
592453	0	0	0	211	0	0	0	0	0	0	0	0	0	0	0	0	
593202	0	0	0	195	0	0	0	0	0	0	0	0	0	0	0	0	
593953	0	0	0	221	0	0	0	0	0	0	0	0	0	0	0	0	
594702	0	0	0	207	0	0	0	0	0	0	0	0	0	0	0	0	
595450	0	0	0	195	0	0	0	0	0	0	0	0	0	0	0	0	
596203	0	0	0	191	0	0	0	0	0	0	0	0	0	0	0	0	
596950	0	0	0	209	0	0	0	0	0	0	0	0	0	0	0	0	
597702	0	0	0	213	0	0	0	0	0	0	0	0	0	0	0	0	
598454	0	0	0	209	0	0	0	0	0	0	0	0	0	0	0	0	
599206	0	0	0	189	0	0	0	0	0	0	0	0	0	0	0	0	
599958	0	0	0	225	0	0	0	0	0	0	0	0	0	0	0	0	
600706	0	0	0	217	0	0	0	0	0	0	0	0	0	0	0	0	
601455	0	0	0	187	0	0	0	0	0	0	0	0	0	0	0	0	
602203	0	0	0	217	0	0	0	0	0	0	0	0	0	0	0	0	
602952	0	0	0	201	0	0	0	0	0	0	0	0	0	0	0	0	
603704	0	0	255	0	0	0	0	0	0	0	0	0	0	0	0	0	
604456	0	0	285	0	0	0	0	0	0	0	0	0	0	0	0	0	
605208	0	0	291	0	0	0	0	0	0	0	0	0	0	0	0	0	
605960	0	0	249	0	0	0	0	0	0	0	0	0	0	0	0	0	
606709	0	0	265	0	0	0	0	0	0	0	0	0	0	0	0	0	
607462	0	0	277	0	0	0	0	0	0	0	0	0	0	0	0	0	
608211	0	0	255	0	0	0	0	0	0	0	0	0	0	0	0	0	
608960	0	0	255	0	0	0	0	0	0	0	0	0	0	0	0	0	
609710	0	0	219	32	0	0	0	0	0	0	0	0	0	0	0	0	
610462	0	0	0	213	0	0	0	0	0	0	0	0	0	0	0	0	
611215	0	0	0	209	0	0	0	0	0	0	0	0	0	0	0	0	
611967	0	0	0	199	0	0	0	0	0	0	0	0	0	0	0	0	
612719	0	0	0	209	0	0	0	0	0	0	0	0	0	0	0	0	
613468	0	0	0	201	0	0	0	0	0	0	0	0	0	0	0	0	
614218	0	0	0	217	0	0	0	0	0	0	0	0	0	0	0	0	
614967	0	0	200	11	0	0	0	0	0	0	0	0	0	0	0	0	
615717	0	0	55	168	0	0	0	0	0	0	0	0	0	0	0	0	
616465	0	0	0	203	0	0	0	0	0	0	0	0	0	0	0	0	
617216	0	0	0	203	0	0	0	0	0	0	0	0	0	0	0	0	
617962	0	0	0	221	0	0	0	0	0	0	0	0	0	0	0	0	
618711	0	0	0	199	0	0	0	0	0	0	0	0	0	0	0	0	
619464	0	0	0	215	0	0	0	0	0	0	0	0	0	0	0	0	
620214	0	0	0	207	0	0	0	0	0	0	0	0	0	0	0	0	
620966	0	0	0	203	0	0	0	0	0	0	0	0	0	0	0	0	
621711	0	0	0	167	0	0	0	0	0	0	0	0	0	0	0	0	
622456	0	0	0	203	0	0	0	0	0	0	0	0	0	0	0	0	
623207	0	0	0	199	0	0	0	0	0	0	0	0	0	0	0	0	
623953	0	0	0	221	0	0	0	0	0	0	0	0	0	0	0	0	
624703	0	0	0	207	0	0	0	0	0	0	0	0	0	0	0	0	
625454	0	0	0	197	0	0	0	0	0	0	0	0	0	0	0	0	
626203	0	0	0	191	0	0	0	0	0	0	0	0	0	0	0	0	
626952	0	0	0	207	0	0	0	0	0	0	0	0	0	0	0	0	
627702	0	0	26	183	0	0	0	0	0	0	0	0	0	0	0	0	
628450	0	0	0	191	0	0	0	0	0	0	0	0	0	0	0	0	
629201	0	0	0	211	0	0	0	0	0	0	0	0	0	0	0	0	
629951	0	0	0	209	0	0	0	0	0	0	0	0	0	0	0	0	
630706	0	0	0	185	0	0	0	0	0	0	0	0	0	0	0	0	
631455	0	0	0	193	0	0	0	0	0	0	0	0	0	0	0	0	
632205	0	0	0	197	0	0	0	0	0	0	0	0	0	0	0	0	
632956	0	0	0	203	0	0	0	0	0	0	0	0	0	0	0	0	
633703	0	0	0	177	0	0	0	0	0	0	0	0	0	0	0	0	
634457	0	0	0	187	0	0	0	0	0	0	0	0	0	0	0	0	
635209	0	0	0	175	0	0	0	0	0	0	0	0	0	0	0	0	
635957	0	0	0	203	0	0	0	0	0	0	0	0	0	0	0	0	
636708	0	0	0	191	0	0	0	0	0	0	0	0	0	0	0	0	
637458	0	0	0	185	0	0	0	0	0	0	0	0	0	0	0	0	
638205	0	0	0	189	0	0	0	0	0	0	0	0	0	0	0	0	
638954	0	0	0	193	0	0	0	0	0	0	0	0	0	0	0	0	
639703	0	0	0	195	0	0	0	0	0	0	0	0	0	0	0	0	
640453	0	0	0	201	0	0	0	0	0	0	0	0	0	0	0	0	
641206	0	0	0	209	0	0	0	0	0	0	0	0	0	0	0	0	
641955	0	0	0	207	0	0	0	0	0	0	0	0	0	0	0	0	
642706	0	0	0	193	0	0	0	0	0	0	0	0	0	0	0	0	
643453	0	0	0	195	0	0	0	0	0	0	0	0	0	0	0	0	
644206	0	0	0	193	0	0	0	0	0	0	0	0	0	0	0	0	
644956	0	0	0	183	0	0	0	0	0	0	0	0	0	0	0	0	
645706	0	0	0	201	0	0	0	0	0	0	0	0	0	0	0	0	
646456	0	0	0	195	0	0	0	0	0	0	0	0	0	0	0	0	
647205	0	0	0	193	0	0	0	0	0	0	0	0	0	0	0	0	
647953	0	0	0	201	0	0	0	0	0	0	0	0	0	0	0	0	
648703	0	0	0	175	0	0	0	0	0	0	0	0	0	0	0	0	
649453	0	0	0	197	0	0	0	0	0	0	0	0	0	0	0	0	
650205	0	0	0	191	0	0	0	0	0	0	0	0	0	0	0	0	
650956	0	0	0	209	2	0	0	0	0	0	0	0	0	0	0	0	
651706	0	0	0	215	0	0	0	0	0	0	0	0	0	0	0	0	
652460	0	0	0	203	0	0	0	0	0	0	0	0	0	0	0	0	
653209	0	0	0	203	0	0	0	0	0	0	0	0	0	0	0	0	
653959	0	0	0	199	0	0	0	0	0	0	0	0	0	0	0	0	
654709	0	0	0	183	0	0	0	0	0	0	0	0	0	0	0	0	
655459	0	0	0	213	0	0	0	0	0	0	0	0	0	0	0	0	
656209	0	0	0	209	0	0	0	0	0	0	0	0	0	0	0	0	
656958	0	0	0	189	0	0	0	0	0	0	0	0	0	0	0	0	
657708	0	0	119	122	0	0	0	0	0	0	0	0	0	0	0	0	
658458	0	0	273	0	0	0	0	0	0	0	0	0	0	0	0	0	
659206	0	0	265	0	0	0	0	0	0	0	0	0	0	0	0	0	
659961	0	0	277	0	0	0	0	0	0	0	0	0	0	0	0	0	
660712	0	0	223	0	0	0	0	0	0	0	0	0	0	0	0	0	
661458	0	0	273	0	0	0	0	0	0	0	0	0	0	0	0	0	
662209	0	0	249	0	0	0	0	0	0	0	0	0	0	0	0	0	
662960	0	0	265	0	0	0	0	0	0	0	0	0	0	0	0	0	
663709	0	0	218	23	0	0	0	0	0	0	0	0	0	0	0	0	
664460	0	0	0	207	0	0	0	0	0	0	0	0	0	0	0	0	
665213	0	0	0	211	0	0	0	0	0	0	0	0	0	0	0	0	
665959	0	0	0	201	0	0	0	0	0	0	0	0	0	0	0	0	
666708	0	0	0	181	0	0	0	0	0	0	0	0	0	0	0	0	
667456	0	0	0	173	0	0	0	0	0	0	0	0	0	0	0	0	
668207	0	0	25	164	0	0	0	0	0	0	0	0	0	0	0	0	
668960	0	0	0	209	0	0	0	0	0	0	0	0	0	0	0	0	
669709	0	0	0	209	0	0	0	0	0	0	0	0	0	0	0	0	
670462	0	0	0	181	0	0	0	0	0	0	0	0	0	0	0	0	
671214	0	0	0	209	0	0	0	0	0	0	0	0	0	0	0	0	
671965	0	0	0	211	0	0	0	0	0	0	0	0	0	0	0	0	
672713	0	0	0	197	0	0	0	0	0	0	0	0	0	0	0	0	
673460	0	0	0	189	0	0	0	0	0	0	0	0	0	0	0	0	
674213	0	0	0	217	0	0	0	0	0	0	0	0	0	0	0	0	
674963	0	0	0	203	0	0	0	0	0	0	0	0	0	0	0	0	
675712	0	0	279	0	0	0	0	0	0	0	0	0	0	0	0	0	
676460	0	0	259	0	0	0	0	0	0	0	0	0	0	0	0	0	
677208	0	0	273	2	0	0	0	0	0	0	0	0	0	0	0	0	
677959	0	0	237	0	0	0	0	0	0	0	0	0	0	0	0	0	
678710	0	0	261	0	0	0	0	0	0	0	0	0	0	0	0	0	
679462	0	0	247	0	0	0	0	0	0	0	0	0	0	0	0	0	
680214	0	0	265	0	0	0	0	0	0	0	0	0	0	0	0	0	
680966	0	0	271	0	0	0	0	0	0	0	0	0	0	0	0	0	
681716	0	0	275	0	0	0	0	0	0	0	0	0	0	0	0	0	
682465	0	0	257	0	0	0	0	0	0	0	0	0	0	0	0	0	
683216	0	0	277	0	0	0	0	0	0	0	0	0	0	0	0	0	
683969	0	0	243	0	0	0	0	0	0	0	0	0	0	0	0	0	
684720	0	0	275	0	0	0	0	0	0	0	0	0	0	0	0	0	
685469	0	0	289	0	0	0	0	0	0	0	0	0	0	0	0	0	
686219	0	0	257	0	0	0	0	0	0	0	0	0	0	0	0	0	
686970	0	0	259	0	0	0	0	0	0	0	0	0	0	0	0	0	
687725	0	0	289	0	0	0	0	0	0	0	0	0	0	0	0	0	
688475	0	0	299	0	0	0	0	0	0	0	0	0	0	0	0	0	
689226	0	0	257	0	0	0	0	0	0	0	0	0	0	0	0	0	
689976	0	0	283	0	0	0	0	0	0	0	0	0	0	0	0	0	
690725	0	0	259	0	0	0	0	0	0	0	0	0	0	0	0	0	
691474	0	0	255	0	0	0	0	0	0	0	0	0	0	0	0	0	
692225	0	0	265	0	0	0	0	0	0	0	0	0	0	0	0	0	
692976	0	0	273	0	0	0	0	0	0	0	0	0	0	0	0	0	
693726	0	0	255	0	0	0	0	0	0	0	0	0	0	0	0	0	
694475	0	0	289	0	0	0	0	0	0	0	0	0	0	0	0	0	
695228	0	0	241	0	0	0	0	0	0	0	0	0	0	0	0	0	
695979	0	0	249	0	0	0	0	0	0	0	0	0	0	0	0	0	
696730	0	0	273	0	0	0	0	0	0	0	0	0	0	0	0	0	
697479	0	0	257	0	0	0	0	0	0	0	0	0	0	0	0	0	
698228	0	0	267	0	0	0	0	0	0	0	0	0	0	0	0	0	
698975	0	0	239	0	0	0	0	0	0	0	0	0	0	0	0	0	
699726	0	0	257	0	0	0	0	0	0	0	0	0	0	0	0	0	
700474	0	0	241	0	0	0	0	0	0	0	0	0	0	0	0	0	
701226	0	0	239	0	0	0	0	0	0	0	0	0	0	0	0	0	
701978	0	0	263	0	0	0	0	0	0	0	0	0	0	0	0	0	
702727	0	0	287	0	0	0	0	0	0	0	0	0	0	0	0	0	
703477	0	0	247	0	0	0	0	0	0	0	0	0	0	0	0	0	
704225	0	0	259	0	0	0	0	0	0	0	0	0	0	0	0	0	
704976	0	0	287	0	0	0	0	0	0	0	0	0	0	0	0	0	
705728	0	0	265	0	0	0	0	0	0	0	0	0	0	0	0	0	
706476	0	0	275	0	0	0	0	0	0	0	0	0	0	0	0	0	
707228	0	0	265	0	0	0	0	0	0	0	0	0	0	0	0	0	
707977	0	0	265	0	0	0	0	0	0	0	0	0	0	0	0	0	
708727	0	0	279	0	0	0	0	0	0	0	0	0	0	0	0	0	
709474	0	0	247	0	0	0	0	0	0	0	0	0	0	0	0	0	
710227	0	0	243	0	0	0	0	0	0	0	0	0	0	0	0	0	
710977	0	0	245	0	0	0	0	0	0	0	0	0	0	0	0	0	
711729	0	0	259	0	0	0	0	0	0	0	0	0	0	0	0	0	
712478	0	0	269	0	0	0	0	0	0	0	0	0	0	0	0	0	
713225	0	9	248	0	0	0	0	0	0	0	0	0	0	0	0	0	
713972	0	0	301	0	0	0	0	0	0	0	0	0	0	0	0	0	
714719	0	0	251	0	0	0	0	0	0	0	0	0	0	0	0	0	
715468	0	0	251	0	0	0	0	0	0	0	0	0	0	0	0	0	
716219	0	0	259	0	0	0	0	0	0	0	0	0	0	0	0	0	
716969	0	8	255	0	0	0	0	0	0	0	0	0	0	0	0	0	
717718	0	0	272	7	0	0	0	0	0	0	0	0	0	0	0	0	
718469	0	0	269	0	0	0	0	0	0	0	0	0	0	0	0	0	
719221	0	0	259	0	0	0	0	0	0	0	0	0	0	0	0	0	
719967	0	0	251	0	0	0	0	0	0	0	0	0	0	0	0	0	
720719	0	0	275	0	0	0	0	0	0	0	0	0	0	0	0	0	
721467	0	31	222	0	0	0	0	0	0	0	0	0	0	0	0	0	
722218	0	133	180	0	0	0	0	0	0	0	0	0	0	0	0	0	
722968	0	385	0	0	0	0	0	0	0	0	0	0	0	0	0	0	
723712	0	433	0	0	0	0	0	0	0	0	0	0	0	0	0	0	
724461	0	425	0	0	0	0	0	0	0	0	0	0	0	0	0	0	
725210	0	379	0	0	0	0	0	0	0	0	0	0	0	0	0	0	
725959	0	395	0	0	0	0	0	0	0	0	0	0	0	0	0	0	
726708	0	393	0	0	0	0	0	0	0	0	0	0	0	0	0	0	
727458	0	0	245	0	0	0	0	0	0	0	0	0	0	0	0	0	
728207	0	0	275	0	0	0	0	0	0	0	0	0	0	0	0	0	
728963	0	0	263	0	0	0	0	0	0	0	0	0	0	0	0	0	
729713	0	0	283	0	0	0	0	0	0	0	0	0	0	0	0	0	
730465	0	0	259	0	0	0	0	0	0	0	0	0	0	0	0	0	
731214	0	0	257	0	0	0	0	0	0	0	0	0	0	0	0	0	
731961	0	0	237	0	0	0	0	0	0	0	0	0	0	0	0	0	
732711	0	0	259	0	0	0	0	0	0	0	0	0	0	0	0	0	
733461	0	0	275	0	0	0	0	0	0	0	0	0	0	0	0	0	
734212	0	0	291	0	0	0	0	0	0	0	0	0	0	0	0	0	
734963	0	0	243	0	0	0	0	0	0	0	0	0	0	0	0	0	
735712	0	0	295	0	0	0	0	0	0	0	0	0	0	0	0	0	
736459	0	0	277	0	0	0	0	0	0	0	0	0	0	0	0	0	
737210	0	0	269	0	0	0	0	0	0	0	0	0	0	0	0	0	
737959	0	0	149	102	0	0	0	0	0	0	0	0	0	0	0	0	
738712	0	0	253	0	0	0	0	0	0	0	0	0	0	0	0	0	
739462	0	0	277	0	0	0	0	0	0	0	0	0	0	0	0	0	
740210	0	0	267	0	0	0	0	0	0	0	0	0	0	0	0	0	
740959	0	0	237	0	0	0	0	0	0	0	0	0	0	0	0	0	
741709	0	0	275	0	0	0	0	0	0	0	0	0	0	0	0	0	
742459	0	0	245	0	0	0	0	0	0	0	0	0	0	0	0	0	
743209	0	0	261	0	0	0	0	0	0	0	0	0	0	0	0	0	
743962	0	0	289	0	0	0	0	0	0	0	0	0	0	0	0	0	
744715	0	0	229	6	0	0	0	0	0	0	0	0	0	0	0	0	
745467	0	0	281	0	0	0	0	0	0	0	0	0	0	0	0	0	
746217	0	1	268	0	0	0	0	0	0	0	0	0	0	0	0	0	
746968	0	0	251	0	0	0	0	0	0	0	0	0	0	0	0	0	
747715	0	0	305	0	0	0	0	0	0	0	0	0	0	0	0	0	
748464	0	0	285	0	0	0	0	0	0	0	0	0	0	0	0	0	
749216	0	0	241	0	0	0	0	0	0	0	0	0	0	0	0	0	
749966	0	0	269	0	0	0	0	0	0	0	0	0	0	0	0	0	
750714	0	0	277	0	0	0	0	0	0	0	0	0	0	0	0	0	
751464	0	0	245	0	0	0	0	0	0	0	0	0	0	0	0	0	
752211	0	0	255	0	0	0	0	0	0	0	0	0	0	0	0	0	
752961	1	249	107	0	0	0	0	0	0	0	0	0	0	0	0	0	
753709	0	0	247	0	0	0	0	0	0	0	0	0	0	0	0	0	
754459	0	0	263	0	0	0	0	0	0	0	0	0	0	0	0	0	
755207	0	0	265	0	0	0	0	0	0	0	0	0	0	0	0	0	
755955	0	0	271	0	0	0	0	0	0	0	0	0	0	0	0	0	
756707	0	0	295	0	0	0	0	0	0	0	0	0	0	0	0	0	
757453	0	5	238	0	0	0	0	0	0	0	0	0	0	0	0	0	
758200	0	0	263	0	0	0	0	0	0	0	0	0	0	0	0	0	
758946	0	0	277	0	0	0	0	0	0	0	0	0	0	0	0	0	
759697	0	0	255	0	0	0	0	0	0	0	0	0	0	0	0	0	
760447	0	0	259	0	0	0	0	0	0	0	0	0	0	0	0	0	
761200	0	0	267	0	0	0	0	0	0	0	0	0	0	0	0	0	
761954	0	0	259	0	0	0	0	0	0	0	0	0	0	0	0	0	
762706	0	0	259	0	0	0	0	0	0	0	0	0	0	0	0	0	
763456	0	0	297	0	0	0	0	0	0	0	0	0	0	0	0	0	
764208	0	0	309	0	0	0	0	0	0	0	0	0	0	0	0	0	
764961	0	0	297	0	0	0	0	0	0	0	0	0	0	0	0	0	
765709	0	0	293	0	0	0	0	0	0	0	0	0	0	0	0	0	
766457	0	0	289	0	0	0	0	0	0	0	0	0	0	0	0	0	
767205	0	0	273	0	0	0	0	0	0	0	0	0	0	0	0	0	
767954	0	0	253	0	0	0	0	0	0	0	0	0	0	0	0	0	
768704	0	0	259	0	0	0	0	0	0	0	0	0	0	0	0	0	
769450	0	0	279	0	0	0	0	0	0	0	0	0	0	0	0	0	
770198	0	0	267	0	0	0	0	0	0	0	0	0	0	0	0	0	
770951	0	0	259	0	0	0	0	0	0	0	0	0	0	0	0	0	
771698	0	0	275	0	0	0	0	0	0	0	0	0	0	0	0	0	
772448	0	0	275	0	0	0	0	0	0	0	0	0	0	0	0	0	
773197	0	0	255	0	0	0	0	0	0	0	0	0	0	0	0	0	
773947	0	0	283	0	0	0	0	0	0	0	0	0	0	0	0	0	
774698	0	0	291	0	0	0	0	0	0	0	0	0	0	0	0	0	
775448	0	0	283	0	0	0	0	0	0	0	0	0	0	0	0	0	
776198	0	0	249	0	0	0	0	0	0	0	0	0	0	0	0	0	
776949	0	0	277	0	0	0	0	0	0	0	0	0	0	0	0	0	
777700	0	0	275	0	0	0	0	0	0	0	0	0	0	0	0	0	
778449	0	0	281	0	0	0	0	0	0	0	0	0	0	0	0	0	
779195	0	0	309	0	0	0	0	0	0	0	0	0	0	0	0	0	
779946	0	0	259	0	0	0	0	0	0	0	0	0	0	0	0	0	
780695	0	0	271	0	0	0	0	0	0	0	0	0	0	0	0	0	
781447	0	0	251	0	0	0	0	0	0	0	0	0	0	0	0	0	
782198	0	0	233	0	0	0	0	0	0	0	0	0	0	0	0	0	
782947	0	0	263	0	0	0	0	0	0	0	0	0	0	0	0	0	
783697	0	0	245	0	0	0	0	0	0	0	0	0	0	0	0	0	
784447	0	0	269	0	0	0	0	0	0	0	0	0	0	0	0	0	
785195	0	0	279	0	0	0	0	0	0	0	0	0	0	0	0	0	
785946	0	0	265	0	0	0	0	0	0	0	0	0	0	0	0	0	
786697	0	0	261	0	0	0	0	0	0	0	0	0	0	0	0	0	
787447	0	0	277	0	0	0	0	0	0	0	0	0	0	0	0	0	
788199	0	0	273	0	0	0	0	0	0	0	0	0	0	0	0	0	
788952	0	0	253	2	0	0	0	0	0	0	0	0	0	0	0	0	
789704	0	0	255	0	0	0	0	0	0	0	0	0	0	0	0	0	
790455	0	0	285	0	0	0	0	0	0	0	0	0	0	0	0	0	
791206	0	0	251	0	0	0	0	0	0	0	0	0	0	0	0	0	
791956	0	0	271	0	0	0	0	0	0	0	0	0	0	0	0	0	
792707	0	0	243	0	0	0	0	0	0	0	0	0	0	0	0	0	
793459	0	0	241	0	0	0	0	0	0	0	0	0	0	0	0	0	
794208	0	0	285	0	0	0	0	0	0	0	0	0	0	0	0	0	
794956	0	0	263	0	0	0	0	0	0	0	0	0	0	0	0	0	
795707	0	0	259	0	0	0	0	0	0	0	0	0	0	0	0	0	
796461	0	3	270	0	0	0	0	0	0	0	0	0	0	0	0	0	
797210	0	0	241	0	0	0	0	0	0	0	0	0	0	0	0	0	
797964	0	0	267	0	0	0	0	0	0	0	0	0	0	0	0	0	
798715	0	0	287	0	0	0	0	0	0	0	0	0	0	0	0	0	
799464	0	0	279	0	0	0	0	0	0	0	0	0	0	0	0	0	
800209	0	0	243	0	0	0	0	0	0	0	0	0	0	0	0	0	
800961	0	0	267	0	0	0	0	0	0	0	0	0	0	0	0	0	
801709	0	0	283	0	0	0	0	0	0	0	0	0	0	0	0	0	
802458	0	3	270	0	0	0	0	0	0	0	0	0	0	0	0	0	
803209	0	0	241	0	0	0	0	0	0	0	0	0	0	0	0	0	
803958	0	0	257	0	0	0	0	0	0	0	0	0	0	0	0	0	
804710	0	0	225	0	0	0	0	0	0	0	0	0	0	0	0	0	
805461	0	0	222	1	0	0	0	0	0	0	0	0	0	0	0	0	
806213	0	0	275	0	0	0	0	0	0	0	0	0	0	0	0	0	
806965	0	0	239	0	0	0	0	0	0	0	0	0	0	0	0	0	
807715	0	0	261	0	0	0	0	0	0	0	0	0	0	0	0	0	
808468	0	0	253	0	0	0	0	0	0	0	0	0	0	0	0	0	
809216	0	0	261	0	0	0	0	0	0	0	0	0	0	0	0	0	
809968	0	0	237	0	0	0	0	0	0	0	0	0	0	0	0	0	
810717	0	1	268	0	0	0	0	0	0	0	0	0	0	0	0	0	
811466	0	0	281	0	0	0	0	0	0	0	0	0	0	0	0	0	
812218	0	0	261	0	0	0	0	0	0	0	0	0	0	0	0	0	
812969	0	0	255	0	0	0	0	0	0	0	0	0	0	0	0	0	
813718	0	0	277	0	0	0	0	0	0	0	0	0	0	0	0	0	
814466	0	0	241	0	0	0	0	0	0	0	0	0	0	0	0	0	
815216	0	0	261	0	0	0	0	0	0	0	0	0	0	0	0	0	
815964	0	0	261	0	0	0	0	0	0	0	0	0	0	0	0	0	
816719	0	0	285	0	0	0	0	0	0	0	0	0	0	0	0	0	
817469	0	0	251	0	0	0	0	0	0	0	0	0	0	0	0	0	
818221	0	0	257	0	0	0	0	0	0	0	0	0	0	0	0	0	
818976	0	0	229	0	0	0	0	0	0	0	0	0	0	0	0	0	
819724	0	0	283	0	0	0	0	0	0	0	0	0	0	0	0	0	
820473	0	0	301	0	0	0	0	0	0	0	0	0	0	0	0	0	
821222	0	0	253	0	0	0	0	0	0	0	0	0	0	0	0	0	
821973	0	0	269	0	0	0	0	0	0	0	0	0	0	0	0	0	
822723	0	0	264	9	0	0	0	0	0	0	0	0	0	0	0	0	
823474	0	0	249	0	0	0	0	0	0	0	0	0	0	0	0	0	
824224	0	0	281	0	0	0	0	0	0	0	0	0	0	0	0	0	
824971	0	0	249	0	0	0	0	0	0	0	0	0	0	0	0	0	
825724	0	0	249	0	0	0	0	0	0	0	0	0	0	0	0	0	
826476	0	0	249	0	0	0	0	0	0	0	0	0	0	0	0	0	
827226	0	0	251	0	0	0	0	0	0	0	0	0	0	0	0	0	
827974	0	0	265	0	0	0	0	0	0	0	0	0	0	0	0	0	
828727	0	0	253	0	0	0	0	0	0	0	0	0	0	0	0	0	
829475	0	0	269	0	0	0	0	0	0	0	0	0	0	0	0	0	
830224	0	0	257	0	0	0	0	0	0	0	0	0	0	0	0	0	
830977	0	0	291	0	0	0	0	0	0	0	0	0	0	0	0	0	
831725	0	0	247	0	0	0	0	0	0	0	0	0	0	0	0	0	
832476	0	0	269	0	0	0	0	0	0	0	0	0	0	0	0	0	
833226	0	0	263	0	0	0	0	0	0	0	0	0	0	0	0	0	
833976	0	0	247	0	0	0	0	0	0	0	0	0	0	0	0	0	
834724	0	0	251	0	0	0	0	0	0	0	0	0	0	0	0	0	
835474	0	0	237	0	0	0	0	0	0	0	0	0	0	0	0	0	
836223	0	0	293	0	0	0	0	0	0	0	0	0	0	0	0	0	
836974	0	0	239	0	0	0	0	0	0	0	0	0	0	0	0	0	
837721	0	0	291	0	0	0	0	0	0	0	0	0	0	0	0	0	
838470	0	0	259	0	0	0	0	0	0	0	0	0	0	0	0	0	
839220	0	0	269	0	0	0	0	0	0	0	0	0	0	0	0	0	
839969	0	0	251	0	0	0	0	0	0	0	0	0	0	0	0	0	
840720	0	0	279	0	0	0	0	0	0	0	0	0	0	0	0	0	
841471	0	0	273	0	0	0	0	0	0	0	0	0	0	0	0	0	
842220	0	3	272	0	0	0	0	0	0	0	0	0	0	0	0	0	
842973	0	0	225	0	0	0	0	0	0	0	0	0	0	0	0	0	
843722	0	0	267	0	0	0	0	0	0	0	0	0	0	0	0	0	
844475	0	0	259	0	0	0	0	0	0	0	0	0	0	0	0	0	
845227	0	0	245	0	0	0	0	0	0	0	0	0	0	0	0	0	
845974	0	0	287	0	0	0	0	0	0	0	0	0	0	0	0	0	
846726	0	0	279	0	0	0	0	0	0	0	0	0	0	0	0	0	
847474	0	0	253	0	0	0	0	0	0	0	0	0	0	0	0	0	
848222	0	0	259	0	0	0	0	0	0	0	0	0	0	0	0	0	
848968	0	0	221	0	0	0	0	0	0	0	0	0	0	0	0	0	
849724	0	0	315	0	0	0	0	0	0	0	0	0	0	0	0	0	
850472	0	0	243	0	0	0	0	0	0	0	0	0	0	0	0	0	
851220	0	0	263	0	0	0	0	0	0	0	0	0	0	0	0	0	
851970	0	0	247	0	0	0	0	0	0	0	0	0	0	0	0	0	
852723	0	0	285	0	0	0	0	0	0	0	0	0	0	0	0	0	
853472	0	0	281	0	0	0	0	0	0	0	0	0	0	0	0	0	
854226	0	0	261	0	0	0	0	0	0	0	0	0	0	0	0	0	
854974	0	0	281	0	0	0	0	0	0	0	0	0	0	0	0	0	
855723	0	0	299	0	0	0	0	0	0	0	0	0	0	0	0	0	
856475	0	0	273	0	0	0	0	0	0	0	0	0	0	0	0	0	
857224	0	0	253	0	0	0	0	0	0	0	0	0	0	0	0	0	
857974	0	0	0	209	0	0	0	0	0	0	0	0	0	0	0	0	
858724	0	0	0	189	12	0	0	0	0	0	0	0	0	0	0	0	
859472	0	0	0	185	0	0	0	0	0	0	0	0	0	0	0	0	
860224	0	0	0	221	0	0	0	0	0	0	0	0	0	0	0	0	
860974	0	0	0	213	0	0	0	0	0	0	0	0	0	0	0	0	
861722	0	0	0	181	0	0	0	0	0	0	0	0	0	0	0	0	
862472	0	0	14	185	0	0	0	0	0	0	0	0	0	0	0	0	
863224	0	0	0	225	0	0	0	0	0	0	0	0	0	0	0	0	
863972	0	0	0	207	0	0	0	0	0	0	0	0	0	0	0	0	
864723	0	0	0	207	0	0	0	0	0	0	0	0	0	0	0	0	
865474	0	0	0	217	0	0	0	0	0	0	0	0	0	0	0	0	
866225	0	0	0	179	0	0	0	0	0	0	0	0	0	0	0	0	
866976	0	0	42	185	0	0	0	0	0	0	0	0	0	0	0	0	
867727	0	0	0	205	0	0	0	0	0	0	0	0	0	0	0	0	
868475	0	0	0	177	0	0	0	0	0	0	0	0	0	0	0	0	
869228	0	0	0	215	0	0	0	0	0	0	0	0	0	0	0	0	
869977	0	0	0	221	0	0	0	0	0	0	0	0	0	0	0	0	
870727	0	0	0	201	0	0	0	0	0	0	0	0	0	0	0	0	
871476	0	0	0	221	0	0	0	0	0	0	0	0	0	0	0	0	
872232	0	0	0	187	0	0	0	0	0	0	0	0	0	0	0	0	
872987	0	0	0	215	0	0	0	0	0	0	0	0	0	0	0	0	
873735	0	0	0	195	0	0	0	0	0	0	0	0	0	0	0	0	
874486	0	0	0	199	0	0	0	0	0	0	0	0	0	0	0	0	
875236	0	0	0	197	0	0	0	0	0	0	0	0	0	0	0	0	
875985	0	0	0	207	0	0	0	0	0	0	0	0	0	0	0	0	
876734	0	0	0	235	0	0	0	0	0	0	0	0	0	0	0	0	
877484	0	0	0	189	0	0	0	0	0	0	0	0	0	0	0	0	
878232	0	0	0	183	0	0	0	0	0	0	0	0	0	0	0	0	
878985	0	0	0	211	0	0	0	0	0	0	0	0	0	0	0	0	
879735	0	0	0	213	0	0	0	0	0	0	0	0	0	0	0	0	
880485	0	0	0	215	0	0	0	0	0	0	0	0	0	0	0	0	
881238	0	0	0	181	0	0	0	0	0	0	0	0	0	0	0	0	
881989	0	0	0	203	0	0	0	0	0	0	0	0	0	0	0	0	
882741	0	0	0	0	157	0	0	0	0	0	0	0	0	0	0	0	
883492	0	0	0	0	175	0	0	0	0	0	0	0	0	0	0	0	
884245	0	0	0	0	157	0	0	0	0	0	0	0	0	0	0	0	
884993	0	0	0	0	181	0	0	0	0	0	0	0	0	0	0	0	
885742	0	0	0	0	139	0	0	0	0	0	0	0	0	0	0	0	
886491	0	0	0	0	169	0	0	0	0	0	0	0	0	0	0	0	
887244	0	0	0	0	153	0	0	0	0	0	0	0	0	0	0	0	
887994	0	0	0	0	175	0	0	0	0	0	0	0	0	0	0	0	
888746	0	0	0	0	149	0	0	0	0	0	0	0	0	0	0	0	
889496	0	0	0	0	137	0	0	0	0	0	0	0	0	0	0	0	
890241	0	0	0	0	145	0	0	0	0	0	0	0	0	0	0	0	
890993	0	0	0	0	169	0	0	0	0	0	0	0	0	0	0	0	
891743	0	0	0	0	161	0	0	0	0	0	0	0	0	0	0	0	
892493	0	0	0	0	171	0	0	0	0	0	0	0	0	0	0	0	
893244	0	0	0	0	125	0	0	0	0	0	0	0	0	0	0	0	
893995	0	0	0	0	161	0	0	0	0	0	0	0	0	0	0	0	
894745	0	0	0	0	155	0	0	0	0	0	0	0	0	0	0	0	
895499	0	0	0	0	155	0	0	0	0	0	0	0	0	0	0	0	
896246	0	0	0	0	163	0	0	0	0	0	0	0	0	0	0	0	
896994	0	0	0	0	163	0	0	0	0	0	0	0	0	0	0	0	
897744	0	0	0	0	165	0	0	0	0	0	0	0	0	0	0	0	
898497	0	0	0	0	165	0	0	0	0	0	0	0	0	0	0	0	
899248	0	0	0	5	154	0	0	0	0	0	0	0	0	0	0	0	
899995	0	0	0	0	147	0	0	0	0	0	0	0	0	0	0	0	
900744	0	0	0	0	151	0	0	0	0	0	0	0	0	0	0	0	
901492	0	0	0	0	167	0	0	0	0	0	0	0	0	0	0	0	
902241	0	0	0	0	163	0	0	0	0	0	0	0	0	0	0	0	
902993	0	0	0	0	141	0	0	0	0	0	0	0	0	0	0	0	
903743	0	0	0	0	151	0	0	0	0	0	0	0	0	0	0	0	
904496	0	0	0	0	157	0	0	0	0	0	0	0	0	0	0	0	
905246	0	0	0	0	157	0	0	0	0	0	0	0	0	0	0	0	
905994	0	0	0	0	181	0	0	0	0	0	0	0	0	0	0	0	
906740	0	0	0	0	171	0	0	0	0	0	0	0	0	0	0	0	
907490	0	0	0	0	155	0	0	0	0	0	0	0	0	0	0	0	
908237	0	0	0	0	159	0	0	0	0	0	0	0	0	0	0	0	
908992	0	0	0	0	165	0	0	0	0	0	0	0	0	0	0	0	
909743	0	0	0	0	167	0	0	0	0	0	0	0	0	0	0	0	
910492	0	0	0	0	165	0	0	0	0	0	0	0	0	0	0	0	
911246	0	0	0	0	145	0	0	0	0	0	0	0	0	0	0	0	
911996	0	0	0	0	151	0	0	0	0	0	0	0	0	0	0	0	
912746	0	0	0	0	159	0	0	0	0	0	0	0	0	0	0	0	
913499	0	0	0	0	173	0	0	0	0	0	0	0	0	0	0	0	
914249	0	0	0	0	167	0	0	0	0	0	0	0	0	0	0	0	
914999	0	0	0	0	171	0	0	0	0	0	0	0	0	0	0	0	
915745	0	0	0	0	169	0	0	0	0	0	0	0	0	0	0	0	
916495	0	0	0	0	185	0	0	0	0	0	0	0	0	0	0	0	
917245	0	0	0	0	157	0	0	0	0	0	0	0	0	0	0	0	
917996	0	0	0	0	167	0	0	0	0	0	0	0	0	0	0	0	
918746	0	0	0	124	85	0	0	0	0	0	0	0	0	0	0	0	
919499	0	0	0	205	0	0	0	0	0	0	0	0	0	0	0	0	
920251	0	0	0	203	0	0	0	0	0	0	0	0	0	0	0	0	
920999	0	0	0	199	0	0	0	0	0	0	0	0	0	0	0	0	
921750	0	0	0	191	0	0	0	0	0	0	0	0	0	0	0	0	
922500	0	0	0	191	0	0	0	0	0	0	0	0	0	0	0	0	
923250	0	0	0	191	0	0	0	0	0	0	0	0	0	0	0	0	
924003	0	0	0	187	0	0	0	0	0	0	0	0	0	0	0	0	
924752	0	0	0	197	0	0	0	0	0	0	0	0	0	0	0	0	
925501	0	0	0	185	0	0	0	0	0	0	0	0	0	0	0	0	
926250	0	0	0	209	0	0	0	0	0	0	0	0	0	0	0	0	
926997	0	0	0	207	0	0	0	0	0	0	0	0	0	0	0	0	
927745	0	0	0	199	0	0	0	0	0	0	0	0	0	0	0	0	
928497	0	0	0	199	0	0	0	0	0	0	0	0	0	0	0	0	
929248	0	0	0	185	0	0	0	0	0	0	0	0	0	0	0	0	
930000	0	0	0	185	0	0	0	0	0	0	0	0	0	0	0	0	
930749	0	0	0	173	0	0	0	0	0	0	0	0	0	0	0	0	
931499	0	0	0	185	0	0	0	0	0	0	0	0	0	0	0	0	
932249	0	0	0	211	0	0	0	0	0	0	0	0	0	0	0	0	
932998	0	0	0	193	0	0	0	0	0	0	0	0	0	0	0	0	
933748	0	0	0	185	0	0	0	0	0	0	0	0	0	0	0	0	
934500	0	0	0	201	0	0	0	0	0	0	0	0	0	0	0	0	
935248	0	0	0	201	0	0	0	0	0	0	0	0	0	0	0	0	
936000	0	0	0	187	0	0	0	0	0	0	0	0	0	0	0	0	
936752	0	0	0	199	0	0	0	0	0	0	0	0	0	0	0	0	
937503	0	0	0	177	0	0	0	0	0	0	0	0	0	0	0	0	
938250	0	0	0	189	0	0	0	0	0	0	0	0	0	0	0	0	
939000	0	0	0	195	0	0	0	0	0	0	0	0	0	0	0	0	
939753	0	0	0	189	0	0	0	0	0	0	0	0	0	0	0	0	
940505	0	0	0	185	0	0	0	0	0	0	0	0	0	0	0	0	
941254	0	0	0	187	0	0	0	0	0	0	0	0	0	0	0	0	
942006	0	0	0	201	0	0	0	0	0	0	0	0	0	0	0	0	
942757	0	0	0	173	0	0	0	0	0	0	0	0	0	0	0	0	
943510	0	0	0	227	0	0	0	0	0	0	0	0	0	0	0	0	
944257	0	0	0	195	0	0	0	0	0	0	0	0	0	0	0	0	
945007	0	0	0	185	0	0	0	0	0	0	0	0	0	0	0	0	
945758	0	0	0	211	0	0	0	0	0	0	0	0	0	0	0	0	
946508	0	0	0	207	0	0	0	0	0	0	0	0	0	0	0	0	
947262	0	0	0	211	0	0	0	0	0	0	0	0	0	0	0	0	
948010	0	0	0	187	0	0	0	0	0	0	0	0	0	0	0	0	
948758	0	0	0	201	0	0	0	0	0	0	0	0	0	0	0	0	
949510	0	0	0	201	0	0	0	0	0	0	0	0	0	0	0	0	
950262	0	0	0	215	0	0	0	0	0	0	0	0	0	0	0	0	
951009	0	0	0	193	0	0	0	0	0	0	0	0	0	0	0	0	
951760	0	0	0	195	0	0	0	0	0	0	0	0	0	0	0	0	
952510	0	0	0	0	167	0	0	0	0	0	0	0	0	0	0	0	
953264	0	0	0	0	161	0	0	0	0	0	0	0	0	0	0	0	
954013	0	0	0	0	131	0	0	0	0	0	0	0	0	0	0	0	
954762	0	0	0	0	157	0	0	0	0	0	0	0	0	0	0	0	
955515	0	0	0	0	147	0	0	0	0	0	0	0	0	0	0	0	
956266	0	0	0	0	145	0	0	0	0	0	0	0	0	0	0	0	
957016	0	0	0	0	0	131	0	0	0	0	0	0	0	0	0	0	
957766	0	0	0	0	0	147	0	0	0	0	0	0	0	0	0	0	
958513	0	0	0	0	0	133	0	0	0	0	0	0	0	0	0	0	
959261	0	0	0	0	0	123	0	0	0	0	0	0	0	0	0	0	
960013	0	0	0	0	0	137	0	0	0	0	0	0	0	0	0	0	
960766	0	0	0	0	0	129	0	0	0	0	0	0	0	0	0	0	
961515	0	0	0	0	0	141	0	0	0	0	0	0	0	0	0	0	
962262	0	0	0	0	0	129	0	0	0	0	0	0	0	0	0	0	
963012	0	0	0	0	0	139	0	0	0	0	0	0	0	0	0	0	
963760	0	0	0	0	0	123	0	0	0	0	0	0	0	0	0	0	
964513	0	0	0	0	0	119	0	0	0	0	0	0	0	0	0	0	
965263	0	0	0	0	0	137	0	0	0	0	0	0	0	0	0	0	
966015	0	0	0	0	0	117	0	0	0	0	0	0	0	0	0	0	
966764	0	0	0	0	0	143	0	0	0	0	0	0	0	0	0	0	
967514	0	0	0	0	0	125	0	0	0	0	0	0	0	0	0	0	
968264	0	0	0	0	0	119	0	0	0	0	0	0	0	0	0	0	
969013	0	0	0	0	0	123	0	0	0	0	0	0	0	0	0	0	
969763	0	0	0	0	0	137	0	0	0	0	0	0	0	0	0	0	
970514	0	0	0	0	0	145	0	0	0	0	0	0	0	0	0	0	
971265	0	0	0	0	0	139	0	0	0	0	0	0	0	0	0	0	
972016	0	0	0	0	0	125	0	0	0	0	0	0	0	0	0	0	
972766	0	0	0	0	0	119	0	0	0	0	0	0	0	0	0	0	
973515	0	0	0	0	161	0	0	0	0	0	0	0	0	0	0	0	
974265	0	0	0	0	149	0	0	0	0	0	0	0	0	0	0	0	
975014	0	0	0	0	157	0	0	0	0	0	0	0	0	0	0	0	
975767	0	0	0	0	159	0	0	0	0	0	0	0	0	0	0	0	
976515	0	0	0	0	159	0	0	0	0	0	0	0	0	0	0	0	
977264	0	0	0	0	157	0	0	0	0	0	0	0	0	0	0	0	
978013	0	0	0	0	149	0	0	0	0	0	0	0	0	0	0	0	
978762	0	0	0	0	159	0	0	0	0	0	0	0	0	0	0	0	
979513	0	0	0	0	155	0	0	0	0	0	0	0	0	0	0	0	
980267	0	0	0	0	187	0	0	0	0	0	0	0	0	0	0	0	
981018	0	0	0	0	147	0	0	0	0	0	0	0	0	0	0	0	
981766	0	0	0	0	151	0	0	0	0	0	0	0	0	0	0	0	
982517	0	0	0	0	169	0	0	0	0	0	0	0	0	0	0	0	
983266	0	0	0	0	153	0	0	0	0	0	0	0	0	0	0	0	
984018	0	0	0	0	163	0	0	0	0	0	0	0	0	0	0	0	
984765	0	0	0	0	167	0	0	0	0	0	0	0	0	0	0	0	
985514	0	0	0	0	181	0	0	0	0	0	0	0	0	0	0	0	
986268	0	0	0	0	131	0	0	0	0	0	0	0	0	0	0	0	
987013	0	0	0	0	151	0	0	0	0	0	0	0	0	0	0	0	
987765	0	0	0	0	149	0	0	0	0	0	0	0	0	0	0	0	
988511	0	0	0	0	153	0	0	0	0	0	0	0	0	0	0	0	
989264	0	0	0	0	0	133	0	0	0	0	0	0	0	0	0	0	
990011	0	0	0	0	0	131	0	0	0	0	0	0	0	0	0	0	
990759	0	0	0	0	0	131	0	0	0	0	0	0	0	0	0	0	
991510	0	0	0	0	1	142	0	0	0	0	0	0	0	0	0	0	
992259	0	0	0	0	0	137	0	0	0	0	0	0	0	0	0	0	
993007	0	0	0	0	0	125	0	0	0	0	0	0	0	0	0	0	
993755	0	0	0	0	0	125	0	0	0	0	0	0	0	0	0	0	
994503	0	0	0	0	0	123	0	0	0	0	0	0	0	0	0	0	
995254	0	0	0	0	0	155	0	0	0	0	0	0	0	0	0	0	
995998	0	0	0	0	0	153	0	0	0	0	0	0	0	0	0	0	
996747	0	0	0	0	0	131	0	0	0	0	0	0	0	0	0	0	
997494	0	0	0	0	0	163	0	0	0	0	0	0	0	0	0	0	
998246	0	0	0	0	0	127	0	0	0	0	0	0	0	0	0	0	
998995	0	0	0	0	0	54	61	0	0	0	0	0	0	0	0	0	
999747	0	0	0	0	0	0	109	0	0	0	0	0	0	0	0	0	
1.0005e+06	0	0	0	0	0	0	113	0	0	0	0	0	0	0	0	0	
1.00124e+06	0	0	0	0	0	0	97	0	0	0	0	0	0	0	0	0	
1.002e+06	0	0	0	0	0	0	115	0	0	0	0	0	0	0	0	0	
1.00275e+06	0	0	0	0	0	0	119	0	0	0	0	0	0	0	0	0	
1.0035e+06	0	0	0	0	0	0	126	7	0	0	0	0	0	0	0	0	
1.00425e+06	0	0	0	0	0	0	121	0	0	0	0	0	0	0	0	0	
1.005e+06	0	0	0	0	0	1	116	0	0	0	0	0	0	0	0	0	
1.00575e+06	0	0	0	0	0	0	0	79	0	0	0	0	0	0	0	0	
1.0065e+06	0	0	0	0	0	0	1	90	0	0	0	0	0	0	0	0	
1.00725e+06	0	0	0	0	0	0	0	105	0	0	0	0	0	0	0	0	
1.00799e+06	0	0	0	0	0	0	0	101	0	0	0	0	0	0	0	0	
1.00874e+06	0	0	0	0	0	0	121	0	0	0	0	0	0	0	0	0	
1.00949e+06	0	0	0	0	0	0	119	0	0	0	0	0	0	0	0	0	
1.01024e+06	0	0	0	0	0	0	121	0	0	0	0	0	0	0	0	0	
1.01099e+06	0	0	0	0	0	137	0	0	0	0	0	0	0	0	0	0	
1.01174e+06	0	0	0	0	0	153	0	0	0	0	0	0	0	0	0	0	
1.01249e+06	0	0	0	0	0	135	0	0	0	0	0	0	0	0	0	0	
1.01324e+06	0	0	0	0	0	125	0	0	0	0	0	0	0	0	0	0	
1.01399e+06	0	0	0	0	0	113	0	0	0	0	0	0	0	0	0	0	
1.01474e+06	0	0	0	0	0	125	0	0	0	0	0	0	0	0	0	0	
1.01549e+06	0	0	0	0	0	129	0	0	0	0	0	0	0	0	0	0	
1.01624e+06	0	0	0	0	0	137	0	0	0	0	0	0	0	0	0	0	
1.017e+06	0	0	0	0	0	135	0	0	0	0	0	0	0	0	0	0	
1.01775e+06	0	0	0	0	0	117	0	0	0	0	0	0	0	0	0	0	
1.0185e+06	0	0	0	0	0	135	0	0	0	0	0	0	0	0	0	0	
1.01925e+06	0	0	0	0	0	149	0	0	0	0	0	0	0	0	0	0	
1.02e+06	0	0	0	0	0	123	0	0	0	0	0	0	0	0	0	0	
1.02075e+06	0	0	0	0	0	115	0	0	0	0	0	0	0	0	0	0	
1.0215e+06	0	0	0	0	0	115	0	0	0	0	0	0	0	0	0	0	
1.02225e+06	0	0	0	0	0	133	0	0	0	0	0	0	0	0	0	0	
1.023e+06	0	0	0	0	0	139	0	0	0	0	0	0	0	0	0	0	
1.02375e+06	0	0	0	0	0	104	7	0	0	0	0	0	0	0	0	0	
1.0245e+06	0	0	0	0	157	0	0	0	0	0	0	0	0	0	0	0	
1.02525e+06	0	0	0	0	163	0	0	0	0	0	0	0	0	0	0	0	
1.026e+06	0	0	0	0	161	0	0	0	0	0	0	0	0	0	0	0	
1.02676e+06	0	0	0	0	183	0	0	0	0	0	0	0	0	0	0	0	
1.02751e+06	0	0	0	0	163	0	0	0	0	0	0	0	0	0	0	0	
1.02825e+06	0	0	0	0	167	0	0	0	0	0	0	0	0	0	0	0	
1.02901e+06	0	0	0	0	171	0	0	0	0	0	0	0	0	0	0	0	
1.02976e+06	0	0	0	0	145	0	0	0	0	0	0	0	0	0	0	0	
1.03051e+06	0	0	0	0	169	0	0	0	0	0	0	0	0	0	0	0	
1.03126e+06	0	0	0	0	129	0	0	0	0	0	0	0	0	0	0	0	
1.03201e+06	0	0	0	0	177	0	0	0	0	0	0	0	0	0	0	0	
1.03276e+06	0	0	0	0	171	0	0	0	0	0	0	0	0	0	0	0	
1.03351e+06	0	0	0	1	142	0	0	0	0	0	0	0	0	0	0	0	
1.03426e+06	0	0	0	0	161	0	0	0	0	0	0	0	0	0	0	0	
1.03501e+06	0	0	0	0	145	0	0	0	0	0	0	0	0	0	0	0	
1.03576e+06	0	0	0	0	153	0	0	0	0	0	0	0	0	0	0	0	
1.03651e+06	0	0	0	0	171	0	0	0	0	0	0	0	0	0	0	0	
1.03726e+06	0	0	0	0	165	0	0	0	0	0	0	0	0	0	0	0	
1.03801e+06	0	0	0	0	157	0	0	0	0	0	0	0	0	0	0	0	
1.03876e+06	0	0	0	0	143	0	0	0	0	0	0	0	0	0	0	0	
1.03951e+06	0	0	0	0	167	0	0	0	0	0	0	0	0	0	0	0	
1.04025e+06	0	0	0	0	145	0	0	0	0	0	0	0	0	0	0	0	
1.041e+06	0	0	0	0	163	0	0	0	0	0	0	0	0	0	0	0	
1.04175e+06	0	0	0	0	159	0	0	0	0	0	0	0	0	0	0	0	
1.0425e+06	0	0	0	0	141	0	0	0	0	0	0	0	0	0	0	0	
1.04326e+06	0	0	0	0	139	0	0	0	0	0	0	0	0	0	0	0	
1.04401e+06	0	0	0	0	143	0	0	0	0	0	0	0	0	0	0	0	
1.04475e+06	0	0	0	0	169	0	0	0	0	0	0	0	0	0	0	0	
1.0455e+06	0	0	0	0	151	0	0	0	0	0	0	0	0	0	0	0	
1.04625e+06	0	0	0	0	169	0	0	0	0	0	0	0	0	0	0	0	
1.047e+06	0	0	0	0	157	0	0	0	0	0	0	0	0	0	0	0	
1.04775e+06	0	0	0	0	141	0	0	0	0	0	0	0	0	0	0	0	
1.0485e+06	0	0	0	0	179	0	0	0	0	0	0	0	0	0	0	0	
1.04925e+06	0	0	0	0	145	4	0	0	0	0	0	0	0	0	0	0	
1.05001e+06	0	0	0	0	143	0	0	0	0	0	0	0	0	0	0	0	
1.05076e+06	0	0	0	0	167	0	0	0	0	0	0	0	0	0	0	0	
1.05151e+06	0	0	0	0	149	0	0	0	0	0	0	0	0	0	0	0	
1.05226e+06	0	0	0	0	151	0	0	0	0	0	0	0	0	0	0	0	
1.053e+06	0	0	0	0	171	0	0	0	0	0	0	0	0	0	0	0	
1.05375e+06	0	0	0	0	175	0	0	0	0	0	0	0	0	0	0	0	
1.0545e+06	0	0	0	0	155	0	0	0	0	0	0	0	0	0	0	0	
1.05525e+06	0	0	0	0	169	0	0	0	0	0	0	0	0	0	0	0	
1.056e+06	0	0	0	0	129	0	0	0	0	0	0	0	0	0	0	0	
1.05675e+06	0	0	0	0	147	0	0	0	0	0	0	0	0	0	0	0	
1.05751e+06	0	0	0	0	163	0	0	0	0	0	0	0	0	0	0	0	
1.05826e+06	0	0	0	0	179	0	0	0	0	0	0	0	0	0	0	0	
1.05901e+06	0	0	0	0	159	0	0	0	0	0	0	0	0	0	0	0	
1.05976e+06	0	0	0	0	145	0	0	0	0	0	0	0	0	0	0	0	
1.06051e+06	0	0	0	0	159	0	0	0	0	0	0	0	0	0	0	0	
1.06126e+06	0	0	0	0	173	0	0	0	0	0	0	0	0	0	0	0	
1.06201e+06	0	0	0	0	155	0	0	0	0	0	0	0	0	0	0	0	
1.06276e+06	0	0	0	0	177	0	0	0	0	0	0	0	0	0	0	0	
1.06351e+06	0	0	0	0	159	0	0	0	0	0	0	0	0	0	0	0	
1.06426e+06	0	0	0	0	171	0	0	0	0	0	0	0	0	0	0	0	
1.06501e+06	0	0	0	0	169	0	0	0	0	0	0	0	0	0	0	0	
1.06576e+06	0	0	0	0	177	0	0	0	0	0	0	0	0	0	0	0	
1.06651e+06	0	0	0	0	183	0	0	0	0	0	0	0	0	0	0	0	
1.06726e+06	0	0	0	0	145	0	0	0	0	0	0	0	0	0	0	0	
1.06801e+06	0	0	0	0	159	0	0	0	0	0	0	0	0	0	0	0	
1.06876e+06	0	0	0	0	161	0	0	0	0	0	0	0	0	0	0	0	
1.06951e+06	0	0	0	0	142	11	0	0	0	0	0	0	0	0	0	0	
1.07026e+06	0	0	0	0	0	115	0	0	0	0	0	0	0	0	0	0	
1.07101e+06	0	0	0	0	1	120	0	0	0	0	0	0	0	0	0	0	
1.07176e+06	0	0	0	0	0	161	0	0	0	0	0	0	0	0	0	0	
1.07251e+06	0	0	0	0	0	145	0	0	0	0	0	0	0	0	0	0	
1.07326e+06	0	0	0	0	0	145	0	0	0	0	0	0	0	0	0	0	
1.07401e+06	0	0	0	0	0	135	0	0	0	0	0	0	0	0	0	0	
1.07476e+06	0	0	0	0	0	145	0	0	0	0	0	0	0	0	0	0	
1.07551e+06	0	0	0	0	0	133	0	0	0	0	0	0	0	0	0	0	
1.07626e+06	0	0	0	0	0	137	0	0	0	0	0	0	0	0	0	0	
1.07701e+06	0	0	0	0	0	123	0	0	0	0	0	0	0	0	0	0	
1.07776e+06	0	0	0	0	0	127	0	0	0	0	0	0	0	0	0	0	
1.07851e+06	0	0	0	0	0	129	0	0	0	0	0	0	0	0	0	0	
1.07926e+06	0	0	0	0	0	137	0	0	0	0	0	0	0	0	0	0	
1.08001e+06	0	0	0	0	0	125	0	0	0	0	0	0	0	0	0	0	
1.08076e+06	0	0	0	0	0	117	0	0	0	0	0	0	0	0	0	0	
1.08151e+06	0	0	0	0	0	141	0	0	0	0	0	0	0	0	0	0	
1.08226e+06	0	0	0	0	0	125	0	0	0	0	0	0	0	0	0	0	
1.08301e+06	0	0	0	0	0	141	0	0	0	0	0	0	0	0	0	0	
1.08376e+06	0	0	0	0	0	125	0	0	0	0	0	0	0	0	0	0	
1.08451e+06	0	0	0	0	0	145	0	0	0	0	0	0	0	0	0	0	
1.08525e+06	0	0	0	0	0	131	0	0	0	0	0	0	0	0	0	0	
1.086e+06	0	0	0	0	0	149	0	0	0	0	0	0	0	0	0	0	
1.08676e+06	0	0	0	0	0	125	0	0	0	0	0	0	0	0	0	0	
1.08751e+06	0	0	0	0	0	135	0	0	0	0	0	0	0	0	0	0	
1.08826e+06	0	0	0	0	0	135	0	0	0	0	0	0	0	0	0	0	
1.08901e+06	0	0	0	0	0	133	0	0	0	0	0	0	0	0	0	0	
1.08976e+06	0	0	0	0	0	143	0	0	0	0	0	0	0	0	0	0	
1.09051e+06	0	0	0	0	0	143	0	0	0	0	0	0	0	0	0	0	
1.09126e+06	0	0	0	0	0	123	0	0	0	0	0	0	0	0	0	0	
1.09201e+06	0	0	0	0	0	135	0	0	0	0	0	0	0	0	0	0	
1.09277e+06	0	0	0	0	0	147	0	0	0	0	0	0	0	0	0	0	
1.09352e+06	0	0	0	0	0	103	0	0	0	0	0	0	0	0	0	0	
1.09426e+06	0	0	0	0	3	130	0	0	0	0	0	0	0	0	0	0	
1.09501e+06	0	0	0	0	0	135	0	0	0	0	0	0	0	0	0	0	
1.09576e+06	0	0	0	0	0	125	0	0	0	0	0	0	0	0	0	0	
1.09651e+06	0	0	0	0	0	113	0	0	0	0	0	0	0	0	0	0	
1.09726e+06	0	0	0	0	0	131	0	0	0	0	0	0	0	0	0	0	
1.09801e+06	0	0	0	0	0	125	0	0	0	0	0	0	0	0	0	0	
1.09876e+06	0	0	0	0	0	139	0	0	0	0	0	0	0	0	0	0	
1.09952e+06	0	0	0	0	0	125	0	0	0	0	0	0	0	0	0	0	
1.10026e+06	0	0	0	0	0	115	0	0	0	0	0	0	0	0	0	0	
1.10101e+06	0	0	0	0	0	131	0	0	0	0	0	0	0	0	0	0	
1.10177e+06	0	0	0	0	0	121	0	0	0	0	0	0	0	0	0	0	
1.10252e+06	0	0	0	0	0	125	0	0	0	0	0	0	0	0	0	0	
1.10327e+06	0	0	0	0	0	149	0	0	0	0	0	0	0	0	0	0	
1.10402e+06	0	0	0	0	0	117	0	0	0	0	0	0	0	0	0	0	
1.10477e+06	0	0	0	0	0	125	12	0	0	0	0	0	0	0	0	0	
1.10552e+06	0	0	0	0	0	129	0	0	0	0	0	0	0	0	0	0	
1.10627e+06	0	0	0	0	0	139	0	0	0	0	0	0	0	0	0	0	
1.10702e+06	0	0	0	0	0	143	0	0	0	0	0	0	0	0	0	0	
1.10777e+06	0	0	0	0	0	0	123	0	0	0	0	0	0	0	0	0	
1.10852e+06	0	0	0	0	0	0	105	0	0	0	0	0	0	0	0	0	
1.10927e+06	0	0	0	0	0	0	97	0	0	0	0	0	0	0	0	0	
1.11002e+06	0	0	0	0	0	0	117	0	0	0	0	0	0	0	0	0	
1.11078e+06	0	0	0	0	0	0	111	0	0	0	0	0	0	0	0	0	
1.11153e+06	0	0	0	0	0	0	117	0	0	0	0	0	0	0	0	0	
1.11228e+06	0	0	0	0	0	0	123	0	0	0	0	0	0	0	0	0	
1.11303e+06	0	0	0	0	0	0	121	0	0	0	0	0	0	0	0	0	
1.11378e+06	0	0	0	0	0	0	91	0	0	0	0	0	0	0	0	0	
1.11453e+06	0	0	0	0	0	0	119	0	0	0	0	0	0	0	0	0	
1.11528e+06	0	0	0	0	0	0	113	0	0	0	0	0	0	0	0	0	
1.11603e+06	0	0	0	0	0	0	123	0	0	0	0	0	0	0	0	0	
1.11678e+06	0	0	0	0	0	0	135	0	0	0	0	0	0	0	0	0	
1.11753e+06	0	0	0	0	0	0	119	0	0	0	0	0	0	0	0	0	
1.11828e+06	0	0	0	0	0	0	123	0	0	0	0	0	0	0	0	0	
1.11903e+06	0	0	0	0	0	0	125	0	0	0	0	0	0	0	0	0	
1.11978e+06	0	0	0	0	0	0	107	0	0	0	0	0	0	0	0	0	
1.12053e+06	0	0	0	0	0	0	93	0	0	0	0	0	0	0	0	0	
1.12128e+06	0	0	0	0	0	0	113	0	0	0	0	0	0	0	0	0	
1.12203e+06	0	0	0	0	0	0	109	0	0	0	0	0	0	0	0	0	
1.12278e+06	0	0	0	0	0	0	107	0	0	0	0	0	0	0	0	0	
1.12353e+06	0	0	0	0	0	0	113	0	0	0	0	0	0	0	0	0	
1.12428e+06	0	0	0	0	0	0	127	0	0	0	0	0	0	0	0	0	
1.12503e+06	0	0	0	0	0	0	105	0	0	0	0	0	0	0	0	0	
1.12578e+06	0	0	0	0	0	0	109	0	0	0	0	0	0	0	0	0	
1.12653e+06	0	0	0	0	0	0	129	0	0	0	0	0	0	0	0	0	
1.12728e+06	0	0	0	0	0	0	123	0	0	0	0	0	0	0	0	0	
1.12803e+06	0	0	0	0	0	0	125	0	0	0	0	0	0	0	0	0	
1.12878e+06	0	0	0	0	0	0	113	0	0	0	0	0	0	0	0	0	
1.12953e+06	0	0	0	0	0	0	0	111	0	0	0	0	0	0	0	0	
1.13028e+06	0	0	0	0	0	0	0	97	0	0	0	0	0	0	0	0	
1.13103e+06	0	0	0	0	0	0	0	111	0	0	0	0	0	0	0	0	
1.13179e+06	0	0	0	0	0	0	0	89	0	0	0	0	0	0	0	0	
1.13253e+06	0	0	0	0	0	0	0	101	0	0	0	0	0	0	0	0	
1.13328e+06	0	0	0	0	0	0	0	103	0	0	0	0	0	0	0	0	
1.13404e+06	0	0	0	0	0	0	0	107	0	0	0	0	0	0	0	0	
1.13479e+06	0	0	0	0	0	0	0	89	0	0	0	0	0	0	0	0	
1.13554e+06	0	0	0	0	0	0	0	93	0	0	0	0	0	0	0	0	
1.13629e+06	0	0	0	0	0	0	0	105	0	0	0	0	0	0	0	0	
1.13704e+06	0	0	0	0	0	0	0	107	0	0	0	0	0	0	0	0	
1.13779e+06	0	0	0	0	0	0	0	101	0	0	0	0	0	0	0	0	
1.13854e+06	0	0	0	0	0	0	0	111	0	0	0	0	0	0	0	0	
1.13929e+06	0	0	0	0	0	0	0	87	0	0	0	0	0	0	0	0	
1.14003e+06	0	0	0	0	0	0	0	0	89	0	0	0	0	0	0	0	
1.14078e+06	0	0	0	0	0	0	0	0	109	0	0	0	0	0	0	0	
1.14153e+06	0	0	0	0	0	0	0	0	101	0	0	0	0	0	0	0	
1.14228e+06	0	0	0	0	0	0	0	0	93	0	0	0	0	0	0	0	
1.14304e+06	0	0	0	0	0	0	0	0	105	0	0	0	0	0	0	0	
1.14379e+06	0	0	0	0	0	0	0	0	83	0	0	0	0	0	0	0	
1.14454e+06	0	0	0	0	0	0	0	0	101	0	0	0	0	0	0	0	
1.14529e+06	0	0	0	0	0	0	0	0	103	0	0	0	0	0	0	0	
1.14604e+06	0	0	0	0	0	0	0	0	83	0	0	0	0	0	0	0	
1.14679e+06	0	0	0	0	0	0	0	99	0	0	0	0	0	0	0	0	
1.14754e+06	0	0	0	0	0	0	0	99	0	0	0	0	0	0	0	0	
1.14829e+06	0	0	0	0	0	0	0	101	0	0	0	0	0	0	0	0	
1.14904e+06	0	0	0	0	0	0	0	89	0	0	0	0	0	0	0	0	
1.14979e+06	0	0	0	0	0	0	0	101	0	0	0	0	0	0	0	0	
1.15054e+06	0	0	0	0	0	0	0	95	0	0	0	0	0	0	0	0	
1.1513e+06	0	0	0	0	0	0	0	107	0	0	0	0	0	0	0	0	
1.15204e+06	0	0	0	0	0	0	0	91	0	0	0	0	0	0	0	0	
1.15279e+06	0	0	0	0	0	0	0	121	0	0	0	0	0	0	0	0	
1.15354e+06	0	0	0	0	0	0	0	103	0	0	0	0	0	0	0	0	
1.15429e+06	0	0	0	0	0	0	0	89	0	0	0	0	0	0	0	0	
1.15504e+06	0	0	0	0	0	0	0	109	0	0	0	0	0	0	0	0	
1.1558e+06	0	0	0	0	0	0	0	109	0	0	0	0	0	0	0	0	
1.15655e+06	0	0	0	0	0	0	0	105	0	0	0	0	0	0	0	0	
1.1573e+06	0	0	0	0	0	0	0	105	0	0	0	0	0	0	0	0	
1.15805e+06	0	0	0	0	0	0	0	93	0	0	0	0	0	0	0	0	
1.1588e+06	0	0	0	0	0	0	0	91	0	0	0	0	0	0	0	0	
1.15955e+06	0	0	0	0	0	0	0	103	0	0	0	0	0	0	0	0	
1.1603e+06	0	0	0	0	0	0	0	99	0	0	0	0	0	0	0	0	
1.16105e+06	0	0	0	0	0	0	0	89	0	0	0	0	0	0	0	0	
1.1618e+06	0	0	0	0	0	0	0	71	0	0	0	0	0	0	0	0	
1.16255e+06	0	0	0	0	0	0	0	117	0	0	0	0	0	0	0	0	
1.1633e+06	0	0	0	0	0	0	0	107	0	0	0	0	0	0	0	0	
1.16405e+06	0	0	0	0	0	0	0	85	0	0	0	0	0	0	0	0	
1.1648e+06	0	0	0	0	0	0	0	101	0	0	0	0	0	0	0	0	
1.16555e+06	0	0	0	0	0	0	0	99	0	0	0	0	0	0	0	0	
1.16631e+06	0	0	0	0	0	0	0	95	0	0	0	0	0	0	0	0	
1.16705e+06	0	0	0	0	0	0	0	0	81	0	0	0	0	0	0	0	
1.16781e+06	0	0	0	0	0	0	0	0	97	0	0	0	0	0	0	0	
1.16855e+06	0	0	0	0	0	0	0	0	79	0	0	0	0	0	0	0	
1.1693e+06	0	0	0	0	0	0	0	0	89	0	0	0	0	0	0	0	
1.17005e+06	0	0	0	0	0	0	0	0	81	0	0	0	0	0	0	0	
1.1708e+06	0	0	0	0	0	0	0	0	87	0	0	0	0	0	0	0	
1.17155e+06	0	0	0	0	0	0	0	0	99	0	0	0	0	0	0	0	
1.1723e+06	0	0	0	0	0	0	0	0	101	0	0	0	0	0	0	0	
1.17305e+06	0	0	0	0	0	0	0	0	93	0	0	0	0	0	0	0	
1.1738e+06	0	0	0	0	0	0	0	0	97	0	0	0	0	0	0	0	
1.17455e+06	0	0	0	0	0	0	0	0	75	0	0	0	0	0	0	0	
1.1753e+06	0	0	0	0	0	0	0	0	0	83	0	0	0	0	0	0	
1.17605e+06	0	0	0	0	0	0	0	0	0	85	0	0	0	0	0	0	
1.1768e+06	0	0	0	0	0	0	0	0	0	85	0	0	0	0	0	0	
1.17755e+06	0	0	0	0	0	0	0	0	0	99	0	0	0	0	0	0	
1.17831e+06	0	0	0	0	0	0	0	0	0	87	0	0	0	0	0	0	
1.17906e+06	0	0	0	0	0	0	0	0	0	0	67	0	0	0	0	0	
1.1798e+06	0	0	0	0	0	0	0	0	0	0	79	0	0	0	0	0	
1.18056e+06	0	0	0	0	0	0	0	0	0	0	83	0	0	0	0	0	
1.18131e+06	0	0	0	0	0	0	0	0	0	0	71	0	0	0	0	0	
1.18205e+06	0	0	0	0	0	0	0	0	0	0	69	0	0	0	0	0	
1.18281e+06	0	0	0	0	0	0	0	0	0	0	81	0	0	0	0	0	
1.18356e+06	0	0	0	0	0	0	0	0	0	0	67	0	0	0	0	0	
1.18431e+06	0	0	0	0	0	0	0	0	0	69	0	0	0	0	0	0	
1.18506e+06	0	0	0	0	0	0	0	0	0	91	0	0	0	0	0	0	
1.18581e+06	0	0	0	0	0	0	0	0	0	87	0	0	0	0	0	0	
1.18656e+06	0	0	0	0	0	0	0	0	0	87	0	0	0	0	0	0	
1.1873e+06	0	0	0	0	0	0	0	0	0	101	0	0	0	0	0	0	
1.18806e+06	0	0	0	0	0	0	0	0	0	81	0	0	0	0	0	0	
1.18881e+06	0	0	0	0	0	0	0	0	0	83	0	0	0	0	0	0	
1.18956e+06	0	0	0	0	0	0	0	0	0	77	0	0	0	0	0	0	
1.1903e+06	0	0	0	0	0	0	0	0	0	71	0	0	0	0	0	0	
1.19105e+06	0	0	0	0	0	0	0	0	0	83	0	0	0	0	0	0	
1.1918e+06	0	0	0	0	0	0	0	0	0	67	0	0	0	0	0	0	
1.19255e+06	0	0	0	0	0	0	0	0	0	85	0	0	0	0	0	0	
1.19331e+06	0	0	0	0	0	0	0	0	0	83	0	0	0	0	0	0	
1.19406e+06	0	0	0	0	0	0	0	0	0	77	0	0	0	0	0	0	
1.19481e+06	0	0	0	0	0	0	0	0	0	71	0	0	0	0	0	0	
1.19556e+06	0	0	0	0	0	0	0	0	0	97	0	0	0	0	0	0	
1.19631e+06	0	0	0	0	0	0	0	0	0	61	0	0	0	0	0	0	
1.19706e+06	0	0	0	0	0	0	0	0	0	83	0	0	0	0	0	0	
1.19781e+06	0	0	0	0	0	0	0	0	0	89	0	0	0	0	0	0	
1.19855e+06	0	0	0	0	0	0	0	0	0	83	0	0	0	0	0	0	
1.1993e+06	0	0	0	0	0	0	0	0	0	85	0	0	0	0	0	0	
1.20005e+06	0	0	0	0	0	0	0	0	0	89	0	0	0	0	0	0	
1.2008e+06	0	0	0	0	0	0	0	0	0	79	0	0	0	0	0	0	
1.20155e+06	0	0	0	0	0	0	0	0	0	77	0	0	0	0	0	0	
1.2023e+06	0	0	0	0	0	0	0	0	0	81	0	0	0	0	0	0	
1.20305e+06	0	0	0	0	0	0	0	0	0	67	0	0	0	0	0	0	
1.2038e+06	0	0	0	0	0	0	0	0	0	85	0	0	0	0	0	0	
1.20455e+06	0	0	0	0	0	0	0	0	0	81	0	0	0	0	0	0	
1.2053e+06	0	0	0	0	0	0	0	0	0	85	0	0	0	0	0	0	
1.20605e+06	0	0	0	0	0	0	0	0	0	83	0	0	0	0	0	0	
1.2068e+06	0	0	0	0	0	0	0	0	0	83	0	0	0	0	0	0	
1.20755e+06	0	0	0	0	0	0	0	0	0	89	0	0	0	0	0	0	
1.2083e+06	0	0	0	0	0	0	0	0	0	81	0	0	0	0	0	0	
1.20905e+06	0	0	0	0	0	0	0	0	0	91	0	0	0	0	0	0	
1.2098e+06	0	0	0	0	0	0	0	0	0	93	0	0	0	0	0	0	
1.21055e+06	0	0	0	0	0	0	0	0	0	81	0	0	0	0	0	0	
1.2113e+06	0	0	0	0	0	0	0	0	0	63	0	0	0	0	0	0	
1.21205e+06	0	0	0	0	0	0	0	0	0	89	0	0	0	0	0	0	
1.2128e+06	0	0	0	0	0	0	0	0	0	73	0	0	0	0	0	0	
1.21356e+06	0	0	0	0	0	0	0	0	0	75	0	0	0	0	0	0	
1.21431e+06	0	0	0	0	0	0	0	0	0	93	0	0	0	0	0	0	
1.21506e+06	0	0	0	0	0	0	0	0	0	75	0	0	0	0	0	0	
1.21581e+06	0	0	0	0	0	0	0	0	0	71	0	0	0	0	0	0	
1.21656e+06	0	0	0	0	0	0	0	0	2	79	0	0	0	0	0	0	
1.21731e+06	0	0	0	0	0	0	0	0	0	83	0	0	0	0	0	0	
1.21806e+06	0	0	0	0	0	0	0	0	0	71	0	0	0	0	0	0	
1.21881e+06	0	0	0	0	0	0	0	0	0	65	0	0	0	0	0	0	
1.21956e+06	0	0	0	0	0	0	0	0	0	75	0	0	0	0	0	0	
1.22031e+06	0	0	0	0	0	0	0	0	0	79	0	0	0	0	0	0	
1.22106e+06	0	0	0	0	0	0	0	0	0	103	0	0	0	0	0	0	
1.22181e+06	0	0	0	0	0	0	0	0	0	77	0	0	0	0	0	0	
1.22256e+06	0	0	0	0	0	0	0	0	0	69	0	0	0	0	0	0	
1.22331e+06	0	0	0	0	0	0	0	0	0	85	0	0	0	0	0	0	
1.22406e+06	0	0	0	0	0	0	0	0	0	73	0	0	0	0	0	0	
1.22481e+06	0	0	0	0	0	0	0	0	0	83	0	0	0	0	0	0	
1.22556e+06	0	0	0	0	0	0	0	0	0	73	0	0	0	0	0	0	
1.22631e+06	0	0	0	0	0	0	0	0	0	65	0	0	0	0	0	0	
1.22706e+06	0	0	0	0	0	0	0	0	0	85	0	0	0	0	0	0	
1.22781e+06	0	0	0	0	0	0	0	0	0	85	0	0	0	0	0	0	
1.22856e+06	0	0	0	0	0	0	0	0	0	0	71	0	0	0	0	0	
1.22931e+06	0	0	0	0	0	0	0	0	0	0	75	0	0	0	0	0	
1.23005e+06	0	0	0	0	0	0	0	0	0	83	0	0	0	0	0	0	
1.2308e+06	0	0	0	0	0	0	0	0	13	74	0	0	0	0	0	0	
1.23155e+06	0	0	0	0	0	0	0	0	75	0	0	0	0	0	0	0	
1.2323e+06	0	0	0	0	0	0	0	0	85	0	0	0	0	0	0	0	
1.23306e+06	0	0	0	0	0	0	0	0	89	0	0	0	0	0	0	0	
1.23381e+06	0	0	0	0	0	0	0	0	89	0	0	0	0	0	0	0	
1.23456e+06	0	0	0	0	0	0	0	0	87	0	0	0	0	0	0	0	
1.23531e+06	0	0	0	0	0	0	0	0	83	0	0	0	0	0	0	0	
1.23606e+06	0	0	0	0	0	0	0	0	79	0	0	0	0	0	0	0	
1.23681e+06	0	0	0	0	0	0	0	0	93	0	0	0	0	0	0	0	
1.23756e+06	0	0	0	0	0	0	0	0	97	0	0	0	0	0	0	0	
1.23831e+06	0	0	0	0	0	0	0	0	91	0	0	0	0	0	0	0	
1.23906e+06	0	0	0	0	0	0	0	9	84	0	0	0	0	0	0	0	
1.23981e+06	0	0	0	0	0	0	0	0	95	0	0	0	0	0	0	0	
1.24056e+06	0	0	0	0	0	0	0	0	87	0	0	0	0	0	0	0	
1.2413e+06	0	0	0	0	0	0	0	0	99	0	0	0	0	0	0	0	
1.24205e+06	0	0	0	0	0	0	0	0	97	0	0	0	0	0	0	0	
1.24281e+06	0	0	0	0	0	0	0	0	87	0	0	0	0	0	0	0	
1.24356e+06	0	0	0	0	0	0	0	0	97	0	0	0	0	0	0	0	
1.24431e+06	0	0	0	0	0	0	0	0	89	0	0	0	0	0	0	0	
1.24505e+06	0	0	0	0	0	0	0	0	89	0	0	0	0	0	0	0	
1.24581e+06	0	0	0	0	0	0	0	0	95	0	0	0	0	0	0	0	
1.24655e+06	0	0	0	0	0	0	0	0	83	0	0	0	0	0	0	0	
1.2473e+06	0	0	0	0	0	0	0	0	89	0	0	0	0	0	0	0	
1.24805e+06	0	0	0	0	0	0	0	0	89	0	0	0	0	0	0	0	
1.2488e+06	0	0	0	0	0	0	0	0	95	0	0	0	0	0	0	0	
1.24954e+06	0	0	0	0	0	0	0	0	85	0	0	0	0	0	0	0	
1.25029e+06	0	0	0	0	0	0	0	0	99	0	0	0	0	0	0	0	
1.25104e+06	0	0	0	0	0	0	0	0	89	0	0	0	0	0	0	0	
1.25179e+06	0	0	0	0	0	0	0	0	101	0	0	0	0	0	0	0	
1.25254e+06	0	0	0	0	0	0	0	89	0	0	0	0	0	0	0	0	
1.2533e+06	0	0	0	0	0	0	0	125	0	0	0	0	0	0	0	0	
1.25405e+06	0	0	0	0	0	0	0	121	0	0	0	0	0	0	0	0	
1.2548e+06	0	0	0	0	0	0	0	99	0	0	0	0	0	0	0	0	
1.25555e+06	0	0	0	0	0	0	0	111	0	0	0	0	0	0	0	0	
1.2563e+06	0	0	0	0	0	0	0	103	0	0	0	0	0	0	0	0	
1.25705e+06	0	0	0	0	0	0	0	117	0	0	0	0	0	0	0	0	
1.2578e+06	0	0	0	0	0	0	0	91	0	0	0	0	0	0	0	0	
1.25855e+06	0	0	0	0	0	0	0	101	0	0	0	0	0	0	0	0	
1.2593e+06	0	0	0	0	0	0	0	99	0	0	0	0	0	0	0	0	
1.26005e+06	0	0	0	0	0	0	0	99	0	0	0	0	0	0	0	0	
1.2608e+06	0	0	0	0	0	0	0	115	0	0	0	0	0	0	0	0	
1.26155e+06	0	0	0	0	0	0	0	97	0	0	0	0	0	0	0	0	
1.2623e+06	0	0	0	0	0	0	0	93	0	0	0	0	0	0	0	0	
1.26305e+06	0	0	0	0	0	0	0	101	0	0	0	0	0	0	0	0	
1.2638e+06	0	0	0	0	0	0	125	0	0	0	0	0	0	0	0	0	
1.26455e+06	0	0	0	0	0	0	133	0	0	0	0	0	0	0	0	0	
1.2653e+06	0	0	0	0	0	0	115	0	0	0	0	0	0	0	0	0	
1.26605e+06	0	0	0	0	0	0	119	0	0	0	0	0	0	0	0	0	
1.2668e+06	0	0	0	0	0	0	70	29	0	0	0	0	0	0	0	0	
1.26755e+06	0	0	0	0	0	29	78	0	0	0	0	0	0	0	0	0	
1.2683e+06	0	0	0	0	0	0	115	0	0	0	0	0	0	0	0	0	
1.26905e+06	0	0	0	0	0	0	113	0	0	0	0	0	0	0	0	0	
1.2698e+06	0	0	0	0	0	0	109	0	0	0	0	0	0	0	0	0	
1.27055e+06	0	0	0	0	0	0	113	0	0	0	0	0	0	0	0	0	
1.27131e+06	0	0	0	0	0	0	117	0	0	0	0	0	0	0	0	0	
1.27205e+06	0	0	0	0	0	0	97	0	0	0	0	0	0	0	0	0	
1.2728e+06	0	0	0	0	0	0	121	0	0	0	0	0	0	0	0	0	
1.27355e+06	0	0	0	0	0	0	103	0	0	0	0	0	0	0	0	0	
1.2743e+06	0	0	0	0	0	0	117	0	0	0	0	0	0	0	0	0	
1.27505e+06	0	0	0	0	0	0	105	0	0	0	0	0	0	0	0	0	
1.2758e+06	0	0	0	0	0	0	127	0	0	0	0	0	0	0	0	0	
1.27655e+06	0	0	0	0	0	0	95	0	0	0	0	0	0	0	0	0	
1.2773e+06	0	0	0	0	0	0	121	0	0	0	0	0	0	0	0	0	
1.27805e+06	0	0	0	0	0	0	113	0	0	0	0	0	0	0	0	0	
1.2788e+06	0	0	0	0	0	0	113	0	0	0	0	0	0	0	0	0	
1.27955e+06	0	0	0	0	0	0	115	0	0	0	0	0	0	0	0	0	
1.2803e+06	0	0	0	0	0	0	108	5	0	0	0	0	0	0	0	0	
1.28105e+06	0	0	0	0	0	0	68	37	0	0	0	0	0	0	0	0	
1.28181e+06	0	0	0	0	0	0	105	0	0	0	0	0	0	0	0	0	
1.28256e+06	0	0	0	0	0	0	115	0	0	0	0	0	0	0	0	0	
1.28331e+06	0	0	0	0	0	0	111	0	0	0	0	0	0	0	0	0	
1.28406e+06	0	0	0	0	0	0	99	0	0	0	0	0	0	0	0	0	
1.28481e+06	0	0	0	0	0	0	115	0	0	0	0	0	0	0	0	0	
1.28556e+06	0	0	0	0	0	0	107	0	0	0	0	0	0	0	0	0	
1.28631e+06	0	0	0	0	0	0	115	0	0	0	0	0	0	0	0	0	
1.28706e+06	0	0	0	0	0	0	131	0	0	0	0	0	0	0	0	0	
1.28781e+06	0	0	0	0	0	0	127	0	0	0	0	0	0	0	0	0	
1.28856e+06	0	0	0	0	0	155	0	0	0	0	0	0	0	0	0	0	
1.28931e+06	0	0	0	0	0	129	0	0	0	0	0	0	0	0	0	0	
1.29006e+06	0	0	0	0	2	125	0	0	0	0	0	0	0	0	0	0	
1.29081e+06	0	0	0	0	0	127	0	0	0	0	0	0	0	0	0	0	
1.29156e+06	0	0	0	0	0	127	0	0	0	0	0	0	0	0	0	0	
1.29231e+06	0	0	0	0	0	121	0	0	0	0	0	0	0	0	0	0	
1.29306e+06	0	0	0	0	0	115	0	0	0	0	0	0	0	0	0	0	
1.29381e+06	0	0	0	0	0	141	0	0	0	0	0	0	0	0	0	0	
1.29456e+06	0	0	0	0	0	135	0	0	0	0	0	0	0	0	0	0	
1.29531e+06	0	0	0	0	0	135	0	0	0	0	0	0	0	0	0	0	
1.29606e+06	0	0	0	0	0	127	0	0	0	0	0	0	0	0	0	0	
1.29681e+06	0	0	0	0	0	135	0	0	0	0	0	0	0	0	0	0	
1.29756e+06	0	0	0	0	0	113	0	0	0	0	0	0	0	0	0	0	
1.2983e+06	0	0	0	0	0	137	0	0	0	0	0	0	0	0	0	0	
1.29906e+06	0	0	0	0	0	113	0	0	0	0	0	0	0	0	0	0	
1.29981e+06	0	0	0	0	0	137	0	0	0	0	0	0	0	0	0	0	
1.30056e+06	0	0	0	0	0	133	0	0	0	0	0	0	0	0	0	0	
1.30131e+06	0	0	0	0	0	129	0	0	0	0	0	0	0	0	0	0	
1.30206e+06	0	0	0	0	0	143	0	0	0	0	0	0	0	0	0	0	
1.30281e+06	0	0	0	0	0	137	0	0	0	0	0	0	0	0	0	0	
1.30356e+06	0	0	0	0	0	131	0	0	0	0	0	0	0	0	0	0	
1.30431e+06	0	0	0	0	0	131	0	0	0	0	0	0	0	0	0	0	
1.30506e+06	0	0	0	0	0	139	0	0	0	0	0	0	0	0	0	0	
1.30581e+06	0	0	0	0	0	133	0	0	0	0	0	0	0	0	0	0	
1.30655e+06	0	0	0	0	1	140	0	0	0	0	0	0	0	0	0	0	
1.30731e+06	0	0	0	0	0	129	0	0	0	0	0	0	0	0	0	0	
1.30806e+06	0	0	0	0	0	153	0	0	0	0	0	0	0	0	0	0	
1.30881e+06	0	0	0	0	0	111	0	0	0	0	0	0	0	0	0	0	
1.30956e+06	0	0	0	0	0	127	0	0	0	0	0	0	0	0	0	0	
1.31031e+06	0	0	0	0	0	147	0	0	0	0	0	0	0	0	0	0	
1.31106e+06	0	0	0	0	0	125	0	0	0	0	0	0	0	0	0	0	
1.31181e+06	0	0	0	0	0	129	0	0	0	0	0	0	0	0	0	0	
1.31256e+06	0	0	0	0	0	139	0	0	0	0	0	0	0	0	0	0	
1.31331e+06	0	0	0	0	0	137	0	0	0	0	0	0	0	0	0	0	
1.31406e+06	0	0	0	0	0	135	0	0	0	0	0	0	0	0	0	0	
1.31481e+06	0	0	0	0	0	115	0	0	0	0	0	0	0	0	0	0	
1.31555e+06	0	0	0	0	0	135	0	0	0	0	0	0	0	0	0	0	
1.3163e+06	0	0	0	0	0	135	0	0	0	0	0	0	0	0	0	0	
1.31705e+06	0	0	0	0	0	123	0	0	0	0	0	0	0	0	0	0	
1.3178e+06	0	0	0	0	0	119	0	0	0	0	0	0	0	0	0	0	
1.31855e+06	0	0	0	0	0	131	0	0	0	0	0	0	0	0	0	0	
1.3193e+06	0	0	0	0	0	145	0	0	0	0	0	0	0	0	0	0	
1.32005e+06	0	0	0	0	0	137	0	0	0	0	0	0	0	0	0	0	
1.3208e+06	0	0	0	0	0	133	0	0	0	0	0	0	0	0	0	0	
1.32155e+06	0	0	0	0	1	140	0	0	0	0	0	0	0	0	0	0	
1.3223e+06	0	0	0	0	0	141	0	0	0	0	0	0	0	0	0	0	
1.32305e+06	0	0	0	0	0	139	0	0	0	0	0	0	0	0	0	0	
1.3238e+06	0	0	0	0	0	121	0	0	0	0	0	0	0	0	0	0	
1.32455e+06	0	0	0	0	0	117	0	0	0	0	0	0	0	0	0	0	
1.32529e+06	0	0	0	0	0	133	0	0	0	0	0	0	0	0	0	0	
1.32604e+06	0	0	0	0	0	139	0	0	0	0	0	0	0	0	0	0	
1.32679e+06	0	0	0	0	0	123	0	0	0	0	0	0	0	0	0	0	
1.32754e+06	0	0	0	0	0	121	0	0	0	0	0	0	0	0	0	0	
1.32829e+06	0	0	0	0	0	143	0	0	0	0	0	0	0	0	0	0	
1.32904e+06	0	0	0	0	0	161	0	0	0	0	0	0	0	0	0	0	
1.32979e+06	0	0	0	0	0	147	0	0	0	0	0	0	0	0	0	0	
1.33053e+06	0	0	0	0	0	111	0	0	0	0	0	0	0	0	0	0	
1.33128e+06	0	0	0	0	0	131	0	0	0	0	0	0	0	0	0	0	
1.33203e+06	0	0	0	0	0	137	0	0	0	0	0	0	0	0	0	0	
1.33278e+06	0	0	0	0	0	0	109	0	0	0	0	0	0	0	0	0	
1.33353e+06	0	0	0	0	0	0	119	0	0	0	0	0	0	0	0	0	
1.33429e+06	0	0	0	0	0	0	125	0	0	0	0	0	0	0	0	0	
1.33504e+06	0	0	0	0	0	0	117	0	0	0	0	0	0	0	0	0	
1.33579e+06	0	0	0	0	0	0	105	0	0	0	0	0	0	0	0	0	
1.33654e+06	0	0	0	0	0	0	111	0	0	0	0	0	0	0	0	0	
1.33729e+06	0	0	0	0	0	0	129	0	0	0	0	0	0	0	0	0	
1.33804e+06	0	0	0	0	0	0	109	0	0	0	0	0	0	0	0	0	
1.33879e+06	0	0	0	0	0	0	125	0	0	0	0	0	0	0	0	0	
1.33954e+06	0	0	0	0	0	0	127	0	0	0	0	0	0	0	0	0	
1.34029e+06	0	0	0	0	0	0	127	0	0	0	0	0	0	0	0	0	
1.34104e+06	0	0	0	0	0	0	117	0	0	0	0	0	0	0	0	0	
1.34179e+06	0	0	0	0	0	0	105	0	0	0	0	0	0	0	0	0	
1.34254e+06	0	0	0	0	0	0	115	0	0	0	0	0	0	0	0	0	
1.34329e+06	0	0	0	0	0	0	101	0	0	0	0	0	0	0	0	0	
1.34404e+06	0	0	0	0	0	0	111	0	0	0	0	0	0	0	0	0	
1.34479e+06	0	0	0	0	0	0	103	0	0	0	0	0	0	0	0	0	
1.34554e+06	0	0	0	0	0	0	95	0	0	0	0	0	0	0	0	0	
1.34629e+06	0	0	0	0	0	0	109	0	0	0	0	0	0	0	0	0	
1.34704e+06	0	0	0	0	0	0	135	0	0	0	0	0	0	0	0	0	
1.34779e+06	0	0	0	0	0	0	121	0	0	0	0	0	0	0	0	0	
1.34854e+06	0	0	0	0	0	0	93	0	0	0	0	0	0	0	0	0	
1.3493e+06	0	0	0	0	0	0	0	95	0	0	0	0	0	0	0	0	
1.35005e+06	0	0	0	0	0	0	0	109	0	0	0	0	0	0	0	0	
1.3508e+06	0	0	0	0	0	0	0	87	0	0	0	0	0	0	0	0	
1.35155e+06	0	0	0	0	0	0	0	99	0	0	0	0	0	0	0	0	
1.3523e+06	0	0	0	0	0	0	0	113	0	0	0	0	0	0	0	0	
1.35305e+06	0	0	0	0	0	0	0	83	0	0	0	0	0	0	0	0	
1.3538e+06	0	0	0	0	0	0	0	95	0	0	0	0	0	0	0	0	
1.35454e+06	0	0	0	0	0	0	0	107	0	0	0	0	0	0	0	0	
1.35529e+06	0	0	0	0	0	0	0	113	0	0	0	0	0	0	0	0	
1.35605e+06	0	0	0	0	0	0	0	93	0	0	0	0	0	0	0	0	
1.35679e+06	0	0	0	0	0	0	0	103	0	0	0	0	0	0	0	0	
1.35755e+06	0	0	0	0	0	0	0	91	0	0	0	0	0	0	0	0	
1.35829e+06	0	0	0	0	0	0	20	81	0	0	0	0	0	0	0	0	
1.35904e+06	0	0	0	0	0	0	3	106	0	0	0	0	0	0	0	0	
1.35979e+06	0	0	0	0	0	0	0	93	0	0	0	0	0	0	0	0	
1.36054e+06	0	0	0	0	0	0	0	109	0	0	0	0	0	0	0	0	
1.36129e+06	0	0	0	0	0	0	0	101	0	0	0	0	0	0	0	0	
1.36204e+06	0	0	0	0	0	0	0	127	0	0	0	0	0	0	0	0	
1.36279e+06	0	0	0	0	0	0	0	99	0	0	0	0	0	0	0	0	
1.36354e+06	0	0	0	0	0	0	0	99	0	0	0	0	0	0	0	0	
1.36429e+06	0	0	0	0	0	0	0	101	0	0	0	0	0	0	0	0	
1.36504e+06	0	0	0	0	0	0	0	107	0	0	0	0	0	0	0	0	
1.36579e+06	0	0	0	0	0	0	0	85	0	0	0	0	0	0	0	0	
1.36654e+06	0	0	0	0	0	0	0	89	0	0	0	0	0	0	0	0	
1.36729e+06	0	0	0	0	0	0	0	119	0	0	0	0	0	0	0	0	
1.36804e+06	0	0	0	0	0	0	0	93	0	0	0	0	0	0	0	0	
1.36879e+06	0	0	0	0	0	0	0	97	0	0	0	0	0	0	0	0	
1.36954e+06	0	0	0	0	0	0	0	103	0	0	0	0	0	0	0	0	
1.37029e+06	0	0	0	0	0	0	0	109	0	0	0	0	0	0	0	0	
1.37105e+06	0	0	0	0	0	0	0	95	0	0	0	0	0	0	0	0	
1.3718e+06	0	0	0	0	0	0	0	109	0	0	0	0	0	0	0	0	
1.37255e+06	0	0	0	0	0	0	0	103	0	0	0	0	0	0	0	0	
1.3733e+06	0	0	0	0	0	0	109	0	0	0	0	0	0	0	0	0	
1.37405e+06	0	0	0	0	0	0	137	0	0	0	0	0	0	0	0	0	
1.3748e+06	0	0	0	0	0	0	137	0	0	0	0	0	0	0	0	0	
1.37555e+06	0	0	0	0	0	0	131	0	0	0	0	0	0	0	0	0	
1.3763e+06	0	0	0	0	0	0	103	0	0	0	0	0	0	0	0	0	
1.37705e+06	0	0	0	0	0	0	111	0	0	0	0	0	0	0	0	0	
1.37779e+06	0	0	0	0	0	0	131	0	0	0	0	0	0	0	0	0	
1.37854e+06	0	0	0	0	0	0	135	0	0	0	0	0	0	0	0	0	
1.37929e+06	0	0	0	0	0	0	129	0	0	0	0	0	0	0	0	0	
1.38004e+06	0	0	0	0	0	119	0	0	0	0	0	0	0	0	0	0	
1.38079e+06	0	0	0	0	0	157	0	0	0	0	0	0	0	0	0	0	
1.38154e+06	0	0	0	0	0	139	0	0	0	0	0	0	0	0	0	0	
1.38229e+06	0	0	0	0	0	111	0	0	0	0	0	0	0	0	0	0	
1.38304e+06	0	0	0	0	0	127	0	0	0	0	0	0	0	0	0	0	
1.38379e+06	0	0	0	0	0	135	0	0	0	0	0	0	0	0	0	0	
1.38453e+06	0	0	0	0	0	149	0	0	0	0	0	0	0	0	0	0	
1.38529e+06	0	0	0	0	0	135	0	0	0	0	0	0	0	0	0	0	
1.38604e+06	0	0	0	0	0	127	0	0	0	0	0	0	0	0	0	0	
1.38678e+06	0	0	0	0	0	161	0	0	0	0	0	0	0	0	0	0	
1.38753e+06	0	0	0	0	0	153	0	0	0	0	0	0	0	0	0	0	
1.38828e+06	0	0	0	0	0	141	0	0	0	0	0	0	0	0	0	0	
1.38903e+06	0	0	0	0	0	145	0	0	0	0	0	0	0	0	0	0	
1.38978e+06	0	0	0	0	0	131	0	0	0	0	0	0	0	0	0	0	
1.39053e+06	0	0	0	0	0	137	0	0	0	0	0	0	0	0	0	0	
1.39128e+06	0	0	0	0	0	129	0	0	0	0	0	0	0	0	0	0	
1.39203e+06	0	0	0	0	0	113	0	0	0	0	0	0	0	0	0	0	
1.39278e+06	0	0	0	0	0	127	0	0	0	0	0	0	0	0	0	0	
1.39353e+06	0	0	0	0	0	157	0	0	0	0	0	0	0	0	0	0	
1.39428e+06	0	0	0	0	0	135	0	0	0	0	0	0	0	0	0	0	
1.39503e+06	0	0	0	0	0	113	0	0	0	0	0	0	0	0	0	0	
1.39578e+06	0	0	0	0	0	115	0	0	0	0	0	0	0	0	0	0	
1.39653e+06	0	0	0	0	0	147	0	0	0	0	0	0	0	0	0	0	
1.39728e+06	0	0	0	0	0	129	0	0	0	0	0	0	0	0	0	0	
1.39803e+06	0	0	0	0	0	111	0	0	0	0	0	0	0	0	0	0	
1.39878e+06	0	0	0	0	0	107	0	0	0	0	0	0	0	0	0	0	
1.39952e+06	0	0	0	0	0	135	0	0	0	0	0	0	0	0	0	0	
1.40027e+06	0	0	0	0	0	137	0	0	0	0	0	0	0	0	0	0	
1.40103e+06	0	0	0	0	0	122	7	0	0	0	0	0	0	0	0	0	
1.40178e+06	0	0	0	0	0	115	0	0	0	0	0	0	0	0	0	0	
1.40253e+06	0	0	0	0	0	131	0	0	0	0	0	0	0	0	0	0	
1.40328e+06	0	0	0	0	0	135	0	0	0	0	0	0	0	0	0	0	
1.40403e+06	0	0	0	0	0	125	0	0	0	0	0	0	0	0	0	0	
1.40478e+06	0	0	0	0	0	143	0	0	0	0	0	0	0	0	0	0	
1.40553e+06	0	0	0	0	0	145	0	0	0	0	0	0	0	0	0	0	
1.40628e+06	0	0	0	0	0	153	0	0	0	0	0	0	0	0	0	0	
1.40703e+06	0	0	0	0	0	129	0	0	0	0	0	0	0	0	0	0	
1.40778e+06	0	0	0	0	0	125	0	0	0	0	0	0	0	0	0	0	
1.40853e+06	0	0	0	0	0	143	0	0	0	0	0	0	0	0	0	0	
1.40928e+06	0	0	0	0	0	123	0	0	0	0	0	0	0	0	0	0	
1.41003e+06	0	0	0	0	0	145	0	0	0	0	0	0	0	0	0	0	
1.41078e+06	0	0	0	0	30	91	0	0	0	0	0	0	0	0	0	0	
1.41153e+06	0	0	0	0	149	0	0	0	0	0	0	0	0	0	0	0	
1.41228e+06	0	0	0	0	155	0	0	0	0	0	0	0	0	0	0	0	
1.41303e+06	0	0	0	0	175	0	0	0	0	0	0	0	0	0	0	0	
1.41378e+06	0	0	0	0	165	0	0	0	0	0	0	0	0	0	0	0	
1.41453e+06	0	0	0	0	207	0	0	0	0	0	0	0	0	0	0	0	
1.41528e+06	0	0	0	0	167	0	0	0	0	0	0	0	0	0	0	0	
1.41603e+06	0	0	0	0	163	0	0	0	0	0	0	0	0	0	0	0	
1.41678e+06	0	0	0	0	157	0	0	0	0	0	0	0	0	0	0	0	
1.41753e+06	0	0	0	0	169	0	0	0	0	0	0	0	0	0	0	0	
1.41829e+06	0	0	0	0	143	0	0	0	0	0	0	0	0	0	0	0	
1.41904e+06	0	0	0	14	161	0	0	0	0	0	0	0	0	0	0	0	
1.41979e+06	0	0	0	0	137	0	0	0	0	0	0	0	0	0	0	0	
1.42054e+06	0	0	0	0	139	0	0	0	0	0	0	0	0	0	0	0	
1.42129e+06	0	0	0	0	159	0	0	0	0	0	0	0	0	0	0	0	
1.42204e+06	0	0	0	0	177	0	0	0	0	0	0	0	0	0	0	0	
1.42279e+06	0	0	0	0	159	0	0	0	0	0	0	0	0	0	0	0	
1.42354e+06	0	0	0	0	137	0	0	0	0	0	0	0	0	0	0	0	
1.42429e+06	0	0	0	0	151	0	0	0	0	0	0	0	0	0	0	0	
1.42504e+06	0	0	0	0	169	0	0	0	0	0	0	0	0	0	0	0	
1.42579e+06	0	0	0	0	177	0	0	0	0	0	0	0	0	0	0	0	
1.42654e+06	0	0	0	0	179	0	0	0	0	0	0	0	0	0	0	0	
1.42729e+06	0	0	0	0	157	0	0	0	0	0	0	0	0	0	0	0	
1.42804e+06	0	0	0	181	0	0	0	0	0	0	0	0	0	0	0	0	
1.42879e+06	0	0	0	215	0	0	0	0	0	0	0	0	0	0	0	0	
1.42955e+06	0	0	0	193	0	0	0	0	0	0	0	0	0	0	0	0	
1.43029e+06	0	0	0	209	0	0	0	0	0	0	0	0	0	0	0	0	
1.43104e+06	0	0	0	177	8	0	0	0	0	0	0	0	0	0	0	0	
1.43179e+06	0	0	0	193	0	0	0	0	0	0	0	0	0	0	0	0	
1.43254e+06	0	0	0	185	0	0	0	0	0	0	0	0	0	0	0	0	
1.43329e+06	0	0	0	217	0	0	0	0	0	0	0	0	0	0	0	0	
1.43404e+06	0	0	0	195	0	0	0	0	0	0	0	0	0	0	0	0	
1.43479e+06	0	0	0	207	0	0	0	0	0	0	0	0	0	0	0	0	
1.43554e+06	0	0	0	213	0	0	0	0	0	0	0	0	0	0	0	0	
1.43629e+06	0	0	0	215	0	0	0	0	0	0	0	0	0	0	0	0	
1.43704e+06	0	0	0	201	0	0	0	0	0	0	0	0	0	0	0	0	
1.43779e+06	0	0	0	189	0	0	0	0	0	0	0	0	0	0	0	0	
1.43854e+06	0	0	0	187	0	0	0	0	0	0	0	0	0	0	0	0	
1.43929e+06	0	0	16	197	0	0	0	0	0	0	0	0	0	0	0	0	
1.44004e+06	0	0	0	223	0	0	0	0	0	0	0	0	0	0	0	0	
1.44079e+06	0	0	0	165	0	0	0	0	0	0	0	0	0	0	0	0	
1.44154e+06	0	0	0	189	0	0	0	0	0	0	0	0	0	0	0	0	
1.44229e+06	0	0	0	179	0	0	0	0	0	0	0	0	0	0	0	0	
1.44304e+06	0	0	0	213	0	0	0	0	0	0	0	0	0	0	0	0	
1.44379e+06	0	0	0	203	0	0	0	0	0	0	0	0	0	0	0	0	
1.44454e+06	0	0	0	219	0	0	0	0	0	0	0	0	0	0	0	0	
1.44529e+06	0	0	0	211	0	0	0	0	0	0	0	0	0	0	0	0	
1.44604e+06	0	0	0	199	0	0	0	0	0	0	0	0	0	0	0	0	
1.44678e+06	0	0	0	165	0	0	0	0	0	0	0	0	0	0	0	0	
1.44753e+06	0	0	0	191	0	0	0	0	0	0	0	0	0	0	0	0	
1.44829e+06	0	0	0	193	0	0	0	0	0	0	0	0	0	0	0	0	
1.44904e+06	0	0	0	199	0	0	0	0	0	0	0	0	0	0	0	0	
1.44979e+06	0	0	0	223	0	0	0	0	0	0	0	0	0	0	0	0	
1.45054e+06	0	0	0	211	0	0	0	0	0	0	0	0	0	0	0	0	
1.45129e+06	0	0	0	209	0	0	0	0	0	0	0	0	0	0	0	0	
1.45204e+06	0	0	0	201	0	0	0	0	0	0	0	0	0	0	0	0	
1.45279e+06	0	0	0	203	0	0	0	0	0	0	0	0	0	0	0	0	
1.45354e+06	0	0	0	191	0	0	0	0	0	0	0	0	0	0	0	0	
1.45429e+06	0	0	0	213	0	0	0	0	0	0	0	0	0	0	0	0	
1.45503e+06	0	0	0	219	0	0	0	0	0	0	0	0	0	0	0	0	
1.45578e+06	0	0	0	189	0	0	0	0	0	0	0	0	0	0	0	0	
1.45653e+06	0	0	0	197	0	0	0	0	0	0	0	0	0	0	0	0	
1.45729e+06	0	0	0	211	0	0	0	0	0	0	0	0	0	0	0	0	
1.45804e+06	0	0	0	191	0	0	0	0	0	0	0	0	0	0	0	0	
1.45879e+06	0	0	0	213	0	0	0	0	0	0	0	0	0	0	0	0	
1.45954e+06	0	0	0	213	0	0	0	0	0	0	0	0	0	0	0	0	
1.46029e+06	0	0	0	179	0	0	0	0	0	0	0	0	0	0	0	0	
1.46104e+06	0	0	0	209	0	0	0	0	0	0	0	0	0	0	0	0	
1.46179e+06	0	0	0	193	0	0	0	0	0	0	0	0	0	0	0	0	
1.46254e+06	0	0	0	193	0	0	0	0	0	0	0	0	0	0	0	0	
1.46329e+06	0	0	0	191	0	0	0	0	0	0	0	0	0	0	0	0	
1.46404e+06	0	0	0	189	0	0	0	0	0	0	0	0	0	0	0	0	
1.46479e+06	0	0	0	103	76	0	0	0	0	0	0	0	0	0	0	0	
1.46554e+06	0	0	261	0	0	0	0	0	0	0	0	0	0	0	0	0	
1.46629e+06	0	0	255	0	0	0	0	0	0	0	0	0	0	0	0	0	
1.46704e+06	0	0	265	0	0	0	0	0	0	0	0	0	0	0	0	0	
1.46779e+06	0	0	285	0	0	0	0	0	0	0	0	0	0	0	0	0	
1.46854e+06	0	0	273	0	0	0	0	0	0	0	0	0	0	0	0	0	
1.46929e+06	0	18	251	0	0	0	0	0	0	0	0	0	0	0	0	0	
1.47004e+06	0	0	267	0	0	0	0	0	0	0	0	0	0	0	0	0	
1.4708e+06	0	0	265	0	0	0	0	0	0	0	0	0	0	0	0	0	
1.47155e+06	0	0	291	0	0	0	0	0	0	0	0	0	0	0	0	0	
1.47229e+06	0	0	271	0	0	0	0	0	0	0	0	0	0	0	0	0	
1.47304e+06	0	0	241	0	0	0	0	0	0	0	0	0	0	0	0	0	
1.47379e+06	0	0	249	0	0	0	0	0	0	0	0	0	0	0	0	0	
1.47454e+06	0	0	263	0	0	0	0	0	0	0	0	0	0	0	0	0	
1.47529e+06	0	0	249	0	0	0	0	0	0	0	0	0	0	0	0	0	
1.47604e+06	0	0	267	0	0	0	0	0	0	0	0	0	0	0	0	0	
1.47679e+06	0	0	287	0	0	0	0	0	0	0	0	0	0	0	0	0	
1.47754e+06	0	0	285	0	0	0	0	0	0	0	0	0	0	0	0	0	
1.47829e+06	0	0	267	0	0	0	0	0	0	0	0	0	0	0	0	0	
1.47904e+06	0	1	268	0	0	0	0	0	0	0	0	0	0	0	0	0	
1.47979e+06	0	0	0	209	0	0	0	0	0	0	0	0	0	0	0	0	
1.48054e+06	0	0	0	197	0	0	0	0	0	0	0	0	0	0	0	0	
1.48129e+06	0	0	0	191	0	0	0	0	0	0	0	0	0	0	0	0	
1.48204e+06	0	0	0	197	0	0	0	0	0	0	0	0	0	0	0	0	
1.48279e+06	0	0	0	211	0	0	0	0	0	0	0	0	0	0	0	0	
1.48354e+06	0	0	0	199	0	0	0	0	0	0	0	0	0	0	0	0	
1.48429e+06	0	0	0	181	0	0	0	0	0	0	0	0	0	0	0	0	
1.48504e+06	0	0	32	167	0	0	0	0	0	0	0	0	0	0	0	0	
1.48579e+06	0	0	0	217	0	0	0	0	0	0	0	0	0	0	0	0	
1.48654e+06	0	0	0	227	0	0	0	0	0	0	0	0	0	0	0	0	
1.48729e+06	0	0	0	187	0	0	0	0	0	0	0	0	0	0	0	0	
1.48804e+06	0	0	0	197	0	0	0	0	0	0	0	0	0	0	0	0	
1.4888e+06	0	0	0	189	0	0	0	0	0	0	0	0	0	0	0	0	
1.48954e+06	0	0	0	177	0	0	0	0	0	0	0	0	0	0	0	0	
1.4903e+06	0	0	261	0	0	0	0	0	0	0	0	0	0	0	0	0	
1.49105e+06	0	0	263	0	0	0	0	0	0	0	0	0	0	0	0	0	
1.4918e+06	0	0	275	0	0	0	0	0	0	0	0	0	0	0	0	0	
1.49255e+06	0	0	293	0	0	0	0	0	0	0	0	0	0	0	0	0	
1.4933e+06	0	0	251	0	0	0	0	0	0	0	0	0	0	0	0	0	
1.49405e+06	0	0	279	0	0	0	0	0	0	0	0	0	0	0	0	0	
1.4948e+06	0	0	253	0	0	0	0	0	0	0	0	0	0	0	0	0	
1.49554e+06	0	0	263	0	0	0	0	0	0	0	0	0	0	0	0	0	
1.49629e+06	0	0	271	0	0	0	0	0	0	0	0	0	0	0	0	0	
1.49705e+06	0	0	305	0	0	0	0	0	0	0	0	0	0	0	0	0	
1.4978e+06	0	0	259	0	0	0	0	0	0	0	0	0	0	0	0	0	
1.49854e+06	0	0	263	0	0	0	0	0	0	0	0	0	0	0	0	0	
1.4993e+06	0	0	299	0	0	0	0	0	0	0	0	0	0	0	0	0	
1.50004e+06	0	0	239	0	0	0	0	0	0	0	0	0	0	0	0	0	
1.50004e+06	0	0	239	0	0	0	0	0	0	0	0	0	0	0	0	0	
