Time	s0	s1	s2	s3	s4	s5	s6	s7	s8	s9	s10	s11	s12	s13	s14	s15	
0	0	0	0	0	0	0	0	0	0	0	0	0	0	0	0	200	
0.000112876	0	0	0	0	0	0	0	0	0	0	0	0	0	0	0	199	
747.226	0	0	0	0	0	0	0	0	0	0	0	0	0	0	0	37	
1497.25	0	0	0	0	0	0	0	0	0	0	0	0	0	0	0	43	
2245.77	0	0	0	0	0	0	0	0	0	0	0	0	0	0	0	41	
2997.91	0	0	0	0	0	0	0	0	0	0	0	0	0	0	0	47	
3747.99	0	0	0	0	0	0	0	0	0	0	0	0	0	0	0	57	
4496.21	0	0	0	0	0	0	0	0	0	0	0	0	0	0	0	53	
5242.49	0	0	0	0	0	0	0	0	0	0	0	0	0	0	0	61	
5991.43	0	0	0	0	0	0	0	0	0	0	0	0	0	0	0	53	
6740.57	0	0	0	0	0	0	0	0	0	0	0	0	0	0	0	51	
7485.62	0	0	0	0	0	0	0	0	0	0	0	0	0	0	0	39	
8236.31	0	0	0	0	0	0	0	0	0	0	0	0	0	0	0	45	
8986.09	0	0	0	0	0	0	0	0	0	0	0	0	0	0	0	63	
9736.32	0	0	0	0	0	0	0	0	0	0	0	0	0	0	0	55	
10487.4	0	0	0	0	0	0	0	0	0	0	0	0	0	0	0	49	
11236.9	0	0	0	0	0	0	0	0	0	0	0	0	0	0	0	55	
11987.9	0	0	0	0	0	0	0	0	0	0	0	0	0	0	0	59	
12736.7	0	0	0	0	0	0	0	0	0	0	0	0	0	0	0	61	
13485.9	0	0	0	0	0	0	0	0	0	0	0	0	0	0	0	53	
14233.3	0	0	0	0	0	0	0	0	0	0	0	0	0	0	0	53	
14982.8	0	0	0	0	0	0	0	0	0	0	0	0	0	0	0	49	
15735.1	0	0	0	0	0	0	0	0	0	0	0	0	0	0	0	43	
16487.4	0	0	0	0	0	0	0	0	0	0	0	0	0	0	0	51	
17237	0	0	0	0	0	0	0	0	0	0	0	0	0	0	0	37	
17987.4	0	0	0	0	0	0	0	0	0	0	0	0	0	0	63	0	
18738.4	0	0	0	0	0	0	0	0	0	0	0	0	0	0	39	0	
19488.3	0	0	0	0	0	0	0	0	0	0	0	0	0	0	41	0	
20240.4	0	0	0	0	0	0	0	0	0	0	0	0	0	0	49	0	
20992	0	0	0	0	0	0	0	0	0	0	0	0	0	0	51	0	
21740.4	0	0	0	0	0	0	0	0	0	0	0	0	0	0	55	0	
22493.1	0	0	0	0	0	0	0	0	0	0	0	0	0	0	47	0	
23245.1	0	0	0	0	0	0	0	0	0	0	0	0	0	0	49	0	
23993.1	0	0	0	0	0	0	0	0	0	0	0	0	0	0	67	0	
24742.4	0	0	0	0	0	0	0	0	0	0	0	0	0	0	49	0	
25495	0	0	0	0	0	0	0	0	0	0	0	0	0	0	51	0	
26247.6	0	0	0	0	0	0	0	0	0	0	0	0	0	0	0	47	
26999.8	0	0	0	0	0	0	0	0	0	0	0	0	0	0	0	55	
27746.6	0	0	0	0	0	0	0	0	0	0	0	0	0	0	0	53	
28498.1	0	0	0	0	0	0	0	0	0	0	0	0	0	0	0	51	
29248.8	0	0	0	0	0	0	0	0	0	0	0	0	0	0	57	0	
29997.4	0	0	0	0	0	0	0	0	0	0	0	0	0	61	0	0	
30748.6	0	0	0	0	0	0	0	0	0	0	0	0	0	49	0	0	
31494.2	0	0	0	0	0	0	0	0	0	0	0	0	0	55	0	0	
32240.7	0	0	0	0	0	0	0	0	0	0	0	0	0	61	0	0	
32993.6	0	0	0	0	0	0	0	0	0	0	0	0	0	65	0	0	
33744.2	0	0	0	0	0	0	0	0	0	0	0	0	0	77	0	0	
34495.7	0	0	0	0	0	0	0	0	0	0	0	0	0	51	0	0	
35245.7	0	0	0	0	0	0	0	0	0	0	0	0	0	45	0	0	
35995.7	0	0	0	0	0	0	0	0	0	0	0	0	0	65	0	0	
36743.7	0	0	0	0	0	0	0	0	0	0	0	0	0	61	0	0	
37493.8	0	0	0	0	0	0	0	0	0	0	0	0	0	55	0	0	
38244.7	0	0	0	0	0	0	0	0	0	0	0	0	0	59	0	0	
38995.3	0	0	0	0	0	0	0	0	0	0	0	0	0	51	0	0	
39743.3	0	0	0	0	0	0	0	0	0	0	0	0	0	53	0	0	
40492.2	0	0	0	0	0	0	0	0	0	0	0	0	0	61	0	0	
41241.9	0	0	0	0	0	0	0	0	0	0	0	0	0	65	0	0	
41992	0	0	0	0	0	0	0	0	0	0	0	0	0	53	0	0	
42740.5	0	0	0	0	0	0	0	0	0	0	0	0	0	61	0	0	
43492.1	0	0	0	0	0	0	0	0	0	0	0	0	0	57	0	0	
44242.2	0	0	0	0	0	0	0	0	0	0	0	0	0	65	0	0	
44993.9	0	0	0	0	0	0	0	0	0	0	0	0	0	0	49	0	
45744.1	0	0	0	0	0	0	0	0	0	0	0	0	0	0	67	0	
46497.4	0	0	0	0	0	0	0	0	0	0	0	0	0	0	53	0	
47250.9	0	0	0	0	0	0	0	0	0	0	0	0	0	0	61	0	
48000.1	0	0	0	0	0	0	0	0	0	0	0	0	0	0	0	71	
48748.9	0	0	0	0	0	0	0	0	0	0	0	0	0	0	0	63	
49501.6	0	0	0	0	0	0	0	0	0	0	0	0	0	0	0	49	
50253.4	0	0	0	0	0	0	0	0	0	0	0	0	0	0	0	47	
51002.7	0	0	0	0	0	0	0	0	0	0	0	0	0	0	0	51	
51751.9	0	0	0	0	0	0	0	0	0	0	0	0	0	0	0	53	
52501	0	0	0	0	0	0	0	0	0	0	0	0	0	0	0	51	
53250.1	0	0	0	0	0	0	0	0	0	0	0	0	0	0	0	59	
54001.4	0	0	0	0	0	0	0	0	0	0	0	0	0	0	0	55	
54752	0	0	0	0	0	0	0	0	0	0	0	0	0	0	0	57	
55500.4	0	0	0	0	0	0	0	0	0	0	0	0	0	0	0	49	
56251.8	0	0	0	0	0	0	0	0	0	0	0	0	0	0	0	39	
57002	0	0	0	0	0	0	0	0	0	0	0	0	0	0	0	37	
57752	0	0	0	0	0	0	0	0	0	0	0	0	0	0	0	43	
58500.1	0	0	0	0	0	0	0	0	0	0	0	0	0	0	0	69	
59248.1	0	0	0	0	0	0	0	0	0	0	0	0	0	0	0	57	
59998.5	0	0	0	0	0	0	0	0	0	0	0	0	0	0	0	33	
60749.9	0	0	0	0	0	0	0	0	0	0	0	0	0	0	0	53	
61500.7	0	0	0	0	0	0	0	0	0	0	0	0	0	0	0	49	
62250.1	0	0	0	0	0	0	0	0	0	0	0	0	0	0	0	45	
63000.3	0	0	0	0	0	0	0	0	0	0	0	0	0	0	0	49	
63752.4	0	0	0	0	0	0	0	0	0	0	0	0	0	0	0	57	
64502.6	0	0	0	0	0	0	0	0	0	0	0	0	0	0	0	47	
65252.8	0	0	0	0	0	0	0	0	0	0	0	0	0	0	0	47	
66004.1	0	0	0	0	0	0	0	0	0	0	0	0	0	0	51	0	
66752.6	0	0	0	0	0	0	0	0	0	0	0	0	0	0	61	0	
67501.4	0	0	0	0	0	0	0	0	0	0	0	0	0	0	55	0	
68250.3	0	0	0	0	0	0	0	0	0	0	0	0	0	0	57	0	
68996.6	0	0	0	0	0	0	0	0	0	0	0	0	0	0	53	0	
69748.4	0	0	0	0	0	0	0	0	0	0	0	0	0	0	51	0	
70498.7	0	0	0	0	0	0	0	0	0	0	0	0	0	0	43	0	
71245.5	0	0	0	0	0	0	0	0	0	0	0	0	0	0	61	0	
71995.5	0	0	0	0	0	0	0	0	0	0	0	0	0	0	45	0	
72745.2	0	0	0	0	0	0	0	0	0	0	0	0	0	0	55	0	
73493.7	0	0	0	0	0	0	0	0	0	0	0	0	0	0	47	0	
74244	0	0	0	0	0	0	0	0	0	0	0	0	0	0	49	0	
74993.7	0	0	0	0	0	0	0	0	0	0	0	0	0	0	47	0	
75744.4	0	0	0	0	0	0	0	0	0	0	0	0	0	0	61	0	
76494	0	0	0	0	0	0	0	0	0	0	0	0	0	0	49	0	
77246.4	0	0	0	0	0	0	0	0	0	0	0	0	0	0	61	0	
77995.6	0	0	0	0	0	0	0	0	0	0	0	0	0	0	47	0	
78748.5	0	0	0	0	0	0	0	0	0	0	0	0	0	0	59	0	
79498.4	0	0	0	0	0	0	0	0	0	0	0	0	0	0	57	0	
80247.2	0	0	0	0	0	0	0	0	0	0	0	0	0	0	43	0	
80999.6	0	0	0	0	0	0	0	0	0	0	0	0	0	0	49	0	
81747.3	0	0	0	0	0	0	0	0	0	0	0	0	0	0	37	0	
82497.3	0	0	0	0	0	0	0	0	0	0	0	0	0	0	51	0	
83246.8	0	0	0	0	0	0	0	0	0	0	0	0	0	0	51	0	
83996.6	0	0	0	0	0	0	0	0	0	0	0	0	0	2	49	0	
84747.9	0	0	0	0	0	0	0	0	0	0	0	0	0	0	41	0	
85495.5	0	0	0	0	0	0	0	0	0	0	0	0	0	0	47	0	
86246.2	0	0	0	0	0	0	0	0	0	0	0	0	0	0	45	0	
86995.4	0	0	0	0	0	0	0	0	0	0	0	0	0	0	61	0	
87746.3	0	0	0	0	0	0	0	0	0	0	0	0	0	0	55	0	
88497.1	0	0	0	0	0	0	0	0	0	0	0	0	0	0	57	0	
89245.8	0	0	0	0	0	0	0	0	0	0	0	0	0	0	43	0	
89996.5	0	0	0	0	0	0	0	0	0	0	0	0	0	0	37	0	
90748.9	0	0	0	0	0	0	0	0	0	0	0	0	0	0	55	0	
91500.1	0	0	0	0	0	0	0	0	0	0	0	0	0	0	55	0	
92254.6	0	0	0	0	0	0	0	0	0	0	0	0	0	28	37	0	
93005.7	0	0	0	0	0	0	0	0	0	0	0	0	0	0	69	0	
93756.7	0	0	0	0	0	0	0	0	0	0	0	0	0	0	57	0	
94506	0	0	0	0	0	0	0	0	0	0	0	0	0	0	59	0	
95257.7	0	0	0	0	0	0	0	0	0	0	0	0	0	0	59	0	
96009	0	0	0	0	0	0	0	0	0	0	0	0	0	0	67	0	
96757.9	0	0	0	0	0	0	0	0	0	0	0	0	0	0	55	0	
97508.3	0	0	0	0	0	0	0	0	0	0	0	0	0	0	53	0	
98261.9	0	0	0	0	0	0	0	0	0	0	0	0	0	0	57	0	
99008.8	0	0	0	0	0	0	0	0	0	0	0	0	0	0	47	0	
99759.4	0	0	0	0	0	0	0	0	0	0	0	0	0	0	43	0	
100510	0	0	0	0	0	0	0	0	0	0	0	0	0	0	51	0	
101261	0	0	0	0	0	0	0	0	0	0	0	0	0	0	45	0	
102007	0	0	0	0	0	0	0	0	0	0	0	0	0	0	79	0	
102758	0	0	0	0	0	0	0	0	0	0	0	0	0	55	0	0	
103506	0	0	0	0	0	0	0	0	0	0	0	0	0	65	0	0	
104259	0	0	0	0	0	0	0	0	0	0	0	0	0	63	0	0	
105008	0	0	0	0	0	0	0	0	0	0	0	0	0	71	0	0	
105758	0	0	0	0	0	0	0	0	0	0	0	0	0	61	0	0	
106509	0	0	0	0	0	0	0	0	0	0	0	0	0	67	0	0	
107258	0	0	0	0	0	0	0	0	0	0	0	0	0	59	0	0	
108006	0	0	0	0	0	0	0	0	0	0	0	0	0	45	0	0	
108758	0	0	0	0	0	0	0	0	0	0	0	0	0	61	0	0	
109507	0	0	0	0	0	0	0	0	0	0	0	0	0	49	0	0	
110253	0	0	0	0	0	0	0	0	0	0	0	0	0	61	0	0	
111004	0	0	0	0	0	0	0	0	0	0	0	0	0	55	0	0	
111752	0	0	0	0	0	0	0	0	0	0	0	0	0	57	0	0	
112505	0	0	0	0	0	0	0	0	0	0	0	0	0	55	0	0	
113255	0	0	0	0	0	0	0	0	0	0	0	0	0	55	0	0	
114007	0	0	0	0	0	0	0	0	0	0	0	0	0	65	0	0	
114757	0	0	0	0	0	0	0	0	0	0	0	0	0	55	0	0	
115508	0	0	0	0	0	0	0	0	0	0	0	0	0	45	0	0	
116259	0	0	0	0	0	0	0	0	0	0	0	0	0	59	0	0	
117012	0	0	0	0	0	0	0	0	0	0	0	0	0	57	0	0	
117766	0	0	0	0	0	0	0	0	0	0	0	0	0	55	0	0	
118518	0	0	0	0	0	0	0	0	0	0	0	0	0	53	0	0	
119265	0	0	0	0	0	0	0	0	0	0	0	0	0	57	0	0	
120013	0	0	0	0	0	0	0	0	0	0	0	0	0	67	0	0	
120761	0	0	0	0	0	0	0	0	0	0	0	0	65	0	0	0	
121512	0	0	0	0	0	0	0	0	0	0	0	0	65	0	0	0	
122263	0	0	0	0	0	0	0	0	0	0	0	0	55	0	0	0	
123014	0	0	0	0	0	0	0	0	0	0	0	0	73	0	0	0	
123763	0	0	0	0	0	0	0	0	0	0	0	0	59	0	0	0	
124514	0	0	0	0	0	0	0	0	0	0	0	0	53	0	0	0	
125267	0	0	0	0	0	0	0	0	0	0	0	0	71	0	0	0	
126018	0	0	0	0	0	0	0	0	0	0	0	0	69	0	0	0	
126768	0	0	0	0	0	0	0	0	0	0	0	0	59	0	0	0	
127520	0	0	0	0	0	0	0	0	0	0	0	0	65	0	0	0	
128270	0	0	0	0	0	0	0	0	0	0	0	0	79	0	0	0	
129023	0	0	0	0	0	0	0	0	0	0	0	0	51	0	0	0	
129773	0	0	0	0	0	0	0	0	0	0	0	0	59	0	0	0	
130523	0	0	0	0	0	0	0	0	0	0	0	0	47	0	0	0	
131272	0	0	0	0	0	0	0	0	0	0	0	0	57	0	0	0	
132020	0	0	0	0	0	0	0	0	0	0	0	0	53	0	0	0	
132769	0	0	0	0	0	0	0	0	0	0	0	53	0	0	0	0	
133520	0	0	0	0	0	0	0	0	0	0	0	51	0	0	0	0	
134271	0	0	0	0	0	0	0	0	0	0	0	73	0	0	0	0	
135019	0	0	0	0	0	0	0	0	0	0	0	67	0	0	0	0	
135766	0	0	0	0	0	0	0	0	0	89	0	0	0	0	0	0	
136513	0	0	0	0	0	0	0	0	0	77	0	0	0	0	0	0	
137264	0	0	0	0	0	0	0	0	0	75	0	0	0	0	0	0	
138015	0	0	0	0	0	0	0	0	0	79	0	0	0	0	0	0	
138765	0	0	0	0	0	0	0	0	0	93	0	0	0	0	0	0	
139510	0	0	0	0	0	0	0	0	0	81	0	0	0	0	0	0	
140259	0	0	0	0	0	0	0	0	79	0	0	0	0	0	0	0	
141010	0	0	0	0	0	0	0	0	115	0	0	0	0	0	0	0	
141762	0	0	0	0	0	0	0	0	71	0	0	0	0	0	0	0	
142513	0	0	0	0	0	0	0	0	85	0	0	0	0	0	0	0	
143266	0	0	0	0	0	0	0	0	99	0	0	0	0	0	0	0	
144015	0	0	0	0	0	0	0	0	81	0	0	0	0	0	0	0	
144768	0	0	0	0	0	0	0	0	91	0	0	0	0	0	0	0	
145517	0	0	0	0	0	0	0	0	71	0	0	0	0	0	0	0	
146268	0	0	0	0	0	0	0	0	79	0	0	0	0	0	0	0	
147017	0	0	0	0	0	0	0	0	93	0	0	0	0	0	0	0	
147766	0	0	0	0	0	0	0	0	95	0	0	0	0	0	0	0	
148516	0	0	0	0	0	0	0	0	89	0	0	0	0	0	0	0	
149267	0	0	0	0	0	0	0	0	101	0	0	0	0	0	0	0	
150016	0	0	0	0	0	0	0	0	91	0	0	0	0	0	0	0	
150767	0	0	0	0	0	0	0	0	87	0	0	0	0	0	0	0	
151518	0	0	0	0	0	0	0	0	99	0	0	0	0	0	0	0	
152267	0	0	0	0	0	0	0	0	71	0	0	0	0	0	0	0	
153019	0	0	0	0	0	0	0	0	89	0	0	0	0	0	0	0	
153772	0	0	0	0	0	0	0	0	0	91	0	0	0	0	0	0	
154521	0	0	0	0	0	0	0	0	0	89	0	0	0	0	0	0	
155274	0	0	0	0	0	0	0	0	0	75	0	0	0	0	0	0	
156026	0	0	0	0	0	0	0	0	0	73	0	0	0	0	0	0	
156774	0	0	0	0	0	0	0	0	0	91	0	0	0	0	0	0	
157523	0	0	0	0	0	0	0	0	0	75	0	0	0	0	0	0	
158274	0	0	0	0	0	0	0	0	0	75	0	0	0	0	0	0	
159025	0	0	0	0	0	0	0	0	0	87	0	0	0	0	0	0	
159776	0	0	0	0	0	0	0	0	10	83	0	0	0	0	0	0	
160527	0	0	0	0	0	0	0	0	0	69	0	0	0	0	0	0	
161277	0	0	0	0	0	0	0	0	0	75	0	0	0	0	0	0	
162029	0	0	0	0	0	0	0	0	0	79	0	0	0	0	0	0	
162780	0	0	0	0	0	0	0	0	0	67	0	0	0	0	0	0	
163530	0	0	0	0	0	0	0	0	0	91	0	0	0	0	0	0	
164284	0	0	0	0	0	0	0	0	0	67	0	0	0	0	0	0	
165036	0	0	0	0	0	0	0	0	0	91	0	0	0	0	0	0	
165787	0	0	0	0	0	0	0	0	0	91	0	0	0	0	0	0	
166537	0	0	0	0	0	0	0	0	0	89	0	0	0	0	0	0	
167286	0	0	0	0	0	0	0	0	0	61	0	0	0	0	0	0	
168035	0	0	0	0	0	0	0	0	0	79	0	0	0	0	0	0	
168787	0	0	0	0	0	0	0	0	0	91	0	0	0	0	0	0	
169541	0	0	0	0	0	0	0	0	0	85	0	0	0	0	0	0	
170292	0	0	0	0	0	0	0	0	0	71	0	0	0	0	0	0	
171042	0	0	0	0	0	0	0	0	0	83	0	0	0	0	0	0	
171791	0	0	0	0	0	0	0	0	0	73	0	0	0	0	0	0	
172541	0	0	0	0	0	0	0	0	0	0	67	0	0	0	0	0	
173292	0	0	0	0	0	0	0	0	0	0	77	0	0	0	0	0	
174039	0	0	0	0	0	0	0	0	0	0	57	0	0	0	0	0	
174790	0	0	0	0	0	0	0	0	0	0	81	0	0	0	0	0	
175542	0	0	0	0	0	0	0	0	0	0	81	0	0	0	0	0	
176290	0	0	0	0	0	0	0	0	0	0	73	0	0	0	0	0	
177043	0	0	0	0	0	0	0	0	0	0	99	0	0	0	0	0	
177795	0	0	0	0	0	0	0	0	0	0	83	0	0	0	0	0	
178546	0	0	0	0	0	0	0	0	0	0	69	0	0	0	0	0	
179295	0	0	0	0	0	0	0	0	0	0	63	0	0	0	0	0	
180048	0	0	0	0	0	0	0	0	0	0	93	0	0	0	0	0	
180795	0	0	0	0	0	0	0	0	0	0	61	0	0	0	0	0	
181543	0	0	0	0	0	0	0	0	0	0	83	0	0	0	0	0	
182293	0	0	0	0	0	0	0	0	0	0	67	0	0	0	0	0	
183041	0	0	0	0	0	0	0	0	0	0	67	0	0	0	0	0	
183794	0	0	0	0	0	0	0	0	0	0	83	0	0	0	0	0	
184547	0	0	0	0	0	0	0	0	0	0	77	0	0	0	0	0	
185299	0	0	0	0	0	0	0	0	0	0	85	0	0	0	0	0	
186052	0	0	0	0	0	0	0	0	0	0	63	0	0	0	0	0	
186803	0	0	0	0	0	0	0	0	0	0	75	0	0	0	0	0	
187556	0	0	0	0	0	0	0	0	0	0	79	0	0	0	0	0	
188302	0	0	0	0	0	0	0	0	0	0	69	0	0	0	0	0	
189052	0	0	0	0	0	0	0	0	0	0	67	0	0	0	0	0	
189801	0	0	0	0	0	0	0	0	0	0	91	0	0	0	0	0	
190553	0	0	0	0	0	0	0	0	0	0	75	0	0	0	0	0	
191304	0	0	0	0	0	0	0	0	0	0	63	0	0	0	0	0	
192057	0	0	0	0	0	0	0	0	0	0	73	0	0	0	0	0	
192807	0	0	0	0	0	0	0	0	0	0	63	0	0	0	0	0	
193555	0	0	0	0	0	0	0	0	0	0	57	0	0	0	0	0	
194305	0	0	0	0	0	0	0	0	0	101	0	0	0	0	0	0	
195054	0	0	0	0	0	0	0	0	0	81	0	0	0	0	0	0	
195805	0	0	0	0	0	0	0	0	0	75	0	0	0	0	0	0	
196552	0	0	0	0	0	0	0	0	0	87	0	0	0	0	0	0	
197302	0	0	0	0	0	0	0	0	81	0	0	0	0	0	0	0	
198054	0	0	0	0	0	0	0	0	71	0	0	0	0	0	0	0	
198804	0	0	0	0	0	0	0	0	81	0	0	0	0	0	0	0	
199557	0	0	0	0	0	0	0	0	93	0	0	0	0	0	0	0	
200304	0	0	0	0	0	0	0	0	107	0	0	0	0	0	0	0	
201051	0	0	0	0	0	0	0	0	107	0	0	0	0	0	0	0	
201801	0	0	0	0	0	0	0	0	93	0	0	0	0	0	0	0	
202551	0	0	0	0	0	0	0	83	0	0	0	0	0	0	0	0	
203298	0	0	0	0	0	0	0	105	0	0	0	0	0	0	0	0	
204048	0	0	0	0	0	0	0	109	0	0	0	0	0	0	0	0	
204798	0	0	0	0	0	0	123	0	0	0	0	0	0	0	0	0	
205548	0	0	0	0	0	0	113	0	0	0	0	0	0	0	0	0	
206297	0	0	0	0	0	0	113	0	0	0	0	0	0	0	0	0	
207050	0	0	0	0	0	0	123	0	0	0	0	0	0	0	0	0	
207799	0	0	0	0	0	0	93	0	0	0	0	0	0	0	0	0	
208549	0	0	0	0	0	0	115	0	0	0	0	0	0	0	0	0	
209297	0	0	0	0	0	0	107	0	0	0	0	0	0	0	0	0	
210048	0	0	0	0	0	0	107	0	0	0	0	0	0	0	0	0	
210795	0	0	0	0	0	0	117	0	0	0	0	0	0	0	0	0	
211548	0	0	0	0	0	0	109	0	0	0	0	0	0	0	0	0	
212295	0	0	0	0	0	0	111	0	0	0	0	0	0	0	0	0	
213043	0	0	0	0	0	0	103	0	0	0	0	0	0	0	0	0	
213794	0	0	0	0	0	0	0	99	0	0	0	0	0	0	0	0	
214543	0	0	0	0	0	0	0	111	0	0	0	0	0	0	0	0	
215295	0	0	0	0	0	0	0	0	65	0	0	0	0	0	0	0	
216046	0	0	0	0	0	0	0	0	83	0	0	0	0	0	0	0	
216795	0	0	0	0	0	0	0	0	79	0	0	0	0	0	0	0	
217543	0	0	0	0	0	0	0	0	103	0	0	0	0	0	0	0	
218291	0	0	0	0	0	0	0	0	95	0	0	0	0	0	0	0	
219037	0	0	0	0	0	0	0	0	99	0	0	0	0	0	0	0	
219786	0	0	0	0	0	0	0	0	87	0	0	0	0	0	0	0	
220534	0	0	0	0	0	0	0	0	97	0	0	0	0	0	0	0	
221286	0	0	0	0	0	0	0	0	79	0	0	0	0	0	0	0	
222040	0	0	0	0	0	0	0	0	77	0	0	0	0	0	0	0	
222789	0	0	0	0	0	0	0	2	87	0	0	0	0	0	0	0	
223538	0	0	0	0	0	0	0	0	93	0	0	0	0	0	0	0	
224292	0	0	0	0	0	0	0	1	80	0	0	0	0	0	0	0	
225046	0	0	0	0	0	0	0	0	91	0	0	0	0	0	0	0	
225798	0	0	0	0	0	0	0	0	91	0	0	0	0	0	0	0	
226546	0	0	0	0	0	0	0	0	99	0	0	0	0	0	0	0	
227298	0	0	0	0	0	0	0	0	97	0	0	0	0	0	0	0	
228049	0	0	0	0	0	0	0	0	81	0	0	0	0	0	0	0	
228801	0	0	0	0	0	0	0	0	103	0	0	0	0	0	0	0	
229550	0	0	0	0	0	0	0	0	113	0	0	0	0	0	0	0	
230299	0	0	0	0	0	0	0	0	85	0	0	0	0	0	0	0	
231045	0	0	0	0	0	0	0	0	0	77	0	0	0	0	0	0	
231796	0	0	0	0	0	0	0	0	0	61	0	0	0	0	0	0	
232548	0	0	0	0	0	0	0	0	0	89	0	0	0	0	0	0	
233299	0	0	0	0	0	0	0	0	79	0	0	0	0	0	0	0	
234047	0	0	0	0	0	0	0	0	77	0	0	0	0	0	0	0	
234797	0	0	0	0	0	0	0	0	91	0	0	0	0	0	0	0	
235546	0	0	0	0	0	0	0	0	69	0	0	0	0	0	0	0	
236298	0	0	0	0	0	0	0	103	0	0	0	0	0	0	0	0	
237047	0	0	0	0	0	0	0	109	0	0	0	0	0	0	0	0	
237798	0	0	0	0	0	0	0	111	0	0	0	0	0	0	0	0	
238543	0	0	0	0	0	0	0	89	0	0	0	0	0	0	0	0	
239291	0	0	0	0	0	0	0	119	0	0	0	0	0	0	0	0	
240040	0	0	0	0	0	0	0	107	0	0	0	0	0	0	0	0	
240790	0	0	0	0	0	0	0	101	0	0	0	0	0	0	0	0	
241542	0	0	0	0	0	0	0	107	0	0	0	0	0	0	0	0	
242292	0	0	0	0	0	0	0	91	0	0	0	0	0	0	0	0	
243042	0	0	0	0	0	0	0	107	0	0	0	0	0	0	0	0	
243791	0	0	0	0	0	0	0	77	0	0	0	0	0	0	0	0	
244541	0	0	0	0	0	0	0	105	0	0	0	0	0	0	0	0	
245292	0	0	0	0	0	0	0	103	0	0	0	0	0	0	0	0	
246042	0	0	0	0	0	0	0	97	0	0	0	0	0	0	0	0	
246792	0	0	0	0	0	0	0	95	0	0	0	0	0	0	0	0	
247542	0	0	0	0	0	0	3	98	0	0	0	0	0	0	0	0	
248288	0	0	0	0	0	0	35	62	0	0	0	0	0	0	0	0	
249038	0	0	0	0	0	0	0	97	0	0	0	0	0	0	0	0	
249787	0	0	0	0	0	0	0	107	0	0	0	0	0	0	0	0	
250534	0	0	0	0	0	0	0	79	0	0	0	0	0	0	0	0	
251285	0	0	0	0	0	0	0	113	0	0	0	0	0	0	0	0	
252035	0	0	0	0	0	0	0	113	0	0	0	0	0	0	0	0	
252788	0	0	0	0	0	0	0	75	0	0	0	0	0	0	0	0	
253538	0	0	0	0	0	0	0	95	0	0	0	0	0	0	0	0	
254284	0	0	0	0	0	0	0	99	0	0	0	0	0	0	0	0	
255037	0	0	0	0	0	0	2	87	0	0	0	0	0	0	0	0	
255784	0	0	0	0	0	0	0	99	0	0	0	0	0	0	0	0	
256533	0	0	0	0	0	0	0	101	0	0	0	0	0	0	0	0	
257284	0	0	0	0	0	0	0	99	0	0	0	0	0	0	0	0	
258035	0	0	0	0	0	0	0	121	0	0	0	0	0	0	0	0	
258783	0	0	0	0	0	0	0	103	0	0	0	0	0	0	0	0	
259534	0	0	0	0	0	0	0	111	0	0	0	0	0	0	0	0	
260282	0	0	0	0	0	0	0	87	0	0	0	0	0	0	0	0	
261031	0	0	0	0	0	0	0	127	0	0	0	0	0	0	0	0	
261782	0	0	0	0	0	0	0	105	0	0	0	0	0	0	0	0	
262533	0	0	0	0	0	0	0	113	0	0	0	0	0	0	0	0	
263280	0	0	0	0	0	0	0	101	0	0	0	0	0	0	0	0	
264029	0	0	0	0	0	0	0	113	0	0	0	0	0	0	0	0	
264778	0	0	0	0	0	0	103	0	0	0	0	0	0	0	0	0	
265528	0	0	0	0	0	0	113	0	0	0	0	0	0	0	0	0	
266278	0	0	0	0	0	0	139	0	0	0	0	0	0	0	0	0	
267031	0	0	0	0	0	0	99	0	0	0	0	0	0	0	0	0	
267779	0	0	0	0	0	0	123	0	0	0	0	0	0	0	0	0	
268532	0	0	0	0	0	0	119	0	0	0	0	0	0	0	0	0	
269281	0	0	0	0	0	0	113	0	0	0	0	0	0	0	0	0	
270029	0	0	0	0	0	0	111	0	0	0	0	0	0	0	0	0	
270777	0	0	0	0	0	0	101	0	0	0	0	0	0	0	0	0	
271526	0	0	0	0	0	0	117	0	0	0	0	0	0	0	0	0	
272272	0	0	0	0	0	0	107	0	0	0	0	0	0	0	0	0	
273019	0	0	0	0	0	0	121	0	0	0	0	0	0	0	0	0	
273771	0	0	0	0	0	0	121	0	0	0	0	0	0	0	0	0	
274523	0	0	0	0	0	0	101	0	0	0	0	0	0	0	0	0	
275271	0	0	0	0	0	0	125	0	0	0	0	0	0	0	0	0	
276021	0	0	0	0	0	0	113	0	0	0	0	0	0	0	0	0	
276768	0	0	0	0	0	0	129	0	0	0	0	0	0	0	0	0	
277516	0	0	0	0	0	0	113	0	0	0	0	0	0	0	0	0	
278265	0	0	0	0	0	0	121	0	0	0	0	0	0	0	0	0	
279014	0	0	0	0	0	0	121	0	0	0	0	0	0	0	0	0	
279760	0	0	0	0	0	0	109	0	0	0	0	0	0	0	0	0	
280507	0	0	0	0	0	0	103	0	0	0	0	0	0	0	0	0	
281257	0	0	0	0	0	0	85	0	0	0	0	0	0	0	0	0	
282010	0	0	0	0	0	0	111	0	0	0	0	0	0	0	0	0	
282761	0	0	0	0	0	0	121	0	0	0	0	0	0	0	0	0	
283513	0	0	0	0	0	0	113	0	0	0	0	0	0	0	0	0	
284263	0	0	0	0	0	0	121	0	0	0	0	0	0	0	0	0	
285013	0	0	0	0	0	0	121	0	0	0	0	0	0	0	0	0	
285759	0	0	0	0	0	0	103	0	0	0	0	0	0	0	0	0	
286510	0	0	0	0	0	0	129	0	0	0	0	0	0	0	0	0	
287261	0	0	0	0	0	0	113	0	0	0	0	0	0	0	0	0	
288011	0	0	0	0	0	0	131	0	0	0	0	0	0	0	0	0	
288761	0	0	0	0	0	0	123	0	0	0	0	0	0	0	0	0	
289513	0	0	0	0	0	0	127	0	0	0	0	0	0	0	0	0	
290261	0	0	0	0	0	0	113	0	0	0	0	0	0	0	0	0	
291010	0	0	0	0	0	0	127	0	0	0	0	0	0	0	0	0	
291762	0	0	0	0	0	0	127	0	0	0	0	0	0	0	0	0	
292510	0	0	0	0	0	0	133	0	0	0	0	0	0	0	0	0	
293261	0	0	0	0	0	0	109	0	0	0	0	0	0	0	0	0	
294010	0	0	0	0	0	0	97	0	0	0	0	0	0	0	0	0	
294764	0	0	0	0	0	0	109	0	0	0	0	0	0	0	0	0	
295514	0	0	0	0	0	0	115	0	0	0	0	0	0	0	0	0	
296265	0	0	0	0	0	0	115	0	0	0	0	0	0	0	0	0	
297016	0	0	0	0	0	0	125	0	0	0	0	0	0	0	0	0	
297764	0	0	0	0	0	0	119	0	0	0	0	0	0	0	0	0	
298516	0	0	0	0	0	0	115	0	0	0	0	0	0	0	0	0	
299268	0	0	0	0	0	0	101	0	0	0	0	0	0	0	0	0	
300019	0	0	0	0	0	0	117	0	0	0	0	0	0	0	0	0	
300767	0	0	0	0	0	0	123	0	0	0	0	0	0	0	0	0	
301517	0	0	0	0	0	0	107	0	0	0	0	0	0	0	0	0	
302267	0	0	0	0	0	0	107	0	0	0	0	0	0	0	0	0	
303018	0	0	0	0	0	0	101	0	0	0	0	0	0	0	0	0	
303768	0	0	0	0	0	0	111	0	0	0	0	0	0	0	0	0	
304517	0	0	0	0	0	0	101	0	0	0	0	0	0	0	0	0	
305269	0	0	0	0	0	0	117	0	0	0	0	0	0	0	0	0	
306014	0	0	0	0	0	0	111	0	0	0	0	0	0	0	0	0	
306764	0	0	0	0	0	0	117	0	0	0	0	0	0	0	0	0	
307515	0	0	0	0	0	0	123	0	0	0	0	0	0	0	0	0	
308263	0	0	0	0	0	0	115	0	0	0	0	0	0	0	0	0	
309014	0	0	0	0	0	0	115	0	0	0	0	0	0	0	0	0	
309763	0	0	0	0	0	0	115	0	0	0	0	0	0	0	0	0	
310517	0	0	0	0	0	121	0	0	0	0	0	0	0	0	0	0	
311267	0	0	0	0	0	113	0	0	0	0	0	0	0	0	0	0	
312014	0	0	0	0	0	129	0	0	0	0	0	0	0	0	0	0	
312763	0	0	0	0	0	137	0	0	0	0	0	0	0	0	0	0	
313512	0	0	0	0	0	135	0	0	0	0	0	0	0	0	0	0	
314263	0	0	0	0	0	145	0	0	0	0	0	0	0	0	0	0	
315016	0	0	0	0	0	137	0	0	0	0	0	0	0	0	0	0	
315768	0	0	0	0	0	113	0	0	0	0	0	0	0	0	0	0	
316515	0	0	0	0	0	149	0	0	0	0	0	0	0	0	0	0	
317266	0	0	0	0	0	133	0	0	0	0	0	0	0	0	0	0	
318016	0	0	0	0	0	109	0	0	0	0	0	0	0	0	0	0	
318767	0	0	0	0	0	121	0	0	0	0	0	0	0	0	0	0	
319517	0	0	0	0	0	117	0	0	0	0	0	0	0	0	0	0	
320264	0	0	0	0	1	128	0	0	0	0	0	0	0	0	0	0	
321012	0	0	0	0	0	131	0	0	0	0	0	0	0	0	0	0	
321762	0	0	0	0	0	143	0	0	0	0	0	0	0	0	0	0	
322510	0	0	0	0	0	139	0	0	0	0	0	0	0	0	0	0	
323259	0	0	0	0	0	153	0	0	0	0	0	0	0	0	0	0	
324010	0	0	0	0	0	123	0	0	0	0	0	0	0	0	0	0	
324757	0	0	0	0	0	131	0	0	0	0	0	0	0	0	0	0	
325509	0	0	0	0	0	129	0	0	0	0	0	0	0	0	0	0	
326260	0	0	0	0	0	129	0	0	0	0	0	0	0	0	0	0	
327010	0	0	0	0	0	123	0	0	0	0	0	0	0	0	0	0	
327758	0	0	0	0	0	115	0	0	0	0	0	0	0	0	0	0	
328508	0	0	0	0	0	147	0	0	0	0	0	0	0	0	0	0	
329260	0	0	0	0	0	133	0	0	0	0	0	0	0	0	0	0	
330011	0	0	0	0	2	123	0	0	0	0	0	0	0	0	0	0	
330762	0	0	0	0	0	137	0	0	0	0	0	0	0	0	0	0	
331513	0	0	0	0	0	139	0	0	0	0	0	0	0	0	0	0	
332265	0	0	0	0	0	137	0	0	0	0	0	0	0	0	0	0	
333016	0	0	0	0	0	123	0	0	0	0	0	0	0	0	0	0	
333766	0	0	0	0	0	121	0	0	0	0	0	0	0	0	0	0	
334516	0	0	0	0	0	135	0	0	0	0	0	0	0	0	0	0	
335266	0	0	0	0	0	137	0	0	0	0	0	0	0	0	0	0	
336012	0	0	0	0	0	123	0	0	0	0	0	0	0	0	0	0	
336764	0	0	0	0	0	133	0	0	0	0	0	0	0	0	0	0	
337514	0	0	0	0	0	127	0	0	0	0	0	0	0	0	0	0	
338263	0	0	0	0	0	103	0	0	0	0	0	0	0	0	0	0	
339013	0	0	0	0	0	129	0	0	0	0	0	0	0	0	0	0	
339762	0	0	0	0	0	119	0	0	0	0	0	0	0	0	0	0	
340513	0	0	0	0	167	0	0	0	0	0	0	0	0	0	0	0	
341261	0	0	0	0	149	0	0	0	0	0	0	0	0	0	0	0	
342011	0	0	0	0	0	145	0	0	0	0	0	0	0	0	0	0	
342762	0	0	0	0	0	149	0	0	0	0	0	0	0	0	0	0	
343514	0	0	0	0	0	133	0	0	0	0	0	0	0	0	0	0	
344268	0	0	0	0	0	145	0	0	0	0	0	0	0	0	0	0	
345019	0	0	0	0	0	137	0	0	0	0	0	0	0	0	0	0	
345770	0	0	0	0	0	133	0	0	0	0	0	0	0	0	0	0	
346516	0	0	0	0	0	139	0	0	0	0	0	0	0	0	0	0	
347267	0	0	0	0	0	141	0	0	0	0	0	0	0	0	0	0	
348019	0	0	0	0	0	135	0	0	0	0	0	0	0	0	0	0	
348771	0	0	0	0	0	133	0	0	0	0	0	0	0	0	0	0	
349517	0	0	0	0	0	117	0	0	0	0	0	0	0	0	0	0	
350268	0	0	0	0	0	123	0	0	0	0	0	0	0	0	0	0	
351017	0	0	0	0	0	115	0	0	0	0	0	0	0	0	0	0	
351768	0	0	0	0	0	135	0	0	0	0	0	0	0	0	0	0	
352515	0	0	0	0	0	117	0	0	0	0	0	0	0	0	0	0	
353264	0	0	0	0	0	123	0	0	0	0	0	0	0	0	0	0	
354017	0	0	0	0	0	133	0	0	0	0	0	0	0	0	0	0	
354763	0	0	0	0	0	141	0	0	0	0	0	0	0	0	0	0	
355513	0	0	0	0	169	0	0	0	0	0	0	0	0	0	0	0	
356262	0	0	0	0	175	0	0	0	0	0	0	0	0	0	0	0	
357012	0	0	0	0	157	0	0	0	0	0	0	0	0	0	0	0	
357762	0	0	0	0	145	0	0	0	0	0	0	0	0	0	0	0	
358510	0	0	0	0	133	0	0	0	0	0	0	0	0	0	0	0	
359260	0	0	0	0	179	0	0	0	0	0	0	0	0	0	0	0	
360011	0	0	0	0	157	0	0	0	0	0	0	0	0	0	0	0	
360760	0	0	0	0	167	0	0	0	0	0	0	0	0	0	0	0	
361510	0	0	0	0	167	0	0	0	0	0	0	0	0	0	0	0	
362262	0	0	0	0	143	0	0	0	0	0	0	0	0	0	0	0	
363010	0	0	0	0	141	0	0	0	0	0	0	0	0	0	0	0	
363762	0	0	0	0	139	0	0	0	0	0	0	0	0	0	0	0	
364512	0	0	0	0	183	0	0	0	0	0	0	0	0	0	0	0	
365262	0	0	0	0	167	0	0	0	0	0	0	0	0	0	0	0	
366009	0	0	0	0	167	0	0	0	0	0	0	0	0	0	0	0	
366761	0	0	0	0	163	0	0	0	0	0	0	0	0	0	0	0	
367511	0	0	0	0	141	0	0	0	0	0	0	0	0	0	0	0	
368259	0	0	0	2	159	0	0	0	0	0	0	0	0	0	0	0	
369006	0	0	0	0	151	0	0	0	0	0	0	0	0	0	0	0	
369760	0	0	0	0	159	0	0	0	0	0	0	0	0	0	0	0	
370513	0	0	0	0	161	0	0	0	0	0	0	0	0	0	0	0	
371263	0	0	0	4	143	0	0	0	0	0	0	0	0	0	0	0	
372011	0	0	0	0	133	0	0	0	0	0	0	0	0	0	0	0	
372757	0	0	0	0	165	0	0	0	0	0	0	0	0	0	0	0	
373506	0	0	0	0	145	0	0	0	0	0	0	0	0	0	0	0	
374256	0	0	0	0	163	0	0	0	0	0	0	0	0	0	0	0	
375009	0	0	0	0	155	0	0	0	0	0	0	0	0	0	0	0	
375762	0	0	0	0	137	0	0	0	0	0	0	0	0	0	0	0	
376514	0	0	0	0	143	0	0	0	0	0	0	0	0	0	0	0	
377264	0	0	0	0	141	0	0	0	0	0	0	0	0	0	0	0	
378015	0	0	0	0	147	0	0	0	0	0	0	0	0	0	0	0	
378768	0	0	0	0	165	0	0	0	0	0	0	0	0	0	0	0	
379517	0	0	0	0	163	0	0	0	0	0	0	0	0	0	0	0	
380265	0	0	0	0	147	0	0	0	0	0	0	0	0	0	0	0	
381019	0	0	0	0	137	0	0	0	0	0	0	0	0	0	0	0	
381768	0	0	0	0	159	0	0	0	0	0	0	0	0	0	0	0	
382521	0	0	0	0	161	0	0	0	0	0	0	0	0	0	0	0	
383271	0	0	0	0	151	0	0	0	0	0	0	0	0	0	0	0	
384021	0	0	0	195	0	0	0	0	0	0	0	0	0	0	0	0	
384771	0	0	0	197	0	0	0	0	0	0	0	0	0	0	0	0	
385523	0	0	0	187	0	0	0	0	0	0	0	0	0	0	0	0	
386272	0	0	0	183	0	0	0	0	0	0	0	0	0	0	0	0	
387020	0	0	0	233	0	0	0	0	0	0	0	0	0	0	0	0	
387768	0	0	0	205	0	0	0	0	0	0	0	0	0	0	0	0	
388518	0	0	0	195	0	0	0	0	0	0	0	0	0	0	0	0	
389269	0	0	0	191	0	0	0	0	0	0	0	0	0	0	0	0	
390019	0	0	0	221	0	0	0	0	0	0	0	0	0	0	0	0	
390769	0	0	0	203	0	0	0	0	0	0	0	0	0	0	0	0	
391517	0	0	0	185	0	0	0	0	0	0	0	0	0	0	0	0	
392266	0	0	0	185	0	0	0	0	0	0	0	0	0	0	0	0	
393014	0	0	0	147	26	0	0	0	0	0	0	0	0	0	0	0	
393765	0	0	0	215	0	0	0	0	0	0	0	0	0	0	0	0	
394514	0	0	0	175	0	0	0	0	0	0	0	0	0	0	0	0	
395266	0	0	0	225	0	0	0	0	0	0	0	0	0	0	0	0	
396014	0	0	0	193	0	0	0	0	0	0	0	0	0	0	0	0	
396767	0	0	0	209	0	0	0	0	0	0	0	0	0	0	0	0	
397517	0	0	0	203	0	0	0	0	0	0	0	0	0	0	0	0	
398267	0	0	0	175	0	0	0	0	0	0	0	0	0	0	0	0	
399015	0	0	0	201	0	0	0	0	0	0	0	0	0	0	0	0	
399764	0	0	0	209	0	0	0	0	0	0	0	0	0	0	0	0	
400510	0	0	0	225	0	0	0	0	0	0	0	0	0	0	0	0	
401263	0	0	0	175	0	0	0	0	0	0	0	0	0	0	0	0	
402013	0	0	0	187	0	0	0	0	0	0	0	0	0	0	0	0	
402763	0	0	0	249	0	0	0	0	0	0	0	0	0	0	0	0	
403513	0	0	0	0	155	0	0	0	0	0	0	0	0	0	0	0	
404260	0	0	0	0	177	0	0	0	0	0	0	0	0	0	0	0	
405012	0	0	0	0	161	0	0	0	0	0	0	0	0	0	0	0	
405761	0	0	0	0	163	0	0	0	0	0	0	0	0	0	0	0	
406512	0	0	0	0	175	0	0	0	0	0	0	0	0	0	0	0	
407263	0	0	0	0	118	45	0	0	0	0	0	0	0	0	0	0	
408012	0	0	0	0	155	0	0	0	0	0	0	0	0	0	0	0	
408762	0	0	0	0	159	0	0	0	0	0	0	0	0	0	0	0	
409515	0	0	0	0	177	0	0	0	0	0	0	0	0	0	0	0	
410270	0	0	0	0	169	0	0	0	0	0	0	0	0	0	0	0	
411017	0	0	0	0	163	0	0	0	0	0	0	0	0	0	0	0	
411766	0	0	0	0	159	0	0	0	0	0	0	0	0	0	0	0	
412517	0	0	0	0	149	0	0	0	0	0	0	0	0	0	0	0	
413267	0	0	0	181	0	0	0	0	0	0	0	0	0	0	0	0	
414017	0	0	0	195	0	0	0	0	0	0	0	0	0	0	0	0	
414766	0	0	0	191	0	0	0	0	0	0	0	0	0	0	0	0	
415513	0	0	0	189	0	0	0	0	0	0	0	0	0	0	0	0	
416265	0	0	0	185	0	0	0	0	0	0	0	0	0	0	0	0	
417015	0	0	0	201	0	0	0	0	0	0	0	0	0	0	0	0	
417762	0	0	0	195	0	0	0	0	0	0	0	0	0	0	0	0	
418512	0	0	0	185	0	0	0	0	0	0	0	0	0	0	0	0	
419258	0	0	0	195	0	0	0	0	0	0	0	0	0	0	0	0	
420008	0	0	0	225	0	0	0	0	0	0	0	0	0	0	0	0	
420760	0	0	0	175	0	0	0	0	0	0	0	0	0	0	0	0	
421507	0	0	0	175	0	0	0	0	0	0	0	0	0	0	0	0	
422257	0	0	0	211	0	0	0	0	0	0	0	0	0	0	0	0	
423012	0	0	0	227	0	0	0	0	0	0	0	0	0	0	0	0	
423760	0	0	0	209	0	0	0	0	0	0	0	0	0	0	0	0	
424512	0	0	0	195	0	0	0	0	0	0	0	0	0	0	0	0	
425264	0	0	0	189	0	0	0	0	0	0	0	0	0	0	0	0	
426014	0	0	0	169	0	0	0	0	0	0	0	0	0	0	0	0	
426765	0	0	0	207	0	0	0	0	0	0	0	0	0	0	0	0	
427515	0	0	0	207	0	0	0	0	0	0	0	0	0	0	0	0	
428264	0	0	0	185	0	0	0	0	0	0	0	0	0	0	0	0	
429013	0	0	0	193	0	0	0	0	0	0	0	0	0	0	0	0	
429760	0	0	0	215	0	0	0	0	0	0	0	0	0	0	0	0	
430508	0	0	0	205	0	0	0	0	0	0	0	0	0	0	0	0	
431259	0	0	0	193	0	0	0	0	0	0	0	0	0	0	0	0	
432010	0	0	0	187	0	0	0	0	0	0	0	0	0	0	0	0	
432758	0	0	0	203	0	0	0	0	0	0	0	0	0	0	0	0	
433508	0	0	0	193	0	0	0	0	0	0	0	0	0	0	0	0	
434263	0	0	0	193	0	0	0	0	0	0	0	0	0	0	0	0	
435014	0	0	0	197	0	0	0	0	0	0	0	0	0	0	0	0	
435763	0	0	0	199	0	0	0	0	0	0	0	0	0	0	0	0	
436514	0	0	0	217	0	0	0	0	0	0	0	0	0	0	0	0	
437263	0	0	0	201	0	0	0	0	0	0	0	0	0	0	0	0	
438017	0	0	3	204	0	0	0	0	0	0	0	0	0	0	0	0	
438764	0	0	277	0	0	0	0	0	0	0	0	0	0	0	0	0	
439512	0	0	225	0	0	0	0	0	0	0	0	0	0	0	0	0	
440264	0	0	303	0	0	0	0	0	0	0	0	0	0	0	0	0	
441011	0	0	0	189	0	0	0	0	0	0	0	0	0	0	0	0	
441765	0	0	0	185	0	0	0	0	0	0	0	0	0	0	0	0	
442513	0	0	261	0	0	0	0	0	0	0	0	0	0	0	0	0	
443259	0	0	257	0	0	0	0	0	0	0	0	0	0	0	0	0	
444010	0	0	245	0	0	0	0	0	0	0	0	0	0	0	0	0	
444765	0	0	277	0	0	0	0	0	0	0	0	0	0	0	0	0	
445515	0	0	311	0	0	0	0	0	0	0	0	0	0	0	0	0	
446266	0	0	251	0	0	0	0	0	0	0	0	0	0	0	0	0	
447020	0	0	247	0	0	0	0	0	0	0	0	0	0	0	0	0	
447771	0	0	281	0	0	0	0	0	0	0	0	0	0	0	0	0	
448520	0	0	265	0	0	0	0	0	0	0	0	0	0	0	0	0	
449269	0	0	259	0	0	0	0	0	0	0	0	0	0	0	0	0	
450020	0	0	275	0	0	0	0	0	0	0	0	0	0	0	0	0	
450773	0	0	273	0	0	0	0	0	0	0	0	0	0	0	0	0	
451524	0	0	249	0	0	0	0	0	0	0	0	0	0	0	0	0	
452270	0	0	277	0	0	0	0	0	0	0	0	0	0	0	0	0	
453021	0	0	255	0	0	0	0	0	0	0	0	0	0	0	0	0	
453769	0	0	273	0	0	0	0	0	0	0	0	0	0	0	0	0	
454518	0	0	229	0	0	0	0	0	0	0	0	0	0	0	0	0	
455272	0	0	253	0	0	0	0	0	0	0	0	0	0	0	0	0	
456024	0	0	243	0	0	0	0	0	0	0	0	0	0	0	0	0	
456771	0	0	271	0	0	0	0	0	0	0	0	0	0	0	0	0	
457521	0	0	245	0	0	0	0	0	0	0	0	0	0	0	0	0	
458272	0	0	221	0	0	0	0	0	0	0	0	0	0	0	0	0	
459025	0	0	285	0	0	0	0	0	0	0	0	0	0	0	0	0	
459775	0	0	267	0	0	0	0	0	0	0	0	0	0	0	0	0	
460524	0	0	253	0	0	0	0	0	0	0	0	0	0	0	0	0	
461273	0	0	253	0	0	0	0	0	0	0	0	0	0	0	0	0	
462026	0	0	255	0	0	0	0	0	0	0	0	0	0	0	0	0	
462777	0	0	247	0	0	0	0	0	0	0	0	0	0	0	0	0	
463525	0	0	253	0	0	0	0	0	0	0	0	0	0	0	0	0	
464274	0	0	247	0	0	0	0	0	0	0	0	0	0	0	0	0	
465024	0	0	269	0	0	0	0	0	0	0	0	0	0	0	0	0	
465775	0	0	269	0	0	0	0	0	0	0	0	0	0	0	0	0	
466522	0	0	255	0	0	0	0	0	0	0	0	0	0	0	0	0	
467274	0	0	309	0	0	0	0	0	0	0	0	0	0	0	0	0	
468022	0	0	265	0	0	0	0	0	0	0	0	0	0	0	0	0	
468772	0	0	261	0	0	0	0	0	0	0	0	0	0	0	0	0	
469519	0	0	257	0	0	0	0	0	0	0	0	0	0	0	0	0	
470270	0	0	267	0	0	0	0	0	0	0	0	0	0	0	0	0	
471017	0	0	259	0	0	0	0	0	0	0	0	0	0	0	0	0	
471769	0	0	245	0	0	0	0	0	0	0	0	0	0	0	0	0	
472522	0	0	273	0	0	0	0	0	0	0	0	0	0	0	0	0	
473275	0	0	271	0	0	0	0	0	0	0	0	0	0	0	0	0	
474022	0	0	237	0	0	0	0	0	0	0	0	0	0	0	0	0	
474773	0	0	249	0	0	0	0	0	0	0	0	0	0	0	0	0	
475522	0	0	297	0	0	0	0	0	0	0	0	0	0	0	0	0	
476274	0	0	245	0	0	0	0	0	0	0	0	0	0	0	0	0	
477024	0	0	239	0	0	0	0	0	0	0	0	0	0	0	0	0	
477776	0	0	261	0	0	0	0	0	0	0	0	0	0	0	0	0	
478527	0	0	273	0	0	0	0	0	0	0	0	0	0	0	0	0	
479279	0	0	277	0	0	0	0	0	0	0	0	0	0	0	0	0	
480030	0	0	273	0	0	0	0	0	0	0	0	0	0	0	0	0	
480777	0	0	269	0	0	0	0	0	0	0	0	0	0	0	0	0	
481527	0	0	249	0	0	0	0	0	0	0	0	0	0	0	0	0	
482282	0	0	253	0	0	0	0	0	0	0	0	0	0	0	0	0	
483031	0	0	263	0	0	0	0	0	0	0	0	0	0	0	0	0	
483781	0	0	261	0	0	0	0	0	0	0	0	0	0	0	0	0	
484531	0	0	275	0	0	0	0	0	0	0	0	0	0	0	0	0	
485282	0	0	259	0	0	0	0	0	0	0	0	0	0	0	0	0	
486030	0	0	259	0	0	0	0	0	0	0	0	0	0	0	0	0	
486782	0	0	253	0	0	0	0	0	0	0	0	0	0	0	0	0	
487534	0	0	289	0	0	0	0	0	0	0	0	0	0	0	0	0	
488283	0	0	265	0	0	0	0	0	0	0	0	0	0	0	0	0	
489030	0	0	319	0	0	0	0	0	0	0	0	0	0	0	0	0	
489779	0	0	261	0	0	0	0	0	0	0	0	0	0	0	0	0	
490529	0	0	267	0	0	0	0	0	0	0	0	0	0	0	0	0	
491279	0	0	235	0	0	0	0	0	0	0	0	0	0	0	0	0	
492029	0	0	251	0	0	0	0	0	0	0	0	0	0	0	0	0	
492778	0	0	245	0	0	0	0	0	0	0	0	0	0	0	0	0	
493526	0	0	255	0	0	0	0	0	0	0	0	0	0	0	0	0	
494276	0	0	279	0	0	0	0	0	0	0	0	0	0	0	0	0	
495025	0	0	277	0	0	0	0	0	0	0	0	0	0	0	0	0	
495772	0	0	267	0	0	0	0	0	0	0	0	0	0	0	0	0	
496520	0	0	263	0	0	0	0	0	0	0	0	0	0	0	0	0	
497272	0	0	271	0	0	0	0	0	0	0	0	0	0	0	0	0	
498022	0	0	259	0	0	0	0	0	0	0	0	0	0	0	0	0	
498770	0	0	273	0	0	0	0	0	0	0	0	0	0	0	0	0	
499522	0	0	284	1	0	0	0	0	0	0	0	0	0	0	0	0	
500270	0	0	289	0	0	0	0	0	0	0	0	0	0	0	0	0	
501021	0	0	273	0	0	0	0	0	0	0	0	0	0	0	0	0	
501771	0	0	279	0	0	0	0	0	0	0	0	0	0	0	0	0	
502522	0	0	265	0	0	0	0	0	0	0	0	0	0	0	0	0	
503273	0	0	241	0	0	0	0	0	0	0	0	0	0	0	0	0	
504027	0	0	0	201	0	0	0	0	0	0	0	0	0	0	0	0	
504776	0	0	0	179	0	0	0	0	0	0	0	0	0	0	0	0	
505524	0	0	0	187	0	0	0	0	0	0	0	0	0	0	0	0	
506275	0	0	0	221	0	0	0	0	0	0	0	0	0	0	0	0	
507020	0	0	0	201	4	0	0	0	0	0	0	0	0	0	0	0	
507769	0	0	0	0	163	0	0	0	0	0	0	0	0	0	0	0	
508518	0	0	0	0	151	0	0	0	0	0	0	0	0	0	0	0	
509268	0	0	0	0	151	0	0	0	0	0	0	0	0	0	0	0	
510018	0	0	0	0	151	0	0	0	0	0	0	0	0	0	0	0	
510770	0	0	0	0	173	0	0	0	0	0	0	0	0	0	0	0	
511519	0	0	0	0	175	0	0	0	0	0	0	0	0	0	0	0	
512269	0	0	0	0	151	0	0	0	0	0	0	0	0	0	0	0	
513020	0	0	0	0	171	0	0	0	0	0	0	0	0	0	0	0	
513768	0	0	0	0	159	0	0	0	0	0	0	0	0	0	0	0	
514518	0	0	0	0	173	0	0	0	0	0	0	0	0	0	0	0	
515270	0	0	0	0	167	0	0	0	0	0	0	0	0	0	0	0	
516022	0	0	0	0	171	0	0	0	0	0	0	0	0	0	0	0	
516770	0	0	0	0	155	0	0	0	0	0	0	0	0	0	0	0	
517517	0	0	0	0	189	0	0	0	0	0	0	0	0	0	0	0	
518265	0	0	0	0	149	0	0	0	0	0	0	0	0	0	0	0	
519018	0	0	0	0	169	0	0	0	0	0	0	0	0	0	0	0	
519766	0	0	0	0	0	137	0	0	0	0	0	0	0	0	0	0	
520516	0	0	0	0	0	115	0	0	0	0	0	0	0	0	0	0	
521265	0	0	0	0	0	127	0	0	0	0	0	0	0	0	0	0	
522019	0	0	0	0	0	145	0	0	0	0	0	0	0	0	0	0	
522769	0	0	0	0	0	145	0	0	0	0	0	0	0	0	0	0	
523516	0	0	0	0	0	139	0	0	0	0	0	0	0	0	0	0	
524264	0	0	0	0	0	133	0	0	0	0	0	0	0	0	0	0	
525014	0	0	0	0	14	149	0	0	0	0	0	0	0	0	0	0	
525758	0	0	0	0	0	133	0	0	0	0	0	0	0	0	0	0	
526508	0	0	0	0	157	0	0	0	0	0	0	0	0	0	0	0	
527256	0	0	0	0	159	0	0	0	0	0	0	0	0	0	0	0	
528006	0	0	0	0	157	0	0	0	0	0	0	0	0	0	0	0	
528761	0	0	0	0	171	0	0	0	0	0	0	0	0	0	0	0	
529510	0	0	0	0	161	0	0	0	0	0	0	0	0	0	0	0	
530259	0	0	0	0	0	107	0	0	0	0	0	0	0	0	0	0	
531009	0	0	0	0	0	141	0	0	0	0	0	0	0	0	0	0	
531757	0	0	0	0	0	137	0	0	0	0	0	0	0	0	0	0	
532507	0	0	0	0	0	139	0	0	0	0	0	0	0	0	0	0	
533257	0	0	0	0	0	111	0	0	0	0	0	0	0	0	0	0	
534007	0	0	0	0	0	119	0	0	0	0	0	0	0	0	0	0	
534757	0	0	0	0	0	133	0	0	0	0	0	0	0	0	0	0	
535505	0	0	0	0	0	115	0	0	0	0	0	0	0	0	0	0	
536256	0	0	0	0	0	125	0	0	0	0	0	0	0	0	0	0	
537005	0	0	0	0	0	133	0	0	0	0	0	0	0	0	0	0	
537750	0	0	0	0	0	133	0	0	0	0	0	0	0	0	0	0	
538497	0	0	0	0	0	131	0	0	0	0	0	0	0	0	0	0	
539250	0	0	0	0	0	129	0	0	0	0	0	0	0	0	0	0	
540001	0	0	0	0	0	121	0	0	0	0	0	0	0	0	0	0	
540750	0	0	0	0	0	135	0	0	0	0	0	0	0	0	0	0	
541498	0	0	0	0	0	123	0	0	0	0	0	0	0	0	0	0	
542248	0	0	0	0	0	139	0	0	0	0	0	0	0	0	0	0	
542998	0	0	0	0	155	0	0	0	0	0	0	0	0	0	0	0	
543748	0	0	0	0	153	0	0	0	0	0	0	0	0	0	0	0	
544500	0	0	0	4	149	0	0	0	0	0	0	0	0	0	0	0	
545249	0	0	0	0	145	0	0	0	0	0	0	0	0	0	0	0	
545999	0	0	0	1	150	0	0	0	0	0	0	0	0	0	0	0	
546747	0	0	0	0	175	0	0	0	0	0	0	0	0	0	0	0	
547499	0	0	0	0	165	0	0	0	0	0	0	0	0	0	0	0	
548251	0	0	0	0	161	0	0	0	0	0	0	0	0	0	0	0	
548997	0	0	0	0	165	0	0	0	0	0	0	0	0	0	0	0	
549744	0	0	0	0	161	0	0	0	0	0	0	0	0	0	0	0	
550497	0	0	0	0	151	0	0	0	0	0	0	0	0	0	0	0	
551248	0	0	0	0	143	0	0	0	0	0	0	0	0	0	0	0	
551997	0	0	0	0	167	0	0	0	0	0	0	0	0	0	0	0	
552744	0	0	0	0	175	0	0	0	0	0	0	0	0	0	0	0	
553494	0	0	0	0	167	0	0	0	0	0	0	0	0	0	0	0	
554245	0	0	0	0	151	0	0	0	0	0	0	0	0	0	0	0	
554995	0	0	0	0	185	0	0	0	0	0	0	0	0	0	0	0	
555746	0	0	0	0	167	0	0	0	0	0	0	0	0	0	0	0	
556496	0	0	0	0	141	0	0	0	0	0	0	0	0	0	0	0	
557247	0	0	0	0	159	0	0	0	0	0	0	0	0	0	0	0	
557996	0	0	0	0	161	0	0	0	0	0	0	0	0	0	0	0	
558745	0	0	0	0	179	0	0	0	0	0	0	0	0	0	0	0	
559495	0	0	0	0	169	0	0	0	0	0	0	0	0	0	0	0	
560243	0	0	0	0	147	0	0	0	0	0	0	0	0	0	0	0	
560992	0	0	0	0	161	0	0	0	0	0	0	0	0	0	0	0	
561743	0	0	0	185	0	0	0	0	0	0	0	0	0	0	0	0	
562492	0	0	0	193	0	0	0	0	0	0	0	0	0	0	0	0	
563242	0	0	0	193	0	0	0	0	0	0	0	0	0	0	0	0	
563994	0	0	0	203	0	0	0	0	0	0	0	0	0	0	0	0	
564744	0	0	0	193	0	0	0	0	0	0	0	0	0	0	0	0	
565494	0	0	0	207	0	0	0	0	0	0	0	0	0	0	0	0	
566244	0	0	0	197	0	0	0	0	0	0	0	0	0	0	0	0	
566994	0	0	0	201	0	0	0	0	0	0	0	0	0	0	0	0	
567744	0	0	0	187	0	0	0	0	0	0	0	0	0	0	0	0	
568493	0	0	9	196	0	0	0	0	0	0	0	0	0	0	0	0	
569240	0	0	0	189	0	0	0	0	0	0	0	0	0	0	0	0	
569994	0	0	0	193	0	0	0	0	0	0	0	0	0	0	0	0	
570742	0	0	0	205	0	0	0	0	0	0	0	0	0	0	0	0	
571493	0	0	0	221	0	0	0	0	0	0	0	0	0	0	0	0	
572243	0	0	0	191	0	0	0	0	0	0	0	0	0	0	0	0	
572995	0	0	0	191	0	0	0	0	0	0	0	0	0	0	0	0	
573742	0	0	0	185	0	0	0	0	0	0	0	0	0	0	0	0	
574490	0	0	0	191	0	0	0	0	0	0	0	0	0	0	0	0	
575239	0	0	0	197	0	0	0	0	0	0	0	0	0	0	0	0	
575988	0	0	0	191	0	0	0	0	0	0	0	0	0	0	0	0	
576741	0	0	0	169	0	0	0	0	0	0	0	0	0	0	0	0	
577486	0	0	0	231	0	0	0	0	0	0	0	0	0	0	0	0	
578240	0	0	0	179	0	0	0	0	0	0	0	0	0	0	0	0	
578994	0	0	0	195	0	0	0	0	0	0	0	0	0	0	0	0	
579743	0	0	0	205	0	0	0	0	0	0	0	0	0	0	0	0	
580495	0	0	0	217	0	0	0	0	0	0	0	0	0	0	0	0	
581245	0	0	0	187	0	0	0	0	0	0	0	0	0	0	0	0	
581993	0	0	0	161	10	0	0	0	0	0	0	0	0	0	0	0	
582743	0	0	0	201	2	0	0	0	0	0	0	0	0	0	0	0	
583492	0	0	0	209	0	0	0	0	0	0	0	0	0	0	0	0	
584246	0	0	0	213	0	0	0	0	0	0	0	0	0	0	0	0	
584995	0	0	0	195	0	0	0	0	0	0	0	0	0	0	0	0	
585746	0	0	0	173	0	0	0	0	0	0	0	0	0	0	0	0	
586497	0	0	0	189	0	0	0	0	0	0	0	0	0	0	0	0	
587248	0	0	0	219	0	0	0	0	0	0	0	0	0	0	0	0	
587997	0	0	0	195	0	0	0	0	0	0	0	0	0	0	0	0	
588743	0	0	0	197	0	0	0	0	0	0	0	0	0	0	0	0	
589492	0	0	0	211	0	0	0	0	0	0	0	0	0	0	0	0	
590243	0	0	0	199	0	0	0	0	0	0	0	0	0	0	0	0	
590994	0	0	0	201	0	0	0	0	0	0	0	0	0	0	0	0	
591744	0	0	0	187	6	0	0	0	0	0	0	0	0	0	0	0	
592495	0	0	0	205	0	0	0	0	0	0	0	0	0	0	0	0	
593245	0	0	0	211	0	0	0	0	0	0	0	0	0	0	0	0	
593994	0	0	0	203	0	0	0	0	0	0	0	0	0	0	0	0	
594746	0	0	0	211	0	0	0	0	0	0	0	0	0	0	0	0	
595495	0	0	0	201	0	0	0	0	0	0	0	0	0	0	0	0	
596245	0	0	0	70	113	0	0	0	0	0	0	0	0	0	0	0	
596992	0	0	0	0	177	0	0	0	0	0	0	0	0	0	0	0	
597740	0	0	0	0	161	0	0	0	0	0	0	0	0	0	0	0	
598492	0	0	0	0	155	0	0	0	0	0	0	0	0	0	0	0	
599245	0	0	0	0	161	0	0	0	0	0	0	0	0	0	0	0	
599997	0	0	0	0	163	0	0	0	0	0	0	0	0	0	0	0	
600744	0	0	0	0	145	0	0	0	0	0	0	0	0	0	0	0	
601497	0	0	0	0	171	0	0	0	0	0	0	0	0	0	0	0	
602249	0	0	0	0	163	0	0	0	0	0	0	0	0	0	0	0	
602998	0	0	0	0	143	0	0	0	0	0	0	0	0	0	0	0	
603746	0	0	0	0	165	0	0	0	0	0	0	0	0	0	0	0	
604496	0	0	0	0	151	0	0	0	0	0	0	0	0	0	0	0	
605243	0	0	0	0	143	0	0	0	0	0	0	0	0	0	0	0	
605991	0	0	0	0	149	0	0	0	0	0	0	0	0	0	0	0	
606738	0	0	0	0	153	0	0	0	0	0	0	0	0	0	0	0	
607489	0	0	0	0	177	0	0	0	0	0	0	0	0	0	0	0	
608241	0	0	0	0	167	0	0	0	0	0	0	0	0	0	0	0	
608991	0	0	0	0	157	0	0	0	0	0	0	0	0	0	0	0	
609741	0	0	0	0	169	0	0	0	0	0	0	0	0	0	0	0	
610493	0	0	0	0	181	0	0	0	0	0	0	0	0	0	0	0	
611242	0	0	0	0	165	0	0	0	0	0	0	0	0	0	0	0	
611992	0	0	0	0	157	0	0	0	0	0	0	0	0	0	0	0	
612743	0	0	0	0	171	0	0	0	0	0	0	0	0	0	0	0	
613494	0	0	0	0	163	0	0	0	0	0	0	0	0	0	0	0	
614242	0	0	0	0	165	0	0	0	0	0	0	0	0	0	0	0	
614990	0	0	0	0	171	0	0	0	0	0	0	0	0	0	0	0	
615741	0	0	0	0	155	0	0	0	0	0	0	0	0	0	0	0	
616491	0	0	0	0	147	0	0	0	0	0	0	0	0	0	0	0	
617241	0	0	0	0	163	0	0	0	0	0	0	0	0	0	0	0	
617992	0	0	0	0	165	0	0	0	0	0	0	0	0	0	0	0	
618740	0	0	0	0	159	0	0	0	0	0	0	0	0	0	0	0	
619493	0	0	0	0	167	0	0	0	0	0	0	0	0	0	0	0	
620242	0	0	0	0	161	0	0	0	0	0	0	0	0	0	0	0	
620992	0	0	0	0	149	0	0	0	0	0	0	0	0	0	0	0	
621743	0	0	0	0	157	0	0	0	0	0	0	0	0	0	0	0	
622491	0	0	0	0	133	0	0	0	0	0	0	0	0	0	0	0	
623241	0	0	0	0	175	0	0	0	0	0	0	0	0	0	0	0	
623992	0	0	0	0	175	0	0	0	0	0	0	0	0	0	0	0	
624744	0	0	0	0	143	0	0	0	0	0	0	0	0	0	0	0	
625491	0	0	0	0	189	0	0	0	0	0	0	0	0	0	0	0	
626241	0	0	0	0	159	0	0	0	0	0	0	0	0	0	0	0	
626991	0	0	0	0	161	0	0	0	0	0	0	0	0	0	0	0	
627739	0	0	0	0	141	0	0	0	0	0	0	0	0	0	0	0	
628489	0	0	0	0	147	0	0	0	0	0	0	0	0	0	0	0	
629239	0	0	0	0	141	0	0	0	0	0	0	0	0	0	0	0	
629989	0	0	0	0	147	0	0	0	0	0	0	0	0	0	0	0	
630741	0	0	0	0	161	0	0	0	0	0	0	0	0	0	0	0	
631489	0	0	0	0	157	0	0	0	0	0	0	0	0	0	0	0	
632239	0	0	0	0	153	0	0	0	0	0	0	0	0	0	0	0	
632985	0	0	0	0	161	0	0	0	0	0	0	0	0	0	0	0	
633738	0	0	0	0	173	0	0	0	0	0	0	0	0	0	0	0	
634486	0	0	0	0	143	0	0	0	0	0	0	0	0	0	0	0	
635233	0	0	0	217	0	0	0	0	0	0	0	0	0	0	0	0	
635981	0	0	0	177	0	0	0	0	0	0	0	0	0	0	0	0	
636729	0	0	0	189	0	0	0	0	0	0	0	0	0	0	0	0	
637481	0	0	0	193	0	0	0	0	0	0	0	0	0	0	0	0	
638232	0	0	0	195	0	0	0	0	0	0	0	0	0	0	0	0	
638983	0	0	0	183	0	0	0	0	0	0	0	0	0	0	0	0	
639736	0	0	0	195	0	0	0	0	0	0	0	0	0	0	0	0	
640482	0	0	0	189	0	0	0	0	0	0	0	0	0	0	0	0	
641232	0	0	0	183	0	0	0	0	0	0	0	0	0	0	0	0	
641986	0	0	0	193	0	0	0	0	0	0	0	0	0	0	0	0	
642738	0	0	0	185	0	0	0	0	0	0	0	0	0	0	0	0	
643488	0	0	0	201	0	0	0	0	0	0	0	0	0	0	0	0	
644234	0	0	0	187	0	0	0	0	0	0	0	0	0	0	0	0	
644983	0	0	71	166	0	0	0	0	0	0	0	0	0	0	0	0	
645735	0	0	255	0	0	0	0	0	0	0	0	0	0	0	0	0	
646482	0	0	295	0	0	0	0	0	0	0	0	0	0	0	0	0	
647230	0	0	253	0	0	0	0	0	0	0	0	0	0	0	0	0	
647979	0	0	261	0	0	0	0	0	0	0	0	0	0	0	0	0	
648726	0	0	277	0	0	0	0	0	0	0	0	0	0	0	0	0	
649474	0	0	249	0	0	0	0	0	0	0	0	0	0	0	0	0	
650227	0	0	257	0	0	0	0	0	0	0	0	0	0	0	0	0	
650976	0	0	291	0	0	0	0	0	0	0	0	0	0	0	0	0	
651731	0	0	253	0	0	0	0	0	0	0	0	0	0	0	0	0	
652482	0	0	267	0	0	0	0	0	0	0	0	0	0	0	0	0	
653231	0	0	301	0	0	0	0	0	0	0	0	0	0	0	0	0	
653982	0	0	247	0	0	0	0	0	0	0	0	0	0	0	0	0	
654730	0	0	263	0	0	0	0	0	0	0	0	0	0	0	0	0	
655483	0	0	283	0	0	0	0	0	0	0	0	0	0	0	0	0	
656234	0	0	267	0	0	0	0	0	0	0	0	0	0	0	0	0	
656983	0	21	248	0	0	0	0	0	0	0	0	0	0	0	0	0	
657736	0	0	180	55	0	0	0	0	0	0	0	0	0	0	0	0	
658487	0	0	243	0	0	0	0	0	0	0	0	0	0	0	0	0	
659239	0	244	81	0	0	0	0	0	0	0	0	0	0	0	0	0	
659991	0	415	0	0	0	0	0	0	0	0	0	0	0	0	0	0	
660738	0	409	0	0	0	0	0	0	0	0	0	0	0	0	0	0	
661490	0	385	0	0	0	0	0	0	0	0	0	0	0	0	0	0	
662240	0	359	0	0	0	0	0	0	0	0	0	0	0	0	0	0	
662992	0	377	0	0	0	0	0	0	0	0	0	0	0	0	0	0	
663741	0	409	0	0	0	0	0	0	0	0	0	0	0	0	0	0	
664488	0	381	0	0	0	0	0	0	0	0	0	0	0	0	0	0	
665239	0	399	0	0	0	0	0	0	0	0	0	0	0	0	0	0	
665988	0	399	0	0	0	0	0	0	0	0	0	0	0	0	0	0	
666742	0	407	0	0	0	0	0	0	0	0	0	0	0	0	0	0	
667495	2	387	0	0	0	0	0	0	0	0	0	0	0	0	0	0	
668243	0	367	0	0	0	0	0	0	0	0	0	0	0	0	0	0	
668993	0	393	0	0	0	0	0	0	0	0	0	0	0	0	0	0	
669743	0	429	0	0	0	0	0	0	0	0	0	0	0	0	0	0	
670490	0	371	0	0	0	0	0	0	0	0	0	0	0	0	0	0	
671241	0	395	0	0	0	0	0	0	0	0	0	0	0	0	0	0	
671995	0	361	0	0	0	0	0	0	0	0	0	0	0	0	0	0	
672742	0	431	0	0	0	0	0	0	0	0	0	0	0	0	0	0	
673491	0	397	0	0	0	0	0	0	0	0	0	0	0	0	0	0	
674242	0	391	0	0	0	0	0	0	0	0	0	0	0	0	0	0	
674993	0	379	0	0	0	0	0	0	0	0	0	0	0	0	0	0	
675740	0	393	0	0	0	0	0	0	0	0	0	0	0	0	0	0	
676487	0	369	0	0	0	0	0	0	0	0	0	0	0	0	0	0	
677239	0	375	0	0	0	0	0	0	0	0	0	0	0	0	0	0	
677985	0	342	49	0	0	0	0	0	0	0	0	0	0	0	0	0	
678733	0	0	259	0	0	0	0	0	0	0	0	0	0	0	0	0	
679481	0	0	243	0	0	0	0	0	0	0	0	0	0	0	0	0	
680230	0	0	253	0	0	0	0	0	0	0	0	0	0	0	0	0	
680979	0	0	293	0	0	0	0	0	0	0	0	0	0	0	0	0	
681728	0	0	251	0	0	0	0	0	0	0	0	0	0	0	0	0	
682477	0	0	257	0	0	0	0	0	0	0	0	0	0	0	0	0	
683225	0	0	279	0	0	0	0	0	0	0	0	0	0	0	0	0	
683981	0	0	297	0	0	0	0	0	0	0	0	0	0	0	0	0	
684733	0	0	295	0	0	0	0	0	0	0	0	0	0	0	0	0	
685481	0	0	299	0	0	0	0	0	0	0	0	0	0	0	0	0	
686230	0	0	241	0	0	0	0	0	0	0	0	0	0	0	0	0	
686981	0	0	257	0	0	0	0	0	0	0	0	0	0	0	0	0	
687734	0	0	253	0	0	0	0	0	0	0	0	0	0	0	0	0	
688484	0	0	247	0	0	0	0	0	0	0	0	0	0	0	0	0	
689232	0	0	273	0	0	0	0	0	0	0	0	0	0	0	0	0	
689982	0	0	263	0	0	0	0	0	0	0	0	0	0	0	0	0	
690732	0	0	269	0	0	0	0	0	0	0	0	0	0	0	0	0	
691481	0	0	259	0	0	0	0	0	0	0	0	0	0	0	0	0	
692232	0	0	259	0	0	0	0	0	0	0	0	0	0	0	0	0	
692984	0	0	247	0	0	0	0	0	0	0	0	0	0	0	0	0	
693733	0	0	269	0	0	0	0	0	0	0	0	0	0	0	0	0	
694484	0	0	267	0	0	0	0	0	0	0	0	0	0	0	0	0	
695231	0	0	289	0	0	0	0	0	0	0	0	0	0	0	0	0	
695980	0	0	253	0	0	0	0	0	0	0	0	0	0	0	0	0	
696730	0	0	271	0	0	0	0	0	0	0	0	0	0	0	0	0	
697480	0	0	275	0	0	0	0	0	0	0	0	0	0	0	0	0	
698227	0	0	231	0	0	0	0	0	0	0	0	0	0	0	0	0	
698981	0	0	227	0	0	0	0	0	0	0	0	0	0	0	0	0	
699731	0	0	269	0	0	0	0	0	0	0	0	0	0	0	0	0	
700482	0	0	273	0	0	0	0	0	0	0	0	0	0	0	0	0	
701233	0	0	235	0	0	0	0	0	0	0	0	0	0	0	0	0	
701980	0	0	259	0	0	0	0	0	0	0	0	0	0	0	0	0	
702731	0	0	265	0	0	0	0	0	0	0	0	0	0	0	0	0	
703480	0	0	243	0	0	0	0	0	0	0	0	0	0	0	0	0	
704233	0	0	0	193	0	0	0	0	0	0	0	0	0	0	0	0	
704982	0	0	0	207	0	0	0	0	0	0	0	0	0	0	0	0	
705732	0	0	0	199	0	0	0	0	0	0	0	0	0	0	0	0	
706482	0	0	0	217	0	0	0	0	0	0	0	0	0	0	0	0	
707232	0	0	0	189	0	0	0	0	0	0	0	0	0	0	0	0	
707979	0	0	0	195	0	0	0	0	0	0	0	0	0	0	0	0	
708727	0	0	0	211	0	0	0	0	0	0	0	0	0	0	0	0	
709475	0	0	0	0	171	0	0	0	0	0	0	0	0	0	0	0	
710226	0	0	0	0	171	0	0	0	0	0	0	0	0	0	0	0	
710976	0	0	0	0	169	0	0	0	0	0	0	0	0	0	0	0	
711726	0	0	0	0	157	0	0	0	0	0	0	0	0	0	0	0	
712472	0	0	0	0	153	0	0	0	0	0	0	0	0	0	0	0	
713223	0	0	0	0	153	0	0	0	0	0	0	0	0	0	0	0	
713978	0	0	0	0	151	0	0	0	0	0	0	0	0	0	0	0	
714730	0	0	0	0	181	0	0	0	0	0	0	0	0	0	0	0	
715481	0	0	0	9	152	0	0	0	0	0	0	0	0	0	0	0	
716230	0	0	0	3	150	0	0	0	0	0	0	0	0	0	0	0	
716979	0	0	0	4	135	0	0	0	0	0	0	0	0	0	0	0	
717731	0	0	0	0	147	0	0	0	0	0	0	0	0	0	0	0	
718481	0	0	0	0	133	0	0	0	0	0	0	0	0	0	0	0	
719228	0	0	0	0	157	0	0	0	0	0	0	0	0	0	0	0	
719975	0	0	0	0	169	0	0	0	0	0	0	0	0	0	0	0	
720726	0	0	0	0	159	0	0	0	0	0	0	0	0	0	0	0	
721472	0	0	0	0	163	0	0	0	0	0	0	0	0	0	0	0	
722220	0	0	0	0	159	0	0	0	0	0	0	0	0	0	0	0	
722970	0	0	0	0	179	0	0	0	0	0	0	0	0	0	0	0	
723721	0	0	0	0	155	0	0	0	0	0	0	0	0	0	0	0	
724468	0	0	0	0	121	0	0	0	0	0	0	0	0	0	0	0	
725217	0	0	0	0	161	0	0	0	0	0	0	0	0	0	0	0	
725967	0	0	0	0	157	0	0	0	0	0	0	0	0	0	0	0	
726714	0	0	0	0	169	0	0	0	0	0	0	0	0	0	0	0	
727462	0	0	0	0	167	0	0	0	0	0	0	0	0	0	0	0	
728214	0	0	0	0	167	0	0	0	0	0	0	0	0	0	0	0	
728968	0	0	0	0	167	0	0	0	0	0	0	0	0	0	0	0	
729716	0	0	0	0	169	0	0	0	0	0	0	0	0	0	0	0	
730469	0	0	0	0	159	0	0	0	0	0	0	0	0	0	0	0	
731219	0	0	0	0	165	0	0	0	0	0	0	0	0	0	0	0	
731969	0	0	0	70	115	0	0	0	0	0	0	0	0	0	0	0	
732719	0	0	0	203	0	0	0	0	0	0	0	0	0	0	0	0	
733470	0	0	0	183	0	0	0	0	0	0	0	0	0	0	0	0	
734219	0	0	0	207	0	0	0	0	0	0	0	0	0	0	0	0	
734969	0	0	0	168	1	0	0	0	0	0	0	0	0	0	0	0	
735719	0	0	0	209	0	0	0	0	0	0	0	0	0	0	0	0	
736467	0	0	0	181	0	0	0	0	0	0	0	0	0	0	0	0	
737219	0	0	0	201	0	0	0	0	0	0	0	0	0	0	0	0	
737970	0	0	0	193	0	0	0	0	0	0	0	0	0	0	0	0	
738721	0	0	0	197	0	0	0	0	0	0	0	0	0	0	0	0	
739472	0	0	0	207	0	0	0	0	0	0	0	0	0	0	0	0	
740224	0	0	0	203	0	0	0	0	0	0	0	0	0	0	0	0	
740974	0	0	0	193	0	0	0	0	0	0	0	0	0	0	0	0	
741723	0	0	0	183	0	0	0	0	0	0	0	0	0	0	0	0	
742475	0	0	0	175	0	0	0	0	0	0	0	0	0	0	0	0	
743228	0	0	0	199	0	0	0	0	0	0	0	0	0	0	0	0	
743979	0	0	0	221	0	0	0	0	0	0	0	0	0	0	0	0	
744726	0	0	0	215	0	0	0	0	0	0	0	0	0	0	0	0	
745477	0	0	0	199	0	0	0	0	0	0	0	0	0	0	0	0	
746225	0	0	0	207	0	0	0	0	0	0	0	0	0	0	0	0	
746977	0	0	0	201	0	0	0	0	0	0	0	0	0	0	0	0	
747726	0	0	0	205	0	0	0	0	0	0	0	0	0	0	0	0	
748475	0	0	0	217	0	0	0	0	0	0	0	0	0	0	0	0	
749226	0	0	0	205	0	0	0	0	0	0	0	0	0	0	0	0	
749976	0	0	0	195	0	0	0	0	0	0	0	0	0	0	0	0	
750727	0	0	0	197	0	0	0	0	0	0	0	0	0	0	0	0	
751477	0	0	0	181	0	0	0	0	0	0	0	0	0	0	0	0	
752226	0	0	0	199	0	0	0	0	0	0	0	0	0	0	0	0	
752976	0	0	0	197	0	0	0	0	0	0	0	0	0	0	0	0	
753725	0	0	0	221	0	0	0	0	0	0	0	0	0	0	0	0	
754476	0	0	0	215	0	0	0	0	0	0	0	0	0	0	0	0	
755224	0	0	0	193	0	0	0	0	0	0	0	0	0	0	0	0	
755971	0	0	0	194	1	0	0	0	0	0	0	0	0	0	0	0	
756722	0	0	1	204	0	0	0	0	0	0	0	0	0	0	0	0	
757469	0	0	39	148	0	0	0	0	0	0	0	0	0	0	0	0	
758220	0	0	0	207	0	0	0	0	0	0	0	0	0	0	0	0	
758971	0	0	0	191	0	0	0	0	0	0	0	0	0	0	0	0	
759725	0	0	0	211	0	0	0	0	0	0	0	0	0	0	0	0	
760475	0	0	0	185	0	0	0	0	0	0	0	0	0	0	0	0	
761225	0	0	0	207	0	0	0	0	0	0	0	0	0	0	0	0	
761974	0	0	0	205	0	0	0	0	0	0	0	0	0	0	0	0	
762723	0	0	0	197	0	0	0	0	0	0	0	0	0	0	0	0	
763474	0	0	0	193	0	0	0	0	0	0	0	0	0	0	0	0	
764225	0	0	0	191	0	0	0	0	0	0	0	0	0	0	0	0	
764973	0	0	0	169	0	0	0	0	0	0	0	0	0	0	0	0	
765722	0	0	0	217	0	0	0	0	0	0	0	0	0	0	0	0	
766471	0	0	0	197	0	0	0	0	0	0	0	0	0	0	0	0	
767222	0	0	0	197	0	0	0	0	0	0	0	0	0	0	0	0	
767971	0	0	0	195	0	0	0	0	0	0	0	0	0	0	0	0	
768724	0	0	0	209	0	0	0	0	0	0	0	0	0	0	0	0	
769477	0	0	0	201	0	0	0	0	0	0	0	0	0	0	0	0	
770225	0	0	0	193	0	0	0	0	0	0	0	0	0	0	0	0	
770973	0	0	0	203	0	0	0	0	0	0	0	0	0	0	0	0	
771722	0	0	0	207	0	0	0	0	0	0	0	0	0	0	0	0	
772474	0	0	0	193	0	0	0	0	0	0	0	0	0	0	0	0	
773227	0	0	0	203	0	0	0	0	0	0	0	0	0	0	0	0	
773975	0	0	0	207	0	0	0	0	0	0	0	0	0	0	0	0	
774722	0	0	0	207	0	0	0	0	0	0	0	0	0	0	0	0	
775471	0	0	0	191	0	0	0	0	0	0	0	0	0	0	0	0	
776219	0	0	0	215	0	0	0	0	0	0	0	0	0	0	0	0	
776969	0	0	0	225	0	0	0	0	0	0	0	0	0	0	0	0	
777720	0	0	0	187	0	0	0	0	0	0	0	0	0	0	0	0	
778470	0	0	0	185	0	0	0	0	0	0	0	0	0	0	0	0	
779222	0	0	0	197	0	0	0	0	0	0	0	0	0	0	0	0	
779970	0	0	0	183	0	0	0	0	0	0	0	0	0	0	0	0	
780718	0	0	0	185	0	0	0	0	0	0	0	0	0	0	0	0	
781468	0	0	0	193	0	0	0	0	0	0	0	0	0	0	0	0	
782219	0	0	0	189	0	0	0	0	0	0	0	0	0	0	0	0	
782971	0	0	0	181	0	0	0	0	0	0	0	0	0	0	0	0	
783719	0	0	0	197	0	0	0	0	0	0	0	0	0	0	0	0	
784472	0	0	0	199	0	0	0	0	0	0	0	0	0	0	0	0	
785220	0	0	267	0	0	0	0	0	0	0	0	0	0	0	0	0	
785973	0	0	245	0	0	0	0	0	0	0	0	0	0	0	0	0	
786722	0	0	277	0	0	0	0	0	0	0	0	0	0	0	0	0	
787472	0	0	251	0	0	0	0	0	0	0	0	0	0	0	0	0	
788221	0	0	279	0	0	0	0	0	0	0	0	0	0	0	0	0	
788973	0	0	271	0	0	0	0	0	0	0	0	0	0	0	0	0	
789722	0	0	265	0	0	0	0	0	0	0	0	0	0	0	0	0	
790474	0	0	283	0	0	0	0	0	0	0	0	0	0	0	0	0	
791225	0	0	246	7	0	0	0	0	0	0	0	0	0	0	0	0	
791975	0	0	259	0	0	0	0	0	0	0	0	0	0	0	0	0	
792726	0	0	251	0	0	0	0	0	0	0	0	0	0	0	0	0	
793479	0	0	257	0	0	0	0	0	0	0	0	0	0	0	0	0	
794233	0	0	235	0	0	0	0	0	0	0	0	0	0	0	0	0	
794985	0	0	277	0	0	0	0	0	0	0	0	0	0	0	0	0	
795734	0	0	263	0	0	0	0	0	0	0	0	0	0	0	0	0	
796484	0	0	267	0	0	0	0	0	0	0	0	0	0	0	0	0	
797235	0	0	259	0	0	0	0	0	0	0	0	0	0	0	0	0	
797984	0	0	277	0	0	0	0	0	0	0	0	0	0	0	0	0	
798737	0	0	285	0	0	0	0	0	0	0	0	0	0	0	0	0	
799486	0	0	247	0	0	0	0	0	0	0	0	0	0	0	0	0	
800238	0	0	271	0	0	0	0	0	0	0	0	0	0	0	0	0	
800991	0	0	285	0	0	0	0	0	0	0	0	0	0	0	0	0	
801739	0	0	265	0	0	0	0	0	0	0	0	0	0	0	0	0	
802488	0	0	277	0	0	0	0	0	0	0	0	0	0	0	0	0	
803238	0	0	285	0	0	0	0	0	0	0	0	0	0	0	0	0	
803985	0	0	273	0	0	0	0	0	0	0	0	0	0	0	0	0	
804737	0	0	259	0	0	0	0	0	0	0	0	0	0	0	0	0	
805485	0	0	245	0	0	0	0	0	0	0	0	0	0	0	0	0	
806238	0	0	285	0	0	0	0	0	0	0	0	0	0	0	0	0	
806989	0	0	263	0	0	0	0	0	0	0	0	0	0	0	0	0	
807737	0	0	261	0	0	0	0	0	0	0	0	0	0	0	0	0	
808490	0	0	265	0	0	0	0	0	0	0	0	0	0	0	0	0	
809244	0	0	271	0	0	0	0	0	0	0	0	0	0	0	0	0	
809995	0	0	273	0	0	0	0	0	0	0	0	0	0	0	0	0	
810747	0	0	237	0	0	0	0	0	0	0	0	0	0	0	0	0	
811498	0	0	257	0	0	0	0	0	0	0	0	0	0	0	0	0	
812250	0	0	275	0	0	0	0	0	0	0	0	0	0	0	0	0	
813000	0	0	259	0	0	0	0	0	0	0	0	0	0	0	0	0	
813751	0	0	263	0	0	0	0	0	0	0	0	0	0	0	0	0	
814502	0	0	267	0	0	0	0	0	0	0	0	0	0	0	0	0	
815254	0	0	261	0	0	0	0	0	0	0	0	0	0	0	0	0	
816004	0	19	238	0	0	0	0	0	0	0	0	0	0	0	0	0	
816754	0	0	279	0	0	0	0	0	0	0	0	0	0	0	0	0	
817503	0	0	263	0	0	0	0	0	0	0	0	0	0	0	0	0	
818250	0	0	281	0	0	0	0	0	0	0	0	0	0	0	0	0	
819000	0	0	265	0	0	0	0	0	0	0	0	0	0	0	0	0	
819753	0	0	291	0	0	0	0	0	0	0	0	0	0	0	0	0	
820504	0	0	249	0	0	0	0	0	0	0	0	0	0	0	0	0	
821253	0	0	267	0	0	0	0	0	0	0	0	0	0	0	0	0	
822002	0	0	239	0	0	0	0	0	0	0	0	0	0	0	0	0	
822750	0	0	285	0	0	0	0	0	0	0	0	0	0	0	0	0	
823502	0	0	263	0	0	0	0	0	0	0	0	0	0	0	0	0	
824252	0	0	251	0	0	0	0	0	0	0	0	0	0	0	0	0	
825001	0	0	253	0	0	0	0	0	0	0	0	0	0	0	0	0	
825751	0	0	297	0	0	0	0	0	0	0	0	0	0	0	0	0	
826500	0	0	267	0	0	0	0	0	0	0	0	0	0	0	0	0	
827247	0	0	275	0	0	0	0	0	0	0	0	0	0	0	0	0	
827998	0	0	267	0	0	0	0	0	0	0	0	0	0	0	0	0	
828750	0	0	241	0	0	0	0	0	0	0	0	0	0	0	0	0	
829501	0	0	247	0	0	0	0	0	0	0	0	0	0	0	0	0	
830251	0	0	249	0	0	0	0	0	0	0	0	0	0	0	0	0	
831002	0	0	253	0	0	0	0	0	0	0	0	0	0	0	0	0	
831753	0	0	271	0	0	0	0	0	0	0	0	0	0	0	0	0	
832502	0	0	265	0	0	0	0	0	0	0	0	0	0	0	0	0	
833254	0	0	237	0	0	0	0	0	0	0	0	0	0	0	0	0	
834004	0	0	259	0	0	0	0	0	0	0	0	0	0	0	0	0	
834752	0	0	253	0	0	0	0	0	0	0	0	0	0	0	0	0	
835502	0	0	307	0	0	0	0	0	0	0	0	0	0	0	0	0	
836251	0	0	273	0	0	0	0	0	0	0	0	0	0	0	0	0	
837003	0	0	227	0	0	0	0	0	0	0	0	0	0	0	0	0	
837754	0	0	281	0	0	0	0	0	0	0	0	0	0	0	0	0	
838503	0	0	277	0	0	0	0	0	0	0	0	0	0	0	0	0	
839256	0	0	281	0	0	0	0	0	0	0	0	0	0	0	0	0	
840007	0	0	285	0	0	0	0	0	0	0	0	0	0	0	0	0	
840757	0	0	273	0	0	0	0	0	0	0	0	0	0	0	0	0	
841507	0	0	251	0	0	0	0	0	0	0	0	0	0	0	0	0	
842260	0	0	271	0	0	0	0	0	0	0	0	0	0	0	0	0	
843007	0	0	285	0	0	0	0	0	0	0	0	0	0	0	0	0	
843758	0	0	265	0	0	0	0	0	0	0	0	0	0	0	0	0	
844508	0	0	249	0	0	0	0	0	0	0	0	0	0	0	0	0	
845260	0	0	275	0	0	0	0	0	0	0	0	0	0	0	0	0	
846009	0	0	259	0	0	0	0	0	0	0	0	0	0	0	0	0	
846758	0	7	250	0	0	0	0	0	0	0	0	0	0	0	0	0	
847508	0	0	285	0	0	0	0	0	0	0	0	0	0	0	0	0	
848262	0	0	263	0	0	0	0	0	0	0	0	0	0	0	0	0	
849011	0	1	242	0	0	0	0	0	0	0	0	0	0	0	0	0	
849762	0	0	259	0	0	0	0	0	0	0	0	0	0	0	0	0	
850512	0	0	277	0	0	0	0	0	0	0	0	0	0	0	0	0	
851262	0	0	287	0	0	0	0	0	0	0	0	0	0	0	0	0	
852011	0	0	251	0	0	0	0	0	0	0	0	0	0	0	0	0	
852759	0	0	315	0	0	0	0	0	0	0	0	0	0	0	0	0	
853506	0	0	261	0	0	0	0	0	0	0	0	0	0	0	0	0	
854254	0	37	244	0	0	0	0	0	0	0	0	0	0	0	0	0	
855002	0	0	251	0	0	0	0	0	0	0	0	0	0	0	0	0	
855754	0	0	267	0	0	0	0	0	0	0	0	0	0	0	0	0	
856506	0	0	293	0	0	0	0	0	0	0	0	0	0	0	0	0	
857257	0	0	259	0	0	0	0	0	0	0	0	0	0	0	0	0	
858006	0	0	265	0	0	0	0	0	0	0	0	0	0	0	0	0	
858754	0	0	265	0	0	0	0	0	0	0	0	0	0	0	0	0	
859502	0	0	279	0	0	0	0	0	0	0	0	0	0	0	0	0	
860252	0	6	249	0	0	0	0	0	0	0	0	0	0	0	0	0	
861004	0	0	305	0	0	0	0	0	0	0	0	0	0	0	0	0	
861753	0	0	255	0	0	0	0	0	0	0	0	0	0	0	0	0	
862504	0	0	263	0	0	0	0	0	0	0	0	0	0	0	0	0	
863253	0	0	273	0	0	0	0	0	0	0	0	0	0	0	0	0	
864004	0	0	235	0	0	0	0	0	0	0	0	0	0	0	0	0	
864754	0	0	277	0	0	0	0	0	0	0	0	0	0	0	0	0	
865504	0	0	259	0	0	0	0	0	0	0	0	0	0	0	0	0	
866255	0	0	299	0	0	0	0	0	0	0	0	0	0	0	0	0	
867006	0	0	291	0	0	0	0	0	0	0	0	0	0	0	0	0	
867758	0	0	261	0	0	0	0	0	0	0	0	0	0	0	0	0	
868511	0	0	269	0	0	0	0	0	0	0	0	0	0	0	0	0	
869261	0	0	257	0	0	0	0	0	0	0	0	0	0	0	0	0	
870015	0	13	246	0	0	0	0	0	0	0	0	0	0	0	0	0	
870765	0	0	239	0	0	0	0	0	0	0	0	0	0	0	0	0	
871515	0	0	279	0	0	0	0	0	0	0	0	0	0	0	0	0	
872261	0	0	263	0	0	0	0	0	0	0	0	0	0	0	0	0	
873011	0	0	281	0	0	0	0	0	0	0	0	0	0	0	0	0	
873759	0	0	269	0	0	0	0	0	0	0	0	0	0	0	0	0	
874510	0	0	265	0	0	0	0	0	0	0	0	0	0	0	0	0	
875264	0	0	271	0	0	0	0	0	0	0	0	0	0	0	0	0	
876015	0	0	257	0	0	0	0	0	0	0	0	0	0	0	0	0	
876766	0	0	277	0	0	0	0	0	0	0	0	0	0	0	0	0	
877516	0	0	263	0	0	0	0	0	0	0	0	0	0	0	0	0	
878268	0	0	265	0	0	0	0	0	0	0	0	0	0	0	0	0	
879020	0	0	287	0	0	0	0	0	0	0	0	0	0	0	0	0	
879768	0	0	279	0	0	0	0	0	0	0	0	0	0	0	0	0	
880515	0	0	287	0	0	0	0	0	0	0	0	0	0	0	0	0	
881264	0	0	271	0	0	0	0	0	0	0	0	0	0	0	0	0	
882015	0	0	219	0	0	0	0	0	0	0	0	0	0	0	0	0	
882765	0	371	0	0	0	0	0	0	0	0	0	0	0	0	0	0	
883517	0	397	0	0	0	0	0	0	0	0	0	0	0	0	0	0	
884264	0	405	0	0	0	0	0	0	0	0	0	0	0	0	0	0	
885011	0	411	0	0	0	0	0	0	0	0	0	0	0	0	0	0	
885761	0	401	0	0	0	0	0	0	0	0	0	0	0	0	0	0	
886510	0	52	201	0	0	0	0	0	0	0	0	0	0	0	0	0	
887260	18	393	0	0	0	0	0	0	0	0	0	0	0	0	0	0	
888010	0	397	0	0	0	0	0	0	0	0	0	0	0	0	0	0	
888760	0	395	0	0	0	0	0	0	0	0	0	0	0	0	0	0	
889510	0	423	0	0	0	0	0	0	0	0	0	0	0	0	0	0	
890261	0	391	0	0	0	0	0	0	0	0	0	0	0	0	0	0	
891013	0	405	0	0	0	0	0	0	0	0	0	0	0	0	0	0	
891765	3	358	0	0	0	0	0	0	0	0	0	0	0	0	0	0	
892514	0	411	0	0	0	0	0	0	0	0	0	0	0	0	0	0	
893265	0	389	0	0	0	0	0	0	0	0	0	0	0	0	0	0	
894015	0	389	0	0	0	0	0	0	0	0	0	0	0	0	0	0	
894763	0	415	0	0	0	0	0	0	0	0	0	0	0	0	0	0	
895509	0	391	0	0	0	0	0	0	0	0	0	0	0	0	0	0	
896258	0	381	0	0	0	0	0	0	0	0	0	0	0	0	0	0	
897010	0	397	0	0	0	0	0	0	0	0	0	0	0	0	0	0	
897765	0	383	0	0	0	0	0	0	0	0	0	0	0	0	0	0	
898517	0	384	7	0	0	0	0	0	0	0	0	0	0	0	0	0	
899270	0	387	0	0	0	0	0	0	0	0	0	0	0	0	0	0	
900020	0	405	0	0	0	0	0	0	0	0	0	0	0	0	0	0	
900767	0	419	0	0	0	0	0	0	0	0	0	0	0	0	0	0	
901519	0	383	0	0	0	0	0	0	0	0	0	0	0	0	0	0	
902269	0	401	0	0	0	0	0	0	0	0	0	0	0	0	0	0	
903018	0	383	0	0	0	0	0	0	0	0	0	0	0	0	0	0	
903769	0	379	0	0	0	0	0	0	0	0	0	0	0	0	0	0	
904519	0	409	0	0	0	0	0	0	0	0	0	0	0	0	0	0	
905269	0	369	0	0	0	0	0	0	0	0	0	0	0	0	0	0	
906022	0	415	0	0	0	0	0	0	0	0	0	0	0	0	0	0	
906773	0	377	0	0	0	0	0	0	0	0	0	0	0	0	0	0	
907521	0	371	0	0	0	0	0	0	0	0	0	0	0	0	0	0	
908270	0	393	0	0	0	0	0	0	0	0	0	0	0	0	0	0	
909025	0	411	0	0	0	0	0	0	0	0	0	0	0	0	0	0	
909778	0	391	0	0	0	0	0	0	0	0	0	0	0	0	0	0	
910529	90	325	0	0	0	0	0	0	0	0	0	0	0	0	0	0	
911280	0	375	0	0	0	0	0	0	0	0	0	0	0	0	0	0	
912032	0	369	0	0	0	0	0	0	0	0	0	0	0	0	0	0	
912782	0	397	0	0	0	0	0	0	0	0	0	0	0	0	0	0	
913534	0	371	0	0	0	0	0	0	0	0	0	0	0	0	0	0	
914283	0	421	0	0	0	0	0	0	0	0	0	0	0	0	0	0	
915034	0	393	0	0	0	0	0	0	0	0	0	0	0	0	0	0	
915786	0	377	0	0	0	0	0	0	0	0	0	0	0	0	0	0	
916535	0	397	0	0	0	0	0	0	0	0	0	0	0	0	0	0	
917289	0	409	0	0	0	0	0	0	0	0	0	0	0	0	0	0	
918040	0	417	0	0	0	0	0	0	0	0	0	0	0	0	0	0	
918788	0	385	0	0	0	0	0	0	0	0	0	0	0	0	0	0	
919537	0	391	0	0	0	0	0	0	0	0	0	0	0	0	0	0	
920286	0	405	0	0	0	0	0	0	0	0	0	0	0	0	0	0	
921034	0	363	0	0	0	0	0	0	0	0	0	0	0	0	0	0	
921784	0	413	0	0	0	0	0	0	0	0	0	0	0	0	0	0	
922531	0	401	0	0	0	0	0	0	0	0	0	0	0	0	0	0	
923280	0	423	0	0	0	0	0	0	0	0	0	0	0	0	0	0	
924031	0	375	0	0	0	0	0	0	0	0	0	0	0	0	0	0	
924778	0	371	0	0	0	0	0	0	0	0	0	0	0	0	0	0	
925528	0	393	0	0	0	0	0	0	0	0	0	0	0	0	0	0	
926281	0	355	0	0	0	0	0	0	0	0	0	0	0	0	0	0	
927033	0	413	0	0	0	0	0	0	0	0	0	0	0	0	0	0	
927782	0	391	0	0	0	0	0	0	0	0	0	0	0	0	0	0	
928533	0	369	0	0	0	0	0	0	0	0	0	0	0	0	0	0	
929285	0	391	0	0	0	0	0	0	0	0	0	0	0	0	0	0	
930033	0	423	0	0	0	0	0	0	0	0	0	0	0	0	0	0	
930781	0	399	0	0	0	0	0	0	0	0	0	0	0	0	0	0	
931533	0	429	0	0	0	0	0	0	0	0	0	0	0	0	0	0	
932284	0	359	0	0	0	0	0	0	0	0	0	0	0	0	0	0	
933036	0	355	0	0	0	0	0	0	0	0	0	0	0	0	0	0	
933787	0	0	241	0	0	0	0	0	0	0	0	0	0	0	0	0	
934538	0	0	243	0	0	0	0	0	0	0	0	0	0	0	0	0	
935289	0	0	263	0	0	0	0	0	0	0	0	0	0	0	0	0	
936036	0	0	269	0	0	0	0	0	0	0	0	0	0	0	0	0	
936787	0	0	271	0	0	0	0	0	0	0	0	0	0	0	0	0	
937539	0	0	277	0	0	0	0	0	0	0	0	0	0	0	0	0	
938288	0	0	283	0	0	0	0	0	0	0	0	0	0	0	0	0	
939040	0	0	247	0	0	0	0	0	0	0	0	0	0	0	0	0	
939788	0	0	271	0	0	0	0	0	0	0	0	0	0	0	0	0	
940540	0	0	273	0	0	0	0	0	0	0	0	0	0	0	0	0	
941290	0	0	231	0	0	0	0	0	0	0	0	0	0	0	0	0	
942039	0	0	245	0	0	0	0	0	0	0	0	0	0	0	0	0	
942788	0	0	241	0	0	0	0	0	0	0	0	0	0	0	0	0	
943539	0	0	279	0	0	0	0	0	0	0	0	0	0	0	0	0	
944291	0	0	251	0	0	0	0	0	0	0	0	0	0	0	0	0	
945043	0	0	269	0	0	0	0	0	0	0	0	0	0	0	0	0	
945795	0	0	279	0	0	0	0	0	0	0	0	0	0	0	0	0	
946544	0	0	273	0	0	0	0	0	0	0	0	0	0	0	0	0	
947296	0	0	279	0	0	0	0	0	0	0	0	0	0	0	0	0	
948043	0	0	279	0	0	0	0	0	0	0	0	0	0	0	0	0	
948799	0	0	273	0	0	0	0	0	0	0	0	0	0	0	0	0	
949549	0	0	237	0	0	0	0	0	0	0	0	0	0	0	0	0	
950300	0	0	265	0	0	0	0	0	0	0	0	0	0	0	0	0	
951050	0	0	269	0	0	0	0	0	0	0	0	0	0	0	0	0	
951800	0	0	289	0	0	0	0	0	0	0	0	0	0	0	0	0	
952550	0	0	247	0	0	0	0	0	0	0	0	0	0	0	0	0	
953302	0	0	273	0	0	0	0	0	0	0	0	0	0	0	0	0	
954056	0	0	289	0	0	0	0	0	0	0	0	0	0	0	0	0	
954800	0	0	259	0	0	0	0	0	0	0	0	0	0	0	0	0	
955552	0	0	283	0	0	0	0	0	0	0	0	0	0	0	0	0	
956304	0	0	269	0	0	0	0	0	0	0	0	0	0	0	0	0	
957054	0	0	277	0	0	0	0	0	0	0	0	0	0	0	0	0	
957804	0	0	267	0	0	0	0	0	0	0	0	0	0	0	0	0	
958558	0	0	255	0	0	0	0	0	0	0	0	0	0	0	0	0	
959307	0	0	267	0	0	0	0	0	0	0	0	0	0	0	0	0	
960056	0	0	281	0	0	0	0	0	0	0	0	0	0	0	0	0	
960806	0	0	0	179	0	0	0	0	0	0	0	0	0	0	0	0	
961558	0	0	0	173	0	0	0	0	0	0	0	0	0	0	0	0	
962310	0	0	0	217	0	0	0	0	0	0	0	0	0	0	0	0	
963059	0	0	0	193	0	0	0	0	0	0	0	0	0	0	0	0	
963809	0	0	0	203	0	0	0	0	0	0	0	0	0	0	0	0	
964561	0	0	0	201	0	0	0	0	0	0	0	0	0	0	0	0	
965310	0	0	0	167	0	0	0	0	0	0	0	0	0	0	0	0	
966062	0	0	0	187	0	0	0	0	0	0	0	0	0	0	0	0	
966811	0	0	0	221	0	0	0	0	0	0	0	0	0	0	0	0	
967562	0	0	0	201	0	0	0	0	0	0	0	0	0	0	0	0	
968312	0	0	0	193	0	0	0	0	0	0	0	0	0	0	0	0	
969061	0	0	0	191	0	0	0	0	0	0	0	0	0	0	0	0	
969808	0	0	0	197	0	0	0	0	0	0	0	0	0	0	0	0	
970559	0	0	0	209	0	0	0	0	0	0	0	0	0	0	0	0	
971310	0	0	87	132	0	0	0	0	0	0	0	0	0	0	0	0	
972058	0	0	0	205	0	0	0	0	0	0	0	0	0	0	0	0	
972811	0	0	0	193	0	0	0	0	0	0	0	0	0	0	0	0	
973563	0	0	0	215	0	0	0	0	0	0	0	0	0	0	0	0	
974313	0	0	0	191	0	0	0	0	0	0	0	0	0	0	0	0	
975065	0	0	0	197	0	0	0	0	0	0	0	0	0	0	0	0	
975813	0	0	0	185	0	0	0	0	0	0	0	0	0	0	0	0	
976563	0	0	0	203	0	0	0	0	0	0	0	0	0	0	0	0	
977312	0	0	0	205	0	0	0	0	0	0	0	0	0	0	0	0	
978065	0	0	0	189	0	0	0	0	0	0	0	0	0	0	0	0	
978818	0	0	0	215	0	0	0	0	0	0	0	0	0	0	0	0	
979564	0	0	0	223	0	0	0	0	0	0	0	0	0	0	0	0	
980318	0	0	0	207	0	0	0	0	0	0	0	0	0	0	0	0	
981068	0	0	0	197	0	0	0	0	0	0	0	0	0	0	0	0	
981821	0	0	0	209	0	0	0	0	0	0	0	0	0	0	0	0	
982573	0	0	0	215	0	0	0	0	0	0	0	0	0	0	0	0	
983323	0	0	0	219	0	0	0	0	0	0	0	0	0	0	0	0	
984072	0	0	0	225	0	0	0	0	0	0	0	0	0	0	0	0	
984822	0	0	0	179	0	0	0	0	0	0	0	0	0	0	0	0	
985574	0	0	0	203	0	0	0	0	0	0	0	0	0	0	0	0	
986324	0	0	0	0	141	0	0	0	0	0	0	0	0	0	0	0	
987073	0	0	0	0	163	0	0	0	0	0	0	0	0	0	0	0	
987822	0	0	0	0	157	0	0	0	0	0	0	0	0	0	0	0	
988570	0	0	0	0	187	0	0	0	0	0	0	0	0	0	0	0	
989318	0	0	0	0	183	0	0	0	0	0	0	0	0	0	0	0	
990067	0	0	0	0	153	0	0	0	0	0	0	0	0	0	0	0	
990815	0	0	0	0	171	0	0	0	0	0	0	0	0	0	0	0	
991566	0	0	0	0	149	0	0	0	0	0	0	0	0	0	0	0	
992316	0	0	0	1	138	0	0	0	0	0	0	0	0	0	0	0	
993064	0	0	0	0	131	0	0	0	0	0	0	0	0	0	0	0	
993813	0	0	0	0	167	0	0	0	0	0	0	0	0	0	0	0	
994567	0	0	0	0	159	0	0	0	0	0	0	0	0	0	0	0	
995316	0	0	0	0	165	0	0	0	0	0	0	0	0	0	0	0	
996067	0	0	0	0	141	0	0	0	0	0	0	0	0	0	0	0	
996819	0	0	0	0	153	0	0	0	0	0	0	0	0	0	0	0	
997568	0	0	0	0	151	0	0	0	0	0	0	0	0	0	0	0	
998317	0	0	0	0	167	0	0	0	0	0	0	0	0	0	0	0	
999066	0	0	0	0	171	0	0	0	0	0	0	0	0	0	0	0	
999817	0	0	0	0	167	0	0	0	0	0	0	0	0	0	0	0	
1.00057e+06	0	0	0	0	167	0	0	0	0	0	0	0	0	0	0	0	
1.00132e+06	0	0	0	0	167	0	0	0	0	0	0	0	0	0	0	0	
1.00207e+06	0	0	0	0	161	0	0	0	0	0	0	0	0	0	0	0	
1.00282e+06	0	0	0	0	163	0	0	0	0	0	0	0	0	0	0	0	
1.00357e+06	0	0	0	0	155	0	0	0	0	0	0	0	0	0	0	0	
1.00432e+06	0	0	0	0	153	0	0	0	0	0	0	0	0	0	0	0	
1.00507e+06	0	0	0	0	134	17	0	0	0	0	0	0	0	0	0	0	
1.00582e+06	0	0	0	0	157	0	0	0	0	0	0	0	0	0	0	0	
1.00657e+06	0	0	0	0	149	0	0	0	0	0	0	0	0	0	0	0	
1.00732e+06	0	0	0	0	167	0	0	0	0	0	0	0	0	0	0	0	
1.00807e+06	0	0	0	0	166	7	0	0	0	0	0	0	0	0	0	0	
1.00882e+06	0	0	0	0	171	0	0	0	0	0	0	0	0	0	0	0	
1.00957e+06	0	0	0	0	161	0	0	0	0	0	0	0	0	0	0	0	
1.01032e+06	0	0	0	0	167	0	0	0	0	0	0	0	0	0	0	0	
1.01107e+06	0	0	0	0	141	0	0	0	0	0	0	0	0	0	0	0	
1.01182e+06	0	0	0	0	153	0	0	0	0	0	0	0	0	0	0	0	
1.01257e+06	0	0	0	0	153	0	0	0	0	0	0	0	0	0	0	0	
1.01333e+06	0	0	0	0	159	0	0	0	0	0	0	0	0	0	0	0	
1.01408e+06	0	0	0	0	183	0	0	0	0	0	0	0	0	0	0	0	
1.01483e+06	0	0	0	0	165	0	0	0	0	0	0	0	0	0	0	0	
1.01558e+06	0	0	0	0	149	0	0	0	0	0	0	0	0	0	0	0	
1.01633e+06	0	0	0	0	187	0	0	0	0	0	0	0	0	0	0	0	
1.01708e+06	0	0	0	0	129	26	0	0	0	0	0	0	0	0	0	0	
1.01783e+06	0	0	0	0	159	0	0	0	0	0	0	0	0	0	0	0	
1.01858e+06	0	0	0	0	159	0	0	0	0	0	0	0	0	0	0	0	
1.01933e+06	0	0	0	0	141	0	0	0	0	0	0	0	0	0	0	0	
1.02008e+06	0	0	0	0	151	0	0	0	0	0	0	0	0	0	0	0	
1.02083e+06	0	0	0	0	175	0	0	0	0	0	0	0	0	0	0	0	
1.02158e+06	0	0	0	0	149	0	0	0	0	0	0	0	0	0	0	0	
1.02233e+06	0	0	0	0	167	0	0	0	0	0	0	0	0	0	0	0	
1.02308e+06	0	0	0	0	153	0	0	0	0	0	0	0	0	0	0	0	
1.02383e+06	0	0	0	0	181	0	0	0	0	0	0	0	0	0	0	0	
1.02458e+06	0	0	0	0	125	0	0	0	0	0	0	0	0	0	0	0	
1.02533e+06	0	0	0	0	151	0	0	0	0	0	0	0	0	0	0	0	
1.02608e+06	0	0	0	0	163	0	0	0	0	0	0	0	0	0	0	0	
1.02684e+06	0	0	0	0	167	0	0	0	0	0	0	0	0	0	0	0	
1.02759e+06	0	0	0	0	143	0	0	0	0	0	0	0	0	0	0	0	
1.02834e+06	0	0	0	0	145	0	0	0	0	0	0	0	0	0	0	0	
1.02909e+06	0	0	0	0	155	0	0	0	0	0	0	0	0	0	0	0	
1.02983e+06	0	0	0	0	0	137	0	0	0	0	0	0	0	0	0	0	
1.03058e+06	0	0	0	0	0	135	0	0	0	0	0	0	0	0	0	0	
1.03133e+06	0	0	0	0	0	139	0	0	0	0	0	0	0	0	0	0	
1.03209e+06	0	0	0	0	0	131	0	0	0	0	0	0	0	0	0	0	
1.03283e+06	0	0	0	0	0	141	0	0	0	0	0	0	0	0	0	0	
1.03358e+06	0	0	0	0	0	131	0	0	0	0	0	0	0	0	0	0	
1.03433e+06	0	0	0	0	0	125	0	0	0	0	0	0	0	0	0	0	
1.03508e+06	0	0	0	0	0	139	0	0	0	0	0	0	0	0	0	0	
1.03583e+06	0	0	0	0	0	127	0	0	0	0	0	0	0	0	0	0	
1.03659e+06	0	0	0	0	0	125	0	0	0	0	0	0	0	0	0	0	
1.03734e+06	0	0	0	0	171	0	0	0	0	0	0	0	0	0	0	0	
1.03809e+06	0	0	0	0	177	0	0	0	0	0	0	0	0	0	0	0	
1.03884e+06	0	0	0	0	155	0	0	0	0	0	0	0	0	0	0	0	
1.03959e+06	0	0	0	0	163	0	0	0	0	0	0	0	0	0	0	0	
1.04034e+06	0	0	0	0	157	0	0	0	0	0	0	0	0	0	0	0	
1.04109e+06	0	0	0	0	147	0	0	0	0	0	0	0	0	0	0	0	
1.04184e+06	0	0	0	0	153	0	0	0	0	0	0	0	0	0	0	0	
1.04259e+06	0	0	0	0	163	0	0	0	0	0	0	0	0	0	0	0	
1.04334e+06	0	0	0	0	177	0	0	0	0	0	0	0	0	0	0	0	
1.04409e+06	0	0	0	0	0	157	0	0	0	0	0	0	0	0	0	0	
1.04484e+06	0	0	0	0	0	141	0	0	0	0	0	0	0	0	0	0	
1.04559e+06	0	0	0	0	0	0	143	0	0	0	0	0	0	0	0	0	
1.04634e+06	0	0	0	0	0	29	106	0	0	0	0	0	0	0	0	0	
1.04709e+06	0	0	0	0	0	0	127	0	0	0	0	0	0	0	0	0	
1.04784e+06	0	0	0	0	0	0	117	0	0	0	0	0	0	0	0	0	
1.04859e+06	0	0	0	0	0	0	119	0	0	0	0	0	0	0	0	0	
1.04934e+06	0	0	0	0	0	0	105	0	0	0	0	0	0	0	0	0	
1.05009e+06	0	0	0	0	0	0	117	0	0	0	0	0	0	0	0	0	
1.05085e+06	0	0	0	0	0	0	107	0	0	0	0	0	0	0	0	0	
1.0516e+06	0	0	0	0	0	0	103	0	0	0	0	0	0	0	0	0	
1.05235e+06	0	0	0	0	0	0	117	0	0	0	0	0	0	0	0	0	
1.0531e+06	0	0	0	0	0	0	107	0	0	0	0	0	0	0	0	0	
1.05385e+06	0	0	0	0	0	0	99	0	0	0	0	0	0	0	0	0	
1.05459e+06	0	0	0	0	0	0	101	0	0	0	0	0	0	0	0	0	
1.05535e+06	0	0	0	0	0	0	111	0	0	0	0	0	0	0	0	0	
1.0561e+06	0	0	0	0	0	0	109	0	0	0	0	0	0	0	0	0	
1.05685e+06	0	0	0	0	0	0	113	0	0	0	0	0	0	0	0	0	
1.0576e+06	0	0	0	0	0	0	139	0	0	0	0	0	0	0	0	0	
1.05834e+06	0	0	0	0	0	0	133	0	0	0	0	0	0	0	0	0	
1.05909e+06	0	0	0	0	0	0	99	0	0	0	0	0	0	0	0	0	
1.05984e+06	0	0	0	0	0	0	85	0	0	0	0	0	0	0	0	0	
1.06059e+06	0	0	0	0	0	0	123	0	0	0	0	0	0	0	0	0	
1.06134e+06	0	0	0	0	0	0	123	0	0	0	0	0	0	0	0	0	
1.06209e+06	0	0	0	0	0	0	115	0	0	0	0	0	0	0	0	0	
1.06284e+06	0	0	0	0	0	0	111	0	0	0	0	0	0	0	0	0	
1.06359e+06	0	0	0	0	0	0	133	0	0	0	0	0	0	0	0	0	
1.06434e+06	0	0	0	0	0	0	105	0	0	0	0	0	0	0	0	0	
1.06509e+06	0	0	0	0	0	0	135	0	0	0	0	0	0	0	0	0	
1.06584e+06	0	0	0	0	0	0	129	0	0	0	0	0	0	0	0	0	
1.06659e+06	0	0	0	0	0	0	115	0	0	0	0	0	0	0	0	0	
1.06734e+06	0	0	0	0	0	0	41	46	0	0	0	0	0	0	0	0	
1.06809e+06	0	0	0	0	0	0	0	97	0	0	0	0	0	0	0	0	
1.06884e+06	0	0	0	0	0	0	0	109	0	0	0	0	0	0	0	0	
1.06959e+06	0	0	0	0	0	0	0	99	0	0	0	0	0	0	0	0	
1.07034e+06	0	0	0	0	0	0	0	89	0	0	0	0	0	0	0	0	
1.07109e+06	0	0	0	0	0	0	0	109	0	0	0	0	0	0	0	0	
1.07184e+06	0	0	0	0	0	0	0	89	0	0	0	0	0	0	0	0	
1.07259e+06	0	0	0	0	0	0	0	117	0	0	0	0	0	0	0	0	
1.07334e+06	0	0	0	0	0	0	0	105	0	0	0	0	0	0	0	0	
1.07409e+06	0	0	0	0	0	0	0	97	0	0	0	0	0	0	0	0	
1.07484e+06	0	0	0	0	0	0	0	103	0	0	0	0	0	0	0	0	
1.07559e+06	0	0	0	0	0	0	0	101	0	0	0	0	0	0	0	0	
1.07634e+06	0	0	0	0	0	0	0	87	0	0	0	0	0	0	0	0	
1.07709e+06	0	0	0	0	0	0	0	105	0	0	0	0	0	0	0	0	
1.07784e+06	0	0	0	0	0	0	0	91	0	0	0	0	0	0	0	0	
1.07859e+06	0	0	0	0	0	0	0	115	0	0	0	0	0	0	0	0	
1.07935e+06	0	0	0	0	0	0	0	0	91	0	0	0	0	0	0	0	
1.0801e+06	0	0	0	0	0	0	0	0	71	0	0	0	0	0	0	0	
1.08084e+06	0	0	0	0	0	0	0	0	83	0	0	0	0	0	0	0	
1.0816e+06	0	0	0	0	0	0	0	0	93	0	0	0	0	0	0	0	
1.08235e+06	0	0	0	0	0	0	0	97	0	0	0	0	0	0	0	0	
1.08309e+06	0	0	0	0	0	0	0	91	0	0	0	0	0	0	0	0	
1.08384e+06	0	0	0	0	0	0	0	109	0	0	0	0	0	0	0	0	
1.08459e+06	0	0	0	0	0	0	0	103	0	0	0	0	0	0	0	0	
1.08534e+06	0	0	0	0	0	0	0	81	0	0	0	0	0	0	0	0	
1.08609e+06	0	0	0	0	0	0	0	103	0	0	0	0	0	0	0	0	
1.08684e+06	0	0	0	0	0	0	0	115	0	0	0	0	0	0	0	0	
1.0876e+06	0	0	0	0	0	0	0	87	0	0	0	0	0	0	0	0	
1.08835e+06	0	0	0	0	0	0	0	99	0	0	0	0	0	0	0	0	
1.08909e+06	0	0	0	0	0	0	0	95	0	0	0	0	0	0	0	0	
1.08984e+06	0	0	0	0	0	0	0	99	0	0	0	0	0	0	0	0	
1.09059e+06	0	0	0	0	0	0	0	131	0	0	0	0	0	0	0	0	
1.09134e+06	0	0	0	0	0	0	0	111	0	0	0	0	0	0	0	0	
1.09209e+06	0	0	0	0	0	0	0	115	0	0	0	0	0	0	0	0	
1.09285e+06	0	0	0	0	0	0	0	97	0	0	0	0	0	0	0	0	
1.0936e+06	0	0	0	0	0	0	0	105	0	0	0	0	0	0	0	0	
1.09435e+06	0	0	0	0	0	0	0	107	0	0	0	0	0	0	0	0	
1.0951e+06	0	0	0	0	0	0	0	91	0	0	0	0	0	0	0	0	
1.09585e+06	0	0	0	0	0	0	0	101	0	0	0	0	0	0	0	0	
1.0966e+06	0	0	0	0	0	0	0	101	0	0	0	0	0	0	0	0	
1.09735e+06	0	0	0	0	0	0	0	101	0	0	0	0	0	0	0	0	
1.0981e+06	0	0	0	0	0	0	0	93	0	0	0	0	0	0	0	0	
1.09885e+06	0	0	0	0	0	0	0	95	0	0	0	0	0	0	0	0	
1.0996e+06	0	0	0	0	0	0	0	89	0	0	0	0	0	0	0	0	
1.10036e+06	0	0	0	0	0	0	0	121	0	0	0	0	0	0	0	0	
1.10111e+06	0	0	0	0	0	0	0	81	0	0	0	0	0	0	0	0	
1.10186e+06	0	0	0	0	0	0	0	103	0	0	0	0	0	0	0	0	
1.1026e+06	0	0	0	0	0	0	0	111	0	0	0	0	0	0	0	0	
1.10335e+06	0	0	0	0	0	0	0	93	0	0	0	0	0	0	0	0	
1.1041e+06	0	0	0	0	0	0	0	97	0	0	0	0	0	0	0	0	
1.10485e+06	0	0	0	0	0	0	0	97	0	0	0	0	0	0	0	0	
1.1056e+06	0	0	0	0	0	0	0	127	0	0	0	0	0	0	0	0	
1.10635e+06	0	0	0	0	0	0	0	105	0	0	0	0	0	0	0	0	
1.1071e+06	0	0	0	0	0	0	0	83	10	0	0	0	0	0	0	0	
1.10785e+06	0	0	0	0	0	0	0	97	0	0	0	0	0	0	0	0	
1.1086e+06	0	0	0	0	0	0	0	99	0	0	0	0	0	0	0	0	
1.10936e+06	0	0	0	0	0	0	0	91	0	0	0	0	0	0	0	0	
1.11011e+06	0	0	0	0	0	0	0	105	0	0	0	0	0	0	0	0	
1.11085e+06	0	0	0	0	0	0	0	89	0	0	0	0	0	0	0	0	
1.1116e+06	0	0	0	0	0	0	0	93	0	0	0	0	0	0	0	0	
1.11235e+06	0	0	0	0	0	0	0	117	0	0	0	0	0	0	0	0	
1.1131e+06	0	0	0	0	0	0	0	91	0	0	0	0	0	0	0	0	
1.11385e+06	0	0	0	0	0	0	0	101	0	0	0	0	0	0	0	0	
1.1146e+06	0	0	0	0	0	0	0	119	0	0	0	0	0	0	0	0	
1.11535e+06	0	0	0	0	0	0	0	89	0	0	0	0	0	0	0	0	
1.1161e+06	0	0	0	0	0	0	0	101	0	0	0	0	0	0	0	0	
1.11684e+06	0	0	0	0	0	0	0	105	0	0	0	0	0	0	0	0	
1.1176e+06	0	0	0	0	0	0	0	93	0	0	0	0	0	0	0	0	
1.11835e+06	0	0	0	0	0	0	0	105	0	0	0	0	0	0	0	0	
1.1191e+06	0	0	0	0	0	0	0	105	0	0	0	0	0	0	0	0	
1.11985e+06	0	0	0	0	0	0	0	0	81	0	0	0	0	0	0	0	
1.12059e+06	0	0	0	0	0	0	0	0	97	0	0	0	0	0	0	0	
1.12134e+06	0	0	0	0	0	0	0	0	93	0	0	0	0	0	0	0	
1.12209e+06	0	0	0	0	0	0	0	0	81	0	0	0	0	0	0	0	
1.12284e+06	0	0	0	0	0	0	0	101	0	0	0	0	0	0	0	0	
1.1236e+06	0	0	0	0	0	0	0	115	0	0	0	0	0	0	0	0	
1.12434e+06	0	0	0	0	0	0	0	83	0	0	0	0	0	0	0	0	
1.1251e+06	0	0	0	0	0	0	0	87	0	0	0	0	0	0	0	0	
1.12584e+06	0	0	0	0	0	0	0	99	0	0	0	0	0	0	0	0	
1.12659e+06	0	0	0	0	0	0	0	97	0	0	0	0	0	0	0	0	
1.12734e+06	0	0	0	0	0	0	0	101	0	0	0	0	0	0	0	0	
1.12809e+06	0	0	0	0	0	0	0	115	0	0	0	0	0	0	0	0	
1.12883e+06	0	0	0	0	0	0	0	95	0	0	0	0	0	0	0	0	
1.12958e+06	0	0	0	0	0	0	0	105	0	0	0	0	0	0	0	0	
1.13033e+06	0	0	0	0	0	0	0	103	0	0	0	0	0	0	0	0	
1.13108e+06	0	0	0	0	0	0	0	105	0	0	0	0	0	0	0	0	
1.13183e+06	0	0	0	0	0	0	0	111	0	0	0	0	0	0	0	0	
1.13258e+06	0	0	0	0	0	0	0	89	0	0	0	0	0	0	0	0	
1.13333e+06	0	0	0	0	0	0	0	99	0	0	0	0	0	0	0	0	
1.13408e+06	0	0	0	0	0	0	0	123	0	0	0	0	0	0	0	0	
1.13483e+06	0	0	0	0	0	0	0	109	0	0	0	0	0	0	0	0	
1.13558e+06	0	0	0	0	0	0	0	0	89	0	0	0	0	0	0	0	
1.13633e+06	0	0	0	0	0	0	0	105	0	0	0	0	0	0	0	0	
1.13708e+06	0	0	0	0	0	0	117	0	0	0	0	0	0	0	0	0	
1.13783e+06	0	0	0	0	0	0	121	0	0	0	0	0	0	0	0	0	
1.13858e+06	0	0	0	0	0	0	111	0	0	0	0	0	0	0	0	0	
1.13933e+06	0	0	0	0	0	0	117	0	0	0	0	0	0	0	0	0	
1.14008e+06	0	0	0	0	0	0	115	0	0	0	0	0	0	0	0	0	
1.14083e+06	0	0	0	0	0	0	111	0	0	0	0	0	0	0	0	0	
1.14158e+06	0	0	0	0	0	0	105	0	0	0	0	0	0	0	0	0	
1.14233e+06	0	0	0	0	0	121	0	0	0	0	0	0	0	0	0	0	
1.14308e+06	0	0	0	0	0	128	11	0	0	0	0	0	0	0	0	0	
1.14383e+06	0	0	0	0	0	123	0	0	0	0	0	0	0	0	0	0	
1.14458e+06	0	0	0	0	0	145	0	0	0	0	0	0	0	0	0	0	
1.14533e+06	0	0	0	0	0	161	0	0	0	0	0	0	0	0	0	0	
1.14608e+06	0	0	0	0	0	137	0	0	0	0	0	0	0	0	0	0	
1.14684e+06	0	0	0	0	0	119	0	0	0	0	0	0	0	0	0	0	
1.14758e+06	0	0	0	0	0	149	0	0	0	0	0	0	0	0	0	0	
1.14833e+06	0	0	0	0	0	153	0	0	0	0	0	0	0	0	0	0	
1.14908e+06	0	0	0	0	0	122	9	0	0	0	0	0	0	0	0	0	
1.14984e+06	0	0	0	0	0	131	0	0	0	0	0	0	0	0	0	0	
1.15059e+06	0	0	0	0	0	101	4	0	0	0	0	0	0	0	0	0	
1.15134e+06	0	0	0	0	0	127	0	0	0	0	0	0	0	0	0	0	
1.15209e+06	0	0	0	0	0	121	0	0	0	0	0	0	0	0	0	0	
1.15284e+06	0	0	0	0	0	119	0	0	0	0	0	0	0	0	0	0	
1.15359e+06	0	0	0	0	0	135	0	0	0	0	0	0	0	0	0	0	
1.15434e+06	0	0	0	0	0	123	0	0	0	0	0	0	0	0	0	0	
1.15509e+06	0	0	0	0	0	139	0	0	0	0	0	0	0	0	0	0	
1.15584e+06	0	0	0	0	0	137	0	0	0	0	0	0	0	0	0	0	
1.15659e+06	0	0	0	0	0	143	0	0	0	0	0	0	0	0	0	0	
1.15734e+06	0	0	0	0	163	0	0	0	0	0	0	0	0	0	0	0	
1.15809e+06	0	0	0	0	179	0	0	0	0	0	0	0	0	0	0	0	
1.15884e+06	0	0	0	0	151	0	0	0	0	0	0	0	0	0	0	0	
1.15959e+06	0	0	0	0	157	0	0	0	0	0	0	0	0	0	0	0	
1.16034e+06	0	0	0	0	143	0	0	0	0	0	0	0	0	0	0	0	
1.16109e+06	0	0	0	0	147	0	0	0	0	0	0	0	0	0	0	0	
1.16184e+06	0	0	0	0	137	0	0	0	0	0	0	0	0	0	0	0	
1.16259e+06	0	0	0	0	151	0	0	0	0	0	0	0	0	0	0	0	
1.16334e+06	0	0	0	0	153	0	0	0	0	0	0	0	0	0	0	0	
1.16409e+06	0	0	0	0	159	0	0	0	0	0	0	0	0	0	0	0	
1.16484e+06	0	0	0	0	141	0	0	0	0	0	0	0	0	0	0	0	
1.16559e+06	0	0	0	0	151	0	0	0	0	0	0	0	0	0	0	0	
1.16634e+06	0	0	0	0	163	0	0	0	0	0	0	0	0	0	0	0	
1.16709e+06	0	0	0	0	181	0	0	0	0	0	0	0	0	0	0	0	
1.16784e+06	0	0	0	0	163	0	0	0	0	0	0	0	0	0	0	0	
1.16858e+06	0	0	0	0	153	0	0	0	0	0	0	0	0	0	0	0	
1.16933e+06	0	0	0	0	185	0	0	0	0	0	0	0	0	0	0	0	
1.17008e+06	0	0	0	0	169	0	0	0	0	0	0	0	0	0	0	0	
1.17083e+06	0	0	0	0	183	0	0	0	0	0	0	0	0	0	0	0	
1.17158e+06	0	0	0	0	157	0	0	0	0	0	0	0	0	0	0	0	
1.17233e+06	0	0	0	0	165	0	0	0	0	0	0	0	0	0	0	0	
1.17309e+06	0	0	0	0	171	0	0	0	0	0	0	0	0	0	0	0	
1.17384e+06	0	0	0	0	183	0	0	0	0	0	0	0	0	0	0	0	
1.17458e+06	0	0	0	0	149	0	0	0	0	0	0	0	0	0	0	0	
1.17533e+06	0	0	0	0	167	0	0	0	0	0	0	0	0	0	0	0	
1.17608e+06	0	0	0	0	165	0	0	0	0	0	0	0	0	0	0	0	
1.17683e+06	0	0	0	0	173	0	0	0	0	0	0	0	0	0	0	0	
1.17758e+06	0	0	0	0	145	0	0	0	0	0	0	0	0	0	0	0	
1.17833e+06	0	0	0	0	153	0	0	0	0	0	0	0	0	0	0	0	
1.17908e+06	0	0	0	0	171	0	0	0	0	0	0	0	0	0	0	0	
1.17983e+06	0	0	0	0	137	0	0	0	0	0	0	0	0	0	0	0	
1.18058e+06	0	0	0	0	187	0	0	0	0	0	0	0	0	0	0	0	
1.18133e+06	0	0	0	0	179	0	0	0	0	0	0	0	0	0	0	0	
1.18208e+06	0	0	0	0	149	0	0	0	0	0	0	0	0	0	0	0	
1.18283e+06	0	0	0	0	155	0	0	0	0	0	0	0	0	0	0	0	
1.18358e+06	0	0	0	0	151	0	0	0	0	0	0	0	0	0	0	0	
1.18433e+06	0	0	0	0	153	0	0	0	0	0	0	0	0	0	0	0	
1.18508e+06	0	0	0	0	145	0	0	0	0	0	0	0	0	0	0	0	
1.18583e+06	0	0	0	0	151	0	0	0	0	0	0	0	0	0	0	0	
1.18658e+06	0	0	0	0	167	0	0	0	0	0	0	0	0	0	0	0	
1.18733e+06	0	0	0	0	173	0	0	0	0	0	0	0	0	0	0	0	
1.18808e+06	0	0	0	0	149	0	0	0	0	0	0	0	0	0	0	0	
1.18884e+06	0	0	0	0	165	0	0	0	0	0	0	0	0	0	0	0	
1.18958e+06	0	0	0	0	169	0	0	0	0	0	0	0	0	0	0	0	
1.19033e+06	0	0	0	0	179	0	0	0	0	0	0	0	0	0	0	0	
1.19109e+06	0	0	0	0	175	0	0	0	0	0	0	0	0	0	0	0	
1.19183e+06	0	0	0	0	153	0	0	0	0	0	0	0	0	0	0	0	
1.19259e+06	0	0	0	0	141	0	0	0	0	0	0	0	0	0	0	0	
1.19334e+06	0	0	0	0	149	0	0	0	0	0	0	0	0	0	0	0	
1.19409e+06	0	0	0	0	151	0	0	0	0	0	0	0	0	0	0	0	
1.19484e+06	0	0	0	0	149	0	0	0	0	0	0	0	0	0	0	0	
1.19559e+06	0	0	0	0	163	0	0	0	0	0	0	0	0	0	0	0	
1.19634e+06	0	0	0	0	163	0	0	0	0	0	0	0	0	0	0	0	
1.19709e+06	0	0	0	0	145	0	0	0	0	0	0	0	0	0	0	0	
1.19784e+06	0	0	0	0	171	0	0	0	0	0	0	0	0	0	0	0	
1.19859e+06	0	0	0	0	171	0	0	0	0	0	0	0	0	0	0	0	
1.19934e+06	0	0	0	0	169	0	0	0	0	0	0	0	0	0	0	0	
1.20009e+06	0	0	0	0	173	0	0	0	0	0	0	0	0	0	0	0	
1.20085e+06	0	0	0	0	163	0	0	0	0	0	0	0	0	0	0	0	
1.2016e+06	0	0	0	0	161	0	0	0	0	0	0	0	0	0	0	0	
1.20235e+06	0	0	0	0	147	0	0	0	0	0	0	0	0	0	0	0	
1.2031e+06	0	0	0	0	159	0	0	0	0	0	0	0	0	0	0	0	
1.20385e+06	0	0	0	0	149	0	0	0	0	0	0	0	0	0	0	0	
1.2046e+06	0	0	0	0	167	0	0	0	0	0	0	0	0	0	0	0	
1.20535e+06	0	0	0	0	145	0	0	0	0	0	0	0	0	0	0	0	
1.20611e+06	0	0	0	0	153	0	0	0	0	0	0	0	0	0	0	0	
1.20685e+06	0	0	0	0	165	0	0	0	0	0	0	0	0	0	0	0	
1.20761e+06	0	0	0	0	163	0	0	0	0	0	0	0	0	0	0	0	
1.20836e+06	0	0	0	0	153	0	0	0	0	0	0	0	0	0	0	0	
1.20911e+06	0	0	0	0	169	0	0	0	0	0	0	0	0	0	0	0	
1.20986e+06	0	0	0	0	149	0	0	0	0	0	0	0	0	0	0	0	
1.21061e+06	0	0	0	169	6	0	0	0	0	0	0	0	0	0	0	0	
1.21136e+06	0	0	0	187	0	0	0	0	0	0	0	0	0	0	0	0	
1.2121e+06	0	0	0	195	0	0	0	0	0	0	0	0	0	0	0	0	
1.21286e+06	0	0	0	223	0	0	0	0	0	0	0	0	0	0	0	0	
1.21361e+06	0	0	0	193	0	0	0	0	0	0	0	0	0	0	0	0	
1.21436e+06	0	0	0	203	0	0	0	0	0	0	0	0	0	0	0	0	
1.21511e+06	0	0	0	181	0	0	0	0	0	0	0	0	0	0	0	0	
1.21586e+06	0	0	0	203	0	0	0	0	0	0	0	0	0	0	0	0	
1.21661e+06	0	0	0	181	0	0	0	0	0	0	0	0	0	0	0	0	
1.21736e+06	0	0	0	187	0	0	0	0	0	0	0	0	0	0	0	0	
1.21811e+06	0	0	0	54	89	0	0	0	0	0	0	0	0	0	0	0	
1.21886e+06	0	0	0	0	177	0	0	0	0	0	0	0	0	0	0	0	
1.21961e+06	0	0	0	0	171	0	0	0	0	0	0	0	0	0	0	0	
1.22036e+06	0	0	0	0	165	0	0	0	0	0	0	0	0	0	0	0	
1.22111e+06	0	0	0	0	185	0	0	0	0	0	0	0	0	0	0	0	
1.22186e+06	0	0	0	0	151	0	0	0	0	0	0	0	0	0	0	0	
1.22262e+06	0	0	0	0	163	0	0	0	0	0	0	0	0	0	0	0	
1.22337e+06	0	0	0	0	183	4	0	0	0	0	0	0	0	0	0	0	
1.22412e+06	0	0	0	0	145	0	0	0	0	0	0	0	0	0	0	0	
1.22486e+06	0	0	0	0	167	0	0	0	0	0	0	0	0	0	0	0	
1.22562e+06	0	0	0	0	157	0	0	0	0	0	0	0	0	0	0	0	
1.22636e+06	0	0	0	0	159	0	0	0	0	0	0	0	0	0	0	0	
1.22712e+06	0	0	0	0	155	0	0	0	0	0	0	0	0	0	0	0	
1.22787e+06	0	0	0	9	154	0	0	0	0	0	0	0	0	0	0	0	
1.22862e+06	0	0	0	0	167	0	0	0	0	0	0	0	0	0	0	0	
1.22936e+06	0	0	0	0	161	0	0	0	0	0	0	0	0	0	0	0	
1.23011e+06	0	0	0	0	169	0	0	0	0	0	0	0	0	0	0	0	
1.23086e+06	0	0	0	0	167	0	0	0	0	0	0	0	0	0	0	0	
1.23161e+06	0	0	0	0	145	0	0	0	0	0	0	0	0	0	0	0	
1.23235e+06	0	0	0	0	163	0	0	0	0	0	0	0	0	0	0	0	
1.2331e+06	0	0	0	0	161	0	0	0	0	0	0	0	0	0	0	0	
1.23385e+06	0	0	0	0	181	0	0	0	0	0	0	0	0	0	0	0	
1.2346e+06	0	0	0	0	159	0	0	0	0	0	0	0	0	0	0	0	
1.23535e+06	0	0	0	0	153	0	0	0	0	0	0	0	0	0	0	0	
1.23609e+06	0	0	0	0	159	0	0	0	0	0	0	0	0	0	0	0	
1.23684e+06	0	0	0	0	141	0	0	0	0	0	0	0	0	0	0	0	
1.2376e+06	0	0	0	0	167	0	0	0	0	0	0	0	0	0	0	0	
1.23835e+06	0	0	0	0	161	0	0	0	0	0	0	0	0	0	0	0	
1.2391e+06	0	0	0	0	161	0	0	0	0	0	0	0	0	0	0	0	
1.23984e+06	0	0	0	0	181	0	0	0	0	0	0	0	0	0	0	0	
1.24059e+06	0	0	0	0	149	0	0	0	0	0	0	0	0	0	0	0	
1.24134e+06	0	0	0	0	147	0	0	0	0	0	0	0	0	0	0	0	
1.24209e+06	0	0	0	31	150	0	0	0	0	0	0	0	0	0	0	0	
1.24284e+06	0	0	0	0	185	0	0	0	0	0	0	0	0	0	0	0	
1.24359e+06	0	0	0	0	163	0	0	0	0	0	0	0	0	0	0	0	
1.24434e+06	0	0	0	0	145	0	0	0	0	0	0	0	0	0	0	0	
1.24509e+06	0	0	0	0	163	0	0	0	0	0	0	0	0	0	0	0	
1.24584e+06	0	0	0	0	153	0	0	0	0	0	0	0	0	0	0	0	
1.24659e+06	0	0	0	0	157	0	0	0	0	0	0	0	0	0	0	0	
1.24734e+06	0	0	0	0	171	0	0	0	0	0	0	0	0	0	0	0	
1.24809e+06	0	0	0	0	143	6	0	0	0	0	0	0	0	0	0	0	
1.24884e+06	0	0	0	0	133	0	0	0	0	0	0	0	0	0	0	0	
1.24959e+06	0	0	0	0	141	0	0	0	0	0	0	0	0	0	0	0	
1.25034e+06	0	0	0	0	169	0	0	0	0	0	0	0	0	0	0	0	
1.25109e+06	0	0	0	0	0	117	0	0	0	0	0	0	0	0	0	0	
1.25183e+06	0	0	0	0	0	129	0	0	0	0	0	0	0	0	0	0	
1.25258e+06	0	0	0	0	0	147	0	0	0	0	0	0	0	0	0	0	
1.25333e+06	0	0	0	0	0	131	0	0	0	0	0	0	0	0	0	0	
1.25409e+06	0	0	0	0	0	151	0	0	0	0	0	0	0	0	0	0	
1.25484e+06	0	0	0	0	0	123	0	0	0	0	0	0	0	0	0	0	
1.25559e+06	0	0	0	0	0	121	0	0	0	0	0	0	0	0	0	0	
1.25634e+06	0	0	0	0	0	121	0	0	0	0	0	0	0	0	0	0	
1.25709e+06	0	0	0	0	0	131	0	0	0	0	0	0	0	0	0	0	
1.25784e+06	0	0	0	0	0	131	0	0	0	0	0	0	0	0	0	0	
1.25859e+06	0	0	0	0	0	137	0	0	0	0	0	0	0	0	0	0	
1.25934e+06	0	0	0	0	0	123	0	0	0	0	0	0	0	0	0	0	
1.26009e+06	0	0	0	0	0	131	0	0	0	0	0	0	0	0	0	0	
1.26084e+06	0	0	0	0	0	131	0	0	0	0	0	0	0	0	0	0	
1.26159e+06	0	0	0	0	0	151	0	0	0	0	0	0	0	0	0	0	
1.26234e+06	0	0	0	0	157	0	0	0	0	0	0	0	0	0	0	0	
1.26309e+06	0	0	0	0	175	0	0	0	0	0	0	0	0	0	0	0	
1.26384e+06	0	0	0	0	163	0	0	0	0	0	0	0	0	0	0	0	
1.26459e+06	0	0	0	0	165	0	0	0	0	0	0	0	0	0	0	0	
1.26534e+06	0	0	0	0	179	0	0	0	0	0	0	0	0	0	0	0	
1.26609e+06	0	0	0	0	155	0	0	0	0	0	0	0	0	0	0	0	
1.26684e+06	0	0	0	0	167	0	0	0	0	0	0	0	0	0	0	0	
1.26759e+06	0	0	0	0	179	0	0	0	0	0	0	0	0	0	0	0	
1.26835e+06	0	0	0	0	147	0	0	0	0	0	0	0	0	0	0	0	
1.2691e+06	0	0	0	0	157	0	0	0	0	0	0	0	0	0	0	0	
1.26984e+06	0	0	0	0	151	0	0	0	0	0	0	0	0	0	0	0	
1.27059e+06	0	0	0	0	165	0	0	0	0	0	0	0	0	0	0	0	
1.27134e+06	0	0	0	0	157	0	0	0	0	0	0	0	0	0	0	0	
1.27209e+06	0	0	0	0	155	0	0	0	0	0	0	0	0	0	0	0	
1.27284e+06	0	0	0	0	183	0	0	0	0	0	0	0	0	0	0	0	
1.27359e+06	0	0	0	0	167	0	0	0	0	0	0	0	0	0	0	0	
1.27434e+06	0	0	0	0	161	0	0	0	0	0	0	0	0	0	0	0	
1.27509e+06	0	0	0	0	141	0	0	0	0	0	0	0	0	0	0	0	
1.27584e+06	0	0	0	0	143	0	0	0	0	0	0	0	0	0	0	0	
1.27659e+06	0	0	0	0	173	0	0	0	0	0	0	0	0	0	0	0	
1.27734e+06	0	0	0	0	0	127	0	0	0	0	0	0	0	0	0	0	
1.27809e+06	0	0	0	0	0	117	0	0	0	0	0	0	0	0	0	0	
1.27884e+06	0	0	0	0	0	135	0	0	0	0	0	0	0	0	0	0	
1.27959e+06	0	0	0	0	0	145	0	0	0	0	0	0	0	0	0	0	
1.28034e+06	0	0	0	0	0	131	0	0	0	0	0	0	0	0	0	0	
1.2811e+06	0	0	0	0	0	137	0	0	0	0	0	0	0	0	0	0	
1.28185e+06	0	0	0	0	0	123	0	0	0	0	0	0	0	0	0	0	
1.2826e+06	0	0	0	0	0	123	0	0	0	0	0	0	0	0	0	0	
1.28334e+06	0	0	0	0	0	145	0	0	0	0	0	0	0	0	0	0	
1.28409e+06	0	0	0	0	0	107	0	0	0	0	0	0	0	0	0	0	
1.28484e+06	0	0	0	0	0	121	0	0	0	0	0	0	0	0	0	0	
1.28559e+06	0	0	0	0	0	151	0	0	0	0	0	0	0	0	0	0	
1.28634e+06	0	0	0	0	0	143	0	0	0	0	0	0	0	0	0	0	
1.28709e+06	0	0	0	0	0	137	0	0	0	0	0	0	0	0	0	0	
1.28784e+06	0	0	0	0	0	145	0	0	0	0	0	0	0	0	0	0	
1.2886e+06	0	0	0	0	0	133	0	0	0	0	0	0	0	0	0	0	
1.28934e+06	0	0	0	0	0	145	0	0	0	0	0	0	0	0	0	0	
1.29009e+06	0	0	0	0	0	131	0	0	0	0	0	0	0	0	0	0	
1.29084e+06	0	0	0	0	0	151	0	0	0	0	0	0	0	0	0	0	
1.29159e+06	0	0	0	0	0	119	0	0	0	0	0	0	0	0	0	0	
1.29234e+06	0	0	0	0	0	137	0	0	0	0	0	0	0	0	0	0	
1.29309e+06	0	0	0	0	0	133	0	0	0	0	0	0	0	0	0	0	
1.29384e+06	0	0	0	0	0	159	0	0	0	0	0	0	0	0	0	0	
1.29459e+06	0	0	0	0	0	0	109	0	0	0	0	0	0	0	0	0	
1.29534e+06	0	0	0	0	0	0	109	0	0	0	0	0	0	0	0	0	
1.29609e+06	0	0	0	0	0	0	99	0	0	0	0	0	0	0	0	0	
1.29685e+06	0	0	0	0	0	0	113	0	0	0	0	0	0	0	0	0	
1.29759e+06	0	0	0	0	0	0	127	0	0	0	0	0	0	0	0	0	
1.29835e+06	0	0	0	0	0	0	72	29	0	0	0	0	0	0	0	0	
1.29909e+06	0	0	0	0	0	0	121	0	0	0	0	0	0	0	0	0	
1.29984e+06	0	0	0	0	0	0	131	0	0	0	0	0	0	0	0	0	
1.30059e+06	0	0	0	0	0	0	113	0	0	0	0	0	0	0	0	0	
1.30134e+06	0	0	0	0	0	87	56	0	0	0	0	0	0	0	0	0	
1.30209e+06	0	0	0	0	0	125	0	0	0	0	0	0	0	0	0	0	
1.30284e+06	0	0	0	0	0	137	0	0	0	0	0	0	0	0	0	0	
1.30359e+06	0	0	0	0	0	135	0	0	0	0	0	0	0	0	0	0	
1.30434e+06	0	0	0	0	0	119	0	0	0	0	0	0	0	0	0	0	
1.30509e+06	0	0	0	0	0	135	0	0	0	0	0	0	0	0	0	0	
1.30584e+06	0	0	0	0	0	135	0	0	0	0	0	0	0	0	0	0	
1.30659e+06	0	0	0	0	0	135	0	0	0	0	0	0	0	0	0	0	
1.30734e+06	0	0	0	0	0	135	0	0	0	0	0	0	0	0	0	0	
1.30809e+06	0	0	0	0	0	135	0	0	0	0	0	0	0	0	0	0	
1.30884e+06	0	0	0	0	0	117	0	0	0	0	0	0	0	0	0	0	
1.30959e+06	0	0	0	0	0	147	0	0	0	0	0	0	0	0	0	0	
1.31034e+06	0	0	0	0	0	135	0	0	0	0	0	0	0	0	0	0	
1.31109e+06	0	0	0	0	0	143	0	0	0	0	0	0	0	0	0	0	
1.31184e+06	0	0	0	0	0	133	0	0	0	0	0	0	0	0	0	0	
1.31259e+06	0	0	0	0	0	151	0	0	0	0	0	0	0	0	0	0	
1.31334e+06	0	0	0	0	0	145	0	0	0	0	0	0	0	0	0	0	
1.31409e+06	0	0	0	0	0	149	0	0	0	0	0	0	0	0	0	0	
1.31485e+06	0	0	0	0	0	157	0	0	0	0	0	0	0	0	0	0	
1.31559e+06	0	0	0	0	0	123	0	0	0	0	0	0	0	0	0	0	
1.31635e+06	0	0	0	0	0	127	0	0	0	0	0	0	0	0	0	0	
1.3171e+06	0	0	0	0	0	125	0	0	0	0	0	0	0	0	0	0	
1.31785e+06	0	0	0	0	0	137	0	0	0	0	0	0	0	0	0	0	
1.3186e+06	0	0	0	0	0	139	0	0	0	0	0	0	0	0	0	0	
1.31935e+06	0	0	0	0	0	149	0	0	0	0	0	0	0	0	0	0	
1.3201e+06	0	0	0	0	0	129	0	0	0	0	0	0	0	0	0	0	
1.32086e+06	0	0	0	0	0	155	0	0	0	0	0	0	0	0	0	0	
1.32161e+06	0	0	0	0	0	137	0	0	0	0	0	0	0	0	0	0	
1.32236e+06	0	0	0	0	0	137	0	0	0	0	0	0	0	0	0	0	
1.32311e+06	0	0	0	0	0	145	0	0	0	0	0	0	0	0	0	0	
1.32386e+06	0	0	0	0	0	133	0	0	0	0	0	0	0	0	0	0	
1.32461e+06	0	0	0	0	0	127	0	0	0	0	0	0	0	0	0	0	
1.32536e+06	0	0	0	0	0	133	0	0	0	0	0	0	0	0	0	0	
1.32611e+06	0	0	0	0	0	133	0	0	0	0	0	0	0	0	0	0	
1.32686e+06	0	0	0	0	0	123	0	0	0	0	0	0	0	0	0	0	
1.32761e+06	0	0	0	0	151	0	0	0	0	0	0	0	0	0	0	0	
1.32836e+06	0	0	0	0	147	0	0	0	0	0	0	0	0	0	0	0	
1.32911e+06	0	0	0	0	159	0	0	0	0	0	0	0	0	0	0	0	
1.32986e+06	0	0	0	0	153	0	0	0	0	0	0	0	0	0	0	0	
1.33061e+06	0	0	0	0	169	0	0	0	0	0	0	0	0	0	0	0	
1.33136e+06	0	0	0	0	171	0	0	0	0	0	0	0	0	0	0	0	
1.33211e+06	0	0	0	0	167	0	0	0	0	0	0	0	0	0	0	0	
1.33286e+06	0	0	0	0	145	0	0	0	0	0	0	0	0	0	0	0	
1.33361e+06	0	0	0	0	169	0	0	0	0	0	0	0	0	0	0	0	
1.33436e+06	0	0	0	0	169	0	0	0	0	0	0	0	0	0	0	0	
1.33511e+06	0	0	0	0	163	0	0	0	0	0	0	0	0	0	0	0	
1.33585e+06	0	0	0	0	181	0	0	0	0	0	0	0	0	0	0	0	
1.3366e+06	0	0	0	0	173	0	0	0	0	0	0	0	0	0	0	0	
1.33735e+06	0	0	0	0	161	0	0	0	0	0	0	0	0	0	0	0	
1.3381e+06	0	0	0	0	149	0	0	0	0	0	0	0	0	0	0	0	
1.33885e+06	0	0	0	0	143	0	0	0	0	0	0	0	0	0	0	0	
1.3396e+06	0	0	0	0	115	0	0	0	0	0	0	0	0	0	0	0	
1.34035e+06	0	0	0	0	169	0	0	0	0	0	0	0	0	0	0	0	
1.3411e+06	0	0	0	0	181	0	0	0	0	0	0	0	0	0	0	0	
1.34185e+06	0	0	0	0	159	0	0	0	0	0	0	0	0	0	0	0	
1.3426e+06	0	0	0	0	137	0	0	0	0	0	0	0	0	0	0	0	
1.34335e+06	0	0	0	0	159	0	0	0	0	0	0	0	0	0	0	0	
1.3441e+06	0	0	0	0	175	0	0	0	0	0	0	0	0	0	0	0	
1.34485e+06	0	0	0	0	165	0	0	0	0	0	0	0	0	0	0	0	
1.3456e+06	0	0	0	0	131	0	0	0	0	0	0	0	0	0	0	0	
1.34635e+06	0	0	0	0	165	0	0	0	0	0	0	0	0	0	0	0	
1.3471e+06	0	0	0	0	171	0	0	0	0	0	0	0	0	0	0	0	
1.34785e+06	0	0	0	0	175	0	0	0	0	0	0	0	0	0	0	0	
1.34859e+06	0	0	0	0	163	0	0	0	0	0	0	0	0	0	0	0	
1.34934e+06	0	0	0	0	0	145	0	0	0	0	0	0	0	0	0	0	
1.35009e+06	0	0	0	0	0	145	0	0	0	0	0	0	0	0	0	0	
1.35084e+06	0	0	0	0	0	131	0	0	0	0	0	0	0	0	0	0	
1.35159e+06	0	0	0	0	0	153	0	0	0	0	0	0	0	0	0	0	
1.35234e+06	0	0	0	0	0	127	0	0	0	0	0	0	0	0	0	0	
1.35309e+06	0	0	0	0	0	141	0	0	0	0	0	0	0	0	0	0	
1.35384e+06	0	0	0	0	0	129	0	0	0	0	0	0	0	0	0	0	
1.35459e+06	0	0	0	0	0	145	0	0	0	0	0	0	0	0	0	0	
1.35534e+06	0	0	0	0	3	120	0	0	0	0	0	0	0	0	0	0	
1.35609e+06	0	0	0	0	0	6	117	0	0	0	0	0	0	0	0	0	
1.35684e+06	0	0	0	0	0	0	115	0	0	0	0	0	0	0	0	0	
1.35759e+06	0	0	0	0	0	0	121	0	0	0	0	0	0	0	0	0	
1.35834e+06	0	0	0	0	0	0	113	0	0	0	0	0	0	0	0	0	
1.35909e+06	0	0	0	0	0	0	101	0	0	0	0	0	0	0	0	0	
1.35984e+06	0	0	0	0	0	0	119	0	0	0	0	0	0	0	0	0	
1.36059e+06	0	0	0	0	0	0	89	0	0	0	0	0	0	0	0	0	
1.36134e+06	0	0	0	0	0	0	121	0	0	0	0	0	0	0	0	0	
1.36209e+06	0	0	0	0	0	0	123	0	0	0	0	0	0	0	0	0	
1.36284e+06	0	0	0	0	0	0	115	0	0	0	0	0	0	0	0	0	
1.36358e+06	0	0	0	0	0	0	125	0	0	0	0	0	0	0	0	0	
1.36433e+06	0	0	0	0	0	0	117	0	0	0	0	0	0	0	0	0	
1.36509e+06	0	0	0	0	0	0	125	0	0	0	0	0	0	0	0	0	
1.36583e+06	0	0	0	0	0	0	119	0	0	0	0	0	0	0	0	0	
1.36658e+06	0	0	0	0	0	0	111	0	0	0	0	0	0	0	0	0	
1.36732e+06	0	0	0	0	0	6	103	0	0	0	0	0	0	0	0	0	
1.36808e+06	0	0	0	0	0	0	109	0	0	0	0	0	0	0	0	0	
1.36883e+06	0	0	0	0	0	0	95	0	0	0	0	0	0	0	0	0	
1.36958e+06	0	0	0	0	0	0	127	0	0	0	0	0	0	0	0	0	
1.37033e+06	0	0	0	0	0	0	101	0	0	0	0	0	0	0	0	0	
1.37108e+06	0	0	0	0	0	0	121	0	0	0	0	0	0	0	0	0	
1.37183e+06	0	0	0	0	0	0	99	0	0	0	0	0	0	0	0	0	
1.37258e+06	0	0	0	0	0	0	101	0	0	0	0	0	0	0	0	0	
1.37332e+06	0	0	0	0	0	0	88	37	0	0	0	0	0	0	0	0	
1.37407e+06	0	0	0	0	0	0	115	0	0	0	0	0	0	0	0	0	
1.37482e+06	0	0	0	0	0	0	113	0	0	0	0	0	0	0	0	0	
1.37557e+06	0	0	0	0	0	0	111	0	0	0	0	0	0	0	0	0	
1.37632e+06	0	0	0	0	0	0	117	0	0	0	0	0	0	0	0	0	
1.37707e+06	0	0	0	0	0	0	121	0	0	0	0	0	0	0	0	0	
1.37782e+06	0	0	0	0	0	0	109	0	0	0	0	0	0	0	0	0	
1.37857e+06	0	0	0	0	0	0	119	0	0	0	0	0	0	0	0	0	
1.37932e+06	0	0	0	0	0	0	121	0	0	0	0	0	0	0	0	0	
1.38007e+06	0	0	0	0	0	0	107	0	0	0	0	0	0	0	0	0	
1.38082e+06	0	0	0	0	0	0	105	0	0	0	0	0	0	0	0	0	
1.38157e+06	0	0	0	0	0	0	103	0	0	0	0	0	0	0	0	0	
1.38232e+06	0	0	0	0	0	0	115	0	0	0	0	0	0	0	0	0	
1.38308e+06	0	0	0	0	0	0	123	0	0	0	0	0	0	0	0	0	
1.38383e+06	0	0	0	0	0	0	107	0	0	0	0	0	0	0	0	0	
1.38458e+06	0	0	0	0	0	0	115	0	0	0	0	0	0	0	0	0	
1.38533e+06	0	0	0	0	0	0	115	0	0	0	0	0	0	0	0	0	
1.38609e+06	0	0	0	0	0	0	111	0	0	0	0	0	0	0	0	0	
1.38684e+06	0	0	0	0	0	0	95	0	0	0	0	0	0	0	0	0	
1.38759e+06	0	0	0	0	0	0	109	0	0	0	0	0	0	0	0	0	
1.38834e+06	0	0	0	0	0	0	131	0	0	0	0	0	0	0	0	0	
1.38909e+06	0	0	0	0	0	0	119	0	0	0	0	0	0	0	0	0	
1.38984e+06	0	0	0	0	0	0	113	0	0	0	0	0	0	0	0	0	
1.39059e+06	0	0	0	0	0	0	143	0	0	0	0	0	0	0	0	0	
1.39134e+06	0	0	0	0	0	0	103	0	0	0	0	0	0	0	0	0	
1.39209e+06	0	0	0	0	0	0	111	0	0	0	0	0	0	0	0	0	
1.39284e+06	0	0	0	0	0	0	125	0	0	0	0	0	0	0	0	0	
1.39359e+06	0	0	0	0	0	0	101	0	0	0	0	0	0	0	0	0	
1.39434e+06	0	0	0	0	0	0	123	0	0	0	0	0	0	0	0	0	
1.3951e+06	0	0	0	0	0	0	121	0	0	0	0	0	0	0	0	0	
1.39585e+06	0	0	0	0	0	0	109	0	0	0	0	0	0	0	0	0	
1.3966e+06	0	0	0	0	0	0	111	0	0	0	0	0	0	0	0	0	
1.39735e+06	0	0	0	0	0	0	127	0	0	0	0	0	0	0	0	0	
1.3981e+06	0	0	0	0	0	0	115	0	0	0	0	0	0	0	0	0	
1.39885e+06	0	0	0	0	0	0	123	0	0	0	0	0	0	0	0	0	
1.3996e+06	0	0	0	0	0	0	103	0	0	0	0	0	0	0	0	0	
1.40035e+06	0	0	0	0	0	0	107	0	0	0	0	0	0	0	0	0	
1.4011e+06	0	0	0	0	0	0	103	0	0	0	0	0	0	0	0	0	
1.40185e+06	0	0	0	0	0	0	95	0	0	0	0	0	0	0	0	0	
1.4026e+06	0	0	0	0	0	0	113	0	0	0	0	0	0	0	0	0	
1.40335e+06	0	0	0	0	0	0	105	0	0	0	0	0	0	0	0	0	
1.4041e+06	0	0	0	0	0	0	125	0	0	0	0	0	0	0	0	0	
1.40485e+06	0	0	0	0	0	0	117	0	0	0	0	0	0	0	0	0	
1.4056e+06	0	0	0	0	0	0	125	0	0	0	0	0	0	0	0	0	
1.40635e+06	0	0	0	0	0	0	121	0	0	0	0	0	0	0	0	0	
1.4071e+06	0	0	0	0	0	0	125	0	0	0	0	0	0	0	0	0	
1.40785e+06	0	0	0	0	0	0	89	0	0	0	0	0	0	0	0	0	
1.4086e+06	0	0	0	0	0	0	129	0	0	0	0	0	0	0	0	0	
1.40935e+06	0	0	0	0	0	0	111	0	0	0	0	0	0	0	0	0	
1.4101e+06	0	0	0	0	0	0	109	0	0	0	0	0	0	0	0	0	
1.41085e+06	0	0	0	0	0	0	118	7	0	0	0	0	0	0	0	0	
1.4116e+06	0	0	0	0	0	0	129	0	0	0	0	0	0	0	0	0	
1.41235e+06	0	0	0	0	0	0	123	0	0	0	0	0	0	0	0	0	
1.41309e+06	0	0	0	0	0	0	107	0	0	0	0	0	0	0	0	0	
1.41385e+06	0	0	0	0	0	0	117	0	0	0	0	0	0	0	0	0	
1.41459e+06	0	0	0	0	0	0	119	0	0	0	0	0	0	0	0	0	
1.41535e+06	0	0	0	0	0	0	103	0	0	0	0	0	0	0	0	0	
1.4161e+06	0	0	0	0	0	0	121	0	0	0	0	0	0	0	0	0	
1.41684e+06	0	0	0	0	0	0	119	0	0	0	0	0	0	0	0	0	
1.41759e+06	0	0	0	0	0	0	113	0	0	0	0	0	0	0	0	0	
1.41834e+06	0	0	0	0	0	0	115	0	0	0	0	0	0	0	0	0	
1.41909e+06	0	0	0	0	0	0	95	0	0	0	0	0	0	0	0	0	
1.41984e+06	0	0	0	0	0	0	115	0	0	0	0	0	0	0	0	0	
1.42059e+06	0	0	0	0	0	0	109	0	0	0	0	0	0	0	0	0	
1.42134e+06	0	0	0	0	0	0	107	0	0	0	0	0	0	0	0	0	
1.42209e+06	0	0	0	0	0	0	125	0	0	0	0	0	0	0	0	0	
1.42284e+06	0	0	0	0	0	0	109	0	0	0	0	0	0	0	0	0	
1.42359e+06	0	0	0	0	0	0	75	36	0	0	0	0	0	0	0	0	
1.42434e+06	0	0	0	0	0	0	93	0	0	0	0	0	0	0	0	0	
1.42508e+06	0	0	0	0	0	0	113	0	0	0	0	0	0	0	0	0	
1.42583e+06	0	0	0	0	0	0	127	0	0	0	0	0	0	0	0	0	
1.42658e+06	0	0	0	0	0	0	123	0	0	0	0	0	0	0	0	0	
1.42733e+06	0	0	0	0	0	0	127	0	0	0	0	0	0	0	0	0	
1.42808e+06	0	0	0	0	0	0	89	0	0	0	0	0	0	0	0	0	
1.42883e+06	0	0	0	0	0	0	105	0	0	0	0	0	0	0	0	0	
1.42958e+06	0	0	0	0	0	0	107	0	0	0	0	0	0	0	0	0	
1.43033e+06	0	0	0	0	0	0	113	0	0	0	0	0	0	0	0	0	
1.43108e+06	0	0	0	0	0	0	109	0	0	0	0	0	0	0	0	0	
1.43183e+06	0	0	0	0	0	0	117	0	0	0	0	0	0	0	0	0	
1.43258e+06	0	0	0	0	0	0	145	0	0	0	0	0	0	0	0	0	
1.43334e+06	0	0	0	0	0	0	109	0	0	0	0	0	0	0	0	0	
1.43409e+06	0	0	0	0	0	0	131	0	0	0	0	0	0	0	0	0	
1.43484e+06	0	0	0	0	0	121	0	0	0	0	0	0	0	0	0	0	
1.43559e+06	0	0	0	0	0	151	0	0	0	0	0	0	0	0	0	0	
1.43634e+06	0	0	0	0	0	159	0	0	0	0	0	0	0	0	0	0	
1.43708e+06	0	0	0	0	0	113	0	0	0	0	0	0	0	0	0	0	
1.43783e+06	0	0	0	0	0	131	0	0	0	0	0	0	0	0	0	0	
1.43858e+06	0	0	0	0	0	141	0	0	0	0	0	0	0	0	0	0	
1.43933e+06	0	0	0	0	0	153	0	0	0	0	0	0	0	0	0	0	
1.44008e+06	0	0	0	0	0	141	0	0	0	0	0	0	0	0	0	0	
1.44083e+06	0	0	0	0	0	117	0	0	0	0	0	0	0	0	0	0	
1.44158e+06	0	0	0	0	0	135	0	0	0	0	0	0	0	0	0	0	
1.44233e+06	0	0	0	0	0	145	0	0	0	0	0	0	0	0	0	0	
1.44308e+06	0	0	0	0	0	133	0	0	0	0	0	0	0	0	0	0	
1.44383e+06	0	0	0	0	0	135	0	0	0	0	0	0	0	0	0	0	
1.44458e+06	0	0	0	0	0	121	0	0	0	0	0	0	0	0	0	0	
1.44533e+06	0	0	0	0	0	139	0	0	0	0	0	0	0	0	0	0	
1.44608e+06	0	0	0	0	0	119	0	0	0	0	0	0	0	0	0	0	
1.44682e+06	0	0	0	0	0	125	0	0	0	0	0	0	0	0	0	0	
1.44757e+06	0	0	0	0	0	139	0	0	0	0	0	0	0	0	0	0	
1.44832e+06	0	0	0	0	0	119	0	0	0	0	0	0	0	0	0	0	
1.44907e+06	0	0	0	0	0	139	0	0	0	0	0	0	0	0	0	0	
1.44982e+06	0	0	0	0	0	139	0	0	0	0	0	0	0	0	0	0	
1.45057e+06	0	0	0	0	0	155	0	0	0	0	0	0	0	0	0	0	
1.45132e+06	0	0	0	0	0	105	0	0	0	0	0	0	0	0	0	0	
1.45208e+06	0	0	0	0	0	151	0	0	0	0	0	0	0	0	0	0	
1.45283e+06	0	0	0	0	0	119	0	0	0	0	0	0	0	0	0	0	
1.45358e+06	0	0	0	0	0	137	0	0	0	0	0	0	0	0	0	0	
1.45433e+06	0	0	0	0	0	129	0	0	0	0	0	0	0	0	0	0	
1.45508e+06	0	0	0	0	0	137	0	0	0	0	0	0	0	0	0	0	
1.45583e+06	0	0	0	0	0	139	0	0	0	0	0	0	0	0	0	0	
1.45658e+06	0	0	0	0	0	151	0	0	0	0	0	0	0	0	0	0	
1.45733e+06	0	0	0	0	0	145	0	0	0	0	0	0	0	0	0	0	
1.45808e+06	0	0	0	0	0	131	0	0	0	0	0	0	0	0	0	0	
1.45883e+06	0	0	0	0	0	119	0	0	0	0	0	0	0	0	0	0	
1.45958e+06	0	0	0	0	0	145	0	0	0	0	0	0	0	0	0	0	
1.46033e+06	0	0	0	0	0	135	0	0	0	0	0	0	0	0	0	0	
1.46108e+06	0	0	0	0	0	129	0	0	0	0	0	0	0	0	0	0	
1.46183e+06	0	0	0	0	0	147	0	0	0	0	0	0	0	0	0	0	
1.46258e+06	0	0	0	0	0	125	0	0	0	0	0	0	0	0	0	0	
1.46333e+06	0	0	0	0	0	121	0	0	0	0	0	0	0	0	0	0	
1.46407e+06	0	0	0	0	0	115	0	0	0	0	0	0	0	0	0	0	
1.46482e+06	0	0	0	0	0	127	0	0	0	0	0	0	0	0	0	0	
1.46558e+06	0	0	0	0	0	129	0	0	0	0	0	0	0	0	0	0	
1.46632e+06	0	0	0	0	0	135	0	0	0	0	0	0	0	0	0	0	
1.46707e+06	0	0	0	0	0	109	0	0	0	0	0	0	0	0	0	0	
1.46782e+06	0	0	0	0	0	139	0	0	0	0	0	0	0	0	0	0	
1.46857e+06	0	0	0	0	0	123	0	0	0	0	0	0	0	0	0	0	
1.46932e+06	0	0	0	0	0	135	0	0	0	0	0	0	0	0	0	0	
1.47007e+06	0	0	0	0	0	151	0	0	0	0	0	0	0	0	0	0	
1.47082e+06	0	0	0	0	0	149	0	0	0	0	0	0	0	0	0	0	
1.47157e+06	0	0	0	0	0	131	0	0	0	0	0	0	0	0	0	0	
1.47231e+06	0	0	0	0	0	159	0	0	0	0	0	0	0	0	0	0	
1.47306e+06	0	0	0	0	0	123	0	0	0	0	0	0	0	0	0	0	
1.47381e+06	0	0	0	0	0	147	0	0	0	0	0	0	0	0	0	0	
1.47456e+06	0	0	0	0	0	145	0	0	0	0	0	0	0	0	0	0	
1.47531e+06	0	0	0	0	0	131	0	0	0	0	0	0	0	0	0	0	
1.47606e+06	0	0	0	0	0	145	0	0	0	0	0	0	0	0	0	0	
1.47682e+06	0	0	0	0	0	121	0	0	0	0	0	0	0	0	0	0	
1.47756e+06	0	0	0	0	0	155	0	0	0	0	0	0	0	0	0	0	
1.47832e+06	0	0	0	0	0	133	0	0	0	0	0	0	0	0	0	0	
1.47907e+06	0	0	0	0	0	139	0	0	0	0	0	0	0	0	0	0	
1.47982e+06	0	0	0	0	0	119	0	0	0	0	0	0	0	0	0	0	
1.48057e+06	0	0	0	0	0	117	0	0	0	0	0	0	0	0	0	0	
1.48132e+06	0	0	0	0	0	121	0	0	0	0	0	0	0	0	0	0	
1.48207e+06	0	0	0	0	0	129	0	0	0	0	0	0	0	0	0	0	
1.48281e+06	0	0	0	0	0	141	0	0	0	0	0	0	0	0	0	0	
1.48356e+06	0	0	0	0	0	127	0	0	0	0	0	0	0	0	0	0	
1.48432e+06	0	0	0	0	0	121	0	0	0	0	0	0	0	0	0	0	
1.48507e+06	0	0	0	0	0	121	0	0	0	0	0	0	0	0	0	0	
1.48582e+06	0	0	0	0	0	121	0	0	0	0	0	0	0	0	0	0	
1.48657e+06	0	0	0	0	0	157	0	0	0	0	0	0	0	0	0	0	
1.48732e+06	0	0	0	0	0	147	0	0	0	0	0	0	0	0	0	0	
1.48808e+06	0	0	0	0	0	135	0	0	0	0	0	0	0	0	0	0	
1.48882e+06	0	0	0	0	0	125	0	0	0	0	0	0	0	0	0	0	
1.48957e+06	0	0	0	0	0	133	0	0	0	0	0	0	0	0	0	0	
1.49032e+06	0	0	0	0	0	125	0	0	0	0	0	0	0	0	0	0	
1.49108e+06	0	0	0	0	0	127	0	0	0	0	0	0	0	0	0	0	
1.49183e+06	0	0	0	0	0	133	0	0	0	0	0	0	0	0	0	0	
1.49258e+06	0	0	0	0	0	113	0	0	0	0	0	0	0	0	0	0	
1.49333e+06	0	0	0	0	0	139	0	0	0	0	0	0	0	0	0	0	
1.49408e+06	0	0	0	0	0	145	0	0	0	0	0	0	0	0	0	0	
1.49483e+06	0	0	0	0	9	130	0	0	0	0	0	0	0	0	0	0	
1.49558e+06	0	0	0	0	0	115	0	0	0	0	0	0	0	0	0	0	
1.49633e+06	0	0	0	0	0	117	0	0	0	0	0	0	0	0	0	0	
1.49708e+06	0	0	0	0	0	127	0	0	0	0	0	0	0	0	0	0	
1.49783e+06	0	0	0	0	0	139	0	0	0	0	0	0	0	0	0	0	
1.49859e+06	0	0	0	0	0	115	0	0	0	0	0	0	0	0	0	0	
1.49934e+06	0	0	0	0	0	117	0	0	0	0	0	0	0	0	0	0	
1.50009e+06	0	0	0	0	0	125	0	0	0	0	0	0	0	0	0	0	
1.50009e+06	0	0	0	0	0	125	0	0	0	0	0	0	0	0	0	0	
