Time	s0	s1	s2	s3	s4	s5	s6	s7	s8	s9	s10	s11	s12	s13	s14	s15	
0	0	0	0	0	0	0	0	0	0	0	0	0	0	0	0	200	
0.000311996	0	0	0	0	0	0	0	0	0	0	0	0	0	0	0	199	
752.606	0	0	0	0	0	0	0	0	0	0	0	0	0	0	0	51	
1499.89	0	0	0	0	0	0	0	0	0	0	0	0	0	0	0	49	
2251.49	0	0	0	0	0	0	0	0	0	0	0	0	0	0	49	0	
2998.29	0	0	0	0	0	0	0	0	0	0	0	0	0	0	51	0	
3749.63	0	0	0	0	0	0	0	0	0	0	0	0	0	0	55	0	
4500.57	0	0	0	0	0	0	0	0	0	0	0	0	0	0	53	0	
5250.96	0	0	0	0	0	0	0	0	0	0	0	0	0	45	0	0	
5998.84	0	0	0	0	0	0	0	0	0	0	0	0	0	69	0	0	
6749.01	0	0	0	0	0	0	0	0	0	0	0	0	0	53	0	0	
7499.17	0	0	0	0	0	0	0	0	0	0	0	0	0	51	0	0	
8246.09	0	0	0	0	0	0	0	0	0	0	0	0	0	57	0	0	
8995.06	0	0	0	0	0	0	0	0	0	0	0	0	0	59	0	0	
9745.68	0	0	0	0	0	0	0	0	0	0	0	0	0	81	0	0	
10495.6	0	0	0	0	0	0	0	0	0	0	0	0	0	47	0	0	
11247.1	0	0	0	0	0	0	0	0	0	0	0	0	0	57	0	0	
12001.1	0	0	0	0	0	0	0	0	0	0	0	0	0	61	0	0	
12751	0	0	0	0	0	0	0	0	0	0	0	0	0	67	0	0	
13497.2	0	0	0	0	0	0	0	0	0	0	0	0	0	57	0	0	
14250.7	0	0	0	0	0	0	0	0	0	0	0	0	0	59	0	0	
15003.8	0	0	0	0	0	0	0	0	0	0	0	0	0	57	0	0	
15754.9	0	0	0	0	0	0	0	0	0	0	0	0	0	53	0	0	
16506	0	0	0	0	0	0	0	0	0	0	0	0	0	55	0	0	
17256.9	0	0	0	0	0	0	0	0	0	0	0	0	0	69	0	0	
18005.6	0	0	0	0	0	0	0	0	0	0	0	0	0	41	0	0	
18755.3	0	0	0	0	0	0	0	0	0	0	0	0	0	67	0	0	
19507.9	0	0	0	0	0	0	0	0	0	0	0	0	0	59	0	0	
20258.2	0	0	0	0	0	0	0	0	0	0	0	0	0	69	0	0	
21010.9	0	0	0	0	0	0	0	0	0	0	0	0	0	57	0	0	
21760.9	0	0	0	0	0	0	0	0	0	0	0	0	0	45	0	0	
22509.2	0	0	0	0	0	0	0	0	0	0	0	0	0	53	0	0	
23256.7	0	0	0	0	0	0	0	0	0	0	0	0	0	53	0	0	
24005.8	0	0	0	0	0	0	0	0	0	0	0	0	0	61	0	0	
24756.1	0	0	0	0	0	0	0	0	0	0	0	0	0	53	0	0	
25504.3	0	0	0	0	0	0	0	0	0	0	0	0	0	65	0	0	
26253.7	0	0	0	0	0	0	0	0	0	0	0	0	0	51	0	0	
27002.3	0	0	0	0	0	0	0	0	0	0	0	0	0	71	0	0	
27753.9	0	0	0	0	0	0	0	0	0	0	0	0	0	59	0	0	
28503.7	0	0	0	0	0	0	0	0	0	0	0	0	0	71	0	0	
29253.3	0	0	0	0	0	0	0	0	0	0	0	0	0	77	0	0	
30003.7	0	0	0	0	0	0	0	0	0	0	0	0	0	43	0	0	
30759.3	0	0	0	0	0	0	0	0	0	0	0	0	0	55	0	0	
31510	0	0	0	0	0	0	0	0	0	0	0	0	0	67	0	0	
32259.6	0	0	0	0	0	0	0	0	0	0	0	0	0	61	0	0	
33009.2	0	0	0	0	0	0	0	0	0	0	0	0	0	55	0	0	
33757.2	0	0	0	0	0	0	0	0	0	0	0	0	0	67	0	0	
34505.2	0	0	0	0	0	0	0	0	0	0	0	0	0	59	0	0	
35255.1	0	0	0	0	0	0	0	0	0	0	0	0	0	61	0	0	
36001.9	0	0	0	0	0	0	0	0	0	0	0	0	0	65	0	0	
36751.4	0	0	0	0	0	0	0	0	0	0	0	0	0	71	0	0	
37501.4	0	0	0	0	0	0	0	0	0	0	0	0	0	51	0	0	
38254.1	0	0	0	0	0	0	0	0	0	0	0	0	0	69	0	0	
39006.3	0	0	0	0	0	0	0	0	0	0	0	0	0	51	0	0	
39756.4	0	0	0	0	0	0	0	0	0	0	0	0	65	0	0	0	
40504.2	0	0	0	0	0	0	0	0	0	0	0	0	57	0	0	0	
41253.7	0	0	0	0	0	0	0	0	0	0	0	0	59	0	0	0	
42000.8	0	0	0	0	0	0	0	0	0	0	0	0	67	0	0	0	
42752.8	0	0	0	0	0	0	0	0	0	0	0	81	0	0	0	0	
43499.8	0	0	0	0	0	0	0	0	0	0	0	59	0	0	0	0	
44250.9	0	0	0	0	0	0	0	0	0	0	0	61	0	0	0	0	
44998.4	0	0	0	0	0	0	0	0	0	0	0	57	0	0	0	0	
45748	0	0	0	0	0	0	0	0	0	0	0	0	65	0	0	0	
46498	0	0	0	0	0	0	0	0	0	0	0	0	57	0	0	0	
47251	0	0	0	0	0	0	0	0	0	0	0	0	57	0	0	0	
47999.4	0	0	0	0	0	0	0	0	0	0	0	0	67	0	0	0	
48747	0	0	0	0	0	0	0	0	0	0	0	0	61	0	0	0	
49498.6	0	0	0	0	0	0	0	0	0	0	0	0	59	0	0	0	
50249.2	0	0	0	0	0	0	0	0	0	0	0	0	71	0	0	0	
51002.9	0	0	0	0	0	0	0	0	0	0	69	0	0	0	0	0	
51753.9	0	0	0	0	0	0	0	0	0	0	85	0	0	0	0	0	
52504.6	0	0	0	0	0	0	0	0	0	0	79	0	0	0	0	0	
53254	0	0	0	0	0	0	0	0	0	0	87	0	0	0	0	0	
54006.1	0	0	0	0	0	0	0	0	0	0	77	0	0	0	0	0	
54755.3	0	0	0	0	0	0	0	0	0	0	63	0	0	0	0	0	
55504.3	0	0	0	0	0	0	0	0	0	0	87	0	0	0	0	0	
56255.8	0	0	0	0	0	0	0	0	0	0	91	0	0	0	0	0	
57005.1	0	0	0	0	0	0	0	0	0	0	73	0	0	0	0	0	
57753.6	0	0	0	0	0	0	0	0	0	0	73	0	0	0	0	0	
58504.3	0	0	0	0	0	0	0	0	0	0	81	0	0	0	0	0	
59253.6	0	0	0	0	0	0	0	0	0	0	63	0	0	0	0	0	
60003.3	0	0	0	0	0	0	0	0	0	0	71	0	0	0	0	0	
60753.4	0	0	0	0	0	0	0	0	0	0	69	0	0	0	0	0	
61505.6	0	0	0	0	0	0	0	0	0	0	79	0	0	0	0	0	
62256.5	0	0	0	0	0	0	0	0	0	0	75	0	0	0	0	0	
63008.4	0	0	0	0	0	0	0	0	0	0	63	0	0	0	0	0	
63759.8	0	0	0	0	0	0	0	0	0	0	61	0	0	0	0	0	
64511.4	0	0	0	0	0	0	0	0	0	0	81	0	0	0	0	0	
65260.9	0	0	0	0	0	0	0	0	0	75	0	0	0	0	0	0	
66013.9	0	0	0	0	0	0	0	0	0	71	0	0	0	0	0	0	
66763.9	0	0	0	0	0	0	0	0	97	0	0	0	0	0	0	0	
67509.4	0	0	0	0	0	0	0	0	101	0	0	0	0	0	0	0	
68257.3	0	0	0	0	0	0	0	0	101	0	0	0	0	0	0	0	
69008.5	0	0	0	0	0	0	0	0	97	0	0	0	0	0	0	0	
69756.4	0	0	0	0	0	0	0	0	95	0	0	0	0	0	0	0	
70507.8	0	0	0	0	0	0	0	0	91	0	0	0	0	0	0	0	
71257	0	0	0	0	0	0	0	0	93	0	0	0	0	0	0	0	
72003.3	0	0	0	0	0	0	0	123	0	0	0	0	0	0	0	0	
72755.4	0	0	0	0	0	0	0	105	0	0	0	0	0	0	0	0	
73506.6	0	0	0	0	0	0	0	97	0	0	0	0	0	0	0	0	
74259.8	0	0	0	0	0	0	0	97	0	0	0	0	0	0	0	0	
75009.8	0	0	0	0	0	0	0	91	0	0	0	0	0	0	0	0	
75760.6	0	0	0	0	0	0	0	105	0	0	0	0	0	0	0	0	
76510	0	0	0	0	0	0	0	105	0	0	0	0	0	0	0	0	
77261	0	0	0	0	0	0	0	93	0	0	0	0	0	0	0	0	
78011.8	0	0	0	0	0	0	0	105	0	0	0	0	0	0	0	0	
78758.7	0	0	0	0	0	0	0	101	0	0	0	0	0	0	0	0	
79510.5	0	0	0	0	0	0	0	99	0	0	0	0	0	0	0	0	
80262.1	0	0	0	0	0	0	0	93	0	0	0	0	0	0	0	0	
81008.2	0	0	0	0	0	0	0	85	0	0	0	0	0	0	0	0	
81760.6	0	0	0	0	0	0	0	101	0	0	0	0	0	0	0	0	
82508.5	0	0	0	0	0	0	0	89	0	0	0	0	0	0	0	0	
83259.4	0	0	0	0	0	0	0	113	0	0	0	0	0	0	0	0	
84011.5	0	0	0	0	0	0	0	105	0	0	0	0	0	0	0	0	
84764.4	0	0	0	0	0	0	0	109	0	0	0	0	0	0	0	0	
85514	0	0	0	0	0	0	0	105	0	0	0	0	0	0	0	0	
86263.5	0	0	0	0	0	0	111	0	0	0	0	0	0	0	0	0	
87012.2	0	0	0	0	0	0	119	0	0	0	0	0	0	0	0	0	
87761	0	0	0	0	0	0	127	0	0	0	0	0	0	0	0	0	
88509.5	0	0	0	0	0	0	109	0	0	0	0	0	0	0	0	0	
89257.5	0	0	0	0	0	0	113	0	0	0	0	0	0	0	0	0	
90006.5	0	0	0	0	0	0	125	0	0	0	0	0	0	0	0	0	
90755.4	0	0	0	0	0	123	0	0	0	0	0	0	0	0	0	0	
91506.8	0	0	0	0	0	145	0	0	0	0	0	0	0	0	0	0	
92254	0	0	0	0	0	109	0	0	0	0	0	0	0	0	0	0	
93006.2	0	0	0	0	0	129	0	0	0	0	0	0	0	0	0	0	
93756.8	0	0	0	0	0	119	0	0	0	0	0	0	0	0	0	0	
94507.7	0	0	0	0	0	107	0	0	0	0	0	0	0	0	0	0	
95256.9	0	0	0	0	0	131	0	0	0	0	0	0	0	0	0	0	
96007.7	0	0	0	0	0	129	0	0	0	0	0	0	0	0	0	0	
96758	0	0	0	0	0	141	0	0	0	0	0	0	0	0	0	0	
97505	0	0	0	0	0	123	0	0	0	0	0	0	0	0	0	0	
98256.1	0	0	0	0	0	135	0	0	0	0	0	0	0	0	0	0	
99006	0	0	0	0	169	0	0	0	0	0	0	0	0	0	0	0	
99756.2	0	0	0	0	151	0	0	0	0	0	0	0	0	0	0	0	
100506	0	0	0	0	135	0	0	0	0	0	0	0	0	0	0	0	
101256	0	0	0	0	137	0	0	0	0	0	0	0	0	0	0	0	
102007	0	0	0	0	157	0	0	0	0	0	0	0	0	0	0	0	
102758	0	0	0	0	153	0	0	0	0	0	0	0	0	0	0	0	
103508	0	0	0	0	135	0	0	0	0	0	0	0	0	0	0	0	
104259	0	0	0	0	173	0	0	0	0	0	0	0	0	0	0	0	
105008	0	0	0	0	161	0	0	0	0	0	0	0	0	0	0	0	
105757	0	0	0	0	155	0	0	0	0	0	0	0	0	0	0	0	
106510	0	0	0	0	161	0	0	0	0	0	0	0	0	0	0	0	
107259	0	0	0	0	135	0	0	0	0	0	0	0	0	0	0	0	
108007	0	0	0	0	147	0	0	0	0	0	0	0	0	0	0	0	
108758	0	0	0	0	167	0	0	0	0	0	0	0	0	0	0	0	
109506	0	0	0	0	163	0	0	0	0	0	0	0	0	0	0	0	
110253	0	0	0	0	159	0	0	0	0	0	0	0	0	0	0	0	
111003	0	0	0	0	147	0	0	0	0	0	0	0	0	0	0	0	
111754	0	0	0	0	165	0	0	0	0	0	0	0	0	0	0	0	
112504	0	0	0	0	171	0	0	0	0	0	0	0	0	0	0	0	
113256	0	0	0	0	187	0	0	0	0	0	0	0	0	0	0	0	
114006	0	0	0	0	137	0	0	0	0	0	0	0	0	0	0	0	
114758	0	0	0	0	151	0	0	0	0	0	0	0	0	0	0	0	
115509	0	0	0	0	171	0	0	0	0	0	0	0	0	0	0	0	
116258	0	0	0	0	159	0	0	0	0	0	0	0	0	0	0	0	
117010	0	0	0	0	171	0	0	0	0	0	0	0	0	0	0	0	
117763	0	0	0	0	181	0	0	0	0	0	0	0	0	0	0	0	
118512	0	0	0	0	163	0	0	0	0	0	0	0	0	0	0	0	
119266	0	0	0	0	169	0	0	0	0	0	0	0	0	0	0	0	
120016	0	0	0	0	157	0	0	0	0	0	0	0	0	0	0	0	
120766	0	0	0	0	163	0	0	0	0	0	0	0	0	0	0	0	
121514	0	0	0	0	159	0	0	0	0	0	0	0	0	0	0	0	
122263	0	0	0	0	179	0	0	0	0	0	0	0	0	0	0	0	
123010	0	0	0	0	147	0	0	0	0	0	0	0	0	0	0	0	
123762	0	0	0	0	104	27	0	0	0	0	0	0	0	0	0	0	
124511	0	0	0	0	165	0	0	0	0	0	0	0	0	0	0	0	
125261	0	0	0	0	171	0	0	0	0	0	0	0	0	0	0	0	
126012	0	0	0	0	139	0	0	0	0	0	0	0	0	0	0	0	
126760	0	0	0	0	175	0	0	0	0	0	0	0	0	0	0	0	
127513	0	0	0	0	193	0	0	0	0	0	0	0	0	0	0	0	
128259	0	0	0	0	143	0	0	0	0	0	0	0	0	0	0	0	
129011	0	0	0	0	167	0	0	0	0	0	0	0	0	0	0	0	
129760	0	0	0	0	147	0	0	0	0	0	0	0	0	0	0	0	
130511	0	0	0	0	149	0	0	0	0	0	0	0	0	0	0	0	
131260	0	0	0	0	167	0	0	0	0	0	0	0	0	0	0	0	
132010	0	0	0	0	137	0	0	0	0	0	0	0	0	0	0	0	
132760	0	0	0	0	187	0	0	0	0	0	0	0	0	0	0	0	
133507	0	0	0	0	171	0	0	0	0	0	0	0	0	0	0	0	
134257	0	0	0	0	177	0	0	0	0	0	0	0	0	0	0	0	
135011	0	0	0	0	147	0	0	0	0	0	0	0	0	0	0	0	
135758	0	0	0	0	163	0	0	0	0	0	0	0	0	0	0	0	
136507	0	0	0	0	153	0	0	0	0	0	0	0	0	0	0	0	
137257	0	0	0	0	139	0	0	0	0	0	0	0	0	0	0	0	
138008	0	0	0	0	165	0	0	0	0	0	0	0	0	0	0	0	
138756	0	0	0	0	155	0	0	0	0	0	0	0	0	0	0	0	
139506	0	0	0	0	155	0	0	0	0	0	0	0	0	0	0	0	
140253	0	0	0	0	161	0	0	0	0	0	0	0	0	0	0	0	
141004	0	0	0	0	163	0	0	0	0	0	0	0	0	0	0	0	
141751	0	0	0	0	157	0	0	0	0	0	0	0	0	0	0	0	
142501	0	0	0	0	173	0	0	0	0	0	0	0	0	0	0	0	
143250	0	0	0	0	163	0	0	0	0	0	0	0	0	0	0	0	
143998	0	0	0	0	185	0	0	0	0	0	0	0	0	0	0	0	
144749	0	0	0	0	187	0	0	0	0	0	0	0	0	0	0	0	
145501	0	0	0	0	153	0	0	0	0	0	0	0	0	0	0	0	
146251	0	0	0	0	155	0	0	0	0	0	0	0	0	0	0	0	
146999	0	0	0	0	155	0	0	0	0	0	0	0	0	0	0	0	
147751	0	0	0	0	159	0	0	0	0	0	0	0	0	0	0	0	
148502	0	0	0	0	149	0	0	0	0	0	0	0	0	0	0	0	
149253	0	0	0	0	161	0	0	0	0	0	0	0	0	0	0	0	
150002	0	0	0	0	153	0	0	0	0	0	0	0	0	0	0	0	
150752	0	0	0	215	0	0	0	0	0	0	0	0	0	0	0	0	
151497	0	0	0	181	0	0	0	0	0	0	0	0	0	0	0	0	
152242	0	0	0	191	0	0	0	0	0	0	0	0	0	0	0	0	
152994	0	0	275	0	0	0	0	0	0	0	0	0	0	0	0	0	
153742	0	0	267	0	0	0	0	0	0	0	0	0	0	0	0	0	
154492	0	0	239	0	0	0	0	0	0	0	0	0	0	0	0	0	
155244	0	0	279	0	0	0	0	0	0	0	0	0	0	0	0	0	
155995	0	0	265	0	0	0	0	0	0	0	0	0	0	0	0	0	
156745	0	0	245	0	0	0	0	0	0	0	0	0	0	0	0	0	
157493	0	0	263	0	0	0	0	0	0	0	0	0	0	0	0	0	
158243	0	0	255	0	0	0	0	0	0	0	0	0	0	0	0	0	
158992	0	0	265	0	0	0	0	0	0	0	0	0	0	0	0	0	
159743	0	0	287	0	0	0	0	0	0	0	0	0	0	0	0	0	
160490	0	0	305	0	0	0	0	0	0	0	0	0	0	0	0	0	
161242	0	0	277	0	0	0	0	0	0	0	0	0	0	0	0	0	
161990	0	0	291	0	0	0	0	0	0	0	0	0	0	0	0	0	
162741	0	0	255	0	0	0	0	0	0	0	0	0	0	0	0	0	
163492	0	0	269	0	0	0	0	0	0	0	0	0	0	0	0	0	
164243	0	0	291	0	0	0	0	0	0	0	0	0	0	0	0	0	
164994	0	32	247	0	0	0	0	0	0	0	0	0	0	0	0	0	
165745	0	0	283	0	0	0	0	0	0	0	0	0	0	0	0	0	
166491	0	0	285	0	0	0	0	0	0	0	0	0	0	0	0	0	
167237	0	0	257	0	0	0	0	0	0	0	0	0	0	0	0	0	
167989	0	0	259	0	0	0	0	0	0	0	0	0	0	0	0	0	
168741	0	0	261	0	0	0	0	0	0	0	0	0	0	0	0	0	
169492	0	0	295	0	0	0	0	0	0	0	0	0	0	0	0	0	
170241	0	0	273	0	0	0	0	0	0	0	0	0	0	0	0	0	
170991	0	0	259	0	0	0	0	0	0	0	0	0	0	0	0	0	
171739	0	0	283	0	0	0	0	0	0	0	0	0	0	0	0	0	
172489	0	0	245	0	0	0	0	0	0	0	0	0	0	0	0	0	
173236	0	0	261	0	0	0	0	0	0	0	0	0	0	0	0	0	
173988	0	0	251	0	0	0	0	0	0	0	0	0	0	0	0	0	
174737	0	0	267	0	0	0	0	0	0	0	0	0	0	0	0	0	
175486	0	0	121	122	0	0	0	0	0	0	0	0	0	0	0	0	
176235	0	0	0	0	151	0	0	0	0	0	0	0	0	0	0	0	
176985	0	0	0	0	141	0	0	0	0	0	0	0	0	0	0	0	
177736	0	0	0	16	157	0	0	0	0	0	0	0	0	0	0	0	
178482	0	0	0	0	155	0	0	0	0	0	0	0	0	0	0	0	
179230	0	0	0	0	159	0	0	0	0	0	0	0	0	0	0	0	
179980	0	0	0	0	169	0	0	0	0	0	0	0	0	0	0	0	
180728	0	0	0	0	152	1	0	0	0	0	0	0	0	0	0	0	
181481	0	0	0	0	151	0	0	0	0	0	0	0	0	0	0	0	
182229	0	0	0	0	137	0	0	0	0	0	0	0	0	0	0	0	
182982	0	0	0	0	133	0	0	0	0	0	0	0	0	0	0	0	
183734	0	0	0	0	155	0	0	0	0	0	0	0	0	0	0	0	
184487	0	0	0	0	161	0	0	0	0	0	0	0	0	0	0	0	
185237	0	0	0	0	163	0	0	0	0	0	0	0	0	0	0	0	
185991	0	0	0	0	175	0	0	0	0	0	0	0	0	0	0	0	
186740	0	0	0	0	161	0	0	0	0	0	0	0	0	0	0	0	
187489	0	0	0	0	167	0	0	0	0	0	0	0	0	0	0	0	
188242	0	0	0	0	0	131	0	0	0	0	0	0	0	0	0	0	
188992	0	0	0	0	0	0	109	0	0	0	0	0	0	0	0	0	
189740	0	0	0	0	0	0	123	0	0	0	0	0	0	0	0	0	
190489	0	0	0	0	0	131	0	0	0	0	0	0	0	0	0	0	
191237	0	0	0	0	0	129	0	0	0	0	0	0	0	0	0	0	
191985	0	0	0	0	0	117	0	0	0	0	0	0	0	0	0	0	
192734	0	0	0	0	0	145	0	0	0	0	0	0	0	0	0	0	
193484	0	0	0	0	0	141	0	0	0	0	0	0	0	0	0	0	
194233	0	0	0	0	0	137	0	0	0	0	0	0	0	0	0	0	
194983	0	0	0	0	0	0	115	0	0	0	0	0	0	0	0	0	
195731	0	0	0	0	0	0	113	0	0	0	0	0	0	0	0	0	
196482	0	0	0	0	0	0	113	0	0	0	0	0	0	0	0	0	
197230	0	0	0	0	0	0	119	0	0	0	0	0	0	0	0	0	
197983	0	0	0	0	0	0	109	0	0	0	0	0	0	0	0	0	
198732	0	0	0	0	0	133	0	0	0	0	0	0	0	0	0	0	
199484	0	0	0	0	0	119	0	0	0	0	0	0	0	0	0	0	
200235	0	0	0	0	0	137	0	0	0	0	0	0	0	0	0	0	
200987	0	0	0	0	0	0	101	0	0	0	0	0	0	0	0	0	
201737	0	0	0	0	0	0	115	0	0	0	0	0	0	0	0	0	
202487	0	0	0	0	0	0	107	0	0	0	0	0	0	0	0	0	
203239	0	0	0	0	0	0	103	0	0	0	0	0	0	0	0	0	
203988	0	0	0	0	0	0	119	0	0	0	0	0	0	0	0	0	
204738	0	0	0	0	0	0	99	0	0	0	0	0	0	0	0	0	
205487	0	0	0	0	0	0	115	0	0	0	0	0	0	0	0	0	
206238	0	0	0	0	0	0	115	0	0	0	0	0	0	0	0	0	
206989	0	0	0	0	0	0	119	0	0	0	0	0	0	0	0	0	
207734	0	0	0	0	0	0	133	0	0	0	0	0	0	0	0	0	
208487	0	0	0	0	0	0	87	0	0	0	0	0	0	0	0	0	
209241	0	0	0	0	0	0	113	0	0	0	0	0	0	0	0	0	
209988	0	0	0	0	0	0	135	0	0	0	0	0	0	0	0	0	
210737	0	0	0	0	0	0	113	0	0	0	0	0	0	0	0	0	
211490	0	0	0	0	0	0	135	0	0	0	0	0	0	0	0	0	
212237	0	0	0	0	0	0	119	0	0	0	0	0	0	0	0	0	
212989	0	0	0	0	0	0	131	0	0	0	0	0	0	0	0	0	
213738	0	0	0	0	0	0	105	0	0	0	0	0	0	0	0	0	
214487	0	0	0	0	0	0	121	0	0	0	0	0	0	0	0	0	
215238	0	0	0	0	0	0	99	0	0	0	0	0	0	0	0	0	
215987	0	0	0	0	0	0	113	0	0	0	0	0	0	0	0	0	
216737	0	0	0	0	0	45	72	0	0	0	0	0	0	0	0	0	
217487	0	0	0	0	0	117	0	0	0	0	0	0	0	0	0	0	
218238	0	0	0	0	0	113	0	0	0	0	0	0	0	0	0	0	
218991	0	0	0	0	0	121	0	0	0	0	0	0	0	0	0	0	
219740	0	0	0	0	0	135	0	0	0	0	0	0	0	0	0	0	
220491	0	0	0	0	0	133	0	0	0	0	0	0	0	0	0	0	
221241	0	0	0	0	0	135	0	0	0	0	0	0	0	0	0	0	
221989	0	0	0	0	0	151	0	0	0	0	0	0	0	0	0	0	
222739	0	0	0	0	0	149	0	0	0	0	0	0	0	0	0	0	
223490	0	0	0	0	0	135	0	0	0	0	0	0	0	0	0	0	
224240	0	0	0	0	0	133	0	0	0	0	0	0	0	0	0	0	
224991	0	0	0	0	0	121	0	0	0	0	0	0	0	0	0	0	
225736	0	0	0	0	0	115	0	0	0	0	0	0	0	0	0	0	
226486	0	0	0	0	161	0	0	0	0	0	0	0	0	0	0	0	
227234	0	0	0	0	179	0	0	0	0	0	0	0	0	0	0	0	
227986	0	0	0	0	153	0	0	0	0	0	0	0	0	0	0	0	
228736	0	0	0	0	173	0	0	0	0	0	0	0	0	0	0	0	
229483	0	0	0	0	153	0	0	0	0	0	0	0	0	0	0	0	
230233	0	0	0	0	145	0	0	0	0	0	0	0	0	0	0	0	
230982	0	0	0	0	161	0	0	0	0	0	0	0	0	0	0	0	
231731	0	0	0	0	149	0	0	0	0	0	0	0	0	0	0	0	
232479	0	0	0	0	0	141	0	0	0	0	0	0	0	0	0	0	
233226	0	0	0	0	0	127	0	0	0	0	0	0	0	0	0	0	
233978	0	0	0	0	0	117	0	0	0	0	0	0	0	0	0	0	
234727	0	0	0	0	0	129	0	0	0	0	0	0	0	0	0	0	
235476	0	0	0	0	0	123	0	0	0	0	0	0	0	0	0	0	
236226	0	0	0	0	0	155	0	0	0	0	0	0	0	0	0	0	
236979	0	0	0	0	0	121	0	0	0	0	0	0	0	0	0	0	
237729	0	0	0	0	0	133	0	0	0	0	0	0	0	0	0	0	
238477	0	0	0	0	0	0	111	0	0	0	0	0	0	0	0	0	
239225	0	0	0	0	0	0	111	0	0	0	0	0	0	0	0	0	
239975	0	0	0	0	0	0	113	0	0	0	0	0	0	0	0	0	
240720	0	0	0	0	0	0	107	0	0	0	0	0	0	0	0	0	
241473	0	0	0	0	0	0	125	0	0	0	0	0	0	0	0	0	
242224	0	0	0	0	0	0	107	0	0	0	0	0	0	0	0	0	
242971	0	0	0	0	0	0	121	0	0	0	0	0	0	0	0	0	
243722	0	0	0	0	0	0	115	0	0	0	0	0	0	0	0	0	
244472	0	0	0	0	0	0	105	0	0	0	0	0	0	0	0	0	
245224	0	0	0	0	0	0	121	0	0	0	0	0	0	0	0	0	
245975	0	0	0	0	0	0	111	0	0	0	0	0	0	0	0	0	
246726	0	0	0	0	0	0	111	0	0	0	0	0	0	0	0	0	
247475	0	0	0	0	0	0	99	0	0	0	0	0	0	0	0	0	
248223	0	0	0	0	0	0	109	0	0	0	0	0	0	0	0	0	
248972	0	0	0	0	0	0	111	0	0	0	0	0	0	0	0	0	
249725	0	0	0	0	0	0	113	0	0	0	0	0	0	0	0	0	
250475	0	0	0	0	0	0	109	0	0	0	0	0	0	0	0	0	
251225	0	0	0	0	0	0	121	0	0	0	0	0	0	0	0	0	
251978	0	0	0	0	0	0	125	0	0	0	0	0	0	0	0	0	
252729	0	0	0	0	0	0	121	0	0	0	0	0	0	0	0	0	
253481	0	0	0	0	0	0	115	0	0	0	0	0	0	0	0	0	
254231	0	0	0	0	0	0	115	0	0	0	0	0	0	0	0	0	
254982	0	0	0	0	0	0	105	0	0	0	0	0	0	0	0	0	
255731	0	0	0	0	0	0	127	0	0	0	0	0	0	0	0	0	
256480	0	0	0	0	0	0	113	0	0	0	0	0	0	0	0	0	
257228	0	0	0	0	0	0	123	0	0	0	0	0	0	0	0	0	
257980	0	0	0	0	0	0	107	0	0	0	0	0	0	0	0	0	
258733	0	0	0	0	0	0	103	0	0	0	0	0	0	0	0	0	
259485	0	0	0	0	0	0	113	0	0	0	0	0	0	0	0	0	
260234	0	0	0	0	0	0	135	0	0	0	0	0	0	0	0	0	
260983	0	0	0	0	0	0	115	0	0	0	0	0	0	0	0	0	
261729	0	0	0	0	0	0	103	0	0	0	0	0	0	0	0	0	
262480	0	0	0	0	0	0	113	0	0	0	0	0	0	0	0	0	
263230	0	0	0	0	0	0	105	0	0	0	0	0	0	0	0	0	
263980	0	0	0	0	0	0	125	0	0	0	0	0	0	0	0	0	
264730	0	0	0	0	0	0	0	107	0	0	0	0	0	0	0	0	
265481	0	0	0	0	0	0	0	83	0	0	0	0	0	0	0	0	
266234	0	0	0	0	0	0	0	99	0	0	0	0	0	0	0	0	
266985	0	0	0	0	0	0	0	113	0	0	0	0	0	0	0	0	
267735	0	0	0	0	0	0	0	113	0	0	0	0	0	0	0	0	
268485	0	0	0	0	0	0	0	109	0	0	0	0	0	0	0	0	
269235	0	0	0	0	0	0	0	127	0	0	0	0	0	0	0	0	
269987	0	0	0	0	0	0	0	115	0	0	0	0	0	0	0	0	
270738	0	0	0	0	0	0	0	103	0	0	0	0	0	0	0	0	
271486	0	0	0	0	0	0	0	97	0	0	0	0	0	0	0	0	
272235	0	0	0	0	0	0	0	97	0	0	0	0	0	0	0	0	
272984	0	0	0	0	0	0	0	85	0	0	0	0	0	0	0	0	
273735	0	0	0	0	0	0	0	99	0	0	0	0	0	0	0	0	
274485	0	0	0	0	0	0	115	0	0	0	0	0	0	0	0	0	
275232	0	0	0	0	0	0	113	0	0	0	0	0	0	0	0	0	
275983	0	0	0	0	0	0	113	0	0	0	0	0	0	0	0	0	
276736	0	0	0	0	0	0	99	0	0	0	0	0	0	0	0	0	
277484	0	0	0	0	0	0	109	0	0	0	0	0	0	0	0	0	
278234	0	0	0	0	0	0	97	0	0	0	0	0	0	0	0	0	
278986	0	0	0	0	0	0	107	0	0	0	0	0	0	0	0	0	
279733	0	0	0	0	0	0	115	0	0	0	0	0	0	0	0	0	
280483	0	0	0	0	0	0	111	0	0	0	0	0	0	0	0	0	
281234	0	0	0	0	0	0	115	0	0	0	0	0	0	0	0	0	
281982	0	0	0	0	0	0	103	0	0	0	0	0	0	0	0	0	
282732	0	0	0	0	0	0	111	0	0	0	0	0	0	0	0	0	
283482	0	0	0	0	0	0	127	0	0	0	0	0	0	0	0	0	
284231	0	0	0	0	0	0	127	0	0	0	0	0	0	0	0	0	
284981	0	0	0	0	0	0	109	0	0	0	0	0	0	0	0	0	
285730	0	0	0	0	0	0	129	0	0	0	0	0	0	0	0	0	
286482	0	0	0	0	0	0	125	0	0	0	0	0	0	0	0	0	
287230	0	0	0	0	0	0	109	0	0	0	0	0	0	0	0	0	
287979	0	0	0	0	0	0	121	0	0	0	0	0	0	0	0	0	
288728	0	0	0	0	0	0	131	0	0	0	0	0	0	0	0	0	
289480	0	0	0	0	0	0	107	0	0	0	0	0	0	0	0	0	
290226	0	0	0	0	0	0	115	0	0	0	0	0	0	0	0	0	
290975	0	0	0	0	0	0	107	0	0	0	0	0	0	0	0	0	
291726	0	0	0	0	0	0	101	0	0	0	0	0	0	0	0	0	
292475	0	0	0	0	0	0	107	0	0	0	0	0	0	0	0	0	
293227	0	0	0	0	0	0	105	0	0	0	0	0	0	0	0	0	
293977	0	0	0	0	0	0	121	0	0	0	0	0	0	0	0	0	
294733	0	0	0	0	0	0	111	0	0	0	0	0	0	0	0	0	
295484	0	0	0	0	0	0	111	0	0	0	0	0	0	0	0	0	
296233	0	0	0	0	0	0	101	0	0	0	0	0	0	0	0	0	
296980	0	0	0	0	0	0	113	0	0	0	0	0	0	0	0	0	
297733	0	0	0	0	0	0	97	0	0	0	0	0	0	0	0	0	
298485	0	0	0	0	0	0	103	0	0	0	0	0	0	0	0	0	
299236	0	0	0	0	0	0	105	0	0	0	0	0	0	0	0	0	
299987	0	0	0	0	0	0	107	0	0	0	0	0	0	0	0	0	
300738	0	0	0	0	0	0	111	0	0	0	0	0	0	0	0	0	
301490	0	0	0	0	0	0	113	0	0	0	0	0	0	0	0	0	
302238	0	0	0	0	0	0	131	0	0	0	0	0	0	0	0	0	
302989	0	0	0	0	0	0	107	0	0	0	0	0	0	0	0	0	
303742	0	0	0	0	0	0	117	0	0	0	0	0	0	0	0	0	
304493	0	0	0	0	0	0	135	0	0	0	0	0	0	0	0	0	
305243	0	0	0	0	0	0	125	0	0	0	0	0	0	0	0	0	
305993	0	0	0	0	0	0	97	0	0	0	0	0	0	0	0	0	
306745	0	0	0	0	0	0	137	0	0	0	0	0	0	0	0	0	
307492	0	0	0	0	0	0	115	0	0	0	0	0	0	0	0	0	
308244	0	0	0	0	0	0	107	0	0	0	0	0	0	0	0	0	
308993	0	0	0	0	0	0	113	0	0	0	0	0	0	0	0	0	
309740	0	0	0	0	0	0	113	0	0	0	0	0	0	0	0	0	
310494	0	0	0	0	0	0	111	0	0	0	0	0	0	0	0	0	
311242	0	0	0	0	0	0	115	0	0	0	0	0	0	0	0	0	
311993	0	0	0	0	0	0	117	0	0	0	0	0	0	0	0	0	
312744	0	0	0	0	0	0	109	0	0	0	0	0	0	0	0	0	
313494	0	0	0	0	0	73	46	0	0	0	0	0	0	0	0	0	
314245	0	0	0	0	0	0	129	0	0	0	0	0	0	0	0	0	
314993	0	0	0	0	0	0	105	0	0	0	0	0	0	0	0	0	
315743	0	0	0	0	0	0	119	0	0	0	0	0	0	0	0	0	
316492	0	0	0	0	0	0	97	0	0	0	0	0	0	0	0	0	
317244	0	0	0	0	0	0	133	0	0	0	0	0	0	0	0	0	
317995	0	0	0	0	0	0	121	0	0	0	0	0	0	0	0	0	
318746	0	0	0	0	0	0	131	0	0	0	0	0	0	0	0	0	
319498	0	0	0	0	0	0	113	0	0	0	0	0	0	0	0	0	
320242	0	0	0	0	0	0	99	0	0	0	0	0	0	0	0	0	
320993	0	0	0	0	0	0	119	0	0	0	0	0	0	0	0	0	
321746	0	0	0	0	0	0	119	0	0	0	0	0	0	0	0	0	
322498	0	0	0	0	0	0	115	0	0	0	0	0	0	0	0	0	
323246	0	0	0	0	0	0	91	0	0	0	0	0	0	0	0	0	
323994	0	0	0	0	0	0	135	0	0	0	0	0	0	0	0	0	
324743	0	0	0	0	0	0	139	0	0	0	0	0	0	0	0	0	
325494	0	0	0	0	0	0	115	0	0	0	0	0	0	0	0	0	
326245	0	0	0	0	0	0	101	0	0	0	0	0	0	0	0	0	
326995	0	0	0	0	0	0	109	0	0	0	0	0	0	0	0	0	
327745	0	0	0	0	0	0	125	0	0	0	0	0	0	0	0	0	
328494	0	0	0	0	0	0	101	0	0	0	0	0	0	0	0	0	
329244	0	0	0	0	0	0	139	0	0	0	0	0	0	0	0	0	
329995	0	0	0	0	0	0	119	0	0	0	0	0	0	0	0	0	
330746	0	0	0	0	0	0	99	0	0	0	0	0	0	0	0	0	
331494	0	0	0	0	0	0	93	0	0	0	0	0	0	0	0	0	
332242	0	0	0	0	0	0	131	0	0	0	0	0	0	0	0	0	
332990	0	0	0	0	0	0	123	0	0	0	0	0	0	0	0	0	
333742	0	0	0	0	0	0	129	0	0	0	0	0	0	0	0	0	
334493	0	0	0	0	0	0	93	0	0	0	0	0	0	0	0	0	
335246	0	0	0	0	0	0	117	0	0	0	0	0	0	0	0	0	
335995	0	0	0	0	0	117	0	0	0	0	0	0	0	0	0	0	
336745	0	0	0	0	0	115	0	0	0	0	0	0	0	0	0	0	
337495	0	0	0	0	0	115	0	0	0	0	0	0	0	0	0	0	
338243	0	0	0	0	0	141	0	0	0	0	0	0	0	0	0	0	
338991	0	0	0	0	0	127	0	0	0	0	0	0	0	0	0	0	
339743	0	0	0	0	145	0	0	0	0	0	0	0	0	0	0	0	
340494	0	0	0	193	0	0	0	0	0	0	0	0	0	0	0	0	
341244	0	0	0	183	0	0	0	0	0	0	0	0	0	0	0	0	
341993	0	0	0	191	0	0	0	0	0	0	0	0	0	0	0	0	
342746	0	0	0	197	0	0	0	0	0	0	0	0	0	0	0	0	
343495	0	0	0	185	0	0	0	0	0	0	0	0	0	0	0	0	
344245	0	0	0	0	163	0	0	0	0	0	0	0	0	0	0	0	
344996	0	0	0	0	179	0	0	0	0	0	0	0	0	0	0	0	
345748	0	0	0	0	173	0	0	0	0	0	0	0	0	0	0	0	
346498	0	0	0	0	169	0	0	0	0	0	0	0	0	0	0	0	
347252	0	0	0	0	181	0	0	0	0	0	0	0	0	0	0	0	
348003	0	0	0	0	147	0	0	0	0	0	0	0	0	0	0	0	
348749	0	0	0	0	141	0	0	0	0	0	0	0	0	0	0	0	
349501	0	0	0	0	147	0	0	0	0	0	0	0	0	0	0	0	
350252	0	0	0	0	159	0	0	0	0	0	0	0	0	0	0	0	
351005	0	0	0	0	159	0	0	0	0	0	0	0	0	0	0	0	
351753	0	0	0	0	157	0	0	0	0	0	0	0	0	0	0	0	
352503	0	0	0	0	145	0	0	0	0	0	0	0	0	0	0	0	
353252	0	0	0	0	173	0	0	0	0	0	0	0	0	0	0	0	
354003	0	0	0	0	181	0	0	0	0	0	0	0	0	0	0	0	
354754	0	0	0	0	167	0	0	0	0	0	0	0	0	0	0	0	
355505	0	0	0	0	157	0	0	0	0	0	0	0	0	0	0	0	
356258	0	0	0	0	159	0	0	0	0	0	0	0	0	0	0	0	
357012	0	0	0	0	149	0	0	0	0	0	0	0	0	0	0	0	
357767	0	0	0	0	143	0	0	0	0	0	0	0	0	0	0	0	
358518	0	0	0	0	163	0	0	0	0	0	0	0	0	0	0	0	
359268	0	0	0	0	169	0	0	0	0	0	0	0	0	0	0	0	
360016	0	0	0	0	159	0	0	0	0	0	0	0	0	0	0	0	
360770	0	0	0	0	171	0	0	0	0	0	0	0	0	0	0	0	
361520	0	0	0	179	0	0	0	0	0	0	0	0	0	0	0	0	
362270	0	0	0	195	0	0	0	0	0	0	0	0	0	0	0	0	
363018	0	0	0	203	0	0	0	0	0	0	0	0	0	0	0	0	
363769	0	0	0	199	0	0	0	0	0	0	0	0	0	0	0	0	
364520	0	0	0	197	0	0	0	0	0	0	0	0	0	0	0	0	
365269	0	0	0	189	0	0	0	0	0	0	0	0	0	0	0	0	
366022	0	0	0	191	0	0	0	0	0	0	0	0	0	0	0	0	
366772	0	0	0	179	0	0	0	0	0	0	0	0	0	0	0	0	
367523	0	0	13	204	0	0	0	0	0	0	0	0	0	0	0	0	
368274	0	0	0	183	0	0	0	0	0	0	0	0	0	0	0	0	
369022	0	0	0	0	171	0	0	0	0	0	0	0	0	0	0	0	
369771	0	0	0	0	159	0	0	0	0	0	0	0	0	0	0	0	
370519	0	0	0	0	177	0	0	0	0	0	0	0	0	0	0	0	
371270	0	0	0	0	167	0	0	0	0	0	0	0	0	0	0	0	
372016	0	0	0	0	169	0	0	0	0	0	0	0	0	0	0	0	
372765	0	0	0	0	143	0	0	0	0	0	0	0	0	0	0	0	
373514	0	0	0	0	155	0	0	0	0	0	0	0	0	0	0	0	
374264	0	0	0	0	145	0	0	0	0	0	0	0	0	0	0	0	
375014	0	0	0	0	159	0	0	0	0	0	0	0	0	0	0	0	
375763	0	0	0	0	181	0	0	0	0	0	0	0	0	0	0	0	
376512	0	0	0	0	159	0	0	0	0	0	0	0	0	0	0	0	
377261	0	0	0	0	0	125	0	0	0	0	0	0	0	0	0	0	
378013	0	0	0	0	0	141	0	0	0	0	0	0	0	0	0	0	
378763	0	0	0	0	0	163	0	0	0	0	0	0	0	0	0	0	
379510	0	0	0	0	0	137	0	0	0	0	0	0	0	0	0	0	
380262	0	0	0	0	0	137	0	0	0	0	0	0	0	0	0	0	
381015	0	0	0	0	0	131	0	0	0	0	0	0	0	0	0	0	
381765	0	0	0	0	0	127	0	0	0	0	0	0	0	0	0	0	
382512	0	0	0	0	0	133	0	0	0	0	0	0	0	0	0	0	
383263	0	0	0	0	0	133	0	0	0	0	0	0	0	0	0	0	
384010	0	0	0	0	0	125	0	0	0	0	0	0	0	0	0	0	
384761	0	0	0	0	0	131	0	0	0	0	0	0	0	0	0	0	
385511	0	0	0	0	0	131	0	0	0	0	0	0	0	0	0	0	
386259	0	0	0	0	0	135	0	0	0	0	0	0	0	0	0	0	
387009	0	0	0	0	0	137	0	0	0	0	0	0	0	0	0	0	
387758	0	0	0	0	0	30	73	0	0	0	0	0	0	0	0	0	
388509	0	0	0	0	0	0	109	0	0	0	0	0	0	0	0	0	
389258	0	0	0	0	0	0	109	0	0	0	0	0	0	0	0	0	
390008	0	0	0	0	0	0	125	0	0	0	0	0	0	0	0	0	
390759	0	0	0	0	0	0	103	0	0	0	0	0	0	0	0	0	
391507	0	0	0	0	0	0	115	0	0	0	0	0	0	0	0	0	
392257	0	0	0	0	0	0	123	0	0	0	0	0	0	0	0	0	
393005	0	0	0	0	0	0	111	0	0	0	0	0	0	0	0	0	
393755	0	0	0	0	0	0	97	0	0	0	0	0	0	0	0	0	
394506	0	0	0	0	0	0	107	0	0	0	0	0	0	0	0	0	
395256	0	0	0	0	0	139	0	0	0	0	0	0	0	0	0	0	
396001	0	0	0	0	0	119	0	0	0	0	0	0	0	0	0	0	
396751	0	0	0	0	0	127	0	0	0	0	0	0	0	0	0	0	
397500	0	0	0	0	0	137	0	0	0	0	0	0	0	0	0	0	
398254	0	0	0	0	0	141	0	0	0	0	0	0	0	0	0	0	
399001	0	0	0	0	0	137	0	0	0	0	0	0	0	0	0	0	
399751	0	0	0	0	0	131	0	0	0	0	0	0	0	0	0	0	
400503	0	0	0	0	0	127	0	0	0	0	0	0	0	0	0	0	
401255	0	0	0	0	0	127	0	0	0	0	0	0	0	0	0	0	
402003	0	0	0	0	0	145	0	0	0	0	0	0	0	0	0	0	
402754	0	0	0	0	0	133	0	0	0	0	0	0	0	0	0	0	
403504	0	0	0	0	0	111	0	0	0	0	0	0	0	0	0	0	
404254	0	0	0	0	0	123	0	0	0	0	0	0	0	0	0	0	
405006	0	0	0	0	0	127	0	0	0	0	0	0	0	0	0	0	
405759	0	0	0	0	0	149	0	0	0	0	0	0	0	0	0	0	
406511	0	0	0	0	0	133	0	0	0	0	0	0	0	0	0	0	
407261	0	0	0	0	0	139	0	0	0	0	0	0	0	0	0	0	
408009	0	0	0	0	0	135	0	0	0	0	0	0	0	0	0	0	
408757	0	0	0	0	0	119	0	0	0	0	0	0	0	0	0	0	
409505	0	0	0	0	0	133	0	0	0	0	0	0	0	0	0	0	
410254	0	0	0	0	0	153	0	0	0	0	0	0	0	0	0	0	
411004	0	0	0	0	0	131	0	0	0	0	0	0	0	0	0	0	
411755	0	0	0	0	2	145	0	0	0	0	0	0	0	0	0	0	
412506	0	0	0	0	0	123	0	0	0	0	0	0	0	0	0	0	
413257	0	0	0	0	0	151	0	0	0	0	0	0	0	0	0	0	
414009	0	0	0	0	0	125	0	0	0	0	0	0	0	0	0	0	
414760	0	0	0	0	0	139	0	0	0	0	0	0	0	0	0	0	
415512	0	0	0	0	0	127	0	0	0	0	0	0	0	0	0	0	
416260	0	0	0	0	165	0	0	0	0	0	0	0	0	0	0	0	
417014	0	0	0	16	157	0	0	0	0	0	0	0	0	0	0	0	
417763	0	0	0	0	167	0	0	0	0	0	0	0	0	0	0	0	
418512	0	0	0	0	165	0	0	0	0	0	0	0	0	0	0	0	
419263	0	0	0	0	163	0	0	0	0	0	0	0	0	0	0	0	
420011	0	0	0	0	177	0	0	0	0	0	0	0	0	0	0	0	
420761	0	0	0	0	169	0	0	0	0	0	0	0	0	0	0	0	
421513	0	0	0	0	151	0	0	0	0	0	0	0	0	0	0	0	
422261	0	0	0	76	125	0	0	0	0	0	0	0	0	0	0	0	
423012	0	0	0	0	151	0	0	0	0	0	0	0	0	0	0	0	
423763	0	0	0	0	161	0	0	0	0	0	0	0	0	0	0	0	
424513	0	0	0	0	149	0	0	0	0	0	0	0	0	0	0	0	
425263	0	0	0	0	165	0	0	0	0	0	0	0	0	0	0	0	
426019	0	0	0	0	143	0	0	0	0	0	0	0	0	0	0	0	
426765	0	0	0	0	165	0	0	0	0	0	0	0	0	0	0	0	
427515	0	0	0	0	149	0	0	0	0	0	0	0	0	0	0	0	
428262	0	0	0	0	153	0	0	0	0	0	0	0	0	0	0	0	
429014	0	0	0	0	179	0	0	0	0	0	0	0	0	0	0	0	
429764	0	0	0	0	143	0	0	0	0	0	0	0	0	0	0	0	
430513	0	0	0	0	163	0	0	0	0	0	0	0	0	0	0	0	
431267	0	0	0	0	163	0	0	0	0	0	0	0	0	0	0	0	
432017	0	0	0	0	167	0	0	0	0	0	0	0	0	0	0	0	
432766	0	0	0	0	145	0	0	0	0	0	0	0	0	0	0	0	
433517	0	0	0	0	159	0	0	0	0	0	0	0	0	0	0	0	
434267	0	0	0	0	147	0	0	0	0	0	0	0	0	0	0	0	
435019	0	0	0	0	151	0	0	0	0	0	0	0	0	0	0	0	
435768	0	0	0	0	161	0	0	0	0	0	0	0	0	0	0	0	
436517	0	0	0	0	157	0	0	0	0	0	0	0	0	0	0	0	
437269	0	0	0	0	179	0	0	0	0	0	0	0	0	0	0	0	
438016	0	0	0	0	169	0	0	0	0	0	0	0	0	0	0	0	
438765	0	0	0	0	147	0	0	0	0	0	0	0	0	0	0	0	
439516	0	0	0	0	161	0	0	0	0	0	0	0	0	0	0	0	
440265	0	0	0	0	183	0	0	0	0	0	0	0	0	0	0	0	
441014	0	0	0	0	193	0	0	0	0	0	0	0	0	0	0	0	
441765	0	0	0	0	157	0	0	0	0	0	0	0	0	0	0	0	
442516	0	0	0	0	171	0	0	0	0	0	0	0	0	0	0	0	
443268	0	0	0	0	158	1	0	0	0	0	0	0	0	0	0	0	
444015	0	0	0	0	159	0	0	0	0	0	0	0	0	0	0	0	
444767	0	0	0	0	171	0	0	0	0	0	0	0	0	0	0	0	
445515	0	0	0	0	175	0	0	0	0	0	0	0	0	0	0	0	
446265	0	0	0	0	147	0	0	0	0	0	0	0	0	0	0	0	
447015	0	0	0	0	155	0	0	0	0	0	0	0	0	0	0	0	
447763	0	0	0	0	135	0	0	0	0	0	0	0	0	0	0	0	
448514	0	0	0	0	185	0	0	0	0	0	0	0	0	0	0	0	
449261	0	0	0	0	147	0	0	0	0	0	0	0	0	0	0	0	
450009	0	0	0	0	169	0	0	0	0	0	0	0	0	0	0	0	
450760	0	0	0	0	165	0	0	0	0	0	0	0	0	0	0	0	
451511	0	0	0	0	175	0	0	0	0	0	0	0	0	0	0	0	
452258	0	0	0	0	171	0	0	0	0	0	0	0	0	0	0	0	
453007	0	0	0	0	161	0	0	0	0	0	0	0	0	0	0	0	
453759	0	0	0	0	179	0	0	0	0	0	0	0	0	0	0	0	
454511	0	0	0	0	137	0	0	0	0	0	0	0	0	0	0	0	
455262	0	0	0	0	171	0	0	0	0	0	0	0	0	0	0	0	
456011	0	0	0	0	153	0	0	0	0	0	0	0	0	0	0	0	
456761	0	0	0	0	159	0	0	0	0	0	0	0	0	0	0	0	
457511	0	0	0	0	159	0	0	0	0	0	0	0	0	0	0	0	
458263	0	0	0	0	175	0	0	0	0	0	0	0	0	0	0	0	
459013	0	0	0	0	133	0	0	0	0	0	0	0	0	0	0	0	
459764	0	0	0	0	183	0	0	0	0	0	0	0	0	0	0	0	
460516	0	0	0	0	143	0	0	0	0	0	0	0	0	0	0	0	
461266	0	0	0	0	153	0	0	0	0	0	0	0	0	0	0	0	
462015	0	0	0	0	147	0	0	0	0	0	0	0	0	0	0	0	
462761	0	0	0	0	171	0	0	0	0	0	0	0	0	0	0	0	
463512	0	0	0	0	155	0	0	0	0	0	0	0	0	0	0	0	
464264	0	0	0	0	177	0	0	0	0	0	0	0	0	0	0	0	
465011	0	0	0	0	169	0	0	0	0	0	0	0	0	0	0	0	
465761	0	0	0	0	149	0	0	0	0	0	0	0	0	0	0	0	
466510	0	0	0	0	155	0	0	0	0	0	0	0	0	0	0	0	
467259	0	0	0	0	167	0	0	0	0	0	0	0	0	0	0	0	
468011	0	0	0	0	151	0	0	0	0	0	0	0	0	0	0	0	
468760	0	0	0	0	116	21	0	0	0	0	0	0	0	0	0	0	
469508	0	0	0	0	145	0	0	0	0	0	0	0	0	0	0	0	
470257	0	0	0	0	165	0	0	0	0	0	0	0	0	0	0	0	
471011	0	0	0	0	173	0	0	0	0	0	0	0	0	0	0	0	
471761	0	0	0	0	147	0	0	0	0	0	0	0	0	0	0	0	
472512	0	0	0	0	183	0	0	0	0	0	0	0	0	0	0	0	
473259	0	0	0	0	175	0	0	0	0	0	0	0	0	0	0	0	
474008	0	0	0	0	157	0	0	0	0	0	0	0	0	0	0	0	
474756	0	0	0	0	147	0	0	0	0	0	0	0	0	0	0	0	
475509	0	0	0	0	125	18	0	0	0	0	0	0	0	0	0	0	
476259	0	0	0	0	157	0	0	0	0	0	0	0	0	0	0	0	
477008	0	0	0	0	163	0	0	0	0	0	0	0	0	0	0	0	
477756	0	0	0	0	161	0	0	0	0	0	0	0	0	0	0	0	
478507	0	0	0	0	147	0	0	0	0	0	0	0	0	0	0	0	
479256	0	0	0	0	177	0	0	0	0	0	0	0	0	0	0	0	
480004	0	0	0	0	165	0	0	0	0	0	0	0	0	0	0	0	
480754	0	0	0	0	179	0	0	0	0	0	0	0	0	0	0	0	
481501	0	0	0	0	153	0	0	0	0	0	0	0	0	0	0	0	
482253	0	0	0	0	173	0	0	0	0	0	0	0	0	0	0	0	
483003	0	0	0	0	155	0	0	0	0	0	0	0	0	0	0	0	
483753	0	0	0	0	151	0	0	0	0	0	0	0	0	0	0	0	
484502	0	0	0	0	177	0	0	0	0	0	0	0	0	0	0	0	
485249	0	0	0	0	173	0	0	0	0	0	0	0	0	0	0	0	
485999	0	0	0	0	161	0	0	0	0	0	0	0	0	0	0	0	
486748	0	0	0	0	157	0	0	0	0	0	0	0	0	0	0	0	
487502	0	0	0	0	151	0	0	0	0	0	0	0	0	0	0	0	
488251	0	0	0	0	161	0	0	0	0	0	0	0	0	0	0	0	
489002	0	0	0	0	159	0	0	0	0	0	0	0	0	0	0	0	
489754	0	0	0	0	165	0	0	0	0	0	0	0	0	0	0	0	
490507	0	0	0	0	167	0	0	0	0	0	0	0	0	0	0	0	
491256	0	0	0	0	157	0	0	0	0	0	0	0	0	0	0	0	
492003	0	0	0	0	163	0	0	0	0	0	0	0	0	0	0	0	
492754	0	0	0	0	147	0	0	0	0	0	0	0	0	0	0	0	
493502	0	0	0	199	0	0	0	0	0	0	0	0	0	0	0	0	
494255	0	0	0	169	0	0	0	0	0	0	0	0	0	0	0	0	
495004	0	0	0	191	0	0	0	0	0	0	0	0	0	0	0	0	
495755	0	0	0	205	0	0	0	0	0	0	0	0	0	0	0	0	
496509	0	0	0	207	0	0	0	0	0	0	0	0	0	0	0	0	
497259	0	0	0	237	0	0	0	0	0	0	0	0	0	0	0	0	
498008	0	0	0	197	0	0	0	0	0	0	0	0	0	0	0	0	
498760	0	0	0	169	0	0	0	0	0	0	0	0	0	0	0	0	
499510	0	0	0	213	0	0	0	0	0	0	0	0	0	0	0	0	
500261	0	0	0	175	0	0	0	0	0	0	0	0	0	0	0	0	
501010	0	0	0	217	0	0	0	0	0	0	0	0	0	0	0	0	
501758	0	0	0	185	0	0	0	0	0	0	0	0	0	0	0	0	
502509	0	0	0	185	0	0	0	0	0	0	0	0	0	0	0	0	
503258	0	0	0	179	0	0	0	0	0	0	0	0	0	0	0	0	
504008	0	0	0	207	0	0	0	0	0	0	0	0	0	0	0	0	
504757	0	0	0	179	0	0	0	0	0	0	0	0	0	0	0	0	
505507	0	0	0	197	0	0	0	0	0	0	0	0	0	0	0	0	
506256	0	0	0	199	0	0	0	0	0	0	0	0	0	0	0	0	
507008	0	0	0	225	0	0	0	0	0	0	0	0	0	0	0	0	
507758	0	0	0	195	0	0	0	0	0	0	0	0	0	0	0	0	
508509	0	0	0	197	0	0	0	0	0	0	0	0	0	0	0	0	
509262	0	0	0	167	0	0	0	0	0	0	0	0	0	0	0	0	
510012	0	0	0	189	0	0	0	0	0	0	0	0	0	0	0	0	
510762	0	0	0	199	0	0	0	0	0	0	0	0	0	0	0	0	
511515	0	0	0	203	0	0	0	0	0	0	0	0	0	0	0	0	
512264	0	0	0	201	0	0	0	0	0	0	0	0	0	0	0	0	
513014	0	0	0	197	0	0	0	0	0	0	0	0	0	0	0	0	
513765	0	0	0	201	0	0	0	0	0	0	0	0	0	0	0	0	
514515	0	0	0	191	0	0	0	0	0	0	0	0	0	0	0	0	
515265	0	0	0	191	0	0	0	0	0	0	0	0	0	0	0	0	
516014	0	0	0	201	0	0	0	0	0	0	0	0	0	0	0	0	
516767	0	0	0	203	0	0	0	0	0	0	0	0	0	0	0	0	
517517	0	0	0	225	0	0	0	0	0	0	0	0	0	0	0	0	
518266	0	0	0	191	0	0	0	0	0	0	0	0	0	0	0	0	
519016	0	0	0	207	0	0	0	0	0	0	0	0	0	0	0	0	
519768	0	0	0	189	0	0	0	0	0	0	0	0	0	0	0	0	
520521	0	0	0	0	141	0	0	0	0	0	0	0	0	0	0	0	
521270	0	0	0	0	165	0	0	0	0	0	0	0	0	0	0	0	
522017	0	0	0	0	169	0	0	0	0	0	0	0	0	0	0	0	
522766	0	0	0	0	119	0	0	0	0	0	0	0	0	0	0	0	
523516	0	0	0	0	165	0	0	0	0	0	0	0	0	0	0	0	
524263	0	0	0	0	151	0	0	0	0	0	0	0	0	0	0	0	
525016	0	0	0	0	143	0	0	0	0	0	0	0	0	0	0	0	
525764	0	0	0	0	161	0	0	0	0	0	0	0	0	0	0	0	
526513	0	0	0	0	171	0	0	0	0	0	0	0	0	0	0	0	
527261	0	0	0	0	155	0	0	0	0	0	0	0	0	0	0	0	
528006	0	0	0	0	173	0	0	0	0	0	0	0	0	0	0	0	
528756	0	0	0	0	159	0	0	0	0	0	0	0	0	0	0	0	
529507	0	0	0	0	157	0	0	0	0	0	0	0	0	0	0	0	
530257	0	0	0	0	159	0	0	0	0	0	0	0	0	0	0	0	
531008	0	0	0	0	157	0	0	0	0	0	0	0	0	0	0	0	
531757	0	0	0	0	149	0	0	0	0	0	0	0	0	0	0	0	
532506	0	0	0	0	157	0	0	0	0	0	0	0	0	0	0	0	
533254	0	0	0	0	133	0	0	0	0	0	0	0	0	0	0	0	
534005	0	0	0	0	141	26	0	0	0	0	0	0	0	0	0	0	
534756	0	0	0	0	0	137	2	0	0	0	0	0	0	0	0	0	
535506	0	0	0	0	0	133	0	0	0	0	0	0	0	0	0	0	
536253	0	0	0	0	0	127	0	0	0	0	0	0	0	0	0	0	
537001	0	0	0	0	0	143	0	0	0	0	0	0	0	0	0	0	
537752	0	0	0	0	0	129	0	0	0	0	0	0	0	0	0	0	
538500	0	0	0	0	0	137	0	0	0	0	0	0	0	0	0	0	
539249	0	0	0	0	0	121	0	0	0	0	0	0	0	0	0	0	
540000	0	0	0	0	6	109	0	0	0	0	0	0	0	0	0	0	
540749	0	0	0	0	0	139	0	0	0	0	0	0	0	0	0	0	
541496	0	0	0	0	0	135	0	0	0	0	0	0	0	0	0	0	
542246	0	0	0	0	0	145	0	0	0	0	0	0	0	0	0	0	
542996	0	0	0	0	0	123	0	0	0	0	0	0	0	0	0	0	
543747	0	0	0	0	0	151	0	0	0	0	0	0	0	0	0	0	
544498	0	0	0	0	0	131	0	0	0	0	0	0	0	0	0	0	
545248	0	0	0	0	0	131	0	0	0	0	0	0	0	0	0	0	
545997	0	0	0	0	0	143	0	0	0	0	0	0	0	0	0	0	
546749	0	0	0	0	167	0	0	0	0	0	0	0	0	0	0	0	
547499	0	0	0	0	147	0	0	0	0	0	0	0	0	0	0	0	
548247	0	0	0	0	157	0	0	0	0	0	0	0	0	0	0	0	
548999	0	0	0	0	137	0	0	0	0	0	0	0	0	0	0	0	
549747	0	0	0	0	165	0	0	0	0	0	0	0	0	0	0	0	
550498	0	0	0	0	143	0	0	0	0	0	0	0	0	0	0	0	
551251	0	0	0	0	165	0	0	0	0	0	0	0	0	0	0	0	
552001	0	0	0	0	159	0	0	0	0	0	0	0	0	0	0	0	
552755	0	0	0	0	151	0	0	0	0	0	0	0	0	0	0	0	
553507	0	0	0	0	143	0	0	0	0	0	0	0	0	0	0	0	
554262	0	0	0	0	157	0	0	0	0	0	0	0	0	0	0	0	
555012	0	0	0	0	159	0	0	0	0	0	0	0	0	0	0	0	
555760	0	0	0	95	88	0	0	0	0	0	0	0	0	0	0	0	
556511	0	0	0	0	157	0	0	0	0	0	0	0	0	0	0	0	
557259	0	0	0	0	0	119	0	0	0	0	0	0	0	0	0	0	
558010	0	0	0	0	0	121	0	0	0	0	0	0	0	0	0	0	
558756	0	0	0	0	0	135	0	0	0	0	0	0	0	0	0	0	
559508	0	0	0	0	0	133	0	0	0	0	0	0	0	0	0	0	
560260	0	0	0	0	0	133	0	0	0	0	0	0	0	0	0	0	
561013	0	0	0	0	0	129	0	0	0	0	0	0	0	0	0	0	
561761	0	0	0	0	0	141	0	0	0	0	0	0	0	0	0	0	
562507	0	0	0	0	0	147	0	0	0	0	0	0	0	0	0	0	
563255	0	0	0	0	0	121	0	0	0	0	0	0	0	0	0	0	
564006	0	0	0	0	113	40	0	0	0	0	0	0	0	0	0	0	
564753	0	0	0	0	155	0	0	0	0	0	0	0	0	0	0	0	
565502	0	0	0	0	153	0	0	0	0	0	0	0	0	0	0	0	
566250	0	0	0	0	167	0	0	0	0	0	0	0	0	0	0	0	
566999	0	0	0	0	139	0	0	0	0	0	0	0	0	0	0	0	
567750	0	0	0	0	149	0	0	0	0	0	0	0	0	0	0	0	
568497	0	0	0	0	151	0	0	0	0	0	0	0	0	0	0	0	
569245	0	0	0	0	141	0	0	0	0	0	0	0	0	0	0	0	
569993	0	0	0	0	169	0	0	0	0	0	0	0	0	0	0	0	
570746	0	0	0	0	145	0	0	0	0	0	0	0	0	0	0	0	
571495	0	0	0	0	153	0	0	0	0	0	0	0	0	0	0	0	
572244	0	0	0	0	173	0	0	0	0	0	0	0	0	0	0	0	
572992	0	0	0	0	155	0	0	0	0	0	0	0	0	0	0	0	
573742	0	0	0	0	183	0	0	0	0	0	0	0	0	0	0	0	
574491	0	0	0	0	153	0	0	0	0	0	0	0	0	0	0	0	
575241	0	0	0	0	185	0	0	0	0	0	0	0	0	0	0	0	
575992	0	0	0	0	0	113	0	0	0	0	0	0	0	0	0	0	
576739	0	0	0	0	0	131	0	0	0	0	0	0	0	0	0	0	
577488	0	0	0	0	0	133	0	0	0	0	0	0	0	0	0	0	
578240	0	0	0	0	0	135	0	0	0	0	0	0	0	0	0	0	
578990	0	0	0	0	0	147	0	0	0	0	0	0	0	0	0	0	
579740	0	0	0	0	0	121	0	0	0	0	0	0	0	0	0	0	
580489	0	0	0	0	0	131	0	0	0	0	0	0	0	0	0	0	
581240	0	0	0	0	0	0	123	0	0	0	0	0	0	0	0	0	
581993	0	0	0	0	0	0	121	0	0	0	0	0	0	0	0	0	
582746	0	0	0	0	0	0	109	0	0	0	0	0	0	0	0	0	
583492	0	0	0	0	0	0	109	0	0	0	0	0	0	0	0	0	
584242	0	0	0	0	0	0	97	0	0	0	0	0	0	0	0	0	
584992	0	0	0	0	0	0	119	0	0	0	0	0	0	0	0	0	
585741	0	0	0	0	0	0	109	0	0	0	0	0	0	0	0	0	
586491	0	0	0	0	0	0	121	0	0	0	0	0	0	0	0	0	
587243	0	0	0	0	0	0	103	0	0	0	0	0	0	0	0	0	
587993	0	0	0	0	0	0	119	0	0	0	0	0	0	0	0	0	
588745	0	0	0	0	0	0	123	0	0	0	0	0	0	0	0	0	
589498	0	0	0	0	0	0	99	18	0	0	0	0	0	0	0	0	
590245	0	0	0	0	0	0	107	0	0	0	0	0	0	0	0	0	
590996	0	0	0	0	0	0	121	0	0	0	0	0	0	0	0	0	
591748	0	0	0	0	0	0	111	0	0	0	0	0	0	0	0	0	
592499	0	0	0	0	0	0	121	0	0	0	0	0	0	0	0	0	
593251	0	0	0	0	0	0	103	0	0	0	0	0	0	0	0	0	
593999	0	0	0	0	0	0	111	0	0	0	0	0	0	0	0	0	
594748	0	0	0	0	0	0	103	0	0	0	0	0	0	0	0	0	
595498	0	0	0	0	0	0	131	0	0	0	0	0	0	0	0	0	
596246	0	0	0	0	0	5	126	0	0	0	0	0	0	0	0	0	
596995	0	0	0	0	0	0	101	0	0	0	0	0	0	0	0	0	
597747	0	0	0	0	0	0	119	0	0	0	0	0	0	0	0	0	
598500	0	0	0	0	0	0	109	0	0	0	0	0	0	0	0	0	
599247	0	0	0	0	0	0	115	0	0	0	0	0	0	0	0	0	
599998	0	0	0	0	0	0	103	0	0	0	0	0	0	0	0	0	
600747	0	0	0	0	0	0	123	0	0	0	0	0	0	0	0	0	
601495	0	0	0	0	0	0	103	0	0	0	0	0	0	0	0	0	
602247	0	0	0	0	0	0	117	0	0	0	0	0	0	0	0	0	
602999	0	0	0	0	0	0	113	0	0	0	0	0	0	0	0	0	
603752	0	0	0	0	0	0	109	0	0	0	0	0	0	0	0	0	
604502	0	0	0	0	0	0	103	0	0	0	0	0	0	0	0	0	
605254	0	0	0	0	0	0	117	0	0	0	0	0	0	0	0	0	
606003	0	0	0	0	0	0	123	0	0	0	0	0	0	0	0	0	
606754	0	0	0	0	0	0	109	0	0	0	0	0	0	0	0	0	
607503	0	0	0	0	0	0	131	0	0	0	0	0	0	0	0	0	
608251	0	0	0	0	0	0	125	0	0	0	0	0	0	0	0	0	
609001	0	0	0	0	0	0	119	0	0	0	0	0	0	0	0	0	
609749	0	0	0	0	0	0	119	0	0	0	0	0	0	0	0	0	
610501	0	0	0	0	0	0	119	0	0	0	0	0	0	0	0	0	
611249	0	0	0	0	0	0	119	0	0	0	0	0	0	0	0	0	
612000	0	0	0	0	0	0	117	0	0	0	0	0	0	0	0	0	
612750	0	0	0	0	0	0	119	0	0	0	0	0	0	0	0	0	
613499	0	0	0	0	0	0	111	0	0	0	0	0	0	0	0	0	
614248	0	0	0	0	0	0	103	0	0	0	0	0	0	0	0	0	
614998	0	0	0	0	0	0	121	0	0	0	0	0	0	0	0	0	
615745	0	0	0	0	0	0	125	0	0	0	0	0	0	0	0	0	
616493	0	0	0	0	0	0	107	0	0	0	0	0	0	0	0	0	
617241	0	0	0	0	0	0	121	0	0	0	0	0	0	0	0	0	
617991	0	0	0	0	0	0	109	0	0	0	0	0	0	0	0	0	
618740	0	0	0	0	0	0	115	0	0	0	0	0	0	0	0	0	
619491	0	0	0	0	0	0	115	0	0	0	0	0	0	0	0	0	
620238	0	0	0	0	0	0	119	0	0	0	0	0	0	0	0	0	
620989	0	0	0	0	0	0	117	0	0	0	0	0	0	0	0	0	
621739	0	0	0	0	0	0	105	0	0	0	0	0	0	0	0	0	
622487	0	0	0	0	0	0	131	0	0	0	0	0	0	0	0	0	
623237	0	0	0	0	0	0	115	0	0	0	0	0	0	0	0	0	
623988	0	0	0	0	0	0	121	0	0	0	0	0	0	0	0	0	
624736	0	0	0	0	0	0	119	0	0	0	0	0	0	0	0	0	
625489	0	0	0	0	0	0	115	0	0	0	0	0	0	0	0	0	
626239	0	0	0	0	0	0	101	0	0	0	0	0	0	0	0	0	
626990	0	0	0	0	0	0	105	0	0	0	0	0	0	0	0	0	
627739	0	0	0	0	0	0	129	0	0	0	0	0	0	0	0	0	
628489	0	0	0	0	0	0	105	0	0	0	0	0	0	0	0	0	
629237	0	0	0	0	0	0	125	0	0	0	0	0	0	0	0	0	
629990	0	0	0	0	0	0	139	0	0	0	0	0	0	0	0	0	
630740	0	0	0	0	0	0	133	0	0	0	0	0	0	0	0	0	
631491	0	0	0	0	0	0	103	0	0	0	0	0	0	0	0	0	
632242	0	0	0	0	0	0	109	0	0	0	0	0	0	0	0	0	
632988	0	0	0	0	0	0	121	0	0	0	0	0	0	0	0	0	
633736	0	0	0	0	0	0	123	0	0	0	0	0	0	0	0	0	
634487	0	0	0	0	0	0	99	0	0	0	0	0	0	0	0	0	
635239	0	0	0	0	0	0	107	0	0	0	0	0	0	0	0	0	
635991	0	0	0	0	0	0	105	0	0	0	0	0	0	0	0	0	
636740	0	0	0	0	0	0	119	0	0	0	0	0	0	0	0	0	
637491	0	0	0	0	0	0	111	0	0	0	0	0	0	0	0	0	
638242	0	0	0	0	0	0	113	0	0	0	0	0	0	0	0	0	
638994	0	0	0	0	0	0	103	0	0	0	0	0	0	0	0	0	
639745	0	0	0	0	0	0	111	0	0	0	0	0	0	0	0	0	
640494	0	0	0	0	0	153	0	0	0	0	0	0	0	0	0	0	
641244	0	0	0	0	0	131	0	0	0	0	0	0	0	0	0	0	
641993	0	0	0	0	0	129	0	0	0	0	0	0	0	0	0	0	
642741	0	0	0	0	0	121	0	0	0	0	0	0	0	0	0	0	
643494	0	0	0	0	0	147	0	0	0	0	0	0	0	0	0	0	
644243	0	0	0	0	0	125	0	0	0	0	0	0	0	0	0	0	
644994	0	0	0	0	0	131	0	0	0	0	0	0	0	0	0	0	
645741	0	0	0	0	0	121	20	0	0	0	0	0	0	0	0	0	
646488	0	0	0	0	153	0	0	0	0	0	0	0	0	0	0	0	
647234	0	0	0	0	181	0	0	0	0	0	0	0	0	0	0	0	
647987	0	0	0	0	181	0	0	0	0	0	0	0	0	0	0	0	
648736	0	0	0	0	0	139	0	0	0	0	0	0	0	0	0	0	
649486	0	0	0	0	0	115	0	0	0	0	0	0	0	0	0	0	
650235	0	0	0	0	0	161	0	0	0	0	0	0	0	0	0	0	
650986	0	0	0	0	0	105	0	0	0	0	0	0	0	0	0	0	
651734	0	0	0	0	0	149	0	0	0	0	0	0	0	0	0	0	
652483	0	0	0	0	0	133	0	0	0	0	0	0	0	0	0	0	
653234	0	0	0	0	0	125	0	0	0	0	0	0	0	0	0	0	
653983	0	0	0	0	0	131	0	0	0	0	0	0	0	0	0	0	
654736	0	0	0	0	0	117	0	0	0	0	0	0	0	0	0	0	
655488	0	0	0	0	0	143	0	0	0	0	0	0	0	0	0	0	
656234	0	0	0	0	0	135	0	0	0	0	0	0	0	0	0	0	
656985	0	0	0	0	0	121	0	0	0	0	0	0	0	0	0	0	
657736	0	0	0	0	0	145	0	0	0	0	0	0	0	0	0	0	
658487	0	0	0	0	0	147	0	0	0	0	0	0	0	0	0	0	
659234	0	0	0	0	0	147	0	0	0	0	0	0	0	0	0	0	
659986	0	0	0	0	0	147	0	0	0	0	0	0	0	0	0	0	
660739	0	0	0	0	0	145	0	0	0	0	0	0	0	0	0	0	
661486	0	0	0	0	0	125	0	0	0	0	0	0	0	0	0	0	
662235	0	0	0	0	0	135	0	0	0	0	0	0	0	0	0	0	
662985	0	0	0	0	0	135	0	0	0	0	0	0	0	0	0	0	
663733	0	0	0	0	0	149	0	0	0	0	0	0	0	0	0	0	
664481	0	0	0	0	0	135	0	0	0	0	0	0	0	0	0	0	
665231	0	0	0	0	0	153	0	0	0	0	0	0	0	0	0	0	
665980	0	0	0	0	0	123	0	0	0	0	0	0	0	0	0	0	
666735	0	0	0	0	0	153	0	0	0	0	0	0	0	0	0	0	
667483	0	0	0	0	0	139	0	0	0	0	0	0	0	0	0	0	
668232	0	0	0	0	0	145	0	0	0	0	0	0	0	0	0	0	
668984	0	0	0	0	0	127	0	0	0	0	0	0	0	0	0	0	
669735	0	0	0	0	0	125	0	0	0	0	0	0	0	0	0	0	
670486	0	0	0	0	0	149	0	0	0	0	0	0	0	0	0	0	
671237	0	0	0	0	0	137	0	0	0	0	0	0	0	0	0	0	
671990	0	0	0	0	0	163	0	0	0	0	0	0	0	0	0	0	
672739	0	0	0	0	143	0	0	0	0	0	0	0	0	0	0	0	
673489	0	0	0	0	175	0	0	0	0	0	0	0	0	0	0	0	
674238	0	0	0	0	153	0	0	0	0	0	0	0	0	0	0	0	
674986	0	0	0	65	110	0	0	0	0	0	0	0	0	0	0	0	
675735	0	0	0	0	175	0	0	0	0	0	0	0	0	0	0	0	
676481	0	0	0	0	153	0	0	0	0	0	0	0	0	0	0	0	
677231	0	0	0	0	171	0	0	0	0	0	0	0	0	0	0	0	
677980	0	0	0	0	145	0	0	0	0	0	0	0	0	0	0	0	
678731	0	0	0	0	147	0	0	0	0	0	0	0	0	0	0	0	
679483	0	0	0	0	139	0	0	0	0	0	0	0	0	0	0	0	
680232	0	0	0	0	169	0	0	0	0	0	0	0	0	0	0	0	
680982	0	0	0	0	153	0	0	0	0	0	0	0	0	0	0	0	
681730	0	0	0	0	143	0	0	0	0	0	0	0	0	0	0	0	
682478	0	0	0	0	157	0	0	0	0	0	0	0	0	0	0	0	
683226	0	0	0	0	165	0	0	0	0	0	0	0	0	0	0	0	
683973	0	0	0	0	153	0	0	0	0	0	0	0	0	0	0	0	
684723	0	0	0	0	155	0	0	0	0	0	0	0	0	0	0	0	
685474	0	0	0	3	186	0	0	0	0	0	0	0	0	0	0	0	
686224	0	0	0	0	193	0	0	0	0	0	0	0	0	0	0	0	
686972	0	0	0	0	183	0	0	0	0	0	0	0	0	0	0	0	
687725	0	0	0	0	159	0	0	0	0	0	0	0	0	0	0	0	
688476	0	0	0	0	151	0	0	0	0	0	0	0	0	0	0	0	
689226	0	0	0	0	161	0	0	0	0	0	0	0	0	0	0	0	
689977	0	0	0	0	169	0	0	0	0	0	0	0	0	0	0	0	
690731	0	0	0	0	161	0	0	0	0	0	0	0	0	0	0	0	
691478	0	0	0	0	163	0	0	0	0	0	0	0	0	0	0	0	
692228	0	0	0	0	157	0	0	0	0	0	0	0	0	0	0	0	
692977	0	0	0	0	163	0	0	0	0	0	0	0	0	0	0	0	
693725	0	0	0	0	173	0	0	0	0	0	0	0	0	0	0	0	
694473	0	0	0	0	173	0	0	0	0	0	0	0	0	0	0	0	
695223	0	0	0	0	145	0	0	0	0	0	0	0	0	0	0	0	
695975	0	0	0	0	145	0	0	0	0	0	0	0	0	0	0	0	
696727	0	0	0	0	167	0	0	0	0	0	0	0	0	0	0	0	
697479	0	0	0	0	157	0	0	0	0	0	0	0	0	0	0	0	
698233	0	0	0	0	141	0	0	0	0	0	0	0	0	0	0	0	
698979	0	0	0	0	163	0	0	0	0	0	0	0	0	0	0	0	
699732	0	0	0	0	165	0	0	0	0	0	0	0	0	0	0	0	
700482	0	0	0	0	163	0	0	0	0	0	0	0	0	0	0	0	
701234	0	0	0	0	157	0	0	0	0	0	0	0	0	0	0	0	
701987	0	0	0	0	155	0	0	0	0	0	0	0	0	0	0	0	
702733	0	0	0	0	167	0	0	0	0	0	0	0	0	0	0	0	
703484	0	0	0	0	161	0	0	0	0	0	0	0	0	0	0	0	
704234	0	0	0	0	171	0	0	0	0	0	0	0	0	0	0	0	
704982	0	0	0	1	164	0	0	0	0	0	0	0	0	0	0	0	
705731	0	0	0	0	147	0	0	0	0	0	0	0	0	0	0	0	
706481	0	0	0	0	151	0	0	0	0	0	0	0	0	0	0	0	
707231	0	0	0	0	161	0	0	0	0	0	0	0	0	0	0	0	
707982	0	0	0	0	175	0	0	0	0	0	0	0	0	0	0	0	
708734	0	0	0	0	145	0	0	0	0	0	0	0	0	0	0	0	
709485	0	0	0	0	151	0	0	0	0	0	0	0	0	0	0	0	
710236	0	0	0	0	167	0	0	0	0	0	0	0	0	0	0	0	
710986	0	0	0	0	155	0	0	0	0	0	0	0	0	0	0	0	
711733	0	0	0	0	185	0	0	0	0	0	0	0	0	0	0	0	
712482	0	0	0	0	0	131	0	0	0	0	0	0	0	0	0	0	
713233	0	0	0	0	0	117	0	0	0	0	0	0	0	0	0	0	
713985	0	0	0	0	0	149	0	0	0	0	0	0	0	0	0	0	
714737	0	0	0	0	0	125	0	0	0	0	0	0	0	0	0	0	
715489	0	0	0	0	0	121	0	0	0	0	0	0	0	0	0	0	
716238	0	0	0	0	0	145	0	0	0	0	0	0	0	0	0	0	
716986	0	0	0	0	0	123	0	0	0	0	0	0	0	0	0	0	
717734	0	0	0	0	0	123	0	0	0	0	0	0	0	0	0	0	
718483	0	0	0	0	0	155	0	0	0	0	0	0	0	0	0	0	
719233	0	0	0	0	0	131	0	0	0	0	0	0	0	0	0	0	
719984	0	0	0	0	0	141	0	0	0	0	0	0	0	0	0	0	
720734	0	0	0	0	0	129	0	0	0	0	0	0	0	0	0	0	
721484	0	0	0	0	0	133	0	0	0	0	0	0	0	0	0	0	
722238	0	0	0	0	0	131	0	0	0	0	0	0	0	0	0	0	
722989	0	0	0	0	0	137	0	0	0	0	0	0	0	0	0	0	
723738	0	0	0	0	0	135	0	0	0	0	0	0	0	0	0	0	
724486	0	0	0	0	0	141	0	0	0	0	0	0	0	0	0	0	
725232	0	0	0	0	0	155	0	0	0	0	0	0	0	0	0	0	
725986	0	0	0	0	0	117	0	0	0	0	0	0	0	0	0	0	
726735	0	0	0	0	0	135	0	0	0	0	0	0	0	0	0	0	
727483	0	0	0	0	0	149	0	0	0	0	0	0	0	0	0	0	
728233	0	0	0	0	0	147	0	0	0	0	0	0	0	0	0	0	
728982	0	0	0	0	0	141	0	0	0	0	0	0	0	0	0	0	
729734	0	0	0	0	0	137	0	0	0	0	0	0	0	0	0	0	
730483	0	0	0	0	0	137	0	0	0	0	0	0	0	0	0	0	
731229	0	0	0	0	0	119	0	0	0	0	0	0	0	0	0	0	
731978	0	0	0	0	0	133	0	0	0	0	0	0	0	0	0	0	
732727	0	0	0	0	0	145	0	0	0	0	0	0	0	0	0	0	
733473	0	0	0	0	0	139	0	0	0	0	0	0	0	0	0	0	
734221	0	0	0	0	4	119	0	0	0	0	0	0	0	0	0	0	
734973	0	0	0	0	0	129	0	0	0	0	0	0	0	0	0	0	
735724	0	0	0	0	0	133	0	0	0	0	0	0	0	0	0	0	
736470	0	0	0	0	86	49	0	0	0	0	0	0	0	0	0	0	
737217	0	0	0	0	0	115	0	0	0	0	0	0	0	0	0	0	
737963	0	0	0	0	0	137	0	0	0	0	0	0	0	0	0	0	
738716	0	0	0	0	0	133	0	0	0	0	0	0	0	0	0	0	
739467	0	0	0	0	0	141	0	0	0	0	0	0	0	0	0	0	
740215	0	0	0	0	0	123	0	0	0	0	0	0	0	0	0	0	
740966	0	0	0	0	0	125	0	0	0	0	0	0	0	0	0	0	
741714	0	0	0	0	0	127	0	0	0	0	0	0	0	0	0	0	
742464	0	0	0	0	0	131	0	0	0	0	0	0	0	0	0	0	
743213	0	0	0	0	0	131	0	0	0	0	0	0	0	0	0	0	
743963	0	0	0	0	0	123	0	0	0	0	0	0	0	0	0	0	
744715	0	0	0	0	0	137	0	0	0	0	0	0	0	0	0	0	
745463	0	0	0	0	0	147	0	0	0	0	0	0	0	0	0	0	
746213	0	0	0	0	1	140	0	0	0	0	0	0	0	0	0	0	
746965	0	0	0	0	0	141	0	0	0	0	0	0	0	0	0	0	
747712	0	0	0	0	163	0	0	0	0	0	0	0	0	0	0	0	
748463	0	0	0	0	125	20	0	0	0	0	0	0	0	0	0	0	
749218	0	0	0	0	151	0	0	0	0	0	0	0	0	0	0	0	
749970	0	0	0	0	181	0	0	0	0	0	0	0	0	0	0	0	
750718	0	0	0	0	173	0	0	0	0	0	0	0	0	0	0	0	
751467	0	0	0	0	173	0	0	0	0	0	0	0	0	0	0	0	
752221	0	0	0	0	161	0	0	0	0	0	0	0	0	0	0	0	
752974	0	0	0	0	155	0	0	0	0	0	0	0	0	0	0	0	
753721	0	0	0	0	129	0	0	0	0	0	0	0	0	0	0	0	
754472	0	0	0	0	185	0	0	0	0	0	0	0	0	0	0	0	
755223	0	0	0	0	149	0	0	0	0	0	0	0	0	0	0	0	
755971	0	0	0	0	167	0	0	0	0	0	0	0	0	0	0	0	
756720	0	0	0	0	143	0	0	0	0	0	0	0	0	0	0	0	
757474	0	0	0	0	151	0	0	0	0	0	0	0	0	0	0	0	
758226	0	0	0	0	179	0	0	0	0	0	0	0	0	0	0	0	
758977	0	0	0	0	177	0	0	0	0	0	0	0	0	0	0	0	
759725	0	0	0	0	159	0	0	0	0	0	0	0	0	0	0	0	
760475	0	0	0	0	189	0	0	0	0	0	0	0	0	0	0	0	
761226	0	0	0	0	145	0	0	0	0	0	0	0	0	0	0	0	
761978	0	0	0	0	153	0	0	0	0	0	0	0	0	0	0	0	
762726	0	0	0	0	151	0	0	0	0	0	0	0	0	0	0	0	
763478	0	0	0	0	165	0	0	0	0	0	0	0	0	0	0	0	
764228	0	0	0	0	181	0	0	0	0	0	0	0	0	0	0	0	
764979	0	0	0	0	177	0	0	0	0	0	0	0	0	0	0	0	
765728	0	0	0	0	149	0	0	0	0	0	0	0	0	0	0	0	
766481	0	0	0	0	165	0	0	0	0	0	0	0	0	0	0	0	
767231	0	0	0	0	173	0	0	0	0	0	0	0	0	0	0	0	
767984	0	0	0	0	145	0	0	0	0	0	0	0	0	0	0	0	
768733	0	0	0	0	137	0	0	0	0	0	0	0	0	0	0	0	
769482	0	0	0	0	161	0	0	0	0	0	0	0	0	0	0	0	
770235	0	0	0	0	159	0	0	0	0	0	0	0	0	0	0	0	
770986	0	0	0	0	161	0	0	0	0	0	0	0	0	0	0	0	
771740	0	0	0	0	163	0	0	0	0	0	0	0	0	0	0	0	
772488	0	0	0	0	149	0	0	0	0	0	0	0	0	0	0	0	
773237	0	0	0	0	147	0	0	0	0	0	0	0	0	0	0	0	
773984	0	0	0	0	151	0	0	0	0	0	0	0	0	0	0	0	
774738	0	0	0	0	147	0	0	0	0	0	0	0	0	0	0	0	
775488	0	0	0	0	151	0	0	0	0	0	0	0	0	0	0	0	
776237	0	0	0	0	165	0	0	0	0	0	0	0	0	0	0	0	
776986	0	0	0	0	139	0	0	0	0	0	0	0	0	0	0	0	
777734	0	0	0	0	169	0	0	0	0	0	0	0	0	0	0	0	
778483	0	0	0	169	0	0	0	0	0	0	0	0	0	0	0	0	
779233	0	0	0	197	0	0	0	0	0	0	0	0	0	0	0	0	
779988	0	0	0	191	0	0	0	0	0	0	0	0	0	0	0	0	
780737	0	0	0	187	0	0	0	0	0	0	0	0	0	0	0	0	
781485	0	0	0	203	0	0	0	0	0	0	0	0	0	0	0	0	
782234	0	0	0	199	0	0	0	0	0	0	0	0	0	0	0	0	
782983	0	0	0	213	0	0	0	0	0	0	0	0	0	0	0	0	
783736	0	0	0	193	0	0	0	0	0	0	0	0	0	0	0	0	
784482	0	0	0	187	0	0	0	0	0	0	0	0	0	0	0	0	
785234	0	0	0	205	0	0	0	0	0	0	0	0	0	0	0	0	
785985	0	0	0	207	0	0	0	0	0	0	0	0	0	0	0	0	
786740	0	0	0	191	0	0	0	0	0	0	0	0	0	0	0	0	
787489	0	0	0	193	0	0	0	0	0	0	0	0	0	0	0	0	
788237	0	0	0	181	0	0	0	0	0	0	0	0	0	0	0	0	
788986	0	0	0	203	0	0	0	0	0	0	0	0	0	0	0	0	
789734	0	0	0	195	0	0	0	0	0	0	0	0	0	0	0	0	
790485	0	0	0	207	0	0	0	0	0	0	0	0	0	0	0	0	
791237	0	0	0	207	0	0	0	0	0	0	0	0	0	0	0	0	
791987	0	0	0	213	0	0	0	0	0	0	0	0	0	0	0	0	
792740	0	0	0	187	0	0	0	0	0	0	0	0	0	0	0	0	
793491	0	0	0	187	0	0	0	0	0	0	0	0	0	0	0	0	
794241	0	0	0	197	0	0	0	0	0	0	0	0	0	0	0	0	
794992	0	0	0	181	0	0	0	0	0	0	0	0	0	0	0	0	
795741	0	0	0	191	0	0	0	0	0	0	0	0	0	0	0	0	
796491	0	0	0	241	0	0	0	0	0	0	0	0	0	0	0	0	
797239	0	0	0	225	0	0	0	0	0	0	0	0	0	0	0	0	
797988	0	0	0	169	0	0	0	0	0	0	0	0	0	0	0	0	
798737	0	0	0	191	0	0	0	0	0	0	0	0	0	0	0	0	
799487	0	0	0	181	0	0	0	0	0	0	0	0	0	0	0	0	
800239	0	0	0	205	0	0	0	0	0	0	0	0	0	0	0	0	
800991	0	0	0	213	0	0	0	0	0	0	0	0	0	0	0	0	
801743	0	0	0	185	0	0	0	0	0	0	0	0	0	0	0	0	
802493	0	0	0	193	0	0	0	0	0	0	0	0	0	0	0	0	
803243	0	0	0	191	0	0	0	0	0	0	0	0	0	0	0	0	
803995	0	0	0	223	0	0	0	0	0	0	0	0	0	0	0	0	
804748	0	0	0	181	0	0	0	0	0	0	0	0	0	0	0	0	
805497	0	0	0	183	0	0	0	0	0	0	0	0	0	0	0	0	
806247	0	0	0	211	0	0	0	0	0	0	0	0	0	0	0	0	
806997	0	0	0	203	0	0	0	0	0	0	0	0	0	0	0	0	
807745	0	0	0	207	0	0	0	0	0	0	0	0	0	0	0	0	
808491	0	0	0	197	0	0	0	0	0	0	0	0	0	0	0	0	
809243	0	0	0	201	0	0	0	0	0	0	0	0	0	0	0	0	
809991	0	0	259	0	0	0	0	0	0	0	0	0	0	0	0	0	
810741	0	0	267	0	0	0	0	0	0	0	0	0	0	0	0	0	
811490	0	0	259	0	0	0	0	0	0	0	0	0	0	0	0	0	
812239	0	0	285	0	0	0	0	0	0	0	0	0	0	0	0	0	
812988	0	0	267	0	0	0	0	0	0	0	0	0	0	0	0	0	
813739	0	0	275	0	0	0	0	0	0	0	0	0	0	0	0	0	
814488	0	0	271	0	0	0	0	0	0	0	0	0	0	0	0	0	
815235	0	0	295	0	0	0	0	0	0	0	0	0	0	0	0	0	
815984	0	0	247	0	0	0	0	0	0	0	0	0	0	0	0	0	
816734	0	0	249	0	0	0	0	0	0	0	0	0	0	0	0	0	
817480	0	0	259	0	0	0	0	0	0	0	0	0	0	0	0	0	
818226	0	0	239	0	0	0	0	0	0	0	0	0	0	0	0	0	
818975	0	0	265	0	0	0	0	0	0	0	0	0	0	0	0	0	
819724	0	0	265	0	0	0	0	0	0	0	0	0	0	0	0	0	
820475	0	0	259	0	0	0	0	0	0	0	0	0	0	0	0	0	
821219	0	0	281	0	0	0	0	0	0	0	0	0	0	0	0	0	
821968	0	0	259	0	0	0	0	0	0	0	0	0	0	0	0	0	
822716	0	0	253	0	0	0	0	0	0	0	0	0	0	0	0	0	
823466	0	0	253	0	0	0	0	0	0	0	0	0	0	0	0	0	
824216	0	0	251	0	0	0	0	0	0	0	0	0	0	0	0	0	
824970	0	0	275	0	0	0	0	0	0	0	0	0	0	0	0	0	
825722	0	0	271	0	0	0	0	0	0	0	0	0	0	0	0	0	
826468	0	0	249	0	0	0	0	0	0	0	0	0	0	0	0	0	
827221	0	0	0	193	0	0	0	0	0	0	0	0	0	0	0	0	
827975	0	0	0	173	0	0	0	0	0	0	0	0	0	0	0	0	
828723	0	0	0	185	0	0	0	0	0	0	0	0	0	0	0	0	
829473	0	0	0	215	0	0	0	0	0	0	0	0	0	0	0	0	
830224	0	0	0	215	0	0	0	0	0	0	0	0	0	0	0	0	
830973	0	0	0	225	0	0	0	0	0	0	0	0	0	0	0	0	
831725	0	0	0	209	0	0	0	0	0	0	0	0	0	0	0	0	
832476	0	0	0	191	0	0	0	0	0	0	0	0	0	0	0	0	
833226	0	0	0	185	0	0	0	0	0	0	0	0	0	0	0	0	
833978	0	0	0	197	0	0	0	0	0	0	0	0	0	0	0	0	
834730	0	0	0	199	0	0	0	0	0	0	0	0	0	0	0	0	
835482	0	0	0	201	0	0	0	0	0	0	0	0	0	0	0	0	
836234	0	0	0	207	0	0	0	0	0	0	0	0	0	0	0	0	
836983	0	0	3	206	0	0	0	0	0	0	0	0	0	0	0	0	
837732	0	0	0	197	0	0	0	0	0	0	0	0	0	0	0	0	
838480	0	0	0	203	0	0	0	0	0	0	0	0	0	0	0	0	
839230	0	0	0	189	0	0	0	0	0	0	0	0	0	0	0	0	
839983	0	0	0	195	0	0	0	0	0	0	0	0	0	0	0	0	
840732	0	0	0	193	0	0	0	0	0	0	0	0	0	0	0	0	
841484	0	0	0	187	0	0	0	0	0	0	0	0	0	0	0	0	
842235	0	0	0	187	0	0	0	0	0	0	0	0	0	0	0	0	
842983	0	0	0	183	0	0	0	0	0	0	0	0	0	0	0	0	
843738	0	0	0	205	0	0	0	0	0	0	0	0	0	0	0	0	
844487	0	0	0	177	0	0	0	0	0	0	0	0	0	0	0	0	
845238	0	0	0	201	0	0	0	0	0	0	0	0	0	0	0	0	
845988	0	0	0	187	0	0	0	0	0	0	0	0	0	0	0	0	
846735	0	0	0	197	0	0	0	0	0	0	0	0	0	0	0	0	
847487	0	0	0	165	0	0	0	0	0	0	0	0	0	0	0	0	
848237	0	0	0	191	0	0	0	0	0	0	0	0	0	0	0	0	
848989	0	0	0	185	0	0	0	0	0	0	0	0	0	0	0	0	
849739	0	0	0	205	0	0	0	0	0	0	0	0	0	0	0	0	
850487	0	0	0	213	0	0	0	0	0	0	0	0	0	0	0	0	
851239	0	0	0	213	0	0	0	0	0	0	0	0	0	0	0	0	
851992	0	0	0	207	0	0	0	0	0	0	0	0	0	0	0	0	
852740	0	0	0	187	0	0	0	0	0	0	0	0	0	0	0	0	
853485	0	0	0	191	0	0	0	0	0	0	0	0	0	0	0	0	
854239	0	0	0	211	0	0	0	0	0	0	0	0	0	0	0	0	
854988	0	0	0	197	0	0	0	0	0	0	0	0	0	0	0	0	
855735	0	0	0	191	0	0	0	0	0	0	0	0	0	0	0	0	
856487	0	0	0	199	0	0	0	0	0	0	0	0	0	0	0	0	
857238	0	0	0	219	0	0	0	0	0	0	0	0	0	0	0	0	
857988	0	0	116	99	0	0	0	0	0	0	0	0	0	0	0	0	
858739	0	0	0	221	0	0	0	0	0	0	0	0	0	0	0	0	
859490	0	0	0	195	0	0	0	0	0	0	0	0	0	0	0	0	
860239	0	0	0	189	0	0	0	0	0	0	0	0	0	0	0	0	
860989	0	0	0	185	0	0	0	0	0	0	0	0	0	0	0	0	
861738	0	0	0	183	0	0	0	0	0	0	0	0	0	0	0	0	
862487	0	0	0	149	0	0	0	0	0	0	0	0	0	0	0	0	
863241	0	0	0	209	0	0	0	0	0	0	0	0	0	0	0	0	
863993	0	0	0	203	0	0	0	0	0	0	0	0	0	0	0	0	
864739	0	0	0	185	0	0	0	0	0	0	0	0	0	0	0	0	
865490	0	0	0	187	0	0	0	0	0	0	0	0	0	0	0	0	
866240	0	0	0	209	0	0	0	0	0	0	0	0	0	0	0	0	
866993	0	0	0	197	0	0	0	0	0	0	0	0	0	0	0	0	
867743	0	0	0	199	0	0	0	0	0	0	0	0	0	0	0	0	
868492	0	0	0	205	0	0	0	0	0	0	0	0	0	0	0	0	
869243	0	0	0	199	0	0	0	0	0	0	0	0	0	0	0	0	
869993	0	0	0	213	0	0	0	0	0	0	0	0	0	0	0	0	
870738	0	0	0	211	0	0	0	0	0	0	0	0	0	0	0	0	
871489	0	0	0	193	0	0	0	0	0	0	0	0	0	0	0	0	
872242	0	0	0	189	0	0	0	0	0	0	0	0	0	0	0	0	
872993	0	0	0	183	0	0	0	0	0	0	0	0	0	0	0	0	
873742	0	0	0	217	0	0	0	0	0	0	0	0	0	0	0	0	
874490	0	0	0	207	0	0	0	0	0	0	0	0	0	0	0	0	
875242	0	0	0	191	0	0	0	0	0	0	0	0	0	0	0	0	
875991	0	0	0	175	0	0	0	0	0	0	0	0	0	0	0	0	
876743	0	0	0	183	0	0	0	0	0	0	0	0	0	0	0	0	
877492	0	0	0	237	0	0	0	0	0	0	0	0	0	0	0	0	
878240	0	0	0	187	0	0	0	0	0	0	0	0	0	0	0	0	
878992	0	0	0	193	0	0	0	0	0	0	0	0	0	0	0	0	
879743	0	0	0	205	0	0	0	0	0	0	0	0	0	0	0	0	
880493	0	0	0	185	0	0	0	0	0	0	0	0	0	0	0	0	
881243	0	0	0	181	0	0	0	0	0	0	0	0	0	0	0	0	
881995	0	0	0	211	0	0	0	0	0	0	0	0	0	0	0	0	
882742	0	0	0	225	0	0	0	0	0	0	0	0	0	0	0	0	
883491	0	0	0	187	0	0	0	0	0	0	0	0	0	0	0	0	
884240	0	0	0	191	0	0	0	0	0	0	0	0	0	0	0	0	
884986	0	0	0	206	1	0	0	0	0	0	0	0	0	0	0	0	
885735	0	0	0	0	147	0	0	0	0	0	0	0	0	0	0	0	
886484	0	0	0	0	133	0	0	0	0	0	0	0	0	0	0	0	
887236	0	0	0	0	167	0	0	0	0	0	0	0	0	0	0	0	
887982	0	0	0	0	151	0	0	0	0	0	0	0	0	0	0	0	
888733	0	0	0	0	169	0	0	0	0	0	0	0	0	0	0	0	
889482	0	0	0	0	151	0	0	0	0	0	0	0	0	0	0	0	
890233	0	0	0	0	25	94	0	0	0	0	0	0	0	0	0	0	
890984	0	0	0	0	159	0	0	0	0	0	0	0	0	0	0	0	
891732	0	0	0	0	144	9	0	0	0	0	0	0	0	0	0	0	
892481	0	0	0	0	161	0	0	0	0	0	0	0	0	0	0	0	
893231	0	0	0	195	0	0	0	0	0	0	0	0	0	0	0	0	
893979	0	0	0	175	0	0	0	0	0	0	0	0	0	0	0	0	
894732	0	0	0	203	0	0	0	0	0	0	0	0	0	0	0	0	
895481	0	0	0	209	0	0	0	0	0	0	0	0	0	0	0	0	
896228	0	0	0	197	0	0	0	0	0	0	0	0	0	0	0	0	
896980	0	0	0	203	0	0	0	0	0	0	0	0	0	0	0	0	
897730	0	0	0	197	0	0	0	0	0	0	0	0	0	0	0	0	
898479	0	0	0	175	0	0	0	0	0	0	0	0	0	0	0	0	
899226	0	0	0	209	0	0	0	0	0	0	0	0	0	0	0	0	
899977	0	0	0	197	0	0	0	0	0	0	0	0	0	0	0	0	
900727	0	0	0	199	0	0	0	0	0	0	0	0	0	0	0	0	
901478	0	0	0	189	0	0	0	0	0	0	0	0	0	0	0	0	
902229	0	0	0	199	0	0	0	0	0	0	0	0	0	0	0	0	
902981	0	0	0	213	0	0	0	0	0	0	0	0	0	0	0	0	
903730	0	0	0	191	0	0	0	0	0	0	0	0	0	0	0	0	
904482	0	0	0	189	0	0	0	0	0	0	0	0	0	0	0	0	
905231	0	0	0	165	0	0	0	0	0	0	0	0	0	0	0	0	
905981	0	0	0	199	0	0	0	0	0	0	0	0	0	0	0	0	
906732	0	0	0	197	0	0	0	0	0	0	0	0	0	0	0	0	
907483	0	0	0	183	0	0	0	0	0	0	0	0	0	0	0	0	
908232	0	0	0	199	0	0	0	0	0	0	0	0	0	0	0	0	
908982	0	0	0	211	0	0	0	0	0	0	0	0	0	0	0	0	
909731	0	0	0	185	0	0	0	0	0	0	0	0	0	0	0	0	
910480	0	0	0	177	0	0	0	0	0	0	0	0	0	0	0	0	
911230	0	0	0	189	0	0	0	0	0	0	0	0	0	0	0	0	
911982	0	0	0	183	0	0	0	0	0	0	0	0	0	0	0	0	
912732	0	0	0	171	0	0	0	0	0	0	0	0	0	0	0	0	
913484	0	0	0	191	0	0	0	0	0	0	0	0	0	0	0	0	
914233	0	0	0	181	0	0	0	0	0	0	0	0	0	0	0	0	
914984	0	0	0	205	0	0	0	0	0	0	0	0	0	0	0	0	
915737	0	0	0	191	0	0	0	0	0	0	0	0	0	0	0	0	
916488	0	0	0	209	0	0	0	0	0	0	0	0	0	0	0	0	
917239	0	0	0	203	0	0	0	0	0	0	0	0	0	0	0	0	
917990	0	0	140	107	0	0	0	0	0	0	0	0	0	0	0	0	
918739	0	0	295	0	0	0	0	0	0	0	0	0	0	0	0	0	
919487	0	0	283	0	0	0	0	0	0	0	0	0	0	0	0	0	
920241	0	0	271	0	0	0	0	0	0	0	0	0	0	0	0	0	
920989	0	0	263	0	0	0	0	0	0	0	0	0	0	0	0	0	
921738	0	0	0	201	0	0	0	0	0	0	0	0	0	0	0	0	
922488	0	0	0	211	0	0	0	0	0	0	0	0	0	0	0	0	
923236	0	0	0	201	0	0	0	0	0	0	0	0	0	0	0	0	
923986	0	0	0	205	0	0	0	0	0	0	0	0	0	0	0	0	
924735	0	0	32	179	0	0	0	0	0	0	0	0	0	0	0	0	
925485	0	0	0	185	0	0	0	0	0	0	0	0	0	0	0	0	
926236	0	0	0	201	0	0	0	0	0	0	0	0	0	0	0	0	
926985	0	0	0	183	0	0	0	0	0	0	0	0	0	0	0	0	
927738	0	0	0	195	0	0	0	0	0	0	0	0	0	0	0	0	
928486	0	0	0	225	0	0	0	0	0	0	0	0	0	0	0	0	
929239	0	0	0	219	0	0	0	0	0	0	0	0	0	0	0	0	
929989	0	0	0	193	0	0	0	0	0	0	0	0	0	0	0	0	
930741	0	0	0	179	0	0	0	0	0	0	0	0	0	0	0	0	
931494	0	0	0	199	0	0	0	0	0	0	0	0	0	0	0	0	
932244	0	0	0	225	0	0	0	0	0	0	0	0	0	0	0	0	
932994	0	0	0	181	0	0	0	0	0	0	0	0	0	0	0	0	
933744	0	0	0	155	0	0	0	0	0	0	0	0	0	0	0	0	
934494	0	0	0	185	0	0	0	0	0	0	0	0	0	0	0	0	
935244	0	0	0	207	0	0	0	0	0	0	0	0	0	0	0	0	
935993	0	0	0	233	0	0	0	0	0	0	0	0	0	0	0	0	
936741	0	0	0	205	0	0	0	0	0	0	0	0	0	0	0	0	
937488	0	0	0	169	0	0	0	0	0	0	0	0	0	0	0	0	
938236	0	0	0	203	0	0	0	0	0	0	0	0	0	0	0	0	
938988	0	0	0	175	0	0	0	0	0	0	0	0	0	0	0	0	
939734	0	0	0	197	0	0	0	0	0	0	0	0	0	0	0	0	
940485	0	0	0	191	0	0	0	0	0	0	0	0	0	0	0	0	
941234	0	0	0	191	0	0	0	0	0	0	0	0	0	0	0	0	
941985	0	0	0	199	0	0	0	0	0	0	0	0	0	0	0	0	
942733	0	0	0	193	0	0	0	0	0	0	0	0	0	0	0	0	
943486	0	0	80	133	0	0	0	0	0	0	0	0	0	0	0	0	
944233	0	0	0	205	0	0	0	0	0	0	0	0	0	0	0	0	
944985	0	0	0	187	0	0	0	0	0	0	0	0	0	0	0	0	
945734	0	0	0	213	0	0	0	0	0	0	0	0	0	0	0	0	
946484	0	0	0	173	0	0	0	0	0	0	0	0	0	0	0	0	
947234	0	0	14	179	0	0	0	0	0	0	0	0	0	0	0	0	
947983	0	0	0	165	0	0	0	0	0	0	0	0	0	0	0	0	
948736	0	0	0	219	0	0	0	0	0	0	0	0	0	0	0	0	
949482	0	0	0	209	0	0	0	0	0	0	0	0	0	0	0	0	
950231	0	0	0	0	169	0	0	0	0	0	0	0	0	0	0	0	
950979	0	0	0	0	171	0	0	0	0	0	0	0	0	0	0	0	
951729	0	0	0	0	175	0	0	0	0	0	0	0	0	0	0	0	
952479	0	0	0	0	159	0	0	0	0	0	0	0	0	0	0	0	
953226	0	0	0	0	153	0	0	0	0	0	0	0	0	0	0	0	
953978	0	0	0	0	177	0	0	0	0	0	0	0	0	0	0	0	
954730	0	0	0	0	167	0	0	0	0	0	0	0	0	0	0	0	
955482	0	0	0	0	183	0	0	0	0	0	0	0	0	0	0	0	
956230	0	0	0	0	0	121	0	0	0	0	0	0	0	0	0	0	
956979	0	0	0	0	0	151	0	0	0	0	0	0	0	0	0	0	
957724	0	0	0	0	0	135	0	0	0	0	0	0	0	0	0	0	
958472	0	0	0	0	0	131	0	0	0	0	0	0	0	0	0	0	
959221	0	0	0	0	0	151	0	0	0	0	0	0	0	0	0	0	
959971	0	0	0	0	0	109	0	0	0	0	0	0	0	0	0	0	
960725	0	0	0	0	0	123	0	0	0	0	0	0	0	0	0	0	
961476	0	0	0	0	157	0	0	0	0	0	0	0	0	0	0	0	
962223	0	0	0	0	146	7	0	0	0	0	0	0	0	0	0	0	
962973	0	0	0	0	0	133	0	0	0	0	0	0	0	0	0	0	
963721	0	0	0	0	0	139	0	0	0	0	0	0	0	0	0	0	
964470	0	0	0	0	0	143	0	0	0	0	0	0	0	0	0	0	
965219	0	0	0	0	0	127	0	0	0	0	0	0	0	0	0	0	
965969	0	0	0	0	0	123	0	0	0	0	0	0	0	0	0	0	
966720	0	0	0	0	0	129	0	0	0	0	0	0	0	0	0	0	
967470	0	0	0	0	0	115	0	0	0	0	0	0	0	0	0	0	
968222	0	0	0	0	0	135	0	0	0	0	0	0	0	0	0	0	
968977	0	0	0	0	0	0	123	0	0	0	0	0	0	0	0	0	
969728	0	0	0	0	0	0	119	0	0	0	0	0	0	0	0	0	
970480	0	0	0	0	0	0	107	0	0	0	0	0	0	0	0	0	
971232	0	0	0	0	0	0	99	0	0	0	0	0	0	0	0	0	
971980	0	0	0	0	0	0	129	0	0	0	0	0	0	0	0	0	
972734	0	0	0	0	0	0	113	0	0	0	0	0	0	0	0	0	
973484	0	0	0	0	0	0	97	0	0	0	0	0	0	0	0	0	
974233	0	0	0	0	0	0	125	0	0	0	0	0	0	0	0	0	
974985	0	0	0	0	0	0	125	0	0	0	0	0	0	0	0	0	
975738	0	0	0	0	0	0	117	0	0	0	0	0	0	0	0	0	
976489	0	0	0	0	0	0	137	0	0	0	0	0	0	0	0	0	
977240	0	0	0	0	0	0	105	0	0	0	0	0	0	0	0	0	
977990	0	0	0	0	0	0	123	0	0	0	0	0	0	0	0	0	
978735	0	0	0	0	0	0	121	0	0	0	0	0	0	0	0	0	
979487	0	0	0	0	0	0	115	0	0	0	0	0	0	0	0	0	
980239	0	0	0	0	0	0	99	0	0	0	0	0	0	0	0	0	
980991	0	0	0	0	0	0	119	0	0	0	0	0	0	0	0	0	
981739	0	0	0	0	0	0	117	0	0	0	0	0	0	0	0	0	
982488	0	0	0	0	0	0	119	0	0	0	0	0	0	0	0	0	
983234	0	0	0	0	0	0	109	0	0	0	0	0	0	0	0	0	
983983	0	0	0	0	0	0	115	0	0	0	0	0	0	0	0	0	
984732	0	0	0	0	0	0	153	0	0	0	0	0	0	0	0	0	
985485	0	0	0	0	0	0	117	0	0	0	0	0	0	0	0	0	
986230	0	0	0	0	0	0	115	0	0	0	0	0	0	0	0	0	
986980	0	0	0	0	0	0	105	0	0	0	0	0	0	0	0	0	
987728	0	0	0	0	0	0	119	0	0	0	0	0	0	0	0	0	
988475	0	0	0	0	0	135	0	0	0	0	0	0	0	0	0	0	
989225	0	0	0	0	0	127	0	0	0	0	0	0	0	0	0	0	
989977	0	0	0	0	0	135	0	0	0	0	0	0	0	0	0	0	
990725	0	0	0	0	0	153	0	0	0	0	0	0	0	0	0	0	
991476	0	0	0	0	0	121	0	0	0	0	0	0	0	0	0	0	
992224	0	0	0	0	0	119	0	0	0	0	0	0	0	0	0	0	
992971	0	0	0	0	0	137	0	0	0	0	0	0	0	0	0	0	
993722	0	0	0	0	0	129	0	0	0	0	0	0	0	0	0	0	
994472	0	0	0	0	0	141	0	0	0	0	0	0	0	0	0	0	
995225	0	0	0	0	0	123	0	0	0	0	0	0	0	0	0	0	
995972	0	0	0	0	0	143	0	0	0	0	0	0	0	0	0	0	
996725	0	0	0	0	0	133	0	0	0	0	0	0	0	0	0	0	
997474	0	0	0	0	0	111	0	0	0	0	0	0	0	0	0	0	
998222	0	0	0	0	0	145	0	0	0	0	0	0	0	0	0	0	
998972	0	0	0	0	0	105	0	0	0	0	0	0	0	0	0	0	
999722	0	0	0	0	0	167	0	0	0	0	0	0	0	0	0	0	
1.00047e+06	0	0	0	0	0	139	0	0	0	0	0	0	0	0	0	0	
1.00122e+06	0	0	0	0	0	0	105	0	0	0	0	0	0	0	0	0	
1.00197e+06	0	0	0	0	0	0	121	0	0	0	0	0	0	0	0	0	
1.00272e+06	0	0	0	0	0	0	111	0	0	0	0	0	0	0	0	0	
1.00347e+06	0	0	0	0	0	0	107	0	0	0	0	0	0	0	0	0	
1.00422e+06	0	0	0	0	0	0	101	0	0	0	0	0	0	0	0	0	
1.00497e+06	0	0	0	0	0	0	119	0	0	0	0	0	0	0	0	0	
1.00572e+06	0	0	0	0	0	0	123	0	0	0	0	0	0	0	0	0	
1.00647e+06	0	0	0	0	0	0	121	0	0	0	0	0	0	0	0	0	
1.00722e+06	0	0	0	0	0	0	125	0	0	0	0	0	0	0	0	0	
1.00797e+06	0	0	0	0	0	0	109	0	0	0	0	0	0	0	0	0	
1.00872e+06	0	0	0	0	0	0	111	0	0	0	0	0	0	0	0	0	
1.00946e+06	0	0	0	0	0	0	129	0	0	0	0	0	0	0	0	0	
1.01021e+06	0	0	0	0	0	0	117	0	0	0	0	0	0	0	0	0	
1.01096e+06	0	0	0	0	0	0	117	0	0	0	0	0	0	0	0	0	
1.01171e+06	0	0	0	0	0	0	101	0	0	0	0	0	0	0	0	0	
1.01246e+06	0	0	0	0	0	0	107	0	0	0	0	0	0	0	0	0	
1.01321e+06	0	0	0	0	0	0	101	0	0	0	0	0	0	0	0	0	
1.01396e+06	0	0	0	0	0	0	127	0	0	0	0	0	0	0	0	0	
1.01471e+06	0	0	0	0	0	0	127	0	0	0	0	0	0	0	0	0	
1.01547e+06	0	0	0	0	0	0	115	0	0	0	0	0	0	0	0	0	
1.01622e+06	0	0	0	0	0	0	111	0	0	0	0	0	0	0	0	0	
1.01697e+06	0	0	0	0	0	0	125	0	0	0	0	0	0	0	0	0	
1.01772e+06	0	0	0	0	0	0	115	0	0	0	0	0	0	0	0	0	
1.01847e+06	0	0	0	0	0	0	109	0	0	0	0	0	0	0	0	0	
1.01921e+06	0	0	0	0	0	0	109	0	0	0	0	0	0	0	0	0	
1.01997e+06	0	0	0	0	0	0	107	0	0	0	0	0	0	0	0	0	
1.02071e+06	0	0	0	0	0	0	103	0	0	0	0	0	0	0	0	0	
1.02146e+06	0	0	0	0	0	0	139	0	0	0	0	0	0	0	0	0	
1.02221e+06	0	0	0	0	0	0	127	0	0	0	0	0	0	0	0	0	
1.02296e+06	0	0	0	0	0	0	105	0	0	0	0	0	0	0	0	0	
1.02371e+06	0	0	0	0	0	0	113	0	0	0	0	0	0	0	0	0	
1.02446e+06	0	0	0	0	0	0	111	0	0	0	0	0	0	0	0	0	
1.02521e+06	0	0	0	0	0	0	105	0	0	0	0	0	0	0	0	0	
1.02596e+06	0	0	0	0	0	0	119	0	0	0	0	0	0	0	0	0	
1.02672e+06	0	0	0	0	0	0	113	0	0	0	0	0	0	0	0	0	
1.02747e+06	0	0	0	0	0	0	109	0	0	0	0	0	0	0	0	0	
1.02822e+06	0	0	0	0	0	0	131	0	0	0	0	0	0	0	0	0	
1.02897e+06	0	0	0	0	0	0	111	0	0	0	0	0	0	0	0	0	
1.02971e+06	0	0	0	0	0	0	117	0	0	0	0	0	0	0	0	0	
1.03046e+06	0	0	0	0	0	0	109	0	0	0	0	0	0	0	0	0	
1.03121e+06	0	0	0	0	0	0	99	0	0	0	0	0	0	0	0	0	
1.03196e+06	0	0	0	0	0	0	125	0	0	0	0	0	0	0	0	0	
1.03271e+06	0	0	0	0	0	0	113	0	0	0	0	0	0	0	0	0	
1.03346e+06	0	0	0	0	0	0	101	0	0	0	0	0	0	0	0	0	
1.03421e+06	0	0	0	0	0	0	133	0	0	0	0	0	0	0	0	0	
1.03496e+06	0	0	0	0	0	0	115	0	0	0	0	0	0	0	0	0	
1.03571e+06	0	0	0	0	0	0	99	0	0	0	0	0	0	0	0	0	
1.03646e+06	0	0	0	0	0	0	119	0	0	0	0	0	0	0	0	0	
1.03721e+06	0	0	0	0	0	0	123	0	0	0	0	0	0	0	0	0	
1.03796e+06	0	0	0	0	0	0	125	0	0	0	0	0	0	0	0	0	
1.03872e+06	0	0	0	0	0	149	0	0	0	0	0	0	0	0	0	0	
1.03947e+06	0	0	0	0	0	125	0	0	0	0	0	0	0	0	0	0	
1.04022e+06	0	0	0	0	0	141	0	0	0	0	0	0	0	0	0	0	
1.04096e+06	0	0	0	0	0	151	0	0	0	0	0	0	0	0	0	0	
1.04171e+06	0	0	0	0	0	155	0	0	0	0	0	0	0	0	0	0	
1.04247e+06	0	0	0	0	0	139	0	0	0	0	0	0	0	0	0	0	
1.04322e+06	0	0	0	0	0	137	0	0	0	0	0	0	0	0	0	0	
1.04397e+06	0	0	0	0	0	129	0	0	0	0	0	0	0	0	0	0	
1.04472e+06	0	0	0	0	179	0	0	0	0	0	0	0	0	0	0	0	
1.04547e+06	0	0	0	0	165	0	0	0	0	0	0	0	0	0	0	0	
1.04622e+06	0	0	0	0	167	0	0	0	0	0	0	0	0	0	0	0	
1.04697e+06	0	0	0	0	165	0	0	0	0	0	0	0	0	0	0	0	
1.04772e+06	0	0	0	0	175	0	0	0	0	0	0	0	0	0	0	0	
1.04847e+06	0	0	0	0	157	0	0	0	0	0	0	0	0	0	0	0	
1.04922e+06	0	0	0	0	157	0	0	0	0	0	0	0	0	0	0	0	
1.04997e+06	0	0	0	0	169	0	0	0	0	0	0	0	0	0	0	0	
1.05072e+06	0	0	0	0	163	0	0	0	0	0	0	0	0	0	0	0	
1.05147e+06	0	0	0	0	167	0	0	0	0	0	0	0	0	0	0	0	
1.05222e+06	0	0	0	0	179	0	0	0	0	0	0	0	0	0	0	0	
1.05297e+06	0	0	0	0	173	0	0	0	0	0	0	0	0	0	0	0	
1.05371e+06	0	0	0	0	129	0	0	0	0	0	0	0	0	0	0	0	
1.05447e+06	0	0	0	0	155	0	0	0	0	0	0	0	0	0	0	0	
1.05522e+06	0	0	0	0	165	0	0	0	0	0	0	0	0	0	0	0	
1.05597e+06	0	0	0	0	149	0	0	0	0	0	0	0	0	0	0	0	
1.05671e+06	0	0	0	0	0	139	0	0	0	0	0	0	0	0	0	0	
1.05746e+06	0	0	0	0	0	135	0	0	0	0	0	0	0	0	0	0	
1.05822e+06	0	0	0	0	0	133	0	0	0	0	0	0	0	0	0	0	
1.05897e+06	0	0	0	0	0	135	0	0	0	0	0	0	0	0	0	0	
1.05972e+06	0	0	0	0	0	141	0	0	0	0	0	0	0	0	0	0	
1.06047e+06	0	0	0	0	0	145	0	0	0	0	0	0	0	0	0	0	
1.06122e+06	0	0	0	0	0	129	0	0	0	0	0	0	0	0	0	0	
1.06197e+06	0	0	0	0	0	133	0	0	0	0	0	0	0	0	0	0	
1.06271e+06	0	0	0	0	0	153	0	0	0	0	0	0	0	0	0	0	
1.06346e+06	0	0	0	0	0	145	0	0	0	0	0	0	0	0	0	0	
1.06421e+06	0	0	0	0	0	125	0	0	0	0	0	0	0	0	0	0	
1.06496e+06	0	0	0	0	0	129	0	0	0	0	0	0	0	0	0	0	
1.06571e+06	0	0	0	0	0	119	0	0	0	0	0	0	0	0	0	0	
1.06646e+06	0	0	0	0	0	131	0	0	0	0	0	0	0	0	0	0	
1.06721e+06	0	0	0	0	0	131	0	0	0	0	0	0	0	0	0	0	
1.06796e+06	0	0	0	0	0	137	0	0	0	0	0	0	0	0	0	0	
1.06872e+06	0	0	0	0	0	117	0	0	0	0	0	0	0	0	0	0	
1.06947e+06	0	0	0	0	0	129	0	0	0	0	0	0	0	0	0	0	
1.07022e+06	0	0	0	0	0	125	0	0	0	0	0	0	0	0	0	0	
1.07097e+06	0	0	0	0	0	115	0	0	0	0	0	0	0	0	0	0	
1.07172e+06	0	0	0	0	0	129	0	0	0	0	0	0	0	0	0	0	
1.07247e+06	0	0	0	0	0	133	0	0	0	0	0	0	0	0	0	0	
1.07322e+06	0	0	0	0	0	149	0	0	0	0	0	0	0	0	0	0	
1.07397e+06	0	0	0	0	0	141	0	0	0	0	0	0	0	0	0	0	
1.07472e+06	0	0	0	0	0	129	0	0	0	0	0	0	0	0	0	0	
1.07547e+06	0	0	0	0	0	129	0	0	0	0	0	0	0	0	0	0	
1.07622e+06	0	0	0	0	0	133	0	0	0	0	0	0	0	0	0	0	
1.07698e+06	0	0	0	0	0	127	0	0	0	0	0	0	0	0	0	0	
1.07773e+06	0	0	0	0	0	145	0	0	0	0	0	0	0	0	0	0	
1.07848e+06	0	0	0	0	0	99	0	0	0	0	0	0	0	0	0	0	
1.07923e+06	0	0	0	0	0	123	0	0	0	0	0	0	0	0	0	0	
1.07998e+06	0	0	0	0	0	129	0	0	0	0	0	0	0	0	0	0	
1.08073e+06	0	0	0	0	0	117	0	0	0	0	0	0	0	0	0	0	
1.08148e+06	0	0	0	0	0	115	0	0	0	0	0	0	0	0	0	0	
1.08223e+06	0	0	0	0	0	137	0	0	0	0	0	0	0	0	0	0	
1.08298e+06	0	0	0	0	0	119	0	0	0	0	0	0	0	0	0	0	
1.08372e+06	0	0	0	0	0	135	0	0	0	0	0	0	0	0	0	0	
1.08447e+06	0	0	0	0	0	123	0	0	0	0	0	0	0	0	0	0	
1.08523e+06	0	0	0	0	0	0	95	0	0	0	0	0	0	0	0	0	
1.08597e+06	0	0	0	0	0	0	127	0	0	0	0	0	0	0	0	0	
1.08673e+06	0	0	0	0	0	0	123	0	0	0	0	0	0	0	0	0	
1.08747e+06	0	0	0	0	0	0	123	0	0	0	0	0	0	0	0	0	
1.08822e+06	0	0	0	0	0	0	115	0	0	0	0	0	0	0	0	0	
1.08897e+06	0	0	0	0	0	0	119	0	0	0	0	0	0	0	0	0	
1.08972e+06	0	0	0	0	0	0	115	0	0	0	0	0	0	0	0	0	
1.09047e+06	0	0	0	0	0	0	131	0	0	0	0	0	0	0	0	0	
1.09122e+06	0	0	0	0	0	0	121	0	0	0	0	0	0	0	0	0	
1.09197e+06	0	0	0	0	0	0	103	0	0	0	0	0	0	0	0	0	
1.09273e+06	0	0	0	0	0	0	125	0	0	0	0	0	0	0	0	0	
1.09347e+06	0	0	0	0	0	0	119	0	0	0	0	0	0	0	0	0	
1.09423e+06	0	0	0	0	0	0	105	0	0	0	0	0	0	0	0	0	
1.09498e+06	0	0	0	0	0	0	115	0	0	0	0	0	0	0	0	0	
1.09573e+06	0	0	0	0	0	0	123	0	0	0	0	0	0	0	0	0	
1.09648e+06	0	0	0	0	0	1	98	0	0	0	0	0	0	0	0	0	
1.09723e+06	0	0	0	0	0	0	117	0	0	0	0	0	0	0	0	0	
1.09798e+06	0	0	0	0	0	0	105	0	0	0	0	0	0	0	0	0	
1.09873e+06	0	0	0	0	0	0	93	0	0	0	0	0	0	0	0	0	
1.09948e+06	0	0	0	0	0	0	111	0	0	0	0	0	0	0	0	0	
1.10022e+06	0	0	0	0	0	0	101	0	0	0	0	0	0	0	0	0	
1.10097e+06	0	0	0	0	0	0	115	0	0	0	0	0	0	0	0	0	
1.10172e+06	0	0	0	0	0	0	121	0	0	0	0	0	0	0	0	0	
1.10247e+06	0	0	0	0	0	0	123	0	0	0	0	0	0	0	0	0	
1.10322e+06	0	0	0	0	0	0	99	0	0	0	0	0	0	0	0	0	
1.10397e+06	0	0	0	0	0	0	107	0	0	0	0	0	0	0	0	0	
1.10472e+06	0	0	0	0	0	0	117	0	0	0	0	0	0	0	0	0	
1.10547e+06	0	0	0	0	0	0	123	0	0	0	0	0	0	0	0	0	
1.10622e+06	0	0	0	0	0	0	115	0	0	0	0	0	0	0	0	0	
1.10697e+06	0	0	0	0	0	0	115	0	0	0	0	0	0	0	0	0	
1.10772e+06	0	0	0	0	0	0	111	0	0	0	0	0	0	0	0	0	
1.10848e+06	0	0	0	0	0	0	105	0	0	0	0	0	0	0	0	0	
1.10923e+06	0	0	0	0	0	0	91	0	0	0	0	0	0	0	0	0	
1.10997e+06	0	0	0	0	0	0	85	0	0	0	0	0	0	0	0	0	
1.11072e+06	0	0	0	0	0	0	123	0	0	0	0	0	0	0	0	0	
1.11147e+06	0	0	0	0	0	0	99	0	0	0	0	0	0	0	0	0	
1.11223e+06	0	0	0	0	0	0	127	0	0	0	0	0	0	0	0	0	
1.11297e+06	0	0	0	0	0	0	109	0	0	0	0	0	0	0	0	0	
1.11372e+06	0	0	0	0	0	0	121	0	0	0	0	0	0	0	0	0	
1.11447e+06	0	0	0	0	0	0	103	0	0	0	0	0	0	0	0	0	
1.11522e+06	0	0	0	0	0	0	105	0	0	0	0	0	0	0	0	0	
1.11598e+06	0	0	0	0	0	0	119	0	0	0	0	0	0	0	0	0	
1.11672e+06	0	0	0	0	0	0	113	0	0	0	0	0	0	0	0	0	
1.11747e+06	0	0	0	0	0	0	117	0	0	0	0	0	0	0	0	0	
1.11822e+06	0	0	0	0	0	0	119	0	0	0	0	0	0	0	0	0	
1.11897e+06	0	0	0	0	0	0	129	0	0	0	0	0	0	0	0	0	
1.11971e+06	0	0	0	0	0	0	89	0	0	0	0	0	0	0	0	0	
1.12046e+06	0	0	0	0	0	0	109	0	0	0	0	0	0	0	0	0	
1.12122e+06	0	0	0	0	0	0	119	0	0	0	0	0	0	0	0	0	
1.12197e+06	0	0	0	0	0	0	137	0	0	0	0	0	0	0	0	0	
1.12271e+06	0	0	0	0	0	0	97	0	0	0	0	0	0	0	0	0	
1.12346e+06	0	0	0	0	0	0	109	0	0	0	0	0	0	0	0	0	
1.12422e+06	0	0	0	0	0	0	111	0	0	0	0	0	0	0	0	0	
1.12496e+06	0	0	0	0	0	0	139	0	0	0	0	0	0	0	0	0	
1.12571e+06	0	0	0	0	0	129	0	0	0	0	0	0	0	0	0	0	
1.12647e+06	0	0	0	0	0	151	0	0	0	0	0	0	0	0	0	0	
1.12721e+06	0	0	0	0	0	133	0	0	0	0	0	0	0	0	0	0	
1.12797e+06	0	0	0	0	0	127	0	0	0	0	0	0	0	0	0	0	
1.12871e+06	0	0	0	0	0	115	0	0	0	0	0	0	0	0	0	0	
1.12946e+06	0	0	0	0	0	139	0	0	0	0	0	0	0	0	0	0	
1.13021e+06	0	0	0	0	0	121	0	0	0	0	0	0	0	0	0	0	
1.13096e+06	0	0	0	0	0	117	0	0	0	0	0	0	0	0	0	0	
1.13171e+06	0	0	0	0	0	143	0	0	0	0	0	0	0	0	0	0	
1.13246e+06	0	0	0	0	0	139	0	0	0	0	0	0	0	0	0	0	
1.13321e+06	0	0	0	0	0	127	0	0	0	0	0	0	0	0	0	0	
1.13396e+06	0	0	0	0	0	141	0	0	0	0	0	0	0	0	0	0	
1.13471e+06	0	0	0	0	0	121	0	0	0	0	0	0	0	0	0	0	
1.13546e+06	0	0	0	0	0	137	0	0	0	0	0	0	0	0	0	0	
1.13621e+06	0	0	0	0	0	139	0	0	0	0	0	0	0	0	0	0	
1.13696e+06	0	0	0	0	0	149	0	0	0	0	0	0	0	0	0	0	
1.13772e+06	0	0	0	0	0	129	0	0	0	0	0	0	0	0	0	0	
1.13847e+06	0	0	0	0	0	139	0	0	0	0	0	0	0	0	0	0	
1.13921e+06	0	0	0	0	0	0	109	0	0	0	0	0	0	0	0	0	
1.13996e+06	0	0	0	0	0	0	121	0	0	0	0	0	0	0	0	0	
1.14071e+06	0	0	0	0	0	0	95	0	0	0	0	0	0	0	0	0	
1.14146e+06	0	0	0	0	0	0	97	0	0	0	0	0	0	0	0	0	
1.14221e+06	0	0	0	0	0	141	0	0	0	0	0	0	0	0	0	0	
1.14296e+06	0	0	0	0	0	105	0	0	0	0	0	0	0	0	0	0	
1.14371e+06	0	0	0	0	0	137	0	0	0	0	0	0	0	0	0	0	
1.14446e+06	0	0	0	0	0	129	0	0	0	0	0	0	0	0	0	0	
1.14521e+06	0	0	0	0	0	125	0	0	0	0	0	0	0	0	0	0	
1.14596e+06	0	0	0	0	0	111	0	0	0	0	0	0	0	0	0	0	
1.14671e+06	0	0	0	0	0	129	0	0	0	0	0	0	0	0	0	0	
1.14746e+06	0	0	0	0	0	149	0	0	0	0	0	0	0	0	0	0	
1.14821e+06	0	0	0	0	0	147	0	0	0	0	0	0	0	0	0	0	
1.14895e+06	0	0	0	0	0	131	0	0	0	0	0	0	0	0	0	0	
1.14971e+06	0	0	0	0	0	123	0	0	0	0	0	0	0	0	0	0	
1.15046e+06	0	0	0	0	0	123	0	0	0	0	0	0	0	0	0	0	
1.15121e+06	0	0	0	0	0	117	0	0	0	0	0	0	0	0	0	0	
1.15196e+06	0	0	0	0	0	137	0	0	0	0	0	0	0	0	0	0	
1.15271e+06	0	0	0	0	0	125	0	0	0	0	0	0	0	0	0	0	
1.15346e+06	0	0	0	0	0	143	0	0	0	0	0	0	0	0	0	0	
1.1542e+06	0	0	0	0	0	125	0	0	0	0	0	0	0	0	0	0	
1.15495e+06	0	0	0	0	0	119	0	0	0	0	0	0	0	0	0	0	
1.1557e+06	0	0	0	0	0	137	0	0	0	0	0	0	0	0	0	0	
1.15645e+06	0	0	0	0	0	153	0	0	0	0	0	0	0	0	0	0	
1.1572e+06	0	0	0	0	0	139	0	0	0	0	0	0	0	0	0	0	
1.15795e+06	0	0	0	0	0	135	0	0	0	0	0	0	0	0	0	0	
1.1587e+06	0	0	0	0	0	125	0	0	0	0	0	0	0	0	0	0	
1.15945e+06	0	0	0	0	0	113	0	0	0	0	0	0	0	0	0	0	
1.1602e+06	0	0	0	0	0	107	0	0	0	0	0	0	0	0	0	0	
1.16095e+06	0	0	0	0	0	135	0	0	0	0	0	0	0	0	0	0	
1.1617e+06	0	0	0	0	0	145	0	0	0	0	0	0	0	0	0	0	
1.16245e+06	0	0	0	0	0	135	0	0	0	0	0	0	0	0	0	0	
1.1632e+06	0	0	0	0	0	133	0	0	0	0	0	0	0	0	0	0	
1.16395e+06	0	0	0	0	0	133	0	0	0	0	0	0	0	0	0	0	
1.1647e+06	0	0	0	0	0	143	0	0	0	0	0	0	0	0	0	0	
1.16545e+06	0	0	0	0	0	129	0	0	0	0	0	0	0	0	0	0	
1.1662e+06	0	0	0	0	0	153	0	0	0	0	0	0	0	0	0	0	
1.16695e+06	0	0	0	0	0	137	0	0	0	0	0	0	0	0	0	0	
1.1677e+06	0	0	0	0	0	135	0	0	0	0	0	0	0	0	0	0	
1.16845e+06	0	0	0	0	0	143	0	0	0	0	0	0	0	0	0	0	
1.1692e+06	0	0	0	0	0	137	0	0	0	0	0	0	0	0	0	0	
1.16995e+06	0	0	0	0	0	135	0	0	0	0	0	0	0	0	0	0	
1.1707e+06	0	0	0	0	0	135	0	0	0	0	0	0	0	0	0	0	
1.17145e+06	0	0	0	0	0	136	15	0	0	0	0	0	0	0	0	0	
1.1722e+06	0	0	0	0	0	133	0	0	0	0	0	0	0	0	0	0	
1.17295e+06	0	0	0	0	0	171	0	0	0	0	0	0	0	0	0	0	
1.1737e+06	0	0	0	0	0	101	0	0	0	0	0	0	0	0	0	0	
1.17445e+06	0	0	0	0	0	121	0	0	0	0	0	0	0	0	0	0	
1.1752e+06	0	0	0	0	0	135	0	0	0	0	0	0	0	0	0	0	
1.17595e+06	0	0	0	0	0	127	0	0	0	0	0	0	0	0	0	0	
1.1767e+06	0	0	0	0	0	137	0	0	0	0	0	0	0	0	0	0	
1.17745e+06	0	0	0	0	0	131	0	0	0	0	0	0	0	0	0	0	
1.1782e+06	0	0	0	0	0	45	50	0	0	0	0	0	0	0	0	0	
1.17895e+06	0	0	0	0	0	0	105	0	0	0	0	0	0	0	0	0	
1.17969e+06	0	0	0	0	0	0	119	0	0	0	0	0	0	0	0	0	
1.18045e+06	0	0	0	0	171	0	0	0	0	0	0	0	0	0	0	0	
1.1812e+06	0	0	0	0	165	0	0	0	0	0	0	0	0	0	0	0	
1.18195e+06	0	0	0	0	137	0	0	0	0	0	0	0	0	0	0	0	
1.18269e+06	0	0	0	0	153	0	0	0	0	0	0	0	0	0	0	0	
1.18345e+06	0	0	0	0	159	0	0	0	0	0	0	0	0	0	0	0	
1.18419e+06	0	0	0	0	163	0	0	0	0	0	0	0	0	0	0	0	
1.18495e+06	0	0	0	0	141	0	0	0	0	0	0	0	0	0	0	0	
1.18569e+06	0	0	0	0	143	0	0	0	0	0	0	0	0	0	0	0	
1.18645e+06	0	0	0	0	157	0	0	0	0	0	0	0	0	0	0	0	
1.1872e+06	0	0	0	0	157	0	0	0	0	0	0	0	0	0	0	0	
1.18795e+06	0	0	0	0	151	0	0	0	0	0	0	0	0	0	0	0	
1.1887e+06	0	0	0	0	167	0	0	0	0	0	0	0	0	0	0	0	
1.18945e+06	0	0	0	0	153	0	0	0	0	0	0	0	0	0	0	0	
1.1902e+06	0	0	0	0	155	0	0	0	0	0	0	0	0	0	0	0	
1.19095e+06	0	0	0	0	161	0	0	0	0	0	0	0	0	0	0	0	
1.1917e+06	0	0	0	0	167	0	0	0	0	0	0	0	0	0	0	0	
1.19245e+06	0	0	0	0	155	0	0	0	0	0	0	0	0	0	0	0	
1.1932e+06	0	0	0	0	133	0	0	0	0	0	0	0	0	0	0	0	
1.19395e+06	0	0	0	0	175	0	0	0	0	0	0	0	0	0	0	0	
1.1947e+06	0	0	0	0	155	0	0	0	0	0	0	0	0	0	0	0	
1.19545e+06	0	0	0	0	0	135	0	0	0	0	0	0	0	0	0	0	
1.1962e+06	0	0	0	0	0	153	0	0	0	0	0	0	0	0	0	0	
1.19695e+06	0	0	0	0	0	111	0	0	0	0	0	0	0	0	0	0	
1.1977e+06	0	0	0	0	0	145	0	0	0	0	0	0	0	0	0	0	
1.19845e+06	0	0	0	0	0	139	0	0	0	0	0	0	0	0	0	0	
1.1992e+06	0	0	0	0	0	157	0	0	0	0	0	0	0	0	0	0	
1.19995e+06	0	0	0	0	0	143	0	0	0	0	0	0	0	0	0	0	
1.2007e+06	0	0	0	0	0	123	0	0	0	0	0	0	0	0	0	0	
1.20145e+06	0	0	0	0	0	135	0	0	0	0	0	0	0	0	0	0	
1.2022e+06	0	0	0	0	0	139	0	0	0	0	0	0	0	0	0	0	
1.20295e+06	0	0	0	0	0	125	0	0	0	0	0	0	0	0	0	0	
1.2037e+06	0	0	0	0	0	139	0	0	0	0	0	0	0	0	0	0	
1.20445e+06	0	0	0	0	0	141	0	0	0	0	0	0	0	0	0	0	
1.2052e+06	0	0	0	0	0	143	0	0	0	0	0	0	0	0	0	0	
1.20595e+06	0	0	0	0	0	0	101	0	0	0	0	0	0	0	0	0	
1.2067e+06	0	0	0	0	0	0	129	0	0	0	0	0	0	0	0	0	
1.20745e+06	0	0	0	0	0	0	99	0	0	0	0	0	0	0	0	0	
1.2082e+06	0	0	0	0	0	0	113	0	0	0	0	0	0	0	0	0	
1.20895e+06	0	0	0	0	0	0	105	0	0	0	0	0	0	0	0	0	
1.2097e+06	0	0	0	0	0	0	117	0	0	0	0	0	0	0	0	0	
1.21044e+06	0	0	0	0	0	0	125	0	0	0	0	0	0	0	0	0	
1.21119e+06	0	0	0	0	0	0	113	0	0	0	0	0	0	0	0	0	
1.21194e+06	0	0	0	0	0	0	115	0	0	0	0	0	0	0	0	0	
1.21269e+06	0	0	0	0	0	0	121	0	0	0	0	0	0	0	0	0	
1.21344e+06	0	0	0	0	0	0	117	0	0	0	0	0	0	0	0	0	
1.21419e+06	0	0	0	0	0	0	121	0	0	0	0	0	0	0	0	0	
1.21494e+06	0	0	0	0	0	0	105	0	0	0	0	0	0	0	0	0	
1.21569e+06	0	0	0	0	0	0	115	0	0	0	0	0	0	0	0	0	
1.21644e+06	0	0	0	0	0	0	109	0	0	0	0	0	0	0	0	0	
1.21719e+06	0	0	0	0	0	0	105	0	0	0	0	0	0	0	0	0	
1.21794e+06	0	0	0	0	0	0	119	0	0	0	0	0	0	0	0	0	
1.21869e+06	0	0	0	0	0	0	101	0	0	0	0	0	0	0	0	0	
1.21944e+06	0	0	0	0	0	0	95	0	0	0	0	0	0	0	0	0	
1.22019e+06	0	0	0	0	0	0	135	0	0	0	0	0	0	0	0	0	
1.22094e+06	0	0	0	0	0	0	115	0	0	0	0	0	0	0	0	0	
1.22169e+06	0	0	0	0	0	0	99	0	0	0	0	0	0	0	0	0	
1.22245e+06	0	0	0	0	0	0	113	0	0	0	0	0	0	0	0	0	
1.2232e+06	0	0	0	0	0	0	119	0	0	0	0	0	0	0	0	0	
1.22395e+06	0	0	0	0	0	0	93	0	0	0	0	0	0	0	0	0	
1.2247e+06	0	0	0	0	0	0	103	0	0	0	0	0	0	0	0	0	
1.22545e+06	0	0	0	0	0	0	103	0	0	0	0	0	0	0	0	0	
1.2262e+06	0	0	0	0	0	0	101	0	0	0	0	0	0	0	0	0	
1.22695e+06	0	0	0	0	0	0	113	0	0	0	0	0	0	0	0	0	
1.2277e+06	0	0	0	0	0	29	86	0	0	0	0	0	0	0	0	0	
1.22845e+06	0	0	0	0	0	0	111	0	0	0	0	0	0	0	0	0	
1.2292e+06	0	0	0	0	0	0	121	0	0	0	0	0	0	0	0	0	
1.22995e+06	0	0	0	0	0	0	117	0	0	0	0	0	0	0	0	0	
1.2307e+06	0	0	0	0	0	0	131	0	0	0	0	0	0	0	0	0	
1.23145e+06	0	0	0	0	0	0	0	123	0	0	0	0	0	0	0	0	
1.2322e+06	0	0	0	0	0	0	0	91	0	0	0	0	0	0	0	0	
1.23295e+06	0	0	0	0	0	0	0	93	0	0	0	0	0	0	0	0	
1.2337e+06	0	0	0	0	0	0	0	79	0	0	0	0	0	0	0	0	
1.23445e+06	0	0	0	0	0	0	0	119	0	0	0	0	0	0	0	0	
1.2352e+06	0	0	0	0	0	0	0	85	0	0	0	0	0	0	0	0	
1.23595e+06	0	0	0	0	0	0	0	95	0	0	0	0	0	0	0	0	
1.2367e+06	0	0	0	0	0	0	0	83	0	0	0	0	0	0	0	0	
1.23745e+06	0	0	0	0	0	0	0	79	0	0	0	0	0	0	0	0	
1.2382e+06	0	0	0	0	0	0	0	99	0	0	0	0	0	0	0	0	
1.23895e+06	0	0	0	0	0	0	0	91	0	0	0	0	0	0	0	0	
1.2397e+06	0	0	0	0	0	0	0	115	0	0	0	0	0	0	0	0	
1.24045e+06	0	0	0	0	0	0	0	95	0	0	0	0	0	0	0	0	
1.2412e+06	0	0	0	0	0	0	0	115	0	0	0	0	0	0	0	0	
1.24195e+06	0	0	0	0	0	0	0	89	0	0	0	0	0	0	0	0	
1.2427e+06	0	0	0	0	0	0	0	85	0	0	0	0	0	0	0	0	
1.24346e+06	0	0	0	0	0	0	0	103	0	0	0	0	0	0	0	0	
1.24421e+06	0	0	0	0	0	0	0	77	0	0	0	0	0	0	0	0	
1.24496e+06	0	0	0	0	0	0	123	0	0	0	0	0	0	0	0	0	
1.24571e+06	0	0	0	0	0	0	107	0	0	0	0	0	0	0	0	0	
1.24646e+06	0	0	0	0	0	0	105	0	0	0	0	0	0	0	0	0	
1.2472e+06	0	0	0	0	0	0	107	0	0	0	0	0	0	0	0	0	
1.24795e+06	0	0	0	0	0	0	113	0	0	0	0	0	0	0	0	0	
1.24871e+06	0	0	0	0	0	0	103	0	0	0	0	0	0	0	0	0	
1.24945e+06	0	0	0	0	0	0	113	0	0	0	0	0	0	0	0	0	
1.2502e+06	0	0	0	0	0	0	111	0	0	0	0	0	0	0	0	0	
1.25095e+06	0	0	0	0	0	0	97	0	0	0	0	0	0	0	0	0	
1.2517e+06	0	0	0	0	0	0	115	0	0	0	0	0	0	0	0	0	
1.25245e+06	0	0	0	0	0	0	123	0	0	0	0	0	0	0	0	0	
1.2532e+06	0	0	0	0	0	0	117	0	0	0	0	0	0	0	0	0	
1.25395e+06	0	0	0	0	0	0	111	0	0	0	0	0	0	0	0	0	
1.2547e+06	0	0	0	0	0	0	121	0	0	0	0	0	0	0	0	0	
1.25545e+06	0	0	0	0	0	0	111	0	0	0	0	0	0	0	0	0	
1.2562e+06	0	0	0	0	0	0	113	0	0	0	0	0	0	0	0	0	
1.25695e+06	0	0	0	0	0	0	113	0	0	0	0	0	0	0	0	0	
1.2577e+06	0	0	0	0	0	0	103	0	0	0	0	0	0	0	0	0	
1.25845e+06	0	0	0	0	0	0	109	0	0	0	0	0	0	0	0	0	
1.2592e+06	0	0	0	0	0	0	103	0	0	0	0	0	0	0	0	0	
1.25995e+06	0	0	0	0	0	0	107	0	0	0	0	0	0	0	0	0	
1.2607e+06	0	0	0	0	0	0	125	0	0	0	0	0	0	0	0	0	
1.26145e+06	0	0	0	0	0	0	105	0	0	0	0	0	0	0	0	0	
1.2622e+06	0	0	0	0	0	0	121	0	0	0	0	0	0	0	0	0	
1.26295e+06	0	0	0	0	0	0	101	0	0	0	0	0	0	0	0	0	
1.2637e+06	0	0	0	0	0	0	113	0	0	0	0	0	0	0	0	0	
1.26445e+06	0	0	0	0	0	0	103	0	0	0	0	0	0	0	0	0	
1.2652e+06	0	0	0	0	0	0	117	0	0	0	0	0	0	0	0	0	
1.26595e+06	0	0	0	0	0	0	123	0	0	0	0	0	0	0	0	0	
1.2667e+06	0	0	0	0	0	0	115	0	0	0	0	0	0	0	0	0	
1.26745e+06	0	0	0	0	0	0	113	0	0	0	0	0	0	0	0	0	
1.2682e+06	0	0	0	0	0	0	101	0	0	0	0	0	0	0	0	0	
1.26895e+06	0	0	0	0	0	0	119	0	0	0	0	0	0	0	0	0	
1.2697e+06	0	0	0	0	0	0	111	0	0	0	0	0	0	0	0	0	
1.27045e+06	0	0	0	0	0	0	107	0	0	0	0	0	0	0	0	0	
1.2712e+06	0	0	0	0	0	0	123	0	0	0	0	0	0	0	0	0	
1.27195e+06	0	0	0	0	0	0	95	0	0	0	0	0	0	0	0	0	
1.2727e+06	0	0	0	0	0	0	111	0	0	0	0	0	0	0	0	0	
1.27345e+06	0	0	0	0	0	0	113	0	0	0	0	0	0	0	0	0	
1.2742e+06	0	0	0	0	0	0	123	0	0	0	0	0	0	0	0	0	
1.27495e+06	0	0	0	0	0	0	115	0	0	0	0	0	0	0	0	0	
1.2757e+06	0	0	0	0	0	0	125	0	0	0	0	0	0	0	0	0	
1.27645e+06	0	0	0	0	0	0	103	0	0	0	0	0	0	0	0	0	
1.2772e+06	0	0	0	0	0	0	127	0	0	0	0	0	0	0	0	0	
1.27795e+06	0	0	0	0	0	0	111	0	0	0	0	0	0	0	0	0	
1.2787e+06	0	0	0	0	0	0	123	0	0	0	0	0	0	0	0	0	
1.27945e+06	0	0	0	0	0	0	113	0	0	0	0	0	0	0	0	0	
1.2802e+06	0	0	0	0	0	0	103	0	0	0	0	0	0	0	0	0	
1.28095e+06	0	0	0	0	0	0	105	0	0	0	0	0	0	0	0	0	
1.2817e+06	0	0	0	0	0	0	121	0	0	0	0	0	0	0	0	0	
1.28245e+06	0	0	0	0	0	0	111	0	0	0	0	0	0	0	0	0	
1.28319e+06	0	0	0	0	0	0	129	0	0	0	0	0	0	0	0	0	
1.28395e+06	0	0	0	0	0	0	139	0	0	0	0	0	0	0	0	0	
1.2847e+06	0	0	0	0	0	0	119	0	0	0	0	0	0	0	0	0	
1.28545e+06	0	0	0	0	0	0	125	0	0	0	0	0	0	0	0	0	
1.2862e+06	0	0	0	0	0	0	131	0	0	0	0	0	0	0	0	0	
1.28695e+06	0	0	0	0	0	0	101	0	0	0	0	0	0	0	0	0	
1.2877e+06	0	0	0	0	0	0	119	0	0	0	0	0	0	0	0	0	
1.28844e+06	0	0	0	0	0	0	97	0	0	0	0	0	0	0	0	0	
1.28919e+06	0	0	0	0	0	0	115	0	0	0	0	0	0	0	0	0	
1.28994e+06	0	0	0	0	0	0	121	0	0	0	0	0	0	0	0	0	
1.29069e+06	0	0	0	0	0	0	115	0	0	0	0	0	0	0	0	0	
1.29144e+06	0	0	0	0	0	0	117	0	0	0	0	0	0	0	0	0	
1.29219e+06	0	0	0	0	0	0	127	0	0	0	0	0	0	0	0	0	
1.29294e+06	0	0	0	0	0	0	101	0	0	0	0	0	0	0	0	0	
1.29369e+06	0	0	0	0	0	0	117	0	0	0	0	0	0	0	0	0	
1.29444e+06	0	0	0	0	0	0	103	0	0	0	0	0	0	0	0	0	
1.29519e+06	0	0	0	0	0	0	123	0	0	0	0	0	0	0	0	0	
1.29594e+06	0	0	0	0	0	0	103	0	0	0	0	0	0	0	0	0	
1.29669e+06	0	0	0	0	0	0	117	0	0	0	0	0	0	0	0	0	
1.29744e+06	0	0	0	0	0	0	123	0	0	0	0	0	0	0	0	0	
1.29819e+06	0	0	0	0	0	0	0	101	0	0	0	0	0	0	0	0	
1.29893e+06	0	0	0	0	0	0	0	95	0	0	0	0	0	0	0	0	
1.29968e+06	0	0	0	0	0	0	0	111	0	0	0	0	0	0	0	0	
1.30043e+06	0	0	0	0	0	0	0	109	0	0	0	0	0	0	0	0	
1.30118e+06	0	0	0	0	0	0	0	107	0	0	0	0	0	0	0	0	
1.30193e+06	0	0	0	0	0	0	0	105	0	0	0	0	0	0	0	0	
1.30268e+06	0	0	0	0	0	0	0	99	0	0	0	0	0	0	0	0	
1.30343e+06	0	0	0	0	0	0	0	103	0	0	0	0	0	0	0	0	
1.30418e+06	0	0	0	0	0	0	0	89	0	0	0	0	0	0	0	0	
1.30493e+06	0	0	0	0	0	0	0	105	0	0	0	0	0	0	0	0	
1.30568e+06	0	0	0	0	0	0	0	87	0	0	0	0	0	0	0	0	
1.30643e+06	0	0	0	0	0	0	0	105	0	0	0	0	0	0	0	0	
1.30718e+06	0	0	0	0	0	0	0	109	0	0	0	0	0	0	0	0	
1.30793e+06	0	0	0	0	0	0	0	81	0	0	0	0	0	0	0	0	
1.30868e+06	0	0	0	0	0	0	0	85	0	0	0	0	0	0	0	0	
1.30943e+06	0	0	0	0	0	0	0	107	0	0	0	0	0	0	0	0	
1.31018e+06	0	0	0	0	0	0	0	95	0	0	0	0	0	0	0	0	
1.31093e+06	0	0	0	0	0	0	0	103	0	0	0	0	0	0	0	0	
1.31169e+06	0	0	0	0	0	0	0	77	0	0	0	0	0	0	0	0	
1.31244e+06	0	0	0	0	0	0	0	95	0	0	0	0	0	0	0	0	
1.31319e+06	0	0	0	0	0	0	0	89	0	0	0	0	0	0	0	0	
1.31394e+06	0	0	0	0	0	0	0	97	0	0	0	0	0	0	0	0	
1.31469e+06	0	0	0	0	0	0	0	105	0	0	0	0	0	0	0	0	
1.31544e+06	0	0	0	0	0	0	0	107	0	0	0	0	0	0	0	0	
1.31619e+06	0	0	0	0	0	0	123	0	0	0	0	0	0	0	0	0	
1.31694e+06	0	0	0	0	0	0	103	0	0	0	0	0	0	0	0	0	
1.3177e+06	0	0	0	0	0	0	97	0	0	0	0	0	0	0	0	0	
1.31845e+06	0	0	0	0	0	0	113	0	0	0	0	0	0	0	0	0	
1.3192e+06	0	0	0	0	0	0	121	0	0	0	0	0	0	0	0	0	
1.31995e+06	0	0	0	0	0	0	121	0	0	0	0	0	0	0	0	0	
1.3207e+06	0	0	0	0	0	0	115	0	0	0	0	0	0	0	0	0	
1.32145e+06	0	0	0	0	0	0	111	0	0	0	0	0	0	0	0	0	
1.3222e+06	0	0	0	0	0	0	133	0	0	0	0	0	0	0	0	0	
1.32295e+06	0	0	0	0	0	0	113	0	0	0	0	0	0	0	0	0	
1.3237e+06	0	0	0	0	0	0	105	0	0	0	0	0	0	0	0	0	
1.32445e+06	0	0	0	0	0	0	125	0	0	0	0	0	0	0	0	0	
1.32519e+06	0	0	0	0	0	3	98	0	0	0	0	0	0	0	0	0	
1.32594e+06	0	0	0	0	0	0	121	0	0	0	0	0	0	0	0	0	
1.32669e+06	0	0	0	0	0	0	117	0	0	0	0	0	0	0	0	0	
1.32744e+06	0	0	0	0	0	0	127	0	0	0	0	0	0	0	0	0	
1.32819e+06	0	0	0	0	0	0	103	0	0	0	0	0	0	0	0	0	
1.32894e+06	0	0	0	0	0	0	119	0	0	0	0	0	0	0	0	0	
1.32969e+06	0	0	0	0	0	0	97	0	0	0	0	0	0	0	0	0	
1.33044e+06	0	0	0	0	0	0	115	0	0	0	0	0	0	0	0	0	
1.33119e+06	0	0	0	0	0	0	125	0	0	0	0	0	0	0	0	0	
1.33194e+06	0	0	0	0	0	0	129	0	0	0	0	0	0	0	0	0	
1.33268e+06	0	0	0	0	0	0	97	0	0	0	0	0	0	0	0	0	
1.33344e+06	0	0	0	0	0	0	121	0	0	0	0	0	0	0	0	0	
1.33418e+06	0	0	0	0	0	0	111	0	0	0	0	0	0	0	0	0	
1.33493e+06	0	0	0	0	0	0	117	0	0	0	0	0	0	0	0	0	
1.33569e+06	0	0	0	0	0	0	111	0	0	0	0	0	0	0	0	0	
1.33644e+06	0	0	0	0	0	0	121	0	0	0	0	0	0	0	0	0	
1.33718e+06	0	0	0	0	0	0	0	85	0	0	0	0	0	0	0	0	
1.33793e+06	0	0	0	0	0	0	0	95	0	0	0	0	0	0	0	0	
1.33869e+06	0	0	0	0	0	0	0	99	0	0	0	0	0	0	0	0	
1.33944e+06	0	0	0	0	0	0	0	71	0	0	0	0	0	0	0	0	
1.34019e+06	0	0	0	0	0	0	0	105	0	0	0	0	0	0	0	0	
1.34094e+06	0	0	0	0	0	0	0	97	0	0	0	0	0	0	0	0	
1.34169e+06	0	0	0	0	0	0	0	73	0	0	0	0	0	0	0	0	
1.34244e+06	0	0	0	0	0	0	0	107	0	0	0	0	0	0	0	0	
1.34319e+06	0	0	0	0	0	0	0	91	0	0	0	0	0	0	0	0	
1.34394e+06	0	0	0	0	0	0	0	91	0	0	0	0	0	0	0	0	
1.34469e+06	0	0	0	0	0	0	0	85	0	0	0	0	0	0	0	0	
1.34544e+06	0	0	0	0	0	0	0	125	0	0	0	0	0	0	0	0	
1.34619e+06	0	0	0	0	0	0	0	95	0	0	0	0	0	0	0	0	
1.34694e+06	0	0	0	0	0	0	0	89	0	0	0	0	0	0	0	0	
1.34769e+06	0	0	0	0	0	0	0	109	0	0	0	0	0	0	0	0	
1.34844e+06	0	0	0	0	0	0	0	105	0	0	0	0	0	0	0	0	
1.34919e+06	0	0	0	0	0	0	0	103	0	0	0	0	0	0	0	0	
1.34994e+06	0	0	0	0	0	0	0	95	0	0	0	0	0	0	0	0	
1.35069e+06	0	0	0	0	0	0	0	105	0	0	0	0	0	0	0	0	
1.35144e+06	0	0	0	0	0	0	0	97	0	0	0	0	0	0	0	0	
1.3522e+06	0	0	0	0	0	0	0	97	0	0	0	0	0	0	0	0	
1.35295e+06	0	0	0	0	0	0	0	103	0	0	0	0	0	0	0	0	
1.3537e+06	0	0	0	0	0	0	0	93	0	0	0	0	0	0	0	0	
1.35444e+06	0	0	0	0	0	0	0	115	0	0	0	0	0	0	0	0	
1.3552e+06	0	0	0	0	0	0	0	87	0	0	0	0	0	0	0	0	
1.35595e+06	0	0	0	0	0	0	0	91	0	0	0	0	0	0	0	0	
1.3567e+06	0	0	0	0	0	0	0	77	0	0	0	0	0	0	0	0	
1.35745e+06	0	0	0	0	0	0	0	119	0	0	0	0	0	0	0	0	
1.3582e+06	0	0	0	0	0	0	0	101	0	0	0	0	0	0	0	0	
1.35894e+06	0	0	0	0	0	0	0	105	0	0	0	0	0	0	0	0	
1.35969e+06	0	0	0	0	0	0	0	91	0	0	0	0	0	0	0	0	
1.36044e+06	0	0	0	0	0	0	0	115	0	0	0	0	0	0	0	0	
1.3612e+06	0	0	0	0	0	0	0	103	0	0	0	0	0	0	0	0	
1.36195e+06	0	0	0	0	0	0	0	107	0	0	0	0	0	0	0	0	
1.3627e+06	0	0	0	0	0	0	0	105	0	0	0	0	0	0	0	0	
1.36345e+06	0	0	0	0	0	0	0	95	0	0	0	0	0	0	0	0	
1.3642e+06	0	0	0	0	0	0	0	101	0	0	0	0	0	0	0	0	
1.36495e+06	0	0	0	0	0	0	0	103	0	0	0	0	0	0	0	0	
1.3657e+06	0	0	0	0	0	0	0	95	0	0	0	0	0	0	0	0	
1.36645e+06	0	0	0	0	0	0	0	89	0	0	0	0	0	0	0	0	
1.3672e+06	0	0	0	0	0	0	0	109	0	0	0	0	0	0	0	0	
1.36795e+06	0	0	0	0	0	0	0	109	0	0	0	0	0	0	0	0	
1.3687e+06	0	0	0	0	0	0	0	0	79	0	0	0	0	0	0	0	
1.36945e+06	0	0	0	0	0	0	0	0	87	0	0	0	0	0	0	0	
1.3702e+06	0	0	0	0	0	0	0	0	85	0	0	0	0	0	0	0	
1.37095e+06	0	0	0	0	0	0	0	0	0	67	0	0	0	0	0	0	
1.3717e+06	0	0	0	0	0	0	0	0	0	83	0	0	0	0	0	0	
1.37245e+06	0	0	0	0	0	0	0	0	0	79	0	0	0	0	0	0	
1.3732e+06	0	0	0	0	0	0	0	0	0	81	0	0	0	0	0	0	
1.37395e+06	0	0	0	0	0	0	0	0	0	79	0	0	0	0	0	0	
1.3747e+06	0	0	0	0	0	0	0	0	0	91	0	0	0	0	0	0	
1.37545e+06	0	0	0	0	0	0	0	0	0	69	0	0	0	0	0	0	
1.37619e+06	0	0	0	0	0	0	0	0	0	73	0	0	0	0	0	0	
1.37694e+06	0	0	0	0	0	0	0	0	0	77	0	0	0	0	0	0	
1.37769e+06	0	0	0	0	0	0	0	0	0	87	0	0	0	0	0	0	
1.37844e+06	0	0	0	0	0	0	0	0	0	73	0	0	0	0	0	0	
1.37919e+06	0	0	0	0	0	0	0	0	0	83	0	0	0	0	0	0	
1.37994e+06	0	0	0	0	0	0	0	0	0	69	0	0	0	0	0	0	
1.38069e+06	0	0	0	0	0	0	0	0	0	75	0	0	0	0	0	0	
1.38143e+06	0	0	0	0	0	0	0	0	0	73	0	0	0	0	0	0	
1.38218e+06	0	0	0	0	0	0	0	0	0	81	0	0	0	0	0	0	
1.38294e+06	0	0	0	0	0	0	0	0	0	85	0	0	0	0	0	0	
1.38369e+06	0	0	0	0	0	0	0	0	0	69	0	0	0	0	0	0	
1.38443e+06	0	0	0	0	0	0	0	0	0	81	0	0	0	0	0	0	
1.38519e+06	0	0	0	0	0	0	0	0	0	77	0	0	0	0	0	0	
1.38594e+06	0	0	0	0	0	0	0	0	0	81	0	0	0	0	0	0	
1.38669e+06	0	0	0	0	0	0	0	0	0	75	0	0	0	0	0	0	
1.38744e+06	0	0	0	0	0	0	0	0	0	89	0	0	0	0	0	0	
1.38819e+06	0	0	0	0	0	0	0	0	0	79	0	0	0	0	0	0	
1.38894e+06	0	0	0	0	0	0	0	0	0	81	0	0	0	0	0	0	
1.38969e+06	0	0	0	0	0	0	0	0	0	71	0	0	0	0	0	0	
1.39044e+06	0	0	0	0	0	0	0	0	0	79	0	0	0	0	0	0	
1.39119e+06	0	0	0	0	0	0	0	0	0	73	0	0	0	0	0	0	
1.39194e+06	0	0	0	0	0	0	0	0	0	75	0	0	0	0	0	0	
1.39269e+06	0	0	0	0	0	0	0	0	0	87	0	0	0	0	0	0	
1.39344e+06	0	0	0	0	0	0	0	0	0	81	0	0	0	0	0	0	
1.39419e+06	0	0	0	0	0	0	0	0	27	44	0	0	0	0	0	0	
1.39494e+06	0	0	0	0	0	0	0	0	0	87	0	0	0	0	0	0	
1.39569e+06	0	0	0	0	0	0	0	0	0	89	0	0	0	0	0	0	
1.39644e+06	0	0	0	0	0	0	0	0	0	81	0	0	0	0	0	0	
1.39719e+06	0	0	0	0	0	0	0	0	0	75	0	0	0	0	0	0	
1.39794e+06	0	0	0	0	0	0	0	0	0	75	0	0	0	0	0	0	
1.39868e+06	0	0	0	0	0	0	0	0	0	67	0	0	0	0	0	0	
1.39943e+06	0	0	0	0	0	0	0	0	0	89	0	0	0	0	0	0	
1.40018e+06	0	0	0	0	0	0	0	0	0	77	0	0	0	0	0	0	
1.40093e+06	0	0	0	0	0	0	0	0	0	89	0	0	0	0	0	0	
1.40168e+06	0	0	0	0	0	0	0	0	0	79	0	0	0	0	0	0	
1.40243e+06	0	0	0	0	0	0	0	0	0	0	65	0	0	0	0	0	
1.40318e+06	0	0	0	0	0	0	0	0	0	0	69	0	0	0	0	0	
1.40393e+06	0	0	0	0	0	0	0	0	0	0	59	0	0	0	0	0	
1.40468e+06	0	0	0	0	0	0	0	0	0	0	65	0	0	0	0	0	
1.40543e+06	0	0	0	0	0	0	0	0	0	0	77	0	0	0	0	0	
1.40618e+06	0	0	0	0	0	0	0	0	0	0	61	0	0	0	0	0	
1.40693e+06	0	0	0	0	0	0	0	0	0	0	71	0	0	0	0	0	
1.40768e+06	0	0	0	0	0	0	0	0	0	0	69	0	0	0	0	0	
1.40843e+06	0	0	0	0	0	0	0	0	0	0	81	0	0	0	0	0	
1.40918e+06	0	0	0	0	0	0	0	0	0	0	71	0	0	0	0	0	
1.40993e+06	0	0	0	0	0	0	0	0	0	0	75	0	0	0	0	0	
1.41068e+06	0	0	0	0	0	0	0	0	0	0	81	0	0	0	0	0	
1.41143e+06	0	0	0	0	0	0	0	0	0	0	95	0	0	0	0	0	
1.41218e+06	0	0	0	0	0	0	0	0	0	0	73	0	0	0	0	0	
1.41293e+06	0	0	0	0	0	0	0	0	0	0	83	0	0	0	0	0	
1.41368e+06	0	0	0	0	0	0	0	0	0	0	69	0	0	0	0	0	
1.41443e+06	0	0	0	0	0	0	0	0	0	0	0	73	0	0	0	0	
1.41519e+06	0	0	0	0	0	0	0	0	0	0	0	69	0	0	0	0	
1.41594e+06	0	0	0	0	0	0	0	0	0	0	0	69	0	0	0	0	
1.41669e+06	0	0	0	0	0	0	0	0	0	0	0	81	0	0	0	0	
1.41744e+06	0	0	0	0	0	0	0	0	0	0	0	63	0	0	0	0	
1.41819e+06	0	0	0	0	0	0	0	0	0	0	9	54	0	0	0	0	
1.41894e+06	0	0	0	0	0	0	0	0	0	0	73	0	0	0	0	0	
1.41969e+06	0	0	0	0	0	0	0	0	0	0	91	0	0	0	0	0	
1.42044e+06	0	0	0	0	0	0	0	0	0	0	65	0	0	0	0	0	
1.42119e+06	0	0	0	0	0	0	0	0	0	0	73	0	0	0	0	0	
1.42194e+06	0	0	0	0	0	0	0	0	0	0	69	0	0	0	0	0	
1.42269e+06	0	0	0	0	0	0	0	0	0	0	79	0	0	0	0	0	
1.42344e+06	0	0	0	0	0	0	0	0	0	0	63	0	0	0	0	0	
1.42419e+06	0	0	0	0	0	0	0	0	0	0	59	0	0	0	0	0	
1.42494e+06	0	0	0	0	0	0	0	0	0	0	61	0	0	0	0	0	
1.42569e+06	0	0	0	0	0	0	0	0	0	0	77	0	0	0	0	0	
1.42644e+06	0	0	0	0	0	0	0	0	0	0	85	0	0	0	0	0	
1.42719e+06	0	0	0	0	0	0	0	0	0	0	0	87	0	0	0	0	
1.42794e+06	0	0	0	0	0	0	0	0	0	0	0	57	0	0	0	0	
1.42869e+06	0	0	0	0	0	0	0	0	0	0	0	61	0	0	0	0	
1.42944e+06	0	0	0	0	0	0	0	0	0	0	0	69	0	0	0	0	
1.43019e+06	0	0	0	0	0	0	0	0	0	0	0	79	0	0	0	0	
1.43094e+06	0	0	0	0	0	0	0	0	0	0	0	71	0	0	0	0	
1.43169e+06	0	0	0	0	0	0	0	0	0	0	0	0	65	0	0	0	
1.43244e+06	0	0	0	0	0	0	0	0	0	0	0	0	65	0	0	0	
1.43319e+06	0	0	0	0	0	0	0	0	0	0	0	0	73	0	0	0	
1.43394e+06	0	0	0	0	0	0	0	0	0	0	0	0	49	0	0	0	
1.43469e+06	0	0	0	0	0	0	0	0	0	0	0	0	75	0	0	0	
1.43545e+06	0	0	0	0	0	0	0	0	0	0	0	0	63	0	0	0	
1.43619e+06	0	0	0	0	0	0	0	0	0	0	0	0	63	0	0	0	
1.43695e+06	0	0	0	0	0	0	0	0	0	0	0	0	45	0	0	0	
1.4377e+06	0	0	0	0	0	0	0	0	0	0	0	0	65	0	0	0	
1.43845e+06	0	0	0	0	0	0	0	0	0	0	0	1	56	0	0	0	
1.4392e+06	0	0	0	0	0	0	0	0	0	0	0	0	53	0	0	0	
1.43995e+06	0	0	0	0	0	0	0	0	0	0	0	19	40	0	0	0	
1.4407e+06	0	0	0	0	0	0	0	0	0	0	0	63	0	0	0	0	
1.44145e+06	0	0	0	0	0	0	0	0	0	0	0	69	0	0	0	0	
1.4422e+06	0	0	0	0	0	0	0	0	0	0	0	61	0	0	0	0	
1.44295e+06	0	0	0	0	0	0	0	0	0	0	0	71	0	0	0	0	
1.44369e+06	0	0	0	0	0	0	0	0	0	0	69	0	0	0	0	0	
1.44445e+06	0	0	0	0	0	0	0	0	0	0	83	0	0	0	0	0	
1.4452e+06	0	0	0	0	0	0	0	0	0	0	87	0	0	0	0	0	
1.44595e+06	0	0	0	0	0	0	0	0	0	0	0	57	0	0	0	0	
1.4467e+06	0	0	0	0	0	0	0	0	0	0	0	69	0	0	0	0	
1.44745e+06	0	0	0	0	0	0	0	0	0	0	0	57	0	0	0	0	
1.4482e+06	0	0	0	0	0	0	0	0	0	0	0	59	0	0	0	0	
1.44895e+06	0	0	0	0	0	0	0	0	0	0	71	0	0	0	0	0	
1.4497e+06	0	0	0	0	0	0	0	0	0	0	81	0	0	0	0	0	
1.45045e+06	0	0	0	0	0	0	0	0	0	0	73	0	0	0	0	0	
1.4512e+06	0	0	0	0	0	0	0	0	0	0	75	0	0	0	0	0	
1.45195e+06	0	0	0	0	0	0	0	0	0	0	77	0	0	0	0	0	
1.4527e+06	0	0	0	0	0	0	0	0	0	0	59	0	0	0	0	0	
1.45345e+06	0	0	0	0	0	0	0	0	0	0	63	0	0	0	0	0	
1.4542e+06	0	0	0	0	0	0	0	0	0	0	81	0	0	0	0	0	
1.45495e+06	0	0	0	0	0	0	0	0	0	0	97	0	0	0	0	0	
1.4557e+06	0	0	0	0	0	0	0	0	0	0	69	0	0	0	0	0	
1.45645e+06	0	0	0	0	0	0	0	0	0	0	79	0	0	0	0	0	
1.4572e+06	0	0	0	0	0	0	0	0	0	0	65	0	0	0	0	0	
1.45795e+06	0	0	0	0	0	0	0	0	0	0	65	0	0	0	0	0	
1.4587e+06	0	0	0	0	0	0	0	0	0	0	71	2	0	0	0	0	
1.45944e+06	0	0	0	0	0	0	0	0	0	0	73	0	0	0	0	0	
1.46019e+06	0	0	0	0	0	0	0	0	0	0	63	0	0	0	0	0	
1.46094e+06	0	0	0	0	0	0	0	0	0	0	79	0	0	0	0	0	
1.46169e+06	0	0	0	0	0	0	0	0	0	0	87	0	0	0	0	0	
1.46245e+06	0	0	0	0	0	0	0	0	0	0	65	0	0	0	0	0	
1.46319e+06	0	0	0	0	0	0	0	0	0	0	67	0	0	0	0	0	
1.46394e+06	0	0	0	0	0	0	0	0	0	0	89	0	0	0	0	0	
1.46469e+06	0	0	0	0	0	0	0	0	0	0	79	0	0	0	0	0	
1.46544e+06	0	0	0	0	0	0	0	0	0	0	73	0	0	0	0	0	
1.46619e+06	0	0	0	0	0	0	0	0	0	0	69	0	0	0	0	0	
1.46695e+06	0	0	0	0	0	0	0	0	0	0	79	0	0	0	0	0	
1.4677e+06	0	0	0	0	0	0	0	0	0	0	69	0	0	0	0	0	
1.46845e+06	0	0	0	0	0	0	0	0	0	0	57	0	0	0	0	0	
1.4692e+06	0	0	0	0	0	0	0	0	0	0	69	0	0	0	0	0	
1.46995e+06	0	0	0	0	0	0	0	0	0	0	83	0	0	0	0	0	
1.47069e+06	0	0	0	0	0	0	0	0	0	0	68	17	0	0	0	0	
1.47144e+06	0	0	0	0	0	0	0	0	0	77	0	0	0	0	0	0	
1.4722e+06	0	0	0	0	0	0	0	0	0	107	0	0	0	0	0	0	
1.47295e+06	0	0	0	0	0	0	0	0	0	0	73	0	0	0	0	0	
1.4737e+06	0	0	0	0	0	0	0	0	0	0	57	0	0	0	0	0	
1.47445e+06	0	0	0	0	0	0	0	0	0	0	77	0	0	0	0	0	
1.4752e+06	0	0	0	0	0	0	0	0	0	0	77	0	0	0	0	0	
1.47595e+06	0	0	0	0	0	0	0	0	0	0	67	0	0	0	0	0	
1.4767e+06	0	0	0	0	0	0	0	0	0	0	71	0	0	0	0	0	
1.47745e+06	0	0	0	0	0	0	0	0	0	0	89	0	0	0	0	0	
1.4782e+06	0	0	0	0	0	0	0	0	0	0	91	0	0	0	0	0	
1.47895e+06	0	0	0	0	0	0	0	0	0	0	0	69	0	0	0	0	
1.4797e+06	0	0	0	0	0	0	0	0	0	0	0	0	65	0	0	0	
1.48045e+06	0	0	0	0	0	0	0	0	0	0	0	0	57	0	0	0	
1.4812e+06	0	0	0	0	0	0	0	0	0	0	0	0	57	0	0	0	
1.48195e+06	0	0	0	0	0	0	0	0	0	0	0	0	73	0	0	0	
1.4827e+06	0	0	0	0	0	0	0	0	0	0	0	71	0	0	0	0	
1.48346e+06	0	0	0	0	0	0	0	0	0	0	0	71	0	0	0	0	
1.48421e+06	0	0	0	0	0	0	0	0	0	0	0	63	0	0	0	0	
1.48496e+06	0	0	0	0	0	0	0	0	0	0	0	57	0	0	0	0	
1.48571e+06	0	0	0	0	0	0	0	0	0	0	0	73	0	0	0	0	
1.48645e+06	0	0	0	0	0	0	0	0	0	0	0	77	0	0	0	0	
1.4872e+06	0	0	0	0	0	0	0	0	0	0	0	49	0	0	0	0	
1.48795e+06	0	0	0	0	0	0	0	0	0	0	0	65	0	0	0	0	
1.4887e+06	0	0	0	0	0	0	0	0	0	0	0	73	0	0	0	0	
1.48945e+06	0	0	0	0	0	0	0	0	0	0	0	55	0	0	0	0	
1.4902e+06	0	0	0	0	0	0	0	0	0	0	0	71	0	0	0	0	
1.49095e+06	0	0	0	0	0	0	0	0	0	0	0	67	0	0	0	0	
1.49171e+06	0	0	0	0	0	0	0	0	0	0	57	0	0	0	0	0	
1.49245e+06	0	0	0	0	0	0	0	0	0	0	75	0	0	0	0	0	
1.49321e+06	0	0	0	0	0	0	0	0	0	0	67	0	0	0	0	0	
1.49396e+06	0	0	0	0	0	0	0	0	0	0	73	0	0	0	0	0	
1.4947e+06	0	0	0	0	0	0	0	0	0	0	75	0	0	0	0	0	
1.49545e+06	0	0	0	0	0	0	0	0	0	0	67	0	0	0	0	0	
1.4962e+06	0	0	0	0	0	0	0	0	0	0	57	0	0	0	0	0	
1.49695e+06	0	0	0	0	0	0	0	0	0	0	69	0	0	0	0	0	
1.4977e+06	0	0	0	0	0	0	0	0	0	0	77	0	0	0	0	0	
1.49845e+06	0	0	0	0	0	0	0	0	0	0	73	0	0	0	0	0	
1.4992e+06	0	0	0	0	0	0	0	0	0	0	77	0	0	0	0	0	
1.49995e+06	0	0	0	0	0	0	0	0	0	0	77	0	0	0	0	0	
1.49995e+06	0	0	0	0	0	0	0	0	0	0	77	0	0	0	0	0	
