Time	s0	s1	s2	s3	s4	s5	s6	s7	s8	s9	s10	s11	s12	s13	s14	s15	
0	0	0	0	0	0	0	0	0	0	0	0	0	0	0	0	200	
0.000357357	0	0	0	0	0	0	0	0	0	0	0	0	0	0	0	199	
749.399	0	0	0	0	0	0	0	0	0	0	0	0	0	0	0	55	
1499.2	0	0	0	0	0	0	0	0	0	0	0	0	0	0	0	51	
2253.43	0	0	0	0	0	0	0	0	0	0	0	0	0	0	0	51	
3004.18	0	0	0	0	0	0	0	0	0	0	0	0	0	0	0	57	
3754.47	0	0	0	0	0	0	0	0	0	0	0	0	0	0	0	77	
4508.86	0	0	0	0	0	0	0	0	0	0	0	0	0	0	49	0	
5257.52	0	0	0	0	0	0	0	0	0	0	0	0	0	0	49	0	
6008.76	0	0	0	0	0	0	0	0	0	0	0	0	0	0	57	0	
6759.22	0	0	0	0	0	0	0	0	0	0	0	0	0	0	61	0	
7510.54	0	0	0	0	0	0	0	0	0	0	0	0	0	0	61	0	
8264.29	0	0	0	0	0	0	0	0	0	0	0	0	0	0	65	0	
9013.39	0	0	0	0	0	0	0	0	0	0	0	0	0	0	51	0	
9763.17	0	0	0	0	0	0	0	0	0	0	0	0	0	0	55	0	
10511.9	0	0	0	0	0	0	0	0	0	0	0	0	0	0	53	0	
11261.9	0	0	0	0	0	0	0	0	0	0	0	0	0	0	47	0	
12012.2	0	0	0	0	0	0	0	0	0	0	0	0	0	0	55	0	
12763.7	0	0	0	0	0	0	0	0	0	0	0	0	0	0	59	0	
13511.2	0	0	0	0	0	0	0	0	0	0	0	0	0	0	57	0	
14262.1	0	0	0	0	0	0	0	0	0	0	0	0	0	0	51	0	
15010.8	0	0	0	0	0	0	0	0	0	0	0	0	0	0	59	0	
15760.8	0	0	0	0	0	0	0	0	0	0	0	0	0	0	47	0	
16510.6	0	0	0	0	0	0	0	0	0	0	0	0	0	0	61	0	
17259.9	0	0	0	0	0	0	0	0	0	0	0	0	0	0	53	0	
18010.9	0	0	0	0	0	0	0	0	0	0	0	0	0	0	57	0	
18761.3	0	0	0	0	0	0	0	0	0	0	0	0	0	0	51	0	
19509.3	0	0	0	0	0	0	0	0	0	0	0	0	0	0	0	51	
20258.3	0	0	0	0	0	0	0	0	0	0	0	0	0	0	0	43	
21004.1	0	0	0	0	0	0	0	0	0	0	0	0	0	0	0	49	
21752.8	0	0	0	0	0	0	0	0	0	0	0	0	0	0	0	57	
22501.3	0	0	0	0	0	0	0	0	0	0	0	0	0	0	0	49	
23250.1	0	0	0	0	0	0	0	0	0	0	0	0	0	0	47	0	
23999	0	0	0	0	0	0	0	0	0	0	0	0	0	0	49	0	
24749	0	0	0	0	0	0	0	0	0	0	0	0	0	0	51	0	
25500.4	0	0	0	0	0	0	0	0	0	0	0	0	0	0	45	0	
26249.9	0	0	0	0	0	0	0	0	0	0	0	0	0	0	61	0	
27001.7	0	0	0	0	0	0	0	0	0	0	0	0	0	0	39	0	
27752.7	0	0	0	0	0	0	0	0	0	0	0	0	0	0	45	0	
28500.6	0	0	0	0	0	0	0	0	0	0	0	0	0	0	47	0	
29249.6	0	0	0	0	0	0	0	0	0	0	0	0	0	0	55	0	
30000.4	0	0	0	0	0	0	0	0	0	0	0	0	0	0	47	0	
30749.9	0	0	0	0	0	0	0	0	0	0	0	0	0	55	0	0	
31501.4	0	0	0	0	0	0	0	0	0	0	0	0	0	47	0	0	
32249.6	0	0	0	0	0	0	0	0	0	0	0	0	0	53	0	0	
33002.8	0	0	0	0	0	0	0	0	0	0	0	0	0	69	0	0	
33755.3	0	0	0	0	0	0	0	0	0	0	0	0	0	55	0	0	
34503.4	0	0	0	0	0	0	0	0	0	0	0	0	0	57	0	0	
35252.2	0	0	0	0	0	0	0	0	0	0	0	0	0	49	0	0	
36001.5	0	0	0	0	0	0	0	0	0	0	0	0	0	0	51	0	
36752.1	0	0	0	0	0	0	0	0	0	0	0	0	0	0	55	0	
37499.3	0	0	0	0	0	0	0	0	0	0	0	0	0	0	53	0	
38249.6	0	0	0	0	0	0	0	0	0	0	0	0	0	0	53	0	
39000.3	0	0	0	0	0	0	0	0	0	0	0	0	0	0	53	0	
39751.8	0	0	0	0	0	0	0	0	0	0	0	0	0	0	45	0	
40501.5	0	0	0	0	0	0	0	0	0	0	0	0	0	0	57	0	
41252.2	0	0	0	0	0	0	0	0	0	0	0	0	0	0	47	0	
42002.5	0	0	0	0	0	0	0	0	0	0	0	0	0	0	53	0	
42754.9	0	0	0	0	0	0	0	0	0	0	0	0	0	0	57	0	
43505.8	0	0	0	0	0	0	0	0	0	0	0	0	0	0	55	0	
44251.2	0	0	0	0	0	0	0	0	0	0	0	0	0	0	61	0	
45002.7	0	0	0	0	0	0	0	0	0	0	0	0	0	0	49	0	
45752.6	0	0	0	0	0	0	0	0	0	0	0	0	0	0	59	0	
46501.8	0	0	0	0	0	0	0	0	0	0	0	0	0	0	47	0	
47251.1	0	0	0	0	0	0	0	0	0	0	0	0	0	0	37	0	
48002.3	0	0	0	0	0	0	0	0	0	0	0	0	0	0	51	0	
48751.5	0	0	0	0	0	0	0	0	0	0	0	0	0	0	41	0	
49498.8	0	0	0	0	0	0	0	0	0	0	0	0	0	0	55	0	
50247.6	0	0	0	0	0	0	0	0	0	0	0	0	0	0	47	0	
50995.9	0	0	0	0	0	0	0	0	0	0	0	0	0	0	47	0	
51744.9	0	0	0	0	0	0	0	0	0	0	0	0	0	0	55	0	
52492.7	0	0	0	0	0	0	0	0	0	0	0	0	0	0	57	0	
53243.3	0	0	0	0	0	0	0	0	0	0	0	0	0	0	59	0	
53993	0	0	0	0	0	0	0	0	0	0	0	0	0	0	51	0	
54745.6	0	0	0	0	0	0	0	0	0	0	0	0	0	0	55	0	
55497.8	0	0	0	0	0	0	0	0	0	0	0	0	0	0	51	0	
56251.5	0	0	0	0	0	0	0	0	0	0	0	0	0	59	0	0	
57005.2	0	0	0	0	0	0	0	0	0	0	0	0	0	57	0	0	
57753.7	0	0	0	0	0	0	0	0	0	0	0	0	0	61	0	0	
58505.8	0	0	0	0	0	0	0	0	0	0	0	0	0	71	0	0	
59254.2	0	0	0	0	0	0	0	0	0	0	0	0	0	67	0	0	
60006.8	0	0	0	0	0	0	0	0	0	0	0	0	0	63	0	0	
60758.7	0	0	0	0	0	0	0	0	0	0	0	0	0	59	0	0	
61511.1	0	0	0	0	0	0	0	0	0	0	0	0	0	37	0	0	
62257.8	0	0	0	0	0	0	0	0	0	0	0	0	0	61	0	0	
63006.4	0	0	0	0	0	0	0	0	0	0	0	0	0	41	0	0	
63754.9	0	0	0	0	0	0	0	0	0	0	0	0	0	61	0	0	
64505.7	0	0	0	0	0	0	0	0	0	0	0	0	0	59	0	0	
65256.1	0	0	0	0	0	0	0	0	0	0	0	0	0	67	0	0	
66007.6	0	0	0	0	0	0	0	0	0	0	0	0	0	67	0	0	
66755.9	0	0	0	0	0	0	0	0	0	0	0	0	0	0	53	0	
67502.4	0	0	0	0	0	0	0	0	0	0	0	0	0	0	51	0	
68253.2	0	0	0	0	0	0	0	0	0	0	0	0	0	0	53	0	
68999.1	0	0	0	0	0	0	0	0	0	0	0	0	0	0	39	0	
69748.2	0	0	0	0	0	0	0	0	0	0	0	0	0	0	55	0	
70500	0	0	0	0	0	0	0	0	0	0	0	0	0	0	57	0	
71249.3	0	0	0	0	0	0	0	0	0	0	0	0	0	0	47	0	
71998.1	0	0	0	0	0	0	0	0	0	0	0	0	0	0	45	0	
72747.8	0	0	0	0	0	0	0	0	0	0	0	0	0	0	55	0	
73498.7	0	0	0	0	0	0	0	0	0	0	0	0	0	0	0	51	
74247.7	0	0	0	0	0	0	0	0	0	0	0	0	0	0	0	55	
75000.2	0	0	0	0	0	0	0	0	0	0	0	0	0	0	0	45	
75751.1	0	0	0	0	0	0	0	0	0	0	0	0	0	0	0	39	
76501.7	0	0	0	0	0	0	0	0	0	0	0	0	0	0	0	39	
77255.9	0	0	0	0	0	0	0	0	0	0	0	0	0	0	43	0	
78005.9	0	0	0	0	0	0	0	0	0	0	0	0	0	71	0	0	
78753.1	0	0	0	0	0	0	0	0	0	0	0	0	0	67	0	0	
79500.5	0	0	0	0	0	0	0	0	0	0	0	0	0	57	0	0	
80249.2	0	0	0	0	0	0	0	0	0	0	0	0	0	55	0	0	
81000.2	0	0	0	0	0	0	0	0	0	0	0	0	0	67	0	0	
81750.7	0	0	0	0	0	0	0	0	0	0	0	0	0	49	0	0	
82502.8	0	0	0	0	0	0	0	0	0	0	0	0	67	0	0	0	
83248.8	0	0	0	0	0	0	0	0	0	0	0	0	61	0	0	0	
84002.2	0	0	0	0	0	0	0	0	0	0	0	65	0	0	0	0	
84752.6	0	0	0	0	0	0	0	0	0	0	0	69	0	0	0	0	
85503.2	0	0	0	0	0	0	0	0	0	0	0	77	0	0	0	0	
86250.3	0	0	0	0	0	0	0	0	0	0	79	0	0	0	0	0	
86999	0	0	0	0	0	0	0	0	0	0	69	0	0	0	0	0	
87748.7	0	0	0	0	0	0	0	0	0	1	82	0	0	0	0	0	
88501.3	0	0	0	0	0	0	0	0	0	0	67	0	0	0	0	0	
89253.2	0	0	0	0	0	0	0	0	0	0	81	0	0	0	0	0	
90003.7	0	0	0	0	0	0	0	0	0	0	95	0	0	0	0	0	
90752.5	0	0	0	0	0	0	0	0	0	0	69	0	0	0	0	0	
91502.4	0	0	0	0	0	0	0	0	0	0	83	0	0	0	0	0	
92251.4	0	0	0	0	0	0	0	0	0	0	87	0	0	0	0	0	
93001.8	0	0	0	0	0	0	0	0	0	0	75	0	0	0	0	0	
93750.5	0	0	0	0	0	0	0	0	0	0	71	0	0	0	0	0	
94501.8	0	0	0	0	0	0	0	0	0	0	89	0	0	0	0	0	
95248.8	0	0	0	0	0	0	0	0	0	0	87	0	0	0	0	0	
95997.8	0	0	0	0	0	0	0	0	0	0	81	0	0	0	0	0	
96745.5	0	0	0	0	0	0	0	0	0	77	0	0	0	0	0	0	
97495.4	0	0	0	0	0	0	0	0	0	67	0	0	0	0	0	0	
98246.8	0	0	0	0	0	0	0	0	0	75	0	0	0	0	0	0	
98994.8	0	0	0	0	0	0	0	0	0	71	0	0	0	0	0	0	
99743.4	0	0	0	0	0	0	0	0	0	77	0	0	0	0	0	0	
100491	0	0	0	0	0	0	0	0	0	81	0	0	0	0	0	0	
101242	0	0	0	0	0	0	0	0	0	87	0	0	0	0	0	0	
101992	0	0	0	0	0	0	0	0	0	71	0	0	0	0	0	0	
102743	0	0	0	0	0	0	0	0	0	81	0	0	0	0	0	0	
103491	0	0	0	0	0	0	0	0	0	79	0	0	0	0	0	0	
104242	0	0	0	0	0	0	0	0	0	69	0	0	0	0	0	0	
104992	0	0	0	0	0	0	0	0	77	0	0	0	0	0	0	0	
105745	0	0	0	0	0	0	0	0	0	83	0	0	0	0	0	0	
106495	0	0	0	0	0	0	0	0	0	79	0	0	0	0	0	0	
107243	0	0	0	0	0	0	0	0	0	93	0	0	0	0	0	0	
107991	0	0	0	0	0	0	0	0	0	95	0	0	0	0	0	0	
108743	0	0	0	0	0	0	0	0	0	93	0	0	0	0	0	0	
109493	0	0	0	0	0	0	0	0	0	69	0	0	0	0	0	0	
110243	0	0	0	0	0	0	0	0	0	81	0	0	0	0	0	0	
110994	0	0	0	0	0	0	0	0	0	75	0	0	0	0	0	0	
111743	0	0	0	0	0	0	0	0	0	87	0	0	0	0	0	0	
112489	0	0	0	0	0	0	0	0	0	85	0	0	0	0	0	0	
113239	0	0	0	0	0	0	0	0	0	87	0	0	0	0	0	0	
113990	0	0	0	0	0	0	0	0	0	81	0	0	0	0	0	0	
114741	0	0	0	0	0	0	0	0	0	83	0	0	0	0	0	0	
115494	0	0	0	0	0	0	0	0	0	81	0	0	0	0	0	0	
116247	0	0	0	0	0	0	0	0	0	77	0	0	0	0	0	0	
116998	0	0	0	0	0	0	0	0	0	89	0	0	0	0	0	0	
117749	0	0	0	0	0	0	0	0	0	73	0	0	0	0	0	0	
118499	0	0	0	0	0	0	0	0	0	91	0	0	0	0	0	0	
119250	0	0	0	0	0	0	0	0	0	71	0	0	0	0	0	0	
119998	0	0	0	0	0	0	0	0	0	77	0	0	0	0	0	0	
120750	0	0	0	0	0	0	0	0	0	75	0	0	0	0	0	0	
121502	0	0	0	0	0	0	0	0	0	89	0	0	0	0	0	0	
122254	0	0	0	0	0	0	0	0	0	81	0	0	0	0	0	0	
123009	0	0	0	0	0	0	0	0	0	0	83	0	0	0	0	0	
123757	0	0	0	0	0	0	0	0	0	0	65	0	0	0	0	0	
124508	0	0	0	0	0	0	0	0	0	0	71	0	0	0	0	0	
125259	0	0	0	0	0	0	0	0	0	0	67	0	0	0	0	0	
126010	0	0	0	0	0	0	0	0	0	0	69	0	0	0	0	0	
126757	0	0	0	0	0	0	0	0	0	0	73	0	0	0	0	0	
127510	0	0	0	0	0	0	0	0	0	0	69	0	0	0	0	0	
128263	0	0	0	0	0	0	0	0	0	0	73	0	0	0	0	0	
129013	0	0	0	0	0	0	0	0	0	0	73	0	0	0	0	0	
129763	0	0	0	0	0	0	0	0	0	0	67	0	0	0	0	0	
130513	0	0	0	0	0	0	0	0	0	0	65	0	0	0	0	0	
131266	0	0	0	0	0	0	0	0	0	0	65	0	0	0	0	0	
132015	0	0	0	0	0	0	0	0	0	0	75	0	0	0	0	0	
132764	0	0	0	0	0	0	0	0	0	0	0	63	0	0	0	0	
133511	0	0	0	0	0	0	0	0	0	0	0	63	0	0	0	0	
134265	0	0	0	0	0	0	0	0	0	0	0	63	0	0	0	0	
135014	0	0	0	0	0	0	0	0	0	0	0	69	0	0	0	0	
135762	0	0	0	0	0	0	0	0	0	0	0	79	0	0	0	0	
136513	0	0	0	0	0	0	0	0	0	0	0	81	0	0	0	0	
137261	0	0	0	0	0	0	0	0	0	0	0	73	0	0	0	0	
138009	0	0	0	0	0	0	0	0	0	0	0	67	0	0	0	0	
138762	0	0	0	0	0	0	0	0	0	0	19	42	0	0	0	0	
139509	0	0	0	0	0	0	0	0	0	0	0	69	0	0	0	0	
140262	0	0	0	0	0	0	0	0	0	0	0	73	0	0	0	0	
141009	0	0	0	0	0	0	0	0	0	0	0	75	0	0	0	0	
141764	0	0	0	0	0	0	0	0	0	0	0	57	0	0	0	0	
142515	0	0	0	0	0	0	0	0	0	0	0	75	0	0	0	0	
143264	0	0	0	0	0	0	0	0	0	0	67	0	0	0	0	0	
144015	0	0	0	0	0	0	0	0	0	0	77	0	0	0	0	0	
144763	0	0	0	0	0	0	0	0	0	0	75	0	0	0	0	0	
145512	0	0	0	0	0	0	0	0	0	0	85	0	0	0	0	0	
146261	0	0	0	0	0	0	0	0	0	0	75	0	0	0	0	0	
147010	0	0	0	0	0	0	0	0	0	0	73	0	0	0	0	0	
147756	0	0	0	0	0	0	0	0	0	0	87	0	0	0	0	0	
148505	0	0	0	0	0	0	0	0	0	0	65	0	0	0	0	0	
149256	0	0	0	0	0	0	0	0	0	0	73	0	0	0	0	0	
150001	0	0	0	0	0	0	0	0	0	0	81	0	0	0	0	0	
150749	0	0	0	0	0	0	0	0	0	0	85	0	0	0	0	0	
151498	0	0	0	0	0	0	0	0	0	0	71	0	0	0	0	0	
152252	0	0	0	0	0	0	0	0	0	0	81	0	0	0	0	0	
152999	0	0	0	0	0	0	0	0	0	0	75	0	0	0	0	0	
153747	0	0	0	0	0	0	0	0	0	0	79	0	0	0	0	0	
154498	0	0	0	0	0	0	0	0	0	0	81	0	0	0	0	0	
155245	0	0	0	0	0	0	0	0	0	0	0	83	0	0	0	0	
155996	0	0	0	0	0	0	0	0	0	0	0	51	0	0	0	0	
156748	0	0	0	0	0	0	0	0	0	0	0	71	0	0	0	0	
157499	0	0	0	0	0	0	0	0	0	0	0	61	0	0	0	0	
158249	0	0	0	0	0	0	0	0	0	0	79	0	0	0	0	0	
159001	0	0	0	0	0	0	0	0	0	0	79	0	0	0	0	0	
159754	0	0	0	0	0	0	0	0	0	0	75	0	0	0	0	0	
160505	0	0	0	0	0	0	0	0	0	0	83	0	0	0	0	0	
161257	0	0	0	0	0	0	0	0	0	0	0	73	0	0	0	0	
162009	0	0	0	0	0	0	0	0	0	0	0	71	0	0	0	0	
162757	0	0	0	0	0	0	0	0	0	0	0	59	0	0	0	0	
163505	0	0	0	0	0	0	0	0	0	0	0	63	0	0	0	0	
164255	0	0	0	0	0	0	0	0	0	0	0	0	59	0	0	0	
165008	0	0	0	0	0	0	0	0	0	0	0	0	63	0	0	0	
165760	0	0	0	0	0	0	0	0	0	0	0	0	67	0	0	0	
166509	0	0	0	0	0	0	0	0	0	0	0	0	67	0	0	0	
167254	0	0	0	0	0	0	0	0	0	0	0	0	61	0	0	0	
167999	0	0	0	0	0	0	0	0	0	0	0	0	47	0	0	0	
168751	0	0	0	0	0	0	0	0	0	0	0	65	0	0	0	0	
169500	0	0	0	0	0	0	0	0	0	0	0	65	0	0	0	0	
170252	0	0	0	0	0	0	0	0	0	0	0	67	0	0	0	0	
171003	0	0	0	0	0	0	0	0	0	0	0	69	0	0	0	0	
171754	0	0	0	0	0	0	0	0	0	0	65	0	0	0	0	0	
172504	0	0	0	0	0	0	0	0	0	0	67	0	0	0	0	0	
173255	0	0	0	0	0	0	0	0	0	0	91	0	0	0	0	0	
174004	0	0	0	0	0	0	0	0	0	0	81	0	0	0	0	0	
174754	0	0	0	0	0	0	0	0	0	0	75	0	0	0	0	0	
175505	0	0	0	0	0	0	0	0	0	0	71	0	0	0	0	0	
176253	0	0	0	0	0	0	0	0	0	0	59	0	0	0	0	0	
177004	0	0	0	0	0	0	0	0	0	0	71	0	0	0	0	0	
177753	0	0	0	0	0	0	0	0	0	0	0	81	0	0	0	0	
178504	0	0	0	0	0	0	0	0	0	0	0	79	0	0	0	0	
179258	0	0	0	0	0	0	0	0	0	0	73	0	0	0	0	0	
180011	0	0	0	0	0	0	0	0	0	0	65	0	0	0	0	0	
180761	0	0	0	0	0	0	0	0	0	0	77	0	0	0	0	0	
181511	0	0	0	0	0	0	0	0	0	0	91	0	0	0	0	0	
182259	0	0	0	0	0	0	0	0	0	0	0	69	0	0	0	0	
183008	0	0	0	0	0	0	0	0	0	0	0	73	0	0	0	0	
183758	0	0	0	0	0	0	0	0	0	0	0	65	0	0	0	0	
184506	0	0	0	0	0	0	0	0	0	0	0	59	0	0	0	0	
185257	0	0	0	0	0	0	0	0	0	0	0	73	0	0	0	0	
186007	0	0	0	0	0	0	0	0	0	0	0	71	0	0	0	0	
186756	0	0	0	0	0	0	0	0	0	0	0	59	0	0	0	0	
187505	0	0	0	0	0	0	0	0	0	0	0	81	0	0	0	0	
188256	0	0	0	0	0	0	0	0	0	0	0	53	0	0	0	0	
189007	0	0	0	0	0	0	0	0	0	0	0	61	0	0	0	0	
189757	0	0	0	0	0	0	0	0	0	0	0	61	0	0	0	0	
190505	0	0	0	0	0	0	0	0	0	0	0	61	0	0	0	0	
191253	0	0	0	0	0	0	0	0	0	0	0	83	0	0	0	0	
192005	0	0	0	0	0	0	0	0	0	0	0	85	0	0	0	0	
192756	0	0	0	0	0	0	0	0	0	0	2	67	0	0	0	0	
193510	0	0	0	0	0	0	0	0	0	0	0	59	0	0	0	0	
194262	0	0	0	0	0	0	0	0	0	0	0	67	0	0	0	0	
195013	0	0	0	0	0	0	0	0	0	0	0	71	0	0	0	0	
195763	0	0	0	0	0	0	0	0	0	0	0	63	0	0	0	0	
196511	0	0	0	0	0	0	0	0	0	0	0	57	0	0	0	0	
197262	0	0	0	0	0	0	0	0	0	0	0	57	0	0	0	0	
198012	0	0	0	0	0	0	0	0	0	0	0	71	0	0	0	0	
198761	0	0	0	0	0	0	0	0	0	0	0	71	0	0	0	0	
199512	0	0	0	0	0	0	0	0	0	0	0	69	0	0	0	0	
200262	0	0	0	0	0	0	0	0	0	0	83	0	0	0	0	0	
201013	0	0	0	0	0	0	0	0	0	0	65	0	0	0	0	0	
201763	0	0	0	0	0	0	0	0	0	0	71	0	0	0	0	0	
202513	0	0	0	0	0	0	0	0	0	0	81	0	0	0	0	0	
203265	0	0	0	0	0	0	0	0	0	0	87	0	0	0	0	0	
204017	0	0	0	0	0	0	0	0	0	0	79	0	0	0	0	0	
204766	0	0	0	0	0	0	0	0	0	0	69	0	0	0	0	0	
205513	0	0	0	0	0	0	0	0	0	0	0	73	0	0	0	0	
206264	0	0	0	0	0	0	0	0	0	0	0	65	0	0	0	0	
207014	0	0	0	0	0	0	0	0	0	0	0	97	0	0	0	0	
207761	0	0	0	0	0	0	0	0	0	0	0	69	0	0	0	0	
208510	0	0	0	0	0	0	0	0	0	0	0	65	0	0	0	0	
209263	0	0	0	0	0	0	0	0	0	0	0	59	0	0	0	0	
210014	0	0	0	0	0	0	0	0	0	0	0	57	0	0	0	0	
210762	0	0	0	0	0	0	0	0	0	0	75	0	0	0	0	0	
211511	0	0	0	0	0	0	0	0	0	0	71	0	0	0	0	0	
212262	0	0	0	0	0	0	0	0	0	0	65	0	0	0	0	0	
213016	0	0	0	0	0	0	0	0	0	0	69	0	0	0	0	0	
213763	0	0	0	0	0	0	0	0	0	0	77	0	0	0	0	0	
214515	0	0	0	0	0	0	0	0	0	87	0	0	0	0	0	0	
215263	0	0	0	0	0	0	0	0	0	71	0	0	0	0	0	0	
216011	0	0	0	0	0	0	0	0	0	81	0	0	0	0	0	0	
216762	0	0	0	0	0	0	0	0	0	71	0	0	0	0	0	0	
217510	0	0	0	0	0	0	0	0	0	85	0	0	0	0	0	0	
218260	0	0	0	0	0	0	0	0	0	67	0	0	0	0	0	0	
219014	0	0	0	0	0	0	0	0	0	87	0	0	0	0	0	0	
219766	0	0	0	0	0	0	0	0	0	77	0	0	0	0	0	0	
220512	0	0	0	0	0	0	0	0	0	77	0	0	0	0	0	0	
221265	0	0	0	0	0	0	0	0	0	97	0	0	0	0	0	0	
222015	0	0	0	0	0	0	0	0	0	77	0	0	0	0	0	0	
222764	0	0	0	0	0	0	0	0	0	87	0	0	0	0	0	0	
223515	0	0	0	0	0	0	0	0	0	80	3	0	0	0	0	0	
224265	0	0	0	0	0	0	0	0	0	69	0	0	0	0	0	0	
225015	0	0	0	0	0	0	0	0	0	77	0	0	0	0	0	0	
225765	0	0	0	0	0	0	0	0	0	89	0	0	0	0	0	0	
226514	0	0	0	0	0	0	0	0	0	89	0	0	0	0	0	0	
227263	0	0	0	0	0	0	0	0	0	87	0	0	0	0	0	0	
228012	0	0	0	0	0	0	0	0	0	79	0	0	0	0	0	0	
228762	0	0	0	0	0	0	0	0	0	97	0	0	0	0	0	0	
229511	0	0	0	0	0	0	0	0	0	87	0	0	0	0	0	0	
230261	0	0	0	0	0	0	0	0	0	101	0	0	0	0	0	0	
231009	0	0	0	0	0	0	0	0	0	71	0	0	0	0	0	0	
231758	0	0	0	0	0	0	0	0	0	81	0	0	0	0	0	0	
232509	0	0	0	0	0	0	0	0	0	81	0	0	0	0	0	0	
233262	0	0	0	0	0	0	0	0	0	67	0	0	0	0	0	0	
234011	0	0	0	0	0	0	0	0	0	79	0	0	0	0	0	0	
234761	0	0	0	0	0	0	0	0	0	93	0	0	0	0	0	0	
235512	0	0	0	0	0	0	0	0	0	77	0	0	0	0	0	0	
236261	0	0	0	0	0	0	0	0	0	81	0	0	0	0	0	0	
237008	0	0	0	0	0	0	0	0	0	0	77	0	0	0	0	0	
237754	0	0	0	0	0	0	0	0	0	0	67	0	0	0	0	0	
238502	0	0	0	0	0	0	0	0	0	0	75	0	0	0	0	0	
239251	0	0	0	0	0	0	0	0	0	0	71	0	0	0	0	0	
240001	0	0	0	0	0	0	0	0	0	0	65	0	0	0	0	0	
240748	0	0	0	0	0	0	0	0	0	0	63	0	0	0	0	0	
241499	0	0	0	0	0	0	0	0	0	0	71	0	0	0	0	0	
242250	0	0	0	0	0	0	0	0	0	0	75	0	0	0	0	0	
243001	0	0	0	0	0	0	0	0	0	0	59	0	0	0	0	0	
243749	0	0	0	0	0	0	0	0	0	0	77	0	0	0	0	0	
244495	0	0	0	0	0	0	0	0	0	0	61	0	0	0	0	0	
245247	0	0	0	0	0	0	0	0	0	0	67	0	0	0	0	0	
245996	0	0	0	0	0	0	0	0	0	0	67	0	0	0	0	0	
246746	0	0	0	0	0	0	0	0	0	0	0	83	0	0	0	0	
247495	0	0	0	0	0	0	0	0	0	0	0	77	0	0	0	0	
248242	0	0	0	0	0	0	0	0	0	0	0	73	0	0	0	0	
248989	0	0	0	0	0	0	0	0	0	0	0	75	0	0	0	0	
249740	0	0	0	0	0	0	0	0	0	0	0	73	0	0	0	0	
250489	0	0	0	0	0	0	0	0	0	0	0	59	0	0	0	0	
251236	0	0	0	0	0	0	0	0	0	0	0	59	0	0	0	0	
251985	0	0	0	0	0	0	0	0	0	0	0	69	0	0	0	0	
252734	0	0	0	0	0	0	0	0	0	0	0	67	0	0	0	0	
253482	0	0	0	0	0	0	0	0	0	0	0	51	0	0	0	0	
254235	0	0	0	0	0	0	0	0	0	0	0	77	0	0	0	0	
254985	0	0	0	0	0	0	0	0	0	0	0	63	0	0	0	0	
255733	0	0	0	0	0	0	0	0	0	0	0	69	0	0	0	0	
256482	0	0	0	0	0	0	0	0	0	0	0	57	0	0	0	0	
257231	0	0	0	0	0	0	0	0	0	0	87	0	0	0	0	0	
257983	0	0	0	0	0	0	0	0	0	0	65	0	0	0	0	0	
258734	0	0	0	0	0	0	0	0	0	0	83	0	0	0	0	0	
259486	0	0	0	0	0	0	0	0	0	0	71	0	0	0	0	0	
260236	0	0	0	0	0	0	0	0	0	0	81	0	0	0	0	0	
260988	0	0	0	0	0	0	0	0	0	0	73	0	0	0	0	0	
261736	0	0	0	0	0	0	0	0	0	0	93	0	0	0	0	0	
262482	0	0	0	0	0	0	0	0	0	0	85	0	0	0	0	0	
263232	0	0	0	0	0	0	0	0	0	0	67	0	0	0	0	0	
263981	0	0	0	0	0	0	0	0	0	73	0	0	0	0	0	0	
264731	0	0	0	0	0	0	0	0	0	75	0	0	0	0	0	0	
265484	0	0	0	0	0	0	0	0	0	91	0	0	0	0	0	0	
266233	0	0	0	0	0	0	0	0	0	73	0	0	0	0	0	0	
266984	0	0	0	0	0	0	0	0	0	87	0	0	0	0	0	0	
267735	0	0	0	0	0	0	0	0	0	69	0	0	0	0	0	0	
268489	0	0	0	0	0	0	0	0	0	87	0	0	0	0	0	0	
269237	0	0	0	0	0	0	0	0	0	83	0	0	0	0	0	0	
269989	0	0	0	0	0	0	0	0	0	97	0	0	0	0	0	0	
270738	0	0	0	0	0	0	0	0	0	81	0	0	0	0	0	0	
271489	0	0	0	0	0	0	0	0	0	77	0	0	0	0	0	0	
272238	0	0	0	0	0	0	0	0	0	99	0	0	0	0	0	0	
272989	0	0	0	0	0	0	0	0	0	81	0	0	0	0	0	0	
273740	0	0	0	0	0	0	0	0	0	77	0	0	0	0	0	0	
274487	0	0	0	0	0	0	0	0	0	71	0	0	0	0	0	0	
275236	0	0	0	0	0	0	0	0	0	85	0	0	0	0	0	0	
275984	0	0	0	0	0	0	0	0	0	81	0	0	0	0	0	0	
276732	0	0	0	0	0	0	0	0	0	73	0	0	0	0	0	0	
277479	0	0	0	0	0	0	0	0	0	83	0	0	0	0	0	0	
278226	0	0	0	0	0	0	0	0	0	89	0	0	0	0	0	0	
278978	0	0	0	0	0	0	0	0	0	73	0	0	0	0	0	0	
279732	0	0	0	0	0	0	0	0	0	75	0	0	0	0	0	0	
280484	0	0	0	0	0	0	0	0	0	61	0	0	0	0	0	0	
281235	0	0	0	0	0	0	0	0	0	99	0	0	0	0	0	0	
281987	0	0	0	0	0	0	0	0	0	69	0	0	0	0	0	0	
282737	0	0	0	0	0	0	0	0	0	89	0	0	0	0	0	0	
283489	0	0	0	0	0	0	0	0	0	79	0	0	0	0	0	0	
284236	0	0	0	0	0	0	0	0	0	87	0	0	0	0	0	0	
284988	0	0	0	0	0	0	0	0	0	95	0	0	0	0	0	0	
285733	0	0	0	0	0	0	0	0	0	77	0	0	0	0	0	0	
286483	0	0	0	0	0	0	0	0	0	69	0	0	0	0	0	0	
287234	0	0	0	0	0	0	0	0	0	69	0	0	0	0	0	0	
287986	0	0	0	0	0	0	0	0	0	81	0	0	0	0	0	0	
288735	0	0	0	0	0	0	0	0	0	79	0	0	0	0	0	0	
289480	0	0	0	0	0	0	0	0	0	87	0	0	0	0	0	0	
290233	0	0	0	0	0	0	0	0	0	79	0	0	0	0	0	0	
290982	0	0	0	0	0	0	0	0	0	87	0	0	0	0	0	0	
291732	0	0	0	0	0	0	0	0	0	87	0	0	0	0	0	0	
292484	0	0	0	0	0	0	0	0	0	81	0	0	0	0	0	0	
293234	0	0	0	0	0	0	0	0	0	79	0	0	0	0	0	0	
293984	0	0	0	0	0	0	0	0	0	89	0	0	0	0	0	0	
294731	0	0	0	0	0	0	0	0	0	69	0	0	0	0	0	0	
295482	0	0	0	0	0	0	0	0	0	79	0	0	0	0	0	0	
296227	0	0	0	0	0	0	0	0	0	87	0	0	0	0	0	0	
296974	0	0	0	0	0	0	0	0	0	79	0	0	0	0	0	0	
297726	0	0	0	0	0	0	0	0	0	71	0	0	0	0	0	0	
298474	0	0	0	0	0	0	0	0	0	75	0	0	0	0	0	0	
299229	0	0	0	0	0	0	0	0	0	77	0	0	0	0	0	0	
299978	0	0	0	0	0	0	0	0	0	85	0	0	0	0	0	0	
300727	0	0	0	0	0	0	0	0	0	85	0	0	0	0	0	0	
301477	0	0	0	0	0	0	0	0	0	73	0	0	0	0	0	0	
302224	0	0	0	0	0	0	0	0	0	81	0	0	0	0	0	0	
302974	0	0	0	0	0	0	0	0	0	79	0	0	0	0	0	0	
303722	0	0	0	0	0	0	0	0	0	77	0	0	0	0	0	0	
304474	0	0	0	0	0	0	0	0	0	83	0	0	0	0	0	0	
305226	0	0	0	0	0	0	0	0	0	75	0	0	0	0	0	0	
305974	0	0	0	0	0	0	0	0	0	75	0	0	0	0	0	0	
306721	0	0	0	0	0	0	0	0	0	69	0	0	0	0	0	0	
307472	0	0	0	0	0	0	0	0	0	87	0	0	0	0	0	0	
308223	0	0	0	0	0	0	0	0	0	83	0	0	0	0	0	0	
308971	0	0	0	0	0	0	0	0	0	71	0	0	0	0	0	0	
309720	0	0	0	0	0	0	0	0	0	99	0	0	0	0	0	0	
310467	0	0	0	0	0	0	0	0	0	83	0	0	0	0	0	0	
311215	0	0	0	0	0	0	0	0	0	67	0	0	0	0	0	0	
311963	0	0	0	0	0	0	0	0	0	91	0	0	0	0	0	0	
312714	0	0	0	0	0	0	0	0	0	83	0	0	0	0	0	0	
313465	0	0	0	0	0	0	0	0	0	79	0	0	0	0	0	0	
314215	0	0	0	0	0	0	0	0	0	81	0	0	0	0	0	0	
314966	0	0	0	0	0	0	0	0	0	79	0	0	0	0	0	0	
315713	0	0	0	0	0	0	0	0	0	91	0	0	0	0	0	0	
316466	0	0	0	0	0	0	0	0	0	85	0	0	0	0	0	0	
317214	0	0	0	0	0	0	0	0	0	73	0	0	0	0	0	0	
317965	0	0	0	0	0	0	0	0	0	83	0	0	0	0	0	0	
318713	0	0	0	0	0	0	0	0	0	83	0	0	0	0	0	0	
319460	0	0	0	0	0	0	0	0	0	89	0	0	0	0	0	0	
320208	0	0	0	0	0	0	0	0	0	77	0	0	0	0	0	0	
320959	0	0	0	0	0	0	0	0	0	67	0	0	0	0	0	0	
321709	0	0	0	0	0	0	0	0	0	79	0	0	0	0	0	0	
322458	0	0	0	0	0	0	0	0	0	67	0	0	0	0	0	0	
323205	0	0	0	0	0	0	0	0	0	87	0	0	0	0	0	0	
323956	0	0	0	0	0	0	0	0	0	81	0	0	0	0	0	0	
324701	0	0	0	0	0	0	0	0	0	93	0	0	0	0	0	0	
325452	0	0	0	0	0	0	0	0	0	83	0	0	0	0	0	0	
326202	0	0	0	0	0	0	0	0	0	81	0	0	0	0	0	0	
326953	0	0	0	0	0	0	0	0	0	75	0	0	0	0	0	0	
327704	0	0	0	0	0	0	0	0	0	99	0	0	0	0	0	0	
328458	0	0	0	0	0	0	0	0	101	0	0	0	0	0	0	0	
329209	0	0	0	0	0	0	0	0	85	0	0	0	0	0	0	0	
329959	0	0	0	0	0	0	0	0	101	0	0	0	0	0	0	0	
330709	0	0	0	0	0	0	0	0	77	0	0	0	0	0	0	0	
331455	0	0	0	0	0	0	0	0	89	0	0	0	0	0	0	0	
332206	0	0	0	0	0	0	0	0	113	0	0	0	0	0	0	0	
332958	0	0	0	0	0	0	0	0	59	0	0	0	0	0	0	0	
333705	0	0	0	0	0	0	0	0	93	0	0	0	0	0	0	0	
334455	0	0	0	0	0	0	0	0	93	0	0	0	0	0	0	0	
335208	0	0	0	0	0	0	0	0	77	0	0	0	0	0	0	0	
335959	0	0	0	0	0	0	0	0	89	0	0	0	0	0	0	0	
336709	0	0	0	0	0	0	0	0	89	0	0	0	0	0	0	0	
337456	0	0	0	0	0	0	0	0	95	0	0	0	0	0	0	0	
338204	0	0	0	0	0	0	0	0	73	0	0	0	0	0	0	0	
338950	0	0	0	0	0	0	0	111	0	0	0	0	0	0	0	0	
339702	0	0	0	0	0	0	0	109	0	0	0	0	0	0	0	0	
340450	0	0	0	0	0	0	117	0	0	0	0	0	0	0	0	0	
341199	0	0	0	0	0	0	103	0	0	0	0	0	0	0	0	0	
341947	0	0	0	0	0	0	111	0	0	0	0	0	0	0	0	0	
342695	0	0	0	0	0	0	123	0	0	0	0	0	0	0	0	0	
343444	0	0	0	0	0	0	105	0	0	0	0	0	0	0	0	0	
344195	0	0	0	0	0	0	98	15	0	0	0	0	0	0	0	0	
344947	0	0	0	0	0	0	111	0	0	0	0	0	0	0	0	0	
345697	0	0	0	0	0	0	117	0	0	0	0	0	0	0	0	0	
346447	0	0	0	0	0	0	111	0	0	0	0	0	0	0	0	0	
347200	0	0	0	0	0	0	113	0	0	0	0	0	0	0	0	0	
347949	0	0	0	0	0	0	115	0	0	0	0	0	0	0	0	0	
348698	0	0	0	0	0	0	129	0	0	0	0	0	0	0	0	0	
349449	0	0	0	0	0	0	113	0	0	0	0	0	0	0	0	0	
350198	0	0	0	0	0	0	97	0	0	0	0	0	0	0	0	0	
350949	0	0	0	0	0	0	119	0	0	0	0	0	0	0	0	0	
351700	0	0	0	0	0	0	103	0	0	0	0	0	0	0	0	0	
352449	0	0	0	0	0	135	0	0	0	0	0	0	0	0	0	0	
353197	0	0	0	0	0	131	0	0	0	0	0	0	0	0	0	0	
353945	0	0	0	0	0	143	0	0	0	0	0	0	0	0	0	0	
354698	0	0	0	0	0	147	0	0	0	0	0	0	0	0	0	0	
355449	0	0	0	0	0	115	0	0	0	0	0	0	0	0	0	0	
356200	0	0	0	0	0	123	16	0	0	0	0	0	0	0	0	0	
356947	0	0	0	0	0	117	0	0	0	0	0	0	0	0	0	0	
357697	0	0	0	0	0	123	0	0	0	0	0	0	0	0	0	0	
358449	0	0	0	0	0	141	0	0	0	0	0	0	0	0	0	0	
359199	0	0	0	0	0	139	0	0	0	0	0	0	0	0	0	0	
359951	0	0	0	0	0	141	0	0	0	0	0	0	0	0	0	0	
360704	0	0	0	0	0	141	0	0	0	0	0	0	0	0	0	0	
361451	0	0	0	0	0	135	0	0	0	0	0	0	0	0	0	0	
362201	0	0	0	0	0	145	0	0	0	0	0	0	0	0	0	0	
362951	0	0	0	0	0	151	0	0	0	0	0	0	0	0	0	0	
363702	0	0	0	0	0	125	0	0	0	0	0	0	0	0	0	0	
364455	0	0	0	0	133	0	0	0	0	0	0	0	0	0	0	0	
365203	0	0	0	0	169	0	0	0	0	0	0	0	0	0	0	0	
365955	0	0	0	0	187	0	0	0	0	0	0	0	0	0	0	0	
366706	0	0	0	0	169	0	0	0	0	0	0	0	0	0	0	0	
367454	0	0	0	0	171	0	0	0	0	0	0	0	0	0	0	0	
368208	0	0	0	0	167	0	0	0	0	0	0	0	0	0	0	0	
368957	0	0	0	0	165	0	0	0	0	0	0	0	0	0	0	0	
369708	0	0	0	0	173	0	0	0	0	0	0	0	0	0	0	0	
370456	0	0	0	0	165	0	0	0	0	0	0	0	0	0	0	0	
371205	0	0	0	0	177	0	0	0	0	0	0	0	0	0	0	0	
371954	0	0	0	0	147	0	0	0	0	0	0	0	0	0	0	0	
372702	0	0	0	0	157	0	0	0	0	0	0	0	0	0	0	0	
373452	0	0	0	0	179	0	0	0	0	0	0	0	0	0	0	0	
374204	0	0	0	0	167	0	0	0	0	0	0	0	0	0	0	0	
374953	0	0	0	0	167	0	0	0	0	0	0	0	0	0	0	0	
375702	0	0	0	0	181	0	0	0	0	0	0	0	0	0	0	0	
376452	0	0	0	0	149	0	0	0	0	0	0	0	0	0	0	0	
377202	0	0	0	0	173	0	0	0	0	0	0	0	0	0	0	0	
377953	0	0	0	0	157	0	0	0	0	0	0	0	0	0	0	0	
378699	0	0	0	0	151	0	0	0	0	0	0	0	0	0	0	0	
379450	0	0	0	0	145	0	0	0	0	0	0	0	0	0	0	0	
380198	0	0	0	0	189	0	0	0	0	0	0	0	0	0	0	0	
380950	0	0	0	0	137	0	0	0	0	0	0	0	0	0	0	0	
381699	0	0	0	0	157	2	0	0	0	0	0	0	0	0	0	0	
382445	0	0	0	0	157	0	0	0	0	0	0	0	0	0	0	0	
383192	0	0	0	0	133	0	0	0	0	0	0	0	0	0	0	0	
383943	0	0	0	0	169	0	0	0	0	0	0	0	0	0	0	0	
384694	0	0	0	0	147	0	0	0	0	0	0	0	0	0	0	0	
385442	0	0	0	0	155	0	0	0	0	0	0	0	0	0	0	0	
386192	0	0	0	0	185	0	0	0	0	0	0	0	0	0	0	0	
386939	0	0	0	0	153	0	0	0	0	0	0	0	0	0	0	0	
387684	0	0	0	25	134	0	0	0	0	0	0	0	0	0	0	0	
388435	0	0	0	0	157	0	0	0	0	0	0	0	0	0	0	0	
389184	0	0	0	0	147	0	0	0	0	0	0	0	0	0	0	0	
389935	0	0	0	0	167	0	0	0	0	0	0	0	0	0	0	0	
390687	0	0	0	0	159	0	0	0	0	0	0	0	0	0	0	0	
391438	0	0	0	0	149	0	0	0	0	0	0	0	0	0	0	0	
392187	0	0	0	0	151	0	0	0	0	0	0	0	0	0	0	0	
392937	0	0	0	0	143	0	0	0	0	0	0	0	0	0	0	0	
393686	0	0	0	0	159	0	0	0	0	0	0	0	0	0	0	0	
394430	0	0	0	0	175	0	0	0	0	0	0	0	0	0	0	0	
395178	0	0	0	0	179	0	0	0	0	0	0	0	0	0	0	0	
395928	0	0	0	0	155	0	0	0	0	0	0	0	0	0	0	0	
396675	0	0	0	0	173	0	0	0	0	0	0	0	0	0	0	0	
397426	0	0	0	0	167	0	0	0	0	0	0	0	0	0	0	0	
398172	0	0	0	0	149	0	0	0	0	0	0	0	0	0	0	0	
398919	0	0	0	0	185	0	0	0	0	0	0	0	0	0	0	0	
399666	0	0	0	0	143	0	0	0	0	0	0	0	0	0	0	0	
400417	0	0	0	0	151	0	0	0	0	0	0	0	0	0	0	0	
401170	0	0	0	0	161	0	0	0	0	0	0	0	0	0	0	0	
401921	0	0	0	0	0	129	0	0	0	0	0	0	0	0	0	0	
402675	0	0	0	0	0	111	0	0	0	0	0	0	0	0	0	0	
403424	0	0	0	0	0	137	0	0	0	0	0	0	0	0	0	0	
404174	0	0	0	0	0	135	0	0	0	0	0	0	0	0	0	0	
404922	0	0	0	0	0	129	0	0	0	0	0	0	0	0	0	0	
405671	0	0	0	0	0	125	0	0	0	0	0	0	0	0	0	0	
406420	0	0	0	0	0	133	0	0	0	0	0	0	0	0	0	0	
407174	0	0	0	0	0	141	0	0	0	0	0	0	0	0	0	0	
407924	0	0	0	0	0	121	0	0	0	0	0	0	0	0	0	0	
408675	0	0	0	0	0	149	0	0	0	0	0	0	0	0	0	0	
409424	0	0	0	0	0	131	0	0	0	0	0	0	0	0	0	0	
410173	0	0	0	0	0	141	0	0	0	0	0	0	0	0	0	0	
410921	0	0	0	0	0	125	0	0	0	0	0	0	0	0	0	0	
411671	0	0	0	0	1	146	0	0	0	0	0	0	0	0	0	0	
412422	0	0	0	0	0	139	0	0	0	0	0	0	0	0	0	0	
413171	0	0	0	0	0	147	0	0	0	0	0	0	0	0	0	0	
413922	0	0	0	0	0	125	0	0	0	0	0	0	0	0	0	0	
414673	0	0	0	0	0	153	0	0	0	0	0	0	0	0	0	0	
415420	0	0	0	0	0	125	0	0	0	0	0	0	0	0	0	0	
416168	0	0	0	0	0	133	0	0	0	0	0	0	0	0	0	0	
416920	0	0	0	0	0	161	0	0	0	0	0	0	0	0	0	0	
417671	0	0	0	0	0	0	127	0	0	0	0	0	0	0	0	0	
418419	0	0	0	0	0	123	0	0	0	0	0	0	0	0	0	0	
419167	0	0	0	0	0	121	0	0	0	0	0	0	0	0	0	0	
419916	0	0	0	0	0	147	0	0	0	0	0	0	0	0	0	0	
420665	0	0	0	0	0	155	0	0	0	0	0	0	0	0	0	0	
421414	0	0	0	0	0	119	0	0	0	0	0	0	0	0	0	0	
422164	0	0	0	0	0	121	0	0	0	0	0	0	0	0	0	0	
422918	0	0	0	0	0	139	0	0	0	0	0	0	0	0	0	0	
423671	0	0	0	0	0	131	0	0	0	0	0	0	0	0	0	0	
424424	0	0	0	0	0	119	0	0	0	0	0	0	0	0	0	0	
425174	0	0	0	0	0	129	0	0	0	0	0	0	0	0	0	0	
425925	0	0	0	0	0	161	0	0	0	0	0	0	0	0	0	0	
426676	0	0	0	0	0	115	0	0	0	0	0	0	0	0	0	0	
427428	0	0	0	0	0	159	0	0	0	0	0	0	0	0	0	0	
428177	0	0	0	0	0	143	0	0	0	0	0	0	0	0	0	0	
428926	0	0	0	0	0	115	0	0	0	0	0	0	0	0	0	0	
429678	0	0	0	0	0	133	0	0	0	0	0	0	0	0	0	0	
430426	0	0	0	0	0	123	0	0	0	0	0	0	0	0	0	0	
431176	0	0	0	0	0	123	0	0	0	0	0	0	0	0	0	0	
431928	0	0	0	0	0	133	0	0	0	0	0	0	0	0	0	0	
432679	0	0	0	0	0	117	0	0	0	0	0	0	0	0	0	0	
433431	0	0	0	0	0	137	0	0	0	0	0	0	0	0	0	0	
434181	0	0	0	0	0	129	0	0	0	0	0	0	0	0	0	0	
434929	0	0	0	0	0	141	0	0	0	0	0	0	0	0	0	0	
435678	0	0	0	0	0	123	0	0	0	0	0	0	0	0	0	0	
436427	0	0	0	0	0	143	0	0	0	0	0	0	0	0	0	0	
437177	0	0	0	0	0	125	0	0	0	0	0	0	0	0	0	0	
437924	0	0	0	0	0	141	0	0	0	0	0	0	0	0	0	0	
438674	0	0	0	0	0	145	0	0	0	0	0	0	0	0	0	0	
439425	0	0	0	0	0	145	0	0	0	0	0	0	0	0	0	0	
440175	0	0	0	0	0	113	0	0	0	0	0	0	0	0	0	0	
440923	0	0	0	0	0	115	0	0	0	0	0	0	0	0	0	0	
441677	0	0	0	0	0	133	0	0	0	0	0	0	0	0	0	0	
442424	0	0	0	0	0	125	0	0	0	0	0	0	0	0	0	0	
443178	0	0	0	0	0	135	0	0	0	0	0	0	0	0	0	0	
443927	0	0	0	0	0	143	0	0	0	0	0	0	0	0	0	0	
444679	0	0	0	0	0	119	0	0	0	0	0	0	0	0	0	0	
445426	0	0	0	0	0	147	0	0	0	0	0	0	0	0	0	0	
446174	0	0	0	0	0	121	0	0	0	0	0	0	0	0	0	0	
446923	0	0	0	0	0	143	0	0	0	0	0	0	0	0	0	0	
447669	0	0	0	0	0	153	0	0	0	0	0	0	0	0	0	0	
448416	0	0	0	0	0	131	0	0	0	0	0	0	0	0	0	0	
449164	0	0	0	0	0	131	0	0	0	0	0	0	0	0	0	0	
449915	0	0	0	0	0	139	0	0	0	0	0	0	0	0	0	0	
450663	0	0	0	0	0	135	0	0	0	0	0	0	0	0	0	0	
451415	0	0	0	0	0	139	0	0	0	0	0	0	0	0	0	0	
452168	0	0	0	0	0	117	0	0	0	0	0	0	0	0	0	0	
452918	0	0	0	0	63	90	0	0	0	0	0	0	0	0	0	0	
453665	0	0	0	0	169	0	0	0	0	0	0	0	0	0	0	0	
454415	0	0	0	0	181	0	0	0	0	0	0	0	0	0	0	0	
455164	0	0	0	0	181	0	0	0	0	0	0	0	0	0	0	0	
455912	0	0	0	0	147	0	0	0	0	0	0	0	0	0	0	0	
456664	0	0	0	0	171	0	0	0	0	0	0	0	0	0	0	0	
457416	0	0	0	0	169	0	0	0	0	0	0	0	0	0	0	0	
458165	0	0	0	0	157	0	0	0	0	0	0	0	0	0	0	0	
458917	0	0	0	0	163	0	0	0	0	0	0	0	0	0	0	0	
459664	0	0	0	0	187	0	0	0	0	0	0	0	0	0	0	0	
460414	0	0	0	0	163	0	0	0	0	0	0	0	0	0	0	0	
461166	0	0	0	0	165	0	0	0	0	0	0	0	0	0	0	0	
461918	0	0	0	0	163	0	0	0	0	0	0	0	0	0	0	0	
462667	0	0	0	0	149	0	0	0	0	0	0	0	0	0	0	0	
463417	0	0	0	0	177	0	0	0	0	0	0	0	0	0	0	0	
464164	0	0	0	63	100	0	0	0	0	0	0	0	0	0	0	0	
464910	0	0	0	0	137	0	0	0	0	0	0	0	0	0	0	0	
465661	0	0	0	0	175	0	0	0	0	0	0	0	0	0	0	0	
466410	0	0	0	40	121	0	0	0	0	0	0	0	0	0	0	0	
467163	0	0	0	0	167	0	0	0	0	0	0	0	0	0	0	0	
467914	0	0	0	0	157	0	0	0	0	0	0	0	0	0	0	0	
468665	0	0	0	0	149	0	0	0	0	0	0	0	0	0	0	0	
469414	0	0	0	0	167	0	0	0	0	0	0	0	0	0	0	0	
470166	0	0	0	0	165	0	0	0	0	0	0	0	0	0	0	0	
470914	0	0	0	0	155	0	0	0	0	0	0	0	0	0	0	0	
471667	0	0	0	0	175	0	0	0	0	0	0	0	0	0	0	0	
472414	0	0	0	0	181	0	0	0	0	0	0	0	0	0	0	0	
473166	0	0	0	0	157	0	0	0	0	0	0	0	0	0	0	0	
473917	0	0	0	0	171	0	0	0	0	0	0	0	0	0	0	0	
474668	0	0	0	0	169	0	0	0	0	0	0	0	0	0	0	0	
475419	0	0	0	0	167	0	0	0	0	0	0	0	0	0	0	0	
476171	0	0	0	0	143	0	0	0	0	0	0	0	0	0	0	0	
476922	0	0	0	0	161	0	0	0	0	0	0	0	0	0	0	0	
477671	0	0	0	0	139	0	0	0	0	0	0	0	0	0	0	0	
478422	0	0	0	0	0	145	0	0	0	0	0	0	0	0	0	0	
479176	0	0	0	0	0	125	0	0	0	0	0	0	0	0	0	0	
479926	0	0	0	0	0	127	0	0	0	0	0	0	0	0	0	0	
480674	0	0	0	0	0	121	0	0	0	0	0	0	0	0	0	0	
481424	0	0	0	0	0	135	0	0	0	0	0	0	0	0	0	0	
482172	0	0	0	0	0	137	0	0	0	0	0	0	0	0	0	0	
482921	0	0	0	0	0	139	0	0	0	0	0	0	0	0	0	0	
483673	0	0	0	0	0	127	0	0	0	0	0	0	0	0	0	0	
484424	0	0	0	0	0	119	0	0	0	0	0	0	0	0	0	0	
485176	0	0	0	0	0	149	0	0	0	0	0	0	0	0	0	0	
485926	0	0	0	0	0	147	0	0	0	0	0	0	0	0	0	0	
486675	0	0	0	0	0	131	0	0	0	0	0	0	0	0	0	0	
487421	0	0	0	0	0	153	0	0	0	0	0	0	0	0	0	0	
488173	0	0	0	0	0	137	0	0	0	0	0	0	0	0	0	0	
488922	0	0	0	0	0	139	0	0	0	0	0	0	0	0	0	0	
489672	0	0	0	0	0	147	0	0	0	0	0	0	0	0	0	0	
490421	0	0	0	0	0	129	0	0	0	0	0	0	0	0	0	0	
491170	0	0	0	0	0	135	0	0	0	0	0	0	0	0	0	0	
491920	0	0	0	0	0	125	0	0	0	0	0	0	0	0	0	0	
492669	0	0	0	0	0	117	0	0	0	0	0	0	0	0	0	0	
493422	0	0	0	0	0	133	0	0	0	0	0	0	0	0	0	0	
494170	0	0	0	0	0	137	0	0	0	0	0	0	0	0	0	0	
494917	0	0	0	0	0	133	0	0	0	0	0	0	0	0	0	0	
495667	0	0	0	0	0	139	0	0	0	0	0	0	0	0	0	0	
496417	0	0	0	0	138	23	0	0	0	0	0	0	0	0	0	0	
497166	0	0	0	0	149	0	0	0	0	0	0	0	0	0	0	0	
497915	0	0	0	0	163	0	0	0	0	0	0	0	0	0	0	0	
498666	0	0	0	0	145	0	0	0	0	0	0	0	0	0	0	0	
499416	0	0	0	0	149	0	0	0	0	0	0	0	0	0	0	0	
500166	0	0	0	0	149	0	0	0	0	0	0	0	0	0	0	0	
500917	0	0	0	0	163	0	0	0	0	0	0	0	0	0	0	0	
501668	0	0	0	0	157	0	0	0	0	0	0	0	0	0	0	0	
502414	0	0	0	0	157	0	0	0	0	0	0	0	0	0	0	0	
503162	0	0	0	0	177	0	0	0	0	0	0	0	0	0	0	0	
503914	0	0	0	0	139	0	0	0	0	0	0	0	0	0	0	0	
504663	0	0	0	0	137	0	0	0	0	0	0	0	0	0	0	0	
505413	0	0	0	0	145	0	0	0	0	0	0	0	0	0	0	0	
506162	0	0	0	0	159	0	0	0	0	0	0	0	0	0	0	0	
506911	0	0	0	0	177	0	0	0	0	0	0	0	0	0	0	0	
507659	0	0	0	0	161	0	0	0	0	0	0	0	0	0	0	0	
508409	0	0	0	0	173	0	0	0	0	0	0	0	0	0	0	0	
509160	0	0	0	0	181	0	0	0	0	0	0	0	0	0	0	0	
509909	0	0	0	0	157	0	0	0	0	0	0	0	0	0	0	0	
510658	0	0	0	0	161	0	0	0	0	0	0	0	0	0	0	0	
511410	0	0	0	0	179	0	0	0	0	0	0	0	0	0	0	0	
512158	0	0	0	0	143	0	0	0	0	0	0	0	0	0	0	0	
512905	0	0	0	0	165	0	0	0	0	0	0	0	0	0	0	0	
513658	0	0	0	0	163	0	0	0	0	0	0	0	0	0	0	0	
514404	0	0	0	0	155	0	0	0	0	0	0	0	0	0	0	0	
515155	0	0	0	0	163	0	0	0	0	0	0	0	0	0	0	0	
515905	0	0	0	0	183	0	0	0	0	0	0	0	0	0	0	0	
516655	0	0	0	0	167	0	0	0	0	0	0	0	0	0	0	0	
517404	0	0	0	0	167	0	0	0	0	0	0	0	0	0	0	0	
518152	0	0	0	0	0	125	0	0	0	0	0	0	0	0	0	0	
518901	0	0	0	0	0	135	0	0	0	0	0	0	0	0	0	0	
519647	0	0	0	0	169	0	0	0	0	0	0	0	0	0	0	0	
520397	0	0	0	0	167	0	0	0	0	0	0	0	0	0	0	0	
521146	0	0	0	0	161	0	0	0	0	0	0	0	0	0	0	0	
521895	0	0	0	0	179	0	0	0	0	0	0	0	0	0	0	0	
522644	0	0	0	0	163	0	0	0	0	0	0	0	0	0	0	0	
523394	0	0	0	0	167	0	0	0	0	0	0	0	0	0	0	0	
524144	0	0	0	0	171	0	0	0	0	0	0	0	0	0	0	0	
524894	0	0	0	0	147	0	0	0	0	0	0	0	0	0	0	0	
525645	0	0	0	0	165	0	0	0	0	0	0	0	0	0	0	0	
526392	0	0	0	0	167	0	0	0	0	0	0	0	0	0	0	0	
527142	0	0	0	0	147	0	0	0	0	0	0	0	0	0	0	0	
527890	0	0	0	0	149	0	0	0	0	0	0	0	0	0	0	0	
528640	0	0	0	0	141	0	0	0	0	0	0	0	0	0	0	0	
529389	0	0	0	0	157	0	0	0	0	0	0	0	0	0	0	0	
530140	0	0	0	0	169	0	0	0	0	0	0	0	0	0	0	0	
530889	0	0	0	0	0	105	0	0	0	0	0	0	0	0	0	0	
531640	0	0	0	0	0	141	0	0	0	0	0	0	0	0	0	0	
532388	0	0	0	0	0	135	0	0	0	0	0	0	0	0	0	0	
533139	0	0	0	0	0	135	0	0	0	0	0	0	0	0	0	0	
533890	0	0	0	0	0	145	0	0	0	0	0	0	0	0	0	0	
534638	0	0	0	0	0	137	0	0	0	0	0	0	0	0	0	0	
535388	0	0	0	0	0	133	0	0	0	0	0	0	0	0	0	0	
536139	0	0	0	0	0	127	0	0	0	0	0	0	0	0	0	0	
536889	0	0	0	0	0	135	0	0	0	0	0	0	0	0	0	0	
537636	0	0	0	0	0	153	0	0	0	0	0	0	0	0	0	0	
538382	0	0	0	0	0	119	0	0	0	0	0	0	0	0	0	0	
539132	0	0	0	0	0	143	0	0	0	0	0	0	0	0	0	0	
539882	0	0	0	0	0	0	123	0	0	0	0	0	0	0	0	0	
540633	0	0	0	0	0	0	105	0	0	0	0	0	0	0	0	0	
541383	0	0	0	0	0	0	103	0	0	0	0	0	0	0	0	0	
542134	0	0	0	0	0	0	93	0	0	0	0	0	0	0	0	0	
542883	0	0	0	0	0	0	107	0	0	0	0	0	0	0	0	0	
543636	0	0	0	0	0	0	111	0	0	0	0	0	0	0	0	0	
544386	0	0	0	0	0	0	123	0	0	0	0	0	0	0	0	0	
545134	0	0	0	0	0	0	111	0	0	0	0	0	0	0	0	0	
545881	0	0	0	0	0	0	101	0	0	0	0	0	0	0	0	0	
546632	0	0	0	0	0	0	87	0	0	0	0	0	0	0	0	0	
547382	0	0	0	0	0	0	111	0	0	0	0	0	0	0	0	0	
548132	0	0	0	0	0	0	117	0	0	0	0	0	0	0	0	0	
548881	0	0	0	0	0	0	143	0	0	0	0	0	0	0	0	0	
549631	0	0	0	0	0	0	131	0	0	0	0	0	0	0	0	0	
550379	0	0	0	0	0	0	111	0	0	0	0	0	0	0	0	0	
551126	0	0	0	0	0	0	109	0	0	0	0	0	0	0	0	0	
551874	0	0	0	0	0	0	117	0	0	0	0	0	0	0	0	0	
552622	0	0	0	0	0	0	113	0	0	0	0	0	0	0	0	0	
553374	0	0	0	0	0	0	127	0	0	0	0	0	0	0	0	0	
554123	0	0	0	0	0	0	119	0	0	0	0	0	0	0	0	0	
554873	0	0	0	0	0	0	111	0	0	0	0	0	0	0	0	0	
555623	0	0	0	0	0	0	91	0	0	0	0	0	0	0	0	0	
556375	0	0	0	0	0	0	105	0	0	0	0	0	0	0	0	0	
557126	0	0	0	0	0	0	109	0	0	0	0	0	0	0	0	0	
557875	0	0	0	0	0	0	115	0	0	0	0	0	0	0	0	0	
558627	0	0	0	0	0	0	115	0	0	0	0	0	0	0	0	0	
559376	0	0	0	0	0	0	111	0	0	0	0	0	0	0	0	0	
560124	0	0	0	0	0	0	129	0	0	0	0	0	0	0	0	0	
560874	0	0	0	0	0	0	111	0	0	0	0	0	0	0	0	0	
561627	0	0	0	0	0	0	111	0	0	0	0	0	0	0	0	0	
562377	0	0	0	0	0	0	103	0	0	0	0	0	0	0	0	0	
563124	0	0	0	0	0	0	107	0	0	0	0	0	0	0	0	0	
563876	0	0	0	0	0	0	109	0	0	0	0	0	0	0	0	0	
564627	0	0	0	0	0	0	121	0	0	0	0	0	0	0	0	0	
565373	0	0	0	0	0	0	0	93	0	0	0	0	0	0	0	0	
566123	0	0	0	0	0	0	0	103	0	0	0	0	0	0	0	0	
566873	0	0	0	0	0	0	0	89	0	0	0	0	0	0	0	0	
567625	0	0	0	0	0	0	0	99	0	0	0	0	0	0	0	0	
568376	0	0	0	0	0	0	0	95	0	0	0	0	0	0	0	0	
569128	0	0	0	0	0	0	0	87	0	0	0	0	0	0	0	0	
569873	0	0	0	0	0	0	0	107	0	0	0	0	0	0	0	0	
570623	0	0	0	0	0	0	0	109	0	0	0	0	0	0	0	0	
571373	0	0	0	0	0	0	0	99	0	0	0	0	0	0	0	0	
572125	0	0	0	0	0	0	0	87	0	0	0	0	0	0	0	0	
572877	0	0	0	0	0	0	0	101	0	0	0	0	0	0	0	0	
573625	0	0	0	0	0	0	0	91	0	0	0	0	0	0	0	0	
574375	0	0	0	0	0	0	0	103	0	0	0	0	0	0	0	0	
575124	0	0	0	0	0	0	0	107	0	0	0	0	0	0	0	0	
575876	0	0	0	0	0	0	0	97	0	0	0	0	0	0	0	0	
576627	0	0	0	0	0	0	0	103	0	0	0	0	0	0	0	0	
577378	0	0	0	0	0	0	0	93	0	0	0	0	0	0	0	0	
578128	0	0	0	0	0	0	0	95	0	0	0	0	0	0	0	0	
578878	0	0	0	0	0	0	0	91	0	0	0	0	0	0	0	0	
579629	0	0	0	0	0	0	125	0	0	0	0	0	0	0	0	0	
580378	0	0	0	0	0	0	109	0	0	0	0	0	0	0	0	0	
581129	0	0	0	0	0	0	113	0	0	0	0	0	0	0	0	0	
581880	0	0	0	0	0	0	127	0	0	0	0	0	0	0	0	0	
582631	0	0	0	0	0	0	109	0	0	0	0	0	0	0	0	0	
583381	0	0	0	0	0	0	123	0	0	0	0	0	0	0	0	0	
584131	0	0	0	0	0	0	121	0	0	0	0	0	0	0	0	0	
584880	0	0	0	0	0	0	99	0	0	0	0	0	0	0	0	0	
585629	0	0	0	0	0	0	109	0	0	0	0	0	0	0	0	0	
586378	0	0	0	0	0	137	0	0	0	0	0	0	0	0	0	0	
587130	0	0	0	0	0	149	0	0	0	0	0	0	0	0	0	0	
587882	0	0	0	0	0	121	0	0	0	0	0	0	0	0	0	0	
588635	0	0	0	0	0	143	0	0	0	0	0	0	0	0	0	0	
589384	0	0	0	0	0	147	0	0	0	0	0	0	0	0	0	0	
590136	0	0	0	0	0	111	0	0	0	0	0	0	0	0	0	0	
590884	0	0	0	0	0	123	0	0	0	0	0	0	0	0	0	0	
591631	0	0	0	0	0	149	0	0	0	0	0	0	0	0	0	0	
592380	0	0	0	0	0	129	0	0	0	0	0	0	0	0	0	0	
593126	0	0	0	0	0	123	0	0	0	0	0	0	0	0	0	0	
593877	0	0	0	0	0	129	0	0	0	0	0	0	0	0	0	0	
594629	0	0	0	0	0	143	0	0	0	0	0	0	0	0	0	0	
595380	0	0	0	0	0	147	0	0	0	0	0	0	0	0	0	0	
596130	0	0	0	0	0	127	0	0	0	0	0	0	0	0	0	0	
596879	0	0	0	0	0	149	0	0	0	0	0	0	0	0	0	0	
597631	0	0	0	0	0	133	0	0	0	0	0	0	0	0	0	0	
598385	0	0	0	0	0	143	0	0	0	0	0	0	0	0	0	0	
599132	0	0	0	0	0	131	0	0	0	0	0	0	0	0	0	0	
599882	0	0	0	0	0	135	0	0	0	0	0	0	0	0	0	0	
600632	0	0	0	0	0	115	0	0	0	0	0	0	0	0	0	0	
601381	0	0	0	0	0	103	0	0	0	0	0	0	0	0	0	0	
602130	0	0	0	0	0	137	0	0	0	0	0	0	0	0	0	0	
602882	0	0	0	0	0	121	0	0	0	0	0	0	0	0	0	0	
603628	0	0	0	0	0	139	0	0	0	0	0	0	0	0	0	0	
604379	0	0	0	0	0	119	0	0	0	0	0	0	0	0	0	0	
605129	0	0	0	0	0	141	0	0	0	0	0	0	0	0	0	0	
605879	0	0	0	0	0	145	0	0	0	0	0	0	0	0	0	0	
606631	0	0	0	0	0	121	0	0	0	0	0	0	0	0	0	0	
607381	0	0	0	0	0	117	0	0	0	0	0	0	0	0	0	0	
608129	0	0	0	0	0	121	0	0	0	0	0	0	0	0	0	0	
608878	0	0	0	0	0	143	0	0	0	0	0	0	0	0	0	0	
609628	0	0	0	0	6	133	0	0	0	0	0	0	0	0	0	0	
610377	0	0	0	0	0	131	0	0	0	0	0	0	0	0	0	0	
611123	0	0	0	0	0	131	0	0	0	0	0	0	0	0	0	0	
611871	0	0	0	0	0	151	0	0	0	0	0	0	0	0	0	0	
612622	0	0	0	0	0	123	0	0	0	0	0	0	0	0	0	0	
613372	0	0	0	0	0	143	0	0	0	0	0	0	0	0	0	0	
614124	0	0	0	0	0	143	0	0	0	0	0	0	0	0	0	0	
614875	0	0	0	0	0	155	0	0	0	0	0	0	0	0	0	0	
615623	0	0	0	0	0	123	0	0	0	0	0	0	0	0	0	0	
616376	0	0	0	0	0	125	0	0	0	0	0	0	0	0	0	0	
617124	0	0	0	0	0	135	0	0	0	0	0	0	0	0	0	0	
617873	0	0	0	0	0	117	0	0	0	0	0	0	0	0	0	0	
618624	0	0	0	0	64	61	0	0	0	0	0	0	0	0	0	0	
619370	0	0	0	0	0	149	0	0	0	0	0	0	0	0	0	0	
620120	0	0	0	0	0	129	0	0	0	0	0	0	0	0	0	0	
620871	0	0	0	0	0	129	0	0	0	0	0	0	0	0	0	0	
621623	0	0	0	0	0	131	0	0	0	0	0	0	0	0	0	0	
622374	0	0	0	0	0	140	1	0	0	0	0	0	0	0	0	0	
623124	0	0	0	0	0	0	117	0	0	0	0	0	0	0	0	0	
623873	0	0	0	0	0	0	119	0	0	0	0	0	0	0	0	0	
624623	0	0	0	0	0	0	103	0	0	0	0	0	0	0	0	0	
625371	0	0	0	0	0	0	0	97	0	0	0	0	0	0	0	0	
626120	0	0	0	0	0	0	97	0	0	0	0	0	0	0	0	0	
626872	0	0	0	0	0	0	113	0	0	0	0	0	0	0	0	0	
627621	0	0	0	0	0	0	109	0	0	0	0	0	0	0	0	0	
628373	0	0	0	0	0	0	113	0	0	0	0	0	0	0	0	0	
629122	0	0	0	0	0	0	121	0	0	0	0	0	0	0	0	0	
629874	0	0	0	0	0	0	115	0	0	0	0	0	0	0	0	0	
630622	0	0	0	0	0	0	115	0	0	0	0	0	0	0	0	0	
631372	0	0	0	0	0	0	89	0	0	0	0	0	0	0	0	0	
632123	0	0	0	0	0	0	113	0	0	0	0	0	0	0	0	0	
632870	0	0	0	0	0	0	127	0	0	0	0	0	0	0	0	0	
633616	0	0	0	0	0	0	117	0	0	0	0	0	0	0	0	0	
634364	0	0	0	0	0	0	115	0	0	0	0	0	0	0	0	0	
635112	0	0	0	0	0	0	121	0	0	0	0	0	0	0	0	0	
635861	0	0	0	0	0	0	115	0	0	0	0	0	0	0	0	0	
636611	0	0	0	0	0	0	111	0	0	0	0	0	0	0	0	0	
637359	0	0	0	0	0	0	103	0	0	0	0	0	0	0	0	0	
638109	0	0	0	0	0	0	105	0	0	0	0	0	0	0	0	0	
638858	0	0	0	0	0	0	121	0	0	0	0	0	0	0	0	0	
639610	0	0	0	0	0	0	123	0	0	0	0	0	0	0	0	0	
640360	0	0	0	0	0	0	113	0	0	0	0	0	0	0	0	0	
641105	0	0	0	0	0	0	121	0	0	0	0	0	0	0	0	0	
641853	0	0	0	0	0	0	123	0	0	0	0	0	0	0	0	0	
642603	0	0	0	0	0	0	127	0	0	0	0	0	0	0	0	0	
643352	0	0	0	0	0	0	107	0	0	0	0	0	0	0	0	0	
644103	0	0	0	0	0	0	105	0	0	0	0	0	0	0	0	0	
644853	0	0	0	0	0	0	125	0	0	0	0	0	0	0	0	0	
645601	0	0	0	0	0	0	127	0	0	0	0	0	0	0	0	0	
646349	0	0	0	0	0	0	113	0	0	0	0	0	0	0	0	0	
647099	0	0	0	0	0	0	117	0	0	0	0	0	0	0	0	0	
647848	0	0	0	0	0	0	131	0	0	0	0	0	0	0	0	0	
648600	0	0	0	0	0	0	111	0	0	0	0	0	0	0	0	0	
649349	0	0	0	0	0	0	113	0	0	0	0	0	0	0	0	0	
650103	0	0	0	0	0	0	121	0	0	0	0	0	0	0	0	0	
650852	0	0	0	0	0	0	123	0	0	0	0	0	0	0	0	0	
651605	0	0	0	0	0	0	107	0	0	0	0	0	0	0	0	0	
652355	0	0	0	0	0	0	117	0	0	0	0	0	0	0	0	0	
653108	0	0	0	0	0	0	121	0	0	0	0	0	0	0	0	0	
653859	0	0	0	0	0	0	113	0	0	0	0	0	0	0	0	0	
654611	0	0	0	0	0	0	113	0	0	0	0	0	0	0	0	0	
655361	0	0	0	0	0	0	119	0	0	0	0	0	0	0	0	0	
656111	0	0	0	0	0	0	137	0	0	0	0	0	0	0	0	0	
656863	0	0	0	0	0	0	103	0	0	0	0	0	0	0	0	0	
657613	0	0	0	0	0	0	97	0	0	0	0	0	0	0	0	0	
658365	0	0	0	0	0	0	97	0	0	0	0	0	0	0	0	0	
659112	0	0	0	0	0	0	109	0	0	0	0	0	0	0	0	0	
659859	0	0	0	0	0	0	107	0	0	0	0	0	0	0	0	0	
660611	0	0	0	0	0	0	87	0	0	0	0	0	0	0	0	0	
661359	0	0	0	0	0	0	95	0	0	0	0	0	0	0	0	0	
662109	0	0	0	0	0	0	123	0	0	0	0	0	0	0	0	0	
662861	0	0	0	0	0	0	111	0	0	0	0	0	0	0	0	0	
663613	0	0	0	0	0	0	125	0	0	0	0	0	0	0	0	0	
664362	0	0	0	0	0	0	115	0	0	0	0	0	0	0	0	0	
665109	0	0	0	0	0	0	119	0	0	0	0	0	0	0	0	0	
665861	0	0	0	0	0	0	139	0	0	0	0	0	0	0	0	0	
666608	0	0	0	0	0	0	119	0	0	0	0	0	0	0	0	0	
667357	0	0	0	0	0	0	117	0	0	0	0	0	0	0	0	0	
668106	0	0	0	0	0	0	119	0	0	0	0	0	0	0	0	0	
668856	0	0	0	0	0	0	105	0	0	0	0	0	0	0	0	0	
669608	0	0	0	0	0	0	113	0	0	0	0	0	0	0	0	0	
670360	0	0	0	0	0	0	113	0	0	0	0	0	0	0	0	0	
671112	0	0	0	0	0	0	91	0	0	0	0	0	0	0	0	0	
671862	0	0	0	0	0	0	83	0	0	0	0	0	0	0	0	0	
672615	0	0	0	0	0	119	0	0	0	0	0	0	0	0	0	0	
673362	0	0	0	0	0	139	0	0	0	0	0	0	0	0	0	0	
674113	0	0	0	0	0	125	0	0	0	0	0	0	0	0	0	0	
674862	0	0	0	0	0	131	0	0	0	0	0	0	0	0	0	0	
675615	0	0	0	0	0	137	0	0	0	0	0	0	0	0	0	0	
676366	0	0	0	0	0	133	0	0	0	0	0	0	0	0	0	0	
677115	0	0	0	0	0	135	0	0	0	0	0	0	0	0	0	0	
677864	0	0	0	0	0	105	0	0	0	0	0	0	0	0	0	0	
678613	0	0	0	0	0	133	0	0	0	0	0	0	0	0	0	0	
679364	0	0	0	0	0	133	0	0	0	0	0	0	0	0	0	0	
680115	0	0	0	0	0	165	0	0	0	0	0	0	0	0	0	0	
680864	0	0	0	0	0	147	0	0	0	0	0	0	0	0	0	0	
681613	0	0	0	0	0	137	0	0	0	0	0	0	0	0	0	0	
682364	0	0	0	0	0	145	0	0	0	0	0	0	0	0	0	0	
683117	0	0	0	0	0	137	0	0	0	0	0	0	0	0	0	0	
683866	0	0	0	0	0	131	0	0	0	0	0	0	0	0	0	0	
684618	0	0	0	0	0	113	0	0	0	0	0	0	0	0	0	0	
685368	0	0	0	0	0	129	0	0	0	0	0	0	0	0	0	0	
686115	0	0	0	0	0	155	0	0	0	0	0	0	0	0	0	0	
686865	0	0	0	0	0	119	0	0	0	0	0	0	0	0	0	0	
687615	0	0	0	0	0	145	0	0	0	0	0	0	0	0	0	0	
688362	0	0	0	0	0	139	0	0	0	0	0	0	0	0	0	0	
689113	0	0	0	0	0	131	0	0	0	0	0	0	0	0	0	0	
689861	0	0	0	0	0	147	0	0	0	0	0	0	0	0	0	0	
690612	0	0	0	0	0	139	0	0	0	0	0	0	0	0	0	0	
691361	0	0	0	0	0	141	0	0	0	0	0	0	0	0	0	0	
692113	0	0	0	0	0	121	0	0	0	0	0	0	0	0	0	0	
692866	0	0	0	0	0	139	0	0	0	0	0	0	0	0	0	0	
693615	0	0	0	0	0	141	0	0	0	0	0	0	0	0	0	0	
694367	0	0	0	0	157	0	0	0	0	0	0	0	0	0	0	0	
695116	0	0	0	0	173	0	0	0	0	0	0	0	0	0	0	0	
695863	0	0	0	0	181	0	0	0	0	0	0	0	0	0	0	0	
696613	0	0	0	0	173	0	0	0	0	0	0	0	0	0	0	0	
697362	0	0	0	0	147	0	0	0	0	0	0	0	0	0	0	0	
698110	0	0	0	0	167	0	0	0	0	0	0	0	0	0	0	0	
698862	0	0	0	0	155	0	0	0	0	0	0	0	0	0	0	0	
699612	0	0	0	0	171	0	0	0	0	0	0	0	0	0	0	0	
700362	0	0	0	0	151	0	0	0	0	0	0	0	0	0	0	0	
701113	0	0	0	0	151	0	0	0	0	0	0	0	0	0	0	0	
701865	0	0	0	0	161	0	0	0	0	0	0	0	0	0	0	0	
702613	0	0	0	0	167	0	0	0	0	0	0	0	0	0	0	0	
703364	0	0	0	0	147	0	0	0	0	0	0	0	0	0	0	0	
704118	0	0	0	0	149	0	0	0	0	0	0	0	0	0	0	0	
704865	0	0	0	0	143	0	0	0	0	0	0	0	0	0	0	0	
705613	0	0	0	0	165	0	0	0	0	0	0	0	0	0	0	0	
706364	0	0	0	0	116	39	0	0	0	0	0	0	0	0	0	0	
707115	0	0	0	0	151	0	0	0	0	0	0	0	0	0	0	0	
707864	0	0	0	0	149	0	0	0	0	0	0	0	0	0	0	0	
708615	0	0	0	1	154	0	0	0	0	0	0	0	0	0	0	0	
709365	0	0	0	0	165	0	0	0	0	0	0	0	0	0	0	0	
710114	0	0	0	0	145	0	0	0	0	0	0	0	0	0	0	0	
710865	0	0	0	0	169	0	0	0	0	0	0	0	0	0	0	0	
711614	0	0	0	0	177	0	0	0	0	0	0	0	0	0	0	0	
712360	0	0	0	0	167	0	0	0	0	0	0	0	0	0	0	0	
713112	0	0	0	0	169	0	0	0	0	0	0	0	0	0	0	0	
713859	0	0	0	0	127	0	0	0	0	0	0	0	0	0	0	0	
714610	0	0	0	0	169	0	0	0	0	0	0	0	0	0	0	0	
715360	0	0	0	0	145	0	0	0	0	0	0	0	0	0	0	0	
716111	0	0	0	0	155	0	0	0	0	0	0	0	0	0	0	0	
716861	0	0	0	0	165	0	0	0	0	0	0	0	0	0	0	0	
717612	0	0	0	0	145	0	0	0	0	0	0	0	0	0	0	0	
718359	0	0	0	0	163	0	0	0	0	0	0	0	0	0	0	0	
719106	0	0	0	0	171	0	0	0	0	0	0	0	0	0	0	0	
719858	0	0	0	0	165	0	0	0	0	0	0	0	0	0	0	0	
720608	0	0	0	0	177	0	0	0	0	0	0	0	0	0	0	0	
721360	0	0	0	0	165	0	0	0	0	0	0	0	0	0	0	0	
722111	0	0	0	0	151	0	0	0	0	0	0	0	0	0	0	0	
722861	0	0	0	0	139	0	0	0	0	0	0	0	0	0	0	0	
723608	0	0	0	0	155	0	0	0	0	0	0	0	0	0	0	0	
724363	0	0	0	0	179	0	0	0	0	0	0	0	0	0	0	0	
725110	0	0	0	0	149	0	0	0	0	0	0	0	0	0	0	0	
725860	0	0	0	0	171	0	0	0	0	0	0	0	0	0	0	0	
726613	0	0	0	0	147	0	0	0	0	0	0	0	0	0	0	0	
727363	0	0	0	0	159	0	0	0	0	0	0	0	0	0	0	0	
728113	0	0	0	195	0	0	0	0	0	0	0	0	0	0	0	0	
728860	0	0	0	195	0	0	0	0	0	0	0	0	0	0	0	0	
729614	0	0	0	197	0	0	0	0	0	0	0	0	0	0	0	0	
730364	0	0	0	0	171	0	0	0	0	0	0	0	0	0	0	0	
731117	0	0	0	0	155	0	0	0	0	0	0	0	0	0	0	0	
731866	0	0	0	0	173	0	0	0	0	0	0	0	0	0	0	0	
732616	0	0	0	0	159	0	0	0	0	0	0	0	0	0	0	0	
733369	0	0	0	0	171	0	0	0	0	0	0	0	0	0	0	0	
734120	0	0	0	0	157	0	0	0	0	0	0	0	0	0	0	0	
734870	0	0	0	0	173	0	0	0	0	0	0	0	0	0	0	0	
735618	0	0	0	0	163	0	0	0	0	0	0	0	0	0	0	0	
736367	0	0	0	0	181	0	0	0	0	0	0	0	0	0	0	0	
737116	0	0	0	0	155	0	0	0	0	0	0	0	0	0	0	0	
737865	0	0	0	0	167	0	0	0	0	0	0	0	0	0	0	0	
738613	0	0	0	0	173	0	0	0	0	0	0	0	0	0	0	0	
739363	0	0	0	0	157	0	0	0	0	0	0	0	0	0	0	0	
740113	0	0	0	0	165	0	0	0	0	0	0	0	0	0	0	0	
740862	0	0	0	0	147	0	0	0	0	0	0	0	0	0	0	0	
741607	0	0	0	0	137	0	0	0	0	0	0	0	0	0	0	0	
742360	0	0	0	0	173	0	0	0	0	0	0	0	0	0	0	0	
743113	0	0	0	0	155	0	0	0	0	0	0	0	0	0	0	0	
743865	0	0	0	0	185	0	0	0	0	0	0	0	0	0	0	0	
744616	0	0	0	0	155	0	0	0	0	0	0	0	0	0	0	0	
745366	0	0	0	0	157	0	0	0	0	0	0	0	0	0	0	0	
746113	0	0	0	0	165	0	0	0	0	0	0	0	0	0	0	0	
746864	0	0	0	0	177	0	0	0	0	0	0	0	0	0	0	0	
747617	0	0	0	0	173	0	0	0	0	0	0	0	0	0	0	0	
748369	0	0	0	0	133	0	0	0	0	0	0	0	0	0	0	0	
749119	0	0	0	0	165	0	0	0	0	0	0	0	0	0	0	0	
749868	0	0	0	0	171	0	0	0	0	0	0	0	0	0	0	0	
750620	0	0	0	0	163	0	0	0	0	0	0	0	0	0	0	0	
751370	0	0	0	0	147	0	0	0	0	0	0	0	0	0	0	0	
752115	0	0	0	0	175	0	0	0	0	0	0	0	0	0	0	0	
752867	0	0	0	0	153	0	0	0	0	0	0	0	0	0	0	0	
753617	0	0	0	0	159	0	0	0	0	0	0	0	0	0	0	0	
754368	0	0	0	0	171	0	0	0	0	0	0	0	0	0	0	0	
755119	0	0	0	0	161	0	0	0	0	0	0	0	0	0	0	0	
755871	0	0	0	0	177	0	0	0	0	0	0	0	0	0	0	0	
756621	0	0	0	0	149	0	0	0	0	0	0	0	0	0	0	0	
757368	0	0	0	0	157	0	0	0	0	0	0	0	0	0	0	0	
758115	0	0	0	0	161	0	0	0	0	0	0	0	0	0	0	0	
758863	0	0	0	0	147	0	0	0	0	0	0	0	0	0	0	0	
759614	0	0	0	0	147	0	0	0	0	0	0	0	0	0	0	0	
760360	0	0	0	0	165	0	0	0	0	0	0	0	0	0	0	0	
761108	0	0	0	0	149	0	0	0	0	0	0	0	0	0	0	0	
761859	0	0	0	0	167	0	0	0	0	0	0	0	0	0	0	0	
762610	0	0	0	0	179	0	0	0	0	0	0	0	0	0	0	0	
763360	0	0	0	0	149	0	0	0	0	0	0	0	0	0	0	0	
764113	0	0	0	0	189	0	0	0	0	0	0	0	0	0	0	0	
764861	0	0	0	0	163	0	0	0	0	0	0	0	0	0	0	0	
765612	0	0	0	0	0	139	0	0	0	0	0	0	0	0	0	0	
766360	0	0	0	0	0	125	0	0	0	0	0	0	0	0	0	0	
767113	0	0	0	0	0	161	0	0	0	0	0	0	0	0	0	0	
767863	0	0	0	0	0	129	0	0	0	0	0	0	0	0	0	0	
768614	0	0	0	0	0	129	0	0	0	0	0	0	0	0	0	0	
769363	0	0	0	0	0	141	0	0	0	0	0	0	0	0	0	0	
770113	0	0	0	0	0	139	0	0	0	0	0	0	0	0	0	0	
770863	0	0	0	0	0	143	0	0	0	0	0	0	0	0	0	0	
771609	0	0	0	0	0	119	0	0	0	0	0	0	0	0	0	0	
772359	0	0	0	0	0	127	0	0	0	0	0	0	0	0	0	0	
773105	0	0	0	0	0	135	0	0	0	0	0	0	0	0	0	0	
773855	0	0	0	0	0	123	0	0	0	0	0	0	0	0	0	0	
774603	0	0	0	0	0	125	0	0	0	0	0	0	0	0	0	0	
775354	0	0	0	0	0	151	0	0	0	0	0	0	0	0	0	0	
776103	0	0	0	0	0	139	0	0	0	0	0	0	0	0	0	0	
776853	0	0	0	0	0	133	0	0	0	0	0	0	0	0	0	0	
777600	0	0	0	0	0	141	0	0	0	0	0	0	0	0	0	0	
778348	0	0	0	0	0	155	0	0	0	0	0	0	0	0	0	0	
779099	0	0	0	0	0	115	0	0	0	0	0	0	0	0	0	0	
779849	0	0	0	0	0	127	0	0	0	0	0	0	0	0	0	0	
780596	0	0	0	0	0	143	0	0	0	0	0	0	0	0	0	0	
781344	0	0	0	0	0	145	0	0	0	0	0	0	0	0	0	0	
782094	0	0	0	0	0	127	0	0	0	0	0	0	0	0	0	0	
782846	0	0	0	0	0	119	0	0	0	0	0	0	0	0	0	0	
783596	0	0	0	0	0	121	0	0	0	0	0	0	0	0	0	0	
784345	0	0	0	0	0	145	0	0	0	0	0	0	0	0	0	0	
785093	0	0	0	0	0	111	0	0	0	0	0	0	0	0	0	0	
785844	0	0	0	0	0	139	0	0	0	0	0	0	0	0	0	0	
786595	0	0	0	0	0	131	0	0	0	0	0	0	0	0	0	0	
787345	0	0	0	0	0	153	0	0	0	0	0	0	0	0	0	0	
788098	0	0	0	0	0	131	0	0	0	0	0	0	0	0	0	0	
788847	0	0	0	0	0	121	0	0	0	0	0	0	0	0	0	0	
789597	0	0	0	0	0	147	0	0	0	0	0	0	0	0	0	0	
790346	0	0	0	0	0	145	0	0	0	0	0	0	0	0	0	0	
791094	0	0	0	0	0	131	0	0	0	0	0	0	0	0	0	0	
791845	0	0	0	0	0	135	0	0	0	0	0	0	0	0	0	0	
792596	0	0	0	0	0	129	0	0	0	0	0	0	0	0	0	0	
793346	0	0	0	0	0	149	0	0	0	0	0	0	0	0	0	0	
794098	0	0	0	0	0	139	0	0	0	0	0	0	0	0	0	0	
794844	0	0	0	0	0	131	0	0	0	0	0	0	0	0	0	0	
795595	0	0	0	0	0	141	0	0	0	0	0	0	0	0	0	0	
796346	0	0	0	0	0	125	0	0	0	0	0	0	0	0	0	0	
797096	0	0	0	0	0	117	0	0	0	0	0	0	0	0	0	0	
797843	0	0	0	0	0	129	0	0	0	0	0	0	0	0	0	0	
798592	0	0	0	0	0	145	0	0	0	0	0	0	0	0	0	0	
799342	0	0	0	0	0	141	0	0	0	0	0	0	0	0	0	0	
800094	0	0	0	0	0	115	0	0	0	0	0	0	0	0	0	0	
800845	0	0	0	0	0	141	0	0	0	0	0	0	0	0	0	0	
801595	0	0	0	0	0	123	0	0	0	0	0	0	0	0	0	0	
802345	0	0	0	0	0	133	0	0	0	0	0	0	0	0	0	0	
803094	0	0	0	0	0	123	0	0	0	0	0	0	0	0	0	0	
803845	0	0	0	0	0	121	0	0	0	0	0	0	0	0	0	0	
804595	0	0	0	0	0	0	113	0	0	0	0	0	0	0	0	0	
805344	0	0	0	0	0	0	111	0	0	0	0	0	0	0	0	0	
806092	0	0	0	0	0	0	101	0	0	0	0	0	0	0	0	0	
806843	0	0	0	0	0	0	107	0	0	0	0	0	0	0	0	0	
807593	0	0	0	0	0	0	123	0	0	0	0	0	0	0	0	0	
808346	0	0	0	0	0	0	143	0	0	0	0	0	0	0	0	0	
809096	0	0	0	0	0	0	117	0	0	0	0	0	0	0	0	0	
809845	0	0	0	0	0	0	101	0	0	0	0	0	0	0	0	0	
810600	0	0	0	0	0	0	91	0	0	0	0	0	0	0	0	0	
811353	0	0	0	0	0	0	127	0	0	0	0	0	0	0	0	0	
812102	0	0	0	0	0	0	99	0	0	0	0	0	0	0	0	0	
812849	0	0	0	0	0	0	109	0	0	0	0	0	0	0	0	0	
813597	0	0	0	0	0	0	103	0	0	0	0	0	0	0	0	0	
814346	0	0	0	0	0	0	93	0	0	0	0	0	0	0	0	0	
815096	0	0	0	0	0	0	117	0	0	0	0	0	0	0	0	0	
815847	0	0	0	0	0	0	89	0	0	0	0	0	0	0	0	0	
816596	0	0	0	0	0	0	95	0	0	0	0	0	0	0	0	0	
817341	0	0	0	0	0	0	129	0	0	0	0	0	0	0	0	0	
818090	0	0	0	0	0	0	117	0	0	0	0	0	0	0	0	0	
818842	0	0	0	0	0	0	109	0	0	0	0	0	0	0	0	0	
819595	0	0	0	0	0	63	62	0	0	0	0	0	0	0	0	0	
820342	0	0	0	0	0	117	0	0	0	0	0	0	0	0	0	0	
821089	0	0	0	0	0	129	0	0	0	0	0	0	0	0	0	0	
821841	0	0	0	0	0	129	0	0	0	0	0	0	0	0	0	0	
822592	0	0	0	0	0	155	0	0	0	0	0	0	0	0	0	0	
823342	0	0	0	0	0	139	0	0	0	0	0	0	0	0	0	0	
824093	0	0	0	0	0	139	0	0	0	0	0	0	0	0	0	0	
824843	0	0	0	0	0	141	0	0	0	0	0	0	0	0	0	0	
825595	0	0	0	0	0	127	0	0	0	0	0	0	0	0	0	0	
826343	0	0	0	0	0	121	0	0	0	0	0	0	0	0	0	0	
827093	0	0	0	0	0	147	0	0	0	0	0	0	0	0	0	0	
827839	0	0	0	0	0	151	0	0	0	0	0	0	0	0	0	0	
828590	0	0	0	0	0	153	0	0	0	0	0	0	0	0	0	0	
829341	0	0	0	0	0	137	0	0	0	0	0	0	0	0	0	0	
830092	0	0	0	0	0	125	0	0	0	0	0	0	0	0	0	0	
830844	0	0	0	0	0	143	0	0	0	0	0	0	0	0	0	0	
831597	0	0	0	0	0	121	0	0	0	0	0	0	0	0	0	0	
832352	0	0	0	0	0	129	0	0	0	0	0	0	0	0	0	0	
833106	0	0	0	0	0	117	0	0	0	0	0	0	0	0	0	0	
833857	0	0	0	0	0	119	0	0	0	0	0	0	0	0	0	0	
834604	0	0	0	0	0	133	0	0	0	0	0	0	0	0	0	0	
835355	0	0	0	0	0	127	0	0	0	0	0	0	0	0	0	0	
836107	0	0	0	0	0	119	0	0	0	0	0	0	0	0	0	0	
836855	0	0	0	0	37	108	0	0	0	0	0	0	0	0	0	0	
837605	0	0	0	0	0	125	0	0	0	0	0	0	0	0	0	0	
838354	0	0	0	0	0	149	0	0	0	0	0	0	0	0	0	0	
839103	0	0	0	0	0	133	0	0	0	0	0	0	0	0	0	0	
839854	0	0	0	0	0	58	59	0	0	0	0	0	0	0	0	0	
840604	0	0	0	0	0	0	0	99	0	0	0	0	0	0	0	0	
841354	0	0	0	0	0	0	0	99	0	0	0	0	0	0	0	0	
842105	0	0	0	0	0	0	0	93	0	0	0	0	0	0	0	0	
842855	0	0	0	0	0	0	0	93	0	0	0	0	0	0	0	0	
843603	0	0	0	0	0	0	0	107	0	0	0	0	0	0	0	0	
844353	0	0	0	0	0	0	0	101	0	0	0	0	0	0	0	0	
845100	0	0	0	0	0	0	0	107	0	0	0	0	0	0	0	0	
845851	0	0	0	0	0	0	0	98	7	0	0	0	0	0	0	0	
846602	0	0	0	0	0	0	0	105	0	0	0	0	0	0	0	0	
847351	0	0	0	0	0	0	0	95	0	0	0	0	0	0	0	0	
848103	0	0	0	0	0	0	0	113	0	0	0	0	0	0	0	0	
848852	0	0	0	0	0	0	0	75	0	0	0	0	0	0	0	0	
849601	0	0	0	0	0	0	0	107	0	0	0	0	0	0	0	0	
850353	0	0	0	0	0	0	0	93	0	0	0	0	0	0	0	0	
851105	0	0	0	0	0	0	0	95	0	0	0	0	0	0	0	0	
851855	0	0	0	0	0	0	0	109	0	0	0	0	0	0	0	0	
852602	0	0	0	0	0	0	0	111	0	0	0	0	0	0	0	0	
853357	0	0	0	0	0	0	107	0	0	0	0	0	0	0	0	0	
854107	0	0	0	0	0	0	121	0	0	0	0	0	0	0	0	0	
854857	0	0	0	0	0	0	119	0	0	0	0	0	0	0	0	0	
855605	0	0	0	0	0	0	101	0	0	0	0	0	0	0	0	0	
856359	0	0	0	0	0	0	115	0	0	0	0	0	0	0	0	0	
857107	0	0	0	0	0	0	119	0	0	0	0	0	0	0	0	0	
857856	0	0	0	0	0	0	133	0	0	0	0	0	0	0	0	0	
858606	0	0	0	0	0	0	131	0	0	0	0	0	0	0	0	0	
859356	0	0	0	0	0	0	117	0	0	0	0	0	0	0	0	0	
860108	0	0	0	0	0	0	107	0	0	0	0	0	0	0	0	0	
860855	0	0	0	0	0	0	109	0	0	0	0	0	0	0	0	0	
861605	0	0	0	0	0	0	143	0	0	0	0	0	0	0	0	0	
862351	0	0	0	0	0	0	121	0	0	0	0	0	0	0	0	0	
863099	0	0	0	0	0	0	109	0	0	0	0	0	0	0	0	0	
863847	0	0	0	0	0	0	119	0	0	0	0	0	0	0	0	0	
864598	0	0	0	0	0	0	0	119	0	0	0	0	0	0	0	0	
865344	0	0	0	0	0	0	0	119	0	0	0	0	0	0	0	0	
866094	0	0	0	0	0	0	0	107	0	0	0	0	0	0	0	0	
866847	0	0	0	0	0	0	0	97	0	0	0	0	0	0	0	0	
867596	0	0	0	0	0	0	0	105	0	0	0	0	0	0	0	0	
868350	0	0	0	0	0	0	0	91	0	0	0	0	0	0	0	0	
869099	0	0	0	0	0	0	0	95	0	0	0	0	0	0	0	0	
869851	0	0	0	0	0	0	0	93	0	0	0	0	0	0	0	0	
870598	0	0	0	0	0	0	0	105	0	0	0	0	0	0	0	0	
871350	0	0	0	0	0	0	0	107	0	0	0	0	0	0	0	0	
872103	0	0	0	0	0	0	0	95	0	0	0	0	0	0	0	0	
872852	0	0	0	0	0	0	0	97	0	0	0	0	0	0	0	0	
873602	0	0	0	0	0	0	0	87	0	0	0	0	0	0	0	0	
874348	0	0	0	0	0	0	0	85	0	0	0	0	0	0	0	0	
875097	0	0	0	0	0	0	0	91	0	0	0	0	0	0	0	0	
875846	0	0	0	0	0	0	0	97	0	0	0	0	0	0	0	0	
876594	0	0	0	0	0	0	0	95	0	0	0	0	0	0	0	0	
877343	0	0	0	0	0	0	0	91	0	0	0	0	0	0	0	0	
878094	0	0	0	0	0	0	0	95	0	0	0	0	0	0	0	0	
878843	0	0	0	0	0	0	0	87	0	0	0	0	0	0	0	0	
879593	0	0	0	0	0	0	0	103	0	0	0	0	0	0	0	0	
880344	0	0	0	0	0	0	0	97	0	0	0	0	0	0	0	0	
881097	0	0	0	0	0	0	0	103	0	0	0	0	0	0	0	0	
881848	0	0	0	0	0	0	0	103	0	0	0	0	0	0	0	0	
882597	0	0	0	0	0	0	0	91	0	0	0	0	0	0	0	0	
883346	0	0	0	0	0	0	0	109	0	0	0	0	0	0	0	0	
884097	0	0	0	0	0	0	0	99	0	0	0	0	0	0	0	0	
884848	0	0	0	0	0	0	0	107	0	0	0	0	0	0	0	0	
885598	0	0	0	0	0	0	121	0	0	0	0	0	0	0	0	0	
886350	0	0	0	0	0	0	127	0	0	0	0	0	0	0	0	0	
887099	0	0	0	0	0	0	117	0	0	0	0	0	0	0	0	0	
887850	0	0	0	0	0	0	117	0	0	0	0	0	0	0	0	0	
888599	0	0	0	0	0	0	119	0	0	0	0	0	0	0	0	0	
889351	0	0	0	0	0	0	121	0	0	0	0	0	0	0	0	0	
890099	0	0	0	0	0	0	91	0	0	0	0	0	0	0	0	0	
890846	0	0	0	0	0	135	0	0	0	0	0	0	0	0	0	0	
891595	0	0	0	0	0	133	0	0	0	0	0	0	0	0	0	0	
892343	0	0	0	0	0	121	0	0	0	0	0	0	0	0	0	0	
893096	0	0	0	0	0	139	0	0	0	0	0	0	0	0	0	0	
893843	0	0	0	0	0	141	0	0	0	0	0	0	0	0	0	0	
894598	0	0	0	0	0	133	0	0	0	0	0	0	0	0	0	0	
895346	0	0	0	0	0	121	0	0	0	0	0	0	0	0	0	0	
896092	0	0	0	0	0	135	0	0	0	0	0	0	0	0	0	0	
896840	0	0	0	0	0	125	0	0	0	0	0	0	0	0	0	0	
897590	0	0	0	0	0	117	0	0	0	0	0	0	0	0	0	0	
898340	0	0	0	0	0	121	0	0	0	0	0	0	0	0	0	0	
899090	0	0	0	0	0	139	0	0	0	0	0	0	0	0	0	0	
899838	0	0	0	0	0	129	0	0	0	0	0	0	0	0	0	0	
900592	0	0	0	0	0	135	0	0	0	0	0	0	0	0	0	0	
901339	0	0	0	0	0	148	13	0	0	0	0	0	0	0	0	0	
902092	0	0	0	0	0	143	0	0	0	0	0	0	0	0	0	0	
902841	0	0	0	0	0	149	0	0	0	0	0	0	0	0	0	0	
903592	0	0	0	0	0	121	0	0	0	0	0	0	0	0	0	0	
904342	0	0	0	0	0	131	0	0	0	0	0	0	0	0	0	0	
905094	0	0	0	0	0	135	0	0	0	0	0	0	0	0	0	0	
905844	0	0	0	0	0	137	0	0	0	0	0	0	0	0	0	0	
906593	0	0	0	0	0	159	0	0	0	0	0	0	0	0	0	0	
907342	0	0	0	0	0	159	0	0	0	0	0	0	0	0	0	0	
908094	0	0	0	0	0	147	0	0	0	0	0	0	0	0	0	0	
908844	0	0	0	0	0	119	0	0	0	0	0	0	0	0	0	0	
909595	0	0	0	0	0	133	0	0	0	0	0	0	0	0	0	0	
910346	0	0	0	0	0	143	0	0	0	0	0	0	0	0	0	0	
911100	0	0	0	0	0	145	0	0	0	0	0	0	0	0	0	0	
911852	0	0	0	0	0	125	0	0	0	0	0	0	0	0	0	0	
912603	0	0	0	0	0	151	0	0	0	0	0	0	0	0	0	0	
913353	0	0	0	0	0	115	0	0	0	0	0	0	0	0	0	0	
914102	0	0	0	0	0	121	0	0	0	0	0	0	0	0	0	0	
914852	0	0	0	0	0	135	0	0	0	0	0	0	0	0	0	0	
915602	0	0	0	0	0	129	0	0	0	0	0	0	0	0	0	0	
916351	0	0	0	0	0	125	0	0	0	0	0	0	0	0	0	0	
917101	0	0	0	0	0	121	0	0	0	0	0	0	0	0	0	0	
917853	0	0	0	0	0	123	0	0	0	0	0	0	0	0	0	0	
918605	0	0	0	0	0	143	0	0	0	0	0	0	0	0	0	0	
919353	0	0	0	0	0	135	0	0	0	0	0	0	0	0	0	0	
920104	0	0	0	0	0	141	0	0	0	0	0	0	0	0	0	0	
920850	0	0	0	0	0	143	0	0	0	0	0	0	0	0	0	0	
921599	0	0	0	0	0	135	0	0	0	0	0	0	0	0	0	0	
922349	0	0	0	0	0	143	0	0	0	0	0	0	0	0	0	0	
923101	0	0	0	0	0	151	0	0	0	0	0	0	0	0	0	0	
923852	0	0	0	0	0	123	0	0	0	0	0	0	0	0	0	0	
924601	0	0	0	0	0	123	0	0	0	0	0	0	0	0	0	0	
925350	0	0	0	0	0	135	0	0	0	0	0	0	0	0	0	0	
926101	0	0	0	0	0	127	0	0	0	0	0	0	0	0	0	0	
926854	0	0	0	0	0	5	108	0	0	0	0	0	0	0	0	0	
927606	0	0	0	0	0	0	121	0	0	0	0	0	0	0	0	0	
928360	0	0	0	0	0	0	113	0	0	0	0	0	0	0	0	0	
929110	0	0	0	0	0	0	121	0	0	0	0	0	0	0	0	0	
929861	0	0	0	0	0	0	109	0	0	0	0	0	0	0	0	0	
930608	0	0	0	0	0	0	121	0	0	0	0	0	0	0	0	0	
931355	0	0	0	0	0	0	127	0	0	0	0	0	0	0	0	0	
932104	0	0	0	0	0	0	109	0	0	0	0	0	0	0	0	0	
932855	0	0	0	0	0	0	111	0	0	0	0	0	0	0	0	0	
933600	0	0	0	0	0	0	109	0	0	0	0	0	0	0	0	0	
934351	0	0	0	0	0	143	0	0	0	0	0	0	0	0	0	0	
935104	0	0	0	0	0	123	0	0	0	0	0	0	0	0	0	0	
935857	0	0	0	0	0	143	0	0	0	0	0	0	0	0	0	0	
936606	0	0	0	0	0	125	0	0	0	0	0	0	0	0	0	0	
937359	0	0	0	0	0	135	0	0	0	0	0	0	0	0	0	0	
938107	0	0	0	0	0	123	0	0	0	0	0	0	0	0	0	0	
938859	0	0	0	0	0	133	0	0	0	0	0	0	0	0	0	0	
939609	0	0	0	0	0	137	0	0	0	0	0	0	0	0	0	0	
940361	0	0	0	0	0	149	0	0	0	0	0	0	0	0	0	0	
941115	0	0	0	0	0	123	0	0	0	0	0	0	0	0	0	0	
941867	0	0	0	0	0	137	0	0	0	0	0	0	0	0	0	0	
942616	0	0	0	0	0	151	0	0	0	0	0	0	0	0	0	0	
943365	0	0	0	0	0	143	0	0	0	0	0	0	0	0	0	0	
944112	0	0	0	0	0	131	0	0	0	0	0	0	0	0	0	0	
944864	0	0	0	0	0	141	0	0	0	0	0	0	0	0	0	0	
945613	0	0	0	0	0	107	0	0	0	0	0	0	0	0	0	0	
946365	0	0	0	0	0	139	0	0	0	0	0	0	0	0	0	0	
947116	0	0	0	0	0	129	4	0	0	0	0	0	0	0	0	0	
947868	0	0	0	0	0	129	0	0	0	0	0	0	0	0	0	0	
948617	0	0	0	0	0	131	0	0	0	0	0	0	0	0	0	0	
949370	0	0	0	0	0	121	0	0	0	0	0	0	0	0	0	0	
950120	0	0	0	0	0	135	0	0	0	0	0	0	0	0	0	0	
950867	0	0	0	0	0	123	0	0	0	0	0	0	0	0	0	0	
951617	0	0	0	0	0	119	0	0	0	0	0	0	0	0	0	0	
952369	0	0	0	0	0	125	0	0	0	0	0	0	0	0	0	0	
953118	0	0	0	0	0	115	2	0	0	0	0	0	0	0	0	0	
953866	0	0	0	0	0	127	0	0	0	0	0	0	0	0	0	0	
954615	0	0	0	0	0	117	0	0	0	0	0	0	0	0	0	0	
955360	0	0	0	0	0	111	0	0	0	0	0	0	0	0	0	0	
956112	0	0	0	0	0	129	0	0	0	0	0	0	0	0	0	0	
956864	0	0	0	0	0	145	0	0	0	0	0	0	0	0	0	0	
957612	0	0	0	0	0	115	0	0	0	0	0	0	0	0	0	0	
958363	0	0	0	0	0	147	0	0	0	0	0	0	0	0	0	0	
959110	0	0	0	0	0	153	0	0	0	0	0	0	0	0	0	0	
959857	0	0	0	0	0	141	0	0	0	0	0	0	0	0	0	0	
960608	0	0	0	0	0	117	0	0	0	0	0	0	0	0	0	0	
961357	0	0	0	0	0	129	0	0	0	0	0	0	0	0	0	0	
962107	0	0	0	0	0	135	0	0	0	0	0	0	0	0	0	0	
962857	0	0	0	0	0	131	0	0	0	0	0	0	0	0	0	0	
963608	0	0	0	0	0	141	0	0	0	0	0	0	0	0	0	0	
964360	0	0	0	0	0	149	0	0	0	0	0	0	0	0	0	0	
965105	0	0	0	0	13	128	0	0	0	0	0	0	0	0	0	0	
965858	0	0	0	0	145	0	0	0	0	0	0	0	0	0	0	0	
966605	0	0	0	0	179	0	0	0	0	0	0	0	0	0	0	0	
967356	0	0	0	0	167	0	0	0	0	0	0	0	0	0	0	0	
968107	0	0	0	0	161	0	0	0	0	0	0	0	0	0	0	0	
968860	0	0	0	0	159	0	0	0	0	0	0	0	0	0	0	0	
969612	0	0	0	0	123	0	0	0	0	0	0	0	0	0	0	0	
970361	0	0	0	0	167	0	0	0	0	0	0	0	0	0	0	0	
971110	0	0	0	0	155	0	0	0	0	0	0	0	0	0	0	0	
971860	0	0	0	0	143	0	0	0	0	0	0	0	0	0	0	0	
972608	0	0	0	0	165	0	0	0	0	0	0	0	0	0	0	0	
973359	0	0	0	0	161	0	0	0	0	0	0	0	0	0	0	0	
974109	0	0	0	0	151	0	0	0	0	0	0	0	0	0	0	0	
974861	0	0	0	0	159	0	0	0	0	0	0	0	0	0	0	0	
975607	0	0	0	0	155	0	0	0	0	0	0	0	0	0	0	0	
976357	0	0	0	0	147	0	0	0	0	0	0	0	0	0	0	0	
977108	0	0	0	0	173	0	0	0	0	0	0	0	0	0	0	0	
977857	0	0	0	0	158	1	0	0	0	0	0	0	0	0	0	0	
978608	0	0	0	0	143	0	0	0	0	0	0	0	0	0	0	0	
979358	0	0	0	0	147	0	0	0	0	0	0	0	0	0	0	0	
980107	0	0	0	0	151	0	0	0	0	0	0	0	0	0	0	0	
980856	0	0	0	0	0	127	0	0	0	0	0	0	0	0	0	0	
981609	0	0	0	0	0	121	0	0	0	0	0	0	0	0	0	0	
982355	0	0	0	0	0	155	0	0	0	0	0	0	0	0	0	0	
983106	0	0	0	0	0	125	0	0	0	0	0	0	0	0	0	0	
983860	0	0	0	0	0	141	0	0	0	0	0	0	0	0	0	0	
984610	0	0	0	0	0	137	0	0	0	0	0	0	0	0	0	0	
985358	0	0	0	0	0	127	0	0	0	0	0	0	0	0	0	0	
986109	0	0	0	0	0	171	0	0	0	0	0	0	0	0	0	0	
986859	0	0	0	0	0	135	0	0	0	0	0	0	0	0	0	0	
987607	0	0	0	0	0	119	0	0	0	0	0	0	0	0	0	0	
988362	0	0	0	0	0	127	0	0	0	0	0	0	0	0	0	0	
989113	0	0	0	0	0	145	0	0	0	0	0	0	0	0	0	0	
989863	0	0	0	0	0	159	0	0	0	0	0	0	0	0	0	0	
990616	0	0	0	0	0	131	0	0	0	0	0	0	0	0	0	0	
991364	0	0	0	0	0	115	0	0	0	0	0	0	0	0	0	0	
992114	0	0	0	0	0	145	0	0	0	0	0	0	0	0	0	0	
992862	0	0	0	0	0	125	0	0	0	0	0	0	0	0	0	0	
993615	0	0	0	0	0	135	0	0	0	0	0	0	0	0	0	0	
994366	0	0	0	0	0	0	109	0	0	0	0	0	0	0	0	0	
995115	0	0	0	0	0	0	125	0	0	0	0	0	0	0	0	0	
995863	0	0	0	0	0	0	121	0	0	0	0	0	0	0	0	0	
996612	0	0	0	0	0	0	99	0	0	0	0	0	0	0	0	0	
997366	0	0	0	0	0	0	95	0	0	0	0	0	0	0	0	0	
998117	0	0	0	0	0	0	103	0	0	0	0	0	0	0	0	0	
998866	0	0	0	0	0	0	109	0	0	0	0	0	0	0	0	0	
999615	0	0	0	0	0	0	105	0	0	0	0	0	0	0	0	0	
1.00036e+06	0	0	0	0	0	0	111	0	0	0	0	0	0	0	0	0	
1.00112e+06	0	0	0	0	0	123	0	0	0	0	0	0	0	0	0	0	
1.00187e+06	0	0	0	0	0	117	0	0	0	0	0	0	0	0	0	0	
1.00262e+06	0	0	0	0	0	117	0	0	0	0	0	0	0	0	0	0	
1.00337e+06	0	0	0	0	0	141	0	0	0	0	0	0	0	0	0	0	
1.00412e+06	0	0	0	0	0	129	0	0	0	0	0	0	0	0	0	0	
1.00487e+06	0	0	0	0	0	127	0	0	0	0	0	0	0	0	0	0	
1.00562e+06	0	0	0	0	0	163	0	0	0	0	0	0	0	0	0	0	
1.00637e+06	0	0	0	0	137	0	0	0	0	0	0	0	0	0	0	0	
1.00711e+06	0	0	0	0	155	0	0	0	0	0	0	0	0	0	0	0	
1.00786e+06	0	0	0	0	153	0	0	0	0	0	0	0	0	0	0	0	
1.00862e+06	0	0	0	0	151	0	0	0	0	0	0	0	0	0	0	0	
1.00937e+06	0	0	0	0	159	0	0	0	0	0	0	0	0	0	0	0	
1.01012e+06	0	0	0	0	145	0	0	0	0	0	0	0	0	0	0	0	
1.01087e+06	0	0	0	0	155	0	0	0	0	0	0	0	0	0	0	0	
1.01162e+06	0	0	0	0	161	0	0	0	0	0	0	0	0	0	0	0	
1.01237e+06	0	0	0	0	167	0	0	0	0	0	0	0	0	0	0	0	
1.01312e+06	0	0	0	0	153	0	0	0	0	0	0	0	0	0	0	0	
1.01388e+06	0	0	0	0	153	0	0	0	0	0	0	0	0	0	0	0	
1.01463e+06	0	0	0	0	155	0	0	0	0	0	0	0	0	0	0	0	
1.01538e+06	0	0	0	0	179	0	0	0	0	0	0	0	0	0	0	0	
1.01613e+06	0	0	0	0	153	0	0	0	0	0	0	0	0	0	0	0	
1.01688e+06	0	0	0	0	163	0	0	0	0	0	0	0	0	0	0	0	
1.01763e+06	0	0	0	0	155	0	0	0	0	0	0	0	0	0	0	0	
1.01838e+06	0	0	0	0	163	0	0	0	0	0	0	0	0	0	0	0	
1.01912e+06	0	0	0	0	157	0	0	0	0	0	0	0	0	0	0	0	
1.01987e+06	0	0	0	0	167	0	0	0	0	0	0	0	0	0	0	0	
1.02062e+06	0	0	0	0	149	0	0	0	0	0	0	0	0	0	0	0	
1.02138e+06	0	0	0	0	185	0	0	0	0	0	0	0	0	0	0	0	
1.02213e+06	0	0	0	0	149	0	0	0	0	0	0	0	0	0	0	0	
1.02287e+06	0	0	0	0	181	0	0	0	0	0	0	0	0	0	0	0	
1.02363e+06	0	0	0	0	171	0	0	0	0	0	0	0	0	0	0	0	
1.02438e+06	0	0	0	0	151	0	0	0	0	0	0	0	0	0	0	0	
1.02512e+06	0	0	0	0	155	0	0	0	0	0	0	0	0	0	0	0	
1.02588e+06	0	0	0	0	179	0	0	0	0	0	0	0	0	0	0	0	
1.02662e+06	0	0	0	0	179	0	0	0	0	0	0	0	0	0	0	0	
1.02737e+06	0	0	0	0	147	0	0	0	0	0	0	0	0	0	0	0	
1.02812e+06	0	0	0	0	147	12	0	0	0	0	0	0	0	0	0	0	
1.02887e+06	0	0	0	0	139	0	0	0	0	0	0	0	0	0	0	0	
1.02961e+06	0	0	0	0	171	0	0	0	0	0	0	0	0	0	0	0	
1.03036e+06	0	0	0	0	155	0	0	0	0	0	0	0	0	0	0	0	
1.03111e+06	0	0	0	0	189	0	0	0	0	0	0	0	0	0	0	0	
1.03186e+06	0	0	0	0	139	0	0	0	0	0	0	0	0	0	0	0	
1.03261e+06	0	0	0	0	157	0	0	0	0	0	0	0	0	0	0	0	
1.03336e+06	0	0	0	0	149	0	0	0	0	0	0	0	0	0	0	0	
1.03411e+06	0	0	0	0	187	0	0	0	0	0	0	0	0	0	0	0	
1.03486e+06	0	0	7	180	0	0	0	0	0	0	0	0	0	0	0	0	
1.03561e+06	0	0	0	221	0	0	0	0	0	0	0	0	0	0	0	0	
1.03636e+06	0	0	0	207	0	0	0	0	0	0	0	0	0	0	0	0	
1.03712e+06	0	0	0	181	0	0	0	0	0	0	0	0	0	0	0	0	
1.03787e+06	0	0	0	199	0	0	0	0	0	0	0	0	0	0	0	0	
1.03862e+06	0	0	0	195	0	0	0	0	0	0	0	0	0	0	0	0	
1.03937e+06	0	0	0	181	0	0	0	0	0	0	0	0	0	0	0	0	
1.04012e+06	0	0	0	223	0	0	0	0	0	0	0	0	0	0	0	0	
1.04087e+06	0	0	0	173	0	0	0	0	0	0	0	0	0	0	0	0	
1.04162e+06	0	0	0	183	0	0	0	0	0	0	0	0	0	0	0	0	
1.04237e+06	0	0	0	195	0	0	0	0	0	0	0	0	0	0	0	0	
1.04312e+06	0	0	0	225	0	0	0	0	0	0	0	0	0	0	0	0	
1.04386e+06	0	0	0	209	0	0	0	0	0	0	0	0	0	0	0	0	
1.04461e+06	0	0	0	187	0	0	0	0	0	0	0	0	0	0	0	0	
1.04537e+06	0	0	0	191	0	0	0	0	0	0	0	0	0	0	0	0	
1.04612e+06	0	0	0	197	0	0	0	0	0	0	0	0	0	0	0	0	
1.04687e+06	0	0	0	195	0	0	0	0	0	0	0	0	0	0	0	0	
1.04762e+06	0	0	0	199	0	0	0	0	0	0	0	0	0	0	0	0	
1.04837e+06	0	0	0	193	0	0	0	0	0	0	0	0	0	0	0	0	
1.04912e+06	0	0	0	201	0	0	0	0	0	0	0	0	0	0	0	0	
1.04987e+06	0	0	0	217	0	0	0	0	0	0	0	0	0	0	0	0	
1.05062e+06	0	0	0	185	0	0	0	0	0	0	0	0	0	0	0	0	
1.05137e+06	0	0	6	193	0	0	0	0	0	0	0	0	0	0	0	0	
1.05212e+06	0	0	0	219	0	0	0	0	0	0	0	0	0	0	0	0	
1.05287e+06	0	0	0	183	0	0	0	0	0	0	0	0	0	0	0	0	
1.05362e+06	0	0	0	187	0	0	0	0	0	0	0	0	0	0	0	0	
1.05437e+06	0	0	7	180	0	0	0	0	0	0	0	0	0	0	0	0	
1.05511e+06	0	0	0	193	0	0	0	0	0	0	0	0	0	0	0	0	
1.05587e+06	0	0	0	203	0	0	0	0	0	0	0	0	0	0	0	0	
1.05662e+06	0	0	0	201	0	0	0	0	0	0	0	0	0	0	0	0	
1.05737e+06	0	0	0	187	0	0	0	0	0	0	0	0	0	0	0	0	
1.05812e+06	0	0	0	171	0	0	0	0	0	0	0	0	0	0	0	0	
1.05887e+06	0	0	0	85	102	0	0	0	0	0	0	0	0	0	0	0	
1.05962e+06	0	0	0	205	0	0	0	0	0	0	0	0	0	0	0	0	
1.06037e+06	0	0	0	199	0	0	0	0	0	0	0	0	0	0	0	0	
1.06111e+06	0	0	0	189	0	0	0	0	0	0	0	0	0	0	0	0	
1.06187e+06	0	0	265	0	0	0	0	0	0	0	0	0	0	0	0	0	
1.06262e+06	0	0	273	0	0	0	0	0	0	0	0	0	0	0	0	0	
1.06336e+06	0	0	275	0	0	0	0	0	0	0	0	0	0	0	0	0	
1.06412e+06	0	0	261	0	0	0	0	0	0	0	0	0	0	0	0	0	
1.06487e+06	0	0	233	0	0	0	0	0	0	0	0	0	0	0	0	0	
1.06562e+06	0	0	235	0	0	0	0	0	0	0	0	0	0	0	0	0	
1.06637e+06	0	0	261	0	0	0	0	0	0	0	0	0	0	0	0	0	
1.06711e+06	0	0	261	0	0	0	0	0	0	0	0	0	0	0	0	0	
1.06787e+06	0	0	259	0	0	0	0	0	0	0	0	0	0	0	0	0	
1.06862e+06	0	0	263	0	0	0	0	0	0	0	0	0	0	0	0	0	
1.06937e+06	0	19	242	0	0	0	0	0	0	0	0	0	0	0	0	0	
1.07012e+06	0	0	273	0	0	0	0	0	0	0	0	0	0	0	0	0	
1.07087e+06	0	0	215	0	0	0	0	0	0	0	0	0	0	0	0	0	
1.07162e+06	0	0	277	0	0	0	0	0	0	0	0	0	0	0	0	0	
1.07237e+06	0	0	241	0	0	0	0	0	0	0	0	0	0	0	0	0	
1.07312e+06	0	0	279	0	0	0	0	0	0	0	0	0	0	0	0	0	
1.07387e+06	0	0	13	216	0	0	0	0	0	0	0	0	0	0	0	0	
1.07462e+06	0	0	0	215	0	0	0	0	0	0	0	0	0	0	0	0	
1.07537e+06	0	0	0	185	0	0	0	0	0	0	0	0	0	0	0	0	
1.07612e+06	0	0	0	217	0	0	0	0	0	0	0	0	0	0	0	0	
1.07687e+06	0	0	0	195	0	0	0	0	0	0	0	0	0	0	0	0	
1.07762e+06	0	0	0	205	0	0	0	0	0	0	0	0	0	0	0	0	
1.07837e+06	0	0	0	195	0	0	0	0	0	0	0	0	0	0	0	0	
1.07912e+06	0	0	0	219	0	0	0	0	0	0	0	0	0	0	0	0	
1.07987e+06	0	0	0	181	0	0	0	0	0	0	0	0	0	0	0	0	
1.08062e+06	0	0	0	207	0	0	0	0	0	0	0	0	0	0	0	0	
1.08137e+06	0	0	0	187	0	0	0	0	0	0	0	0	0	0	0	0	
1.08212e+06	0	0	0	217	0	0	0	0	0	0	0	0	0	0	0	0	
1.08288e+06	0	0	0	193	0	0	0	0	0	0	0	0	0	0	0	0	
1.08362e+06	0	0	0	207	0	0	0	0	0	0	0	0	0	0	0	0	
1.08437e+06	0	0	0	181	0	0	0	0	0	0	0	0	0	0	0	0	
1.08512e+06	0	0	0	211	0	0	0	0	0	0	0	0	0	0	0	0	
1.08587e+06	0	0	0	187	0	0	0	0	0	0	0	0	0	0	0	0	
1.08662e+06	0	0	0	227	0	0	0	0	0	0	0	0	0	0	0	0	
1.08737e+06	0	0	0	225	0	0	0	0	0	0	0	0	0	0	0	0	
1.08812e+06	0	0	0	203	0	0	0	0	0	0	0	0	0	0	0	0	
1.08886e+06	0	0	0	197	0	0	0	0	0	0	0	0	0	0	0	0	
1.08962e+06	0	0	0	183	0	0	0	0	0	0	0	0	0	0	0	0	
1.09036e+06	0	0	0	201	0	0	0	0	0	0	0	0	0	0	0	0	
1.09111e+06	0	0	0	189	0	0	0	0	0	0	0	0	0	0	0	0	
1.09186e+06	0	0	0	191	0	0	0	0	0	0	0	0	0	0	0	0	
1.09262e+06	0	0	0	219	0	0	0	0	0	0	0	0	0	0	0	0	
1.09337e+06	0	0	0	209	0	0	0	0	0	0	0	0	0	0	0	0	
1.09412e+06	0	0	0	189	0	0	0	0	0	0	0	0	0	0	0	0	
1.09486e+06	0	0	0	0	151	0	0	0	0	0	0	0	0	0	0	0	
1.09561e+06	0	0	0	0	149	0	0	0	0	0	0	0	0	0	0	0	
1.09637e+06	0	0	0	0	151	0	0	0	0	0	0	0	0	0	0	0	
1.09712e+06	0	0	0	0	175	0	0	0	0	0	0	0	0	0	0	0	
1.09786e+06	0	0	0	0	171	0	0	0	0	0	0	0	0	0	0	0	
1.09861e+06	0	0	0	0	143	0	0	0	0	0	0	0	0	0	0	0	
1.09936e+06	0	0	0	0	141	0	0	0	0	0	0	0	0	0	0	0	
1.10011e+06	0	0	0	1	170	0	0	0	0	0	0	0	0	0	0	0	
1.10086e+06	0	0	0	0	165	0	0	0	0	0	0	0	0	0	0	0	
1.10161e+06	0	0	0	0	169	0	0	0	0	0	0	0	0	0	0	0	
1.10236e+06	0	0	0	0	159	0	0	0	0	0	0	0	0	0	0	0	
1.10311e+06	0	0	0	0	159	0	0	0	0	0	0	0	0	0	0	0	
1.10386e+06	0	0	0	0	151	0	0	0	0	0	0	0	0	0	0	0	
1.10461e+06	0	0	0	0	155	0	0	0	0	0	0	0	0	0	0	0	
1.10536e+06	0	0	0	0	171	0	0	0	0	0	0	0	0	0	0	0	
1.10611e+06	0	0	0	0	147	0	0	0	0	0	0	0	0	0	0	0	
1.10686e+06	0	0	0	0	177	0	0	0	0	0	0	0	0	0	0	0	
1.10761e+06	0	0	0	0	157	0	0	0	0	0	0	0	0	0	0	0	
1.10836e+06	0	0	0	0	161	0	0	0	0	0	0	0	0	0	0	0	
1.10911e+06	0	0	0	0	151	0	0	0	0	0	0	0	0	0	0	0	
1.10986e+06	0	0	0	0	179	0	0	0	0	0	0	0	0	0	0	0	
1.11061e+06	0	0	0	0	151	0	0	0	0	0	0	0	0	0	0	0	
1.11137e+06	0	0	0	0	169	0	0	0	0	0	0	0	0	0	0	0	
1.11211e+06	0	0	0	0	165	0	0	0	0	0	0	0	0	0	0	0	
1.11286e+06	0	0	0	0	147	0	0	0	0	0	0	0	0	0	0	0	
1.11361e+06	0	0	0	0	141	0	0	0	0	0	0	0	0	0	0	0	
1.11436e+06	0	0	0	0	141	0	0	0	0	0	0	0	0	0	0	0	
1.11511e+06	0	0	0	0	161	0	0	0	0	0	0	0	0	0	0	0	
1.11586e+06	0	0	0	0	153	8	0	0	0	0	0	0	0	0	0	0	
1.11661e+06	0	0	0	0	165	0	0	0	0	0	0	0	0	0	0	0	
1.11736e+06	0	0	0	0	165	0	0	0	0	0	0	0	0	0	0	0	
1.11811e+06	0	0	0	0	165	0	0	0	0	0	0	0	0	0	0	0	
1.11886e+06	0	0	0	0	143	0	0	0	0	0	0	0	0	0	0	0	
1.11961e+06	0	0	0	0	157	0	0	0	0	0	0	0	0	0	0	0	
1.12035e+06	0	0	0	0	153	0	0	0	0	0	0	0	0	0	0	0	
1.12111e+06	0	0	0	0	143	0	0	0	0	0	0	0	0	0	0	0	
1.12186e+06	0	0	0	0	155	0	0	0	0	0	0	0	0	0	0	0	
1.12261e+06	0	0	0	0	151	0	0	0	0	0	0	0	0	0	0	0	
1.12335e+06	0	0	0	0	167	0	0	0	0	0	0	0	0	0	0	0	
1.12411e+06	0	0	0	0	163	0	0	0	0	0	0	0	0	0	0	0	
1.12486e+06	0	0	0	0	145	0	0	0	0	0	0	0	0	0	0	0	
1.12561e+06	0	0	0	0	0	139	0	0	0	0	0	0	0	0	0	0	
1.12636e+06	0	0	0	0	0	131	0	0	0	0	0	0	0	0	0	0	
1.12711e+06	0	0	0	0	0	123	0	0	0	0	0	0	0	0	0	0	
1.12786e+06	0	0	0	0	0	149	0	0	0	0	0	0	0	0	0	0	
1.12861e+06	0	0	0	0	0	149	0	0	0	0	0	0	0	0	0	0	
1.12936e+06	0	0	0	0	0	123	0	0	0	0	0	0	0	0	0	0	
1.13011e+06	0	0	0	0	0	125	0	0	0	0	0	0	0	0	0	0	
1.13086e+06	0	0	0	0	0	145	0	0	0	0	0	0	0	0	0	0	
1.13161e+06	0	0	0	0	0	145	0	0	0	0	0	0	0	0	0	0	
1.13236e+06	0	0	0	0	0	135	0	0	0	0	0	0	0	0	0	0	
1.13311e+06	0	0	0	0	0	147	0	0	0	0	0	0	0	0	0	0	
1.13386e+06	0	0	0	0	0	135	0	0	0	0	0	0	0	0	0	0	
1.13461e+06	0	0	0	0	0	129	0	0	0	0	0	0	0	0	0	0	
1.13536e+06	0	0	0	0	0	133	0	0	0	0	0	0	0	0	0	0	
1.13611e+06	0	0	0	0	0	143	0	0	0	0	0	0	0	0	0	0	
1.13686e+06	0	0	0	0	0	123	0	0	0	0	0	0	0	0	0	0	
1.13761e+06	0	0	0	0	0	114	21	0	0	0	0	0	0	0	0	0	
1.13836e+06	0	0	0	0	0	147	0	0	0	0	0	0	0	0	0	0	
1.13911e+06	0	0	0	0	0	141	0	0	0	0	0	0	0	0	0	0	
1.13986e+06	0	0	0	0	0	127	0	0	0	0	0	0	0	0	0	0	
1.14061e+06	0	0	0	0	0	139	0	0	0	0	0	0	0	0	0	0	
1.14136e+06	0	0	0	0	0	133	0	0	0	0	0	0	0	0	0	0	
1.14211e+06	0	0	0	0	0	153	0	0	0	0	0	0	0	0	0	0	
1.14286e+06	0	0	0	0	0	131	0	0	0	0	0	0	0	0	0	0	
1.14361e+06	0	0	0	0	0	123	0	0	0	0	0	0	0	0	0	0	
1.14436e+06	0	0	0	0	0	133	0	0	0	0	0	0	0	0	0	0	
1.14511e+06	0	0	0	0	0	103	0	0	0	0	0	0	0	0	0	0	
1.14586e+06	0	0	0	0	0	131	0	0	0	0	0	0	0	0	0	0	
1.14662e+06	0	0	0	0	0	0	113	0	0	0	0	0	0	0	0	0	
1.14736e+06	0	0	0	0	0	0	135	0	0	0	0	0	0	0	0	0	
1.14811e+06	0	0	0	0	0	0	101	0	0	0	0	0	0	0	0	0	
1.14886e+06	0	0	0	0	0	0	115	0	0	0	0	0	0	0	0	0	
1.14962e+06	0	0	0	0	0	0	111	0	0	0	0	0	0	0	0	0	
1.15037e+06	0	0	0	0	0	0	99	0	0	0	0	0	0	0	0	0	
1.15112e+06	0	0	0	0	0	0	131	0	0	0	0	0	0	0	0	0	
1.15187e+06	0	0	0	0	0	0	101	0	0	0	0	0	0	0	0	0	
1.15262e+06	0	0	0	0	0	0	127	0	0	0	0	0	0	0	0	0	
1.15337e+06	0	0	0	0	0	0	119	0	0	0	0	0	0	0	0	0	
1.15412e+06	0	0	0	0	0	0	121	0	0	0	0	0	0	0	0	0	
1.15487e+06	0	0	0	0	0	0	93	0	0	0	0	0	0	0	0	0	
1.15562e+06	0	0	0	0	0	0	125	0	0	0	0	0	0	0	0	0	
1.15637e+06	0	0	0	0	0	0	99	0	0	0	0	0	0	0	0	0	
1.15712e+06	0	0	0	0	0	0	105	0	0	0	0	0	0	0	0	0	
1.15787e+06	0	0	0	0	0	0	107	0	0	0	0	0	0	0	0	0	
1.15861e+06	0	0	0	0	0	0	113	0	0	0	0	0	0	0	0	0	
1.15936e+06	0	0	0	0	0	0	117	0	0	0	0	0	0	0	0	0	
1.16011e+06	0	0	0	0	0	0	105	0	0	0	0	0	0	0	0	0	
1.16086e+06	0	0	0	0	0	0	99	0	0	0	0	0	0	0	0	0	
1.16161e+06	0	0	0	0	0	0	111	0	0	0	0	0	0	0	0	0	
1.16236e+06	0	0	0	0	0	0	107	0	0	0	0	0	0	0	0	0	
1.16311e+06	0	0	0	0	0	0	107	0	0	0	0	0	0	0	0	0	
1.16385e+06	0	0	0	0	0	0	139	0	0	0	0	0	0	0	0	0	
1.1646e+06	0	0	0	0	0	0	113	0	0	0	0	0	0	0	0	0	
1.16535e+06	0	0	0	0	0	0	91	0	0	0	0	0	0	0	0	0	
1.1661e+06	0	0	0	0	0	0	105	0	0	0	0	0	0	0	0	0	
1.16685e+06	0	0	0	0	0	0	121	0	0	0	0	0	0	0	0	0	
1.1676e+06	0	0	0	0	0	0	117	0	0	0	0	0	0	0	0	0	
1.16835e+06	0	0	0	0	0	0	123	0	0	0	0	0	0	0	0	0	
1.1691e+06	0	0	0	0	0	0	121	0	0	0	0	0	0	0	0	0	
1.16985e+06	0	0	0	0	0	0	113	0	0	0	0	0	0	0	0	0	
1.1706e+06	0	0	0	0	0	0	109	0	0	0	0	0	0	0	0	0	
1.17135e+06	0	0	0	0	0	0	111	0	0	0	0	0	0	0	0	0	
1.1721e+06	0	0	0	0	0	0	113	0	0	0	0	0	0	0	0	0	
1.17286e+06	0	0	0	0	0	0	113	0	0	0	0	0	0	0	0	0	
1.17361e+06	0	0	0	0	0	0	125	0	0	0	0	0	0	0	0	0	
1.17435e+06	0	0	0	0	0	0	113	0	0	0	0	0	0	0	0	0	
1.1751e+06	0	0	0	0	0	0	107	0	0	0	0	0	0	0	0	0	
1.17585e+06	0	0	0	0	0	0	123	0	0	0	0	0	0	0	0	0	
1.1766e+06	0	0	0	0	0	0	117	0	0	0	0	0	0	0	0	0	
1.17735e+06	0	0	0	0	0	0	87	0	0	0	0	0	0	0	0	0	
1.1781e+06	0	0	0	0	0	0	109	0	0	0	0	0	0	0	0	0	
1.17885e+06	0	0	0	0	0	0	109	0	0	0	0	0	0	0	0	0	
1.1796e+06	0	0	0	0	0	0	135	0	0	0	0	0	0	0	0	0	
1.18035e+06	0	0	0	0	0	0	107	0	0	0	0	0	0	0	0	0	
1.1811e+06	0	0	0	0	0	0	125	0	0	0	0	0	0	0	0	0	
1.18185e+06	0	0	0	0	0	0	113	0	0	0	0	0	0	0	0	0	
1.1826e+06	0	0	0	0	0	0	103	0	0	0	0	0	0	0	0	0	
1.18335e+06	0	0	0	0	0	0	127	0	0	0	0	0	0	0	0	0	
1.1841e+06	0	0	0	0	0	0	111	0	0	0	0	0	0	0	0	0	
1.18485e+06	0	0	0	0	0	0	105	0	0	0	0	0	0	0	0	0	
1.1856e+06	0	0	0	0	0	0	109	0	0	0	0	0	0	0	0	0	
1.18635e+06	0	0	0	0	0	0	113	0	0	0	0	0	0	0	0	0	
1.18711e+06	0	0	0	0	0	0	123	0	0	0	0	0	0	0	0	0	
1.18786e+06	0	0	0	0	0	0	111	0	0	0	0	0	0	0	0	0	
1.18861e+06	0	0	0	0	0	0	0	95	0	0	0	0	0	0	0	0	
1.18936e+06	0	0	0	0	0	0	101	0	0	0	0	0	0	0	0	0	
1.19011e+06	0	0	0	0	0	0	135	0	0	0	0	0	0	0	0	0	
1.19086e+06	0	0	0	0	0	0	113	0	0	0	0	0	0	0	0	0	
1.19161e+06	0	0	0	0	0	0	103	0	0	0	0	0	0	0	0	0	
1.19236e+06	0	0	0	0	0	0	113	0	0	0	0	0	0	0	0	0	
1.19311e+06	0	0	0	0	0	0	115	0	0	0	0	0	0	0	0	0	
1.19386e+06	0	0	0	0	0	0	111	0	0	0	0	0	0	0	0	0	
1.1946e+06	0	0	0	0	0	0	117	0	0	0	0	0	0	0	0	0	
1.19535e+06	0	0	0	0	0	0	109	0	0	0	0	0	0	0	0	0	
1.1961e+06	0	0	0	0	143	0	0	0	0	0	0	0	0	0	0	0	
1.19685e+06	0	0	0	0	147	0	0	0	0	0	0	0	0	0	0	0	
1.1976e+06	0	0	0	0	159	0	0	0	0	0	0	0	0	0	0	0	
1.19835e+06	0	0	0	0	173	0	0	0	0	0	0	0	0	0	0	0	
1.19909e+06	0	0	0	0	137	0	0	0	0	0	0	0	0	0	0	0	
1.19984e+06	0	0	0	0	167	0	0	0	0	0	0	0	0	0	0	0	
1.20059e+06	0	0	0	0	173	0	0	0	0	0	0	0	0	0	0	0	
1.20134e+06	0	0	0	0	163	0	0	0	0	0	0	0	0	0	0	0	
1.20209e+06	0	0	0	0	163	0	0	0	0	0	0	0	0	0	0	0	
1.20284e+06	0	0	0	0	179	0	0	0	0	0	0	0	0	0	0	0	
1.20359e+06	0	0	0	0	169	0	0	0	0	0	0	0	0	0	0	0	
1.20434e+06	0	0	0	0	155	0	0	0	0	0	0	0	0	0	0	0	
1.20509e+06	0	0	0	0	169	0	0	0	0	0	0	0	0	0	0	0	
1.20584e+06	0	0	0	0	149	0	0	0	0	0	0	0	0	0	0	0	
1.2066e+06	0	0	0	0	159	0	0	0	0	0	0	0	0	0	0	0	
1.20735e+06	0	0	0	0	167	0	0	0	0	0	0	0	0	0	0	0	
1.2081e+06	0	0	0	0	143	0	0	0	0	0	0	0	0	0	0	0	
1.20885e+06	0	0	0	0	159	0	0	0	0	0	0	0	0	0	0	0	
1.2096e+06	0	0	0	0	139	0	0	0	0	0	0	0	0	0	0	0	
1.21035e+06	0	0	0	0	169	0	0	0	0	0	0	0	0	0	0	0	
1.2111e+06	0	0	0	0	123	0	0	0	0	0	0	0	0	0	0	0	
1.21185e+06	0	0	0	0	177	0	0	0	0	0	0	0	0	0	0	0	
1.21259e+06	0	0	0	0	173	0	0	0	0	0	0	0	0	0	0	0	
1.21334e+06	0	0	0	0	189	0	0	0	0	0	0	0	0	0	0	0	
1.2141e+06	0	0	0	0	149	0	0	0	0	0	0	0	0	0	0	0	
1.21485e+06	0	0	0	0	145	0	0	0	0	0	0	0	0	0	0	0	
1.21559e+06	0	0	0	0	143	0	0	0	0	0	0	0	0	0	0	0	
1.21634e+06	0	0	0	0	175	0	0	0	0	0	0	0	0	0	0	0	
1.2171e+06	0	0	0	0	159	0	0	0	0	0	0	0	0	0	0	0	
1.21785e+06	0	0	0	203	0	0	0	0	0	0	0	0	0	0	0	0	
1.2186e+06	0	0	0	231	0	0	0	0	0	0	0	0	0	0	0	0	
1.21935e+06	0	0	0	203	0	0	0	0	0	0	0	0	0	0	0	0	
1.22009e+06	0	0	0	217	0	0	0	0	0	0	0	0	0	0	0	0	
1.22084e+06	0	0	0	199	0	0	0	0	0	0	0	0	0	0	0	0	
1.22159e+06	0	0	0	211	0	0	0	0	0	0	0	0	0	0	0	0	
1.22234e+06	0	0	0	185	0	0	0	0	0	0	0	0	0	0	0	0	
1.22309e+06	0	0	0	201	0	0	0	0	0	0	0	0	0	0	0	0	
1.22384e+06	0	0	0	211	0	0	0	0	0	0	0	0	0	0	0	0	
1.22458e+06	0	0	0	201	0	0	0	0	0	0	0	0	0	0	0	0	
1.22533e+06	0	0	0	201	0	0	0	0	0	0	0	0	0	0	0	0	
1.22609e+06	0	0	2	213	0	0	0	0	0	0	0	0	0	0	0	0	
1.22684e+06	0	0	0	203	0	0	0	0	0	0	0	0	0	0	0	0	
1.22759e+06	0	0	245	0	0	0	0	0	0	0	0	0	0	0	0	0	
1.22834e+06	0	0	269	0	0	0	0	0	0	0	0	0	0	0	0	0	
1.22909e+06	0	0	251	0	0	0	0	0	0	0	0	0	0	0	0	0	
1.22984e+06	0	2	241	0	0	0	0	0	0	0	0	0	0	0	0	0	
1.23059e+06	0	0	279	0	0	0	0	0	0	0	0	0	0	0	0	0	
1.23134e+06	0	0	0	223	0	0	0	0	0	0	0	0	0	0	0	0	
1.23209e+06	0	0	0	207	0	0	0	0	0	0	0	0	0	0	0	0	
1.23284e+06	0	0	0	189	0	0	0	0	0	0	0	0	0	0	0	0	
1.23359e+06	0	0	0	179	0	0	0	0	0	0	0	0	0	0	0	0	
1.23434e+06	0	0	0	177	0	0	0	0	0	0	0	0	0	0	0	0	
1.23509e+06	0	0	0	205	0	0	0	0	0	0	0	0	0	0	0	0	
1.23584e+06	0	0	0	201	0	0	0	0	0	0	0	0	0	0	0	0	
1.23659e+06	0	0	0	195	0	0	0	0	0	0	0	0	0	0	0	0	
1.23733e+06	0	0	0	203	0	0	0	0	0	0	0	0	0	0	0	0	
1.23808e+06	0	0	0	197	0	0	0	0	0	0	0	0	0	0	0	0	
1.23883e+06	0	0	0	199	0	0	0	0	0	0	0	0	0	0	0	0	
1.23958e+06	0	0	0	211	0	0	0	0	0	0	0	0	0	0	0	0	
1.24033e+06	0	0	0	211	0	0	0	0	0	0	0	0	0	0	0	0	
1.24108e+06	0	0	0	193	0	0	0	0	0	0	0	0	0	0	0	0	
1.24184e+06	0	0	7	230	0	0	0	0	0	0	0	0	0	0	0	0	
1.24258e+06	0	0	0	197	0	0	0	0	0	0	0	0	0	0	0	0	
1.24333e+06	0	0	0	225	0	0	0	0	0	0	0	0	0	0	0	0	
1.24408e+06	0	0	0	201	0	0	0	0	0	0	0	0	0	0	0	0	
1.24483e+06	0	0	0	189	0	0	0	0	0	0	0	0	0	0	0	0	
1.24558e+06	0	0	0	187	0	0	0	0	0	0	0	0	0	0	0	0	
1.24634e+06	0	0	25	176	0	0	0	0	0	0	0	0	0	0	0	0	
1.24708e+06	0	0	0	175	0	0	0	0	0	0	0	0	0	0	0	0	
1.24783e+06	0	0	0	193	0	0	0	0	0	0	0	0	0	0	0	0	
1.24859e+06	0	0	0	215	0	0	0	0	0	0	0	0	0	0	0	0	
1.24933e+06	0	0	0	183	0	0	0	0	0	0	0	0	0	0	0	0	
1.25008e+06	0	0	0	205	0	0	0	0	0	0	0	0	0	0	0	0	
1.25083e+06	0	0	0	199	0	0	0	0	0	0	0	0	0	0	0	0	
1.25158e+06	0	0	0	199	0	0	0	0	0	0	0	0	0	0	0	0	
1.25233e+06	0	0	0	195	0	0	0	0	0	0	0	0	0	0	0	0	
1.25308e+06	0	0	0	203	0	0	0	0	0	0	0	0	0	0	0	0	
1.25384e+06	0	0	0	187	0	0	0	0	0	0	0	0	0	0	0	0	
1.25458e+06	0	0	0	191	0	0	0	0	0	0	0	0	0	0	0	0	
1.25533e+06	0	0	0	195	0	0	0	0	0	0	0	0	0	0	0	0	
1.25608e+06	0	0	0	217	0	0	0	0	0	0	0	0	0	0	0	0	
1.25683e+06	0	0	0	203	0	0	0	0	0	0	0	0	0	0	0	0	
1.25758e+06	0	0	26	191	0	0	0	0	0	0	0	0	0	0	0	0	
1.25833e+06	0	0	0	201	0	0	0	0	0	0	0	0	0	0	0	0	
1.25907e+06	0	0	0	211	0	0	0	0	0	0	0	0	0	0	0	0	
1.25982e+06	0	0	0	213	0	0	0	0	0	0	0	0	0	0	0	0	
1.26058e+06	0	0	0	227	0	0	0	0	0	0	0	0	0	0	0	0	
1.26132e+06	0	0	0	211	0	0	0	0	0	0	0	0	0	0	0	0	
1.26207e+06	0	0	0	199	0	0	0	0	0	0	0	0	0	0	0	0	
1.26282e+06	0	0	0	193	0	0	0	0	0	0	0	0	0	0	0	0	
1.26357e+06	0	0	0	187	0	0	0	0	0	0	0	0	0	0	0	0	
1.26432e+06	0	0	0	185	0	0	0	0	0	0	0	0	0	0	0	0	
1.26507e+06	0	0	0	181	0	0	0	0	0	0	0	0	0	0	0	0	
1.26583e+06	0	0	0	217	0	0	0	0	0	0	0	0	0	0	0	0	
1.26658e+06	0	0	0	197	0	0	0	0	0	0	0	0	0	0	0	0	
1.26733e+06	0	0	0	191	0	0	0	0	0	0	0	0	0	0	0	0	
1.26808e+06	0	0	0	207	0	0	0	0	0	0	0	0	0	0	0	0	
1.26883e+06	0	0	0	205	0	0	0	0	0	0	0	0	0	0	0	0	
1.26958e+06	0	0	0	195	0	0	0	0	0	0	0	0	0	0	0	0	
1.27033e+06	0	0	0	0	187	0	0	0	0	0	0	0	0	0	0	0	
1.27108e+06	0	0	0	0	163	0	0	0	0	0	0	0	0	0	0	0	
1.27183e+06	0	0	0	0	185	0	0	0	0	0	0	0	0	0	0	0	
1.27258e+06	0	0	0	0	157	0	0	0	0	0	0	0	0	0	0	0	
1.27332e+06	0	0	0	0	159	0	0	0	0	0	0	0	0	0	0	0	
1.27407e+06	0	0	0	0	157	0	0	0	0	0	0	0	0	0	0	0	
1.27482e+06	0	0	0	0	183	0	0	0	0	0	0	0	0	0	0	0	
1.27557e+06	0	0	0	0	159	0	0	0	0	0	0	0	0	0	0	0	
1.27632e+06	0	0	0	0	169	0	0	0	0	0	0	0	0	0	0	0	
1.27707e+06	0	0	0	0	161	0	0	0	0	0	0	0	0	0	0	0	
1.27782e+06	0	0	0	0	153	0	0	0	0	0	0	0	0	0	0	0	
1.27857e+06	0	0	0	0	169	0	0	0	0	0	0	0	0	0	0	0	
1.27932e+06	0	0	0	0	169	0	0	0	0	0	0	0	0	0	0	0	
1.28007e+06	0	0	0	5	144	0	0	0	0	0	0	0	0	0	0	0	
1.28082e+06	0	0	0	0	179	0	0	0	0	0	0	0	0	0	0	0	
1.28157e+06	0	0	0	6	173	0	0	0	0	0	0	0	0	0	0	0	
1.28232e+06	0	0	0	0	139	0	0	0	0	0	0	0	0	0	0	0	
1.28307e+06	0	0	0	0	157	0	0	0	0	0	0	0	0	0	0	0	
1.28381e+06	0	0	0	0	163	0	0	0	0	0	0	0	0	0	0	0	
1.28456e+06	0	0	0	0	159	0	0	0	0	0	0	0	0	0	0	0	
1.28531e+06	0	0	0	0	155	0	0	0	0	0	0	0	0	0	0	0	
1.28606e+06	0	0	0	0	163	0	0	0	0	0	0	0	0	0	0	0	
1.28681e+06	0	0	0	0	175	0	0	0	0	0	0	0	0	0	0	0	
1.28756e+06	0	0	0	0	155	0	0	0	0	0	0	0	0	0	0	0	
1.28831e+06	0	0	0	0	157	0	0	0	0	0	0	0	0	0	0	0	
1.28906e+06	0	0	0	0	169	0	0	0	0	0	0	0	0	0	0	0	
1.28981e+06	0	0	0	0	151	0	0	0	0	0	0	0	0	0	0	0	
1.29057e+06	0	0	0	17	118	0	0	0	0	0	0	0	0	0	0	0	
1.29132e+06	0	0	0	0	165	0	0	0	0	0	0	0	0	0	0	0	
1.29206e+06	0	0	0	0	171	0	0	0	0	0	0	0	0	0	0	0	
1.29281e+06	0	0	0	0	163	0	0	0	0	0	0	0	0	0	0	0	
1.29357e+06	0	0	0	0	161	0	0	0	0	0	0	0	0	0	0	0	
1.29432e+06	0	0	0	0	167	0	0	0	0	0	0	0	0	0	0	0	
1.29507e+06	0	0	0	0	161	0	0	0	0	0	0	0	0	0	0	0	
1.29582e+06	0	0	0	0	153	0	0	0	0	0	0	0	0	0	0	0	
1.29657e+06	0	0	0	0	181	0	0	0	0	0	0	0	0	0	0	0	
1.29732e+06	0	0	0	0	171	0	0	0	0	0	0	0	0	0	0	0	
1.29807e+06	0	0	0	0	0	115	0	0	0	0	0	0	0	0	0	0	
1.29882e+06	0	0	0	0	0	133	0	0	0	0	0	0	0	0	0	0	
1.29957e+06	0	0	0	0	0	135	0	0	0	0	0	0	0	0	0	0	
1.30032e+06	0	0	0	0	0	127	0	0	0	0	0	0	0	0	0	0	
1.30107e+06	0	0	0	0	0	129	0	0	0	0	0	0	0	0	0	0	
1.30182e+06	0	0	0	0	0	119	0	0	0	0	0	0	0	0	0	0	
1.30258e+06	0	0	0	0	0	139	0	0	0	0	0	0	0	0	0	0	
1.30332e+06	0	0	0	0	0	131	0	0	0	0	0	0	0	0	0	0	
1.30407e+06	0	0	0	0	0	155	0	0	0	0	0	0	0	0	0	0	
1.30482e+06	0	0	0	0	0	139	0	0	0	0	0	0	0	0	0	0	
1.30557e+06	0	0	0	0	0	125	0	0	0	0	0	0	0	0	0	0	
1.30632e+06	0	0	0	0	0	145	0	0	0	0	0	0	0	0	0	0	
1.30707e+06	0	0	0	0	0	145	0	0	0	0	0	0	0	0	0	0	
1.30782e+06	0	0	0	0	0	0	99	0	0	0	0	0	0	0	0	0	
1.30857e+06	0	0	0	0	0	0	97	0	0	0	0	0	0	0	0	0	
1.30932e+06	0	0	0	0	0	0	127	0	0	0	0	0	0	0	0	0	
1.31007e+06	0	0	0	0	0	0	113	0	0	0	0	0	0	0	0	0	
1.31082e+06	0	0	0	0	0	0	87	0	0	0	0	0	0	0	0	0	
1.31157e+06	0	0	0	0	0	0	102	1	0	0	0	0	0	0	0	0	
1.31232e+06	0	0	0	0	0	0	85	0	0	0	0	0	0	0	0	0	
1.31306e+06	0	0	0	0	0	0	113	0	0	0	0	0	0	0	0	0	
1.31381e+06	0	0	0	0	0	0	99	0	0	0	0	0	0	0	0	0	
1.31456e+06	0	0	0	0	0	0	95	0	0	0	0	0	0	0	0	0	
1.31531e+06	0	0	0	0	0	0	135	0	0	0	0	0	0	0	0	0	
1.31606e+06	0	0	0	0	0	0	113	0	0	0	0	0	0	0	0	0	
1.31682e+06	0	0	0	0	0	0	105	0	0	0	0	0	0	0	0	0	
1.31757e+06	0	0	0	0	0	0	107	0	0	0	0	0	0	0	0	0	
1.31832e+06	0	0	0	0	0	0	109	0	0	0	0	0	0	0	0	0	
1.31906e+06	0	0	0	0	0	0	101	0	0	0	0	0	0	0	0	0	
1.31981e+06	0	0	0	0	0	0	119	0	0	0	0	0	0	0	0	0	
1.32056e+06	0	0	0	0	0	0	115	0	0	0	0	0	0	0	0	0	
1.32131e+06	0	0	0	0	0	0	113	0	0	0	0	0	0	0	0	0	
1.32207e+06	0	0	0	0	0	0	111	0	0	0	0	0	0	0	0	0	
1.32282e+06	0	0	0	0	0	0	103	0	0	0	0	0	0	0	0	0	
1.32356e+06	0	0	0	0	0	0	109	0	0	0	0	0	0	0	0	0	
1.32431e+06	0	0	0	0	0	0	99	0	0	0	0	0	0	0	0	0	
1.32507e+06	0	0	0	0	0	0	117	0	0	0	0	0	0	0	0	0	
1.32581e+06	0	0	0	0	0	0	113	0	0	0	0	0	0	0	0	0	
1.32656e+06	0	0	0	0	0	0	105	0	0	0	0	0	0	0	0	0	
1.32731e+06	0	0	0	0	0	0	107	0	0	0	0	0	0	0	0	0	
1.32806e+06	0	0	0	0	0	0	95	0	0	0	0	0	0	0	0	0	
1.32881e+06	0	0	0	0	0	0	101	0	0	0	0	0	0	0	0	0	
1.32956e+06	0	0	0	0	0	0	121	0	0	0	0	0	0	0	0	0	
1.33032e+06	0	0	0	0	0	0	111	0	0	0	0	0	0	0	0	0	
1.33107e+06	0	0	0	0	0	0	105	0	0	0	0	0	0	0	0	0	
1.33182e+06	0	0	0	0	0	0	109	0	0	0	0	0	0	0	0	0	
1.33256e+06	0	0	0	0	0	0	105	0	0	0	0	0	0	0	0	0	
1.33332e+06	0	0	0	0	0	0	131	0	0	0	0	0	0	0	0	0	
1.33407e+06	0	0	0	0	0	0	107	0	0	0	0	0	0	0	0	0	
1.33482e+06	0	0	0	0	0	0	127	0	0	0	0	0	0	0	0	0	
1.33557e+06	0	0	0	0	0	0	115	0	0	0	0	0	0	0	0	0	
1.33632e+06	0	0	0	0	0	0	0	89	0	0	0	0	0	0	0	0	
1.33707e+06	0	0	0	0	0	0	0	87	0	0	0	0	0	0	0	0	
1.33782e+06	0	0	0	0	0	0	0	87	0	0	0	0	0	0	0	0	
1.33857e+06	0	0	0	0	0	0	0	105	0	0	0	0	0	0	0	0	
1.33932e+06	0	0	0	0	0	0	0	111	0	0	0	0	0	0	0	0	
1.34007e+06	0	0	0	0	0	0	0	113	0	0	0	0	0	0	0	0	
1.34082e+06	0	0	0	0	0	0	0	107	0	0	0	0	0	0	0	0	
1.34157e+06	0	0	0	0	0	0	19	68	0	0	0	0	0	0	0	0	
1.34232e+06	0	0	0	0	0	0	0	85	0	0	0	0	0	0	0	0	
1.34307e+06	0	0	0	0	0	0	0	109	0	0	0	0	0	0	0	0	
1.34382e+06	0	0	0	0	0	0	0	97	0	0	0	0	0	0	0	0	
1.34457e+06	0	0	0	0	0	0	0	107	0	0	0	0	0	0	0	0	
1.34532e+06	0	0	0	0	0	0	0	95	0	0	0	0	0	0	0	0	
1.34607e+06	0	0	0	0	0	0	0	95	0	0	0	0	0	0	0	0	
1.34682e+06	0	0	0	0	0	0	0	113	0	0	0	0	0	0	0	0	
1.34757e+06	0	0	0	0	0	0	0	105	0	0	0	0	0	0	0	0	
1.34832e+06	0	0	0	0	0	0	0	93	0	0	0	0	0	0	0	0	
1.34907e+06	0	0	0	0	0	0	0	101	0	0	0	0	0	0	0	0	
1.34983e+06	0	0	0	0	0	0	0	105	0	0	0	0	0	0	0	0	
1.35058e+06	0	0	0	0	0	0	0	111	0	0	0	0	0	0	0	0	
1.35133e+06	0	0	0	0	0	0	0	111	0	0	0	0	0	0	0	0	
1.35207e+06	0	0	0	0	0	0	0	93	0	0	0	0	0	0	0	0	
1.35282e+06	0	0	0	0	0	0	0	97	0	0	0	0	0	0	0	0	
1.35357e+06	0	0	0	0	0	0	0	95	0	0	0	0	0	0	0	0	
1.35432e+06	0	0	0	0	0	0	0	99	0	0	0	0	0	0	0	0	
1.35508e+06	0	0	0	0	0	0	0	101	0	0	0	0	0	0	0	0	
1.35583e+06	0	0	0	0	0	0	0	105	0	0	0	0	0	0	0	0	
1.35658e+06	0	0	0	0	0	0	0	0	91	0	0	0	0	0	0	0	
1.35733e+06	0	0	0	0	0	0	0	0	83	0	0	0	0	0	0	0	
1.35808e+06	0	0	0	0	0	0	0	0	93	0	0	0	0	0	0	0	
1.35882e+06	0	0	0	0	0	0	0	0	79	0	0	0	0	0	0	0	
1.35958e+06	0	0	0	0	0	0	0	103	0	0	0	0	0	0	0	0	
1.36033e+06	0	0	0	0	0	0	0	101	0	0	0	0	0	0	0	0	
1.36108e+06	0	0	0	0	0	0	0	117	0	0	0	0	0	0	0	0	
1.36183e+06	0	0	0	0	0	0	0	119	0	0	0	0	0	0	0	0	
1.36257e+06	0	0	0	0	0	0	0	97	0	0	0	0	0	0	0	0	
1.36332e+06	0	0	0	0	0	0	0	103	0	0	0	0	0	0	0	0	
1.36408e+06	0	0	0	0	0	0	0	101	0	0	0	0	0	0	0	0	
1.36482e+06	0	0	0	0	0	0	0	81	0	0	0	0	0	0	0	0	
1.36557e+06	0	0	0	0	0	0	0	89	0	0	0	0	0	0	0	0	
1.36632e+06	0	0	0	0	0	0	0	93	0	0	0	0	0	0	0	0	
1.36707e+06	0	0	0	0	0	0	0	91	0	0	0	0	0	0	0	0	
1.36782e+06	0	0	0	0	0	0	0	103	0	0	0	0	0	0	0	0	
1.36857e+06	0	0	0	0	0	0	0	117	0	0	0	0	0	0	0	0	
1.36932e+06	0	0	0	0	0	0	0	107	0	0	0	0	0	0	0	0	
1.37007e+06	0	0	0	0	0	0	0	97	0	0	0	0	0	0	0	0	
1.37082e+06	0	0	0	0	0	0	0	95	0	0	0	0	0	0	0	0	
1.37157e+06	0	0	0	0	0	0	0	95	0	0	0	0	0	0	0	0	
1.37232e+06	0	0	0	0	0	0	0	105	0	0	0	0	0	0	0	0	
1.37306e+06	0	0	0	0	0	0	0	99	0	0	0	0	0	0	0	0	
1.37381e+06	0	0	0	0	0	0	0	103	0	0	0	0	0	0	0	0	
1.37456e+06	0	0	0	0	0	0	0	101	0	0	0	0	0	0	0	0	
1.37531e+06	0	0	0	0	0	0	0	93	0	0	0	0	0	0	0	0	
1.37606e+06	0	0	0	0	0	0	0	101	0	0	0	0	0	0	0	0	
1.37681e+06	0	0	0	0	0	0	6	89	8	0	0	0	0	0	0	0	
1.37756e+06	0	0	0	0	0	0	0	113	0	0	0	0	0	0	0	0	
1.37831e+06	0	0	0	0	0	0	0	0	83	0	0	0	0	0	0	0	
1.37906e+06	0	0	0	0	0	0	0	113	0	0	0	0	0	0	0	0	
1.37981e+06	0	0	0	0	0	0	0	93	0	0	0	0	0	0	0	0	
1.38056e+06	0	0	0	0	0	0	0	32	49	0	0	0	0	0	0	0	
1.38131e+06	0	0	0	0	0	0	0	0	0	69	0	0	0	0	0	0	
1.38206e+06	0	0	0	0	0	0	0	0	0	79	0	0	0	0	0	0	
1.38281e+06	0	0	0	0	0	0	0	0	0	69	0	0	0	0	0	0	
1.38356e+06	0	0	0	0	0	0	0	0	0	93	0	0	0	0	0	0	
1.38431e+06	0	0	0	0	0	0	0	0	0	87	0	0	0	0	0	0	
1.38506e+06	0	0	0	0	0	0	0	0	0	67	0	0	0	0	0	0	
1.38581e+06	0	0	0	0	0	0	0	0	0	83	0	0	0	0	0	0	
1.38656e+06	0	0	0	0	0	0	0	0	0	83	0	0	0	0	0	0	
1.38731e+06	0	0	0	0	0	0	0	0	0	69	0	0	0	0	0	0	
1.38806e+06	0	0	0	0	0	0	0	0	0	81	0	0	0	0	0	0	
1.38881e+06	0	0	0	0	0	0	0	0	0	77	0	0	0	0	0	0	
1.38956e+06	0	0	0	0	0	0	0	0	0	87	0	0	0	0	0	0	
1.39031e+06	0	0	0	0	0	0	0	0	8	63	0	0	0	0	0	0	
1.39106e+06	0	0	0	0	0	0	0	0	0	85	0	0	0	0	0	0	
1.39181e+06	0	0	0	0	0	0	0	0	0	77	0	0	0	0	0	0	
1.39255e+06	0	0	0	0	0	0	0	0	0	87	0	0	0	0	0	0	
1.39331e+06	0	0	0	0	0	0	0	0	0	105	0	0	0	0	0	0	
1.39405e+06	0	0	0	0	0	0	0	0	0	87	0	0	0	0	0	0	
1.3948e+06	0	0	0	0	0	0	0	0	0	79	0	0	0	0	0	0	
1.39556e+06	0	0	0	0	0	0	0	0	0	0	77	0	0	0	0	0	
1.39631e+06	0	0	0	0	0	0	0	0	0	0	75	0	0	0	0	0	
1.39706e+06	0	0	0	0	0	0	0	0	0	0	59	0	0	0	0	0	
1.39781e+06	0	0	0	0	0	0	0	0	0	0	93	0	0	0	0	0	
1.39856e+06	0	0	0	0	0	0	0	0	0	0	79	0	0	0	0	0	
1.39931e+06	0	0	0	0	0	0	0	0	0	0	83	0	0	0	0	0	
1.40006e+06	0	0	0	0	0	0	0	0	0	0	77	0	0	0	0	0	
1.40081e+06	0	0	0	0	0	0	0	0	0	0	69	0	0	0	0	0	
1.40156e+06	0	0	0	0	0	0	0	0	0	0	73	0	0	0	0	0	
1.40231e+06	0	0	0	0	0	0	0	0	0	0	73	0	0	0	0	0	
1.40306e+06	0	0	0	0	0	0	0	0	0	0	83	0	0	0	0	0	
1.40381e+06	0	0	0	0	0	0	0	0	0	0	79	0	0	0	0	0	
1.40456e+06	0	0	0	0	0	0	0	0	0	0	77	0	0	0	0	0	
1.40531e+06	0	0	0	0	0	0	0	0	0	0	81	0	0	0	0	0	
1.40606e+06	0	0	0	0	0	0	0	0	0	0	79	0	0	0	0	0	
1.40681e+06	0	0	0	0	0	0	0	0	0	0	77	0	0	0	0	0	
1.40756e+06	0	0	0	0	0	0	0	0	0	0	87	0	0	0	0	0	
1.40831e+06	0	0	0	0	0	0	0	0	0	0	89	0	0	0	0	0	
1.40906e+06	0	0	0	0	0	0	0	0	0	0	89	0	0	0	0	0	
1.40981e+06	0	0	0	0	0	0	0	0	0	0	73	0	0	0	0	0	
1.41056e+06	0	0	0	0	0	0	0	0	0	0	71	0	0	0	0	0	
1.41131e+06	0	0	0	0	0	0	0	0	0	0	69	0	0	0	0	0	
1.41206e+06	0	0	0	0	0	0	0	0	0	0	81	0	0	0	0	0	
1.41281e+06	0	0	0	0	0	0	0	0	0	0	73	0	0	0	0	0	
1.41356e+06	0	0	0	0	0	0	0	0	0	0	77	0	0	0	0	0	
1.4143e+06	0	0	0	0	0	0	0	0	0	0	71	0	0	0	0	0	
1.41506e+06	0	0	0	0	0	0	0	0	0	0	75	0	0	0	0	0	
1.4158e+06	0	0	0	0	0	0	0	0	0	0	67	0	0	0	0	0	
1.41655e+06	0	0	0	0	0	0	0	0	0	0	59	0	0	0	0	0	
1.4173e+06	0	0	0	0	0	0	0	0	0	0	81	0	0	0	0	0	
1.41805e+06	0	0	0	0	0	0	0	0	0	0	67	0	0	0	0	0	
1.4188e+06	0	0	0	0	0	0	0	0	0	0	69	0	0	0	0	0	
1.41955e+06	0	0	0	0	0	0	0	0	0	9	72	0	0	0	0	0	
1.42031e+06	0	0	0	0	0	0	0	0	0	0	65	0	0	0	0	0	
1.42106e+06	0	0	0	0	0	0	0	0	0	0	0	61	0	0	0	0	
1.42181e+06	0	0	0	0	0	0	0	0	0	0	0	77	0	0	0	0	
1.42256e+06	0	0	0	0	0	0	0	0	0	0	1	60	0	0	0	0	
1.4233e+06	0	0	0	0	0	0	0	0	0	0	0	63	0	0	0	0	
1.42406e+06	0	0	0	0	0	0	0	0	0	0	0	65	0	0	0	0	
1.42481e+06	0	0	0	0	0	0	0	0	0	0	0	71	0	0	0	0	
1.42556e+06	0	0	0	0	0	0	0	0	0	0	0	65	0	0	0	0	
1.42631e+06	0	0	0	0	0	0	0	0	0	0	0	69	0	0	0	0	
1.42706e+06	0	0	0	0	0	0	0	0	0	0	0	73	0	0	0	0	
1.42781e+06	0	0	0	0	0	0	0	0	0	0	0	69	0	0	0	0	
1.42856e+06	0	0	0	0	0	0	0	0	0	0	0	0	61	0	0	0	
1.4293e+06	0	0	0	0	0	0	0	0	0	0	0	0	57	0	0	0	
1.43006e+06	0	0	0	0	0	0	0	0	0	0	0	0	63	0	0	0	
1.43081e+06	0	0	0	0	0	0	0	0	0	0	0	0	49	0	0	0	
1.43155e+06	0	0	0	0	0	0	0	0	0	0	0	0	59	0	0	0	
1.43231e+06	0	0	0	0	0	0	0	0	0	0	0	0	59	0	0	0	
1.43305e+06	0	0	0	0	0	0	0	0	0	0	0	0	61	0	0	0	
1.43381e+06	0	0	0	0	0	0	0	0	0	0	0	0	59	0	0	0	
1.43456e+06	0	0	0	0	0	0	0	0	0	0	0	0	49	0	0	0	
1.43531e+06	0	0	0	0	0	0	0	0	0	0	0	0	29	40	0	0	
1.43606e+06	0	0	0	0	0	0	0	0	0	0	0	0	55	0	0	0	
1.43681e+06	0	0	0	0	0	0	0	0	0	0	0	0	69	0	0	0	
1.43756e+06	0	0	0	0	0	0	0	0	0	0	0	0	63	0	0	0	
1.43831e+06	0	0	0	0	0	0	0	0	0	0	0	0	57	0	0	0	
1.43906e+06	0	0	0	0	0	0	0	0	0	0	0	0	55	0	0	0	
1.43982e+06	0	0	0	0	0	0	0	0	0	0	0	0	57	0	0	0	
1.44056e+06	0	0	0	0	0	0	0	0	0	0	0	0	63	0	0	0	
1.44132e+06	0	0	0	0	0	0	0	0	0	0	0	0	79	0	0	0	
1.44207e+06	0	0	0	0	0	0	0	0	0	0	0	0	61	0	0	0	
1.44282e+06	0	0	0	0	0	0	0	0	0	0	0	0	61	0	0	0	
1.44357e+06	0	0	0	0	0	0	0	0	0	0	0	0	0	57	0	0	
1.44432e+06	0	0	0	0	0	0	0	0	0	0	0	0	0	63	0	0	
1.44506e+06	0	0	0	0	0	0	0	0	0	0	0	0	0	0	63	0	
1.44581e+06	0	0	0	0	0	0	0	0	0	0	0	0	0	0	61	0	
1.44656e+06	0	0	0	0	0	0	0	0	0	0	0	0	0	0	47	0	
1.44731e+06	0	0	0	0	0	0	0	0	0	0	0	0	0	0	59	0	
1.44806e+06	0	0	0	0	0	0	0	0	0	0	0	0	0	0	37	0	
1.44882e+06	0	0	0	0	0	0	0	0	0	0	0	0	0	0	47	0	
1.44957e+06	0	0	0	0	0	0	0	0	0	0	0	0	0	0	51	0	
1.45032e+06	0	0	0	0	0	0	0	0	0	0	0	0	0	0	67	0	
1.45107e+06	0	0	0	0	0	0	0	0	0	0	0	0	0	0	45	0	
1.45182e+06	0	0	0	0	0	0	0	0	0	0	0	0	0	0	53	0	
1.45257e+06	0	0	0	0	0	0	0	0	0	0	0	0	0	0	47	0	
1.45332e+06	0	0	0	0	0	0	0	0	0	0	0	0	0	0	57	0	
1.45407e+06	0	0	0	0	0	0	0	0	0	0	0	0	0	0	55	0	
1.45482e+06	0	0	0	0	0	0	0	0	0	0	0	0	0	0	57	0	
1.45557e+06	0	0	0	0	0	0	0	0	0	0	0	0	0	0	55	0	
1.45632e+06	0	0	0	0	0	0	0	0	0	0	0	0	0	0	55	0	
1.45707e+06	0	0	0	0	0	0	0	0	0	0	0	0	0	51	0	0	
1.45783e+06	0	0	0	0	0	0	0	0	0	0	0	0	0	65	0	0	
1.45858e+06	0	0	0	0	0	0	0	0	0	0	0	0	0	49	0	0	
1.45933e+06	0	0	0	0	0	0	0	0	0	0	0	0	0	43	0	0	
1.46007e+06	0	0	0	0	0	0	0	0	0	0	0	0	0	57	0	0	
1.46082e+06	0	0	0	0	0	0	0	0	0	0	0	0	0	57	0	0	
1.46157e+06	0	0	0	0	0	0	0	0	0	0	0	0	0	53	0	0	
1.46233e+06	0	0	0	0	0	0	0	0	0	0	0	0	0	53	0	0	
1.46307e+06	0	0	0	0	0	0	0	0	0	0	0	0	0	39	0	0	
1.46382e+06	0	0	0	0	0	0	0	0	0	0	0	0	0	63	0	0	
1.46458e+06	0	0	0	0	0	0	0	0	0	0	0	0	0	57	0	0	
1.46532e+06	0	0	0	0	0	0	0	0	0	0	0	0	0	65	0	0	
1.46607e+06	0	0	0	0	0	0	0	0	0	0	0	0	0	65	0	0	
1.46683e+06	0	0	0	0	0	0	0	0	0	0	0	0	0	51	0	0	
1.46758e+06	0	0	0	0	0	0	0	0	0	0	0	0	59	0	0	0	
1.46832e+06	0	0	0	0	0	0	0	0	0	0	0	0	51	0	0	0	
1.46907e+06	0	0	0	0	0	0	0	0	0	0	0	83	0	0	0	0	
1.46982e+06	0	0	0	0	0	0	0	0	0	0	1	74	0	0	0	0	
1.47057e+06	0	0	0	0	0	0	0	0	0	0	0	69	0	0	0	0	
1.47133e+06	0	0	0	0	0	0	0	0	0	0	0	69	0	0	0	0	
1.47207e+06	0	0	0	0	0	0	0	0	0	0	0	63	0	0	0	0	
1.47282e+06	0	0	0	0	0	0	0	0	0	0	0	83	0	0	0	0	
1.47357e+06	0	0	0	0	0	0	0	0	0	0	0	0	59	0	0	0	
1.47432e+06	0	0	0	0	0	0	0	0	0	0	0	0	65	0	0	0	
1.47507e+06	0	0	0	0	0	0	0	0	0	0	0	0	63	0	0	0	
1.47582e+06	0	0	0	0	0	0	0	0	0	0	0	0	55	0	0	0	
1.47657e+06	0	0	0	0	0	0	0	0	0	0	0	0	65	0	0	0	
1.47732e+06	0	0	0	0	0	0	0	0	0	0	0	0	77	0	0	0	
1.47807e+06	0	0	0	0	0	0	0	0	0	0	0	0	45	0	0	0	
1.47882e+06	0	0	0	0	0	0	0	0	0	0	0	0	59	0	0	0	
1.47957e+06	0	0	0	0	0	0	0	0	0	0	0	0	67	0	0	0	
1.48033e+06	0	0	0	0	0	0	0	0	0	0	0	0	59	0	0	0	
1.48107e+06	0	0	0	0	0	0	0	0	0	0	0	0	55	0	0	0	
1.48182e+06	0	0	0	0	0	0	0	0	0	0	0	0	59	0	0	0	
1.48257e+06	0	0	0	0	0	0	0	0	0	0	0	0	65	0	0	0	
1.48332e+06	0	0	0	0	0	0	0	0	0	0	0	0	67	0	0	0	
1.48407e+06	0	0	0	0	0	0	0	0	0	0	0	0	55	0	0	0	
1.48482e+06	0	0	0	0	0	0	0	0	0	0	0	0	55	0	0	0	
1.48557e+06	0	0	0	0	0	0	0	0	0	0	0	0	61	0	0	0	
1.48632e+06	0	0	0	0	0	0	0	0	0	0	0	0	49	0	0	0	
1.48707e+06	0	0	0	0	0	0	0	0	0	0	0	0	59	0	0	0	
1.48781e+06	0	0	0	0	0	0	0	0	0	0	0	0	65	0	0	0	
1.48856e+06	0	0	0	0	0	0	0	0	0	0	0	0	63	0	0	0	
1.48931e+06	0	0	0	0	0	0	0	0	0	0	0	0	59	0	0	0	
1.49006e+06	0	0	0	0	0	0	0	0	0	0	0	0	57	0	0	0	
1.4908e+06	0	0	0	0	0	0	0	0	0	0	0	67	0	0	0	0	
1.49155e+06	0	0	0	0	0	0	0	0	0	0	0	69	0	0	0	0	
1.4923e+06	0	0	0	0	0	0	0	0	0	0	0	59	0	0	0	0	
1.49305e+06	0	0	0	0	0	0	0	0	0	0	0	67	0	0	0	0	
1.4938e+06	0	0	0	0	0	0	0	0	0	0	0	71	0	0	0	0	
1.49455e+06	0	0	0	0	0	0	0	0	0	0	0	59	0	0	0	0	
1.4953e+06	0	0	0	0	0	0	0	0	0	0	0	55	0	0	0	0	
1.49604e+06	0	0	0	0	0	0	0	0	0	0	0	59	0	0	0	0	
1.49679e+06	0	0	0	0	0	0	0	0	0	0	73	0	0	0	0	0	
1.49754e+06	0	0	0	0	0	0	0	0	0	0	57	0	0	0	0	0	
1.4983e+06	0	0	0	0	0	0	0	0	0	0	59	0	0	0	0	0	
1.49904e+06	0	0	0	0	0	0	0	0	0	0	63	0	0	0	0	0	
1.49979e+06	0	0	0	0	0	0	0	0	0	0	73	0	0	0	0	0	
1.49979e+06	0	0	0	0	0	0	0	0	0	0	73	0	0	0	0	0	
