Time	s0	s1	s2	s3	s4	s5	s6	s7	s8	s9	s10	s11	s12	s13	s14	s15	
0	0	0	0	0	0	0	0	0	0	0	0	0	0	0	0	200	
0.00128807	0	0	0	0	0	0	0	0	0	0	0	0	0	0	0	199	
749.393	0	0	0	0	0	0	0	0	0	0	0	0	0	0	0	47	
1501.23	0	0	0	0	0	0	0	0	0	0	0	0	0	0	0	61	
2252.15	0	0	0	0	0	0	0	0	0	0	0	0	0	0	0	45	
3001.99	0	0	0	0	0	0	0	0	0	0	0	0	0	0	45	0	
3752.64	0	0	0	0	0	0	0	0	0	0	0	0	0	51	0	0	
4505.85	0	0	0	0	0	0	0	0	0	0	0	0	0	61	0	0	
5253.37	0	0	0	0	0	0	0	0	0	0	0	0	0	65	0	0	
6000.7	0	0	0	0	0	0	0	0	0	0	0	0	0	0	49	0	
6751.42	0	0	0	0	0	0	0	0	0	0	0	0	0	0	45	0	
7503.56	0	0	0	0	0	0	0	0	0	0	0	0	0	67	0	0	
8254.8	0	0	0	0	0	0	0	0	0	0	0	0	0	57	0	0	
9007.55	0	0	0	0	0	0	0	0	0	0	0	0	0	53	0	0	
9758.96	0	0	0	0	0	0	0	0	0	0	0	0	0	65	0	0	
10509.5	0	0	0	0	0	0	0	0	0	0	0	0	0	53	0	0	
11259.7	0	0	0	0	0	0	0	0	0	0	0	0	0	47	0	0	
12007.5	0	0	0	0	0	0	0	0	0	0	0	0	0	57	0	0	
12759.1	0	0	0	0	0	0	0	0	0	0	0	0	0	49	0	0	
13511	0	0	0	0	0	0	0	0	0	0	0	0	0	0	49	0	
14261.4	0	0	0	0	0	0	0	0	0	0	0	0	0	0	45	0	
15014	0	0	0	0	0	0	0	0	0	0	0	0	0	0	55	0	
15765.4	0	0	0	0	0	0	0	0	0	0	0	0	0	0	61	0	
16513.5	0	0	0	0	0	0	0	0	0	0	0	0	0	0	55	0	
17262.9	0	0	0	0	0	0	0	0	0	0	0	0	0	0	59	0	
18011.6	0	0	0	0	0	0	0	0	0	0	0	0	0	0	43	0	
18759.6	0	0	0	0	0	0	0	0	0	0	0	0	0	61	0	0	
19508.8	0	0	0	0	0	0	0	0	0	0	0	0	0	55	0	0	
20262.3	0	0	0	0	0	0	0	0	0	0	0	0	0	65	0	0	
21014.5	0	0	0	0	0	0	0	0	0	0	0	0	0	59	0	0	
21762.9	0	0	0	0	0	0	0	0	0	0	0	0	0	61	0	0	
22512.8	0	0	0	0	0	0	0	0	0	0	0	0	0	55	0	0	
23261.8	0	0	0	0	0	0	0	0	0	0	0	0	0	55	0	0	
24010.3	0	0	0	0	0	0	0	0	0	0	0	0	0	59	0	0	
24761.3	0	0	0	0	0	0	0	0	0	0	0	0	14	47	0	0	
25507.7	0	0	0	0	0	0	0	0	0	0	0	0	0	79	0	0	
26257.2	0	0	0	0	0	0	0	0	0	0	0	0	0	57	0	0	
27005.7	0	0	0	0	0	0	0	0	0	0	0	0	0	53	0	0	
27756.6	0	0	0	0	0	0	0	0	0	0	0	0	0	43	0	0	
28507.1	0	0	0	0	0	0	0	0	0	0	0	0	0	51	0	0	
29259.8	0	0	0	0	0	0	0	0	0	0	0	0	0	71	0	0	
30010.3	0	0	0	0	0	0	0	0	0	0	0	0	0	59	0	0	
30758	0	0	0	0	0	0	0	0	0	0	0	0	0	53	0	0	
31507.6	0	0	0	0	0	0	0	0	0	0	0	0	0	55	0	0	
32256.2	0	0	0	0	0	0	0	0	0	0	0	0	0	57	0	0	
33008.4	0	0	0	0	0	0	0	0	0	0	0	0	0	63	0	0	
33756.4	0	0	0	0	0	0	0	0	0	0	0	0	0	59	0	0	
34510.1	0	0	0	0	0	0	0	0	0	0	0	0	0	55	0	0	
35259.2	0	0	0	0	0	0	0	0	0	0	0	0	0	57	0	0	
36009.6	0	0	0	0	0	0	0	0	0	0	0	0	63	0	0	0	
36759.4	0	0	0	0	0	0	0	0	0	0	0	0	75	0	0	0	
37509.2	0	0	0	0	0	0	0	0	0	0	0	0	59	0	0	0	
38254.5	0	0	0	0	0	0	0	0	0	0	0	0	75	0	0	0	
39004.9	0	0	0	0	0	0	0	0	0	0	0	0	63	0	0	0	
39757.3	0	0	0	0	0	0	0	0	0	0	0	0	71	0	0	0	
40509	0	0	0	0	0	0	0	0	0	0	0	0	69	0	0	0	
41259.5	0	0	0	0	0	0	0	0	0	0	0	0	59	0	0	0	
42008.4	0	0	0	0	0	0	0	0	0	0	0	0	57	0	0	0	
42758.4	0	0	0	0	0	0	0	0	0	0	0	0	53	0	0	0	
43510.5	0	0	0	0	0	0	0	0	0	0	0	0	45	0	0	0	
44257.5	0	0	0	0	0	0	0	0	0	0	0	0	77	0	0	0	
45008.3	0	0	0	0	0	0	0	0	0	0	0	0	57	0	0	0	
45756.5	0	0	0	0	0	0	0	0	0	0	0	0	55	0	0	0	
46503.9	0	0	0	0	0	0	0	0	0	0	0	0	69	0	0	0	
47252.3	0	0	0	0	0	0	0	0	0	0	0	0	63	0	0	0	
48000.2	0	0	0	0	0	0	0	0	0	0	0	0	61	0	0	0	
48747.5	0	0	0	0	0	0	0	0	0	0	0	0	0	61	0	0	
49496.6	0	0	0	0	0	0	0	0	0	0	0	0	0	55	0	0	
50248.1	0	0	0	0	0	0	0	0	0	0	0	0	0	47	0	0	
50995.1	0	0	0	0	0	0	0	0	0	0	0	0	0	55	0	0	
51745.1	0	0	0	0	0	0	0	0	0	0	0	0	0	59	8	0	
52498.1	0	0	0	0	0	0	0	0	0	0	0	0	0	55	0	0	
53248.5	0	0	0	0	0	0	0	0	0	0	0	0	0	51	0	0	
53999.5	0	0	0	0	0	0	0	0	0	0	0	0	0	37	0	0	
54748.2	0	0	0	0	0	0	0	0	0	0	0	0	0	77	0	0	
55497.8	0	0	0	0	0	0	0	0	0	0	0	0	0	49	0	0	
56246.5	0	0	0	0	0	0	0	0	0	0	0	0	0	43	0	0	
56995.9	0	0	0	0	0	0	0	0	0	0	0	0	0	17	32	0	
57749.2	0	0	0	0	0	0	0	0	0	0	0	0	0	61	0	0	
58498.4	0	0	0	0	0	0	0	0	0	0	0	0	0	0	71	0	
59247.1	0	0	0	0	0	0	0	0	0	0	0	0	0	0	59	0	
59998.5	0	0	0	0	0	0	0	0	0	0	0	0	0	0	55	0	
60747.6	0	0	0	0	0	0	0	0	0	0	0	0	0	0	55	0	
61496.3	0	0	0	0	0	0	0	0	0	0	0	0	0	0	45	0	
62243.5	0	0	0	0	0	0	0	0	0	0	0	0	0	0	61	0	
62998.3	0	0	0	0	0	0	0	0	0	0	0	0	0	0	73	0	
63749.5	0	0	0	0	0	0	0	0	0	0	0	0	0	0	49	0	
64499.8	0	0	0	0	0	0	0	0	0	0	0	0	0	0	49	0	
65251.9	0	0	0	0	0	0	0	0	0	0	0	0	0	0	61	0	
66001.9	0	0	0	0	0	0	0	0	0	0	0	0	0	0	51	0	
66752.3	0	0	0	0	0	0	0	0	0	0	0	0	0	63	0	0	
67498	0	0	0	0	0	0	0	0	0	0	0	0	71	0	0	0	
68250.1	0	0	0	0	0	0	0	0	0	0	0	0	63	0	0	0	
68998.9	0	0	0	0	0	0	0	0	0	0	0	0	67	0	0	0	
69747.9	0	0	0	0	0	0	0	0	0	0	0	0	57	0	0	0	
70498.5	0	0	0	0	0	0	0	0	0	0	0	0	67	0	0	0	
71249.4	0	0	0	0	0	0	0	0	0	0	0	0	73	0	0	0	
72000.4	0	0	0	0	0	0	0	0	0	0	0	0	65	0	0	0	
72750.5	0	0	0	0	0	0	0	0	0	0	0	0	55	0	0	0	
73501	0	0	0	0	0	0	0	0	0	0	0	0	73	0	0	0	
74249.3	0	0	0	0	0	0	0	0	0	0	0	0	57	0	0	0	
74999	0	0	0	0	0	0	0	0	0	0	0	0	41	0	0	0	
75749.2	0	0	0	0	0	0	0	0	0	0	0	0	47	0	0	0	
76502	0	0	0	0	0	0	0	0	0	0	0	0	77	0	0	0	
77253.4	0	0	0	0	0	0	0	0	0	0	0	0	55	0	0	0	
78006	0	0	0	0	0	0	0	0	0	0	0	0	45	0	0	0	
78759.3	0	0	0	0	0	0	0	0	0	0	0	0	61	0	0	0	
79511.1	0	0	0	0	0	0	0	0	0	0	0	0	63	0	0	0	
80260.2	0	0	0	0	0	0	0	0	0	0	0	0	73	0	0	0	
81009.6	0	0	0	0	0	0	0	0	0	0	0	0	63	0	0	0	
81761.3	0	0	0	0	0	0	0	0	0	0	0	0	55	0	0	0	
82511.2	0	0	0	0	0	0	0	0	0	0	0	0	79	0	0	0	
83261.1	0	0	0	0	0	0	0	0	0	0	0	0	53	0	0	0	
84010.2	0	0	0	0	0	0	0	0	0	0	0	0	67	0	0	0	
84763.6	0	0	0	0	0	0	0	0	0	0	0	67	0	0	0	0	
85517.8	0	0	0	0	0	0	0	0	0	0	0	77	0	0	0	0	
86266.6	0	0	0	0	0	0	0	0	0	0	0	61	0	0	0	0	
87015.5	0	0	0	0	0	0	0	0	0	0	0	65	0	0	0	0	
87764.3	0	0	0	0	0	0	0	0	0	0	0	81	0	0	0	0	
88516.5	0	0	0	0	0	0	0	0	0	0	0	73	0	0	0	0	
89268.8	0	0	0	0	0	0	0	0	0	0	0	59	0	0	0	0	
90019.8	0	0	0	0	0	0	0	0	0	0	0	57	0	0	0	0	
90772.4	0	0	0	0	0	0	0	0	0	0	0	75	0	0	0	0	
91524.3	0	0	0	0	0	0	0	0	0	0	0	63	0	0	0	0	
92272	0	0	0	0	0	0	0	0	0	0	0	77	0	0	0	0	
93022.1	0	0	0	0	0	0	0	0	0	0	0	0	55	0	0	0	
93774	0	0	0	0	0	0	0	0	0	0	0	0	59	0	0	0	
94526.1	0	0	0	0	0	0	0	0	0	0	0	0	53	0	0	0	
95277.1	0	0	0	0	0	0	0	0	0	0	0	0	77	0	0	0	
96026.3	0	0	0	0	0	0	0	0	0	0	0	0	0	57	0	0	
96775.4	0	0	0	0	0	0	0	0	0	0	0	0	0	0	51	0	
97524.7	0	0	0	0	0	0	0	0	0	0	0	0	0	0	57	0	
98274.5	0	0	0	0	0	0	0	0	0	0	0	0	0	0	55	0	
99023.7	0	0	0	0	0	0	0	0	0	0	0	0	0	0	61	0	
99773.8	0	0	0	0	0	0	0	0	0	0	0	0	0	0	59	0	
100523	0	0	0	0	0	0	0	0	0	0	0	0	0	59	0	0	
101271	0	0	0	0	0	0	0	0	0	0	0	0	0	55	0	0	
102018	0	0	0	0	0	0	0	0	0	0	0	0	0	59	0	0	
102767	0	0	0	0	0	0	0	0	0	0	0	0	0	59	0	0	
103516	0	0	0	0	0	0	0	0	0	0	0	0	0	55	0	0	
104268	0	0	0	0	0	0	0	0	0	0	0	0	0	59	0	0	
105015	0	0	0	0	0	0	0	0	0	0	0	0	0	61	0	0	
105768	0	0	0	0	0	0	0	0	0	0	0	0	0	55	0	0	
106519	0	0	0	0	0	0	0	0	0	0	0	0	0	63	0	0	
107265	0	0	0	0	0	0	0	0	0	0	0	0	0	49	0	0	
108014	0	0	0	0	0	0	0	0	0	0	0	0	0	53	0	0	
108761	0	0	0	0	0	0	0	0	0	0	0	0	59	0	0	0	
109512	0	0	0	0	0	0	0	0	0	0	0	0	77	0	0	0	
110260	0	0	0	0	0	0	0	0	0	0	0	0	65	0	0	0	
111012	0	0	0	0	0	0	0	0	0	0	0	0	43	0	0	0	
111761	0	0	0	0	0	0	0	0	0	0	0	0	53	0	0	0	
112509	0	0	0	0	0	0	0	0	0	0	0	0	69	0	0	0	
113259	0	0	0	0	0	0	0	0	0	0	0	0	63	0	0	0	
114011	0	0	0	0	0	0	0	0	0	0	0	0	67	0	0	0	
114760	0	0	0	0	0	0	0	0	0	0	0	0	63	0	0	0	
115509	0	0	0	0	0	0	0	0	0	0	0	0	57	0	0	0	
116259	0	0	0	0	0	0	0	0	0	0	0	0	39	12	0	0	
117005	0	0	0	0	0	0	0	0	0	0	0	0	61	0	0	0	
117756	0	0	0	0	0	0	0	0	0	0	0	0	49	0	0	0	
118503	0	0	0	0	0	0	0	0	0	0	0	0	55	0	0	0	
119250	0	0	0	0	0	0	0	0	0	0	0	0	55	0	0	0	
119998	0	0	0	0	0	0	0	0	0	0	0	0	65	0	0	0	
120746	0	0	0	0	0	0	0	0	0	0	0	0	73	0	0	0	
121495	0	0	0	0	0	0	0	0	0	0	0	0	67	0	0	0	
122248	0	0	0	0	0	0	0	0	0	0	0	0	61	0	0	0	
122998	0	0	0	0	0	0	0	0	0	0	0	0	67	0	0	0	
123747	0	0	0	0	0	0	0	0	0	0	0	0	71	0	0	0	
124496	0	0	0	0	0	0	0	0	0	0	0	0	49	0	0	0	
125249	0	0	0	0	0	0	0	0	0	0	0	0	49	0	0	0	
126001	0	0	0	0	0	0	0	0	0	0	0	0	59	0	0	0	
126752	0	0	0	0	0	0	0	0	0	0	0	0	65	0	0	0	
127503	0	0	0	0	0	0	0	0	0	0	0	0	43	0	0	0	
128251	0	0	0	0	0	0	0	0	0	0	0	0	61	0	0	0	
128997	0	0	0	0	0	0	0	0	0	0	0	0	55	0	0	0	
129748	0	0	0	0	0	0	0	0	0	0	0	0	71	0	0	0	
130497	0	0	0	0	0	0	0	0	0	0	0	0	63	0	0	0	
131247	0	0	0	0	0	0	0	0	0	0	0	0	51	0	0	0	
131998	0	0	0	0	0	0	0	0	0	0	0	0	67	0	0	0	
132749	0	0	0	0	0	0	0	0	0	0	0	0	69	0	0	0	
133499	0	0	0	0	0	0	0	0	0	0	0	0	71	0	0	0	
134252	0	0	0	0	0	0	0	0	0	0	0	0	59	0	0	0	
135002	0	0	0	0	0	0	0	0	0	0	0	0	43	0	0	0	
135750	0	0	0	0	0	0	0	0	0	0	0	0	0	81	0	0	
136501	0	0	0	0	0	0	0	0	0	0	0	0	0	51	0	0	
137248	0	0	0	0	0	0	0	0	0	0	0	0	0	49	0	0	
137995	0	0	0	0	0	0	0	0	0	0	0	0	0	51	0	0	
138744	0	0	0	0	0	0	0	0	0	0	0	0	0	67	0	0	
139493	0	0	0	0	0	0	0	0	0	0	0	0	0	0	59	0	
140244	0	0	0	0	0	0	0	0	0	0	0	0	0	0	57	0	
140990	0	0	0	0	0	0	0	0	0	0	0	0	0	0	63	0	
141738	0	0	0	0	0	0	0	0	0	0	0	0	0	0	55	0	
142486	0	0	0	0	0	0	0	0	0	0	0	0	0	0	57	0	
143235	0	0	0	0	0	0	0	0	0	0	0	0	0	0	63	0	
143984	0	0	0	0	0	0	0	0	0	0	0	0	0	49	0	0	
144734	0	0	0	0	0	0	0	0	0	0	0	0	0	57	0	0	
145482	0	0	0	0	0	0	0	0	0	0	0	0	0	53	0	0	
146233	0	0	0	0	0	0	0	0	0	0	0	0	0	53	0	0	
146984	0	0	0	0	0	0	0	0	0	0	0	0	0	65	0	0	
147736	0	0	0	0	0	0	0	0	0	0	0	0	0	59	0	0	
148483	0	0	0	0	0	0	0	0	0	0	0	0	0	61	0	0	
149233	0	0	0	0	0	0	0	0	0	0	0	0	0	47	0	0	
149984	0	0	0	0	0	0	0	0	0	0	0	0	0	53	0	0	
150734	0	0	0	0	0	0	0	0	0	0	0	0	0	63	0	0	
151484	0	0	0	0	0	0	0	0	0	0	0	0	0	65	0	0	
152231	0	0	0	0	0	0	0	0	0	0	0	0	0	55	0	0	
152981	0	0	0	0	0	0	0	0	0	0	0	0	0	53	0	0	
153730	0	0	0	0	0	0	0	0	0	0	0	0	0	67	0	0	
154479	0	0	0	0	0	0	0	0	0	0	0	0	0	53	0	0	
155228	0	0	0	0	0	0	0	0	0	0	0	0	0	0	51	0	
155980	0	0	0	0	0	0	0	0	0	0	0	0	0	0	57	0	
156728	0	0	0	0	0	0	0	0	0	0	0	0	0	0	57	0	
157478	0	0	0	0	0	0	0	0	0	0	0	0	0	0	63	0	
158223	0	0	0	0	0	0	0	0	0	0	0	0	0	0	45	0	
158974	0	0	0	0	0	0	0	0	0	0	0	0	0	0	75	0	
159726	0	0	0	0	0	0	0	0	0	0	0	0	0	0	57	0	
160477	0	0	0	0	0	0	0	0	0	0	0	0	0	0	49	0	
161228	0	0	0	0	0	0	0	0	0	0	0	0	0	0	45	0	
161981	0	0	0	0	0	0	0	0	0	0	0	0	0	0	59	0	
162731	0	0	0	0	0	0	0	0	0	0	0	0	0	0	59	0	
163480	0	0	0	0	0	0	0	0	0	0	0	0	0	0	47	0	
164233	0	0	0	0	0	0	0	0	0	0	0	0	0	0	57	0	
164981	0	0	0	0	0	0	0	0	0	0	0	0	0	0	45	0	
165732	0	0	0	0	0	0	0	0	0	0	0	0	0	0	49	0	
166484	0	0	0	0	0	0	0	0	0	0	0	0	0	0	61	0	
167232	0	0	0	0	0	0	0	0	0	0	0	0	0	0	49	0	
167983	0	0	0	0	0	0	0	0	0	0	0	0	0	0	59	0	
168731	0	0	0	0	0	0	0	0	0	0	0	0	0	0	47	0	
169479	0	0	0	0	0	0	0	0	0	0	0	0	0	0	55	0	
170229	0	0	0	0	0	0	0	0	0	0	0	0	0	0	0	51	
170982	0	0	0	0	0	0	0	0	0	0	0	0	0	0	0	53	
171733	0	0	0	0	0	0	0	0	0	0	0	0	0	0	0	61	
172483	0	0	0	0	0	0	0	0	0	0	0	0	0	0	0	45	
173234	0	0	0	0	0	0	0	0	0	0	0	0	0	0	0	65	
173985	0	0	0	0	0	0	0	0	0	0	0	0	0	0	0	43	
174733	0	0	0	0	0	0	0	0	0	0	0	0	0	0	0	49	
175485	0	0	0	0	0	0	0	0	0	0	0	0	0	0	0	57	
176237	0	0	0	0	0	0	0	0	0	0	0	0	0	0	57	0	
176987	0	0	0	0	0	0	0	0	0	0	0	0	0	0	61	0	
177740	0	0	0	0	0	0	0	0	0	0	0	0	0	0	43	0	
178492	0	0	0	0	0	0	0	0	0	0	0	0	0	49	0	0	
179243	0	0	0	0	0	0	0	0	0	0	0	0	0	57	0	0	
179993	0	0	0	0	0	0	0	0	0	0	0	0	0	71	0	0	
180742	0	0	0	0	0	0	0	0	0	0	0	0	49	0	0	0	
181495	0	0	0	0	0	0	0	0	0	0	0	0	71	0	0	0	
182249	0	0	0	0	0	0	0	0	0	0	0	0	63	0	0	0	
182999	0	0	0	0	0	0	0	0	0	0	0	0	57	0	0	0	
183752	0	0	0	0	0	0	0	0	0	0	0	0	53	0	0	0	
184500	0	0	0	0	0	0	0	0	0	0	0	0	61	0	0	0	
185247	0	0	0	0	0	0	0	0	0	0	0	0	0	61	0	0	
185999	0	0	0	0	0	0	0	0	0	0	0	0	0	71	0	0	
186752	0	0	0	0	0	0	0	0	0	0	0	0	0	61	0	0	
187503	0	0	0	0	0	0	0	0	0	0	0	0	0	47	0	0	
188253	0	0	0	0	0	0	0	0	0	0	0	0	0	73	0	0	
189008	0	0	0	0	0	0	0	0	0	0	0	0	0	59	0	0	
189756	0	0	0	0	0	0	0	0	0	0	0	0	0	63	0	0	
190504	0	0	0	0	0	0	0	0	0	0	0	0	0	57	0	0	
191259	0	0	0	0	0	0	0	0	0	0	0	0	0	57	0	0	
192009	0	0	0	0	0	0	0	0	0	0	0	0	0	67	0	0	
192760	0	0	0	0	0	0	0	0	0	0	0	0	0	49	0	0	
193510	0	0	0	0	0	0	0	0	0	0	0	0	69	0	0	0	
194261	0	0	0	0	0	0	0	0	0	0	0	0	71	0	0	0	
195008	0	0	0	0	0	0	0	0	0	0	0	0	67	0	0	0	
195756	0	0	0	0	0	0	0	0	0	0	0	0	55	0	0	0	
196510	0	0	0	0	0	0	0	0	0	0	0	0	55	0	0	0	
197258	0	0	0	0	0	0	0	0	0	0	0	0	59	0	0	0	
198008	0	0	0	0	0	0	0	0	0	0	0	0	65	0	0	0	
198756	0	0	0	0	0	0	0	0	0	0	0	0	49	0	0	0	
199504	0	0	0	0	0	0	0	0	0	0	0	0	51	0	0	0	
200253	0	0	0	0	0	0	0	0	0	0	0	0	69	0	0	0	
201001	0	0	0	0	0	0	0	0	0	0	0	0	0	51	0	0	
201753	0	0	0	0	0	0	0	0	0	0	0	0	0	67	0	0	
202505	0	0	0	0	0	0	0	0	0	0	0	0	0	55	0	0	
203254	0	0	0	0	0	0	0	0	0	0	0	0	0	57	0	0	
204004	0	0	0	0	0	0	0	0	0	0	0	0	0	69	0	0	
204754	0	0	0	0	0	0	0	0	0	0	0	0	0	67	0	0	
205503	0	0	0	0	0	0	0	0	0	0	0	0	0	51	0	0	
206253	0	0	0	0	0	0	0	0	0	0	0	0	0	55	0	0	
207004	0	0	0	0	0	0	0	0	0	0	0	0	0	45	0	0	
207752	0	0	0	0	0	0	0	0	0	0	0	0	63	0	0	0	
208502	0	0	0	0	0	0	0	0	0	0	0	0	49	0	0	0	
209253	0	0	0	0	0	0	0	0	0	0	0	0	61	0	0	0	
210003	0	0	0	0	0	0	0	0	0	0	0	0	67	0	0	0	
210751	0	0	0	0	0	0	0	0	0	0	0	0	59	0	0	0	
211501	0	0	0	0	0	0	0	0	0	0	0	0	53	0	0	0	
212251	0	0	0	0	0	0	0	0	0	0	0	63	0	0	0	0	
213002	0	0	0	0	0	0	0	0	0	0	0	65	0	0	0	0	
213754	0	0	0	0	0	0	0	0	0	0	0	87	0	0	0	0	
214506	0	0	0	0	0	0	0	0	0	0	0	67	0	0	0	0	
215258	0	0	0	0	0	0	0	0	0	0	67	0	0	0	0	0	
216010	0	0	0	0	0	0	0	0	0	0	93	0	0	0	0	0	
216760	0	0	0	0	0	0	0	0	0	0	81	0	0	0	0	0	
217510	0	0	0	0	0	0	0	0	0	0	69	0	0	0	0	0	
218262	0	0	0	0	0	0	0	0	0	0	79	0	0	0	0	0	
219010	0	0	0	0	0	0	0	0	0	0	65	0	0	0	0	0	
219760	0	0	0	0	0	0	0	0	0	0	73	0	0	0	0	0	
220509	0	0	0	0	0	0	0	0	0	0	0	69	0	0	0	0	
221260	0	0	0	0	0	0	0	0	0	0	0	63	0	0	0	0	
222009	0	0	0	0	0	0	0	0	0	0	0	69	0	0	0	0	
222757	0	0	0	0	0	0	0	0	0	0	0	57	0	0	0	0	
223507	0	0	0	0	0	0	0	0	0	0	0	77	0	0	0	0	
224258	0	0	0	0	0	0	0	0	0	0	0	73	0	0	0	0	
225004	0	0	0	0	0	0	0	0	0	0	0	65	0	0	0	0	
225757	0	0	0	0	0	0	0	0	0	0	79	0	0	0	0	0	
226504	0	0	0	0	0	0	0	0	0	0	79	0	0	0	0	0	
227255	0	0	0	0	0	0	0	0	0	0	73	0	0	0	0	0	
228004	0	0	0	0	0	0	0	0	0	0	79	0	0	0	0	0	
228757	0	0	0	0	0	0	0	0	0	0	57	0	0	0	0	0	
229507	0	0	0	0	0	0	0	0	0	0	61	0	0	0	0	0	
230260	0	0	0	0	0	0	0	0	0	0	65	0	0	0	0	0	
231012	0	0	0	0	0	0	0	0	0	0	83	0	0	0	0	0	
231763	0	0	0	0	0	0	0	0	0	0	0	67	0	0	0	0	
232513	0	0	0	0	0	0	0	0	0	0	0	55	0	0	0	0	
233265	0	0	0	0	0	0	0	0	0	0	0	69	0	0	0	0	
234016	0	0	0	0	0	0	0	0	0	0	0	71	0	0	0	0	
234763	0	0	0	0	0	0	0	0	0	0	0	45	0	0	0	0	
235514	0	0	0	0	0	0	0	0	0	0	0	71	0	0	0	0	
236263	0	0	0	0	0	0	0	0	0	0	0	67	0	0	0	0	
237011	0	0	0	0	0	0	0	0	0	0	0	71	0	0	0	0	
237761	0	0	0	0	0	0	0	0	0	0	0	59	0	0	0	0	
238511	0	0	0	0	0	0	0	0	0	0	0	73	0	0	0	0	
239260	0	0	0	0	0	0	0	0	0	0	0	75	0	0	0	0	
240011	0	0	0	0	0	0	0	0	0	0	0	71	0	0	0	0	
240762	0	0	0	0	0	0	0	0	0	0	0	63	0	0	0	0	
241513	0	0	0	0	0	0	0	0	0	0	0	73	0	0	0	0	
242263	0	0	0	0	0	0	0	0	0	0	0	61	0	0	0	0	
243011	0	0	0	0	0	0	0	0	0	0	0	65	0	0	0	0	
243762	0	0	0	0	0	0	0	0	0	0	0	71	0	0	0	0	
244513	0	0	0	0	0	0	0	0	0	0	0	83	0	0	0	0	
245265	0	0	0	0	0	0	0	0	0	0	0	65	0	0	0	0	
246012	0	0	0	0	0	0	0	0	0	0	0	61	0	0	0	0	
246768	0	0	0	0	0	0	0	0	0	0	0	51	0	0	0	0	
247517	0	0	0	0	0	0	0	0	0	0	0	69	0	0	0	0	
248267	0	0	0	0	0	0	0	0	0	0	0	77	0	0	0	0	
249013	0	0	0	0	0	0	0	0	0	0	0	69	0	0	0	0	
249764	0	0	0	0	0	0	0	0	0	0	0	59	0	0	0	0	
250516	0	0	0	0	0	0	0	0	0	0	0	77	0	0	0	0	
251265	0	0	0	0	0	0	0	0	0	0	0	59	0	0	0	0	
252016	0	0	0	0	0	0	0	0	0	0	0	65	0	0	0	0	
252765	0	0	0	0	0	0	0	0	0	0	0	65	0	0	0	0	
253516	0	0	0	0	0	0	0	0	0	0	0	69	0	0	0	0	
254266	0	0	0	0	0	0	0	0	0	0	0	61	0	0	0	0	
255019	0	0	0	0	0	0	0	0	0	0	4	73	0	0	0	0	
255769	0	0	0	0	0	0	0	0	0	0	0	73	0	0	0	0	
256519	0	0	0	0	0	0	0	0	0	0	0	57	0	0	0	0	
257270	0	0	0	0	0	0	0	0	0	0	0	79	0	0	0	0	
258020	0	0	0	0	0	0	0	0	0	0	0	61	0	0	0	0	
258769	0	0	0	0	0	0	0	0	0	0	0	69	0	0	0	0	
259519	0	0	0	0	0	0	0	0	0	0	0	69	0	0	0	0	
260267	0	0	0	0	0	0	0	0	0	0	0	77	0	0	0	0	
261018	0	0	0	0	0	0	0	0	0	0	0	73	0	0	0	0	
261770	0	0	0	0	0	0	0	0	0	0	0	65	0	0	0	0	
262520	0	0	0	0	0	0	0	0	0	0	0	65	0	0	0	0	
263271	0	0	0	0	0	0	0	0	0	0	0	63	0	0	0	0	
264020	0	0	0	0	0	0	0	0	0	0	0	63	0	0	0	0	
264774	0	0	0	0	0	0	0	0	0	0	0	59	0	0	0	0	
265527	0	0	0	0	0	0	0	0	0	0	0	71	0	0	0	0	
266277	0	0	0	0	0	0	0	0	0	0	0	69	0	0	0	0	
267025	0	0	0	0	0	0	0	0	0	0	0	71	0	0	0	0	
267776	0	0	0	0	0	0	0	0	0	0	0	63	0	0	0	0	
268526	0	0	0	0	0	0	0	0	0	0	0	63	0	0	0	0	
269275	0	0	0	0	0	0	0	0	0	0	0	67	0	0	0	0	
270026	0	0	0	0	0	0	0	0	0	0	0	59	0	0	0	0	
270774	0	0	0	0	0	0	0	0	0	0	0	55	0	0	0	0	
271522	0	0	0	0	0	0	0	0	0	0	0	69	0	0	0	0	
272269	0	0	0	0	0	0	0	0	0	0	0	65	0	0	0	0	
273017	0	0	0	0	0	0	0	0	0	0	0	61	0	0	0	0	
273769	0	0	0	0	0	0	0	0	0	0	0	75	0	0	0	0	
274516	0	0	0	0	0	0	0	0	0	0	0	59	0	0	0	0	
275267	0	0	0	0	0	0	0	0	0	0	0	73	0	0	0	0	
276014	0	0	0	0	0	0	0	0	0	0	75	0	0	0	0	0	
276765	0	0	0	0	0	0	0	0	0	0	83	0	0	0	0	0	
277516	0	0	0	0	0	0	0	0	0	0	73	0	0	0	0	0	
278265	0	0	0	0	0	0	0	0	0	0	81	0	0	0	0	0	
279016	0	0	0	0	0	0	0	0	0	0	67	0	0	0	0	0	
279769	0	0	0	0	0	0	0	0	0	0	69	0	0	0	0	0	
280517	0	0	0	0	0	0	0	0	0	0	77	0	0	0	0	0	
281268	0	0	0	0	0	0	0	0	0	0	77	0	0	0	0	0	
282018	0	0	0	0	0	0	0	0	0	0	71	0	0	0	0	0	
282768	0	0	0	0	0	0	0	0	0	0	77	0	0	0	0	0	
283518	0	0	0	0	0	0	0	0	0	0	65	0	0	0	0	0	
284267	0	0	0	0	0	0	0	0	0	0	67	0	0	0	0	0	
285016	0	0	0	0	0	0	0	0	0	0	63	0	0	0	0	0	
285768	0	0	0	0	0	0	0	0	0	0	75	0	0	0	0	0	
286517	0	0	0	0	0	0	0	0	0	0	71	0	0	0	0	0	
287265	0	0	0	0	0	0	0	0	0	0	75	0	0	0	0	0	
288013	0	0	0	0	0	0	0	0	0	0	69	0	0	0	0	0	
288762	0	0	0	0	0	0	0	0	0	0	87	0	0	0	0	0	
289516	0	0	0	0	0	0	0	0	0	0	65	0	0	0	0	0	
290265	0	0	0	0	0	0	0	0	0	0	69	0	0	0	0	0	
291011	0	0	0	0	0	0	0	0	0	0	87	0	0	0	0	0	
291759	0	0	0	0	0	0	0	0	0	0	0	63	0	0	0	0	
292509	0	0	0	0	0	0	0	0	0	0	0	63	0	0	0	0	
293258	0	0	0	0	0	0	0	0	0	0	0	63	0	0	0	0	
294009	0	0	0	0	0	0	0	0	0	0	65	0	0	0	0	0	
294758	0	0	0	0	0	0	0	0	0	0	81	0	0	0	0	0	
295506	0	0	0	0	0	0	0	0	0	81	0	0	0	0	0	0	
296255	0	0	0	0	0	0	0	0	0	75	0	0	0	0	0	0	
297005	0	0	0	0	0	0	0	0	0	81	0	0	0	0	0	0	
297755	0	0	0	0	0	0	0	0	0	97	0	0	0	0	0	0	
298504	0	0	0	0	0	0	0	0	0	81	0	0	0	0	0	0	
299253	0	0	0	0	0	0	0	0	0	73	0	0	0	0	0	0	
300002	0	0	0	0	0	0	0	0	0	73	0	0	0	0	0	0	
300751	0	0	0	0	0	0	0	0	0	73	0	0	0	0	0	0	
301498	0	0	0	0	0	0	0	0	2	75	0	0	0	0	0	0	
302249	0	0	0	0	0	0	0	0	0	75	0	0	0	0	0	0	
302998	0	0	0	0	0	0	0	0	0	85	0	0	0	0	0	0	
303747	0	0	0	0	0	0	0	0	0	81	0	0	0	0	0	0	
304502	0	0	0	0	0	0	0	0	0	65	0	0	0	0	0	0	
305248	0	0	0	0	0	0	0	0	0	71	0	0	0	0	0	0	
305999	0	0	0	0	0	0	0	0	0	75	0	0	0	0	0	0	
306748	0	0	0	0	0	0	0	0	0	75	0	0	0	0	0	0	
307497	0	0	0	0	0	0	0	0	0	89	0	0	0	0	0	0	
308246	0	0	0	0	0	0	0	0	0	83	0	0	0	0	0	0	
308999	0	0	0	0	0	0	0	0	0	95	0	0	0	0	0	0	
309748	0	0	0	0	0	0	0	0	0	77	0	0	0	0	0	0	
310499	0	0	0	0	0	0	0	0	0	101	0	0	0	0	0	0	
311252	0	0	0	0	0	0	0	0	0	95	0	0	0	0	0	0	
312006	0	0	0	0	0	0	0	0	0	89	0	0	0	0	0	0	
312756	0	0	0	0	0	0	0	0	0	83	0	0	0	0	0	0	
313507	0	0	0	0	0	0	0	0	0	59	0	0	0	0	0	0	
314258	0	0	0	0	0	0	0	0	0	77	0	0	0	0	0	0	
315008	0	0	0	0	0	0	0	0	0	93	0	0	0	0	0	0	
315757	0	0	0	0	0	0	0	0	0	75	0	0	0	0	0	0	
316507	0	0	0	0	0	0	0	0	0	95	0	0	0	0	0	0	
317257	0	0	0	0	0	0	0	0	0	103	0	0	0	0	0	0	
318008	0	0	0	0	0	0	0	0	0	67	0	0	0	0	0	0	
318756	0	0	0	0	0	0	0	0	0	73	0	0	0	0	0	0	
319507	0	0	0	0	0	0	0	0	0	81	0	0	0	0	0	0	
320254	0	0	0	0	0	0	0	0	0	97	0	0	0	0	0	0	
321002	0	0	0	0	0	0	0	0	0	77	0	0	0	0	0	0	
321751	0	0	0	0	0	0	0	0	0	77	0	0	0	0	0	0	
322499	0	0	0	0	0	0	0	0	0	81	0	0	0	0	0	0	
323250	0	0	0	0	0	0	0	0	0	79	0	0	0	0	0	0	
323999	0	0	0	0	0	0	0	0	0	91	0	0	0	0	0	0	
324744	0	0	0	0	0	0	0	0	0	85	0	0	0	0	0	0	
325496	0	0	0	0	0	0	0	0	0	0	71	0	0	0	0	0	
326247	0	0	0	0	0	0	0	0	0	0	77	0	0	0	0	0	
326992	0	0	0	0	0	0	0	0	0	0	75	0	0	0	0	0	
327742	0	0	0	0	0	0	0	0	0	0	73	0	0	0	0	0	
328494	0	0	0	0	0	0	0	0	0	0	69	0	0	0	0	0	
329243	0	0	0	0	0	0	0	0	0	0	57	0	0	0	0	0	
329995	0	0	0	0	0	0	0	0	0	0	69	0	0	0	0	0	
330744	0	0	0	0	0	0	0	0	0	0	75	0	0	0	0	0	
331491	0	0	0	0	0	0	0	0	0	0	0	61	0	0	0	0	
332240	0	0	0	0	0	0	0	0	0	0	0	53	0	0	0	0	
332991	0	0	0	0	0	0	0	0	0	0	0	69	0	0	0	0	
333741	0	0	0	0	0	0	0	0	0	0	0	75	0	0	0	0	
334489	0	0	0	0	0	0	0	0	0	0	0	81	0	0	0	0	
335240	0	0	0	0	0	0	0	0	0	0	0	59	0	0	0	0	
335990	0	0	0	0	0	0	0	0	0	0	0	71	0	0	0	0	
336742	0	0	0	0	0	0	0	0	0	0	0	61	0	0	0	0	
337495	0	0	0	0	0	0	0	0	0	0	0	73	0	0	0	0	
338246	0	0	0	0	0	0	0	0	0	0	0	59	0	0	0	0	
338992	0	0	0	0	0	0	0	0	0	0	0	74	1	0	0	0	
339741	0	0	0	0	0	0	0	0	0	0	0	81	0	0	0	0	
340494	0	0	0	0	0	0	0	0	0	0	0	73	0	0	0	0	
341243	0	0	0	0	0	0	0	0	0	0	0	65	0	0	0	0	
341989	0	0	0	0	0	0	0	0	0	0	0	65	0	0	0	0	
342736	0	0	0	0	0	0	0	0	0	0	65	0	0	0	0	0	
343484	0	0	0	0	0	0	0	0	0	0	73	0	0	0	0	0	
344232	0	0	0	0	0	0	0	0	0	0	71	0	0	0	0	0	
344980	0	0	0	0	0	0	0	0	0	0	67	0	0	0	0	0	
345731	0	0	0	0	0	0	0	0	0	0	0	63	0	0	0	0	
346481	0	0	0	0	0	0	0	0	0	0	0	53	0	0	0	0	
347227	0	0	0	0	0	0	0	0	0	0	0	55	0	0	0	0	
347976	0	0	0	0	0	0	0	0	0	0	0	69	0	0	0	0	
348725	0	0	0	0	0	0	0	0	0	0	0	59	0	0	0	0	
349477	0	0	0	0	0	0	0	0	0	0	0	75	0	0	0	0	
350224	0	0	0	0	0	0	0	0	0	0	0	71	0	0	0	0	
350973	0	0	0	0	0	0	0	0	0	0	0	71	0	0	0	0	
351723	0	0	0	0	0	0	0	0	0	0	0	67	0	0	0	0	
352472	0	0	0	0	0	0	0	0	0	0	0	61	0	0	0	0	
353224	0	0	0	0	0	0	0	0	0	0	49	18	0	0	0	0	
353974	0	0	0	0	0	0	0	0	0	0	65	0	0	0	0	0	
354720	0	0	0	0	0	0	0	0	0	0	69	0	0	0	0	0	
355472	0	0	0	0	0	0	0	0	0	0	69	0	0	0	0	0	
356225	0	0	0	0	0	0	0	0	0	0	75	0	0	0	0	0	
356972	0	0	0	0	0	0	0	0	0	0	73	0	0	0	0	0	
357724	0	0	0	0	0	0	0	0	0	0	77	0	0	0	0	0	
358472	0	0	0	0	0	0	0	0	0	0	85	0	0	0	0	0	
359223	0	0	0	0	0	0	0	0	0	0	67	0	0	0	0	0	
359973	0	0	0	0	0	0	0	0	0	0	71	0	0	0	0	0	
360724	0	0	0	0	0	0	0	0	0	0	81	0	0	0	0	0	
361478	0	0	0	0	0	0	0	0	0	0	69	0	0	0	0	0	
362228	0	0	0	0	0	0	0	0	0	0	85	0	0	0	0	0	
362971	0	0	0	0	0	0	0	0	0	0	59	0	0	0	0	0	
363719	0	0	0	0	0	0	0	0	0	0	83	0	0	0	0	0	
364471	0	0	0	0	0	0	0	0	0	77	0	0	0	0	0	0	
365221	0	0	0	0	0	0	0	0	0	71	0	0	0	0	0	0	
365969	0	0	0	0	0	0	0	0	0	71	0	0	0	0	0	0	
366719	0	0	0	0	0	0	0	0	105	0	0	0	0	0	0	0	
367472	0	0	0	0	0	0	0	0	87	0	0	0	0	0	0	0	
368222	0	0	0	0	0	0	0	0	93	0	0	0	0	0	0	0	
368971	0	0	0	0	0	0	0	0	101	0	0	0	0	0	0	0	
369725	0	0	0	0	0	0	0	0	87	0	0	0	0	0	0	0	
370476	0	0	0	0	0	0	0	0	89	0	0	0	0	0	0	0	
371223	0	0	0	0	0	0	0	0	105	0	0	0	0	0	0	0	
371972	0	0	0	0	0	0	0	0	97	0	0	0	0	0	0	0	
372722	0	0	0	0	0	0	0	0	93	0	0	0	0	0	0	0	
373473	0	0	0	0	0	0	0	0	93	14	0	0	0	0	0	0	
374223	0	0	0	0	0	0	0	0	0	83	0	0	0	0	0	0	
374975	0	0	0	0	0	0	0	0	0	77	0	0	0	0	0	0	
375726	0	0	0	0	0	0	0	0	0	71	0	0	0	0	0	0	
376477	0	0	0	0	0	0	0	0	0	81	0	0	0	0	0	0	
377226	0	0	0	0	0	0	0	0	0	79	0	0	0	0	0	0	
377977	0	0	0	0	0	0	0	0	0	107	0	0	0	0	0	0	
378731	0	0	0	0	0	0	0	0	0	85	0	0	0	0	0	0	
379478	0	0	0	0	0	0	0	0	0	93	0	0	0	0	0	0	
380226	0	0	0	0	0	0	0	0	0	63	0	0	0	0	0	0	
380975	0	0	0	0	0	0	0	0	0	69	0	0	0	0	0	0	
381725	0	0	0	0	0	0	0	0	0	77	0	0	0	0	0	0	
382475	0	0	0	0	0	0	0	0	0	89	0	0	0	0	0	0	
383224	0	0	0	0	0	0	0	0	0	91	0	0	0	0	0	0	
383973	0	0	0	0	0	0	0	0	0	89	0	0	0	0	0	0	
384721	0	0	0	0	0	0	0	0	0	75	0	0	0	0	0	0	
385472	0	0	0	0	0	0	0	0	0	85	0	0	0	0	0	0	
386220	0	0	0	0	0	0	0	0	0	73	0	0	0	0	0	0	
386970	0	0	0	0	0	0	0	0	0	0	81	0	0	0	0	0	
387717	0	0	0	0	0	0	0	0	0	0	73	0	0	0	0	0	
388469	0	0	0	0	0	0	0	0	0	0	85	0	0	0	0	0	
389219	0	0	0	0	0	0	0	0	0	0	69	0	0	0	0	0	
389968	0	0	0	0	0	0	0	0	0	0	67	0	0	0	0	0	
390719	0	0	0	0	0	0	0	0	0	0	75	0	0	0	0	0	
391466	0	0	0	0	0	0	0	0	0	0	79	0	0	0	0	0	
392214	0	0	0	0	0	0	0	0	0	0	89	0	0	0	0	0	
392964	0	0	0	0	0	0	0	0	0	0	77	0	0	0	0	0	
393714	0	0	0	0	0	0	0	0	0	83	0	0	0	0	0	0	
394462	0	0	0	0	0	0	0	0	0	79	0	0	0	0	0	0	
395209	0	0	0	0	0	0	0	0	103	0	0	0	0	0	0	0	
395958	0	0	0	0	0	0	0	0	83	0	0	0	0	0	0	0	
396709	0	0	0	0	0	0	0	0	99	0	0	0	0	0	0	0	
397457	0	0	0	0	0	0	0	0	89	0	0	0	0	0	0	0	
398209	0	0	0	0	0	0	0	0	97	0	0	0	0	0	0	0	
398957	0	0	0	0	0	0	0	0	103	0	0	0	0	0	0	0	
399708	0	0	0	0	0	0	0	0	77	0	0	0	0	0	0	0	
400458	0	0	0	0	0	0	0	0	89	0	0	0	0	0	0	0	
401207	0	0	0	0	0	0	0	0	81	0	0	0	0	0	0	0	
401958	0	0	0	0	0	0	0	0	99	0	0	0	0	0	0	0	
402709	0	0	0	0	0	0	0	0	101	0	0	0	0	0	0	0	
403459	0	0	0	0	0	0	0	0	91	0	0	0	0	0	0	0	
404209	0	0	0	0	0	0	0	0	87	0	0	0	0	0	0	0	
404959	0	0	0	0	0	0	0	89	0	0	0	0	0	0	0	0	
405702	0	0	0	0	0	0	0	97	0	0	0	0	0	0	0	0	
406452	0	0	0	0	0	0	0	83	0	0	0	0	0	0	0	0	
407205	0	0	0	0	0	0	0	101	0	0	0	0	0	0	0	0	
407955	0	0	0	0	0	0	0	103	0	0	0	0	0	0	0	0	
408706	0	0	0	0	0	0	0	105	0	0	0	0	0	0	0	0	
409454	0	0	0	0	0	0	0	101	0	0	0	0	0	0	0	0	
410203	0	0	0	0	0	0	0	85	0	0	0	0	0	0	0	0	
410956	0	0	0	0	0	0	0	103	0	0	0	0	0	0	0	0	
411706	0	0	0	0	0	0	135	0	0	0	0	0	0	0	0	0	
412451	0	0	0	0	0	0	115	0	0	0	0	0	0	0	0	0	
413204	0	0	0	0	0	0	105	0	0	0	0	0	0	0	0	0	
413954	0	0	0	0	0	0	129	0	0	0	0	0	0	0	0	0	
414703	0	0	0	0	0	0	115	0	0	0	0	0	0	0	0	0	
415451	0	0	0	0	0	0	107	0	0	0	0	0	0	0	0	0	
416201	0	0	0	0	0	0	99	0	0	0	0	0	0	0	0	0	
416950	0	0	0	0	0	0	109	0	0	0	0	0	0	0	0	0	
417701	0	0	0	0	0	0	135	0	0	0	0	0	0	0	0	0	
418452	0	0	0	0	0	0	133	0	0	0	0	0	0	0	0	0	
419203	0	0	0	0	0	0	121	0	0	0	0	0	0	0	0	0	
419951	0	0	0	0	0	0	121	0	0	0	0	0	0	0	0	0	
420701	0	0	0	0	0	0	109	0	0	0	0	0	0	0	0	0	
421448	0	0	0	0	0	0	0	101	0	0	0	0	0	0	0	0	
422195	0	0	0	0	0	0	0	99	0	0	0	0	0	0	0	0	
422945	0	0	0	0	0	0	0	91	0	0	0	0	0	0	0	0	
423695	0	0	0	0	0	0	0	113	0	0	0	0	0	0	0	0	
424449	0	0	0	0	0	0	0	99	0	0	0	0	0	0	0	0	
425199	0	0	0	0	0	0	0	83	0	0	0	0	0	0	0	0	
425949	0	0	0	0	0	0	0	91	0	0	0	0	0	0	0	0	
426698	0	0	0	0	0	0	0	97	0	0	0	0	0	0	0	0	
427447	0	0	0	0	0	0	0	99	0	0	0	0	0	0	0	0	
428199	0	0	0	0	0	0	0	93	0	0	0	0	0	0	0	0	
428950	0	0	0	0	0	0	1	84	0	0	0	0	0	0	0	0	
429700	0	0	0	0	0	0	0	97	0	0	0	0	0	0	0	0	
430448	0	0	0	0	0	0	0	79	0	0	0	0	0	0	0	0	
431196	0	0	0	0	0	0	0	91	0	0	0	0	0	0	0	0	
431947	0	0	0	0	0	0	0	95	0	0	0	0	0	0	0	0	
432698	0	0	0	0	0	0	0	83	0	0	0	0	0	0	0	0	
433447	0	0	0	0	0	0	0	99	0	0	0	0	0	0	0	0	
434197	0	0	0	0	0	0	0	99	0	0	0	0	0	0	0	0	
434946	0	0	0	0	0	0	0	0	109	0	0	0	0	0	0	0	
435699	0	0	0	0	0	0	0	0	83	0	0	0	0	0	0	0	
436447	0	0	0	0	0	0	0	117	0	0	0	0	0	0	0	0	
437201	0	0	0	0	0	0	0	95	0	0	0	0	0	0	0	0	
437950	0	0	0	0	0	0	0	107	0	0	0	0	0	0	0	0	
438698	0	0	0	0	0	0	0	83	0	0	0	0	0	0	0	0	
439449	0	0	0	0	0	0	0	91	0	0	0	0	0	0	0	0	
440198	0	0	0	0	0	0	0	77	0	0	0	0	0	0	0	0	
440950	0	0	0	0	0	0	0	117	0	0	0	0	0	0	0	0	
441701	0	0	0	0	0	0	0	105	0	0	0	0	0	0	0	0	
442453	0	0	0	0	0	0	0	97	0	0	0	0	0	0	0	0	
443205	0	0	0	0	0	0	0	97	0	0	0	0	0	0	0	0	
443955	0	0	0	0	0	0	0	95	0	0	0	0	0	0	0	0	
444708	0	0	0	0	0	0	0	103	0	0	0	0	0	0	0	0	
445458	0	0	0	0	0	0	0	89	0	0	0	0	0	0	0	0	
446207	0	0	0	0	0	0	0	115	0	0	0	0	0	0	0	0	
446955	0	0	0	0	0	0	99	0	0	0	0	0	0	0	0	0	
447706	0	0	0	0	0	0	127	0	0	0	0	0	0	0	0	0	
448456	0	0	0	0	0	0	117	0	0	0	0	0	0	0	0	0	
449205	0	0	0	0	0	0	107	0	0	0	0	0	0	0	0	0	
449956	0	0	0	0	0	0	113	0	0	0	0	0	0	0	0	0	
450704	0	0	0	0	0	0	125	0	0	0	0	0	0	0	0	0	
451456	0	0	0	0	0	0	117	0	0	0	0	0	0	0	0	0	
452207	0	0	0	0	0	2	121	0	0	0	0	0	0	0	0	0	
452953	0	0	0	0	0	0	105	0	0	0	0	0	0	0	0	0	
453700	0	0	0	0	0	0	121	0	0	0	0	0	0	0	0	0	
454449	0	0	0	0	0	0	123	0	0	0	0	0	0	0	0	0	
455196	0	0	0	0	0	0	121	0	0	0	0	0	0	0	0	0	
455947	0	0	0	0	0	0	103	0	0	0	0	0	0	0	0	0	
456698	0	0	0	0	0	0	0	105	0	0	0	0	0	0	0	0	
457448	0	0	0	0	0	0	0	87	0	0	0	0	0	0	0	0	
458199	0	0	0	0	0	0	0	95	0	0	0	0	0	0	0	0	
458950	0	0	0	0	0	0	135	0	0	0	0	0	0	0	0	0	
459696	0	0	0	0	0	0	123	0	0	0	0	0	0	0	0	0	
460446	0	0	0	0	0	0	107	0	0	0	0	0	0	0	0	0	
461196	0	0	0	0	0	0	123	0	0	0	0	0	0	0	0	0	
461943	0	0	0	0	0	0	115	0	0	0	0	0	0	0	0	0	
462693	0	0	0	0	0	0	97	0	0	0	0	0	0	0	0	0	
463442	0	0	0	0	0	0	117	0	0	0	0	0	0	0	0	0	
464191	0	0	0	0	0	0	101	0	0	0	0	0	0	0	0	0	
464941	0	0	0	0	0	0	123	0	0	0	0	0	0	0	0	0	
465693	0	0	0	0	0	0	109	0	0	0	0	0	0	0	0	0	
466444	0	0	0	0	0	0	105	0	0	0	0	0	0	0	0	0	
467188	0	0	0	0	0	0	121	0	0	0	0	0	0	0	0	0	
467938	0	0	0	0	0	0	103	0	0	0	0	0	0	0	0	0	
468688	0	0	0	0	0	0	117	0	0	0	0	0	0	0	0	0	
469436	0	0	0	0	0	0	111	0	0	0	0	0	0	0	0	0	
470186	0	0	0	0	0	0	121	0	0	0	0	0	0	0	0	0	
470937	0	0	0	0	0	0	121	0	0	0	0	0	0	0	0	0	
471688	0	0	0	0	0	0	123	0	0	0	0	0	0	0	0	0	
472438	0	0	0	0	0	0	113	0	0	0	0	0	0	0	0	0	
473185	0	0	0	0	0	0	119	0	0	0	0	0	0	0	0	0	
473937	0	0	0	0	0	0	105	0	0	0	0	0	0	0	0	0	
474690	0	0	0	0	0	0	139	0	0	0	0	0	0	0	0	0	
475440	0	0	0	0	0	0	115	0	0	0	0	0	0	0	0	0	
476191	0	0	0	0	0	0	119	0	0	0	0	0	0	0	0	0	
476942	0	0	0	0	0	0	123	0	0	0	0	0	0	0	0	0	
477691	0	0	0	0	0	0	135	0	0	0	0	0	0	0	0	0	
478440	0	0	0	0	0	0	103	0	0	0	0	0	0	0	0	0	
479190	0	0	0	0	0	0	117	0	0	0	0	0	0	0	0	0	
479944	0	0	0	0	0	0	115	0	0	0	0	0	0	0	0	0	
480692	0	0	0	0	0	0	119	0	0	0	0	0	0	0	0	0	
481447	0	0	0	0	0	0	117	0	0	0	0	0	0	0	0	0	
482195	0	0	0	0	0	0	111	0	0	0	0	0	0	0	0	0	
482946	0	0	0	0	0	0	105	0	0	0	0	0	0	0	0	0	
483694	0	0	0	0	0	0	123	0	0	0	0	0	0	0	0	0	
484442	0	0	0	0	0	0	111	0	0	0	0	0	0	0	0	0	
485189	0	0	0	0	0	0	125	0	0	0	0	0	0	0	0	0	
485938	0	0	0	0	0	0	111	0	0	0	0	0	0	0	0	0	
486689	0	0	0	0	0	0	113	0	0	0	0	0	0	0	0	0	
487441	0	0	0	0	0	0	109	0	0	0	0	0	0	0	0	0	
488192	0	0	0	0	0	0	121	0	0	0	0	0	0	0	0	0	
488939	0	0	0	0	0	0	107	0	0	0	0	0	0	0	0	0	
489689	0	0	0	0	0	0	121	0	0	0	0	0	0	0	0	0	
490439	0	0	0	0	0	0	121	0	0	0	0	0	0	0	0	0	
491191	0	0	0	0	0	0	133	0	0	0	0	0	0	0	0	0	
491939	0	0	0	0	0	0	133	0	0	0	0	0	0	0	0	0	
492685	0	0	0	0	0	0	113	0	0	0	0	0	0	0	0	0	
493434	0	0	0	0	0	1	122	0	0	0	0	0	0	0	0	0	
494185	0	0	0	0	0	0	117	0	0	0	0	0	0	0	0	0	
494933	0	0	0	0	0	0	107	0	0	0	0	0	0	0	0	0	
495682	0	0	0	0	0	0	123	0	0	0	0	0	0	0	0	0	
496430	0	0	0	0	0	0	123	0	0	0	0	0	0	0	0	0	
497180	0	0	0	0	0	0	107	0	0	0	0	0	0	0	0	0	
497927	0	0	0	0	0	0	105	0	0	0	0	0	0	0	0	0	
498672	0	0	0	0	0	0	113	0	0	0	0	0	0	0	0	0	
499422	0	0	0	0	0	141	0	0	0	0	0	0	0	0	0	0	
500173	0	0	0	0	0	133	0	0	0	0	0	0	0	0	0	0	
500924	0	0	0	0	0	131	0	0	0	0	0	0	0	0	0	0	
501674	0	0	0	0	0	145	0	0	0	0	0	0	0	0	0	0	
502424	0	0	0	0	0	133	0	0	0	0	0	0	0	0	0	0	
503176	0	0	0	0	0	113	0	0	0	0	0	0	0	0	0	0	
503925	0	0	0	0	0	131	0	0	0	0	0	0	0	0	0	0	
504676	0	0	0	0	0	109	0	0	0	0	0	0	0	0	0	0	
505419	0	0	0	0	0	149	0	0	0	0	0	0	0	0	0	0	
506169	0	0	0	0	0	121	0	0	0	0	0	0	0	0	0	0	
506917	0	0	0	0	0	137	0	0	0	0	0	0	0	0	0	0	
507665	0	0	0	0	0	143	0	0	0	0	0	0	0	0	0	0	
508415	0	0	0	0	0	135	0	0	0	0	0	0	0	0	0	0	
509164	0	0	0	0	0	127	0	0	0	0	0	0	0	0	0	0	
509913	0	0	0	0	0	129	0	0	0	0	0	0	0	0	0	0	
510664	0	0	0	0	0	127	0	0	0	0	0	0	0	0	0	0	
511416	0	0	0	0	0	159	0	0	0	0	0	0	0	0	0	0	
512167	0	0	0	0	0	129	0	0	0	0	0	0	0	0	0	0	
512918	0	0	0	0	0	131	0	0	0	0	0	0	0	0	0	0	
513665	0	0	0	0	0	125	0	0	0	0	0	0	0	0	0	0	
514415	0	0	0	0	0	135	0	0	0	0	0	0	0	0	0	0	
515166	0	0	0	0	0	115	0	0	0	0	0	0	0	0	0	0	
515917	0	0	0	0	0	143	0	0	0	0	0	0	0	0	0	0	
516668	0	0	0	0	0	141	0	0	0	0	0	0	0	0	0	0	
517420	0	0	0	0	0	123	0	0	0	0	0	0	0	0	0	0	
518170	0	0	0	0	0	141	0	0	0	0	0	0	0	0	0	0	
518922	0	0	0	0	0	147	0	0	0	0	0	0	0	0	0	0	
519674	0	0	0	0	0	135	0	0	0	0	0	0	0	0	0	0	
520424	0	0	0	0	0	119	0	0	0	0	0	0	0	0	0	0	
521175	0	0	0	0	0	129	0	0	0	0	0	0	0	0	0	0	
521925	0	0	0	0	0	143	0	0	0	0	0	0	0	0	0	0	
522677	0	0	0	0	0	70	45	0	0	0	0	0	0	0	0	0	
523426	0	0	0	0	0	0	121	2	0	0	0	0	0	0	0	0	
524175	0	0	0	0	0	0	129	0	0	0	0	0	0	0	0	0	
524924	0	0	0	0	0	0	121	0	0	0	0	0	0	0	0	0	
525675	0	0	0	0	0	0	125	0	0	0	0	0	0	0	0	0	
526423	0	0	0	0	0	0	119	0	0	0	0	0	0	0	0	0	
527168	0	0	0	0	0	151	0	0	0	0	0	0	0	0	0	0	
527916	0	0	0	0	0	137	0	0	0	0	0	0	0	0	0	0	
528664	0	0	0	0	0	139	0	0	0	0	0	0	0	0	0	0	
529411	0	0	0	0	0	145	0	0	0	0	0	0	0	0	0	0	
530159	0	0	0	0	0	125	0	0	0	0	0	0	0	0	0	0	
530908	0	0	0	0	10	119	0	0	0	0	0	0	0	0	0	0	
531658	0	0	0	0	0	137	0	0	0	0	0	0	0	0	0	0	
532409	0	0	0	0	0	137	0	0	0	0	0	0	0	0	0	0	
533155	0	0	0	0	0	107	0	0	0	0	0	0	0	0	0	0	
533907	0	0	0	0	0	127	0	0	0	0	0	0	0	0	0	0	
534656	0	0	0	0	0	135	0	0	0	0	0	0	0	0	0	0	
535410	0	0	0	0	0	137	0	0	0	0	0	0	0	0	0	0	
536161	0	0	0	0	0	141	0	0	0	0	0	0	0	0	0	0	
536909	0	0	0	0	0	143	0	0	0	0	0	0	0	0	0	0	
537660	0	0	0	0	0	139	0	0	0	0	0	0	0	0	0	0	
538407	0	0	0	0	0	129	0	0	0	0	0	0	0	0	0	0	
539160	0	0	0	0	0	119	0	0	0	0	0	0	0	0	0	0	
539911	0	0	0	0	0	139	0	0	0	0	0	0	0	0	0	0	
540664	0	0	0	0	0	143	0	0	0	0	0	0	0	0	0	0	
541415	0	0	0	0	0	131	0	0	0	0	0	0	0	0	0	0	
542164	0	0	0	0	0	117	0	0	0	0	0	0	0	0	0	0	
542911	0	0	0	0	0	133	0	0	0	0	0	0	0	0	0	0	
543664	0	0	0	0	0	133	0	0	0	0	0	0	0	0	0	0	
544416	0	0	0	0	0	137	0	0	0	0	0	0	0	0	0	0	
545170	0	0	0	0	0	135	0	0	0	0	0	0	0	0	0	0	
545922	0	0	0	0	0	135	0	0	0	0	0	0	0	0	0	0	
546672	0	0	0	0	0	157	0	0	0	0	0	0	0	0	0	0	
547417	0	0	0	0	0	139	0	0	0	0	0	0	0	0	0	0	
548165	0	0	0	0	0	123	0	0	0	0	0	0	0	0	0	0	
548916	0	0	0	0	0	135	0	0	0	0	0	0	0	0	0	0	
549666	0	0	0	0	29	106	0	0	0	0	0	0	0	0	0	0	
550417	0	0	0	0	0	127	0	0	0	0	0	0	0	0	0	0	
551167	0	0	0	0	0	109	0	0	0	0	0	0	0	0	0	0	
551915	0	0	0	0	0	149	0	0	0	0	0	0	0	0	0	0	
552664	0	0	0	0	0	125	0	0	0	0	0	0	0	0	0	0	
553412	0	0	0	0	0	111	0	0	0	0	0	0	0	0	0	0	
554163	0	0	0	0	0	151	0	0	0	0	0	0	0	0	0	0	
554916	0	0	0	0	0	131	0	0	0	0	0	0	0	0	0	0	
555668	0	0	0	0	14	131	0	0	0	0	0	0	0	0	0	0	
556417	0	0	0	0	179	0	0	0	0	0	0	0	0	0	0	0	
557169	0	0	0	0	183	0	0	0	0	0	0	0	0	0	0	0	
557919	0	0	0	201	0	0	0	0	0	0	0	0	0	0	0	0	
558669	0	0	13	182	0	0	0	0	0	0	0	0	0	0	0	0	
559420	0	0	0	211	0	0	0	0	0	0	0	0	0	0	0	0	
560168	0	0	0	191	0	0	0	0	0	0	0	0	0	0	0	0	
560917	0	0	0	203	0	0	0	0	0	0	0	0	0	0	0	0	
561666	0	0	0	207	0	0	0	0	0	0	0	0	0	0	0	0	
562413	0	0	0	195	0	0	0	0	0	0	0	0	0	0	0	0	
563165	0	0	0	196	3	0	0	0	0	0	0	0	0	0	0	0	
563916	0	0	0	157	0	0	0	0	0	0	0	0	0	0	0	0	
564665	0	0	0	221	0	0	0	0	0	0	0	0	0	0	0	0	
565415	0	0	0	213	0	0	0	0	0	0	0	0	0	0	0	0	
566163	0	0	0	179	0	0	0	0	0	0	0	0	0	0	0	0	
566914	0	0	0	203	0	0	0	0	0	0	0	0	0	0	0	0	
567665	0	0	0	209	0	0	0	0	0	0	0	0	0	0	0	0	
568413	0	0	0	183	0	0	0	0	0	0	0	0	0	0	0	0	
569163	0	0	0	203	0	0	0	0	0	0	0	0	0	0	0	0	
569916	0	0	0	195	0	0	0	0	0	0	0	0	0	0	0	0	
570665	0	0	0	209	0	0	0	0	0	0	0	0	0	0	0	0	
571417	0	0	0	185	0	0	0	0	0	0	0	0	0	0	0	0	
572168	0	0	0	215	0	0	0	0	0	0	0	0	0	0	0	0	
572918	0	0	0	191	0	0	0	0	0	0	0	0	0	0	0	0	
573667	0	0	0	207	0	0	0	0	0	0	0	0	0	0	0	0	
574418	0	0	0	199	0	0	0	0	0	0	0	0	0	0	0	0	
575168	0	0	0	191	0	0	0	0	0	0	0	0	0	0	0	0	
575918	0	0	0	199	0	0	0	0	0	0	0	0	0	0	0	0	
576668	0	0	0	175	0	0	0	0	0	0	0	0	0	0	0	0	
577416	0	0	0	197	0	0	0	0	0	0	0	0	0	0	0	0	
578169	0	0	0	187	0	0	0	0	0	0	0	0	0	0	0	0	
578920	0	0	0	171	0	0	0	0	0	0	0	0	0	0	0	0	
579668	0	0	0	213	0	0	0	0	0	0	0	0	0	0	0	0	
580416	0	0	0	211	0	0	0	0	0	0	0	0	0	0	0	0	
581165	0	0	0	197	0	0	0	0	0	0	0	0	0	0	0	0	
581915	0	0	0	209	0	0	0	0	0	0	0	0	0	0	0	0	
582663	0	0	0	207	0	0	0	0	0	0	0	0	0	0	0	0	
583415	0	0	0	193	0	0	0	0	0	0	0	0	0	0	0	0	
584165	0	0	0	215	0	0	0	0	0	0	0	0	0	0	0	0	
584913	0	0	0	187	0	0	0	0	0	0	0	0	0	0	0	0	
585663	0	0	0	197	0	0	0	0	0	0	0	0	0	0	0	0	
586413	0	0	0	197	0	0	0	0	0	0	0	0	0	0	0	0	
587164	0	0	0	193	0	0	0	0	0	0	0	0	0	0	0	0	
587912	0	0	0	203	0	0	0	0	0	0	0	0	0	0	0	0	
588659	0	0	0	199	0	0	0	0	0	0	0	0	0	0	0	0	
589409	0	0	0	205	0	0	0	0	0	0	0	0	0	0	0	0	
590161	0	0	0	189	0	0	0	0	0	0	0	0	0	0	0	0	
590913	0	0	0	227	0	0	0	0	0	0	0	0	0	0	0	0	
591661	0	0	0	203	0	0	0	0	0	0	0	0	0	0	0	0	
592409	0	0	0	205	0	0	0	0	0	0	0	0	0	0	0	0	
593161	0	0	0	237	0	0	0	0	0	0	0	0	0	0	0	0	
593911	0	0	0	0	181	0	0	0	0	0	0	0	0	0	0	0	
594663	0	0	0	0	147	0	0	0	0	0	0	0	0	0	0	0	
595412	0	0	0	0	159	0	0	0	0	0	0	0	0	0	0	0	
596160	0	0	0	0	154	1	0	0	0	0	0	0	0	0	0	0	
596913	0	0	0	0	165	0	0	0	0	0	0	0	0	0	0	0	
597663	0	0	0	0	135	0	0	0	0	0	0	0	0	0	0	0	
598411	0	0	0	0	155	0	0	0	0	0	0	0	0	0	0	0	
599159	0	0	0	0	163	0	0	0	0	0	0	0	0	0	0	0	
599908	0	0	0	0	175	0	0	0	0	0	0	0	0	0	0	0	
600658	0	0	0	0	167	0	0	0	0	0	0	0	0	0	0	0	
601410	0	0	0	0	173	0	0	0	0	0	0	0	0	0	0	0	
602161	0	0	0	0	177	0	0	0	0	0	0	0	0	0	0	0	
602910	0	0	0	0	169	0	0	0	0	0	0	0	0	0	0	0	
603660	0	0	0	0	151	0	0	0	0	0	0	0	0	0	0	0	
604411	0	0	0	0	153	0	0	0	0	0	0	0	0	0	0	0	
605162	0	0	0	0	173	0	0	0	0	0	0	0	0	0	0	0	
605911	0	0	0	1	154	0	0	0	0	0	0	0	0	0	0	0	
606660	0	0	0	0	153	0	0	0	0	0	0	0	0	0	0	0	
607409	0	0	0	0	147	0	0	0	0	0	0	0	0	0	0	0	
608158	0	0	0	0	157	0	0	0	0	0	0	0	0	0	0	0	
608906	0	0	0	0	161	0	0	0	0	0	0	0	0	0	0	0	
609651	0	0	0	0	169	0	0	0	0	0	0	0	0	0	0	0	
610401	0	0	0	0	149	0	0	0	0	0	0	0	0	0	0	0	
611152	0	0	0	0	161	0	0	0	0	0	0	0	0	0	0	0	
611900	0	0	0	0	159	0	0	0	0	0	0	0	0	0	0	0	
612649	0	0	0	0	131	0	0	0	0	0	0	0	0	0	0	0	
613402	0	0	0	0	141	0	0	0	0	0	0	0	0	0	0	0	
614154	0	0	0	0	169	0	0	0	0	0	0	0	0	0	0	0	
614904	0	0	0	0	159	0	0	0	0	0	0	0	0	0	0	0	
615653	0	0	0	0	159	0	0	0	0	0	0	0	0	0	0	0	
616402	0	0	0	0	153	0	0	0	0	0	0	0	0	0	0	0	
617155	0	0	0	0	167	0	0	0	0	0	0	0	0	0	0	0	
617904	0	0	0	0	145	0	0	0	0	0	0	0	0	0	0	0	
618654	0	0	0	0	0	127	0	0	0	0	0	0	0	0	0	0	
619405	0	0	0	0	0	129	0	0	0	0	0	0	0	0	0	0	
620154	0	0	0	0	0	123	0	0	0	0	0	0	0	0	0	0	
620905	0	0	0	0	0	135	0	0	0	0	0	0	0	0	0	0	
621653	0	0	0	0	0	135	0	0	0	0	0	0	0	0	0	0	
622399	0	0	0	0	0	131	0	0	0	0	0	0	0	0	0	0	
623149	0	0	0	0	0	117	0	0	0	0	0	0	0	0	0	0	
623895	0	0	0	0	0	115	0	0	0	0	0	0	0	0	0	0	
624645	0	0	0	0	0	129	0	0	0	0	0	0	0	0	0	0	
625391	0	0	0	0	0	125	0	0	0	0	0	0	0	0	0	0	
626144	0	0	0	0	1	130	0	0	0	0	0	0	0	0	0	0	
626893	0	0	0	0	0	141	0	0	0	0	0	0	0	0	0	0	
627644	0	0	0	0	0	117	0	0	0	0	0	0	0	0	0	0	
628396	0	0	0	0	0	135	0	0	0	0	0	0	0	0	0	0	
629147	0	0	0	0	1	122	0	0	0	0	0	0	0	0	0	0	
629895	0	0	0	0	0	145	0	0	0	0	0	0	0	0	0	0	
630646	0	0	0	0	0	145	0	0	0	0	0	0	0	0	0	0	
631394	0	0	0	0	0	141	0	0	0	0	0	0	0	0	0	0	
632146	0	0	0	0	0	147	0	0	0	0	0	0	0	0	0	0	
632896	0	0	0	0	0	147	0	0	0	0	0	0	0	0	0	0	
633649	0	0	0	0	0	131	0	0	0	0	0	0	0	0	0	0	
634397	0	0	0	0	0	125	0	0	0	0	0	0	0	0	0	0	
635146	0	0	0	0	0	125	0	0	0	0	0	0	0	0	0	0	
635894	0	0	0	0	0	133	0	0	0	0	0	0	0	0	0	0	
636644	0	0	0	0	0	141	0	0	0	0	0	0	0	0	0	0	
637395	0	0	0	0	0	131	0	0	0	0	0	0	0	0	0	0	
638148	0	0	0	0	0	129	0	0	0	0	0	0	0	0	0	0	
638898	0	0	0	0	0	133	0	0	0	0	0	0	0	0	0	0	
639646	0	0	0	0	0	137	0	0	0	0	0	0	0	0	0	0	
640398	0	0	0	0	0	131	0	0	0	0	0	0	0	0	0	0	
641144	0	0	0	0	0	129	0	0	0	0	0	0	0	0	0	0	
641893	0	0	0	0	0	123	0	0	0	0	0	0	0	0	0	0	
642643	0	0	0	0	0	121	0	0	0	0	0	0	0	0	0	0	
643391	0	0	0	0	1	120	0	0	0	0	0	0	0	0	0	0	
644145	0	0	0	0	0	141	0	0	0	0	0	0	0	0	0	0	
644894	0	0	0	0	0	129	0	0	0	0	0	0	0	0	0	0	
645647	0	0	0	0	0	137	0	0	0	0	0	0	0	0	0	0	
646397	0	0	0	0	0	143	0	0	0	0	0	0	0	0	0	0	
647145	0	0	0	0	0	121	0	0	0	0	0	0	0	0	0	0	
647896	0	0	0	0	0	133	0	0	0	0	0	0	0	0	0	0	
648646	0	0	0	0	0	131	0	0	0	0	0	0	0	0	0	0	
649394	0	0	0	0	0	121	0	0	0	0	0	0	0	0	0	0	
650143	0	0	0	0	0	141	0	0	0	0	0	0	0	0	0	0	
650891	0	0	0	0	0	121	0	0	0	0	0	0	0	0	0	0	
651643	0	0	0	0	0	131	0	0	0	0	0	0	0	0	0	0	
652391	0	0	0	0	0	137	0	0	0	0	0	0	0	0	0	0	
653144	0	0	0	0	171	0	0	0	0	0	0	0	0	0	0	0	
653894	0	0	0	0	153	0	0	0	0	0	0	0	0	0	0	0	
654646	0	0	0	0	159	0	0	0	0	0	0	0	0	0	0	0	
655397	0	0	0	0	131	0	0	0	0	0	0	0	0	0	0	0	
656148	0	0	0	0	163	0	0	0	0	0	0	0	0	0	0	0	
656894	0	0	0	0	153	0	0	0	0	0	0	0	0	0	0	0	
657644	0	0	0	0	177	0	0	0	0	0	0	0	0	0	0	0	
658393	0	0	0	0	185	0	0	0	0	0	0	0	0	0	0	0	
659144	0	0	0	0	171	0	0	0	0	0	0	0	0	0	0	0	
659895	0	0	0	0	165	0	0	0	0	0	0	0	0	0	0	0	
660647	0	0	0	0	167	0	0	0	0	0	0	0	0	0	0	0	
661397	0	0	0	0	161	0	0	0	0	0	0	0	0	0	0	0	
662143	0	0	0	0	163	0	0	0	0	0	0	0	0	0	0	0	
662893	0	0	0	0	141	0	0	0	0	0	0	0	0	0	0	0	
663642	0	0	0	0	157	0	0	0	0	0	0	0	0	0	0	0	
664392	0	0	0	0	153	0	0	0	0	0	0	0	0	0	0	0	
665140	0	0	0	0	171	0	0	0	0	0	0	0	0	0	0	0	
665891	0	0	0	1	186	0	0	0	0	0	0	0	0	0	0	0	
666641	0	0	0	0	157	0	0	0	0	0	0	0	0	0	0	0	
667390	0	0	0	0	151	0	0	0	0	0	0	0	0	0	0	0	
668142	0	0	0	0	179	0	0	0	0	0	0	0	0	0	0	0	
668894	0	0	0	0	175	0	0	0	0	0	0	0	0	0	0	0	
669647	0	0	0	0	159	0	0	0	0	0	0	0	0	0	0	0	
670398	0	0	0	0	157	0	0	0	0	0	0	0	0	0	0	0	
671149	0	0	0	0	137	0	0	0	0	0	0	0	0	0	0	0	
671896	0	0	0	0	177	0	0	0	0	0	0	0	0	0	0	0	
672648	0	0	0	0	161	0	0	0	0	0	0	0	0	0	0	0	
673398	0	0	0	0	167	0	0	0	0	0	0	0	0	0	0	0	
674142	0	0	0	0	171	0	0	0	0	0	0	0	0	0	0	0	
674894	0	0	0	0	169	0	0	0	0	0	0	0	0	0	0	0	
675644	0	0	0	0	153	0	0	0	0	0	0	0	0	0	0	0	
676396	0	0	0	0	173	0	0	0	0	0	0	0	0	0	0	0	
677145	0	0	0	0	163	0	0	0	0	0	0	0	0	0	0	0	
677898	0	0	0	0	173	0	0	0	0	0	0	0	0	0	0	0	
678647	0	0	0	0	163	0	0	0	0	0	0	0	0	0	0	0	
679398	0	0	0	0	153	0	0	0	0	0	0	0	0	0	0	0	
680150	0	0	0	0	147	0	0	0	0	0	0	0	0	0	0	0	
680900	0	0	0	0	143	0	0	0	0	0	0	0	0	0	0	0	
681649	0	0	0	0	191	0	0	0	0	0	0	0	0	0	0	0	
682399	0	0	0	0	165	0	0	0	0	0	0	0	0	0	0	0	
683149	0	0	0	0	181	0	0	0	0	0	0	0	0	0	0	0	
683901	0	0	0	49	100	0	0	0	0	0	0	0	0	0	0	0	
684654	0	0	0	0	175	0	0	0	0	0	0	0	0	0	0	0	
685404	0	0	0	0	175	0	0	0	0	0	0	0	0	0	0	0	
686153	0	0	0	0	175	0	0	0	0	0	0	0	0	0	0	0	
686901	0	0	0	0	165	0	0	0	0	0	0	0	0	0	0	0	
687651	0	0	0	0	183	0	0	0	0	0	0	0	0	0	0	0	
688403	0	0	0	0	161	0	0	0	0	0	0	0	0	0	0	0	
689152	0	0	0	0	193	0	0	0	0	0	0	0	0	0	0	0	
689902	0	0	0	0	169	0	0	0	0	0	0	0	0	0	0	0	
690652	0	0	0	0	149	0	0	0	0	0	0	0	0	0	0	0	
691404	0	0	0	0	155	0	0	0	0	0	0	0	0	0	0	0	
692153	0	0	0	0	159	0	0	0	0	0	0	0	0	0	0	0	
692902	0	0	0	0	161	0	0	0	0	0	0	0	0	0	0	0	
693652	0	0	0	0	171	0	0	0	0	0	0	0	0	0	0	0	
694403	0	0	0	0	151	0	0	0	0	0	0	0	0	0	0	0	
695150	0	0	0	0	149	0	0	0	0	0	0	0	0	0	0	0	
695903	0	0	0	0	157	0	0	0	0	0	0	0	0	0	0	0	
696653	0	0	0	0	157	0	0	0	0	0	0	0	0	0	0	0	
697404	0	0	0	0	135	0	0	0	0	0	0	0	0	0	0	0	
698156	0	0	0	0	165	0	0	0	0	0	0	0	0	0	0	0	
698904	0	0	0	0	155	0	0	0	0	0	0	0	0	0	0	0	
699654	0	0	0	0	159	0	0	0	0	0	0	0	0	0	0	0	
700405	0	0	0	0	157	0	0	0	0	0	0	0	0	0	0	0	
701153	0	0	0	209	0	0	0	0	0	0	0	0	0	0	0	0	
701902	0	0	0	177	0	0	0	0	0	0	0	0	0	0	0	0	
702648	0	0	0	193	0	0	0	0	0	0	0	0	0	0	0	0	
703399	0	0	0	189	0	0	0	0	0	0	0	0	0	0	0	0	
704152	0	0	0	215	0	0	0	0	0	0	0	0	0	0	0	0	
704905	0	0	265	0	0	0	0	0	0	0	0	0	0	0	0	0	
705651	0	0	263	0	0	0	0	0	0	0	0	0	0	0	0	0	
706399	0	0	267	0	0	0	0	0	0	0	0	0	0	0	0	0	
707148	0	0	269	0	0	0	0	0	0	0	0	0	0	0	0	0	
707895	0	0	249	0	0	0	0	0	0	0	0	0	0	0	0	0	
708645	0	0	267	0	0	0	0	0	0	0	0	0	0	0	0	0	
709395	0	0	275	0	0	0	0	0	0	0	0	0	0	0	0	0	
710146	0	0	265	2	0	0	0	0	0	0	0	0	0	0	0	0	
710894	0	0	263	0	0	0	0	0	0	0	0	0	0	0	0	0	
711644	0	0	281	0	0	0	0	0	0	0	0	0	0	0	0	0	
712396	0	0	271	0	0	0	0	0	0	0	0	0	0	0	0	0	
713149	0	0	173	58	0	0	0	0	0	0	0	0	0	0	0	0	
713895	0	0	0	221	0	0	0	0	0	0	0	0	0	0	0	0	
714647	0	0	0	217	0	0	0	0	0	0	0	0	0	0	0	0	
715398	0	0	0	177	0	0	0	0	0	0	0	0	0	0	0	0	
716148	0	0	16	169	0	0	0	0	0	0	0	0	0	0	0	0	
716895	0	0	0	175	0	0	0	0	0	0	0	0	0	0	0	0	
717642	0	0	0	185	0	0	0	0	0	0	0	0	0	0	0	0	
718391	0	0	0	203	0	0	0	0	0	0	0	0	0	0	0	0	
719139	0	0	0	185	0	0	0	0	0	0	0	0	0	0	0	0	
719890	0	0	6	187	0	0	0	0	0	0	0	0	0	0	0	0	
720638	0	0	0	193	0	0	0	0	0	0	0	0	0	0	0	0	
721391	0	0	0	209	0	0	0	0	0	0	0	0	0	0	0	0	
722140	0	0	0	187	0	0	0	0	0	0	0	0	0	0	0	0	
722891	0	0	0	181	0	0	0	0	0	0	0	0	0	0	0	0	
723644	0	0	0	203	0	0	0	0	0	0	0	0	0	0	0	0	
724394	0	0	0	203	0	0	0	0	0	0	0	0	0	0	0	0	
725145	0	0	0	209	0	0	0	0	0	0	0	0	0	0	0	0	
725894	0	0	0	183	0	0	0	0	0	0	0	0	0	0	0	0	
726645	0	0	0	197	0	0	0	0	0	0	0	0	0	0	0	0	
727396	0	0	0	203	0	0	0	0	0	0	0	0	0	0	0	0	
728146	0	0	0	193	0	0	0	0	0	0	0	0	0	0	0	0	
728895	0	0	0	177	0	0	0	0	0	0	0	0	0	0	0	0	
729647	0	0	0	189	0	0	0	0	0	0	0	0	0	0	0	0	
730395	0	0	0	185	0	0	0	0	0	0	0	0	0	0	0	0	
731142	0	0	0	211	0	0	0	0	0	0	0	0	0	0	0	0	
731896	0	0	0	213	0	0	0	0	0	0	0	0	0	0	0	0	
732648	0	0	0	179	0	0	0	0	0	0	0	0	0	0	0	0	
733398	0	0	0	203	0	0	0	0	0	0	0	0	0	0	0	0	
734146	0	0	0	211	0	0	0	0	0	0	0	0	0	0	0	0	
734898	0	0	0	177	0	0	0	0	0	0	0	0	0	0	0	0	
735649	0	0	0	179	0	0	0	0	0	0	0	0	0	0	0	0	
736402	0	0	0	211	0	0	0	0	0	0	0	0	0	0	0	0	
737151	0	0	0	207	0	0	0	0	0	0	0	0	0	0	0	0	
737901	0	0	0	189	0	0	0	0	0	0	0	0	0	0	0	0	
738653	0	0	0	203	0	0	0	0	0	0	0	0	0	0	0	0	
739400	0	0	0	219	0	0	0	0	0	0	0	0	0	0	0	0	
740148	0	0	0	227	0	0	0	0	0	0	0	0	0	0	0	0	
740897	0	0	0	197	0	0	0	0	0	0	0	0	0	0	0	0	
741647	0	0	0	207	0	0	0	0	0	0	0	0	0	0	0	0	
742396	0	0	0	193	0	0	0	0	0	0	0	0	0	0	0	0	
743145	0	0	0	195	0	0	0	0	0	0	0	0	0	0	0	0	
743896	0	0	0	199	0	0	0	0	0	0	0	0	0	0	0	0	
744648	0	0	0	211	0	0	0	0	0	0	0	0	0	0	0	0	
745400	0	0	0	179	0	0	0	0	0	0	0	0	0	0	0	0	
746150	0	0	0	203	0	0	0	0	0	0	0	0	0	0	0	0	
746896	0	0	0	201	0	0	0	0	0	0	0	0	0	0	0	0	
747650	0	0	0	205	0	0	0	0	0	0	0	0	0	0	0	0	
748402	0	0	0	201	0	0	0	0	0	0	0	0	0	0	0	0	
749151	0	0	0	207	0	0	0	0	0	0	0	0	0	0	0	0	
749898	0	0	0	195	0	0	0	0	0	0	0	0	0	0	0	0	
750643	0	0	0	189	0	0	0	0	0	0	0	0	0	0	0	0	
751394	0	0	0	231	0	0	0	0	0	0	0	0	0	0	0	0	
752148	0	0	0	197	0	0	0	0	0	0	0	0	0	0	0	0	
752894	0	0	0	195	0	0	0	0	0	0	0	0	0	0	0	0	
753646	0	0	0	197	0	0	0	0	0	0	0	0	0	0	0	0	
754397	0	0	0	181	0	0	0	0	0	0	0	0	0	0	0	0	
755146	0	0	0	177	0	0	0	0	0	0	0	0	0	0	0	0	
755900	0	0	0	191	0	0	0	0	0	0	0	0	0	0	0	0	
756645	0	0	0	193	0	0	0	0	0	0	0	0	0	0	0	0	
757395	0	0	0	187	0	0	0	0	0	0	0	0	0	0	0	0	
758147	0	0	0	215	0	0	0	0	0	0	0	0	0	0	0	0	
758898	0	0	0	203	20	0	0	0	0	0	0	0	0	0	0	0	
759643	0	0	0	197	0	0	0	0	0	0	0	0	0	0	0	0	
760393	0	0	0	193	0	0	0	0	0	0	0	0	0	0	0	0	
761146	0	0	0	195	0	0	0	0	0	0	0	0	0	0	0	0	
761894	0	0	0	183	0	0	0	0	0	0	0	0	0	0	0	0	
762642	0	0	0	195	0	0	0	0	0	0	0	0	0	0	0	0	
763390	0	0	0	215	0	0	0	0	0	0	0	0	0	0	0	0	
764139	0	0	0	205	0	0	0	0	0	0	0	0	0	0	0	0	
764889	0	0	0	191	0	0	0	0	0	0	0	0	0	0	0	0	
765641	0	0	0	225	0	0	0	0	0	0	0	0	0	0	0	0	
766389	0	0	0	203	0	0	0	0	0	0	0	0	0	0	0	0	
767137	0	0	0	201	0	0	0	0	0	0	0	0	0	0	0	0	
767887	0	0	0	201	0	0	0	0	0	0	0	0	0	0	0	0	
768637	0	0	0	215	0	0	0	0	0	0	0	0	0	0	0	0	
769385	0	0	0	167	0	0	0	0	0	0	0	0	0	0	0	0	
770136	0	0	0	195	0	0	0	0	0	0	0	0	0	0	0	0	
770884	0	0	0	187	0	0	0	0	0	0	0	0	0	0	0	0	
771636	0	0	2	173	0	0	0	0	0	0	0	0	0	0	0	0	
772386	0	0	0	171	0	0	0	0	0	0	0	0	0	0	0	0	
773136	0	0	0	201	0	0	0	0	0	0	0	0	0	0	0	0	
773885	0	0	0	197	0	0	0	0	0	0	0	0	0	0	0	0	
774632	0	0	0	199	0	0	0	0	0	0	0	0	0	0	0	0	
775382	0	0	0	199	0	0	0	0	0	0	0	0	0	0	0	0	
776130	0	0	0	199	0	0	0	0	0	0	0	0	0	0	0	0	
776877	0	0	0	207	0	0	0	0	0	0	0	0	0	0	0	0	
777627	0	0	0	205	0	0	0	0	0	0	0	0	0	0	0	0	
778378	0	0	0	201	0	0	0	0	0	0	0	0	0	0	0	0	
779129	0	0	0	145	32	0	0	0	0	0	0	0	0	0	0	0	
779881	0	0	247	0	0	0	0	0	0	0	0	0	0	0	0	0	
780629	0	0	271	0	0	0	0	0	0	0	0	0	0	0	0	0	
781379	0	0	231	0	0	0	0	0	0	0	0	0	0	0	0	0	
782125	0	0	285	0	0	0	0	0	0	0	0	0	0	0	0	0	
782877	0	0	263	0	0	0	0	0	0	0	0	0	0	0	0	0	
783629	0	0	255	0	0	0	0	0	0	0	0	0	0	0	0	0	
784380	0	0	259	0	0	0	0	0	0	0	0	0	0	0	0	0	
785130	0	0	255	0	0	0	0	0	0	0	0	0	0	0	0	0	
785880	0	0	275	0	0	0	0	0	0	0	0	0	0	0	0	0	
786630	0	0	273	0	0	0	0	0	0	0	0	0	0	0	0	0	
787383	0	0	255	0	0	0	0	0	0	0	0	0	0	0	0	0	
788134	0	0	241	0	0	0	0	0	0	0	0	0	0	0	0	0	
788881	0	0	273	0	0	0	0	0	0	0	0	0	0	0	0	0	
789631	0	0	287	0	0	0	0	0	0	0	0	0	0	0	0	0	
790377	0	0	117	110	0	0	0	0	0	0	0	0	0	0	0	0	
791127	0	0	0	179	0	0	0	0	0	0	0	0	0	0	0	0	
791877	0	0	0	183	0	0	0	0	0	0	0	0	0	0	0	0	
792626	0	0	0	193	0	0	0	0	0	0	0	0	0	0	0	0	
793378	0	0	0	173	0	0	0	0	0	0	0	0	0	0	0	0	
794125	0	0	0	205	0	0	0	0	0	0	0	0	0	0	0	0	
794876	0	0	0	195	0	0	0	0	0	0	0	0	0	0	0	0	
795627	0	0	0	201	0	0	0	0	0	0	0	0	0	0	0	0	
796377	0	0	0	199	0	0	0	0	0	0	0	0	0	0	0	0	
797126	0	0	0	199	0	0	0	0	0	0	0	0	0	0	0	0	
797877	0	0	0	187	0	0	0	0	0	0	0	0	0	0	0	0	
798627	0	0	0	183	0	0	0	0	0	0	0	0	0	0	0	0	
799376	0	0	0	155	0	0	0	0	0	0	0	0	0	0	0	0	
800128	0	0	0	195	0	0	0	0	0	0	0	0	0	0	0	0	
800878	0	0	0	195	0	0	0	0	0	0	0	0	0	0	0	0	
801628	0	0	0	197	0	0	0	0	0	0	0	0	0	0	0	0	
802379	0	0	0	209	0	0	0	0	0	0	0	0	0	0	0	0	
803127	0	0	0	201	0	0	0	0	0	0	0	0	0	0	0	0	
803879	0	0	0	199	0	0	0	0	0	0	0	0	0	0	0	0	
804630	0	0	0	195	0	0	0	0	0	0	0	0	0	0	0	0	
805379	0	0	30	177	0	0	0	0	0	0	0	0	0	0	0	0	
806128	0	0	0	195	0	0	0	0	0	0	0	0	0	0	0	0	
806880	0	0	0	197	0	0	0	0	0	0	0	0	0	0	0	0	
807630	0	0	0	207	0	0	0	0	0	0	0	0	0	0	0	0	
808380	0	0	0	201	0	0	0	0	0	0	0	0	0	0	0	0	
809127	0	0	0	207	0	0	0	0	0	0	0	0	0	0	0	0	
809879	0	0	0	195	0	0	0	0	0	0	0	0	0	0	0	0	
810629	0	0	0	203	0	0	0	0	0	0	0	0	0	0	0	0	
811379	0	0	0	217	0	0	0	0	0	0	0	0	0	0	0	0	
812128	0	0	0	201	0	0	0	0	0	0	0	0	0	0	0	0	
812879	0	0	0	209	0	0	0	0	0	0	0	0	0	0	0	0	
813626	0	0	0	217	0	0	0	0	0	0	0	0	0	0	0	0	
814377	0	0	0	199	0	0	0	0	0	0	0	0	0	0	0	0	
815128	0	0	0	217	0	0	0	0	0	0	0	0	0	0	0	0	
815883	0	0	0	207	0	0	0	0	0	0	0	0	0	0	0	0	
816634	0	0	0	211	0	0	0	0	0	0	0	0	0	0	0	0	
817386	0	0	0	163	0	0	0	0	0	0	0	0	0	0	0	0	
818137	0	0	0	179	0	0	0	0	0	0	0	0	0	0	0	0	
818886	0	0	0	213	0	0	0	0	0	0	0	0	0	0	0	0	
819636	0	0	0	193	0	0	0	0	0	0	0	0	0	0	0	0	
820384	0	0	0	197	0	0	0	0	0	0	0	0	0	0	0	0	
821134	0	0	0	211	0	0	0	0	0	0	0	0	0	0	0	0	
821888	0	0	0	183	0	0	0	0	0	0	0	0	0	0	0	0	
822641	0	0	0	205	0	0	0	0	0	0	0	0	0	0	0	0	
823390	0	0	0	179	0	0	0	0	0	0	0	0	0	0	0	0	
824140	0	0	0	195	0	0	0	0	0	0	0	0	0	0	0	0	
824890	0	0	0	167	0	0	0	0	0	0	0	0	0	0	0	0	
825638	0	0	0	209	0	0	0	0	0	0	0	0	0	0	0	0	
826388	0	0	0	217	0	0	0	0	0	0	0	0	0	0	0	0	
827136	0	0	0	205	0	0	0	0	0	0	0	0	0	0	0	0	
827889	0	0	0	217	0	0	0	0	0	0	0	0	0	0	0	0	
828641	0	0	0	203	0	0	0	0	0	0	0	0	0	0	0	0	
829393	0	0	0	189	0	0	0	0	0	0	0	0	0	0	0	0	
830143	0	0	0	189	0	0	0	0	0	0	0	0	0	0	0	0	
830894	0	0	0	197	0	0	0	0	0	0	0	0	0	0	0	0	
831644	0	0	0	197	0	0	0	0	0	0	0	0	0	0	0	0	
832392	0	0	0	189	0	0	0	0	0	0	0	0	0	0	0	0	
833142	0	0	0	207	0	0	0	0	0	0	0	0	0	0	0	0	
833894	0	0	0	193	0	0	0	0	0	0	0	0	0	0	0	0	
834644	0	0	0	177	0	0	0	0	0	0	0	0	0	0	0	0	
835395	0	0	0	187	0	0	0	0	0	0	0	0	0	0	0	0	
836148	0	0	2	201	0	0	0	0	0	0	0	0	0	0	0	0	
836899	0	0	0	187	0	0	0	0	0	0	0	0	0	0	0	0	
837649	0	0	0	199	0	0	0	0	0	0	0	0	0	0	0	0	
838401	0	0	0	179	0	0	0	0	0	0	0	0	0	0	0	0	
839153	0	0	0	189	0	0	0	0	0	0	0	0	0	0	0	0	
839901	0	0	0	189	0	0	0	0	0	0	0	0	0	0	0	0	
840651	0	0	0	199	0	0	0	0	0	0	0	0	0	0	0	0	
841401	0	0	0	189	0	0	0	0	0	0	0	0	0	0	0	0	
842149	0	0	0	187	0	0	0	0	0	0	0	0	0	0	0	0	
842896	0	0	0	223	0	0	0	0	0	0	0	0	0	0	0	0	
843648	0	0	0	191	0	0	0	0	0	0	0	0	0	0	0	0	
844402	0	0	0	201	0	0	0	0	0	0	0	0	0	0	0	0	
845154	0	0	0	207	0	0	0	0	0	0	0	0	0	0	0	0	
845905	0	0	0	161	0	0	0	0	0	0	0	0	0	0	0	0	
846654	0	0	0	199	0	0	0	0	0	0	0	0	0	0	0	0	
847401	0	0	0	199	0	0	0	0	0	0	0	0	0	0	0	0	
848154	0	0	0	193	0	0	0	0	0	0	0	0	0	0	0	0	
848901	0	0	98	133	0	0	0	0	0	0	0	0	0	0	0	0	
849651	0	0	0	203	0	0	0	0	0	0	0	0	0	0	0	0	
850400	0	0	0	203	0	0	0	0	0	0	0	0	0	0	0	0	
851153	0	0	0	205	0	0	0	0	0	0	0	0	0	0	0	0	
851906	0	0	0	185	0	0	0	0	0	0	0	0	0	0	0	0	
852651	0	0	0	185	0	0	0	0	0	0	0	0	0	0	0	0	
853401	0	0	0	217	0	0	0	0	0	0	0	0	0	0	0	0	
854153	0	0	0	193	0	0	0	0	0	0	0	0	0	0	0	0	
854904	0	0	0	197	0	0	0	0	0	0	0	0	0	0	0	0	
855654	0	0	0	203	0	0	0	0	0	0	0	0	0	0	0	0	
856403	0	0	0	203	0	0	0	0	0	0	0	0	0	0	0	0	
857155	0	0	0	187	0	0	0	0	0	0	0	0	0	0	0	0	
857905	0	0	0	195	0	0	0	0	0	0	0	0	0	0	0	0	
858653	0	0	0	201	0	0	0	0	0	0	0	0	0	0	0	0	
859403	0	0	0	203	0	0	0	0	0	0	0	0	0	0	0	0	
860150	0	0	0	229	0	0	0	0	0	0	0	0	0	0	0	0	
860900	0	0	0	203	0	0	0	0	0	0	0	0	0	0	0	0	
861650	0	0	0	203	0	0	0	0	0	0	0	0	0	0	0	0	
862396	0	0	0	193	0	0	0	0	0	0	0	0	0	0	0	0	
863145	0	0	0	213	0	0	0	0	0	0	0	0	0	0	0	0	
863892	0	0	0	201	0	0	0	0	0	0	0	0	0	0	0	0	
864641	0	0	0	195	0	0	0	0	0	0	0	0	0	0	0	0	
865390	0	0	0	223	0	0	0	0	0	0	0	0	0	0	0	0	
866139	0	0	0	185	0	0	0	0	0	0	0	0	0	0	0	0	
866889	0	0	0	223	0	0	0	0	0	0	0	0	0	0	0	0	
867639	0	0	0	197	0	0	0	0	0	0	0	0	0	0	0	0	
868388	0	0	0	201	0	0	0	0	0	0	0	0	0	0	0	0	
869138	0	0	0	187	0	0	0	0	0	0	0	0	0	0	0	0	
869885	0	0	0	217	0	0	0	0	0	0	0	0	0	0	0	0	
870635	0	0	0	189	0	0	0	0	0	0	0	0	0	0	0	0	
871387	0	0	0	193	0	0	0	0	0	0	0	0	0	0	0	0	
872138	0	0	0	127	68	0	0	0	0	0	0	0	0	0	0	0	
872889	0	0	0	183	0	0	0	0	0	0	0	0	0	0	0	0	
873638	0	0	0	183	0	0	0	0	0	0	0	0	0	0	0	0	
874386	0	0	0	175	0	0	0	0	0	0	0	0	0	0	0	0	
875135	0	0	0	197	0	0	0	0	0	0	0	0	0	0	0	0	
875885	0	0	0	207	0	0	0	0	0	0	0	0	0	0	0	0	
876632	0	0	0	231	0	0	0	0	0	0	0	0	0	0	0	0	
877383	0	0	0	217	0	0	0	0	0	0	0	0	0	0	0	0	
878135	0	0	0	191	0	0	0	0	0	0	0	0	0	0	0	0	
878888	0	0	0	207	0	0	0	0	0	0	0	0	0	0	0	0	
879641	0	0	0	166	21	0	0	0	0	0	0	0	0	0	0	0	
880392	0	0	0	197	0	0	0	0	0	0	0	0	0	0	0	0	
881140	0	0	0	207	0	0	0	0	0	0	0	0	0	0	0	0	
881891	0	0	0	231	0	0	0	0	0	0	0	0	0	0	0	0	
882637	0	0	0	203	0	0	0	0	0	0	0	0	0	0	0	0	
883386	0	0	0	217	0	0	0	0	0	0	0	0	0	0	0	0	
884137	0	0	0	185	0	0	0	0	0	0	0	0	0	0	0	0	
884889	0	0	0	193	0	0	0	0	0	0	0	0	0	0	0	0	
885642	0	0	0	207	0	0	0	0	0	0	0	0	0	0	0	0	
886391	0	0	0	211	0	0	0	0	0	0	0	0	0	0	0	0	
887142	0	0	0	187	0	0	0	0	0	0	0	0	0	0	0	0	
887892	0	0	0	207	0	0	0	0	0	0	0	0	0	0	0	0	
888645	0	0	0	229	0	0	0	0	0	0	0	0	0	0	0	0	
889399	0	0	0	203	0	0	0	0	0	0	0	0	0	0	0	0	
890150	0	0	0	185	0	0	0	0	0	0	0	0	0	0	0	0	
890900	0	0	0	213	0	0	0	0	0	0	0	0	0	0	0	0	
891648	0	0	0	231	0	0	0	0	0	0	0	0	0	0	0	0	
892398	0	0	0	181	0	0	0	0	0	0	0	0	0	0	0	0	
893149	0	0	0	215	0	0	0	0	0	0	0	0	0	0	0	0	
893900	0	0	0	223	0	0	0	0	0	0	0	0	0	0	0	0	
894651	0	0	0	185	0	0	0	0	0	0	0	0	0	0	0	0	
895403	0	0	0	215	0	0	0	0	0	0	0	0	0	0	0	0	
896153	0	0	0	217	0	0	0	0	0	0	0	0	0	0	0	0	
896901	0	0	0	205	0	0	0	0	0	0	0	0	0	0	0	0	
897650	0	0	0	213	0	0	0	0	0	0	0	0	0	0	0	0	
898398	0	0	0	203	0	0	0	0	0	0	0	0	0	0	0	0	
899150	0	0	0	211	0	0	0	0	0	0	0	0	0	0	0	0	
899902	0	0	0	199	0	0	0	0	0	0	0	0	0	0	0	0	
900650	0	0	0	193	0	0	0	0	0	0	0	0	0	0	0	0	
901400	0	0	0	193	0	0	0	0	0	0	0	0	0	0	0	0	
902147	0	0	0	191	0	0	0	0	0	0	0	0	0	0	0	0	
902897	0	0	0	171	0	0	0	0	0	0	0	0	0	0	0	0	
903645	0	0	0	200	5	0	0	0	0	0	0	0	0	0	0	0	
904393	0	0	0	199	0	0	0	0	0	0	0	0	0	0	0	0	
905145	0	0	0	183	0	0	0	0	0	0	0	0	0	0	0	0	
905893	0	0	0	189	0	0	0	0	0	0	0	0	0	0	0	0	
906645	0	0	0	205	0	0	0	0	0	0	0	0	0	0	0	0	
907393	0	0	0	207	0	0	0	0	0	0	0	0	0	0	0	0	
908144	0	0	0	173	0	0	0	0	0	0	0	0	0	0	0	0	
908894	0	0	0	205	0	0	0	0	0	0	0	0	0	0	0	0	
909645	0	0	0	219	0	0	0	0	0	0	0	0	0	0	0	0	
910398	0	0	0	201	0	0	0	0	0	0	0	0	0	0	0	0	
911150	0	0	0	199	0	0	0	0	0	0	0	0	0	0	0	0	
911901	0	0	0	177	0	0	0	0	0	0	0	0	0	0	0	0	
912650	0	0	0	191	0	0	0	0	0	0	0	0	0	0	0	0	
913399	0	0	1	170	34	0	0	0	0	0	0	0	0	0	0	0	
914150	0	0	0	185	0	0	0	0	0	0	0	0	0	0	0	0	
914900	0	0	0	165	0	0	0	0	0	0	0	0	0	0	0	0	
915649	0	0	0	215	0	0	0	0	0	0	0	0	0	0	0	0	
916398	0	0	0	211	0	0	0	0	0	0	0	0	0	0	0	0	
917145	0	0	0	203	0	0	0	0	0	0	0	0	0	0	0	0	
917892	0	0	0	195	0	0	0	0	0	0	0	0	0	0	0	0	
918644	0	0	0	193	0	0	0	0	0	0	0	0	0	0	0	0	
919392	0	0	0	211	0	0	0	0	0	0	0	0	0	0	0	0	
920145	0	0	0	183	0	0	0	0	0	0	0	0	0	0	0	0	
920897	0	0	0	195	0	0	0	0	0	0	0	0	0	0	0	0	
921649	0	0	0	209	0	0	0	0	0	0	0	0	0	0	0	0	
922399	0	0	0	177	0	0	0	0	0	0	0	0	0	0	0	0	
923148	0	0	0	199	0	0	0	0	0	0	0	0	0	0	0	0	
923901	0	0	0	209	0	0	0	0	0	0	0	0	0	0	0	0	
924651	0	0	0	199	0	0	0	0	0	0	0	0	0	0	0	0	
925406	0	0	0	189	0	0	0	0	0	0	0	0	0	0	0	0	
926159	0	0	0	167	0	0	0	0	0	0	0	0	0	0	0	0	
926909	0	0	0	207	0	0	0	0	0	0	0	0	0	0	0	0	
927658	0	0	0	215	4	0	0	0	0	0	0	0	0	0	0	0	
928412	0	0	0	185	0	0	0	0	0	0	0	0	0	0	0	0	
929164	0	0	0	215	0	0	0	0	0	0	0	0	0	0	0	0	
929913	0	0	0	195	0	0	0	0	0	0	0	0	0	0	0	0	
930661	0	0	0	207	0	0	0	0	0	0	0	0	0	0	0	0	
931410	0	0	0	215	0	0	0	0	0	0	0	0	0	0	0	0	
932162	0	0	0	185	0	0	0	0	0	0	0	0	0	0	0	0	
932911	0	0	0	179	0	0	0	0	0	0	0	0	0	0	0	0	
933661	0	0	0	167	0	0	0	0	0	0	0	0	0	0	0	0	
934410	0	0	0	215	0	0	0	0	0	0	0	0	0	0	0	0	
935164	0	0	0	193	0	0	0	0	0	0	0	0	0	0	0	0	
935912	0	0	0	183	0	0	0	0	0	0	0	0	0	0	0	0	
936661	0	0	0	177	0	0	0	0	0	0	0	0	0	0	0	0	
937413	0	0	0	199	0	0	0	0	0	0	0	0	0	0	0	0	
938166	0	0	0	215	0	0	0	0	0	0	0	0	0	0	0	0	
938917	0	0	0	197	0	0	0	0	0	0	0	0	0	0	0	0	
939667	0	0	0	197	0	0	0	0	0	0	0	0	0	0	0	0	
940420	0	0	0	187	0	0	0	0	0	0	0	0	0	0	0	0	
941170	0	0	0	197	0	0	0	0	0	0	0	0	0	0	0	0	
941919	0	0	0	217	0	0	0	0	0	0	0	0	0	0	0	0	
942671	0	0	0	215	0	0	0	0	0	0	0	0	0	0	0	0	
943420	0	0	0	221	0	0	0	0	0	0	0	0	0	0	0	0	
944174	0	0	0	193	0	0	0	0	0	0	0	0	0	0	0	0	
944921	0	0	0	193	0	0	0	0	0	0	0	0	0	0	0	0	
945672	0	0	0	203	0	0	0	0	0	0	0	0	0	0	0	0	
946421	0	0	0	203	0	0	0	0	0	0	0	0	0	0	0	0	
947171	0	0	0	56	135	0	0	0	0	0	0	0	0	0	0	0	
947922	0	0	0	185	0	0	0	0	0	0	0	0	0	0	0	0	
948671	0	0	0	185	0	0	0	0	0	0	0	0	0	0	0	0	
949424	0	0	0	191	0	0	0	0	0	0	0	0	0	0	0	0	
950175	0	0	0	197	0	0	0	0	0	0	0	0	0	0	0	0	
950924	0	0	0	223	0	0	0	0	0	0	0	0	0	0	0	0	
951673	0	0	0	173	0	0	0	0	0	0	0	0	0	0	0	0	
952423	0	0	0	203	0	0	0	0	0	0	0	0	0	0	0	0	
953174	0	0	0	171	0	0	0	0	0	0	0	0	0	0	0	0	
953928	0	0	0	213	0	0	0	0	0	0	0	0	0	0	0	0	
954678	0	0	0	207	0	0	0	0	0	0	0	0	0	0	0	0	
955429	0	0	0	179	0	0	0	0	0	0	0	0	0	0	0	0	
956178	0	0	0	175	0	0	0	0	0	0	0	0	0	0	0	0	
956930	0	0	0	199	0	0	0	0	0	0	0	0	0	0	0	0	
957677	0	0	0	199	0	0	0	0	0	0	0	0	0	0	0	0	
958429	0	0	0	191	0	0	0	0	0	0	0	0	0	0	0	0	
959182	0	0	0	227	0	0	0	0	0	0	0	0	0	0	0	0	
959932	0	0	0	157	0	0	0	0	0	0	0	0	0	0	0	0	
960684	0	0	0	205	0	0	0	0	0	0	0	0	0	0	0	0	
961434	0	0	0	197	0	0	0	0	0	0	0	0	0	0	0	0	
962183	0	0	0	191	0	0	0	0	0	0	0	0	0	0	0	0	
962934	0	0	0	183	0	0	0	0	0	0	0	0	0	0	0	0	
963681	0	0	0	211	0	0	0	0	0	0	0	0	0	0	0	0	
964435	0	0	0	185	0	0	0	0	0	0	0	0	0	0	0	0	
965181	0	0	0	195	0	0	0	0	0	0	0	0	0	0	0	0	
965934	0	0	2	205	0	0	0	0	0	0	0	0	0	0	0	0	
966684	0	0	0	189	0	0	0	0	0	0	0	0	0	0	0	0	
967436	0	0	0	205	0	0	0	0	0	0	0	0	0	0	0	0	
968184	0	0	0	201	0	0	0	0	0	0	0	0	0	0	0	0	
968936	0	0	0	191	0	0	0	0	0	0	0	0	0	0	0	0	
969686	0	0	0	219	0	0	0	0	0	0	0	0	0	0	0	0	
970440	0	0	0	217	0	0	0	0	0	0	0	0	0	0	0	0	
971191	0	0	0	199	0	0	0	0	0	0	0	0	0	0	0	0	
971940	0	0	0	187	0	0	0	0	0	0	0	0	0	0	0	0	
972691	0	0	0	187	0	0	0	0	0	0	0	0	0	0	0	0	
973440	0	0	0	197	0	0	0	0	0	0	0	0	0	0	0	0	
974190	0	0	0	105	74	0	0	0	0	0	0	0	0	0	0	0	
974939	0	0	0	0	187	0	0	0	0	0	0	0	0	0	0	0	
975688	0	0	0	0	167	0	0	0	0	0	0	0	0	0	0	0	
976436	0	0	0	0	131	0	0	0	0	0	0	0	0	0	0	0	
977190	0	0	0	0	129	0	0	0	0	0	0	0	0	0	0	0	
977939	0	0	0	0	169	0	0	0	0	0	0	0	0	0	0	0	
978691	0	0	0	0	145	0	0	0	0	0	0	0	0	0	0	0	
979440	0	0	0	0	159	0	0	0	0	0	0	0	0	0	0	0	
980192	0	0	0	0	147	0	0	0	0	0	0	0	0	0	0	0	
980944	0	0	0	0	161	0	0	0	0	0	0	0	0	0	0	0	
981691	0	0	0	0	161	0	0	0	0	0	0	0	0	0	0	0	
982440	0	0	0	6	137	0	0	0	0	0	0	0	0	0	0	0	
983188	0	0	0	0	149	0	0	0	0	0	0	0	0	0	0	0	
983936	0	0	0	0	161	0	0	0	0	0	0	0	0	0	0	0	
984687	0	0	0	0	167	0	0	0	0	0	0	0	0	0	0	0	
985440	0	0	0	0	155	0	0	0	0	0	0	0	0	0	0	0	
986193	0	0	0	0	157	0	0	0	0	0	0	0	0	0	0	0	
986942	0	0	0	195	0	0	0	0	0	0	0	0	0	0	0	0	
987694	0	0	239	0	0	0	0	0	0	0	0	0	0	0	0	0	
988440	0	3	252	0	0	0	0	0	0	0	0	0	0	0	0	0	
989188	0	0	267	0	0	0	0	0	0	0	0	0	0	0	0	0	
989939	0	0	241	0	0	0	0	0	0	0	0	0	0	0	0	0	
990688	0	0	265	0	0	0	0	0	0	0	0	0	0	0	0	0	
991435	0	0	261	0	0	0	0	0	0	0	0	0	0	0	0	0	
992187	0	0	285	0	0	0	0	0	0	0	0	0	0	0	0	0	
992931	0	0	287	0	0	0	0	0	0	0	0	0	0	0	0	0	
993680	0	0	269	0	0	0	0	0	0	0	0	0	0	0	0	0	
994432	0	0	249	0	0	0	0	0	0	0	0	0	0	0	0	0	
995182	0	0	299	0	0	0	0	0	0	0	0	0	0	0	0	0	
995931	0	0	265	0	0	0	0	0	0	0	0	0	0	0	0	0	
996681	0	0	241	0	0	0	0	0	0	0	0	0	0	0	0	0	
997432	0	0	269	0	0	0	0	0	0	0	0	0	0	0	0	0	
998183	0	0	273	0	0	0	0	0	0	0	0	0	0	0	0	0	
998930	0	0	301	0	0	0	0	0	0	0	0	0	0	0	0	0	
999684	0	0	281	0	0	0	0	0	0	0	0	0	0	0	0	0	
1.00043e+06	0	0	257	0	0	0	0	0	0	0	0	0	0	0	0	0	
1.00118e+06	0	0	257	0	0	0	0	0	0	0	0	0	0	0	0	0	
1.00193e+06	0	0	251	0	0	0	0	0	0	0	0	0	0	0	0	0	
1.00269e+06	0	0	271	0	0	0	0	0	0	0	0	0	0	0	0	0	
1.00344e+06	0	0	289	0	0	0	0	0	0	0	0	0	0	0	0	0	
1.00419e+06	0	0	285	0	0	0	0	0	0	0	0	0	0	0	0	0	
1.00494e+06	0	0	263	0	0	0	0	0	0	0	0	0	0	0	0	0	
1.00568e+06	0	0	269	0	0	0	0	0	0	0	0	0	0	0	0	0	
1.00643e+06	0	0	271	0	0	0	0	0	0	0	0	0	0	0	0	0	
1.00718e+06	0	0	275	0	0	0	0	0	0	0	0	0	0	0	0	0	
1.00793e+06	0	0	269	0	0	0	0	0	0	0	0	0	0	0	0	0	
1.00868e+06	0	0	273	0	0	0	0	0	0	0	0	0	0	0	0	0	
1.00943e+06	0	0	273	0	0	0	0	0	0	0	0	0	0	0	0	0	
1.01018e+06	0	0	269	0	0	0	0	0	0	0	0	0	0	0	0	0	
1.01093e+06	0	0	279	0	0	0	0	0	0	0	0	0	0	0	0	0	
1.01168e+06	0	0	287	0	0	0	0	0	0	0	0	0	0	0	0	0	
1.01243e+06	0	0	263	0	0	0	0	0	0	0	0	0	0	0	0	0	
1.01318e+06	0	0	269	0	0	0	0	0	0	0	0	0	0	0	0	0	
1.01393e+06	0	0	251	0	0	0	0	0	0	0	0	0	0	0	0	0	
1.01468e+06	0	0	255	0	0	0	0	0	0	0	0	0	0	0	0	0	
1.01543e+06	0	0	281	0	0	0	0	0	0	0	0	0	0	0	0	0	
1.01618e+06	0	0	233	0	0	0	0	0	0	0	0	0	0	0	0	0	
1.01693e+06	0	0	277	0	0	0	0	0	0	0	0	0	0	0	0	0	
1.01768e+06	0	0	271	0	0	0	0	0	0	0	0	0	0	0	0	0	
1.01843e+06	0	0	0	193	0	0	0	0	0	0	0	0	0	0	0	0	
1.01918e+06	0	0	0	183	0	0	0	0	0	0	0	0	0	0	0	0	
1.01993e+06	0	0	0	209	0	0	0	0	0	0	0	0	0	0	0	0	
1.02068e+06	0	0	0	199	0	0	0	0	0	0	0	0	0	0	0	0	
1.02143e+06	0	0	0	217	0	0	0	0	0	0	0	0	0	0	0	0	
1.02217e+06	0	0	0	227	0	0	0	0	0	0	0	0	0	0	0	0	
1.02292e+06	0	0	0	187	0	0	0	0	0	0	0	0	0	0	0	0	
1.02367e+06	0	0	0	203	0	0	0	0	0	0	0	0	0	0	0	0	
1.02442e+06	0	0	2	189	0	0	0	0	0	0	0	0	0	0	0	0	
1.02517e+06	0	0	0	187	0	0	0	0	0	0	0	0	0	0	0	0	
1.02592e+06	0	0	0	197	0	0	0	0	0	0	0	0	0	0	0	0	
1.02667e+06	0	0	0	195	0	0	0	0	0	0	0	0	0	0	0	0	
1.02742e+06	0	0	0	199	0	0	0	0	0	0	0	0	0	0	0	0	
1.02817e+06	0	0	0	203	0	0	0	0	0	0	0	0	0	0	0	0	
1.02892e+06	0	0	0	205	0	0	0	0	0	0	0	0	0	0	0	0	
1.02967e+06	0	0	0	199	0	0	0	0	0	0	0	0	0	0	0	0	
1.03041e+06	0	0	0	215	0	0	0	0	0	0	0	0	0	0	0	0	
1.03116e+06	0	0	0	169	0	0	0	0	0	0	0	0	0	0	0	0	
1.03191e+06	0	0	287	0	0	0	0	0	0	0	0	0	0	0	0	0	
1.03266e+06	0	0	279	0	0	0	0	0	0	0	0	0	0	0	0	0	
1.03341e+06	0	0	261	0	0	0	0	0	0	0	0	0	0	0	0	0	
1.03416e+06	0	0	271	0	0	0	0	0	0	0	0	0	0	0	0	0	
1.03491e+06	0	0	277	0	0	0	0	0	0	0	0	0	0	0	0	0	
1.03566e+06	0	0	267	0	0	0	0	0	0	0	0	0	0	0	0	0	
1.03641e+06	0	0	281	0	0	0	0	0	0	0	0	0	0	0	0	0	
1.03716e+06	0	0	279	0	0	0	0	0	0	0	0	0	0	0	0	0	
1.03791e+06	0	0	247	0	0	0	0	0	0	0	0	0	0	0	0	0	
1.03866e+06	0	0	265	0	0	0	0	0	0	0	0	0	0	0	0	0	
1.03941e+06	0	0	273	0	0	0	0	0	0	0	0	0	0	0	0	0	
1.04016e+06	0	0	229	48	0	0	0	0	0	0	0	0	0	0	0	0	
1.04091e+06	0	0	273	0	0	0	0	0	0	0	0	0	0	0	0	0	
1.04166e+06	0	0	247	0	0	0	0	0	0	0	0	0	0	0	0	0	
1.04241e+06	0	0	255	0	0	0	0	0	0	0	0	0	0	0	0	0	
1.04316e+06	0	0	243	0	0	0	0	0	0	0	0	0	0	0	0	0	
1.04391e+06	0	0	265	0	0	0	0	0	0	0	0	0	0	0	0	0	
1.04465e+06	0	0	273	0	0	0	0	0	0	0	0	0	0	0	0	0	
1.0454e+06	0	0	253	0	0	0	0	0	0	0	0	0	0	0	0	0	
1.04616e+06	0	0	273	0	0	0	0	0	0	0	0	0	0	0	0	0	
1.04691e+06	0	0	267	0	0	0	0	0	0	0	0	0	0	0	0	0	
1.04765e+06	0	0	261	0	0	0	0	0	0	0	0	0	0	0	0	0	
1.04841e+06	0	0	251	0	0	0	0	0	0	0	0	0	0	0	0	0	
1.04916e+06	0	0	273	0	0	0	0	0	0	0	0	0	0	0	0	0	
1.04991e+06	0	0	283	0	0	0	0	0	0	0	0	0	0	0	0	0	
1.05066e+06	0	0	277	0	0	0	0	0	0	0	0	0	0	0	0	0	
1.05142e+06	0	0	273	0	0	0	0	0	0	0	0	0	0	0	0	0	
1.05217e+06	0	0	255	0	0	0	0	0	0	0	0	0	0	0	0	0	
1.05292e+06	0	0	281	0	0	0	0	0	0	0	0	0	0	0	0	0	
1.05367e+06	0	0	253	0	0	0	0	0	0	0	0	0	0	0	0	0	
1.05442e+06	0	0	251	0	0	0	0	0	0	0	0	0	0	0	0	0	
1.05517e+06	0	0	251	0	0	0	0	0	0	0	0	0	0	0	0	0	
1.05592e+06	0	0	263	0	0	0	0	0	0	0	0	0	0	0	0	0	
1.05666e+06	0	0	255	0	0	0	0	0	0	0	0	0	0	0	0	0	
1.05741e+06	0	0	271	0	0	0	0	0	0	0	0	0	0	0	0	0	
1.05816e+06	0	0	231	0	0	0	0	0	0	0	0	0	0	0	0	0	
1.05891e+06	0	0	249	0	0	0	0	0	0	0	0	0	0	0	0	0	
1.05966e+06	0	0	261	0	0	0	0	0	0	0	0	0	0	0	0	0	
1.06041e+06	0	0	241	0	0	0	0	0	0	0	0	0	0	0	0	0	
1.06116e+06	0	0	289	0	0	0	0	0	0	0	0	0	0	0	0	0	
1.06191e+06	0	0	251	0	0	0	0	0	0	0	0	0	0	0	0	0	
1.06266e+06	0	0	251	0	0	0	0	0	0	0	0	0	0	0	0	0	
1.06342e+06	0	0	277	0	0	0	0	0	0	0	0	0	0	0	0	0	
1.06417e+06	0	0	275	0	0	0	0	0	0	0	0	0	0	0	0	0	
1.06492e+06	0	0	265	0	0	0	0	0	0	0	0	0	0	0	0	0	
1.06566e+06	0	0	265	0	0	0	0	0	0	0	0	0	0	0	0	0	
1.06641e+06	0	0	265	0	0	0	0	0	0	0	0	0	0	0	0	0	
1.06716e+06	0	0	267	0	0	0	0	0	0	0	0	0	0	0	0	0	
1.06791e+06	0	0	269	0	0	0	0	0	0	0	0	0	0	0	0	0	
1.06866e+06	0	0	259	0	0	0	0	0	0	0	0	0	0	0	0	0	
1.06941e+06	0	0	269	0	0	0	0	0	0	0	0	0	0	0	0	0	
1.07016e+06	0	0	251	0	0	0	0	0	0	0	0	0	0	0	0	0	
1.07091e+06	0	0	253	0	0	0	0	0	0	0	0	0	0	0	0	0	
1.07165e+06	0	0	273	0	0	0	0	0	0	0	0	0	0	0	0	0	
1.0724e+06	0	0	267	0	0	0	0	0	0	0	0	0	0	0	0	0	
1.07315e+06	0	0	269	0	0	0	0	0	0	0	0	0	0	0	0	0	
1.0739e+06	0	174	155	0	0	0	0	0	0	0	0	0	0	0	0	0	
1.07465e+06	0	397	0	0	0	0	0	0	0	0	0	0	0	0	0	0	
1.0754e+06	0	351	0	0	0	0	0	0	0	0	0	0	0	0	0	0	
1.07615e+06	0	397	0	0	0	0	0	0	0	0	0	0	0	0	0	0	
1.0769e+06	0	327	0	0	0	0	0	0	0	0	0	0	0	0	0	0	
1.07765e+06	0	393	0	0	0	0	0	0	0	0	0	0	0	0	0	0	
1.0784e+06	0	369	0	0	0	0	0	0	0	0	0	0	0	0	0	0	
1.07915e+06	0	413	0	0	0	0	0	0	0	0	0	0	0	0	0	0	
1.0799e+06	0	369	0	0	0	0	0	0	0	0	0	0	0	0	0	0	
1.08065e+06	0	415	0	0	0	0	0	0	0	0	0	0	0	0	0	0	
1.0814e+06	0	381	0	0	0	0	0	0	0	0	0	0	0	0	0	0	
1.08215e+06	0	387	0	0	0	0	0	0	0	0	0	0	0	0	0	0	
1.0829e+06	0	391	0	0	0	0	0	0	0	0	0	0	0	0	0	0	
1.08365e+06	0	0	277	0	0	0	0	0	0	0	0	0	0	0	0	0	
1.0844e+06	0	0	245	0	0	0	0	0	0	0	0	0	0	0	0	0	
1.08515e+06	0	3	270	0	0	0	0	0	0	0	0	0	0	0	0	0	
1.0859e+06	0	0	253	0	0	0	0	0	0	0	0	0	0	0	0	0	
1.08664e+06	0	0	287	0	0	0	0	0	0	0	0	0	0	0	0	0	
1.08739e+06	0	0	273	0	0	0	0	0	0	0	0	0	0	0	0	0	
1.08814e+06	0	0	261	0	0	0	0	0	0	0	0	0	0	0	0	0	
1.0889e+06	0	0	293	0	0	0	0	0	0	0	0	0	0	0	0	0	
1.08964e+06	0	0	243	0	0	0	0	0	0	0	0	0	0	0	0	0	
1.09039e+06	0	0	293	0	0	0	0	0	0	0	0	0	0	0	0	0	
1.09114e+06	0	0	255	0	0	0	0	0	0	0	0	0	0	0	0	0	
1.09189e+06	0	0	247	0	0	0	0	0	0	0	0	0	0	0	0	0	
1.09264e+06	0	0	261	0	0	0	0	0	0	0	0	0	0	0	0	0	
1.09339e+06	0	0	243	0	0	0	0	0	0	0	0	0	0	0	0	0	
1.09414e+06	0	0	285	0	0	0	0	0	0	0	0	0	0	0	0	0	
1.09489e+06	0	0	227	0	0	0	0	0	0	0	0	0	0	0	0	0	
1.09565e+06	0	0	263	0	0	0	0	0	0	0	0	0	0	0	0	0	
1.0964e+06	0	0	301	0	0	0	0	0	0	0	0	0	0	0	0	0	
1.09715e+06	0	0	247	0	0	0	0	0	0	0	0	0	0	0	0	0	
1.09789e+06	0	0	273	0	0	0	0	0	0	0	0	0	0	0	0	0	
1.09864e+06	0	0	247	0	0	0	0	0	0	0	0	0	0	0	0	0	
1.0994e+06	0	0	0	203	0	0	0	0	0	0	0	0	0	0	0	0	
1.10015e+06	0	0	0	219	0	0	0	0	0	0	0	0	0	0	0	0	
1.1009e+06	0	0	0	175	0	0	0	0	0	0	0	0	0	0	0	0	
1.10165e+06	0	0	0	197	0	0	0	0	0	0	0	0	0	0	0	0	
1.1024e+06	0	0	0	201	0	0	0	0	0	0	0	0	0	0	0	0	
1.10315e+06	0	0	0	215	0	0	0	0	0	0	0	0	0	0	0	0	
1.1039e+06	0	0	0	205	0	0	0	0	0	0	0	0	0	0	0	0	
1.10465e+06	0	0	0	179	0	0	0	0	0	0	0	0	0	0	0	0	
1.1054e+06	0	0	0	191	0	0	0	0	0	0	0	0	0	0	0	0	
1.10614e+06	0	0	0	183	0	0	0	0	0	0	0	0	0	0	0	0	
1.10689e+06	0	0	0	0	173	0	0	0	0	0	0	0	0	0	0	0	
1.10764e+06	0	0	0	0	167	0	0	0	0	0	0	0	0	0	0	0	
1.10839e+06	0	0	0	0	163	0	0	0	0	0	0	0	0	0	0	0	
1.10914e+06	0	0	0	0	149	0	0	0	0	0	0	0	0	0	0	0	
1.10989e+06	0	0	0	0	145	0	0	0	0	0	0	0	0	0	0	0	
1.11064e+06	0	0	0	0	147	0	0	0	0	0	0	0	0	0	0	0	
1.11139e+06	0	0	0	0	147	0	0	0	0	0	0	0	0	0	0	0	
1.11214e+06	0	0	0	0	147	0	0	0	0	0	0	0	0	0	0	0	
1.11289e+06	0	0	0	0	155	0	0	0	0	0	0	0	0	0	0	0	
1.11364e+06	0	0	0	0	175	0	0	0	0	0	0	0	0	0	0	0	
1.11439e+06	0	0	0	0	177	0	0	0	0	0	0	0	0	0	0	0	
1.11514e+06	0	0	0	0	153	0	0	0	0	0	0	0	0	0	0	0	
1.11589e+06	0	0	0	0	159	0	0	0	0	0	0	0	0	0	0	0	
1.11664e+06	0	0	0	0	131	0	0	0	0	0	0	0	0	0	0	0	
1.11739e+06	0	0	0	0	171	0	0	0	0	0	0	0	0	0	0	0	
1.11814e+06	0	0	0	0	181	0	0	0	0	0	0	0	0	0	0	0	
1.11889e+06	0	0	0	0	133	0	0	0	0	0	0	0	0	0	0	0	
1.11964e+06	0	0	0	0	151	0	0	0	0	0	0	0	0	0	0	0	
1.12039e+06	0	0	0	0	161	0	0	0	0	0	0	0	0	0	0	0	
1.12114e+06	0	0	0	0	159	0	0	0	0	0	0	0	0	0	0	0	
1.12188e+06	0	0	0	0	183	0	0	0	0	0	0	0	0	0	0	0	
1.12263e+06	0	0	0	0	179	0	0	0	0	0	0	0	0	0	0	0	
1.12338e+06	0	0	0	0	149	0	0	0	0	0	0	0	0	0	0	0	
1.12413e+06	0	0	0	0	153	0	0	0	0	0	0	0	0	0	0	0	
1.12488e+06	0	0	0	0	159	0	0	0	0	0	0	0	0	0	0	0	
1.12563e+06	0	0	0	0	163	0	0	0	0	0	0	0	0	0	0	0	
1.12638e+06	0	0	0	0	161	4	0	0	0	0	0	0	0	0	0	0	
1.12713e+06	0	0	0	0	179	0	0	0	0	0	0	0	0	0	0	0	
1.12788e+06	0	0	0	0	157	0	0	0	0	0	0	0	0	0	0	0	
1.12863e+06	0	0	0	0	0	133	0	0	0	0	0	0	0	0	0	0	
1.12938e+06	0	0	0	0	0	119	0	0	0	0	0	0	0	0	0	0	
1.13013e+06	0	0	0	0	0	135	0	0	0	0	0	0	0	0	0	0	
1.13088e+06	0	0	0	0	0	131	0	0	0	0	0	0	0	0	0	0	
1.13163e+06	0	0	0	0	0	127	0	0	0	0	0	0	0	0	0	0	
1.13238e+06	0	0	0	0	0	127	0	0	0	0	0	0	0	0	0	0	
1.13313e+06	0	0	0	0	0	107	0	0	0	0	0	0	0	0	0	0	
1.13388e+06	0	0	0	0	0	117	0	0	0	0	0	0	0	0	0	0	
1.13463e+06	0	0	0	0	0	151	0	0	0	0	0	0	0	0	0	0	
1.13538e+06	0	0	0	0	0	119	0	0	0	0	0	0	0	0	0	0	
1.13613e+06	0	0	0	0	0	125	0	0	0	0	0	0	0	0	0	0	
1.13688e+06	0	0	0	0	0	137	0	0	0	0	0	0	0	0	0	0	
1.13763e+06	0	0	0	0	0	153	0	0	0	0	0	0	0	0	0	0	
1.13838e+06	0	0	0	0	0	139	0	0	0	0	0	0	0	0	0	0	
1.13913e+06	0	0	0	0	0	121	0	0	0	0	0	0	0	0	0	0	
1.13988e+06	0	0	0	0	0	113	0	0	0	0	0	0	0	0	0	0	
1.14063e+06	0	0	0	0	0	123	0	0	0	0	0	0	0	0	0	0	
1.14138e+06	0	0	0	0	0	127	0	0	0	0	0	0	0	0	0	0	
1.14213e+06	0	0	0	0	0	151	0	0	0	0	0	0	0	0	0	0	
1.14288e+06	0	0	0	0	0	145	0	0	0	0	0	0	0	0	0	0	
1.14363e+06	0	0	0	0	0	0	103	0	0	0	0	0	0	0	0	0	
1.14438e+06	0	0	0	0	0	0	95	0	0	0	0	0	0	0	0	0	
1.14513e+06	0	0	0	0	0	0	103	0	0	0	0	0	0	0	0	0	
1.14588e+06	0	0	0	0	0	0	115	0	0	0	0	0	0	0	0	0	
1.14663e+06	0	0	0	0	0	0	127	0	0	0	0	0	0	0	0	0	
1.14738e+06	0	0	0	0	0	0	105	0	0	0	0	0	0	0	0	0	
1.14813e+06	0	0	0	0	0	0	123	0	0	0	0	0	0	0	0	0	
1.14888e+06	0	0	0	0	0	0	119	0	0	0	0	0	0	0	0	0	
1.14962e+06	0	0	0	0	0	0	95	0	0	0	0	0	0	0	0	0	
1.15038e+06	0	0	0	0	0	0	125	0	0	0	0	0	0	0	0	0	
1.15112e+06	0	0	0	0	0	123	0	0	0	0	0	0	0	0	0	0	
1.15188e+06	0	0	0	0	0	133	0	0	0	0	0	0	0	0	0	0	
1.15263e+06	0	0	0	0	0	119	0	0	0	0	0	0	0	0	0	0	
1.15338e+06	0	0	0	0	5	122	0	0	0	0	0	0	0	0	0	0	
1.15413e+06	0	0	0	0	0	145	0	0	0	0	0	0	0	0	0	0	
1.15488e+06	0	0	0	0	0	125	0	0	0	0	0	0	0	0	0	0	
1.15563e+06	0	0	0	0	0	129	0	0	0	0	0	0	0	0	0	0	
1.15638e+06	0	0	0	0	0	143	0	0	0	0	0	0	0	0	0	0	
1.15713e+06	0	0	0	0	0	143	0	0	0	0	0	0	0	0	0	0	
1.15788e+06	0	0	0	0	0	129	0	0	0	0	0	0	0	0	0	0	
1.15863e+06	0	0	0	0	0	117	0	0	0	0	0	0	0	0	0	0	
1.15938e+06	0	0	0	0	0	129	0	0	0	0	0	0	0	0	0	0	
1.16013e+06	0	0	0	0	0	113	0	0	0	0	0	0	0	0	0	0	
1.16088e+06	0	0	0	0	0	143	0	0	0	0	0	0	0	0	0	0	
1.16163e+06	0	0	0	0	0	137	0	0	0	0	0	0	0	0	0	0	
1.16238e+06	0	0	0	0	0	133	0	0	0	0	0	0	0	0	0	0	
1.16313e+06	0	0	0	0	0	121	0	0	0	0	0	0	0	0	0	0	
1.16388e+06	0	0	0	0	0	141	0	0	0	0	0	0	0	0	0	0	
1.16463e+06	0	0	0	0	0	135	0	0	0	0	0	0	0	0	0	0	
1.16538e+06	0	0	0	0	0	123	0	0	0	0	0	0	0	0	0	0	
1.16612e+06	0	0	0	0	0	129	0	0	0	0	0	0	0	0	0	0	
1.16687e+06	0	0	0	0	0	139	0	0	0	0	0	0	0	0	0	0	
1.16762e+06	0	0	0	0	0	141	0	0	0	0	0	0	0	0	0	0	
1.16837e+06	0	0	0	0	0	117	0	0	0	0	0	0	0	0	0	0	
1.16912e+06	0	0	0	0	0	129	0	0	0	0	0	0	0	0	0	0	
1.16988e+06	0	0	0	0	0	125	0	0	0	0	0	0	0	0	0	0	
1.17063e+06	0	0	0	0	0	147	0	0	0	0	0	0	0	0	0	0	
1.17138e+06	0	0	0	0	0	149	0	0	0	0	0	0	0	0	0	0	
1.17213e+06	0	0	0	0	0	119	0	0	0	0	0	0	0	0	0	0	
1.17288e+06	0	0	0	0	0	133	0	0	0	0	0	0	0	0	0	0	
1.17363e+06	0	0	0	0	0	135	0	0	0	0	0	0	0	0	0	0	
1.17438e+06	0	0	0	0	0	161	0	0	0	0	0	0	0	0	0	0	
1.17513e+06	0	0	0	0	0	145	0	0	0	0	0	0	0	0	0	0	
1.17588e+06	0	0	0	0	0	141	0	0	0	0	0	0	0	0	0	0	
1.17663e+06	0	0	0	0	0	133	0	0	0	0	0	0	0	0	0	0	
1.17738e+06	0	0	0	0	0	133	0	0	0	0	0	0	0	0	0	0	
1.17813e+06	0	0	0	0	0	123	0	0	0	0	0	0	0	0	0	0	
1.17888e+06	0	0	0	0	0	121	0	0	0	0	0	0	0	0	0	0	
1.17963e+06	0	0	0	0	0	133	0	0	0	0	0	0	0	0	0	0	
1.18038e+06	0	0	0	0	0	137	0	0	0	0	0	0	0	0	0	0	
1.18112e+06	0	0	0	0	0	137	0	0	0	0	0	0	0	0	0	0	
1.18188e+06	0	0	0	0	0	145	0	0	0	0	0	0	0	0	0	0	
1.18263e+06	0	0	0	0	0	133	0	0	0	0	0	0	0	0	0	0	
1.18338e+06	0	0	0	0	0	137	0	0	0	0	0	0	0	0	0	0	
1.18413e+06	0	0	0	0	0	155	0	0	0	0	0	0	0	0	0	0	
1.18488e+06	0	0	0	0	0	149	0	0	0	0	0	0	0	0	0	0	
1.18563e+06	0	0	0	0	0	133	0	0	0	0	0	0	0	0	0	0	
1.18638e+06	0	0	0	0	0	127	0	0	0	0	0	0	0	0	0	0	
1.18714e+06	0	0	0	0	0	145	0	0	0	0	0	0	0	0	0	0	
1.18788e+06	0	0	0	0	0	133	0	0	0	0	0	0	0	0	0	0	
1.18864e+06	0	0	0	0	0	155	0	0	0	0	0	0	0	0	0	0	
1.18938e+06	0	0	0	0	0	111	0	0	0	0	0	0	0	0	0	0	
1.19013e+06	0	0	0	0	0	117	0	0	0	0	0	0	0	0	0	0	
1.19088e+06	0	0	0	0	0	115	0	0	0	0	0	0	0	0	0	0	
1.19163e+06	0	0	0	0	0	141	0	0	0	0	0	0	0	0	0	0	
1.19238e+06	0	0	0	0	0	119	0	0	0	0	0	0	0	0	0	0	
1.19314e+06	0	0	0	0	183	0	0	0	0	0	0	0	0	0	0	0	
1.19389e+06	0	0	0	0	173	0	0	0	0	0	0	0	0	0	0	0	
1.19464e+06	0	0	0	0	145	0	0	0	0	0	0	0	0	0	0	0	
1.19538e+06	0	0	0	0	155	0	0	0	0	0	0	0	0	0	0	0	
1.19613e+06	0	0	0	0	145	0	0	0	0	0	0	0	0	0	0	0	
1.19688e+06	0	0	0	0	151	0	0	0	0	0	0	0	0	0	0	0	
1.19763e+06	0	0	0	1	168	0	0	0	0	0	0	0	0	0	0	0	
1.19838e+06	0	0	0	0	155	0	0	0	0	0	0	0	0	0	0	0	
1.19913e+06	0	0	0	0	169	0	0	0	0	0	0	0	0	0	0	0	
1.19987e+06	0	0	0	0	151	0	0	0	0	0	0	0	0	0	0	0	
1.20063e+06	0	0	0	0	149	0	0	0	0	0	0	0	0	0	0	0	
1.20138e+06	0	0	0	209	0	0	0	0	0	0	0	0	0	0	0	0	
1.20213e+06	0	0	0	0	149	0	0	0	0	0	0	0	0	0	0	0	
1.20288e+06	0	0	0	0	165	0	0	0	0	0	0	0	0	0	0	0	
1.20363e+06	0	0	0	0	173	0	0	0	0	0	0	0	0	0	0	0	
1.20438e+06	0	0	0	0	175	0	0	0	0	0	0	0	0	0	0	0	
1.20513e+06	0	0	0	0	163	0	0	0	0	0	0	0	0	0	0	0	
1.20588e+06	0	0	0	0	149	0	0	0	0	0	0	0	0	0	0	0	
1.20663e+06	0	0	0	0	185	0	0	0	0	0	0	0	0	0	0	0	
1.20737e+06	0	0	0	0	195	0	0	0	0	0	0	0	0	0	0	0	
1.20813e+06	0	0	0	0	171	0	0	0	0	0	0	0	0	0	0	0	
1.20888e+06	0	0	0	0	145	0	0	0	0	0	0	0	0	0	0	0	
1.20963e+06	0	0	0	0	161	0	0	0	0	0	0	0	0	0	0	0	
1.21038e+06	0	0	0	0	153	0	0	0	0	0	0	0	0	0	0	0	
1.21113e+06	0	0	0	0	155	0	0	0	0	0	0	0	0	0	0	0	
1.21188e+06	0	0	0	0	157	0	0	0	0	0	0	0	0	0	0	0	
1.21263e+06	0	0	0	0	155	0	0	0	0	0	0	0	0	0	0	0	
1.21338e+06	0	0	0	0	161	0	0	0	0	0	0	0	0	0	0	0	
1.21413e+06	0	0	0	0	141	0	0	0	0	0	0	0	0	0	0	0	
1.21488e+06	0	0	0	0	173	0	0	0	0	0	0	0	0	0	0	0	
1.21563e+06	0	0	0	0	161	0	0	0	0	0	0	0	0	0	0	0	
1.21638e+06	0	0	0	0	137	0	0	0	0	0	0	0	0	0	0	0	
1.21713e+06	0	0	0	0	149	0	0	0	0	0	0	0	0	0	0	0	
1.21788e+06	0	0	0	0	141	0	0	0	0	0	0	0	0	0	0	0	
1.21863e+06	0	0	0	0	155	0	0	0	0	0	0	0	0	0	0	0	
1.21938e+06	0	0	0	0	155	0	0	0	0	0	0	0	0	0	0	0	
1.22013e+06	0	0	0	0	145	0	0	0	0	0	0	0	0	0	0	0	
1.22089e+06	0	0	0	0	153	0	0	0	0	0	0	0	0	0	0	0	
1.22164e+06	0	0	0	0	145	0	0	0	0	0	0	0	0	0	0	0	
1.22239e+06	0	0	0	0	167	0	0	0	0	0	0	0	0	0	0	0	
1.22314e+06	0	0	0	0	161	0	0	0	0	0	0	0	0	0	0	0	
1.22388e+06	0	0	0	0	143	0	0	0	0	0	0	0	0	0	0	0	
1.22464e+06	0	0	0	0	141	0	0	0	0	0	0	0	0	0	0	0	
1.22538e+06	0	0	0	0	155	0	0	0	0	0	0	0	0	0	0	0	
1.22614e+06	0	0	0	0	161	0	0	0	0	0	0	0	0	0	0	0	
1.22689e+06	0	0	0	0	141	0	0	0	0	0	0	0	0	0	0	0	
1.22764e+06	0	0	0	0	151	0	0	0	0	0	0	0	0	0	0	0	
1.22839e+06	0	0	0	0	151	0	0	0	0	0	0	0	0	0	0	0	
1.22914e+06	0	0	0	0	155	0	0	0	0	0	0	0	0	0	0	0	
1.22989e+06	0	0	0	0	169	0	0	0	0	0	0	0	0	0	0	0	
1.23064e+06	0	0	0	0	183	0	0	0	0	0	0	0	0	0	0	0	
1.23139e+06	0	0	0	0	159	0	0	0	0	0	0	0	0	0	0	0	
1.23214e+06	0	0	0	0	165	0	0	0	0	0	0	0	0	0	0	0	
1.23289e+06	0	0	0	0	159	0	0	0	0	0	0	0	0	0	0	0	
1.23364e+06	0	0	0	0	169	0	0	0	0	0	0	0	0	0	0	0	
1.23439e+06	0	0	0	0	159	0	0	0	0	0	0	0	0	0	0	0	
1.23514e+06	0	0	0	0	145	0	0	0	0	0	0	0	0	0	0	0	
1.23589e+06	0	0	0	0	155	0	0	0	0	0	0	0	0	0	0	0	
1.23665e+06	0	0	0	0	153	0	0	0	0	0	0	0	0	0	0	0	
1.2374e+06	0	0	0	0	157	0	0	0	0	0	0	0	0	0	0	0	
1.23815e+06	0	0	0	0	185	0	0	0	0	0	0	0	0	0	0	0	
1.2389e+06	0	0	0	0	139	0	0	0	0	0	0	0	0	0	0	0	
1.23965e+06	0	0	0	0	157	0	0	0	0	0	0	0	0	0	0	0	
1.2404e+06	0	0	0	0	155	0	0	0	0	0	0	0	0	0	0	0	
1.24115e+06	0	0	0	0	137	0	0	0	0	0	0	0	0	0	0	0	
1.2419e+06	0	0	0	0	161	0	0	0	0	0	0	0	0	0	0	0	
1.24265e+06	0	0	0	0	169	12	0	0	0	0	0	0	0	0	0	0	
1.2434e+06	0	0	0	0	177	0	0	0	0	0	0	0	0	0	0	0	
1.24415e+06	0	0	0	0	181	0	0	0	0	0	0	0	0	0	0	0	
1.2449e+06	0	0	0	0	167	0	0	0	0	0	0	0	0	0	0	0	
1.24565e+06	0	0	0	0	149	0	0	0	0	0	0	0	0	0	0	0	
1.2464e+06	0	0	0	0	161	0	0	0	0	0	0	0	0	0	0	0	
1.24715e+06	0	0	0	1	158	0	0	0	0	0	0	0	0	0	0	0	
1.2479e+06	0	0	0	0	153	0	0	0	0	0	0	0	0	0	0	0	
1.24865e+06	0	0	0	0	147	0	0	0	0	0	0	0	0	0	0	0	
1.2494e+06	0	0	0	0	175	0	0	0	0	0	0	0	0	0	0	0	
1.25015e+06	0	0	0	0	135	0	0	0	0	0	0	0	0	0	0	0	
1.2509e+06	0	0	0	0	165	0	0	0	0	0	0	0	0	0	0	0	
1.25165e+06	0	0	0	0	163	0	0	0	0	0	0	0	0	0	0	0	
1.25241e+06	0	0	0	0	165	0	0	0	0	0	0	0	0	0	0	0	
1.25316e+06	0	0	0	0	0	135	0	0	0	0	0	0	0	0	0	0	
1.25391e+06	0	0	0	0	0	111	0	0	0	0	0	0	0	0	0	0	
1.25466e+06	0	0	0	0	0	115	0	0	0	0	0	0	0	0	0	0	
1.25541e+06	0	0	0	0	0	133	0	0	0	0	0	0	0	0	0	0	
1.25616e+06	0	0	0	0	0	153	0	0	0	0	0	0	0	0	0	0	
1.25691e+06	0	0	0	0	0	131	0	0	0	0	0	0	0	0	0	0	
1.25766e+06	0	0	0	0	0	137	0	0	0	0	0	0	0	0	0	0	
1.25841e+06	0	0	0	0	0	125	0	0	0	0	0	0	0	0	0	0	
1.25916e+06	0	0	0	0	0	131	0	0	0	0	0	0	0	0	0	0	
1.25991e+06	0	0	0	0	12	135	0	0	0	0	0	0	0	0	0	0	
1.26066e+06	0	0	0	0	0	129	0	0	0	0	0	0	0	0	0	0	
1.2614e+06	0	0	0	0	0	127	0	0	0	0	0	0	0	0	0	0	
1.26215e+06	0	0	0	0	0	151	0	0	0	0	0	0	0	0	0	0	
1.2629e+06	0	0	0	0	0	127	0	0	0	0	0	0	0	0	0	0	
1.26365e+06	0	0	0	0	0	133	0	0	0	0	0	0	0	0	0	0	
1.2644e+06	0	0	0	0	0	121	0	0	0	0	0	0	0	0	0	0	
1.26516e+06	0	0	0	0	0	139	0	0	0	0	0	0	0	0	0	0	
1.26591e+06	0	0	0	0	0	137	0	0	0	0	0	0	0	0	0	0	
1.26665e+06	0	0	0	0	0	153	0	0	0	0	0	0	0	0	0	0	
1.2674e+06	0	0	0	0	0	0	115	0	0	0	0	0	0	0	0	0	
1.26815e+06	0	0	0	0	0	0	115	0	0	0	0	0	0	0	0	0	
1.2689e+06	0	0	0	0	0	0	95	0	0	0	0	0	0	0	0	0	
1.26965e+06	0	0	0	0	0	0	117	0	0	0	0	0	0	0	0	0	
1.2704e+06	0	0	0	0	0	0	121	0	0	0	0	0	0	0	0	0	
1.27114e+06	0	0	0	0	0	0	113	0	0	0	0	0	0	0	0	0	
1.27189e+06	0	0	0	0	0	0	107	0	0	0	0	0	0	0	0	0	
1.27263e+06	0	0	0	0	0	0	129	0	0	0	0	0	0	0	0	0	
1.27338e+06	0	0	0	0	0	0	101	0	0	0	0	0	0	0	0	0	
1.27414e+06	0	0	0	0	0	0	105	0	0	0	0	0	0	0	0	0	
1.27489e+06	0	0	0	0	0	0	115	0	0	0	0	0	0	0	0	0	
1.27564e+06	0	0	0	0	0	18	99	0	0	0	0	0	0	0	0	0	
1.27639e+06	0	0	0	0	0	0	0	95	0	0	0	0	0	0	0	0	
1.27713e+06	0	0	0	0	0	0	0	91	0	0	0	0	0	0	0	0	
1.27788e+06	0	0	0	0	0	0	0	109	0	0	0	0	0	0	0	0	
1.27863e+06	0	0	0	0	0	0	0	111	0	0	0	0	0	0	0	0	
1.27938e+06	0	0	0	0	0	0	7	96	0	0	0	0	0	0	0	0	
1.28013e+06	0	0	0	0	0	0	0	101	0	0	0	0	0	0	0	0	
1.28088e+06	0	0	0	0	0	0	0	105	0	0	0	0	0	0	0	0	
1.28163e+06	0	0	0	0	0	0	0	113	0	0	0	0	0	0	0	0	
1.28238e+06	0	0	0	0	0	0	0	107	0	0	0	0	0	0	0	0	
1.28313e+06	0	0	0	0	0	0	0	99	0	0	0	0	0	0	0	0	
1.28388e+06	0	0	0	0	0	0	0	95	0	0	0	0	0	0	0	0	
1.28463e+06	0	0	0	0	0	0	0	99	0	0	0	0	0	0	0	0	
1.28538e+06	0	0	0	0	0	0	0	115	0	0	0	0	0	0	0	0	
1.28613e+06	0	0	0	0	0	0	0	87	0	0	0	0	0	0	0	0	
1.28688e+06	0	0	0	0	0	0	0	93	0	0	0	0	0	0	0	0	
1.28763e+06	0	0	0	0	0	0	0	93	0	0	0	0	0	0	0	0	
1.28838e+06	0	0	0	0	0	0	0	115	0	0	0	0	0	0	0	0	
1.28913e+06	0	0	0	0	0	0	0	0	99	0	0	0	0	0	0	0	
1.28988e+06	0	0	0	0	0	0	0	0	81	0	0	0	0	0	0	0	
1.29063e+06	0	0	0	0	0	0	0	0	87	0	0	0	0	0	0	0	
1.29138e+06	0	0	0	0	0	0	0	0	93	0	0	0	0	0	0	0	
1.29213e+06	0	0	0	0	0	0	0	0	89	0	0	0	0	0	0	0	
1.29288e+06	0	0	0	0	0	0	0	0	99	0	0	0	0	0	0	0	
1.29363e+06	0	0	0	0	0	0	0	0	91	0	0	0	0	0	0	0	
1.29438e+06	0	0	0	0	0	0	0	0	95	0	0	0	0	0	0	0	
1.29513e+06	0	0	0	0	0	0	0	0	95	0	0	0	0	0	0	0	
1.29588e+06	0	0	0	0	0	0	0	0	87	0	0	0	0	0	0	0	
1.29663e+06	0	0	0	0	0	0	0	0	77	0	0	0	0	0	0	0	
1.29738e+06	0	0	0	0	0	0	0	0	107	0	0	0	0	0	0	0	
1.29812e+06	0	0	0	0	0	0	0	0	91	0	0	0	0	0	0	0	
1.29887e+06	0	0	0	0	0	0	0	0	87	0	0	0	0	0	0	0	
1.29962e+06	0	0	0	0	0	0	0	0	93	0	0	0	0	0	0	0	
1.30037e+06	0	0	0	0	0	0	0	0	93	0	0	0	0	0	0	0	
1.30112e+06	0	0	0	0	0	0	0	0	91	0	0	0	0	0	0	0	
1.30188e+06	0	0	0	0	0	0	0	0	101	0	0	0	0	0	0	0	
1.30263e+06	0	0	0	0	0	0	0	0	97	0	0	0	0	0	0	0	
1.30338e+06	0	0	0	0	0	0	0	107	0	0	0	0	0	0	0	0	
1.30412e+06	0	0	0	0	0	0	0	101	0	0	0	0	0	0	0	0	
1.30487e+06	0	0	0	0	0	0	0	101	0	0	0	0	0	0	0	0	
1.30562e+06	0	0	0	0	0	0	0	91	0	0	0	0	0	0	0	0	
1.30637e+06	0	0	0	0	0	0	0	83	0	0	0	0	0	0	0	0	
1.30712e+06	0	0	0	0	0	0	111	0	0	0	0	0	0	0	0	0	
1.30788e+06	0	0	0	0	0	0	105	0	0	0	0	0	0	0	0	0	
1.30862e+06	0	0	0	0	0	0	70	41	0	0	0	0	0	0	0	0	
1.30937e+06	0	0	0	0	0	0	0	103	0	0	0	0	0	0	0	0	
1.31012e+06	0	0	0	0	0	0	0	107	0	0	0	0	0	0	0	0	
1.31088e+06	0	0	0	0	0	0	0	101	0	0	0	0	0	0	0	0	
1.31163e+06	0	0	0	0	0	0	0	107	0	0	0	0	0	0	0	0	
1.31238e+06	0	0	0	0	0	0	0	91	0	0	0	0	0	0	0	0	
1.31313e+06	0	0	0	0	0	0	0	95	0	0	0	0	0	0	0	0	
1.31388e+06	0	0	0	0	0	0	0	101	0	0	0	0	0	0	0	0	
1.31463e+06	0	0	0	0	0	0	0	99	0	0	0	0	0	0	0	0	
1.31537e+06	0	0	0	0	0	0	0	97	0	0	0	0	0	0	0	0	
1.31612e+06	0	0	0	0	0	0	0	91	0	0	0	0	0	0	0	0	
1.31688e+06	0	0	0	0	0	0	0	97	0	0	0	0	0	0	0	0	
1.31763e+06	0	0	0	0	0	0	0	101	0	0	0	0	0	0	0	0	
1.31838e+06	0	0	0	0	0	0	0	105	0	0	0	0	0	0	0	0	
1.31912e+06	0	0	0	0	0	0	0	97	0	0	0	0	0	0	0	0	
1.31987e+06	0	0	0	0	0	0	0	99	0	0	0	0	0	0	0	0	
1.32062e+06	0	0	0	0	0	0	0	101	0	0	0	0	0	0	0	0	
1.32137e+06	0	0	0	0	0	0	0	107	0	0	0	0	0	0	0	0	
1.32212e+06	0	0	0	0	0	0	0	103	0	0	0	0	0	0	0	0	
1.32287e+06	0	0	0	0	0	0	0	107	0	0	0	0	0	0	0	0	
1.32362e+06	0	0	0	0	0	0	0	91	0	0	0	0	0	0	0	0	
1.32438e+06	0	0	0	0	0	0	0	91	0	0	0	0	0	0	0	0	
1.32513e+06	0	0	0	0	0	0	0	97	0	0	0	0	0	0	0	0	
1.32588e+06	0	0	0	0	0	0	0	83	0	0	0	0	0	0	0	0	
1.32663e+06	0	0	0	0	0	0	0	89	0	0	0	0	0	0	0	0	
1.32738e+06	0	0	0	0	0	0	0	107	0	0	0	0	0	0	0	0	
1.32813e+06	0	0	0	0	0	0	0	95	0	0	0	0	0	0	0	0	
1.32888e+06	0	0	0	0	0	0	0	99	0	0	0	0	0	0	0	0	
1.32963e+06	0	0	0	0	0	0	0	101	0	0	0	0	0	0	0	0	
1.33038e+06	0	0	0	0	0	0	0	107	0	0	0	0	0	0	0	0	
1.33114e+06	0	0	0	0	0	0	0	85	0	0	0	0	0	0	0	0	
1.33188e+06	0	0	0	0	0	0	0	105	0	0	0	0	0	0	0	0	
1.33263e+06	0	0	0	0	0	0	0	95	0	0	0	0	0	0	0	0	
1.33338e+06	0	0	0	0	0	0	0	111	0	0	0	0	0	0	0	0	
1.33413e+06	0	0	0	0	0	0	0	95	0	0	0	0	0	0	0	0	
1.33488e+06	0	0	0	0	0	0	0	105	0	0	0	0	0	0	0	0	
1.33563e+06	0	0	0	0	0	0	0	95	0	0	0	0	0	0	0	0	
1.33638e+06	0	0	0	0	0	0	0	93	0	0	0	0	0	0	0	0	
1.33713e+06	0	0	0	0	0	0	0	95	0	0	0	0	0	0	0	0	
1.33788e+06	0	0	0	0	0	0	0	107	0	0	0	0	0	0	0	0	
1.33863e+06	0	0	0	0	0	0	0	107	0	0	0	0	0	0	0	0	
1.33938e+06	0	0	0	0	0	0	0	99	0	0	0	0	0	0	0	0	
1.34013e+06	0	0	0	0	0	0	0	95	0	0	0	0	0	0	0	0	
1.34088e+06	0	0	0	0	0	0	0	105	0	0	0	0	0	0	0	0	
1.34163e+06	0	0	0	0	0	0	0	101	0	0	0	0	0	0	0	0	
1.34238e+06	0	0	0	0	0	0	0	103	0	0	0	0	0	0	0	0	
1.34313e+06	0	0	0	0	0	0	0	103	0	0	0	0	0	0	0	0	
1.34388e+06	0	0	0	0	0	0	0	103	0	0	0	0	0	0	0	0	
1.34463e+06	0	0	0	0	0	0	0	125	0	0	0	0	0	0	0	0	
1.34538e+06	0	0	0	0	0	0	93	0	0	0	0	0	0	0	0	0	
1.34613e+06	0	0	0	0	0	0	105	0	0	0	0	0	0	0	0	0	
1.34688e+06	0	0	0	0	0	0	95	0	0	0	0	0	0	0	0	0	
1.34763e+06	0	0	0	0	0	0	105	0	0	0	0	0	0	0	0	0	
1.34838e+06	0	0	0	0	0	0	107	0	0	0	0	0	0	0	0	0	
1.34913e+06	0	0	0	0	0	3	94	0	0	0	0	0	0	0	0	0	
1.34988e+06	0	0	0	0	0	0	123	0	0	0	0	0	0	0	0	0	
1.35063e+06	0	0	0	0	0	0	105	0	0	0	0	0	0	0	0	0	
1.35138e+06	0	0	0	0	0	0	113	0	0	0	0	0	0	0	0	0	
1.35212e+06	0	0	0	0	0	0	119	0	0	0	0	0	0	0	0	0	
1.35288e+06	0	0	0	0	0	0	119	0	0	0	0	0	0	0	0	0	
1.35363e+06	0	0	0	0	0	0	113	0	0	0	0	0	0	0	0	0	
1.35438e+06	0	0	0	0	0	0	117	0	0	0	0	0	0	0	0	0	
1.35513e+06	0	0	0	0	0	0	83	0	0	0	0	0	0	0	0	0	
1.35588e+06	0	0	0	0	0	0	121	0	0	0	0	0	0	0	0	0	
1.35663e+06	0	0	0	0	0	0	123	0	0	0	0	0	0	0	0	0	
1.35738e+06	0	0	0	0	0	0	121	0	0	0	0	0	0	0	0	0	
1.35813e+06	0	0	0	0	0	0	135	0	0	0	0	0	0	0	0	0	
1.35888e+06	0	0	0	0	0	0	109	0	0	0	0	0	0	0	0	0	
1.35963e+06	0	0	0	0	0	0	113	0	0	0	0	0	0	0	0	0	
1.36038e+06	0	0	0	0	0	0	119	0	0	0	0	0	0	0	0	0	
1.36113e+06	0	0	0	0	0	0	113	0	0	0	0	0	0	0	0	0	
1.36188e+06	0	0	0	0	0	0	103	0	0	0	0	0	0	0	0	0	
1.36263e+06	0	0	0	0	0	0	123	0	0	0	0	0	0	0	0	0	
1.36338e+06	0	0	0	0	0	0	127	0	0	0	0	0	0	0	0	0	
1.36413e+06	0	0	0	0	0	0	121	0	0	0	0	0	0	0	0	0	
1.36488e+06	0	0	0	0	0	0	105	0	0	0	0	0	0	0	0	0	
1.36563e+06	0	0	0	0	0	0	99	0	0	0	0	0	0	0	0	0	
1.36638e+06	0	0	0	0	0	0	101	0	0	0	0	0	0	0	0	0	
1.36712e+06	0	0	0	0	0	0	109	0	0	0	0	0	0	0	0	0	
1.36787e+06	0	0	0	0	0	0	91	0	0	0	0	0	0	0	0	0	
1.36862e+06	0	0	0	0	0	0	99	0	0	0	0	0	0	0	0	0	
1.36937e+06	0	0	0	0	0	0	133	0	0	0	0	0	0	0	0	0	
1.37012e+06	0	0	0	0	0	0	121	0	0	0	0	0	0	0	0	0	
1.37087e+06	0	0	0	0	0	0	111	0	0	0	0	0	0	0	0	0	
1.37162e+06	0	0	0	0	0	0	111	0	0	0	0	0	0	0	0	0	
1.37237e+06	0	0	0	0	0	0	105	0	0	0	0	0	0	0	0	0	
1.37312e+06	0	0	0	0	0	0	117	0	0	0	0	0	0	0	0	0	
1.37387e+06	0	0	0	0	0	0	119	0	0	0	0	0	0	0	0	0	
1.37462e+06	0	0	0	0	0	0	99	0	0	0	0	0	0	0	0	0	
1.37537e+06	0	0	0	0	0	0	109	0	0	0	0	0	0	0	0	0	
1.37612e+06	0	0	0	0	0	0	141	0	0	0	0	0	0	0	0	0	
1.37687e+06	0	0	0	0	0	0	111	0	0	0	0	0	0	0	0	0	
1.37762e+06	0	0	0	0	0	0	117	0	0	0	0	0	0	0	0	0	
1.37837e+06	0	0	0	0	0	0	99	0	0	0	0	0	0	0	0	0	
1.37912e+06	0	0	0	0	0	0	99	0	0	0	0	0	0	0	0	0	
1.37987e+06	0	0	0	0	0	0	103	0	0	0	0	0	0	0	0	0	
1.38062e+06	0	0	0	0	0	0	117	0	0	0	0	0	0	0	0	0	
1.38136e+06	0	0	0	0	0	0	99	0	0	0	0	0	0	0	0	0	
1.38212e+06	0	0	0	0	0	0	113	0	0	0	0	0	0	0	0	0	
1.38287e+06	0	0	0	0	0	0	121	0	0	0	0	0	0	0	0	0	
1.38362e+06	0	0	0	0	0	0	129	0	0	0	0	0	0	0	0	0	
1.38437e+06	0	0	0	0	0	0	115	0	0	0	0	0	0	0	0	0	
1.38512e+06	0	0	0	0	0	0	103	0	0	0	0	0	0	0	0	0	
1.38586e+06	0	0	0	0	0	0	103	0	0	0	0	0	0	0	0	0	
1.38661e+06	0	0	0	0	0	0	123	0	0	0	0	0	0	0	0	0	
1.38736e+06	0	0	0	0	0	0	137	0	0	0	0	0	0	0	0	0	
1.38812e+06	0	0	0	0	0	0	121	0	0	0	0	0	0	0	0	0	
1.38887e+06	0	0	0	0	0	0	125	0	0	0	0	0	0	0	0	0	
1.38962e+06	0	0	0	0	0	0	119	0	0	0	0	0	0	0	0	0	
1.39037e+06	0	0	0	0	0	0	109	0	0	0	0	0	0	0	0	0	
1.39112e+06	0	0	0	0	0	0	103	0	0	0	0	0	0	0	0	0	
1.39187e+06	0	0	0	0	0	0	0	89	0	0	0	0	0	0	0	0	
1.39262e+06	0	0	0	0	0	0	0	109	0	0	0	0	0	0	0	0	
1.39337e+06	0	0	0	0	0	0	0	107	0	0	0	0	0	0	0	0	
1.39412e+06	0	0	0	0	0	0	0	95	0	0	0	0	0	0	0	0	
1.39487e+06	0	0	0	0	0	0	0	103	0	0	0	0	0	0	0	0	
1.39563e+06	0	0	0	0	0	0	0	123	0	0	0	0	0	0	0	0	
1.39638e+06	0	0	0	0	0	0	0	95	0	0	0	0	0	0	0	0	
1.39713e+06	0	0	0	0	0	0	0	113	0	0	0	0	0	0	0	0	
1.39788e+06	0	0	0	0	0	0	0	83	0	0	0	0	0	0	0	0	
1.39863e+06	0	0	0	0	0	0	0	101	0	0	0	0	0	0	0	0	
1.39937e+06	0	0	0	0	0	0	0	97	0	0	0	0	0	0	0	0	
1.40012e+06	0	0	0	0	0	0	0	91	0	0	0	0	0	0	0	0	
1.40087e+06	0	0	0	0	0	0	0	117	0	0	0	0	0	0	0	0	
1.40162e+06	0	0	0	0	0	0	0	105	0	0	0	0	0	0	0	0	
1.40237e+06	0	0	0	0	0	0	0	103	0	0	0	0	0	0	0	0	
1.40312e+06	0	0	0	0	0	0	0	91	0	0	0	0	0	0	0	0	
1.40387e+06	0	0	0	0	0	30	75	0	0	0	0	0	0	0	0	0	
1.40462e+06	0	0	0	0	0	0	123	0	0	0	0	0	0	0	0	0	
1.40536e+06	0	0	0	0	0	0	107	0	0	0	0	0	0	0	0	0	
1.40611e+06	0	0	0	0	0	0	119	0	0	0	0	0	0	0	0	0	
1.40686e+06	0	0	0	0	0	1	110	0	0	0	0	0	0	0	0	0	
1.40761e+06	0	0	0	0	0	0	129	0	0	0	0	0	0	0	0	0	
1.40836e+06	0	0	0	0	0	0	107	0	0	0	0	0	0	0	0	0	
1.40911e+06	0	0	0	0	0	0	123	0	0	0	0	0	0	0	0	0	
1.40986e+06	0	0	0	0	0	0	109	0	0	0	0	0	0	0	0	0	
1.41061e+06	0	0	0	0	0	0	131	0	0	0	0	0	0	0	0	0	
1.41136e+06	0	0	0	0	0	0	109	0	0	0	0	0	0	0	0	0	
1.41211e+06	0	0	0	0	0	0	113	0	0	0	0	0	0	0	0	0	
1.41286e+06	0	0	0	0	0	0	107	0	0	0	0	0	0	0	0	0	
1.41361e+06	0	0	0	0	0	0	121	0	0	0	0	0	0	0	0	0	
1.41436e+06	0	0	0	0	0	0	123	0	0	0	0	0	0	0	0	0	
1.41511e+06	0	0	0	0	0	0	121	0	0	0	0	0	0	0	0	0	
1.41586e+06	0	0	0	0	0	0	115	0	0	0	0	0	0	0	0	0	
1.41661e+06	0	0	0	0	0	0	113	0	0	0	0	0	0	0	0	0	
1.41736e+06	0	0	0	0	0	0	131	0	0	0	0	0	0	0	0	0	
1.41811e+06	0	0	0	0	0	0	113	0	0	0	0	0	0	0	0	0	
1.41886e+06	0	0	0	0	0	0	0	97	0	0	0	0	0	0	0	0	
1.41961e+06	0	0	0	0	0	0	0	99	0	0	0	0	0	0	0	0	
1.42036e+06	0	0	0	0	0	0	0	95	0	0	0	0	0	0	0	0	
1.42111e+06	0	0	0	0	0	0	0	105	0	0	0	0	0	0	0	0	
1.42186e+06	0	0	0	0	0	0	0	105	0	0	0	0	0	0	0	0	
1.42261e+06	0	0	0	0	0	0	0	99	0	0	0	0	0	0	0	0	
1.42336e+06	0	0	0	0	0	0	0	91	0	0	0	0	0	0	0	0	
1.42411e+06	0	0	0	0	0	0	0	117	0	0	0	0	0	0	0	0	
1.42486e+06	0	0	0	0	0	0	0	93	0	0	0	0	0	0	0	0	
1.42561e+06	0	0	0	0	0	0	0	109	0	0	0	0	0	0	0	0	
1.42636e+06	0	0	0	0	0	0	0	99	0	0	0	0	0	0	0	0	
1.42711e+06	0	0	0	0	0	0	0	101	0	0	0	0	0	0	0	0	
1.42785e+06	0	0	0	0	0	0	0	109	0	0	0	0	0	0	0	0	
1.4286e+06	0	0	0	0	0	0	0	103	0	0	0	0	0	0	0	0	
1.42936e+06	0	0	0	0	0	0	0	89	0	0	0	0	0	0	0	0	
1.43011e+06	0	0	0	0	0	0	0	95	0	0	0	0	0	0	0	0	
1.43086e+06	0	0	0	0	0	0	0	99	0	0	0	0	0	0	0	0	
1.43161e+06	0	0	0	0	0	0	0	85	0	0	0	0	0	0	0	0	
1.43235e+06	0	0	0	0	0	0	0	91	0	0	0	0	0	0	0	0	
1.43311e+06	0	0	0	0	0	0	0	95	0	0	0	0	0	0	0	0	
1.43386e+06	0	0	0	0	0	0	0	99	0	0	0	0	0	0	0	0	
1.43461e+06	0	0	0	0	0	0	0	95	0	0	0	0	0	0	0	0	
1.43536e+06	0	0	0	0	0	0	0	77	0	0	0	0	0	0	0	0	
1.43611e+06	0	0	0	0	0	0	0	103	0	0	0	0	0	0	0	0	
1.43686e+06	0	0	0	0	0	0	0	109	0	0	0	0	0	0	0	0	
1.43761e+06	0	0	0	0	0	0	0	85	0	0	0	0	0	0	0	0	
1.43836e+06	0	0	0	0	0	0	0	91	0	0	0	0	0	0	0	0	
1.43911e+06	0	0	0	0	0	0	0	111	0	0	0	0	0	0	0	0	
1.43986e+06	0	0	0	0	0	0	0	95	0	0	0	0	0	0	0	0	
1.44061e+06	0	0	0	0	0	0	0	109	0	0	0	0	0	0	0	0	
1.44136e+06	0	0	0	0	0	0	0	91	0	0	0	0	0	0	0	0	
1.44211e+06	0	0	0	0	0	0	0	99	0	0	0	0	0	0	0	0	
1.44286e+06	0	0	0	0	0	0	0	69	0	0	0	0	0	0	0	0	
1.44361e+06	0	0	0	0	0	0	0	105	0	0	0	0	0	0	0	0	
1.44436e+06	0	0	0	0	0	0	0	109	0	0	0	0	0	0	0	0	
1.44511e+06	0	0	0	0	0	0	0	97	0	0	0	0	0	0	0	0	
1.44587e+06	0	0	0	0	0	0	0	89	0	0	0	0	0	0	0	0	
1.44661e+06	0	0	0	0	0	0	0	91	0	0	0	0	0	0	0	0	
1.44736e+06	0	0	0	0	0	0	0	89	0	0	0	0	0	0	0	0	
1.44811e+06	0	0	0	0	0	0	0	109	0	0	0	0	0	0	0	0	
1.44886e+06	0	0	0	0	0	0	0	101	0	0	0	0	0	0	0	0	
1.44961e+06	0	0	0	0	0	0	0	95	0	0	0	0	0	0	0	0	
1.45036e+06	0	0	0	0	0	0	0	97	0	0	0	0	0	0	0	0	
1.45111e+06	0	0	0	0	0	0	0	99	0	0	0	0	0	0	0	0	
1.45186e+06	0	0	0	0	0	0	0	93	0	0	0	0	0	0	0	0	
1.45261e+06	0	0	0	0	0	0	0	109	0	0	0	0	0	0	0	0	
1.45336e+06	0	0	0	0	0	0	0	101	0	0	0	0	0	0	0	0	
1.45412e+06	0	0	0	0	0	0	0	103	0	0	0	0	0	0	0	0	
1.45487e+06	0	0	0	0	0	0	0	89	0	0	0	0	0	0	0	0	
1.45562e+06	0	0	0	0	0	0	0	83	0	0	0	0	0	0	0	0	
1.45637e+06	0	0	0	0	0	0	0	113	0	0	0	0	0	0	0	0	
1.45712e+06	0	0	0	0	0	0	0	97	0	0	0	0	0	0	0	0	
1.45786e+06	0	0	0	0	0	0	115	0	0	0	0	0	0	0	0	0	
1.45861e+06	0	0	0	0	0	0	109	0	0	0	0	0	0	0	0	0	
1.45936e+06	0	0	0	0	0	0	107	0	0	0	0	0	0	0	0	0	
1.46011e+06	0	0	0	0	0	0	103	0	0	0	0	0	0	0	0	0	
1.46086e+06	0	0	0	0	0	0	115	0	0	0	0	0	0	0	0	0	
1.46161e+06	0	0	0	0	0	0	115	0	0	0	0	0	0	0	0	0	
1.46235e+06	0	0	0	0	0	0	109	0	0	0	0	0	0	0	0	0	
1.4631e+06	0	0	0	0	0	0	123	0	0	0	0	0	0	0	0	0	
1.46386e+06	0	0	0	0	0	0	99	0	0	0	0	0	0	0	0	0	
1.46461e+06	0	0	0	0	0	0	121	0	0	0	0	0	0	0	0	0	
1.46536e+06	0	0	0	0	0	0	119	0	0	0	0	0	0	0	0	0	
1.46611e+06	0	0	0	0	0	0	101	0	0	0	0	0	0	0	0	0	
1.46686e+06	0	0	0	0	0	1	120	0	0	0	0	0	0	0	0	0	
1.46762e+06	0	0	0	0	0	0	119	0	0	0	0	0	0	0	0	0	
1.46836e+06	0	0	0	0	0	0	107	0	0	0	0	0	0	0	0	0	
1.46911e+06	0	0	0	0	0	0	107	0	0	0	0	0	0	0	0	0	
1.46986e+06	0	0	0	0	0	141	0	0	0	0	0	0	0	0	0	0	
1.47061e+06	0	0	0	0	0	133	0	0	0	0	0	0	0	0	0	0	
1.47136e+06	0	0	0	0	0	133	0	0	0	0	0	0	0	0	0	0	
1.47212e+06	0	0	0	0	0	157	0	0	0	0	0	0	0	0	0	0	
1.47287e+06	0	0	0	0	0	139	0	0	0	0	0	0	0	0	0	0	
1.47362e+06	0	0	0	0	0	117	0	0	0	0	0	0	0	0	0	0	
1.47437e+06	0	0	0	0	0	139	0	0	0	0	0	0	0	0	0	0	
1.47512e+06	0	0	0	0	161	0	0	0	0	0	0	0	0	0	0	0	
1.47587e+06	0	0	0	0	143	0	0	0	0	0	0	0	0	0	0	0	
1.47661e+06	0	0	0	0	147	0	0	0	0	0	0	0	0	0	0	0	
1.47736e+06	0	0	0	0	181	0	0	0	0	0	0	0	0	0	0	0	
1.47811e+06	0	0	0	0	165	0	0	0	0	0	0	0	0	0	0	0	
1.47886e+06	0	0	0	0	167	0	0	0	0	0	0	0	0	0	0	0	
1.47961e+06	0	0	0	0	151	0	0	0	0	0	0	0	0	0	0	0	
1.48036e+06	0	0	0	0	195	0	0	0	0	0	0	0	0	0	0	0	
1.48111e+06	0	0	0	0	159	0	0	0	0	0	0	0	0	0	0	0	
1.48186e+06	0	0	0	0	157	0	0	0	0	0	0	0	0	0	0	0	
1.48261e+06	0	0	0	0	165	0	0	0	0	0	0	0	0	0	0	0	
1.48336e+06	0	0	0	0	137	0	0	0	0	0	0	0	0	0	0	0	
1.48411e+06	0	0	0	0	153	0	0	0	0	0	0	0	0	0	0	0	
1.48486e+06	0	0	0	0	157	0	0	0	0	0	0	0	0	0	0	0	
1.48561e+06	0	0	0	0	161	0	0	0	0	0	0	0	0	0	0	0	
1.48636e+06	0	0	0	0	163	0	0	0	0	0	0	0	0	0	0	0	
1.48711e+06	0	0	0	0	157	0	0	0	0	0	0	0	0	0	0	0	
1.48786e+06	0	0	0	0	153	0	0	0	0	0	0	0	0	0	0	0	
1.48861e+06	0	0	0	0	157	0	0	0	0	0	0	0	0	0	0	0	
1.48936e+06	0	0	0	0	137	0	0	0	0	0	0	0	0	0	0	0	
1.49011e+06	0	0	0	0	155	0	0	0	0	0	0	0	0	0	0	0	
1.49087e+06	0	0	0	0	151	0	0	0	0	0	0	0	0	0	0	0	
1.49162e+06	0	0	0	0	159	0	0	0	0	0	0	0	0	0	0	0	
1.49237e+06	0	0	0	0	147	0	0	0	0	0	0	0	0	0	0	0	
1.49312e+06	0	0	0	0	155	0	0	0	0	0	0	0	0	0	0	0	
1.49387e+06	0	0	0	0	157	0	0	0	0	0	0	0	0	0	0	0	
1.49462e+06	0	0	0	0	0	127	0	0	0	0	0	0	0	0	0	0	
1.49537e+06	0	0	0	0	0	141	0	0	0	0	0	0	0	0	0	0	
1.49613e+06	0	0	0	0	0	129	0	0	0	0	0	0	0	0	0	0	
1.49688e+06	0	0	0	0	0	127	0	0	0	0	0	0	0	0	0	0	
1.49763e+06	0	0	0	0	0	133	0	0	0	0	0	0	0	0	0	0	
1.49838e+06	0	0	0	0	0	127	0	0	0	0	0	0	0	0	0	0	
1.49913e+06	0	0	0	0	0	121	0	0	0	0	0	0	0	0	0	0	
1.49988e+06	0	0	0	0	0	147	0	0	0	0	0	0	0	0	0	0	
1.49988e+06	0	0	0	0	0	147	0	0	0	0	0	0	0	0	0	0	
