Time	s0	s1	s2	s3	s4	s5	s6	s7	s8	s9	s10	s11	s12	s13	s14	s15	
0	0	0	0	0	0	0	0	0	0	0	0	0	0	0	0	200	
0.00023698	0	0	0	0	0	0	0	0	0	0	0	0	0	0	0	199	
748.712	0	0	0	0	0	0	0	0	0	0	0	0	0	0	0	45	
1498.7	0	0	0	0	0	0	0	0	0	0	0	0	0	0	0	35	
2249.41	0	0	0	0	0	0	0	0	0	0	0	0	0	0	0	51	
2998.93	0	0	0	0	0	0	0	0	0	0	0	0	0	0	0	43	
3749.68	0	0	0	0	0	0	0	0	0	0	0	0	0	0	0	47	
4497.11	0	0	0	0	0	0	0	0	0	0	0	0	0	0	0	67	
5247.74	0	0	0	0	0	0	0	0	0	0	0	0	0	0	0	49	
5995.98	0	0	0	0	0	0	0	0	0	0	0	0	0	0	0	53	
6745.63	0	0	0	0	0	0	0	0	0	0	0	0	0	0	0	43	
7497.54	0	0	0	0	0	0	0	0	0	0	0	0	0	0	0	51	
8250.31	0	0	0	0	0	0	0	0	0	0	0	0	0	0	0	49	
9002.99	0	0	0	0	0	0	0	0	0	0	0	0	0	0	0	61	
9751.48	0	0	0	0	0	0	0	0	0	0	0	0	0	0	0	51	
10499.5	0	0	0	0	0	0	0	0	0	0	0	0	0	0	69	0	
11251.3	0	0	0	0	0	0	0	0	0	0	0	0	0	0	73	0	
12003	0	0	0	0	0	0	0	0	0	0	0	0	0	0	59	0	
12751.7	0	0	0	0	0	0	0	0	0	0	0	0	0	0	51	0	
13501.5	0	0	0	0	0	0	0	0	0	0	0	0	0	0	71	0	
14251.8	0	0	0	0	0	0	0	0	0	0	0	0	0	0	35	0	
15002	0	0	0	0	0	0	0	0	0	0	0	0	0	0	49	0	
15753.7	0	0	0	0	0	0	0	0	0	0	0	0	0	0	59	0	
16504	0	0	0	0	0	0	0	0	0	0	0	0	0	0	67	0	
17252.2	0	0	0	0	0	0	0	0	0	0	0	0	0	0	49	0	
18000.8	0	0	0	0	0	0	0	0	0	0	0	0	0	0	47	0	
18751.8	0	0	0	0	0	0	0	0	0	0	0	0	0	0	51	0	
19499.2	0	0	0	0	0	0	0	0	0	0	0	0	0	0	59	0	
20250.7	0	0	0	0	0	0	0	0	0	0	0	0	0	0	55	0	
21001.4	0	0	0	0	0	0	0	0	0	0	0	0	0	0	37	0	
21751	0	0	0	0	0	0	0	0	0	0	0	0	0	0	47	0	
22502.7	0	0	0	0	0	0	0	0	0	0	0	0	0	0	57	0	
23251.8	0	0	0	0	0	0	0	0	0	0	0	0	0	0	45	0	
23999.8	0	0	0	0	0	0	0	0	0	0	0	0	0	0	47	0	
24749.4	0	0	0	0	0	0	0	0	0	0	0	0	0	1	46	0	
25501.3	0	0	0	0	0	0	0	0	0	0	0	0	0	0	45	0	
26250.7	0	0	0	0	0	0	0	0	0	0	0	0	0	0	51	0	
27001.1	0	0	0	0	0	0	0	0	0	0	0	0	0	0	47	0	
27747.3	0	0	0	0	0	0	0	0	0	0	0	0	0	65	0	0	
28500.1	0	0	0	0	0	0	0	0	0	0	0	0	0	53	0	0	
29247.9	0	0	0	0	0	0	0	0	0	0	0	0	0	0	55	0	
29995.9	0	0	0	0	0	0	0	0	0	0	0	0	0	0	59	0	
30745.6	0	0	0	0	0	0	0	0	0	0	0	0	0	0	53	0	
31494.9	0	0	0	0	0	0	0	0	0	0	0	0	0	0	55	0	
32244.7	0	0	0	0	0	0	0	0	0	0	0	0	0	81	0	0	
32993.3	0	0	0	0	0	0	0	0	0	0	0	0	0	55	0	0	
33745.1	0	0	0	0	0	0	0	0	0	0	0	0	0	63	0	0	
34497.3	0	0	0	0	0	0	0	0	0	0	0	0	0	57	0	0	
35247.9	0	0	0	0	0	0	0	0	0	0	0	0	0	65	0	0	
35997.7	0	0	0	0	0	0	0	0	0	0	0	0	0	65	0	0	
36746.1	0	0	0	0	0	0	0	0	0	0	0	0	0	0	65	0	
37498.5	0	0	0	0	0	0	0	0	0	0	0	0	0	0	55	0	
38248	0	0	0	0	0	0	0	0	0	0	0	0	0	0	45	0	
38997.9	0	0	0	0	0	0	0	0	0	0	0	0	0	0	73	0	
39744.8	0	0	0	0	0	0	0	0	0	0	0	0	0	0	55	0	
40492.7	0	0	0	0	0	0	0	0	0	0	0	0	0	0	47	0	
41241.1	0	0	0	0	0	0	0	0	0	0	0	0	0	69	0	0	
41993.3	0	0	0	0	0	0	0	0	0	0	0	0	75	0	0	0	
42743.6	0	0	0	0	0	0	0	0	0	0	0	0	61	0	0	0	
43492.7	0	0	0	0	0	0	0	0	0	0	0	0	65	0	0	0	
44240.3	0	0	0	0	0	0	0	0	0	0	0	0	57	0	0	0	
44989.7	0	0	0	0	0	0	0	0	0	0	0	0	61	0	0	0	
45741.7	0	0	0	0	0	0	0	0	0	0	0	0	71	0	0	0	
46493.6	0	0	0	0	0	0	0	0	0	0	0	0	83	0	0	0	
47241.4	0	0	0	0	0	0	0	0	0	0	0	0	79	0	0	0	
47989.8	0	0	0	0	0	0	0	0	0	0	0	0	45	0	0	0	
48739	0	0	0	0	0	0	0	0	0	0	0	0	55	0	0	0	
49484.9	0	0	0	0	0	0	0	0	0	0	0	0	69	0	0	0	
50234.2	0	0	0	0	0	0	0	0	0	0	0	0	61	0	0	0	
50981.7	0	0	0	0	0	0	0	0	0	0	0	0	63	0	0	0	
51730	0	0	0	0	0	0	0	0	0	0	0	0	61	0	0	0	
52482.6	0	0	0	0	0	0	0	0	0	0	0	0	0	53	0	0	
53231.4	0	0	0	0	0	0	0	0	0	0	0	0	0	0	61	0	
53981.7	0	0	0	0	0	0	0	0	0	0	0	0	0	0	63	0	
54733.6	0	0	0	0	0	0	0	0	0	0	0	0	0	55	0	0	
55480.5	0	0	0	0	0	0	0	0	0	0	0	0	0	55	0	0	
56231.8	0	0	0	0	0	0	0	0	0	0	0	0	0	61	0	0	
56979.9	0	0	0	0	0	0	0	0	0	0	0	0	0	53	0	0	
57727.7	0	0	0	0	0	0	0	0	0	0	0	0	0	65	0	0	
58474.3	0	0	0	0	0	0	0	0	0	0	0	0	0	65	0	0	
59222.4	0	0	0	0	0	0	0	0	0	0	0	0	0	51	0	0	
59971.7	0	0	0	0	0	0	0	0	0	0	0	0	0	61	0	0	
60723.6	0	0	0	0	0	0	0	0	0	0	0	0	0	55	0	0	
61474	0	0	0	0	0	0	0	0	0	0	0	0	55	0	0	0	
62222.2	0	0	0	0	0	0	0	0	0	0	0	0	59	0	0	0	
62972.4	0	0	0	0	0	0	0	0	0	0	0	0	69	0	0	0	
63725.5	0	0	0	0	0	0	0	0	0	0	0	0	57	0	0	0	
64477.7	0	0	0	0	0	0	0	0	0	0	0	0	51	0	0	0	
65227.9	0	0	0	0	0	0	0	0	0	0	0	0	73	0	0	0	
65977.7	0	0	0	0	0	0	0	0	0	0	0	0	61	0	0	0	
66727.6	0	0	0	0	0	0	0	0	0	0	0	0	71	0	0	0	
67479.1	0	0	0	0	0	0	0	0	0	0	0	0	71	0	0	0	
68231.4	0	0	0	0	0	0	0	0	0	0	0	0	51	0	0	0	
68976.9	0	0	0	0	0	0	0	0	0	0	0	0	61	0	0	0	
69724.2	0	0	0	0	0	0	0	0	0	0	0	0	0	51	0	0	
70474.7	0	0	0	0	0	0	0	0	0	0	0	0	0	55	0	0	
71225	0	0	0	0	0	0	0	0	0	0	0	0	0	0	53	0	
71974.3	0	0	0	0	0	0	0	0	0	0	0	0	0	0	53	0	
72723.4	0	0	0	0	0	0	0	0	0	0	0	0	0	0	57	0	
73472.4	0	0	0	0	0	0	0	0	0	0	0	0	0	0	53	0	
74222.9	0	0	0	0	0	0	0	0	0	0	0	0	0	57	0	0	
74970.2	0	0	0	0	0	0	0	0	0	0	0	0	0	59	0	0	
75717.6	0	0	0	0	0	0	0	0	0	0	0	0	0	59	0	0	
76468.7	0	0	0	0	0	0	0	0	0	0	0	0	0	53	0	0	
77216.8	0	0	0	0	0	0	0	0	0	0	0	0	0	57	0	0	
77965.2	0	0	0	0	0	0	0	0	0	0	0	0	0	51	0	0	
78713.1	0	0	0	0	0	0	0	0	0	0	0	0	0	65	0	0	
79461.2	0	0	0	0	0	0	0	0	0	0	0	0	0	53	0	0	
80209.1	0	0	0	0	0	0	0	0	0	0	0	0	0	47	0	0	
80959.2	0	0	0	0	0	0	0	0	0	0	0	0	0	67	0	0	
81708.5	0	0	0	0	0	0	0	0	0	0	0	0	0	53	0	0	
82461.6	0	0	0	0	0	0	0	0	0	0	0	0	0	57	0	0	
83209.4	0	0	0	0	0	0	0	0	0	0	0	0	0	65	0	0	
83961.4	0	0	0	0	0	0	0	0	0	0	0	0	0	61	0	0	
84711.9	0	0	0	0	0	0	0	0	0	0	0	0	0	59	0	0	
85462.4	0	0	0	0	0	0	0	0	0	0	0	0	0	59	0	0	
86213.1	0	0	0	0	0	0	0	0	0	0	0	0	0	5	60	0	
86963.3	0	0	0	0	0	0	0	0	0	0	0	0	0	0	57	0	
87712.9	0	0	0	0	0	0	0	0	0	0	0	0	0	0	41	0	
88462.6	0	0	0	0	0	0	0	0	0	0	0	0	0	0	47	0	
89213.2	0	0	0	0	0	0	0	0	0	0	0	0	0	0	47	0	
89962	0	0	0	0	0	0	0	0	0	0	0	0	0	0	59	0	
90712.2	0	0	0	0	0	0	0	0	0	0	0	0	0	0	55	0	
91463.2	0	0	0	0	0	0	0	0	0	0	0	0	0	0	57	0	
92215.6	0	0	0	0	0	0	0	0	0	0	0	0	0	0	0	45	
92968.7	0	0	0	0	0	0	0	0	0	0	0	0	0	0	0	65	
93719.8	0	0	0	0	0	0	0	0	0	0	0	0	0	0	0	49	
94473	0	0	0	0	0	0	0	0	0	0	0	0	0	0	0	57	
95221.4	0	0	0	0	0	0	0	0	0	0	0	0	0	0	0	47	
95975.5	0	0	0	0	0	0	0	0	0	0	0	0	0	0	0	69	
96724	0	0	0	0	0	0	0	0	0	0	0	0	0	0	0	47	
97474.2	0	0	0	0	0	0	0	0	0	0	0	0	0	0	0	63	
98222.5	0	0	0	0	0	0	0	0	0	0	0	0	0	0	0	37	
98970.3	0	0	0	0	0	0	0	0	0	0	0	0	0	0	0	51	
99719.1	0	0	0	0	0	0	0	0	0	0	0	0	0	0	0	39	
100470	0	0	0	0	0	0	0	0	0	0	0	0	0	0	0	59	
101222	0	0	0	0	0	0	0	0	0	0	0	0	0	0	0	59	
101972	0	0	0	0	0	0	0	0	0	0	0	0	0	0	0	65	
102720	0	0	0	0	0	0	0	0	0	0	0	0	0	0	0	51	
103472	0	0	0	0	0	0	0	0	0	0	0	0	0	0	0	59	
104222	0	0	0	0	0	0	0	0	0	0	0	0	0	0	0	51	
104974	0	0	0	0	0	0	0	0	0	0	0	0	0	0	0	53	
105726	0	0	0	0	0	0	0	0	0	0	0	0	0	0	0	51	
106475	0	0	0	0	0	0	0	0	0	0	0	0	0	0	43	0	
107224	0	0	0	0	0	0	0	0	0	0	0	0	0	0	45	0	
107971	0	0	0	0	0	0	0	0	0	0	0	0	0	0	59	0	
108722	0	0	0	0	0	0	0	0	0	0	0	0	0	0	57	0	
109471	0	0	0	0	0	0	0	0	0	0	0	0	0	0	51	0	
110222	0	0	0	0	0	0	0	0	0	0	0	0	0	0	53	0	
110971	0	0	0	0	0	0	0	0	0	0	0	0	0	0	51	0	
111722	0	0	0	0	0	0	0	0	0	0	0	0	0	0	49	0	
112472	0	0	0	0	0	0	0	0	0	0	0	0	0	0	51	0	
113223	0	0	0	0	0	0	0	0	0	0	0	0	0	0	53	0	
113974	0	0	0	0	0	0	0	0	0	0	0	0	0	0	49	0	
114723	0	0	0	0	0	0	0	0	0	0	0	0	0	0	51	0	
115474	0	0	0	0	0	0	0	0	0	0	0	0	0	0	47	0	
116224	0	0	0	0	0	0	0	0	0	0	0	0	0	0	57	0	
116976	0	0	0	0	0	0	0	0	0	0	0	0	0	0	59	0	
117726	0	0	0	0	0	0	0	0	0	0	0	0	0	69	0	0	
118476	0	0	0	0	0	0	0	0	0	0	0	0	0	53	0	0	
119228	0	0	0	0	0	0	0	0	0	0	0	0	61	0	0	0	
119979	0	0	0	0	0	0	0	0	0	0	0	0	61	0	0	0	
120728	0	0	0	0	0	0	0	0	0	0	0	0	63	0	0	0	
121478	0	0	0	0	0	0	0	0	0	0	0	0	63	0	0	0	
122229	0	0	0	0	0	0	0	0	0	0	0	0	65	0	0	0	
122979	0	0	0	0	0	0	0	0	0	0	0	0	67	0	0	0	
123728	0	0	0	0	0	0	0	0	0	0	0	0	63	0	0	0	
124481	0	0	0	0	0	0	0	0	0	0	0	0	61	0	0	0	
125234	0	0	0	0	0	0	0	0	0	0	0	0	49	0	0	0	
125986	0	0	0	0	0	0	0	0	0	0	0	0	61	0	0	0	
126740	0	0	0	0	0	0	0	0	0	0	0	0	55	0	0	0	
127488	0	0	0	0	0	0	0	0	0	0	0	0	63	0	0	0	
128240	0	0	0	0	0	0	0	0	0	0	0	0	71	0	0	0	
128987	0	0	0	0	0	0	0	0	0	0	0	0	57	0	0	0	
129733	0	0	0	0	0	0	0	0	0	0	0	0	63	0	0	0	
130485	0	0	0	0	0	0	0	0	0	0	0	0	55	0	0	0	
131238	0	0	0	0	0	0	0	0	0	0	0	0	67	0	0	0	
131987	0	0	0	0	0	0	0	0	0	0	0	0	67	0	0	0	
132739	0	0	0	0	0	0	0	0	0	0	0	0	57	0	0	0	
133487	0	0	0	0	0	0	0	0	0	0	0	0	57	0	0	0	
134236	0	0	0	0	0	0	0	0	0	0	23	50	0	0	0	0	
134989	0	0	0	0	0	0	0	0	0	0	77	0	0	0	0	0	
135739	0	0	0	0	0	0	0	0	0	0	57	0	0	0	0	0	
136489	0	0	0	0	0	0	0	0	0	0	73	0	0	0	0	0	
137240	0	0	0	0	0	0	0	0	0	0	65	0	0	0	0	0	
137987	0	0	0	0	0	0	0	0	0	0	85	0	0	0	0	0	
138738	0	0	0	0	0	0	0	0	0	0	71	0	0	0	0	0	
139489	0	0	0	0	0	0	0	0	0	0	75	0	0	0	0	0	
140238	0	0	0	0	0	0	0	0	0	0	69	0	0	0	0	0	
140984	0	0	0	0	0	0	0	0	0	0	69	0	0	0	0	0	
141735	0	0	0	0	0	0	0	0	0	0	65	0	0	0	0	0	
142482	0	0	0	0	0	0	0	0	0	0	69	0	0	0	0	0	
143234	0	0	0	0	0	0	0	0	0	0	59	0	0	0	0	0	
143984	0	0	0	0	0	0	0	0	0	0	65	0	0	0	0	0	
144736	0	0	0	0	0	0	0	0	0	0	69	0	0	0	0	0	
145487	0	0	0	0	0	0	0	0	0	0	75	0	0	0	0	0	
146237	0	0	0	0	0	0	0	0	0	0	63	0	0	0	0	0	
146985	0	0	0	0	0	0	0	0	0	0	71	0	0	0	0	0	
147735	0	0	0	0	0	0	0	0	0	0	65	0	0	0	0	0	
148485	0	0	0	0	0	0	0	0	0	0	75	0	0	0	0	0	
149235	0	0	0	0	0	0	0	0	0	0	75	0	0	0	0	0	
149984	0	0	0	0	0	0	0	0	0	0	65	0	0	0	0	0	
150735	0	0	0	0	0	0	0	0	0	0	71	0	0	0	0	0	
151488	0	0	0	0	0	0	0	0	0	0	67	0	0	0	0	0	
152239	0	0	0	0	0	0	0	0	0	0	79	0	0	0	0	0	
152991	0	0	0	0	0	0	0	0	0	0	91	0	0	0	0	0	
153742	0	0	0	0	0	0	0	0	0	0	93	0	0	0	0	0	
154488	0	0	0	0	0	0	0	0	0	0	71	0	0	0	0	0	
155237	0	0	0	0	0	0	0	0	0	0	87	0	0	0	0	0	
155987	0	0	0	0	0	0	0	0	0	0	81	0	0	0	0	0	
156732	0	0	0	0	0	0	0	0	0	0	61	0	0	0	0	0	
157480	0	0	0	0	0	0	0	0	0	0	73	0	0	0	0	0	
158230	0	0	0	0	0	0	0	0	0	0	61	0	0	0	0	0	
158979	0	0	0	0	0	0	0	0	0	0	75	0	0	0	0	0	
159726	0	0	0	0	0	0	0	0	0	0	79	0	0	0	0	0	
160474	0	0	0	0	0	0	0	0	0	0	69	0	0	0	0	0	
161223	0	0	0	0	0	0	0	0	0	0	95	0	0	0	0	0	
161976	0	0	0	0	0	0	0	0	0	0	79	0	0	0	0	0	
162726	0	0	0	0	0	0	0	0	0	0	75	0	0	0	0	0	
163474	0	0	0	0	0	0	0	0	0	0	73	0	0	0	0	0	
164225	0	0	0	0	0	0	0	0	0	0	63	0	0	0	0	0	
164975	0	0	0	0	0	0	0	0	0	0	89	0	0	0	0	0	
165724	0	0	0	0	0	0	0	0	0	75	0	0	0	0	0	0	
166473	0	0	0	0	0	0	0	0	0	77	0	0	0	0	0	0	
167220	0	0	0	0	0	0	0	0	0	83	0	0	0	0	0	0	
167970	0	0	0	0	0	0	0	0	0	89	0	0	0	0	0	0	
168719	0	0	0	0	0	0	0	0	0	81	0	0	0	0	0	0	
169470	0	0	0	0	0	0	0	0	0	93	0	0	0	0	0	0	
170221	0	0	0	0	0	0	0	0	0	73	0	0	0	0	0	0	
170973	0	0	0	0	0	0	0	0	0	65	0	0	0	0	0	0	
171724	0	0	0	0	0	0	0	0	0	81	0	0	0	0	0	0	
172472	0	0	0	0	0	0	0	0	0	89	0	0	0	0	0	0	
173219	0	0	0	0	0	0	0	0	0	83	0	0	0	0	0	0	
173971	0	0	0	0	0	0	0	0	0	71	0	0	0	0	0	0	
174720	0	0	0	0	0	0	0	0	101	0	0	0	0	0	0	0	
175470	0	0	0	0	0	0	0	0	79	0	0	0	0	0	0	0	
176217	0	0	0	0	0	0	0	109	0	0	0	0	0	0	0	0	
176969	0	0	0	0	0	0	0	109	0	0	0	0	0	0	0	0	
177715	0	0	0	0	0	0	0	107	0	0	0	0	0	0	0	0	
178466	0	0	0	0	0	0	0	93	0	0	0	0	0	0	0	0	
179217	0	0	0	0	0	0	0	107	0	0	0	0	0	0	0	0	
179966	0	0	0	0	0	0	0	105	0	0	0	0	0	0	0	0	
180718	0	0	0	0	0	0	0	83	0	0	0	0	0	0	0	0	
181469	0	0	0	0	0	0	0	91	0	0	0	0	0	0	0	0	
182221	0	0	0	0	0	0	0	85	0	0	0	0	0	0	0	0	
182971	0	0	0	0	0	0	0	93	0	0	0	0	0	0	0	0	
183716	0	0	0	0	0	0	0	103	0	0	0	0	0	0	0	0	
184467	0	0	0	0	0	0	0	91	0	0	0	0	0	0	0	0	
185217	0	0	0	0	0	0	0	105	0	0	0	0	0	0	0	0	
185969	0	0	0	0	0	0	0	105	0	0	0	0	0	0	0	0	
186719	0	0	0	0	0	0	0	93	0	0	0	0	0	0	0	0	
187471	0	0	0	0	0	0	0	99	0	0	0	0	0	0	0	0	
188220	0	0	0	0	0	0	0	105	0	0	0	0	0	0	0	0	
188968	0	0	0	0	0	0	0	93	0	0	0	0	0	0	0	0	
189715	0	0	0	0	0	0	0	0	103	0	0	0	0	0	0	0	
190466	0	0	0	0	0	0	0	0	83	0	0	0	0	0	0	0	
191216	0	0	0	0	0	0	0	0	101	0	0	0	0	0	0	0	
191967	0	0	0	0	0	0	0	0	93	0	0	0	0	0	0	0	
192715	0	0	0	0	0	0	0	0	89	0	0	0	0	0	0	0	
193463	0	0	0	0	0	0	0	0	89	0	0	0	0	0	0	0	
194215	0	0	0	0	0	0	0	0	83	0	0	0	0	0	0	0	
194962	0	0	0	0	0	0	0	0	99	0	0	0	0	0	0	0	
195712	0	0	0	0	0	0	0	0	81	0	0	0	0	0	0	0	
196460	0	0	0	0	0	0	0	0	83	0	0	0	0	0	0	0	
197210	0	0	0	0	0	0	0	0	97	0	0	0	0	0	0	0	
197960	0	0	0	0	0	0	0	0	91	0	0	0	0	0	0	0	
198711	0	0	0	0	0	0	0	0	85	0	0	0	0	0	0	0	
199460	0	0	0	0	0	0	0	0	91	0	0	0	0	0	0	0	
200207	0	0	0	0	0	0	0	0	87	0	0	0	0	0	0	0	
200959	0	0	0	0	0	0	0	0	91	0	0	0	0	0	0	0	
201710	0	0	0	0	0	0	0	0	85	0	0	0	0	0	0	0	
202460	0	0	0	0	0	0	0	18	95	0	0	0	0	0	0	0	
203209	0	0	0	0	0	0	0	0	97	0	0	0	0	0	0	0	
203956	0	0	0	0	0	0	0	0	103	0	0	0	0	0	0	0	
204706	0	0	0	0	0	0	0	0	83	0	0	0	0	0	0	0	
205456	0	0	0	0	0	0	0	0	81	0	0	0	0	0	0	0	
206207	0	0	0	0	0	0	0	0	75	0	0	0	0	0	0	0	
206956	0	0	0	0	0	0	0	0	69	0	0	0	0	0	0	0	
207708	0	0	0	0	0	0	0	0	0	83	0	0	0	0	0	0	
208461	0	0	0	0	0	0	0	0	89	0	0	0	0	0	0	0	
209211	0	0	0	0	0	0	0	0	95	0	0	0	0	0	0	0	
209958	0	0	0	0	0	0	0	0	71	0	0	0	0	0	0	0	
210707	0	0	0	0	0	0	0	0	85	0	0	0	0	0	0	0	
211459	0	0	0	0	0	0	0	0	73	0	0	0	0	0	0	0	
212210	0	0	0	0	0	0	0	0	85	0	0	0	0	0	0	0	
212959	0	0	0	0	0	0	0	0	93	0	0	0	0	0	0	0	
213712	0	0	0	0	0	0	0	0	115	0	0	0	0	0	0	0	
214459	0	0	0	0	0	0	0	0	87	0	0	0	0	0	0	0	
215208	0	0	0	0	0	0	0	0	103	0	0	0	0	0	0	0	
215960	0	0	0	0	0	0	0	0	71	0	0	0	0	0	0	0	
216713	0	0	0	0	0	0	0	0	97	0	0	0	0	0	0	0	
217460	0	0	0	0	0	0	0	0	103	0	0	0	0	0	0	0	
218209	0	0	0	0	0	0	0	0	65	0	0	0	0	0	0	0	
218958	0	0	0	0	0	0	0	0	97	0	0	0	0	0	0	0	
219705	0	0	0	0	0	0	0	0	109	0	0	0	0	0	0	0	
220454	0	0	0	0	0	0	0	0	87	0	0	0	0	0	0	0	
221204	0	0	0	0	0	0	0	0	93	0	0	0	0	0	0	0	
221956	0	0	0	0	0	0	0	0	91	0	0	0	0	0	0	0	
222706	0	0	0	0	0	0	0	0	83	0	0	0	0	0	0	0	
223453	0	0	0	0	0	0	0	0	87	0	0	0	0	0	0	0	
224202	0	0	0	0	0	0	0	0	79	0	0	0	0	0	0	0	
224953	0	0	0	0	0	0	0	109	0	0	0	0	0	0	0	0	
225704	0	0	0	0	0	0	0	119	0	0	0	0	0	0	0	0	
226455	0	0	0	0	0	0	0	95	0	0	0	0	0	0	0	0	
227206	0	0	0	0	0	0	0	89	0	0	0	0	0	0	0	0	
227961	0	0	0	0	0	0	0	81	0	0	0	0	0	0	0	0	
228713	0	0	0	0	0	0	0	99	0	0	0	0	0	0	0	0	
229460	0	0	0	0	0	0	0	99	0	0	0	0	0	0	0	0	
230211	0	0	0	0	0	0	0	107	0	0	0	0	0	0	0	0	
230962	0	0	0	0	0	0	0	107	0	0	0	0	0	0	0	0	
231712	0	0	0	0	0	0	0	105	0	0	0	0	0	0	0	0	
232461	0	0	0	0	0	0	0	97	0	0	0	0	0	0	0	0	
233211	0	0	0	0	0	0	0	85	0	0	0	0	0	0	0	0	
233962	0	0	0	0	0	0	0	117	0	0	0	0	0	0	0	0	
234712	0	0	0	0	0	0	0	105	0	0	0	0	0	0	0	0	
235461	0	0	0	0	0	0	0	83	0	0	0	0	0	0	0	0	
236209	0	0	0	0	0	0	0	95	0	0	0	0	0	0	0	0	
236959	0	0	0	0	0	0	0	105	0	0	0	0	0	0	0	0	
237709	0	0	0	0	0	0	0	81	0	0	0	0	0	0	0	0	
238462	0	0	0	0	0	0	0	127	0	0	0	0	0	0	0	0	
239211	0	0	0	0	0	0	0	103	0	0	0	0	0	0	0	0	
239962	0	0	0	0	0	0	0	97	0	0	0	0	0	0	0	0	
240710	0	0	0	0	0	0	0	113	0	0	0	0	0	0	0	0	
241461	0	0	0	0	0	0	0	101	0	0	0	0	0	0	0	0	
242209	0	0	0	0	0	0	0	95	0	0	0	0	0	0	0	0	
242960	0	0	0	0	0	0	0	99	0	0	0	0	0	0	0	0	
243710	0	0	0	0	0	0	0	89	0	0	0	0	0	0	0	0	
244459	0	0	0	0	0	0	0	91	0	0	0	0	0	0	0	0	
245209	0	0	0	0	0	0	0	97	0	0	0	0	0	0	0	0	
245959	0	0	0	0	0	0	0	101	0	0	0	0	0	0	0	0	
246707	0	0	0	0	0	0	0	109	0	0	0	0	0	0	0	0	
247457	0	0	0	0	0	0	0	87	0	0	0	0	0	0	0	0	
248205	0	0	0	0	0	0	0	113	0	0	0	0	0	0	0	0	
248954	0	0	0	0	0	0	14	79	0	0	0	0	0	0	0	0	
249705	0	0	0	0	0	0	0	95	0	0	0	0	0	0	0	0	
250457	0	0	0	0	0	0	0	91	0	0	0	0	0	0	0	0	
251207	0	0	0	0	0	0	0	105	0	0	0	0	0	0	0	0	
251958	0	0	0	0	0	0	0	101	0	0	0	0	0	0	0	0	
252710	0	0	0	0	0	0	0	99	0	0	0	0	0	0	0	0	
253462	0	0	0	0	0	0	0	101	0	0	0	0	0	0	0	0	
254213	0	0	0	0	0	0	0	107	0	0	0	0	0	0	0	0	
254963	0	0	0	0	0	0	0	99	0	0	0	0	0	0	0	0	
255714	0	0	0	0	0	0	0	103	0	0	0	0	0	0	0	0	
256463	0	0	0	0	0	0	97	0	0	0	0	0	0	0	0	0	
257212	0	0	0	0	0	0	121	0	0	0	0	0	0	0	0	0	
257964	0	0	0	0	0	0	101	0	0	0	0	0	0	0	0	0	
258713	0	0	0	0	0	0	125	0	0	0	0	0	0	0	0	0	
259460	0	0	0	0	0	0	129	0	0	0	0	0	0	0	0	0	
260213	0	0	0	0	0	0	107	0	0	0	0	0	0	0	0	0	
260964	0	0	0	0	0	0	117	0	0	0	0	0	0	0	0	0	
261714	0	0	0	0	0	0	113	0	0	0	0	0	0	0	0	0	
262463	0	0	0	0	0	0	113	0	0	0	0	0	0	0	0	0	
263215	0	0	0	0	0	0	113	0	0	0	0	0	0	0	0	0	
263965	0	0	0	0	0	0	117	0	0	0	0	0	0	0	0	0	
264716	0	0	0	0	0	0	115	0	0	0	0	0	0	0	0	0	
265468	0	0	0	0	0	0	109	0	0	0	0	0	0	0	0	0	
266219	0	0	0	0	0	0	109	0	0	0	0	0	0	0	0	0	
266969	0	0	0	0	0	0	121	0	0	0	0	0	0	0	0	0	
267717	0	0	0	0	0	0	115	0	0	0	0	0	0	0	0	0	
268466	0	0	0	0	0	0	115	0	0	0	0	0	0	0	0	0	
269216	0	0	0	0	0	0	109	0	0	0	0	0	0	0	0	0	
269969	0	0	0	0	0	0	119	0	0	0	0	0	0	0	0	0	
270717	0	0	0	0	0	0	103	0	0	0	0	0	0	0	0	0	
271470	0	0	0	0	0	0	121	0	0	0	0	0	0	0	0	0	
272219	0	0	0	0	0	0	107	0	0	0	0	0	0	0	0	0	
272969	0	0	0	0	0	0	125	0	0	0	0	0	0	0	0	0	
273717	0	0	0	0	0	0	129	0	0	0	0	0	0	0	0	0	
274468	0	0	0	0	0	0	49	72	0	0	0	0	0	0	0	0	
275219	0	0	0	0	0	0	91	0	0	0	0	0	0	0	0	0	
275969	0	0	0	0	0	0	125	0	0	0	0	0	0	0	0	0	
276719	0	0	0	0	0	0	113	0	0	0	0	0	0	0	0	0	
277470	0	0	0	0	0	0	103	0	0	0	0	0	0	0	0	0	
278222	0	0	0	0	0	0	109	0	0	0	0	0	0	0	0	0	
278976	0	0	0	0	0	0	121	0	0	0	0	0	0	0	0	0	
279725	0	0	0	0	0	0	115	0	0	0	0	0	0	0	0	0	
280477	0	0	0	0	0	0	111	0	0	0	0	0	0	0	0	0	
281224	0	0	0	0	0	0	111	0	0	0	0	0	0	0	0	0	
281972	0	0	0	0	0	0	105	0	0	0	0	0	0	0	0	0	
282720	0	0	0	0	0	0	123	0	0	0	0	0	0	0	0	0	
283470	0	0	0	0	0	0	131	0	0	0	0	0	0	0	0	0	
284222	0	0	0	0	0	0	105	0	0	0	0	0	0	0	0	0	
284971	0	0	0	0	0	0	117	0	0	0	0	0	0	0	0	0	
285721	0	0	0	0	0	0	109	0	0	0	0	0	0	0	0	0	
286473	0	0	0	0	0	0	133	0	0	0	0	0	0	0	0	0	
287225	0	0	0	0	0	0	105	0	0	0	0	0	0	0	0	0	
287976	0	0	0	0	0	0	123	0	0	0	0	0	0	0	0	0	
288726	0	0	0	0	0	0	113	0	0	0	0	0	0	0	0	0	
289473	0	0	0	0	0	0	121	0	0	0	0	0	0	0	0	0	
290219	0	0	0	0	0	0	119	0	0	0	0	0	0	0	0	0	
290967	0	0	0	0	0	0	135	0	0	0	0	0	0	0	0	0	
291715	0	0	0	0	0	0	107	0	0	0	0	0	0	0	0	0	
292463	0	0	0	0	0	0	109	0	0	0	0	0	0	0	0	0	
293213	0	0	0	0	0	0	101	0	0	0	0	0	0	0	0	0	
293964	0	0	0	0	0	0	115	0	0	0	0	0	0	0	0	0	
294716	0	0	0	0	0	0	107	0	0	0	0	0	0	0	0	0	
295465	0	0	0	0	0	0	117	0	0	0	0	0	0	0	0	0	
296209	0	0	0	0	0	0	0	123	0	0	0	0	0	0	0	0	
296960	0	0	0	0	0	0	0	95	0	0	0	0	0	0	0	0	
297709	0	0	0	0	0	0	0	91	0	0	0	0	0	0	0	0	
298456	0	0	0	0	0	0	0	95	0	0	0	0	0	0	0	0	
299209	0	0	0	0	0	0	0	111	0	0	0	0	0	0	0	0	
299956	0	0	0	0	0	0	0	95	0	0	0	0	0	0	0	0	
300706	0	0	0	0	0	0	0	113	0	0	0	0	0	0	0	0	
301458	0	0	0	0	0	0	0	105	0	0	0	0	0	0	0	0	
302213	0	0	0	0	0	0	0	95	0	0	0	0	0	0	0	0	
302960	0	0	0	0	0	0	0	107	0	0	0	0	0	0	0	0	
303711	0	0	0	0	0	0	0	97	0	0	0	0	0	0	0	0	
304461	0	0	0	0	0	0	0	97	0	0	0	0	0	0	0	0	
305212	0	0	0	0	0	0	0	99	0	0	0	0	0	0	0	0	
305964	0	0	0	0	0	0	0	103	0	0	0	0	0	0	0	0	
306716	0	0	0	0	0	0	0	95	0	0	0	0	0	0	0	0	
307467	0	0	0	0	0	0	0	103	0	0	0	0	0	0	0	0	
308218	0	0	0	0	0	0	0	101	0	0	0	0	0	0	0	0	
308968	0	0	0	0	0	0	0	99	0	0	0	0	0	0	0	0	
309716	0	0	0	0	0	0	0	97	0	0	0	0	0	0	0	0	
310464	0	0	0	0	0	0	0	121	0	0	0	0	0	0	0	0	
311217	0	0	0	0	0	0	0	109	0	0	0	0	0	0	0	0	
311967	0	0	0	0	0	0	0	101	0	0	0	0	0	0	0	0	
312714	0	0	0	0	0	0	0	102	1	0	0	0	0	0	0	0	
313465	0	0	0	0	0	0	0	93	0	0	0	0	0	0	0	0	
314212	0	0	0	0	0	0	0	99	0	0	0	0	0	0	0	0	
314960	0	0	0	0	0	0	0	95	0	0	0	0	0	0	0	0	
315712	0	0	0	0	0	0	0	83	0	0	0	0	0	0	0	0	
316463	0	0	0	0	0	0	0	115	0	0	0	0	0	0	0	0	
317212	0	0	0	0	0	0	0	103	0	0	0	0	0	0	0	0	
317960	0	0	0	0	0	0	0	101	0	0	0	0	0	0	0	0	
318714	0	0	0	0	0	0	0	93	0	0	0	0	0	0	0	0	
319467	0	0	0	0	0	0	1	106	0	0	0	0	0	0	0	0	
320218	0	0	0	0	0	0	0	99	0	0	0	0	0	0	0	0	
320968	0	0	0	0	0	0	0	77	0	0	0	0	0	0	0	0	
321720	0	0	0	0	0	0	0	107	0	0	0	0	0	0	0	0	
322469	0	0	0	0	0	0	0	109	0	0	0	0	0	0	0	0	
323216	0	0	0	0	0	0	0	103	0	0	0	0	0	0	0	0	
323966	0	0	0	0	0	0	0	89	0	0	0	0	0	0	0	0	
324714	0	0	0	0	0	0	0	109	0	0	0	0	0	0	0	0	
325464	0	0	0	0	0	0	0	113	0	0	0	0	0	0	0	0	
326213	0	0	0	0	0	0	0	91	0	0	0	0	0	0	0	0	
326962	0	0	0	0	0	0	0	95	0	0	0	0	0	0	0	0	
327717	0	0	0	0	0	0	0	105	0	0	0	0	0	0	0	0	
328467	0	0	0	0	0	0	0	89	0	0	0	0	0	0	0	0	
329217	0	0	0	0	0	0	0	113	0	0	0	0	0	0	0	0	
329966	0	0	0	0	0	0	0	101	0	0	0	0	0	0	0	0	
330715	0	0	0	0	0	0	0	83	0	0	0	0	0	0	0	0	
331467	0	0	0	0	0	0	0	107	0	0	0	0	0	0	0	0	
332214	0	0	0	0	0	0	0	89	0	0	0	0	0	0	0	0	
332964	0	0	0	0	0	0	0	0	95	0	0	0	0	0	0	0	
333712	0	0	0	0	0	0	0	0	97	0	0	0	0	0	0	0	
334462	0	0	0	0	0	0	0	95	0	0	0	0	0	0	0	0	
335212	0	0	0	0	0	0	0	93	0	0	0	0	0	0	0	0	
335963	0	0	0	0	0	0	0	105	0	0	0	0	0	0	0	0	
336712	0	0	0	0	0	0	0	91	0	0	0	0	0	0	0	0	
337465	0	0	0	0	0	0	0	105	0	0	0	0	0	0	0	0	
338215	0	0	0	0	0	0	0	105	0	0	0	0	0	0	0	0	
338966	0	0	0	0	0	0	0	0	79	0	0	0	0	0	0	0	
339716	0	0	0	0	0	0	0	0	71	0	0	0	0	0	0	0	
340461	0	0	0	0	0	0	0	0	89	0	0	0	0	0	0	0	
341207	0	0	0	0	0	0	0	0	81	0	0	0	0	0	0	0	
341959	0	0	0	0	0	0	0	0	103	0	0	0	0	0	0	0	
342708	0	0	0	0	0	0	0	0	93	0	0	0	0	0	0	0	
343460	0	0	0	0	0	0	0	95	0	0	0	0	0	0	0	0	
344209	0	0	0	0	0	0	0	101	0	0	0	0	0	0	0	0	
344961	0	0	0	0	0	0	0	99	0	0	0	0	0	0	0	0	
345710	0	0	0	0	0	0	0	105	0	0	0	0	0	0	0	0	
346460	0	0	0	0	0	0	0	109	0	0	0	0	0	0	0	0	
347210	0	0	0	0	0	0	0	98	1	0	0	0	0	0	0	0	
347960	0	0	0	0	0	0	0	99	0	0	0	0	0	0	0	0	
348710	0	0	0	0	0	0	0	105	0	0	0	0	0	0	0	0	
349462	0	0	0	0	0	0	0	103	0	0	0	0	0	0	0	0	
350216	0	0	0	0	0	0	0	111	0	0	0	0	0	0	0	0	
350965	0	0	0	0	0	0	0	101	0	0	0	0	0	0	0	0	
351715	0	0	0	0	0	0	0	93	0	0	0	0	0	0	0	0	
352465	0	0	0	0	0	0	0	105	0	0	0	0	0	0	0	0	
353216	0	0	0	0	0	0	0	111	0	0	0	0	0	0	0	0	
353963	0	0	0	0	0	0	0	103	0	0	0	0	0	0	0	0	
354714	0	0	0	0	0	0	0	99	0	0	0	0	0	0	0	0	
355462	0	0	0	0	0	0	0	97	0	0	0	0	0	0	0	0	
356212	0	0	0	0	0	0	0	97	0	0	0	0	0	0	0	0	
356961	0	0	0	0	0	0	0	83	0	0	0	0	0	0	0	0	
357712	0	0	0	0	0	0	0	111	0	0	0	0	0	0	0	0	
358461	0	0	0	0	0	0	0	101	0	0	0	0	0	0	0	0	
359213	0	0	0	0	0	0	0	109	0	0	0	0	0	0	0	0	
359961	0	0	0	0	0	0	0	121	0	0	0	0	0	0	0	0	
360710	0	0	0	0	0	0	0	109	0	0	0	0	0	0	0	0	
361459	0	0	0	0	0	0	0	93	0	0	0	0	0	0	0	0	
362205	0	0	0	0	0	0	0	95	0	0	0	0	0	0	0	0	
362954	0	0	0	0	0	0	0	101	0	0	0	0	0	0	0	0	
363702	0	0	0	0	0	0	0	99	0	0	0	0	0	0	0	0	
364453	0	0	0	0	0	0	0	81	0	0	0	0	0	0	0	0	
365200	0	0	0	0	0	0	0	101	0	0	0	0	0	0	0	0	
365951	0	0	0	0	0	0	93	0	0	0	0	0	0	0	0	0	
366700	0	0	0	0	0	0	109	0	0	0	0	0	0	0	0	0	
367452	0	0	0	0	0	0	117	0	0	0	0	0	0	0	0	0	
368202	0	0	0	0	0	0	129	0	0	0	0	0	0	0	0	0	
368951	0	0	0	0	0	0	109	0	0	0	0	0	0	0	0	0	
369703	0	0	0	0	0	0	97	0	0	0	0	0	0	0	0	0	
370449	0	0	0	0	0	0	93	0	0	0	0	0	0	0	0	0	
371199	0	0	0	0	0	0	131	0	0	0	0	0	0	0	0	0	
371949	0	0	0	0	0	0	109	0	0	0	0	0	0	0	0	0	
372698	0	0	0	0	0	0	129	0	0	0	0	0	0	0	0	0	
373446	0	0	0	0	0	0	111	0	0	0	0	0	0	0	0	0	
374194	0	0	0	0	0	0	105	0	0	0	0	0	0	0	0	0	
374943	0	0	0	0	0	0	129	0	0	0	0	0	0	0	0	0	
375690	0	0	0	0	0	0	103	0	0	0	0	0	0	0	0	0	
376442	0	0	0	0	0	0	107	0	0	0	0	0	0	0	0	0	
377192	0	0	0	0	0	0	121	0	0	0	0	0	0	0	0	0	
377944	0	0	0	0	0	0	113	0	0	0	0	0	0	0	0	0	
378695	0	0	0	0	0	0	103	0	0	0	0	0	0	0	0	0	
379448	0	0	0	0	0	0	125	0	0	0	0	0	0	0	0	0	
380201	0	0	0	0	0	0	107	0	0	0	0	0	0	0	0	0	
380954	0	0	0	0	0	0	109	0	0	0	0	0	0	0	0	0	
381706	0	0	0	0	0	0	103	0	0	0	0	0	0	0	0	0	
382457	0	0	0	0	0	139	0	0	0	0	0	0	0	0	0	0	
383205	0	0	0	0	0	127	0	0	0	0	0	0	0	0	0	0	
383957	0	0	0	0	0	139	0	0	0	0	0	0	0	0	0	0	
384704	0	0	0	0	0	145	0	0	0	0	0	0	0	0	0	0	
385455	0	0	0	0	0	133	0	0	0	0	0	0	0	0	0	0	
386204	0	0	0	0	0	127	0	0	0	0	0	0	0	0	0	0	
386952	0	0	0	0	0	131	0	0	0	0	0	0	0	0	0	0	
387701	0	0	0	0	0	121	0	0	0	0	0	0	0	0	0	0	
388452	0	0	0	0	0	145	0	0	0	0	0	0	0	0	0	0	
389202	0	0	0	0	0	139	0	0	0	0	0	0	0	0	0	0	
389954	0	0	0	0	0	125	0	0	0	0	0	0	0	0	0	0	
390706	0	0	0	0	0	137	0	0	0	0	0	0	0	0	0	0	
391457	0	0	0	0	0	155	0	0	0	0	0	0	0	0	0	0	
392206	0	0	0	0	0	103	0	0	0	0	0	0	0	0	0	0	
392956	0	0	0	0	0	139	0	0	0	0	0	0	0	0	0	0	
393705	0	0	0	0	0	109	0	0	0	0	0	0	0	0	0	0	
394452	0	0	0	0	0	129	0	0	0	0	0	0	0	0	0	0	
395200	0	0	0	0	0	151	0	0	0	0	0	0	0	0	0	0	
395954	0	0	0	0	0	141	0	0	0	0	0	0	0	0	0	0	
396702	0	0	0	0	0	147	0	0	0	0	0	0	0	0	0	0	
397451	0	0	0	0	0	141	0	0	0	0	0	0	0	0	0	0	
398199	0	0	0	0	0	157	0	0	0	0	0	0	0	0	0	0	
398948	0	0	0	0	0	157	0	0	0	0	0	0	0	0	0	0	
399701	0	0	0	0	0	139	0	0	0	0	0	0	0	0	0	0	
400451	0	0	0	0	0	145	0	0	0	0	0	0	0	0	0	0	
401200	0	0	0	0	0	143	0	0	0	0	0	0	0	0	0	0	
401950	0	0	0	0	0	139	0	0	0	0	0	0	0	0	0	0	
402702	0	0	0	0	0	153	0	0	0	0	0	0	0	0	0	0	
403451	0	0	0	0	0	133	0	0	0	0	0	0	0	0	0	0	
404198	0	0	0	0	0	133	0	0	0	0	0	0	0	0	0	0	
404951	0	0	0	0	0	139	0	0	0	0	0	0	0	0	0	0	
405699	0	0	0	0	0	119	0	0	0	0	0	0	0	0	0	0	
406447	0	0	0	0	0	137	0	0	0	0	0	0	0	0	0	0	
407198	0	0	0	0	0	117	0	0	0	0	0	0	0	0	0	0	
407951	0	0	0	0	0	149	0	0	0	0	0	0	0	0	0	0	
408699	0	0	0	0	0	133	0	0	0	0	0	0	0	0	0	0	
409450	0	0	0	0	0	137	0	0	0	0	0	0	0	0	0	0	
410198	0	0	0	0	0	135	0	0	0	0	0	0	0	0	0	0	
410953	0	0	0	0	0	137	0	0	0	0	0	0	0	0	0	0	
411701	0	0	0	0	0	139	0	0	0	0	0	0	0	0	0	0	
412450	0	0	0	0	0	145	0	0	0	0	0	0	0	0	0	0	
413199	0	0	0	0	149	0	0	0	0	0	0	0	0	0	0	0	
413947	0	0	0	0	183	0	0	0	0	0	0	0	0	0	0	0	
414699	0	0	0	0	161	0	0	0	0	0	0	0	0	0	0	0	
415447	0	0	0	0	143	0	0	0	0	0	0	0	0	0	0	0	
416195	0	0	0	0	151	0	0	0	0	0	0	0	0	0	0	0	
416947	0	0	0	0	133	0	0	0	0	0	0	0	0	0	0	0	
417695	0	0	0	0	161	0	0	0	0	0	0	0	0	0	0	0	
418447	0	0	0	0	157	0	0	0	0	0	0	0	0	0	0	0	
419199	0	0	0	0	159	0	0	0	0	0	0	0	0	0	0	0	
419949	0	0	0	0	141	0	0	0	0	0	0	0	0	0	0	0	
420696	0	0	0	0	147	0	0	0	0	0	0	0	0	0	0	0	
421448	0	0	0	0	143	0	0	0	0	0	0	0	0	0	0	0	
422198	0	0	0	187	0	0	0	0	0	0	0	0	0	0	0	0	
422950	0	0	0	207	0	0	0	0	0	0	0	0	0	0	0	0	
423696	0	0	0	203	0	0	0	0	0	0	0	0	0	0	0	0	
424445	0	0	0	201	0	0	0	0	0	0	0	0	0	0	0	0	
425194	0	0	0	187	0	0	0	0	0	0	0	0	0	0	0	0	
425946	0	0	0	185	0	0	0	0	0	0	0	0	0	0	0	0	
426694	0	0	26	173	0	0	0	0	0	0	0	0	0	0	0	0	
427441	0	0	0	191	0	0	0	0	0	0	0	0	0	0	0	0	
428190	0	0	0	211	0	0	0	0	0	0	0	0	0	0	0	0	
428940	0	0	0	205	0	0	0	0	0	0	0	0	0	0	0	0	
429690	0	0	0	205	0	0	0	0	0	0	0	0	0	0	0	0	
430441	0	0	0	203	0	0	0	0	0	0	0	0	0	0	0	0	
431194	0	0	0	183	0	0	0	0	0	0	0	0	0	0	0	0	
431947	0	0	0	181	0	0	0	0	0	0	0	0	0	0	0	0	
432699	0	0	0	197	0	0	0	0	0	0	0	0	0	0	0	0	
433453	0	0	0	207	0	0	0	0	0	0	0	0	0	0	0	0	
434202	0	0	0	189	0	0	0	0	0	0	0	0	0	0	0	0	
434952	0	0	0	213	0	0	0	0	0	0	0	0	0	0	0	0	
435701	0	0	0	191	0	0	0	0	0	0	0	0	0	0	0	0	
436453	0	0	0	195	0	0	0	0	0	0	0	0	0	0	0	0	
437205	0	0	0	189	0	0	0	0	0	0	0	0	0	0	0	0	
437953	0	0	0	217	0	0	0	0	0	0	0	0	0	0	0	0	
438700	0	0	0	205	0	0	0	0	0	0	0	0	0	0	0	0	
439447	0	0	0	203	0	0	0	0	0	0	0	0	0	0	0	0	
440200	0	0	0	211	0	0	0	0	0	0	0	0	0	0	0	0	
440950	0	0	0	189	0	0	0	0	0	0	0	0	0	0	0	0	
441699	0	0	0	213	0	0	0	0	0	0	0	0	0	0	0	0	
442450	0	0	0	179	0	0	0	0	0	0	0	0	0	0	0	0	
443201	0	0	0	205	0	0	0	0	0	0	0	0	0	0	0	0	
443949	0	0	0	195	0	0	0	0	0	0	0	0	0	0	0	0	
444699	0	0	0	215	0	0	0	0	0	0	0	0	0	0	0	0	
445446	0	0	0	189	0	0	0	0	0	0	0	0	0	0	0	0	
446196	0	0	0	193	0	0	0	0	0	0	0	0	0	0	0	0	
446945	0	0	0	185	0	0	0	0	0	0	0	0	0	0	0	0	
447693	0	0	0	221	0	0	0	0	0	0	0	0	0	0	0	0	
448446	0	0	0	179	0	0	0	0	0	0	0	0	0	0	0	0	
449196	0	0	0	207	0	0	0	0	0	0	0	0	0	0	0	0	
449945	0	0	0	207	0	0	0	0	0	0	0	0	0	0	0	0	
450695	0	0	0	219	0	0	0	0	0	0	0	0	0	0	0	0	
451447	0	0	0	203	0	0	0	0	0	0	0	0	0	0	0	0	
452196	0	0	0	215	0	0	0	0	0	0	0	0	0	0	0	0	
452945	0	0	0	179	0	0	0	0	0	0	0	0	0	0	0	0	
453698	0	0	0	205	0	0	0	0	0	0	0	0	0	0	0	0	
454449	0	0	0	183	0	0	0	0	0	0	0	0	0	0	0	0	
455203	0	0	0	175	0	0	0	0	0	0	0	0	0	0	0	0	
455951	0	0	0	183	0	0	0	0	0	0	0	0	0	0	0	0	
456699	0	0	269	0	0	0	0	0	0	0	0	0	0	0	0	0	
457451	0	0	279	0	0	0	0	0	0	0	0	0	0	0	0	0	
458203	0	0	247	0	0	0	0	0	0	0	0	0	0	0	0	0	
458953	0	0	285	0	0	0	0	0	0	0	0	0	0	0	0	0	
459704	0	0	247	0	0	0	0	0	0	0	0	0	0	0	0	0	
460456	0	0	263	0	0	0	0	0	0	0	0	0	0	0	0	0	
461208	0	0	287	0	0	0	0	0	0	0	0	0	0	0	0	0	
461955	0	0	265	0	0	0	0	0	0	0	0	0	0	0	0	0	
462700	0	0	263	0	0	0	0	0	0	0	0	0	0	0	0	0	
463450	0	0	265	0	0	0	0	0	0	0	0	0	0	0	0	0	
464196	0	0	261	0	0	0	0	0	0	0	0	0	0	0	0	0	
464949	0	0	287	0	0	0	0	0	0	0	0	0	0	0	0	0	
465698	0	0	271	0	0	0	0	0	0	0	0	0	0	0	0	0	
466449	0	0	277	0	0	0	0	0	0	0	0	0	0	0	0	0	
467200	0	0	255	0	0	0	0	0	0	0	0	0	0	0	0	0	
467951	0	0	235	0	0	0	0	0	0	0	0	0	0	0	0	0	
468699	0	1	266	0	0	0	0	0	0	0	0	0	0	0	0	0	
469453	0	0	283	0	0	0	0	0	0	0	0	0	0	0	0	0	
470203	0	0	261	0	0	0	0	0	0	0	0	0	0	0	0	0	
470952	0	0	287	0	0	0	0	0	0	0	0	0	0	0	0	0	
471706	0	0	253	0	0	0	0	0	0	0	0	0	0	0	0	0	
472459	0	1	230	0	0	0	0	0	0	0	0	0	0	0	0	0	
473206	0	0	269	0	0	0	0	0	0	0	0	0	0	0	0	0	
473953	0	0	285	0	0	0	0	0	0	0	0	0	0	0	0	0	
474702	0	0	265	0	0	0	0	0	0	0	0	0	0	0	0	0	
475453	0	0	309	0	0	0	0	0	0	0	0	0	0	0	0	0	
476202	0	0	315	0	0	0	0	0	0	0	0	0	0	0	0	0	
476952	0	0	249	0	0	0	0	0	0	0	0	0	0	0	0	0	
477702	0	0	255	0	0	0	0	0	0	0	0	0	0	0	0	0	
478452	0	0	265	0	0	0	0	0	0	0	0	0	0	0	0	0	
479202	0	0	263	0	0	0	0	0	0	0	0	0	0	0	0	0	
479954	0	0	239	0	0	0	0	0	0	0	0	0	0	0	0	0	
480703	0	0	227	0	0	0	0	0	0	0	0	0	0	0	0	0	
481455	0	0	261	0	0	0	0	0	0	0	0	0	0	0	0	0	
482205	0	0	245	0	0	0	0	0	0	0	0	0	0	0	0	0	
482955	0	0	279	0	0	0	0	0	0	0	0	0	0	0	0	0	
483705	0	0	249	0	0	0	0	0	0	0	0	0	0	0	0	0	
484456	0	0	271	0	0	0	0	0	0	0	0	0	0	0	0	0	
485203	0	0	257	0	0	0	0	0	0	0	0	0	0	0	0	0	
485956	0	0	265	0	0	0	0	0	0	0	0	0	0	0	0	0	
486706	0	0	255	0	0	0	0	0	0	0	0	0	0	0	0	0	
487458	0	0	259	0	0	0	0	0	0	0	0	0	0	0	0	0	
488207	0	0	237	0	0	0	0	0	0	0	0	0	0	0	0	0	
488955	0	0	0	183	0	0	0	0	0	0	0	0	0	0	0	0	
489706	0	0	0	189	0	0	0	0	0	0	0	0	0	0	0	0	
490459	0	0	0	213	0	0	0	0	0	0	0	0	0	0	0	0	
491210	0	0	25	164	0	0	0	0	0	0	0	0	0	0	0	0	
491962	0	0	249	0	0	0	0	0	0	0	0	0	0	0	0	0	
492711	0	0	281	0	0	0	0	0	0	0	0	0	0	0	0	0	
493462	0	0	263	0	0	0	0	0	0	0	0	0	0	0	0	0	
494206	0	0	255	0	0	0	0	0	0	0	0	0	0	0	0	0	
494960	0	0	245	0	0	0	0	0	0	0	0	0	0	0	0	0	
495709	0	44	271	0	0	0	0	0	0	0	0	0	0	0	0	0	
496461	0	0	237	0	0	0	0	0	0	0	0	0	0	0	0	0	
497207	0	0	265	0	0	0	0	0	0	0	0	0	0	0	0	0	
497960	0	0	257	0	0	0	0	0	0	0	0	0	0	0	0	0	
498711	0	0	265	0	0	0	0	0	0	0	0	0	0	0	0	0	
499461	0	0	265	0	0	0	0	0	0	0	0	0	0	0	0	0	
500209	0	0	275	0	0	0	0	0	0	0	0	0	0	0	0	0	
500958	0	0	299	0	0	0	0	0	0	0	0	0	0	0	0	0	
501708	0	0	279	0	0	0	0	0	0	0	0	0	0	0	0	0	
502458	0	0	275	0	0	0	0	0	0	0	0	0	0	0	0	0	
503207	0	0	249	0	0	0	0	0	0	0	0	0	0	0	0	0	
503956	0	0	271	0	0	0	0	0	0	0	0	0	0	0	0	0	
504704	0	0	269	0	0	0	0	0	0	0	0	0	0	0	0	0	
505456	0	0	249	0	0	0	0	0	0	0	0	0	0	0	0	0	
506204	0	0	269	0	0	0	0	0	0	0	0	0	0	0	0	0	
506954	0	0	255	0	0	0	0	0	0	0	0	0	0	0	0	0	
507700	0	0	249	0	0	0	0	0	0	0	0	0	0	0	0	0	
508453	0	0	293	0	0	0	0	0	0	0	0	0	0	0	0	0	
509203	0	0	285	0	0	0	0	0	0	0	0	0	0	0	0	0	
509953	0	0	247	0	0	0	0	0	0	0	0	0	0	0	0	0	
510702	0	0	259	0	0	0	0	0	0	0	0	0	0	0	0	0	
511454	0	0	281	0	0	0	0	0	0	0	0	0	0	0	0	0	
512205	0	0	265	0	0	0	0	0	0	0	0	0	0	0	0	0	
512954	0	0	269	0	0	0	0	0	0	0	0	0	0	0	0	0	
513702	0	0	245	0	0	0	0	0	0	0	0	0	0	0	0	0	
514448	0	0	245	0	0	0	0	0	0	0	0	0	0	0	0	0	
515198	0	0	257	0	0	0	0	0	0	0	0	0	0	0	0	0	
515944	0	0	287	0	0	0	0	0	0	0	0	0	0	0	0	0	
516697	0	0	259	0	0	0	0	0	0	0	0	0	0	0	0	0	
517446	0	0	245	0	0	0	0	0	0	0	0	0	0	0	0	0	
518196	0	19	240	0	0	0	0	0	0	0	0	0	0	0	0	0	
518946	0	0	293	0	0	0	0	0	0	0	0	0	0	0	0	0	
519697	0	0	271	0	0	0	0	0	0	0	0	0	0	0	0	0	
520445	0	0	277	0	0	0	0	0	0	0	0	0	0	0	0	0	
521193	0	0	251	0	0	0	0	0	0	0	0	0	0	0	0	0	
521946	0	0	271	0	0	0	0	0	0	0	0	0	0	0	0	0	
522696	0	0	253	0	0	0	0	0	0	0	0	0	0	0	0	0	
523449	0	0	269	0	0	0	0	0	0	0	0	0	0	0	0	0	
524203	0	103	198	0	0	0	0	0	0	0	0	0	0	0	0	0	
524953	0	0	295	0	0	0	0	0	0	0	0	0	0	0	0	0	
525705	0	0	251	0	0	0	0	0	0	0	0	0	0	0	0	0	
526453	0	0	265	0	0	0	0	0	0	0	0	0	0	0	0	0	
527205	0	0	245	0	0	0	0	0	0	0	0	0	0	0	0	0	
527957	0	0	241	0	0	0	0	0	0	0	0	0	0	0	0	0	
528709	0	0	287	0	0	0	0	0	0	0	0	0	0	0	0	0	
529458	0	0	289	0	0	0	0	0	0	0	0	0	0	0	0	0	
530206	0	0	271	0	0	0	0	0	0	0	0	0	0	0	0	0	
530954	0	0	249	0	0	0	0	0	0	0	0	0	0	0	0	0	
531705	0	0	265	0	0	0	0	0	0	0	0	0	0	0	0	0	
532455	0	0	0	171	0	0	0	0	0	0	0	0	0	0	0	0	
533203	0	0	0	179	0	0	0	0	0	0	0	0	0	0	0	0	
533953	0	0	0	211	0	0	0	0	0	0	0	0	0	0	0	0	
534704	0	0	0	195	0	0	0	0	0	0	0	0	0	0	0	0	
535455	0	0	0	205	0	0	0	0	0	0	0	0	0	0	0	0	
536201	0	0	0	227	0	0	0	0	0	0	0	0	0	0	0	0	
536949	0	0	0	205	0	0	0	0	0	0	0	0	0	0	0	0	
537701	0	0	0	189	0	0	0	0	0	0	0	0	0	0	0	0	
538452	0	0	0	207	0	0	0	0	0	0	0	0	0	0	0	0	
539200	0	0	0	209	0	0	0	0	0	0	0	0	0	0	0	0	
539949	0	0	0	209	0	0	0	0	0	0	0	0	0	0	0	0	
540698	0	0	0	175	0	0	0	0	0	0	0	0	0	0	0	0	
541452	0	0	0	191	0	0	0	0	0	0	0	0	0	0	0	0	
542203	0	0	0	213	0	0	0	0	0	0	0	0	0	0	0	0	
542956	0	0	0	225	0	0	0	0	0	0	0	0	0	0	0	0	
543706	0	0	0	225	0	0	0	0	0	0	0	0	0	0	0	0	
544457	0	0	0	201	0	0	0	0	0	0	0	0	0	0	0	0	
545210	0	0	0	207	0	0	0	0	0	0	0	0	0	0	0	0	
545959	0	0	0	193	0	0	0	0	0	0	0	0	0	0	0	0	
546713	0	0	0	193	0	0	0	0	0	0	0	0	0	0	0	0	
547462	0	0	0	188	5	0	0	0	0	0	0	0	0	0	0	0	
548209	0	0	0	185	0	0	0	0	0	0	0	0	0	0	0	0	
548959	0	0	0	191	0	0	0	0	0	0	0	0	0	0	0	0	
549710	0	0	0	223	0	0	0	0	0	0	0	0	0	0	0	0	
550459	0	0	0	179	0	0	0	0	0	0	0	0	0	0	0	0	
551207	0	0	0	213	0	0	0	0	0	0	0	0	0	0	0	0	
551958	0	0	0	197	0	0	0	0	0	0	0	0	0	0	0	0	
552710	0	0	9	206	0	0	0	0	0	0	0	0	0	0	0	0	
553460	0	0	0	207	0	0	0	0	0	0	0	0	0	0	0	0	
554213	0	0	0	181	0	0	0	0	0	0	0	0	0	0	0	0	
554965	0	0	0	227	0	0	0	0	0	0	0	0	0	0	0	0	
555719	0	0	0	213	0	0	0	0	0	0	0	0	0	0	0	0	
556467	0	0	0	207	0	0	0	0	0	0	0	0	0	0	0	0	
557220	0	0	0	175	0	0	0	0	0	0	0	0	0	0	0	0	
557969	0	0	0	177	0	0	0	0	0	0	0	0	0	0	0	0	
558719	0	0	0	195	0	0	0	0	0	0	0	0	0	0	0	0	
559467	0	0	0	207	0	0	0	0	0	0	0	0	0	0	0	0	
560220	0	0	0	201	0	0	0	0	0	0	0	0	0	0	0	0	
560970	0	0	0	219	0	0	0	0	0	0	0	0	0	0	0	0	
561718	0	0	0	205	0	0	0	0	0	0	0	0	0	0	0	0	
562466	0	0	0	187	0	0	0	0	0	0	0	0	0	0	0	0	
563213	0	0	0	211	0	0	0	0	0	0	0	0	0	0	0	0	
563962	0	0	0	193	0	0	0	0	0	0	0	0	0	0	0	0	
564711	0	0	0	197	0	0	0	0	0	0	0	0	0	0	0	0	
565461	0	0	0	215	0	0	0	0	0	0	0	0	0	0	0	0	
566209	0	0	0	201	0	0	0	0	0	0	0	0	0	0	0	0	
566961	0	0	0	203	0	0	0	0	0	0	0	0	0	0	0	0	
567712	0	0	0	179	0	0	0	0	0	0	0	0	0	0	0	0	
568461	0	0	0	185	0	0	0	0	0	0	0	0	0	0	0	0	
569211	0	0	0	199	0	0	0	0	0	0	0	0	0	0	0	0	
569963	0	0	0	221	0	0	0	0	0	0	0	0	0	0	0	0	
570715	0	0	0	213	0	0	0	0	0	0	0	0	0	0	0	0	
571468	0	0	0	223	0	0	0	0	0	0	0	0	0	0	0	0	
572217	0	0	0	223	0	0	0	0	0	0	0	0	0	0	0	0	
572966	0	0	0	191	0	0	0	0	0	0	0	0	0	0	0	0	
573718	0	0	0	207	0	0	0	0	0	0	0	0	0	0	0	0	
574471	0	0	0	217	0	0	0	0	0	0	0	0	0	0	0	0	
575221	0	0	0	201	0	0	0	0	0	0	0	0	0	0	0	0	
575969	0	0	0	201	0	0	0	0	0	0	0	0	0	0	0	0	
576720	0	0	0	185	0	0	0	0	0	0	0	0	0	0	0	0	
577468	0	0	0	189	0	0	0	0	0	0	0	0	0	0	0	0	
578218	0	0	112	103	0	0	0	0	0	0	0	0	0	0	0	0	
578965	0	0	0	215	0	0	0	0	0	0	0	0	0	0	0	0	
579715	0	0	0	195	0	0	0	0	0	0	0	0	0	0	0	0	
580463	0	0	0	205	0	0	0	0	0	0	0	0	0	0	0	0	
581212	0	0	0	227	0	0	0	0	0	0	0	0	0	0	0	0	
581962	0	0	0	197	0	0	0	0	0	0	0	0	0	0	0	0	
582712	0	0	0	181	0	0	0	0	0	0	0	0	0	0	0	0	
583468	0	0	0	225	0	0	0	0	0	0	0	0	0	0	0	0	
584217	0	0	0	203	0	0	0	0	0	0	0	0	0	0	0	0	
584971	0	0	0	0	169	0	0	0	0	0	0	0	0	0	0	0	
585721	0	0	0	0	155	0	0	0	0	0	0	0	0	0	0	0	
586468	0	0	0	0	143	0	0	0	0	0	0	0	0	0	0	0	
587218	0	0	0	221	0	0	0	0	0	0	0	0	0	0	0	0	
587967	0	0	0	187	0	0	0	0	0	0	0	0	0	0	0	0	
588718	0	0	0	173	0	0	0	0	0	0	0	0	0	0	0	0	
589465	0	0	0	187	0	0	0	0	0	0	0	0	0	0	0	0	
590217	0	0	0	213	0	0	0	0	0	0	0	0	0	0	0	0	
590965	0	0	0	205	0	0	0	0	0	0	0	0	0	0	0	0	
591713	0	0	0	207	0	0	0	0	0	0	0	0	0	0	0	0	
592466	0	0	0	195	0	0	0	0	0	0	0	0	0	0	0	0	
593218	0	0	7	160	0	0	0	0	0	0	0	0	0	0	0	0	
593969	0	0	0	183	0	0	0	0	0	0	0	0	0	0	0	0	
594723	0	0	0	197	0	0	0	0	0	0	0	0	0	0	0	0	
595474	0	0	0	201	0	0	0	0	0	0	0	0	0	0	0	0	
596227	0	0	0	205	0	0	0	0	0	0	0	0	0	0	0	0	
596981	0	0	0	193	0	0	0	0	0	0	0	0	0	0	0	0	
597732	0	0	0	189	0	0	0	0	0	0	0	0	0	0	0	0	
598483	0	0	0	0	155	0	0	0	0	0	0	0	0	0	0	0	
599234	0	0	0	0	147	0	0	0	0	0	0	0	0	0	0	0	
599981	0	0	0	0	149	0	0	0	0	0	0	0	0	0	0	0	
600732	0	0	0	0	147	0	0	0	0	0	0	0	0	0	0	0	
601484	0	0	0	0	167	0	0	0	0	0	0	0	0	0	0	0	
602234	0	0	0	0	169	0	0	0	0	0	0	0	0	0	0	0	
602984	0	0	0	0	165	0	0	0	0	0	0	0	0	0	0	0	
603734	0	0	0	0	157	0	0	0	0	0	0	0	0	0	0	0	
604486	0	0	0	0	155	0	0	0	0	0	0	0	0	0	0	0	
605238	0	0	0	0	159	0	0	0	0	0	0	0	0	0	0	0	
605990	0	0	0	0	137	0	0	0	0	0	0	0	0	0	0	0	
606734	0	0	0	0	175	0	0	0	0	0	0	0	0	0	0	0	
607484	0	0	0	0	151	2	0	0	0	0	0	0	0	0	0	0	
608234	0	0	0	0	147	0	0	0	0	0	0	0	0	0	0	0	
608982	0	0	0	0	143	0	0	0	0	0	0	0	0	0	0	0	
609732	0	0	0	0	169	0	0	0	0	0	0	0	0	0	0	0	
610482	0	0	0	0	149	0	0	0	0	0	0	0	0	0	0	0	
611233	0	0	0	0	165	0	0	0	0	0	0	0	0	0	0	0	
611985	0	0	0	0	151	0	0	0	0	0	0	0	0	0	0	0	
612736	0	0	0	0	165	0	0	0	0	0	0	0	0	0	0	0	
613486	0	0	0	0	157	0	0	0	0	0	0	0	0	0	0	0	
614238	0	0	0	0	165	0	0	0	0	0	0	0	0	0	0	0	
614987	0	0	0	0	133	0	0	0	0	0	0	0	0	0	0	0	
615737	0	0	0	0	167	0	0	0	0	0	0	0	0	0	0	0	
616484	0	0	0	0	161	0	0	0	0	0	0	0	0	0	0	0	
617235	0	0	0	0	149	0	0	0	0	0	0	0	0	0	0	0	
617985	0	0	0	0	161	0	0	0	0	0	0	0	0	0	0	0	
618734	0	0	0	0	149	0	0	0	0	0	0	0	0	0	0	0	
619484	0	0	0	0	149	0	0	0	0	0	0	0	0	0	0	0	
620238	0	0	0	0	167	0	0	0	0	0	0	0	0	0	0	0	
620985	0	0	0	0	189	0	0	0	0	0	0	0	0	0	0	0	
621734	0	0	0	0	161	0	0	0	0	0	0	0	0	0	0	0	
622486	0	0	0	0	163	0	0	0	0	0	0	0	0	0	0	0	
623238	0	0	0	0	155	0	0	0	0	0	0	0	0	0	0	0	
623990	0	0	0	0	165	0	0	0	0	0	0	0	0	0	0	0	
624743	0	0	0	0	161	0	0	0	0	0	0	0	0	0	0	0	
625496	0	0	0	0	143	0	0	0	0	0	0	0	0	0	0	0	
626248	0	0	0	0	149	0	0	0	0	0	0	0	0	0	0	0	
626997	0	0	0	0	167	0	0	0	0	0	0	0	0	0	0	0	
627748	0	0	0	0	157	0	0	0	0	0	0	0	0	0	0	0	
628496	0	0	0	0	147	0	0	0	0	0	0	0	0	0	0	0	
629248	0	0	0	0	185	0	0	0	0	0	0	0	0	0	0	0	
629998	0	0	0	0	177	0	0	0	0	0	0	0	0	0	0	0	
630749	0	0	0	0	169	0	0	0	0	0	0	0	0	0	0	0	
631500	0	0	0	0	145	0	0	0	0	0	0	0	0	0	0	0	
632250	0	0	0	0	141	0	0	0	0	0	0	0	0	0	0	0	
632997	0	0	0	0	163	0	0	0	0	0	0	0	0	0	0	0	
633746	0	0	0	0	143	0	0	0	0	0	0	0	0	0	0	0	
634499	0	0	0	0	173	0	0	0	0	0	0	0	0	0	0	0	
635246	0	0	0	0	149	0	0	0	0	0	0	0	0	0	0	0	
635994	0	0	0	195	0	0	0	0	0	0	0	0	0	0	0	0	
636739	0	0	0	199	0	0	0	0	0	0	0	0	0	0	0	0	
637492	0	0	0	207	0	0	0	0	0	0	0	0	0	0	0	0	
638246	0	0	0	197	0	0	0	0	0	0	0	0	0	0	0	0	
638994	0	0	0	203	0	0	0	0	0	0	0	0	0	0	0	0	
639743	0	0	0	193	0	0	0	0	0	0	0	0	0	0	0	0	
640493	0	0	0	215	0	0	0	0	0	0	0	0	0	0	0	0	
641244	0	0	0	207	0	0	0	0	0	0	0	0	0	0	0	0	
641988	0	0	0	207	0	0	0	0	0	0	0	0	0	0	0	0	
642741	0	0	0	211	0	0	0	0	0	0	0	0	0	0	0	0	
643490	0	0	0	207	0	0	0	0	0	0	0	0	0	0	0	0	
644242	0	0	0	203	0	0	0	0	0	0	0	0	0	0	0	0	
644996	0	0	0	219	0	0	0	0	0	0	0	0	0	0	0	0	
645749	0	0	0	179	0	0	0	0	0	0	0	0	0	0	0	0	
646498	0	0	0	183	0	0	0	0	0	0	0	0	0	0	0	0	
647251	0	0	0	183	0	0	0	0	0	0	0	0	0	0	0	0	
647999	0	0	0	189	0	0	0	0	0	0	0	0	0	0	0	0	
648748	0	0	0	185	0	0	0	0	0	0	0	0	0	0	0	0	
649497	0	0	0	197	0	0	0	0	0	0	0	0	0	0	0	0	
650246	0	0	0	213	0	0	0	0	0	0	0	0	0	0	0	0	
650998	0	0	0	197	0	0	0	0	0	0	0	0	0	0	0	0	
651746	0	0	0	179	0	0	0	0	0	0	0	0	0	0	0	0	
652494	0	0	0	207	0	0	0	0	0	0	0	0	0	0	0	0	
653246	0	0	0	209	0	0	0	0	0	0	0	0	0	0	0	0	
653998	0	0	0	231	0	0	0	0	0	0	0	0	0	0	0	0	
654747	0	0	0	207	0	0	0	0	0	0	0	0	0	0	0	0	
655497	0	0	0	181	0	0	0	0	0	0	0	0	0	0	0	0	
656248	0	0	0	161	0	0	0	0	0	0	0	0	0	0	0	0	
656997	0	0	0	217	0	0	0	0	0	0	0	0	0	0	0	0	
657749	0	0	0	217	0	0	0	0	0	0	0	0	0	0	0	0	
658500	0	0	0	191	0	0	0	0	0	0	0	0	0	0	0	0	
659247	0	0	0	201	0	0	0	0	0	0	0	0	0	0	0	0	
659997	0	0	0	193	0	0	0	0	0	0	0	0	0	0	0	0	
660747	0	0	0	207	0	0	0	0	0	0	0	0	0	0	0	0	
661495	0	0	0	201	0	0	0	0	0	0	0	0	0	0	0	0	
662242	0	0	0	223	0	0	0	0	0	0	0	0	0	0	0	0	
662992	0	0	0	177	0	0	0	0	0	0	0	0	0	0	0	0	
663747	0	0	0	193	0	0	0	0	0	0	0	0	0	0	0	0	
664498	0	0	0	191	0	0	0	0	0	0	0	0	0	0	0	0	
665250	0	0	0	221	0	0	0	0	0	0	0	0	0	0	0	0	
666002	0	0	9	198	0	0	0	0	0	0	0	0	0	0	0	0	
666751	0	0	0	187	0	0	0	0	0	0	0	0	0	0	0	0	
667508	0	0	0	229	0	0	0	0	0	0	0	0	0	0	0	0	
668258	0	0	0	211	0	0	0	0	0	0	0	0	0	0	0	0	
669006	0	0	0	199	0	0	0	0	0	0	0	0	0	0	0	0	
669756	0	0	0	197	0	0	0	0	0	0	0	0	0	0	0	0	
670503	0	0	0	169	26	0	0	0	0	0	0	0	0	0	0	0	
671253	0	0	0	201	0	0	0	0	0	0	0	0	0	0	0	0	
672001	0	0	0	203	0	0	0	0	0	0	0	0	0	0	0	0	
672752	0	0	0	189	0	0	0	0	0	0	0	0	0	0	0	0	
673504	0	0	0	177	0	0	0	0	0	0	0	0	0	0	0	0	
674252	0	0	0	159	0	0	0	0	0	0	0	0	0	0	0	0	
675003	0	0	0	0	171	0	0	0	0	0	0	0	0	0	0	0	
675755	0	0	0	0	165	0	0	0	0	0	0	0	0	0	0	0	
676507	0	0	0	0	146	1	0	0	0	0	0	0	0	0	0	0	
677258	0	0	0	0	143	0	0	0	0	0	0	0	0	0	0	0	
678008	0	0	0	137	50	0	0	0	0	0	0	0	0	0	0	0	
678757	0	0	0	0	0	133	0	0	0	0	0	0	0	0	0	0	
679506	0	0	0	0	0	53	64	0	0	0	0	0	0	0	0	0	
680254	0	0	0	0	0	109	0	0	0	0	0	0	0	0	0	0	
681007	0	0	0	0	0	121	0	0	0	0	0	0	0	0	0	0	
681760	0	0	0	0	0	135	0	0	0	0	0	0	0	0	0	0	
682512	0	0	0	0	0	139	0	0	0	0	0	0	0	0	0	0	
683261	0	0	0	0	0	143	0	0	0	0	0	0	0	0	0	0	
684011	0	0	0	0	0	143	0	0	0	0	0	0	0	0	0	0	
684760	0	0	0	0	0	153	0	0	0	0	0	0	0	0	0	0	
685512	0	0	0	0	0	125	0	0	0	0	0	0	0	0	0	0	
686263	0	0	0	0	0	147	0	0	0	0	0	0	0	0	0	0	
687014	0	0	0	0	0	143	0	0	0	0	0	0	0	0	0	0	
687764	0	0	0	0	0	135	0	0	0	0	0	0	0	0	0	0	
688513	0	0	0	0	0	157	0	0	0	0	0	0	0	0	0	0	
689263	0	0	0	0	0	167	0	0	0	0	0	0	0	0	0	0	
690009	0	0	0	0	0	131	0	0	0	0	0	0	0	0	0	0	
690757	0	0	0	0	0	135	0	0	0	0	0	0	0	0	0	0	
691505	0	0	0	0	0	109	0	0	0	0	0	0	0	0	0	0	
692257	0	0	0	0	0	125	0	0	0	0	0	0	0	0	0	0	
693007	0	0	0	0	0	133	0	0	0	0	0	0	0	0	0	0	
693755	0	0	0	0	0	139	0	0	0	0	0	0	0	0	0	0	
694506	0	0	0	0	0	121	0	0	0	0	0	0	0	0	0	0	
695251	0	0	0	0	0	133	0	0	0	0	0	0	0	0	0	0	
696001	0	0	0	0	0	143	0	0	0	0	0	0	0	0	0	0	
696753	0	0	0	0	0	147	0	0	0	0	0	0	0	0	0	0	
697505	0	0	0	0	0	127	0	0	0	0	0	0	0	0	0	0	
698254	0	0	0	0	0	133	0	0	0	0	0	0	0	0	0	0	
699003	0	0	0	0	0	137	0	0	0	0	0	0	0	0	0	0	
699750	0	0	0	0	0	149	0	0	0	0	0	0	0	0	0	0	
700500	0	0	0	0	165	0	0	0	0	0	0	0	0	0	0	0	
701251	0	0	0	0	151	0	0	0	0	0	0	0	0	0	0	0	
702000	0	0	0	0	131	0	0	0	0	0	0	0	0	0	0	0	
702751	0	0	0	0	153	0	0	0	0	0	0	0	0	0	0	0	
703497	0	0	0	0	177	0	0	0	0	0	0	0	0	0	0	0	
704249	0	0	0	0	159	0	0	0	0	0	0	0	0	0	0	0	
704998	0	0	0	0	153	0	0	0	0	0	0	0	0	0	0	0	
705747	0	0	0	0	159	0	0	0	0	0	0	0	0	0	0	0	
706499	0	0	0	0	147	0	0	0	0	0	0	0	0	0	0	0	
707248	0	0	0	0	179	0	0	0	0	0	0	0	0	0	0	0	
707997	0	0	0	0	163	0	0	0	0	0	0	0	0	0	0	0	
708748	0	0	0	0	163	0	0	0	0	0	0	0	0	0	0	0	
709500	0	0	0	0	153	0	0	0	0	0	0	0	0	0	0	0	
710247	0	0	0	0	155	0	0	0	0	0	0	0	0	0	0	0	
710998	0	0	0	0	169	0	0	0	0	0	0	0	0	0	0	0	
711748	0	0	0	0	145	0	0	0	0	0	0	0	0	0	0	0	
712499	0	0	0	0	157	0	0	0	0	0	0	0	0	0	0	0	
713249	0	0	0	0	151	0	0	0	0	0	0	0	0	0	0	0	
714000	0	0	0	0	155	0	0	0	0	0	0	0	0	0	0	0	
714751	0	0	0	0	173	0	0	0	0	0	0	0	0	0	0	0	
715501	0	0	0	0	151	0	0	0	0	0	0	0	0	0	0	0	
716249	0	0	0	0	149	0	0	0	0	0	0	0	0	0	0	0	
716997	0	0	0	0	0	151	0	0	0	0	0	0	0	0	0	0	
717745	0	0	0	0	0	141	0	0	0	0	0	0	0	0	0	0	
718498	0	0	0	0	0	119	0	0	0	0	0	0	0	0	0	0	
719248	0	0	0	0	0	155	0	0	0	0	0	0	0	0	0	0	
719999	0	0	0	0	0	139	0	0	0	0	0	0	0	0	0	0	
720749	0	0	0	0	0	121	0	0	0	0	0	0	0	0	0	0	
721498	0	0	0	0	0	127	0	0	0	0	0	0	0	0	0	0	
722247	0	0	0	0	0	143	0	0	0	0	0	0	0	0	0	0	
722997	0	0	0	0	0	125	0	0	0	0	0	0	0	0	0	0	
723747	0	0	0	0	0	139	0	0	0	0	0	0	0	0	0	0	
724495	0	0	0	0	0	127	0	0	0	0	0	0	0	0	0	0	
725246	0	0	0	0	0	129	0	0	0	0	0	0	0	0	0	0	
725994	0	0	0	0	0	129	0	0	0	0	0	0	0	0	0	0	
726745	0	0	0	0	149	0	0	0	0	0	0	0	0	0	0	0	
727497	0	0	0	0	157	0	0	0	0	0	0	0	0	0	0	0	
728250	0	0	0	0	157	0	0	0	0	0	0	0	0	0	0	0	
729004	0	0	0	0	169	0	0	0	0	0	0	0	0	0	0	0	
729754	0	0	0	0	157	0	0	0	0	0	0	0	0	0	0	0	
730504	0	0	0	0	157	0	0	0	0	0	0	0	0	0	0	0	
731252	0	0	0	0	177	0	0	0	0	0	0	0	0	0	0	0	
732003	0	0	0	0	173	0	0	0	0	0	0	0	0	0	0	0	
732755	0	0	0	0	157	0	0	0	0	0	0	0	0	0	0	0	
733504	0	0	0	0	163	0	0	0	0	0	0	0	0	0	0	0	
734255	0	0	0	0	155	0	0	0	0	0	0	0	0	0	0	0	
735003	0	0	0	0	157	0	0	0	0	0	0	0	0	0	0	0	
735755	0	0	0	0	151	0	0	0	0	0	0	0	0	0	0	0	
736509	0	0	0	0	159	0	0	0	0	0	0	0	0	0	0	0	
737260	0	0	0	0	187	0	0	0	0	0	0	0	0	0	0	0	
738010	0	0	0	0	169	0	0	0	0	0	0	0	0	0	0	0	
738763	0	0	0	0	155	0	0	0	0	0	0	0	0	0	0	0	
739515	0	0	0	0	159	0	0	0	0	0	0	0	0	0	0	0	
740263	0	0	0	0	155	0	0	0	0	0	0	0	0	0	0	0	
741012	0	0	0	0	147	0	0	0	0	0	0	0	0	0	0	0	
741762	0	0	0	0	155	0	0	0	0	0	0	0	0	0	0	0	
742512	0	0	0	0	149	28	0	0	0	0	0	0	0	0	0	0	
743260	0	0	0	0	167	0	0	0	0	0	0	0	0	0	0	0	
744012	0	0	0	0	159	0	0	0	0	0	0	0	0	0	0	0	
744764	0	0	0	0	143	0	0	0	0	0	0	0	0	0	0	0	
745513	0	0	0	0	163	0	0	0	0	0	0	0	0	0	0	0	
746264	0	0	0	0	167	0	0	0	0	0	0	0	0	0	0	0	
747011	0	0	0	0	161	0	0	0	0	0	0	0	0	0	0	0	
747762	0	0	0	0	161	0	0	0	0	0	0	0	0	0	0	0	
748515	0	0	0	0	123	0	0	0	0	0	0	0	0	0	0	0	
749268	0	0	0	0	147	0	0	0	0	0	0	0	0	0	0	0	
750017	0	0	0	0	157	0	0	0	0	0	0	0	0	0	0	0	
750768	0	0	0	0	153	0	0	0	0	0	0	0	0	0	0	0	
751516	0	0	0	0	153	0	0	0	0	0	0	0	0	0	0	0	
752266	0	0	0	0	159	0	0	0	0	0	0	0	0	0	0	0	
753015	0	0	0	0	133	0	0	0	0	0	0	0	0	0	0	0	
753767	0	0	0	0	173	0	0	0	0	0	0	0	0	0	0	0	
754520	0	0	0	0	169	0	0	0	0	0	0	0	0	0	0	0	
755269	0	0	0	0	149	0	0	0	0	0	0	0	0	0	0	0	
756019	0	0	0	0	161	0	0	0	0	0	0	0	0	0	0	0	
756770	0	0	0	0	153	0	0	0	0	0	0	0	0	0	0	0	
757520	0	0	0	0	167	0	0	0	0	0	0	0	0	0	0	0	
758271	0	0	0	0	183	0	0	0	0	0	0	0	0	0	0	0	
759023	0	0	0	0	165	0	0	0	0	0	0	0	0	0	0	0	
759771	0	0	0	0	161	0	0	0	0	0	0	0	0	0	0	0	
760518	0	0	0	0	143	0	0	0	0	0	0	0	0	0	0	0	
761268	0	0	0	0	185	0	0	0	0	0	0	0	0	0	0	0	
762016	0	0	0	0	167	0	0	0	0	0	0	0	0	0	0	0	
762765	0	0	0	0	163	0	0	0	0	0	0	0	0	0	0	0	
763517	0	0	0	0	171	0	0	0	0	0	0	0	0	0	0	0	
764266	0	0	0	0	41	90	0	0	0	0	0	0	0	0	0	0	
765017	0	0	0	0	141	0	0	0	0	0	0	0	0	0	0	0	
765769	0	0	0	0	161	0	0	0	0	0	0	0	0	0	0	0	
766518	0	0	0	0	181	0	0	0	0	0	0	0	0	0	0	0	
767269	0	0	0	0	173	0	0	0	0	0	0	0	0	0	0	0	
768018	0	0	0	0	175	0	0	0	0	0	0	0	0	0	0	0	
768769	0	0	0	0	131	0	0	0	0	0	0	0	0	0	0	0	
769516	0	0	0	0	161	0	0	0	0	0	0	0	0	0	0	0	
770268	0	0	0	203	0	0	0	0	0	0	0	0	0	0	0	0	
771015	0	0	0	199	0	0	0	0	0	0	0	0	0	0	0	0	
771766	0	0	0	177	0	0	0	0	0	0	0	0	0	0	0	0	
772517	0	0	0	175	0	0	0	0	0	0	0	0	0	0	0	0	
773266	0	0	0	197	0	0	0	0	0	0	0	0	0	0	0	0	
774016	0	0	0	187	0	0	0	0	0	0	0	0	0	0	0	0	
774766	0	0	0	181	0	0	0	0	0	0	0	0	0	0	0	0	
775518	0	0	0	197	0	0	0	0	0	0	0	0	0	0	0	0	
776268	0	0	0	237	0	0	0	0	0	0	0	0	0	0	0	0	
777017	0	0	0	189	0	0	0	0	0	0	0	0	0	0	0	0	
777765	0	0	0	209	0	0	0	0	0	0	0	0	0	0	0	0	
778518	0	0	0	193	0	0	0	0	0	0	0	0	0	0	0	0	
779271	0	0	0	187	0	0	0	0	0	0	0	0	0	0	0	0	
780021	0	0	0	195	0	0	0	0	0	0	0	0	0	0	0	0	
780771	0	0	0	213	0	0	0	0	0	0	0	0	0	0	0	0	
781519	0	0	0	175	0	0	0	0	0	0	0	0	0	0	0	0	
782273	0	0	0	187	0	0	0	0	0	0	0	0	0	0	0	0	
783022	0	0	0	169	0	0	0	0	0	0	0	0	0	0	0	0	
783771	0	0	0	201	0	0	0	0	0	0	0	0	0	0	0	0	
784521	0	0	0	189	0	0	0	0	0	0	0	0	0	0	0	0	
785271	0	0	0	185	0	0	0	0	0	0	0	0	0	0	0	0	
786016	0	0	0	189	0	0	0	0	0	0	0	0	0	0	0	0	
786770	0	0	0	195	0	0	0	0	0	0	0	0	0	0	0	0	
787521	0	0	193	54	0	0	0	0	0	0	0	0	0	0	0	0	
788271	0	0	271	0	0	0	0	0	0	0	0	0	0	0	0	0	
789021	0	0	255	0	0	0	0	0	0	0	0	0	0	0	0	0	
789771	0	0	245	0	0	0	0	0	0	0	0	0	0	0	0	0	
790523	0	0	241	0	0	0	0	0	0	0	0	0	0	0	0	0	
791274	0	0	291	0	0	0	0	0	0	0	0	0	0	0	0	0	
792020	0	0	249	0	0	0	0	0	0	0	0	0	0	0	0	0	
792769	0	0	261	0	0	0	0	0	0	0	0	0	0	0	0	0	
793520	0	0	271	0	0	0	0	0	0	0	0	0	0	0	0	0	
794269	0	0	247	0	0	0	0	0	0	0	0	0	0	0	0	0	
795023	0	0	267	0	0	0	0	0	0	0	0	0	0	0	0	0	
795774	0	0	263	0	0	0	0	0	0	0	0	0	0	0	0	0	
796523	0	0	237	0	0	0	0	0	0	0	0	0	0	0	0	0	
797273	0	0	259	0	0	0	0	0	0	0	0	0	0	0	0	0	
798023	0	0	303	0	0	0	0	0	0	0	0	0	0	0	0	0	
798774	0	0	275	0	0	0	0	0	0	0	0	0	0	0	0	0	
799523	0	0	255	0	0	0	0	0	0	0	0	0	0	0	0	0	
800273	0	0	233	0	0	0	0	0	0	0	0	0	0	0	0	0	
801024	0	0	215	0	0	0	0	0	0	0	0	0	0	0	0	0	
801768	0	0	273	0	0	0	0	0	0	0	0	0	0	0	0	0	
802517	0	0	281	0	0	0	0	0	0	0	0	0	0	0	0	0	
803266	0	0	267	0	0	0	0	0	0	0	0	0	0	0	0	0	
804016	0	0	273	0	0	0	0	0	0	0	0	0	0	0	0	0	
804766	0	0	253	0	0	0	0	0	0	0	0	0	0	0	0	0	
805514	0	31	252	0	0	0	0	0	0	0	0	0	0	0	0	0	
806266	0	0	249	6	0	0	0	0	0	0	0	0	0	0	0	0	
807016	0	0	270	9	0	0	0	0	0	0	0	0	0	0	0	0	
807766	0	0	267	0	0	0	0	0	0	0	0	0	0	0	0	0	
808517	0	0	261	0	0	0	0	0	0	0	0	0	0	0	0	0	
809267	0	0	263	0	0	0	0	0	0	0	0	0	0	0	0	0	
810016	0	0	255	0	0	0	0	0	0	0	0	0	0	0	0	0	
810767	0	0	277	0	0	0	0	0	0	0	0	0	0	0	0	0	
811516	0	0	267	0	0	0	0	0	0	0	0	0	0	0	0	0	
812267	0	0	247	0	0	0	0	0	0	0	0	0	0	0	0	0	
813021	0	0	277	0	0	0	0	0	0	0	0	0	0	0	0	0	
813774	0	0	253	0	0	0	0	0	0	0	0	0	0	0	0	0	
814522	0	0	265	0	0	0	0	0	0	0	0	0	0	0	0	0	
815273	0	0	259	0	0	0	0	0	0	0	0	0	0	0	0	0	
816021	0	0	259	0	0	0	0	0	0	0	0	0	0	0	0	0	
816770	0	0	247	0	0	0	0	0	0	0	0	0	0	0	0	0	
817518	0	0	275	0	0	0	0	0	0	0	0	0	0	0	0	0	
818267	0	0	267	0	0	0	0	0	0	0	0	0	0	0	0	0	
819014	0	0	245	0	0	0	0	0	0	0	0	0	0	0	0	0	
819763	0	0	255	0	0	0	0	0	0	0	0	0	0	0	0	0	
820511	0	0	261	0	0	0	0	0	0	0	0	0	0	0	0	0	
821260	0	0	263	0	0	0	0	0	0	0	0	0	0	0	0	0	
822008	0	0	257	0	0	0	0	0	0	0	0	0	0	0	0	0	
822760	0	0	249	0	0	0	0	0	0	0	0	0	0	0	0	0	
823511	0	0	255	0	0	0	0	0	0	0	0	0	0	0	0	0	
824260	0	0	259	0	0	0	0	0	0	0	0	0	0	0	0	0	
825009	0	0	249	0	0	0	0	0	0	0	0	0	0	0	0	0	
825760	0	0	253	0	0	0	0	0	0	0	0	0	0	0	0	0	
826509	0	0	271	0	0	0	0	0	0	0	0	0	0	0	0	0	
827255	0	0	249	0	0	0	0	0	0	0	0	0	0	0	0	0	
828006	0	0	267	0	0	0	0	0	0	0	0	0	0	0	0	0	
828753	0	0	247	4	0	0	0	0	0	0	0	0	0	0	0	0	
829502	0	0	261	0	0	0	0	0	0	0	0	0	0	0	0	0	
830250	0	22	249	0	0	0	0	0	0	0	0	0	0	0	0	0	
831002	0	0	267	0	0	0	0	0	0	0	0	0	0	0	0	0	
831752	0	0	279	0	0	0	0	0	0	0	0	0	0	0	0	0	
832501	0	0	279	0	0	0	0	0	0	0	0	0	0	0	0	0	
833253	0	0	227	0	0	0	0	0	0	0	0	0	0	0	0	0	
834003	0	0	257	0	0	0	0	0	0	0	0	0	0	0	0	0	
834753	0	0	229	0	0	0	0	0	0	0	0	0	0	0	0	0	
835503	0	0	245	0	0	0	0	0	0	0	0	0	0	0	0	0	
836252	0	0	293	0	0	0	0	0	0	0	0	0	0	0	0	0	
837003	0	0	277	0	0	0	0	0	0	0	0	0	0	0	0	0	
837753	0	0	267	0	0	0	0	0	0	0	0	0	0	0	0	0	
838504	0	0	259	0	0	0	0	0	0	0	0	0	0	0	0	0	
839257	0	0	257	0	0	0	0	0	0	0	0	0	0	0	0	0	
840005	0	0	235	0	0	0	0	0	0	0	0	0	0	0	0	0	
840752	0	0	279	0	0	0	0	0	0	0	0	0	0	0	0	0	
841499	0	0	303	0	0	0	0	0	0	0	0	0	0	0	0	0	
842246	0	0	279	0	0	0	0	0	0	0	0	0	0	0	0	0	
842997	0	0	261	0	0	0	0	0	0	0	0	0	0	0	0	0	
843745	0	0	271	0	0	0	0	0	0	0	0	0	0	0	0	0	
844493	0	0	259	0	0	0	0	0	0	0	0	0	0	0	0	0	
845243	0	0	281	0	0	0	0	0	0	0	0	0	0	0	0	0	
845992	0	0	255	0	0	0	0	0	0	0	0	0	0	0	0	0	
846740	0	0	279	0	0	0	0	0	0	0	0	0	0	0	0	0	
847493	0	0	265	0	0	0	0	0	0	0	0	0	0	0	0	0	
848243	0	0	255	0	0	0	0	0	0	0	0	0	0	0	0	0	
848991	0	0	265	0	0	0	0	0	0	0	0	0	0	0	0	0	
849740	0	0	273	0	0	0	0	0	0	0	0	0	0	0	0	0	
850490	0	0	259	0	0	0	0	0	0	0	0	0	0	0	0	0	
851242	0	0	283	0	0	0	0	0	0	0	0	0	0	0	0	0	
851994	0	0	265	0	0	0	0	0	0	0	0	0	0	0	0	0	
852743	0	0	259	0	0	0	0	0	0	0	0	0	0	0	0	0	
853493	0	0	261	0	0	0	0	0	0	0	0	0	0	0	0	0	
854241	0	0	241	0	0	0	0	0	0	0	0	0	0	0	0	0	
854987	0	0	273	0	0	0	0	0	0	0	0	0	0	0	0	0	
855738	0	0	253	0	0	0	0	0	0	0	0	0	0	0	0	0	
856484	0	0	261	0	0	0	0	0	0	0	0	0	0	0	0	0	
857231	0	0	245	0	0	0	0	0	0	0	0	0	0	0	0	0	
857982	0	0	259	0	0	0	0	0	0	0	0	0	0	0	0	0	
858734	0	0	269	0	0	0	0	0	0	0	0	0	0	0	0	0	
859484	0	0	279	0	0	0	0	0	0	0	0	0	0	0	0	0	
860236	0	0	287	0	0	0	0	0	0	0	0	0	0	0	0	0	
860985	0	0	281	0	0	0	0	0	0	0	0	0	0	0	0	0	
861737	0	0	271	0	0	0	0	0	0	0	0	0	0	0	0	0	
862489	0	0	269	0	0	0	0	0	0	0	0	0	0	0	0	0	
863240	0	0	247	0	0	0	0	0	0	0	0	0	0	0	0	0	
863991	0	0	269	0	0	0	0	0	0	0	0	0	0	0	0	0	
864740	0	0	251	0	0	0	0	0	0	0	0	0	0	0	0	0	
865491	0	0	253	0	0	0	0	0	0	0	0	0	0	0	0	0	
866240	0	0	273	0	0	0	0	0	0	0	0	0	0	0	0	0	
866989	0	0	265	0	0	0	0	0	0	0	0	0	0	0	0	0	
867740	0	0	295	0	0	0	0	0	0	0	0	0	0	0	0	0	
868488	0	0	269	0	0	0	0	0	0	0	0	0	0	0	0	0	
869238	0	0	237	0	0	0	0	0	0	0	0	0	0	0	0	0	
869988	0	0	289	0	0	0	0	0	0	0	0	0	0	0	0	0	
870743	0	0	263	0	0	0	0	0	0	0	0	0	0	0	0	0	
871494	0	0	253	0	0	0	0	0	0	0	0	0	0	0	0	0	
872244	0	0	251	0	0	0	0	0	0	0	0	0	0	0	0	0	
872992	0	0	283	0	0	0	0	0	0	0	0	0	0	0	0	0	
873744	0	0	323	0	0	0	0	0	0	0	0	0	0	0	0	0	
874493	0	0	255	0	0	0	0	0	0	0	0	0	0	0	0	0	
875242	0	0	261	0	0	0	0	0	0	0	0	0	0	0	0	0	
875991	0	0	273	0	0	0	0	0	0	0	0	0	0	0	0	0	
876741	0	0	241	0	0	0	0	0	0	0	0	0	0	0	0	0	
877492	0	0	259	0	0	0	0	0	0	0	0	0	0	0	0	0	
878241	0	0	277	0	0	0	0	0	0	0	0	0	0	0	0	0	
878991	0	11	286	0	0	0	0	0	0	0	0	0	0	0	0	0	
879736	0	0	313	0	0	0	0	0	0	0	0	0	0	0	0	0	
880486	0	0	241	0	0	0	0	0	0	0	0	0	0	0	0	0	
881235	0	0	285	0	0	0	0	0	0	0	0	0	0	0	0	0	
881989	0	0	299	0	0	0	0	0	0	0	0	0	0	0	0	0	
882740	0	0	269	0	0	0	0	0	0	0	0	0	0	0	0	0	
883493	0	0	285	0	0	0	0	0	0	0	0	0	0	0	0	0	
884241	0	0	259	0	0	0	0	0	0	0	0	0	0	0	0	0	
884994	0	0	275	0	0	0	0	0	0	0	0	0	0	0	0	0	
885744	0	0	255	0	0	0	0	0	0	0	0	0	0	0	0	0	
886495	0	0	271	0	0	0	0	0	0	0	0	0	0	0	0	0	
887245	0	0	259	0	0	0	0	0	0	0	0	0	0	0	0	0	
887992	0	0	253	0	0	0	0	0	0	0	0	0	0	0	0	0	
888741	0	0	255	0	0	0	0	0	0	0	0	0	0	0	0	0	
889491	0	0	263	0	0	0	0	0	0	0	0	0	0	0	0	0	
890242	0	0	251	0	0	0	0	0	0	0	0	0	0	0	0	0	
890991	0	0	241	0	0	0	0	0	0	0	0	0	0	0	0	0	
891740	0	0	200	67	0	0	0	0	0	0	0	0	0	0	0	0	
892489	0	0	275	0	0	0	0	0	0	0	0	0	0	0	0	0	
893239	0	0	257	0	0	0	0	0	0	0	0	0	0	0	0	0	
893989	0	0	285	0	0	0	0	0	0	0	0	0	0	0	0	0	
894733	0	0	281	0	0	0	0	0	0	0	0	0	0	0	0	0	
895485	0	0	281	0	0	0	0	0	0	0	0	0	0	0	0	0	
896237	0	0	251	0	0	0	0	0	0	0	0	0	0	0	0	0	
896986	0	0	261	0	0	0	0	0	0	0	0	0	0	0	0	0	
897738	0	0	253	0	0	0	0	0	0	0	0	0	0	0	0	0	
898488	0	0	251	0	0	0	0	0	0	0	0	0	0	0	0	0	
899236	0	0	275	0	0	0	0	0	0	0	0	0	0	0	0	0	
899986	0	0	235	0	0	0	0	0	0	0	0	0	0	0	0	0	
900738	0	0	253	0	0	0	0	0	0	0	0	0	0	0	0	0	
901491	0	7	234	0	0	0	0	0	0	0	0	0	0	0	0	0	
902241	0	0	237	0	0	0	0	0	0	0	0	0	0	0	0	0	
902994	0	0	293	0	0	0	0	0	0	0	0	0	0	0	0	0	
903745	0	0	247	0	0	0	0	0	0	0	0	0	0	0	0	0	
904497	0	0	275	4	0	0	0	0	0	0	0	0	0	0	0	0	
905247	0	0	275	0	0	0	0	0	0	0	0	0	0	0	0	0	
905997	0	0	287	0	0	0	0	0	0	0	0	0	0	0	0	0	
906747	0	0	293	0	0	0	0	0	0	0	0	0	0	0	0	0	
907493	0	0	225	0	0	0	0	0	0	0	0	0	0	0	0	0	
908241	0	0	291	0	0	0	0	0	0	0	0	0	0	0	0	0	
908991	0	0	275	0	0	0	0	0	0	0	0	0	0	0	0	0	
909738	0	0	247	0	0	0	0	0	0	0	0	0	0	0	0	0	
910489	0	0	255	0	0	0	0	0	0	0	0	0	0	0	0	0	
911238	0	0	257	0	0	0	0	0	0	0	0	0	0	0	0	0	
911990	0	0	275	0	0	0	0	0	0	0	0	0	0	0	0	0	
912741	0	0	251	0	0	0	0	0	0	0	0	0	0	0	0	0	
913491	0	1	248	0	0	0	0	0	0	0	0	0	0	0	0	0	
914242	0	0	249	0	0	0	0	0	0	0	0	0	0	0	0	0	
914993	0	0	251	0	0	0	0	0	0	0	0	0	0	0	0	0	
915744	0	0	255	0	0	0	0	0	0	0	0	0	0	0	0	0	
916496	0	0	253	0	0	0	0	0	0	0	0	0	0	0	0	0	
917245	0	0	275	0	0	0	0	0	0	0	0	0	0	0	0	0	
917997	0	0	273	0	0	0	0	0	0	0	0	0	0	0	0	0	
918745	0	0	259	0	0	0	0	0	0	0	0	0	0	0	0	0	
919493	0	0	279	0	0	0	0	0	0	0	0	0	0	0	0	0	
920244	0	36	227	0	0	0	0	0	0	0	0	0	0	0	0	0	
920992	0	0	273	0	0	0	0	0	0	0	0	0	0	0	0	0	
921742	0	0	269	0	0	0	0	0	0	0	0	0	0	0	0	0	
922493	0	0	277	0	0	0	0	0	0	0	0	0	0	0	0	0	
923243	0	0	263	0	0	0	0	0	0	0	0	0	0	0	0	0	
923992	0	37	226	0	0	0	0	0	0	0	0	0	0	0	0	0	
924744	0	0	281	0	0	0	0	0	0	0	0	0	0	0	0	0	
925498	0	0	241	0	0	0	0	0	0	0	0	0	0	0	0	0	
926249	0	0	263	0	0	0	0	0	0	0	0	0	0	0	0	0	
926999	0	10	257	0	0	0	0	0	0	0	0	0	0	0	0	0	
927746	0	0	263	0	0	0	0	0	0	0	0	0	0	0	0	0	
928498	0	0	265	0	0	0	0	0	0	0	0	0	0	0	0	0	
929251	0	0	0	197	0	0	0	0	0	0	0	0	0	0	0	0	
930003	0	0	0	223	0	0	0	0	0	0	0	0	0	0	0	0	
930752	0	0	0	199	0	0	0	0	0	0	0	0	0	0	0	0	
931503	0	0	0	213	0	0	0	0	0	0	0	0	0	0	0	0	
932249	0	0	0	199	0	0	0	0	0	0	0	0	0	0	0	0	
933001	0	0	0	187	0	0	0	0	0	0	0	0	0	0	0	0	
933749	0	0	0	181	0	0	0	0	0	0	0	0	0	0	0	0	
934495	0	0	0	213	0	0	0	0	0	0	0	0	0	0	0	0	
935247	0	0	0	203	0	0	0	0	0	0	0	0	0	0	0	0	
935998	0	0	0	215	0	0	0	0	0	0	0	0	0	0	0	0	
936745	0	0	0	199	0	0	0	0	0	0	0	0	0	0	0	0	
937499	0	0	0	225	0	0	0	0	0	0	0	0	0	0	0	0	
938250	0	0	0	185	0	0	0	0	0	0	0	0	0	0	0	0	
939004	0	0	0	203	0	0	0	0	0	0	0	0	0	0	0	0	
939751	0	0	0	215	0	0	0	0	0	0	0	0	0	0	0	0	
940502	0	0	0	195	0	0	0	0	0	0	0	0	0	0	0	0	
941256	0	0	0	217	0	0	0	0	0	0	0	0	0	0	0	0	
942004	0	0	0	201	0	0	0	0	0	0	0	0	0	0	0	0	
942755	0	0	0	207	0	0	0	0	0	0	0	0	0	0	0	0	
943503	0	0	0	179	0	0	0	0	0	0	0	0	0	0	0	0	
944251	0	0	0	169	0	0	0	0	0	0	0	0	0	0	0	0	
944998	0	0	0	209	0	0	0	0	0	0	0	0	0	0	0	0	
945745	0	0	0	201	0	0	0	0	0	0	0	0	0	0	0	0	
946496	0	0	0	207	0	0	0	0	0	0	0	0	0	0	0	0	
947247	0	0	0	197	0	0	0	0	0	0	0	0	0	0	0	0	
947996	0	0	0	199	0	0	0	0	0	0	0	0	0	0	0	0	
948744	0	0	0	193	0	0	0	0	0	0	0	0	0	0	0	0	
949495	0	0	0	201	0	0	0	0	0	0	0	0	0	0	0	0	
950245	0	0	0	197	0	0	0	0	0	0	0	0	0	0	0	0	
950995	0	0	0	181	0	0	0	0	0	0	0	0	0	0	0	0	
951746	0	0	0	205	0	0	0	0	0	0	0	0	0	0	0	0	
952496	0	0	0	205	0	0	0	0	0	0	0	0	0	0	0	0	
953247	0	0	307	0	0	0	0	0	0	0	0	0	0	0	0	0	
953998	0	0	259	0	0	0	0	0	0	0	0	0	0	0	0	0	
954748	0	0	241	2	0	0	0	0	0	0	0	0	0	0	0	0	
955499	0	0	253	0	0	0	0	0	0	0	0	0	0	0	0	0	
956248	0	0	233	0	0	0	0	0	0	0	0	0	0	0	0	0	
956999	0	0	273	0	0	0	0	0	0	0	0	0	0	0	0	0	
957747	0	0	247	0	0	0	0	0	0	0	0	0	0	0	0	0	
958496	0	0	275	0	0	0	0	0	0	0	0	0	0	0	0	0	
959242	0	0	293	0	0	0	0	0	0	0	0	0	0	0	0	0	
959989	0	0	247	0	0	0	0	0	0	0	0	0	0	0	0	0	
960741	0	0	253	0	0	0	0	0	0	0	0	0	0	0	0	0	
961490	0	0	259	0	0	0	0	0	0	0	0	0	0	0	0	0	
962241	0	0	289	0	0	0	0	0	0	0	0	0	0	0	0	0	
962989	0	0	259	0	0	0	0	0	0	0	0	0	0	0	0	0	
963740	0	0	263	0	0	0	0	0	0	0	0	0	0	0	0	0	
964491	0	0	257	0	0	0	0	0	0	0	0	0	0	0	0	0	
965238	0	0	259	0	0	0	0	0	0	0	0	0	0	0	0	0	
965990	0	0	247	0	0	0	0	0	0	0	0	0	0	0	0	0	
966739	0	0	265	0	0	0	0	0	0	0	0	0	0	0	0	0	
967487	0	0	261	0	0	0	0	0	0	0	0	0	0	0	0	0	
968238	0	0	249	0	0	0	0	0	0	0	0	0	0	0	0	0	
968986	0	0	297	0	0	0	0	0	0	0	0	0	0	0	0	0	
969735	0	0	269	0	0	0	0	0	0	0	0	0	0	0	0	0	
970483	0	0	267	0	0	0	0	0	0	0	0	0	0	0	0	0	
971230	0	0	247	0	0	0	0	0	0	0	0	0	0	0	0	0	
971979	0	0	251	0	0	0	0	0	0	0	0	0	0	0	0	0	
972730	0	0	271	0	0	0	0	0	0	0	0	0	0	0	0	0	
973480	0	0	257	0	0	0	0	0	0	0	0	0	0	0	0	0	
974231	0	0	239	6	0	0	0	0	0	0	0	0	0	0	0	0	
974982	0	0	247	0	0	0	0	0	0	0	0	0	0	0	0	0	
975734	0	0	257	0	0	0	0	0	0	0	0	0	0	0	0	0	
976483	0	0	251	0	0	0	0	0	0	0	0	0	0	0	0	0	
977232	0	0	277	0	0	0	0	0	0	0	0	0	0	0	0	0	
977983	0	0	273	0	0	0	0	0	0	0	0	0	0	0	0	0	
978728	0	0	241	0	0	0	0	0	0	0	0	0	0	0	0	0	
979480	0	0	237	0	0	0	0	0	0	0	0	0	0	0	0	0	
980227	0	0	251	0	0	0	0	0	0	0	0	0	0	0	0	0	
980976	0	0	231	0	0	0	0	0	0	0	0	0	0	0	0	0	
981730	0	0	273	0	0	0	0	0	0	0	0	0	0	0	0	0	
982480	0	0	237	0	0	0	0	0	0	0	0	0	0	0	0	0	
983230	0	0	253	0	0	0	0	0	0	0	0	0	0	0	0	0	
983979	0	0	241	0	0	0	0	0	0	0	0	0	0	0	0	0	
984731	0	0	287	0	0	0	0	0	0	0	0	0	0	0	0	0	
985484	0	0	251	0	0	0	0	0	0	0	0	0	0	0	0	0	
986231	0	0	251	0	0	0	0	0	0	0	0	0	0	0	0	0	
986979	0	0	265	0	0	0	0	0	0	0	0	0	0	0	0	0	
987730	0	0	249	0	0	0	0	0	0	0	0	0	0	0	0	0	
988479	0	0	263	0	0	0	0	0	0	0	0	0	0	0	0	0	
989229	0	0	265	0	0	0	0	0	0	0	0	0	0	0	0	0	
989979	0	0	231	0	0	0	0	0	0	0	0	0	0	0	0	0	
990728	0	0	263	0	0	0	0	0	0	0	0	0	0	0	0	0	
991476	0	0	263	0	0	0	0	0	0	0	0	0	0	0	0	0	
992225	0	0	247	0	0	0	0	0	0	0	0	0	0	0	0	0	
992973	0	0	247	0	0	0	0	0	0	0	0	0	0	0	0	0	
993727	0	0	259	0	0	0	0	0	0	0	0	0	0	0	0	0	
994477	0	0	277	0	0	0	0	0	0	0	0	0	0	0	0	0	
995228	0	0	247	0	0	0	0	0	0	0	0	0	0	0	0	0	
995981	0	0	259	0	0	0	0	0	0	0	0	0	0	0	0	0	
996732	0	0	227	0	0	0	0	0	0	0	0	0	0	0	0	0	
997482	0	0	289	0	0	0	0	0	0	0	0	0	0	0	0	0	
998229	0	0	263	0	0	0	0	0	0	0	0	0	0	0	0	0	
998977	0	0	255	0	0	0	0	0	0	0	0	0	0	0	0	0	
999725	0	0	241	0	0	0	0	0	0	0	0	0	0	0	0	0	
1.00047e+06	0	0	247	0	0	0	0	0	0	0	0	0	0	0	0	0	
1.00122e+06	0	0	249	0	0	0	0	0	0	0	0	0	0	0	0	0	
1.00197e+06	0	0	235	0	0	0	0	0	0	0	0	0	0	0	0	0	
1.00273e+06	0	0	255	0	0	0	0	0	0	0	0	0	0	0	0	0	
1.00348e+06	0	0	267	0	0	0	0	0	0	0	0	0	0	0	0	0	
1.00423e+06	0	0	269	0	0	0	0	0	0	0	0	0	0	0	0	0	
1.00498e+06	0	0	267	0	0	0	0	0	0	0	0	0	0	0	0	0	
1.00573e+06	0	0	273	0	0	0	0	0	0	0	0	0	0	0	0	0	
1.00648e+06	0	0	287	0	0	0	0	0	0	0	0	0	0	0	0	0	
1.00723e+06	0	0	287	0	0	0	0	0	0	0	0	0	0	0	0	0	
1.00798e+06	0	0	245	0	0	0	0	0	0	0	0	0	0	0	0	0	
1.00873e+06	0	0	243	0	0	0	0	0	0	0	0	0	0	0	0	0	
1.00948e+06	0	179	126	0	0	0	0	0	0	0	0	0	0	0	0	0	
1.01022e+06	0	409	0	0	0	0	0	0	0	0	0	0	0	0	0	0	
1.01097e+06	0	379	0	0	0	0	0	0	0	0	0	0	0	0	0	0	
1.01172e+06	0	407	0	0	0	0	0	0	0	0	0	0	0	0	0	0	
1.01247e+06	0	403	0	0	0	0	0	0	0	0	0	0	0	0	0	0	
1.01322e+06	0	435	0	0	0	0	0	0	0	0	0	0	0	0	0	0	
1.01397e+06	0	401	0	0	0	0	0	0	0	0	0	0	0	0	0	0	
1.01473e+06	1	362	0	0	0	0	0	0	0	0	0	0	0	0	0	0	
1.01547e+06	1	396	0	0	0	0	0	0	0	0	0	0	0	0	0	0	
1.01622e+06	0	393	0	0	0	0	0	0	0	0	0	0	0	0	0	0	
1.01698e+06	0	383	0	0	0	0	0	0	0	0	0	0	0	0	0	0	
1.01773e+06	0	391	0	0	0	0	0	0	0	0	0	0	0	0	0	0	
1.01848e+06	0	395	0	0	0	0	0	0	0	0	0	0	0	0	0	0	
1.01923e+06	0	363	0	0	0	0	0	0	0	0	0	0	0	0	0	0	
1.01998e+06	0	393	0	0	0	0	0	0	0	0	0	0	0	0	0	0	
1.02073e+06	0	387	0	0	0	0	0	0	0	0	0	0	0	0	0	0	
1.02148e+06	0	415	0	0	0	0	0	0	0	0	0	0	0	0	0	0	
1.02223e+06	0	409	0	0	0	0	0	0	0	0	0	0	0	0	0	0	
1.02298e+06	0	389	0	0	0	0	0	0	0	0	0	0	0	0	0	0	
1.02373e+06	0	385	0	0	0	0	0	0	0	0	0	0	0	0	0	0	
1.02448e+06	0	413	0	0	0	0	0	0	0	0	0	0	0	0	0	0	
1.02523e+06	0	419	0	0	0	0	0	0	0	0	0	0	0	0	0	0	
1.02598e+06	0	395	0	0	0	0	0	0	0	0	0	0	0	0	0	0	
1.02673e+06	0	398	1	0	0	0	0	0	0	0	0	0	0	0	0	0	
1.02748e+06	0	379	0	0	0	0	0	0	0	0	0	0	0	0	0	0	
1.02823e+06	0	401	0	0	0	0	0	0	0	0	0	0	0	0	0	0	
1.02898e+06	0	377	0	0	0	0	0	0	0	0	0	0	0	0	0	0	
1.02974e+06	0	423	0	0	0	0	0	0	0	0	0	0	0	0	0	0	
1.03048e+06	0	373	0	0	0	0	0	0	0	0	0	0	0	0	0	0	
1.03123e+06	0	403	0	0	0	0	0	0	0	0	0	0	0	0	0	0	
1.03198e+06	0	345	0	0	0	0	0	0	0	0	0	0	0	0	0	0	
1.03273e+06	0	391	0	0	0	0	0	0	0	0	0	0	0	0	0	0	
1.03348e+06	0	397	0	0	0	0	0	0	0	0	0	0	0	0	0	0	
1.03423e+06	0	341	0	0	0	0	0	0	0	0	0	0	0	0	0	0	
1.03498e+06	0	401	0	0	0	0	0	0	0	0	0	0	0	0	0	0	
1.03574e+06	12	373	0	0	0	0	0	0	0	0	0	0	0	0	0	0	
1.03648e+06	0	381	0	0	0	0	0	0	0	0	0	0	0	0	0	0	
1.03723e+06	0	399	0	0	0	0	0	0	0	0	0	0	0	0	0	0	
1.03798e+06	0	423	0	0	0	0	0	0	0	0	0	0	0	0	0	0	
1.03873e+06	0	361	0	0	0	0	0	0	0	0	0	0	0	0	0	0	
1.03948e+06	0	379	0	0	0	0	0	0	0	0	0	0	0	0	0	0	
1.04023e+06	0	413	0	0	0	0	0	0	0	0	0	0	0	0	0	0	
1.04098e+06	0	419	0	0	0	0	0	0	0	0	0	0	0	0	0	0	
1.04173e+06	0	373	0	0	0	0	0	0	0	0	0	0	0	0	0	0	
1.04249e+06	104	343	0	0	0	0	0	0	0	0	0	0	0	0	0	0	
1.04323e+06	0	391	0	0	0	0	0	0	0	0	0	0	0	0	0	0	
1.04399e+06	0	363	0	0	0	0	0	0	0	0	0	0	0	0	0	0	
1.04474e+06	0	417	0	0	0	0	0	0	0	0	0	0	0	0	0	0	
1.04549e+06	0	379	0	0	0	0	0	0	0	0	0	0	0	0	0	0	
1.04624e+06	0	383	0	0	0	0	0	0	0	0	0	0	0	0	0	0	
1.04699e+06	0	371	4	0	0	0	0	0	0	0	0	0	0	0	0	0	
1.04774e+06	0	365	0	0	0	0	0	0	0	0	0	0	0	0	0	0	
1.04849e+06	0	377	0	0	0	0	0	0	0	0	0	0	0	0	0	0	
1.04923e+06	0	407	0	0	0	0	0	0	0	0	0	0	0	0	0	0	
1.04998e+06	0	401	0	0	0	0	0	0	0	0	0	0	0	0	0	0	
1.05073e+06	0	395	0	0	0	0	0	0	0	0	0	0	0	0	0	0	
1.05149e+06	0	409	0	0	0	0	0	0	0	0	0	0	0	0	0	0	
1.05224e+06	0	433	0	0	0	0	0	0	0	0	0	0	0	0	0	0	
1.05299e+06	0	395	0	0	0	0	0	0	0	0	0	0	0	0	0	0	
1.05374e+06	0	389	0	0	0	0	0	0	0	0	0	0	0	0	0	0	
1.05449e+06	0	403	0	0	0	0	0	0	0	0	0	0	0	0	0	0	
1.05524e+06	0	381	0	0	0	0	0	0	0	0	0	0	0	0	0	0	
1.05599e+06	0	363	0	0	0	0	0	0	0	0	0	0	0	0	0	0	
1.05674e+06	0	377	0	0	0	0	0	0	0	0	0	0	0	0	0	0	
1.05749e+06	0	397	0	0	0	0	0	0	0	0	0	0	0	0	0	0	
1.05824e+06	0	415	0	0	0	0	0	0	0	0	0	0	0	0	0	0	
1.05898e+06	0	385	0	0	0	0	0	0	0	0	0	0	0	0	0	0	
1.05973e+06	0	34	263	0	0	0	0	0	0	0	0	0	0	0	0	0	
1.06048e+06	0	0	269	0	0	0	0	0	0	0	0	0	0	0	0	0	
1.06123e+06	0	0	255	0	0	0	0	0	0	0	0	0	0	0	0	0	
1.06198e+06	0	0	273	0	0	0	0	0	0	0	0	0	0	0	0	0	
1.06273e+06	0	0	245	0	0	0	0	0	0	0	0	0	0	0	0	0	
1.06348e+06	0	0	235	0	0	0	0	0	0	0	0	0	0	0	0	0	
1.06424e+06	0	0	255	0	0	0	0	0	0	0	0	0	0	0	0	0	
1.06499e+06	0	0	267	0	0	0	0	0	0	0	0	0	0	0	0	0	
1.06574e+06	0	0	279	0	0	0	0	0	0	0	0	0	0	0	0	0	
1.06649e+06	0	0	307	0	0	0	0	0	0	0	0	0	0	0	0	0	
1.06723e+06	0	0	251	0	0	0	0	0	0	0	0	0	0	0	0	0	
1.06798e+06	0	0	255	0	0	0	0	0	0	0	0	0	0	0	0	0	
1.06874e+06	0	0	311	0	0	0	0	0	0	0	0	0	0	0	0	0	
1.06948e+06	0	0	255	0	0	0	0	0	0	0	0	0	0	0	0	0	
1.07023e+06	0	0	271	0	0	0	0	0	0	0	0	0	0	0	0	0	
1.07099e+06	0	0	229	0	0	0	0	0	0	0	0	0	0	0	0	0	
1.07173e+06	0	0	279	0	0	0	0	0	0	0	0	0	0	0	0	0	
1.07248e+06	0	0	275	0	0	0	0	0	0	0	0	0	0	0	0	0	
1.07324e+06	0	0	271	0	0	0	0	0	0	0	0	0	0	0	0	0	
1.07398e+06	0	0	243	0	0	0	0	0	0	0	0	0	0	0	0	0	
1.07473e+06	0	1	269	3	0	0	0	0	0	0	0	0	0	0	0	0	
1.07548e+06	0	0	237	0	0	0	0	0	0	0	0	0	0	0	0	0	
1.07623e+06	0	0	283	0	0	0	0	0	0	0	0	0	0	0	0	0	
1.07698e+06	0	0	247	0	0	0	0	0	0	0	0	0	0	0	0	0	
1.07773e+06	0	0	261	0	0	0	0	0	0	0	0	0	0	0	0	0	
1.07848e+06	0	0	247	0	0	0	0	0	0	0	0	0	0	0	0	0	
1.07923e+06	0	4	249	0	0	0	0	0	0	0	0	0	0	0	0	0	
1.07998e+06	0	0	252	1	0	0	0	0	0	0	0	0	0	0	0	0	
1.08073e+06	0	0	255	0	0	0	0	0	0	0	0	0	0	0	0	0	
1.08148e+06	0	0	271	0	0	0	0	0	0	0	0	0	0	0	0	0	
1.08223e+06	0	0	243	0	0	0	0	0	0	0	0	0	0	0	0	0	
1.08298e+06	0	0	239	0	0	0	0	0	0	0	0	0	0	0	0	0	
1.08373e+06	0	0	251	0	0	0	0	0	0	0	0	0	0	0	0	0	
1.08448e+06	0	21	264	0	0	0	0	0	0	0	0	0	0	0	0	0	
1.08523e+06	0	0	261	0	0	0	0	0	0	0	0	0	0	0	0	0	
1.08598e+06	0	0	269	0	0	0	0	0	0	0	0	0	0	0	0	0	
1.08673e+06	0	0	273	0	0	0	0	0	0	0	0	0	0	0	0	0	
1.08748e+06	0	0	259	0	0	0	0	0	0	0	0	0	0	0	0	0	
1.08823e+06	0	0	281	0	0	0	0	0	0	0	0	0	0	0	0	0	
1.08898e+06	0	0	265	0	0	0	0	0	0	0	0	0	0	0	0	0	
1.08972e+06	0	0	275	0	0	0	0	0	0	0	0	0	0	0	0	0	
1.09047e+06	0	0	285	0	0	0	0	0	0	0	0	0	0	0	0	0	
1.09123e+06	0	0	273	0	0	0	0	0	0	0	0	0	0	0	0	0	
1.09198e+06	0	0	281	0	0	0	0	0	0	0	0	0	0	0	0	0	
1.09273e+06	0	7	280	0	0	0	0	0	0	0	0	0	0	0	0	0	
1.09348e+06	0	0	253	0	0	0	0	0	0	0	0	0	0	0	0	0	
1.09423e+06	0	0	279	0	0	0	0	0	0	0	0	0	0	0	0	0	
1.09498e+06	0	0	283	0	0	0	0	0	0	0	0	0	0	0	0	0	
1.09573e+06	0	0	257	0	0	0	0	0	0	0	0	0	0	0	0	0	
1.09648e+06	0	0	263	0	0	0	0	0	0	0	0	0	0	0	0	0	
1.09723e+06	0	0	249	0	0	0	0	0	0	0	0	0	0	0	0	0	
1.09798e+06	0	0	261	0	0	0	0	0	0	0	0	0	0	0	0	0	
1.09873e+06	0	0	281	0	0	0	0	0	0	0	0	0	0	0	0	0	
1.09948e+06	0	0	253	0	0	0	0	0	0	0	0	0	0	0	0	0	
1.10023e+06	0	0	281	0	0	0	0	0	0	0	0	0	0	0	0	0	
1.10098e+06	0	0	267	0	0	0	0	0	0	0	0	0	0	0	0	0	
1.10173e+06	0	0	317	0	0	0	0	0	0	0	0	0	0	0	0	0	
1.10248e+06	0	0	263	0	0	0	0	0	0	0	0	0	0	0	0	0	
1.10323e+06	0	0	277	0	0	0	0	0	0	0	0	0	0	0	0	0	
1.10398e+06	0	2	251	0	0	0	0	0	0	0	0	0	0	0	0	0	
1.10473e+06	0	0	239	0	0	0	0	0	0	0	0	0	0	0	0	0	
1.10548e+06	0	0	281	0	0	0	0	0	0	0	0	0	0	0	0	0	
1.10622e+06	0	0	255	0	0	0	0	0	0	0	0	0	0	0	0	0	
1.10698e+06	0	0	241	0	0	0	0	0	0	0	0	0	0	0	0	0	
1.10773e+06	0	0	273	0	0	0	0	0	0	0	0	0	0	0	0	0	
1.10848e+06	0	0	241	0	0	0	0	0	0	0	0	0	0	0	0	0	
1.10922e+06	0	0	237	0	0	0	0	0	0	0	0	0	0	0	0	0	
1.10997e+06	0	0	253	0	0	0	0	0	0	0	0	0	0	0	0	0	
1.11072e+06	0	0	253	0	0	0	0	0	0	0	0	0	0	0	0	0	
1.11148e+06	0	0	263	0	0	0	0	0	0	0	0	0	0	0	0	0	
1.11223e+06	0	0	251	0	0	0	0	0	0	0	0	0	0	0	0	0	
1.11298e+06	0	0	277	0	0	0	0	0	0	0	0	0	0	0	0	0	
1.11373e+06	0	0	287	0	0	0	0	0	0	0	0	0	0	0	0	0	
1.11447e+06	0	0	251	0	0	0	0	0	0	0	0	0	0	0	0	0	
1.11522e+06	0	0	269	0	0	0	0	0	0	0	0	0	0	0	0	0	
1.11598e+06	0	0	279	0	0	0	0	0	0	0	0	0	0	0	0	0	
1.11673e+06	0	0	243	0	0	0	0	0	0	0	0	0	0	0	0	0	
1.11748e+06	0	0	251	0	0	0	0	0	0	0	0	0	0	0	0	0	
1.11823e+06	0	0	275	0	0	0	0	0	0	0	0	0	0	0	0	0	
1.11898e+06	0	0	267	0	0	0	0	0	0	0	0	0	0	0	0	0	
1.11973e+06	0	0	227	0	0	0	0	0	0	0	0	0	0	0	0	0	
1.12048e+06	0	0	269	0	0	0	0	0	0	0	0	0	0	0	0	0	
1.12123e+06	0	0	277	0	0	0	0	0	0	0	0	0	0	0	0	0	
1.12198e+06	0	0	257	0	0	0	0	0	0	0	0	0	0	0	0	0	
1.12273e+06	0	0	243	0	0	0	0	0	0	0	0	0	0	0	0	0	
1.12348e+06	0	0	259	0	0	0	0	0	0	0	0	0	0	0	0	0	
1.12423e+06	0	0	231	0	0	0	0	0	0	0	0	0	0	0	0	0	
1.12499e+06	0	0	277	0	0	0	0	0	0	0	0	0	0	0	0	0	
1.12574e+06	0	0	243	0	0	0	0	0	0	0	0	0	0	0	0	0	
1.12649e+06	0	0	265	0	0	0	0	0	0	0	0	0	0	0	0	0	
1.12724e+06	0	0	259	0	0	0	0	0	0	0	0	0	0	0	0	0	
1.12799e+06	0	0	279	0	0	0	0	0	0	0	0	0	0	0	0	0	
1.12874e+06	0	0	255	0	0	0	0	0	0	0	0	0	0	0	0	0	
1.12949e+06	0	0	273	0	0	0	0	0	0	0	0	0	0	0	0	0	
1.13024e+06	0	0	281	0	0	0	0	0	0	0	0	0	0	0	0	0	
1.131e+06	0	0	281	0	0	0	0	0	0	0	0	0	0	0	0	0	
1.13174e+06	0	0	247	0	0	0	0	0	0	0	0	0	0	0	0	0	
1.13249e+06	0	0	253	0	0	0	0	0	0	0	0	0	0	0	0	0	
1.13324e+06	0	0	291	0	0	0	0	0	0	0	0	0	0	0	0	0	
1.13399e+06	0	0	271	0	0	0	0	0	0	0	0	0	0	0	0	0	
1.13475e+06	0	0	267	0	0	0	0	0	0	0	0	0	0	0	0	0	
1.13549e+06	0	0	279	0	0	0	0	0	0	0	0	0	0	0	0	0	
1.13624e+06	0	0	233	0	0	0	0	0	0	0	0	0	0	0	0	0	
1.13699e+06	0	0	269	0	0	0	0	0	0	0	0	0	0	0	0	0	
1.13774e+06	0	0	239	0	0	0	0	0	0	0	0	0	0	0	0	0	
1.13849e+06	0	0	285	0	0	0	0	0	0	0	0	0	0	0	0	0	
1.13924e+06	0	0	190	63	0	0	0	0	0	0	0	0	0	0	0	0	
1.14e+06	0	0	271	0	0	0	0	0	0	0	0	0	0	0	0	0	
1.14075e+06	0	0	261	0	0	0	0	0	0	0	0	0	0	0	0	0	
1.14149e+06	0	0	239	0	0	0	0	0	0	0	0	0	0	0	0	0	
1.14224e+06	0	0	279	0	0	0	0	0	0	0	0	0	0	0	0	0	
1.14299e+06	0	0	297	0	0	0	0	0	0	0	0	0	0	0	0	0	
1.14374e+06	0	0	249	0	0	0	0	0	0	0	0	0	0	0	0	0	
1.14449e+06	0	0	237	0	0	0	0	0	0	0	0	0	0	0	0	0	
1.14524e+06	0	0	283	0	0	0	0	0	0	0	0	0	0	0	0	0	
1.14599e+06	0	0	259	0	0	0	0	0	0	0	0	0	0	0	0	0	
1.14675e+06	0	0	277	0	0	0	0	0	0	0	0	0	0	0	0	0	
1.1475e+06	0	0	265	0	0	0	0	0	0	0	0	0	0	0	0	0	
1.14825e+06	0	0	291	0	0	0	0	0	0	0	0	0	0	0	0	0	
1.149e+06	0	0	225	0	0	0	0	0	0	0	0	0	0	0	0	0	
1.14975e+06	0	0	285	0	0	0	0	0	0	0	0	0	0	0	0	0	
1.1505e+06	0	0	281	0	0	0	0	0	0	0	0	0	0	0	0	0	
1.15125e+06	0	0	283	0	0	0	0	0	0	0	0	0	0	0	0	0	
1.152e+06	0	0	261	0	0	0	0	0	0	0	0	0	0	0	0	0	
1.15275e+06	0	0	263	0	0	0	0	0	0	0	0	0	0	0	0	0	
1.1535e+06	0	7	274	0	0	0	0	0	0	0	0	0	0	0	0	0	
1.15425e+06	0	0	233	0	0	0	0	0	0	0	0	0	0	0	0	0	
1.155e+06	0	0	273	0	0	0	0	0	0	0	0	0	0	0	0	0	
1.15576e+06	0	0	281	0	0	0	0	0	0	0	0	0	0	0	0	0	
1.1565e+06	0	0	253	0	0	0	0	0	0	0	0	0	0	0	0	0	
1.15725e+06	0	0	261	0	0	0	0	0	0	0	0	0	0	0	0	0	
1.15801e+06	0	0	253	0	0	0	0	0	0	0	0	0	0	0	0	0	
1.15876e+06	0	0	247	0	0	0	0	0	0	0	0	0	0	0	0	0	
1.1595e+06	0	0	275	0	0	0	0	0	0	0	0	0	0	0	0	0	
1.16026e+06	0	0	289	0	0	0	0	0	0	0	0	0	0	0	0	0	
1.16101e+06	0	0	261	0	0	0	0	0	0	0	0	0	0	0	0	0	
1.16176e+06	0	0	291	0	0	0	0	0	0	0	0	0	0	0	0	0	
1.16251e+06	0	0	253	0	0	0	0	0	0	0	0	0	0	0	0	0	
1.16326e+06	0	0	275	0	0	0	0	0	0	0	0	0	0	0	0	0	
1.16401e+06	0	0	271	0	0	0	0	0	0	0	0	0	0	0	0	0	
1.16476e+06	0	0	251	0	0	0	0	0	0	0	0	0	0	0	0	0	
1.1655e+06	0	0	257	0	0	0	0	0	0	0	0	0	0	0	0	0	
1.16625e+06	0	0	243	0	0	0	0	0	0	0	0	0	0	0	0	0	
1.167e+06	0	0	271	0	0	0	0	0	0	0	0	0	0	0	0	0	
1.16775e+06	0	0	291	0	0	0	0	0	0	0	0	0	0	0	0	0	
1.1685e+06	0	0	237	0	0	0	0	0	0	0	0	0	0	0	0	0	
1.16925e+06	0	0	267	0	0	0	0	0	0	0	0	0	0	0	0	0	
1.17e+06	0	0	271	0	0	0	0	0	0	0	0	0	0	0	0	0	
1.17074e+06	0	0	253	0	0	0	0	0	0	0	0	0	0	0	0	0	
1.17149e+06	0	0	269	0	0	0	0	0	0	0	0	0	0	0	0	0	
1.17224e+06	0	0	281	0	0	0	0	0	0	0	0	0	0	0	0	0	
1.17299e+06	0	0	281	0	0	0	0	0	0	0	0	0	0	0	0	0	
1.17374e+06	0	0	269	0	0	0	0	0	0	0	0	0	0	0	0	0	
1.17449e+06	0	0	277	0	0	0	0	0	0	0	0	0	0	0	0	0	
1.17524e+06	0	0	281	0	0	0	0	0	0	0	0	0	0	0	0	0	
1.17599e+06	0	0	265	0	0	0	0	0	0	0	0	0	0	0	0	0	
1.17675e+06	0	0	261	0	0	0	0	0	0	0	0	0	0	0	0	0	
1.17749e+06	0	0	269	0	0	0	0	0	0	0	0	0	0	0	0	0	
1.17825e+06	0	0	241	0	0	0	0	0	0	0	0	0	0	0	0	0	
1.17899e+06	0	0	291	0	0	0	0	0	0	0	0	0	0	0	0	0	
1.17974e+06	0	0	287	0	0	0	0	0	0	0	0	0	0	0	0	0	
1.18049e+06	0	0	249	0	0	0	0	0	0	0	0	0	0	0	0	0	
1.18124e+06	0	0	295	0	0	0	0	0	0	0	0	0	0	0	0	0	
1.18199e+06	0	0	267	0	0	0	0	0	0	0	0	0	0	0	0	0	
1.18274e+06	0	0	253	0	0	0	0	0	0	0	0	0	0	0	0	0	
1.18349e+06	0	0	253	0	0	0	0	0	0	0	0	0	0	0	0	0	
1.18424e+06	0	0	265	0	0	0	0	0	0	0	0	0	0	0	0	0	
1.18499e+06	0	0	279	0	0	0	0	0	0	0	0	0	0	0	0	0	
1.18574e+06	0	0	273	0	0	0	0	0	0	0	0	0	0	0	0	0	
1.18649e+06	0	0	257	0	0	0	0	0	0	0	0	0	0	0	0	0	
1.18724e+06	0	1	240	0	0	0	0	0	0	0	0	0	0	0	0	0	
1.18799e+06	0	0	265	0	0	0	0	0	0	0	0	0	0	0	0	0	
1.18874e+06	0	0	263	0	0	0	0	0	0	0	0	0	0	0	0	0	
1.18949e+06	0	0	243	0	0	0	0	0	0	0	0	0	0	0	0	0	
1.19024e+06	0	0	0	197	0	0	0	0	0	0	0	0	0	0	0	0	
1.19099e+06	0	0	0	205	0	0	0	0	0	0	0	0	0	0	0	0	
1.19174e+06	0	0	0	209	0	0	0	0	0	0	0	0	0	0	0	0	
1.19249e+06	0	0	0	203	0	0	0	0	0	0	0	0	0	0	0	0	
1.19324e+06	0	0	0	197	0	0	0	0	0	0	0	0	0	0	0	0	
1.19399e+06	0	0	0	211	0	0	0	0	0	0	0	0	0	0	0	0	
1.19474e+06	0	0	0	183	0	0	0	0	0	0	0	0	0	0	0	0	
1.19549e+06	0	0	0	199	0	0	0	0	0	0	0	0	0	0	0	0	
1.19624e+06	0	0	0	207	0	0	0	0	0	0	0	0	0	0	0	0	
1.19699e+06	0	0	0	243	0	0	0	0	0	0	0	0	0	0	0	0	
1.19774e+06	0	0	0	183	0	0	0	0	0	0	0	0	0	0	0	0	
1.1985e+06	0	0	0	185	0	0	0	0	0	0	0	0	0	0	0	0	
1.19924e+06	0	0	0	203	0	0	0	0	0	0	0	0	0	0	0	0	
1.19999e+06	0	0	0	195	0	0	0	0	0	0	0	0	0	0	0	0	
1.20074e+06	0	0	0	179	0	0	0	0	0	0	0	0	0	0	0	0	
1.20149e+06	0	0	0	191	0	0	0	0	0	0	0	0	0	0	0	0	
1.20224e+06	0	0	0	171	0	0	0	0	0	0	0	0	0	0	0	0	
1.20299e+06	0	0	0	193	0	0	0	0	0	0	0	0	0	0	0	0	
1.20374e+06	0	0	0	219	0	0	0	0	0	0	0	0	0	0	0	0	
1.20449e+06	0	0	0	217	0	0	0	0	0	0	0	0	0	0	0	0	
1.20524e+06	0	0	0	165	0	0	0	0	0	0	0	0	0	0	0	0	
1.20599e+06	0	0	0	187	0	0	0	0	0	0	0	0	0	0	0	0	
1.20674e+06	0	0	0	217	0	0	0	0	0	0	0	0	0	0	0	0	
1.20749e+06	0	0	0	205	0	0	0	0	0	0	0	0	0	0	0	0	
1.20824e+06	0	0	0	197	0	0	0	0	0	0	0	0	0	0	0	0	
1.20899e+06	0	0	0	179	0	0	0	0	0	0	0	0	0	0	0	0	
1.20974e+06	0	0	0	173	2	0	0	0	0	0	0	0	0	0	0	0	
1.21049e+06	0	0	0	195	0	0	0	0	0	0	0	0	0	0	0	0	
1.21124e+06	0	0	0	199	0	0	0	0	0	0	0	0	0	0	0	0	
1.21199e+06	0	0	0	177	0	0	0	0	0	0	0	0	0	0	0	0	
1.21274e+06	0	0	0	227	0	0	0	0	0	0	0	0	0	0	0	0	
1.21349e+06	0	0	0	213	0	0	0	0	0	0	0	0	0	0	0	0	
1.21424e+06	0	0	0	191	0	0	0	0	0	0	0	0	0	0	0	0	
1.21499e+06	0	0	0	199	0	0	0	0	0	0	0	0	0	0	0	0	
1.21574e+06	0	0	0	181	0	0	0	0	0	0	0	0	0	0	0	0	
1.21649e+06	0	0	0	195	0	0	0	0	0	0	0	0	0	0	0	0	
1.21724e+06	0	0	0	183	0	0	0	0	0	0	0	0	0	0	0	0	
1.21799e+06	0	0	0	201	0	0	0	0	0	0	0	0	0	0	0	0	
1.21874e+06	0	0	0	193	0	0	0	0	0	0	0	0	0	0	0	0	
1.21949e+06	0	0	0	187	0	0	0	0	0	0	0	0	0	0	0	0	
1.22024e+06	0	0	0	179	0	0	0	0	0	0	0	0	0	0	0	0	
1.22099e+06	0	0	0	185	0	0	0	0	0	0	0	0	0	0	0	0	
1.22174e+06	0	0	0	185	0	0	0	0	0	0	0	0	0	0	0	0	
1.22249e+06	0	0	0	193	0	0	0	0	0	0	0	0	0	0	0	0	
1.22324e+06	0	0	0	205	0	0	0	0	0	0	0	0	0	0	0	0	
1.22399e+06	0	0	0	183	0	0	0	0	0	0	0	0	0	0	0	0	
1.22474e+06	0	0	8	169	0	0	0	0	0	0	0	0	0	0	0	0	
1.22548e+06	0	0	0	209	0	0	0	0	0	0	0	0	0	0	0	0	
1.22623e+06	0	0	0	181	0	0	0	0	0	0	0	0	0	0	0	0	
1.22698e+06	0	0	0	193	0	0	0	0	0	0	0	0	0	0	0	0	
1.22773e+06	0	0	0	181	0	0	0	0	0	0	0	0	0	0	0	0	
1.22848e+06	0	0	0	177	0	0	0	0	0	0	0	0	0	0	0	0	
1.22923e+06	0	0	0	187	0	0	0	0	0	0	0	0	0	0	0	0	
1.22998e+06	0	0	0	207	0	0	0	0	0	0	0	0	0	0	0	0	
1.23073e+06	0	0	0	209	0	0	0	0	0	0	0	0	0	0	0	0	
1.23148e+06	0	0	0	217	0	0	0	0	0	0	0	0	0	0	0	0	
1.23223e+06	0	0	0	197	2	0	0	0	0	0	0	0	0	0	0	0	
1.23298e+06	0	0	0	201	0	0	0	0	0	0	0	0	0	0	0	0	
1.23373e+06	0	0	0	207	0	0	0	0	0	0	0	0	0	0	0	0	
1.23448e+06	0	0	0	215	0	0	0	0	0	0	0	0	0	0	0	0	
1.23523e+06	0	0	0	227	0	0	0	0	0	0	0	0	0	0	0	0	
1.23598e+06	0	0	0	197	0	0	0	0	0	0	0	0	0	0	0	0	
1.23673e+06	0	0	0	219	0	0	0	0	0	0	0	0	0	0	0	0	
1.23748e+06	0	0	0	227	0	0	0	0	0	0	0	0	0	0	0	0	
1.23823e+06	0	0	0	183	0	0	0	0	0	0	0	0	0	0	0	0	
1.23898e+06	0	0	0	211	0	0	0	0	0	0	0	0	0	0	0	0	
1.23973e+06	0	0	0	217	0	0	0	0	0	0	0	0	0	0	0	0	
1.24048e+06	0	0	0	179	0	0	0	0	0	0	0	0	0	0	0	0	
1.24123e+06	0	0	0	191	0	0	0	0	0	0	0	0	0	0	0	0	
1.24198e+06	0	0	0	195	0	0	0	0	0	0	0	0	0	0	0	0	
1.24273e+06	0	0	0	213	0	0	0	0	0	0	0	0	0	0	0	0	
1.24348e+06	0	0	0	206	9	0	0	0	0	0	0	0	0	0	0	0	
1.24423e+06	0	0	0	185	0	0	0	0	0	0	0	0	0	0	0	0	
1.24498e+06	0	0	0	207	0	0	0	0	0	0	0	0	0	0	0	0	
1.24573e+06	0	0	19	198	0	0	0	0	0	0	0	0	0	0	0	0	
1.24648e+06	0	0	0	193	0	0	0	0	0	0	0	0	0	0	0	0	
1.24724e+06	0	0	0	197	0	0	0	0	0	0	0	0	0	0	0	0	
1.24798e+06	0	0	0	225	0	0	0	0	0	0	0	0	0	0	0	0	
1.24874e+06	0	0	0	199	0	0	0	0	0	0	0	0	0	0	0	0	
1.24948e+06	0	0	0	191	0	0	0	0	0	0	0	0	0	0	0	0	
1.25024e+06	0	0	0	223	0	0	0	0	0	0	0	0	0	0	0	0	
1.25099e+06	0	0	0	209	0	0	0	0	0	0	0	0	0	0	0	0	
1.25174e+06	0	0	0	193	0	0	0	0	0	0	0	0	0	0	0	0	
1.25249e+06	0	0	0	195	0	0	0	0	0	0	0	0	0	0	0	0	
1.25324e+06	0	0	0	195	0	0	0	0	0	0	0	0	0	0	0	0	
1.25398e+06	0	0	0	199	0	0	0	0	0	0	0	0	0	0	0	0	
1.25473e+06	0	0	0	179	0	0	0	0	0	0	0	0	0	0	0	0	
1.25548e+06	0	0	0	187	0	0	0	0	0	0	0	0	0	0	0	0	
1.25623e+06	0	0	0	189	0	0	0	0	0	0	0	0	0	0	0	0	
1.25698e+06	0	0	0	215	0	0	0	0	0	0	0	0	0	0	0	0	
1.25773e+06	0	0	0	197	0	0	0	0	0	0	0	0	0	0	0	0	
1.25848e+06	0	0	0	187	0	0	0	0	0	0	0	0	0	0	0	0	
1.25923e+06	0	0	0	191	0	0	0	0	0	0	0	0	0	0	0	0	
1.25998e+06	0	0	0	199	0	0	0	0	0	0	0	0	0	0	0	0	
1.26073e+06	0	0	0	169	0	0	0	0	0	0	0	0	0	0	0	0	
1.26148e+06	0	0	0	181	0	0	0	0	0	0	0	0	0	0	0	0	
1.26223e+06	0	0	0	195	0	0	0	0	0	0	0	0	0	0	0	0	
1.26298e+06	0	0	0	193	0	0	0	0	0	0	0	0	0	0	0	0	
1.26373e+06	0	0	0	187	0	0	0	0	0	0	0	0	0	0	0	0	
1.26448e+06	0	0	0	226	7	0	0	0	0	0	0	0	0	0	0	0	
1.26523e+06	0	0	0	212	1	0	0	0	0	0	0	0	0	0	0	0	
1.26598e+06	0	0	8	203	0	0	0	0	0	0	0	0	0	0	0	0	
1.26673e+06	0	0	0	203	0	0	0	0	0	0	0	0	0	0	0	0	
1.26748e+06	0	0	0	179	0	0	0	0	0	0	0	0	0	0	0	0	
1.26824e+06	0	0	0	205	0	0	0	0	0	0	0	0	0	0	0	0	
1.26899e+06	0	0	0	201	0	0	0	0	0	0	0	0	0	0	0	0	
1.26974e+06	0	0	0	191	0	0	0	0	0	0	0	0	0	0	0	0	
1.27049e+06	0	0	0	199	0	0	0	0	0	0	0	0	0	0	0	0	
1.27124e+06	0	0	0	195	0	0	0	0	0	0	0	0	0	0	0	0	
1.27199e+06	0	0	0	199	0	0	0	0	0	0	0	0	0	0	0	0	
1.27274e+06	0	0	0	193	0	0	0	0	0	0	0	0	0	0	0	0	
1.27349e+06	0	0	0	211	0	0	0	0	0	0	0	0	0	0	0	0	
1.27425e+06	0	0	0	189	0	0	0	0	0	0	0	0	0	0	0	0	
1.275e+06	0	0	0	189	0	0	0	0	0	0	0	0	0	0	0	0	
1.27575e+06	0	0	0	183	0	0	0	0	0	0	0	0	0	0	0	0	
1.2765e+06	0	0	0	207	0	0	0	0	0	0	0	0	0	0	0	0	
1.27725e+06	0	0	0	209	0	0	0	0	0	0	0	0	0	0	0	0	
1.278e+06	0	0	0	195	0	0	0	0	0	0	0	0	0	0	0	0	
1.27875e+06	0	0	0	0	175	0	0	0	0	0	0	0	0	0	0	0	
1.2795e+06	0	0	0	0	169	0	0	0	0	0	0	0	0	0	0	0	
1.28025e+06	0	0	0	0	153	0	0	0	0	0	0	0	0	0	0	0	
1.281e+06	0	0	0	0	165	0	0	0	0	0	0	0	0	0	0	0	
1.28175e+06	0	0	0	0	165	0	0	0	0	0	0	0	0	0	0	0	
1.2825e+06	0	0	0	0	169	0	0	0	0	0	0	0	0	0	0	0	
1.28325e+06	0	0	0	0	167	0	0	0	0	0	0	0	0	0	0	0	
1.284e+06	0	0	0	0	149	0	0	0	0	0	0	0	0	0	0	0	
1.28475e+06	0	0	0	0	173	0	0	0	0	0	0	0	0	0	0	0	
1.2855e+06	0	0	0	0	171	0	0	0	0	0	0	0	0	0	0	0	
1.28625e+06	0	0	0	0	169	0	0	0	0	0	0	0	0	0	0	0	
1.287e+06	0	0	0	0	153	0	0	0	0	0	0	0	0	0	0	0	
1.28775e+06	0	0	0	0	149	0	0	0	0	0	0	0	0	0	0	0	
1.2885e+06	0	0	0	0	181	0	0	0	0	0	0	0	0	0	0	0	
1.28925e+06	0	0	0	0	147	0	0	0	0	0	0	0	0	0	0	0	
1.29e+06	0	0	0	0	161	0	0	0	0	0	0	0	0	0	0	0	
1.29075e+06	0	0	0	0	169	0	0	0	0	0	0	0	0	0	0	0	
1.2915e+06	0	0	0	0	165	0	0	0	0	0	0	0	0	0	0	0	
1.29225e+06	0	0	0	0	155	0	0	0	0	0	0	0	0	0	0	0	
1.293e+06	0	0	0	13	154	0	0	0	0	0	0	0	0	0	0	0	
1.29375e+06	0	0	0	0	149	0	0	0	0	0	0	0	0	0	0	0	
1.2945e+06	0	0	0	0	155	0	0	0	0	0	0	0	0	0	0	0	
1.29525e+06	0	0	0	0	139	0	0	0	0	0	0	0	0	0	0	0	
1.296e+06	0	0	0	0	157	0	0	0	0	0	0	0	0	0	0	0	
1.29675e+06	0	0	0	0	0	149	0	0	0	0	0	0	0	0	0	0	
1.29749e+06	0	0	0	0	0	133	0	0	0	0	0	0	0	0	0	0	
1.29825e+06	0	0	0	0	0	139	0	0	0	0	0	0	0	0	0	0	
1.299e+06	0	0	0	0	0	127	0	0	0	0	0	0	0	0	0	0	
1.29974e+06	0	0	0	0	0	133	0	0	0	0	0	0	0	0	0	0	
1.30049e+06	0	0	0	0	0	141	0	0	0	0	0	0	0	0	0	0	
1.30124e+06	0	0	0	0	0	127	0	0	0	0	0	0	0	0	0	0	
1.30199e+06	0	0	0	0	0	137	0	0	0	0	0	0	0	0	0	0	
1.30274e+06	0	0	0	0	0	141	0	0	0	0	0	0	0	0	0	0	
1.30349e+06	0	0	0	0	0	137	0	0	0	0	0	0	0	0	0	0	
1.30424e+06	0	0	0	0	0	137	0	0	0	0	0	0	0	0	0	0	
1.30499e+06	0	0	0	0	0	141	0	0	0	0	0	0	0	0	0	0	
1.30574e+06	0	0	0	0	0	121	0	0	0	0	0	0	0	0	0	0	
1.30649e+06	0	0	0	0	0	123	0	0	0	0	0	0	0	0	0	0	
1.30724e+06	0	0	0	0	0	133	0	0	0	0	0	0	0	0	0	0	
1.30799e+06	0	0	0	0	0	141	0	0	0	0	0	0	0	0	0	0	
1.30874e+06	0	0	0	0	0	145	0	0	0	0	0	0	0	0	0	0	
1.30949e+06	0	0	0	0	0	137	0	0	0	0	0	0	0	0	0	0	
1.31024e+06	0	0	0	0	0	133	0	0	0	0	0	0	0	0	0	0	
1.31099e+06	0	0	0	0	0	109	0	0	0	0	0	0	0	0	0	0	
1.31174e+06	0	0	0	0	0	125	0	0	0	0	0	0	0	0	0	0	
1.31249e+06	0	0	0	0	0	145	0	0	0	0	0	0	0	0	0	0	
1.31324e+06	0	0	0	0	0	167	0	0	0	0	0	0	0	0	0	0	
1.31399e+06	0	0	0	0	0	119	0	0	0	0	0	0	0	0	0	0	
1.31474e+06	0	0	0	0	0	161	0	0	0	0	0	0	0	0	0	0	
1.31549e+06	0	0	0	0	0	147	0	0	0	0	0	0	0	0	0	0	
1.31624e+06	0	0	0	0	0	129	0	0	0	0	0	0	0	0	0	0	
1.31699e+06	0	0	0	0	0	123	0	0	0	0	0	0	0	0	0	0	
1.31774e+06	0	0	0	0	0	135	0	0	0	0	0	0	0	0	0	0	
1.31849e+06	0	0	0	0	0	153	0	0	0	0	0	0	0	0	0	0	
1.31924e+06	0	0	0	0	0	141	0	0	0	0	0	0	0	0	0	0	
1.31999e+06	0	0	0	0	1	120	0	0	0	0	0	0	0	0	0	0	
1.32074e+06	0	0	0	0	0	143	0	0	0	0	0	0	0	0	0	0	
1.32149e+06	0	0	0	0	0	141	0	0	0	0	0	0	0	0	0	0	
1.32224e+06	0	0	0	0	0	127	0	0	0	0	0	0	0	0	0	0	
1.32299e+06	0	0	0	0	0	131	0	0	0	0	0	0	0	0	0	0	
1.32374e+06	0	0	0	0	0	125	0	0	0	0	0	0	0	0	0	0	
1.32449e+06	0	0	0	0	0	129	0	0	0	0	0	0	0	0	0	0	
1.32524e+06	0	0	0	0	0	133	0	0	0	0	0	0	0	0	0	0	
1.32599e+06	0	0	0	0	0	131	0	0	0	0	0	0	0	0	0	0	
1.32674e+06	0	0	0	0	0	137	0	0	0	0	0	0	0	0	0	0	
1.32749e+06	0	0	0	0	0	137	0	0	0	0	0	0	0	0	0	0	
1.32823e+06	0	0	0	0	0	137	0	0	0	0	0	0	0	0	0	0	
1.32898e+06	0	0	0	0	0	119	0	0	0	0	0	0	0	0	0	0	
1.32973e+06	0	0	0	0	0	139	0	0	0	0	0	0	0	0	0	0	
1.33049e+06	0	0	0	0	0	87	40	0	0	0	0	0	0	0	0	0	
1.33124e+06	0	0	0	0	0	113	0	0	0	0	0	0	0	0	0	0	
1.33199e+06	0	0	0	0	0	129	0	0	0	0	0	0	0	0	0	0	
1.33274e+06	0	0	0	0	0	133	0	0	0	0	0	0	0	0	0	0	
1.33349e+06	0	0	0	0	0	117	0	0	0	0	0	0	0	0	0	0	
1.33424e+06	0	0	0	0	0	125	0	0	0	0	0	0	0	0	0	0	
1.33499e+06	0	0	0	0	0	133	0	0	0	0	0	0	0	0	0	0	
1.33573e+06	0	0	0	0	0	133	0	0	0	0	0	0	0	0	0	0	
1.33648e+06	0	0	0	0	0	133	0	0	0	0	0	0	0	0	0	0	
1.33723e+06	0	0	0	0	0	139	0	0	0	0	0	0	0	0	0	0	
1.33798e+06	0	0	0	0	0	121	0	0	0	0	0	0	0	0	0	0	
1.33874e+06	0	0	0	0	0	139	0	0	0	0	0	0	0	0	0	0	
1.33948e+06	0	0	0	0	0	0	113	0	0	0	0	0	0	0	0	0	
1.34023e+06	0	0	0	0	0	0	111	0	0	0	0	0	0	0	0	0	
1.34099e+06	0	0	0	0	0	0	135	0	0	0	0	0	0	0	0	0	
1.34174e+06	0	0	0	0	0	0	107	0	0	0	0	0	0	0	0	0	
1.34249e+06	0	0	0	0	0	0	109	0	0	0	0	0	0	0	0	0	
1.34323e+06	0	0	0	0	0	0	93	0	0	0	0	0	0	0	0	0	
1.34398e+06	0	0	0	0	0	0	103	0	0	0	0	0	0	0	0	0	
1.34473e+06	0	0	0	0	0	141	0	0	0	0	0	0	0	0	0	0	
1.34548e+06	0	0	0	0	0	127	0	0	0	0	0	0	0	0	0	0	
1.34623e+06	0	0	0	0	0	145	0	0	0	0	0	0	0	0	0	0	
1.34698e+06	0	0	0	0	0	127	0	0	0	0	0	0	0	0	0	0	
1.34773e+06	0	0	0	0	159	0	0	0	0	0	0	0	0	0	0	0	
1.34848e+06	0	0	0	0	175	0	0	0	0	0	0	0	0	0	0	0	
1.34923e+06	0	0	0	0	167	0	0	0	0	0	0	0	0	0	0	0	
1.34998e+06	0	0	0	0	157	0	0	0	0	0	0	0	0	0	0	0	
1.35073e+06	0	0	0	0	159	0	0	0	0	0	0	0	0	0	0	0	
1.35149e+06	0	0	0	0	145	0	0	0	0	0	0	0	0	0	0	0	
1.35224e+06	0	0	0	0	193	0	0	0	0	0	0	0	0	0	0	0	
1.35299e+06	0	0	0	0	149	0	0	0	0	0	0	0	0	0	0	0	
1.35373e+06	0	0	0	0	163	0	0	0	0	0	0	0	0	0	0	0	
1.35449e+06	0	0	0	0	171	0	0	0	0	0	0	0	0	0	0	0	
1.35524e+06	0	0	0	0	155	0	0	0	0	0	0	0	0	0	0	0	
1.35599e+06	0	0	0	0	163	0	0	0	0	0	0	0	0	0	0	0	
1.35673e+06	0	0	0	0	161	0	0	0	0	0	0	0	0	0	0	0	
1.35748e+06	0	0	0	0	181	0	0	0	0	0	0	0	0	0	0	0	
1.35824e+06	0	0	0	0	167	0	0	0	0	0	0	0	0	0	0	0	
1.35899e+06	0	0	0	0	151	0	0	0	0	0	0	0	0	0	0	0	
1.35973e+06	0	0	0	0	149	0	0	0	0	0	0	0	0	0	0	0	
1.36048e+06	0	0	0	0	161	0	0	0	0	0	0	0	0	0	0	0	
1.36123e+06	0	0	0	0	181	0	0	0	0	0	0	0	0	0	0	0	
1.36199e+06	0	0	0	0	167	0	0	0	0	0	0	0	0	0	0	0	
1.36274e+06	0	0	0	0	176	3	0	0	0	0	0	0	0	0	0	0	
1.36349e+06	0	0	0	0	127	0	0	0	0	0	0	0	0	0	0	0	
1.36423e+06	0	0	0	0	139	0	0	0	0	0	0	0	0	0	0	0	
1.36498e+06	0	0	0	0	175	0	0	0	0	0	0	0	0	0	0	0	
1.36573e+06	0	0	0	0	163	0	0	0	0	0	0	0	0	0	0	0	
1.36648e+06	0	0	0	0	169	0	0	0	0	0	0	0	0	0	0	0	
1.36723e+06	0	0	0	0	165	0	0	0	0	0	0	0	0	0	0	0	
1.36799e+06	0	0	0	0	161	0	0	0	0	0	0	0	0	0	0	0	
1.36874e+06	0	0	0	0	171	0	0	0	0	0	0	0	0	0	0	0	
1.36949e+06	0	0	0	0	167	0	0	0	0	0	0	0	0	0	0	0	
1.37024e+06	0	0	0	0	165	0	0	0	0	0	0	0	0	0	0	0	
1.37099e+06	0	0	0	0	171	0	0	0	0	0	0	0	0	0	0	0	
1.37174e+06	0	0	0	0	133	0	0	0	0	0	0	0	0	0	0	0	
1.37249e+06	0	0	0	0	167	0	0	0	0	0	0	0	0	0	0	0	
1.37324e+06	0	0	0	0	159	0	0	0	0	0	0	0	0	0	0	0	
1.37399e+06	0	0	0	0	151	0	0	0	0	0	0	0	0	0	0	0	
1.37474e+06	0	0	0	0	165	0	0	0	0	0	0	0	0	0	0	0	
1.37549e+06	0	0	0	0	179	0	0	0	0	0	0	0	0	0	0	0	
1.37624e+06	0	0	0	0	163	0	0	0	0	0	0	0	0	0	0	0	
1.37699e+06	0	0	0	203	0	0	0	0	0	0	0	0	0	0	0	0	
1.37774e+06	0	0	0	205	0	0	0	0	0	0	0	0	0	0	0	0	
1.37849e+06	0	0	0	207	0	0	0	0	0	0	0	0	0	0	0	0	
1.37924e+06	0	0	0	221	0	0	0	0	0	0	0	0	0	0	0	0	
1.37999e+06	0	0	0	179	0	0	0	0	0	0	0	0	0	0	0	0	
1.38074e+06	0	0	0	185	0	0	0	0	0	0	0	0	0	0	0	0	
1.38149e+06	0	0	0	185	0	0	0	0	0	0	0	0	0	0	0	0	
1.38224e+06	0	0	0	193	0	0	0	0	0	0	0	0	0	0	0	0	
1.38299e+06	0	0	0	207	0	0	0	0	0	0	0	0	0	0	0	0	
1.38374e+06	0	0	0	189	0	0	0	0	0	0	0	0	0	0	0	0	
1.38449e+06	0	0	0	171	0	0	0	0	0	0	0	0	0	0	0	0	
1.38524e+06	0	0	0	193	0	0	0	0	0	0	0	0	0	0	0	0	
1.38599e+06	0	0	1	210	0	0	0	0	0	0	0	0	0	0	0	0	
1.38674e+06	0	0	0	215	0	0	0	0	0	0	0	0	0	0	0	0	
1.38749e+06	0	0	0	199	0	0	0	0	0	0	0	0	0	0	0	0	
1.38824e+06	0	0	0	215	0	0	0	0	0	0	0	0	0	0	0	0	
1.38899e+06	0	0	0	185	0	0	0	0	0	0	0	0	0	0	0	0	
1.38974e+06	0	0	0	203	0	0	0	0	0	0	0	0	0	0	0	0	
1.39049e+06	0	0	0	199	0	0	0	0	0	0	0	0	0	0	0	0	
1.39124e+06	0	0	0	185	0	0	0	0	0	0	0	0	0	0	0	0	
1.39199e+06	0	0	0	201	0	0	0	0	0	0	0	0	0	0	0	0	
1.39274e+06	0	0	0	183	0	0	0	0	0	0	0	0	0	0	0	0	
1.39349e+06	0	0	0	233	0	0	0	0	0	0	0	0	0	0	0	0	
1.39424e+06	0	0	0	185	0	0	0	0	0	0	0	0	0	0	0	0	
1.395e+06	0	0	0	183	0	0	0	0	0	0	0	0	0	0	0	0	
1.39575e+06	0	0	0	196	13	0	0	0	0	0	0	0	0	0	0	0	
1.3965e+06	0	0	0	209	0	0	0	0	0	0	0	0	0	0	0	0	
1.39725e+06	0	0	0	217	0	0	0	0	0	0	0	0	0	0	0	0	
1.398e+06	0	0	0	187	0	0	0	0	0	0	0	0	0	0	0	0	
1.39875e+06	0	0	0	191	0	0	0	0	0	0	0	0	0	0	0	0	
1.3995e+06	0	0	0	177	0	0	0	0	0	0	0	0	0	0	0	0	
1.40025e+06	0	0	0	175	0	0	0	0	0	0	0	0	0	0	0	0	
1.401e+06	0	0	0	179	0	0	0	0	0	0	0	0	0	0	0	0	
1.40175e+06	0	0	0	189	0	0	0	0	0	0	0	0	0	0	0	0	
1.4025e+06	0	0	0	191	0	0	0	0	0	0	0	0	0	0	0	0	
1.40325e+06	0	0	0	191	0	0	0	0	0	0	0	0	0	0	0	0	
1.40399e+06	0	0	0	195	0	0	0	0	0	0	0	0	0	0	0	0	
1.40475e+06	0	0	0	223	0	0	0	0	0	0	0	0	0	0	0	0	
1.4055e+06	0	0	0	199	0	0	0	0	0	0	0	0	0	0	0	0	
1.40624e+06	0	0	0	175	0	0	0	0	0	0	0	0	0	0	0	0	
1.407e+06	0	0	0	179	0	0	0	0	0	0	0	0	0	0	0	0	
1.40775e+06	0	0	0	185	0	0	0	0	0	0	0	0	0	0	0	0	
1.4085e+06	0	0	0	211	0	0	0	0	0	0	0	0	0	0	0	0	
1.40925e+06	0	0	0	187	0	0	0	0	0	0	0	0	0	0	0	0	
1.41e+06	0	0	0	215	0	0	0	0	0	0	0	0	0	0	0	0	
1.41075e+06	0	0	0	200	1	0	0	0	0	0	0	0	0	0	0	0	
1.41149e+06	0	0	0	179	0	0	0	0	0	0	0	0	0	0	0	0	
1.41225e+06	0	0	0	219	0	0	0	0	0	0	0	0	0	0	0	0	
1.41299e+06	0	0	0	185	0	0	0	0	0	0	0	0	0	0	0	0	
1.41374e+06	0	0	0	217	0	0	0	0	0	0	0	0	0	0	0	0	
1.4145e+06	0	0	0	195	0	0	0	0	0	0	0	0	0	0	0	0	
1.41525e+06	0	0	0	191	0	0	0	0	0	0	0	0	0	0	0	0	
1.41599e+06	0	0	0	193	0	0	0	0	0	0	0	0	0	0	0	0	
1.41675e+06	0	0	0	199	0	0	0	0	0	0	0	0	0	0	0	0	
1.4175e+06	0	0	0	189	0	0	0	0	0	0	0	0	0	0	0	0	
1.41825e+06	0	0	0	201	0	0	0	0	0	0	0	0	0	0	0	0	
1.41899e+06	0	0	0	195	0	0	0	0	0	0	0	0	0	0	0	0	
1.41974e+06	0	0	0	191	0	0	0	0	0	0	0	0	0	0	0	0	
1.42049e+06	0	0	0	229	0	0	0	0	0	0	0	0	0	0	0	0	
1.42124e+06	0	0	0	211	0	0	0	0	0	0	0	0	0	0	0	0	
1.42199e+06	0	0	30	189	0	0	0	0	0	0	0	0	0	0	0	0	
1.42274e+06	0	0	0	183	0	0	0	0	0	0	0	0	0	0	0	0	
1.42349e+06	0	0	0	203	0	0	0	0	0	0	0	0	0	0	0	0	
1.42423e+06	0	0	0	193	0	0	0	0	0	0	0	0	0	0	0	0	
1.42498e+06	0	0	0	197	0	0	0	0	0	0	0	0	0	0	0	0	
1.42573e+06	0	0	0	191	0	0	0	0	0	0	0	0	0	0	0	0	
1.42648e+06	0	0	0	191	0	0	0	0	0	0	0	0	0	0	0	0	
1.42723e+06	0	0	0	237	0	0	0	0	0	0	0	0	0	0	0	0	
1.42798e+06	0	0	0	185	0	0	0	0	0	0	0	0	0	0	0	0	
1.42873e+06	0	0	0	201	0	0	0	0	0	0	0	0	0	0	0	0	
1.42949e+06	0	0	0	211	0	0	0	0	0	0	0	0	0	0	0	0	
1.43023e+06	0	0	0	211	0	0	0	0	0	0	0	0	0	0	0	0	
1.43099e+06	0	0	0	213	0	0	0	0	0	0	0	0	0	0	0	0	
1.43174e+06	0	0	0	197	0	0	0	0	0	0	0	0	0	0	0	0	
1.43248e+06	0	0	0	217	0	0	0	0	0	0	0	0	0	0	0	0	
1.43323e+06	0	0	0	253	0	0	0	0	0	0	0	0	0	0	0	0	
1.43398e+06	0	0	0	179	0	0	0	0	0	0	0	0	0	0	0	0	
1.43474e+06	0	0	0	195	0	0	0	0	0	0	0	0	0	0	0	0	
1.43549e+06	0	0	0	205	0	0	0	0	0	0	0	0	0	0	0	0	
1.43624e+06	0	0	0	191	0	0	0	0	0	0	0	0	0	0	0	0	
1.43699e+06	0	0	0	197	0	0	0	0	0	0	0	0	0	0	0	0	
1.43774e+06	0	0	0	235	0	0	0	0	0	0	0	0	0	0	0	0	
1.43849e+06	0	0	0	199	0	0	0	0	0	0	0	0	0	0	0	0	
1.43924e+06	0	0	0	205	0	0	0	0	0	0	0	0	0	0	0	0	
1.43999e+06	0	0	0	201	0	0	0	0	0	0	0	0	0	0	0	0	
1.44074e+06	0	0	0	187	0	0	0	0	0	0	0	0	0	0	0	0	
1.44149e+06	0	0	0	213	0	0	0	0	0	0	0	0	0	0	0	0	
1.44224e+06	0	0	0	221	0	0	0	0	0	0	0	0	0	0	0	0	
1.44299e+06	0	0	0	203	0	0	0	0	0	0	0	0	0	0	0	0	
1.44374e+06	0	0	0	207	0	0	0	0	0	0	0	0	0	0	0	0	
1.44449e+06	0	0	0	205	0	0	0	0	0	0	0	0	0	0	0	0	
1.44524e+06	0	0	0	231	0	0	0	0	0	0	0	0	0	0	0	0	
1.44599e+06	0	0	0	191	0	0	0	0	0	0	0	0	0	0	0	0	
1.44674e+06	0	0	0	197	0	0	0	0	0	0	0	0	0	0	0	0	
1.44749e+06	0	0	0	185	0	0	0	0	0	0	0	0	0	0	0	0	
1.44824e+06	0	0	0	171	0	0	0	0	0	0	0	0	0	0	0	0	
1.44898e+06	0	0	0	181	0	0	0	0	0	0	0	0	0	0	0	0	
1.44973e+06	0	0	0	183	0	0	0	0	0	0	0	0	0	0	0	0	
1.45049e+06	0	0	0	215	0	0	0	0	0	0	0	0	0	0	0	0	
1.45124e+06	0	0	0	217	0	0	0	0	0	0	0	0	0	0	0	0	
1.45199e+06	0	0	0	219	0	0	0	0	0	0	0	0	0	0	0	0	
1.45274e+06	0	0	14	185	0	0	0	0	0	0	0	0	0	0	0	0	
1.45349e+06	0	0	287	0	0	0	0	0	0	0	0	0	0	0	0	0	
1.45423e+06	0	0	273	0	0	0	0	0	0	0	0	0	0	0	0	0	
1.45498e+06	0	0	287	0	0	0	0	0	0	0	0	0	0	0	0	0	
1.45574e+06	0	0	257	0	0	0	0	0	0	0	0	0	0	0	0	0	
1.45649e+06	0	0	263	0	0	0	0	0	0	0	0	0	0	0	0	0	
1.45724e+06	0	0	271	0	0	0	0	0	0	0	0	0	0	0	0	0	
1.45799e+06	0	0	267	0	0	0	0	0	0	0	0	0	0	0	0	0	
1.45873e+06	0	0	215	0	0	0	0	0	0	0	0	0	0	0	0	0	
1.45949e+06	0	0	275	0	0	0	0	0	0	0	0	0	0	0	0	0	
1.46024e+06	0	0	239	0	0	0	0	0	0	0	0	0	0	0	0	0	
1.46099e+06	0	0	277	0	0	0	0	0	0	0	0	0	0	0	0	0	
1.46174e+06	0	0	259	0	0	0	0	0	0	0	0	0	0	0	0	0	
1.46249e+06	0	0	279	0	0	0	0	0	0	0	0	0	0	0	0	0	
1.46324e+06	0	0	277	0	0	0	0	0	0	0	0	0	0	0	0	0	
1.46399e+06	0	0	245	0	0	0	0	0	0	0	0	0	0	0	0	0	
1.46474e+06	0	0	261	0	0	0	0	0	0	0	0	0	0	0	0	0	
1.46549e+06	0	0	265	0	0	0	0	0	0	0	0	0	0	0	0	0	
1.46624e+06	0	53	222	0	0	0	0	0	0	0	0	0	0	0	0	0	
1.46699e+06	0	0	0	193	0	0	0	0	0	0	0	0	0	0	0	0	
1.46774e+06	0	0	0	193	0	0	0	0	0	0	0	0	0	0	0	0	
1.46849e+06	0	0	0	203	0	0	0	0	0	0	0	0	0	0	0	0	
1.46924e+06	0	0	0	199	0	0	0	0	0	0	0	0	0	0	0	0	
1.46999e+06	0	0	0	187	0	0	0	0	0	0	0	0	0	0	0	0	
1.47075e+06	0	0	0	191	0	0	0	0	0	0	0	0	0	0	0	0	
1.47149e+06	0	0	0	195	0	0	0	0	0	0	0	0	0	0	0	0	
1.47224e+06	0	0	0	213	0	0	0	0	0	0	0	0	0	0	0	0	
1.473e+06	0	0	0	191	0	0	0	0	0	0	0	0	0	0	0	0	
1.47375e+06	0	0	0	201	0	0	0	0	0	0	0	0	0	0	0	0	
1.4745e+06	0	0	0	193	0	0	0	0	0	0	0	0	0	0	0	0	
1.47525e+06	0	0	0	207	0	0	0	0	0	0	0	0	0	0	0	0	
1.476e+06	0	0	1	194	0	0	0	0	0	0	0	0	0	0	0	0	
1.47675e+06	0	0	0	183	0	0	0	0	0	0	0	0	0	0	0	0	
1.4775e+06	0	0	0	221	0	0	0	0	0	0	0	0	0	0	0	0	
1.47825e+06	0	0	0	185	0	0	0	0	0	0	0	0	0	0	0	0	
1.479e+06	0	0	0	193	0	0	0	0	0	0	0	0	0	0	0	0	
1.47975e+06	0	0	0	179	0	0	0	0	0	0	0	0	0	0	0	0	
1.4805e+06	0	0	0	185	0	0	0	0	0	0	0	0	0	0	0	0	
1.48125e+06	0	0	0	197	0	0	0	0	0	0	0	0	0	0	0	0	
1.48201e+06	0	0	0	191	0	0	0	0	0	0	0	0	0	0	0	0	
1.48276e+06	0	0	0	213	0	0	0	0	0	0	0	0	0	0	0	0	
1.4835e+06	0	0	0	219	0	0	0	0	0	0	0	0	0	0	0	0	
1.48425e+06	0	0	0	187	0	0	0	0	0	0	0	0	0	0	0	0	
1.485e+06	0	0	0	173	0	0	0	0	0	0	0	0	0	0	0	0	
1.48575e+06	0	0	0	189	0	0	0	0	0	0	0	0	0	0	0	0	
1.4865e+06	0	0	0	223	0	0	0	0	0	0	0	0	0	0	0	0	
1.48725e+06	0	0	0	187	0	0	0	0	0	0	0	0	0	0	0	0	
1.488e+06	0	0	0	193	0	0	0	0	0	0	0	0	0	0	0	0	
1.48875e+06	0	0	0	193	0	0	0	0	0	0	0	0	0	0	0	0	
1.4895e+06	0	0	0	203	0	0	0	0	0	0	0	0	0	0	0	0	
1.49025e+06	0	0	0	177	0	0	0	0	0	0	0	0	0	0	0	0	
1.491e+06	0	0	0	181	0	0	0	0	0	0	0	0	0	0	0	0	
1.49175e+06	0	0	0	209	0	0	0	0	0	0	0	0	0	0	0	0	
1.49249e+06	0	0	0	219	0	0	0	0	0	0	0	0	0	0	0	0	
1.49324e+06	0	0	0	235	0	0	0	0	0	0	0	0	0	0	0	0	
1.49399e+06	0	0	0	179	0	0	0	0	0	0	0	0	0	0	0	0	
1.49473e+06	0	0	0	193	0	0	0	0	0	0	0	0	0	0	0	0	
1.49548e+06	0	0	0	213	0	0	0	0	0	0	0	0	0	0	0	0	
1.49624e+06	0	0	0	221	0	0	0	0	0	0	0	0	0	0	0	0	
1.49698e+06	0	0	0	171	0	0	0	0	0	0	0	0	0	0	0	0	
1.49774e+06	0	0	0	215	0	0	0	0	0	0	0	0	0	0	0	0	
1.49849e+06	0	0	0	179	0	0	0	0	0	0	0	0	0	0	0	0	
1.49924e+06	0	0	0	195	0	0	0	0	0	0	0	0	0	0	0	0	
1.49999e+06	0	0	0	199	0	0	0	0	0	0	0	0	0	0	0	0	
1.49999e+06	0	0	0	199	0	0	0	0	0	0	0	0	0	0	0	0	
