Time	s0	s1	s2	s3	s4	s5	s6	s7	s8	s9	s10	s11	s12	s13	s14	s15	
0	0	0	0	0	0	0	0	0	0	0	0	0	0	0	0	200	
0.00136221	0	0	0	0	0	0	0	0	0	0	0	0	0	0	0	199	
750.233	0	0	0	0	0	0	0	0	0	0	0	0	0	0	0	49	
1499.43	0	0	0	0	0	0	0	0	0	0	0	0	0	0	0	55	
2249.6	0	0	0	0	0	0	0	0	0	0	0	0	0	0	0	47	
2997.29	0	0	0	0	0	0	0	0	0	0	0	0	0	0	0	57	
3747.55	0	0	0	0	0	0	0	0	0	0	0	0	0	0	0	49	
4498.44	0	0	0	0	0	0	0	0	0	0	0	0	0	0	0	53	
5246.3	0	0	0	0	0	0	0	0	0	0	0	0	0	0	0	47	
5996.81	0	0	0	0	0	0	0	0	0	0	0	0	0	0	0	59	
6747.38	0	0	0	0	0	0	0	0	0	0	0	0	0	0	2	51	
7497.83	0	0	0	0	0	0	0	0	0	0	0	0	0	0	0	55	
8246.78	0	0	0	0	0	0	0	0	0	0	0	0	0	0	0	43	
8997.25	0	0	0	0	0	0	0	0	0	0	0	0	0	0	0	43	
9745.12	0	0	0	0	0	0	0	0	0	0	0	0	0	0	0	35	
10496.7	0	0	0	0	0	0	0	0	0	0	0	0	0	0	0	71	
11247.6	0	0	0	0	0	0	0	0	0	0	0	0	0	0	0	51	
11997.2	0	0	0	0	0	0	0	0	0	0	0	0	0	0	0	49	
12746.9	0	0	0	0	0	0	0	0	0	0	0	0	0	0	0	49	
13497.3	0	0	0	0	0	0	0	0	0	0	0	0	0	0	0	39	
14246.7	0	0	0	0	0	0	0	0	0	0	0	0	0	0	0	59	
14996.7	0	0	0	0	0	0	0	0	0	0	0	0	0	0	0	49	
15745.2	0	0	0	0	0	0	0	0	0	0	0	0	0	0	0	49	
16494.8	0	0	0	0	0	0	0	0	0	0	0	0	0	0	0	59	
17242.4	0	0	0	0	0	0	0	0	0	0	0	0	0	0	0	45	
17990.9	0	0	0	0	0	0	0	0	0	0	0	0	0	0	0	47	
18743.7	0	0	0	0	0	0	0	0	0	0	0	0	0	0	0	55	
19494.5	0	0	0	0	0	0	0	0	0	0	0	0	0	0	0	55	
20244.4	0	0	0	0	0	0	0	0	0	0	0	0	0	0	0	39	
20994.8	0	0	0	0	0	0	0	0	0	0	0	0	0	0	0	63	
21744.4	0	0	0	0	0	0	0	0	0	0	0	0	0	0	0	53	
22493.7	0	0	0	0	0	0	0	0	0	0	0	0	0	0	0	43	
23242.6	0	0	0	0	0	0	0	0	0	0	0	0	0	0	0	47	
23992.9	0	0	0	0	0	0	0	0	0	0	0	0	0	0	0	57	
24738	0	0	0	0	0	0	0	0	0	0	0	0	0	0	0	55	
25490.7	0	0	0	0	0	0	0	0	0	0	0	0	0	0	0	57	
26241.6	0	0	0	0	0	0	0	0	0	0	0	0	0	0	0	51	
26995.4	0	0	0	0	0	0	0	0	0	0	0	0	0	0	0	45	
27744.9	0	0	0	0	0	0	0	0	0	0	0	0	0	0	0	45	
28492.4	0	0	0	0	0	0	0	0	0	0	0	0	0	0	0	55	
29240.5	0	0	0	0	0	0	0	0	0	0	0	0	0	0	0	57	
29990.7	0	0	0	0	0	0	0	0	0	0	0	0	0	0	0	43	
30740.7	0	0	0	0	0	0	0	0	0	0	0	0	0	0	0	47	
31489.3	0	0	0	0	0	0	0	0	0	0	0	0	0	0	0	59	
32239	0	0	0	0	0	0	0	0	0	0	0	0	0	0	51	0	
32988.8	0	0	0	0	0	0	0	0	0	0	0	0	0	0	55	0	
33738.9	0	0	0	0	0	0	0	0	0	0	0	0	0	0	59	0	
34490.5	0	0	0	0	0	0	0	0	0	0	0	0	0	0	55	0	
35241.1	0	0	0	0	0	0	0	0	0	0	0	0	0	0	59	0	
35992	0	0	0	0	0	0	0	0	0	0	0	0	0	0	43	0	
36739.4	0	0	0	0	0	0	0	0	0	0	0	0	0	0	57	0	
37488.6	0	0	0	0	0	0	0	0	0	0	0	0	0	0	0	47	
38236.4	0	0	0	0	0	0	0	0	0	0	0	0	0	0	0	51	
38984.1	0	0	0	0	0	0	0	0	0	0	0	0	0	0	0	43	
39735.7	0	0	0	0	0	0	0	0	0	0	0	0	0	0	0	55	
40487	0	0	0	0	0	0	0	0	0	0	0	0	0	0	0	41	
41237.5	0	0	0	0	0	0	0	0	0	0	0	0	0	0	0	47	
41986.1	0	0	0	0	0	0	0	0	0	0	0	0	0	0	0	43	
42738.6	0	0	0	0	0	0	0	0	0	0	0	0	0	0	0	67	
43489.1	0	0	0	0	0	0	0	0	0	0	0	0	0	0	0	39	
44239.8	0	0	0	0	0	0	0	0	0	0	0	0	0	0	0	43	
44989.5	0	0	0	0	0	0	0	0	0	0	0	0	0	0	0	59	
45738.4	0	0	0	0	0	0	0	0	0	0	0	0	0	0	0	47	
46490.7	0	0	0	0	0	0	0	0	0	0	0	0	0	0	0	45	
47240.6	0	0	0	0	0	0	0	0	0	0	0	0	0	0	0	53	
47986.5	0	0	0	0	0	0	0	0	0	0	0	0	0	0	0	47	
48736	0	0	0	0	0	0	0	0	0	0	0	0	0	0	0	55	
49488.3	0	0	0	0	0	0	0	0	0	0	0	0	0	0	0	43	
50239.2	0	0	0	0	0	0	0	0	0	0	0	0	0	0	0	55	
50990.1	0	0	0	0	0	0	0	0	0	0	0	0	0	0	0	49	
51737.9	0	0	0	0	0	0	0	0	0	0	0	0	0	0	53	0	
52486.1	0	0	0	0	0	0	0	0	0	0	0	0	0	0	59	0	
53236.6	0	0	0	0	0	0	0	0	0	0	0	0	0	0	59	0	
53989.8	0	0	0	0	0	0	0	0	0	0	0	0	0	0	53	0	
54740.2	0	0	0	0	0	0	0	0	0	0	0	0	0	0	47	0	
55486.8	0	0	0	0	0	0	0	0	0	0	0	0	0	0	37	0	
56236.4	0	0	0	0	0	0	0	0	0	0	0	0	0	0	47	0	
56987.4	0	0	0	0	0	0	0	0	0	0	0	0	0	0	53	0	
57736.6	0	0	0	0	0	0	0	0	0	0	0	0	0	0	57	0	
58488	0	0	0	0	0	0	0	0	0	0	0	0	0	0	53	0	
59237.7	0	0	0	0	0	0	0	0	0	0	0	0	0	0	55	0	
59987.9	0	0	0	0	0	0	0	0	0	0	0	0	0	0	49	0	
60736	0	0	0	0	0	0	0	0	0	0	0	0	0	0	67	0	
61487.5	0	0	0	0	0	0	0	0	0	0	0	0	0	0	49	0	
62239.1	0	0	0	0	0	0	0	0	0	0	0	0	0	0	0	59	
62990.2	0	0	0	0	0	0	0	0	0	0	0	0	0	0	0	59	
63742.8	0	0	0	0	0	0	0	0	0	0	0	0	0	0	0	53	
64492.2	0	0	0	0	0	0	0	0	0	0	0	0	0	0	0	53	
65241.7	0	0	0	0	0	0	0	0	0	0	0	0	0	0	0	65	
65991.6	0	0	0	0	0	0	0	0	0	0	0	0	0	0	0	55	
66741.8	0	0	0	0	0	0	0	0	0	0	0	0	0	0	0	61	
67493.9	0	0	0	0	0	0	0	0	0	0	0	0	0	0	0	55	
68241.7	0	0	0	0	0	0	0	0	0	0	0	0	0	0	0	59	
68993.1	0	0	0	0	0	0	0	0	0	0	0	0	0	0	0	43	
69744.4	0	0	0	0	0	0	0	0	0	0	0	0	0	0	0	43	
70497	0	0	0	0	0	0	0	0	0	0	0	0	0	0	0	45	
71246.4	0	0	0	0	0	0	0	0	0	0	0	0	0	0	0	43	
71996.1	0	0	0	0	0	0	0	0	0	0	0	0	0	0	0	63	
72745.1	0	0	0	0	0	0	0	0	0	0	0	0	0	0	0	57	
73496	0	0	0	0	0	0	0	0	0	0	0	0	0	0	0	47	
74242.2	0	0	0	0	0	0	0	0	0	0	0	0	0	0	0	47	
74996	0	0	0	0	0	0	0	0	0	0	0	0	0	0	0	53	
75743.3	0	0	0	0	0	0	0	0	0	0	0	0	0	0	0	51	
76496.5	0	0	0	0	0	0	0	0	0	0	0	0	0	0	49	0	
77246.3	0	0	0	0	0	0	0	0	0	0	0	0	0	0	39	0	
77999.2	0	0	0	0	0	0	0	0	0	0	0	0	0	51	0	0	
78751.2	0	0	0	0	0	0	0	0	0	0	0	0	0	49	0	0	
79500	0	0	0	0	0	0	0	0	0	0	0	0	0	53	0	0	
80248.4	0	0	0	0	0	0	0	0	0	0	0	0	24	33	0	0	
80997.4	0	0	0	0	0	0	0	0	0	0	0	0	0	69	0	0	
81746.6	0	0	0	0	0	0	0	0	0	0	0	0	0	61	0	0	
82498.3	0	0	0	0	0	0	0	0	0	0	0	0	0	47	0	0	
83244	0	0	0	0	0	0	0	0	0	0	0	0	0	55	0	0	
83996.8	0	0	0	0	0	0	0	0	0	0	0	0	0	0	55	0	
84746.9	0	0	0	0	0	0	0	0	0	0	0	0	0	0	51	0	
85501.2	0	0	0	0	0	0	0	0	0	0	0	0	0	0	53	0	
86249.4	0	0	0	0	0	0	0	0	0	0	0	0	0	0	55	0	
86996.5	0	0	0	0	0	0	0	0	0	0	0	0	0	0	57	0	
87745.3	0	0	0	0	0	0	0	0	0	0	0	0	0	0	63	0	
88496.9	0	0	0	0	0	0	0	0	0	0	0	0	0	0	0	41	
89249.5	0	0	0	0	0	0	0	0	0	0	0	0	0	0	0	41	
89999.8	0	0	0	0	0	0	0	0	0	0	0	0	0	0	0	51	
90748.7	0	0	0	0	0	0	0	0	0	0	0	0	0	0	0	67	
91497.2	0	0	0	0	0	0	0	0	0	0	0	0	0	0	0	51	
92246.5	0	0	0	0	0	0	0	0	0	0	0	0	0	0	0	43	
92997.9	0	0	0	0	0	0	0	0	0	0	0	0	0	0	0	47	
93748.5	0	0	0	0	0	0	0	0	0	0	0	0	0	0	0	47	
94495	0	0	0	0	0	0	0	0	0	0	0	0	0	0	0	49	
95245.9	0	0	0	0	0	0	0	0	0	0	0	0	0	0	0	41	
95994.3	0	0	0	0	0	0	0	0	0	0	0	0	0	0	0	41	
96746.6	0	0	0	0	0	0	0	0	0	0	0	0	0	0	0	47	
97493.3	0	0	0	0	0	0	0	0	0	0	0	0	0	0	0	41	
98243.5	0	0	0	0	0	0	0	0	0	0	0	0	0	0	0	53	
98995.3	0	0	0	0	0	0	0	0	0	0	0	0	0	0	0	45	
99745.8	0	0	0	0	0	0	0	0	0	0	0	0	0	0	59	0	
100497	0	0	0	0	0	0	0	0	0	0	0	0	0	0	45	0	
101246	0	0	0	0	0	0	0	0	0	0	0	0	0	0	51	0	
101999	0	0	0	0	0	0	0	0	0	0	0	0	0	0	59	0	
102749	0	0	0	0	0	0	0	0	0	0	0	0	0	0	57	0	
103498	0	0	0	0	0	0	0	0	0	0	0	0	0	0	57	0	
104248	0	0	0	0	0	0	0	0	0	0	0	0	0	0	57	0	
104999	0	0	0	0	0	0	0	0	0	0	0	0	0	0	47	0	
105749	0	0	0	0	0	0	0	0	0	0	0	0	0	0	51	0	
106501	0	0	0	0	0	0	0	0	0	0	0	0	0	0	67	0	
107246	0	0	0	0	0	0	0	0	0	0	0	0	0	0	53	0	
107994	0	0	0	0	0	0	0	0	0	0	0	0	0	0	47	0	
108745	0	0	0	0	0	0	0	0	0	0	0	0	0	0	47	0	
109493	0	0	0	0	0	0	0	0	0	0	0	0	0	0	55	0	
110242	0	0	0	0	0	0	0	0	0	0	0	0	0	0	55	0	
110995	0	0	0	0	0	0	0	0	0	0	0	0	0	0	57	0	
111743	0	0	0	0	0	0	0	0	0	0	0	0	0	0	47	0	
112494	0	0	0	0	0	0	0	0	0	0	0	0	0	0	43	0	
113243	0	0	0	0	0	0	0	0	0	0	0	0	0	0	49	0	
113990	0	0	0	0	0	0	0	0	0	0	0	0	0	0	53	0	
114741	0	0	0	0	0	0	0	0	0	0	0	0	0	0	41	0	
115492	0	0	0	0	0	0	0	0	0	0	0	0	0	0	63	0	
116242	0	0	0	0	0	0	0	0	0	0	0	0	0	0	55	0	
116990	0	0	0	0	0	0	0	0	0	0	0	0	0	0	67	0	
117742	0	0	0	0	0	0	0	0	0	0	0	0	0	0	59	0	
118491	0	0	0	0	0	0	0	0	0	0	0	0	0	0	0	31	
119242	0	0	0	0	0	0	0	0	0	0	0	0	0	0	0	45	
119993	0	0	0	0	0	0	0	0	0	0	0	0	0	0	0	61	
120747	0	0	0	0	0	0	0	0	0	0	0	0	0	0	0	51	
121499	0	0	0	0	0	0	0	0	0	0	0	0	0	0	0	59	
122245	0	0	0	0	0	0	0	0	0	0	0	0	0	0	0	47	
122996	0	0	0	0	0	0	0	0	0	0	0	0	0	0	0	55	
123747	0	0	0	0	0	0	0	0	0	0	0	0	0	0	0	51	
124497	0	0	0	0	0	0	0	0	0	0	0	0	0	0	0	55	
125245	0	0	0	0	0	0	0	0	0	0	0	0	0	0	65	0	
126000	0	0	0	0	0	0	0	0	0	0	0	0	0	0	67	0	
126751	0	0	0	0	0	0	0	0	0	0	0	0	0	0	49	0	
127500	0	0	0	0	0	0	0	0	0	0	0	0	0	0	53	0	
128249	0	0	0	0	0	0	0	0	0	0	0	0	0	63	0	0	
128999	0	0	0	0	0	0	0	0	0	0	0	0	0	53	0	0	
129750	0	0	0	0	0	0	0	0	0	0	0	0	0	65	0	0	
130502	0	0	0	0	0	0	0	0	0	0	0	0	0	61	0	0	
131252	0	0	0	0	0	0	0	0	0	0	0	0	0	0	63	0	
132000	0	0	0	0	0	0	0	0	0	0	0	0	0	0	41	0	
132751	0	0	0	0	0	0	0	0	0	0	0	0	0	0	59	0	
133503	0	0	0	0	0	0	0	0	0	0	0	0	0	0	63	0	
134253	0	0	0	0	0	0	0	0	0	0	0	0	0	57	0	0	
135004	0	0	0	0	0	0	0	0	0	0	0	0	0	59	0	0	
135755	0	0	0	0	0	0	0	0	0	0	0	0	0	59	0	0	
136507	0	0	0	0	0	0	0	0	0	0	0	0	0	67	0	0	
137258	0	0	0	0	0	0	0	0	0	0	0	0	0	55	0	0	
138006	0	0	0	0	0	0	0	0	0	0	0	0	0	59	0	0	
138761	0	0	0	0	0	0	0	0	0	0	0	0	0	57	0	0	
139512	0	0	0	0	0	0	0	0	0	0	0	0	0	43	0	0	
140266	0	0	0	0	0	0	0	0	0	0	0	0	0	65	0	0	
141017	0	0	0	0	0	0	0	0	0	0	0	0	0	61	0	0	
141762	0	0	0	0	0	0	0	0	0	0	0	0	0	69	0	0	
142511	0	0	0	0	0	0	0	0	0	0	0	0	0	47	0	0	
143262	0	0	0	0	0	0	0	0	0	0	0	0	0	57	0	0	
144011	0	0	0	0	0	0	0	0	0	0	0	0	0	0	59	0	
144761	0	0	0	0	0	0	0	0	0	0	0	0	0	0	45	0	
145509	0	0	0	0	0	0	0	0	0	0	0	0	0	0	55	0	
146256	0	0	0	0	0	0	0	0	0	0	0	0	0	0	47	0	
147006	0	0	0	0	0	0	0	0	0	0	0	0	0	0	73	0	
147755	0	0	0	0	0	0	0	0	0	0	0	0	0	0	49	0	
148505	0	0	0	0	0	0	0	0	0	0	0	0	0	0	47	0	
149255	0	0	0	0	0	0	0	0	0	0	0	0	0	0	55	0	
150005	0	0	0	0	0	0	0	0	0	0	0	0	0	0	53	0	
150754	0	0	0	0	0	0	0	0	0	0	0	0	0	57	0	0	
151505	0	0	0	0	0	0	0	0	0	0	0	0	0	53	0	0	
152253	0	0	0	0	0	0	0	0	0	0	0	0	0	0	55	0	
153003	0	0	0	0	0	0	0	0	0	0	0	0	0	0	61	0	
153750	0	0	0	0	0	0	0	0	0	0	0	0	0	0	37	10	
154500	0	0	0	0	0	0	0	0	0	0	0	0	0	0	51	0	
155249	0	0	0	0	0	0	0	0	0	0	0	0	0	3	42	0	
156001	0	0	0	0	0	0	0	0	0	0	0	0	0	0	0	45	
156748	0	0	0	0	0	0	0	0	0	0	0	0	0	0	0	53	
157497	0	0	0	0	0	0	0	0	0	0	0	0	0	0	0	59	
158245	0	0	0	0	0	0	0	0	0	0	0	0	0	0	0	61	
158997	0	0	0	0	0	0	0	0	0	0	0	0	0	0	0	65	
159744	0	0	0	0	0	0	0	0	0	0	0	0	0	0	0	55	
160493	0	0	0	0	0	0	0	0	0	0	0	0	0	0	0	61	
161241	0	0	0	0	0	0	0	0	0	0	0	0	0	0	0	63	
161990	0	0	0	0	0	0	0	0	0	0	0	0	0	0	0	61	
162740	0	0	0	0	0	0	0	0	0	0	0	0	0	0	0	45	
163491	0	0	0	0	0	0	0	0	0	0	0	0	0	0	0	55	
164239	0	0	0	0	0	0	0	0	0	0	0	0	0	0	0	57	
164986	0	0	0	0	0	0	0	0	0	0	0	0	0	0	0	45	
165731	0	0	0	0	0	0	0	0	0	0	0	0	0	0	0	49	
166479	0	0	0	0	0	0	0	0	0	0	0	0	0	0	0	53	
167230	0	0	0	0	0	0	0	0	0	0	0	0	0	0	0	49	
167978	0	0	0	0	0	0	0	0	0	0	0	0	0	0	0	47	
168728	0	0	0	0	0	0	0	0	0	0	0	0	0	0	0	59	
169476	0	0	0	0	0	0	0	0	0	0	0	0	0	0	0	59	
170225	0	0	0	0	0	0	0	0	0	0	0	0	0	0	39	0	
170976	0	0	0	0	0	0	0	0	0	0	0	0	0	0	57	0	
171728	0	0	0	0	0	0	0	0	0	0	0	0	0	0	61	0	
172480	0	0	0	0	0	0	0	0	0	0	0	0	0	0	61	0	
173229	0	0	0	0	0	0	0	0	0	0	0	0	0	0	43	0	
173980	0	0	0	0	0	0	0	0	0	0	0	0	0	0	51	0	
174729	0	0	0	0	0	0	0	0	0	0	0	0	0	0	55	0	
175478	0	0	0	0	0	0	0	0	0	0	0	0	0	0	67	0	
176229	0	0	0	0	0	0	0	0	0	0	0	0	0	0	0	65	
176978	0	0	0	0	0	0	0	0	0	0	0	0	0	0	61	0	
177728	0	0	0	0	0	0	0	0	0	0	0	0	0	0	63	0	
178477	0	0	0	0	0	0	0	0	0	0	0	0	0	0	65	0	
179227	0	0	0	0	0	0	0	0	0	0	0	0	0	0	67	0	
179975	0	0	0	0	0	0	0	0	0	0	0	0	0	0	45	0	
180722	0	0	0	0	0	0	0	0	0	0	0	0	0	0	47	0	
181471	0	0	0	0	0	0	0	0	0	0	0	0	0	0	51	0	
182224	0	0	0	0	0	0	0	0	0	0	0	0	0	0	63	0	
182974	0	0	0	0	0	0	0	0	0	0	0	0	0	0	49	0	
183726	0	0	0	0	0	0	0	0	0	0	0	0	0	0	0	47	
184478	0	0	0	0	0	0	0	0	0	0	0	0	0	0	47	0	
185227	0	0	0	0	0	0	0	0	0	0	0	0	0	0	51	0	
185976	0	0	0	0	0	0	0	0	0	0	0	0	0	0	51	0	
186729	0	0	0	0	0	0	0	0	0	0	0	0	0	0	47	0	
187477	0	0	0	0	0	0	0	0	0	0	0	0	0	0	61	0	
188226	0	0	0	0	0	0	0	0	0	0	0	0	0	0	61	0	
188974	0	0	0	0	0	0	0	0	0	0	0	0	0	0	59	0	
189722	0	0	0	0	0	0	0	0	0	0	0	0	0	0	47	0	
190468	0	0	0	0	0	0	0	0	0	0	0	0	0	0	67	0	
191220	0	0	0	0	0	0	0	0	0	0	0	0	0	0	47	0	
191973	0	0	0	0	0	0	0	0	0	0	0	0	0	0	47	0	
192725	0	0	0	0	0	0	0	0	0	0	0	0	0	0	63	0	
193479	0	0	0	0	0	0	0	0	0	0	0	0	0	0	0	45	
194234	0	0	0	0	0	0	0	0	0	0	0	0	0	0	0	33	
194987	0	0	0	0	0	0	0	0	0	0	0	0	0	0	0	53	
195737	0	0	0	0	0	0	0	0	0	0	0	0	0	0	61	0	
196487	0	0	0	0	0	0	0	0	0	0	0	0	0	0	55	0	
197237	0	0	0	0	0	0	0	0	0	0	0	0	0	0	41	0	
197988	0	0	0	0	0	0	0	0	0	0	0	0	0	0	59	0	
198738	0	0	0	0	0	0	0	0	0	0	0	0	0	0	53	0	
199487	0	0	0	0	0	0	0	0	0	0	0	0	0	0	63	0	
200239	0	0	0	0	0	0	0	0	0	0	0	0	0	0	59	0	
200987	0	0	0	0	0	0	0	0	0	0	0	0	0	0	55	0	
201737	0	0	0	0	0	0	0	0	0	0	0	0	0	0	49	0	
202487	0	0	0	0	0	0	0	0	0	0	0	0	0	0	49	0	
203236	0	0	0	0	0	0	0	0	0	0	0	0	0	0	53	0	
203985	0	0	0	0	0	0	0	0	0	0	0	0	0	0	43	0	
204732	0	0	0	0	0	0	0	0	0	0	0	0	0	0	59	0	
205482	0	0	0	0	0	0	0	0	0	0	0	0	0	0	57	0	
206233	0	0	0	0	0	0	0	0	0	0	0	0	0	0	55	0	
206984	0	0	0	0	0	0	0	0	0	0	0	0	0	0	55	0	
207736	0	0	0	0	0	0	0	0	0	0	0	0	0	0	59	0	
208485	0	0	0	0	0	0	0	0	0	0	0	0	0	0	45	0	
209236	0	0	0	0	0	0	0	0	0	0	0	0	0	0	57	0	
209987	0	0	0	0	0	0	0	0	0	0	0	0	0	0	51	0	
210739	0	0	0	0	0	0	0	0	0	0	0	0	0	0	51	0	
211489	0	0	0	0	0	0	0	0	0	0	0	0	0	0	55	0	
212239	0	0	0	0	0	0	0	0	0	0	0	0	0	0	55	0	
212991	0	0	0	0	0	0	0	0	0	0	0	0	0	0	61	0	
213741	0	0	0	0	0	0	0	0	0	0	0	0	0	0	39	0	
214491	0	0	0	0	0	0	0	0	0	0	0	0	0	61	0	0	
215241	0	0	0	0	0	0	0	0	0	0	0	0	0	61	0	0	
215990	0	0	0	0	0	0	0	0	0	0	0	0	0	51	0	0	
216740	0	0	0	0	0	0	0	0	0	0	0	0	0	45	0	0	
217490	0	0	0	0	0	0	0	0	0	0	0	0	0	53	0	0	
218239	0	0	0	0	0	0	0	0	0	0	0	0	67	0	0	0	
218990	0	0	0	0	0	0	0	0	0	0	0	0	67	0	0	0	
219738	0	0	0	0	0	0	0	0	0	0	0	0	71	0	0	0	
220489	0	0	0	0	0	0	0	0	0	0	0	0	71	0	0	0	
221240	0	0	0	0	0	0	0	0	0	0	0	0	53	0	0	0	
221994	0	0	0	0	0	0	0	0	0	0	0	61	0	0	0	0	
222748	0	0	0	0	0	0	0	0	0	0	0	57	0	0	0	0	
223498	0	0	0	0	0	0	0	0	0	0	0	67	0	0	0	0	
224248	0	0	0	0	0	0	0	0	0	0	0	73	0	0	0	0	
224998	0	0	0	0	0	0	0	0	0	0	0	67	0	0	0	0	
225745	0	0	0	0	0	0	0	0	0	0	0	0	75	0	0	0	
226494	0	0	0	0	0	0	0	0	0	0	0	0	53	0	0	0	
227245	0	0	0	0	0	0	0	0	0	0	0	0	71	0	0	0	
227997	0	0	0	0	0	0	0	0	0	0	0	0	69	0	0	0	
228747	0	0	0	0	0	0	0	0	0	0	0	0	69	0	0	0	
229494	0	0	0	0	0	0	0	0	0	0	0	0	53	0	0	0	
230244	0	0	0	0	0	0	0	0	0	0	0	0	59	0	0	0	
230992	0	0	0	0	0	0	0	0	0	0	0	0	53	0	0	0	
231745	0	0	0	0	0	0	0	0	0	0	0	0	67	0	0	0	
232497	0	0	0	0	0	0	0	0	0	0	0	0	61	0	0	0	
233249	0	0	0	0	0	0	0	0	0	0	0	0	53	0	0	0	
234001	0	0	0	0	0	0	0	0	0	0	0	0	71	0	0	0	
234745	0	0	0	0	0	0	0	0	0	0	0	0	57	0	0	0	
235495	0	0	0	0	0	0	0	0	0	0	0	0	67	0	0	0	
236245	0	0	0	0	0	0	0	0	0	0	0	0	69	0	0	0	
236995	0	0	0	0	0	0	0	0	0	0	0	0	57	0	0	0	
237747	0	0	0	0	0	0	0	0	0	0	0	0	59	0	0	0	
238497	0	0	0	0	0	0	0	0	0	0	0	0	55	0	0	0	
239247	0	0	0	0	0	0	0	0	0	0	0	0	53	0	0	0	
239999	0	0	0	0	0	0	0	0	0	0	0	0	49	0	0	0	
240749	0	0	0	0	0	0	0	0	0	0	0	0	51	0	0	0	
241501	0	0	0	0	0	0	0	0	0	0	0	0	79	0	0	0	
242252	0	0	0	0	0	0	0	0	0	0	0	0	55	0	0	0	
243001	0	0	0	0	0	0	0	0	0	0	0	0	61	0	0	0	
243750	0	0	0	0	0	0	0	0	0	0	0	0	51	0	0	0	
244500	0	0	0	0	0	0	0	0	0	0	0	0	55	0	0	0	
245251	0	0	0	0	0	0	0	0	0	0	0	0	61	0	0	0	
245998	0	0	0	0	0	0	0	0	0	0	0	0	49	0	0	0	
246748	0	0	0	0	0	0	0	0	0	0	0	0	61	0	0	0	
247498	0	0	0	0	0	0	0	0	0	0	0	0	55	0	0	0	
248246	0	0	0	0	0	0	0	0	0	0	0	0	57	0	0	0	
248996	0	0	0	0	0	0	0	0	0	0	0	0	55	0	0	0	
249748	0	0	0	0	0	0	0	0	0	0	0	0	63	0	0	0	
250497	0	0	0	0	0	0	0	0	0	0	0	0	61	0	0	0	
251249	0	0	0	0	0	0	0	0	0	0	0	0	0	61	0	0	
252002	0	0	0	0	0	0	0	0	0	0	0	0	0	69	0	0	
252751	0	0	0	0	0	0	0	0	0	0	0	0	0	61	0	0	
253499	0	0	0	0	0	0	0	0	0	0	0	0	0	41	0	0	
254249	0	0	0	0	0	0	0	0	0	0	0	0	0	63	0	0	
254997	0	0	0	0	0	0	0	0	0	0	0	0	0	55	0	0	
255749	0	0	0	0	0	0	0	0	0	0	0	0	0	53	0	0	
256500	0	0	0	0	0	0	0	0	0	0	0	0	0	55	0	0	
257250	0	0	0	0	0	0	0	0	0	0	0	0	0	71	0	0	
258003	0	0	0	0	0	0	0	0	0	0	0	0	0	67	0	0	
258749	0	0	0	0	0	0	0	0	0	0	0	0	0	71	0	0	
259499	0	0	0	0	0	0	0	0	0	0	0	0	0	57	0	0	
260249	0	0	0	0	0	0	0	0	0	0	0	0	0	61	0	0	
260996	0	0	0	0	0	0	0	0	0	0	0	0	0	53	0	0	
261747	0	0	0	0	0	0	0	0	0	0	0	0	0	59	0	0	
262499	0	0	0	0	0	0	0	0	0	0	0	0	0	67	0	0	
263246	0	0	0	0	0	0	0	0	0	0	0	0	0	49	0	0	
263997	0	0	0	0	0	0	0	0	0	0	0	0	0	53	0	0	
264747	0	0	0	0	0	0	0	0	0	0	0	0	0	53	0	0	
265495	0	0	0	0	0	0	0	0	0	0	0	0	0	57	0	0	
266244	0	0	0	0	0	0	0	0	0	0	0	0	0	47	0	0	
266993	0	0	0	0	0	0	0	0	0	0	0	0	0	53	0	0	
267739	0	0	0	0	0	0	0	0	0	0	0	0	0	59	0	0	
268489	0	0	0	0	0	0	0	0	0	0	0	0	0	75	0	0	
269240	0	0	0	0	0	0	0	0	0	0	0	0	0	51	0	0	
269989	0	0	0	0	0	0	0	0	0	0	0	0	0	73	0	0	
270739	0	0	0	0	0	0	0	0	0	0	0	0	0	53	0	0	
271489	0	0	0	0	0	0	0	0	0	0	0	0	0	51	0	0	
272238	0	0	0	0	0	0	0	0	0	0	0	0	0	61	0	0	
272988	0	0	0	0	0	0	0	0	0	0	0	0	0	59	0	0	
273740	0	0	0	0	0	0	0	0	0	0	0	0	73	0	0	0	
274489	0	0	0	0	0	0	0	0	0	0	0	0	65	0	0	0	
275239	0	0	0	0	0	0	0	0	0	0	0	0	61	0	0	0	
275990	0	0	0	0	0	0	0	0	0	0	0	0	53	0	0	0	
276737	0	0	0	0	0	0	0	0	0	0	0	0	51	0	0	0	
277480	0	0	0	0	0	0	0	0	0	0	0	77	0	0	0	0	
278232	0	0	0	0	0	0	0	0	0	0	0	55	0	0	0	0	
278985	0	0	0	0	0	0	0	0	0	0	0	63	0	0	0	0	
279733	0	0	0	0	0	0	0	0	0	0	0	0	59	0	0	0	
280484	0	0	0	0	0	0	0	0	0	0	0	0	63	0	0	0	
281234	0	0	0	0	0	0	0	0	0	0	0	0	59	0	0	0	
281985	0	0	0	0	0	0	0	0	0	0	0	0	61	0	0	0	
282734	0	0	0	0	0	0	0	0	0	0	0	75	0	0	0	0	
283485	0	0	0	0	0	0	0	0	0	0	0	75	0	0	0	0	
284235	0	0	0	0	0	0	0	0	0	0	0	75	0	0	0	0	
284987	0	0	0	0	0	0	0	0	0	0	0	89	0	0	0	0	
285740	0	0	0	0	0	0	0	0	0	0	0	0	51	0	0	0	
286492	0	0	0	0	0	0	0	0	0	0	0	71	0	0	0	0	
287242	0	0	0	0	0	0	0	0	0	0	0	77	0	0	0	0	
287988	0	0	0	0	0	0	0	0	0	0	61	0	0	0	0	0	
288743	0	0	0	0	0	0	0	0	0	0	87	0	0	0	0	0	
289493	0	0	0	0	0	0	0	0	0	89	0	0	0	0	0	0	
290238	0	0	0	0	0	0	0	0	0	71	0	0	0	0	0	0	
290988	0	0	0	0	0	0	0	0	0	93	0	0	0	0	0	0	
291738	0	0	0	0	0	0	0	0	0	77	0	0	0	0	0	0	
292490	0	0	0	0	0	0	0	0	0	71	0	0	0	0	0	0	
293241	0	0	0	0	0	0	0	0	0	101	0	0	0	0	0	0	
293993	0	0	0	0	0	0	0	0	0	85	0	0	0	0	0	0	
294743	0	0	0	0	0	0	0	0	0	93	0	0	0	0	0	0	
295492	0	0	0	0	0	0	0	0	0	85	0	0	0	0	0	0	
296238	0	0	0	0	0	0	0	0	0	83	0	0	0	0	0	0	
296990	0	0	0	0	0	0	0	0	0	87	0	0	0	0	0	0	
297736	0	0	0	0	0	0	0	0	0	79	0	0	0	0	0	0	
298488	0	0	0	0	0	0	0	0	0	79	0	0	0	0	0	0	
299237	0	0	0	0	0	0	0	0	0	77	0	0	0	0	0	0	
299988	0	0	0	0	0	0	0	0	0	85	0	0	0	0	0	0	
300737	0	0	0	0	0	0	0	0	0	81	0	0	0	0	0	0	
301489	0	0	0	0	0	0	0	0	0	93	0	0	0	0	0	0	
302240	0	0	0	0	0	0	0	0	0	77	0	0	0	0	0	0	
302991	0	0	0	0	0	0	0	0	0	75	0	0	0	0	0	0	
303741	0	0	0	0	0	0	0	0	0	81	0	0	0	0	0	0	
304491	0	0	0	0	0	0	0	0	0	81	0	0	0	0	0	0	
305248	0	0	0	0	0	0	0	0	0	99	0	0	0	0	0	0	
305997	0	0	0	0	0	0	0	0	0	61	0	0	0	0	0	0	
306749	0	0	0	0	0	0	0	0	0	61	0	0	0	0	0	0	
307494	0	0	0	0	0	0	0	0	0	73	0	0	0	0	0	0	
308244	0	0	0	0	0	0	0	0	0	53	0	0	0	0	0	0	
308996	0	0	0	0	0	0	0	0	0	71	0	0	0	0	0	0	
309747	0	0	0	0	0	0	0	0	0	87	0	0	0	0	0	0	
310499	0	0	0	0	0	0	0	0	0	89	0	0	0	0	0	0	
311249	0	0	0	0	0	0	0	0	0	91	0	0	0	0	0	0	
312001	0	0	0	0	0	0	0	0	0	69	0	0	0	0	0	0	
312752	0	0	0	0	0	0	0	0	83	0	0	0	0	0	0	0	
313503	0	0	0	0	0	0	0	0	103	0	0	0	0	0	0	0	
314251	0	0	0	0	0	0	0	29	64	0	0	0	0	0	0	0	
315001	0	0	0	0	0	0	0	0	89	0	0	0	0	0	0	0	
315748	0	0	0	0	0	0	0	0	75	0	0	0	0	0	0	0	
316496	0	0	0	0	0	0	0	0	79	0	0	0	0	0	0	0	
317245	0	0	0	0	0	0	0	0	101	0	0	0	0	0	0	0	
317993	0	0	0	0	0	0	0	0	107	0	0	0	0	0	0	0	
318745	0	0	0	0	0	0	0	0	77	0	0	0	0	0	0	0	
319498	0	0	0	0	0	0	0	0	81	0	0	0	0	0	0	0	
320250	0	0	0	0	0	0	0	0	77	0	0	0	0	0	0	0	
321002	0	0	0	0	0	0	0	0	87	0	0	0	0	0	0	0	
321751	0	0	0	0	0	0	0	0	97	0	0	0	0	0	0	0	
322500	0	0	0	0	0	0	0	0	95	0	0	0	0	0	0	0	
323252	0	0	0	0	0	0	0	0	93	0	0	0	0	0	0	0	
324006	0	0	0	0	0	0	0	97	0	0	0	0	0	0	0	0	
324755	0	0	0	0	0	0	0	91	0	0	0	0	0	0	0	0	
325505	0	0	0	0	0	0	0	119	0	0	0	0	0	0	0	0	
326256	0	0	0	0	0	0	0	111	0	0	0	0	0	0	0	0	
327004	0	0	0	0	0	0	0	81	0	0	0	0	0	0	0	0	
327754	0	0	0	0	0	0	0	97	0	0	0	0	0	0	0	0	
328500	0	0	0	0	0	0	0	109	0	0	0	0	0	0	0	0	
329249	0	0	0	0	0	0	0	99	0	0	0	0	0	0	0	0	
329999	0	0	0	0	0	0	0	83	0	0	0	0	0	0	0	0	
330749	0	0	0	0	0	0	0	79	0	0	0	0	0	0	0	0	
331496	0	0	0	0	0	0	0	101	0	0	0	0	0	0	0	0	
332245	0	0	0	0	0	0	0	91	0	0	0	0	0	0	0	0	
332995	0	0	0	0	0	0	0	103	0	0	0	0	0	0	0	0	
333743	0	0	0	0	0	0	0	83	0	0	0	0	0	0	0	0	
334496	0	0	0	0	0	0	0	101	0	0	0	0	0	0	0	0	
335246	0	0	0	0	0	0	0	73	0	0	0	0	0	0	0	0	
335997	0	0	0	0	0	0	0	89	0	0	0	0	0	0	0	0	
336747	0	0	0	0	0	0	0	111	0	0	0	0	0	0	0	0	
337500	0	0	0	0	0	0	0	87	0	0	0	0	0	0	0	0	
338250	0	0	0	0	0	0	0	99	0	0	0	0	0	0	0	0	
339002	0	0	0	0	0	0	0	93	0	0	0	0	0	0	0	0	
339754	0	0	0	0	0	0	0	93	0	0	0	0	0	0	0	0	
340504	0	0	0	0	0	0	0	99	0	0	0	0	0	0	0	0	
341254	0	0	0	0	0	0	0	105	0	0	0	0	0	0	0	0	
342004	0	0	0	0	0	0	0	81	0	0	0	0	0	0	0	0	
342753	0	0	0	0	0	0	0	93	0	0	0	0	0	0	0	0	
343502	0	0	0	0	0	0	0	107	0	0	0	0	0	0	0	0	
344253	0	0	0	0	0	0	0	103	0	0	0	0	0	0	0	0	
345002	0	0	0	0	0	0	0	99	0	0	0	0	0	0	0	0	
345749	0	0	0	0	0	0	0	103	0	0	0	0	0	0	0	0	
346502	0	0	0	0	0	0	103	0	0	0	0	0	0	0	0	0	
347252	0	0	0	0	0	0	107	0	0	0	0	0	0	0	0	0	
348004	0	0	0	0	0	0	129	0	0	0	0	0	0	0	0	0	
348755	0	0	0	0	0	0	107	0	0	0	0	0	0	0	0	0	
349503	0	0	0	0	0	0	107	0	0	0	0	0	0	0	0	0	
350252	0	0	0	0	0	0	101	0	0	0	0	0	0	0	0	0	
351005	0	0	0	0	0	0	121	0	0	0	0	0	0	0	0	0	
351753	0	0	0	0	0	0	99	0	0	0	0	0	0	0	0	0	
352505	0	0	0	0	0	0	121	0	0	0	0	0	0	0	0	0	
353257	0	0	0	0	0	0	97	0	0	0	0	0	0	0	0	0	
354008	0	0	0	0	0	0	103	0	0	0	0	0	0	0	0	0	
354759	0	0	0	0	0	0	101	0	0	0	0	0	0	0	0	0	
355511	0	0	0	0	0	0	109	0	0	0	0	0	0	0	0	0	
356256	0	0	0	0	0	0	99	0	0	0	0	0	0	0	0	0	
357006	0	0	0	0	0	0	109	0	0	0	0	0	0	0	0	0	
357756	0	0	0	0	0	0	103	0	0	0	0	0	0	0	0	0	
358507	0	0	0	0	0	0	111	0	0	0	0	0	0	0	0	0	
359258	0	0	0	0	0	0	123	0	0	0	0	0	0	0	0	0	
360006	0	0	0	0	0	0	121	0	0	0	0	0	0	0	0	0	
360757	0	0	0	0	0	0	105	0	0	0	0	0	0	0	0	0	
361507	0	0	0	0	0	0	109	0	0	0	0	0	0	0	0	0	
362259	0	0	0	0	0	127	0	0	0	0	0	0	0	0	0	0	
363009	0	0	0	0	0	155	0	0	0	0	0	0	0	0	0	0	
363761	0	0	0	0	0	155	0	0	0	0	0	0	0	0	0	0	
364511	0	0	0	0	0	137	0	0	0	0	0	0	0	0	0	0	
365263	0	0	0	0	0	137	0	0	0	0	0	0	0	0	0	0	
366010	0	0	0	0	0	133	0	0	0	0	0	0	0	0	0	0	
366759	0	0	0	0	0	113	0	0	0	0	0	0	0	0	0	0	
367508	0	0	0	0	0	147	0	0	0	0	0	0	0	0	0	0	
368260	0	0	0	0	0	137	0	0	0	0	0	0	0	0	0	0	
369011	0	0	0	0	0	137	0	0	0	0	0	0	0	0	0	0	
369762	0	0	0	0	0	125	0	0	0	0	0	0	0	0	0	0	
370515	0	0	0	0	0	133	0	0	0	0	0	0	0	0	0	0	
371265	0	0	0	0	0	138	1	0	0	0	0	0	0	0	0	0	
372015	0	0	0	0	0	125	0	0	0	0	0	0	0	0	0	0	
372767	0	0	0	0	0	129	0	0	0	0	0	0	0	0	0	0	
373519	0	0	0	0	0	131	0	0	0	0	0	0	0	0	0	0	
374269	0	0	0	0	0	147	0	0	0	0	0	0	0	0	0	0	
375020	0	0	0	0	0	129	0	0	0	0	0	0	0	0	0	0	
375768	0	0	0	0	0	145	0	0	0	0	0	0	0	0	0	0	
376518	0	0	0	0	0	137	0	0	0	0	0	0	0	0	0	0	
377266	0	0	0	0	0	113	0	0	0	0	0	0	0	0	0	0	
378014	0	0	0	0	0	149	0	0	0	0	0	0	0	0	0	0	
378761	0	0	0	0	0	131	0	0	0	0	0	0	0	0	0	0	
379513	0	0	0	0	0	115	0	0	0	0	0	0	0	0	0	0	
380265	0	0	0	0	0	133	0	0	0	0	0	0	0	0	0	0	
381015	0	0	0	0	0	111	0	0	0	0	0	0	0	0	0	0	
381766	0	0	0	0	0	151	0	0	0	0	0	0	0	0	0	0	
382513	0	0	0	0	0	117	0	0	0	0	0	0	0	0	0	0	
383258	0	0	0	0	0	135	0	0	0	0	0	0	0	0	0	0	
384007	0	0	0	0	0	109	0	0	0	0	0	0	0	0	0	0	
384756	0	0	0	0	0	135	0	0	0	0	0	0	0	0	0	0	
385502	0	0	0	0	0	139	0	0	0	0	0	0	0	0	0	0	
386253	0	0	0	0	0	135	0	0	0	0	0	0	0	0	0	0	
387000	0	0	0	0	0	157	0	0	0	0	0	0	0	0	0	0	
387747	0	0	0	0	0	143	0	0	0	0	0	0	0	0	0	0	
388497	0	0	0	0	0	131	0	0	0	0	0	0	0	0	0	0	
389244	0	0	0	0	0	125	0	0	0	0	0	0	0	0	0	0	
389997	0	0	0	0	0	112	7	0	0	0	0	0	0	0	0	0	
390746	0	0	0	0	0	129	0	0	0	0	0	0	0	0	0	0	
391494	0	0	0	0	0	141	0	0	0	0	0	0	0	0	0	0	
392246	0	0	0	0	0	125	0	0	0	0	0	0	0	0	0	0	
392996	0	0	0	0	0	115	0	0	0	0	0	0	0	0	0	0	
393749	0	0	0	0	0	151	0	0	0	0	0	0	0	0	0	0	
394498	0	0	0	0	0	141	0	0	0	0	0	0	0	0	0	0	
395249	0	0	0	0	0	105	0	0	0	0	0	0	0	0	0	0	
395996	0	0	0	0	0	155	0	0	0	0	0	0	0	0	0	0	
396746	0	0	0	0	0	129	0	0	0	0	0	0	0	0	0	0	
397497	0	0	0	0	0	145	0	0	0	0	0	0	0	0	0	0	
398245	0	0	0	0	0	131	0	0	0	0	0	0	0	0	0	0	
398996	0	0	0	0	0	135	0	0	0	0	0	0	0	0	0	0	
399744	0	0	0	0	0	131	0	0	0	0	0	0	0	0	0	0	
400492	0	0	0	0	0	129	0	0	0	0	0	0	0	0	0	0	
401243	0	0	0	0	0	129	0	0	0	0	0	0	0	0	0	0	
401993	0	0	0	0	0	113	0	0	0	0	0	0	0	0	0	0	
402743	0	0	0	0	0	139	0	0	0	0	0	0	0	0	0	0	
403495	0	0	0	0	0	153	0	0	0	0	0	0	0	0	0	0	
404245	0	0	0	0	0	137	0	0	0	0	0	0	0	0	0	0	
404996	0	0	0	0	0	117	0	0	0	0	0	0	0	0	0	0	
405747	0	0	0	0	0	135	0	0	0	0	0	0	0	0	0	0	
406496	0	0	0	0	0	141	0	0	0	0	0	0	0	0	0	0	
407248	0	0	0	0	0	137	0	0	0	0	0	0	0	0	0	0	
408000	0	0	0	0	0	145	0	0	0	0	0	0	0	0	0	0	
408747	0	0	0	0	0	115	0	0	0	0	0	0	0	0	0	0	
409498	0	0	0	0	0	151	0	0	0	0	0	0	0	0	0	0	
410247	0	0	0	0	0	125	0	0	0	0	0	0	0	0	0	0	
410996	0	0	0	0	0	133	0	0	0	0	0	0	0	0	0	0	
411746	0	0	0	0	82	67	0	0	0	0	0	0	0	0	0	0	
412498	0	0	0	0	185	0	0	0	0	0	0	0	0	0	0	0	
413247	0	0	0	0	163	0	0	0	0	0	0	0	0	0	0	0	
413999	0	0	0	0	157	0	0	0	0	0	0	0	0	0	0	0	
414749	0	0	0	0	155	0	0	0	0	0	0	0	0	0	0	0	
415501	0	0	0	0	169	0	0	0	0	0	0	0	0	0	0	0	
416252	0	0	0	0	163	0	0	0	0	0	0	0	0	0	0	0	
416999	0	0	0	0	173	0	0	0	0	0	0	0	0	0	0	0	
417748	0	0	0	0	171	0	0	0	0	0	0	0	0	0	0	0	
418498	0	0	0	0	165	0	0	0	0	0	0	0	0	0	0	0	
419249	0	0	0	0	153	0	0	0	0	0	0	0	0	0	0	0	
419999	0	0	0	0	161	0	0	0	0	0	0	0	0	0	0	0	
420750	0	0	0	0	175	0	0	0	0	0	0	0	0	0	0	0	
421503	0	0	0	0	171	0	0	0	0	0	0	0	0	0	0	0	
422254	0	0	0	0	159	0	0	0	0	0	0	0	0	0	0	0	
423005	0	0	0	0	163	0	0	0	0	0	0	0	0	0	0	0	
423756	0	0	0	0	167	0	0	0	0	0	0	0	0	0	0	0	
424506	0	0	0	0	151	0	0	0	0	0	0	0	0	0	0	0	
425256	0	0	0	0	145	0	0	0	0	0	0	0	0	0	0	0	
426008	0	0	0	0	159	0	0	0	0	0	0	0	0	0	0	0	
426758	0	0	0	0	173	0	0	0	0	0	0	0	0	0	0	0	
427506	0	0	0	0	155	0	0	0	0	0	0	0	0	0	0	0	
428254	0	0	0	0	133	0	0	0	0	0	0	0	0	0	0	0	
429005	0	0	0	0	167	0	0	0	0	0	0	0	0	0	0	0	
429757	0	0	0	0	147	0	0	0	0	0	0	0	0	0	0	0	
430505	0	0	0	0	173	0	0	0	0	0	0	0	0	0	0	0	
431251	0	0	0	0	157	0	0	0	0	0	0	0	0	0	0	0	
432004	0	0	0	0	167	0	0	0	0	0	0	0	0	0	0	0	
432755	0	0	0	0	153	0	0	0	0	0	0	0	0	0	0	0	
433506	0	0	0	0	151	0	0	0	0	0	0	0	0	0	0	0	
434255	0	0	0	0	159	0	0	0	0	0	0	0	0	0	0	0	
435007	0	0	0	0	159	0	0	0	0	0	0	0	0	0	0	0	
435754	0	0	0	0	153	0	0	0	0	0	0	0	0	0	0	0	
436509	0	0	0	0	169	0	0	0	0	0	0	0	0	0	0	0	
437258	0	0	0	0	34	117	0	0	0	0	0	0	0	0	0	0	
438008	0	0	0	0	0	137	0	0	0	0	0	0	0	0	0	0	
438757	0	0	0	0	0	139	0	0	0	0	0	0	0	0	0	0	
439506	0	0	0	0	0	149	0	0	0	0	0	0	0	0	0	0	
440256	0	0	0	0	0	0	117	0	0	0	0	0	0	0	0	0	
441009	0	0	0	0	0	0	93	0	0	0	0	0	0	0	0	0	
441755	0	0	0	0	0	0	105	0	0	0	0	0	0	0	0	0	
442505	0	0	0	0	0	0	101	0	0	0	0	0	0	0	0	0	
443257	0	0	0	0	0	0	113	0	0	0	0	0	0	0	0	0	
444006	0	0	0	0	0	0	109	0	0	0	0	0	0	0	0	0	
444754	0	0	0	0	0	0	105	0	0	0	0	0	0	0	0	0	
445505	0	0	0	0	0	0	103	0	0	0	0	0	0	0	0	0	
446256	0	0	0	0	0	0	143	0	0	0	0	0	0	0	0	0	
447005	0	0	0	0	0	0	119	0	0	0	0	0	0	0	0	0	
447755	0	0	0	0	0	0	107	0	0	0	0	0	0	0	0	0	
448504	0	0	0	0	0	0	109	0	0	0	0	0	0	0	0	0	
449256	0	0	0	0	0	0	123	0	0	0	0	0	0	0	0	0	
450006	0	0	0	0	0	0	115	0	0	0	0	0	0	0	0	0	
450755	0	0	0	0	0	0	105	0	0	0	0	0	0	0	0	0	
451505	0	0	0	0	0	0	131	0	0	0	0	0	0	0	0	0	
452257	0	0	0	0	0	0	107	0	0	0	0	0	0	0	0	0	
453006	0	0	0	0	0	0	115	0	0	0	0	0	0	0	0	0	
453757	0	0	0	0	0	0	109	0	0	0	0	0	0	0	0	0	
454506	0	0	0	0	0	0	115	0	0	0	0	0	0	0	0	0	
455255	0	0	0	0	0	0	101	0	0	0	0	0	0	0	0	0	
456003	0	0	0	0	0	0	131	0	0	0	0	0	0	0	0	0	
456755	0	0	0	0	0	0	123	0	0	0	0	0	0	0	0	0	
457503	0	0	0	0	0	0	0	95	0	0	0	0	0	0	0	0	
458251	0	0	0	0	0	0	0	113	0	0	0	0	0	0	0	0	
459000	0	0	0	0	0	0	0	105	0	0	0	0	0	0	0	0	
459746	0	0	0	0	0	0	0	103	0	0	0	0	0	0	0	0	
460495	0	0	0	0	0	0	0	99	0	0	0	0	0	0	0	0	
461243	0	0	0	0	0	0	0	89	0	0	0	0	0	0	0	0	
461995	0	0	0	0	0	0	0	99	0	0	0	0	0	0	0	0	
462744	0	0	0	0	0	0	0	89	0	0	0	0	0	0	0	0	
463493	0	0	0	0	0	0	0	85	0	0	0	0	0	0	0	0	
464243	0	0	0	0	0	0	0	95	0	0	0	0	0	0	0	0	
464996	0	0	0	0	0	0	0	97	0	0	0	0	0	0	0	0	
465742	0	0	0	0	0	0	0	95	0	0	0	0	0	0	0	0	
466485	0	0	0	0	0	0	0	117	0	0	0	0	0	0	0	0	
467237	0	0	0	0	0	0	0	105	0	0	0	0	0	0	0	0	
467987	0	0	0	0	0	0	0	91	0	0	0	0	0	0	0	0	
468734	0	0	0	0	0	0	0	97	0	0	0	0	0	0	0	0	
469485	0	0	0	0	0	0	0	119	0	0	0	0	0	0	0	0	
470233	0	0	0	0	0	0	0	105	0	0	0	0	0	0	0	0	
470984	0	0	0	0	0	0	0	95	0	0	0	0	0	0	0	0	
471734	0	0	0	0	0	0	0	93	0	0	0	0	0	0	0	0	
472483	0	0	0	0	0	0	105	0	0	0	0	0	0	0	0	0	
473233	0	0	0	0	0	0	115	0	0	0	0	0	0	0	0	0	
473981	0	0	0	0	0	0	109	0	0	0	0	0	0	0	0	0	
474734	0	0	0	0	0	0	133	0	0	0	0	0	0	0	0	0	
475485	0	0	0	0	0	0	137	0	0	0	0	0	0	0	0	0	
476232	0	0	0	0	0	0	113	0	0	0	0	0	0	0	0	0	
476979	0	0	0	0	0	0	115	0	0	0	0	0	0	0	0	0	
477728	0	0	0	0	0	0	105	0	0	0	0	0	0	0	0	0	
478479	0	0	0	0	0	0	117	0	0	0	0	0	0	0	0	0	
479229	0	0	0	0	0	135	0	0	0	0	0	0	0	0	0	0	
479978	0	0	0	0	0	129	0	0	0	0	0	0	0	0	0	0	
480728	0	0	0	0	0	133	0	0	0	0	0	0	0	0	0	0	
481480	0	0	0	0	0	137	0	0	0	0	0	0	0	0	0	0	
482228	0	0	0	0	0	133	0	0	0	0	0	0	0	0	0	0	
482977	0	0	0	0	0	149	0	0	0	0	0	0	0	0	0	0	
483727	0	0	0	0	0	137	0	0	0	0	0	0	0	0	0	0	
484475	0	0	0	5	160	0	0	0	0	0	0	0	0	0	0	0	
485227	0	0	0	0	155	0	0	0	0	0	0	0	0	0	0	0	
485978	0	0	0	66	109	0	0	0	0	0	0	0	0	0	0	0	
486727	0	0	0	0	173	0	0	0	0	0	0	0	0	0	0	0	
487480	0	0	0	0	153	0	0	0	0	0	0	0	0	0	0	0	
488229	0	0	0	0	151	0	0	0	0	0	0	0	0	0	0	0	
488983	0	0	0	0	151	0	0	0	0	0	0	0	0	0	0	0	
489735	0	0	0	0	163	0	0	0	0	0	0	0	0	0	0	0	
490488	0	0	0	0	155	0	0	0	0	0	0	0	0	0	0	0	
491234	0	0	0	0	159	0	0	0	0	0	0	0	0	0	0	0	
491983	0	0	0	0	175	0	0	0	0	0	0	0	0	0	0	0	
492734	0	0	0	0	181	0	0	0	0	0	0	0	0	0	0	0	
493481	0	0	0	0	173	0	0	0	0	0	0	0	0	0	0	0	
494232	0	0	0	0	185	0	0	0	0	0	0	0	0	0	0	0	
494980	0	0	0	0	143	0	0	0	0	0	0	0	0	0	0	0	
495734	0	0	0	0	161	0	0	0	0	0	0	0	0	0	0	0	
496482	0	0	0	179	0	0	0	0	0	0	0	0	0	0	0	0	
497231	0	0	0	203	0	0	0	0	0	0	0	0	0	0	0	0	
497981	0	0	0	181	0	0	0	0	0	0	0	0	0	0	0	0	
498731	0	0	0	173	0	0	0	0	0	0	0	0	0	0	0	0	
499481	0	0	0	197	0	0	0	0	0	0	0	0	0	0	0	0	
500230	0	0	0	171	0	0	0	0	0	0	0	0	0	0	0	0	
500979	0	0	0	201	0	0	0	0	0	0	0	0	0	0	0	0	
501730	0	0	0	193	0	0	0	0	0	0	0	0	0	0	0	0	
502479	0	0	0	193	0	0	0	0	0	0	0	0	0	0	0	0	
503229	0	0	0	207	0	0	0	0	0	0	0	0	0	0	0	0	
503978	0	0	0	205	0	0	0	0	0	0	0	0	0	0	0	0	
504727	0	0	0	211	0	0	0	0	0	0	0	0	0	0	0	0	
505477	0	0	0	197	0	0	0	0	0	0	0	0	0	0	0	0	
506225	0	0	0	197	0	0	0	0	0	0	0	0	0	0	0	0	
506974	0	0	0	126	61	0	0	0	0	0	0	0	0	0	0	0	
507725	0	0	0	157	0	0	0	0	0	0	0	0	0	0	0	0	
508475	0	0	0	207	0	0	0	0	0	0	0	0	0	0	0	0	
509224	0	0	0	215	0	0	0	0	0	0	0	0	0	0	0	0	
509974	0	0	0	191	0	0	0	0	0	0	0	0	0	0	0	0	
510722	0	0	0	189	0	0	0	0	0	0	0	0	0	0	0	0	
511472	0	0	0	201	0	0	0	0	0	0	0	0	0	0	0	0	
512224	0	0	0	201	0	0	0	0	0	0	0	0	0	0	0	0	
512974	0	0	0	211	0	0	0	0	0	0	0	0	0	0	0	0	
513722	0	0	0	183	0	0	0	0	0	0	0	0	0	0	0	0	
514470	0	0	0	187	0	0	0	0	0	0	0	0	0	0	0	0	
515221	0	0	0	183	0	0	0	0	0	0	0	0	0	0	0	0	
515973	0	0	0	213	0	0	0	0	0	0	0	0	0	0	0	0	
516720	0	0	0	209	0	0	0	0	0	0	0	0	0	0	0	0	
517467	0	0	0	183	0	0	0	0	0	0	0	0	0	0	0	0	
518216	0	0	0	151	0	0	0	0	0	0	0	0	0	0	0	0	
518969	0	0	0	171	0	0	0	0	0	0	0	0	0	0	0	0	
519716	0	0	0	225	0	0	0	0	0	0	0	0	0	0	0	0	
520466	0	0	0	207	0	0	0	0	0	0	0	0	0	0	0	0	
521218	0	0	0	191	0	0	0	0	0	0	0	0	0	0	0	0	
521968	0	0	0	195	0	0	0	0	0	0	0	0	0	0	0	0	
522719	0	0	0	197	0	0	0	0	0	0	0	0	0	0	0	0	
523469	0	0	0	203	0	0	0	0	0	0	0	0	0	0	0	0	
524220	0	0	0	189	0	0	0	0	0	0	0	0	0	0	0	0	
524970	0	0	0	193	0	0	0	0	0	0	0	0	0	0	0	0	
525722	0	0	0	191	0	0	0	0	0	0	0	0	0	0	0	0	
526470	0	0	0	201	0	0	0	0	0	0	0	0	0	0	0	0	
527220	0	0	0	191	0	0	0	0	0	0	0	0	0	0	0	0	
527969	0	0	0	189	0	0	0	0	0	0	0	0	0	0	0	0	
528718	0	0	0	203	0	0	0	0	0	0	0	0	0	0	0	0	
529470	0	0	0	203	0	0	0	0	0	0	0	0	0	0	0	0	
530222	0	0	0	175	0	0	0	0	0	0	0	0	0	0	0	0	
530970	0	0	0	195	0	0	0	0	0	0	0	0	0	0	0	0	
531719	0	0	1	206	0	0	0	0	0	0	0	0	0	0	0	0	
532468	0	0	0	189	0	0	0	0	0	0	0	0	0	0	0	0	
533219	0	0	0	217	0	0	0	0	0	0	0	0	0	0	0	0	
533970	0	0	0	191	0	0	0	0	0	0	0	0	0	0	0	0	
534720	0	0	0	189	0	0	0	0	0	0	0	0	0	0	0	0	
535472	0	0	0	211	0	0	0	0	0	0	0	0	0	0	0	0	
536224	0	0	0	201	0	0	0	0	0	0	0	0	0	0	0	0	
536976	0	0	0	205	0	0	0	0	0	0	0	0	0	0	0	0	
537725	0	0	0	179	0	0	0	0	0	0	0	0	0	0	0	0	
538478	0	0	0	199	0	0	0	0	0	0	0	0	0	0	0	0	
539227	0	0	0	213	0	0	0	0	0	0	0	0	0	0	0	0	
539973	0	0	0	193	0	0	0	0	0	0	0	0	0	0	0	0	
540723	0	0	0	189	0	0	0	0	0	0	0	0	0	0	0	0	
541474	0	0	0	167	0	0	0	0	0	0	0	0	0	0	0	0	
542227	0	0	31	170	0	0	0	0	0	0	0	0	0	0	0	0	
542979	0	0	273	0	0	0	0	0	0	0	0	0	0	0	0	0	
543731	0	0	225	0	0	0	0	0	0	0	0	0	0	0	0	0	
544481	0	0	221	0	0	0	0	0	0	0	0	0	0	0	0	0	
545234	0	0	267	0	0	0	0	0	0	0	0	0	0	0	0	0	
545983	0	0	263	0	0	0	0	0	0	0	0	0	0	0	0	0	
546730	0	0	255	0	0	0	0	0	0	0	0	0	0	0	0	0	
547483	0	4	253	0	0	0	0	0	0	0	0	0	0	0	0	0	
548234	0	0	271	0	0	0	0	0	0	0	0	0	0	0	0	0	
548989	0	0	259	0	0	0	0	0	0	0	0	0	0	0	0	0	
549742	0	0	267	0	0	0	0	0	0	0	0	0	0	0	0	0	
550493	0	0	265	0	0	0	0	0	0	0	0	0	0	0	0	0	
551240	0	0	297	0	0	0	0	0	0	0	0	0	0	0	0	0	
551990	0	0	287	0	0	0	0	0	0	0	0	0	0	0	0	0	
552738	0	0	287	0	0	0	0	0	0	0	0	0	0	0	0	0	
553484	0	0	285	0	0	0	0	0	0	0	0	0	0	0	0	0	
554233	0	0	283	0	0	0	0	0	0	0	0	0	0	0	0	0	
554986	0	0	263	0	0	0	0	0	0	0	0	0	0	0	0	0	
555738	0	0	285	0	0	0	0	0	0	0	0	0	0	0	0	0	
556487	0	0	235	0	0	0	0	0	0	0	0	0	0	0	0	0	
557240	0	0	279	0	0	0	0	0	0	0	0	0	0	0	0	0	
557990	0	0	0	233	0	0	0	0	0	0	0	0	0	0	0	0	
558740	0	0	0	207	0	0	0	0	0	0	0	0	0	0	0	0	
559491	0	0	0	211	0	0	0	0	0	0	0	0	0	0	0	0	
560239	0	0	0	187	0	0	0	0	0	0	0	0	0	0	0	0	
560988	0	0	0	175	0	0	0	0	0	0	0	0	0	0	0	0	
561736	0	0	0	191	0	0	0	0	0	0	0	0	0	0	0	0	
562486	0	0	239	0	0	0	0	0	0	0	0	0	0	0	0	0	
563235	0	0	241	0	0	0	0	0	0	0	0	0	0	0	0	0	
563984	0	0	301	0	0	0	0	0	0	0	0	0	0	0	0	0	
564737	0	0	267	0	0	0	0	0	0	0	0	0	0	0	0	0	
565487	0	0	263	0	0	0	0	0	0	0	0	0	0	0	0	0	
566237	0	0	275	0	0	0	0	0	0	0	0	0	0	0	0	0	
566986	0	0	253	0	0	0	0	0	0	0	0	0	0	0	0	0	
567736	0	9	234	0	0	0	0	0	0	0	0	0	0	0	0	0	
568492	0	0	257	0	0	0	0	0	0	0	0	0	0	0	0	0	
569242	0	0	275	0	0	0	0	0	0	0	0	0	0	0	0	0	
569990	0	0	261	0	0	0	0	0	0	0	0	0	0	0	0	0	
570742	0	0	259	0	0	0	0	0	0	0	0	0	0	0	0	0	
571494	0	0	237	0	0	0	0	0	0	0	0	0	0	0	0	0	
572246	0	0	0	193	0	0	0	0	0	0	0	0	0	0	0	0	
572997	0	0	0	179	0	0	0	0	0	0	0	0	0	0	0	0	
573749	0	0	0	199	0	0	0	0	0	0	0	0	0	0	0	0	
574498	0	0	0	197	0	0	0	0	0	0	0	0	0	0	0	0	
575251	0	0	0	203	0	0	0	0	0	0	0	0	0	0	0	0	
575999	0	0	0	213	0	0	0	0	0	0	0	0	0	0	0	0	
576747	0	0	0	183	0	0	0	0	0	0	0	0	0	0	0	0	
577495	0	0	0	179	0	0	0	0	0	0	0	0	0	0	0	0	
578244	0	0	0	203	0	0	0	0	0	0	0	0	0	0	0	0	
578993	0	0	0	209	0	0	0	0	0	0	0	0	0	0	0	0	
579743	0	0	0	195	0	0	0	0	0	0	0	0	0	0	0	0	
580491	0	0	0	197	0	0	0	0	0	0	0	0	0	0	0	0	
581237	0	0	0	197	0	0	0	0	0	0	0	0	0	0	0	0	
581987	0	0	0	201	0	0	0	0	0	0	0	0	0	0	0	0	
582738	0	0	0	213	0	0	0	0	0	0	0	0	0	0	0	0	
583487	0	0	0	193	0	0	0	0	0	0	0	0	0	0	0	0	
584237	0	0	0	187	0	0	0	0	0	0	0	0	0	0	0	0	
584986	0	0	0	197	0	0	0	0	0	0	0	0	0	0	0	0	
585737	0	0	0	171	0	0	0	0	0	0	0	0	0	0	0	0	
586486	0	0	0	205	0	0	0	0	0	0	0	0	0	0	0	0	
587237	0	0	0	14	149	0	0	0	0	0	0	0	0	0	0	0	
587987	0	0	0	0	197	0	0	0	0	0	0	0	0	0	0	0	
588739	0	0	0	0	141	0	0	0	0	0	0	0	0	0	0	0	
589485	0	0	0	0	159	0	0	0	0	0	0	0	0	0	0	0	
590236	0	0	0	0	147	0	0	0	0	0	0	0	0	0	0	0	
590985	0	0	0	0	159	0	0	0	0	0	0	0	0	0	0	0	
591733	0	0	0	0	171	0	0	0	0	0	0	0	0	0	0	0	
592483	0	0	0	0	173	0	0	0	0	0	0	0	0	0	0	0	
593233	0	0	0	0	157	0	0	0	0	0	0	0	0	0	0	0	
593979	0	0	0	0	157	0	0	0	0	0	0	0	0	0	0	0	
594727	0	0	0	0	127	0	0	0	0	0	0	0	0	0	0	0	
595474	0	0	0	0	169	0	0	0	0	0	0	0	0	0	0	0	
596226	0	0	0	0	153	0	0	0	0	0	0	0	0	0	0	0	
596978	0	0	0	0	157	0	0	0	0	0	0	0	0	0	0	0	
597730	0	0	0	0	157	0	0	0	0	0	0	0	0	0	0	0	
598477	0	0	0	0	149	0	0	0	0	0	0	0	0	0	0	0	
599227	0	0	0	0	0	119	2	0	0	0	0	0	0	0	0	0	
599975	0	0	0	0	0	151	0	0	0	0	0	0	0	0	0	0	
600723	0	0	0	0	0	145	2	0	0	0	0	0	0	0	0	0	
601476	0	0	0	0	0	121	0	0	0	0	0	0	0	0	0	0	
602225	0	0	0	0	0	147	0	0	0	0	0	0	0	0	0	0	
602976	0	0	0	0	0	147	0	0	0	0	0	0	0	0	0	0	
603727	0	0	0	0	0	135	0	0	0	0	0	0	0	0	0	0	
604476	0	0	0	0	0	129	0	0	0	0	0	0	0	0	0	0	
605226	0	0	0	0	0	133	0	0	0	0	0	0	0	0	0	0	
605979	0	0	0	0	0	125	0	0	0	0	0	0	0	0	0	0	
606729	0	0	0	0	0	153	0	0	0	0	0	0	0	0	0	0	
607479	0	0	0	0	0	121	0	0	0	0	0	0	0	0	0	0	
608231	0	0	0	0	1	144	0	0	0	0	0	0	0	0	0	0	
608977	0	0	0	0	177	0	0	0	0	0	0	0	0	0	0	0	
609729	0	0	0	0	147	0	0	0	0	0	0	0	0	0	0	0	
610480	0	0	0	0	173	0	0	0	0	0	0	0	0	0	0	0	
611232	0	0	0	185	0	0	0	0	0	0	0	0	0	0	0	0	
611983	0	0	0	27	128	0	0	0	0	0	0	0	0	0	0	0	
612733	0	0	0	0	163	0	0	0	0	0	0	0	0	0	0	0	
613484	0	0	0	0	145	0	0	0	0	0	0	0	0	0	0	0	
614234	0	0	0	0	167	0	0	0	0	0	0	0	0	0	0	0	
614984	0	0	0	0	139	0	0	0	0	0	0	0	0	0	0	0	
615738	0	0	0	0	137	0	0	0	0	0	0	0	0	0	0	0	
616489	0	0	0	0	151	0	0	0	0	0	0	0	0	0	0	0	
617236	0	0	0	0	157	0	0	0	0	0	0	0	0	0	0	0	
617988	0	0	0	0	151	0	0	0	0	0	0	0	0	0	0	0	
618739	0	0	0	0	149	0	0	0	0	0	0	0	0	0	0	0	
619490	0	0	0	0	141	0	0	0	0	0	0	0	0	0	0	0	
620241	0	0	0	0	173	0	0	0	0	0	0	0	0	0	0	0	
620991	0	0	0	0	167	0	0	0	0	0	0	0	0	0	0	0	
621740	0	0	0	0	153	0	0	0	0	0	0	0	0	0	0	0	
622489	0	0	0	0	155	0	0	0	0	0	0	0	0	0	0	0	
623236	0	0	0	0	161	0	0	0	0	0	0	0	0	0	0	0	
623989	0	0	0	0	153	0	0	0	0	0	0	0	0	0	0	0	
624738	0	0	0	0	165	0	0	0	0	0	0	0	0	0	0	0	
625487	0	0	0	0	179	0	0	0	0	0	0	0	0	0	0	0	
626238	0	0	0	0	151	0	0	0	0	0	0	0	0	0	0	0	
626991	0	0	0	0	145	0	0	0	0	0	0	0	0	0	0	0	
627741	0	0	0	0	149	0	0	0	0	0	0	0	0	0	0	0	
628492	0	0	0	0	139	0	0	0	0	0	0	0	0	0	0	0	
629241	0	0	0	0	159	0	0	0	0	0	0	0	0	0	0	0	
629993	0	0	0	0	155	0	0	0	0	0	0	0	0	0	0	0	
630743	0	0	0	0	159	0	0	0	0	0	0	0	0	0	0	0	
631488	0	0	0	0	175	0	0	0	0	0	0	0	0	0	0	0	
632237	0	0	0	0	145	0	0	0	0	0	0	0	0	0	0	0	
632989	0	0	0	0	175	0	0	0	0	0	0	0	0	0	0	0	
633738	0	0	0	0	165	0	0	0	0	0	0	0	0	0	0	0	
634489	0	0	0	0	143	0	0	0	0	0	0	0	0	0	0	0	
635239	0	0	0	0	149	0	0	0	0	0	0	0	0	0	0	0	
635990	0	0	0	0	167	0	0	0	0	0	0	0	0	0	0	0	
636741	0	0	0	0	177	0	0	0	0	0	0	0	0	0	0	0	
637491	0	0	0	0	141	0	0	0	0	0	0	0	0	0	0	0	
638241	0	0	0	0	155	0	0	0	0	0	0	0	0	0	0	0	
638992	0	0	0	0	155	0	0	0	0	0	0	0	0	0	0	0	
639742	0	0	0	0	175	0	0	0	0	0	0	0	0	0	0	0	
640492	0	0	0	0	161	0	0	0	0	0	0	0	0	0	0	0	
641248	0	0	0	0	173	0	0	0	0	0	0	0	0	0	0	0	
641997	0	0	0	0	159	0	0	0	0	0	0	0	0	0	0	0	
642752	0	0	0	0	173	0	0	0	0	0	0	0	0	0	0	0	
643500	0	0	0	0	151	0	0	0	0	0	0	0	0	0	0	0	
644249	0	0	0	0	155	0	0	0	0	0	0	0	0	0	0	0	
644997	0	0	0	0	155	0	0	0	0	0	0	0	0	0	0	0	
645746	0	0	0	0	153	0	0	0	0	0	0	0	0	0	0	0	
646494	0	0	0	0	165	0	0	0	0	0	0	0	0	0	0	0	
647244	0	0	0	0	165	0	0	0	0	0	0	0	0	0	0	0	
647994	0	0	0	0	157	0	0	0	0	0	0	0	0	0	0	0	
648744	0	0	0	0	151	0	0	0	0	0	0	0	0	0	0	0	
649496	0	0	0	0	157	0	0	0	0	0	0	0	0	0	0	0	
650244	0	0	0	0	173	0	0	0	0	0	0	0	0	0	0	0	
650992	0	0	0	0	157	0	0	0	0	0	0	0	0	0	0	0	
651742	0	0	0	0	163	0	0	0	0	0	0	0	0	0	0	0	
652493	0	0	0	0	161	0	0	0	0	0	0	0	0	0	0	0	
653244	0	0	0	0	169	0	0	0	0	0	0	0	0	0	0	0	
653993	0	0	0	0	143	0	0	0	0	0	0	0	0	0	0	0	
654741	0	0	0	0	175	0	0	0	0	0	0	0	0	0	0	0	
655488	0	0	0	0	155	0	0	0	0	0	0	0	0	0	0	0	
656240	0	0	0	0	147	0	0	0	0	0	0	0	0	0	0	0	
656991	0	0	0	0	155	0	0	0	0	0	0	0	0	0	0	0	
657740	0	0	0	0	153	0	0	0	0	0	0	0	0	0	0	0	
658491	0	0	0	0	155	0	0	0	0	0	0	0	0	0	0	0	
659242	0	0	0	0	161	0	0	0	0	0	0	0	0	0	0	0	
659995	0	0	0	0	157	0	0	0	0	0	0	0	0	0	0	0	
660746	0	0	0	0	147	0	0	0	0	0	0	0	0	0	0	0	
661494	0	0	0	0	163	0	0	0	0	0	0	0	0	0	0	0	
662244	0	0	0	0	167	0	0	0	0	0	0	0	0	0	0	0	
662995	0	0	0	0	165	0	0	0	0	0	0	0	0	0	0	0	
663744	0	0	0	0	147	0	0	0	0	0	0	0	0	0	0	0	
664495	0	0	0	0	151	0	0	0	0	0	0	0	0	0	0	0	
665247	0	0	0	0	165	0	0	0	0	0	0	0	0	0	0	0	
665999	0	0	0	0	155	0	0	0	0	0	0	0	0	0	0	0	
666748	0	0	0	0	177	0	0	0	0	0	0	0	0	0	0	0	
667499	0	0	0	0	165	0	0	0	0	0	0	0	0	0	0	0	
668249	0	0	0	0	141	0	0	0	0	0	0	0	0	0	0	0	
668996	0	0	0	0	147	0	0	0	0	0	0	0	0	0	0	0	
669745	0	0	0	0	169	0	0	0	0	0	0	0	0	0	0	0	
670493	0	0	0	0	159	0	0	0	0	0	0	0	0	0	0	0	
671245	0	0	0	0	145	0	0	0	0	0	0	0	0	0	0	0	
671996	0	0	0	173	0	0	0	0	0	0	0	0	0	0	0	0	
672744	0	0	0	183	0	0	0	0	0	0	0	0	0	0	0	0	
673494	0	0	0	203	0	0	0	0	0	0	0	0	0	0	0	0	
674246	0	0	0	193	0	0	0	0	0	0	0	0	0	0	0	0	
674997	0	0	0	177	0	0	0	0	0	0	0	0	0	0	0	0	
675747	0	0	0	197	0	0	0	0	0	0	0	0	0	0	0	0	
676495	0	0	0	203	0	0	0	0	0	0	0	0	0	0	0	0	
677245	0	0	0	215	0	0	0	0	0	0	0	0	0	0	0	0	
677994	0	0	0	205	0	0	0	0	0	0	0	0	0	0	0	0	
678745	0	0	263	0	0	0	0	0	0	0	0	0	0	0	0	0	
679493	0	0	257	0	0	0	0	0	0	0	0	0	0	0	0	0	
680240	0	0	261	0	0	0	0	0	0	0	0	0	0	0	0	0	
680988	0	0	283	0	0	0	0	0	0	0	0	0	0	0	0	0	
681739	0	0	277	0	0	0	0	0	0	0	0	0	0	0	0	0	
682488	0	0	253	0	0	0	0	0	0	0	0	0	0	0	0	0	
683242	0	0	269	0	0	0	0	0	0	0	0	0	0	0	0	0	
683990	0	0	251	0	0	0	0	0	0	0	0	0	0	0	0	0	
684742	0	0	267	0	0	0	0	0	0	0	0	0	0	0	0	0	
685493	0	0	275	0	0	0	0	0	0	0	0	0	0	0	0	0	
686239	0	0	263	0	0	0	0	0	0	0	0	0	0	0	0	0	
686990	0	0	0	181	0	0	0	0	0	0	0	0	0	0	0	0	
687740	0	0	0	187	0	0	0	0	0	0	0	0	0	0	0	0	
688489	0	0	0	203	0	0	0	0	0	0	0	0	0	0	0	0	
689242	0	0	0	215	0	0	0	0	0	0	0	0	0	0	0	0	
689994	0	0	0	175	0	0	0	0	0	0	0	0	0	0	0	0	
690746	0	0	0	205	0	0	0	0	0	0	0	0	0	0	0	0	
691494	0	0	0	0	141	0	0	0	0	0	0	0	0	0	0	0	
692240	0	0	0	0	139	0	0	0	0	0	0	0	0	0	0	0	
692988	0	0	0	0	165	0	0	0	0	0	0	0	0	0	0	0	
693741	0	0	0	0	163	0	0	0	0	0	0	0	0	0	0	0	
694493	0	0	0	0	175	0	0	0	0	0	0	0	0	0	0	0	
695245	0	0	0	0	177	0	0	0	0	0	0	0	0	0	0	0	
695996	0	0	0	0	163	0	0	0	0	0	0	0	0	0	0	0	
696747	0	0	0	0	161	0	0	0	0	0	0	0	0	0	0	0	
697499	0	0	0	0	169	0	0	0	0	0	0	0	0	0	0	0	
698250	0	0	0	0	175	0	0	0	0	0	0	0	0	0	0	0	
699003	0	0	0	0	155	0	0	0	0	0	0	0	0	0	0	0	
699750	0	0	0	0	159	0	0	0	0	0	0	0	0	0	0	0	
700501	0	0	0	1	156	0	0	0	0	0	0	0	0	0	0	0	
701246	0	0	0	0	173	0	0	0	0	0	0	0	0	0	0	0	
701994	0	0	0	0	161	0	0	0	0	0	0	0	0	0	0	0	
702744	0	0	0	0	157	0	0	0	0	0	0	0	0	0	0	0	
703497	0	0	0	0	147	0	0	0	0	0	0	0	0	0	0	0	
704246	0	0	0	0	139	0	0	0	0	0	0	0	0	0	0	0	
704997	0	0	0	0	145	0	0	0	0	0	0	0	0	0	0	0	
705748	0	0	0	0	135	0	0	0	0	0	0	0	0	0	0	0	
706500	0	0	0	1	158	0	0	0	0	0	0	0	0	0	0	0	
707246	0	0	0	0	137	0	0	0	0	0	0	0	0	0	0	0	
707996	0	0	0	0	173	0	0	0	0	0	0	0	0	0	0	0	
708745	0	0	0	0	141	0	0	0	0	0	0	0	0	0	0	0	
709491	0	0	0	0	149	0	0	0	0	0	0	0	0	0	0	0	
710239	0	0	0	0	161	0	0	0	0	0	0	0	0	0	0	0	
710988	0	0	0	0	153	0	0	0	0	0	0	0	0	0	0	0	
711740	0	0	0	0	159	0	0	0	0	0	0	0	0	0	0	0	
712488	0	0	0	0	181	0	0	0	0	0	0	0	0	0	0	0	
713234	0	0	0	0	133	0	0	0	0	0	0	0	0	0	0	0	
713985	0	0	0	0	181	0	0	0	0	0	0	0	0	0	0	0	
714735	0	0	0	0	147	0	0	0	0	0	0	0	0	0	0	0	
715487	0	0	0	0	167	0	0	0	0	0	0	0	0	0	0	0	
716238	0	0	0	0	179	0	0	0	0	0	0	0	0	0	0	0	
716989	0	0	0	0	153	0	0	0	0	0	0	0	0	0	0	0	
717741	0	0	0	0	175	0	0	0	0	0	0	0	0	0	0	0	
718492	0	0	0	0	159	0	0	0	0	0	0	0	0	0	0	0	
719241	0	0	0	0	181	0	0	0	0	0	0	0	0	0	0	0	
719992	0	0	0	0	151	0	0	0	0	0	0	0	0	0	0	0	
720743	0	0	0	0	153	0	0	0	0	0	0	0	0	0	0	0	
721497	0	0	0	0	169	0	0	0	0	0	0	0	0	0	0	0	
722246	0	0	0	0	147	0	0	0	0	0	0	0	0	0	0	0	
722992	0	0	0	0	151	0	0	0	0	0	0	0	0	0	0	0	
723740	0	0	0	0	151	0	0	0	0	0	0	0	0	0	0	0	
724491	0	0	0	0	169	0	0	0	0	0	0	0	0	0	0	0	
725240	0	0	0	0	171	0	0	0	0	0	0	0	0	0	0	0	
725990	0	0	0	0	145	0	0	0	0	0	0	0	0	0	0	0	
726738	0	0	0	0	171	0	0	0	0	0	0	0	0	0	0	0	
727487	0	0	0	0	185	0	0	0	0	0	0	0	0	0	0	0	
728239	0	0	0	0	151	0	0	0	0	0	0	0	0	0	0	0	
728992	0	0	0	0	157	0	0	0	0	0	0	0	0	0	0	0	
729744	0	0	0	0	181	0	0	0	0	0	0	0	0	0	0	0	
730495	0	0	0	0	159	0	0	0	0	0	0	0	0	0	0	0	
731246	0	0	0	0	165	0	0	0	0	0	0	0	0	0	0	0	
731996	0	0	0	0	165	0	0	0	0	0	0	0	0	0	0	0	
732746	0	0	0	0	155	0	0	0	0	0	0	0	0	0	0	0	
733494	0	0	0	0	181	0	0	0	0	0	0	0	0	0	0	0	
734245	0	0	0	0	147	0	0	0	0	0	0	0	0	0	0	0	
734997	0	0	0	0	157	0	0	0	0	0	0	0	0	0	0	0	
735743	0	0	0	0	169	0	0	0	0	0	0	0	0	0	0	0	
736491	0	0	0	0	179	0	0	0	0	0	0	0	0	0	0	0	
737242	0	0	0	0	151	0	0	0	0	0	0	0	0	0	0	0	
737994	0	0	0	0	143	0	0	0	0	0	0	0	0	0	0	0	
738745	0	0	0	0	153	0	0	0	0	0	0	0	0	0	0	0	
739492	0	0	0	0	163	0	0	0	0	0	0	0	0	0	0	0	
740241	0	0	0	0	171	0	0	0	0	0	0	0	0	0	0	0	
740994	0	0	0	0	171	0	0	0	0	0	0	0	0	0	0	0	
741740	0	0	0	0	155	0	0	0	0	0	0	0	0	0	0	0	
742490	0	0	0	0	171	0	0	0	0	0	0	0	0	0	0	0	
743240	0	0	0	0	155	0	0	0	0	0	0	0	0	0	0	0	
743992	0	0	0	0	171	0	0	0	0	0	0	0	0	0	0	0	
744743	0	0	0	0	147	0	0	0	0	0	0	0	0	0	0	0	
745494	0	0	0	0	163	0	0	0	0	0	0	0	0	0	0	0	
746245	0	0	0	0	153	0	0	0	0	0	0	0	0	0	0	0	
746997	0	0	0	0	163	0	0	0	0	0	0	0	0	0	0	0	
747745	0	0	0	0	153	0	0	0	0	0	0	0	0	0	0	0	
748494	0	0	0	0	161	0	0	0	0	0	0	0	0	0	0	0	
749249	0	0	0	0	159	0	0	0	0	0	0	0	0	0	0	0	
750004	0	0	0	0	143	0	0	0	0	0	0	0	0	0	0	0	
750757	0	0	0	0	171	0	0	0	0	0	0	0	0	0	0	0	
751507	0	0	0	0	157	0	0	0	0	0	0	0	0	0	0	0	
752254	0	0	0	0	159	0	0	0	0	0	0	0	0	0	0	0	
753004	0	0	0	0	155	0	0	0	0	0	0	0	0	0	0	0	
753755	0	0	0	0	159	0	0	0	0	0	0	0	0	0	0	0	
754506	0	0	0	0	152	1	0	0	0	0	0	0	0	0	0	0	
755256	0	0	0	0	169	0	0	0	0	0	0	0	0	0	0	0	
756004	0	0	0	0	161	0	0	0	0	0	0	0	0	0	0	0	
756756	0	0	0	0	149	0	0	0	0	0	0	0	0	0	0	0	
757505	0	0	0	0	165	0	0	0	0	0	0	0	0	0	0	0	
758255	0	0	0	0	165	0	0	0	0	0	0	0	0	0	0	0	
759000	0	0	0	0	183	0	0	0	0	0	0	0	0	0	0	0	
759749	0	0	0	0	153	0	0	0	0	0	0	0	0	0	0	0	
760502	0	0	0	0	153	0	0	0	0	0	0	0	0	0	0	0	
761249	0	0	0	0	161	0	0	0	0	0	0	0	0	0	0	0	
761998	0	0	0	0	151	0	0	0	0	0	0	0	0	0	0	0	
762750	0	0	0	9	126	0	0	0	0	0	0	0	0	0	0	0	
763501	0	0	0	0	175	0	0	0	0	0	0	0	0	0	0	0	
764254	0	0	0	0	163	0	0	0	0	0	0	0	0	0	0	0	
765003	0	0	0	0	161	0	0	0	0	0	0	0	0	0	0	0	
765757	0	0	0	0	169	0	0	0	0	0	0	0	0	0	0	0	
766509	0	0	0	0	157	0	0	0	0	0	0	0	0	0	0	0	
767257	0	0	0	0	165	0	0	0	0	0	0	0	0	0	0	0	
768009	0	0	0	0	153	0	0	0	0	0	0	0	0	0	0	0	
768755	0	0	0	0	149	0	0	0	0	0	0	0	0	0	0	0	
769504	0	0	0	0	165	0	0	0	0	0	0	0	0	0	0	0	
770253	0	0	0	0	169	0	0	0	0	0	0	0	0	0	0	0	
771007	0	0	0	0	161	0	0	0	0	0	0	0	0	0	0	0	
771755	0	0	0	0	157	0	0	0	0	0	0	0	0	0	0	0	
772506	0	0	0	0	165	0	0	0	0	0	0	0	0	0	0	0	
773253	0	0	0	0	0	109	0	0	0	0	0	0	0	0	0	0	
774002	0	0	0	0	0	123	0	0	0	0	0	0	0	0	0	0	
774750	0	0	0	0	0	119	0	0	0	0	0	0	0	0	0	0	
775500	0	0	0	0	0	119	0	0	0	0	0	0	0	0	0	0	
776252	0	0	0	0	0	115	0	0	0	0	0	0	0	0	0	0	
777003	0	0	0	0	0	139	0	0	0	0	0	0	0	0	0	0	
777755	0	0	0	0	0	113	0	0	0	0	0	0	0	0	0	0	
778503	0	0	0	0	0	131	0	0	0	0	0	0	0	0	0	0	
779252	0	0	0	0	0	143	0	0	0	0	0	0	0	0	0	0	
780001	0	0	0	0	0	143	0	0	0	0	0	0	0	0	0	0	
780751	0	0	0	0	0	143	0	0	0	0	0	0	0	0	0	0	
781501	0	0	0	0	0	123	0	0	0	0	0	0	0	0	0	0	
782249	0	0	0	0	0	139	0	0	0	0	0	0	0	0	0	0	
782996	0	0	0	0	0	143	0	0	0	0	0	0	0	0	0	0	
783746	0	0	0	0	0	129	0	0	0	0	0	0	0	0	0	0	
784492	0	0	0	0	0	125	0	0	0	0	0	0	0	0	0	0	
785242	0	0	0	0	0	127	0	0	0	0	0	0	0	0	0	0	
785994	0	0	0	0	0	141	0	0	0	0	0	0	0	0	0	0	
786747	0	0	0	0	0	129	0	0	0	0	0	0	0	0	0	0	
787498	0	0	0	0	11	114	0	0	0	0	0	0	0	0	0	0	
788248	0	0	0	0	0	109	0	0	0	0	0	0	0	0	0	0	
788999	0	0	0	0	0	135	0	0	0	0	0	0	0	0	0	0	
789749	0	0	0	0	0	139	0	0	0	0	0	0	0	0	0	0	
790495	0	0	0	0	0	135	0	0	0	0	0	0	0	0	0	0	
791249	0	0	0	0	0	145	0	0	0	0	0	0	0	0	0	0	
791997	0	0	0	0	0	119	0	0	0	0	0	0	0	0	0	0	
792745	0	0	0	0	157	0	0	0	0	0	0	0	0	0	0	0	
793498	0	0	0	0	169	0	0	0	0	0	0	0	0	0	0	0	
794249	0	0	0	0	151	0	0	0	0	0	0	0	0	0	0	0	
795002	0	0	0	0	145	0	0	0	0	0	0	0	0	0	0	0	
795751	0	0	0	0	165	0	0	0	0	0	0	0	0	0	0	0	
796500	0	0	0	0	171	0	0	0	0	0	0	0	0	0	0	0	
797248	0	0	0	0	135	0	0	0	0	0	0	0	0	0	0	0	
797993	0	0	0	0	157	0	0	0	0	0	0	0	0	0	0	0	
798744	0	0	0	0	163	0	0	0	0	0	0	0	0	0	0	0	
799495	0	0	0	0	159	0	0	0	0	0	0	0	0	0	0	0	
800245	0	0	0	0	151	0	0	0	0	0	0	0	0	0	0	0	
800999	0	0	0	0	157	0	0	0	0	0	0	0	0	0	0	0	
801748	0	0	0	0	167	0	0	0	0	0	0	0	0	0	0	0	
802504	0	0	0	0	171	0	0	0	0	0	0	0	0	0	0	0	
803256	0	0	0	0	161	0	0	0	0	0	0	0	0	0	0	0	
804001	0	0	0	0	147	0	0	0	0	0	0	0	0	0	0	0	
804753	0	0	0	0	175	0	0	0	0	0	0	0	0	0	0	0	
805503	0	0	0	0	137	0	0	0	0	0	0	0	0	0	0	0	
806257	0	0	0	0	159	0	0	0	0	0	0	0	0	0	0	0	
807008	0	0	0	0	143	0	0	0	0	0	0	0	0	0	0	0	
807756	0	0	0	0	153	0	0	0	0	0	0	0	0	0	0	0	
808505	0	0	0	1	158	0	0	0	0	0	0	0	0	0	0	0	
809257	0	0	0	0	167	0	0	0	0	0	0	0	0	0	0	0	
810006	0	0	0	0	171	0	0	0	0	0	0	0	0	0	0	0	
810754	0	0	0	0	153	0	0	0	0	0	0	0	0	0	0	0	
811502	0	0	0	0	189	0	0	0	0	0	0	0	0	0	0	0	
812252	0	0	0	0	159	0	0	0	0	0	0	0	0	0	0	0	
813003	0	0	0	0	157	0	0	0	0	0	0	0	0	0	0	0	
813749	0	0	0	0	163	0	0	0	0	0	0	0	0	0	0	0	
814498	0	0	0	0	171	0	0	0	0	0	0	0	0	0	0	0	
815248	0	0	0	0	155	0	0	0	0	0	0	0	0	0	0	0	
816001	0	0	0	0	161	0	0	0	0	0	0	0	0	0	0	0	
816751	0	0	0	0	145	0	0	0	0	0	0	0	0	0	0	0	
817503	0	0	0	0	175	0	0	0	0	0	0	0	0	0	0	0	
818252	0	0	0	0	155	0	0	0	0	0	0	0	0	0	0	0	
819003	0	0	0	0	151	0	0	0	0	0	0	0	0	0	0	0	
819754	0	0	0	0	163	0	0	0	0	0	0	0	0	0	0	0	
820505	0	0	0	0	151	0	0	0	0	0	0	0	0	0	0	0	
821256	0	0	0	0	163	0	0	0	0	0	0	0	0	0	0	0	
822008	0	0	0	0	165	0	0	0	0	0	0	0	0	0	0	0	
822758	0	0	0	0	179	0	0	0	0	0	0	0	0	0	0	0	
823510	0	0	0	115	66	0	0	0	0	0	0	0	0	0	0	0	
824261	0	0	0	183	0	0	0	0	0	0	0	0	0	0	0	0	
825011	0	0	0	195	0	0	0	0	0	0	0	0	0	0	0	0	
825761	0	0	0	225	0	0	0	0	0	0	0	0	0	0	0	0	
826508	0	0	0	175	0	0	0	0	0	0	0	0	0	0	0	0	
827260	0	0	0	235	0	0	0	0	0	0	0	0	0	0	0	0	
828012	0	0	0	213	0	0	0	0	0	0	0	0	0	0	0	0	
828763	0	0	0	181	0	0	0	0	0	0	0	0	0	0	0	0	
829513	0	0	0	209	0	0	0	0	0	0	0	0	0	0	0	0	
830263	0	0	0	195	0	0	0	0	0	0	0	0	0	0	0	0	
831013	0	0	0	187	0	0	0	0	0	0	0	0	0	0	0	0	
831762	0	0	0	205	0	0	0	0	0	0	0	0	0	0	0	0	
832513	0	0	0	227	0	0	0	0	0	0	0	0	0	0	0	0	
833265	0	0	0	191	0	0	0	0	0	0	0	0	0	0	0	0	
834015	0	0	0	201	0	0	0	0	0	0	0	0	0	0	0	0	
834763	0	0	0	201	0	0	0	0	0	0	0	0	0	0	0	0	
835511	0	0	0	197	0	0	0	0	0	0	0	0	0	0	0	0	
836263	0	0	0	209	0	0	0	0	0	0	0	0	0	0	0	0	
837014	0	0	0	245	0	0	0	0	0	0	0	0	0	0	0	0	
837769	0	0	0	203	0	0	0	0	0	0	0	0	0	0	0	0	
838518	0	0	0	181	0	0	0	0	0	0	0	0	0	0	0	0	
839268	0	0	0	185	0	0	0	0	0	0	0	0	0	0	0	0	
840016	0	0	0	191	0	0	0	0	0	0	0	0	0	0	0	0	
840766	0	0	0	197	0	0	0	0	0	0	0	0	0	0	0	0	
841517	0	0	0	193	0	0	0	0	0	0	0	0	0	0	0	0	
842266	0	0	0	179	0	0	0	0	0	0	0	0	0	0	0	0	
843017	0	0	0	185	0	0	0	0	0	0	0	0	0	0	0	0	
843766	0	0	0	201	0	0	0	0	0	0	0	0	0	0	0	0	
844518	0	0	0	219	0	0	0	0	0	0	0	0	0	0	0	0	
845269	0	0	0	175	0	0	0	0	0	0	0	0	0	0	0	0	
846019	0	0	0	217	0	0	0	0	0	0	0	0	0	0	0	0	
846767	0	0	0	225	0	0	0	0	0	0	0	0	0	0	0	0	
847516	0	0	0	217	0	0	0	0	0	0	0	0	0	0	0	0	
848268	0	0	0	187	0	0	0	0	0	0	0	0	0	0	0	0	
849021	0	0	0	199	0	0	0	0	0	0	0	0	0	0	0	0	
849773	0	0	0	197	0	0	0	0	0	0	0	0	0	0	0	0	
850525	0	0	0	181	0	0	0	0	0	0	0	0	0	0	0	0	
851277	0	0	0	27	140	0	0	0	0	0	0	0	0	0	0	0	
852030	0	0	0	0	165	0	0	0	0	0	0	0	0	0	0	0	
852779	0	0	0	0	151	0	0	0	0	0	0	0	0	0	0	0	
853529	0	0	0	0	133	0	0	0	0	0	0	0	0	0	0	0	
854277	0	0	0	0	169	0	0	0	0	0	0	0	0	0	0	0	
855027	0	0	0	0	161	0	0	0	0	0	0	0	0	0	0	0	
855778	0	0	0	0	153	0	0	0	0	0	0	0	0	0	0	0	
856528	0	0	0	0	149	0	0	0	0	0	0	0	0	0	0	0	
857277	0	0	0	0	155	0	0	0	0	0	0	0	0	0	0	0	
858031	0	0	0	0	143	0	0	0	0	0	0	0	0	0	0	0	
858781	0	0	0	0	173	0	0	0	0	0	0	0	0	0	0	0	
859531	0	0	0	0	164	3	0	0	0	0	0	0	0	0	0	0	
860278	0	0	0	0	169	0	0	0	0	0	0	0	0	0	0	0	
861031	0	0	0	0	161	0	0	0	0	0	0	0	0	0	0	0	
861783	0	0	0	0	143	0	0	0	0	0	0	0	0	0	0	0	
862535	0	0	0	1	168	0	0	0	0	0	0	0	0	0	0	0	
863288	0	0	0	179	0	0	0	0	0	0	0	0	0	0	0	0	
864038	0	0	0	185	0	0	0	0	0	0	0	0	0	0	0	0	
864785	0	0	0	181	0	0	0	0	0	0	0	0	0	0	0	0	
865534	0	0	0	197	0	0	0	0	0	0	0	0	0	0	0	0	
866282	0	0	0	199	0	0	0	0	0	0	0	0	0	0	0	0	
867031	0	0	277	0	0	0	0	0	0	0	0	0	0	0	0	0	
867780	0	0	281	0	0	0	0	0	0	0	0	0	0	0	0	0	
868534	0	0	289	0	0	0	0	0	0	0	0	0	0	0	0	0	
869285	0	0	271	0	0	0	0	0	0	0	0	0	0	0	0	0	
870034	0	0	269	0	0	0	0	0	0	0	0	0	0	0	0	0	
870781	0	0	243	0	0	0	0	0	0	0	0	0	0	0	0	0	
871527	0	0	297	0	0	0	0	0	0	0	0	0	0	0	0	0	
872278	0	0	263	0	0	0	0	0	0	0	0	0	0	0	0	0	
873024	0	0	267	0	0	0	0	0	0	0	0	0	0	0	0	0	
873774	0	0	273	0	0	0	0	0	0	0	0	0	0	0	0	0	
874526	0	4	279	0	0	0	0	0	0	0	0	0	0	0	0	0	
875275	0	7	268	0	0	0	0	0	0	0	0	0	0	0	0	0	
876025	0	0	257	0	0	0	0	0	0	0	0	0	0	0	0	0	
876777	0	0	249	0	0	0	0	0	0	0	0	0	0	0	0	0	
877525	0	0	271	0	0	0	0	0	0	0	0	0	0	0	0	0	
878274	0	0	261	0	0	0	0	0	0	0	0	0	0	0	0	0	
879024	0	0	261	0	0	0	0	0	0	0	0	0	0	0	0	0	
879774	0	0	293	0	0	0	0	0	0	0	0	0	0	0	0	0	
880522	0	0	251	0	0	0	0	0	0	0	0	0	0	0	0	0	
881274	0	0	283	0	0	0	0	0	0	0	0	0	0	0	0	0	
882024	0	0	275	0	0	0	0	0	0	0	0	0	0	0	0	0	
882774	0	0	237	0	0	0	0	0	0	0	0	0	0	0	0	0	
883524	0	0	255	0	0	0	0	0	0	0	0	0	0	0	0	0	
884276	0	0	269	0	0	0	0	0	0	0	0	0	0	0	0	0	
885023	0	0	281	0	0	0	0	0	0	0	0	0	0	0	0	0	
885770	0	0	275	0	0	0	0	0	0	0	0	0	0	0	0	0	
886522	0	0	251	0	0	0	0	0	0	0	0	0	0	0	0	0	
887276	0	0	301	0	0	0	0	0	0	0	0	0	0	0	0	0	
888024	0	0	269	0	0	0	0	0	0	0	0	0	0	0	0	0	
888774	0	0	257	0	0	0	0	0	0	0	0	0	0	0	0	0	
889529	0	0	235	0	0	0	0	0	0	0	0	0	0	0	0	0	
890282	0	0	271	0	0	0	0	0	0	0	0	0	0	0	0	0	
891033	0	0	137	92	0	0	0	0	0	0	0	0	0	0	0	0	
891782	0	0	0	181	0	0	0	0	0	0	0	0	0	0	0	0	
892536	0	0	0	197	0	0	0	0	0	0	0	0	0	0	0	0	
893288	0	0	0	229	0	0	0	0	0	0	0	0	0	0	0	0	
894040	0	0	0	217	0	0	0	0	0	0	0	0	0	0	0	0	
894787	0	0	0	181	0	0	0	0	0	0	0	0	0	0	0	0	
895537	0	0	0	0	167	0	0	0	0	0	0	0	0	0	0	0	
896288	0	0	0	0	179	0	0	0	0	0	0	0	0	0	0	0	
897036	0	0	0	0	171	0	0	0	0	0	0	0	0	0	0	0	
897791	0	0	0	0	173	0	0	0	0	0	0	0	0	0	0	0	
898543	0	0	0	0	165	0	0	0	0	0	0	0	0	0	0	0	
899292	0	0	0	0	179	0	0	0	0	0	0	0	0	0	0	0	
900039	0	0	0	0	171	0	0	0	0	0	0	0	0	0	0	0	
900788	0	0	0	0	157	0	0	0	0	0	0	0	0	0	0	0	
901534	0	0	0	0	159	0	0	0	0	0	0	0	0	0	0	0	
902283	0	0	0	187	0	0	0	0	0	0	0	0	0	0	0	0	
903028	0	0	0	227	0	0	0	0	0	0	0	0	0	0	0	0	
903777	0	0	0	205	0	0	0	0	0	0	0	0	0	0	0	0	
904528	0	0	0	193	0	0	0	0	0	0	0	0	0	0	0	0	
905280	0	0	0	187	0	0	0	0	0	0	0	0	0	0	0	0	
906030	0	0	0	239	0	0	0	0	0	0	0	0	0	0	0	0	
906779	0	0	0	195	0	0	0	0	0	0	0	0	0	0	0	0	
907527	0	0	0	201	0	0	0	0	0	0	0	0	0	0	0	0	
908278	0	0	0	193	0	0	0	0	0	0	0	0	0	0	0	0	
909027	0	0	0	205	0	0	0	0	0	0	0	0	0	0	0	0	
909776	0	0	0	221	0	0	0	0	0	0	0	0	0	0	0	0	
910528	0	0	0	213	0	0	0	0	0	0	0	0	0	0	0	0	
911277	0	0	0	179	0	0	0	0	0	0	0	0	0	0	0	0	
912028	0	0	0	189	0	0	0	0	0	0	0	0	0	0	0	0	
912781	0	0	0	207	0	0	0	0	0	0	0	0	0	0	0	0	
913528	0	0	0	197	0	0	0	0	0	0	0	0	0	0	0	0	
914277	0	0	0	216	1	0	0	0	0	0	0	0	0	0	0	0	
915026	0	0	0	189	0	0	0	0	0	0	0	0	0	0	0	0	
915777	0	0	0	179	0	0	0	0	0	0	0	0	0	0	0	0	
916524	0	0	0	189	0	0	0	0	0	0	0	0	0	0	0	0	
917277	0	0	48	157	0	0	0	0	0	0	0	0	0	0	0	0	
918027	0	0	255	0	0	0	0	0	0	0	0	0	0	0	0	0	
918776	0	0	271	0	0	0	0	0	0	0	0	0	0	0	0	0	
919528	0	0	257	0	0	0	0	0	0	0	0	0	0	0	0	0	
920277	0	0	267	0	0	0	0	0	0	0	0	0	0	0	0	0	
921029	0	0	255	0	0	0	0	0	0	0	0	0	0	0	0	0	
921777	0	0	259	0	0	0	0	0	0	0	0	0	0	0	0	0	
922528	0	0	285	0	0	0	0	0	0	0	0	0	0	0	0	0	
923279	0	0	279	0	0	0	0	0	0	0	0	0	0	0	0	0	
924028	0	0	249	0	0	0	0	0	0	0	0	0	0	0	0	0	
924774	0	0	271	0	0	0	0	0	0	0	0	0	0	0	0	0	
925523	0	0	253	0	0	0	0	0	0	0	0	0	0	0	0	0	
926271	0	0	259	0	0	0	0	0	0	0	0	0	0	0	0	0	
927019	0	0	257	0	0	0	0	0	0	0	0	0	0	0	0	0	
927771	0	0	245	0	0	0	0	0	0	0	0	0	0	0	0	0	
928521	0	0	255	0	0	0	0	0	0	0	0	0	0	0	0	0	
929270	0	0	243	0	0	0	0	0	0	0	0	0	0	0	0	0	
930026	0	0	273	0	0	0	0	0	0	0	0	0	0	0	0	0	
930777	0	0	253	0	0	0	0	0	0	0	0	0	0	0	0	0	
931527	0	0	275	0	0	0	0	0	0	0	0	0	0	0	0	0	
932279	0	0	277	0	0	0	0	0	0	0	0	0	0	0	0	0	
933029	0	0	277	0	0	0	0	0	0	0	0	0	0	0	0	0	
933779	0	0	265	0	0	0	0	0	0	0	0	0	0	0	0	0	
934530	0	0	265	0	0	0	0	0	0	0	0	0	0	0	0	0	
935276	0	0	281	0	0	0	0	0	0	0	0	0	0	0	0	0	
936023	0	0	263	0	0	0	0	0	0	0	0	0	0	0	0	0	
936771	0	0	257	0	0	0	0	0	0	0	0	0	0	0	0	0	
937521	0	0	223	0	0	0	0	0	0	0	0	0	0	0	0	0	
938271	0	0	271	0	0	0	0	0	0	0	0	0	0	0	0	0	
939022	0	0	263	0	0	0	0	0	0	0	0	0	0	0	0	0	
939770	0	0	257	0	0	0	0	0	0	0	0	0	0	0	0	0	
940525	0	0	273	0	0	0	0	0	0	0	0	0	0	0	0	0	
941277	0	0	285	0	0	0	0	0	0	0	0	0	0	0	0	0	
942026	0	0	273	0	0	0	0	0	0	0	0	0	0	0	0	0	
942772	0	0	287	0	0	0	0	0	0	0	0	0	0	0	0	0	
943524	0	0	273	0	0	0	0	0	0	0	0	0	0	0	0	0	
944272	0	0	259	0	0	0	0	0	0	0	0	0	0	0	0	0	
945022	0	0	287	0	0	0	0	0	0	0	0	0	0	0	0	0	
945770	0	0	247	0	0	0	0	0	0	0	0	0	0	0	0	0	
946518	0	0	273	0	0	0	0	0	0	0	0	0	0	0	0	0	
947270	0	0	269	0	0	0	0	0	0	0	0	0	0	0	0	0	
948020	0	0	249	0	0	0	0	0	0	0	0	0	0	0	0	0	
948768	0	0	257	0	0	0	0	0	0	0	0	0	0	0	0	0	
949517	0	0	253	0	0	0	0	0	0	0	0	0	0	0	0	0	
950267	0	0	285	0	0	0	0	0	0	0	0	0	0	0	0	0	
951017	0	0	257	0	0	0	0	0	0	0	0	0	0	0	0	0	
951767	0	151	164	0	0	0	0	0	0	0	0	0	0	0	0	0	
952517	0	381	0	0	0	0	0	0	0	0	0	0	0	0	0	0	
953266	0	383	0	0	0	0	0	0	0	0	0	0	0	0	0	0	
954016	0	399	0	0	0	0	0	0	0	0	0	0	0	0	0	0	
954765	0	389	0	0	0	0	0	0	0	0	0	0	0	0	0	0	
955516	0	361	0	0	0	0	0	0	0	0	0	0	0	0	0	0	
956264	0	385	0	0	0	0	0	0	0	0	0	0	0	0	0	0	
957013	0	373	0	0	0	0	0	0	0	0	0	0	0	0	0	0	
957766	0	403	0	0	0	0	0	0	0	0	0	0	0	0	0	0	
958514	0	381	0	0	0	0	0	0	0	0	0	0	0	0	0	0	
959265	0	327	0	0	0	0	0	0	0	0	0	0	0	0	0	0	
960015	0	409	0	0	0	0	0	0	0	0	0	0	0	0	0	0	
960765	0	365	0	0	0	0	0	0	0	0	0	0	0	0	0	0	
961517	0	411	0	0	0	0	0	0	0	0	0	0	0	0	0	0	
962269	0	419	0	0	0	0	0	0	0	0	0	0	0	0	0	0	
963021	0	399	0	0	0	0	0	0	0	0	0	0	0	0	0	0	
963770	0	377	0	0	0	0	0	0	0	0	0	0	0	0	0	0	
964522	0	411	0	0	0	0	0	0	0	0	0	0	0	0	0	0	
965271	0	389	0	0	0	0	0	0	0	0	0	0	0	0	0	0	
966018	0	361	0	0	0	0	0	0	0	0	0	0	0	0	0	0	
966767	0	373	0	0	0	0	0	0	0	0	0	0	0	0	0	0	
967517	0	407	0	0	0	0	0	0	0	0	0	0	0	0	0	0	
968267	0	387	0	0	0	0	0	0	0	0	0	0	0	0	0	0	
969017	0	373	0	0	0	0	0	0	0	0	0	0	0	0	0	0	
969767	0	385	0	0	0	0	0	0	0	0	0	0	0	0	0	0	
970519	0	383	0	0	0	0	0	0	0	0	0	0	0	0	0	0	
971271	0	409	0	0	0	0	0	0	0	0	0	0	0	0	0	0	
972019	0	373	0	0	0	0	0	0	0	0	0	0	0	0	0	0	
972771	0	415	0	0	0	0	0	0	0	0	0	0	0	0	0	0	
973519	0	413	0	0	0	0	0	0	0	0	0	0	0	0	0	0	
974268	0	373	0	0	0	0	0	0	0	0	0	0	0	0	0	0	
975022	0	415	0	0	0	0	0	0	0	0	0	0	0	0	0	0	
975775	0	401	0	0	0	0	0	0	0	0	0	0	0	0	0	0	
976524	0	273	96	0	0	0	0	0	0	0	0	0	0	0	0	0	
977273	0	0	257	0	0	0	0	0	0	0	0	0	0	0	0	0	
978025	0	0	257	0	0	0	0	0	0	0	0	0	0	0	0	0	
978777	0	0	247	0	0	0	0	0	0	0	0	0	0	0	0	0	
979528	0	0	285	0	0	0	0	0	0	0	0	0	0	0	0	0	
980278	0	0	265	0	0	0	0	0	0	0	0	0	0	0	0	0	
981028	0	0	257	0	0	0	0	0	0	0	0	0	0	0	0	0	
981777	0	0	271	0	0	0	0	0	0	0	0	0	0	0	0	0	
982525	0	0	235	0	0	0	0	0	0	0	0	0	0	0	0	0	
983272	0	0	273	0	0	0	0	0	0	0	0	0	0	0	0	0	
984025	0	0	241	0	0	0	0	0	0	0	0	0	0	0	0	0	
984775	0	0	277	0	0	0	0	0	0	0	0	0	0	0	0	0	
985522	0	0	253	0	0	0	0	0	0	0	0	0	0	0	0	0	
986272	0	0	265	0	0	0	0	0	0	0	0	0	0	0	0	0	
987021	0	0	251	0	0	0	0	0	0	0	0	0	0	0	0	0	
987769	0	0	275	0	0	0	0	0	0	0	0	0	0	0	0	0	
988518	0	0	269	0	0	0	0	0	0	0	0	0	0	0	0	0	
989267	0	0	245	0	0	0	0	0	0	0	0	0	0	0	0	0	
990017	0	0	261	0	0	0	0	0	0	0	0	0	0	0	0	0	
990762	0	0	281	0	0	0	0	0	0	0	0	0	0	0	0	0	
991513	0	0	249	0	0	0	0	0	0	0	0	0	0	0	0	0	
992266	0	0	279	0	0	0	0	0	0	0	0	0	0	0	0	0	
993015	0	0	243	0	0	0	0	0	0	0	0	0	0	0	0	0	
993768	0	0	271	0	0	0	0	0	0	0	0	0	0	0	0	0	
994518	0	0	247	0	0	0	0	0	0	0	0	0	0	0	0	0	
995273	0	70	243	0	0	0	0	0	0	0	0	0	0	0	0	0	
996025	0	0	243	0	0	0	0	0	0	0	0	0	0	0	0	0	
996776	0	0	253	0	0	0	0	0	0	0	0	0	0	0	0	0	
997529	0	0	274	1	0	0	0	0	0	0	0	0	0	0	0	0	
998279	0	0	267	0	0	0	0	0	0	0	0	0	0	0	0	0	
999033	0	0	0	193	0	0	0	0	0	0	0	0	0	0	0	0	
999782	0	0	0	211	0	0	0	0	0	0	0	0	0	0	0	0	
1.00053e+06	0	0	0	213	0	0	0	0	0	0	0	0	0	0	0	0	
1.00128e+06	0	0	0	183	0	0	0	0	0	0	0	0	0	0	0	0	
1.00204e+06	0	0	0	191	0	0	0	0	0	0	0	0	0	0	0	0	
1.00279e+06	0	0	0	195	0	0	0	0	0	0	0	0	0	0	0	0	
1.00354e+06	0	0	0	215	0	0	0	0	0	0	0	0	0	0	0	0	
1.00429e+06	0	0	0	193	0	0	0	0	0	0	0	0	0	0	0	0	
1.00504e+06	0	0	89	83	45	0	0	0	0	0	0	0	0	0	0	0	
1.00579e+06	0	0	263	0	0	0	0	0	0	0	0	0	0	0	0	0	
1.00654e+06	0	0	297	0	0	0	0	0	0	0	0	0	0	0	0	0	
1.00729e+06	0	0	245	0	0	0	0	0	0	0	0	0	0	0	0	0	
1.00804e+06	0	2	265	0	0	0	0	0	0	0	0	0	0	0	0	0	
1.00878e+06	0	0	259	0	0	0	0	0	0	0	0	0	0	0	0	0	
1.00954e+06	0	0	267	0	0	0	0	0	0	0	0	0	0	0	0	0	
1.01029e+06	0	0	245	0	0	0	0	0	0	0	0	0	0	0	0	0	
1.01104e+06	0	0	249	0	0	0	0	0	0	0	0	0	0	0	0	0	
1.01179e+06	0	0	243	0	0	0	0	0	0	0	0	0	0	0	0	0	
1.01254e+06	0	0	265	0	0	0	0	0	0	0	0	0	0	0	0	0	
1.01329e+06	0	0	271	12	0	0	0	0	0	0	0	0	0	0	0	0	
1.01404e+06	0	0	249	0	0	0	0	0	0	0	0	0	0	0	0	0	
1.01479e+06	0	0	263	0	0	0	0	0	0	0	0	0	0	0	0	0	
1.01554e+06	0	0	245	0	0	0	0	0	0	0	0	0	0	0	0	0	
1.01629e+06	0	0	267	0	0	0	0	0	0	0	0	0	0	0	0	0	
1.01704e+06	0	0	287	0	0	0	0	0	0	0	0	0	0	0	0	0	
1.01779e+06	0	0	263	0	0	0	0	0	0	0	0	0	0	0	0	0	
1.01854e+06	0	0	253	0	0	0	0	0	0	0	0	0	0	0	0	0	
1.01929e+06	0	0	253	0	0	0	0	0	0	0	0	0	0	0	0	0	
1.02004e+06	0	0	261	0	0	0	0	0	0	0	0	0	0	0	0	0	
1.02079e+06	0	0	257	0	0	0	0	0	0	0	0	0	0	0	0	0	
1.02154e+06	0	0	267	0	0	0	0	0	0	0	0	0	0	0	0	0	
1.02229e+06	0	77	212	0	0	0	0	0	0	0	0	0	0	0	0	0	
1.02304e+06	0	397	0	0	0	0	0	0	0	0	0	0	0	0	0	0	
1.02379e+06	0	393	0	0	0	0	0	0	0	0	0	0	0	0	0	0	
1.02454e+06	0	439	0	0	0	0	0	0	0	0	0	0	0	0	0	0	
1.02529e+06	0	429	0	0	0	0	0	0	0	0	0	0	0	0	0	0	
1.02604e+06	0	387	0	0	0	0	0	0	0	0	0	0	0	0	0	0	
1.02679e+06	3	380	0	0	0	0	0	0	0	0	0	0	0	0	0	0	
1.02754e+06	0	409	0	0	0	0	0	0	0	0	0	0	0	0	0	0	
1.02829e+06	0	385	0	0	0	0	0	0	0	0	0	0	0	0	0	0	
1.02904e+06	0	272	67	0	0	0	0	0	0	0	0	0	0	0	0	0	
1.02979e+06	0	381	0	0	0	0	0	0	0	0	0	0	0	0	0	0	
1.03055e+06	0	379	0	0	0	0	0	0	0	0	0	0	0	0	0	0	
1.0313e+06	0	345	0	0	0	0	0	0	0	0	0	0	0	0	0	0	
1.03205e+06	0	391	0	0	0	0	0	0	0	0	0	0	0	0	0	0	
1.0328e+06	0	434	1	0	0	0	0	0	0	0	0	0	0	0	0	0	
1.03355e+06	0	379	0	0	0	0	0	0	0	0	0	0	0	0	0	0	
1.0343e+06	0	397	0	0	0	0	0	0	0	0	0	0	0	0	0	0	
1.03505e+06	0	399	0	0	0	0	0	0	0	0	0	0	0	0	0	0	
1.0358e+06	0	379	0	0	0	0	0	0	0	0	0	0	0	0	0	0	
1.03655e+06	0	176	149	0	0	0	0	0	0	0	0	0	0	0	0	0	
1.0373e+06	0	0	259	0	0	0	0	0	0	0	0	0	0	0	0	0	
1.03805e+06	0	0	251	0	0	0	0	0	0	0	0	0	0	0	0	0	
1.0388e+06	0	0	255	0	0	0	0	0	0	0	0	0	0	0	0	0	
1.03955e+06	0	30	255	0	0	0	0	0	0	0	0	0	0	0	0	0	
1.0403e+06	0	0	259	0	0	0	0	0	0	0	0	0	0	0	0	0	
1.04105e+06	0	0	249	0	0	0	0	0	0	0	0	0	0	0	0	0	
1.0418e+06	0	0	253	0	0	0	0	0	0	0	0	0	0	0	0	0	
1.04255e+06	0	0	253	0	0	0	0	0	0	0	0	0	0	0	0	0	
1.0433e+06	0	0	263	0	0	0	0	0	0	0	0	0	0	0	0	0	
1.04405e+06	0	0	251	0	0	0	0	0	0	0	0	0	0	0	0	0	
1.0448e+06	0	0	71	148	0	0	0	0	0	0	0	0	0	0	0	0	
1.04555e+06	0	0	0	183	0	0	0	0	0	0	0	0	0	0	0	0	
1.04631e+06	0	0	0	227	0	0	0	0	0	0	0	0	0	0	0	0	
1.04706e+06	0	0	0	191	0	0	0	0	0	0	0	0	0	0	0	0	
1.04781e+06	0	0	0	197	0	0	0	0	0	0	0	0	0	0	0	0	
1.04855e+06	0	0	0	177	0	0	0	0	0	0	0	0	0	0	0	0	
1.04931e+06	0	0	0	203	0	0	0	0	0	0	0	0	0	0	0	0	
1.05006e+06	0	0	0	209	0	0	0	0	0	0	0	0	0	0	0	0	
1.0508e+06	0	0	0	213	0	0	0	0	0	0	0	0	0	0	0	0	
1.05155e+06	0	0	0	195	0	0	0	0	0	0	0	0	0	0	0	0	
1.0523e+06	0	0	59	188	0	0	0	0	0	0	0	0	0	0	0	0	
1.05305e+06	0	0	0	197	0	0	0	0	0	0	0	0	0	0	0	0	
1.0538e+06	0	0	0	193	0	0	0	0	0	0	0	0	0	0	0	0	
1.05456e+06	0	0	0	215	0	0	0	0	0	0	0	0	0	0	0	0	
1.05531e+06	0	0	0	189	0	0	0	0	0	0	0	0	0	0	0	0	
1.05606e+06	0	0	0	207	0	0	0	0	0	0	0	0	0	0	0	0	
1.0568e+06	0	0	0	193	0	0	0	0	0	0	0	0	0	0	0	0	
1.05755e+06	0	0	0	205	0	0	0	0	0	0	0	0	0	0	0	0	
1.0583e+06	0	0	0	191	0	0	0	0	0	0	0	0	0	0	0	0	
1.05905e+06	0	0	0	213	0	0	0	0	0	0	0	0	0	0	0	0	
1.0598e+06	0	0	273	0	0	0	0	0	0	0	0	0	0	0	0	0	
1.06055e+06	0	0	283	0	0	0	0	0	0	0	0	0	0	0	0	0	
1.0613e+06	0	0	285	0	0	0	0	0	0	0	0	0	0	0	0	0	
1.06205e+06	0	0	229	0	0	0	0	0	0	0	0	0	0	0	0	0	
1.0628e+06	0	0	283	0	0	0	0	0	0	0	0	0	0	0	0	0	
1.06355e+06	0	0	265	0	0	0	0	0	0	0	0	0	0	0	0	0	
1.0643e+06	0	0	265	0	0	0	0	0	0	0	0	0	0	0	0	0	
1.06505e+06	0	3	284	0	0	0	0	0	0	0	0	0	0	0	0	0	
1.0658e+06	0	0	251	0	0	0	0	0	0	0	0	0	0	0	0	0	
1.06655e+06	0	0	253	0	0	0	0	0	0	0	0	0	0	0	0	0	
1.06731e+06	0	0	249	0	0	0	0	0	0	0	0	0	0	0	0	0	
1.06806e+06	0	0	247	0	0	0	0	0	0	0	0	0	0	0	0	0	
1.06881e+06	0	0	221	0	0	0	0	0	0	0	0	0	0	0	0	0	
1.06956e+06	0	0	265	0	0	0	0	0	0	0	0	0	0	0	0	0	
1.07031e+06	0	0	273	0	0	0	0	0	0	0	0	0	0	0	0	0	
1.07106e+06	0	0	237	0	0	0	0	0	0	0	0	0	0	0	0	0	
1.0718e+06	0	0	275	0	0	0	0	0	0	0	0	0	0	0	0	0	
1.07255e+06	0	0	255	0	0	0	0	0	0	0	0	0	0	0	0	0	
1.0733e+06	0	0	279	0	0	0	0	0	0	0	0	0	0	0	0	0	
1.07405e+06	0	0	271	0	0	0	0	0	0	0	0	0	0	0	0	0	
1.0748e+06	0	0	269	0	0	0	0	0	0	0	0	0	0	0	0	0	
1.07555e+06	0	0	283	0	0	0	0	0	0	0	0	0	0	0	0	0	
1.0763e+06	0	0	239	0	0	0	0	0	0	0	0	0	0	0	0	0	
1.07705e+06	0	0	291	0	0	0	0	0	0	0	0	0	0	0	0	0	
1.0778e+06	0	0	241	0	0	0	0	0	0	0	0	0	0	0	0	0	
1.07855e+06	0	0	279	0	0	0	0	0	0	0	0	0	0	0	0	0	
1.0793e+06	0	0	249	0	0	0	0	0	0	0	0	0	0	0	0	0	
1.08005e+06	0	0	281	0	0	0	0	0	0	0	0	0	0	0	0	0	
1.0808e+06	0	0	287	0	0	0	0	0	0	0	0	0	0	0	0	0	
1.08155e+06	0	0	279	0	0	0	0	0	0	0	0	0	0	0	0	0	
1.0823e+06	0	0	287	0	0	0	0	0	0	0	0	0	0	0	0	0	
1.08305e+06	0	0	275	0	0	0	0	0	0	0	0	0	0	0	0	0	
1.0838e+06	0	0	263	0	0	0	0	0	0	0	0	0	0	0	0	0	
1.08455e+06	0	0	260	1	0	0	0	0	0	0	0	0	0	0	0	0	
1.0853e+06	0	0	269	0	0	0	0	0	0	0	0	0	0	0	0	0	
1.08605e+06	0	0	0	159	0	0	0	0	0	0	0	0	0	0	0	0	
1.0868e+06	0	0	0	181	0	0	0	0	0	0	0	0	0	0	0	0	
1.08755e+06	0	0	0	197	0	0	0	0	0	0	0	0	0	0	0	0	
1.0883e+06	0	0	0	167	0	0	0	0	0	0	0	0	0	0	0	0	
1.08905e+06	0	0	0	201	0	0	0	0	0	0	0	0	0	0	0	0	
1.0898e+06	0	0	0	225	0	0	0	0	0	0	0	0	0	0	0	0	
1.09054e+06	0	0	0	179	0	0	0	0	0	0	0	0	0	0	0	0	
1.09129e+06	0	0	0	209	0	0	0	0	0	0	0	0	0	0	0	0	
1.09204e+06	0	0	0	195	0	0	0	0	0	0	0	0	0	0	0	0	
1.0928e+06	0	0	0	223	0	0	0	0	0	0	0	0	0	0	0	0	
1.09355e+06	0	0	0	193	0	0	0	0	0	0	0	0	0	0	0	0	
1.0943e+06	0	0	0	209	0	0	0	0	0	0	0	0	0	0	0	0	
1.09504e+06	0	0	0	211	0	0	0	0	0	0	0	0	0	0	0	0	
1.09579e+06	0	0	0	181	0	0	0	0	0	0	0	0	0	0	0	0	
1.09654e+06	0	0	0	197	0	0	0	0	0	0	0	0	0	0	0	0	
1.09729e+06	0	0	0	197	0	0	0	0	0	0	0	0	0	0	0	0	
1.09804e+06	0	0	0	203	0	0	0	0	0	0	0	0	0	0	0	0	
1.09879e+06	0	0	0	201	0	0	0	0	0	0	0	0	0	0	0	0	
1.09954e+06	0	0	0	169	0	0	0	0	0	0	0	0	0	0	0	0	
1.10029e+06	0	0	0	211	0	0	0	0	0	0	0	0	0	0	0	0	
1.10105e+06	0	0	0	197	0	0	0	0	0	0	0	0	0	0	0	0	
1.1018e+06	0	0	4	197	0	0	0	0	0	0	0	0	0	0	0	0	
1.10255e+06	0	0	0	233	0	0	0	0	0	0	0	0	0	0	0	0	
1.1033e+06	0	0	0	185	0	0	0	0	0	0	0	0	0	0	0	0	
1.10405e+06	0	0	0	185	0	0	0	0	0	0	0	0	0	0	0	0	
1.1048e+06	0	0	0	211	0	0	0	0	0	0	0	0	0	0	0	0	
1.10555e+06	0	0	0	233	0	0	0	0	0	0	0	0	0	0	0	0	
1.1063e+06	0	0	0	195	0	0	0	0	0	0	0	0	0	0	0	0	
1.10705e+06	0	0	0	217	0	0	0	0	0	0	0	0	0	0	0	0	
1.1078e+06	0	0	0	205	0	0	0	0	0	0	0	0	0	0	0	0	
1.10855e+06	0	0	0	181	0	0	0	0	0	0	0	0	0	0	0	0	
1.1093e+06	0	0	0	209	0	0	0	0	0	0	0	0	0	0	0	0	
1.11005e+06	0	0	0	197	0	0	0	0	0	0	0	0	0	0	0	0	
1.11079e+06	0	0	0	199	0	0	0	0	0	0	0	0	0	0	0	0	
1.11155e+06	0	0	0	219	0	0	0	0	0	0	0	0	0	0	0	0	
1.11229e+06	0	0	0	213	0	0	0	0	0	0	0	0	0	0	0	0	
1.11304e+06	0	0	0	173	0	0	0	0	0	0	0	0	0	0	0	0	
1.11379e+06	0	0	0	195	0	0	0	0	0	0	0	0	0	0	0	0	
1.11454e+06	0	0	0	189	0	0	0	0	0	0	0	0	0	0	0	0	
1.11529e+06	0	0	0	203	0	0	0	0	0	0	0	0	0	0	0	0	
1.11604e+06	0	0	0	199	0	0	0	0	0	0	0	0	0	0	0	0	
1.1168e+06	0	0	0	209	0	0	0	0	0	0	0	0	0	0	0	0	
1.11754e+06	0	0	0	229	0	0	0	0	0	0	0	0	0	0	0	0	
1.11829e+06	0	0	0	199	0	0	0	0	0	0	0	0	0	0	0	0	
1.11905e+06	0	0	0	187	0	0	0	0	0	0	0	0	0	0	0	0	
1.1198e+06	0	0	0	193	0	0	0	0	0	0	0	0	0	0	0	0	
1.12054e+06	0	0	0	177	0	0	0	0	0	0	0	0	0	0	0	0	
1.1213e+06	0	0	0	203	0	0	0	0	0	0	0	0	0	0	0	0	
1.12204e+06	0	0	0	213	0	0	0	0	0	0	0	0	0	0	0	0	
1.12279e+06	0	0	0	197	0	0	0	0	0	0	0	0	0	0	0	0	
1.12354e+06	0	0	0	209	0	0	0	0	0	0	0	0	0	0	0	0	
1.12429e+06	0	0	0	207	0	0	0	0	0	0	0	0	0	0	0	0	
1.12504e+06	0	0	0	211	0	0	0	0	0	0	0	0	0	0	0	0	
1.12579e+06	0	0	0	197	0	0	0	0	0	0	0	0	0	0	0	0	
1.12654e+06	0	0	0	217	0	0	0	0	0	0	0	0	0	0	0	0	
1.12729e+06	0	0	0	0	185	0	0	0	0	0	0	0	0	0	0	0	
1.12805e+06	0	0	0	0	149	0	0	0	0	0	0	0	0	0	0	0	
1.12879e+06	0	0	0	0	145	0	0	0	0	0	0	0	0	0	0	0	
1.12954e+06	0	0	0	0	163	0	0	0	0	0	0	0	0	0	0	0	
1.13029e+06	0	0	0	0	157	0	0	0	0	0	0	0	0	0	0	0	
1.13104e+06	0	0	0	0	138	1	0	0	0	0	0	0	0	0	0	0	
1.13179e+06	0	0	0	0	189	0	0	0	0	0	0	0	0	0	0	0	
1.13254e+06	0	0	0	0	153	0	0	0	0	0	0	0	0	0	0	0	
1.13328e+06	0	0	0	0	155	0	0	0	0	0	0	0	0	0	0	0	
1.13403e+06	0	0	0	0	177	0	0	0	0	0	0	0	0	0	0	0	
1.13478e+06	0	0	0	0	165	0	0	0	0	0	0	0	0	0	0	0	
1.13553e+06	0	0	0	0	173	0	0	0	0	0	0	0	0	0	0	0	
1.13628e+06	0	0	0	0	149	0	0	0	0	0	0	0	0	0	0	0	
1.13703e+06	0	0	0	0	163	0	0	0	0	0	0	0	0	0	0	0	
1.13778e+06	0	0	0	0	165	0	0	0	0	0	0	0	0	0	0	0	
1.13853e+06	0	0	0	0	145	0	0	0	0	0	0	0	0	0	0	0	
1.13928e+06	0	0	0	205	0	0	0	0	0	0	0	0	0	0	0	0	
1.14003e+06	0	0	0	203	0	0	0	0	0	0	0	0	0	0	0	0	
1.14079e+06	0	0	0	213	0	0	0	0	0	0	0	0	0	0	0	0	
1.14154e+06	0	0	0	205	0	0	0	0	0	0	0	0	0	0	0	0	
1.14228e+06	0	0	0	195	0	0	0	0	0	0	0	0	0	0	0	0	
1.14303e+06	0	0	0	213	0	0	0	0	0	0	0	0	0	0	0	0	
1.14379e+06	0	0	0	209	0	0	0	0	0	0	0	0	0	0	0	0	
1.14454e+06	0	0	0	177	0	0	0	0	0	0	0	0	0	0	0	0	
1.14529e+06	0	0	0	191	0	0	0	0	0	0	0	0	0	0	0	0	
1.14604e+06	0	0	0	185	0	0	0	0	0	0	0	0	0	0	0	0	
1.14679e+06	0	0	0	200	1	0	0	0	0	0	0	0	0	0	0	0	
1.14754e+06	0	0	0	201	0	0	0	0	0	0	0	0	0	0	0	0	
1.14829e+06	0	0	0	185	0	0	0	0	0	0	0	0	0	0	0	0	
1.14904e+06	0	0	0	185	0	0	0	0	0	0	0	0	0	0	0	0	
1.14978e+06	0	0	0	175	0	0	0	0	0	0	0	0	0	0	0	0	
1.15053e+06	0	0	0	193	0	0	0	0	0	0	0	0	0	0	0	0	
1.15129e+06	0	0	0	197	0	0	0	0	0	0	0	0	0	0	0	0	
1.15203e+06	0	0	0	189	0	0	0	0	0	0	0	0	0	0	0	0	
1.15279e+06	0	0	0	187	0	0	0	0	0	0	0	0	0	0	0	0	
1.15353e+06	0	0	0	181	0	0	0	0	0	0	0	0	0	0	0	0	
1.15428e+06	0	0	0	201	0	0	0	0	0	0	0	0	0	0	0	0	
1.15503e+06	0	0	0	217	0	0	0	0	0	0	0	0	0	0	0	0	
1.15578e+06	0	0	0	201	0	0	0	0	0	0	0	0	0	0	0	0	
1.15653e+06	0	0	0	203	0	0	0	0	0	0	0	0	0	0	0	0	
1.15728e+06	0	0	0	183	0	0	0	0	0	0	0	0	0	0	0	0	
1.15803e+06	0	0	0	197	0	0	0	0	0	0	0	0	0	0	0	0	
1.15879e+06	0	0	0	173	0	0	0	0	0	0	0	0	0	0	0	0	
1.15954e+06	0	0	0	185	0	0	0	0	0	0	0	0	0	0	0	0	
1.16029e+06	0	0	0	215	0	0	0	0	0	0	0	0	0	0	0	0	
1.16104e+06	0	0	277	16	0	0	0	0	0	0	0	0	0	0	0	0	
1.16178e+06	0	0	263	0	0	0	0	0	0	0	0	0	0	0	0	0	
1.16253e+06	0	0	247	0	0	0	0	0	0	0	0	0	0	0	0	0	
1.16328e+06	0	0	243	0	0	0	0	0	0	0	0	0	0	0	0	0	
1.16403e+06	0	0	275	0	0	0	0	0	0	0	0	0	0	0	0	0	
1.16478e+06	0	0	277	0	0	0	0	0	0	0	0	0	0	0	0	0	
1.16553e+06	0	0	88	121	0	0	0	0	0	0	0	0	0	0	0	0	
1.16628e+06	0	0	281	0	0	0	0	0	0	0	0	0	0	0	0	0	
1.16703e+06	0	0	269	0	0	0	0	0	0	0	0	0	0	0	0	0	
1.16778e+06	0	0	269	0	0	0	0	0	0	0	0	0	0	0	0	0	
1.16853e+06	0	4	241	0	0	0	0	0	0	0	0	0	0	0	0	0	
1.16928e+06	0	0	243	0	0	0	0	0	0	0	0	0	0	0	0	0	
1.17003e+06	0	0	249	0	0	0	0	0	0	0	0	0	0	0	0	0	
1.17077e+06	0	0	287	0	0	0	0	0	0	0	0	0	0	0	0	0	
1.17152e+06	0	0	283	0	0	0	0	0	0	0	0	0	0	0	0	0	
1.17227e+06	0	0	229	0	0	0	0	0	0	0	0	0	0	0	0	0	
1.17303e+06	0	0	285	0	0	0	0	0	0	0	0	0	0	0	0	0	
1.17377e+06	0	0	261	0	0	0	0	0	0	0	0	0	0	0	0	0	
1.17452e+06	0	0	249	0	0	0	0	0	0	0	0	0	0	0	0	0	
1.17527e+06	0	0	265	0	0	0	0	0	0	0	0	0	0	0	0	0	
1.17602e+06	0	0	259	0	0	0	0	0	0	0	0	0	0	0	0	0	
1.17677e+06	0	0	283	0	0	0	0	0	0	0	0	0	0	0	0	0	
1.17752e+06	0	0	235	0	0	0	0	0	0	0	0	0	0	0	0	0	
1.17827e+06	0	0	269	0	0	0	0	0	0	0	0	0	0	0	0	0	
1.17902e+06	0	0	289	0	0	0	0	0	0	0	0	0	0	0	0	0	
1.17977e+06	0	0	243	0	0	0	0	0	0	0	0	0	0	0	0	0	
1.18053e+06	0	0	231	0	0	0	0	0	0	0	0	0	0	0	0	0	
1.18128e+06	0	0	267	0	0	0	0	0	0	0	0	0	0	0	0	0	
1.18203e+06	0	0	245	0	0	0	0	0	0	0	0	0	0	0	0	0	
1.18278e+06	0	0	271	0	0	0	0	0	0	0	0	0	0	0	0	0	
1.18353e+06	0	0	255	0	0	0	0	0	0	0	0	0	0	0	0	0	
1.18428e+06	0	0	249	0	0	0	0	0	0	0	0	0	0	0	0	0	
1.18503e+06	0	0	263	0	0	0	0	0	0	0	0	0	0	0	0	0	
1.18578e+06	0	0	261	0	0	0	0	0	0	0	0	0	0	0	0	0	
1.18653e+06	0	0	0	205	0	0	0	0	0	0	0	0	0	0	0	0	
1.18728e+06	0	0	0	193	0	0	0	0	0	0	0	0	0	0	0	0	
1.18803e+06	0	0	0	191	0	0	0	0	0	0	0	0	0	0	0	0	
1.18878e+06	0	0	0	195	0	0	0	0	0	0	0	0	0	0	0	0	
1.18954e+06	0	0	0	197	0	0	0	0	0	0	0	0	0	0	0	0	
1.19028e+06	0	0	0	175	0	0	0	0	0	0	0	0	0	0	0	0	
1.19104e+06	0	0	0	205	0	0	0	0	0	0	0	0	0	0	0	0	
1.19179e+06	0	0	0	215	0	0	0	0	0	0	0	0	0	0	0	0	
1.19254e+06	0	0	0	213	0	0	0	0	0	0	0	0	0	0	0	0	
1.19329e+06	0	0	1	198	0	0	0	0	0	0	0	0	0	0	0	0	
1.19404e+06	0	0	0	223	0	0	0	0	0	0	0	0	0	0	0	0	
1.19479e+06	0	0	0	179	0	0	0	0	0	0	0	0	0	0	0	0	
1.19555e+06	0	0	0	0	147	0	0	0	0	0	0	0	0	0	0	0	
1.1963e+06	0	0	0	0	141	0	0	0	0	0	0	0	0	0	0	0	
1.19705e+06	0	0	0	207	0	0	0	0	0	0	0	0	0	0	0	0	
1.1978e+06	0	0	0	203	0	0	0	0	0	0	0	0	0	0	0	0	
1.19855e+06	0	0	0	177	0	0	0	0	0	0	0	0	0	0	0	0	
1.1993e+06	0	0	245	0	0	0	0	0	0	0	0	0	0	0	0	0	
1.20005e+06	0	0	247	0	0	0	0	0	0	0	0	0	0	0	0	0	
1.2008e+06	0	0	257	0	0	0	0	0	0	0	0	0	0	0	0	0	
1.20155e+06	0	0	277	0	0	0	0	0	0	0	0	0	0	0	0	0	
1.2023e+06	0	0	277	0	0	0	0	0	0	0	0	0	0	0	0	0	
1.20305e+06	0	0	247	0	0	0	0	0	0	0	0	0	0	0	0	0	
1.2038e+06	0	0	267	0	0	0	0	0	0	0	0	0	0	0	0	0	
1.20455e+06	0	0	255	0	0	0	0	0	0	0	0	0	0	0	0	0	
1.2053e+06	0	0	291	0	0	0	0	0	0	0	0	0	0	0	0	0	
1.20605e+06	0	0	277	0	0	0	0	0	0	0	0	0	0	0	0	0	
1.2068e+06	0	0	243	0	0	0	0	0	0	0	0	0	0	0	0	0	
1.20755e+06	0	0	251	0	0	0	0	0	0	0	0	0	0	0	0	0	
1.2083e+06	0	0	287	0	0	0	0	0	0	0	0	0	0	0	0	0	
1.20905e+06	0	0	261	0	0	0	0	0	0	0	0	0	0	0	0	0	
1.20979e+06	0	0	287	0	0	0	0	0	0	0	0	0	0	0	0	0	
1.21054e+06	0	0	261	0	0	0	0	0	0	0	0	0	0	0	0	0	
1.21129e+06	0	0	285	0	0	0	0	0	0	0	0	0	0	0	0	0	
1.21205e+06	0	0	267	0	0	0	0	0	0	0	0	0	0	0	0	0	
1.2128e+06	0	0	265	0	0	0	0	0	0	0	0	0	0	0	0	0	
1.21355e+06	0	0	277	0	0	0	0	0	0	0	0	0	0	0	0	0	
1.2143e+06	0	0	271	0	0	0	0	0	0	0	0	0	0	0	0	0	
1.21505e+06	0	0	273	0	0	0	0	0	0	0	0	0	0	0	0	0	
1.2158e+06	0	0	281	0	0	0	0	0	0	0	0	0	0	0	0	0	
1.21655e+06	0	0	231	0	0	0	0	0	0	0	0	0	0	0	0	0	
1.2173e+06	0	0	251	0	0	0	0	0	0	0	0	0	0	0	0	0	
1.21805e+06	0	0	285	0	0	0	0	0	0	0	0	0	0	0	0	0	
1.21881e+06	0	0	233	0	0	0	0	0	0	0	0	0	0	0	0	0	
1.21955e+06	0	0	269	0	0	0	0	0	0	0	0	0	0	0	0	0	
1.2203e+06	0	0	243	0	0	0	0	0	0	0	0	0	0	0	0	0	
1.22105e+06	0	0	267	0	0	0	0	0	0	0	0	0	0	0	0	0	
1.2218e+06	0	0	255	0	0	0	0	0	0	0	0	0	0	0	0	0	
1.22255e+06	0	0	281	0	0	0	0	0	0	0	0	0	0	0	0	0	
1.22331e+06	0	0	271	0	0	0	0	0	0	0	0	0	0	0	0	0	
1.22406e+06	0	0	265	0	0	0	0	0	0	0	0	0	0	0	0	0	
1.22481e+06	0	0	243	0	0	0	0	0	0	0	0	0	0	0	0	0	
1.22556e+06	0	0	273	2	0	0	0	0	0	0	0	0	0	0	0	0	
1.22631e+06	0	0	245	0	0	0	0	0	0	0	0	0	0	0	0	0	
1.22706e+06	0	0	134	103	0	0	0	0	0	0	0	0	0	0	0	0	
1.22781e+06	0	0	0	215	0	0	0	0	0	0	0	0	0	0	0	0	
1.22856e+06	0	0	0	195	0	0	0	0	0	0	0	0	0	0	0	0	
1.22931e+06	0	0	0	205	0	0	0	0	0	0	0	0	0	0	0	0	
1.23006e+06	0	0	0	203	0	0	0	0	0	0	0	0	0	0	0	0	
1.23081e+06	0	0	0	191	0	0	0	0	0	0	0	0	0	0	0	0	
1.23156e+06	0	0	0	205	0	0	0	0	0	0	0	0	0	0	0	0	
1.23231e+06	0	0	0	191	0	0	0	0	0	0	0	0	0	0	0	0	
1.23306e+06	0	0	0	215	0	0	0	0	0	0	0	0	0	0	0	0	
1.23381e+06	0	0	0	189	0	0	0	0	0	0	0	0	0	0	0	0	
1.23455e+06	0	0	0	185	0	0	0	0	0	0	0	0	0	0	0	0	
1.23531e+06	0	0	0	173	0	0	0	0	0	0	0	0	0	0	0	0	
1.23605e+06	0	0	0	195	0	0	0	0	0	0	0	0	0	0	0	0	
1.2368e+06	0	0	0	177	0	0	0	0	0	0	0	0	0	0	0	0	
1.23755e+06	0	0	0	183	0	0	0	0	0	0	0	0	0	0	0	0	
1.2383e+06	0	0	0	205	0	0	0	0	0	0	0	0	0	0	0	0	
1.23905e+06	0	0	0	193	0	0	0	0	0	0	0	0	0	0	0	0	
1.2398e+06	0	0	0	191	0	0	0	0	0	0	0	0	0	0	0	0	
1.24055e+06	0	0	0	207	0	0	0	0	0	0	0	0	0	0	0	0	
1.2413e+06	0	0	0	223	0	0	0	0	0	0	0	0	0	0	0	0	
1.24206e+06	0	0	0	205	0	0	0	0	0	0	0	0	0	0	0	0	
1.2428e+06	0	0	0	229	0	0	0	0	0	0	0	0	0	0	0	0	
1.24355e+06	0	0	0	207	0	0	0	0	0	0	0	0	0	0	0	0	
1.2443e+06	0	0	0	197	0	0	0	0	0	0	0	0	0	0	0	0	
1.24505e+06	0	0	0	211	0	0	0	0	0	0	0	0	0	0	0	0	
1.2458e+06	0	0	0	187	0	0	0	0	0	0	0	0	0	0	0	0	
1.24655e+06	0	0	0	179	0	0	0	0	0	0	0	0	0	0	0	0	
1.2473e+06	0	0	0	241	0	0	0	0	0	0	0	0	0	0	0	0	
1.24805e+06	0	0	0	201	0	0	0	0	0	0	0	0	0	0	0	0	
1.2488e+06	0	0	0	175	0	0	0	0	0	0	0	0	0	0	0	0	
1.24955e+06	0	0	0	169	0	0	0	0	0	0	0	0	0	0	0	0	
1.2503e+06	0	0	0	179	0	0	0	0	0	0	0	0	0	0	0	0	
1.25105e+06	0	0	0	195	0	0	0	0	0	0	0	0	0	0	0	0	
1.2518e+06	0	0	0	209	0	0	0	0	0	0	0	0	0	0	0	0	
1.25255e+06	0	0	0	0	181	0	0	0	0	0	0	0	0	0	0	0	
1.2533e+06	0	0	0	0	159	0	0	0	0	0	0	0	0	0	0	0	
1.25405e+06	0	0	0	0	161	0	0	0	0	0	0	0	0	0	0	0	
1.2548e+06	0	0	0	0	187	0	0	0	0	0	0	0	0	0	0	0	
1.25555e+06	0	0	0	0	141	0	0	0	0	0	0	0	0	0	0	0	
1.2563e+06	0	0	0	0	185	0	0	0	0	0	0	0	0	0	0	0	
1.25705e+06	0	0	0	1	146	0	0	0	0	0	0	0	0	0	0	0	
1.2578e+06	0	0	0	0	167	0	0	0	0	0	0	0	0	0	0	0	
1.25855e+06	0	0	0	0	157	0	0	0	0	0	0	0	0	0	0	0	
1.2593e+06	0	0	0	0	183	0	0	0	0	0	0	0	0	0	0	0	
1.26005e+06	0	0	0	0	167	0	0	0	0	0	0	0	0	0	0	0	
1.2608e+06	0	0	0	0	171	0	0	0	0	0	0	0	0	0	0	0	
1.26155e+06	0	0	0	0	153	0	0	0	0	0	0	0	0	0	0	0	
1.2623e+06	0	0	0	0	0	133	0	0	0	0	0	0	0	0	0	0	
1.26305e+06	0	0	0	0	1	130	0	0	0	0	0	0	0	0	0	0	
1.2638e+06	0	0	0	0	0	127	0	0	0	0	0	0	0	0	0	0	
1.26455e+06	0	0	0	0	0	127	0	0	0	0	0	0	0	0	0	0	
1.2653e+06	0	0	0	0	0	139	0	0	0	0	0	0	0	0	0	0	
1.26605e+06	0	0	0	0	0	141	0	0	0	0	0	0	0	0	0	0	
1.26681e+06	0	0	0	0	0	117	0	0	0	0	0	0	0	0	0	0	
1.26756e+06	0	0	0	0	0	147	0	0	0	0	0	0	0	0	0	0	
1.26831e+06	0	0	0	0	0	141	0	0	0	0	0	0	0	0	0	0	
1.26906e+06	0	0	0	0	0	129	0	0	0	0	0	0	0	0	0	0	
1.26981e+06	0	0	0	0	0	137	0	0	0	0	0	0	0	0	0	0	
1.27056e+06	0	0	0	0	0	133	0	0	0	0	0	0	0	0	0	0	
1.2713e+06	0	0	0	0	0	145	0	0	0	0	0	0	0	0	0	0	
1.27205e+06	0	0	0	0	0	129	0	0	0	0	0	0	0	0	0	0	
1.2728e+06	0	0	0	0	0	137	0	0	0	0	0	0	0	0	0	0	
1.27355e+06	0	0	0	0	0	127	0	0	0	0	0	0	0	0	0	0	
1.27431e+06	0	0	0	0	0	127	0	0	0	0	0	0	0	0	0	0	
1.27506e+06	0	0	0	0	0	135	0	0	0	0	0	0	0	0	0	0	
1.27581e+06	0	0	0	0	0	125	0	0	0	0	0	0	0	0	0	0	
1.27656e+06	0	0	0	0	0	147	0	0	0	0	0	0	0	0	0	0	
1.27731e+06	0	0	0	0	0	137	0	0	0	0	0	0	0	0	0	0	
1.27806e+06	0	0	0	0	0	147	0	0	0	0	0	0	0	0	0	0	
1.27881e+06	0	0	0	0	0	131	0	0	0	0	0	0	0	0	0	0	
1.27956e+06	0	0	0	0	0	119	0	0	0	0	0	0	0	0	0	0	
1.28031e+06	0	0	0	0	0	137	0	0	0	0	0	0	0	0	0	0	
1.28106e+06	0	0	0	0	0	0	129	0	0	0	0	0	0	0	0	0	
1.28181e+06	0	0	0	0	0	0	117	0	0	0	0	0	0	0	0	0	
1.28256e+06	0	0	0	0	0	0	129	0	0	0	0	0	0	0	0	0	
1.28331e+06	0	0	0	0	0	0	125	0	0	0	0	0	0	0	0	0	
1.28406e+06	0	0	0	0	0	0	119	0	0	0	0	0	0	0	0	0	
1.28481e+06	0	0	0	0	0	0	117	0	0	0	0	0	0	0	0	0	
1.28556e+06	0	0	0	0	0	0	117	0	0	0	0	0	0	0	0	0	
1.28631e+06	0	0	0	0	0	0	115	0	0	0	0	0	0	0	0	0	
1.28706e+06	0	0	0	0	0	0	117	0	0	0	0	0	0	0	0	0	
1.28781e+06	0	0	0	0	0	0	133	0	0	0	0	0	0	0	0	0	
1.28856e+06	0	0	0	0	0	0	133	0	0	0	0	0	0	0	0	0	
1.28931e+06	0	0	0	0	0	0	105	0	0	0	0	0	0	0	0	0	
1.29006e+06	0	0	0	0	0	0	125	0	0	0	0	0	0	0	0	0	
1.29081e+06	0	0	0	0	0	0	131	0	0	0	0	0	0	0	0	0	
1.29156e+06	0	0	0	0	0	0	121	0	0	0	0	0	0	0	0	0	
1.29231e+06	0	0	0	0	0	0	97	0	0	0	0	0	0	0	0	0	
1.29306e+06	0	0	0	0	0	0	103	0	0	0	0	0	0	0	0	0	
1.29382e+06	0	0	0	0	0	0	105	0	0	0	0	0	0	0	0	0	
1.29456e+06	0	0	0	0	0	0	117	0	0	0	0	0	0	0	0	0	
1.29532e+06	0	0	0	0	0	0	119	0	0	0	0	0	0	0	0	0	
1.29607e+06	0	0	0	0	0	0	123	0	0	0	0	0	0	0	0	0	
1.29682e+06	0	0	0	0	0	0	111	0	0	0	0	0	0	0	0	0	
1.29757e+06	0	0	0	0	0	0	141	0	0	0	0	0	0	0	0	0	
1.29832e+06	0	0	0	0	0	0	109	0	0	0	0	0	0	0	0	0	
1.29907e+06	0	0	0	0	0	0	107	0	0	0	0	0	0	0	0	0	
1.29982e+06	0	0	0	0	0	113	0	0	0	0	0	0	0	0	0	0	
1.30057e+06	0	0	0	0	0	131	0	0	0	0	0	0	0	0	0	0	
1.30132e+06	0	0	0	0	0	141	0	0	0	0	0	0	0	0	0	0	
1.30207e+06	0	0	0	0	0	123	0	0	0	0	0	0	0	0	0	0	
1.30282e+06	0	0	0	0	0	123	0	0	0	0	0	0	0	0	0	0	
1.30357e+06	0	0	0	0	0	129	0	0	0	0	0	0	0	0	0	0	
1.30432e+06	0	0	0	0	0	115	0	0	0	0	0	0	0	0	0	0	
1.30506e+06	0	0	0	0	0	133	0	0	0	0	0	0	0	0	0	0	
1.30582e+06	0	0	0	0	0	123	0	0	0	0	0	0	0	0	0	0	
1.30657e+06	0	0	0	0	0	159	0	0	0	0	0	0	0	0	0	0	
1.30731e+06	0	0	0	0	0	143	0	0	0	0	0	0	0	0	0	0	
1.30806e+06	0	0	0	0	0	119	0	0	0	0	0	0	0	0	0	0	
1.30881e+06	0	0	0	0	0	147	0	0	0	0	0	0	0	0	0	0	
1.30956e+06	0	0	0	0	0	127	0	0	0	0	0	0	0	0	0	0	
1.31031e+06	0	0	0	0	0	135	0	0	0	0	0	0	0	0	0	0	
1.31107e+06	0	0	0	0	0	137	0	0	0	0	0	0	0	0	0	0	
1.31182e+06	0	0	0	0	0	147	0	0	0	0	0	0	0	0	0	0	
1.31257e+06	0	0	0	0	0	143	0	0	0	0	0	0	0	0	0	0	
1.31332e+06	0	0	0	0	0	149	0	0	0	0	0	0	0	0	0	0	
1.31407e+06	0	0	0	0	0	133	0	0	0	0	0	0	0	0	0	0	
1.31482e+06	0	0	0	0	0	147	0	0	0	0	0	0	0	0	0	0	
1.31557e+06	0	0	0	0	0	135	0	0	0	0	0	0	0	0	0	0	
1.31632e+06	0	0	0	0	0	137	0	0	0	0	0	0	0	0	0	0	
1.31707e+06	0	0	0	0	0	131	0	0	0	0	0	0	0	0	0	0	
1.31782e+06	0	0	0	0	0	125	0	0	0	0	0	0	0	0	0	0	
1.31856e+06	0	0	0	0	0	121	0	0	0	0	0	0	0	0	0	0	
1.31931e+06	0	0	0	0	0	133	0	0	0	0	0	0	0	0	0	0	
1.32006e+06	0	0	0	0	0	145	0	0	0	0	0	0	0	0	0	0	
1.32081e+06	0	0	0	0	2	159	0	0	0	0	0	0	0	0	0	0	
1.32156e+06	0	0	0	0	149	0	0	0	0	0	0	0	0	0	0	0	
1.32232e+06	0	0	0	0	145	0	0	0	0	0	0	0	0	0	0	0	
1.32307e+06	0	0	0	0	163	0	0	0	0	0	0	0	0	0	0	0	
1.32382e+06	0	0	0	0	145	0	0	0	0	0	0	0	0	0	0	0	
1.32457e+06	0	0	0	0	149	0	0	0	0	0	0	0	0	0	0	0	
1.32531e+06	0	0	0	0	167	0	0	0	0	0	0	0	0	0	0	0	
1.32606e+06	0	0	0	0	151	0	0	0	0	0	0	0	0	0	0	0	
1.32681e+06	0	0	0	0	163	0	0	0	0	0	0	0	0	0	0	0	
1.32756e+06	0	0	0	0	167	0	0	0	0	0	0	0	0	0	0	0	
1.32831e+06	0	0	0	0	159	0	0	0	0	0	0	0	0	0	0	0	
1.32906e+06	0	0	0	0	153	0	0	0	0	0	0	0	0	0	0	0	
1.32981e+06	0	0	0	0	143	0	0	0	0	0	0	0	0	0	0	0	
1.33056e+06	0	0	0	0	153	0	0	0	0	0	0	0	0	0	0	0	
1.33131e+06	0	0	0	0	147	0	0	0	0	0	0	0	0	0	0	0	
1.33206e+06	0	0	0	0	157	0	0	0	0	0	0	0	0	0	0	0	
1.33281e+06	0	0	0	0	149	0	0	0	0	0	0	0	0	0	0	0	
1.33356e+06	0	0	0	0	147	0	0	0	0	0	0	0	0	0	0	0	
1.33431e+06	0	0	0	0	157	0	0	0	0	0	0	0	0	0	0	0	
1.33506e+06	0	0	0	0	157	0	0	0	0	0	0	0	0	0	0	0	
1.33581e+06	0	0	0	0	147	0	0	0	0	0	0	0	0	0	0	0	
1.33656e+06	0	0	0	0	143	0	0	0	0	0	0	0	0	0	0	0	
1.33731e+06	0	0	0	0	157	0	0	0	0	0	0	0	0	0	0	0	
1.33805e+06	0	0	0	0	169	0	0	0	0	0	0	0	0	0	0	0	
1.3388e+06	0	0	0	0	147	0	0	0	0	0	0	0	0	0	0	0	
1.33955e+06	0	0	0	0	0	115	0	0	0	0	0	0	0	0	0	0	
1.3403e+06	0	0	0	0	0	121	0	0	0	0	0	0	0	0	0	0	
1.34105e+06	0	0	0	0	0	139	0	0	0	0	0	0	0	0	0	0	
1.3418e+06	0	0	0	0	0	135	0	0	0	0	0	0	0	0	0	0	
1.34256e+06	0	0	0	0	0	143	0	0	0	0	0	0	0	0	0	0	
1.34331e+06	0	0	0	0	0	147	0	0	0	0	0	0	0	0	0	0	
1.34406e+06	0	0	0	0	0	129	0	0	0	0	0	0	0	0	0	0	
1.3448e+06	0	0	0	0	0	135	0	0	0	0	0	0	0	0	0	0	
1.34556e+06	0	0	0	0	0	123	0	0	0	0	0	0	0	0	0	0	
1.34631e+06	0	0	0	0	0	145	0	0	0	0	0	0	0	0	0	0	
1.34706e+06	0	0	0	0	0	121	0	0	0	0	0	0	0	0	0	0	
1.34781e+06	0	0	0	0	0	117	0	0	0	0	0	0	0	0	0	0	
1.34855e+06	0	0	0	0	0	139	0	0	0	0	0	0	0	0	0	0	
1.3493e+06	0	0	0	0	0	123	0	0	0	0	0	0	0	0	0	0	
1.35005e+06	0	0	0	0	151	0	0	0	0	0	0	0	0	0	0	0	
1.3508e+06	0	0	0	0	179	0	0	0	0	0	0	0	0	0	0	0	
1.35155e+06	0	0	0	0	163	0	0	0	0	0	0	0	0	0	0	0	
1.35231e+06	0	0	0	0	173	0	0	0	0	0	0	0	0	0	0	0	
1.35305e+06	0	0	0	0	143	0	0	0	0	0	0	0	0	0	0	0	
1.3538e+06	0	0	0	0	159	0	0	0	0	0	0	0	0	0	0	0	
1.35455e+06	0	0	0	0	125	0	0	0	0	0	0	0	0	0	0	0	
1.3553e+06	0	0	0	0	141	0	0	0	0	0	0	0	0	0	0	0	
1.35605e+06	0	0	0	0	171	0	0	0	0	0	0	0	0	0	0	0	
1.35679e+06	0	0	0	0	177	0	0	0	0	0	0	0	0	0	0	0	
1.35754e+06	0	0	0	0	139	0	0	0	0	0	0	0	0	0	0	0	
1.35829e+06	0	0	0	0	153	0	0	0	0	0	0	0	0	0	0	0	
1.35904e+06	0	0	0	0	163	0	0	0	0	0	0	0	0	0	0	0	
1.35979e+06	0	0	0	0	161	0	0	0	0	0	0	0	0	0	0	0	
1.36054e+06	0	0	0	0	177	0	0	0	0	0	0	0	0	0	0	0	
1.36129e+06	0	0	0	0	157	0	0	0	0	0	0	0	0	0	0	0	
1.36203e+06	0	0	0	0	139	0	0	0	0	0	0	0	0	0	0	0	
1.36278e+06	0	0	0	0	157	0	0	0	0	0	0	0	0	0	0	0	
1.36354e+06	0	0	0	0	147	0	0	0	0	0	0	0	0	0	0	0	
1.36429e+06	0	0	0	0	149	0	0	0	0	0	0	0	0	0	0	0	
1.36504e+06	0	0	0	0	157	0	0	0	0	0	0	0	0	0	0	0	
1.36579e+06	0	0	0	0	157	0	0	0	0	0	0	0	0	0	0	0	
1.36654e+06	0	0	0	0	171	0	0	0	0	0	0	0	0	0	0	0	
1.36729e+06	0	0	0	0	139	0	0	0	0	0	0	0	0	0	0	0	
1.36804e+06	0	0	0	0	151	0	0	0	0	0	0	0	0	0	0	0	
1.36879e+06	0	0	0	0	131	0	0	0	0	0	0	0	0	0	0	0	
1.36954e+06	0	0	0	0	133	0	0	0	0	0	0	0	0	0	0	0	
1.37029e+06	0	0	0	0	153	0	0	0	0	0	0	0	0	0	0	0	
1.37104e+06	0	0	0	0	155	0	0	0	0	0	0	0	0	0	0	0	
1.37179e+06	0	0	0	0	149	0	0	0	0	0	0	0	0	0	0	0	
1.37255e+06	0	0	0	0	151	0	0	0	0	0	0	0	0	0	0	0	
1.3733e+06	0	0	0	0	141	0	0	0	0	0	0	0	0	0	0	0	
1.37405e+06	0	0	0	0	179	0	0	0	0	0	0	0	0	0	0	0	
1.3748e+06	0	0	0	0	163	0	0	0	0	0	0	0	0	0	0	0	
1.37555e+06	0	0	0	0	141	0	0	0	0	0	0	0	0	0	0	0	
1.3763e+06	0	0	0	0	173	0	0	0	0	0	0	0	0	0	0	0	
1.37705e+06	0	0	0	0	189	0	0	0	0	0	0	0	0	0	0	0	
1.37779e+06	0	0	0	0	159	0	0	0	0	0	0	0	0	0	0	0	
1.37854e+06	0	0	0	0	191	0	0	0	0	0	0	0	0	0	0	0	
1.3793e+06	0	0	0	0	163	0	0	0	0	0	0	0	0	0	0	0	
1.38004e+06	0	0	0	0	157	0	0	0	0	0	0	0	0	0	0	0	
1.38079e+06	0	0	0	0	1	126	0	0	0	0	0	0	0	0	0	0	
1.38154e+06	0	0	0	0	0	115	0	0	0	0	0	0	0	0	0	0	
1.38229e+06	0	0	0	0	0	111	0	0	0	0	0	0	0	0	0	0	
1.38304e+06	0	0	0	0	0	141	0	0	0	0	0	0	0	0	0	0	
1.3838e+06	0	0	0	0	0	121	0	0	0	0	0	0	0	0	0	0	
1.38455e+06	0	0	0	0	0	129	0	0	0	0	0	0	0	0	0	0	
1.3853e+06	0	0	0	0	0	121	0	0	0	0	0	0	0	0	0	0	
1.38605e+06	0	0	0	0	0	139	0	0	0	0	0	0	0	0	0	0	
1.3868e+06	0	0	0	0	0	129	0	0	0	0	0	0	0	0	0	0	
1.38755e+06	0	0	0	0	0	133	0	0	0	0	0	0	0	0	0	0	
1.3883e+06	0	0	0	0	0	123	0	0	0	0	0	0	0	0	0	0	
1.38906e+06	0	0	0	0	0	123	0	0	0	0	0	0	0	0	0	0	
1.38981e+06	0	0	0	0	0	125	0	0	0	0	0	0	0	0	0	0	
1.39056e+06	0	0	0	0	0	141	0	0	0	0	0	0	0	0	0	0	
1.39131e+06	0	0	0	0	0	135	0	0	0	0	0	0	0	0	0	0	
1.39206e+06	0	0	0	0	3	142	0	0	0	0	0	0	0	0	0	0	
1.39281e+06	0	0	0	0	0	163	0	0	0	0	0	0	0	0	0	0	
1.39355e+06	0	0	0	0	0	135	0	0	0	0	0	0	0	0	0	0	
1.3943e+06	0	0	0	0	0	125	0	0	0	0	0	0	0	0	0	0	
1.39505e+06	0	0	0	0	0	119	0	0	0	0	0	0	0	0	0	0	
1.3958e+06	0	0	0	0	0	135	0	0	0	0	0	0	0	0	0	0	
1.39655e+06	0	0	0	0	0	137	0	0	0	0	0	0	0	0	0	0	
1.3973e+06	0	0	0	0	0	123	0	0	0	0	0	0	0	0	0	0	
1.39805e+06	0	0	0	0	0	129	0	0	0	0	0	0	0	0	0	0	
1.3988e+06	0	0	0	0	0	133	0	0	0	0	0	0	0	0	0	0	
1.39955e+06	0	0	0	0	0	123	0	0	0	0	0	0	0	0	0	0	
1.4003e+06	0	0	0	0	0	139	0	0	0	0	0	0	0	0	0	0	
1.40105e+06	0	0	0	0	0	145	0	0	0	0	0	0	0	0	0	0	
1.4018e+06	0	0	0	0	0	121	0	0	0	0	0	0	0	0	0	0	
1.40255e+06	0	0	0	0	0	133	0	0	0	0	0	0	0	0	0	0	
1.4033e+06	0	0	0	0	0	137	0	0	0	0	0	0	0	0	0	0	
1.40405e+06	0	0	0	0	0	117	0	0	0	0	0	0	0	0	0	0	
1.4048e+06	0	0	0	0	0	143	0	0	0	0	0	0	0	0	0	0	
1.40555e+06	0	0	0	0	0	157	0	0	0	0	0	0	0	0	0	0	
1.4063e+06	0	0	0	0	0	109	0	0	0	0	0	0	0	0	0	0	
1.40705e+06	0	0	0	0	0	149	0	0	0	0	0	0	0	0	0	0	
1.4078e+06	0	0	0	0	0	115	0	0	0	0	0	0	0	0	0	0	
1.40855e+06	0	0	0	0	0	135	0	0	0	0	0	0	0	0	0	0	
1.4093e+06	0	0	0	0	0	119	0	0	0	0	0	0	0	0	0	0	
1.41005e+06	0	0	0	0	0	117	0	0	0	0	0	0	0	0	0	0	
1.4108e+06	0	0	0	0	0	155	0	0	0	0	0	0	0	0	0	0	
1.41155e+06	0	0	0	0	0	141	0	0	0	0	0	0	0	0	0	0	
1.4123e+06	0	0	0	0	0	131	0	0	0	0	0	0	0	0	0	0	
1.41305e+06	0	0	0	0	0	137	0	0	0	0	0	0	0	0	0	0	
1.4138e+06	0	0	0	0	159	0	0	0	0	0	0	0	0	0	0	0	
1.41455e+06	0	0	0	0	163	0	0	0	0	0	0	0	0	0	0	0	
1.4153e+06	0	0	0	0	147	0	0	0	0	0	0	0	0	0	0	0	
1.41605e+06	0	0	0	0	159	0	0	0	0	0	0	0	0	0	0	0	
1.4168e+06	0	0	0	0	163	0	0	0	0	0	0	0	0	0	0	0	
1.41755e+06	0	0	0	0	171	0	0	0	0	0	0	0	0	0	0	0	
1.4183e+06	0	0	0	0	159	0	0	0	0	0	0	0	0	0	0	0	
1.41905e+06	0	0	0	0	155	0	0	0	0	0	0	0	0	0	0	0	
1.4198e+06	0	0	0	0	161	0	0	0	0	0	0	0	0	0	0	0	
1.42055e+06	0	0	0	0	163	0	0	0	0	0	0	0	0	0	0	0	
1.4213e+06	0	0	0	0	161	0	0	0	0	0	0	0	0	0	0	0	
1.42205e+06	0	0	0	0	171	0	0	0	0	0	0	0	0	0	0	0	
1.42279e+06	0	0	0	0	157	0	0	0	0	0	0	0	0	0	0	0	
1.42355e+06	0	0	0	0	161	0	0	0	0	0	0	0	0	0	0	0	
1.42429e+06	0	0	0	0	157	0	0	0	0	0	0	0	0	0	0	0	
1.42504e+06	0	0	0	0	155	0	0	0	0	0	0	0	0	0	0	0	
1.42579e+06	0	0	0	0	173	0	0	0	0	0	0	0	0	0	0	0	
1.42654e+06	0	0	0	0	169	0	0	0	0	0	0	0	0	0	0	0	
1.42729e+06	0	0	0	0	163	0	0	0	0	0	0	0	0	0	0	0	
1.42804e+06	0	0	0	0	153	0	0	0	0	0	0	0	0	0	0	0	
1.42879e+06	0	0	0	0	165	0	0	0	0	0	0	0	0	0	0	0	
1.42955e+06	0	0	0	0	175	0	0	0	0	0	0	0	0	0	0	0	
1.4303e+06	0	0	0	0	159	0	0	0	0	0	0	0	0	0	0	0	
1.43105e+06	0	0	0	0	159	0	0	0	0	0	0	0	0	0	0	0	
1.4318e+06	0	0	0	0	145	0	0	0	0	0	0	0	0	0	0	0	
1.43255e+06	0	0	0	0	187	0	0	0	0	0	0	0	0	0	0	0	
1.4333e+06	0	0	0	0	151	0	0	0	0	0	0	0	0	0	0	0	
1.43405e+06	0	0	0	0	175	0	0	0	0	0	0	0	0	0	0	0	
1.43479e+06	0	0	0	0	149	0	0	0	0	0	0	0	0	0	0	0	
1.43555e+06	0	0	0	0	165	0	0	0	0	0	0	0	0	0	0	0	
1.43629e+06	0	0	0	0	167	0	0	0	0	0	0	0	0	0	0	0	
1.43705e+06	0	0	0	0	151	0	0	0	0	0	0	0	0	0	0	0	
1.4378e+06	0	0	0	0	149	0	0	0	0	0	0	0	0	0	0	0	
1.43855e+06	0	0	0	0	173	0	0	0	0	0	0	0	0	0	0	0	
1.4393e+06	0	0	0	0	155	0	0	0	0	0	0	0	0	0	0	0	
1.44005e+06	0	0	0	0	135	0	0	0	0	0	0	0	0	0	0	0	
1.4408e+06	0	0	0	0	0	135	0	0	0	0	0	0	0	0	0	0	
1.44155e+06	0	0	0	0	0	127	0	0	0	0	0	0	0	0	0	0	
1.4423e+06	0	0	0	0	0	119	0	0	0	0	0	0	0	0	0	0	
1.44305e+06	0	0	0	0	0	129	0	0	0	0	0	0	0	0	0	0	
1.4438e+06	0	0	0	0	0	125	0	0	0	0	0	0	0	0	0	0	
1.44455e+06	0	0	0	0	0	127	0	0	0	0	0	0	0	0	0	0	
1.44531e+06	0	0	0	0	0	121	0	0	0	0	0	0	0	0	0	0	
1.44605e+06	0	0	0	0	0	139	0	0	0	0	0	0	0	0	0	0	
1.4468e+06	0	0	0	0	0	0	111	0	0	0	0	0	0	0	0	0	
1.44755e+06	0	0	0	0	0	0	103	0	0	0	0	0	0	0	0	0	
1.4483e+06	0	0	0	0	0	0	111	0	0	0	0	0	0	0	0	0	
1.44905e+06	0	0	0	0	0	0	123	0	0	0	0	0	0	0	0	0	
1.4498e+06	0	0	0	0	0	0	107	0	0	0	0	0	0	0	0	0	
1.45055e+06	0	0	0	0	0	0	105	0	0	0	0	0	0	0	0	0	
1.4513e+06	0	0	0	0	0	0	103	0	0	0	0	0	0	0	0	0	
1.45205e+06	0	0	0	0	0	0	109	0	0	0	0	0	0	0	0	0	
1.4528e+06	0	0	0	0	0	0	119	0	0	0	0	0	0	0	0	0	
1.45356e+06	0	0	0	0	0	0	105	0	0	0	0	0	0	0	0	0	
1.45431e+06	0	0	0	0	0	0	123	0	0	0	0	0	0	0	0	0	
1.45505e+06	0	0	0	0	0	0	105	0	0	0	0	0	0	0	0	0	
1.4558e+06	0	0	0	0	0	0	131	0	0	0	0	0	0	0	0	0	
1.45655e+06	0	0	0	0	0	0	85	0	0	0	0	0	0	0	0	0	
1.4573e+06	0	0	0	0	0	0	105	0	0	0	0	0	0	0	0	0	
1.45805e+06	0	0	0	0	0	0	125	0	0	0	0	0	0	0	0	0	
1.4588e+06	0	0	0	0	0	0	103	0	0	0	0	0	0	0	0	0	
1.45955e+06	0	0	0	0	0	0	111	0	0	0	0	0	0	0	0	0	
1.4603e+06	0	0	0	0	0	0	95	0	0	0	0	0	0	0	0	0	
1.46104e+06	0	0	0	0	0	0	109	0	0	0	0	0	0	0	0	0	
1.4618e+06	0	0	0	0	0	0	105	0	0	0	0	0	0	0	0	0	
1.46255e+06	0	0	0	0	0	0	115	0	0	0	0	0	0	0	0	0	
1.4633e+06	0	0	0	0	0	0	85	20	0	0	0	0	0	0	0	0	
1.46405e+06	0	0	0	0	0	0	117	0	0	0	0	0	0	0	0	0	
1.4648e+06	0	0	0	0	0	0	119	0	0	0	0	0	0	0	0	0	
1.46555e+06	0	0	0	0	0	0	113	0	0	0	0	0	0	0	0	0	
1.4663e+06	0	0	0	0	0	0	119	0	0	0	0	0	0	0	0	0	
1.46705e+06	0	0	0	0	0	0	121	0	0	0	0	0	0	0	0	0	
1.4678e+06	0	0	0	0	0	0	131	0	0	0	0	0	0	0	0	0	
1.46854e+06	0	0	0	0	0	0	133	0	0	0	0	0	0	0	0	0	
1.46929e+06	0	0	0	0	0	0	111	0	0	0	0	0	0	0	0	0	
1.47004e+06	0	0	0	0	0	0	127	0	0	0	0	0	0	0	0	0	
1.4708e+06	0	0	0	0	0	0	115	0	0	0	0	0	0	0	0	0	
1.47154e+06	0	0	0	0	0	0	107	0	0	0	0	0	0	0	0	0	
1.47229e+06	0	0	0	0	0	0	107	0	0	0	0	0	0	0	0	0	
1.47304e+06	0	0	0	0	0	0	117	0	0	0	0	0	0	0	0	0	
1.47379e+06	0	0	0	0	0	0	109	0	0	0	0	0	0	0	0	0	
1.47454e+06	0	0	0	0	0	0	129	0	0	0	0	0	0	0	0	0	
1.47529e+06	0	0	0	0	0	0	113	0	0	0	0	0	0	0	0	0	
1.47603e+06	0	0	0	0	0	0	105	0	0	0	0	0	0	0	0	0	
1.47678e+06	0	0	0	0	0	0	127	0	0	0	0	0	0	0	0	0	
1.47754e+06	0	0	0	0	0	0	105	0	0	0	0	0	0	0	0	0	
1.47829e+06	0	0	0	0	0	0	113	0	0	0	0	0	0	0	0	0	
1.47904e+06	0	0	0	0	0	0	119	0	0	0	0	0	0	0	0	0	
1.47979e+06	0	0	0	0	0	0	123	0	0	0	0	0	0	0	0	0	
1.48054e+06	0	0	0	0	0	0	137	0	0	0	0	0	0	0	0	0	
1.48129e+06	0	0	0	0	0	0	121	0	0	0	0	0	0	0	0	0	
1.48204e+06	0	0	0	0	0	0	123	0	0	0	0	0	0	0	0	0	
1.48279e+06	0	0	0	0	0	2	121	0	0	0	0	0	0	0	0	0	
1.48354e+06	0	0	0	0	0	0	127	0	0	0	0	0	0	0	0	0	
1.48429e+06	0	0	0	0	0	0	109	0	0	0	0	0	0	0	0	0	
1.48504e+06	0	0	0	0	0	0	0	115	0	0	0	0	0	0	0	0	
1.48579e+06	0	0	0	0	0	0	0	97	0	0	0	0	0	0	0	0	
1.48654e+06	0	0	0	0	0	0	0	97	0	0	0	0	0	0	0	0	
1.48729e+06	0	0	0	0	0	0	0	91	0	0	0	0	0	0	0	0	
1.48804e+06	0	0	0	0	0	0	0	89	0	0	0	0	0	0	0	0	
1.48879e+06	0	0	0	0	0	0	0	97	0	0	0	0	0	0	0	0	
1.48954e+06	0	0	0	0	0	0	0	103	0	0	0	0	0	0	0	0	
1.49029e+06	0	0	0	0	0	0	0	115	0	0	0	0	0	0	0	0	
1.49104e+06	0	0	0	0	0	0	0	103	0	0	0	0	0	0	0	0	
1.49179e+06	0	0	0	0	0	0	0	101	0	0	0	0	0	0	0	0	
1.49254e+06	0	0	0	0	0	0	0	89	0	0	0	0	0	0	0	0	
1.49329e+06	0	0	0	0	0	0	0	95	0	0	0	0	0	0	0	0	
1.49404e+06	0	0	0	0	0	0	0	115	0	0	0	0	0	0	0	0	
1.49479e+06	0	0	0	0	0	0	0	95	0	0	0	0	0	0	0	0	
1.49554e+06	0	0	0	0	0	0	0	101	0	0	0	0	0	0	0	0	
1.49629e+06	0	0	0	0	0	0	0	79	0	0	0	0	0	0	0	0	
1.49704e+06	0	0	0	0	0	0	0	99	0	0	0	0	0	0	0	0	
1.49779e+06	0	0	0	0	0	0	0	99	0	0	0	0	0	0	0	0	
1.49854e+06	0	0	0	0	0	0	0	91	0	0	0	0	0	0	0	0	
1.49929e+06	0	0	0	0	0	0	0	99	0	0	0	0	0	0	0	0	
1.50004e+06	0	0	0	0	0	0	0	107	0	0	0	0	0	0	0	0	
1.50004e+06	0	0	0	0	0	0	0	107	0	0	0	0	0	0	0	0	
