Time	s0	s1	s2	s3	s4	s5	s6	s7	s8	s9	s10	s11	s12	s13	s14	s15	
0	0	0	0	0	0	0	0	0	0	0	0	0	0	0	0	200	
0.000685301	0	0	0	0	0	0	0	0	0	0	0	0	0	0	0	199	
753.14	0	0	0	0	0	0	0	0	0	0	0	0	0	0	0	49	
1506.92	0	0	0	0	0	0	0	0	0	0	0	0	0	0	0	55	
2259.89	0	0	0	0	0	0	0	0	0	0	0	0	0	0	0	47	
3008.08	0	0	0	0	0	0	0	0	0	0	0	0	0	0	0	51	
3758.34	0	0	0	0	0	0	0	0	0	0	0	0	0	0	0	51	
4507.85	0	0	0	0	0	0	0	0	0	0	0	0	0	0	0	47	
5257.13	0	0	0	0	0	0	0	0	0	0	0	0	0	0	0	47	
6007.3	0	0	0	0	0	0	0	0	0	0	0	0	0	0	0	63	
6759.58	0	0	0	0	0	0	0	0	0	0	0	0	0	0	0	49	
7506.8	0	0	0	0	0	0	0	0	0	0	0	0	0	0	0	57	
8257.99	0	0	0	0	0	0	0	0	0	0	0	0	0	0	0	47	
9011.06	0	0	0	0	0	0	0	0	0	0	0	0	0	0	0	45	
9764.23	0	0	0	0	0	0	0	0	0	0	0	0	0	0	0	49	
10513.3	0	0	0	0	0	0	0	0	0	0	0	0	0	0	0	49	
11261.6	0	0	0	0	0	0	0	0	0	0	0	0	0	0	0	49	
12010.4	0	0	0	0	0	0	0	0	0	0	0	0	0	0	0	37	
12759.3	0	0	0	0	0	0	0	0	0	0	0	0	0	0	0	61	
13509.4	0	0	0	0	0	0	0	0	0	0	0	0	0	0	0	43	
14262.3	0	0	0	0	0	0	0	0	0	0	0	0	0	0	0	61	
15012.7	0	0	0	0	0	0	0	0	0	0	0	0	0	0	0	39	
15760.3	0	0	0	0	0	0	0	0	0	0	0	0	0	0	0	49	
16508.8	0	0	0	0	0	0	0	0	0	0	0	0	0	0	0	55	
17258.8	0	0	0	0	0	0	0	0	0	0	0	0	0	0	0	55	
18009.9	0	0	0	0	0	0	0	0	0	0	0	0	0	0	0	45	
18759.5	0	0	0	0	0	0	0	0	0	0	0	0	0	0	0	51	
19507.9	0	0	0	0	0	0	0	0	0	0	0	0	0	0	2	51	
20257.4	0	0	0	0	0	0	0	0	0	0	0	0	0	0	0	53	
21007.1	0	0	0	0	0	0	0	0	0	0	0	0	0	0	43	0	
21757.4	0	0	0	0	0	0	0	0	0	0	0	0	0	0	81	0	
22506.2	0	0	0	0	0	0	0	0	0	0	0	0	0	0	57	0	
23259.7	0	0	0	0	0	0	0	0	0	0	0	0	0	0	0	47	
24005.7	0	0	0	0	0	0	0	0	0	0	0	0	0	0	0	45	
24754.9	0	0	0	0	0	0	0	0	0	0	0	0	0	0	45	0	
25503.4	0	0	0	0	0	0	0	0	0	0	0	0	0	0	51	0	
26252	0	0	0	0	0	0	0	0	0	0	0	0	0	0	59	0	
27002	0	0	0	0	0	0	0	0	0	0	0	0	0	57	0	0	
27748.1	0	0	0	0	0	0	0	0	0	0	0	0	0	69	0	0	
28495.7	0	0	0	0	0	0	0	0	0	0	0	0	0	0	61	0	
29242.5	0	0	0	0	0	0	0	0	0	0	0	0	0	0	59	0	
29990.8	0	0	0	0	0	0	0	0	0	0	0	0	0	0	57	0	
30739.5	0	0	0	0	0	0	0	0	0	0	0	0	0	0	61	0	
31489.6	0	0	0	0	0	0	0	0	0	0	0	0	0	0	53	0	
32237.6	0	0	0	0	0	0	0	0	0	0	0	0	0	0	0	49	
32987	0	0	0	0	0	0	0	0	0	0	0	0	0	0	0	55	
33737.5	0	0	0	0	0	0	0	0	0	0	0	0	0	0	0	51	
34487.3	0	0	0	0	0	0	0	0	0	0	0	0	0	0	45	0	
35236.4	0	0	0	0	0	0	0	0	0	0	0	0	0	0	47	0	
35985.7	0	0	0	0	0	0	0	0	0	0	0	0	0	0	49	0	
36736	0	0	0	0	0	0	0	0	0	0	0	0	0	0	43	0	
37488.6	0	0	0	0	0	0	0	0	0	0	0	0	0	0	45	0	
38236.3	0	0	0	0	0	0	0	0	0	0	0	0	0	0	49	0	
38986.4	0	0	0	0	0	0	0	0	0	0	0	0	0	0	51	0	
39735	0	0	0	0	0	0	0	0	0	0	0	0	0	0	53	0	
40481.6	0	0	0	0	0	0	0	0	0	0	0	0	0	0	51	0	
41231.5	0	0	0	0	0	0	0	0	0	0	0	0	0	0	65	0	
41982.1	0	0	0	0	0	0	0	0	0	0	0	0	0	0	51	0	
42732.9	0	0	0	0	0	0	0	0	0	0	0	0	0	0	51	0	
43483.2	0	0	0	0	0	0	0	0	0	0	0	0	0	0	53	0	
44232.5	0	0	0	0	0	0	0	0	0	0	0	0	0	0	49	0	
44984.2	0	0	0	0	0	0	0	0	0	0	0	0	0	0	0	53	
45734.5	0	0	0	0	0	0	0	0	0	0	0	0	0	0	0	45	
46481.9	0	0	0	0	0	0	0	0	0	0	0	0	0	0	0	55	
47229	0	0	0	0	0	0	0	0	0	0	0	0	0	0	0	51	
47977.6	0	0	0	0	0	0	0	0	0	0	0	0	0	0	0	47	
48727.9	0	0	0	0	0	0	0	0	0	0	0	0	0	0	0	51	
49475.7	0	0	0	0	0	0	0	0	0	0	0	0	0	0	0	51	
50223.9	0	0	0	0	0	0	0	0	0	0	0	0	0	0	0	57	
50973.3	0	0	0	0	0	0	0	0	0	0	0	0	0	0	0	69	
51723.8	0	0	0	0	0	0	0	0	0	0	0	0	0	0	0	43	
52471.7	0	0	0	0	0	0	0	0	0	0	0	0	0	0	0	53	
53221.7	0	0	0	0	0	0	0	0	0	0	0	0	0	0	0	55	
53972.9	0	0	0	0	0	0	0	0	0	0	0	0	0	0	0	43	
54720	0	0	0	0	0	0	0	0	0	0	0	0	0	0	0	45	
55468.6	0	0	0	0	0	0	0	0	0	0	0	0	0	0	0	51	
56220.8	0	0	0	0	0	0	0	0	0	0	0	0	0	0	0	53	
56967.8	0	0	0	0	0	0	0	0	0	0	0	0	0	0	0	43	
57719.9	0	0	0	0	0	0	0	0	0	0	0	0	0	0	0	65	
58470.2	0	0	0	0	0	0	0	0	0	0	0	0	0	0	0	45	
59218.4	0	0	0	0	0	0	0	0	0	0	0	0	0	0	0	67	
59972	0	0	0	0	0	0	0	0	0	0	0	0	0	0	0	39	
60724.3	0	0	0	0	0	0	0	0	0	0	0	0	0	0	0	51	
61473.9	0	0	0	0	0	0	0	0	0	0	0	0	0	0	0	63	
62225.5	0	0	0	0	0	0	0	0	0	0	0	0	0	0	0	53	
62974.4	0	0	0	0	0	0	0	0	0	0	0	0	0	0	0	39	
63727.9	0	0	0	0	0	0	0	0	0	0	0	0	0	0	0	43	
64478.6	0	0	0	0	0	0	0	0	0	0	0	0	0	0	0	55	
65229.8	0	0	0	0	0	0	0	0	0	0	0	0	0	0	0	61	
65981.5	0	0	0	0	0	0	0	0	0	0	0	0	0	0	0	57	
66729.8	0	0	0	0	0	0	0	0	0	0	0	0	0	0	0	43	
67478	0	0	0	0	0	0	0	0	0	0	0	0	0	0	0	51	
68230.2	0	0	0	0	0	0	0	0	0	0	0	0	0	0	0	49	
68977.1	0	0	0	0	0	0	0	0	0	0	0	0	0	0	0	49	
69730	0	0	0	0	0	0	0	0	0	0	0	0	0	0	0	61	
70479.3	0	0	0	0	0	0	0	0	0	0	0	0	0	0	0	57	
71231.5	0	0	0	0	0	0	0	0	0	0	0	0	0	0	0	41	
71981.9	0	0	0	0	0	0	0	0	0	0	0	0	0	0	0	47	
72729.3	0	0	0	0	0	0	0	0	0	0	0	0	0	0	0	53	
73481.2	0	0	0	0	0	0	0	0	0	0	0	0	0	0	0	41	
74232	0	0	0	0	0	0	0	0	0	0	0	0	0	0	0	67	
74981.7	0	0	0	0	0	0	0	0	0	0	0	0	0	0	0	53	
75733	0	0	0	0	0	0	0	0	0	0	0	0	0	0	0	47	
76483.2	0	0	0	0	0	0	0	0	0	0	0	0	0	0	0	49	
77232.2	0	0	0	0	0	0	0	0	0	0	0	0	0	0	0	41	
77979.8	0	0	0	0	0	0	0	0	0	0	0	0	0	0	0	55	
78730.2	0	0	0	0	0	0	0	0	0	0	0	0	0	0	0	49	
79481.1	0	0	0	0	0	0	0	0	0	0	0	0	0	0	0	51	
80233.3	0	0	0	0	0	0	0	0	0	0	0	0	0	0	0	65	
80981.4	0	0	0	0	0	0	0	0	0	0	0	0	0	0	0	55	
81727.9	0	0	0	0	0	0	0	0	0	0	0	0	0	0	0	55	
82477	0	0	0	0	0	0	0	0	0	0	0	0	0	0	0	63	
83228.3	0	0	0	0	0	0	0	0	0	0	0	0	0	0	0	51	
83978.7	0	0	0	0	0	0	0	0	0	0	0	0	0	0	0	57	
84723.6	0	0	0	0	0	0	0	0	0	0	0	0	0	0	0	53	
85477.2	0	0	0	0	0	0	0	0	0	0	0	0	0	0	0	53	
86227.1	0	0	0	0	0	0	0	0	0	0	0	0	0	0	0	59	
86978	0	0	0	0	0	0	0	0	0	0	0	0	0	0	0	59	
87730.3	0	0	0	0	0	0	0	0	0	0	0	0	0	0	0	51	
88478.3	0	0	0	0	0	0	0	0	0	0	0	0	0	0	0	51	
89224.6	0	0	0	0	0	0	0	0	0	0	0	0	0	0	0	49	
89975.5	0	0	0	0	0	0	0	0	0	0	0	0	0	0	0	45	
90723.9	0	0	0	0	0	0	0	0	0	0	0	0	0	0	0	45	
91473.5	0	0	0	0	0	0	0	0	0	0	0	0	0	0	0	55	
92224.7	0	0	0	0	0	0	0	0	0	0	0	0	0	0	0	43	
92976.8	0	0	0	0	0	0	0	0	0	0	0	0	0	0	0	49	
93729	0	0	0	0	0	0	0	0	0	0	0	0	0	0	0	47	
94478.5	0	0	0	0	0	0	0	0	0	0	0	0	0	0	0	45	
95225.1	0	0	0	0	0	0	0	0	0	0	0	0	0	0	0	59	
95976.8	0	0	0	0	0	0	0	0	0	0	0	0	0	0	0	55	
96726.5	0	0	0	0	0	0	0	0	0	0	0	0	0	0	0	47	
97476.7	0	0	0	0	0	0	0	0	0	0	0	0	0	0	0	45	
98225.3	0	0	0	0	0	0	0	0	0	0	0	0	0	0	0	53	
98971	0	0	0	0	0	0	0	0	0	0	0	0	0	0	53	0	
99720.7	0	0	0	0	0	0	0	0	0	0	0	0	0	0	71	0	
100473	0	0	0	0	0	0	0	0	0	0	0	0	0	0	69	0	
101221	0	0	0	0	0	0	0	0	0	0	0	0	0	0	0	45	
101974	0	0	0	0	0	0	0	0	0	0	0	0	0	0	0	41	
102725	0	0	0	0	0	0	0	0	0	0	0	0	0	0	55	0	
103475	0	0	0	0	0	0	0	0	0	0	0	0	0	0	57	0	
104225	0	0	0	0	0	0	0	0	0	0	0	0	0	0	49	0	
104976	0	0	0	0	0	0	0	0	0	0	0	0	0	0	73	0	
105724	0	0	0	0	0	0	0	0	0	0	0	0	0	0	61	0	
106478	0	0	0	0	0	0	0	0	0	0	0	0	0	59	0	0	
107229	0	0	0	0	0	0	0	0	0	0	0	0	0	65	0	0	
107982	0	0	0	0	0	0	0	0	0	0	0	0	0	59	0	0	
108731	0	0	0	0	0	0	0	0	0	0	0	0	0	57	0	0	
109486	0	0	0	0	0	0	0	0	0	0	0	0	0	63	0	0	
110236	0	0	0	0	0	0	0	0	0	0	0	0	0	55	0	0	
110989	0	0	0	0	0	0	0	0	0	0	0	0	57	0	0	0	
111736	0	0	0	0	0	0	0	0	0	0	0	0	69	0	0	0	
112486	0	0	0	0	0	0	0	0	0	0	0	0	71	0	0	0	
113237	0	0	0	0	0	0	0	0	0	0	0	0	61	0	0	0	
113989	0	0	0	0	0	0	0	0	0	0	0	0	65	0	0	0	
114740	0	0	0	0	0	0	0	0	0	0	0	0	61	0	0	0	
115488	0	0	0	0	0	0	0	0	0	0	0	0	14	41	0	0	
116239	0	0	0	0	0	0	0	0	0	0	0	0	0	57	0	0	
116990	0	0	0	0	0	0	0	0	0	0	0	0	0	47	0	0	
117739	0	0	0	0	0	0	0	0	0	0	0	0	59	0	0	0	
118490	0	0	0	0	0	0	0	0	0	0	0	0	69	0	0	0	
119239	0	0	0	0	0	0	0	0	0	0	0	0	57	0	0	0	
119992	0	0	0	0	0	0	0	0	0	0	0	0	59	0	0	0	
120744	0	0	0	0	0	0	0	0	0	0	0	0	51	0	0	0	
121493	0	0	0	0	0	0	0	0	0	0	0	0	61	0	0	0	
122243	0	0	0	0	0	0	0	0	0	0	0	53	0	0	0	0	
122993	0	0	0	0	0	0	0	0	0	0	0	61	0	0	0	0	
123744	0	0	0	0	0	0	0	0	0	0	0	79	0	0	0	0	
124495	0	0	0	0	0	0	0	0	0	0	0	73	0	0	0	0	
125243	0	0	0	0	0	0	0	0	0	0	0	61	0	0	0	0	
125989	0	0	0	0	0	0	0	0	0	0	0	59	0	0	0	0	
126735	0	0	0	0	0	0	0	0	0	0	0	71	0	0	0	0	
127482	0	0	0	0	0	0	0	0	0	0	0	0	55	0	0	0	
128231	0	0	0	0	0	0	0	0	0	0	0	0	69	0	0	0	
128983	0	0	0	0	0	0	0	0	0	0	0	0	73	0	0	0	
129733	0	0	0	0	0	0	0	0	0	0	0	0	57	0	0	0	
130481	0	0	0	0	0	0	0	0	0	0	0	0	59	0	0	0	
131233	0	0	0	0	0	0	0	0	0	0	0	0	55	0	0	0	
131985	0	0	0	0	0	0	0	0	0	0	0	0	71	0	0	0	
132733	0	0	0	0	0	0	0	0	0	0	0	0	51	0	0	0	
133485	0	0	0	0	0	0	0	0	0	0	0	0	55	0	0	0	
134237	0	0	0	0	0	0	0	0	0	0	0	0	71	0	0	0	
134990	0	0	0	0	0	0	0	0	0	0	0	0	45	0	0	0	
135736	0	0	0	0	0	0	0	0	0	0	0	0	53	0	0	0	
136487	0	0	0	0	0	0	0	0	0	0	0	0	0	71	0	0	
137234	0	0	0	0	0	0	0	0	0	0	0	0	0	65	0	0	
137981	0	0	0	0	0	0	0	0	0	0	0	0	0	53	0	0	
138730	0	0	0	0	0	0	0	0	0	0	0	0	0	57	0	0	
139479	0	0	0	0	0	0	0	0	0	0	0	0	0	69	0	0	
140229	0	0	0	0	0	0	0	0	0	0	0	0	0	57	0	0	
140977	0	0	0	0	0	0	0	0	0	0	0	0	0	47	0	0	
141725	0	0	0	0	0	0	0	0	0	0	0	0	0	53	0	0	
142474	0	0	0	0	0	0	0	0	0	0	0	0	0	45	0	0	
143228	0	0	0	0	0	0	0	0	0	0	0	0	0	57	0	0	
143978	0	0	0	0	0	0	0	0	0	0	0	0	0	0	57	0	
144727	0	0	0	0	0	0	0	0	0	0	0	0	0	0	57	0	
145478	0	0	0	0	0	0	0	0	0	0	0	0	0	0	45	0	
146226	0	0	0	0	0	0	0	0	0	0	0	0	0	0	65	0	
146975	0	0	0	0	0	0	0	0	0	0	0	0	0	0	45	0	
147726	0	0	0	0	0	0	0	0	0	0	0	0	0	53	0	0	
148476	0	0	0	0	0	0	0	0	0	0	0	0	4	55	0	0	
149227	0	0	0	0	0	0	0	0	0	0	0	0	0	69	0	0	
149980	0	0	0	0	0	0	0	0	0	0	0	0	0	55	0	0	
150727	0	0	0	0	0	0	0	0	0	0	0	0	0	55	0	0	
151476	0	0	0	0	0	0	0	0	0	0	0	0	0	65	0	0	
152226	0	0	0	0	0	0	0	0	0	0	0	0	0	57	0	0	
152975	0	0	0	0	0	0	0	0	0	0	0	0	0	51	0	0	
153724	0	0	0	0	0	0	0	0	0	0	0	0	0	57	0	0	
154475	0	0	0	0	0	0	0	0	0	0	0	0	0	59	0	0	
155228	0	0	0	0	0	0	0	0	0	0	0	0	0	57	0	0	
155977	0	0	0	0	0	0	0	0	0	0	0	0	65	0	0	0	
156729	0	0	0	0	0	0	0	0	0	0	0	0	63	0	0	0	
157480	0	0	0	0	0	0	0	0	0	0	0	0	67	0	0	0	
158230	0	0	0	0	0	0	0	0	0	0	0	0	75	0	0	0	
158983	0	0	0	0	0	0	0	0	0	0	0	0	53	0	0	0	
159737	0	0	0	0	0	0	0	0	0	0	0	0	65	0	0	0	
160489	0	0	0	0	0	0	0	0	0	0	0	0	65	0	0	0	
161235	0	0	0	0	0	0	0	0	0	0	0	0	57	0	0	0	
161983	0	0	0	0	0	0	0	0	0	0	0	0	75	0	0	0	
162733	0	0	0	0	0	0	0	0	0	0	0	0	65	0	0	0	
163485	0	0	0	0	0	0	0	0	0	0	0	0	57	0	0	0	
164234	0	0	0	0	0	0	0	0	0	0	0	62	1	0	0	0	
164982	0	0	0	0	0	0	0	0	0	0	0	57	0	0	0	0	
165731	0	0	0	0	0	0	0	0	0	0	0	55	0	0	0	0	
166481	0	0	0	0	0	0	0	0	0	0	0	65	0	0	0	0	
167232	0	0	0	0	0	0	0	0	0	0	0	77	0	0	0	0	
167982	0	0	0	0	0	0	0	0	0	0	0	71	0	0	0	0	
168734	0	0	0	0	0	0	0	0	0	0	0	63	0	0	0	0	
169484	0	0	0	0	0	0	0	0	0	0	0	71	0	0	0	0	
170235	0	0	0	0	0	0	0	0	0	0	0	71	0	0	0	0	
170987	0	0	0	0	0	0	0	0	0	0	0	67	0	0	0	0	
171735	0	0	0	0	0	0	0	0	0	0	71	0	0	0	0	0	
172485	0	0	0	0	0	0	0	0	0	0	73	0	0	0	0	0	
173234	0	0	0	0	0	0	0	0	0	0	73	0	0	0	0	0	
173984	0	0	0	0	0	0	0	0	0	0	81	0	0	0	0	0	
174734	0	0	0	0	0	0	0	0	0	0	67	0	0	0	0	0	
175484	0	0	0	0	0	0	0	0	0	0	57	0	0	0	0	0	
176232	0	0	0	0	0	0	0	0	0	0	77	0	0	0	0	0	
176983	0	0	0	0	0	0	0	0	0	0	67	0	0	0	0	0	
177735	0	0	0	0	0	0	0	0	0	0	83	0	0	0	0	0	
178485	0	0	0	0	0	0	0	0	0	0	75	0	0	0	0	0	
179238	0	0	0	0	0	0	0	0	0	89	0	0	0	0	0	0	
179991	0	0	0	0	0	0	0	0	0	83	0	0	0	0	0	0	
180741	0	0	0	0	0	0	0	0	0	75	0	0	0	0	0	0	
181493	0	0	0	0	0	0	0	0	0	63	0	0	0	0	0	0	
182247	0	0	0	0	0	0	0	0	0	79	0	0	0	0	0	0	
182998	0	0	0	0	0	0	0	0	0	101	0	0	0	0	0	0	
183748	0	0	0	0	0	0	0	0	0	89	0	0	0	0	0	0	
184499	0	0	0	0	0	0	0	0	0	89	0	0	0	0	0	0	
185251	0	0	0	0	0	0	0	0	0	77	0	0	0	0	0	0	
186002	0	0	0	0	0	0	0	0	0	71	0	0	0	0	0	0	
186758	0	0	0	0	0	0	0	0	0	81	0	0	0	0	0	0	
187512	0	0	0	0	0	0	0	0	0	81	0	0	0	0	0	0	
188263	0	0	0	0	0	0	0	0	0	85	0	0	0	0	0	0	
189015	0	0	0	0	0	0	0	0	0	83	0	0	0	0	0	0	
189768	0	0	0	0	0	0	0	0	0	79	0	0	0	0	0	0	
190518	0	0	0	0	0	0	0	0	91	0	0	0	0	0	0	0	
191265	0	0	0	0	0	0	0	0	85	0	0	0	0	0	0	0	
192015	0	0	0	0	0	0	0	0	77	0	0	0	0	0	0	0	
192765	0	0	0	0	0	0	0	0	97	0	0	0	0	0	0	0	
193514	0	0	0	0	0	0	0	0	89	0	0	0	0	0	0	0	
194264	0	0	0	0	0	0	0	0	77	0	0	0	0	0	0	0	
195013	0	0	0	0	0	0	0	0	87	0	0	0	0	0	0	0	
195765	0	0	0	0	0	0	0	0	93	0	0	0	0	0	0	0	
196518	0	0	0	0	0	0	0	0	95	0	0	0	0	0	0	0	
197267	0	0	0	0	0	0	0	0	85	0	0	0	0	0	0	0	
198018	0	0	0	0	0	0	0	0	91	0	0	0	0	0	0	0	
198771	0	0	0	0	0	0	0	0	85	0	0	0	0	0	0	0	
199523	0	0	0	0	0	0	0	0	95	0	0	0	0	0	0	0	
200270	0	0	0	0	0	0	0	0	85	0	0	0	0	0	0	0	
201019	0	0	0	0	0	0	0	0	69	0	0	0	0	0	0	0	
201769	0	0	0	0	0	0	0	0	93	0	0	0	0	0	0	0	
202519	0	0	0	0	0	0	0	0	109	0	0	0	0	0	0	0	
203270	0	0	0	0	0	0	0	0	87	0	0	0	0	0	0	0	
204019	0	0	0	0	0	0	0	0	91	0	0	0	0	0	0	0	
204766	0	0	0	0	0	0	0	0	89	0	0	0	0	0	0	0	
205516	0	0	0	0	0	0	0	0	77	0	0	0	0	0	0	0	
206265	0	0	0	0	0	0	0	0	93	0	0	0	0	0	0	0	
207012	0	0	0	0	0	0	0	0	89	0	0	0	0	0	0	0	
207762	0	0	0	0	0	0	0	0	77	0	0	0	0	0	0	0	
208511	0	0	0	0	0	0	0	0	85	0	0	0	0	0	0	0	
209262	0	0	0	0	0	0	0	0	95	0	0	0	0	0	0	0	
210012	0	0	0	0	0	0	0	0	81	0	0	0	0	0	0	0	
210759	0	0	0	0	0	0	0	0	63	0	0	0	0	0	0	0	
211507	0	0	0	0	0	0	0	0	85	0	0	0	0	0	0	0	
212256	0	0	0	0	0	0	0	0	85	0	0	0	0	0	0	0	
213008	0	0	0	0	0	0	0	0	105	0	0	0	0	0	0	0	
213756	0	0	0	0	0	0	0	0	101	0	0	0	0	0	0	0	
214507	0	0	0	0	0	0	0	0	87	0	0	0	0	0	0	0	
215258	0	0	0	0	0	0	0	0	85	0	0	0	0	0	0	0	
216004	0	0	0	0	0	0	0	0	93	0	0	0	0	0	0	0	
216754	0	0	0	0	0	0	0	0	77	0	0	0	0	0	0	0	
217506	0	0	0	0	0	0	0	0	89	0	0	0	0	0	0	0	
218255	0	0	0	0	0	0	0	0	99	0	0	0	0	0	0	0	
219007	0	0	0	0	0	0	0	0	83	0	0	0	0	0	0	0	
219754	0	0	0	0	0	0	0	0	89	0	0	0	0	0	0	0	
220502	0	0	0	0	0	0	0	0	65	0	0	0	0	0	0	0	
221250	0	0	0	0	0	0	0	0	81	0	0	0	0	0	0	0	
222003	0	0	0	0	0	0	0	0	101	0	0	0	0	0	0	0	
222756	0	0	0	0	0	0	0	0	81	0	0	0	0	0	0	0	
223504	0	0	0	0	0	0	0	0	85	0	0	0	0	0	0	0	
224254	0	0	0	0	0	0	0	0	91	0	0	0	0	0	0	0	
225004	0	0	0	0	0	0	0	0	79	0	0	0	0	0	0	0	
225755	0	0	0	0	0	0	0	0	83	0	0	0	0	0	0	0	
226505	0	0	0	0	0	0	0	0	97	0	0	0	0	0	0	0	
227253	0	0	0	0	0	0	0	0	83	0	0	0	0	0	0	0	
228003	0	0	0	0	0	0	0	0	73	0	0	0	0	0	0	0	
228750	0	0	0	0	0	0	0	0	87	0	0	0	0	0	0	0	
229501	0	0	0	0	0	0	0	0	119	0	0	0	0	0	0	0	
230251	0	0	0	0	0	0	0	0	85	0	0	0	0	0	0	0	
231004	0	0	0	0	0	0	0	0	89	0	0	0	0	0	0	0	
231760	0	0	0	0	0	0	0	0	111	0	0	0	0	0	0	0	
232511	0	0	0	0	0	0	0	0	79	0	0	0	0	0	0	0	
233257	0	0	0	0	0	0	0	0	95	0	0	0	0	0	0	0	
234008	0	0	0	0	0	0	0	0	89	0	0	0	0	0	0	0	
234759	0	0	0	0	0	0	0	105	0	0	0	0	0	0	0	0	
235507	0	0	0	0	0	0	0	0	93	0	0	0	0	0	0	0	
236254	0	0	0	0	0	0	0	0	89	0	0	0	0	0	0	0	
237004	0	0	0	0	0	0	0	0	87	0	0	0	0	0	0	0	
237758	0	0	0	0	0	0	0	0	79	0	0	0	0	0	0	0	
238507	0	0	0	0	0	0	0	0	95	0	0	0	0	0	0	0	
239256	0	0	0	0	0	0	0	0	95	0	0	0	0	0	0	0	
240001	0	0	0	0	0	0	0	0	93	0	0	0	0	0	0	0	
240751	0	0	0	0	0	0	0	0	97	0	0	0	0	0	0	0	
241501	0	0	0	0	0	0	0	0	73	0	0	0	0	0	0	0	
242251	0	0	0	0	0	0	0	0	83	0	0	0	0	0	0	0	
242997	0	0	0	0	0	0	0	0	87	0	0	0	0	0	0	0	
243746	0	0	0	0	0	0	0	0	73	0	0	0	0	0	0	0	
244493	0	0	0	0	0	0	0	0	65	0	0	0	0	0	0	0	
245242	0	0	0	0	0	0	0	0	91	0	0	0	0	0	0	0	
245993	0	0	0	0	0	0	0	30	69	0	0	0	0	0	0	0	
246741	0	0	0	0	0	0	0	0	89	0	0	0	0	0	0	0	
247490	0	0	0	0	0	0	0	0	103	0	0	0	0	0	0	0	
248240	0	0	0	0	0	0	0	0	99	0	0	0	0	0	0	0	
248989	0	0	0	0	0	0	0	0	75	0	0	0	0	0	0	0	
249743	0	0	0	0	0	0	0	0	85	0	0	0	0	0	0	0	
250494	0	0	0	0	0	0	0	0	67	0	0	0	0	0	0	0	
251244	0	0	0	0	0	0	0	0	71	0	0	0	0	0	0	0	
251995	0	0	0	0	0	0	0	0	81	0	0	0	0	0	0	0	
252747	0	0	0	0	0	0	0	0	97	0	0	0	0	0	0	0	
253496	0	0	0	0	0	0	0	0	73	0	0	0	0	0	0	0	
254247	0	0	0	0	0	0	0	0	75	0	0	0	0	0	0	0	
254996	0	0	0	0	0	0	0	0	101	0	0	0	0	0	0	0	
255745	0	0	0	0	0	0	0	0	97	0	0	0	0	0	0	0	
256498	0	0	0	0	0	0	0	0	95	0	0	0	0	0	0	0	
257247	0	0	0	0	0	0	0	0	85	0	0	0	0	0	0	0	
257996	0	0	0	0	0	0	0	0	115	0	0	0	0	0	0	0	
258744	0	0	0	0	0	0	0	0	0	77	0	0	0	0	0	0	
259491	0	0	0	0	0	0	0	0	0	97	0	0	0	0	0	0	
260244	0	0	0	0	0	0	0	0	0	77	0	0	0	0	0	0	
260996	0	0	0	0	0	0	0	0	0	67	0	0	0	0	0	0	
261745	0	0	0	0	0	0	0	0	0	87	0	0	0	0	0	0	
262494	0	0	0	0	0	0	0	0	0	95	0	0	0	0	0	0	
263244	0	0	0	0	0	0	0	0	0	73	0	0	0	0	0	0	
263994	0	0	0	0	0	0	0	0	0	73	0	0	0	0	0	0	
264743	0	0	0	0	0	0	0	0	0	73	0	0	0	0	0	0	
265493	0	0	0	0	0	0	0	0	0	65	0	0	0	0	0	0	
266246	0	0	0	0	0	0	0	0	0	85	0	0	0	0	0	0	
266993	0	0	0	0	0	0	0	0	0	115	0	0	0	0	0	0	
267741	0	0	0	0	0	0	0	0	0	77	0	0	0	0	0	0	
268492	0	0	0	0	0	0	0	0	0	79	0	0	0	0	0	0	
269244	0	0	0	0	0	0	0	0	0	85	0	0	0	0	0	0	
269996	0	0	0	0	0	0	0	0	0	85	0	0	0	0	0	0	
270747	0	0	0	0	0	0	0	0	0	91	0	0	0	0	0	0	
271498	0	0	0	0	0	0	0	0	0	55	0	0	0	0	0	0	
272249	0	0	0	0	0	0	0	0	0	85	0	0	0	0	0	0	
273001	0	0	0	0	0	0	0	0	0	69	0	0	0	0	0	0	
273750	0	0	0	0	0	0	0	0	0	85	0	0	0	0	0	0	
274503	0	0	0	0	0	0	0	0	0	89	0	0	0	0	0	0	
275252	0	0	0	0	0	0	0	0	0	75	0	0	0	0	0	0	
275998	0	0	0	0	0	0	0	0	0	83	0	0	0	0	0	0	
276744	0	0	0	0	0	0	0	0	0	75	0	0	0	0	0	0	
277493	0	0	0	0	0	0	0	0	81	0	0	0	0	0	0	0	
278245	0	0	0	0	0	0	0	0	81	0	0	0	0	0	0	0	
278997	0	0	0	0	0	0	0	0	83	0	0	0	0	0	0	0	
279746	0	0	0	0	0	0	0	0	93	0	0	0	0	0	0	0	
280496	0	0	0	0	0	0	0	0	91	0	0	0	0	0	0	0	
281251	0	0	0	0	0	0	0	0	101	0	0	0	0	0	0	0	
281999	0	0	0	0	0	0	0	0	83	0	0	0	0	0	0	0	
282748	0	0	0	0	0	0	0	0	83	0	0	0	0	0	0	0	
283499	0	0	0	0	0	0	0	0	81	0	0	0	0	0	0	0	
284252	0	0	0	0	0	0	0	0	77	0	0	0	0	0	0	0	
285001	0	0	0	0	0	0	0	0	93	0	0	0	0	0	0	0	
285752	0	0	0	0	0	0	0	0	79	0	0	0	0	0	0	0	
286501	0	0	0	0	0	0	0	0	83	0	0	0	0	0	0	0	
287251	0	0	0	0	0	0	0	0	95	0	0	0	0	0	0	0	
288001	0	0	0	0	0	0	0	91	0	0	0	0	0	0	0	0	
288754	0	0	0	0	0	0	0	101	0	0	0	0	0	0	0	0	
289507	0	0	0	0	0	0	0	97	0	0	0	0	0	0	0	0	
290256	0	0	0	0	0	0	0	95	0	0	0	0	0	0	0	0	
291004	0	0	0	0	0	0	0	105	0	0	0	0	0	0	0	0	
291755	0	0	0	0	0	0	0	87	0	0	0	0	0	0	0	0	
292504	0	0	0	0	0	0	0	99	0	0	0	0	0	0	0	0	
293257	0	0	0	0	0	0	0	95	0	0	0	0	0	0	0	0	
294008	0	0	0	0	0	0	113	0	0	0	0	0	0	0	0	0	
294758	0	0	0	0	0	0	113	0	0	0	0	0	0	0	0	0	
295510	0	0	0	0	0	0	113	0	0	0	0	0	0	0	0	0	
296260	0	0	0	0	0	0	95	0	0	0	0	0	0	0	0	0	
297011	0	0	0	0	0	0	113	0	0	0	0	0	0	0	0	0	
297761	0	0	0	0	0	0	113	0	0	0	0	0	0	0	0	0	
298511	0	0	0	0	0	0	103	0	0	0	0	0	0	0	0	0	
299264	0	0	0	0	0	0	109	0	0	0	0	0	0	0	0	0	
300012	0	0	0	0	0	0	111	0	0	0	0	0	0	0	0	0	
300764	0	0	0	0	0	0	137	0	0	0	0	0	0	0	0	0	
301515	0	0	0	0	0	0	107	0	0	0	0	0	0	0	0	0	
302265	0	0	0	0	0	0	111	0	0	0	0	0	0	0	0	0	
303016	0	0	0	0	0	0	95	0	0	0	0	0	0	0	0	0	
303766	0	0	0	0	0	0	127	0	0	0	0	0	0	0	0	0	
304518	0	0	0	0	0	0	101	0	0	0	0	0	0	0	0	0	
305264	0	0	0	0	0	0	109	0	0	0	0	0	0	0	0	0	
306016	0	0	0	0	0	149	0	0	0	0	0	0	0	0	0	0	
306767	0	0	0	0	0	117	0	0	0	0	0	0	0	0	0	0	
307520	0	0	0	0	0	127	0	0	0	0	0	0	0	0	0	0	
308269	0	0	0	0	0	149	0	0	0	0	0	0	0	0	0	0	
309018	0	0	0	0	0	131	8	0	0	0	0	0	0	0	0	0	
309768	0	0	0	0	0	141	0	0	0	0	0	0	0	0	0	0	
310519	0	0	0	0	0	131	0	0	0	0	0	0	0	0	0	0	
311267	0	0	0	0	0	119	0	0	0	0	0	0	0	0	0	0	
312017	0	0	0	0	0	147	0	0	0	0	0	0	0	0	0	0	
312769	0	0	0	0	0	123	0	0	0	0	0	0	0	0	0	0	
313523	0	0	0	0	0	167	0	0	0	0	0	0	0	0	0	0	
314270	0	0	0	0	0	127	0	0	0	0	0	0	0	0	0	0	
315020	0	0	0	0	0	143	0	0	0	0	0	0	0	0	0	0	
315772	0	0	0	0	0	143	0	0	0	0	0	0	0	0	0	0	
316523	0	0	0	0	0	131	0	0	0	0	0	0	0	0	0	0	
317276	0	0	0	0	0	151	0	0	0	0	0	0	0	0	0	0	
318026	0	0	0	0	0	137	0	0	0	0	0	0	0	0	0	0	
318777	0	0	0	0	0	129	0	0	0	0	0	0	0	0	0	0	
319527	0	0	0	0	0	131	0	0	0	0	0	0	0	0	0	0	
320280	0	0	0	0	0	139	0	0	0	0	0	0	0	0	0	0	
321033	0	0	0	0	0	139	0	0	0	0	0	0	0	0	0	0	
321783	0	0	0	0	0	135	0	0	0	0	0	0	0	0	0	0	
322531	0	0	0	0	0	125	0	0	0	0	0	0	0	0	0	0	
323283	0	0	0	0	0	137	0	0	0	0	0	0	0	0	0	0	
324036	0	0	0	0	0	137	0	0	0	0	0	0	0	0	0	0	
324783	0	0	0	0	0	123	0	0	0	0	0	0	0	0	0	0	
325531	0	0	0	0	0	117	0	0	0	0	0	0	0	0	0	0	
326283	0	0	0	0	0	147	0	0	0	0	0	0	0	0	0	0	
327032	0	0	0	0	0	137	0	0	0	0	0	0	0	0	0	0	
327783	0	0	0	0	0	131	0	0	0	0	0	0	0	0	0	0	
328533	0	0	0	0	0	121	0	0	0	0	0	0	0	0	0	0	
329283	0	0	0	0	0	143	0	0	0	0	0	0	0	0	0	0	
330033	0	0	0	0	0	131	0	0	0	0	0	0	0	0	0	0	
330783	0	0	0	0	0	151	0	0	0	0	0	0	0	0	0	0	
331530	0	0	0	0	0	131	0	0	0	0	0	0	0	0	0	0	
332285	0	0	0	0	0	121	0	0	0	0	0	0	0	0	0	0	
333032	0	0	0	0	0	135	0	0	0	0	0	0	0	0	0	0	
333784	0	0	0	0	0	139	0	0	0	0	0	0	0	0	0	0	
334532	0	0	0	0	0	135	0	0	0	0	0	0	0	0	0	0	
335283	0	0	0	0	0	147	0	0	0	0	0	0	0	0	0	0	
336035	0	0	0	0	0	161	0	0	0	0	0	0	0	0	0	0	
336785	0	0	0	0	0	137	0	0	0	0	0	0	0	0	0	0	
337535	0	0	0	0	0	125	0	0	0	0	0	0	0	0	0	0	
338286	0	0	0	0	0	133	0	0	0	0	0	0	0	0	0	0	
339036	0	0	0	0	0	133	0	0	0	0	0	0	0	0	0	0	
339784	0	0	0	0	0	0	107	0	0	0	0	0	0	0	0	0	
340537	0	0	0	0	0	0	115	0	0	0	0	0	0	0	0	0	
341285	0	0	0	0	0	0	111	0	0	0	0	0	0	0	0	0	
342033	0	0	0	0	0	0	121	0	0	0	0	0	0	0	0	0	
342783	0	0	0	0	0	0	121	0	0	0	0	0	0	0	0	0	
343532	0	0	0	0	0	0	119	0	0	0	0	0	0	0	0	0	
344283	0	0	0	0	0	0	105	0	0	0	0	0	0	0	0	0	
345033	0	0	0	0	0	0	113	0	0	0	0	0	0	0	0	0	
345782	0	0	0	0	0	0	105	0	0	0	0	0	0	0	0	0	
346531	0	0	0	0	0	0	133	0	0	0	0	0	0	0	0	0	
347282	0	0	0	0	0	0	105	0	0	0	0	0	0	0	0	0	
348032	0	0	0	0	0	0	113	0	0	0	0	0	0	0	0	0	
348781	0	0	0	0	11	132	0	0	0	0	0	0	0	0	0	0	
349528	0	0	0	0	0	103	0	0	0	0	0	0	0	0	0	0	
350278	0	0	0	0	0	127	0	0	0	0	0	0	0	0	0	0	
351031	0	0	0	0	0	111	0	0	0	0	0	0	0	0	0	0	
351783	0	0	0	0	0	129	0	0	0	0	0	0	0	0	0	0	
352533	0	0	0	0	0	129	0	0	0	0	0	0	0	0	0	0	
353283	0	0	0	0	0	149	0	0	0	0	0	0	0	0	0	0	
354033	0	0	0	0	0	127	0	0	0	0	0	0	0	0	0	0	
354784	0	0	0	0	0	133	0	0	0	0	0	0	0	0	0	0	
355536	0	0	0	0	0	113	0	0	0	0	0	0	0	0	0	0	
356287	0	0	0	0	0	151	0	0	0	0	0	0	0	0	0	0	
357038	0	0	0	0	0	133	0	0	0	0	0	0	0	0	0	0	
357790	0	0	0	0	0	147	0	0	0	0	0	0	0	0	0	0	
358542	0	0	0	0	0	125	0	0	0	0	0	0	0	0	0	0	
359295	0	0	0	0	0	135	0	0	0	0	0	0	0	0	0	0	
360046	0	0	0	0	0	131	0	0	0	0	0	0	0	0	0	0	
360797	0	0	0	0	169	0	0	0	0	0	0	0	0	0	0	0	
361545	0	0	0	0	175	0	0	0	0	0	0	0	0	0	0	0	
362295	0	0	0	0	169	0	0	0	0	0	0	0	0	0	0	0	
363045	0	0	0	0	147	0	0	0	0	0	0	0	0	0	0	0	
363798	0	0	0	0	165	0	0	0	0	0	0	0	0	0	0	0	
364551	0	0	0	0	159	0	0	0	0	0	0	0	0	0	0	0	
365299	0	0	0	0	153	0	0	0	0	0	0	0	0	0	0	0	
366051	0	0	0	0	159	0	0	0	0	0	0	0	0	0	0	0	
366800	0	0	0	0	161	0	0	0	0	0	0	0	0	0	0	0	
367549	0	0	0	0	177	0	0	0	0	0	0	0	0	0	0	0	
368302	0	0	0	0	161	0	0	0	0	0	0	0	0	0	0	0	
369052	0	0	0	0	161	0	0	0	0	0	0	0	0	0	0	0	
369803	0	0	0	0	171	0	0	0	0	0	0	0	0	0	0	0	
370551	0	0	0	0	143	0	0	0	0	0	0	0	0	0	0	0	
371301	0	0	0	0	167	0	0	0	0	0	0	0	0	0	0	0	
372047	0	0	0	0	171	0	0	0	0	0	0	0	0	0	0	0	
372799	0	0	0	0	153	0	0	0	0	0	0	0	0	0	0	0	
373551	0	0	0	0	145	0	0	0	0	0	0	0	0	0	0	0	
374302	0	0	0	0	151	0	0	0	0	0	0	0	0	0	0	0	
375056	0	0	0	0	161	0	0	0	0	0	0	0	0	0	0	0	
375807	0	0	0	0	179	0	0	0	0	0	0	0	0	0	0	0	
376554	0	0	0	0	155	0	0	0	0	0	0	0	0	0	0	0	
377305	0	0	0	0	185	0	0	0	0	0	0	0	0	0	0	0	
378052	0	0	0	0	159	0	0	0	0	0	0	0	0	0	0	0	
378804	0	0	0	0	155	0	0	0	0	0	0	0	0	0	0	0	
379554	0	0	0	0	169	0	0	0	0	0	0	0	0	0	0	0	
380308	0	0	0	0	139	0	0	0	0	0	0	0	0	0	0	0	
381060	0	0	0	0	159	0	0	0	0	0	0	0	0	0	0	0	
381813	0	0	0	4	159	0	0	0	0	0	0	0	0	0	0	0	
382564	0	0	0	0	145	0	0	0	0	0	0	0	0	0	0	0	
383313	0	0	0	0	175	0	0	0	0	0	0	0	0	0	0	0	
384059	0	0	0	0	175	0	0	0	0	0	0	0	0	0	0	0	
384807	0	0	0	0	179	0	0	0	0	0	0	0	0	0	0	0	
385562	0	0	0	0	185	0	0	0	0	0	0	0	0	0	0	0	
386312	0	0	0	0	161	0	0	0	0	0	0	0	0	0	0	0	
387058	0	0	0	0	151	0	0	0	0	0	0	0	0	0	0	0	
387806	0	0	0	0	153	0	0	0	0	0	0	0	0	0	0	0	
388558	0	0	0	0	119	0	0	0	0	0	0	0	0	0	0	0	
389307	0	0	0	0	163	0	0	0	0	0	0	0	0	0	0	0	
390057	0	0	0	0	139	0	0	0	0	0	0	0	0	0	0	0	
390806	0	0	0	0	155	0	0	0	0	0	0	0	0	0	0	0	
391558	0	0	0	0	153	0	0	0	0	0	0	0	0	0	0	0	
392307	0	0	0	0	141	0	0	0	0	0	0	0	0	0	0	0	
393055	0	0	0	0	139	0	0	0	0	0	0	0	0	0	0	0	
393804	0	0	0	0	151	0	0	0	0	0	0	0	0	0	0	0	
394554	0	0	0	0	139	0	0	0	0	0	0	0	0	0	0	0	
395307	0	0	0	0	149	0	0	0	0	0	0	0	0	0	0	0	
396055	0	0	0	0	149	0	0	0	0	0	0	0	0	0	0	0	
396802	0	0	0	0	147	0	0	0	0	0	0	0	0	0	0	0	
397551	0	0	0	0	143	0	0	0	0	0	0	0	0	0	0	0	
398304	0	0	0	0	145	0	0	0	0	0	0	0	0	0	0	0	
399052	0	0	0	0	155	0	0	0	0	0	0	0	0	0	0	0	
399804	0	0	0	0	151	0	0	0	0	0	0	0	0	0	0	0	
400556	0	0	0	0	171	0	0	0	0	0	0	0	0	0	0	0	
401304	0	0	0	0	153	0	0	0	0	0	0	0	0	0	0	0	
402051	0	0	0	0	167	0	0	0	0	0	0	0	0	0	0	0	
402802	0	0	0	0	155	0	0	0	0	0	0	0	0	0	0	0	
403554	0	0	0	0	159	0	0	0	0	0	0	0	0	0	0	0	
404302	0	0	0	0	151	0	0	0	0	0	0	0	0	0	0	0	
405054	0	0	0	0	173	0	0	0	0	0	0	0	0	0	0	0	
405807	0	0	0	0	147	0	0	0	0	0	0	0	0	0	0	0	
406559	0	0	0	0	57	74	0	0	0	0	0	0	0	0	0	0	
407313	0	0	0	0	0	129	0	0	0	0	0	0	0	0	0	0	
408062	0	0	0	0	0	121	0	0	0	0	0	0	0	0	0	0	
408811	0	0	0	0	0	139	0	0	0	0	0	0	0	0	0	0	
409566	0	0	0	0	159	0	0	0	0	0	0	0	0	0	0	0	
410318	0	0	0	0	181	0	0	0	0	0	0	0	0	0	0	0	
411066	0	0	0	0	145	0	0	0	0	0	0	0	0	0	0	0	
411814	0	0	0	0	157	0	0	0	0	0	0	0	0	0	0	0	
412562	0	0	0	0	163	0	0	0	0	0	0	0	0	0	0	0	
413311	0	0	0	0	155	0	0	0	0	0	0	0	0	0	0	0	
414063	0	0	0	0	161	0	0	0	0	0	0	0	0	0	0	0	
414814	0	0	0	0	151	0	0	0	0	0	0	0	0	0	0	0	
415563	0	0	0	0	157	0	0	0	0	0	0	0	0	0	0	0	
416314	0	0	0	0	151	0	0	0	0	0	0	0	0	0	0	0	
417064	0	0	0	0	159	0	0	0	0	0	0	0	0	0	0	0	
417813	0	0	0	0	165	0	0	0	0	0	0	0	0	0	0	0	
418564	0	0	0	0	145	0	0	0	0	0	0	0	0	0	0	0	
419313	0	0	0	0	161	0	0	0	0	0	0	0	0	0	0	0	
420064	0	0	0	0	171	0	0	0	0	0	0	0	0	0	0	0	
420814	0	0	0	0	171	0	0	0	0	0	0	0	0	0	0	0	
421561	0	0	0	0	169	0	0	0	0	0	0	0	0	0	0	0	
422310	0	0	0	0	149	0	0	0	0	0	0	0	0	0	0	0	
423060	0	0	0	0	139	0	0	0	0	0	0	0	0	0	0	0	
423811	0	0	0	0	167	0	0	0	0	0	0	0	0	0	0	0	
424559	0	0	0	0	149	0	0	0	0	0	0	0	0	0	0	0	
425312	0	0	0	0	149	0	0	0	0	0	0	0	0	0	0	0	
426062	0	0	0	0	165	0	0	0	0	0	0	0	0	0	0	0	
426813	0	0	0	0	179	0	0	0	0	0	0	0	0	0	0	0	
427566	0	0	0	0	145	0	0	0	0	0	0	0	0	0	0	0	
428315	0	0	0	0	165	0	0	0	0	0	0	0	0	0	0	0	
429066	0	0	0	0	181	0	0	0	0	0	0	0	0	0	0	0	
429814	0	0	0	0	161	0	0	0	0	0	0	0	0	0	0	0	
430561	0	0	0	0	147	0	0	0	0	0	0	0	0	0	0	0	
431312	0	0	0	0	139	0	0	0	0	0	0	0	0	0	0	0	
432064	0	0	0	0	167	0	0	0	0	0	0	0	0	0	0	0	
432813	0	0	0	0	169	0	0	0	0	0	0	0	0	0	0	0	
433561	0	0	0	0	141	0	0	0	0	0	0	0	0	0	0	0	
434312	0	0	0	0	163	0	0	0	0	0	0	0	0	0	0	0	
435060	0	0	0	0	133	0	0	0	0	0	0	0	0	0	0	0	
435813	0	0	0	0	153	0	0	0	0	0	0	0	0	0	0	0	
436563	0	0	0	0	139	0	0	0	0	0	0	0	0	0	0	0	
437312	0	0	0	0	147	0	0	0	0	0	0	0	0	0	0	0	
438063	0	0	0	0	169	0	0	0	0	0	0	0	0	0	0	0	
438814	0	0	0	0	0	135	0	0	0	0	0	0	0	0	0	0	
439563	0	0	0	0	0	127	0	0	0	0	0	0	0	0	0	0	
440311	0	0	0	0	0	105	0	0	0	0	0	0	0	0	0	0	
441058	0	0	0	0	0	149	0	0	0	0	0	0	0	0	0	0	
441811	0	0	0	0	0	161	0	0	0	0	0	0	0	0	0	0	
442558	0	0	0	0	0	131	0	0	0	0	0	0	0	0	0	0	
443306	0	0	0	0	0	139	0	0	0	0	0	0	0	0	0	0	
444057	0	0	0	0	0	139	0	0	0	0	0	0	0	0	0	0	
444806	0	0	0	0	0	135	0	0	0	0	0	0	0	0	0	0	
445553	0	0	0	0	0	123	0	0	0	0	0	0	0	0	0	0	
446305	0	0	0	0	0	0	123	0	0	0	0	0	0	0	0	0	
447056	0	0	0	0	0	0	117	0	0	0	0	0	0	0	0	0	
447804	0	0	0	0	0	0	101	0	0	0	0	0	0	0	0	0	
448554	0	0	0	0	0	0	101	0	0	0	0	0	0	0	0	0	
449302	0	0	0	0	0	0	127	0	0	0	0	0	0	0	0	0	
450054	0	0	0	0	0	0	99	0	0	0	0	0	0	0	0	0	
450804	0	0	0	0	0	0	111	0	0	0	0	0	0	0	0	0	
451554	0	0	0	0	0	48	85	0	0	0	0	0	0	0	0	0	
452304	0	0	0	0	0	0	123	0	0	0	0	0	0	0	0	0	
453054	0	0	0	0	0	0	111	0	0	0	0	0	0	0	0	0	
453805	0	0	0	0	0	0	111	0	0	0	0	0	0	0	0	0	
454556	0	0	0	0	0	0	115	0	0	0	0	0	0	0	0	0	
455308	0	0	0	0	0	0	97	0	0	0	0	0	0	0	0	0	
456054	0	0	0	0	0	0	105	0	0	0	0	0	0	0	0	0	
456806	0	0	0	0	0	0	93	0	0	0	0	0	0	0	0	0	
457556	0	0	0	0	0	0	119	0	0	0	0	0	0	0	0	0	
458305	0	0	0	0	0	0	115	0	0	0	0	0	0	0	0	0	
459053	0	0	0	0	0	0	137	0	0	0	0	0	0	0	0	0	
459804	0	0	0	0	0	0	115	0	0	0	0	0	0	0	0	0	
460553	0	0	0	0	0	0	101	0	0	0	0	0	0	0	0	0	
461302	0	0	0	0	0	0	115	0	0	0	0	0	0	0	0	0	
462051	0	0	0	0	0	0	105	0	0	0	0	0	0	0	0	0	
462801	0	0	0	0	0	0	115	0	0	0	0	0	0	0	0	0	
463553	0	0	0	0	0	0	103	0	0	0	0	0	0	0	0	0	
464302	0	0	0	0	0	0	105	0	0	0	0	0	0	0	0	0	
465052	0	0	0	0	0	0	113	0	0	0	0	0	0	0	0	0	
465800	0	0	0	0	0	0	105	0	0	0	0	0	0	0	0	0	
466548	0	0	0	0	0	121	0	0	0	0	0	0	0	0	0	0	
467298	0	0	0	0	0	137	0	0	0	0	0	0	0	0	0	0	
468049	0	0	0	0	0	149	0	0	0	0	0	0	0	0	0	0	
468800	0	0	0	0	0	139	0	0	0	0	0	0	0	0	0	0	
469546	0	0	0	0	0	119	0	0	0	0	0	0	0	0	0	0	
470295	0	0	0	0	0	139	0	0	0	0	0	0	0	0	0	0	
471042	0	0	0	0	0	135	0	0	0	0	0	0	0	0	0	0	
471794	0	0	0	0	0	129	0	0	0	0	0	0	0	0	0	0	
472543	0	0	0	0	0	117	0	0	0	0	0	0	0	0	0	0	
473294	0	0	0	0	0	123	0	0	0	0	0	0	0	0	0	0	
474043	0	0	0	0	0	115	0	0	0	0	0	0	0	0	0	0	
474790	0	0	0	0	0	121	0	0	0	0	0	0	0	0	0	0	
475539	0	0	0	0	0	133	0	0	0	0	0	0	0	0	0	0	
476287	0	0	0	0	0	123	0	0	0	0	0	0	0	0	0	0	
477035	0	0	0	0	0	127	0	0	0	0	0	0	0	0	0	0	
477788	0	0	0	0	0	133	0	0	0	0	0	0	0	0	0	0	
478537	0	0	0	0	0	139	0	0	0	0	0	0	0	0	0	0	
479284	0	0	0	0	0	121	0	0	0	0	0	0	0	0	0	0	
480035	0	0	0	0	0	135	0	0	0	0	0	0	0	0	0	0	
480784	0	0	0	0	0	135	0	0	0	0	0	0	0	0	0	0	
481537	0	0	0	0	0	127	0	0	0	0	0	0	0	0	0	0	
482282	0	0	0	0	0	139	0	0	0	0	0	0	0	0	0	0	
483036	0	0	0	0	0	143	0	0	0	0	0	0	0	0	0	0	
483790	0	0	0	0	0	147	0	0	0	0	0	0	0	0	0	0	
484540	0	0	0	0	0	127	0	0	0	0	0	0	0	0	0	0	
485293	0	0	0	0	0	141	0	0	0	0	0	0	0	0	0	0	
486041	0	0	0	0	0	125	0	0	0	0	0	0	0	0	0	0	
486790	0	0	0	0	0	169	0	0	0	0	0	0	0	0	0	0	
487541	0	0	0	0	0	147	0	0	0	0	0	0	0	0	0	0	
488290	0	0	0	0	0	139	0	0	0	0	0	0	0	0	0	0	
489042	0	0	0	0	0	129	0	0	0	0	0	0	0	0	0	0	
489792	0	0	0	0	0	127	0	0	0	0	0	0	0	0	0	0	
490536	0	0	0	0	0	135	0	0	0	0	0	0	0	0	0	0	
491288	0	0	0	0	0	127	0	0	0	0	0	0	0	0	0	0	
492038	0	0	0	0	0	137	0	0	0	0	0	0	0	0	0	0	
492788	0	0	0	0	0	125	0	0	0	0	0	0	0	0	0	0	
493535	0	0	0	0	0	137	0	0	0	0	0	0	0	0	0	0	
494287	0	0	0	0	0	153	0	0	0	0	0	0	0	0	0	0	
495037	0	0	0	0	0	129	0	0	0	0	0	0	0	0	0	0	
495783	0	0	0	0	0	131	0	0	0	0	0	0	0	0	0	0	
496535	0	0	0	0	0	145	0	0	0	0	0	0	0	0	0	0	
497285	0	0	0	0	0	121	0	0	0	0	0	0	0	0	0	0	
498033	0	0	0	0	0	119	0	0	0	0	0	0	0	0	0	0	
498782	0	0	0	0	0	137	0	0	0	0	0	0	0	0	0	0	
499533	0	0	0	0	0	119	0	0	0	0	0	0	0	0	0	0	
500284	0	0	0	0	0	133	0	0	0	0	0	0	0	0	0	0	
501033	0	0	0	0	103	54	0	0	0	0	0	0	0	0	0	0	
501783	0	0	0	0	0	137	0	0	0	0	0	0	0	0	0	0	
502531	0	0	0	0	0	133	0	0	0	0	0	0	0	0	0	0	
503282	0	0	0	0	0	129	0	0	0	0	0	0	0	0	0	0	
504032	0	0	0	0	0	129	0	0	0	0	0	0	0	0	0	0	
504782	0	0	0	0	0	139	0	0	0	0	0	0	0	0	0	0	
505532	0	0	0	0	0	141	0	0	0	0	0	0	0	0	0	0	
506283	0	0	0	0	0	121	0	0	0	0	0	0	0	0	0	0	
507033	0	0	0	0	0	133	0	0	0	0	0	0	0	0	0	0	
507783	0	0	0	0	0	121	0	0	0	0	0	0	0	0	0	0	
508530	0	0	0	0	0	131	0	0	0	0	0	0	0	0	0	0	
509278	0	0	0	0	0	149	0	0	0	0	0	0	0	0	0	0	
510027	0	0	0	0	0	141	0	0	0	0	0	0	0	0	0	0	
510775	0	0	0	0	0	133	0	0	0	0	0	0	0	0	0	0	
511523	0	0	0	0	0	139	0	0	0	0	0	0	0	0	0	0	
512272	0	0	0	0	0	145	0	0	0	0	0	0	0	0	0	0	
513022	0	0	0	0	0	105	0	0	0	0	0	0	0	0	0	0	
513771	0	0	0	0	0	139	0	0	0	0	0	0	0	0	0	0	
514522	0	0	0	0	0	153	0	0	0	0	0	0	0	0	0	0	
515273	0	0	0	0	0	133	0	0	0	0	0	0	0	0	0	0	
516023	0	0	0	0	0	145	0	0	0	0	0	0	0	0	0	0	
516772	0	0	0	0	0	123	0	0	0	0	0	0	0	0	0	0	
517520	0	0	0	0	0	133	0	0	0	0	0	0	0	0	0	0	
518268	0	0	0	0	0	129	0	0	0	0	0	0	0	0	0	0	
519019	0	0	0	0	0	155	0	0	0	0	0	0	0	0	0	0	
519770	0	0	0	0	0	159	0	0	0	0	0	0	0	0	0	0	
520522	0	0	0	0	0	127	0	0	0	0	0	0	0	0	0	0	
521270	0	0	0	0	0	125	0	0	0	0	0	0	0	0	0	0	
522027	0	0	0	0	0	137	0	0	0	0	0	0	0	0	0	0	
522775	0	0	0	0	0	137	0	0	0	0	0	0	0	0	0	0	
523525	0	0	0	0	0	135	0	0	0	0	0	0	0	0	0	0	
524277	0	0	0	0	0	129	0	0	0	0	0	0	0	0	0	0	
525028	0	0	0	0	0	117	0	0	0	0	0	0	0	0	0	0	
525777	0	0	0	0	0	133	0	0	0	0	0	0	0	0	0	0	
526527	0	0	0	0	0	129	0	0	0	0	0	0	0	0	0	0	
527274	0	0	0	0	0	137	0	0	0	0	0	0	0	0	0	0	
528023	0	0	0	0	0	145	0	0	0	0	0	0	0	0	0	0	
528774	0	0	0	0	0	129	0	0	0	0	0	0	0	0	0	0	
529524	0	0	0	0	0	149	0	0	0	0	0	0	0	0	0	0	
530275	0	0	0	0	0	149	0	0	0	0	0	0	0	0	0	0	
531025	0	0	0	0	0	119	0	0	0	0	0	0	0	0	0	0	
531773	0	0	0	0	0	119	0	0	0	0	0	0	0	0	0	0	
532519	0	0	0	0	0	137	0	0	0	0	0	0	0	0	0	0	
533268	0	0	0	0	0	121	0	0	0	0	0	0	0	0	0	0	
534014	0	0	0	0	155	0	0	0	0	0	0	0	0	0	0	0	
534762	0	0	0	0	171	0	0	0	0	0	0	0	0	0	0	0	
535509	0	0	0	0	149	0	0	0	0	0	0	0	0	0	0	0	
536257	0	0	0	0	151	0	0	0	0	0	0	0	0	0	0	0	
537006	0	0	0	0	165	0	0	0	0	0	0	0	0	0	0	0	
537752	0	0	0	0	161	0	0	0	0	0	0	0	0	0	0	0	
538502	0	0	0	0	151	0	0	0	0	0	0	0	0	0	0	0	
539252	0	0	0	0	163	0	0	0	0	0	0	0	0	0	0	0	
539999	0	0	0	0	157	0	0	0	0	0	0	0	0	0	0	0	
540752	0	0	0	0	145	0	0	0	0	0	0	0	0	0	0	0	
541503	0	0	0	0	161	0	0	0	0	0	0	0	0	0	0	0	
542254	0	0	0	0	159	0	0	0	0	0	0	0	0	0	0	0	
543002	0	0	0	0	173	0	0	0	0	0	0	0	0	0	0	0	
543751	0	0	0	0	151	0	0	0	0	0	0	0	0	0	0	0	
544502	0	0	0	0	171	0	0	0	0	0	0	0	0	0	0	0	
545253	0	0	0	0	181	0	0	0	0	0	0	0	0	0	0	0	
546004	0	0	0	0	161	0	0	0	0	0	0	0	0	0	0	0	
546754	0	0	0	0	135	0	0	0	0	0	0	0	0	0	0	0	
547502	0	0	0	0	175	0	0	0	0	0	0	0	0	0	0	0	
548251	0	0	0	0	155	0	0	0	0	0	0	0	0	0	0	0	
549001	0	0	0	0	153	0	0	0	0	0	0	0	0	0	0	0	
549752	0	0	0	0	161	0	0	0	0	0	0	0	0	0	0	0	
550497	0	0	0	0	143	0	0	0	0	0	0	0	0	0	0	0	
551246	0	0	0	0	0	153	0	0	0	0	0	0	0	0	0	0	
551996	0	0	0	0	0	111	0	0	0	0	0	0	0	0	0	0	
552747	0	0	0	0	0	121	0	0	0	0	0	0	0	0	0	0	
553500	0	0	0	0	0	147	0	0	0	0	0	0	0	0	0	0	
554251	0	0	0	0	0	139	0	0	0	0	0	0	0	0	0	0	
555001	0	0	0	0	0	139	0	0	0	0	0	0	0	0	0	0	
555749	0	0	0	0	0	151	0	0	0	0	0	0	0	0	0	0	
556496	0	0	0	0	0	123	0	0	0	0	0	0	0	0	0	0	
557246	0	0	0	0	0	129	0	0	0	0	0	0	0	0	0	0	
557992	0	0	0	0	0	115	0	0	0	0	0	0	0	0	0	0	
558738	0	0	0	0	0	143	0	0	0	0	0	0	0	0	0	0	
559484	0	0	0	0	0	145	0	0	0	0	0	0	0	0	0	0	
560235	0	0	0	0	0	123	0	0	0	0	0	0	0	0	0	0	
560982	0	0	0	0	0	131	0	0	0	0	0	0	0	0	0	0	
561730	0	0	0	0	0	129	0	0	0	0	0	0	0	0	0	0	
562482	0	0	0	0	0	153	0	0	0	0	0	0	0	0	0	0	
563230	0	0	0	0	0	137	0	0	0	0	0	0	0	0	0	0	
563978	0	0	0	0	0	153	0	0	0	0	0	0	0	0	0	0	
564727	0	0	0	0	0	151	0	0	0	0	0	0	0	0	0	0	
565477	0	0	0	0	0	133	0	0	0	0	0	0	0	0	0	0	
566226	0	0	0	0	0	127	0	0	0	0	0	0	0	0	0	0	
566973	0	0	0	0	0	143	0	0	0	0	0	0	0	0	0	0	
567726	0	0	0	0	0	141	0	0	0	0	0	0	0	0	0	0	
568477	0	0	0	0	141	0	0	0	0	0	0	0	0	0	0	0	
569225	0	0	0	0	139	0	0	0	0	0	0	0	0	0	0	0	
569974	0	0	0	0	149	0	0	0	0	0	0	0	0	0	0	0	
570727	0	0	0	0	181	0	0	0	0	0	0	0	0	0	0	0	
571475	0	0	0	0	149	0	0	0	0	0	0	0	0	0	0	0	
572225	0	0	0	0	0	137	0	0	0	0	0	0	0	0	0	0	
572974	0	0	0	0	0	137	0	0	0	0	0	0	0	0	0	0	
573725	0	0	0	0	4	109	0	0	0	0	0	0	0	0	0	0	
574476	0	0	0	0	0	111	0	0	0	0	0	0	0	0	0	0	
575225	0	0	0	0	0	139	0	0	0	0	0	0	0	0	0	0	
575975	0	0	0	0	0	121	0	0	0	0	0	0	0	0	0	0	
576726	0	0	0	0	0	0	121	0	0	0	0	0	0	0	0	0	
577472	0	0	0	0	0	0	101	0	0	0	0	0	0	0	0	0	
578223	0	0	0	0	0	0	105	0	0	0	0	0	0	0	0	0	
578975	0	0	0	0	0	0	135	0	0	0	0	0	0	0	0	0	
579721	0	0	0	0	0	0	115	0	0	0	0	0	0	0	0	0	
580472	0	0	0	0	0	0	105	0	0	0	0	0	0	0	0	0	
581222	0	0	0	0	0	0	131	0	0	0	0	0	0	0	0	0	
581972	0	0	0	0	0	0	119	0	0	0	0	0	0	0	0	0	
582722	0	0	0	0	0	0	117	0	0	0	0	0	0	0	0	0	
583470	0	0	0	0	0	0	101	0	0	0	0	0	0	0	0	0	
584223	0	0	0	0	0	0	115	0	0	0	0	0	0	0	0	0	
584970	0	0	0	0	0	0	119	0	0	0	0	0	0	0	0	0	
585720	0	0	0	0	0	0	105	0	0	0	0	0	0	0	0	0	
586471	0	0	0	0	0	0	115	0	0	0	0	0	0	0	0	0	
587224	0	0	0	0	0	0	107	0	0	0	0	0	0	0	0	0	
587976	0	0	0	0	0	0	111	0	0	0	0	0	0	0	0	0	
588730	0	0	0	0	0	0	143	0	0	0	0	0	0	0	0	0	
589475	0	0	0	0	0	0	101	0	0	0	0	0	0	0	0	0	
590228	0	0	0	0	0	0	125	0	0	0	0	0	0	0	0	0	
590978	0	0	0	0	0	0	109	0	0	0	0	0	0	0	0	0	
591728	0	0	0	0	0	0	129	0	0	0	0	0	0	0	0	0	
592478	0	0	0	0	0	0	119	0	0	0	0	0	0	0	0	0	
593231	0	0	0	0	0	0	125	0	0	0	0	0	0	0	0	0	
593979	0	0	0	0	0	0	119	0	0	0	0	0	0	0	0	0	
594732	0	0	0	0	0	0	105	0	0	0	0	0	0	0	0	0	
595482	0	0	0	0	0	0	113	0	0	0	0	0	0	0	0	0	
596236	0	0	0	0	0	0	115	0	0	0	0	0	0	0	0	0	
596986	0	0	0	0	0	0	107	0	0	0	0	0	0	0	0	0	
597736	0	0	0	0	0	0	97	0	0	0	0	0	0	0	0	0	
598487	0	0	0	0	0	0	127	0	0	0	0	0	0	0	0	0	
599238	0	0	0	0	0	0	0	97	0	0	0	0	0	0	0	0	
599988	0	0	0	0	0	0	0	101	0	0	0	0	0	0	0	0	
600740	0	0	0	0	0	0	0	111	0	0	0	0	0	0	0	0	
601493	0	0	0	0	0	0	0	97	0	0	0	0	0	0	0	0	
602242	0	0	0	0	0	0	0	87	0	0	0	0	0	0	0	0	
602992	0	0	0	0	0	0	0	93	0	0	0	0	0	0	0	0	
603744	0	0	0	0	0	0	0	91	0	0	0	0	0	0	0	0	
604495	0	0	0	0	0	0	0	0	79	0	0	0	0	0	0	0	
605245	0	0	0	0	0	0	0	0	79	0	0	0	0	0	0	0	
605994	0	0	0	0	0	0	0	0	93	10	0	0	0	0	0	0	
606744	0	0	0	0	0	0	0	0	0	85	0	0	0	0	0	0	
607494	0	0	0	0	0	0	0	0	0	81	0	0	0	0	0	0	
608242	0	0	0	0	0	0	0	0	0	89	0	0	0	0	0	0	
608992	0	0	0	0	0	0	0	0	0	71	0	0	0	0	0	0	
609742	0	0	0	0	0	0	0	0	0	79	0	0	0	0	0	0	
610491	0	0	0	0	0	0	0	0	83	0	0	0	0	0	0	0	
611241	0	0	0	0	0	0	0	0	81	0	0	0	0	0	0	0	
611992	0	0	0	0	0	0	0	0	79	0	0	0	0	0	0	0	
612743	0	0	0	0	0	0	0	0	79	0	0	0	0	0	0	0	
613496	0	0	0	0	0	0	0	0	89	0	0	0	0	0	0	0	
614247	0	0	0	0	0	0	0	0	71	0	0	0	0	0	0	0	
614994	0	0	0	0	0	0	0	0	90	1	0	0	0	0	0	0	
615744	0	0	0	0	0	0	0	0	113	0	0	0	0	0	0	0	
616491	0	0	0	0	0	0	0	0	21	58	0	0	0	0	0	0	
617242	0	0	0	0	0	0	0	0	87	0	0	0	0	0	0	0	
617992	0	0	0	0	0	0	0	0	71	0	0	0	0	0	0	0	
618742	0	0	0	0	0	0	0	0	75	0	0	0	0	0	0	0	
619490	0	0	0	0	0	0	0	0	79	0	0	0	0	0	0	0	
620240	0	0	0	0	0	0	0	0	77	0	0	0	0	0	0	0	
620991	0	0	0	0	0	0	0	0	87	0	0	0	0	0	0	0	
621743	0	0	0	0	0	0	0	0	99	0	0	0	0	0	0	0	
622493	0	0	0	0	0	0	0	0	69	0	0	0	0	0	0	0	
623244	0	0	0	0	0	0	0	0	97	0	0	0	0	0	0	0	
623994	0	0	0	0	0	0	0	0	89	0	0	0	0	0	0	0	
624743	0	0	0	0	0	0	0	0	103	0	0	0	0	0	0	0	
625492	0	0	0	0	0	0	0	0	75	0	0	0	0	0	0	0	
626243	0	0	0	0	0	0	0	0	97	0	0	0	0	0	0	0	
626992	0	0	0	0	0	0	0	0	91	0	0	0	0	0	0	0	
627744	0	0	0	0	0	0	0	0	73	0	0	0	0	0	0	0	
628493	0	0	0	0	0	0	0	0	99	0	0	0	0	0	0	0	
629241	0	0	0	0	0	0	0	0	89	0	0	0	0	0	0	0	
629992	0	0	0	0	0	0	0	0	95	0	0	0	0	0	0	0	
630742	0	0	0	0	0	0	0	0	87	0	0	0	0	0	0	0	
631493	0	0	0	0	0	0	0	0	101	0	0	0	0	0	0	0	
632244	0	0	0	0	0	0	0	0	83	0	0	0	0	0	0	0	
632993	0	0	0	0	0	0	0	0	91	0	0	0	0	0	0	0	
633740	0	0	0	0	0	0	0	0	95	0	0	0	0	0	0	0	
634489	0	0	0	0	0	0	0	0	99	0	0	0	0	0	0	0	
635235	0	0	0	0	0	0	0	0	93	0	0	0	0	0	0	0	
635986	0	0	0	0	0	0	0	0	83	0	0	0	0	0	0	0	
636732	0	0	0	0	0	0	0	0	89	0	0	0	0	0	0	0	
637482	0	0	0	0	0	0	0	0	101	0	0	0	0	0	0	0	
638232	0	0	0	0	0	0	0	0	91	0	0	0	0	0	0	0	
638985	0	0	0	0	0	0	0	0	91	0	0	0	0	0	0	0	
639733	0	0	0	0	0	0	0	0	85	0	0	0	0	0	0	0	
640486	0	0	0	0	0	0	0	0	97	0	0	0	0	0	0	0	
641234	0	0	0	0	0	0	0	95	0	0	0	0	0	0	0	0	
641984	0	0	0	0	0	0	0	101	0	0	0	0	0	0	0	0	
642733	0	0	0	0	0	0	0	85	0	0	0	0	0	0	0	0	
643482	0	0	0	0	0	0	0	77	0	0	0	0	0	0	0	0	
644233	0	0	0	0	0	0	0	113	0	0	0	0	0	0	0	0	
644986	0	0	0	0	0	0	0	101	0	0	0	0	0	0	0	0	
645737	0	0	0	0	0	0	0	113	0	0	0	0	0	0	0	0	
646488	0	0	0	0	0	0	0	105	0	0	0	0	0	0	0	0	
647238	0	0	0	0	0	0	0	113	0	0	0	0	0	0	0	0	
647988	0	0	0	0	0	0	0	105	0	0	0	0	0	0	0	0	
648741	0	0	0	0	0	0	0	119	0	0	0	0	0	0	0	0	
649491	0	0	0	0	0	0	111	0	0	0	0	0	0	0	0	0	
650241	0	0	0	0	0	0	121	0	0	0	0	0	0	0	0	0	
650992	0	0	0	0	0	141	0	0	0	0	0	0	0	0	0	0	
651744	0	0	0	0	0	143	0	0	0	0	0	0	0	0	0	0	
652497	0	0	0	0	0	137	0	0	0	0	0	0	0	0	0	0	
653249	0	0	0	0	147	0	0	0	0	0	0	0	0	0	0	0	
654001	0	0	0	0	157	0	0	0	0	0	0	0	0	0	0	0	
654749	0	0	0	0	159	0	0	0	0	0	0	0	0	0	0	0	
655500	0	0	0	0	163	0	0	0	0	0	0	0	0	0	0	0	
656250	0	0	0	0	183	0	0	0	0	0	0	0	0	0	0	0	
656999	0	0	0	0	149	0	0	0	0	0	0	0	0	0	0	0	
657748	0	0	0	0	175	0	0	0	0	0	0	0	0	0	0	0	
658497	0	0	0	0	165	0	0	0	0	0	0	0	0	0	0	0	
659245	0	0	0	0	181	0	0	0	0	0	0	0	0	0	0	0	
659997	0	0	0	0	175	0	0	0	0	0	0	0	0	0	0	0	
660748	0	0	0	0	167	0	0	0	0	0	0	0	0	0	0	0	
661502	0	0	0	0	149	0	0	0	0	0	0	0	0	0	0	0	
662251	0	0	0	0	155	0	0	0	0	0	0	0	0	0	0	0	
663004	0	0	0	0	157	0	0	0	0	0	0	0	0	0	0	0	
663753	0	0	0	0	159	0	0	0	0	0	0	0	0	0	0	0	
664497	0	0	0	0	157	0	0	0	0	0	0	0	0	0	0	0	
665245	0	0	0	0	141	0	0	0	0	0	0	0	0	0	0	0	
665991	0	0	0	0	147	0	0	0	0	0	0	0	0	0	0	0	
666742	0	0	0	0	147	0	0	0	0	0	0	0	0	0	0	0	
667492	0	0	0	0	179	0	0	0	0	0	0	0	0	0	0	0	
668241	0	0	0	0	145	0	0	0	0	0	0	0	0	0	0	0	
668994	0	0	0	0	167	0	0	0	0	0	0	0	0	0	0	0	
669746	0	0	0	0	167	0	0	0	0	0	0	0	0	0	0	0	
670497	0	0	0	0	163	0	0	0	0	0	0	0	0	0	0	0	
671248	0	0	0	0	159	0	0	0	0	0	0	0	0	0	0	0	
671997	0	0	0	0	157	0	0	0	0	0	0	0	0	0	0	0	
672747	0	0	0	0	141	0	0	0	0	0	0	0	0	0	0	0	
673493	0	0	0	0	153	0	0	0	0	0	0	0	0	0	0	0	
674246	0	0	0	0	165	0	0	0	0	0	0	0	0	0	0	0	
674995	0	0	0	0	163	0	0	0	0	0	0	0	0	0	0	0	
675747	0	0	0	0	141	0	0	0	0	0	0	0	0	0	0	0	
676496	0	0	0	0	147	0	0	0	0	0	0	0	0	0	0	0	
677245	0	0	0	0	171	0	0	0	0	0	0	0	0	0	0	0	
677995	0	0	0	0	171	0	0	0	0	0	0	0	0	0	0	0	
678745	0	0	0	0	167	0	0	0	0	0	0	0	0	0	0	0	
679492	0	0	0	0	153	0	0	0	0	0	0	0	0	0	0	0	
680241	0	0	0	0	137	0	0	0	0	0	0	0	0	0	0	0	
680991	0	0	0	0	155	0	0	0	0	0	0	0	0	0	0	0	
681737	0	0	0	0	163	0	0	0	0	0	0	0	0	0	0	0	
682489	0	0	0	0	167	0	0	0	0	0	0	0	0	0	0	0	
683239	0	0	0	0	141	0	0	0	0	0	0	0	0	0	0	0	
683989	0	0	0	205	0	0	0	0	0	0	0	0	0	0	0	0	
684738	0	0	0	199	0	0	0	0	0	0	0	0	0	0	0	0	
685489	0	0	0	193	4	0	0	0	0	0	0	0	0	0	0	0	
686241	0	0	0	205	0	0	0	0	0	0	0	0	0	0	0	0	
686994	0	0	0	205	0	0	0	0	0	0	0	0	0	0	0	0	
687742	0	0	0	197	0	0	0	0	0	0	0	0	0	0	0	0	
688492	0	0	0	217	0	0	0	0	0	0	0	0	0	0	0	0	
689245	0	0	0	199	0	0	0	0	0	0	0	0	0	0	0	0	
689996	0	0	0	205	0	0	0	0	0	0	0	0	0	0	0	0	
690745	0	0	0	187	0	0	0	0	0	0	0	0	0	0	0	0	
691490	0	0	0	201	0	0	0	0	0	0	0	0	0	0	0	0	
692239	0	0	0	193	0	0	0	0	0	0	0	0	0	0	0	0	
692990	0	0	1	220	0	0	0	0	0	0	0	0	0	0	0	0	
693738	0	0	0	199	0	0	0	0	0	0	0	0	0	0	0	0	
694487	0	0	0	199	0	0	0	0	0	0	0	0	0	0	0	0	
695239	0	0	0	217	0	0	0	0	0	0	0	0	0	0	0	0	
695988	0	0	0	203	0	0	0	0	0	0	0	0	0	0	0	0	
696738	0	0	0	227	0	0	0	0	0	0	0	0	0	0	0	0	
697487	0	0	0	0	147	0	0	0	0	0	0	0	0	0	0	0	
698238	0	0	0	0	151	0	0	0	0	0	0	0	0	0	0	0	
698988	0	0	0	0	161	0	0	0	0	0	0	0	0	0	0	0	
699737	0	0	0	0	149	0	0	0	0	0	0	0	0	0	0	0	
700489	0	0	0	0	169	0	0	0	0	0	0	0	0	0	0	0	
701238	0	0	0	0	159	0	0	0	0	0	0	0	0	0	0	0	
701985	0	0	0	0	155	0	0	0	0	0	0	0	0	0	0	0	
702734	0	0	0	0	155	0	0	0	0	0	0	0	0	0	0	0	
703482	0	0	0	0	159	0	0	0	0	0	0	0	0	0	0	0	
704234	0	0	0	0	151	0	0	0	0	0	0	0	0	0	0	0	
704986	0	0	0	0	149	0	0	0	0	0	0	0	0	0	0	0	
705737	0	0	0	0	151	0	0	0	0	0	0	0	0	0	0	0	
706489	0	0	0	0	159	0	0	0	0	0	0	0	0	0	0	0	
707239	0	0	0	0	169	0	0	0	0	0	0	0	0	0	0	0	
707985	0	0	0	0	153	0	0	0	0	0	0	0	0	0	0	0	
708736	0	0	0	0	153	0	0	0	0	0	0	0	0	0	0	0	
709486	0	0	0	0	26	105	0	0	0	0	0	0	0	0	0	0	
710235	0	0	0	0	0	139	0	0	0	0	0	0	0	0	0	0	
710986	0	0	0	0	0	125	0	0	0	0	0	0	0	0	0	0	
711734	0	0	0	0	0	139	0	0	0	0	0	0	0	0	0	0	
712485	0	0	0	0	0	133	0	0	0	0	0	0	0	0	0	0	
713234	0	0	0	0	0	133	0	0	0	0	0	0	0	0	0	0	
713983	0	0	0	0	0	129	0	0	0	0	0	0	0	0	0	0	
714731	0	0	0	0	0	155	0	0	0	0	0	0	0	0	0	0	
715478	0	0	0	0	0	133	0	0	0	0	0	0	0	0	0	0	
716225	0	0	0	0	0	131	0	0	0	0	0	0	0	0	0	0	
716972	0	0	0	0	0	147	0	0	0	0	0	0	0	0	0	0	
717723	0	0	0	0	0	139	0	0	0	0	0	0	0	0	0	0	
718477	0	0	0	0	0	117	0	0	0	0	0	0	0	0	0	0	
719224	0	0	0	0	0	143	0	0	0	0	0	0	0	0	0	0	
719975	0	0	0	0	0	153	0	0	0	0	0	0	0	0	0	0	
720727	0	0	0	0	0	133	0	0	0	0	0	0	0	0	0	0	
721477	0	0	0	0	0	127	0	0	0	0	0	0	0	0	0	0	
722231	0	0	0	0	0	137	0	0	0	0	0	0	0	0	0	0	
722981	0	0	0	0	0	139	0	0	0	0	0	0	0	0	0	0	
723727	0	0	0	0	0	117	0	0	0	0	0	0	0	0	0	0	
724474	0	0	0	0	0	143	0	0	0	0	0	0	0	0	0	0	
725226	0	0	0	0	0	127	0	0	0	0	0	0	0	0	0	0	
725978	0	0	0	0	0	121	0	0	0	0	0	0	0	0	0	0	
726726	0	0	0	0	0	111	0	0	0	0	0	0	0	0	0	0	
727477	0	0	0	0	159	0	0	0	0	0	0	0	0	0	0	0	
728230	0	0	0	0	137	0	0	0	0	0	0	0	0	0	0	0	
728980	0	0	0	0	143	0	0	0	0	0	0	0	0	0	0	0	
729730	0	0	0	0	163	0	0	0	0	0	0	0	0	0	0	0	
730481	0	0	0	0	161	0	0	0	0	0	0	0	0	0	0	0	
731230	0	0	0	0	143	0	0	0	0	0	0	0	0	0	0	0	
731982	0	0	0	0	149	0	0	0	0	0	0	0	0	0	0	0	
732731	0	0	0	0	151	0	0	0	0	0	0	0	0	0	0	0	
733481	0	0	0	0	165	0	0	0	0	0	0	0	0	0	0	0	
734232	0	0	0	0	171	0	0	0	0	0	0	0	0	0	0	0	
734982	0	0	0	0	143	0	0	0	0	0	0	0	0	0	0	0	
735733	0	0	0	0	135	0	0	0	0	0	0	0	0	0	0	0	
736484	0	0	0	0	0	133	0	0	0	0	0	0	0	0	0	0	
737239	0	0	0	0	1	152	0	0	0	0	0	0	0	0	0	0	
737989	0	0	0	0	0	151	0	0	0	0	0	0	0	0	0	0	
738739	0	0	0	0	0	139	0	0	0	0	0	0	0	0	0	0	
739487	0	0	0	0	0	151	0	0	0	0	0	0	0	0	0	0	
740236	0	0	0	0	0	131	0	0	0	0	0	0	0	0	0	0	
740986	0	0	0	0	0	101	0	0	0	0	0	0	0	0	0	0	
741736	0	0	0	0	0	151	0	0	0	0	0	0	0	0	0	0	
742488	0	0	0	0	0	133	0	0	0	0	0	0	0	0	0	0	
743240	0	0	0	0	0	0	117	0	0	0	0	0	0	0	0	0	
743992	0	0	0	0	0	0	115	0	0	0	0	0	0	0	0	0	
744741	0	0	0	0	0	0	115	0	0	0	0	0	0	0	0	0	
745489	0	0	0	0	0	0	113	0	0	0	0	0	0	0	0	0	
746242	0	0	0	0	0	0	117	0	0	0	0	0	0	0	0	0	
746996	0	0	0	0	0	0	115	0	0	0	0	0	0	0	0	0	
747747	0	0	0	0	0	0	117	0	0	0	0	0	0	0	0	0	
748495	0	0	0	0	0	0	119	0	0	0	0	0	0	0	0	0	
749247	0	0	0	0	0	0	99	0	0	0	0	0	0	0	0	0	
749999	0	0	0	0	0	0	111	0	0	0	0	0	0	0	0	0	
750748	0	0	0	0	0	0	99	0	0	0	0	0	0	0	0	0	
751493	0	0	0	0	0	0	113	0	0	0	0	0	0	0	0	0	
752246	0	0	0	0	0	0	119	0	0	0	0	0	0	0	0	0	
752996	0	0	0	0	0	0	123	0	0	0	0	0	0	0	0	0	
753747	0	0	0	0	0	135	0	0	0	0	0	0	0	0	0	0	
754501	0	0	0	0	0	131	0	0	0	0	0	0	0	0	0	0	
755249	0	0	0	0	0	121	0	0	0	0	0	0	0	0	0	0	
755999	0	0	0	0	19	112	0	0	0	0	0	0	0	0	0	0	
756750	0	0	0	0	0	133	0	0	0	0	0	0	0	0	0	0	
757499	0	0	0	0	0	131	0	0	0	0	0	0	0	0	0	0	
758246	0	0	0	0	0	143	0	0	0	0	0	0	0	0	0	0	
758996	0	0	0	0	0	0	131	0	0	0	0	0	0	0	0	0	
759745	0	0	0	0	0	0	109	0	0	0	0	0	0	0	0	0	
760495	0	0	0	0	0	0	129	0	0	0	0	0	0	0	0	0	
761247	0	0	0	0	0	0	127	0	0	0	0	0	0	0	0	0	
761995	0	0	0	0	0	0	117	0	0	0	0	0	0	0	0	0	
762747	0	0	0	0	0	0	127	0	0	0	0	0	0	0	0	0	
763499	0	0	0	0	0	0	121	0	0	0	0	0	0	0	0	0	
764249	0	0	0	0	0	0	109	0	0	0	0	0	0	0	0	0	
765002	0	0	0	0	0	0	109	0	0	0	0	0	0	0	0	0	
765751	0	0	0	0	0	0	113	0	0	0	0	0	0	0	0	0	
766503	0	0	0	0	0	0	119	0	0	0	0	0	0	0	0	0	
767253	0	0	0	0	0	0	103	0	0	0	0	0	0	0	0	0	
768004	0	0	0	0	0	0	143	0	0	0	0	0	0	0	0	0	
768756	0	0	0	0	0	0	103	0	0	0	0	0	0	0	0	0	
769503	0	0	0	0	0	0	105	0	0	0	0	0	0	0	0	0	
770255	0	0	0	0	0	0	127	0	0	0	0	0	0	0	0	0	
771004	0	0	0	0	0	0	127	0	0	0	0	0	0	0	0	0	
771751	0	0	0	0	0	0	0	107	0	0	0	0	0	0	0	0	
772501	0	0	0	0	0	0	0	101	0	0	0	0	0	0	0	0	
773249	0	0	0	0	0	0	0	101	0	0	0	0	0	0	0	0	
774000	0	0	0	0	0	0	0	99	0	0	0	0	0	0	0	0	
774749	0	0	0	0	0	0	0	125	0	0	0	0	0	0	0	0	
775495	0	0	0	0	0	0	0	97	0	0	0	0	0	0	0	0	
776244	0	0	0	0	0	0	0	117	0	0	0	0	0	0	0	0	
776993	0	0	0	0	0	0	0	107	0	0	0	0	0	0	0	0	
777744	0	0	0	0	0	0	0	101	0	0	0	0	0	0	0	0	
778494	0	0	0	0	0	0	0	93	0	0	0	0	0	0	0	0	
779245	0	0	0	0	0	0	0	77	0	0	0	0	0	0	0	0	
779993	0	0	0	0	0	0	0	97	0	0	0	0	0	0	0	0	
780743	0	0	0	0	0	0	0	117	0	0	0	0	0	0	0	0	
781494	0	0	0	0	0	0	0	95	0	0	0	0	0	0	0	0	
782245	0	0	0	0	0	0	0	105	0	0	0	0	0	0	0	0	
783000	0	0	0	0	0	0	0	85	0	0	0	0	0	0	0	0	
783750	0	0	0	0	0	0	0	101	0	0	0	0	0	0	0	0	
784504	0	0	0	0	0	0	0	99	0	0	0	0	0	0	0	0	
785252	0	0	0	0	0	0	0	103	0	0	0	0	0	0	0	0	
786001	0	0	0	0	0	0	0	111	0	0	0	0	0	0	0	0	
786750	0	0	0	0	0	0	0	109	0	0	0	0	0	0	0	0	
787498	0	0	0	0	0	0	0	99	0	0	0	0	0	0	0	0	
788243	0	0	0	0	0	0	0	95	0	0	0	0	0	0	0	0	
788995	0	0	0	0	0	0	0	109	0	0	0	0	0	0	0	0	
789745	0	0	0	0	0	0	0	101	0	0	0	0	0	0	0	0	
790496	0	0	0	0	0	0	0	105	0	0	0	0	0	0	0	0	
791246	0	0	0	0	0	0	0	107	0	0	0	0	0	0	0	0	
791998	0	0	0	0	0	0	0	101	0	0	0	0	0	0	0	0	
792750	0	0	0	0	0	0	0	115	0	0	0	0	0	0	0	0	
793505	0	0	0	0	0	0	0	99	0	0	0	0	0	0	0	0	
794254	0	0	0	0	0	0	0	91	0	0	0	0	0	0	0	0	
795005	0	0	0	0	0	0	0	85	0	0	0	0	0	0	0	0	
795755	0	0	0	0	0	0	0	93	0	0	0	0	0	0	0	0	
796505	0	0	0	0	0	0	0	107	0	0	0	0	0	0	0	0	
797256	0	0	0	0	0	0	0	95	0	0	0	0	0	0	0	0	
798005	0	0	0	0	0	0	0	93	0	0	0	0	0	0	0	0	
798756	0	0	0	0	0	0	0	89	0	0	0	0	0	0	0	0	
799506	0	0	0	0	0	0	0	95	0	0	0	0	0	0	0	0	
800256	0	0	0	0	0	0	0	105	0	0	0	0	0	0	0	0	
801008	0	0	0	0	0	0	0	99	0	0	0	0	0	0	0	0	
801760	0	0	0	0	0	0	12	81	0	0	0	0	0	0	0	0	
802508	0	0	0	0	0	0	0	89	0	0	0	0	0	0	0	0	
803258	0	0	0	0	0	0	0	81	0	0	0	0	0	0	0	0	
804006	0	0	0	0	0	0	0	97	0	0	0	0	0	0	0	0	
804759	0	0	0	0	0	0	0	111	0	0	0	0	0	0	0	0	
805507	0	0	0	0	0	0	0	95	0	0	0	0	0	0	0	0	
806255	0	0	0	0	0	0	0	103	0	0	0	0	0	0	0	0	
807001	0	0	0	0	0	0	0	87	0	0	0	0	0	0	0	0	
807751	0	0	0	0	0	0	0	101	0	0	0	0	0	0	0	0	
808501	0	0	0	0	0	0	0	91	0	0	0	0	0	0	0	0	
809250	0	0	0	0	0	0	0	97	0	0	0	0	0	0	0	0	
810002	0	0	0	0	0	0	0	0	91	0	0	0	0	0	0	0	
810753	0	0	0	0	0	0	0	0	91	0	0	0	0	0	0	0	
811504	0	0	0	0	0	0	0	0	97	0	0	0	0	0	0	0	
812252	0	0	0	0	0	0	0	0	77	0	0	0	0	0	0	0	
813005	0	0	0	0	0	0	0	0	87	0	0	0	0	0	0	0	
813754	0	0	0	0	0	0	0	0	85	0	0	0	0	0	0	0	
814505	0	0	0	0	0	0	0	0	0	85	0	0	0	0	0	0	
815257	0	0	0	0	0	0	0	0	0	79	0	0	0	0	0	0	
816008	0	0	0	0	0	0	0	0	0	81	0	0	0	0	0	0	
816760	0	0	0	0	0	0	0	0	0	83	0	0	0	0	0	0	
817511	0	0	0	0	0	0	0	0	0	73	0	0	0	0	0	0	
818259	0	0	0	0	0	0	0	0	0	75	0	0	0	0	0	0	
819009	0	0	0	0	0	0	0	0	0	79	0	0	0	0	0	0	
819758	0	0	0	0	0	0	0	0	0	69	0	0	0	0	0	0	
820512	0	0	0	0	0	0	0	0	0	91	0	0	0	0	0	0	
821260	0	0	0	0	0	0	0	0	0	71	0	0	0	0	0	0	
822011	0	0	0	0	0	0	0	0	0	75	0	0	0	0	0	0	
822762	0	0	0	0	0	0	0	0	103	0	0	0	0	0	0	0	
823509	0	0	0	0	0	0	0	0	85	0	0	0	0	0	0	0	
824259	0	0	0	0	0	0	0	0	85	0	0	0	0	0	0	0	
825012	0	0	0	0	0	0	0	0	0	79	0	0	0	0	0	0	
825761	0	0	0	0	0	0	0	0	0	79	0	0	0	0	0	0	
826512	0	0	0	0	0	0	0	0	0	89	0	0	0	0	0	0	
827259	0	0	0	0	0	0	0	0	0	75	0	0	0	0	0	0	
828011	0	0	0	0	0	0	0	0	0	79	0	0	0	0	0	0	
828758	0	0	0	0	0	0	0	0	0	81	0	0	0	0	0	0	
829504	0	0	0	0	0	0	0	0	0	81	0	0	0	0	0	0	
830254	0	0	0	0	0	0	0	0	0	71	0	0	0	0	0	0	
831005	0	0	0	0	0	0	0	0	0	81	0	0	0	0	0	0	
831753	0	0	0	0	0	0	0	0	0	79	0	0	0	0	0	0	
832504	0	0	0	0	0	0	0	0	0	81	0	0	0	0	0	0	
833255	0	0	0	0	0	0	0	0	91	0	0	0	0	0	0	0	
834003	0	0	0	0	0	0	0	0	107	0	0	0	0	0	0	0	
834753	0	0	0	0	0	0	0	0	89	0	0	0	0	0	0	0	
835501	0	0	0	0	0	0	0	0	87	0	0	0	0	0	0	0	
836258	0	0	0	0	0	0	0	0	101	0	0	0	0	0	0	0	
837008	0	0	0	0	0	0	0	0	81	0	0	0	0	0	0	0	
837760	0	0	0	0	0	0	0	0	77	0	0	0	0	0	0	0	
838509	0	0	0	0	0	0	0	0	75	0	0	0	0	0	0	0	
839258	0	0	0	0	0	0	0	0	85	0	0	0	0	0	0	0	
840013	0	0	0	0	0	0	0	58	39	0	0	0	0	0	0	0	
840763	0	0	0	0	0	0	0	0	87	0	0	0	0	0	0	0	
841515	0	0	0	0	0	0	0	0	73	0	0	0	0	0	0	0	
842266	0	0	0	0	0	0	0	0	93	0	0	0	0	0	0	0	
843014	0	0	0	0	0	0	0	0	77	0	0	0	0	0	0	0	
843763	0	0	0	0	0	0	0	0	85	0	0	0	0	0	0	0	
844515	0	0	0	0	0	0	0	0	89	0	0	0	0	0	0	0	
845263	0	0	0	0	0	0	0	0	79	0	0	0	0	0	0	0	
846013	0	0	0	0	0	0	0	0	83	0	0	0	0	0	0	0	
846764	0	0	0	0	0	0	0	0	89	0	0	0	0	0	0	0	
847514	0	0	0	0	0	0	0	0	105	0	0	0	0	0	0	0	
848265	0	0	0	0	0	0	0	105	0	0	0	0	0	0	0	0	
849011	0	0	0	0	0	0	0	87	0	0	0	0	0	0	0	0	
849759	0	0	0	0	0	0	0	103	0	0	0	0	0	0	0	0	
850506	0	0	0	0	0	0	0	101	0	0	0	0	0	0	0	0	
851255	0	0	0	0	0	0	0	113	0	0	0	0	0	0	0	0	
852005	0	0	0	0	0	0	0	103	0	0	0	0	0	0	0	0	
852756	0	0	0	0	0	0	0	83	0	0	0	0	0	0	0	0	
853504	0	0	0	0	0	0	0	91	0	0	0	0	0	0	0	0	
854254	0	0	0	0	0	0	0	51	50	0	0	0	0	0	0	0	
855001	0	0	0	0	0	0	0	103	0	0	0	0	0	0	0	0	
855749	0	0	0	0	0	0	0	93	0	0	0	0	0	0	0	0	
856502	0	0	0	0	0	0	0	99	0	0	0	0	0	0	0	0	
857254	0	0	0	0	0	0	0	99	0	0	0	0	0	0	0	0	
858005	0	0	0	0	0	0	0	93	0	0	0	0	0	0	0	0	
858756	0	0	0	0	0	0	1	108	0	0	0	0	0	0	0	0	
859507	0	0	0	0	0	0	0	107	0	0	0	0	0	0	0	0	
860260	0	0	0	0	0	0	0	97	0	0	0	0	0	0	0	0	
861010	0	0	0	0	0	0	0	97	0	0	0	0	0	0	0	0	
861760	0	0	0	0	0	0	0	101	0	0	0	0	0	0	0	0	
862512	0	0	0	0	0	0	0	103	0	0	0	0	0	0	0	0	
863260	0	0	0	0	0	0	0	109	0	0	0	0	0	0	0	0	
864006	0	0	0	0	0	0	0	99	0	0	0	0	0	0	0	0	
864759	0	0	0	0	0	0	0	101	0	0	0	0	0	0	0	0	
865506	0	0	0	0	0	0	0	111	0	0	0	0	0	0	0	0	
866254	0	0	0	0	0	0	0	95	0	0	0	0	0	0	0	0	
867004	0	0	0	0	0	0	0	107	0	0	0	0	0	0	0	0	
867755	0	0	0	0	0	0	0	95	0	0	0	0	0	0	0	0	
868503	0	0	0	0	0	0	0	113	0	0	0	0	0	0	0	0	
869250	0	0	0	0	0	0	0	103	0	0	0	0	0	0	0	0	
870000	0	0	0	0	0	0	0	89	0	0	0	0	0	0	0	0	
870750	0	0	0	0	0	0	0	87	0	0	0	0	0	0	0	0	
871502	0	0	0	0	0	0	0	111	0	0	0	0	0	0	0	0	
872253	0	0	0	0	0	0	0	103	0	0	0	0	0	0	0	0	
873002	0	0	0	0	0	0	0	87	0	0	0	0	0	0	0	0	
873749	0	0	0	0	0	0	0	109	0	0	0	0	0	0	0	0	
874501	0	0	0	0	0	0	0	91	0	0	0	0	0	0	0	0	
875251	0	0	0	0	0	0	0	97	0	0	0	0	0	0	0	0	
876001	0	0	0	0	0	0	0	111	0	0	0	0	0	0	0	0	
876752	0	0	0	0	0	0	0	73	0	0	0	0	0	0	0	0	
877505	0	0	0	0	0	0	0	103	0	0	0	0	0	0	0	0	
878257	0	0	0	0	0	0	0	99	0	0	0	0	0	0	0	0	
879006	0	0	0	0	0	0	0	0	79	0	0	0	0	0	0	0	
879758	0	0	0	0	0	0	0	0	77	0	0	0	0	0	0	0	
880509	0	0	0	0	0	0	0	0	99	0	0	0	0	0	0	0	
881259	0	0	0	0	0	0	0	0	85	0	0	0	0	0	0	0	
882010	0	0	0	0	0	0	0	0	75	0	0	0	0	0	0	0	
882757	0	0	0	0	0	0	0	0	99	0	0	0	0	0	0	0	
883505	0	0	0	0	0	0	0	0	0	93	0	0	0	0	0	0	
884252	0	0	0	0	0	0	0	0	0	73	0	0	0	0	0	0	
885002	0	0	0	0	0	0	0	0	0	79	0	0	0	0	0	0	
885755	0	0	0	0	0	0	0	0	0	75	0	0	0	0	0	0	
886505	0	0	0	0	0	0	0	0	0	75	0	0	0	0	0	0	
887255	0	0	0	0	0	0	0	0	0	87	0	0	0	0	0	0	
888009	0	0	0	0	0	0	0	0	0	61	0	0	0	0	0	0	
888758	0	0	0	0	0	0	0	0	0	87	0	0	0	0	0	0	
889509	0	0	0	0	0	0	0	0	0	79	0	0	0	0	0	0	
890261	0	0	0	0	0	0	0	0	0	79	0	0	0	0	0	0	
891009	0	0	0	0	0	0	0	0	0	71	0	0	0	0	0	0	
891757	0	0	0	0	0	0	0	0	0	85	0	0	0	0	0	0	
892508	0	0	0	0	0	0	0	0	0	65	0	0	0	0	0	0	
893256	0	0	0	0	0	0	0	0	0	83	0	0	0	0	0	0	
894005	0	0	0	0	0	0	0	0	0	75	0	0	0	0	0	0	
894756	0	0	0	0	0	0	0	0	0	95	0	0	0	0	0	0	
895506	0	0	0	0	0	0	0	0	0	83	0	0	0	0	0	0	
896258	0	0	0	0	0	0	0	0	0	83	0	0	0	0	0	0	
897008	0	0	0	0	0	0	0	0	0	75	0	0	0	0	0	0	
897760	0	0	0	0	0	0	0	0	0	69	0	0	0	0	0	0	
898511	0	0	0	0	0	0	0	0	0	85	0	0	0	0	0	0	
899259	0	0	0	0	0	0	0	0	0	101	0	0	0	0	0	0	
900008	0	0	0	0	0	0	0	0	0	77	0	0	0	0	0	0	
900757	0	0	0	0	0	0	0	0	0	71	0	0	0	0	0	0	
901505	0	0	0	0	0	0	0	0	0	73	0	0	0	0	0	0	
902253	0	0	0	0	0	0	0	0	0	63	0	0	0	0	0	0	
903005	0	0	0	0	0	0	0	0	0	79	0	0	0	0	0	0	
903759	0	0	0	0	0	0	0	0	0	87	0	0	0	0	0	0	
904512	0	0	0	0	0	0	0	0	0	71	0	0	0	0	0	0	
905262	0	0	0	0	0	0	0	0	0	79	0	0	0	0	0	0	
906009	0	0	0	0	0	0	0	0	0	77	0	0	0	0	0	0	
906758	0	0	0	0	0	0	0	0	0	85	0	0	0	0	0	0	
907510	0	0	0	0	0	0	0	0	0	77	0	0	0	0	0	0	
908258	0	0	0	0	0	0	0	0	0	83	0	0	0	0	0	0	
909009	0	0	0	0	0	0	0	0	0	73	0	0	0	0	0	0	
909758	0	0	0	0	0	0	0	0	0	81	0	0	0	0	0	0	
910507	0	0	0	0	0	0	0	0	0	91	0	0	0	0	0	0	
911260	0	0	0	0	0	0	0	0	75	0	0	0	0	0	0	0	
912011	0	0	0	0	0	0	0	0	95	0	0	0	0	0	0	0	
912762	0	0	0	0	0	0	0	0	91	0	0	0	0	0	0	0	
913511	0	0	0	0	0	0	0	0	87	0	0	0	0	0	0	0	
914264	0	0	0	0	0	0	0	0	93	0	0	0	0	0	0	0	
915009	0	0	0	0	0	0	0	0	87	0	0	0	0	0	0	0	
915761	0	0	0	0	0	0	0	0	0	79	0	0	0	0	0	0	
916513	0	0	0	0	0	0	0	0	0	87	0	0	0	0	0	0	
917263	0	0	0	0	0	0	0	0	0	81	0	0	0	0	0	0	
918015	0	0	0	0	0	0	0	0	0	83	0	0	0	0	0	0	
918763	0	0	0	0	0	0	0	0	0	87	0	0	0	0	0	0	
919513	0	0	0	0	0	0	0	0	0	79	0	0	0	0	0	0	
920263	0	0	0	0	0	0	0	0	95	0	0	0	0	0	0	0	
921009	0	0	0	0	0	0	0	0	79	0	0	0	0	0	0	0	
921761	0	0	0	0	0	0	0	0	93	0	0	0	0	0	0	0	
922512	0	0	0	0	0	0	0	0	87	0	0	0	0	0	0	0	
923259	0	0	0	0	0	0	0	0	105	0	0	0	0	0	0	0	
924010	0	0	0	0	0	0	0	0	91	0	0	0	0	0	0	0	
924757	0	0	0	0	0	0	0	0	89	0	0	0	0	0	0	0	
925505	0	0	0	0	0	0	0	0	93	0	0	0	0	0	0	0	
926251	0	0	0	0	0	0	0	0	87	0	0	0	0	0	0	0	
926998	0	0	0	0	0	0	0	0	89	0	0	0	0	0	0	0	
927747	0	0	0	0	0	0	0	0	89	0	0	0	0	0	0	0	
928494	0	0	0	0	0	0	0	0	91	0	0	0	0	0	0	0	
929241	0	0	0	0	0	0	0	0	103	0	0	0	0	0	0	0	
929994	0	0	0	0	0	0	0	0	91	0	0	0	0	0	0	0	
930744	0	0	0	0	0	0	0	0	0	73	0	0	0	0	0	0	
931493	0	0	0	0	0	0	0	0	0	69	0	0	0	0	0	0	
932245	0	0	0	0	0	0	0	0	0	75	0	0	0	0	0	0	
932997	0	0	0	0	0	0	0	0	0	79	0	0	0	0	0	0	
933746	0	0	0	0	0	0	0	0	0	81	0	0	0	0	0	0	
934495	0	0	0	0	0	0	0	0	0	75	0	0	0	0	0	0	
935245	0	0	0	0	0	0	0	0	0	81	0	0	0	0	0	0	
935996	0	0	0	0	0	0	0	0	0	101	0	0	0	0	0	0	
936745	0	0	0	0	0	0	0	0	0	83	0	0	0	0	0	0	
937494	0	0	0	0	0	0	0	0	0	87	0	0	0	0	0	0	
938243	0	0	0	0	0	0	0	0	0	77	0	0	0	0	0	0	
938990	0	0	0	0	0	0	0	0	0	87	0	0	0	0	0	0	
939739	0	0	0	0	0	0	0	0	0	75	0	0	0	0	0	0	
940490	0	0	0	0	0	0	0	0	0	89	0	0	0	0	0	0	
941238	0	0	0	0	0	0	0	0	0	77	0	0	0	0	0	0	
941987	0	0	0	0	0	0	0	0	0	65	0	0	0	0	0	0	
942737	0	0	0	0	0	0	0	0	0	79	0	0	0	0	0	0	
943488	0	0	0	0	0	0	0	0	67	0	0	0	0	0	0	0	
944237	0	0	0	0	0	0	0	0	85	0	0	0	0	0	0	0	
944986	0	0	0	0	0	0	0	0	93	0	0	0	0	0	0	0	
945737	0	0	0	0	0	0	0	0	89	0	0	0	0	0	0	0	
946488	0	0	0	0	0	0	0	0	81	0	0	0	0	0	0	0	
947234	0	0	0	0	0	0	0	0	85	0	0	0	0	0	0	0	
947986	0	0	0	0	0	0	0	0	89	0	0	0	0	0	0	0	
948735	0	0	0	0	0	0	0	0	99	0	0	0	0	0	0	0	
949483	0	0	0	0	0	0	0	0	99	0	0	0	0	0	0	0	
950233	0	0	0	0	0	0	0	0	91	0	0	0	0	0	0	0	
950978	0	0	0	0	0	0	0	0	87	0	0	0	0	0	0	0	
951729	0	0	0	0	0	0	0	0	85	0	0	0	0	0	0	0	
952481	0	0	0	0	0	0	0	0	91	0	0	0	0	0	0	0	
953230	0	0	0	0	0	0	0	0	81	0	0	0	0	0	0	0	
953980	0	0	0	0	0	0	0	0	77	0	0	0	0	0	0	0	
954724	0	0	0	0	0	0	0	0	87	0	0	0	0	0	0	0	
955475	0	0	0	0	0	0	0	0	71	0	0	0	0	0	0	0	
956226	0	0	0	0	0	0	0	0	87	0	0	0	0	0	0	0	
956974	0	0	0	0	0	0	0	0	97	0	0	0	0	0	0	0	
957722	0	0	0	0	0	0	0	0	81	0	0	0	0	0	0	0	
958473	0	0	0	0	0	0	0	0	109	0	0	0	0	0	0	0	
959220	0	0	0	0	0	0	0	0	91	0	0	0	0	0	0	0	
959968	0	0	0	0	0	0	0	0	93	0	0	0	0	0	0	0	
960717	0	0	0	0	0	0	0	0	81	0	0	0	0	0	0	0	
961466	0	0	0	0	0	0	0	0	95	0	0	0	0	0	0	0	
962218	0	0	0	0	0	0	0	0	95	0	0	0	0	0	0	0	
962969	0	0	0	0	0	0	0	0	87	0	0	0	0	0	0	0	
963720	0	0	0	0	0	0	0	0	99	0	0	0	0	0	0	0	
964470	0	0	0	0	0	0	0	0	87	0	0	0	0	0	0	0	
965221	0	0	0	0	0	0	0	0	87	0	0	0	0	0	0	0	
965970	0	0	0	0	0	0	0	0	85	0	0	0	0	0	0	0	
966719	0	0	0	0	0	0	0	0	77	0	0	0	0	0	0	0	
967467	0	0	0	0	0	0	0	0	97	0	0	0	0	0	0	0	
968214	0	0	0	0	0	0	0	0	97	0	0	0	0	0	0	0	
968968	0	0	0	0	0	0	0	0	77	0	0	0	0	0	0	0	
969718	0	0	0	0	0	0	0	0	99	0	0	0	0	0	0	0	
970466	0	0	0	0	0	0	0	0	85	0	0	0	0	0	0	0	
971214	0	0	0	0	0	0	0	0	105	0	0	0	0	0	0	0	
971964	0	0	0	0	0	0	0	0	83	0	0	0	0	0	0	0	
972715	0	0	0	0	0	0	0	0	93	0	0	0	0	0	0	0	
973462	0	0	0	0	0	0	0	0	99	0	0	0	0	0	0	0	
974214	0	0	0	0	0	0	0	0	85	0	0	0	0	0	0	0	
974960	0	0	0	0	0	0	0	0	91	0	0	0	0	0	0	0	
975710	0	0	0	0	0	0	0	0	95	0	0	0	0	0	0	0	
976461	0	0	0	0	0	0	0	0	83	0	0	0	0	0	0	0	
977211	0	0	0	0	0	0	0	0	85	0	0	0	0	0	0	0	
977960	0	0	0	0	0	0	0	0	85	0	0	0	0	0	0	0	
978711	0	0	0	0	0	0	0	0	101	0	0	0	0	0	0	0	
979464	0	0	0	0	0	0	0	0	87	0	0	0	0	0	0	0	
980215	0	0	0	0	0	0	0	0	99	0	0	0	0	0	0	0	
980966	0	0	0	0	0	0	0	105	0	0	0	0	0	0	0	0	
981714	0	0	0	0	0	0	0	83	0	0	0	0	0	0	0	0	
982463	0	0	0	0	0	0	0	119	0	0	0	0	0	0	0	0	
983214	0	0	0	0	0	0	0	91	0	0	0	0	0	0	0	0	
983963	0	0	0	0	0	0	0	89	0	0	0	0	0	0	0	0	
984713	0	0	0	0	0	0	0	97	0	0	0	0	0	0	0	0	
985467	0	0	0	0	0	0	0	0	87	0	0	0	0	0	0	0	
986218	0	0	0	0	0	0	0	0	81	0	0	0	0	0	0	0	
986967	0	0	0	0	0	0	0	0	99	0	0	0	0	0	0	0	
987715	0	0	0	0	0	0	0	0	103	0	0	0	0	0	0	0	
988464	0	0	0	0	0	0	0	0	93	0	0	0	0	0	0	0	
989214	0	0	0	0	0	0	0	0	101	0	0	0	0	0	0	0	
989963	0	0	0	0	0	0	0	97	0	0	0	0	0	0	0	0	
990711	0	0	0	0	0	0	0	111	0	0	0	0	0	0	0	0	
991463	0	0	0	0	0	0	0	91	0	0	0	0	0	0	0	0	
992212	0	0	0	0	0	0	0	97	0	0	0	0	0	0	0	0	
992965	0	0	0	0	0	0	0	93	0	0	0	0	0	0	0	0	
993716	0	0	0	0	0	0	0	95	0	0	0	0	0	0	0	0	
994466	0	0	0	0	0	0	0	109	0	0	0	0	0	0	0	0	
995216	0	0	0	0	0	0	0	125	0	0	0	0	0	0	0	0	
995966	0	0	0	0	0	0	0	83	0	0	0	0	0	0	0	0	
996715	0	0	0	0	0	0	0	93	0	0	0	0	0	0	0	0	
997466	0	0	0	0	0	0	12	89	0	0	0	0	0	0	0	0	
998213	0	0	0	0	0	0	0	99	0	0	0	0	0	0	0	0	
998963	0	0	0	0	0	0	0	101	0	0	0	0	0	0	0	0	
999711	0	0	0	0	0	0	0	95	0	0	0	0	0	0	0	0	
1.00046e+06	0	0	0	0	0	0	0	101	0	0	0	0	0	0	0	0	
1.00121e+06	0	0	0	0	0	0	0	95	0	0	0	0	0	0	0	0	
1.00196e+06	0	0	0	0	0	0	0	109	0	0	0	0	0	0	0	0	
1.00271e+06	0	0	0	0	0	0	0	105	0	0	0	0	0	0	0	0	
1.00346e+06	0	0	0	0	0	0	0	99	0	0	0	0	0	0	0	0	
1.00421e+06	0	0	0	0	0	0	0	79	0	0	0	0	0	0	0	0	
1.00496e+06	0	0	0	0	0	0	0	89	0	0	0	0	0	0	0	0	
1.00571e+06	0	0	0	0	0	0	0	101	0	0	0	0	0	0	0	0	
1.00646e+06	0	0	0	0	0	0	0	91	0	0	0	0	0	0	0	0	
1.00721e+06	0	0	0	0	0	0	0	95	0	0	0	0	0	0	0	0	
1.00796e+06	0	0	0	0	0	0	0	0	83	0	0	0	0	0	0	0	
1.00871e+06	0	0	0	0	0	0	0	0	79	0	0	0	0	0	0	0	
1.00946e+06	0	0	0	0	0	0	0	0	89	0	0	0	0	0	0	0	
1.01021e+06	0	0	0	0	0	0	0	0	0	73	0	0	0	0	0	0	
1.01096e+06	0	0	0	0	0	0	0	0	0	75	0	0	0	0	0	0	
1.01171e+06	0	0	0	0	0	0	0	0	0	69	0	0	0	0	0	0	
1.01245e+06	0	0	0	0	0	0	0	0	0	83	0	0	0	0	0	0	
1.0132e+06	0	0	0	0	0	0	0	0	0	85	0	0	0	0	0	0	
1.01395e+06	0	0	0	0	0	0	0	0	0	75	0	0	0	0	0	0	
1.0147e+06	0	0	0	0	0	0	0	0	0	73	0	0	0	0	0	0	
1.01545e+06	0	0	0	0	0	0	0	0	0	81	0	0	0	0	0	0	
1.0162e+06	0	0	0	0	0	0	0	0	0	85	0	0	0	0	0	0	
1.01695e+06	0	0	0	0	0	0	0	0	0	95	0	0	0	0	0	0	
1.0177e+06	0	0	0	0	0	0	0	0	0	87	0	0	0	0	0	0	
1.01845e+06	0	0	0	0	0	0	0	0	0	63	0	0	0	0	0	0	
1.0192e+06	0	0	0	0	0	0	0	0	0	89	0	0	0	0	0	0	
1.01995e+06	0	0	0	0	0	0	0	0	0	77	0	0	0	0	0	0	
1.0207e+06	0	0	0	0	0	0	0	0	0	71	0	0	0	0	0	0	
1.02146e+06	0	0	0	0	0	0	0	0	91	0	0	0	0	0	0	0	
1.02221e+06	0	0	0	0	0	0	0	0	73	0	0	0	0	0	0	0	
1.02296e+06	0	0	0	0	0	0	0	0	81	0	0	0	0	0	0	0	
1.0237e+06	0	0	0	0	0	0	0	0	95	0	0	0	0	0	0	0	
1.02445e+06	0	0	0	0	0	0	0	0	87	0	0	0	0	0	0	0	
1.02521e+06	0	0	0	0	0	0	0	0	91	0	0	0	0	0	0	0	
1.02596e+06	0	0	0	0	0	0	0	0	77	0	0	0	0	0	0	0	
1.02671e+06	0	0	0	0	0	0	0	0	73	0	0	0	0	0	0	0	
1.02747e+06	0	0	0	0	0	0	0	0	97	0	0	0	0	0	0	0	
1.02822e+06	0	0	0	0	0	0	0	0	83	0	0	0	0	0	0	0	
1.02897e+06	0	0	0	0	0	0	0	97	0	0	0	0	0	0	0	0	
1.02972e+06	0	0	0	0	0	0	0	103	0	0	0	0	0	0	0	0	
1.03047e+06	0	0	0	0	0	0	0	105	0	0	0	0	0	0	0	0	
1.03122e+06	0	0	0	0	0	0	0	103	4	0	0	0	0	0	0	0	
1.03197e+06	0	0	0	0	0	0	1	100	0	0	0	0	0	0	0	0	
1.03272e+06	0	0	0	0	0	0	0	99	0	0	0	0	0	0	0	0	
1.03347e+06	0	0	0	0	0	0	0	91	0	0	0	0	0	0	0	0	
1.03421e+06	0	0	0	0	0	0	0	79	0	0	0	0	0	0	0	0	
1.03496e+06	0	0	0	0	0	0	0	117	0	0	0	0	0	0	0	0	
1.03571e+06	0	0	0	0	0	0	0	87	0	0	0	0	0	0	0	0	
1.03647e+06	0	0	0	0	0	0	0	99	0	0	0	0	0	0	0	0	
1.03721e+06	0	0	0	0	0	0	0	83	0	0	0	0	0	0	0	0	
1.03796e+06	0	0	0	0	0	0	0	109	0	0	0	0	0	0	0	0	
1.03872e+06	0	0	0	0	0	0	0	97	0	0	0	0	0	0	0	0	
1.03947e+06	0	0	0	0	0	0	0	103	0	0	0	0	0	0	0	0	
1.04022e+06	0	0	0	0	0	0	0	111	0	0	0	0	0	0	0	0	
1.04097e+06	0	0	0	0	0	0	0	85	0	0	0	0	0	0	0	0	
1.04172e+06	0	0	0	0	0	0	0	113	0	0	0	0	0	0	0	0	
1.04247e+06	0	0	0	0	0	0	0	109	0	0	0	0	0	0	0	0	
1.04322e+06	0	0	0	0	0	0	0	105	0	0	0	0	0	0	0	0	
1.04396e+06	0	0	0	0	0	0	0	107	0	0	0	0	0	0	0	0	
1.04471e+06	0	0	0	0	0	0	0	101	0	0	0	0	0	0	0	0	
1.04546e+06	0	0	0	0	0	0	0	105	0	0	0	0	0	0	0	0	
1.04621e+06	0	0	0	0	0	0	0	133	0	0	0	0	0	0	0	0	
1.04696e+06	0	0	0	0	0	0	0	111	0	0	0	0	0	0	0	0	
1.04771e+06	0	0	0	0	0	0	0	85	0	0	0	0	0	0	0	0	
1.04846e+06	0	0	0	0	0	0	0	97	0	0	0	0	0	0	0	0	
1.04921e+06	0	0	0	0	0	0	0	111	0	0	0	0	0	0	0	0	
1.04996e+06	0	0	0	0	0	0	0	103	0	0	0	0	0	0	0	0	
1.05071e+06	0	0	0	0	0	0	0	101	0	0	0	0	0	0	0	0	
1.05146e+06	0	0	0	0	0	0	0	105	0	0	0	0	0	0	0	0	
1.05221e+06	0	0	0	0	0	0	0	99	0	0	0	0	0	0	0	0	
1.05296e+06	0	0	0	0	0	0	0	109	0	0	0	0	0	0	0	0	
1.05371e+06	0	0	0	0	0	0	0	87	0	0	0	0	0	0	0	0	
1.05445e+06	0	0	0	0	0	0	0	93	0	0	0	0	0	0	0	0	
1.0552e+06	0	0	0	0	0	0	0	97	0	0	0	0	0	0	0	0	
1.05596e+06	0	0	0	0	0	0	0	101	0	0	0	0	0	0	0	0	
1.05671e+06	0	0	0	0	0	0	0	97	0	0	0	0	0	0	0	0	
1.05746e+06	0	0	0	0	0	0	0	113	0	0	0	0	0	0	0	0	
1.05821e+06	0	0	0	0	0	0	0	113	0	0	0	0	0	0	0	0	
1.05896e+06	0	0	0	0	0	0	0	109	0	0	0	0	0	0	0	0	
1.05971e+06	0	0	0	0	0	0	0	109	0	0	0	0	0	0	0	0	
1.06046e+06	0	0	0	0	0	0	0	91	0	0	0	0	0	0	0	0	
1.06121e+06	0	0	0	0	0	0	0	93	0	0	0	0	0	0	0	0	
1.06196e+06	0	0	0	0	0	0	0	91	0	0	0	0	0	0	0	0	
1.0627e+06	0	0	0	0	0	0	0	92	3	0	0	0	0	0	0	0	
1.06345e+06	0	0	0	0	0	0	0	107	0	0	0	0	0	0	0	0	
1.06421e+06	0	0	0	0	0	0	0	93	0	0	0	0	0	0	0	0	
1.06496e+06	0	0	0	0	0	0	0	97	0	0	0	0	0	0	0	0	
1.0657e+06	0	0	0	0	0	0	0	93	0	0	0	0	0	0	0	0	
1.06645e+06	0	0	0	0	0	0	0	115	0	0	0	0	0	0	0	0	
1.0672e+06	0	0	0	0	0	0	0	109	0	0	0	0	0	0	0	0	
1.06795e+06	0	0	0	0	0	0	0	99	0	0	0	0	0	0	0	0	
1.0687e+06	0	0	0	0	0	0	0	95	0	0	0	0	0	0	0	0	
1.06945e+06	0	0	0	0	0	0	0	97	0	0	0	0	0	0	0	0	
1.0702e+06	0	0	0	0	0	0	0	109	0	0	0	0	0	0	0	0	
1.07095e+06	0	0	0	0	0	0	0	91	0	0	0	0	0	0	0	0	
1.0717e+06	0	0	0	0	0	0	0	87	0	0	0	0	0	0	0	0	
1.07246e+06	0	0	0	0	0	0	0	121	0	0	0	0	0	0	0	0	
1.07321e+06	0	0	0	0	0	0	0	89	0	0	0	0	0	0	0	0	
1.07396e+06	0	0	0	0	0	0	0	119	0	0	0	0	0	0	0	0	
1.07471e+06	0	0	0	0	0	0	0	119	0	0	0	0	0	0	0	0	
1.07545e+06	0	0	0	0	0	0	0	91	0	0	0	0	0	0	0	0	
1.0762e+06	0	0	0	0	0	0	0	0	105	0	0	0	0	0	0	0	
1.07695e+06	0	0	0	0	0	0	0	0	0	73	0	0	0	0	0	0	
1.0777e+06	0	0	0	0	0	0	0	0	0	75	0	0	0	0	0	0	
1.07845e+06	0	0	0	0	0	0	0	0	20	71	0	0	0	0	0	0	
1.0792e+06	0	0	0	0	0	0	0	0	0	81	0	0	0	0	0	0	
1.07995e+06	0	0	0	0	0	0	0	0	0	73	0	0	0	0	0	0	
1.0807e+06	0	0	0	0	0	0	0	0	0	63	0	0	0	0	0	0	
1.08145e+06	0	0	0	0	0	0	0	0	0	81	0	0	0	0	0	0	
1.0822e+06	0	0	0	0	0	0	0	0	0	79	0	0	0	0	0	0	
1.08295e+06	0	0	0	0	0	0	0	0	0	89	0	0	0	0	0	0	
1.0837e+06	0	0	0	0	0	0	0	0	0	83	0	0	0	0	0	0	
1.08445e+06	0	0	0	0	0	0	0	0	0	81	0	0	0	0	0	0	
1.0852e+06	0	0	0	0	0	0	0	0	0	73	0	0	0	0	0	0	
1.08596e+06	0	0	0	0	0	0	0	0	0	85	0	0	0	0	0	0	
1.08671e+06	0	0	0	0	0	0	0	0	0	81	0	0	0	0	0	0	
1.08746e+06	0	0	0	0	0	0	0	0	0	79	0	0	0	0	0	0	
1.08821e+06	0	0	0	0	0	0	0	0	0	85	0	0	0	0	0	0	
1.08896e+06	0	0	0	0	0	0	0	0	0	77	0	0	0	0	0	0	
1.0897e+06	0	0	0	0	0	0	0	0	0	95	0	0	0	0	0	0	
1.09045e+06	0	0	0	0	0	0	0	0	0	85	0	0	0	0	0	0	
1.0912e+06	0	0	0	0	0	0	0	0	0	89	0	0	0	0	0	0	
1.09195e+06	0	0	0	0	0	0	0	0	0	85	0	0	0	0	0	0	
1.0927e+06	0	0	0	0	0	0	0	0	0	0	55	0	0	0	0	0	
1.09345e+06	0	0	0	0	0	0	0	0	0	0	81	0	0	0	0	0	
1.0942e+06	0	0	0	0	0	0	0	0	0	0	77	0	0	0	0	0	
1.09495e+06	0	0	0	0	0	0	0	0	0	0	67	0	0	0	0	0	
1.0957e+06	0	0	0	0	0	0	0	0	0	0	53	0	0	0	0	0	
1.09645e+06	0	0	0	0	0	0	0	0	0	0	91	0	0	0	0	0	
1.0972e+06	0	0	0	0	0	0	0	0	0	0	71	0	0	0	0	0	
1.09795e+06	0	0	0	0	0	0	0	0	0	0	73	0	0	0	0	0	
1.0987e+06	0	0	0	0	0	0	0	0	0	0	65	0	0	0	0	0	
1.09945e+06	0	0	0	0	0	0	0	0	0	0	73	0	0	0	0	0	
1.10019e+06	0	0	0	0	0	0	0	0	0	0	87	0	0	0	0	0	
1.10094e+06	0	0	0	0	0	0	0	0	0	0	95	0	0	0	0	0	
1.10169e+06	0	0	0	0	0	0	0	0	0	0	71	0	0	0	0	0	
1.10244e+06	0	0	0	0	0	0	0	0	0	0	79	0	0	0	0	0	
1.10318e+06	0	0	0	0	0	0	0	0	0	0	73	0	0	0	0	0	
1.10394e+06	0	0	0	0	0	0	0	0	0	0	65	0	0	0	0	0	
1.10469e+06	0	0	0	0	0	0	0	0	0	0	79	0	0	0	0	0	
1.10544e+06	0	0	0	0	0	0	0	0	0	0	77	0	0	0	0	0	
1.10619e+06	0	0	0	0	0	0	0	0	0	0	69	0	0	0	0	0	
1.10694e+06	0	0	0	0	0	0	0	0	0	0	75	0	0	0	0	0	
1.10769e+06	0	0	0	0	0	0	0	0	0	0	85	0	0	0	0	0	
1.10844e+06	0	0	0	0	0	0	0	0	0	0	71	0	0	0	0	0	
1.10919e+06	0	0	0	0	0	0	0	0	0	2	83	0	0	0	0	0	
1.10994e+06	0	0	0	0	0	0	0	0	0	0	77	0	0	0	0	0	
1.11069e+06	0	0	0	0	0	0	0	0	0	0	77	0	0	0	0	0	
1.11144e+06	0	0	0	0	0	0	0	0	0	0	81	0	0	0	0	0	
1.11219e+06	0	0	0	0	0	0	0	0	0	0	71	0	0	0	0	0	
1.11294e+06	0	0	0	0	0	0	0	0	0	79	0	0	0	0	0	0	
1.11369e+06	0	0	0	0	0	0	0	0	0	73	0	0	0	0	0	0	
1.11444e+06	0	0	0	0	0	0	0	0	0	85	0	0	0	0	0	0	
1.11518e+06	0	0	0	0	0	0	0	0	0	85	0	0	0	0	0	0	
1.11593e+06	0	0	0	0	0	0	0	0	0	73	0	0	0	0	0	0	
1.11668e+06	0	0	0	0	0	0	0	0	0	87	0	0	0	0	0	0	
1.11743e+06	0	0	0	0	0	0	0	0	0	95	0	0	0	0	0	0	
1.11818e+06	0	0	0	0	0	0	0	0	0	79	0	0	0	0	0	0	
1.11893e+06	0	0	0	0	0	0	0	0	0	63	0	0	0	0	0	0	
1.11968e+06	0	0	0	0	0	0	0	0	0	79	0	0	0	0	0	0	
1.12043e+06	0	0	0	0	0	0	0	0	0	65	0	0	0	0	0	0	
1.12119e+06	0	0	0	0	0	0	0	0	0	79	0	0	0	0	0	0	
1.12193e+06	0	0	0	0	0	0	0	0	0	69	0	0	0	0	0	0	
1.12268e+06	0	0	0	0	0	0	0	0	0	91	0	0	0	0	0	0	
1.12343e+06	0	0	0	0	0	0	0	0	0	99	0	0	0	0	0	0	
1.12418e+06	0	0	0	0	0	0	0	0	0	99	0	0	0	0	0	0	
1.12493e+06	0	0	0	0	0	0	0	0	0	75	0	0	0	0	0	0	
1.12568e+06	0	0	0	0	0	0	0	0	0	89	0	0	0	0	0	0	
1.12643e+06	0	0	0	0	0	0	0	0	0	87	0	0	0	0	0	0	
1.12718e+06	0	0	0	0	0	0	0	0	87	0	0	0	0	0	0	0	
1.12792e+06	0	0	0	0	0	0	0	0	73	0	0	0	0	0	0	0	
1.12868e+06	0	0	0	0	0	0	0	0	77	0	0	0	0	0	0	0	
1.12943e+06	0	0	0	0	0	0	0	0	91	0	0	0	0	0	0	0	
1.13018e+06	0	0	0	0	0	0	0	0	79	0	0	0	0	0	0	0	
1.13093e+06	0	0	0	0	0	0	0	0	85	0	0	0	0	0	0	0	
1.13168e+06	0	0	0	0	0	0	0	0	101	0	0	0	0	0	0	0	
1.13243e+06	0	0	0	0	0	0	0	0	91	0	0	0	0	0	0	0	
1.13318e+06	0	0	0	0	0	0	0	0	89	0	0	0	0	0	0	0	
1.13393e+06	0	0	0	0	0	0	0	0	85	0	0	0	0	0	0	0	
1.13468e+06	0	0	0	0	0	0	0	0	101	0	0	0	0	0	0	0	
1.13543e+06	0	0	0	0	0	0	0	0	79	0	0	0	0	0	0	0	
1.13618e+06	0	0	0	0	0	0	0	0	89	0	0	0	0	0	0	0	
1.13693e+06	0	0	0	0	0	0	0	0	87	0	0	0	0	0	0	0	
1.13768e+06	0	0	0	0	0	0	0	0	95	0	0	0	0	0	0	0	
1.13843e+06	0	0	0	0	0	0	0	0	93	0	0	0	0	0	0	0	
1.13918e+06	0	0	0	0	0	0	0	0	91	0	0	0	0	0	0	0	
1.13993e+06	0	0	0	0	0	0	0	0	91	0	0	0	0	0	0	0	
1.14068e+06	0	0	0	0	0	0	0	0	77	0	0	0	0	0	0	0	
1.14143e+06	0	0	0	0	0	0	0	0	103	0	0	0	0	0	0	0	
1.14218e+06	0	0	0	0	0	0	0	0	91	0	0	0	0	0	0	0	
1.14293e+06	0	0	0	0	0	0	0	0	89	0	0	0	0	0	0	0	
1.14368e+06	0	0	0	0	0	0	0	0	97	0	0	0	0	0	0	0	
1.14442e+06	0	0	0	0	0	0	0	0	103	0	0	0	0	0	0	0	
1.14517e+06	0	0	0	0	0	0	0	0	87	0	0	0	0	0	0	0	
1.14592e+06	0	0	0	0	0	0	0	0	101	0	0	0	0	0	0	0	
1.14667e+06	0	0	0	0	0	0	0	0	97	0	0	0	0	0	0	0	
1.14742e+06	0	0	0	0	0	0	0	0	79	0	0	0	0	0	0	0	
1.14817e+06	0	0	0	0	0	0	0	14	77	0	0	0	0	0	0	0	
1.14892e+06	0	0	0	0	0	0	0	0	85	0	0	0	0	0	0	0	
1.14967e+06	0	0	0	0	0	0	0	0	87	0	0	0	0	0	0	0	
1.15042e+06	0	0	0	0	0	0	0	0	81	0	0	0	0	0	0	0	
1.15117e+06	0	0	0	0	0	0	0	0	85	0	0	0	0	0	0	0	
1.15192e+06	0	0	0	0	0	0	0	0	87	0	0	0	0	0	0	0	
1.15267e+06	0	0	0	0	0	0	0	0	87	0	0	0	0	0	0	0	
1.15342e+06	0	0	0	0	0	0	0	0	81	0	0	0	0	0	0	0	
1.15417e+06	0	0	0	0	0	0	0	0	91	0	0	0	0	0	0	0	
1.15492e+06	0	0	0	0	0	0	0	0	105	0	0	0	0	0	0	0	
1.15567e+06	0	0	0	0	0	0	0	0	91	0	0	0	0	0	0	0	
1.15642e+06	0	0	0	0	0	0	0	0	83	0	0	0	0	0	0	0	
1.15717e+06	0	0	0	0	0	0	0	0	99	0	0	0	0	0	0	0	
1.15792e+06	0	0	0	0	0	0	0	0	97	0	0	0	0	0	0	0	
1.15867e+06	0	0	0	0	0	0	0	0	83	0	0	0	0	0	0	0	
1.15942e+06	0	0	0	0	0	0	0	0	83	0	0	0	0	0	0	0	
1.16017e+06	0	0	0	0	0	0	0	0	101	0	0	0	0	0	0	0	
1.16092e+06	0	0	0	0	0	0	0	0	69	0	0	0	0	0	0	0	
1.16167e+06	0	0	0	0	0	0	0	0	69	0	0	0	0	0	0	0	
1.16242e+06	0	0	0	0	0	0	0	0	95	0	0	0	0	0	0	0	
1.16317e+06	0	0	0	0	0	0	0	0	105	0	0	0	0	0	0	0	
1.16392e+06	0	0	0	0	0	0	0	0	101	0	0	0	0	0	0	0	
1.16467e+06	0	0	0	0	0	0	0	0	85	0	0	0	0	0	0	0	
1.16542e+06	0	0	0	0	0	0	0	0	87	0	0	0	0	0	0	0	
1.16617e+06	0	0	0	0	0	0	0	0	81	0	0	0	0	0	0	0	
1.16692e+06	0	0	0	0	0	0	0	0	93	0	0	0	0	0	0	0	
1.16767e+06	0	0	0	0	0	0	0	0	83	0	0	0	0	0	0	0	
1.16842e+06	0	0	0	0	0	0	0	0	77	0	0	0	0	0	0	0	
1.16917e+06	0	0	0	0	0	0	0	0	109	0	0	0	0	0	0	0	
1.16992e+06	0	0	0	0	0	0	0	0	79	0	0	0	0	0	0	0	
1.17067e+06	0	0	0	0	0	0	0	0	91	0	0	0	0	0	0	0	
1.17142e+06	0	0	0	0	0	0	0	0	89	0	0	0	0	0	0	0	
1.17217e+06	0	0	0	0	0	0	0	0	77	0	0	0	0	0	0	0	
1.17292e+06	0	0	0	0	0	0	0	0	87	0	0	0	0	0	0	0	
1.17367e+06	0	0	0	0	0	0	0	0	73	0	0	0	0	0	0	0	
1.17442e+06	0	0	0	0	0	0	0	0	103	0	0	0	0	0	0	0	
1.17517e+06	0	0	0	0	0	0	0	1	70	0	0	0	0	0	0	0	
1.17592e+06	0	0	0	0	0	0	0	0	81	0	0	0	0	0	0	0	
1.17667e+06	0	0	0	0	0	0	0	0	85	0	0	0	0	0	0	0	
1.17742e+06	0	0	0	0	0	0	0	0	91	0	0	0	0	0	0	0	
1.17817e+06	0	0	0	0	0	0	0	0	0	79	0	0	0	0	0	0	
1.17891e+06	0	0	0	0	0	0	0	0	0	71	0	0	0	0	0	0	
1.17966e+06	0	0	0	0	0	0	0	0	0	0	71	0	0	0	0	0	
1.18041e+06	0	0	0	0	0	0	0	0	0	0	89	0	0	0	0	0	
1.18116e+06	0	0	0	0	0	0	0	0	0	0	0	63	0	0	0	0	
1.18191e+06	0	0	0	0	0	0	0	0	0	0	0	57	0	0	0	0	
1.18266e+06	0	0	0	0	0	0	0	0	0	0	0	63	0	0	0	0	
1.18341e+06	0	0	0	0	0	0	0	0	0	0	0	59	0	0	0	0	
1.18416e+06	0	0	0	0	0	0	0	0	0	0	0	67	0	0	0	0	
1.18491e+06	0	0	0	0	0	0	0	0	0	0	7	74	0	0	0	0	
1.18566e+06	0	0	0	0	0	0	0	0	0	0	71	0	0	0	0	0	
1.18641e+06	0	0	0	0	0	0	0	0	0	0	67	0	0	0	0	0	
1.18716e+06	0	0	0	0	0	0	0	0	0	0	65	0	0	0	0	0	
1.18791e+06	0	0	0	0	0	0	0	0	0	0	77	0	0	0	0	0	
1.18867e+06	0	0	0	0	0	0	0	0	0	0	79	0	0	0	0	0	
1.18942e+06	0	0	0	0	0	0	0	0	0	0	89	0	0	0	0	0	
1.19017e+06	0	0	0	0	0	0	0	0	0	0	61	0	0	0	0	0	
1.19092e+06	0	0	0	0	0	0	0	0	0	0	61	0	0	0	0	0	
1.19167e+06	0	0	0	0	0	0	0	0	0	0	67	0	0	0	0	0	
1.19242e+06	0	0	0	0	0	0	0	0	0	0	75	0	0	0	0	0	
1.19317e+06	0	0	0	0	0	0	0	0	0	0	71	0	0	0	0	0	
1.19392e+06	0	0	0	0	0	0	0	0	0	0	63	0	0	0	0	0	
1.19467e+06	0	0	0	0	0	0	0	0	0	0	73	0	0	0	0	0	
1.19542e+06	0	0	0	0	0	0	0	0	0	0	81	0	0	0	0	0	
1.19617e+06	0	0	0	0	0	0	0	0	0	0	79	0	0	0	0	0	
1.19692e+06	0	0	0	0	0	0	0	0	0	0	79	0	0	0	0	0	
1.19767e+06	0	0	0	0	0	0	0	0	0	0	73	0	0	0	0	0	
1.19842e+06	0	0	0	0	0	0	0	0	0	0	0	79	0	0	0	0	
1.19917e+06	0	0	0	0	0	0	0	0	0	0	0	59	0	0	0	0	
1.19992e+06	0	0	0	0	0	0	0	0	0	0	0	0	69	0	0	0	
1.20067e+06	0	0	0	0	0	0	0	0	0	0	0	0	81	0	0	0	
1.20142e+06	0	0	0	0	0	0	0	0	0	0	0	0	65	0	0	0	
1.20217e+06	0	0	0	0	0	0	0	0	0	0	0	0	69	0	0	0	
1.20292e+06	0	0	0	0	0	0	0	0	0	0	0	0	71	0	0	0	
1.20367e+06	0	0	0	0	0	0	0	0	0	0	0	0	67	0	0	0	
1.20442e+06	0	0	0	0	0	0	0	0	0	0	0	0	67	0	0	0	
1.20517e+06	0	0	0	0	0	0	0	0	0	0	0	0	55	0	0	0	
1.20592e+06	0	0	0	0	0	0	0	0	0	0	0	0	71	0	0	0	
1.20667e+06	0	0	0	0	0	0	0	0	0	0	0	0	59	0	0	0	
1.20742e+06	0	0	0	0	0	0	0	0	0	0	0	0	61	0	0	0	
1.20817e+06	0	0	0	0	0	0	0	0	0	0	0	0	69	0	0	0	
1.20892e+06	0	0	0	0	0	0	0	0	0	0	0	0	81	0	0	0	
1.20967e+06	0	0	0	0	0	0	0	0	0	0	0	0	55	0	0	0	
1.21042e+06	0	0	0	0	0	0	0	0	0	0	0	0	59	0	0	0	
1.21117e+06	0	0	0	0	0	0	0	0	0	0	0	0	59	0	0	0	
1.21192e+06	0	0	0	0	0	0	0	0	0	0	0	0	73	0	0	0	
1.21267e+06	0	0	0	0	0	0	0	0	0	0	0	0	57	0	0	0	
1.21342e+06	0	0	0	0	0	0	0	0	0	0	0	0	75	0	0	0	
1.21418e+06	0	0	0	0	0	0	0	0	0	0	0	0	69	0	0	0	
1.21492e+06	0	0	0	0	0	0	0	0	0	0	0	0	57	0	0	0	
1.21568e+06	0	0	0	0	0	0	0	0	0	0	0	0	57	0	0	0	
1.21643e+06	0	0	0	0	0	0	0	0	0	0	0	0	53	0	0	0	
1.21718e+06	0	0	0	0	0	0	0	0	0	0	0	0	65	0	0	0	
1.21793e+06	0	0	0	0	0	0	0	0	0	0	0	0	55	0	0	0	
1.21868e+06	0	0	0	0	0	0	0	0	0	0	0	0	51	0	0	0	
1.21943e+06	0	0	0	0	0	0	0	0	0	0	0	0	61	0	0	0	
1.22018e+06	0	0	0	0	0	0	0	0	0	0	0	0	71	0	0	0	
1.22093e+06	0	0	0	0	0	0	0	0	0	0	0	57	0	0	0	0	
1.22168e+06	0	0	0	0	0	0	0	0	0	0	0	51	0	0	0	0	
1.22243e+06	0	0	0	0	0	0	0	0	0	0	0	69	0	0	0	0	
1.22318e+06	0	0	0	0	0	0	0	0	0	0	0	65	0	0	0	0	
1.22393e+06	0	0	0	0	0	0	0	0	0	0	0	51	0	0	0	0	
1.22468e+06	0	0	0	0	0	0	0	0	0	0	0	71	0	0	0	0	
1.22543e+06	0	0	0	0	0	0	0	0	0	0	0	57	0	0	0	0	
1.22618e+06	0	0	0	0	0	0	0	0	0	0	0	49	0	0	0	0	
1.22693e+06	0	0	0	0	0	0	0	0	0	0	0	57	0	0	0	0	
1.22768e+06	0	0	0	0	0	0	0	0	0	0	0	69	0	0	0	0	
1.22843e+06	0	0	0	0	0	0	0	0	0	0	0	0	59	0	0	0	
1.22918e+06	0	0	0	0	0	0	0	0	0	0	0	0	61	0	0	0	
1.22993e+06	0	0	0	0	0	0	0	0	0	0	0	0	61	0	0	0	
1.23068e+06	0	0	0	0	0	0	0	0	0	0	0	0	61	0	0	0	
1.23143e+06	0	0	0	0	0	0	0	0	0	0	0	0	61	0	0	0	
1.23218e+06	0	0	0	0	0	0	0	0	0	0	0	0	75	0	0	0	
1.23293e+06	0	0	0	0	0	0	0	0	0	0	0	0	65	0	0	0	
1.23368e+06	0	0	0	0	0	0	0	0	0	0	0	0	61	0	0	0	
1.23443e+06	0	0	0	0	0	0	0	0	0	0	0	0	59	0	0	0	
1.23518e+06	0	0	0	0	0	0	0	0	0	0	0	0	63	0	0	0	
1.23593e+06	0	0	0	0	0	0	0	0	0	0	0	0	63	0	0	0	
1.23668e+06	0	0	0	0	0	0	0	0	0	0	0	0	57	0	0	0	
1.23743e+06	0	0	0	0	0	0	0	0	0	0	0	0	65	0	0	0	
1.23818e+06	0	0	0	0	0	0	0	0	0	0	0	0	59	0	0	0	
1.23893e+06	0	0	0	0	0	0	0	0	0	0	0	0	53	0	0	0	
1.23968e+06	0	0	0	0	0	0	0	0	0	0	0	0	71	0	0	0	
1.24043e+06	0	0	0	0	0	0	0	0	0	0	0	0	83	0	0	0	
1.24118e+06	0	0	0	0	0	0	0	0	0	0	0	0	49	0	0	0	
1.24193e+06	0	0	0	0	0	0	0	0	0	0	0	0	53	0	0	0	
1.24268e+06	0	0	0	0	0	0	0	0	0	0	0	0	57	0	0	0	
1.24342e+06	0	0	0	0	0	0	0	0	0	0	0	0	77	0	0	0	
1.24417e+06	0	0	0	0	0	0	0	0	0	0	0	0	57	0	0	0	
1.24492e+06	0	0	0	0	0	0	0	0	0	0	0	0	59	0	0	0	
1.24567e+06	0	0	0	0	0	0	0	0	0	0	0	0	65	0	0	0	
1.24642e+06	0	0	0	0	0	0	0	0	0	0	0	0	71	0	0	0	
1.24717e+06	0	0	0	0	0	0	0	0	0	0	0	0	55	0	0	0	
1.24792e+06	0	0	0	0	0	0	0	0	0	0	0	0	55	0	0	0	
1.24867e+06	0	0	0	0	0	0	0	0	0	0	0	0	57	0	0	0	
1.24942e+06	0	0	0	0	0	0	0	0	0	0	0	0	69	0	0	0	
1.25017e+06	0	0	0	0	0	0	0	0	0	0	0	0	69	0	0	0	
1.25092e+06	0	0	0	0	0	0	0	0	0	0	0	0	0	45	0	0	
1.25167e+06	0	0	0	0	0	0	0	0	0	0	0	0	63	0	0	0	
1.25242e+06	0	0	0	0	0	0	0	0	0	0	0	0	61	0	0	0	
1.25316e+06	0	0	0	0	0	0	0	0	0	0	0	0	65	0	0	0	
1.25392e+06	0	0	0	0	0	0	0	0	0	0	0	0	75	0	0	0	
1.25466e+06	0	0	0	0	0	0	0	0	0	0	0	0	61	0	0	0	
1.25541e+06	0	0	0	0	0	0	0	0	0	0	0	0	59	0	0	0	
1.25616e+06	0	0	0	0	0	0	0	0	0	0	0	0	61	0	0	0	
1.25691e+06	0	0	0	0	0	0	0	0	0	0	0	0	65	0	0	0	
1.25766e+06	0	0	0	0	0	0	0	0	0	0	0	0	55	0	0	0	
1.25841e+06	0	0	0	0	0	0	0	0	0	0	0	0	61	0	0	0	
1.25916e+06	0	0	0	0	0	0	0	0	0	0	0	0	63	0	0	0	
1.25991e+06	0	0	0	0	0	0	0	0	0	0	0	0	69	0	0	0	
1.26066e+06	0	0	0	0	0	0	0	0	0	0	0	0	65	0	0	0	
1.26141e+06	0	0	0	0	0	0	0	0	0	0	0	0	63	0	0	0	
1.26215e+06	0	0	0	0	0	0	0	0	0	0	0	0	2	41	0	0	
1.2629e+06	0	0	0	0	0	0	0	0	0	0	0	0	63	0	0	0	
1.26365e+06	0	0	0	0	0	0	0	0	0	0	0	0	71	0	0	0	
1.26441e+06	0	0	0	0	0	0	0	0	0	0	0	0	53	0	0	0	
1.26516e+06	0	0	0	0	0	0	0	0	0	0	0	71	0	0	0	0	
1.26591e+06	0	0	0	0	0	0	0	0	0	0	0	0	69	0	0	0	
1.26665e+06	0	0	0	0	0	0	0	0	0	0	0	0	55	0	0	0	
1.2674e+06	0	0	0	0	0	0	0	0	0	0	0	0	61	0	0	0	
1.26815e+06	0	0	0	0	0	0	0	0	0	0	0	0	57	0	0	0	
1.2689e+06	0	0	0	0	0	0	0	0	0	0	0	0	81	0	0	0	
1.26965e+06	0	0	0	0	0	0	0	0	0	0	0	0	61	0	0	0	
1.2704e+06	0	0	0	0	0	0	0	0	0	0	0	0	69	0	0	0	
1.27115e+06	0	0	0	0	0	0	0	0	0	0	0	0	83	0	0	0	
1.2719e+06	0	0	0	0	0	0	0	0	0	0	0	0	57	0	0	0	
1.27265e+06	0	0	0	0	0	0	0	0	0	0	0	0	61	0	0	0	
1.2734e+06	0	0	0	0	0	0	0	0	0	0	0	0	47	0	0	0	
1.27415e+06	0	0	0	0	0	0	0	0	0	0	0	0	49	0	0	0	
1.2749e+06	0	0	0	0	0	0	0	0	0	0	0	0	59	0	0	0	
1.27565e+06	0	0	0	0	0	0	0	0	0	0	0	0	63	0	0	0	
1.2764e+06	0	0	0	0	0	0	0	0	0	0	0	0	65	0	0	0	
1.27715e+06	0	0	0	0	0	0	0	0	0	0	0	0	63	0	0	0	
1.2779e+06	0	0	0	0	0	0	0	0	0	0	0	0	63	0	0	0	
1.27864e+06	0	0	0	0	0	0	0	0	0	0	0	0	81	0	0	0	
1.27939e+06	0	0	0	0	0	0	0	0	0	0	0	0	63	2	0	0	
1.28015e+06	0	0	0	0	0	0	0	0	0	0	0	0	71	0	0	0	
1.2809e+06	0	0	0	0	0	0	0	0	0	0	0	0	61	0	0	0	
1.28165e+06	0	0	0	0	0	0	0	0	0	0	0	0	63	0	0	0	
1.2824e+06	0	0	0	0	0	0	0	0	0	0	0	0	65	0	0	0	
1.28315e+06	0	0	0	0	0	0	0	0	0	0	0	0	67	0	0	0	
1.2839e+06	0	0	0	0	0	0	0	0	0	0	0	0	63	0	0	0	
1.28465e+06	0	0	0	0	0	0	0	0	0	0	0	0	65	0	0	0	
1.2854e+06	0	0	0	0	0	0	0	0	0	0	0	0	55	0	0	0	
1.28615e+06	0	0	0	0	0	0	0	0	0	0	0	0	59	0	0	0	
1.28689e+06	0	0	0	0	0	0	0	0	0	0	0	0	51	0	0	0	
1.28765e+06	0	0	0	0	0	0	0	0	0	0	0	0	59	0	0	0	
1.2884e+06	0	0	0	0	0	0	0	0	0	0	0	0	79	0	0	0	
1.28915e+06	0	0	0	0	0	0	0	0	0	0	0	0	71	0	0	0	
1.2899e+06	0	0	0	0	0	0	0	0	0	0	0	0	53	0	0	0	
1.29065e+06	0	0	0	0	0	0	0	0	0	0	0	0	53	0	0	0	
1.2914e+06	0	0	0	0	0	0	0	0	0	0	0	0	57	0	0	0	
1.29216e+06	0	0	0	0	0	0	0	0	0	0	0	0	67	0	0	0	
1.29291e+06	0	0	0	0	0	0	0	0	0	0	0	0	49	0	0	0	
1.29366e+06	0	0	0	0	0	0	0	0	0	0	0	0	57	0	0	0	
1.29441e+06	0	0	0	0	0	0	0	0	0	0	0	0	61	0	0	0	
1.29516e+06	0	0	0	0	0	0	0	0	0	0	0	0	61	0	0	0	
1.29591e+06	0	0	0	0	0	0	0	0	0	0	0	0	57	0	0	0	
1.29666e+06	0	0	0	0	0	0	0	0	0	0	0	0	57	0	0	0	
1.2974e+06	0	0	0	0	0	0	0	0	0	0	0	2	53	0	0	0	
1.29815e+06	0	0	0	0	0	0	0	0	0	0	0	0	61	0	0	0	
1.29891e+06	0	0	0	0	0	0	0	0	0	0	0	0	53	0	0	0	
1.29965e+06	0	0	0	0	0	0	0	0	0	0	0	0	55	0	0	0	
1.3004e+06	0	0	0	0	0	0	0	0	0	0	0	0	57	0	0	0	
1.30115e+06	0	0	0	0	0	0	0	0	0	0	0	0	59	0	0	0	
1.30191e+06	0	0	0	0	0	0	0	0	0	0	0	0	65	0	0	0	
1.30266e+06	0	0	0	0	0	0	0	0	0	0	0	0	53	0	0	0	
1.3034e+06	0	0	0	0	0	0	0	0	0	0	0	0	51	0	0	0	
1.30415e+06	0	0	0	0	0	0	0	0	0	0	0	0	65	0	0	0	
1.3049e+06	0	0	0	0	0	0	0	0	0	0	0	0	55	0	0	0	
1.30565e+06	0	0	0	0	0	0	0	0	0	0	0	79	0	0	0	0	
1.3064e+06	0	0	0	0	0	0	0	0	0	0	0	0	63	0	0	0	
1.30715e+06	0	0	0	0	0	0	0	0	0	0	0	0	65	0	0	0	
1.3079e+06	0	0	0	0	0	0	0	0	0	0	0	0	57	0	0	0	
1.30865e+06	0	0	0	0	0	0	0	0	0	0	0	0	63	0	0	0	
1.3094e+06	0	0	0	0	0	0	0	0	0	0	0	0	61	0	0	0	
1.31015e+06	0	0	0	0	0	0	0	0	0	0	0	0	47	0	0	0	
1.3109e+06	0	0	0	0	0	0	0	0	0	0	0	0	55	0	0	0	
1.31165e+06	0	0	0	0	0	0	0	0	0	0	0	0	71	0	0	0	
1.3124e+06	0	0	0	0	0	0	0	0	0	0	0	0	53	0	0	0	
1.31316e+06	0	0	0	0	0	0	0	0	0	0	0	0	63	0	0	0	
1.31391e+06	0	0	0	0	0	0	0	0	0	0	0	0	63	0	0	0	
1.31466e+06	0	0	0	0	0	0	0	0	0	0	0	0	49	0	0	0	
1.31541e+06	0	0	0	0	0	0	0	0	0	0	0	0	59	0	0	0	
1.31616e+06	0	0	0	0	0	0	0	0	0	0	0	0	67	0	0	0	
1.31691e+06	0	0	0	0	0	0	0	0	0	0	0	0	71	0	0	0	
1.31766e+06	0	0	0	0	0	0	0	0	0	0	0	0	65	0	0	0	
1.31841e+06	0	0	0	0	0	0	0	0	0	0	0	0	73	0	0	0	
1.31916e+06	0	0	0	0	0	0	0	0	0	0	0	0	73	0	0	0	
1.31991e+06	0	0	0	0	0	0	0	0	0	0	0	0	49	0	0	0	
1.32066e+06	0	0	0	0	0	0	0	0	0	0	0	0	71	0	0	0	
1.32141e+06	0	0	0	0	0	0	0	0	0	0	0	0	55	0	0	0	
1.32216e+06	0	0	0	0	0	0	0	0	0	0	0	0	73	0	0	0	
1.32291e+06	0	0	0	0	0	0	0	0	0	0	0	0	45	0	0	0	
1.32366e+06	0	0	0	0	0	0	0	0	0	0	0	0	47	0	0	0	
1.32441e+06	0	0	0	0	0	0	0	0	0	0	0	0	73	0	0	0	
1.32516e+06	0	0	0	0	0	0	0	0	0	0	0	0	59	0	0	0	
1.32592e+06	0	0	0	0	0	0	0	0	0	0	0	0	55	0	0	0	
1.32667e+06	0	0	0	0	0	0	0	0	0	0	0	0	55	0	0	0	
1.32742e+06	0	0	0	0	0	0	0	0	0	0	0	0	57	0	0	0	
1.32817e+06	0	0	0	0	0	0	0	0	0	0	0	0	65	0	0	0	
1.32892e+06	0	0	0	0	0	0	0	0	0	0	0	0	61	0	0	0	
1.32967e+06	0	0	0	0	0	0	0	0	0	0	0	0	55	0	0	0	
1.33042e+06	0	0	0	0	0	0	0	0	0	0	0	0	63	0	0	0	
1.33118e+06	0	0	0	0	0	0	0	0	0	0	0	0	61	0	0	0	
1.33193e+06	0	0	0	0	0	0	0	0	0	0	0	0	45	0	0	0	
1.33268e+06	0	0	0	0	0	0	0	0	0	0	0	0	57	0	0	0	
1.33343e+06	0	0	0	0	0	0	0	0	0	0	0	0	65	0	0	0	
1.33417e+06	0	0	0	0	0	0	0	0	0	0	0	0	57	0	0	0	
1.33493e+06	0	0	0	0	0	0	0	0	0	0	0	0	61	0	0	0	
1.33568e+06	0	0	0	0	0	0	0	0	0	0	0	0	57	0	0	0	
1.33642e+06	0	0	0	0	0	0	0	0	0	0	0	0	67	0	0	0	
1.33717e+06	0	0	0	0	0	0	0	0	0	0	0	0	57	0	0	0	
1.33792e+06	0	0	0	0	0	0	0	0	0	0	0	0	63	0	0	0	
1.33867e+06	0	0	0	0	0	0	0	0	0	0	0	0	69	0	0	0	
1.33942e+06	0	0	0	0	0	0	0	0	0	0	0	0	65	0	0	0	
1.34018e+06	0	0	0	0	0	0	0	0	0	0	0	0	0	55	0	0	
1.34092e+06	0	0	0	0	0	0	0	0	0	0	0	0	0	65	0	0	
1.34167e+06	0	0	0	0	0	0	0	0	0	0	0	0	0	63	0	0	
1.34242e+06	0	0	0	0	0	0	0	0	0	0	0	0	0	51	0	0	
1.34317e+06	0	0	0	0	0	0	0	0	0	0	0	0	0	45	0	0	
1.34392e+06	0	0	0	0	0	0	0	0	0	0	0	0	0	53	0	0	
1.34467e+06	0	0	0	0	0	0	0	0	0	0	0	0	0	67	0	0	
1.34541e+06	0	0	0	0	0	0	0	0	0	0	0	0	0	59	0	0	
1.34617e+06	0	0	0	0	0	0	0	0	0	0	0	0	0	47	0	0	
1.34692e+06	0	0	0	0	0	0	0	0	0	0	0	0	0	0	61	0	
1.34766e+06	0	0	0	0	0	0	0	0	0	0	0	0	0	57	0	0	
1.34841e+06	0	0	0	0	0	0	0	0	0	0	0	0	0	61	0	0	
1.34917e+06	0	0	0	0	0	0	0	0	0	0	0	0	0	69	0	0	
1.34992e+06	0	0	0	0	0	0	0	0	0	0	0	0	0	51	0	0	
1.35066e+06	0	0	0	0	0	0	0	0	0	0	0	0	0	49	0	0	
1.35141e+06	0	0	0	0	0	0	0	0	0	0	0	0	0	65	0	0	
1.35217e+06	0	0	0	0	0	0	0	0	0	0	0	0	0	0	49	0	
1.35291e+06	0	0	0	0	0	0	0	0	0	0	0	0	0	0	0	53	
1.35367e+06	0	0	0	0	0	0	0	0	0	0	0	0	0	0	0	43	
1.35442e+06	0	0	0	0	0	0	0	0	0	0	0	0	0	0	0	55	
1.35517e+06	0	0	0	0	0	0	0	0	0	0	0	0	0	0	0	45	
1.35592e+06	0	0	0	0	0	0	0	0	0	0	0	0	0	0	0	39	
1.35666e+06	0	0	0	0	0	0	0	0	0	0	0	0	0	0	0	49	
1.35741e+06	0	0	0	0	0	0	0	0	0	0	0	0	0	0	0	39	
1.35816e+06	0	0	0	0	0	0	0	0	0	0	0	0	0	0	0	59	
1.35891e+06	0	0	0	0	0	0	0	0	0	0	0	0	0	0	0	51	
1.35966e+06	0	0	0	0	0	0	0	0	0	0	0	0	0	0	0	47	
1.3604e+06	0	0	0	0	0	0	0	0	0	0	0	0	0	0	0	49	
1.36116e+06	0	0	0	0	0	0	0	0	0	0	0	0	0	0	0	41	
1.3619e+06	0	0	0	0	0	0	0	0	0	0	0	0	0	0	0	49	
1.36266e+06	0	0	0	0	0	0	0	0	0	0	0	0	0	0	0	49	
1.36341e+06	0	0	0	0	0	0	0	0	0	0	0	0	0	0	0	49	
1.36416e+06	0	0	0	0	0	0	0	0	0	0	0	0	0	0	57	0	
1.36491e+06	0	0	0	0	0	0	0	0	0	0	0	0	0	0	55	0	
1.36566e+06	0	0	0	0	0	0	0	0	0	0	0	0	0	0	59	0	
1.36641e+06	0	0	0	0	0	0	0	0	0	0	0	0	0	0	69	0	
1.36716e+06	0	0	0	0	0	0	0	0	0	0	0	0	0	0	57	0	
1.36791e+06	0	0	0	0	0	0	0	0	0	0	0	0	0	0	43	0	
1.36866e+06	0	0	0	0	0	0	0	0	0	0	0	0	0	0	69	0	
1.36941e+06	0	0	0	0	0	0	0	0	0	0	0	0	0	0	49	0	
1.37016e+06	0	0	0	0	0	0	0	0	0	0	0	0	0	0	53	0	
1.37091e+06	0	0	0	0	0	0	0	0	0	0	0	0	0	0	57	0	
1.37166e+06	0	0	0	0	0	0	0	0	0	0	0	0	0	0	49	0	
1.37241e+06	0	0	0	0	0	0	0	0	0	0	0	0	0	0	61	0	
1.37317e+06	0	0	0	0	0	0	0	0	0	0	0	0	0	0	65	0	
1.37392e+06	0	0	0	0	0	0	0	0	0	0	0	0	0	0	57	0	
1.37467e+06	0	0	0	0	0	0	0	0	0	0	0	0	0	0	49	0	
1.37542e+06	0	0	0	0	0	0	0	0	0	0	0	0	0	0	51	0	
1.37617e+06	0	0	0	0	0	0	0	0	0	0	0	0	0	0	47	0	
1.37692e+06	0	0	0	0	0	0	0	0	0	0	0	0	0	0	59	0	
1.37766e+06	0	0	0	0	0	0	0	0	0	0	0	0	0	0	45	0	
1.37841e+06	0	0	0	0	0	0	0	0	0	0	0	0	0	0	53	0	
1.37917e+06	0	0	0	0	0	0	0	0	0	0	0	0	0	0	55	0	
1.37992e+06	0	0	0	0	0	0	0	0	0	0	0	0	0	0	0	39	
1.38067e+06	0	0	0	0	0	0	0	0	0	0	0	0	0	0	0	43	
1.38142e+06	0	0	0	0	0	0	0	0	0	0	0	0	0	0	0	55	
1.38217e+06	0	0	0	0	0	0	0	0	0	0	0	0	0	0	0	49	
1.38292e+06	0	0	0	0	0	0	0	0	0	0	0	0	0	0	0	63	
1.38367e+06	0	0	0	0	0	0	0	0	0	0	0	0	0	0	0	45	
1.38442e+06	0	0	0	0	0	0	0	0	0	0	0	0	0	0	0	41	
1.38517e+06	0	0	0	0	0	0	0	0	0	0	0	0	0	0	57	0	
1.38592e+06	0	0	0	0	0	0	0	0	0	0	0	0	0	0	63	0	
1.38666e+06	0	0	0	0	0	0	0	0	0	0	0	0	0	0	41	0	
1.38741e+06	0	0	0	0	0	0	0	0	0	0	0	0	0	0	53	0	
1.38816e+06	0	0	0	0	0	0	0	0	0	0	0	0	0	0	69	0	
1.38891e+06	0	0	0	0	0	0	0	0	0	0	0	0	0	47	0	0	
1.38966e+06	0	0	0	0	0	0	0	0	0	0	0	0	0	57	0	0	
1.39041e+06	0	0	0	0	0	0	0	0	0	0	0	0	0	69	0	0	
1.39116e+06	0	0	0	0	0	0	0	0	0	0	0	0	0	57	0	0	
1.39191e+06	0	0	0	0	0	0	0	0	0	0	0	0	75	0	0	0	
1.39266e+06	0	0	0	0	0	0	0	0	0	0	0	0	63	0	0	0	
1.39341e+06	0	0	0	0	0	0	0	0	0	0	0	0	59	0	0	0	
1.39416e+06	0	0	0	0	0	0	0	0	0	0	0	0	53	0	0	0	
1.39491e+06	0	0	0	0	0	0	0	0	0	0	0	71	0	0	0	0	
1.39566e+06	0	0	0	0	0	0	0	0	0	0	0	75	0	0	0	0	
1.39641e+06	0	0	0	0	0	0	0	0	0	0	0	79	0	0	0	0	
1.39716e+06	0	0	0	0	0	0	0	0	0	0	0	79	0	0	0	0	
1.39791e+06	0	0	0	0	0	0	0	0	0	0	0	77	0	0	0	0	
1.39867e+06	0	0	0	0	0	0	0	0	0	0	0	73	0	0	0	0	
1.39942e+06	0	0	0	0	0	0	0	0	0	0	71	0	0	0	0	0	
1.40017e+06	0	0	0	0	0	0	0	0	0	0	71	0	0	0	0	0	
1.40092e+06	0	0	0	0	0	0	0	0	0	0	73	0	0	0	0	0	
1.40167e+06	0	0	0	0	0	0	0	0	0	0	99	0	0	0	0	0	
1.40242e+06	0	0	0	0	0	0	0	0	0	0	75	0	0	0	0	0	
1.40317e+06	0	0	0	0	0	0	0	0	0	85	0	0	0	0	0	0	
1.40392e+06	0	0	0	0	0	0	0	0	0	89	0	0	0	0	0	0	
1.40467e+06	0	0	0	0	0	0	0	0	0	85	0	0	0	0	0	0	
1.40542e+06	0	0	0	0	0	0	0	0	0	93	0	0	0	0	0	0	
1.40617e+06	0	0	0	0	0	0	0	0	0	83	0	0	0	0	0	0	
1.40692e+06	0	0	0	0	0	0	0	0	0	79	0	0	0	0	0	0	
1.40767e+06	0	0	0	0	0	0	0	0	83	0	0	0	0	0	0	0	
1.40842e+06	0	0	0	0	0	0	0	0	131	0	0	0	0	0	0	0	
1.40916e+06	0	0	0	0	0	0	0	0	93	0	0	0	0	0	0	0	
1.40991e+06	0	0	0	0	0	0	0	0	71	0	0	0	0	0	0	0	
1.41066e+06	0	0	0	0	0	0	0	0	77	0	0	0	0	0	0	0	
1.41141e+06	0	0	0	0	0	0	0	0	77	0	0	0	0	0	0	0	
1.41216e+06	0	0	0	0	0	0	0	111	0	0	0	0	0	0	0	0	
1.41291e+06	0	0	0	0	0	0	0	115	0	0	0	0	0	0	0	0	
1.41366e+06	0	0	0	0	0	0	0	91	0	0	0	0	0	0	0	0	
1.41441e+06	0	0	0	0	0	0	0	0	91	0	0	0	0	0	0	0	
1.41516e+06	0	0	0	0	0	0	0	0	99	0	0	0	0	0	0	0	
1.4159e+06	0	0	0	0	0	0	0	0	87	0	0	0	0	0	0	0	
1.41665e+06	0	0	0	0	0	0	0	0	89	0	0	0	0	0	0	0	
1.4174e+06	0	0	0	0	0	0	0	0	97	0	0	0	0	0	0	0	
1.41815e+06	0	0	0	0	0	0	0	0	99	0	0	0	0	0	0	0	
1.4189e+06	0	0	0	0	0	0	0	0	81	0	0	0	0	0	0	0	
1.41965e+06	0	0	0	0	0	0	0	0	69	0	0	0	0	0	0	0	
1.4204e+06	0	0	0	0	0	0	0	0	105	0	0	0	0	0	0	0	
1.42115e+06	0	0	0	0	0	0	0	19	68	0	0	0	0	0	0	0	
1.4219e+06	0	0	0	0	0	0	0	0	81	0	0	0	0	0	0	0	
1.42265e+06	0	0	0	0	0	0	0	0	95	0	0	0	0	0	0	0	
1.42341e+06	0	0	0	0	0	0	0	0	87	0	0	0	0	0	0	0	
1.42415e+06	0	0	0	0	0	0	0	0	95	0	0	0	0	0	0	0	
1.4249e+06	0	0	0	0	0	0	0	0	103	0	0	0	0	0	0	0	
1.42565e+06	0	0	0	0	0	0	0	0	85	0	0	0	0	0	0	0	
1.4264e+06	0	0	0	0	0	0	0	0	91	0	0	0	0	0	0	0	
1.42716e+06	0	0	0	0	0	0	0	0	99	0	0	0	0	0	0	0	
1.4279e+06	0	0	0	0	0	0	0	0	89	0	0	0	0	0	0	0	
1.42866e+06	0	0	0	0	0	0	0	0	109	0	0	0	0	0	0	0	
1.42941e+06	0	0	0	0	0	0	0	0	81	0	0	0	0	0	0	0	
1.43016e+06	0	0	0	0	0	0	0	0	83	0	0	0	0	0	0	0	
1.43091e+06	0	0	0	0	0	0	0	0	0	89	0	0	0	0	0	0	
1.43167e+06	0	0	0	0	0	0	0	0	0	75	0	0	0	0	0	0	
1.43242e+06	0	0	0	0	0	0	0	0	0	61	0	0	0	0	0	0	
1.43317e+06	0	0	0	0	0	0	0	0	0	71	0	0	0	0	0	0	
1.43391e+06	0	0	0	0	0	0	0	0	0	83	0	0	0	0	0	0	
1.43466e+06	0	0	0	0	0	0	0	0	0	91	0	0	0	0	0	0	
1.43541e+06	0	0	0	0	0	0	0	0	0	89	0	0	0	0	0	0	
1.43616e+06	0	0	0	0	0	0	0	0	0	83	0	0	0	0	0	0	
1.43691e+06	0	0	0	0	0	0	0	0	0	75	0	0	0	0	0	0	
1.43766e+06	0	0	0	0	0	0	0	0	0	87	0	0	0	0	0	0	
1.43841e+06	0	0	0	0	0	0	0	0	0	83	0	0	0	0	0	0	
1.43916e+06	0	0	0	0	0	0	0	0	0	77	0	0	0	0	0	0	
1.43991e+06	0	0	0	0	0	0	0	0	0	69	0	0	0	0	0	0	
1.44066e+06	0	0	0	0	0	0	0	0	0	89	0	0	0	0	0	0	
1.44141e+06	0	0	0	0	0	0	0	0	0	77	0	0	0	0	0	0	
1.44216e+06	0	0	0	0	0	0	0	0	0	69	0	0	0	0	0	0	
1.44291e+06	0	0	0	0	0	0	0	0	0	71	0	0	0	0	0	0	
1.44366e+06	0	0	0	0	0	0	0	0	0	69	0	0	0	0	0	0	
1.4444e+06	0	0	0	0	0	0	0	0	0	77	0	0	0	0	0	0	
1.44516e+06	0	0	0	0	0	0	0	0	0	97	0	0	0	0	0	0	
1.44591e+06	0	0	0	0	0	0	0	0	0	89	0	0	0	0	0	0	
1.44665e+06	0	0	0	0	0	0	0	0	0	85	0	0	0	0	0	0	
1.44741e+06	0	0	0	0	0	0	0	0	0	0	65	0	0	0	0	0	
1.44816e+06	0	0	0	0	0	0	0	0	0	0	91	0	0	0	0	0	
1.44891e+06	0	0	0	0	0	0	0	0	0	0	71	0	0	0	0	0	
1.44966e+06	0	0	0	0	0	0	0	0	0	0	65	0	0	0	0	0	
1.45041e+06	0	0	0	0	0	0	0	0	0	0	75	0	0	0	0	0	
1.45116e+06	0	0	0	0	0	0	0	0	0	0	87	0	0	0	0	0	
1.45191e+06	0	0	0	0	0	0	0	0	0	0	79	0	0	0	0	0	
1.45266e+06	0	0	0	0	0	0	0	0	0	0	55	0	0	0	0	0	
1.45341e+06	0	0	0	0	0	0	0	0	0	0	59	0	0	0	0	0	
1.45416e+06	0	0	0	0	0	0	0	0	0	0	81	0	0	0	0	0	
1.45491e+06	0	0	0	0	0	0	0	0	0	0	69	0	0	0	0	0	
1.45566e+06	0	0	0	0	0	0	0	0	0	0	77	0	0	0	0	0	
1.4564e+06	0	0	0	0	0	0	0	0	0	0	73	0	0	0	0	0	
1.45715e+06	0	0	0	0	0	0	0	0	0	0	67	0	0	0	0	0	
1.4579e+06	0	0	0	0	0	0	0	0	0	0	61	0	0	0	0	0	
1.45865e+06	0	0	0	0	0	0	0	0	0	0	0	59	0	0	0	0	
1.4594e+06	0	0	0	0	0	0	0	0	0	0	0	69	0	0	0	0	
1.46016e+06	0	0	0	0	0	0	0	0	0	0	0	65	0	0	0	0	
1.46091e+06	0	0	0	0	0	0	0	0	0	0	0	73	0	0	0	0	
1.46165e+06	0	0	0	0	0	0	0	0	0	0	27	40	0	0	0	0	
1.4624e+06	0	0	0	0	0	0	0	0	0	0	73	0	0	0	0	0	
1.46315e+06	0	0	0	0	0	0	0	0	0	0	77	0	0	0	0	0	
1.4639e+06	0	0	0	0	0	0	0	0	0	0	79	0	0	0	0	0	
1.46465e+06	0	0	0	0	0	0	0	0	0	0	79	0	0	0	0	0	
1.4654e+06	0	0	0	0	0	0	0	0	0	0	71	0	0	0	0	0	
1.46614e+06	0	0	0	0	0	0	0	0	0	0	79	0	0	0	0	0	
1.46689e+06	0	0	0	0	0	0	0	0	0	0	65	0	0	0	0	0	
1.46764e+06	0	0	0	0	0	0	0	0	0	0	77	0	0	0	0	0	
1.46839e+06	0	0	0	0	0	0	0	0	0	0	75	0	0	0	0	0	
1.46915e+06	0	0	0	0	0	0	0	0	0	0	61	0	0	0	0	0	
1.4699e+06	0	0	0	0	0	0	0	0	0	0	77	0	0	0	0	0	
1.47065e+06	0	0	0	0	0	0	0	0	0	0	71	0	0	0	0	0	
1.4714e+06	0	0	0	0	0	0	0	0	0	0	67	0	0	0	0	0	
1.47215e+06	0	0	0	0	0	0	0	0	0	0	75	0	0	0	0	0	
1.4729e+06	0	0	0	0	0	0	0	0	0	0	73	0	0	0	0	0	
1.47365e+06	0	0	0	0	0	0	0	0	0	0	75	0	0	0	0	0	
1.4744e+06	0	0	0	0	0	0	0	0	0	0	87	0	0	0	0	0	
1.47515e+06	0	0	0	0	0	0	0	0	0	0	73	0	0	0	0	0	
1.47589e+06	0	0	0	0	0	0	0	0	0	0	79	0	0	0	0	0	
1.47664e+06	0	0	0	0	0	0	0	0	0	0	75	0	0	0	0	0	
1.47739e+06	0	0	0	0	0	0	0	0	0	0	85	0	0	0	0	0	
1.47814e+06	0	0	0	0	0	0	0	0	0	0	69	0	0	0	0	0	
1.4789e+06	0	0	0	0	0	0	0	0	0	0	67	0	0	0	0	0	
1.47964e+06	0	0	0	0	0	0	0	0	0	0	67	0	0	0	0	0	
1.48039e+06	0	0	0	0	0	0	0	0	0	0	71	0	0	0	0	0	
1.48115e+06	0	0	0	0	0	0	0	0	0	0	71	0	0	0	0	0	
1.4819e+06	0	0	0	0	0	0	0	0	0	0	65	0	0	0	0	0	
1.48265e+06	0	0	0	0	0	0	0	0	0	0	77	0	0	0	0	0	
1.48339e+06	0	0	0	0	0	0	0	0	0	0	67	0	0	0	0	0	
1.48415e+06	0	0	0	0	0	0	0	0	0	0	91	0	0	0	0	0	
1.4849e+06	0	0	0	0	0	0	0	0	0	0	83	0	0	0	0	0	
1.48565e+06	0	0	0	0	0	0	0	0	0	0	75	0	0	0	0	0	
1.4864e+06	0	0	0	0	0	0	0	0	0	0	81	0	0	0	0	0	
1.48715e+06	0	0	0	0	0	0	0	0	0	0	63	0	0	0	0	0	
1.4879e+06	0	0	0	0	0	0	0	0	0	0	73	0	0	0	0	0	
1.48865e+06	0	0	0	0	0	0	0	0	0	0	67	0	0	0	0	0	
1.4894e+06	0	0	0	0	0	0	0	0	0	0	91	0	0	0	0	0	
1.49015e+06	0	0	0	0	0	0	0	0	0	0	81	0	0	0	0	0	
1.4909e+06	0	0	0	0	0	0	0	0	0	0	91	0	0	0	0	0	
1.49165e+06	0	0	0	0	0	0	0	0	0	0	81	0	0	0	0	0	
1.4924e+06	0	0	0	0	0	0	0	0	0	0	77	0	0	0	0	0	
1.49315e+06	0	0	0	0	0	0	0	0	0	0	97	0	0	0	0	0	
1.4939e+06	0	0	0	0	0	0	0	0	0	0	77	0	0	0	0	0	
1.49465e+06	0	0	0	0	0	0	0	0	0	0	73	0	0	0	0	0	
1.4954e+06	0	0	0	0	0	0	0	0	0	0	73	0	0	0	0	0	
1.49615e+06	0	0	0	0	0	0	0	0	0	0	61	0	0	0	0	0	
1.4969e+06	0	0	0	0	0	0	0	0	0	0	67	0	0	0	0	0	
1.49765e+06	0	0	0	0	0	0	0	0	0	0	71	0	0	0	0	0	
1.4984e+06	0	0	0	0	0	0	0	0	0	0	55	0	0	0	0	0	
1.49914e+06	0	0	0	0	0	0	0	0	0	0	0	67	0	0	0	0	
1.49989e+06	0	0	0	0	0	0	0	0	0	0	0	51	0	0	0	0	
1.49989e+06	0	0	0	0	0	0	0	0	0	0	0	51	0	0	0	0	
