Time	s0	s1	s2	s3	s4	s5	s6	s7	s8	s9	s10	s11	s12	s13	s14	s15	
0	0	0	0	0	0	0	0	0	0	0	0	0	0	0	0	200	
0.00116712	0	0	0	0	0	0	0	0	0	0	0	0	0	0	0	199	
749.941	0	0	0	0	0	0	0	0	0	0	0	0	0	0	0	49	
1502.29	0	0	0	0	0	0	0	0	0	0	0	0	0	0	0	53	
2252.51	0	0	0	0	0	0	0	0	0	0	0	0	0	0	0	47	
3000.48	0	0	0	0	0	0	0	0	0	0	0	0	0	0	0	53	
3747.46	0	0	0	0	0	0	0	0	0	0	0	0	0	73	0	0	
4496.52	0	0	0	0	0	0	0	0	0	0	0	0	0	61	0	0	
5247.15	0	0	0	0	0	0	0	0	0	0	0	0	0	65	0	0	
5997.59	0	0	0	0	0	0	0	0	0	0	0	0	0	55	0	0	
6749.28	0	0	0	0	0	0	0	0	0	0	0	0	0	57	0	0	
7499.5	0	0	0	0	0	0	0	0	0	0	0	0	0	59	0	0	
8246.78	0	0	0	0	0	0	0	0	0	0	0	0	0	0	41	0	
8997.3	0	0	0	0	0	0	0	0	0	0	0	0	0	0	47	0	
9746.24	0	0	0	0	0	0	0	0	0	0	0	0	0	0	53	0	
10494.1	0	0	0	0	0	0	0	0	0	0	0	0	0	0	53	0	
11244	0	0	0	0	0	0	0	0	0	0	0	0	0	0	57	0	
11996.3	0	0	0	0	0	0	0	0	0	0	0	0	0	0	43	0	
12747	0	0	0	0	0	0	0	0	0	0	0	0	0	0	47	0	
13496.3	0	0	0	0	0	0	0	0	0	0	0	0	0	0	49	0	
14248.2	0	0	0	0	0	0	0	0	0	0	0	0	0	0	55	0	
14996.4	0	0	0	0	0	0	0	0	0	0	0	0	0	61	0	0	
15749.1	0	0	0	0	0	0	0	0	0	0	0	0	0	57	0	0	
16501.7	0	0	0	0	0	0	0	0	0	0	0	0	0	53	0	0	
17251.1	0	0	0	0	0	0	0	0	0	0	0	0	0	63	0	0	
18002.6	0	0	0	0	0	0	0	0	0	0	0	0	0	53	0	0	
18752.1	0	0	0	0	0	0	0	0	0	0	0	0	0	67	0	0	
19502.8	0	0	0	0	0	0	0	0	0	0	0	0	0	53	0	0	
20253	0	0	0	0	0	0	0	0	0	0	0	0	0	73	0	0	
21007	0	0	0	0	0	0	0	0	0	0	0	0	0	61	0	0	
21757	0	0	0	0	0	0	0	0	0	0	0	0	0	51	0	0	
22508.4	0	0	0	0	0	0	0	0	0	0	0	0	0	61	0	0	
23258.3	0	0	0	0	0	0	0	0	0	0	0	0	61	0	0	0	
24004.9	0	0	0	0	0	0	0	0	0	0	0	0	51	0	0	0	
24754.9	0	0	0	0	0	0	0	0	0	0	0	0	63	0	0	0	
25500.4	0	0	0	0	0	0	0	0	0	0	0	0	77	0	0	0	
26250.7	0	0	0	0	0	0	0	0	0	0	0	0	51	0	0	0	
26998.9	0	0	0	0	0	0	0	0	0	0	0	0	79	0	0	0	
27752.4	0	0	0	0	0	0	0	0	0	0	0	0	61	0	0	0	
28500.6	0	0	0	0	0	0	0	0	0	0	0	0	61	0	0	0	
29251.3	0	0	0	0	0	0	0	0	0	0	0	73	0	0	0	0	
30002.4	0	0	0	0	0	0	0	0	0	0	0	65	0	0	0	0	
30751.1	0	0	0	0	0	0	0	0	0	0	0	69	0	0	0	0	
31502.3	0	0	0	0	0	0	0	0	0	0	0	59	0	0	0	0	
32254.6	0	0	0	0	0	0	0	0	0	0	0	61	0	0	0	0	
33005.7	0	0	0	0	0	0	0	0	0	0	0	75	0	0	0	0	
33757.3	0	0	0	0	0	0	0	0	0	0	0	63	0	0	0	0	
34508.9	0	0	0	0	0	0	0	0	0	0	0	61	0	0	0	0	
35259.1	0	0	0	0	0	0	0	0	0	0	0	57	0	0	0	0	
36007.8	0	0	0	0	0	0	0	0	0	0	69	0	0	0	0	0	
36757.9	0	0	0	0	0	0	0	0	0	0	75	0	0	0	0	0	
37507.7	0	0	0	0	0	0	0	0	0	0	85	0	0	0	0	0	
38261.1	0	0	0	0	0	0	0	0	0	0	83	0	0	0	0	0	
39010.7	0	0	0	0	0	0	0	0	0	0	65	0	0	0	0	0	
39760	0	0	0	0	0	0	0	0	0	0	83	0	0	0	0	0	
40513.1	0	0	0	0	0	0	0	0	0	0	67	0	0	0	0	0	
41266.1	0	0	0	0	0	0	0	0	0	0	83	0	0	0	0	0	
42016.9	0	0	0	0	0	0	0	0	0	0	75	0	0	0	0	0	
42765.4	0	0	0	0	0	0	0	0	0	0	81	0	0	0	0	0	
43514	0	0	0	0	0	0	0	0	0	0	65	0	0	0	0	0	
44265.3	0	0	0	0	0	0	0	0	0	0	67	0	0	0	0	0	
45015.2	0	0	0	0	0	0	0	0	0	0	83	0	0	0	0	0	
45764.2	0	0	0	0	0	0	0	0	0	5	66	0	0	0	0	0	
46513.7	0	0	0	0	0	0	0	0	0	0	63	0	0	0	0	0	
47263.9	0	0	0	0	0	0	0	0	0	0	79	0	0	0	0	0	
48013.4	0	0	0	0	0	0	0	0	0	0	79	0	0	0	0	0	
48762.8	0	0	0	0	0	0	0	0	0	0	75	0	0	0	0	0	
49512.3	0	0	0	0	0	0	0	0	0	0	71	0	0	0	0	0	
50265.5	0	0	0	0	0	0	0	0	0	0	77	0	0	0	0	0	
51013.8	0	0	0	0	0	0	0	0	0	0	0	73	0	0	0	0	
51764.6	0	0	0	0	0	0	0	0	0	0	0	65	0	0	0	0	
52513.7	0	0	0	0	0	0	0	0	0	0	0	63	0	0	0	0	
53266.8	0	0	0	0	0	0	0	0	0	0	0	69	0	0	0	0	
54015.5	0	0	0	0	0	0	0	0	0	0	0	65	0	0	0	0	
54764.4	0	0	0	0	0	0	0	0	0	0	0	0	63	0	0	0	
55517.3	0	0	0	0	0	0	0	0	0	0	0	0	61	0	0	0	
56271.1	0	0	0	0	0	0	0	0	0	0	0	0	65	0	0	0	
57020.2	0	0	0	0	0	0	0	0	0	0	0	0	61	0	0	0	
57769.9	0	0	0	0	0	0	0	0	0	0	0	0	65	0	0	0	
58521.9	0	0	0	0	0	0	0	0	0	0	0	67	0	0	0	0	
59272.1	0	0	0	0	0	0	0	0	0	0	0	63	0	0	0	0	
60021.8	0	0	0	0	0	0	0	0	0	0	0	67	0	0	0	0	
60772.1	0	0	0	0	0	0	0	0	0	0	0	61	0	0	0	0	
61520.6	0	0	0	0	0	0	0	0	0	0	0	65	0	0	0	0	
62270.8	0	0	0	0	0	0	0	0	0	0	0	65	0	0	0	0	
63020.9	0	0	0	0	0	0	0	0	0	0	0	57	0	0	0	0	
63770.9	0	0	0	0	0	0	0	0	0	0	0	59	0	0	0	0	
64519.3	0	0	0	0	0	0	0	0	0	0	0	71	0	0	0	0	
65265.9	0	0	0	0	0	0	0	0	0	0	0	71	0	0	0	0	
66016.7	0	0	0	0	0	0	0	0	0	0	0	67	0	0	0	0	
66767.7	0	0	0	0	0	0	0	0	0	0	0	0	65	0	0	0	
67517	0	0	0	0	0	0	0	0	0	0	0	0	57	0	0	0	
68270.4	0	0	0	0	0	0	0	0	0	0	0	0	69	0	0	0	
69019.8	0	0	0	0	0	0	0	0	0	0	0	0	65	0	0	0	
69767.6	0	0	0	0	0	0	0	0	0	0	0	71	0	0	0	0	
70518.9	0	0	0	0	0	0	0	0	0	0	0	73	0	0	0	0	
71265.7	0	0	0	0	0	0	0	0	0	0	0	75	0	0	0	0	
72014.9	0	0	0	0	0	0	0	0	0	0	0	67	0	0	0	0	
72767	0	0	0	0	0	0	0	0	0	0	0	67	0	0	0	0	
73519	0	0	0	0	0	0	0	0	0	0	0	69	0	0	0	0	
74272	0	0	0	0	0	0	0	0	0	0	0	89	0	0	0	0	
75017.8	0	0	0	0	0	0	0	0	0	0	0	79	0	0	0	0	
75767.7	0	0	0	0	0	0	0	0	0	0	0	57	0	0	0	0	
76520.6	0	0	0	0	0	0	0	0	0	0	67	0	0	0	0	0	
77269.7	0	0	0	0	0	0	0	0	0	0	73	0	0	0	0	0	
78021.2	0	0	0	0	0	0	0	0	0	0	69	0	0	0	0	0	
78771.9	0	0	0	0	0	0	0	0	0	0	75	0	0	0	0	0	
79520	0	0	0	0	0	0	0	0	0	0	73	0	0	0	0	0	
80270.5	0	0	0	0	0	0	0	0	0	0	53	0	0	0	0	0	
81020.1	0	0	0	0	0	0	0	0	0	0	75	0	0	0	0	0	
81770	0	0	0	0	0	0	0	0	0	0	69	0	0	0	0	0	
82520.3	0	0	0	0	0	0	0	0	0	0	71	0	0	0	0	0	
83267.8	0	0	0	0	0	0	0	0	0	0	85	0	0	0	0	0	
84016.9	0	0	0	0	0	0	0	0	0	0	89	0	0	0	0	0	
84766.1	0	0	0	0	0	0	0	0	0	0	71	0	0	0	0	0	
85514.8	0	0	0	0	0	0	0	0	0	0	59	0	0	0	0	0	
86265.8	0	0	0	0	0	0	0	0	0	0	75	0	0	0	0	0	
87018.4	0	0	0	0	0	0	0	0	0	0	0	75	0	0	0	0	
87768.2	0	0	0	0	0	0	0	0	0	0	0	61	0	0	0	0	
88516.8	0	0	0	0	0	0	0	0	0	0	0	65	0	0	0	0	
89267.3	0	0	0	0	0	0	0	0	0	0	0	63	0	0	0	0	
90019.1	0	0	0	0	0	0	0	0	0	0	0	65	0	0	0	0	
90770.2	0	0	0	0	0	0	0	0	0	0	0	67	0	0	0	0	
91520.6	0	0	0	0	0	0	0	0	0	0	0	71	0	0	0	0	
92270.5	0	0	0	0	0	0	0	0	0	0	0	75	0	0	0	0	
93020.1	0	0	0	0	0	0	0	0	0	0	0	77	0	0	0	0	
93766.9	0	0	0	0	0	0	0	0	0	0	0	71	0	0	0	0	
94515.7	0	0	0	0	0	0	0	0	0	0	0	75	0	0	0	0	
95268.9	0	0	0	0	0	0	0	0	0	0	0	63	0	0	0	0	
96020.4	0	0	0	0	0	0	0	0	0	0	0	65	0	0	0	0	
96769.9	0	0	0	0	0	0	0	0	0	0	0	67	0	0	0	0	
97518.2	0	0	0	0	0	0	0	0	0	0	0	45	0	0	0	0	
98266.4	0	0	0	0	0	0	0	0	0	0	0	59	0	0	0	0	
99017.6	0	0	0	0	0	0	0	0	0	0	73	0	0	0	0	0	
99768.1	0	0	0	0	0	0	0	0	0	0	71	0	0	0	0	0	
100520	0	0	0	0	0	0	0	0	0	0	83	0	0	0	0	0	
101274	0	0	0	0	0	0	0	0	0	0	87	0	0	0	0	0	
102024	0	0	0	0	0	0	0	0	0	0	79	0	0	0	0	0	
102774	0	0	0	0	0	0	0	0	0	0	0	59	0	0	0	0	
103519	0	0	0	0	0	0	0	0	0	3	78	0	0	0	0	0	
104271	0	0	0	0	0	0	0	0	0	0	65	0	0	0	0	0	
105022	0	0	0	0	0	0	0	0	0	0	85	0	0	0	0	0	
105773	0	0	0	0	0	0	0	0	0	54	15	0	0	0	0	0	
106522	0	0	0	0	0	0	0	0	0	79	0	0	0	0	0	0	
107270	0	0	0	0	0	0	0	0	0	57	0	0	0	0	0	0	
108018	0	0	0	0	0	0	0	0	0	77	0	0	0	0	0	0	
108769	0	0	0	0	0	0	0	0	0	69	0	0	0	0	0	0	
109521	0	0	0	0	0	0	0	0	0	87	0	0	0	0	0	0	
110271	0	0	0	0	0	0	0	0	0	77	0	0	0	0	0	0	
111020	0	0	0	0	0	0	0	0	0	67	0	0	0	0	0	0	
111772	0	0	0	0	0	0	0	0	0	85	0	0	0	0	0	0	
112524	0	0	0	0	0	0	0	0	0	71	0	0	0	0	0	0	
113277	0	0	0	0	0	0	0	0	0	87	0	0	0	0	0	0	
114025	0	0	0	0	0	0	0	0	0	83	0	0	0	0	0	0	
114775	0	0	0	0	0	0	0	0	0	81	0	0	0	0	0	0	
115525	0	0	0	0	0	0	0	0	0	81	0	0	0	0	0	0	
116275	0	0	0	0	0	0	0	0	0	89	0	0	0	0	0	0	
117028	0	0	0	0	0	0	0	0	0	75	0	0	0	0	0	0	
117776	0	0	0	0	0	0	0	0	0	89	0	0	0	0	0	0	
118527	0	0	0	0	0	0	0	0	0	93	0	0	0	0	0	0	
119277	0	0	0	0	0	0	0	0	0	91	0	0	0	0	0	0	
120026	0	0	0	0	0	0	0	0	0	61	0	0	0	0	0	0	
120776	0	0	0	0	0	0	0	0	0	0	81	0	0	0	0	0	
121528	0	0	0	0	0	0	0	0	0	0	77	0	0	0	0	0	
122277	0	0	0	0	0	0	0	0	0	0	73	0	0	0	0	0	
123026	0	0	0	0	0	0	0	0	0	0	77	0	0	0	0	0	
123774	0	0	0	0	0	0	0	0	0	0	63	0	0	0	0	0	
124523	0	0	0	0	0	0	0	0	0	0	75	0	0	0	0	0	
125272	0	0	0	0	0	0	0	0	0	0	73	0	0	0	0	0	
126023	0	0	0	0	0	0	0	0	0	0	79	0	0	0	0	0	
126775	0	0	0	0	0	0	0	0	0	0	77	0	0	0	0	0	
127522	0	0	0	0	0	0	0	0	0	0	71	0	0	0	0	0	
128275	0	0	0	0	0	0	0	0	0	0	61	0	0	0	0	0	
129024	0	0	0	0	0	0	0	0	0	0	85	0	0	0	0	0	
129773	0	0	0	0	0	0	0	0	0	0	73	0	0	0	0	0	
130525	0	0	0	0	0	0	0	0	0	0	71	0	0	0	0	0	
131276	0	0	0	0	0	0	0	0	0	0	61	0	0	0	0	0	
132028	0	0	0	0	0	0	0	0	0	0	73	0	0	0	0	0	
132778	0	0	0	0	0	0	0	0	0	0	69	0	0	0	0	0	
133527	0	0	0	0	0	0	0	0	0	0	73	0	0	0	0	0	
134279	0	0	0	0	0	0	0	0	0	0	81	0	0	0	0	0	
135028	0	0	0	0	0	0	0	0	0	0	73	0	0	0	0	0	
135780	0	0	0	0	0	0	0	0	0	0	85	0	0	0	0	0	
136527	0	0	0	0	0	0	0	0	0	0	67	0	0	0	0	0	
137276	0	0	0	0	0	0	0	0	0	0	61	0	0	0	0	0	
138029	0	0	0	0	0	0	0	0	0	0	95	0	0	0	0	0	
138779	0	0	0	0	0	0	0	0	0	0	81	0	0	0	0	0	
139527	0	0	0	0	0	0	0	0	0	0	0	73	0	0	0	0	
140278	0	0	0	0	0	0	0	0	0	0	0	61	0	0	0	0	
141031	0	0	0	0	0	0	0	0	0	0	0	71	0	0	0	0	
141783	0	0	0	0	0	0	0	0	0	0	0	63	0	0	0	0	
142533	0	0	0	0	0	0	0	0	0	0	0	79	0	0	0	0	
143280	0	0	0	0	0	0	0	0	0	0	0	55	0	0	0	0	
144030	0	0	0	0	0	0	0	0	0	0	0	69	0	0	0	0	
144779	0	0	0	0	0	0	0	0	0	0	0	57	0	0	0	0	
145528	0	0	0	0	0	0	0	0	0	0	0	65	0	0	0	0	
146277	0	0	0	0	0	0	0	0	0	0	0	69	0	0	0	0	
147025	0	0	0	0	0	0	0	0	0	0	0	85	0	0	0	0	
147777	0	0	0	0	0	0	0	0	0	0	0	61	0	0	0	0	
148525	0	0	0	0	0	0	0	0	0	0	0	61	0	0	0	0	
149275	0	0	0	0	0	0	0	0	0	0	0	0	49	0	0	0	
150024	0	0	0	0	0	0	0	0	0	0	0	0	65	0	0	0	
150772	0	0	0	0	0	0	0	0	0	0	0	0	53	0	0	0	
151524	0	0	0	0	0	0	0	0	0	0	0	0	59	0	0	0	
152273	0	0	0	0	0	0	0	0	0	0	0	63	0	0	0	0	
153025	0	0	0	0	0	0	0	0	0	0	0	57	0	0	0	0	
153773	0	0	0	0	0	0	0	0	0	0	0	71	0	0	0	0	
154523	0	0	0	0	0	0	0	0	0	0	0	71	0	0	0	0	
155269	0	0	0	0	0	0	0	0	0	0	0	63	0	0	0	0	
156020	0	0	0	0	0	0	0	0	0	0	0	79	0	0	0	0	
156770	0	0	0	0	0	0	0	0	0	0	0	75	0	0	0	0	
157519	0	0	0	0	0	0	0	0	0	0	0	65	0	0	0	0	
158272	0	0	0	0	0	0	0	0	0	0	0	73	0	0	0	0	
159020	0	0	0	0	0	0	0	0	0	0	0	65	0	0	0	0	
159771	0	0	0	0	0	0	0	0	0	0	0	77	0	0	0	0	
160522	0	0	0	0	0	0	0	0	0	0	0	71	0	0	0	0	
161276	0	0	0	0	0	0	0	0	0	0	0	81	0	0	0	0	
162024	0	0	0	0	0	0	0	0	0	0	0	69	0	0	0	0	
162774	0	0	0	0	0	0	0	0	0	0	0	65	0	0	0	0	
163524	0	0	0	0	0	0	0	0	0	0	0	69	0	0	0	0	
164275	0	0	0	0	0	0	0	0	0	0	0	67	0	0	0	0	
165024	0	0	0	0	0	0	0	0	0	0	0	63	0	0	0	0	
165776	0	0	0	0	0	0	0	0	0	0	0	63	0	0	0	0	
166527	0	0	0	0	0	0	0	0	0	0	0	61	0	0	0	0	
167276	0	0	0	0	0	0	0	0	0	0	0	69	0	0	0	0	
168026	0	0	0	0	0	0	0	0	0	0	0	55	0	0	0	0	
168778	0	0	0	0	0	0	0	0	0	0	0	69	0	0	0	0	
169527	0	0	0	0	0	0	0	0	0	0	0	63	0	0	0	0	
170277	0	0	0	0	0	0	0	0	0	0	0	65	0	0	0	0	
171025	0	0	0	0	0	0	0	0	0	0	0	71	0	0	0	0	
171778	0	0	0	0	0	0	0	0	0	0	0	59	0	0	0	0	
172526	0	0	0	0	0	0	0	0	0	0	0	53	0	0	0	0	
173276	0	0	0	0	0	0	0	0	0	0	0	57	0	0	0	0	
174028	0	0	0	0	0	0	0	0	0	0	0	57	0	0	0	0	
174778	0	0	0	0	0	0	0	0	0	0	0	63	0	0	0	0	
175530	0	0	0	0	0	0	0	0	0	0	0	61	0	0	0	0	
176280	0	0	0	0	0	0	0	0	0	0	0	75	0	0	0	0	
177028	0	0	0	0	0	0	0	0	0	0	0	65	0	0	0	0	
177777	0	0	0	0	0	0	0	0	0	0	0	55	0	0	0	0	
178528	0	0	0	0	0	0	0	0	0	0	0	55	0	0	0	0	
179280	0	0	0	0	0	0	0	0	0	0	0	0	53	0	0	0	
180029	0	0	0	0	0	0	0	0	0	0	0	0	57	0	0	0	
180777	0	0	0	0	0	0	0	0	0	0	0	0	75	0	0	0	
181527	0	0	0	0	0	0	0	0	0	0	0	0	61	0	0	0	
182279	0	0	0	0	0	0	0	0	0	0	0	0	61	0	0	0	
183029	0	0	0	0	0	0	0	0	0	0	0	0	55	0	0	0	
183779	0	0	0	0	0	0	0	0	0	0	0	0	47	0	0	0	
184531	0	0	0	0	0	0	0	0	0	0	0	0	63	0	0	0	
185281	0	0	0	0	0	0	0	0	0	0	0	0	63	0	0	0	
186033	0	0	0	0	0	0	0	0	0	0	0	0	59	0	0	0	
186782	0	0	0	0	0	0	0	0	0	0	0	0	73	0	0	0	
187532	0	0	0	0	0	0	0	0	0	0	0	0	55	0	0	0	
188282	0	0	0	0	0	0	0	0	0	0	0	0	53	0	0	0	
189031	0	0	0	0	0	0	0	0	0	0	0	0	73	0	0	0	
189782	0	0	0	0	0	0	0	0	0	0	0	0	57	0	0	0	
190533	0	0	0	0	0	0	0	0	0	0	0	0	0	63	0	0	
191282	0	0	0	0	0	0	0	0	0	0	0	0	0	51	0	0	
192031	0	0	0	0	0	0	0	0	0	0	0	0	55	0	0	0	
192780	0	0	0	0	0	0	0	0	0	0	0	0	65	0	0	0	
193531	0	0	0	0	0	0	0	0	0	0	0	0	69	0	0	0	
194279	0	0	0	0	0	0	0	0	0	0	0	0	63	0	0	0	
195029	0	0	0	0	0	0	0	0	0	0	0	0	73	0	0	0	
195778	0	0	0	0	0	0	0	0	0	0	0	0	59	0	0	0	
196528	0	0	0	0	0	0	0	0	0	0	0	0	55	0	0	0	
197277	0	0	0	0	0	0	0	0	0	0	0	0	69	0	0	0	
198026	0	0	0	0	0	0	0	0	0	0	0	0	65	0	0	0	
198774	0	0	0	0	0	0	0	0	0	0	0	0	51	0	0	0	
199522	0	0	0	0	0	0	0	0	0	0	0	0	65	0	0	0	
200271	0	0	0	0	0	0	0	0	0	0	0	0	63	0	0	0	
201023	0	0	0	0	0	0	0	0	0	0	0	0	69	0	0	0	
201772	0	0	0	0	0	0	0	0	0	0	0	0	57	0	0	0	
202520	0	0	0	0	0	0	0	0	0	0	0	0	67	0	0	0	
203272	0	0	0	0	0	0	0	0	0	0	0	0	0	55	0	0	
204024	0	0	0	0	0	0	0	0	0	0	0	0	0	47	0	0	
204775	0	0	0	0	0	0	0	0	0	0	0	0	0	59	0	0	
205526	0	0	0	0	0	0	0	0	0	0	0	0	0	59	0	0	
206272	0	0	0	0	0	0	0	0	0	0	0	0	0	65	0	0	
207020	0	0	0	0	0	0	0	0	0	0	0	0	0	51	0	0	
207772	0	0	0	0	0	0	0	0	0	0	0	0	0	69	0	0	
208522	0	0	0	0	0	0	0	0	0	0	0	0	0	55	0	0	
209272	0	0	0	0	0	0	0	0	0	0	0	0	0	0	65	0	
210025	0	0	0	0	0	0	0	0	0	0	0	0	0	0	0	45	
210774	0	0	0	0	0	0	0	0	0	0	0	0	0	0	0	43	
211523	0	0	0	0	0	0	0	0	0	0	0	0	0	0	0	57	
212270	0	0	0	0	0	0	0	0	0	0	0	0	0	0	0	53	
213020	0	0	0	0	0	0	0	0	0	0	0	0	0	0	0	51	
213768	0	0	0	0	0	0	0	0	0	0	0	0	0	0	0	55	
214517	0	0	0	0	0	0	0	0	0	0	0	0	0	0	0	51	
215269	0	0	0	0	0	0	0	0	0	0	0	0	0	0	0	49	
216020	0	0	0	0	0	0	0	0	0	0	0	0	0	0	0	49	
216770	0	0	0	0	0	0	0	0	0	0	0	0	0	0	0	63	
217520	0	0	0	0	0	0	0	0	0	0	0	0	0	0	0	47	
218271	0	0	0	0	0	0	0	0	0	0	0	0	0	0	0	57	
219024	0	0	0	0	0	0	0	0	0	0	0	0	0	0	0	57	
219773	0	0	0	0	0	0	0	0	0	0	0	0	0	0	0	53	
220522	0	0	0	0	0	0	0	0	0	0	0	0	0	0	0	47	
221271	0	0	0	0	0	0	0	0	0	0	0	0	0	0	0	47	
222023	0	0	0	0	0	0	0	0	0	0	0	0	0	0	0	49	
222775	0	0	0	0	0	0	0	0	0	0	0	0	0	0	0	47	
223524	0	0	0	0	0	0	0	0	0	0	0	0	0	0	0	57	
224273	0	0	0	0	0	0	0	0	0	0	0	0	0	0	0	51	
225020	0	0	0	0	0	0	0	0	0	0	0	0	0	0	0	53	
225770	0	0	0	0	0	0	0	0	0	0	0	0	0	0	0	47	
226520	0	0	0	0	0	0	0	0	0	0	0	0	0	0	0	53	
227274	0	0	0	0	0	0	0	0	0	0	0	0	0	0	0	41	
228026	0	0	0	0	0	0	0	0	0	0	0	0	0	0	0	39	
228775	0	0	0	0	0	0	0	0	0	0	0	0	0	0	0	45	
229522	0	0	0	0	0	0	0	0	0	0	0	0	0	0	0	47	
230272	0	0	0	0	0	0	0	0	0	0	0	0	0	0	0	49	
231024	0	0	0	0	0	0	0	0	0	0	0	0	0	0	0	43	
231775	0	0	0	0	0	0	0	0	0	0	0	0	0	0	0	47	
232521	0	0	0	0	0	0	0	0	0	0	0	0	0	0	0	53	
233272	0	0	0	0	0	0	0	0	0	0	0	0	0	0	0	41	
234020	0	0	0	0	0	0	0	0	0	0	0	0	0	0	0	37	
234770	0	0	0	0	0	0	0	0	0	0	0	0	0	0	0	61	
235518	0	0	0	0	0	0	0	0	0	0	0	0	0	0	0	57	
236268	0	0	0	0	0	0	0	0	0	0	0	0	0	0	0	45	
237014	0	0	0	0	0	0	0	0	0	0	0	0	0	0	0	49	
237762	0	0	0	0	0	0	0	0	0	0	0	0	0	0	0	47	
238511	0	0	0	0	0	0	0	0	0	0	0	0	0	0	0	49	
239261	0	0	0	0	0	0	0	0	0	0	0	0	0	0	53	0	
240010	0	0	0	0	0	0	0	0	0	0	0	0	0	0	57	0	
240759	0	0	0	0	0	0	0	0	0	0	0	0	0	0	61	0	
241510	0	0	0	0	0	0	0	0	0	0	0	0	0	0	57	0	
242257	0	0	0	0	0	0	0	0	0	0	0	0	0	0	59	0	
243003	0	0	0	0	0	0	0	0	0	0	0	0	0	49	0	0	
243751	0	0	0	0	0	0	0	0	0	0	0	0	0	67	0	0	
244501	0	0	0	0	0	0	0	0	0	0	0	0	0	0	49	0	
245255	0	0	0	0	0	0	0	0	0	0	0	0	0	0	49	0	
246007	0	0	0	0	0	0	0	0	0	0	0	0	0	0	55	0	
246756	0	0	0	0	0	0	0	0	0	0	0	0	0	0	53	0	
247505	0	0	0	0	0	0	0	0	0	0	0	0	0	0	41	0	
248254	0	0	0	0	0	0	0	0	0	0	0	0	0	0	63	0	
249005	0	0	0	0	0	0	0	0	0	0	0	0	0	0	53	0	
249758	0	0	0	0	0	0	0	0	0	0	0	0	0	0	67	0	
250513	0	0	0	0	0	0	0	0	0	0	0	0	0	0	57	0	
251261	0	0	0	0	0	0	0	0	0	0	0	0	0	0	57	0	
252012	0	0	0	0	0	0	0	0	0	0	0	0	0	0	65	0	
252761	0	0	0	0	0	0	0	0	0	0	0	0	0	0	55	0	
253511	0	0	0	0	0	0	0	0	0	0	0	0	0	0	45	0	
254260	0	0	0	0	0	0	0	0	0	0	0	0	0	0	0	51	
255005	0	0	0	0	0	0	0	0	0	0	0	0	0	0	0	57	
255755	0	0	0	0	0	0	0	0	0	0	0	0	0	0	0	45	
256504	0	0	0	0	0	0	0	0	0	0	0	0	0	0	0	41	
257255	0	0	0	0	0	0	0	0	0	0	0	0	0	0	45	0	
258004	0	0	0	0	0	0	0	0	0	0	0	0	0	0	59	0	
258756	0	0	0	0	0	0	0	0	0	0	0	0	0	0	55	0	
259506	0	0	0	0	0	0	0	0	0	0	0	0	0	0	59	0	
260255	0	0	0	0	0	0	0	0	0	0	0	0	0	0	49	0	
261005	0	0	0	0	0	0	0	0	0	0	0	0	0	0	49	0	
261756	0	0	0	0	0	0	0	0	0	0	0	0	0	0	55	0	
262504	0	0	0	0	0	0	0	0	0	0	0	0	0	0	55	0	
263251	0	0	0	0	0	0	0	0	0	0	0	0	0	0	55	0	
264001	0	0	0	0	0	0	0	0	0	0	0	0	0	0	63	0	
264748	0	0	0	0	0	0	0	0	0	0	0	0	0	0	51	0	
265503	0	0	0	0	0	0	0	0	0	0	0	0	0	0	0	47	
266253	0	0	0	0	0	0	0	0	0	0	0	0	0	0	0	53	
267002	0	0	0	0	0	0	0	0	0	0	0	0	0	0	0	45	
267750	0	0	0	0	0	0	0	0	0	0	0	0	0	0	0	51	
268501	0	0	0	0	0	0	0	0	0	0	0	0	0	0	0	41	
269250	0	0	0	0	0	0	0	0	0	0	0	0	0	0	0	43	
269999	0	0	0	0	0	0	0	0	0	0	0	0	0	0	0	49	
270749	0	0	0	0	0	0	0	0	0	0	0	0	0	0	0	55	
271498	0	0	0	0	0	0	0	0	0	0	0	0	0	0	0	49	
272244	0	0	0	0	0	0	0	0	0	0	0	0	0	0	0	41	
272995	0	0	0	0	0	0	0	0	0	0	0	0	0	0	0	45	
273744	0	0	0	0	0	0	0	0	0	0	0	0	0	0	0	49	
274496	0	0	0	0	0	0	0	0	0	0	0	0	0	0	0	59	
275243	0	0	0	0	0	0	0	0	0	0	0	0	0	0	0	51	
275991	0	0	0	0	0	0	0	0	0	0	0	0	0	0	0	43	
276740	0	0	0	0	0	0	0	0	0	0	0	0	0	0	0	49	
277492	0	0	0	0	0	0	0	0	0	0	0	0	0	0	0	45	
278245	0	0	0	0	0	0	0	0	0	0	0	0	0	0	0	51	
278995	0	0	0	0	0	0	0	0	0	0	0	0	0	0	0	43	
279743	0	0	0	0	0	0	0	0	0	0	0	0	0	0	0	65	
280493	0	0	0	0	0	0	0	0	0	0	0	0	0	0	0	41	
281241	0	0	0	0	0	0	0	0	0	0	0	0	0	0	0	55	
281993	0	0	0	0	0	0	0	0	0	0	0	0	0	0	0	45	
282745	0	0	0	0	0	0	0	0	0	0	0	0	0	0	0	55	
283494	0	0	0	0	0	0	0	0	0	0	0	0	0	0	0	67	
284246	0	0	0	0	0	0	0	0	0	0	0	0	0	0	0	57	
284994	0	0	0	0	0	0	0	0	0	0	0	0	0	0	0	59	
285744	0	0	0	0	0	0	0	0	0	0	0	0	0	0	0	71	
286492	0	0	0	0	0	0	0	0	0	0	0	0	0	0	0	49	
287245	0	0	0	0	0	0	0	0	0	0	0	0	0	0	0	51	
287992	0	0	0	0	0	0	0	0	0	0	0	0	0	0	0	55	
288742	0	0	0	0	0	0	0	0	0	0	0	0	0	0	47	0	
289494	0	0	0	0	0	0	0	0	0	0	0	0	0	0	53	0	
290245	0	0	0	0	0	0	0	0	0	0	0	0	0	0	61	0	
290994	0	0	0	0	0	0	0	0	0	0	0	0	0	0	53	0	
291746	0	0	0	0	0	0	0	0	0	0	0	0	0	0	59	0	
292498	0	0	0	0	0	0	0	0	0	0	0	0	0	0	59	0	
293247	0	0	0	0	0	0	0	0	0	0	0	0	0	0	0	55	
293996	0	0	0	0	0	0	0	0	0	0	0	0	0	0	0	51	
294748	0	0	0	0	0	0	0	0	0	0	0	0	0	0	0	55	
295498	0	0	0	0	0	0	0	0	0	0	0	0	0	0	0	39	
296247	0	0	0	0	0	0	0	0	0	0	0	0	0	0	0	53	
296995	0	0	0	0	0	0	0	0	0	0	0	0	0	0	0	47	
297746	0	0	0	0	0	0	0	0	0	0	0	0	0	0	59	0	
298495	0	0	0	0	0	0	0	0	0	0	0	0	0	0	0	51	
299245	0	0	0	0	0	0	0	0	0	0	0	0	0	0	11	40	
299991	0	0	0	0	0	0	0	0	0	0	0	0	0	0	0	39	
300742	0	0	0	0	0	0	0	0	0	0	0	0	0	0	0	41	
301490	0	0	0	0	0	0	0	0	0	0	0	0	0	0	65	0	
302240	0	0	0	0	0	0	0	0	0	0	0	0	0	0	49	0	
302990	0	0	0	0	0	0	0	0	0	0	0	0	0	0	45	0	
303739	0	0	0	0	0	0	0	0	0	0	0	0	0	0	47	0	
304491	0	0	0	0	0	0	0	0	0	0	0	0	0	0	51	0	
305245	0	0	0	0	0	0	0	0	0	0	0	0	0	0	39	0	
305996	0	0	0	0	0	0	0	0	0	0	0	0	0	63	0	0	
306751	0	0	0	0	0	0	0	0	0	0	0	0	0	57	0	0	
307502	0	0	0	0	0	0	0	0	0	0	0	0	65	0	0	0	
308255	0	0	0	0	0	0	0	0	0	0	0	0	69	0	0	0	
309005	0	0	0	0	0	0	0	0	0	0	0	0	51	0	0	0	
309753	0	0	0	0	0	0	0	0	0	0	0	0	59	0	0	0	
310502	0	0	0	0	0	0	0	0	0	0	0	0	69	0	0	0	
311252	0	0	0	0	0	0	0	0	0	0	0	0	55	0	0	0	
311998	0	0	0	0	0	0	0	0	0	0	0	0	41	0	0	0	
312747	0	0	0	0	0	0	0	0	0	0	0	0	45	0	0	0	
313498	0	0	0	0	0	0	0	0	0	0	0	0	73	0	0	0	
314247	0	0	0	0	0	0	0	0	0	0	0	0	67	0	0	0	
314995	0	0	0	0	0	0	0	0	0	0	0	0	47	0	0	0	
315742	0	0	0	0	0	0	0	0	0	0	0	0	51	0	0	0	
316493	0	0	0	0	0	0	0	0	0	0	0	0	59	0	0	0	
317245	0	0	0	0	0	0	0	0	0	0	0	0	53	0	0	0	
317995	0	0	0	0	0	0	0	0	0	0	0	0	0	57	0	0	
318745	0	0	0	0	0	0	0	0	0	0	0	0	0	65	0	0	
319498	0	0	0	0	0	0	0	0	0	0	0	0	0	59	0	0	
320244	0	0	0	0	0	0	0	0	0	0	0	0	0	59	0	0	
320998	0	0	0	0	0	0	0	0	0	0	0	0	0	45	0	0	
321747	0	0	0	0	0	0	0	0	0	0	0	0	0	69	0	0	
322496	0	0	0	0	0	0	0	0	0	0	0	0	0	75	0	0	
323248	0	0	0	0	0	0	0	0	0	0	0	0	0	51	0	0	
323999	0	0	0	0	0	0	0	0	0	0	0	0	0	49	0	0	
324748	0	0	0	0	0	0	0	0	0	0	0	0	0	57	0	0	
325500	0	0	0	0	0	0	0	0	0	0	0	0	0	45	0	0	
326250	0	0	0	0	0	0	0	0	0	0	0	0	0	53	0	0	
327002	0	0	0	0	0	0	0	0	0	0	0	0	0	61	0	0	
327751	0	0	0	0	0	0	0	0	0	0	0	0	0	57	0	0	
328501	0	0	0	0	0	0	0	0	0	0	0	0	0	65	0	0	
329249	0	0	0	0	0	0	0	0	0	0	0	0	0	49	0	0	
330002	0	0	0	0	0	0	0	0	0	0	0	0	0	69	0	0	
330751	0	0	0	0	0	0	0	0	0	0	0	0	0	61	0	0	
331499	0	0	0	0	0	0	0	0	0	0	0	0	0	61	0	0	
332251	0	0	0	0	0	0	0	0	0	0	0	0	0	63	0	0	
333004	0	0	0	0	0	0	0	0	0	0	0	0	0	75	0	0	
333751	0	0	0	0	0	0	0	0	0	0	0	0	0	69	0	0	
334501	0	0	0	0	0	0	0	0	0	0	0	0	0	55	0	0	
335252	0	0	0	0	0	0	0	0	0	0	0	0	0	57	0	0	
336003	0	0	0	0	0	0	0	0	0	0	0	0	0	57	0	0	
336751	0	0	0	0	0	0	0	0	0	0	0	0	0	51	0	0	
337498	0	0	0	0	0	0	0	0	0	0	0	0	0	61	0	0	
338247	0	0	0	0	0	0	0	0	0	0	0	0	0	55	0	0	
338998	0	0	0	0	0	0	0	0	0	0	0	0	0	53	0	0	
339746	0	0	0	0	0	0	0	0	0	0	0	0	0	49	0	0	
340497	0	0	0	0	0	0	0	0	0	0	0	0	0	59	0	0	
341244	0	0	0	0	0	0	0	0	0	0	0	0	0	51	0	0	
341996	0	0	0	0	0	0	0	0	0	0	0	0	0	49	0	0	
342745	0	0	0	0	0	0	0	0	0	0	0	0	0	53	0	0	
343494	0	0	0	0	0	0	0	0	0	0	0	0	0	57	0	0	
344242	0	0	0	0	0	0	0	0	0	0	0	0	65	0	0	0	
344993	0	0	0	0	0	0	0	0	0	0	0	0	59	0	0	0	
345748	0	0	0	0	0	0	0	0	0	0	0	0	71	0	0	0	
346501	0	0	0	0	0	0	0	0	0	0	0	0	53	0	0	0	
347254	0	0	0	0	0	0	0	0	0	0	0	0	61	0	0	0	
348004	0	0	0	0	0	0	0	0	0	0	0	0	59	0	0	0	
348753	0	0	0	0	0	0	0	0	0	0	0	65	0	0	0	0	
349504	0	0	0	0	0	0	0	0	0	0	0	79	0	0	0	0	
350254	0	0	0	0	0	0	0	0	0	0	0	65	0	0	0	0	
351005	0	0	0	0	0	0	0	0	0	0	0	75	0	0	0	0	
351756	0	0	0	0	0	0	0	0	0	0	0	61	0	0	0	0	
352503	0	0	0	0	0	0	0	0	0	0	0	63	0	0	0	0	
353253	0	0	0	0	0	0	0	0	0	0	0	71	0	0	0	0	
354002	0	0	0	0	0	0	0	0	0	0	0	49	0	0	0	0	
354753	0	0	0	0	0	0	0	0	0	0	0	63	0	0	0	0	
355502	0	0	0	0	0	0	0	0	0	0	0	77	0	0	0	0	
356251	0	0	0	0	0	0	0	0	0	0	0	71	0	0	0	0	
357002	0	0	0	0	0	0	0	0	0	0	0	63	0	0	0	0	
357750	0	0	0	0	0	0	0	0	0	0	0	65	0	0	0	0	
358500	0	0	0	0	0	0	0	0	0	0	0	65	0	0	0	0	
359252	0	0	0	0	0	0	0	0	0	0	0	67	0	0	0	0	
360002	0	0	0	0	0	0	0	0	0	0	0	63	0	0	0	0	
360752	0	0	0	0	0	0	0	0	0	0	0	81	0	0	0	0	
361500	0	0	0	0	0	0	0	0	0	0	0	0	57	0	0	0	
362248	0	0	0	0	0	0	0	0	0	0	0	0	55	0	0	0	
363001	0	0	0	0	0	0	0	0	0	0	0	0	63	0	0	0	
363750	0	0	0	0	0	0	0	0	0	0	0	0	57	0	0	0	
364501	0	0	0	0	0	0	0	0	0	0	0	0	65	0	0	0	
365250	0	0	0	0	0	0	0	0	0	0	0	0	61	0	0	0	
366002	0	0	0	0	0	0	0	0	0	0	0	0	65	0	0	0	
366750	0	0	0	0	0	0	0	0	0	0	0	0	71	0	0	0	
367504	0	0	0	0	0	0	0	0	0	0	0	0	73	0	0	0	
368254	0	0	0	0	0	0	0	0	0	0	0	0	67	0	0	0	
369003	0	0	0	0	0	0	0	0	0	0	0	0	59	0	0	0	
369754	0	0	0	0	0	0	0	0	0	0	0	0	55	0	0	0	
370504	0	0	0	0	0	0	0	0	0	0	0	0	61	0	0	0	
371254	0	0	0	0	0	0	0	0	0	0	0	0	75	0	0	0	
372004	0	0	0	0	0	0	0	0	0	0	0	0	61	0	0	0	
372754	0	0	0	0	0	0	0	0	0	0	0	0	69	0	0	0	
373501	0	0	0	0	0	0	0	0	0	0	0	0	77	0	0	0	
374250	0	0	0	0	0	0	0	0	0	0	0	0	0	55	0	0	
374998	0	0	0	0	0	0	0	0	0	0	0	0	0	0	51	0	
375748	0	0	0	0	0	0	0	0	0	0	0	0	0	0	49	0	
376499	0	0	0	0	0	0	0	0	0	0	0	0	0	0	0	41	
377249	0	0	0	0	0	0	0	0	0	0	0	0	0	0	0	55	
378000	0	0	0	0	0	0	0	0	0	0	0	0	0	0	0	59	
378750	0	0	0	0	0	0	0	0	0	0	0	0	0	0	0	27	
379495	0	0	0	0	0	0	0	0	0	0	0	0	0	0	0	45	
380248	0	0	0	0	0	0	0	0	0	0	0	0	0	0	0	33	
381000	0	0	0	0	0	0	0	0	0	0	0	0	0	0	0	49	
381753	0	0	0	0	0	0	0	0	0	0	0	0	0	0	0	51	
382503	0	0	0	0	0	0	0	0	0	0	0	0	0	0	0	43	
383256	0	0	0	0	0	0	0	0	0	0	0	0	0	0	0	45	
384004	0	0	0	0	0	0	0	0	0	0	0	0	0	0	0	41	
384757	0	0	0	0	0	0	0	0	0	0	0	0	0	0	0	59	
385507	0	0	0	0	0	0	0	0	0	0	0	0	0	0	0	47	
386258	0	0	0	0	0	0	0	0	0	0	0	0	0	0	0	39	
387008	0	0	0	0	0	0	0	0	0	0	0	0	0	0	59	0	
387755	0	0	0	0	0	0	0	0	0	0	0	0	0	0	57	0	
388506	0	0	0	0	0	0	0	0	0	0	0	0	0	0	49	0	
389255	0	0	0	0	0	0	0	0	0	0	0	0	0	0	65	0	
390005	0	0	0	0	0	0	0	0	0	0	0	0	0	0	51	0	
390750	0	0	0	0	0	0	0	0	0	0	0	0	0	0	45	0	
391500	0	0	0	0	0	0	0	0	0	0	0	0	0	0	51	0	
392253	0	0	0	0	0	0	0	0	0	0	0	0	0	0	65	0	
392999	0	0	0	0	0	0	0	0	0	0	0	0	0	0	57	0	
393751	0	0	0	0	0	0	0	0	0	0	0	0	0	0	53	0	
394501	0	0	0	0	0	0	0	0	0	0	0	0	0	0	59	0	
395248	0	0	0	0	0	0	0	0	0	0	0	0	0	0	63	0	
395995	0	0	0	0	0	0	0	0	0	0	0	0	0	0	49	0	
396748	0	0	0	0	0	0	0	0	0	0	0	0	0	0	53	0	
397495	0	0	0	0	0	0	0	0	0	0	0	0	0	0	51	0	
398244	0	0	0	0	0	0	0	0	0	0	0	0	0	0	55	0	
398994	0	0	0	0	0	0	0	0	0	0	0	0	0	0	53	0	
399743	0	0	0	0	0	0	0	0	0	0	0	0	0	0	57	0	
400497	0	0	0	0	0	0	0	0	0	0	0	0	0	0	49	0	
401250	0	0	0	0	0	0	0	0	0	0	0	0	0	0	0	55	
402000	0	0	0	0	0	0	0	0	0	0	0	0	0	0	0	47	
402749	0	0	0	0	0	0	0	0	0	0	0	0	0	0	0	45	
403498	0	0	0	0	0	0	0	0	0	0	0	0	0	0	0	55	
404248	0	0	0	0	0	0	0	0	0	0	0	0	0	0	0	65	
404995	0	0	0	0	0	0	0	0	0	0	0	0	0	0	0	55	
405743	0	0	0	0	0	0	0	0	0	0	0	0	0	0	0	55	
406492	0	0	0	0	0	0	0	0	0	0	0	0	0	0	0	51	
407244	0	0	0	0	0	0	0	0	0	0	0	0	0	0	0	45	
407996	0	0	0	0	0	0	0	0	0	0	0	0	0	0	0	49	
408742	0	0	0	0	0	0	0	0	0	0	0	0	0	0	0	53	
409493	0	0	0	0	0	0	0	0	0	0	0	0	0	0	0	49	
410244	0	0	0	0	0	0	0	0	0	0	0	0	0	0	0	45	
410996	0	0	0	0	0	0	0	0	0	0	0	0	0	0	0	67	
411746	0	0	0	0	0	0	0	0	0	0	0	0	0	0	0	65	
412496	0	0	0	0	0	0	0	0	0	0	0	0	0	0	0	49	
413244	0	0	0	0	0	0	0	0	0	0	0	0	0	0	0	45	
413996	0	0	0	0	0	0	0	0	0	0	0	0	0	0	0	55	
414746	0	0	0	0	0	0	0	0	0	0	0	0	0	0	0	35	
415493	0	0	0	0	0	0	0	0	0	0	0	0	0	0	0	43	
416240	0	0	0	0	0	0	0	0	0	0	0	0	0	0	0	63	
416987	0	0	0	0	0	0	0	0	0	0	0	0	0	0	0	57	
417739	0	0	0	0	0	0	0	0	0	0	0	0	0	0	0	49	
418488	0	0	0	0	0	0	0	0	0	0	0	0	0	0	0	47	
419237	0	0	0	0	0	0	0	0	0	0	0	0	0	0	0	43	
419984	0	0	0	0	0	0	0	0	0	0	0	0	0	0	0	49	
420736	0	0	0	0	0	0	0	0	0	0	0	0	0	0	0	57	
421488	0	0	0	0	0	0	0	0	0	0	0	0	0	0	0	49	
422241	0	0	0	0	0	0	0	0	0	0	0	0	0	0	0	49	
422992	0	0	0	0	0	0	0	0	0	0	0	0	0	0	0	45	
423740	0	0	0	0	0	0	0	0	0	0	0	0	0	0	0	61	
424491	0	0	0	0	0	0	0	0	0	0	0	0	0	0	61	0	
425240	0	0	0	0	0	0	0	0	0	0	0	0	0	0	59	0	
425988	0	0	0	0	0	0	0	0	0	0	0	0	0	0	55	0	
426737	0	0	0	0	0	0	0	0	0	0	0	0	0	0	0	39	
427488	0	0	0	0	0	0	0	0	0	0	0	0	0	0	47	0	
428239	0	0	0	0	0	0	0	0	0	0	0	0	0	0	51	0	
428988	0	0	0	0	0	0	0	0	0	0	0	0	0	0	57	0	
429736	0	0	0	0	0	0	0	0	0	0	0	0	0	0	55	0	
430490	0	0	0	0	0	0	0	0	0	0	0	0	0	0	59	0	
431237	0	0	0	0	0	0	0	0	0	0	0	0	0	0	49	0	
431985	0	0	0	0	0	0	0	0	0	0	0	0	0	0	57	0	
432737	0	0	0	0	0	0	0	0	0	0	0	0	0	0	53	0	
433488	0	0	0	0	0	0	0	0	0	0	0	0	0	0	53	0	
434237	0	0	0	0	0	0	0	0	0	0	0	0	0	0	71	0	
434990	0	0	0	0	0	0	0	0	0	0	0	0	0	0	63	0	
435743	0	0	0	0	0	0	0	0	0	0	0	0	0	0	67	0	
436490	0	0	0	0	0	0	0	0	0	0	0	0	0	0	71	0	
437238	0	0	0	0	0	0	0	0	0	0	0	0	0	0	59	0	
437988	0	0	0	0	0	0	0	0	0	0	0	0	0	0	51	0	
438740	0	0	0	0	0	0	0	0	0	0	0	0	0	55	0	0	
439488	0	0	0	0	0	0	0	0	0	0	0	0	0	69	0	0	
440241	0	0	0	0	0	0	0	0	0	0	0	0	0	61	0	0	
440989	0	0	0	0	0	0	0	0	0	0	0	0	0	55	0	0	
441738	0	0	0	0	0	0	0	0	0	0	0	0	0	59	0	0	
442491	0	0	0	0	0	0	0	0	0	0	0	0	0	47	0	0	
443237	0	0	0	0	0	0	0	0	0	0	0	0	0	47	0	0	
443989	0	0	0	0	0	0	0	0	0	0	0	0	0	53	0	0	
444736	0	0	0	0	0	0	0	0	0	0	0	0	0	53	0	0	
445486	0	0	0	0	0	0	0	0	0	0	0	0	0	67	0	0	
446237	0	0	0	0	0	0	0	0	0	0	0	0	0	69	0	0	
446983	0	0	0	0	0	0	0	0	0	0	0	0	0	59	0	0	
447732	0	0	0	0	0	0	0	0	0	0	0	0	0	55	0	0	
448483	0	0	0	0	0	0	0	0	0	0	0	0	0	57	0	0	
449232	0	0	0	0	0	0	0	0	0	0	0	0	0	57	0	0	
449985	0	0	0	0	0	0	0	0	0	0	0	0	0	53	0	0	
450733	0	0	0	0	0	0	0	0	0	0	0	0	0	51	0	0	
451484	0	0	0	0	0	0	0	0	0	0	0	0	0	59	0	0	
452236	0	0	0	0	0	0	0	0	0	0	0	0	14	47	0	0	
452987	0	0	0	0	0	0	0	0	0	0	0	0	0	65	0	0	
453734	0	0	0	0	0	0	0	0	0	0	0	0	0	57	0	0	
454487	0	0	0	0	0	0	0	0	0	0	0	0	0	61	0	0	
455237	0	0	0	0	0	0	0	0	0	0	0	0	0	57	0	0	
455984	0	0	0	0	0	0	0	0	0	0	0	0	0	53	0	0	
456735	0	0	0	0	0	0	0	0	0	0	0	0	0	59	0	0	
457488	0	0	0	0	0	0	0	0	0	0	0	0	0	0	39	0	
458239	0	0	0	0	0	0	0	0	0	0	0	0	0	0	57	0	
458989	0	0	0	0	0	0	0	0	0	0	0	0	0	0	53	0	
459739	0	0	0	0	0	0	0	0	0	0	0	0	0	0	51	0	
460487	0	0	0	0	0	0	0	0	0	0	0	0	0	0	51	0	
461235	0	0	0	0	0	0	0	0	0	0	0	0	0	0	47	0	
461983	0	0	0	0	0	0	0	0	0	0	0	0	0	0	65	0	
462732	0	0	0	0	0	0	0	0	0	0	0	0	0	0	55	0	
463481	0	0	0	0	0	0	0	0	0	0	0	0	0	0	63	0	
464232	0	0	0	0	0	0	0	0	0	0	0	0	0	0	43	0	
464985	0	0	0	0	0	0	0	0	0	0	0	0	0	0	63	0	
465733	0	0	0	0	0	0	0	0	0	0	0	0	0	0	55	0	
466482	0	0	0	0	0	0	0	0	0	0	0	0	0	0	51	0	
467232	0	0	0	0	0	0	0	0	0	0	0	0	0	0	0	63	
467980	0	0	0	0	0	0	0	0	0	0	0	0	0	0	0	51	
468728	0	0	0	0	0	0	0	0	0	0	0	0	0	0	0	57	
469475	0	0	0	0	0	0	0	0	0	0	0	0	0	0	0	49	
470226	0	0	0	0	0	0	0	0	0	0	0	0	0	0	0	55	
470976	0	0	0	0	0	0	0	0	0	0	0	0	0	0	0	39	
471726	0	0	0	0	0	0	0	0	0	0	0	0	0	0	0	53	
472477	0	0	0	0	0	0	0	0	0	0	0	0	0	0	0	47	
473233	0	0	0	0	0	0	0	0	0	0	0	0	0	0	0	59	
473984	0	0	0	0	0	0	0	0	0	0	0	0	0	0	0	45	
474733	0	0	0	0	0	0	0	0	0	0	0	0	0	0	0	49	
475482	0	0	0	0	0	0	0	0	0	0	0	0	0	0	0	57	
476231	0	0	0	0	0	0	0	0	0	0	0	0	0	0	0	61	
476981	0	0	0	0	0	0	0	0	0	0	0	0	0	0	63	0	
477731	0	0	0	0	0	0	0	0	0	0	0	0	0	0	55	0	
478483	0	0	0	0	0	0	0	0	0	0	0	0	0	61	0	0	
479231	0	0	0	0	0	0	0	0	0	0	0	0	0	57	0	0	
479977	0	0	0	0	0	0	0	0	0	0	0	0	0	0	43	0	
480726	0	0	0	0	0	0	0	0	0	0	0	0	0	0	47	0	
481476	0	0	0	0	0	0	0	0	0	0	0	0	0	0	63	0	
482225	0	0	0	0	0	0	0	0	0	0	0	0	0	0	0	43	
482975	0	0	0	0	0	0	0	0	0	0	0	0	0	0	49	0	
483725	0	0	0	0	0	0	0	0	0	0	0	0	0	0	49	0	
484478	0	0	0	0	0	0	0	0	0	0	0	0	0	0	53	0	
485227	0	0	0	0	0	0	0	0	0	0	0	0	0	0	63	0	
485978	0	0	0	0	0	0	0	0	0	0	0	0	0	0	49	0	
486732	0	0	0	0	0	0	0	0	0	0	0	0	0	0	51	0	
487485	0	0	0	0	0	0	0	0	0	0	0	0	0	0	49	0	
488236	0	0	0	0	0	0	0	0	0	0	0	0	0	0	53	0	
488988	0	0	0	0	0	0	0	0	0	0	0	0	0	0	49	0	
489739	0	0	0	0	0	0	0	0	0	0	0	0	0	0	59	0	
490487	0	0	0	0	0	0	0	0	0	0	0	0	0	0	39	0	
491239	0	0	0	0	0	0	0	0	0	0	0	0	0	0	65	0	
491987	0	0	0	0	0	0	0	0	0	0	0	0	0	0	57	0	
492734	0	0	0	0	0	0	0	0	0	0	0	0	0	0	47	0	
493486	0	0	0	0	0	0	0	0	0	0	0	0	0	0	59	0	
494237	0	0	0	0	0	0	0	0	0	0	0	0	0	0	57	0	
494984	0	0	0	0	0	0	0	0	0	0	0	0	0	0	47	0	
495733	0	0	0	0	0	0	0	0	0	0	0	0	0	0	45	0	
496480	0	0	0	0	0	0	0	0	0	0	0	0	0	0	55	0	
497231	0	0	0	0	0	0	0	0	0	0	0	0	0	0	59	0	
497981	0	0	0	0	0	0	0	0	0	0	0	0	0	0	55	0	
498733	0	0	0	0	0	0	0	0	0	0	0	0	0	0	45	0	
499483	0	0	0	0	0	0	0	0	0	0	0	0	0	0	53	0	
500234	0	0	0	0	0	0	0	0	0	0	0	0	0	0	0	53	
500986	0	0	0	0	0	0	0	0	0	0	0	0	0	0	0	57	
501736	0	0	0	0	0	0	0	0	0	0	0	0	0	0	0	53	
502486	0	0	0	0	0	0	0	0	0	0	0	0	0	0	0	55	
503235	0	0	0	0	0	0	0	0	0	0	0	0	0	0	0	65	
503986	0	0	0	0	0	0	0	0	0	0	0	0	0	0	0	57	
504737	0	0	0	0	0	0	0	0	0	0	0	0	0	0	0	63	
505487	0	0	0	0	0	0	0	0	0	0	0	0	0	0	0	59	
506239	0	0	0	0	0	0	0	0	0	0	0	0	0	0	0	41	
506992	0	0	0	0	0	0	0	0	0	0	0	0	0	0	0	45	
507747	0	0	0	0	0	0	0	0	0	0	0	0	0	0	0	49	
508497	0	0	0	0	0	0	0	0	0	0	0	0	0	0	0	51	
509245	0	0	0	0	0	0	0	0	0	0	0	0	0	0	0	49	
509997	0	0	0	0	0	0	0	0	0	0	0	0	0	0	0	43	
510747	0	0	0	0	0	0	0	0	0	0	0	0	0	0	0	55	
511500	0	0	0	0	0	0	0	0	0	0	0	0	0	0	0	47	
512252	0	0	0	0	0	0	0	0	0	0	0	0	0	0	0	37	
513001	0	0	0	0	0	0	0	0	0	0	0	0	0	0	0	55	
513753	0	0	0	0	0	0	0	0	0	0	0	0	0	0	0	51	
514504	0	0	0	0	0	0	0	0	0	0	0	0	0	0	0	47	
515251	0	0	0	0	0	0	0	0	0	0	0	0	0	0	61	0	
516003	0	0	0	0	0	0	0	0	0	0	0	0	0	63	0	0	
516752	0	0	0	0	0	0	0	0	0	0	0	0	0	55	0	0	
517500	0	0	0	0	0	0	0	0	0	0	0	0	0	55	0	0	
518251	0	0	0	0	0	0	0	0	0	0	0	0	0	47	0	0	
518998	0	0	0	0	0	0	0	0	0	0	0	0	0	57	0	0	
519749	0	0	0	0	0	0	0	0	0	0	0	0	0	55	0	0	
520501	0	0	0	0	0	0	0	0	0	0	0	0	0	49	0	0	
521251	0	0	0	0	0	0	0	0	0	0	0	0	0	61	0	0	
522002	0	0	0	0	0	0	0	0	0	0	0	0	0	53	0	0	
522752	0	0	0	0	0	0	0	0	0	0	0	0	0	43	0	0	
523505	0	0	0	0	0	0	0	0	0	0	0	0	57	0	0	0	
524256	0	0	0	0	0	0	0	0	0	0	0	0	53	0	0	0	
525005	0	0	0	0	0	0	0	0	0	0	0	0	89	0	0	0	
525753	0	0	0	0	0	0	0	0	0	0	0	0	81	0	0	0	
526502	0	0	0	0	0	0	0	0	0	0	0	0	55	0	0	0	
527253	0	0	0	0	0	0	0	0	0	0	0	0	71	0	0	0	
528003	0	0	0	0	0	0	0	0	0	0	0	0	61	0	0	0	
528753	0	0	0	0	0	0	0	0	0	0	0	0	69	0	0	0	
529503	0	0	0	0	0	0	0	0	0	0	0	0	61	0	0	0	
530254	0	0	0	0	0	0	0	0	0	0	0	0	55	0	0	0	
531004	0	0	0	0	0	0	0	0	0	0	0	0	61	0	0	0	
531756	0	0	0	0	0	0	0	0	0	0	0	0	51	0	0	0	
532507	0	0	0	0	0	0	0	0	0	0	0	77	0	0	0	0	
533259	0	0	0	0	0	0	0	0	0	0	0	51	0	0	0	0	
534009	0	0	0	0	0	0	0	0	0	0	0	79	0	0	0	0	
534757	0	0	0	0	0	0	0	0	0	0	0	57	0	0	0	0	
535508	0	0	0	0	0	0	0	0	0	0	0	67	0	0	0	0	
536256	0	0	0	0	0	0	0	0	0	0	0	71	0	0	0	0	
537005	0	0	0	0	0	0	0	0	0	0	0	71	0	0	0	0	
537758	0	0	0	0	0	0	0	0	0	0	0	61	0	0	0	0	
538509	0	0	0	0	0	0	0	0	0	0	0	73	0	0	0	0	
539258	0	0	0	0	0	0	0	0	0	0	0	71	0	0	0	0	
540008	0	0	0	0	0	0	0	0	0	0	0	55	0	0	0	0	
540756	0	0	0	0	0	0	0	0	0	0	0	67	0	0	0	0	
541505	0	0	0	0	0	0	0	0	0	0	0	81	0	0	0	0	
542255	0	0	0	0	0	0	0	0	0	0	0	61	0	0	0	0	
543003	0	0	0	0	0	0	0	0	0	0	0	79	0	0	0	0	
543754	0	0	0	0	0	0	0	0	0	0	0	65	0	0	0	0	
544504	0	0	0	0	0	0	0	0	0	0	0	71	0	0	0	0	
545257	0	0	0	0	0	0	0	0	0	0	0	71	0	0	0	0	
546009	0	0	0	0	0	0	0	0	0	0	0	59	0	0	0	0	
546762	0	0	0	0	0	0	0	0	0	0	0	65	0	0	0	0	
547511	0	0	0	0	0	0	0	0	0	0	0	63	0	0	0	0	
548255	0	0	0	0	0	0	0	0	0	0	0	63	0	0	0	0	
549004	0	0	0	0	0	0	0	0	0	0	0	57	0	0	0	0	
549755	0	0	0	0	0	0	0	0	0	0	0	65	0	0	0	0	
550507	0	0	0	0	0	0	0	0	0	0	0	69	0	0	0	0	
551256	0	0	0	0	0	0	0	0	0	0	0	59	0	0	0	0	
552003	0	0	0	0	0	0	0	0	0	0	0	75	0	0	0	0	
552752	0	0	0	0	0	0	0	0	0	0	0	81	0	0	0	0	
553502	0	0	0	0	0	0	0	0	0	0	0	71	0	0	0	0	
554248	0	0	0	0	0	0	0	0	0	0	0	75	0	0	0	0	
554998	0	0	0	0	0	0	0	0	0	0	0	69	0	0	0	0	
555750	0	0	0	0	0	0	0	0	0	0	0	61	0	0	0	0	
556502	0	0	0	0	0	0	0	0	0	0	0	65	0	0	0	0	
557256	0	0	0	0	0	0	0	0	0	0	0	59	0	0	0	0	
558008	0	0	0	0	0	0	0	0	0	0	0	73	0	0	0	0	
558761	0	0	0	0	0	0	0	0	0	0	0	73	0	0	0	0	
559513	0	0	0	0	0	0	0	0	0	0	0	75	0	0	0	0	
560259	0	0	0	0	0	0	0	0	0	0	0	65	0	0	0	0	
561007	0	0	0	0	0	0	0	0	0	0	0	69	0	0	0	0	
561758	0	0	0	0	0	0	0	0	0	0	0	71	0	0	0	0	
562509	0	0	0	0	0	0	0	0	0	0	0	63	0	0	0	0	
563260	0	0	0	0	0	0	0	0	0	0	0	71	0	0	0	0	
564012	0	0	0	0	0	0	0	0	0	0	75	2	0	0	0	0	
564763	0	0	0	0	0	0	0	0	0	0	71	0	0	0	0	0	
565513	0	0	0	0	0	0	0	0	0	0	73	0	0	0	0	0	
566262	0	0	0	0	0	0	0	0	0	0	73	0	0	0	0	0	
567011	0	0	0	0	0	0	0	0	0	0	63	0	0	0	0	0	
567761	0	0	0	0	0	0	0	0	0	0	81	0	0	0	0	0	
568510	0	0	0	0	0	0	0	0	0	0	71	0	0	0	0	0	
569261	0	0	0	0	0	0	0	0	0	0	67	0	0	0	0	0	
570009	0	0	0	0	0	0	0	0	0	0	93	0	0	0	0	0	
570759	0	0	0	0	0	0	0	0	0	0	73	0	0	0	0	0	
571506	0	0	0	0	0	0	0	0	0	0	61	0	0	0	0	0	
572255	0	0	0	0	0	0	0	0	0	0	87	0	0	0	0	0	
573002	0	0	0	0	0	0	0	0	0	0	73	0	0	0	0	0	
573750	0	0	0	0	0	0	0	0	0	0	85	0	0	0	0	0	
574504	0	0	0	0	0	0	0	0	0	0	0	67	0	0	0	0	
575255	0	0	0	0	0	0	0	0	0	0	0	63	0	0	0	0	
576003	0	0	0	0	0	0	0	0	0	0	0	61	0	0	0	0	
576755	0	0	0	0	0	0	0	0	0	0	0	69	0	0	0	0	
577507	0	0	0	0	0	0	0	0	0	0	0	71	0	0	0	0	
578256	0	0	0	0	0	0	0	0	0	0	0	69	0	0	0	0	
579004	0	0	0	0	0	0	0	0	0	0	0	83	0	0	0	0	
579754	0	0	0	0	0	0	0	0	0	0	0	59	0	0	0	0	
580504	0	0	0	0	0	0	0	0	0	0	0	65	0	0	0	0	
581256	0	0	0	0	0	0	0	0	0	0	0	65	0	0	0	0	
582006	0	0	0	0	0	0	0	0	0	0	0	67	0	0	0	0	
582755	0	0	0	0	0	0	0	0	0	0	67	0	0	0	0	0	
583504	0	0	0	0	0	0	0	0	0	0	63	0	0	0	0	0	
584255	0	0	0	0	0	0	0	0	0	0	75	0	0	0	0	0	
585008	0	0	0	0	0	0	0	0	0	0	69	0	0	0	0	0	
585759	0	0	0	0	0	0	0	0	0	0	81	0	0	0	0	0	
586507	0	0	0	0	0	0	0	0	0	0	75	0	0	0	0	0	
587257	0	0	0	0	0	0	0	0	0	0	0	59	0	0	0	0	
588003	0	0	0	0	0	0	0	0	0	0	0	59	0	0	0	0	
588749	0	0	0	0	0	0	0	0	0	0	0	69	0	0	0	0	
589502	0	0	0	0	0	0	0	0	0	0	0	53	0	0	0	0	
590252	0	0	0	0	0	0	0	0	0	0	0	67	0	0	0	0	
591002	0	0	0	0	0	0	0	0	0	0	0	63	0	0	0	0	
591752	0	0	0	0	0	0	0	0	0	0	0	59	0	0	0	0	
592499	0	0	0	0	0	0	0	0	0	0	0	63	0	0	0	0	
593251	0	0	0	0	0	0	0	0	0	0	0	57	0	0	0	0	
594003	0	0	0	0	0	0	0	0	0	0	0	63	0	0	0	0	
594755	0	0	0	0	0	0	0	0	0	0	0	64	13	0	0	0	
595507	0	0	0	0	0	0	0	0	0	0	0	63	0	0	0	0	
596259	0	0	0	0	0	0	0	0	0	0	0	59	0	0	0	0	
597013	0	0	0	0	0	0	0	0	0	0	0	75	0	0	0	0	
597764	0	0	0	0	0	0	0	0	0	0	0	67	0	0	0	0	
598512	0	0	0	0	0	0	0	0	0	0	0	57	0	0	0	0	
599262	0	0	0	0	0	0	0	0	0	0	0	65	0	0	0	0	
600012	0	0	0	0	0	0	0	0	0	0	0	69	0	0	0	0	
600762	0	0	0	0	0	0	0	0	0	0	0	69	0	0	0	0	
601511	0	0	0	0	0	0	0	0	0	0	0	0	75	0	0	0	
602257	0	0	0	0	0	0	0	0	0	0	0	0	61	0	0	0	
603006	0	0	0	0	0	0	0	0	0	0	0	0	57	0	0	0	
603754	0	0	0	0	0	0	0	0	0	0	0	0	0	43	0	0	
604504	0	0	0	0	0	0	0	0	0	0	0	0	0	55	0	0	
605252	0	0	0	0	0	0	0	0	0	0	0	0	0	65	0	0	
605998	0	0	0	0	0	0	0	0	0	0	0	0	0	55	0	0	
606748	0	0	0	0	0	0	0	0	0	0	0	0	0	73	0	0	
607499	0	0	0	0	0	0	0	0	0	0	0	0	0	53	0	0	
608249	0	0	0	0	0	0	0	0	0	0	0	0	0	43	10	0	
608996	0	0	0	0	0	0	0	0	0	0	0	0	0	61	0	0	
609747	0	0	0	0	0	0	0	0	0	0	0	0	0	45	0	0	
610496	0	0	0	0	0	0	0	0	0	0	0	0	0	45	0	0	
611250	0	0	0	0	0	0	0	0	0	0	0	0	0	53	0	0	
611997	0	0	0	0	0	0	0	0	0	0	0	0	59	0	0	0	
612747	0	0	0	0	0	0	0	0	0	0	0	0	67	0	0	0	
613496	0	0	0	0	0	0	0	0	0	0	0	0	57	0	0	0	
614247	0	0	0	0	0	0	0	0	0	0	0	0	71	0	0	0	
614997	0	0	0	0	0	0	0	0	0	0	0	0	59	0	0	0	
615746	0	0	0	0	0	0	0	0	0	0	0	0	69	0	0	0	
616494	0	0	0	0	0	0	0	0	0	0	0	0	75	0	0	0	
617243	0	0	0	0	0	0	0	0	0	0	0	0	49	0	0	0	
617993	0	0	0	0	0	0	0	0	0	0	0	0	63	0	0	0	
618743	0	0	0	0	0	0	0	0	0	0	0	0	61	0	0	0	
619491	0	0	0	0	0	0	0	0	0	0	0	0	67	0	0	0	
620242	0	0	0	0	0	0	0	0	0	0	0	0	59	0	0	0	
620990	0	0	0	0	0	0	0	0	0	0	0	0	59	0	0	0	
621740	0	0	0	0	0	0	0	0	0	0	0	0	61	0	0	0	
622486	0	0	0	0	0	0	0	0	0	0	0	0	57	0	0	0	
623235	0	0	0	0	0	0	0	0	0	0	0	0	59	0	0	0	
623984	0	0	0	0	0	0	0	0	0	0	0	0	47	0	0	0	
624734	0	0	0	0	0	0	0	0	0	0	0	0	73	0	0	0	
625483	0	0	0	0	0	0	0	0	0	0	0	0	49	0	0	0	
626233	0	0	0	0	0	0	0	0	0	0	0	0	59	0	0	0	
626984	0	0	0	0	0	0	0	0	0	0	0	0	77	0	0	0	
627733	0	0	0	0	0	0	0	0	0	0	0	0	55	0	0	0	
628486	0	0	0	0	0	0	0	0	0	0	0	0	0	51	0	0	
629238	0	0	0	0	0	0	0	0	0	0	0	0	0	55	0	0	
629987	0	0	0	0	0	0	0	0	0	0	0	0	0	57	0	0	
630736	0	0	0	0	0	0	0	0	0	0	0	0	0	47	0	0	
631486	0	0	0	0	0	0	0	0	0	0	0	0	0	53	0	0	
632236	0	0	0	0	0	0	0	0	0	0	0	0	59	0	0	0	
632987	0	0	0	0	0	0	0	0	0	0	0	0	57	0	0	0	
633734	0	0	0	0	0	0	0	0	0	0	0	73	0	0	0	0	
634481	0	0	0	0	0	0	0	0	0	0	0	61	0	0	0	0	
635235	0	0	0	0	0	0	0	0	0	0	0	63	0	0	0	0	
635984	0	0	0	0	0	0	0	0	0	0	0	69	0	0	0	0	
636734	0	0	0	0	0	0	0	0	0	0	0	65	0	0	0	0	
637485	0	0	0	0	0	0	0	0	0	0	0	63	0	0	0	0	
638236	0	0	0	0	0	0	0	0	0	0	0	63	0	0	0	0	
638987	0	0	0	0	0	0	0	0	0	0	0	71	0	0	0	0	
639736	0	0	0	0	0	0	0	0	0	0	0	67	0	0	0	0	
640485	0	0	0	0	0	0	0	0	0	0	0	79	0	0	0	0	
641233	0	0	0	0	0	0	0	0	0	0	0	79	0	0	0	0	
641983	0	0	0	0	0	0	0	0	0	0	69	0	0	0	0	0	
642734	0	0	0	0	0	0	0	0	0	0	59	0	0	0	0	0	
643485	0	0	0	0	0	0	0	0	0	0	79	0	0	0	0	0	
644239	0	0	0	0	0	0	0	0	0	0	63	0	0	0	0	0	
644990	0	0	0	0	0	0	0	0	0	0	77	0	0	0	0	0	
645740	0	0	0	0	0	0	0	0	0	0	75	0	0	0	0	0	
646490	0	0	0	0	0	0	0	0	0	0	67	0	0	0	0	0	
647244	0	0	0	0	0	0	0	0	0	0	79	0	0	0	0	0	
647994	0	0	0	0	0	0	0	0	0	0	69	0	0	0	0	0	
648746	0	0	0	0	0	0	0	0	0	0	0	63	0	0	0	0	
649496	0	0	0	0	0	0	0	0	0	0	69	0	0	0	0	0	
650245	0	0	0	0	0	0	0	0	0	0	0	61	0	0	0	0	
650994	0	0	0	0	0	0	0	0	0	0	0	57	0	0	0	0	
651746	0	0	0	0	0	0	0	0	0	0	0	61	0	0	0	0	
652494	0	0	0	0	0	0	0	0	0	0	0	77	0	0	0	0	
653243	0	0	0	0	0	0	0	0	0	0	0	55	0	0	0	0	
653994	0	0	0	0	0	0	0	0	0	0	0	55	0	0	0	0	
654746	0	0	0	0	0	0	0	0	0	0	0	57	0	0	0	0	
655495	0	0	0	0	0	0	0	0	0	0	0	61	0	0	0	0	
656247	0	0	0	0	0	0	0	0	0	0	0	55	0	0	0	0	
656999	0	0	0	0	0	0	0	0	0	0	0	61	0	0	0	0	
657750	0	0	0	0	0	0	0	0	0	0	0	47	0	0	0	0	
658500	0	0	0	0	0	0	0	0	0	0	0	63	0	0	0	0	
659248	0	0	0	0	0	0	0	0	0	0	0	71	0	0	0	0	
660001	0	0	0	0	0	0	0	0	0	0	0	71	0	0	0	0	
660749	0	0	0	0	0	0	0	0	0	0	0	75	0	0	0	0	
661497	0	0	0	0	0	0	0	0	0	0	0	63	0	0	0	0	
662248	0	0	0	0	0	0	0	0	0	0	0	73	0	0	0	0	
663000	0	0	0	0	0	0	0	0	0	0	0	65	0	0	0	0	
663749	0	0	0	0	0	0	0	0	0	0	0	0	65	0	0	0	
664499	0	0	0	0	0	0	0	0	0	0	0	0	57	0	0	0	
665247	0	0	0	0	0	0	0	0	0	0	0	0	65	0	0	0	
665995	0	0	0	0	0	0	0	0	0	0	0	0	63	0	0	0	
666748	0	0	0	0	0	0	0	0	0	0	0	0	77	0	0	0	
667498	0	0	0	0	0	0	0	0	0	0	0	0	67	0	0	0	
668247	0	0	0	0	0	0	0	0	0	0	0	0	63	0	0	0	
668995	0	0	0	0	0	0	0	0	0	0	0	0	45	0	0	0	
669745	0	0	0	0	0	0	0	0	0	0	0	61	0	0	0	0	
670496	0	0	0	0	0	0	0	0	0	0	0	75	0	0	0	0	
671245	0	0	0	0	0	0	0	0	0	0	0	63	0	0	0	0	
671993	0	0	0	0	0	0	0	0	0	0	0	69	0	0	0	0	
672743	0	0	0	0	0	0	0	0	0	0	0	67	0	0	0	0	
673495	0	0	0	0	0	0	0	0	0	0	0	53	0	0	0	0	
674244	0	0	0	0	0	0	0	0	0	0	0	83	0	0	0	0	
674997	0	0	0	0	0	0	0	0	0	0	0	0	55	0	0	0	
675748	0	0	0	0	0	0	0	0	0	0	0	0	45	0	0	0	
676498	0	0	0	0	0	0	0	0	0	0	0	0	61	0	0	0	
677247	0	0	0	0	0	0	0	0	0	0	0	0	51	0	0	0	
677996	0	0	0	0	0	0	0	0	0	0	0	0	69	0	0	0	
678744	0	0	0	0	0	0	0	0	0	0	0	0	47	0	0	0	
679496	0	0	0	0	0	0	0	0	0	0	0	0	71	0	0	0	
680244	0	0	0	0	0	0	0	0	0	0	0	0	61	0	0	0	
680996	0	0	0	0	0	0	0	0	0	0	0	0	65	0	0	0	
681749	0	0	0	0	0	0	0	0	0	0	0	0	55	0	0	0	
682498	0	0	0	0	0	0	0	0	0	0	0	0	79	0	0	0	
683249	0	0	0	0	0	0	0	0	0	0	0	0	63	0	0	0	
683995	0	0	0	0	0	0	0	0	0	0	0	0	73	0	0	0	
684744	0	0	0	0	0	0	0	0	0	0	0	0	55	0	0	0	
685495	0	0	0	0	0	0	0	0	0	0	0	0	69	0	0	0	
686245	0	0	0	0	0	0	0	0	0	0	0	0	71	0	0	0	
686994	0	0	0	0	0	0	0	0	0	0	0	0	0	53	0	0	
687744	0	0	0	0	0	0	0	0	0	0	0	0	0	49	0	0	
688493	0	0	0	0	0	0	0	0	0	0	0	0	0	47	0	0	
689243	0	0	0	0	0	0	0	0	0	0	0	0	0	57	0	0	
689989	0	0	0	0	0	0	0	0	0	0	0	0	0	61	0	0	
690738	0	0	0	0	0	0	0	0	0	0	0	0	0	69	0	0	
691487	0	0	0	0	0	0	0	0	0	0	0	0	67	0	0	0	
692241	0	0	0	0	0	0	0	0	0	0	0	0	75	0	0	0	
692987	0	0	0	0	0	0	0	0	0	0	0	0	51	0	0	0	
693739	0	0	0	0	0	0	0	0	0	0	0	0	73	0	0	0	
694488	0	0	0	0	0	0	0	0	0	0	0	0	67	0	0	0	
695241	0	0	0	0	0	0	0	0	0	0	0	0	63	0	0	0	
695993	0	0	0	0	0	0	0	0	0	0	0	0	55	0	0	0	
696742	0	0	0	0	0	0	0	0	0	0	0	0	61	0	0	0	
697493	0	0	0	0	0	0	0	0	0	0	0	0	59	0	0	0	
698246	0	0	0	0	0	0	0	0	0	0	0	0	65	0	0	0	
698996	0	0	0	0	0	0	0	0	0	0	0	0	75	0	0	0	
699747	0	0	0	0	0	0	0	0	0	0	0	0	69	0	0	0	
700497	0	0	0	0	0	0	0	0	0	0	0	0	69	0	0	0	
701246	0	0	0	0	0	0	0	0	0	0	0	0	67	0	0	0	
701993	0	0	0	0	0	0	0	0	0	0	0	0	61	0	0	0	
702744	0	0	0	0	0	0	0	0	0	0	0	0	55	0	0	0	
703490	0	0	0	0	0	0	0	0	0	0	0	0	57	0	0	0	
704242	0	0	0	0	0	0	0	0	0	0	0	0	75	0	0	0	
704996	0	0	0	0	0	0	0	0	0	0	0	0	65	0	0	0	
705744	0	0	0	0	0	0	0	0	0	0	0	0	69	0	0	0	
706492	0	0	0	0	0	0	0	0	0	0	0	0	65	0	0	0	
707244	0	0	0	0	0	0	0	0	0	0	0	0	53	0	0	0	
707995	0	0	0	0	0	0	0	0	0	0	0	0	0	53	0	0	
708747	0	0	0	0	0	0	0	0	0	0	0	0	0	49	0	0	
709498	0	0	0	0	0	0	0	0	0	0	0	0	0	49	0	0	
710248	0	0	0	0	0	0	0	0	0	0	0	0	0	35	0	0	
711000	0	0	0	0	0	0	0	0	0	0	0	0	0	59	0	0	
711752	0	0	0	0	0	0	0	0	0	0	0	0	0	63	0	0	
712503	0	0	0	0	0	0	0	0	0	0	0	0	0	59	0	0	
713251	0	0	0	0	0	0	0	0	0	0	0	0	0	55	0	0	
714003	0	0	0	0	0	0	0	0	0	0	0	0	0	49	0	0	
714754	0	0	0	0	0	0	0	0	0	0	0	0	0	0	63	0	
715504	0	0	0	0	0	0	0	0	0	0	0	0	0	0	47	0	
716256	0	0	0	0	0	0	0	0	0	0	0	0	0	0	51	0	
717004	0	0	0	0	0	0	0	0	0	0	0	0	0	0	55	0	
717752	0	0	0	0	0	0	0	0	0	0	0	0	0	0	59	0	
718504	0	0	0	0	0	0	0	0	0	0	0	0	0	0	59	0	
719254	0	0	0	0	0	0	0	0	0	0	0	0	0	0	51	0	
720004	0	0	0	0	0	0	0	0	0	0	0	0	0	0	55	0	
720751	0	0	0	0	0	0	0	0	0	0	0	0	0	0	63	0	
721499	0	0	0	0	0	0	0	0	0	0	0	0	0	0	55	0	
722246	0	0	0	0	0	0	0	0	0	0	0	0	0	0	67	0	
722997	0	0	0	0	0	0	0	0	0	0	0	0	0	0	57	0	
723748	0	0	0	0	0	0	0	0	0	0	0	0	0	0	49	0	
724500	0	0	0	0	0	0	0	0	0	0	0	0	0	0	47	0	
725252	0	0	0	0	0	0	0	0	0	0	0	0	0	0	49	0	
726002	0	0	0	0	0	0	0	0	0	0	0	0	0	0	53	0	
726753	0	0	0	0	0	0	0	0	0	0	0	0	0	0	53	0	
727505	0	0	0	0	0	0	0	0	0	0	0	0	0	0	53	0	
728256	0	0	0	0	0	0	0	0	0	0	0	0	0	0	63	0	
729007	0	0	0	0	0	0	0	0	0	0	0	0	0	0	53	0	
729755	0	0	0	0	0	0	0	0	0	0	0	0	0	0	61	0	
730507	0	0	0	0	0	0	0	0	0	0	0	0	0	0	49	0	
731258	0	0	0	0	0	0	0	0	0	0	0	0	0	0	41	0	
732007	0	0	0	0	0	0	0	0	0	0	0	0	0	0	61	0	
732759	0	0	0	0	0	0	0	0	0	0	0	0	0	0	43	0	
733508	0	0	0	0	0	0	0	0	0	0	0	0	0	0	55	0	
734259	0	0	0	0	0	0	0	0	0	0	0	0	0	0	43	0	
735012	0	0	0	0	0	0	0	0	0	0	0	0	0	55	0	0	
735761	0	0	0	0	0	0	0	0	0	0	0	0	0	71	0	0	
736511	0	0	0	0	0	0	0	0	0	0	0	0	0	53	0	0	
737261	0	0	0	0	0	0	0	0	0	0	0	0	0	0	59	0	
738010	0	0	0	0	0	0	0	0	0	0	0	0	0	0	55	0	
738761	0	0	0	0	0	0	0	0	0	0	0	0	0	0	55	0	
739510	0	0	0	0	0	0	0	0	0	0	0	0	0	0	0	53	
740260	0	0	0	0	0	0	0	0	0	0	0	0	0	0	0	47	
741010	0	0	0	0	0	0	0	0	0	0	0	0	0	0	0	57	
741763	0	0	0	0	0	0	0	0	0	0	0	0	0	0	0	53	
742513	0	0	0	0	0	0	0	0	0	0	0	0	0	0	0	51	
743264	0	0	0	0	0	0	0	0	0	0	0	0	0	0	0	37	
744016	0	0	0	0	0	0	0	0	0	0	0	0	0	0	0	43	
744767	0	0	0	0	0	0	0	0	0	0	0	0	0	0	0	53	
745515	0	0	0	0	0	0	0	0	0	0	0	0	0	0	0	47	
746262	0	0	0	0	0	0	0	0	0	0	0	0	0	0	0	49	
747012	0	0	0	0	0	0	0	0	0	0	0	0	0	0	0	41	
747760	0	0	0	0	0	0	0	0	0	0	0	0	0	0	0	59	
748508	0	0	0	0	0	0	0	0	0	0	0	0	0	0	0	47	
749257	0	0	0	0	0	0	0	0	0	0	0	0	0	0	0	43	
750007	0	0	0	0	0	0	0	0	0	0	0	0	0	0	0	45	
750758	0	0	0	0	0	0	0	0	0	0	0	0	0	0	0	53	
751510	0	0	0	0	0	0	0	0	0	0	0	0	0	0	55	0	
752262	0	0	0	0	0	0	0	0	0	0	0	0	0	0	45	0	
753011	0	0	0	0	0	0	0	0	0	0	0	0	0	0	47	0	
753765	0	0	0	0	0	0	0	0	0	0	0	0	0	0	47	0	
754517	0	0	0	0	0	0	0	0	0	0	0	0	0	0	65	0	
755268	0	0	0	0	0	0	0	0	0	0	0	0	0	0	51	0	
756019	0	0	0	0	0	0	0	0	0	0	0	0	0	0	53	0	
756769	0	0	0	0	0	0	0	0	0	0	0	0	0	55	0	0	
757518	0	0	0	0	0	0	0	0	0	0	0	0	0	55	0	0	
758268	0	0	0	0	0	0	0	0	0	0	0	0	0	57	0	0	
759020	0	0	0	0	0	0	0	0	0	0	0	0	53	0	0	0	
759769	0	0	0	0	0	0	0	0	0	0	0	0	71	0	0	0	
760517	0	0	0	0	0	0	0	0	0	0	0	0	65	0	0	0	
761266	0	0	0	0	0	0	0	0	0	0	0	0	63	0	0	0	
762017	0	0	0	0	0	0	0	0	0	0	0	0	63	0	0	0	
762766	0	0	0	0	0	0	0	0	0	0	0	71	0	0	0	0	
763517	0	0	0	0	0	0	0	0	0	0	0	73	0	0	0	0	
764270	0	0	0	0	0	0	0	0	0	0	0	71	0	0	0	0	
765020	0	0	0	0	0	0	0	0	0	0	0	69	0	0	0	0	
765770	0	0	0	0	0	0	0	0	0	0	0	57	0	0	0	0	
766519	0	0	0	0	0	0	0	0	0	0	0	53	0	0	0	0	
767272	0	0	0	0	0	0	0	0	0	0	0	55	0	0	0	0	
768023	0	0	0	0	0	0	0	0	0	0	0	67	0	0	0	0	
768773	0	0	0	0	0	0	0	0	0	0	0	61	0	0	0	0	
769520	0	0	0	0	0	0	0	0	0	0	89	0	0	0	0	0	
770272	0	0	0	0	0	0	0	0	0	0	59	0	0	0	0	0	
771022	0	0	0	0	0	0	0	0	0	0	71	0	0	0	0	0	
771771	0	0	0	0	0	0	0	0	0	0	75	0	0	0	0	0	
772522	0	0	0	0	0	0	0	0	0	0	73	0	0	0	0	0	
773276	0	0	0	0	0	0	0	0	0	0	73	0	0	0	0	0	
774027	0	0	0	0	0	0	0	0	0	63	0	0	0	0	0	0	
774775	0	0	0	0	0	0	0	0	0	79	0	0	0	0	0	0	
775522	0	0	0	0	0	0	0	0	0	83	0	0	0	0	0	0	
776269	0	0	0	0	0	0	0	0	0	79	0	0	0	0	0	0	
777017	0	0	0	0	0	0	0	0	0	77	0	0	0	0	0	0	
777765	0	0	0	0	0	0	0	0	0	75	0	0	0	0	0	0	
778514	0	0	0	0	0	0	0	0	0	89	0	0	0	0	0	0	
779261	0	0	0	0	0	0	0	0	0	101	0	0	0	0	0	0	
780013	0	0	0	0	0	0	0	0	83	0	0	0	0	0	0	0	
780764	0	0	0	0	0	0	0	0	91	0	0	0	0	0	0	0	
781510	0	0	0	0	0	0	0	0	95	0	0	0	0	0	0	0	
782260	0	0	0	0	0	0	0	0	101	0	0	0	0	0	0	0	
783013	0	0	0	0	0	0	0	0	81	0	0	0	0	0	0	0	
783765	0	0	0	0	0	0	0	0	87	0	0	0	0	0	0	0	
784517	0	0	0	0	0	0	0	0	93	0	0	0	0	0	0	0	
785267	0	0	0	0	0	0	0	0	81	0	0	0	0	0	0	0	
786018	0	0	0	0	0	0	0	101	0	0	0	0	0	0	0	0	
786768	0	0	0	0	0	0	0	107	0	0	0	0	0	0	0	0	
787521	0	0	0	0	0	0	0	0	97	0	0	0	0	0	0	0	
788270	0	0	0	0	0	0	0	0	95	0	0	0	0	0	0	0	
789020	0	0	0	0	0	0	0	0	81	0	0	0	0	0	0	0	
789768	0	0	0	0	0	0	0	0	69	0	0	0	0	0	0	0	
790518	0	0	0	0	0	0	0	0	87	0	0	0	0	0	0	0	
791268	0	0	0	0	0	0	0	0	89	0	0	0	0	0	0	0	
792017	0	0	0	0	0	0	0	103	0	0	0	0	0	0	0	0	
792766	0	0	0	0	0	0	0	103	0	0	0	0	0	0	0	0	
793510	0	0	0	0	0	0	0	85	0	0	0	0	0	0	0	0	
794259	0	0	0	0	0	0	0	87	0	0	0	0	0	0	0	0	
795013	0	0	0	0	0	0	0	105	0	0	0	0	0	0	0	0	
795763	0	0	0	0	0	0	0	89	0	0	0	0	0	0	0	0	
796515	0	0	0	0	0	0	0	99	0	0	0	0	0	0	0	0	
797266	0	0	0	0	0	0	0	95	0	0	0	0	0	0	0	0	
798012	0	0	0	0	0	0	0	109	0	0	0	0	0	0	0	0	
798762	0	0	0	0	0	0	0	113	0	0	0	0	0	0	0	0	
799508	0	0	0	0	0	0	0	91	0	0	0	0	0	0	0	0	
800256	0	0	0	0	0	0	0	81	0	0	0	0	0	0	0	0	
801006	0	0	0	0	0	0	0	105	0	0	0	0	0	0	0	0	
801753	0	0	0	0	0	0	0	103	0	0	0	0	0	0	0	0	
802501	0	0	0	0	0	0	0	103	0	0	0	0	0	0	0	0	
803249	0	0	0	0	0	0	0	91	0	0	0	0	0	0	0	0	
803998	0	0	0	0	0	0	0	117	0	0	0	0	0	0	0	0	
804747	0	0	0	0	0	0	0	95	0	0	0	0	0	0	0	0	
805500	0	0	0	0	0	0	0	87	0	0	0	0	0	0	0	0	
806251	0	0	0	0	0	0	0	0	77	0	0	0	0	0	0	0	
807001	0	0	0	0	0	0	0	0	77	0	0	0	0	0	0	0	
807750	0	0	0	0	0	0	0	0	79	0	0	0	0	0	0	0	
808501	0	0	0	0	0	0	0	0	91	0	0	0	0	0	0	0	
809251	0	0	0	0	0	0	0	95	0	0	0	0	0	0	0	0	
810001	0	0	0	0	0	0	0	95	0	0	0	0	0	0	0	0	
810753	0	0	0	0	0	0	0	109	0	0	0	0	0	0	0	0	
811503	0	0	0	0	0	0	0	97	0	0	0	0	0	0	0	0	
812251	0	0	0	0	0	0	0	85	0	0	0	0	0	0	0	0	
813000	0	0	0	0	0	0	0	95	0	0	0	0	0	0	0	0	
813749	0	0	0	0	0	0	0	109	0	0	0	0	0	0	0	0	
814498	0	0	0	0	0	0	0	115	0	0	0	0	0	0	0	0	
815249	0	0	0	0	0	0	0	97	0	0	0	0	0	0	0	0	
815999	0	0	0	0	0	0	0	91	0	0	0	0	0	0	0	0	
816750	0	0	0	0	0	0	0	87	0	0	0	0	0	0	0	0	
817501	0	0	0	0	0	0	0	105	0	0	0	0	0	0	0	0	
818249	0	0	0	0	0	0	0	109	0	0	0	0	0	0	0	0	
819001	0	0	0	0	0	0	0	97	0	0	0	0	0	0	0	0	
819749	0	0	0	0	0	0	0	109	0	0	0	0	0	0	0	0	
820499	0	0	0	0	0	0	0	99	0	0	0	0	0	0	0	0	
821245	0	0	0	0	0	0	0	101	0	0	0	0	0	0	0	0	
821992	0	0	0	0	0	0	0	107	0	0	0	0	0	0	0	0	
822742	0	0	0	0	0	0	0	103	0	0	0	0	0	0	0	0	
823491	0	0	0	0	0	0	0	91	0	0	0	0	0	0	0	0	
824241	0	0	0	0	0	0	0	109	0	0	0	0	0	0	0	0	
824987	0	0	0	0	0	0	0	97	0	0	0	0	0	0	0	0	
825737	0	0	0	0	0	0	0	99	0	0	0	0	0	0	0	0	
826485	0	0	0	0	0	0	0	105	0	0	0	0	0	0	0	0	
827236	0	0	0	0	0	0	0	83	0	0	0	0	0	0	0	0	
827983	0	0	0	0	0	0	0	101	0	0	0	0	0	0	0	0	
828731	0	0	0	0	0	0	0	99	0	0	0	0	0	0	0	0	
829481	0	0	0	0	0	0	0	95	0	0	0	0	0	0	0	0	
830232	0	0	0	0	0	0	0	101	0	0	0	0	0	0	0	0	
830982	0	0	0	0	0	0	0	91	0	0	0	0	0	0	0	0	
831735	0	0	0	0	0	0	0	109	0	0	0	0	0	0	0	0	
832481	0	0	0	0	0	0	0	115	0	0	0	0	0	0	0	0	
833233	0	0	0	0	0	0	0	115	0	0	0	0	0	0	0	0	
833985	0	0	0	0	0	0	0	85	4	0	0	0	0	0	0	0	
834735	0	0	0	0	0	0	0	91	0	0	0	0	0	0	0	0	
835482	0	0	0	0	0	0	0	97	0	0	0	0	0	0	0	0	
836234	0	0	0	0	0	0	0	97	0	0	0	0	0	0	0	0	
836984	0	0	0	0	0	0	0	95	0	0	0	0	0	0	0	0	
837734	0	0	0	0	0	0	0	107	0	0	0	0	0	0	0	0	
838483	0	0	0	0	0	0	0	101	0	0	0	0	0	0	0	0	
839235	0	0	0	0	0	0	0	115	0	0	0	0	0	0	0	0	
839982	0	0	0	0	0	0	0	93	0	0	0	0	0	0	0	0	
840732	0	0	0	0	0	0	0	103	0	0	0	0	0	0	0	0	
841483	0	0	0	0	0	0	0	103	0	0	0	0	0	0	0	0	
842234	0	0	0	0	0	0	0	89	0	0	0	0	0	0	0	0	
842982	0	0	0	0	0	0	0	105	0	0	0	0	0	0	0	0	
843730	0	0	0	0	0	0	0	97	0	0	0	0	0	0	0	0	
844479	0	0	0	0	0	0	0	95	0	0	0	0	0	0	0	0	
845229	0	0	0	0	0	0	0	101	0	0	0	0	0	0	0	0	
845980	0	0	0	0	0	0	0	117	0	0	0	0	0	0	0	0	
846731	0	0	0	0	0	0	0	105	0	0	0	0	0	0	0	0	
847479	0	0	0	0	0	0	0	91	0	0	0	0	0	0	0	0	
848230	0	0	0	0	0	0	0	101	0	0	0	0	0	0	0	0	
848980	0	0	0	0	0	0	0	103	0	0	0	0	0	0	0	0	
849731	0	0	0	0	0	0	14	89	0	0	0	0	0	0	0	0	
850481	0	0	0	0	0	0	0	107	0	0	0	0	0	0	0	0	
851232	0	0	0	0	0	0	109	0	0	0	0	0	0	0	0	0	
851983	0	0	0	0	0	0	125	0	0	0	0	0	0	0	0	0	
852733	0	0	0	0	0	0	109	0	0	0	0	0	0	0	0	0	
853483	0	0	0	0	0	0	125	0	0	0	0	0	0	0	0	0	
854234	0	0	0	0	0	143	0	0	0	0	0	0	0	0	0	0	
854985	0	0	0	0	0	141	0	0	0	0	0	0	0	0	0	0	
855733	0	0	0	0	0	123	0	0	0	0	0	0	0	0	0	0	
856485	0	0	0	0	0	141	0	0	0	0	0	0	0	0	0	0	
857235	0	0	0	0	0	159	0	0	0	0	0	0	0	0	0	0	
857985	0	0	0	0	0	141	0	0	0	0	0	0	0	0	0	0	
858736	0	0	0	0	0	139	0	0	0	0	0	0	0	0	0	0	
859488	0	0	0	0	0	133	0	0	0	0	0	0	0	0	0	0	
860236	0	0	0	0	0	145	0	0	0	0	0	0	0	0	0	0	
860984	0	0	0	0	0	137	0	0	0	0	0	0	0	0	0	0	
861729	0	0	0	0	0	139	0	0	0	0	0	0	0	0	0	0	
862478	0	0	0	0	0	145	0	0	0	0	0	0	0	0	0	0	
863227	0	0	0	0	0	125	0	0	0	0	0	0	0	0	0	0	
863977	0	0	0	0	45	92	0	0	0	0	0	0	0	0	0	0	
864728	0	0	0	0	0	121	0	0	0	0	0	0	0	0	0	0	
865478	0	0	0	0	0	135	0	0	0	0	0	0	0	0	0	0	
866225	0	0	0	0	0	129	0	0	0	0	0	0	0	0	0	0	
866972	0	0	0	0	0	121	0	0	0	0	0	0	0	0	0	0	
867723	0	0	0	0	0	139	0	0	0	0	0	0	0	0	0	0	
868474	0	0	0	0	0	145	0	0	0	0	0	0	0	0	0	0	
869224	0	0	0	0	0	0	107	0	0	0	0	0	0	0	0	0	
869975	0	0	0	0	0	0	111	0	0	0	0	0	0	0	0	0	
870723	0	0	0	0	0	0	105	0	0	0	0	0	0	0	0	0	
871473	0	0	0	0	0	0	107	0	0	0	0	0	0	0	0	0	
872223	0	0	0	0	0	0	111	0	0	0	0	0	0	0	0	0	
872973	0	0	0	0	0	0	105	0	0	0	0	0	0	0	0	0	
873724	0	0	0	0	0	0	121	0	0	0	0	0	0	0	0	0	
874473	0	0	0	0	0	0	111	0	0	0	0	0	0	0	0	0	
875219	0	0	0	0	0	0	115	0	0	0	0	0	0	0	0	0	
875969	0	0	0	0	0	0	129	0	0	0	0	0	0	0	0	0	
876719	0	0	0	0	0	0	93	0	0	0	0	0	0	0	0	0	
877467	0	0	0	0	0	0	113	0	0	0	0	0	0	0	0	0	
878217	0	0	0	0	0	0	111	0	0	0	0	0	0	0	0	0	
878966	0	0	0	0	0	0	123	0	0	0	0	0	0	0	0	0	
879718	0	0	0	0	0	0	127	0	0	0	0	0	0	0	0	0	
880467	0	0	0	0	0	0	117	0	0	0	0	0	0	0	0	0	
881218	0	0	0	0	0	0	56	43	0	0	0	0	0	0	0	0	
881969	0	0	0	0	0	0	119	0	0	0	0	0	0	0	0	0	
882718	0	0	0	0	0	0	129	0	0	0	0	0	0	0	0	0	
883469	0	0	0	0	0	0	109	0	0	0	0	0	0	0	0	0	
884218	0	0	0	0	0	0	123	0	0	0	0	0	0	0	0	0	
884966	0	0	0	0	0	0	99	0	0	0	0	0	0	0	0	0	
885718	0	0	0	0	0	0	101	0	0	0	0	0	0	0	0	0	
886470	0	0	0	0	0	0	99	0	0	0	0	0	0	0	0	0	
887217	0	0	0	0	0	0	111	0	0	0	0	0	0	0	0	0	
887968	0	0	0	0	0	0	115	0	0	0	0	0	0	0	0	0	
888716	0	0	0	0	0	0	107	0	0	0	0	0	0	0	0	0	
889468	0	0	0	0	0	0	139	0	0	0	0	0	0	0	0	0	
890219	0	0	0	0	0	0	121	0	0	0	0	0	0	0	0	0	
890969	0	0	0	0	0	0	107	0	0	0	0	0	0	0	0	0	
891720	0	0	0	0	0	0	123	0	0	0	0	0	0	0	0	0	
892471	0	0	0	0	0	0	0	91	0	0	0	0	0	0	0	0	
893223	0	0	0	0	0	0	0	86	3	0	0	0	0	0	0	0	
893972	0	0	0	0	0	0	0	103	0	0	0	0	0	0	0	0	
894723	0	0	0	0	0	0	0	97	0	0	0	0	0	0	0	0	
895472	0	0	0	0	0	0	0	103	0	0	0	0	0	0	0	0	
896221	0	0	0	0	0	0	0	103	0	0	0	0	0	0	0	0	
896968	0	0	0	0	0	0	0	113	0	0	0	0	0	0	0	0	
897721	0	0	0	0	0	0	0	99	0	0	0	0	0	0	0	0	
898469	0	0	0	0	0	0	0	85	0	0	0	0	0	0	0	0	
899219	0	0	0	0	0	0	0	107	0	0	0	0	0	0	0	0	
899968	0	0	0	0	0	0	0	93	0	0	0	0	0	0	0	0	
900717	0	0	0	0	0	0	0	103	0	0	0	0	0	0	0	0	
901464	0	0	0	0	0	0	0	107	0	0	0	0	0	0	0	0	
902215	0	0	0	0	0	0	0	109	0	0	0	0	0	0	0	0	
902965	0	0	0	0	0	0	0	93	0	0	0	0	0	0	0	0	
903717	0	0	0	0	0	0	0	95	0	0	0	0	0	0	0	0	
904470	0	0	0	0	0	0	0	103	0	0	0	0	0	0	0	0	
905221	0	0	0	0	0	0	0	115	0	0	0	0	0	0	0	0	
905973	0	0	0	0	0	0	0	89	0	0	0	0	0	0	0	0	
906721	0	0	0	0	0	0	0	97	0	0	0	0	0	0	0	0	
907471	0	0	0	0	0	0	0	101	0	0	0	0	0	0	0	0	
908220	0	0	0	0	0	0	0	99	0	0	0	0	0	0	0	0	
908968	0	0	0	0	0	0	0	87	0	0	0	0	0	0	0	0	
909715	0	0	0	0	0	0	0	101	0	0	0	0	0	0	0	0	
910464	0	0	0	0	0	0	0	107	0	0	0	0	0	0	0	0	
911216	0	0	0	0	0	0	0	15	72	0	0	0	0	0	0	0	
911966	0	0	0	0	0	0	0	0	93	0	0	0	0	0	0	0	
912719	0	0	0	0	0	0	0	0	81	0	0	0	0	0	0	0	
913470	0	0	0	0	0	0	0	0	93	0	0	0	0	0	0	0	
914220	0	0	0	0	0	0	0	0	93	0	0	0	0	0	0	0	
914970	0	0	0	0	0	0	0	0	93	0	0	0	0	0	0	0	
915719	0	0	0	0	0	0	0	0	95	0	0	0	0	0	0	0	
916469	0	0	0	0	0	0	0	0	95	0	0	0	0	0	0	0	
917220	0	0	0	0	0	0	0	0	87	0	0	0	0	0	0	0	
917971	0	0	0	0	0	0	0	0	0	89	0	0	0	0	0	0	
918721	0	0	0	0	0	0	0	0	32	61	0	0	0	0	0	0	
919473	0	0	0	0	0	0	0	0	91	0	0	0	0	0	0	0	
920221	0	0	0	0	0	0	0	0	77	0	0	0	0	0	0	0	
920973	0	0	0	0	0	0	0	0	91	0	0	0	0	0	0	0	
921720	0	0	0	0	0	0	0	0	91	0	0	0	0	0	0	0	
922468	0	0	0	0	0	0	0	0	99	0	0	0	0	0	0	0	
923222	0	0	0	0	0	0	0	0	95	0	0	0	0	0	0	0	
923976	0	0	0	0	0	0	0	0	79	0	0	0	0	0	0	0	
924724	0	0	0	0	0	0	0	97	0	0	0	0	0	0	0	0	
925474	0	0	0	0	0	0	0	115	0	0	0	0	0	0	0	0	
926228	0	0	0	0	0	0	0	95	0	0	0	0	0	0	0	0	
926982	0	0	0	0	0	0	0	103	0	0	0	0	0	0	0	0	
927730	0	0	0	0	0	0	0	113	0	0	0	0	0	0	0	0	
928485	0	0	0	0	0	0	0	0	83	0	0	0	0	0	0	0	
929235	0	0	0	0	0	0	0	0	75	0	0	0	0	0	0	0	
929987	0	0	0	0	0	0	0	0	65	0	0	0	0	0	0	0	
930738	0	0	0	0	0	0	0	0	75	0	0	0	0	0	0	0	
931487	0	0	0	0	0	0	0	0	95	0	0	0	0	0	0	0	
932235	0	0	0	0	0	0	0	0	87	0	0	0	0	0	0	0	
932983	0	0	0	0	0	0	0	0	101	0	0	0	0	0	0	0	
933736	0	0	0	0	0	0	0	0	69	0	0	0	0	0	0	0	
934487	0	0	0	0	0	0	0	0	97	0	0	0	0	0	0	0	
935236	0	0	0	0	0	0	0	0	79	0	0	0	0	0	0	0	
935986	0	0	0	0	0	0	0	0	87	0	0	0	0	0	0	0	
936736	0	0	0	0	0	0	0	0	73	0	0	0	0	0	0	0	
937489	0	0	0	0	0	0	0	0	75	0	0	0	0	0	0	0	
938240	0	0	0	0	0	0	0	0	97	0	0	0	0	0	0	0	
938991	0	0	0	0	0	0	0	0	99	0	0	0	0	0	0	0	
939737	0	0	0	0	0	0	0	0	89	0	0	0	0	0	0	0	
940487	0	0	0	0	0	0	0	0	97	0	0	0	0	0	0	0	
941237	0	0	0	0	0	0	0	0	79	0	0	0	0	0	0	0	
941988	0	0	0	0	0	0	0	0	0	85	0	0	0	0	0	0	
942739	0	0	0	0	0	0	0	0	85	0	0	0	0	0	0	0	
943490	0	0	0	0	0	0	0	0	93	0	0	0	0	0	0	0	
944238	0	0	0	0	0	0	0	0	87	0	0	0	0	0	0	0	
944985	0	0	0	0	0	0	0	0	101	0	0	0	0	0	0	0	
945736	0	0	0	0	0	0	0	0	91	0	0	0	0	0	0	0	
946483	0	0	0	0	0	0	0	0	87	0	0	0	0	0	0	0	
947230	0	0	0	0	0	0	0	0	99	0	0	0	0	0	0	0	
947982	0	0	0	0	0	0	0	0	97	0	0	0	0	0	0	0	
948733	0	0	0	0	0	0	0	0	81	0	0	0	0	0	0	0	
949483	0	0	0	0	0	0	0	0	83	0	0	0	0	0	0	0	
950231	0	0	0	0	0	0	0	0	97	0	0	0	0	0	0	0	
950981	0	0	0	0	0	0	0	0	91	0	0	0	0	0	0	0	
951730	0	0	0	0	0	0	0	0	99	0	0	0	0	0	0	0	
952484	0	0	0	0	0	0	0	0	95	0	0	0	0	0	0	0	
953235	0	0	0	0	0	0	0	0	107	0	0	0	0	0	0	0	
953988	0	0	0	0	0	0	0	0	101	0	0	0	0	0	0	0	
954737	0	0	0	0	0	0	0	0	87	0	0	0	0	0	0	0	
955486	0	0	0	0	0	0	0	0	87	0	0	0	0	0	0	0	
956237	0	0	0	0	0	0	0	0	97	0	0	0	0	0	0	0	
956986	0	0	0	0	0	0	0	0	99	0	0	0	0	0	0	0	
957737	0	0	0	0	0	0	0	0	71	0	0	0	0	0	0	0	
958485	0	0	0	0	0	0	0	0	89	0	0	0	0	0	0	0	
959237	0	0	0	0	0	0	0	0	95	0	0	0	0	0	0	0	
959989	0	0	0	0	0	0	0	0	83	0	0	0	0	0	0	0	
960739	0	0	0	0	0	0	0	0	95	0	0	0	0	0	0	0	
961490	0	0	0	0	0	0	0	0	93	0	0	0	0	0	0	0	
962243	0	0	0	0	0	0	0	0	85	0	0	0	0	0	0	0	
962994	0	0	0	0	0	0	0	0	79	0	0	0	0	0	0	0	
963744	0	0	0	0	0	0	0	0	101	0	0	0	0	0	0	0	
964496	0	0	0	0	0	0	0	0	95	0	0	0	0	0	0	0	
965248	0	0	0	0	0	0	0	0	107	0	0	0	0	0	0	0	
966001	0	0	0	0	0	0	0	0	91	0	0	0	0	0	0	0	
966752	0	0	0	0	0	0	0	0	0	85	0	0	0	0	0	0	
967501	0	0	0	0	0	0	0	0	0	77	0	0	0	0	0	0	
968251	0	0	0	0	0	0	0	0	0	91	0	0	0	0	0	0	
969000	0	0	0	0	0	0	0	0	0	77	0	0	0	0	0	0	
969751	0	0	0	0	0	0	0	0	0	0	65	0	0	0	0	0	
970500	0	0	0	0	0	0	0	0	0	0	63	0	0	0	0	0	
971252	0	0	0	0	0	0	0	0	0	0	63	0	0	0	0	0	
972004	0	0	0	0	0	0	0	0	0	0	77	0	0	0	0	0	
972754	0	0	0	0	0	0	0	0	0	0	71	0	0	0	0	0	
973504	0	0	0	0	0	0	0	0	0	0	77	0	0	0	0	0	
974253	0	0	0	0	0	0	0	0	0	0	73	0	0	0	0	0	
975002	0	0	0	0	0	0	0	0	0	0	71	0	0	0	0	0	
975749	0	0	0	0	0	0	0	0	0	0	61	0	0	0	0	0	
976496	0	0	0	0	0	0	0	0	0	0	85	0	0	0	0	0	
977246	0	0	0	0	0	0	0	0	0	0	87	0	0	0	0	0	
977997	0	0	0	0	0	0	0	0	0	0	85	0	0	0	0	0	
978746	0	0	0	0	0	0	0	0	0	0	75	0	0	0	0	0	
979496	0	0	0	0	0	0	0	0	0	0	79	0	0	0	0	0	
980242	0	0	0	0	0	0	0	0	0	0	75	0	0	0	0	0	
980989	0	0	0	0	0	0	0	0	0	0	61	0	0	0	0	0	
981738	0	0	0	0	0	0	0	0	0	0	71	0	0	0	0	0	
982488	0	0	0	0	0	0	0	0	0	0	59	0	0	0	0	0	
983241	0	0	0	0	0	0	0	0	0	0	65	0	0	0	0	0	
983992	0	0	0	0	0	0	0	0	0	0	57	0	0	0	0	0	
984743	0	0	0	0	0	0	0	0	0	0	83	0	0	0	0	0	
985496	0	0	0	0	0	0	0	0	0	0	71	0	0	0	0	0	
986246	0	0	0	0	0	0	0	0	0	0	71	0	0	0	0	0	
986995	0	0	0	0	0	0	0	0	0	0	83	0	0	0	0	0	
987743	0	0	0	0	0	0	0	0	0	0	67	0	0	0	0	0	
988497	0	0	0	0	0	0	0	0	0	0	73	0	0	0	0	0	
989244	0	0	0	0	0	0	0	0	0	0	85	0	0	0	0	0	
989995	0	0	0	0	0	0	0	0	0	0	77	0	0	0	0	0	
990745	0	0	0	0	0	0	0	0	0	0	0	63	0	0	0	0	
991497	0	0	0	0	0	0	0	0	0	0	0	61	0	0	0	0	
992249	0	0	0	0	0	0	0	0	0	0	0	59	0	0	0	0	
992999	0	0	0	0	0	0	0	0	0	0	0	69	0	0	0	0	
993750	0	0	0	0	0	0	0	0	0	0	0	57	0	0	0	0	
994500	0	0	0	0	0	0	0	0	0	0	0	83	0	0	0	0	
995249	0	0	0	0	0	0	0	0	0	0	0	57	0	0	0	0	
995997	0	0	0	0	0	0	0	0	0	0	0	71	0	0	0	0	
996745	0	0	0	0	0	0	0	0	0	0	69	0	0	0	0	0	
997494	0	0	0	0	0	0	0	0	0	0	87	0	0	0	0	0	
998243	0	0	0	0	0	0	0	0	0	67	0	0	0	0	0	0	
998995	0	0	0	0	0	0	0	0	0	75	0	0	0	0	0	0	
999747	0	0	0	0	0	0	0	0	0	81	0	0	0	0	0	0	
1.0005e+06	0	0	0	0	0	0	0	0	0	97	0	0	0	0	0	0	
1.00124e+06	0	0	0	0	0	0	0	0	0	93	0	0	0	0	0	0	
1.002e+06	0	0	0	0	0	0	0	0	0	83	0	0	0	0	0	0	
1.00275e+06	0	0	0	0	0	0	0	0	0	73	0	0	0	0	0	0	
1.0035e+06	0	0	0	0	0	0	0	0	0	93	0	0	0	0	0	0	
1.00425e+06	0	0	0	0	0	0	0	0	0	83	0	0	0	0	0	0	
1.00499e+06	0	0	0	0	0	0	0	0	0	73	0	0	0	0	0	0	
1.00575e+06	0	0	0	0	0	0	0	0	0	73	0	0	0	0	0	0	
1.0065e+06	0	0	0	0	0	0	0	0	0	71	0	0	0	0	0	0	
1.00725e+06	0	0	0	0	0	0	0	0	0	0	79	0	0	0	0	0	
1.008e+06	0	0	0	0	0	0	0	0	0	0	79	0	0	0	0	0	
1.00875e+06	0	0	0	0	0	0	0	0	0	0	93	0	0	0	0	0	
1.0095e+06	0	0	0	0	0	0	0	0	0	0	71	0	0	0	0	0	
1.01025e+06	0	0	0	0	0	0	0	0	0	0	77	0	0	0	0	0	
1.011e+06	0	0	0	0	0	0	0	0	0	85	0	0	0	0	0	0	
1.01174e+06	0	0	0	0	0	0	0	0	0	0	71	0	0	0	0	0	
1.01249e+06	0	0	0	0	0	0	0	0	0	0	67	0	0	0	0	0	
1.01324e+06	0	0	0	0	0	0	0	0	0	0	65	0	0	0	0	0	
1.01399e+06	0	0	0	0	0	0	0	0	0	0	95	0	0	0	0	0	
1.01474e+06	0	0	0	0	0	0	0	0	0	0	67	0	0	0	0	0	
1.01549e+06	0	0	0	0	0	0	0	0	0	0	77	0	0	0	0	0	
1.01624e+06	0	0	0	0	0	0	0	0	0	0	69	0	0	0	0	0	
1.01699e+06	0	0	0	0	0	0	0	0	0	0	71	0	0	0	0	0	
1.01774e+06	0	0	0	0	0	0	0	0	0	0	75	0	0	0	0	0	
1.01849e+06	0	0	0	0	0	0	0	0	0	0	87	0	0	0	0	0	
1.01924e+06	0	0	0	0	0	0	0	0	0	0	83	0	0	0	0	0	
1.01998e+06	0	0	0	0	0	0	0	0	0	0	67	0	0	0	0	0	
1.02073e+06	0	0	0	0	0	0	0	0	0	0	81	0	0	0	0	0	
1.02148e+06	0	0	0	0	0	0	0	0	0	0	63	0	0	0	0	0	
1.02223e+06	0	0	0	0	0	0	0	0	0	0	75	0	0	0	0	0	
1.02298e+06	0	0	0	0	0	0	0	0	0	0	81	0	0	0	0	0	
1.02373e+06	0	0	0	0	0	0	0	0	0	16	61	0	0	0	0	0	
1.02448e+06	0	0	0	0	0	0	0	0	0	0	73	0	0	0	0	0	
1.02523e+06	0	0	0	0	0	0	0	0	0	0	73	0	0	0	0	0	
1.02598e+06	0	0	0	0	0	0	0	0	0	83	0	0	0	0	0	0	
1.02673e+06	0	0	0	0	0	0	0	0	0	79	0	0	0	0	0	0	
1.02748e+06	0	0	0	0	0	0	0	0	0	85	0	0	0	0	0	0	
1.02823e+06	0	0	0	0	0	0	0	0	0	73	0	0	0	0	0	0	
1.02898e+06	0	0	0	0	0	0	0	0	0	79	0	0	0	0	0	0	
1.02973e+06	0	0	0	0	0	0	0	0	0	87	0	0	0	0	0	0	
1.03048e+06	0	0	0	0	0	0	0	0	0	97	0	0	0	0	0	0	
1.03123e+06	0	0	0	0	0	0	0	0	0	75	0	0	0	0	0	0	
1.03198e+06	0	0	0	0	0	0	0	0	0	83	0	0	0	0	0	0	
1.03273e+06	0	0	0	0	0	0	0	0	0	83	0	0	0	0	0	0	
1.03348e+06	0	0	0	0	0	0	0	0	0	0	67	0	0	0	0	0	
1.03423e+06	0	0	0	0	0	0	0	0	0	0	79	0	0	0	0	0	
1.03498e+06	0	0	0	0	0	0	0	0	0	0	73	0	0	0	0	0	
1.03573e+06	0	0	0	0	0	0	0	0	0	0	77	0	0	0	0	0	
1.03647e+06	0	0	0	0	0	0	0	0	0	0	91	0	0	0	0	0	
1.03722e+06	0	0	0	0	0	0	0	0	0	0	67	0	0	0	0	0	
1.03797e+06	0	0	0	0	0	0	0	0	0	0	69	0	0	0	0	0	
1.03872e+06	0	0	0	0	0	0	0	0	0	0	67	0	0	0	0	0	
1.03947e+06	0	0	0	0	0	0	0	0	0	0	71	0	0	0	0	0	
1.04023e+06	0	0	0	0	0	0	0	0	0	0	77	0	0	0	0	0	
1.04097e+06	0	0	0	0	0	0	0	0	0	0	69	0	0	0	0	0	
1.04172e+06	0	0	0	0	0	0	0	0	0	0	67	0	0	0	0	0	
1.04247e+06	0	0	0	0	0	0	0	0	0	0	73	0	0	0	0	0	
1.04323e+06	0	0	0	0	0	0	0	0	0	0	67	0	0	0	0	0	
1.04398e+06	0	0	0	0	0	0	0	0	0	0	63	0	0	0	0	0	
1.04472e+06	0	0	0	0	0	0	0	0	0	0	71	0	0	0	0	0	
1.04547e+06	0	0	0	0	0	0	0	0	0	0	75	0	0	0	0	0	
1.04622e+06	0	0	0	0	0	0	0	0	0	0	59	0	0	0	0	0	
1.04697e+06	0	0	0	0	0	0	0	0	0	0	69	0	0	0	0	0	
1.04772e+06	0	0	0	0	0	0	0	0	0	0	81	0	0	0	0	0	
1.04847e+06	0	0	0	0	0	0	0	0	0	0	65	0	0	0	0	0	
1.04922e+06	0	0	0	0	0	0	0	0	0	0	81	0	0	0	0	0	
1.04997e+06	0	0	0	0	0	0	0	0	0	0	83	0	0	0	0	0	
1.05072e+06	0	0	0	0	0	0	0	0	0	0	71	0	0	0	0	0	
1.05147e+06	0	0	0	0	0	0	0	0	0	0	59	0	0	0	0	0	
1.05222e+06	0	0	0	0	0	0	0	0	0	0	67	0	0	0	0	0	
1.05297e+06	0	0	0	0	0	0	0	0	0	0	69	0	0	0	0	0	
1.05372e+06	0	0	0	0	0	0	0	0	0	0	69	0	0	0	0	0	
1.05447e+06	0	0	0	0	0	0	0	0	0	0	73	0	0	0	0	0	
1.05522e+06	0	0	0	0	0	0	0	0	0	0	85	0	0	0	0	0	
1.05597e+06	0	0	0	0	0	0	0	0	0	0	73	0	0	0	0	0	
1.05672e+06	0	0	0	0	0	0	0	0	0	0	77	0	0	0	0	0	
1.05747e+06	0	0	0	0	0	0	0	0	0	0	79	0	0	0	0	0	
1.05822e+06	0	0	0	0	0	0	0	0	0	0	67	0	0	0	0	0	
1.05897e+06	0	0	0	0	0	0	0	0	0	0	0	67	0	0	0	0	
1.05972e+06	0	0	0	0	0	0	0	0	0	0	0	67	0	0	0	0	
1.06047e+06	0	0	0	0	0	0	0	0	0	0	0	57	0	0	0	0	
1.06122e+06	0	0	0	0	0	0	0	0	0	0	0	75	0	0	0	0	
1.06197e+06	0	0	0	0	0	0	0	0	0	0	0	63	0	0	0	0	
1.06272e+06	0	0	0	0	0	0	0	0	0	0	0	59	0	0	0	0	
1.06347e+06	0	0	0	0	0	0	0	0	0	0	0	67	0	0	0	0	
1.06423e+06	0	0	0	0	0	0	0	0	0	0	0	67	0	0	0	0	
1.06498e+06	0	0	0	0	0	0	0	0	0	0	0	49	0	0	0	0	
1.06573e+06	0	0	0	0	0	0	0	0	0	0	0	67	0	0	0	0	
1.06648e+06	0	0	0	0	0	0	0	0	0	0	0	65	0	0	0	0	
1.06723e+06	0	0	0	0	0	0	0	0	0	0	0	59	0	0	0	0	
1.06798e+06	0	0	0	0	0	0	0	0	0	0	0	61	0	0	0	0	
1.06873e+06	0	0	0	0	0	0	0	0	0	0	0	69	0	0	0	0	
1.06948e+06	0	0	0	0	0	0	0	0	0	0	0	61	0	0	0	0	
1.07023e+06	0	0	0	0	0	0	0	0	0	0	0	69	0	0	0	0	
1.07098e+06	0	0	0	0	0	0	0	0	0	0	0	53	0	0	0	0	
1.07173e+06	0	0	0	0	0	0	0	0	0	0	0	63	0	0	0	0	
1.07248e+06	0	0	0	0	0	0	0	0	0	0	0	69	0	0	0	0	
1.07323e+06	0	0	0	0	0	0	0	0	0	0	0	65	0	0	0	0	
1.07398e+06	0	0	0	0	0	0	0	0	0	0	0	73	0	0	0	0	
1.07473e+06	0	0	0	0	0	0	0	0	0	0	0	63	0	0	0	0	
1.07548e+06	0	0	0	0	0	0	0	0	0	0	0	65	0	0	0	0	
1.07623e+06	0	0	0	0	0	0	0	0	0	0	0	67	0	0	0	0	
1.07697e+06	0	0	0	0	0	0	0	0	0	0	0	73	0	0	0	0	
1.07772e+06	0	0	0	0	0	0	0	0	0	0	0	75	0	0	0	0	
1.07847e+06	0	0	0	0	0	0	0	0	0	0	0	63	0	0	0	0	
1.07922e+06	0	0	0	0	0	0	0	0	0	0	13	64	0	0	0	0	
1.07997e+06	0	0	0	0	0	0	0	0	0	0	0	73	0	0	0	0	
1.08072e+06	0	0	0	0	0	0	0	0	0	0	0	73	0	0	0	0	
1.08147e+06	0	0	0	0	0	0	0	0	0	0	0	69	0	0	0	0	
1.08222e+06	0	0	0	0	0	0	0	0	0	0	0	73	0	0	0	0	
1.08297e+06	0	0	0	0	0	0	0	0	0	0	0	73	0	0	0	0	
1.08373e+06	0	0	0	0	0	0	0	0	0	0	0	61	0	0	0	0	
1.08447e+06	0	0	0	0	0	0	0	0	0	0	0	67	0	0	0	0	
1.08522e+06	0	0	0	0	0	0	0	0	0	0	0	61	0	0	0	0	
1.08597e+06	0	0	0	0	0	0	0	0	0	0	0	59	0	0	0	0	
1.08672e+06	0	0	0	0	0	0	0	0	0	0	0	67	0	0	0	0	
1.08747e+06	0	0	0	0	0	0	0	0	0	0	0	81	0	0	0	0	
1.08823e+06	0	0	0	0	0	0	0	0	0	0	0	71	0	0	0	0	
1.08898e+06	0	0	0	0	0	0	0	0	0	0	0	79	0	0	0	0	
1.08973e+06	0	0	0	0	0	0	0	0	0	0	65	0	0	0	0	0	
1.09048e+06	0	0	0	0	0	0	0	0	0	0	61	0	0	0	0	0	
1.09123e+06	0	0	0	0	0	0	0	0	0	0	63	0	0	0	0	0	
1.09198e+06	0	0	0	0	0	0	0	0	0	0	75	0	0	0	0	0	
1.09273e+06	0	0	0	0	0	0	0	0	0	0	77	0	0	0	0	0	
1.09348e+06	0	0	0	0	0	0	0	0	0	0	71	0	0	0	0	0	
1.09423e+06	0	0	0	0	0	0	0	0	0	0	71	0	0	0	0	0	
1.09498e+06	0	0	0	0	0	0	0	0	0	0	75	0	0	0	0	0	
1.09573e+06	0	0	0	0	0	0	0	0	0	0	0	65	0	0	0	0	
1.09648e+06	0	0	0	0	0	0	0	0	0	0	0	67	0	0	0	0	
1.09722e+06	0	0	0	0	0	0	0	0	0	0	0	65	0	0	0	0	
1.09797e+06	0	0	0	0	0	0	0	0	0	0	0	67	0	0	0	0	
1.09872e+06	0	0	0	0	0	0	0	0	0	0	0	83	0	0	0	0	
1.09947e+06	0	0	0	0	0	0	0	0	0	0	0	61	0	0	0	0	
1.10022e+06	0	0	0	0	0	0	0	0	0	0	75	0	0	0	0	0	
1.10097e+06	0	0	0	0	0	0	0	0	0	0	0	69	0	0	0	0	
1.10172e+06	0	0	0	0	0	0	0	0	0	0	0	69	0	0	0	0	
1.10247e+06	0	0	0	0	0	0	0	0	0	0	0	81	0	0	0	0	
1.10322e+06	0	0	0	0	0	0	0	0	0	0	0	71	0	0	0	0	
1.10397e+06	0	0	0	0	0	0	0	0	0	0	0	69	0	0	0	0	
1.10471e+06	0	0	0	0	0	0	0	0	0	0	0	73	0	0	0	0	
1.10546e+06	0	0	0	0	0	0	0	0	0	0	0	71	0	0	0	0	
1.10622e+06	0	0	0	0	0	0	0	0	0	0	0	63	0	0	0	0	
1.10696e+06	0	0	0	0	0	0	0	0	0	0	0	65	0	0	0	0	
1.10772e+06	0	0	0	0	0	0	0	0	0	0	0	75	0	0	0	0	
1.10847e+06	0	0	0	0	0	0	0	0	0	0	0	69	0	0	0	0	
1.10921e+06	0	0	0	0	0	0	0	0	0	0	0	63	0	0	0	0	
1.10997e+06	0	0	0	0	0	0	0	0	0	0	0	83	0	0	0	0	
1.11072e+06	0	0	0	0	0	0	0	0	0	0	0	81	0	0	0	0	
1.11147e+06	0	0	0	0	0	0	0	0	0	0	0	63	0	0	0	0	
1.11222e+06	0	0	0	0	0	0	0	0	0	0	0	71	0	0	0	0	
1.11297e+06	0	0	0	0	0	0	0	0	0	0	0	77	0	0	0	0	
1.11372e+06	0	0	0	0	0	0	0	0	0	0	0	81	0	0	0	0	
1.11447e+06	0	0	0	0	0	0	0	0	0	0	0	57	0	0	0	0	
1.11522e+06	0	0	0	0	0	0	0	0	0	0	0	71	0	0	0	0	
1.11597e+06	0	0	0	0	0	0	0	0	0	0	0	67	0	0	0	0	
1.11672e+06	0	0	0	0	0	0	0	0	0	0	0	63	0	0	0	0	
1.11747e+06	0	0	0	0	0	0	0	0	0	0	0	67	0	0	0	0	
1.11822e+06	0	0	0	0	0	0	0	0	0	0	0	83	0	0	0	0	
1.11897e+06	0	0	0	0	0	0	0	0	0	0	0	63	0	0	0	0	
1.11972e+06	0	0	0	0	0	0	0	0	0	0	0	59	0	0	0	0	
1.12047e+06	0	0	0	0	0	0	0	0	0	0	0	69	0	0	0	0	
1.12122e+06	0	0	0	0	0	0	0	0	0	0	0	67	0	0	0	0	
1.12197e+06	0	0	0	0	0	0	0	0	0	0	0	63	0	0	0	0	
1.12272e+06	0	0	0	0	0	0	0	0	0	0	0	69	0	0	0	0	
1.12347e+06	0	0	0	0	0	0	0	0	0	0	0	81	0	0	0	0	
1.12422e+06	0	0	0	0	0	0	0	0	0	0	63	0	0	0	0	0	
1.12497e+06	0	0	0	0	0	0	0	0	0	0	81	0	0	0	0	0	
1.12572e+06	0	0	0	0	0	0	0	0	0	0	73	0	0	0	0	0	
1.12647e+06	0	0	0	0	0	0	0	0	0	0	71	0	0	0	0	0	
1.12722e+06	0	0	0	0	0	0	0	0	0	0	67	0	0	0	0	0	
1.12797e+06	0	0	0	0	0	0	0	0	0	0	0	69	0	0	0	0	
1.12872e+06	0	0	0	0	0	0	0	0	0	0	0	51	0	0	0	0	
1.12947e+06	0	0	0	0	0	0	0	0	0	0	0	71	0	0	0	0	
1.13022e+06	0	0	0	0	0	0	0	0	0	0	61	0	0	0	0	0	
1.13097e+06	0	0	0	0	0	0	0	0	0	0	85	0	0	0	0	0	
1.13171e+06	0	0	0	0	0	0	0	0	0	0	63	0	0	0	0	0	
1.13246e+06	0	0	0	0	0	0	0	0	0	0	75	0	0	0	0	0	
1.13321e+06	0	0	0	0	0	0	0	0	0	0	73	0	0	0	0	0	
1.13396e+06	0	0	0	0	0	0	0	0	0	0	67	0	0	0	0	0	
1.13471e+06	0	0	0	0	0	0	0	0	0	0	87	0	0	0	0	0	
1.13546e+06	0	0	0	0	0	0	0	0	0	0	77	0	0	0	0	0	
1.13621e+06	0	0	0	0	0	0	0	0	0	0	75	0	0	0	0	0	
1.13696e+06	0	0	0	0	0	0	0	0	0	0	75	0	0	0	0	0	
1.13771e+06	0	0	0	0	0	0	0	0	0	0	65	0	0	0	0	0	
1.13845e+06	0	0	0	0	0	0	0	0	0	0	73	0	0	0	0	0	
1.1392e+06	0	0	0	0	0	0	0	0	0	0	0	75	0	0	0	0	
1.13995e+06	0	0	0	0	0	0	0	0	0	0	0	63	0	0	0	0	
1.1407e+06	0	0	0	0	0	0	0	0	0	0	0	69	0	0	0	0	
1.14145e+06	0	0	0	0	0	0	0	0	0	0	0	73	0	0	0	0	
1.1422e+06	0	0	0	0	0	0	0	0	0	0	0	67	0	0	0	0	
1.14295e+06	0	0	0	0	0	0	0	0	0	0	0	67	0	0	0	0	
1.1437e+06	0	0	0	0	0	0	0	0	0	0	0	0	65	0	0	0	
1.14445e+06	0	0	0	0	0	0	0	0	0	0	0	0	61	0	0	0	
1.1452e+06	0	0	0	0	0	0	0	0	0	0	0	0	67	0	0	0	
1.14594e+06	0	0	0	0	0	0	0	0	0	0	0	0	59	0	0	0	
1.14669e+06	0	0	0	0	0	0	0	0	0	0	0	0	63	0	0	0	
1.14744e+06	0	0	0	0	0	0	0	0	0	0	0	0	61	0	0	0	
1.14819e+06	0	0	0	0	0	0	0	0	0	0	0	0	65	0	0	0	
1.14894e+06	0	0	0	0	0	0	0	0	0	0	0	3	66	0	0	0	
1.14969e+06	0	0	0	0	0	0	0	0	0	0	0	0	73	0	0	0	
1.15044e+06	0	0	0	0	0	0	0	0	0	0	0	0	63	0	0	0	
1.15119e+06	0	0	0	0	0	0	0	0	0	0	0	0	71	0	0	0	
1.15194e+06	0	0	0	0	0	0	0	0	0	0	0	0	69	0	0	0	
1.15269e+06	0	0	0	0	0	0	0	0	0	0	0	0	53	0	0	0	
1.15344e+06	0	0	0	0	0	0	0	0	0	0	0	67	0	0	0	0	
1.15419e+06	0	0	0	0	0	0	0	0	0	0	4	65	0	0	0	0	
1.15494e+06	0	0	0	0	0	0	0	0	0	0	71	0	0	0	0	0	
1.15569e+06	0	0	0	0	0	0	0	0	0	0	79	0	0	0	0	0	
1.15644e+06	0	0	0	0	0	0	0	0	0	0	75	0	0	0	0	0	
1.15719e+06	0	0	0	0	0	0	0	0	0	0	69	0	0	0	0	0	
1.15794e+06	0	0	0	0	0	0	0	0	0	0	73	0	0	0	0	0	
1.15869e+06	0	0	0	0	0	0	0	0	0	0	77	0	0	0	0	0	
1.15945e+06	0	0	0	0	0	0	0	0	0	0	0	67	0	0	0	0	
1.1602e+06	0	0	0	0	0	0	0	0	0	0	0	65	0	0	0	0	
1.16095e+06	0	0	0	0	0	0	0	0	0	0	0	63	0	0	0	0	
1.1617e+06	0	0	0	0	0	0	0	0	0	0	0	69	0	0	0	0	
1.16245e+06	0	0	0	0	0	0	0	0	0	0	0	63	0	0	0	0	
1.1632e+06	0	0	0	0	0	0	0	0	0	0	0	71	0	0	0	0	
1.16395e+06	0	0	0	0	0	0	0	0	0	0	0	73	0	0	0	0	
1.1647e+06	0	0	0	0	0	0	0	0	0	0	0	63	0	0	0	0	
1.16544e+06	0	0	0	0	0	0	0	0	0	0	0	75	0	0	0	0	
1.16619e+06	0	0	0	0	0	0	0	0	0	0	0	71	0	0	0	0	
1.16694e+06	0	0	0	0	0	0	0	0	0	0	0	59	0	0	0	0	
1.16769e+06	0	0	0	0	0	0	0	0	0	0	0	61	0	0	0	0	
1.16844e+06	0	0	0	0	0	0	0	0	0	0	0	71	0	0	0	0	
1.16919e+06	0	0	0	0	0	0	0	0	0	0	0	59	0	0	0	0	
1.16994e+06	0	0	0	0	0	0	0	0	0	0	0	63	0	0	0	0	
1.17069e+06	0	0	0	0	0	0	0	0	0	0	0	61	0	0	0	0	
1.17144e+06	0	0	0	0	0	0	0	0	0	0	0	79	0	0	0	0	
1.17219e+06	0	0	0	0	0	0	0	0	0	0	0	61	0	0	0	0	
1.17294e+06	0	0	0	0	0	0	0	0	0	0	0	61	0	0	0	0	
1.17369e+06	0	0	0	0	0	0	0	0	0	0	0	71	0	0	0	0	
1.17444e+06	0	0	0	0	0	0	0	0	0	0	0	87	0	0	0	0	
1.17519e+06	0	0	0	0	0	0	0	0	0	0	0	63	0	0	0	0	
1.17594e+06	0	0	0	0	0	0	0	0	0	0	0	85	0	0	0	0	
1.17669e+06	0	0	0	0	0	0	0	0	0	0	0	77	0	0	0	0	
1.17744e+06	0	0	0	0	0	0	0	0	0	0	0	73	0	0	0	0	
1.17819e+06	0	0	0	0	0	0	0	0	0	0	0	71	0	0	0	0	
1.17894e+06	0	0	0	0	0	0	0	0	0	0	87	0	0	0	0	0	
1.17969e+06	0	0	0	0	0	0	0	0	0	0	71	0	0	0	0	0	
1.18044e+06	0	0	0	0	0	0	0	0	0	0	63	0	0	0	0	0	
1.18119e+06	0	0	0	0	0	0	0	0	0	0	0	61	0	0	0	0	
1.18195e+06	0	0	0	0	0	0	0	0	0	0	0	67	0	0	0	0	
1.18269e+06	0	0	0	0	0	0	0	0	0	0	0	79	0	0	0	0	
1.18345e+06	0	0	0	0	0	0	0	0	0	0	0	69	0	0	0	0	
1.1842e+06	0	0	0	0	0	0	0	0	0	0	0	67	0	0	0	0	
1.18495e+06	0	0	0	0	0	0	0	0	0	0	0	0	57	0	0	0	
1.1857e+06	0	0	0	0	0	0	0	0	0	0	0	0	75	0	0	0	
1.18645e+06	0	0	0	0	0	0	0	0	0	0	0	0	77	0	0	0	
1.1872e+06	0	0	0	0	0	0	0	0	0	0	0	0	53	0	0	0	
1.18795e+06	0	0	0	0	0	0	0	0	0	0	0	0	45	0	0	0	
1.1887e+06	0	0	0	0	0	0	0	0	0	0	0	0	59	0	0	0	
1.18945e+06	0	0	0	0	0	0	0	0	0	0	0	0	65	0	0	0	
1.1902e+06	0	0	0	0	0	0	0	0	0	0	0	0	51	0	0	0	
1.19095e+06	0	0	0	0	0	0	0	0	0	0	0	0	0	51	0	0	
1.1917e+06	0	0	0	0	0	0	0	0	0	0	0	0	0	67	0	0	
1.19245e+06	0	0	0	0	0	0	0	0	0	0	0	0	0	47	0	0	
1.1932e+06	0	0	0	0	0	0	0	0	0	0	0	0	0	57	0	0	
1.19395e+06	0	0	0	0	0	0	0	0	0	0	0	0	0	59	0	0	
1.1947e+06	0	0	0	0	0	0	0	0	0	0	0	0	0	55	0	0	
1.19545e+06	0	0	0	0	0	0	0	0	0	0	0	0	0	59	0	0	
1.1962e+06	0	0	0	0	0	0	0	0	0	0	0	0	0	53	0	0	
1.19695e+06	0	0	0	0	0	0	0	0	0	0	0	0	0	47	0	0	
1.1977e+06	0	0	0	0	0	0	0	0	0	0	0	0	0	51	0	0	
1.19845e+06	0	0	0	0	0	0	0	0	0	0	0	0	0	59	0	0	
1.1992e+06	0	0	0	0	0	0	0	0	0	0	0	0	0	63	0	0	
1.19995e+06	0	0	0	0	0	0	0	0	0	0	0	0	0	69	0	0	
1.2007e+06	0	0	0	0	0	0	0	0	0	0	0	65	0	0	0	0	
1.20145e+06	0	0	0	0	0	0	0	0	0	0	0	59	0	0	0	0	
1.2022e+06	0	0	0	0	0	0	0	0	0	0	0	75	0	0	0	0	
1.20295e+06	0	0	0	0	0	0	0	0	0	0	0	69	0	0	0	0	
1.2037e+06	0	0	0	0	0	0	0	0	0	0	0	77	0	0	0	0	
1.20445e+06	0	0	0	0	0	0	0	0	0	0	0	57	0	0	0	0	
1.2052e+06	0	0	0	0	0	0	0	0	0	0	0	61	0	0	0	0	
1.20595e+06	0	0	0	0	0	0	0	0	0	0	0	53	0	0	0	0	
1.2067e+06	0	0	0	0	0	0	0	0	0	0	0	79	0	0	0	0	
1.20745e+06	0	0	0	0	0	0	0	0	0	0	0	53	0	0	0	0	
1.2082e+06	0	0	0	0	0	0	0	0	0	0	0	63	0	0	0	0	
1.20895e+06	0	0	0	0	0	0	0	0	0	0	0	71	0	0	0	0	
1.2097e+06	0	0	0	0	0	0	0	0	0	0	0	81	0	0	0	0	
1.21045e+06	0	0	0	0	0	0	0	0	0	0	0	67	0	0	0	0	
1.2112e+06	0	0	0	0	0	0	0	0	0	0	0	49	0	0	0	0	
1.21195e+06	0	0	0	0	0	0	0	0	0	0	0	59	0	0	0	0	
1.2127e+06	0	0	0	0	0	0	0	0	0	0	0	59	0	0	0	0	
1.21345e+06	0	0	0	0	0	0	0	0	0	0	0	69	0	0	0	0	
1.21421e+06	0	0	0	0	0	0	0	0	0	0	0	0	67	0	0	0	
1.21495e+06	0	0	0	0	0	0	0	0	0	0	0	0	53	0	0	0	
1.2157e+06	0	0	0	0	0	0	0	0	0	0	0	0	53	0	0	0	
1.21645e+06	0	0	0	0	0	0	0	0	0	0	0	0	67	0	0	0	
1.2172e+06	0	0	0	0	0	0	0	0	0	0	0	0	55	0	0	0	
1.21795e+06	0	0	0	0	0	0	0	0	0	0	0	0	83	0	0	0	
1.21871e+06	0	0	0	0	0	0	0	0	0	0	0	0	59	0	0	0	
1.21946e+06	0	0	0	0	0	0	0	0	0	0	0	0	61	0	0	0	
1.22021e+06	0	0	0	0	0	0	0	0	0	0	0	0	65	0	0	0	
1.22096e+06	0	0	0	0	0	0	0	0	0	0	0	0	61	0	0	0	
1.2217e+06	0	0	0	0	0	0	0	0	0	0	0	0	55	0	0	0	
1.22245e+06	0	0	0	0	0	0	0	0	0	0	0	0	57	0	0	0	
1.2232e+06	0	0	0	0	0	0	0	0	0	0	0	0	49	0	0	0	
1.22395e+06	0	0	0	0	0	0	0	0	0	0	0	0	65	0	0	0	
1.2247e+06	0	0	0	0	0	0	0	0	0	0	0	0	49	0	0	0	
1.22545e+06	0	0	0	0	0	0	0	0	0	0	0	69	0	0	0	0	
1.2262e+06	0	0	0	0	0	0	0	0	0	0	0	61	0	0	0	0	
1.22696e+06	0	0	0	0	0	0	0	0	0	0	0	63	0	0	0	0	
1.22771e+06	0	0	0	0	0	0	0	0	0	0	0	69	0	0	0	0	
1.22846e+06	0	0	0	0	0	0	0	0	0	0	0	63	0	0	0	0	
1.2292e+06	0	0	0	0	0	0	0	0	0	0	0	59	0	0	0	0	
1.22995e+06	0	0	0	0	0	0	0	0	0	0	0	51	0	0	0	0	
1.2307e+06	0	0	0	0	0	0	0	0	0	0	0	59	0	0	0	0	
1.23145e+06	0	0	0	0	0	0	0	0	0	0	77	0	0	0	0	0	
1.2322e+06	0	0	0	0	0	0	0	0	0	0	73	0	0	0	0	0	
1.23295e+06	0	0	0	0	0	0	0	0	0	0	75	0	0	0	0	0	
1.2337e+06	0	0	0	0	0	0	0	0	0	0	66	11	0	0	0	0	
1.23445e+06	0	0	0	0	0	0	0	0	0	0	67	0	0	0	0	0	
1.2352e+06	0	0	0	0	0	0	0	0	0	0	71	0	0	0	0	0	
1.23595e+06	0	0	0	0	0	0	0	0	0	0	71	0	0	0	0	0	
1.2367e+06	0	0	0	0	0	0	0	0	0	0	57	0	0	0	0	0	
1.23745e+06	0	0	0	0	0	0	0	0	0	0	63	0	0	0	0	0	
1.2382e+06	0	0	0	0	0	0	0	0	0	0	67	0	0	0	0	0	
1.23895e+06	0	0	0	0	0	0	0	0	0	0	59	0	0	0	0	0	
1.2397e+06	0	0	0	0	0	0	0	0	0	0	75	0	0	0	0	0	
1.24045e+06	0	0	0	0	0	0	0	0	0	0	71	0	0	0	0	0	
1.2412e+06	0	0	0	0	0	0	0	0	0	0	65	0	0	0	0	0	
1.24195e+06	0	0	0	0	0	0	0	0	0	0	79	0	0	0	0	0	
1.2427e+06	0	0	0	0	0	0	0	0	0	0	65	0	0	0	0	0	
1.24345e+06	0	0	0	0	0	0	0	0	0	0	53	0	0	0	0	0	
1.24419e+06	0	0	0	0	0	0	0	0	0	0	83	0	0	0	0	0	
1.24494e+06	0	0	0	0	0	0	0	0	0	0	77	0	0	0	0	0	
1.24569e+06	0	0	0	0	0	0	0	0	0	0	97	0	0	0	0	0	
1.24644e+06	0	0	0	0	0	0	0	0	0	0	75	0	0	0	0	0	
1.24719e+06	0	0	0	0	0	0	0	0	0	0	71	0	0	0	0	0	
1.24794e+06	0	0	0	0	0	0	0	0	0	0	71	0	0	0	0	0	
1.2487e+06	0	0	0	0	0	0	0	0	0	87	0	0	0	0	0	0	
1.24945e+06	0	0	0	0	0	0	0	0	0	103	0	0	0	0	0	0	
1.2502e+06	0	0	0	0	0	0	0	0	0	85	0	0	0	0	0	0	
1.25096e+06	0	0	0	0	0	0	0	0	0	77	0	0	0	0	0	0	
1.25171e+06	0	0	0	0	0	0	0	0	0	87	0	0	0	0	0	0	
1.25246e+06	0	0	0	0	0	0	0	0	0	73	0	0	0	0	0	0	
1.25321e+06	0	0	0	0	0	0	0	0	0	83	0	0	0	0	0	0	
1.25395e+06	0	0	0	0	0	0	0	0	0	57	0	0	0	0	0	0	
1.2547e+06	0	0	0	0	0	0	0	0	0	87	0	0	0	0	0	0	
1.25545e+06	0	0	0	0	0	0	0	0	0	71	0	0	0	0	0	0	
1.2562e+06	0	0	0	0	0	0	0	0	0	75	0	0	0	0	0	0	
1.25695e+06	0	0	0	0	0	0	0	0	0	81	0	0	0	0	0	0	
1.2577e+06	0	0	0	0	0	0	0	0	0	83	0	0	0	0	0	0	
1.25845e+06	0	0	0	0	0	0	0	0	0	87	0	0	0	0	0	0	
1.2592e+06	0	0	0	0	0	0	0	0	0	75	0	0	0	0	0	0	
1.25995e+06	0	0	0	0	0	0	0	0	0	87	0	0	0	0	0	0	
1.2607e+06	0	0	0	0	0	0	0	0	0	85	0	0	0	0	0	0	
1.26145e+06	0	0	0	0	0	0	0	0	0	101	0	0	0	0	0	0	
1.2622e+06	0	0	0	0	0	0	0	0	0	85	0	0	0	0	0	0	
1.26295e+06	0	0	0	0	0	0	0	0	0	81	0	0	0	0	0	0	
1.2637e+06	0	0	0	0	0	0	0	0	93	0	0	0	0	0	0	0	
1.26444e+06	0	0	0	0	0	0	0	0	95	0	0	0	0	0	0	0	
1.26519e+06	0	0	0	0	0	0	0	0	81	0	0	0	0	0	0	0	
1.26594e+06	0	0	0	0	0	0	0	0	99	0	0	0	0	0	0	0	
1.26669e+06	0	0	0	0	0	0	0	0	87	0	0	0	0	0	0	0	
1.26745e+06	0	0	0	0	0	0	0	0	0	81	0	0	0	0	0	0	
1.26819e+06	0	0	0	0	0	0	0	0	0	65	0	0	0	0	0	0	
1.26894e+06	0	0	0	0	0	0	0	0	0	87	0	0	0	0	0	0	
1.26969e+06	0	0	0	0	0	0	0	0	0	73	0	0	0	0	0	0	
1.27044e+06	0	0	0	0	0	0	0	0	0	75	0	0	0	0	0	0	
1.27119e+06	0	0	0	0	0	0	0	0	0	93	0	0	0	0	0	0	
1.27193e+06	0	0	0	0	0	0	0	0	0	89	0	0	0	0	0	0	
1.27268e+06	0	0	0	0	0	0	0	0	0	83	0	0	0	0	0	0	
1.27343e+06	0	0	0	0	0	0	0	0	0	91	0	0	0	0	0	0	
1.27418e+06	0	0	0	0	0	0	0	0	0	67	0	0	0	0	0	0	
1.27493e+06	0	0	0	0	0	0	0	0	0	77	0	0	0	0	0	0	
1.27568e+06	0	0	0	0	0	0	0	0	0	89	0	0	0	0	0	0	
1.27643e+06	0	0	0	0	0	0	0	0	0	95	0	0	0	0	0	0	
1.27718e+06	0	0	0	0	0	0	0	0	0	87	0	0	0	0	0	0	
1.27793e+06	0	0	0	0	0	0	0	0	0	75	0	0	0	0	0	0	
1.27868e+06	0	0	0	0	0	0	0	0	0	77	0	0	0	0	0	0	
1.27943e+06	0	0	0	0	0	0	0	0	0	89	0	0	0	0	0	0	
1.28018e+06	0	0	0	0	0	0	0	0	0	87	0	0	0	0	0	0	
1.28093e+06	0	0	0	0	0	0	0	0	0	75	0	0	0	0	0	0	
1.28168e+06	0	0	0	0	0	0	0	0	0	87	0	0	0	0	0	0	
1.28243e+06	0	0	0	0	0	0	0	0	0	91	0	0	0	0	0	0	
1.28318e+06	0	0	0	0	0	0	0	0	0	85	0	0	0	0	0	0	
1.28393e+06	0	0	0	0	0	0	0	0	0	97	0	0	0	0	0	0	
1.28468e+06	0	0	0	0	0	0	0	0	0	93	0	0	0	0	0	0	
1.28543e+06	0	0	0	0	0	0	0	0	0	87	0	0	0	0	0	0	
1.28618e+06	0	0	0	0	0	0	0	0	0	81	0	0	0	0	0	0	
1.28693e+06	0	0	0	0	0	0	0	0	0	77	0	0	0	0	0	0	
1.28768e+06	0	0	0	0	0	0	0	0	0	73	0	0	0	0	0	0	
1.28843e+06	0	0	0	0	0	0	0	0	0	85	0	0	0	0	0	0	
1.28918e+06	0	0	0	0	0	0	0	0	0	75	0	0	0	0	0	0	
1.28993e+06	0	0	0	0	0	0	0	0	0	77	0	0	0	0	0	0	
1.29067e+06	0	0	0	0	0	0	0	0	0	91	0	0	0	0	0	0	
1.29142e+06	0	0	0	0	0	0	0	0	0	0	75	0	0	0	0	0	
1.29217e+06	0	0	0	0	0	0	0	0	0	77	0	0	0	0	0	0	
1.29292e+06	0	0	0	0	0	0	0	0	3	76	0	0	0	0	0	0	
1.29367e+06	0	0	0	0	0	0	0	0	89	0	0	0	0	0	0	0	
1.29442e+06	0	0	0	0	0	0	0	0	93	0	0	0	0	0	0	0	
1.29517e+06	0	0	0	0	0	0	0	0	99	0	0	0	0	0	0	0	
1.29592e+06	0	0	0	0	0	0	0	0	67	0	0	0	0	0	0	0	
1.29667e+06	0	0	0	0	0	0	0	0	101	0	0	0	0	0	0	0	
1.29742e+06	0	0	0	0	0	0	0	0	113	0	0	0	0	0	0	0	
1.29817e+06	0	0	0	0	0	0	0	0	111	0	0	0	0	0	0	0	
1.29892e+06	0	0	0	0	0	0	0	0	87	0	0	0	0	0	0	0	
1.29967e+06	0	0	0	0	0	0	0	0	83	0	0	0	0	0	0	0	
1.30042e+06	0	0	0	0	0	0	0	0	79	0	0	0	0	0	0	0	
1.30117e+06	0	0	0	0	0	0	0	0	89	0	0	0	0	0	0	0	
1.30191e+06	0	0	0	0	0	0	0	0	109	0	0	0	0	0	0	0	
1.30266e+06	0	0	0	0	0	0	0	0	85	0	0	0	0	0	0	0	
1.30341e+06	0	0	0	0	0	0	0	0	73	0	0	0	0	0	0	0	
1.30416e+06	0	0	0	0	0	0	0	0	81	0	0	0	0	0	0	0	
1.30491e+06	0	0	0	0	0	0	0	0	85	0	0	0	0	0	0	0	
1.30566e+06	0	0	0	0	0	0	0	0	95	0	0	0	0	0	0	0	
1.30641e+06	0	0	0	0	0	0	0	0	85	0	0	0	0	0	0	0	
1.30716e+06	0	0	0	0	0	0	0	0	93	0	0	0	0	0	0	0	
1.30791e+06	0	0	0	0	0	0	0	0	99	0	0	0	0	0	0	0	
1.30866e+06	0	0	0	0	0	0	0	0	81	0	0	0	0	0	0	0	
1.30942e+06	0	0	0	0	0	0	0	0	81	0	0	0	0	0	0	0	
1.31017e+06	0	0	0	0	0	0	0	0	71	0	0	0	0	0	0	0	
1.31091e+06	0	0	0	0	0	0	0	0	79	0	0	0	0	0	0	0	
1.31166e+06	0	0	0	0	0	0	0	0	87	0	0	0	0	0	0	0	
1.31241e+06	0	0	0	0	0	0	0	0	0	87	0	0	0	0	0	0	
1.31316e+06	0	0	0	0	0	0	0	0	0	93	0	0	0	0	0	0	
1.31391e+06	0	0	0	0	0	0	0	0	83	0	0	0	0	0	0	0	
1.31466e+06	0	0	0	0	0	0	0	0	113	0	0	0	0	0	0	0	
1.31541e+06	0	0	0	0	0	0	0	0	0	83	0	0	0	0	0	0	
1.31616e+06	0	0	0	0	0	0	0	0	0	77	0	0	0	0	0	0	
1.31692e+06	0	0	0	0	0	0	0	0	0	79	0	0	0	0	0	0	
1.31766e+06	0	0	0	0	0	0	0	0	0	91	0	0	0	0	0	0	
1.31842e+06	0	0	0	0	0	0	0	0	0	79	0	0	0	0	0	0	
1.31917e+06	0	0	0	0	0	0	0	0	0	91	0	0	0	0	0	0	
1.31992e+06	0	0	0	0	0	0	0	0	0	89	0	0	0	0	0	0	
1.32067e+06	0	0	0	0	0	0	0	0	0	75	0	0	0	0	0	0	
1.32142e+06	0	0	0	0	0	0	0	0	0	71	0	0	0	0	0	0	
1.32217e+06	0	0	0	0	0	0	0	0	0	63	0	0	0	0	0	0	
1.32292e+06	0	0	0	0	0	0	0	0	0	87	0	0	0	0	0	0	
1.32367e+06	0	0	0	0	0	0	0	0	0	83	0	0	0	0	0	0	
1.32442e+06	0	0	0	0	0	0	0	0	0	87	0	0	0	0	0	0	
1.32517e+06	0	0	0	0	0	0	0	0	0	79	0	0	0	0	0	0	
1.32591e+06	0	0	0	0	0	0	0	0	0	71	0	0	0	0	0	0	
1.32666e+06	0	0	0	0	0	0	0	0	0	73	0	0	0	0	0	0	
1.32741e+06	0	0	0	0	0	0	0	0	0	75	0	0	0	0	0	0	
1.32816e+06	0	0	0	0	0	0	0	0	0	77	0	0	0	0	0	0	
1.32891e+06	0	0	0	0	0	0	0	0	0	91	0	0	0	0	0	0	
1.32966e+06	0	0	0	0	0	0	0	0	0	87	0	0	0	0	0	0	
1.33041e+06	0	0	0	0	0	0	0	0	0	77	0	0	0	0	0	0	
1.33117e+06	0	0	0	0	0	0	0	0	0	81	0	0	0	0	0	0	
1.33192e+06	0	0	0	0	0	0	0	0	0	67	0	0	0	0	0	0	
1.33267e+06	0	0	0	0	0	0	0	0	0	85	0	0	0	0	0	0	
1.33342e+06	0	0	0	0	0	0	0	0	0	65	0	0	0	0	0	0	
1.33416e+06	0	0	0	0	0	0	0	0	0	67	0	0	0	0	0	0	
1.33491e+06	0	0	0	0	0	0	0	0	89	0	0	0	0	0	0	0	
1.33566e+06	0	0	0	0	0	0	0	0	111	0	0	0	0	0	0	0	
1.33641e+06	0	0	0	0	0	0	0	0	67	0	0	0	0	0	0	0	
1.33715e+06	0	0	0	0	0	0	0	0	83	0	0	0	0	0	0	0	
1.33791e+06	0	0	0	0	0	0	0	0	85	0	0	0	0	0	0	0	
1.33866e+06	0	0	0	0	0	0	0	0	0	77	0	0	0	0	0	0	
1.33941e+06	0	0	0	0	0	0	0	0	0	87	0	0	0	0	0	0	
1.34016e+06	0	0	0	0	0	0	0	0	0	81	0	0	0	0	0	0	
1.34091e+06	0	0	0	0	0	0	0	0	0	83	0	0	0	0	0	0	
1.34166e+06	0	0	0	0	0	0	0	0	0	79	0	0	0	0	0	0	
1.34241e+06	0	0	0	0	0	0	0	0	89	0	0	0	0	0	0	0	
1.34317e+06	0	0	0	0	0	0	0	0	79	0	0	0	0	0	0	0	
1.34391e+06	0	0	0	0	0	0	0	0	91	0	0	0	0	0	0	0	
1.34466e+06	0	0	0	0	0	0	0	0	79	0	0	0	0	0	0	0	
1.34541e+06	0	0	0	0	0	0	0	0	85	0	0	0	0	0	0	0	
1.34616e+06	0	0	0	0	0	0	0	0	91	0	0	0	0	0	0	0	
1.34691e+06	0	0	0	0	0	0	0	0	95	0	0	0	0	0	0	0	
1.34766e+06	0	0	0	0	0	0	0	0	87	0	0	0	0	0	0	0	
1.34841e+06	0	0	0	0	0	0	0	0	77	0	0	0	0	0	0	0	
1.34916e+06	0	0	0	0	0	0	0	0	81	0	0	0	0	0	0	0	
1.34991e+06	0	0	0	0	0	0	0	0	77	0	0	0	0	0	0	0	
1.35066e+06	0	0	0	0	0	0	0	0	77	0	0	0	0	0	0	0	
1.35141e+06	0	0	0	0	0	0	0	0	85	0	0	0	0	0	0	0	
1.35216e+06	0	0	0	0	0	0	0	0	79	0	0	0	0	0	0	0	
1.35291e+06	0	0	0	0	0	0	0	0	77	0	0	0	0	0	0	0	
1.35366e+06	0	0	0	0	0	0	0	0	99	0	0	0	0	0	0	0	
1.35441e+06	0	0	0	0	0	0	0	0	77	0	0	0	0	0	0	0	
1.35516e+06	0	0	0	0	0	0	0	0	85	0	0	0	0	0	0	0	
1.35591e+06	0	0	0	0	0	0	0	0	97	0	0	0	0	0	0	0	
1.35666e+06	0	0	0	0	0	0	0	0	97	0	0	0	0	0	0	0	
1.35741e+06	0	0	0	0	0	0	0	0	103	0	0	0	0	0	0	0	
1.35816e+06	0	0	0	0	0	0	0	107	0	0	0	0	0	0	0	0	
1.35892e+06	0	0	0	0	0	0	0	99	0	0	0	0	0	0	0	0	
1.35967e+06	0	0	0	0	0	0	0	113	0	0	0	0	0	0	0	0	
1.36042e+06	0	0	0	0	0	0	0	103	0	0	0	0	0	0	0	0	
1.36117e+06	0	0	0	0	0	0	0	105	0	0	0	0	0	0	0	0	
1.36192e+06	0	0	0	0	0	0	0	85	0	0	0	0	0	0	0	0	
1.36267e+06	0	0	0	0	0	0	0	101	0	0	0	0	0	0	0	0	
1.36342e+06	0	0	0	0	0	0	117	0	0	0	0	0	0	0	0	0	
1.36417e+06	0	0	0	0	0	0	141	0	0	0	0	0	0	0	0	0	
1.36492e+06	0	0	0	0	0	0	121	0	0	0	0	0	0	0	0	0	
1.36567e+06	0	0	0	0	0	0	135	0	0	0	0	0	0	0	0	0	
1.36643e+06	0	0	0	0	0	0	121	0	0	0	0	0	0	0	0	0	
1.36717e+06	0	0	0	0	0	0	113	0	0	0	0	0	0	0	0	0	
1.36792e+06	0	0	0	0	0	0	111	0	0	0	0	0	0	0	0	0	
1.36867e+06	0	0	0	0	0	0	125	0	0	0	0	0	0	0	0	0	
1.36942e+06	0	0	0	0	0	0	117	0	0	0	0	0	0	0	0	0	
1.37017e+06	0	0	0	0	0	0	107	0	0	0	0	0	0	0	0	0	
1.37092e+06	0	0	0	0	0	0	111	0	0	0	0	0	0	0	0	0	
1.37167e+06	0	0	0	0	0	0	119	0	0	0	0	0	0	0	0	0	
1.37241e+06	0	0	0	0	0	0	105	0	0	0	0	0	0	0	0	0	
1.37317e+06	0	0	0	0	0	0	113	0	0	0	0	0	0	0	0	0	
1.37391e+06	0	0	0	0	0	0	117	0	0	0	0	0	0	0	0	0	
1.37466e+06	0	0	0	0	0	0	113	0	0	0	0	0	0	0	0	0	
1.37541e+06	0	0	0	0	0	0	119	0	0	0	0	0	0	0	0	0	
1.37617e+06	0	0	0	0	0	0	111	0	0	0	0	0	0	0	0	0	
1.37692e+06	0	0	0	0	0	0	113	0	0	0	0	0	0	0	0	0	
1.37767e+06	0	0	0	0	0	0	109	0	0	0	0	0	0	0	0	0	
1.37842e+06	0	0	0	0	0	0	117	0	0	0	0	0	0	0	0	0	
1.37917e+06	0	0	0	0	0	0	133	0	0	0	0	0	0	0	0	0	
1.37992e+06	0	0	0	0	0	0	95	0	0	0	0	0	0	0	0	0	
1.38067e+06	0	0	0	0	0	0	123	0	0	0	0	0	0	0	0	0	
1.38142e+06	0	0	0	0	0	0	111	0	0	0	0	0	0	0	0	0	
1.38217e+06	0	0	0	0	0	0	123	0	0	0	0	0	0	0	0	0	
1.38292e+06	0	0	0	0	0	0	103	0	0	0	0	0	0	0	0	0	
1.38367e+06	0	0	0	0	0	0	109	0	0	0	0	0	0	0	0	0	
1.38441e+06	0	0	0	0	0	0	105	0	0	0	0	0	0	0	0	0	
1.38516e+06	0	0	0	0	0	0	127	0	0	0	0	0	0	0	0	0	
1.38591e+06	0	0	0	0	0	0	117	0	0	0	0	0	0	0	0	0	
1.38666e+06	0	0	0	0	0	0	107	0	0	0	0	0	0	0	0	0	
1.38741e+06	0	0	0	0	0	0	123	0	0	0	0	0	0	0	0	0	
1.38816e+06	0	0	0	0	0	0	127	0	0	0	0	0	0	0	0	0	
1.38891e+06	0	0	0	0	0	0	107	0	0	0	0	0	0	0	0	0	
1.38967e+06	0	0	0	0	0	0	123	0	0	0	0	0	0	0	0	0	
1.39042e+06	0	0	0	0	0	0	119	0	0	0	0	0	0	0	0	0	
1.39117e+06	0	0	0	0	0	0	127	0	0	0	0	0	0	0	0	0	
1.39192e+06	0	0	0	0	0	0	113	0	0	0	0	0	0	0	0	0	
1.39267e+06	0	0	0	0	0	0	107	0	0	0	0	0	0	0	0	0	
1.39342e+06	0	0	0	0	0	0	123	0	0	0	0	0	0	0	0	0	
1.39417e+06	0	0	0	0	0	0	121	0	0	0	0	0	0	0	0	0	
1.39492e+06	0	0	0	0	0	0	123	0	0	0	0	0	0	0	0	0	
1.39567e+06	0	0	0	0	0	0	0	103	0	0	0	0	0	0	0	0	
1.39642e+06	0	0	0	0	0	0	0	95	0	0	0	0	0	0	0	0	
1.39717e+06	0	0	0	0	0	0	0	103	0	0	0	0	0	0	0	0	
1.39792e+06	0	0	0	0	0	0	0	95	0	0	0	0	0	0	0	0	
1.39867e+06	0	0	0	0	0	0	0	93	0	0	0	0	0	0	0	0	
1.39943e+06	0	0	0	0	0	0	0	105	0	0	0	0	0	0	0	0	
1.40017e+06	0	0	0	0	0	0	0	103	0	0	0	0	0	0	0	0	
1.40092e+06	0	0	0	0	0	0	0	115	0	0	0	0	0	0	0	0	
1.40167e+06	0	0	0	0	0	0	0	101	0	0	0	0	0	0	0	0	
1.40242e+06	0	0	0	0	0	0	0	89	0	0	0	0	0	0	0	0	
1.40317e+06	0	0	0	0	0	0	0	93	0	0	0	0	0	0	0	0	
1.40392e+06	0	0	0	0	0	0	0	107	0	0	0	0	0	0	0	0	
1.40467e+06	0	0	0	0	0	0	0	0	83	0	0	0	0	0	0	0	
1.40543e+06	0	0	0	0	0	0	0	0	87	0	0	0	0	0	0	0	
1.40617e+06	0	0	0	0	0	0	0	0	115	0	0	0	0	0	0	0	
1.40692e+06	0	0	0	0	0	0	0	0	105	0	0	0	0	0	0	0	
1.40767e+06	0	0	0	0	0	0	0	0	105	0	0	0	0	0	0	0	
1.40842e+06	0	0	0	0	0	0	0	47	50	0	0	0	0	0	0	0	
1.40917e+06	0	0	0	0	0	0	0	0	85	0	0	0	0	0	0	0	
1.40992e+06	0	0	0	0	0	0	0	0	87	0	0	0	0	0	0	0	
1.41067e+06	0	0	0	0	0	0	0	0	83	0	0	0	0	0	0	0	
1.41142e+06	0	0	0	0	0	0	0	0	105	0	0	0	0	0	0	0	
1.41217e+06	0	0	0	0	0	0	0	0	71	0	0	0	0	0	0	0	
1.41292e+06	0	0	0	0	0	0	0	0	0	85	0	0	0	0	0	0	
1.41367e+06	0	0	0	0	0	0	0	0	0	79	0	0	0	0	0	0	
1.41442e+06	0	0	0	0	0	0	0	0	0	75	0	0	0	0	0	0	
1.41518e+06	0	0	0	0	0	0	0	0	0	77	0	0	0	0	0	0	
1.41592e+06	0	0	0	0	0	0	0	0	0	77	0	0	0	0	0	0	
1.41667e+06	0	0	0	0	0	0	0	0	0	109	0	0	0	0	0	0	
1.41743e+06	0	0	0	0	0	0	0	0	0	73	0	0	0	0	0	0	
1.41817e+06	0	0	0	0	0	0	0	0	0	85	0	0	0	0	0	0	
1.41893e+06	0	0	0	0	0	0	0	0	0	75	0	0	0	0	0	0	
1.41968e+06	0	0	0	0	0	0	0	0	0	81	0	0	0	0	0	0	
1.42043e+06	0	0	0	0	0	0	0	0	0	89	0	0	0	0	0	0	
1.42118e+06	0	0	0	0	0	0	0	0	0	79	0	0	0	0	0	0	
1.42193e+06	0	0	0	0	0	0	0	0	0	75	0	0	0	0	0	0	
1.42268e+06	0	0	0	0	0	0	0	0	0	75	0	0	0	0	0	0	
1.42343e+06	0	0	0	0	0	0	0	0	0	83	0	0	0	0	0	0	
1.42418e+06	0	0	0	0	0	0	0	0	0	85	0	0	0	0	0	0	
1.42493e+06	0	0	0	0	0	0	0	0	0	87	0	0	0	0	0	0	
1.42568e+06	0	0	0	0	0	0	0	0	0	91	0	0	0	0	0	0	
1.42643e+06	0	0	0	0	0	0	0	0	0	79	0	0	0	0	0	0	
1.42718e+06	0	0	0	0	0	0	0	0	0	73	0	0	0	0	0	0	
1.42793e+06	0	0	0	0	0	0	0	0	0	77	0	0	0	0	0	0	
1.42868e+06	0	0	0	0	0	0	0	0	0	81	0	0	0	0	0	0	
1.42943e+06	0	0	0	0	0	0	0	0	0	99	0	0	0	0	0	0	
1.43018e+06	0	0	0	0	0	0	0	0	0	71	0	0	0	0	0	0	
1.43093e+06	0	0	0	0	0	0	0	0	0	81	0	0	0	0	0	0	
1.43168e+06	0	0	0	0	0	0	0	0	0	99	0	0	0	0	0	0	
1.43243e+06	0	0	0	0	0	0	0	0	0	77	0	0	0	0	0	0	
1.43318e+06	0	0	0	0	0	0	0	0	0	101	0	0	0	0	0	0	
1.43393e+06	0	0	0	0	0	0	0	0	81	0	0	0	0	0	0	0	
1.43468e+06	0	0	0	0	0	0	0	0	99	0	0	0	0	0	0	0	
1.43542e+06	0	0	0	0	0	0	0	0	103	0	0	0	0	0	0	0	
1.43618e+06	0	0	0	0	0	0	0	103	0	0	0	0	0	0	0	0	
1.43693e+06	0	0	0	0	0	0	0	111	0	0	0	0	0	0	0	0	
1.43768e+06	0	0	0	0	0	0	0	107	0	0	0	0	0	0	0	0	
1.43843e+06	0	0	0	0	0	0	0	101	0	0	0	0	0	0	0	0	
1.43918e+06	0	0	0	0	0	0	0	91	0	0	0	0	0	0	0	0	
1.43993e+06	0	0	0	0	0	0	0	97	0	0	0	0	0	0	0	0	
1.44068e+06	0	0	0	0	0	0	0	103	0	0	0	0	0	0	0	0	
1.44143e+06	0	0	0	0	0	0	0	91	0	0	0	0	0	0	0	0	
1.44217e+06	0	0	0	0	0	0	0	91	0	0	0	0	0	0	0	0	
1.44292e+06	0	0	0	0	0	0	0	103	0	0	0	0	0	0	0	0	
1.44367e+06	0	0	0	0	0	0	0	113	0	0	0	0	0	0	0	0	
1.44442e+06	0	0	0	0	0	0	0	105	0	0	0	0	0	0	0	0	
1.44517e+06	0	0	0	0	0	0	0	105	0	0	0	0	0	0	0	0	
1.44592e+06	0	0	0	0	0	0	0	121	0	0	0	0	0	0	0	0	
1.44667e+06	0	0	0	0	0	0	0	103	0	0	0	0	0	0	0	0	
1.44742e+06	0	0	0	0	0	0	0	109	0	0	0	0	0	0	0	0	
1.44817e+06	0	0	0	0	0	0	0	99	0	0	0	0	0	0	0	0	
1.44892e+06	0	0	0	0	0	0	0	93	0	0	0	0	0	0	0	0	
1.44967e+06	0	0	0	0	0	0	0	95	0	0	0	0	0	0	0	0	
1.45043e+06	0	0	0	0	0	0	0	105	0	0	0	0	0	0	0	0	
1.45118e+06	0	0	0	0	0	0	0	77	0	0	0	0	0	0	0	0	
1.45193e+06	0	0	0	0	0	0	24	63	0	0	0	0	0	0	0	0	
1.45268e+06	0	0	0	0	0	0	0	95	0	0	0	0	0	0	0	0	
1.45343e+06	0	0	0	0	0	0	129	0	0	0	0	0	0	0	0	0	
1.45418e+06	0	0	0	0	0	0	117	0	0	0	0	0	0	0	0	0	
1.45493e+06	0	0	0	0	0	0	119	0	0	0	0	0	0	0	0	0	
1.45568e+06	0	0	0	0	0	0	125	0	0	0	0	0	0	0	0	0	
1.45643e+06	0	0	0	0	0	0	109	0	0	0	0	0	0	0	0	0	
1.45718e+06	0	0	0	0	0	0	107	0	0	0	0	0	0	0	0	0	
1.45793e+06	0	0	0	0	0	0	137	0	0	0	0	0	0	0	0	0	
1.45868e+06	0	0	0	0	0	0	121	0	0	0	0	0	0	0	0	0	
1.45943e+06	0	0	0	0	0	0	107	0	0	0	0	0	0	0	0	0	
1.46018e+06	0	0	0	0	0	0	99	0	0	0	0	0	0	0	0	0	
1.46093e+06	0	0	0	0	0	0	137	0	0	0	0	0	0	0	0	0	
1.46168e+06	0	0	0	0	0	0	0	95	0	0	0	0	0	0	0	0	
1.46243e+06	0	0	0	0	0	0	0	99	0	0	0	0	0	0	0	0	
1.46317e+06	0	0	0	0	0	0	0	97	0	0	0	0	0	0	0	0	
1.46392e+06	0	0	0	0	0	0	0	101	0	0	0	0	0	0	0	0	
1.46467e+06	0	0	0	0	0	0	0	97	0	0	0	0	0	0	0	0	
1.46542e+06	0	0	0	0	0	0	0	105	0	0	0	0	0	0	0	0	
1.46618e+06	0	0	0	0	0	0	0	91	0	0	0	0	0	0	0	0	
1.46693e+06	0	0	0	0	0	0	0	73	0	0	0	0	0	0	0	0	
1.46768e+06	0	0	0	0	0	0	0	89	0	0	0	0	0	0	0	0	
1.46843e+06	0	0	0	0	0	0	0	113	0	0	0	0	0	0	0	0	
1.46918e+06	0	0	0	0	0	0	0	109	0	0	0	0	0	0	0	0	
1.46993e+06	0	0	0	0	0	0	0	99	0	0	0	0	0	0	0	0	
1.47068e+06	0	0	0	0	0	0	0	109	0	0	0	0	0	0	0	0	
1.47143e+06	0	0	0	0	0	0	0	91	0	0	0	0	0	0	0	0	
1.47218e+06	0	0	0	0	0	0	0	101	0	0	0	0	0	0	0	0	
1.47293e+06	0	0	0	0	0	0	0	109	0	0	0	0	0	0	0	0	
1.47368e+06	0	0	0	0	0	0	0	105	0	0	0	0	0	0	0	0	
1.47443e+06	0	0	0	0	0	0	0	107	0	0	0	0	0	0	0	0	
1.47518e+06	0	0	0	0	0	0	0	91	0	0	0	0	0	0	0	0	
1.47593e+06	0	0	0	0	0	0	0	95	0	0	0	0	0	0	0	0	
1.47668e+06	0	0	0	0	0	0	0	105	0	0	0	0	0	0	0	0	
1.47743e+06	0	0	0	0	0	0	0	127	0	0	0	0	0	0	0	0	
1.47818e+06	0	0	0	0	0	0	123	0	0	0	0	0	0	0	0	0	
1.47893e+06	0	0	0	0	0	0	109	0	0	0	0	0	0	0	0	0	
1.47968e+06	0	0	0	0	0	0	109	0	0	0	0	0	0	0	0	0	
1.48043e+06	0	0	0	0	0	0	121	0	0	0	0	0	0	0	0	0	
1.48118e+06	0	0	0	0	0	0	99	0	0	0	0	0	0	0	0	0	
1.48193e+06	0	0	0	0	0	0	121	0	0	0	0	0	0	0	0	0	
1.48268e+06	0	0	0	0	0	0	135	0	0	0	0	0	0	0	0	0	
1.48343e+06	0	0	0	0	0	0	119	0	0	0	0	0	0	0	0	0	
1.48417e+06	0	0	0	0	0	0	117	0	0	0	0	0	0	0	0	0	
1.48492e+06	0	0	0	0	0	0	131	0	0	0	0	0	0	0	0	0	
1.48567e+06	0	0	0	0	0	0	101	0	0	0	0	0	0	0	0	0	
1.48642e+06	0	0	0	0	0	0	115	0	0	0	0	0	0	0	0	0	
1.48717e+06	0	0	0	0	0	0	111	0	0	0	0	0	0	0	0	0	
1.48792e+06	0	0	0	0	0	0	105	0	0	0	0	0	0	0	0	0	
1.48867e+06	0	0	0	0	0	0	131	0	0	0	0	0	0	0	0	0	
1.48942e+06	0	0	0	0	0	21	98	0	0	0	0	0	0	0	0	0	
1.49017e+06	0	0	0	0	0	0	121	0	0	0	0	0	0	0	0	0	
1.49092e+06	0	0	0	0	0	0	113	0	0	0	0	0	0	0	0	0	
1.49167e+06	0	0	0	0	0	0	103	0	0	0	0	0	0	0	0	0	
1.49243e+06	0	0	0	0	0	0	117	0	0	0	0	0	0	0	0	0	
1.49318e+06	0	0	0	0	0	0	111	0	0	0	0	0	0	0	0	0	
1.49393e+06	0	0	0	0	0	0	103	0	0	0	0	0	0	0	0	0	
1.49468e+06	0	0	0	0	0	0	95	0	0	0	0	0	0	0	0	0	
1.49542e+06	0	0	0	0	0	0	125	0	0	0	0	0	0	0	0	0	
1.49617e+06	0	0	0	0	0	0	115	0	0	0	0	0	0	0	0	0	
1.49692e+06	0	0	0	0	0	0	107	0	0	0	0	0	0	0	0	0	
1.49767e+06	0	0	0	0	0	0	123	0	0	0	0	0	0	0	0	0	
1.49841e+06	0	0	0	0	0	0	127	0	0	0	0	0	0	0	0	0	
1.49917e+06	0	0	0	0	0	0	105	0	0	0	0	0	0	0	0	0	
1.49991e+06	0	0	0	0	0	0	105	0	0	0	0	0	0	0	0	0	
1.49991e+06	0	0	0	0	0	0	105	0	0	0	0	0	0	0	0	0	
