Time	s0	s1	s2	s3	s4	s5	s6	s7	s8	s9	s10	s11	s12	s13	s14	s15	
0	0	0	0	0	0	0	0	0	0	0	0	0	0	0	0	200	
0.00083959	0	0	0	0	0	0	0	0	0	0	0	0	0	0	0	199	
750.702	0	0	0	0	0	0	0	0	0	0	0	0	0	0	0	45	
1502.8	0	0	0	0	0	0	0	0	0	0	0	0	0	0	0	33	
2252.31	0	0	0	0	0	0	0	0	0	0	0	0	0	0	0	53	
3001.17	0	0	0	0	0	0	0	0	0	0	0	0	0	0	0	53	
3747.5	0	0	0	0	0	0	0	0	0	0	0	0	0	0	0	51	
4496.61	0	0	0	0	0	0	0	0	0	0	0	0	0	0	0	41	
5247.4	0	0	0	0	0	0	0	0	0	0	0	0	0	0	0	57	
5996.79	0	0	0	0	0	0	0	0	0	0	0	0	0	0	0	57	
6747.93	0	0	0	0	0	0	0	0	0	0	0	0	0	0	0	49	
7498.18	0	0	0	0	0	0	0	0	0	0	0	0	0	0	0	53	
8246.31	0	0	0	0	0	0	0	0	0	0	0	0	0	0	0	51	
8994.1	0	0	0	0	0	0	0	0	0	0	0	0	0	0	0	65	
9741.4	0	0	0	0	0	0	0	0	0	0	0	0	0	0	0	61	
10492.6	0	0	0	0	0	0	0	0	0	0	0	0	0	0	0	37	
11245.4	0	0	0	0	0	0	0	0	0	0	0	0	0	0	0	47	
11995.9	0	0	0	0	0	0	0	0	0	0	0	0	0	51	0	0	
12747.9	0	0	0	0	0	0	0	0	0	0	0	0	0	45	0	0	
13498.5	0	0	0	0	0	0	0	0	0	0	0	0	0	63	0	0	
14250.6	0	0	0	0	0	0	0	0	0	0	0	0	0	51	0	0	
15001.2	0	0	0	0	0	0	0	0	0	0	0	0	0	57	0	0	
15749	0	0	0	0	0	0	0	0	0	0	0	0	0	53	0	0	
16498.9	0	0	0	0	0	0	0	0	0	0	0	0	0	55	0	0	
17247	0	0	0	0	0	0	0	0	0	0	0	0	0	63	0	0	
17995.9	0	0	0	0	0	0	0	0	0	0	0	0	0	45	0	0	
18744.9	0	0	0	0	0	0	0	0	0	0	0	0	0	61	0	0	
19499	0	0	0	0	0	0	0	0	0	0	0	0	0	61	0	0	
20251.9	0	0	0	0	0	0	0	0	0	0	0	0	0	55	0	0	
21002	0	0	0	0	0	0	0	0	0	0	0	0	0	57	0	0	
21756.2	0	0	0	0	0	0	0	0	0	0	0	0	0	53	0	0	
22507.9	0	0	0	0	0	0	0	0	0	0	0	0	0	55	0	0	
23259.3	0	0	0	0	0	0	0	0	0	0	0	0	0	49	0	0	
24005.8	0	0	0	0	0	0	0	0	0	0	0	0	0	63	0	0	
24755.6	0	0	0	0	0	0	0	0	0	0	0	0	0	57	0	0	
25504.9	0	0	0	0	0	0	0	0	0	0	0	0	0	67	0	0	
26259.9	0	0	0	0	0	0	0	0	0	0	0	0	0	59	0	0	
27009.9	0	0	0	0	0	0	0	0	0	0	0	0	0	51	0	0	
27761.7	0	0	0	0	0	0	0	0	0	0	0	0	0	0	57	0	
28513.2	0	0	0	0	0	0	0	0	0	0	0	0	0	0	57	0	
29265.2	0	0	0	0	0	0	0	0	0	0	0	0	0	63	0	0	
30016.2	0	0	0	0	0	0	0	0	0	0	0	0	0	65	0	0	
30767.8	0	0	0	0	0	0	0	0	0	0	0	0	69	0	0	0	
31517.2	0	0	0	0	0	0	0	0	0	0	0	0	63	0	0	0	
32269.3	0	0	0	0	0	0	0	0	0	0	0	0	59	0	0	0	
33017.4	0	0	0	0	0	0	0	0	0	0	0	0	55	0	0	0	
33766	0	0	0	0	0	0	0	0	0	0	0	0	53	0	0	0	
34517.1	0	0	0	0	0	0	0	0	0	0	0	0	71	0	0	0	
35265.9	0	0	0	0	0	0	0	0	0	0	0	0	61	0	0	0	
36015.5	0	0	0	0	0	0	0	0	0	0	0	0	41	0	0	0	
36767.7	0	0	0	0	0	0	0	0	0	0	0	0	71	0	0	0	
37517.3	0	0	0	0	0	0	0	0	0	0	0	0	59	0	0	0	
38267.1	0	0	0	0	0	0	0	0	0	0	0	0	53	0	0	0	
39019.4	0	0	0	0	0	0	0	0	0	0	0	0	59	0	0	0	
39767.3	0	0	0	0	0	0	0	0	0	0	0	0	57	0	0	0	
40518.8	0	0	0	0	0	0	0	0	0	0	0	0	0	55	0	0	
41270	0	0	0	0	0	0	0	0	0	0	0	0	0	67	0	0	
42018.7	0	0	0	0	0	0	0	0	0	0	0	0	0	59	0	0	
42769.8	0	0	0	0	0	0	0	0	0	0	0	0	0	51	0	0	
43518.7	0	0	0	0	0	0	0	0	0	0	0	0	0	69	0	0	
44265.2	0	0	0	0	0	0	0	0	0	0	0	0	0	61	0	0	
45015.1	0	0	0	0	0	0	0	0	0	0	0	0	0	61	0	0	
45763.6	0	0	0	0	0	0	0	0	0	0	0	0	0	59	0	0	
46512.9	0	0	0	0	0	0	0	0	0	0	0	0	0	59	0	0	
47262.3	0	0	0	0	0	0	0	0	0	0	0	0	0	55	0	0	
48010.5	0	0	0	0	0	0	0	0	0	0	0	0	0	0	63	0	
48757.8	0	0	0	0	0	0	0	0	0	0	0	0	0	55	0	0	
49507	0	0	0	0	0	0	0	0	0	0	0	0	0	65	0	0	
50258.9	0	0	0	0	0	0	0	0	0	0	0	0	0	63	0	0	
51008.8	0	0	0	0	0	0	0	0	0	0	0	0	0	53	0	0	
51760.3	0	0	0	0	0	0	0	0	0	0	0	0	0	61	0	0	
52509.9	0	0	0	0	0	0	0	0	0	0	0	0	0	55	0	0	
53256.5	0	0	0	0	0	0	0	0	0	0	0	0	0	53	0	0	
54007.1	0	0	0	0	0	0	0	0	0	0	0	0	0	67	0	0	
54756.5	0	0	0	0	0	0	0	0	0	0	0	0	0	53	0	0	
55507.9	0	0	0	0	0	0	0	0	0	0	0	0	0	49	0	0	
56256.1	0	0	0	0	0	0	0	0	0	0	0	0	0	61	0	0	
57004	0	0	0	0	0	0	0	0	0	0	0	0	0	43	0	0	
57754.5	0	0	0	0	0	0	0	0	0	0	0	0	0	47	0	0	
58505.6	0	0	0	0	0	0	0	0	0	0	0	0	0	63	0	0	
59255.3	0	0	0	0	0	0	0	0	0	0	0	0	0	65	0	0	
60004.1	0	0	0	0	0	0	0	0	0	0	0	0	0	67	0	0	
60756.7	0	0	0	0	0	0	0	0	0	0	0	0	0	45	0	0	
61507	0	0	0	0	0	0	0	0	0	0	0	0	0	53	0	0	
62252.9	0	0	0	0	0	0	0	0	0	0	0	0	0	61	0	0	
63002.5	0	0	0	0	0	0	0	0	0	0	0	0	0	45	0	0	
63753.4	0	0	0	0	0	0	0	0	0	0	0	0	0	51	0	0	
64503.2	0	0	0	0	0	0	0	0	0	0	0	0	0	59	0	0	
65253.8	0	0	0	0	0	0	0	0	0	0	0	0	0	61	0	0	
66002.2	0	0	0	0	0	0	0	0	0	0	0	0	0	67	0	0	
66749.3	0	0	0	0	0	0	0	0	0	0	0	0	0	47	0	0	
67502.4	0	0	0	0	0	0	0	0	0	0	0	0	0	63	0	0	
68250.8	0	0	0	0	0	0	0	0	0	0	0	0	0	55	0	0	
68998.8	0	0	0	0	0	0	0	0	0	0	0	0	0	67	0	0	
69744.3	0	0	0	0	0	0	0	0	0	0	0	0	0	55	0	0	
70494.7	0	0	0	0	0	0	0	0	0	0	0	0	0	53	0	0	
71240.7	0	0	0	0	0	0	0	0	0	0	0	0	0	67	0	0	
71990	0	0	0	0	0	0	0	0	0	0	0	0	0	53	0	0	
72740.2	0	0	0	0	0	0	0	0	0	0	0	0	0	71	0	0	
73486.9	0	0	0	0	0	0	0	0	0	0	0	0	0	59	0	0	
74234.5	0	0	0	0	0	0	0	0	0	0	0	0	0	51	0	0	
74983.3	0	0	0	0	0	0	0	0	0	0	0	0	0	49	0	0	
75733.9	0	0	0	0	0	0	0	0	0	0	0	0	51	0	0	0	
76485.4	0	0	0	0	0	0	0	0	0	0	0	0	73	0	0	0	
77234.4	0	0	0	0	0	0	0	0	0	0	0	0	73	0	0	0	
77988.3	0	0	0	0	0	0	0	0	0	0	0	0	59	0	0	0	
78736.3	0	0	0	0	0	0	0	0	0	0	0	0	53	0	0	0	
79485.7	0	0	0	0	0	0	0	0	0	0	0	75	0	0	0	0	
80237.5	0	0	0	0	0	0	0	0	0	0	0	67	0	0	0	0	
80983.3	0	0	0	0	0	0	0	0	0	0	0	75	0	0	0	0	
81729.1	0	0	0	0	0	0	0	0	0	0	0	73	0	0	0	0	
82478	0	0	0	0	0	0	0	0	0	0	0	67	0	0	0	0	
83227.6	0	0	0	0	0	0	0	0	0	0	0	59	0	0	0	0	
83977.8	0	0	0	0	0	0	0	0	0	0	0	59	0	0	0	0	
84728	0	0	0	0	0	0	0	0	0	0	0	69	0	0	0	0	
85478.8	0	0	0	0	0	0	0	0	0	0	0	83	0	0	0	0	
86227.6	0	0	0	0	0	0	0	0	0	0	0	75	0	0	0	0	
86976.8	0	0	0	0	0	0	0	0	0	0	0	65	0	0	0	0	
87728.4	0	0	0	0	0	0	0	0	0	0	0	79	0	0	0	0	
88480.8	0	0	0	0	0	0	0	0	0	0	0	61	0	0	0	0	
89230.9	0	0	0	0	0	0	0	0	0	0	0	65	0	0	0	0	
89978.1	0	0	0	0	0	0	0	0	0	0	0	63	0	0	0	0	
90729	0	0	0	0	0	0	0	0	0	0	0	83	0	0	0	0	
91476.5	0	0	0	0	0	0	0	0	0	0	0	67	0	0	0	0	
92224.1	0	0	0	0	0	0	0	0	0	0	0	77	0	0	0	0	
92978	0	0	0	0	0	0	0	0	0	0	0	69	0	0	0	0	
93729.1	0	0	0	0	0	0	0	0	0	0	71	0	0	0	0	0	
94478.7	0	0	0	0	0	0	0	0	0	0	73	0	0	0	0	0	
95230	0	0	0	0	0	0	0	0	0	0	81	0	0	0	0	0	
95983.7	0	0	0	0	0	0	0	0	0	0	69	0	0	0	0	0	
96735.4	0	0	0	0	0	0	0	0	0	65	0	0	0	0	0	0	
97484.8	0	0	0	0	0	0	0	0	0	91	0	0	0	0	0	0	
98232.2	0	0	0	0	0	0	0	0	0	79	0	0	0	0	0	0	
98981.7	0	0	0	0	0	0	0	0	0	77	0	0	0	0	0	0	
99727.4	0	0	0	0	0	0	0	0	0	71	0	0	0	0	0	0	
100475	0	0	0	0	0	0	0	0	0	0	69	0	0	0	0	0	
101227	0	0	0	0	0	0	0	0	0	0	55	0	0	0	0	0	
101979	0	0	0	0	0	0	0	0	0	0	69	0	0	0	0	0	
102730	0	0	0	0	0	0	0	0	0	0	79	0	0	0	0	0	
103479	0	0	0	0	0	0	0	0	0	0	71	0	0	0	0	0	
104227	0	0	0	0	0	0	0	0	0	0	87	0	0	0	0	0	
104976	0	0	0	0	0	0	0	0	0	0	69	0	0	0	0	0	
105724	0	0	0	0	0	0	0	0	0	0	85	0	0	0	0	0	
106475	0	0	0	0	0	0	0	0	0	0	75	0	0	0	0	0	
107223	0	0	0	0	0	0	0	0	0	0	71	0	0	0	0	0	
107970	0	0	0	0	0	0	0	0	0	0	71	0	0	0	0	0	
108720	0	0	0	0	0	0	0	0	0	0	67	0	0	0	0	0	
109470	0	0	0	0	0	0	0	0	0	0	0	59	0	0	0	0	
110224	0	0	0	0	0	0	0	0	0	0	0	51	0	0	0	0	
110976	0	0	0	0	0	0	0	0	0	0	77	0	0	0	0	0	
111725	0	0	0	0	0	0	0	0	0	0	75	0	0	0	0	0	
112476	0	0	0	0	0	0	0	0	0	0	75	0	0	0	0	0	
113224	0	0	0	0	0	0	0	0	0	0	59	0	0	0	0	0	
113973	0	0	0	0	0	0	0	0	0	0	71	0	0	0	0	0	
114725	0	0	0	0	0	0	0	0	0	0	57	0	0	0	0	0	
115476	0	0	0	0	0	0	0	0	0	0	69	0	0	0	0	0	
116228	0	0	0	0	0	0	0	0	0	0	67	0	0	0	0	0	
116978	0	0	0	0	0	0	0	0	0	0	75	0	0	0	0	0	
117729	0	0	0	0	0	0	0	0	0	2	67	2	0	0	0	0	
118480	0	0	0	0	0	0	0	0	0	0	67	0	0	0	0	0	
119226	0	0	0	0	0	0	0	0	0	0	67	0	0	0	0	0	
119977	0	0	0	0	0	0	0	0	0	0	81	0	0	0	0	0	
120724	0	0	0	0	0	0	0	0	0	0	79	0	0	0	0	0	
121473	0	0	0	0	0	0	0	0	0	0	81	0	0	0	0	0	
122222	0	0	0	0	0	0	0	0	0	0	69	0	0	0	0	0	
122974	0	0	0	0	0	0	0	0	0	0	87	0	0	0	0	0	
123725	0	0	0	0	0	0	0	0	0	0	69	0	0	0	0	0	
124474	0	0	0	0	0	0	0	0	0	0	79	0	0	0	0	0	
125224	0	0	0	0	0	0	0	0	0	0	67	0	0	0	0	0	
125973	0	0	0	0	0	0	0	0	0	0	73	0	0	0	0	0	
126723	0	0	0	0	0	0	0	0	0	0	59	0	0	0	0	0	
127474	0	0	0	0	0	0	0	0	0	0	71	0	0	0	0	0	
128222	0	0	0	0	0	0	0	0	0	75	0	0	0	0	0	0	
128971	0	0	0	0	0	0	0	0	0	71	0	0	0	0	0	0	
129724	0	0	0	0	0	0	0	0	0	0	71	0	0	0	0	0	
130473	0	0	0	0	0	0	0	0	0	0	73	0	0	0	0	0	
131225	0	0	0	0	0	0	0	0	0	81	0	0	0	0	0	0	
131974	0	0	0	0	0	0	0	0	0	81	0	0	0	0	0	0	
132720	0	0	0	0	0	0	0	0	0	79	0	0	0	0	0	0	
133468	0	0	0	0	0	0	0	0	0	83	0	0	0	0	0	0	
134218	0	0	0	0	0	0	0	0	0	77	0	0	0	0	0	0	
134968	0	0	0	0	0	0	0	0	0	69	0	0	0	0	0	0	
135713	0	0	0	0	0	0	0	0	0	87	0	0	0	0	0	0	
136464	0	0	0	0	0	0	0	0	0	73	0	0	0	0	0	0	
137211	0	0	0	0	0	0	0	0	0	69	0	0	0	0	0	0	
137965	0	0	0	0	0	0	0	0	0	83	0	0	0	0	0	0	
138714	0	0	0	0	0	0	0	0	0	0	59	0	0	0	0	0	
139463	0	0	0	0	0	0	0	0	0	0	83	0	0	0	0	0	
140217	0	0	0	0	0	0	0	0	0	0	77	0	0	0	0	0	
140970	0	0	0	0	0	0	0	0	0	0	75	0	0	0	0	0	
141720	0	0	0	0	0	0	0	0	0	85	0	0	0	0	0	0	
142467	0	0	0	0	0	0	0	0	79	0	0	0	0	0	0	0	
143221	0	0	0	0	0	0	0	0	83	0	0	0	0	0	0	0	
143972	0	0	0	0	0	0	0	0	87	0	0	0	0	0	0	0	
144725	0	0	0	0	0	0	0	0	83	0	0	0	0	0	0	0	
145476	0	0	0	0	0	0	0	0	81	0	0	0	0	0	0	0	
146223	0	0	0	0	0	0	0	0	93	0	0	0	0	0	0	0	
146975	0	0	0	0	0	0	0	0	85	0	0	0	0	0	0	0	
147725	0	0	0	0	0	0	0	0	89	0	0	0	0	0	0	0	
148473	0	0	0	0	0	0	0	0	89	0	0	0	0	0	0	0	
149222	0	0	0	0	0	0	0	0	81	0	0	0	0	0	0	0	
149970	0	0	0	0	0	0	0	0	103	0	0	0	0	0	0	0	
150717	0	0	0	0	0	0	0	0	95	0	0	0	0	0	0	0	
151465	0	0	0	0	0	0	0	0	101	0	0	0	0	0	0	0	
152214	0	0	0	0	0	0	0	0	65	0	0	0	0	0	0	0	
152966	0	0	0	0	0	0	0	0	81	0	0	0	0	0	0	0	
153714	0	0	0	0	0	0	0	0	79	0	0	0	0	0	0	0	
154466	0	0	0	0	0	0	0	0	111	0	0	0	0	0	0	0	
155221	0	0	0	0	0	0	0	0	77	0	0	0	0	0	0	0	
155970	0	0	0	0	0	0	0	0	109	0	0	0	0	0	0	0	
156721	0	0	0	0	0	0	0	0	89	0	0	0	0	0	0	0	
157473	0	0	0	0	0	0	0	0	79	0	0	0	0	0	0	0	
158222	0	0	0	0	0	0	0	0	83	0	0	0	0	0	0	0	
158972	0	0	0	0	0	0	0	0	83	0	0	0	0	0	0	0	
159721	0	0	0	0	0	0	0	5	80	0	0	0	0	0	0	0	
160473	0	0	0	0	0	0	0	0	101	0	0	0	0	0	0	0	
161226	0	0	0	0	0	0	0	0	109	0	0	0	0	0	0	0	
161975	0	0	0	0	0	0	0	0	93	0	0	0	0	0	0	0	
162729	0	0	0	0	0	0	0	0	101	0	0	0	0	0	0	0	
163479	0	0	0	0	0	0	0	0	87	0	0	0	0	0	0	0	
164225	0	0	0	0	0	0	0	0	91	0	0	0	0	0	0	0	
164975	0	0	0	0	0	0	0	0	77	0	0	0	0	0	0	0	
165726	0	0	0	0	0	0	0	0	103	0	0	0	0	0	0	0	
166478	0	0	0	0	0	0	0	0	85	0	0	0	0	0	0	0	
167225	0	0	0	0	0	0	0	0	85	0	0	0	0	0	0	0	
167976	0	0	0	0	0	0	0	0	91	0	0	0	0	0	0	0	
168726	0	0	0	0	0	0	0	0	83	0	0	0	0	0	0	0	
169474	0	0	0	0	0	0	0	0	77	0	0	0	0	0	0	0	
170225	0	0	0	0	0	0	0	0	83	0	0	0	0	0	0	0	
170971	0	0	0	0	0	0	0	0	93	0	0	0	0	0	0	0	
171720	0	0	0	0	0	0	0	0	0	79	0	0	0	0	0	0	
172470	0	0	0	0	0	0	0	0	0	85	0	0	0	0	0	0	
173220	0	0	0	0	0	0	0	0	0	83	0	0	0	0	0	0	
173973	0	0	0	0	0	0	0	0	0	87	0	0	0	0	0	0	
174722	0	0	0	0	0	0	0	0	0	93	0	0	0	0	0	0	
175474	0	0	0	0	0	0	0	0	0	79	0	0	0	0	0	0	
176226	0	0	0	0	0	0	0	0	0	81	0	0	0	0	0	0	
176981	0	0	0	0	0	0	0	0	0	81	0	0	0	0	0	0	
177731	0	0	0	0	0	0	0	0	0	83	0	0	0	0	0	0	
178480	0	0	0	0	0	0	0	0	0	81	0	0	0	0	0	0	
179232	0	0	0	0	0	0	0	0	0	75	0	0	0	0	0	0	
179985	0	0	0	0	0	0	0	0	0	93	0	0	0	0	0	0	
180735	0	0	0	0	0	0	0	0	0	87	0	0	0	0	0	0	
181482	0	0	0	0	0	0	0	0	0	83	0	0	0	0	0	0	
182231	0	0	0	0	0	0	0	0	0	89	0	0	0	0	0	0	
182979	0	0	0	0	0	0	0	0	4	99	0	0	0	0	0	0	
183727	0	0	0	0	0	0	0	0	0	57	0	0	0	0	0	0	
184475	0	0	0	0	0	0	0	0	0	103	0	0	0	0	0	0	
185220	0	0	0	0	0	0	0	0	0	71	0	0	0	0	0	0	
185968	0	0	0	0	0	0	0	0	0	83	0	0	0	0	0	0	
186719	0	0	0	0	0	0	0	0	0	81	0	0	0	0	0	0	
187470	0	0	0	0	0	0	0	0	0	75	0	0	0	0	0	0	
188222	0	0	0	0	0	0	0	0	0	91	0	0	0	0	0	0	
188975	0	0	0	0	0	0	0	0	0	81	0	0	0	0	0	0	
189723	0	0	0	0	0	0	0	0	0	75	0	0	0	0	0	0	
190473	0	0	0	0	0	0	0	0	0	57	0	0	0	0	0	0	
191225	0	0	0	0	0	0	0	0	0	83	0	0	0	0	0	0	
191977	0	0	0	0	0	0	0	0	0	79	0	0	0	0	0	0	
192729	0	0	0	0	0	0	0	0	0	69	0	0	0	0	0	0	
193476	0	0	0	0	0	0	0	0	0	81	0	0	0	0	0	0	
194224	0	0	0	0	0	0	0	0	0	73	0	0	0	0	0	0	
194972	0	0	0	0	0	0	0	0	0	77	0	0	0	0	0	0	
195722	0	0	0	0	0	0	0	0	0	91	0	0	0	0	0	0	
196472	0	0	0	0	0	0	0	0	0	91	0	0	0	0	0	0	
197223	0	0	0	0	0	0	0	0	0	95	0	0	0	0	0	0	
197974	0	0	0	0	0	0	0	0	0	75	0	0	0	0	0	0	
198724	0	0	0	0	0	0	0	0	0	87	0	0	0	0	0	0	
199472	0	0	0	0	0	0	0	0	0	73	0	0	0	0	0	0	
200219	0	0	0	0	0	0	0	0	0	83	0	0	0	0	0	0	
200969	0	0	0	0	0	0	0	0	0	77	0	0	0	0	0	0	
201719	0	0	0	0	0	0	0	0	0	85	0	0	0	0	0	0	
202469	0	0	0	0	0	0	0	0	0	77	0	0	0	0	0	0	
203219	0	0	0	0	0	0	0	0	0	0	71	0	0	0	0	0	
203971	0	0	0	0	0	0	0	0	0	21	56	0	0	0	0	0	
204724	0	0	0	0	0	0	0	0	0	0	59	0	0	0	0	0	
205473	0	0	0	0	0	0	0	0	0	0	83	0	0	0	0	0	
206222	0	0	0	0	0	0	0	0	0	0	83	0	0	0	0	0	
206973	0	0	0	0	0	0	0	0	0	0	77	0	0	0	0	0	
207722	0	0	0	0	0	0	0	0	0	0	75	0	0	0	0	0	
208473	0	0	0	0	0	0	0	0	0	0	95	0	0	0	0	0	
209225	0	0	0	0	0	0	0	0	0	0	71	0	0	0	0	0	
209973	0	0	0	0	0	0	0	0	0	0	95	0	0	0	0	0	
210725	0	0	0	0	0	0	0	0	0	0	71	0	0	0	0	0	
211473	0	0	0	0	0	0	0	0	0	0	73	0	0	0	0	0	
212225	0	0	0	0	0	0	0	0	0	79	0	0	0	0	0	0	
212976	0	0	0	0	0	0	0	0	0	99	0	0	0	0	0	0	
213724	0	0	0	0	0	0	0	0	0	95	0	0	0	0	0	0	
214470	0	0	0	0	0	0	0	0	93	0	0	0	0	0	0	0	
215221	0	0	0	0	0	0	0	0	89	0	0	0	0	0	0	0	
215972	0	0	0	0	0	0	0	0	83	0	0	0	0	0	0	0	
216723	0	0	0	0	0	0	0	0	103	0	0	0	0	0	0	0	
217475	0	0	0	0	0	0	0	0	87	0	0	0	0	0	0	0	
218225	0	0	0	0	0	0	0	0	71	0	0	0	0	0	0	0	
218974	0	0	0	0	0	0	0	0	73	0	0	0	0	0	0	0	
219725	0	0	0	0	0	0	0	0	83	0	0	0	0	0	0	0	
220475	0	0	0	0	0	0	0	0	81	0	0	0	0	0	0	0	
221224	0	0	0	0	0	0	0	0	89	0	0	0	0	0	0	0	
221974	0	0	0	0	0	0	0	0	81	0	0	0	0	0	0	0	
222725	0	0	0	0	0	0	0	0	85	0	0	0	0	0	0	0	
223469	0	0	0	0	0	0	0	0	87	0	0	0	0	0	0	0	
224218	0	0	0	0	0	0	0	0	75	0	0	0	0	0	0	0	
224968	0	0	0	0	0	0	0	0	0	81	0	0	0	0	0	0	
225716	0	0	0	0	0	0	0	0	0	83	0	0	0	0	0	0	
226465	0	0	0	0	0	0	0	0	0	85	0	0	0	0	0	0	
227215	0	0	0	0	0	0	0	0	0	0	69	0	0	0	0	0	
227966	0	0	0	0	0	0	0	0	0	0	55	0	0	0	0	0	
228718	0	0	0	0	0	0	0	0	0	0	81	0	0	0	0	0	
229469	0	0	0	0	0	0	0	0	0	0	67	0	0	0	0	0	
230216	0	0	0	0	0	0	0	0	0	4	65	0	0	0	0	0	
230966	0	0	0	0	0	0	0	0	0	0	71	0	0	0	0	0	
231717	0	0	0	0	0	0	0	0	0	79	0	0	0	0	0	0	
232464	0	0	0	0	0	0	0	0	0	85	0	0	0	0	0	0	
233214	0	0	0	0	0	0	0	0	0	87	0	0	0	0	0	0	
233964	0	0	0	0	0	0	0	0	0	87	0	0	0	0	0	0	
234714	0	0	0	0	0	0	0	0	0	79	0	0	0	0	0	0	
235462	0	0	0	0	0	0	0	0	0	0	81	0	0	0	0	0	
236212	0	0	0	0	0	0	0	0	0	0	69	0	0	0	0	0	
236960	0	0	0	0	0	0	0	0	0	0	67	0	0	0	0	0	
237712	0	0	0	0	0	0	0	0	0	0	67	0	0	0	0	0	
238459	0	0	0	0	0	0	0	0	0	0	85	0	0	0	0	0	
239208	0	0	0	0	0	0	0	0	0	0	67	0	0	0	0	0	
239959	0	0	0	0	0	0	0	0	0	0	85	0	0	0	0	0	
240711	0	0	0	0	0	0	0	0	0	0	93	0	0	0	0	0	
241460	0	0	0	0	0	0	0	0	0	0	75	0	0	0	0	0	
242210	0	0	0	0	0	0	0	0	0	0	73	0	0	0	0	0	
242961	0	0	0	0	0	0	0	0	0	0	55	0	0	0	0	0	
243709	0	0	0	0	0	0	0	0	0	0	77	0	0	0	0	0	
244457	0	0	0	0	0	0	0	0	0	0	65	0	0	0	0	0	
245206	0	0	0	0	0	0	0	0	0	0	79	0	0	0	0	0	
245957	0	0	0	0	0	0	0	0	0	0	71	0	0	0	0	0	
246707	0	0	0	0	0	0	0	0	0	0	75	0	0	0	0	0	
247458	0	0	0	0	0	0	0	0	0	0	75	0	0	0	0	0	
248210	0	0	0	0	0	0	0	0	0	0	69	0	0	0	0	0	
248961	0	0	0	0	0	0	0	0	0	0	79	0	0	0	0	0	
249708	0	0	0	0	0	0	0	0	0	0	69	0	0	0	0	0	
250459	0	0	0	0	0	0	0	0	0	0	71	0	0	0	0	0	
251209	0	0	0	0	0	0	0	0	0	0	81	0	0	0	0	0	
251959	0	0	0	0	0	0	0	0	0	0	77	0	0	0	0	0	
252710	0	0	0	0	0	0	0	0	0	0	53	0	0	0	0	0	
253464	0	0	0	0	0	0	0	0	0	0	81	0	0	0	0	0	
254212	0	0	0	0	0	0	0	0	0	0	75	0	0	0	0	0	
254964	0	0	0	0	0	0	0	0	0	0	81	0	0	0	0	0	
255710	0	0	0	0	0	0	0	0	0	0	87	0	0	0	0	0	
256461	0	0	0	0	0	0	0	0	0	0	75	0	0	0	0	0	
257212	0	0	0	0	0	0	0	0	0	0	69	0	0	0	0	0	
257962	0	0	0	0	0	0	0	0	0	0	75	0	0	0	0	0	
258713	0	0	0	0	0	0	0	0	0	0	61	0	0	0	0	0	
259465	0	0	0	0	0	0	0	0	0	0	65	0	0	0	0	0	
260215	0	0	0	0	0	0	0	0	0	0	71	0	0	0	0	0	
260965	0	0	0	0	0	0	0	0	0	0	81	0	0	0	0	0	
261714	0	0	0	0	0	0	0	0	0	0	87	0	0	0	0	0	
262463	0	0	0	0	0	0	0	0	0	0	0	81	0	0	0	0	
263214	0	0	0	0	0	0	0	0	0	0	0	73	0	0	0	0	
263966	0	0	0	0	0	0	0	0	0	0	0	77	0	0	0	0	
264717	0	0	0	0	0	0	0	0	0	0	0	75	0	0	0	0	
265466	0	0	0	0	0	0	0	0	0	0	0	63	0	0	0	0	
266216	0	0	0	0	0	0	0	0	0	0	0	55	0	0	0	0	
266967	0	0	0	0	0	0	0	0	0	0	0	61	0	0	0	0	
267714	0	0	0	0	0	0	0	0	0	0	0	55	0	0	0	0	
268465	0	0	0	0	0	0	0	0	0	0	0	63	0	0	0	0	
269217	0	0	0	0	0	0	0	0	0	0	0	55	0	0	0	0	
269966	0	0	0	0	0	0	0	0	0	0	0	77	0	0	0	0	
270719	0	0	0	0	0	0	0	0	0	0	0	65	0	0	0	0	
271470	0	0	0	0	0	0	0	0	0	0	0	75	0	0	0	0	
272224	0	0	0	0	0	0	0	0	0	0	0	69	0	0	0	0	
272974	0	0	0	0	0	0	0	0	0	0	0	69	0	0	0	0	
273721	0	0	0	0	0	0	0	0	0	0	0	75	0	0	0	0	
274472	0	0	0	0	0	0	0	0	0	0	81	0	0	0	0	0	
275220	0	0	0	0	0	0	0	0	0	0	63	0	0	0	0	0	
275971	0	0	0	0	0	0	0	0	0	0	71	0	0	0	0	0	
276720	0	0	0	0	0	0	0	0	0	0	79	0	0	0	0	0	
277470	0	0	0	0	0	0	0	0	0	0	77	0	0	0	0	0	
278224	0	0	0	0	0	0	0	0	0	0	83	0	0	0	0	0	
278977	0	0	0	0	0	0	0	0	0	0	69	0	0	0	0	0	
279727	0	0	0	0	0	0	0	0	0	0	69	0	0	0	0	0	
280478	0	0	0	0	0	0	0	0	0	0	69	0	0	0	0	0	
281230	0	0	0	0	0	0	0	0	0	0	81	0	0	0	0	0	
281981	0	0	0	0	0	0	0	0	0	0	67	0	0	0	0	0	
282727	0	0	0	0	0	0	0	0	0	0	75	0	0	0	0	0	
283479	0	0	0	0	0	0	0	0	0	0	81	0	0	0	0	0	
284229	0	0	0	0	0	0	0	0	0	0	63	0	0	0	0	0	
284977	0	0	0	0	0	0	0	0	0	0	93	0	0	0	0	0	
285727	0	0	0	0	0	0	0	0	0	0	73	0	0	0	0	0	
286475	0	0	0	0	0	0	0	0	0	0	71	0	0	0	0	0	
287226	0	0	0	0	0	0	0	0	0	0	61	0	0	0	0	0	
287975	0	0	0	0	0	0	0	0	0	0	67	0	0	0	0	0	
288722	0	0	0	0	0	0	0	0	0	0	85	0	0	0	0	0	
289471	0	0	0	0	0	0	0	0	0	0	81	0	0	0	0	0	
290220	0	0	0	0	0	0	0	0	0	0	59	0	0	0	0	0	
290970	0	0	0	0	0	0	0	0	0	0	75	0	0	0	0	0	
291723	0	0	0	0	0	0	0	0	0	0	55	0	0	0	0	0	
292473	0	0	0	0	0	0	0	0	0	0	0	71	0	0	0	0	
293226	0	0	0	0	0	0	0	0	0	0	0	69	0	0	0	0	
293979	0	0	0	0	0	0	0	0	0	0	0	67	0	0	0	0	
294727	0	0	0	0	0	0	0	0	0	0	0	69	0	0	0	0	
295476	0	0	0	0	0	0	0	0	0	0	0	74	3	0	0	0	
296222	0	0	0	0	0	0	0	0	0	0	0	71	0	0	0	0	
296971	0	0	0	0	0	0	0	0	0	0	0	61	0	0	0	0	
297720	0	0	0	0	0	0	0	0	0	0	0	73	0	0	0	0	
298469	0	0	0	0	0	0	0	0	0	0	0	73	0	0	0	0	
299215	0	0	0	0	0	0	0	0	0	0	0	65	0	0	0	0	
299963	0	0	0	0	0	0	0	0	0	0	0	55	0	0	0	0	
300712	0	0	0	0	0	0	0	0	0	0	0	53	0	0	0	0	
301461	0	0	0	0	0	0	0	0	0	0	0	67	0	0	0	0	
302212	0	0	0	0	0	0	0	0	0	0	0	63	0	0	0	0	
302961	0	0	0	0	0	0	0	0	0	0	0	71	0	0	0	0	
303711	0	0	0	0	0	0	0	0	0	0	0	73	0	0	0	0	
304462	0	0	0	0	0	0	0	0	0	0	0	69	0	0	0	0	
305211	0	0	0	0	0	0	0	0	0	0	0	69	0	0	0	0	
305961	0	0	0	0	0	0	0	0	0	0	0	49	0	0	0	0	
306713	0	0	0	0	0	0	0	0	0	0	0	77	0	0	0	0	
307461	0	0	0	0	0	0	0	0	0	0	0	69	0	0	0	0	
308212	0	0	0	0	0	0	0	0	0	0	0	61	0	0	0	0	
308963	0	0	0	0	0	0	0	0	0	0	0	57	0	0	0	0	
309710	0	0	0	0	0	0	0	0	0	0	0	69	0	0	0	0	
310458	0	0	0	0	0	0	0	0	0	0	0	79	0	0	0	0	
311211	0	0	0	0	0	0	0	0	0	0	79	0	0	0	0	0	
311960	0	0	0	0	0	0	0	0	0	0	67	0	0	0	0	0	
312713	0	0	0	0	0	0	0	0	0	0	67	0	0	0	0	0	
313463	0	0	0	0	0	0	0	0	0	0	67	0	0	0	0	0	
314213	0	0	0	0	0	0	0	0	0	0	71	0	0	0	0	0	
314961	0	0	0	0	0	0	0	0	0	0	71	0	0	0	0	0	
315709	0	0	0	0	0	0	0	0	0	0	69	0	0	0	0	0	
316460	0	0	0	0	0	0	0	0	0	0	73	0	0	0	0	0	
317213	0	0	0	0	0	0	0	0	0	87	0	0	0	0	0	0	
317961	0	0	0	0	0	0	0	0	0	87	0	0	0	0	0	0	
318714	0	0	0	0	0	0	0	0	0	75	0	0	0	0	0	0	
319466	0	0	0	0	0	0	0	0	0	79	0	0	0	0	0	0	
320213	0	0	0	0	0	0	0	0	83	0	0	0	0	0	0	0	
320962	0	0	0	0	0	0	0	0	103	0	0	0	0	0	0	0	
321713	0	0	0	0	0	0	0	0	83	0	0	0	0	0	0	0	
322465	0	0	0	0	0	0	0	0	81	0	0	0	0	0	0	0	
323214	0	0	0	0	0	0	0	0	109	0	0	0	0	0	0	0	
323962	0	0	0	0	0	0	0	0	93	0	0	0	0	0	0	0	
324715	0	0	0	0	0	0	0	99	0	0	0	0	0	0	0	0	
325466	0	0	0	0	0	0	0	103	0	0	0	0	0	0	0	0	
326218	0	0	0	0	0	0	103	0	0	0	0	0	0	0	0	0	
326966	0	0	0	0	0	0	0	101	0	0	0	0	0	0	0	0	
327716	0	0	0	0	0	0	0	97	0	0	0	0	0	0	0	0	
328467	0	0	0	0	0	0	0	109	0	0	0	0	0	0	0	0	
329217	0	0	0	0	0	0	0	109	0	0	0	0	0	0	0	0	
329965	0	0	0	0	0	0	0	91	0	0	0	0	0	0	0	0	
330716	0	0	0	0	0	0	0	105	0	0	0	0	0	0	0	0	
331470	0	0	0	0	0	0	0	93	0	0	0	0	0	0	0	0	
332216	0	0	0	0	0	0	0	115	0	0	0	0	0	0	0	0	
332964	0	0	0	0	0	0	0	103	0	0	0	0	0	0	0	0	
333712	0	0	0	0	0	0	0	103	0	0	0	0	0	0	0	0	
334461	0	0	0	0	0	0	0	81	0	0	0	0	0	0	0	0	
335212	0	0	0	0	0	0	0	113	0	0	0	0	0	0	0	0	
335960	0	0	0	0	0	0	0	0	101	0	0	0	0	0	0	0	
336709	0	0	0	0	0	0	0	0	89	0	0	0	0	0	0	0	
337459	0	0	0	0	0	0	0	0	97	0	0	0	0	0	0	0	
338208	0	0	0	0	0	0	0	0	77	0	0	0	0	0	0	0	
338962	0	0	0	0	0	0	0	0	89	0	0	0	0	0	0	0	
339714	0	0	0	0	0	0	0	0	97	0	0	0	0	0	0	0	
340463	0	0	0	0	0	0	0	0	87	0	0	0	0	0	0	0	
341211	0	0	0	0	0	0	0	0	99	0	0	0	0	0	0	0	
341959	0	0	0	0	0	0	0	0	83	0	0	0	0	0	0	0	
342711	0	0	0	0	0	0	0	0	85	0	0	0	0	0	0	0	
343459	0	0	0	0	0	0	0	0	79	0	0	0	0	0	0	0	
344210	0	0	0	0	0	0	0	0	83	0	0	0	0	0	0	0	
344961	0	0	0	0	0	0	0	0	93	0	0	0	0	0	0	0	
345709	0	0	0	0	0	0	0	0	87	0	0	0	0	0	0	0	
346458	0	0	0	0	0	0	0	0	81	0	0	0	0	0	0	0	
347208	0	0	0	0	0	0	0	0	91	0	0	0	0	0	0	0	
347954	0	0	0	0	0	0	0	0	83	0	0	0	0	0	0	0	
348703	0	0	0	0	0	0	0	0	5	62	0	0	0	0	0	0	
349452	0	0	0	0	0	0	0	0	0	85	0	0	0	0	0	0	
350199	0	0	0	0	0	0	0	0	0	71	0	0	0	0	0	0	
350949	0	0	0	0	0	0	0	0	0	75	0	0	0	0	0	0	
351699	0	0	0	0	0	0	0	0	0	73	0	0	0	0	0	0	
352446	0	0	0	0	0	0	0	0	0	97	0	0	0	0	0	0	
353195	0	0	0	0	0	0	0	0	0	91	0	0	0	0	0	0	
353947	0	0	0	0	0	0	0	0	0	89	0	0	0	0	0	0	
354697	0	0	0	0	0	0	0	0	0	101	0	0	0	0	0	0	
355445	0	0	0	0	0	0	0	0	0	77	0	0	0	0	0	0	
356194	0	0	0	0	0	0	0	0	0	67	0	0	0	0	0	0	
356942	0	0	0	0	0	0	0	0	0	91	0	0	0	0	0	0	
357695	0	0	0	0	0	0	0	0	0	77	0	0	0	0	0	0	
358446	0	0	0	0	0	0	0	0	0	75	0	0	0	0	0	0	
359195	0	0	0	0	0	0	0	0	0	85	0	0	0	0	0	0	
359945	0	0	0	0	0	0	0	0	0	79	0	0	0	0	0	0	
360696	0	0	0	0	0	0	0	0	0	91	0	0	0	0	0	0	
361446	0	0	0	0	0	0	0	0	0	79	0	0	0	0	0	0	
362198	0	0	0	0	0	0	0	0	0	91	0	0	0	0	0	0	
362949	0	0	0	0	0	0	0	0	0	79	0	0	0	0	0	0	
363695	0	0	0	0	0	0	0	0	0	75	0	0	0	0	0	0	
364446	0	0	0	0	0	0	0	0	31	54	0	0	0	0	0	0	
365196	0	0	0	0	0	0	0	0	85	0	0	0	0	0	0	0	
365948	0	0	0	0	0	0	0	95	0	0	0	0	0	0	0	0	
366696	0	0	0	0	0	0	0	107	0	0	0	0	0	0	0	0	
367448	0	0	0	0	0	0	0	83	0	0	0	0	0	0	0	0	
368200	0	0	0	0	0	0	0	113	0	0	0	0	0	0	0	0	
368951	0	0	0	0	0	0	0	79	0	0	0	0	0	0	0	0	
369706	0	0	0	0	0	0	0	107	0	0	0	0	0	0	0	0	
370455	0	0	0	0	0	0	0	89	0	0	0	0	0	0	0	0	
371202	0	0	0	0	0	0	0	107	0	0	0	0	0	0	0	0	
371953	0	0	0	0	0	0	0	0	99	0	0	0	0	0	0	0	
372699	0	0	0	0	0	0	0	0	103	0	0	0	0	0	0	0	
373448	0	0	0	0	0	0	0	0	0	69	0	0	0	0	0	0	
374197	0	0	0	0	0	0	0	0	0	93	0	0	0	0	0	0	
374949	0	0	0	0	0	0	0	0	0	81	0	0	0	0	0	0	
375703	0	0	0	0	0	0	0	0	0	81	0	0	0	0	0	0	
376454	0	0	0	0	0	0	0	0	0	81	0	0	0	0	0	0	
377205	0	0	0	0	0	0	0	0	0	77	0	0	0	0	0	0	
377955	0	0	0	0	0	0	0	0	0	81	0	0	0	0	0	0	
378703	0	0	0	0	0	0	0	0	0	107	0	0	0	0	0	0	
379455	0	0	0	0	0	0	0	0	0	79	0	0	0	0	0	0	
380204	0	0	0	0	0	0	0	0	0	79	0	0	0	0	0	0	
380954	0	0	0	0	0	0	0	0	0	83	0	0	0	0	0	0	
381707	0	0	0	0	0	0	0	0	0	81	0	0	0	0	0	0	
382457	0	0	0	0	0	0	0	0	0	85	0	0	0	0	0	0	
383206	0	0	0	0	0	0	0	0	0	87	0	0	0	0	0	0	
383955	0	0	0	0	0	0	0	0	0	83	0	0	0	0	0	0	
384705	0	0	0	0	0	0	0	0	0	77	0	0	0	0	0	0	
385456	0	0	0	0	0	0	0	0	0	73	0	0	0	0	0	0	
386206	0	0	0	0	0	0	0	0	0	0	71	0	0	0	0	0	
386956	0	0	0	0	0	0	0	0	0	0	81	0	0	0	0	0	
387706	0	0	0	0	0	0	0	0	0	0	95	0	0	0	0	0	
388459	0	0	0	0	0	0	0	0	0	0	81	0	0	0	0	0	
389209	0	0	0	0	0	0	0	0	0	0	71	0	0	0	0	0	
389957	0	0	0	0	0	0	0	0	0	0	71	0	0	0	0	0	
390706	0	0	0	0	0	0	0	0	0	0	83	0	0	0	0	0	
391454	0	0	0	0	0	0	0	0	0	0	65	0	0	0	0	0	
392202	0	0	0	0	0	0	0	0	0	0	71	0	0	0	0	0	
392953	0	0	0	0	0	0	0	0	0	0	87	0	0	0	0	0	
393701	0	0	0	0	0	0	0	0	0	0	81	0	0	0	0	0	
394452	0	0	0	0	0	0	0	0	0	0	73	0	0	0	0	0	
395201	0	0	0	0	0	0	0	0	0	0	69	0	0	0	0	0	
395954	0	0	0	0	0	0	0	0	0	0	61	0	0	0	0	0	
396706	0	0	0	0	0	0	0	0	0	0	93	0	0	0	0	0	
397455	0	0	0	0	0	0	0	0	0	0	57	0	0	0	0	0	
398208	0	0	0	0	0	0	0	0	0	0	77	0	0	0	0	0	
398955	0	0	0	0	0	0	0	0	0	0	67	0	0	0	0	0	
399706	0	0	0	0	0	0	0	0	0	0	65	0	0	0	0	0	
400454	0	0	0	0	0	0	0	0	0	0	53	0	0	0	0	0	
401204	0	0	0	0	0	0	0	0	0	0	79	0	0	0	0	0	
401956	0	0	0	0	0	0	0	0	0	0	57	0	0	0	0	0	
402706	0	0	0	0	0	0	0	0	0	0	81	0	0	0	0	0	
403456	0	0	0	0	0	0	0	0	0	0	67	0	0	0	0	0	
404208	0	0	0	0	0	0	0	0	0	0	67	0	0	0	0	0	
404957	0	0	0	0	0	0	0	0	0	89	0	0	0	0	0	0	
405710	0	0	0	0	0	0	0	0	0	91	0	0	0	0	0	0	
406458	0	0	0	0	0	0	0	0	0	91	0	0	0	0	0	0	
407210	0	0	0	0	0	0	0	0	0	89	0	0	0	0	0	0	
407961	0	0	0	0	0	0	0	0	0	103	0	0	0	0	0	0	
408711	0	0	0	0	0	0	0	0	0	0	79	0	0	0	0	0	
409459	0	0	0	0	0	0	0	0	0	0	77	0	0	0	0	0	
410208	0	0	0	0	0	0	0	0	0	0	55	0	0	0	0	0	
410959	0	0	0	0	0	0	0	0	0	0	53	0	0	0	0	0	
411711	0	0	0	0	0	0	0	0	0	0	71	0	0	0	0	0	
412463	0	0	0	0	0	0	0	0	0	0	83	0	0	0	0	0	
413212	0	0	0	0	0	0	0	0	0	0	77	0	0	0	0	0	
413960	0	0	0	0	0	0	0	0	0	0	63	0	0	0	0	0	
414709	0	0	0	0	0	0	0	0	0	0	71	0	0	0	0	0	
415456	0	0	0	0	0	0	0	0	0	0	69	0	0	0	0	0	
416208	0	0	0	0	0	0	0	0	0	0	0	77	0	0	0	0	
416960	0	0	0	0	0	0	0	0	0	0	0	53	0	0	0	0	
417708	0	0	0	0	0	0	0	0	0	0	0	0	77	0	0	0	
418455	0	0	0	0	0	0	0	0	0	0	0	0	57	0	0	0	
419206	0	0	0	0	0	0	0	0	0	0	0	0	67	0	0	0	
419953	0	0	0	0	0	0	0	0	0	0	0	0	57	0	0	0	
420703	0	0	0	0	0	0	0	0	0	0	0	0	61	0	0	0	
421457	0	0	0	0	0	0	0	0	0	0	0	0	63	0	0	0	
422208	0	0	0	0	0	0	0	0	0	0	0	0	67	0	0	0	
422958	0	0	0	0	0	0	0	0	0	0	0	0	67	0	0	0	
423706	0	0	0	0	0	0	0	0	0	0	0	0	81	0	0	0	
424454	0	0	0	0	0	0	0	0	0	0	0	0	45	0	0	0	
425205	0	0	0	0	0	0	0	0	0	0	0	0	53	0	0	0	
425950	0	0	0	0	0	0	0	0	0	0	0	0	55	0	0	0	
426699	0	0	0	0	0	0	0	0	0	0	0	0	59	0	0	0	
427448	0	0	0	0	0	0	0	0	0	0	0	0	67	0	0	0	
428198	0	0	0	0	0	0	0	0	0	0	0	0	45	0	0	0	
428947	0	0	0	0	0	0	0	0	0	0	0	0	63	0	0	0	
429697	0	0	0	0	0	0	0	0	0	0	0	0	67	0	0	0	
430443	0	0	0	0	0	0	0	0	0	0	0	0	59	0	0	0	
431191	0	0	0	0	0	0	0	0	0	0	0	0	65	0	0	0	
431941	0	0	0	0	0	0	0	0	0	0	0	0	53	0	0	0	
432691	0	0	0	0	0	0	0	0	0	0	0	0	69	0	0	0	
433443	0	0	0	0	0	0	0	0	0	0	0	0	61	0	0	0	
434195	0	0	0	0	0	0	0	0	0	0	0	0	65	0	0	0	
434948	0	0	0	0	0	0	0	0	0	0	0	0	63	0	0	0	
435699	0	0	0	0	0	0	0	0	0	0	0	0	69	0	0	0	
436451	0	0	0	0	0	0	0	0	0	0	0	0	55	0	0	0	
437201	0	0	0	0	0	0	0	0	0	0	0	0	55	0	0	0	
437951	0	0	0	0	0	0	0	0	0	0	0	0	57	0	0	0	
438701	0	0	0	0	0	0	0	0	0	0	0	0	57	0	0	0	
439454	0	0	0	0	0	0	0	0	0	0	0	0	57	0	0	0	
440203	0	0	0	0	0	0	0	0	0	0	0	0	71	0	0	0	
440954	0	0	0	0	0	0	0	0	0	0	0	0	73	0	0	0	
441705	0	0	0	0	0	0	0	0	0	0	0	0	63	0	0	0	
442452	0	0	0	0	0	0	0	0	0	0	0	0	55	0	0	0	
443200	0	0	0	0	0	0	0	0	0	0	0	0	63	0	0	0	
443946	0	0	0	0	0	0	0	0	0	0	0	0	65	0	0	0	
444696	0	0	0	0	0	0	0	0	0	0	0	0	61	0	0	0	
445446	0	0	0	0	0	0	0	0	0	0	0	0	75	0	0	0	
446196	0	0	0	0	0	0	0	0	0	0	0	0	57	0	0	0	
446951	0	0	0	0	0	0	0	0	0	0	0	0	67	0	0	0	
447699	0	0	0	0	0	0	0	0	0	0	0	0	51	0	0	0	
448449	0	0	0	0	0	0	0	0	0	0	0	0	0	59	0	0	
449198	0	0	0	0	0	0	0	0	0	0	0	0	0	75	0	0	
449949	0	0	0	0	0	0	0	0	0	0	0	0	0	57	0	0	
450696	0	0	0	0	0	0	0	0	0	0	0	0	0	59	0	0	
451444	0	0	0	0	0	0	0	0	0	0	0	0	0	53	0	0	
452195	0	0	0	0	0	0	0	0	0	0	0	0	0	55	0	0	
452945	0	0	0	0	0	0	0	0	0	0	0	0	0	0	43	0	
453694	0	0	0	0	0	0	0	0	0	0	0	0	0	0	71	0	
454444	0	0	0	0	0	0	0	0	0	0	0	0	0	0	49	0	
455194	0	0	0	0	0	0	0	0	0	0	0	0	0	57	0	0	
455941	0	0	0	0	0	0	0	0	0	0	0	0	0	53	0	0	
456692	0	0	0	0	0	0	0	0	0	0	0	0	0	55	0	0	
457442	0	0	0	0	0	0	0	0	0	0	0	0	0	63	0	0	
458193	0	0	0	0	0	0	0	0	0	0	0	0	0	43	0	0	
458940	0	0	0	0	0	0	0	0	0	0	0	0	0	61	0	0	
459691	0	0	0	0	0	0	0	0	0	0	0	0	53	0	0	0	
460444	0	0	0	0	0	0	0	0	0	0	0	0	59	0	0	0	
461197	0	0	0	0	0	0	0	0	0	0	0	65	0	0	0	0	
461945	0	0	0	0	0	0	0	0	0	0	0	59	0	0	0	0	
462693	0	0	0	0	0	0	0	0	0	0	0	57	0	0	0	0	
463443	0	0	0	0	0	0	0	0	0	0	0	67	0	0	0	0	
464194	0	0	0	0	0	0	0	0	0	0	0	73	0	0	0	0	
464946	0	0	0	0	0	0	0	0	0	0	0	69	0	0	0	0	
465695	0	0	0	0	0	0	0	0	0	0	0	61	0	0	0	0	
466443	0	0	0	0	0	0	0	0	0	0	0	67	0	0	0	0	
467194	0	0	0	0	0	0	0	0	0	0	0	75	0	0	0	0	
467945	0	0	0	0	0	0	0	0	0	0	0	55	0	0	0	0	
468692	0	0	0	0	0	0	0	0	0	0	0	61	0	0	0	0	
469444	0	0	0	0	0	0	0	0	0	0	0	61	0	0	0	0	
470195	0	0	0	0	0	0	0	0	0	0	61	0	0	0	0	0	
470948	0	0	0	0	0	0	0	0	0	0	67	0	0	0	0	0	
471697	0	0	0	0	0	0	0	0	0	0	77	0	0	0	0	0	
472448	0	0	0	0	0	0	0	0	0	0	65	0	0	0	0	0	
473203	0	0	0	0	0	0	0	0	0	0	93	0	0	0	0	0	
473954	0	0	0	0	0	0	0	0	0	0	75	0	0	0	0	0	
474706	0	0	0	0	0	0	0	0	0	0	0	73	0	0	0	0	
475461	0	0	0	0	0	0	0	0	0	0	0	63	0	0	0	0	
476211	0	0	0	0	0	0	0	0	0	0	0	75	0	0	0	0	
476961	0	0	0	0	0	0	0	0	0	0	0	67	0	0	0	0	
477710	0	0	0	0	0	0	0	0	0	0	75	0	0	0	0	0	
478461	0	0	0	0	0	0	0	0	0	0	69	0	0	0	0	0	
479208	0	0	0	0	0	0	0	0	0	0	73	0	0	0	0	0	
479958	0	0	0	0	0	0	0	0	0	75	0	0	0	0	0	0	
480707	0	0	0	0	0	0	0	0	0	0	67	0	0	0	0	0	
481456	0	0	0	0	0	0	0	0	0	0	75	0	0	0	0	0	
482209	0	0	0	0	0	0	0	0	0	0	75	0	0	0	0	0	
482957	0	0	0	0	0	0	0	0	0	0	77	0	0	0	0	0	
483708	0	0	0	0	0	0	0	0	0	0	0	61	0	0	0	0	
484455	0	0	0	0	0	0	0	0	0	0	0	71	0	0	0	0	
485206	0	0	0	0	0	0	0	0	0	0	0	63	0	0	0	0	
485958	0	0	0	0	0	0	0	0	0	0	71	0	0	0	0	0	
486707	0	0	0	0	0	0	0	0	0	0	63	0	0	0	0	0	
487457	0	0	0	0	0	0	0	0	0	0	91	0	0	0	0	0	
488208	0	0	0	0	0	0	0	0	0	0	51	0	0	0	0	0	
488956	0	0	0	0	0	0	0	0	0	0	0	59	0	0	0	0	
489708	0	0	0	0	0	0	0	0	0	0	0	65	0	0	0	0	
490457	0	0	0	0	0	0	0	0	0	91	0	0	0	0	0	0	
491207	0	0	0	0	0	0	0	0	0	93	0	0	0	0	0	0	
491955	0	0	0	0	0	0	0	0	0	81	0	0	0	0	0	0	
492706	0	0	0	0	0	0	0	0	0	0	59	0	0	0	0	0	
493456	0	0	0	0	0	0	0	0	0	0	75	0	0	0	0	0	
494206	0	0	0	0	0	0	0	0	0	0	63	0	0	0	0	0	
494959	0	0	0	0	0	0	0	0	0	0	83	0	0	0	0	0	
495710	0	0	0	0	0	0	0	0	0	0	87	0	0	0	0	0	
496459	0	0	0	0	0	0	0	0	0	0	69	0	0	0	0	0	
497212	0	0	0	0	0	0	0	0	0	0	79	0	0	0	0	0	
497965	0	0	0	0	0	0	0	0	0	0	79	0	0	0	0	0	
498718	0	0	0	0	0	0	0	0	0	0	71	0	0	0	0	0	
499468	0	0	0	0	0	0	0	0	0	0	75	0	0	0	0	0	
500218	0	0	0	0	0	0	0	0	0	0	73	0	0	0	0	0	
500970	0	0	0	0	0	0	0	0	0	0	65	0	0	0	0	0	
501720	0	0	0	0	0	0	0	0	0	0	63	0	0	0	0	0	
502469	0	0	0	0	0	0	0	0	0	0	83	0	0	0	0	0	
503215	0	0	0	0	0	0	0	0	0	0	69	0	0	0	0	0	
503967	0	0	0	0	0	0	0	0	0	0	65	12	0	0	0	0	
504715	0	0	0	0	0	0	0	0	0	0	61	0	0	0	0	0	
505465	0	0	0	0	0	0	0	0	0	0	69	0	0	0	0	0	
506217	0	0	0	0	0	0	0	0	0	0	59	0	0	0	0	0	
506966	0	0	0	0	0	0	0	0	0	0	77	0	0	0	0	0	
507716	0	0	0	0	0	0	0	0	0	0	0	61	0	0	0	0	
508468	0	0	0	0	0	0	0	0	0	0	0	63	0	0	0	0	
509218	0	0	0	0	0	0	0	0	0	0	0	63	0	0	0	0	
509966	0	0	0	0	0	0	0	0	0	0	0	73	0	0	0	0	
510714	0	0	0	0	0	0	0	0	0	0	0	0	53	0	0	0	
511466	0	0	0	0	0	0	0	0	0	0	0	0	57	0	0	0	
512210	0	0	0	0	0	0	0	0	0	0	0	0	67	0	0	0	
512961	0	0	0	0	0	0	0	0	0	0	0	0	65	0	0	0	
513706	0	0	0	0	0	0	0	0	0	0	0	0	65	0	0	0	
514457	0	0	0	0	0	0	0	0	0	0	0	0	67	0	0	0	
515207	0	0	0	0	0	0	0	0	0	0	0	0	49	0	0	0	
515956	0	0	0	0	0	0	0	0	0	0	0	0	63	0	0	0	
516707	0	0	0	0	0	0	0	0	0	0	0	0	65	0	0	0	
517457	0	0	0	0	0	0	0	0	0	0	0	0	51	0	0	0	
518206	0	0	0	0	0	0	0	0	0	0	0	0	71	0	0	0	
518959	0	0	0	0	0	0	0	0	0	0	0	0	65	0	0	0	
519711	0	0	0	0	0	0	0	0	0	0	0	0	63	0	0	0	
520461	0	0	0	0	0	0	0	0	0	0	0	0	49	0	0	0	
521213	0	0	0	0	0	0	0	0	0	0	0	0	61	0	0	0	
521963	0	0	0	0	0	0	0	0	0	0	0	0	55	0	0	0	
522713	0	0	0	0	0	0	0	0	0	0	0	0	53	0	0	0	
523464	0	0	0	0	0	0	0	0	0	0	0	0	57	0	0	0	
524214	0	0	0	0	0	0	0	0	0	0	0	0	53	0	0	0	
524965	0	0	0	0	0	0	0	0	0	0	0	0	63	0	0	0	
525713	0	0	0	0	0	0	0	0	0	0	0	0	59	0	0	0	
526463	0	0	0	0	0	0	0	0	0	0	0	63	0	0	0	0	
527215	0	0	0	0	0	0	0	0	0	0	0	77	0	0	0	0	
527967	0	0	0	0	0	0	0	0	0	0	0	77	0	0	0	0	
528717	0	0	0	0	0	0	0	0	0	0	0	59	0	0	0	0	
529465	0	0	0	0	0	0	0	0	0	0	0	67	0	0	0	0	
530215	0	0	0	0	0	0	0	0	0	0	0	77	0	0	0	0	
530963	0	0	0	0	0	0	0	0	0	0	0	69	0	0	0	0	
531712	0	0	0	0	0	0	0	0	0	0	0	53	0	0	0	0	
532464	0	0	0	0	0	0	0	0	0	0	0	61	0	0	0	0	
533217	0	0	0	0	0	0	0	0	0	0	0	67	0	0	0	0	
533970	0	0	0	0	0	0	0	0	0	0	0	67	0	0	0	0	
534719	0	0	0	0	0	0	0	0	0	0	0	69	0	0	0	0	
535470	0	0	0	0	0	0	0	0	0	0	0	61	0	0	0	0	
536218	0	0	0	0	0	0	0	0	0	0	0	73	0	0	0	0	
536970	0	0	0	0	0	0	0	0	0	0	0	73	0	0	0	0	
537719	0	0	0	0	0	0	0	0	0	0	85	0	0	0	0	0	
538471	0	0	0	0	0	0	0	0	0	0	87	0	0	0	0	0	
539222	0	0	0	0	0	0	0	0	0	0	67	0	0	0	0	0	
539971	0	0	0	0	0	0	0	0	0	0	85	0	0	0	0	0	
540721	0	0	0	0	0	0	0	0	0	0	73	0	0	0	0	0	
541473	0	0	0	0	0	0	0	0	0	0	0	67	0	0	0	0	
542224	0	0	0	0	0	0	0	0	0	0	0	61	0	0	0	0	
542974	0	0	0	0	0	0	0	0	0	0	0	61	10	0	0	0	
543722	0	0	0	0	0	0	0	0	0	0	0	77	0	0	0	0	
544473	0	0	0	0	0	0	0	0	0	0	0	53	0	0	0	0	
545222	0	0	0	0	0	0	0	0	0	0	0	75	0	0	0	0	
545973	0	0	0	0	0	0	0	0	0	0	2	63	0	0	0	0	
546724	0	0	0	0	0	0	0	0	0	0	0	65	0	0	0	0	
547476	0	0	0	0	0	0	0	0	0	0	0	69	0	0	0	0	
548225	0	0	0	0	0	0	0	0	0	0	0	83	0	0	0	0	
548972	0	0	0	0	0	0	0	0	0	0	0	77	0	0	0	0	
549725	0	0	0	0	0	0	0	0	0	0	0	63	0	0	0	0	
550472	0	0	0	0	0	0	0	0	0	0	87	0	0	0	0	0	
551219	0	0	0	0	0	0	0	0	0	0	79	0	0	0	0	0	
551968	0	0	0	0	0	0	0	0	0	0	83	0	0	0	0	0	
552720	0	0	0	0	0	0	0	0	0	0	83	0	0	0	0	0	
553473	0	0	0	0	0	0	0	0	0	0	91	0	0	0	0	0	
554224	0	0	0	0	0	0	0	0	0	0	69	0	0	0	0	0	
554973	0	0	0	0	0	0	0	0	0	0	75	0	0	0	0	0	
555726	0	0	0	0	0	0	0	0	0	0	83	0	0	0	0	0	
556475	0	0	0	0	0	0	0	0	0	0	63	0	0	0	0	0	
557230	0	0	0	0	0	0	0	0	0	69	0	0	0	0	0	0	
557978	0	0	0	0	0	0	0	0	0	63	0	0	0	0	0	0	
558725	0	0	0	0	0	0	0	0	0	85	0	0	0	0	0	0	
559478	0	0	0	0	0	0	0	0	0	71	0	0	0	0	0	0	
560227	0	0	0	0	0	0	0	0	0	85	0	0	0	0	0	0	
560978	0	0	0	0	0	0	0	0	0	0	77	0	0	0	0	0	
561729	0	0	0	0	0	0	0	0	0	0	91	0	0	0	0	0	
562484	0	0	0	0	0	0	0	0	0	0	69	0	0	0	0	0	
563234	0	0	0	0	0	0	0	0	0	0	63	0	0	0	0	0	
563985	0	0	0	0	0	0	0	0	0	0	75	0	0	0	0	0	
564734	0	0	0	0	0	0	0	0	0	0	65	0	0	0	0	0	
565482	0	0	0	0	0	0	0	0	0	0	79	0	0	0	0	0	
566231	0	0	0	0	0	0	0	0	0	0	67	0	0	0	0	0	
566982	0	0	0	0	0	0	0	0	0	0	71	0	0	0	0	0	
567733	0	0	0	0	0	0	0	0	0	0	73	0	0	0	0	0	
568481	0	0	0	0	0	0	0	0	0	0	63	0	0	0	0	0	
569231	0	0	0	0	0	0	0	0	0	0	79	0	0	0	0	0	
569982	0	0	0	0	0	0	0	0	0	93	0	0	0	0	0	0	
570733	0	0	0	0	0	0	0	0	0	83	0	0	0	0	0	0	
571480	0	0	0	0	0	0	0	0	0	83	0	0	0	0	0	0	
572230	0	0	0	0	0	0	0	0	0	89	0	0	0	0	0	0	
572978	0	0	0	0	0	0	0	0	0	79	0	0	0	0	0	0	
573729	0	0	0	0	0	0	0	0	0	83	0	0	0	0	0	0	
574480	0	0	0	0	0	0	0	0	0	93	0	0	0	0	0	0	
575229	0	0	0	0	0	0	0	0	0	85	0	0	0	0	0	0	
575978	0	0	0	0	0	0	0	0	0	75	0	0	0	0	0	0	
576727	0	0	0	0	0	0	0	0	0	69	0	0	0	0	0	0	
577477	0	0	0	0	0	0	0	0	0	79	0	0	0	0	0	0	
578224	0	0	0	0	0	0	0	0	0	59	0	0	0	0	0	0	
578969	0	0	0	0	0	0	0	0	0	77	0	0	0	0	0	0	
579718	0	0	0	0	0	0	0	0	0	83	0	0	0	0	0	0	
580468	0	0	0	0	0	0	0	0	0	87	0	0	0	0	0	0	
581221	0	0	0	0	0	0	0	0	0	89	0	0	0	0	0	0	
581975	0	0	0	0	0	0	0	0	0	75	0	0	0	0	0	0	
582720	0	0	0	0	0	0	0	0	0	83	0	0	0	0	0	0	
583471	0	0	0	0	0	0	0	0	0	69	0	0	0	0	0	0	
584222	0	0	0	0	0	0	0	0	0	79	0	0	0	0	0	0	
584972	0	0	0	0	0	0	0	0	0	77	0	0	0	0	0	0	
585723	0	0	0	0	0	0	0	0	0	77	0	0	0	0	0	0	
586471	0	0	0	0	0	0	0	0	0	71	0	0	0	0	0	0	
587222	0	0	0	0	0	0	0	0	0	85	0	0	0	0	0	0	
587969	0	0	0	0	0	0	0	0	0	0	69	0	0	0	0	0	
588716	0	0	0	0	0	0	0	0	0	0	67	0	0	0	0	0	
589465	0	0	0	0	0	0	0	0	0	0	73	0	0	0	0	0	
590218	0	0	0	0	0	0	0	0	0	0	55	0	0	0	0	0	
590968	0	0	0	0	0	0	0	0	0	0	89	0	0	0	0	0	
591720	0	0	0	0	0	0	0	0	0	0	73	0	0	0	0	0	
592470	0	0	0	0	0	0	0	0	0	0	61	0	0	0	0	0	
593220	0	0	0	0	0	0	0	0	0	73	0	0	0	0	0	0	
593968	0	0	0	0	0	0	0	0	0	61	0	0	0	0	0	0	
594715	0	0	0	0	0	0	0	0	0	83	0	0	0	0	0	0	
595467	0	0	0	0	0	0	0	0	0	81	0	0	0	0	0	0	
596215	0	0	0	0	0	0	0	0	0	71	0	0	0	0	0	0	
596965	0	0	0	0	0	0	0	0	0	95	0	0	0	0	0	0	
597716	0	0	0	0	0	0	0	0	0	0	73	4	0	0	0	0	
598467	0	0	0	0	0	0	0	0	0	0	83	0	0	0	0	0	
599218	0	0	0	0	0	0	0	0	0	0	87	0	0	0	0	0	
599969	0	0	0	0	0	0	0	0	0	0	67	0	0	0	0	0	
600724	0	0	0	0	0	0	0	0	0	0	75	0	0	0	0	0	
601473	0	0	0	0	0	0	0	0	0	0	73	0	0	0	0	0	
602221	0	0	0	0	0	0	0	0	0	0	95	0	0	0	0	0	
602972	0	0	0	0	0	0	0	0	0	0	69	0	0	0	0	0	
603720	0	0	0	0	0	0	0	0	0	0	91	0	0	0	0	0	
604470	0	0	0	0	0	0	0	0	0	0	81	0	0	0	0	0	
605218	0	0	0	0	0	0	0	0	0	0	73	0	0	0	0	0	
605967	0	0	0	0	0	0	0	0	0	0	70	1	0	0	0	0	
606716	0	0	0	0	0	0	0	0	0	0	79	0	0	0	0	0	
607464	0	0	0	0	0	0	0	0	0	0	75	0	0	0	0	0	
608213	0	0	0	0	0	0	0	0	0	0	75	0	0	0	0	0	
608963	0	0	0	0	0	0	0	0	0	0	57	0	0	0	0	0	
609710	0	0	0	0	0	0	0	0	0	0	75	0	0	0	0	0	
610462	0	0	0	0	0	0	0	0	0	0	83	0	0	0	0	0	
611214	0	0	0	0	0	0	0	0	0	0	65	0	0	0	0	0	
611966	0	0	0	0	0	0	0	0	0	0	89	0	0	0	0	0	
612715	0	0	0	0	0	0	0	0	0	0	83	0	0	0	0	0	
613460	0	0	0	0	0	0	0	0	0	0	69	0	0	0	0	0	
614210	0	0	0	0	0	0	0	0	0	0	61	0	0	0	0	0	
614959	0	0	0	0	0	0	0	0	0	0	0	63	0	0	0	0	
615707	0	0	0	0	0	0	0	0	0	0	0	69	0	0	0	0	
616455	0	0	0	0	0	0	0	0	0	0	0	54	7	0	0	0	
617201	0	0	0	0	0	0	0	0	0	0	0	47	0	0	0	0	
617951	0	0	0	0	0	0	0	0	0	0	0	57	0	0	0	0	
618705	0	0	0	0	0	0	0	0	0	0	0	57	0	0	0	0	
619452	0	0	0	0	0	0	0	0	0	0	0	77	0	0	0	0	
620199	0	0	0	0	0	0	0	0	0	0	0	65	0	0	0	0	
620950	0	0	0	0	0	0	0	0	0	0	0	51	0	0	0	0	
621704	0	0	0	0	0	0	0	0	0	0	0	57	0	0	0	0	
622454	0	0	0	0	0	0	0	0	0	0	0	67	0	0	0	0	
623202	0	0	0	0	0	0	0	0	0	0	0	73	0	0	0	0	
623951	0	0	0	0	0	0	0	0	0	0	73	0	0	0	0	0	
624702	0	0	0	0	0	0	0	0	0	0	79	0	0	0	0	0	
625450	0	0	0	0	0	0	0	0	0	0	0	57	0	0	0	0	
626200	0	0	0	0	0	0	0	0	0	0	0	71	0	0	0	0	
626947	0	0	0	0	0	0	0	0	0	0	0	67	0	0	0	0	
627698	0	0	0	0	0	0	0	0	0	0	0	81	0	0	0	0	
628447	0	0	0	0	0	0	0	0	0	0	0	83	0	0	0	0	
629196	0	0	0	0	0	0	0	0	0	0	0	65	0	0	0	0	
629946	0	0	0	0	0	0	0	0	0	0	0	63	0	0	0	0	
630696	0	0	0	0	0	0	0	0	0	0	0	67	0	0	0	0	
631449	0	0	0	0	0	0	0	0	0	0	0	55	0	0	0	0	
632198	0	0	0	0	0	0	0	0	0	0	0	79	0	0	0	0	
632948	0	0	0	0	0	0	0	0	0	0	0	81	0	0	0	0	
633700	0	0	0	0	0	0	0	0	0	0	79	0	0	0	0	0	
634450	0	0	0	0	0	0	0	0	0	0	79	0	0	0	0	0	
635199	0	0	0	0	0	0	0	0	0	0	81	0	0	0	0	0	
635953	0	0	0	0	0	0	0	0	0	81	0	0	0	0	0	0	
636704	0	0	0	0	0	0	0	0	0	79	0	0	0	0	0	0	
637455	0	0	0	0	0	0	0	0	0	83	0	0	0	0	0	0	
638206	0	0	0	0	0	0	0	0	0	91	0	0	0	0	0	0	
638955	0	0	0	0	0	0	0	0	0	83	0	0	0	0	0	0	
639709	0	0	0	0	0	0	0	0	81	0	0	0	0	0	0	0	
640457	0	0	0	0	0	0	0	0	97	0	0	0	0	0	0	0	
641208	0	0	0	0	0	0	0	0	97	0	0	0	0	0	0	0	
641957	0	0	0	0	0	0	0	0	91	0	0	0	0	0	0	0	
642708	0	0	0	0	0	0	0	0	97	0	0	0	0	0	0	0	
643458	0	0	0	0	0	0	0	0	85	0	0	0	0	0	0	0	
644210	0	0	0	0	0	0	0	0	97	0	0	0	0	0	0	0	
644963	0	0	0	0	0	0	0	0	109	0	0	0	0	0	0	0	
645713	0	0	0	0	0	0	0	0	93	0	0	0	0	0	0	0	
646462	0	0	0	0	0	0	0	0	103	0	0	0	0	0	0	0	
647211	0	0	0	0	0	0	0	0	73	0	0	0	0	0	0	0	
647959	0	0	0	0	0	0	0	0	91	0	0	0	0	0	0	0	
648707	0	0	0	0	0	0	0	0	79	0	0	0	0	0	0	0	
649460	0	0	0	0	0	0	0	0	0	77	0	0	0	0	0	0	
650210	0	0	0	0	0	0	0	0	0	77	0	0	0	0	0	0	
650961	0	0	0	0	0	0	0	0	0	93	0	0	0	0	0	0	
651712	0	0	0	0	0	0	0	0	0	71	0	0	0	0	0	0	
652462	0	0	0	0	0	0	0	0	0	63	0	0	0	0	0	0	
653214	0	0	0	0	0	0	0	0	0	69	0	0	0	0	0	0	
653964	0	0	0	0	0	0	0	0	0	97	0	0	0	0	0	0	
654716	0	0	0	0	0	0	0	0	0	83	0	0	0	0	0	0	
655465	0	0	0	0	0	0	0	0	0	85	0	0	0	0	0	0	
656216	0	0	0	0	0	0	0	0	0	77	0	0	0	0	0	0	
656963	0	0	0	0	0	0	0	0	0	91	0	0	0	0	0	0	
657715	0	0	0	0	0	0	0	0	0	81	0	0	0	0	0	0	
658464	0	0	0	0	0	0	0	0	0	91	0	0	0	0	0	0	
659214	0	0	0	0	0	0	0	0	0	79	0	0	0	0	0	0	
659964	0	0	0	0	0	0	0	0	0	59	0	0	0	0	0	0	
660715	0	0	0	0	0	0	0	0	0	65	0	0	0	0	0	0	
661465	0	0	0	0	0	0	0	0	0	95	0	0	0	0	0	0	
662213	0	0	0	0	0	0	0	0	0	83	0	0	0	0	0	0	
662964	0	0	0	0	0	0	0	0	0	79	0	0	0	0	0	0	
663715	0	0	0	0	0	0	0	0	0	95	0	0	0	0	0	0	
664464	0	0	0	0	0	0	0	0	0	81	0	0	0	0	0	0	
665218	0	0	0	0	0	0	0	0	0	89	0	0	0	0	0	0	
665967	0	0	0	0	0	0	0	0	0	77	0	0	0	0	0	0	
666718	0	0	0	0	0	0	0	0	0	85	0	0	0	0	0	0	
667470	0	0	0	0	0	0	0	0	0	65	0	0	0	0	0	0	
668220	0	0	0	0	0	0	0	0	0	87	0	0	0	0	0	0	
668970	0	0	0	0	0	0	0	0	0	95	0	0	0	0	0	0	
669719	0	0	0	0	0	0	0	0	0	79	0	0	0	0	0	0	
670471	0	0	0	0	0	0	0	0	0	75	0	0	0	0	0	0	
671220	0	0	0	0	0	0	0	0	0	71	0	0	0	0	0	0	
671970	0	0	0	0	0	0	0	0	0	65	0	0	0	0	0	0	
672720	0	0	0	0	0	0	0	0	0	75	0	0	0	0	0	0	
673468	0	0	0	0	0	0	0	0	0	81	0	0	0	0	0	0	
674219	0	0	0	0	0	0	0	0	0	71	0	0	0	0	0	0	
674972	0	0	0	0	0	0	0	0	0	83	0	0	0	0	0	0	
675724	0	0	0	0	0	0	0	0	0	61	0	0	0	0	0	0	
676473	0	0	0	0	0	0	0	0	85	0	0	0	0	0	0	0	
677225	0	0	0	0	0	0	0	0	79	0	0	0	0	0	0	0	
677976	0	0	0	0	0	0	0	0	95	0	0	0	0	0	0	0	
678723	0	0	0	0	0	0	0	0	87	0	0	0	0	0	0	0	
679473	0	0	0	0	0	0	0	0	99	0	0	0	0	0	0	0	
680225	0	0	0	0	0	0	0	0	0	85	0	0	0	0	0	0	
680974	0	0	0	0	0	0	0	0	0	71	0	0	0	0	0	0	
681725	0	0	0	0	0	0	0	0	0	0	85	0	0	0	0	0	
682476	0	0	0	0	0	0	0	0	0	0	79	0	0	0	0	0	
683224	0	0	0	0	0	0	0	0	0	0	89	0	0	0	0	0	
683974	0	0	0	0	0	0	0	0	0	0	53	0	0	0	0	0	
684722	0	0	0	0	0	0	0	0	0	0	77	0	0	0	0	0	
685472	0	0	0	0	0	0	0	0	0	0	59	0	0	0	0	0	
686223	0	0	0	0	0	0	0	0	0	85	0	0	0	0	0	0	
686976	0	0	0	0	0	0	0	0	0	17	56	0	0	0	0	0	
687726	0	0	0	0	0	0	0	0	0	0	73	0	0	0	0	0	
688476	0	0	0	0	0	0	0	0	0	0	67	0	0	0	0	0	
689225	0	0	0	0	0	0	0	0	0	0	91	0	0	0	0	0	
689975	0	0	0	0	0	0	0	0	0	0	0	61	0	0	0	0	
690727	0	0	0	0	0	0	0	0	0	0	0	67	0	0	0	0	
691477	0	0	0	0	0	0	0	0	0	0	0	73	0	0	0	0	
692228	0	0	0	0	0	0	0	0	0	0	0	73	0	0	0	0	
692976	0	0	0	0	0	0	0	0	0	0	0	75	0	0	0	0	
693725	0	0	0	0	0	0	0	0	0	0	0	71	0	0	0	0	
694472	0	0	0	0	0	0	0	0	0	0	0	69	0	0	0	0	
695218	0	0	0	0	0	0	0	0	0	0	0	55	0	0	0	0	
695968	0	0	0	0	0	0	0	0	0	0	0	0	63	0	0	0	
696715	0	0	0	0	0	0	0	0	0	0	0	0	69	0	0	0	
697464	0	0	0	0	0	0	0	0	0	0	0	0	73	0	0	0	
698216	0	0	0	0	0	0	0	0	0	0	0	0	63	0	0	0	
698966	0	0	0	0	0	0	0	0	0	0	0	0	67	0	0	0	
699716	0	0	0	0	0	0	0	0	0	0	0	0	83	0	0	0	
700465	0	0	0	0	0	0	0	0	0	0	0	0	65	0	0	0	
701215	0	0	0	0	0	0	0	0	0	0	0	0	61	0	0	0	
701963	0	0	0	0	0	0	0	0	0	0	0	0	59	0	0	0	
702713	0	0	0	0	0	0	0	0	0	0	0	69	0	0	0	0	
703463	0	0	0	0	0	0	0	0	0	0	0	73	0	0	0	0	
704214	0	0	0	0	0	0	0	0	0	0	0	63	0	0	0	0	
704962	0	0	0	0	0	0	0	0	0	0	0	61	0	0	0	0	
705711	0	0	0	0	0	0	0	0	0	0	0	57	0	0	0	0	
706461	0	0	0	0	0	0	0	0	0	0	0	61	0	0	0	0	
707211	0	0	0	0	0	0	0	0	0	0	0	67	0	0	0	0	
707958	0	0	0	0	0	0	0	0	0	0	0	61	0	0	0	0	
708708	0	0	0	0	0	0	0	0	0	0	0	81	0	0	0	0	
709457	0	0	0	0	0	0	0	0	0	0	0	65	0	0	0	0	
710205	0	0	0	0	0	0	0	0	0	0	0	63	0	0	0	0	
710956	0	0	0	0	0	0	0	0	0	0	0	65	0	0	0	0	
711705	0	0	0	0	0	0	0	0	0	0	0	83	0	0	0	0	
712453	0	0	0	0	0	0	0	0	0	0	0	67	0	0	0	0	
713202	0	0	0	0	0	0	0	0	0	0	0	75	0	0	0	0	
713950	0	0	0	0	0	0	0	0	0	0	0	0	59	0	0	0	
714702	0	0	0	0	0	0	0	0	0	0	0	0	49	0	0	0	
715452	0	0	0	0	0	0	0	0	0	0	0	0	75	0	0	0	
716202	0	0	0	0	0	0	0	0	0	0	0	0	75	0	0	0	
716950	0	0	0	0	0	0	0	0	0	0	0	0	73	0	0	0	
717700	0	0	0	0	0	0	0	0	0	0	0	0	73	0	0	0	
718449	0	0	0	0	0	0	0	0	0	0	0	0	45	0	0	0	
719200	0	0	0	0	0	0	0	0	0	0	0	0	65	0	0	0	
719946	0	0	0	0	0	0	0	0	0	0	0	0	63	0	0	0	
720695	0	0	0	0	0	0	0	0	0	0	0	0	73	0	0	0	
721444	0	0	0	0	0	0	0	0	0	0	0	0	71	0	0	0	
722195	0	0	0	0	0	0	0	0	0	0	0	0	0	63	0	0	
722948	0	0	0	0	0	0	0	0	0	0	0	0	0	55	0	0	
723698	0	0	0	0	0	0	0	0	0	0	0	0	0	51	0	0	
724446	0	0	0	0	0	0	0	0	0	0	0	0	0	55	0	0	
725197	0	0	0	0	0	0	0	0	0	0	0	0	0	55	0	0	
725947	0	0	0	0	0	0	0	0	0	0	0	0	0	51	0	0	
726697	0	0	0	0	0	0	0	0	0	0	0	0	0	57	0	0	
727446	0	0	0	0	0	0	0	0	0	0	0	0	0	43	0	0	
728195	0	0	0	0	0	0	0	0	0	0	0	0	0	49	0	0	
728947	0	0	0	0	0	0	0	0	0	0	0	0	0	53	0	0	
729694	0	0	0	0	0	0	0	0	0	0	0	0	0	0	59	0	
730445	0	0	0	0	0	0	0	0	0	0	0	0	0	0	51	0	
731194	0	0	0	0	0	0	0	0	0	0	0	0	0	0	51	0	
731944	0	0	0	0	0	0	0	0	0	0	0	0	0	0	41	0	
732693	0	0	0	0	0	0	0	0	0	0	0	0	0	0	47	0	
733441	0	0	0	0	0	0	0	0	0	0	0	0	0	0	0	63	
734192	0	0	0	0	0	0	0	0	0	0	0	0	0	0	0	49	
734943	0	0	0	0	0	0	0	0	0	0	0	0	0	0	0	47	
735692	0	0	0	0	0	0	0	0	0	0	0	0	0	0	0	47	
736443	0	0	0	0	0	0	0	0	0	0	0	0	0	0	0	49	
737194	0	0	0	0	0	0	0	0	0	0	0	0	0	0	0	47	
737945	0	0	0	0	0	0	0	0	0	0	0	0	0	0	0	43	
738693	0	0	0	0	0	0	0	0	0	0	0	0	0	0	0	45	
739442	0	0	0	0	0	0	0	0	0	0	0	0	0	0	0	57	
740192	0	0	0	0	0	0	0	0	0	0	0	0	0	0	0	57	
740944	0	0	0	0	0	0	0	0	0	0	0	0	0	0	0	57	
741694	0	0	0	0	0	0	0	0	0	0	0	0	0	0	0	43	
742443	0	0	0	0	0	0	0	0	0	0	0	0	0	0	0	51	
743191	0	0	0	0	0	0	0	0	0	0	0	0	0	0	0	55	
743943	0	0	0	0	0	0	0	0	0	0	0	0	0	0	0	51	
744692	0	0	0	0	0	0	0	0	0	0	0	0	0	0	0	61	
745437	0	0	0	0	0	0	0	0	0	0	0	0	0	0	0	49	
746190	0	0	0	0	0	0	0	0	0	0	0	0	0	0	0	55	
746940	0	0	0	0	0	0	0	0	0	0	0	0	0	0	0	63	
747688	0	0	0	0	0	0	0	0	0	0	0	0	0	0	0	43	
748441	0	0	0	0	0	0	0	0	0	0	0	0	0	0	0	49	
749189	0	0	0	0	0	0	0	0	0	0	0	0	0	0	0	47	
749941	0	0	0	0	0	0	0	0	0	0	0	0	0	0	0	51	
750693	0	0	0	0	0	0	0	0	0	0	0	0	0	0	0	61	
751443	0	0	0	0	0	0	0	0	0	0	0	0	0	0	0	47	
752194	0	0	0	0	0	0	0	0	0	0	0	0	0	0	0	39	
752943	0	0	0	0	0	0	0	0	0	0	0	0	0	0	0	55	
753690	0	0	0	0	0	0	0	0	0	0	0	0	0	0	0	47	
754439	0	0	0	0	0	0	0	0	0	0	0	0	0	0	0	51	
755188	0	0	0	0	0	0	0	0	0	0	0	0	0	0	0	55	
755937	0	0	0	0	0	0	0	0	0	0	0	0	0	0	0	65	
756687	0	0	0	0	0	0	0	0	0	0	0	0	0	0	0	51	
757437	0	0	0	0	0	0	0	0	0	0	0	0	0	0	0	49	
758186	0	0	0	0	0	0	0	0	0	0	0	0	0	0	0	55	
758936	0	0	0	0	0	0	0	0	0	0	0	0	0	0	0	43	
759686	0	0	0	0	0	0	0	0	0	0	0	0	0	0	0	61	
760437	0	0	0	0	0	0	0	0	0	0	0	0	0	0	0	55	
761185	0	0	0	0	0	0	0	0	0	0	0	0	0	0	0	65	
761934	0	0	0	0	0	0	0	0	0	0	0	0	0	0	0	43	
762683	0	0	0	0	0	0	0	0	0	0	0	0	0	0	0	37	
763432	0	0	0	0	0	0	0	0	0	0	0	0	0	0	0	45	
764186	0	0	0	0	0	0	0	0	0	0	0	0	0	0	0	43	
764936	0	0	0	0	0	0	0	0	0	0	0	0	0	0	0	49	
765687	0	0	0	0	0	0	0	0	0	0	0	0	0	0	0	51	
766437	0	0	0	0	0	0	0	0	0	0	0	0	0	0	71	0	
767188	0	0	0	0	0	0	0	0	0	0	0	0	0	0	0	55	
767937	0	0	0	0	0	0	0	0	0	0	0	0	0	0	0	53	
768688	0	0	0	0	0	0	0	0	0	0	0	0	0	0	0	51	
769439	0	0	0	0	0	0	0	0	0	0	0	0	0	0	0	41	
770190	0	0	0	0	0	0	0	0	0	0	0	0	0	0	51	0	
770936	0	0	0	0	0	0	0	0	0	0	0	0	0	0	37	0	
771683	0	0	0	0	0	0	0	0	0	0	0	0	0	0	59	0	
772434	0	0	0	0	0	0	0	0	0	0	0	0	0	0	49	0	
773183	0	0	0	0	0	0	0	0	0	0	0	0	0	0	57	0	
773934	0	0	0	0	0	0	0	0	0	0	0	0	0	0	63	0	
774683	0	0	0	0	0	0	0	0	0	0	0	0	0	57	0	0	
775432	0	0	0	0	0	0	0	0	0	0	0	0	0	55	0	0	
776180	0	0	0	0	0	0	0	0	0	0	0	0	0	61	0	0	
776928	0	0	0	0	0	0	0	0	0	0	0	0	0	63	0	0	
777679	0	0	0	0	0	0	0	0	0	0	0	0	0	47	0	0	
778427	0	0	0	0	0	0	0	0	0	0	0	0	0	55	0	0	
779180	0	0	0	0	0	0	0	0	0	0	0	0	1	60	0	0	
779930	0	0	0	0	0	0	0	0	0	0	0	0	0	47	0	0	
780679	0	0	0	0	0	0	0	0	0	0	0	0	0	47	0	0	
781427	0	0	0	0	0	0	0	0	0	0	0	0	0	65	0	0	
782178	0	0	0	0	0	0	0	0	0	0	0	0	0	47	0	0	
782931	0	0	0	0	0	0	0	0	0	0	0	0	0	49	0	0	
783682	0	0	0	0	0	0	0	0	0	0	0	0	0	49	0	0	
784432	0	0	0	0	0	0	0	0	0	0	0	0	0	55	0	0	
785180	0	0	0	0	0	0	0	0	0	0	0	0	0	47	0	0	
785931	0	0	0	0	0	0	0	0	0	0	0	0	0	45	0	0	
786680	0	0	0	0	0	0	0	0	0	0	0	0	0	59	0	0	
787428	0	0	0	0	0	0	0	0	0	0	0	0	0	53	0	0	
788179	0	0	0	0	0	0	0	0	0	0	0	0	0	51	0	0	
788931	0	0	0	0	0	0	0	0	0	0	0	0	0	55	0	0	
789683	0	0	0	0	0	0	0	0	0	0	0	0	0	53	0	0	
790429	0	0	0	0	0	0	0	0	0	0	0	0	0	63	0	0	
791181	0	0	0	0	0	0	0	0	0	0	0	0	0	49	0	0	
791930	0	0	0	0	0	0	0	0	0	0	0	0	0	61	0	0	
792678	0	0	0	0	0	0	0	0	0	0	0	0	0	73	0	0	
793428	0	0	0	0	0	0	0	0	0	0	0	0	0	69	0	0	
794176	0	0	0	0	0	0	0	0	0	0	0	0	0	59	0	0	
794926	0	0	0	0	0	0	0	0	0	0	0	0	0	61	0	0	
795676	0	0	0	0	0	0	0	0	0	0	0	0	71	0	0	0	
796426	0	0	0	0	0	0	0	0	0	0	0	65	0	0	0	0	
797175	0	0	0	0	0	0	0	0	0	0	0	85	0	0	0	0	
797926	0	0	0	0	0	0	0	0	0	0	0	69	0	0	0	0	
798672	0	0	0	0	0	0	0	0	0	0	0	49	0	0	0	0	
799422	0	0	0	0	0	0	0	0	0	0	0	63	0	0	0	0	
800169	0	0	0	0	0	0	0	0	0	0	65	0	0	0	0	0	
800917	0	0	0	0	0	0	0	0	0	0	81	0	0	0	0	0	
801665	0	0	0	0	0	0	0	0	0	0	77	0	0	0	0	0	
802413	0	0	0	0	0	0	0	0	0	0	77	0	0	0	0	0	
803161	0	0	0	0	0	0	0	0	0	0	85	0	0	0	0	0	
803912	0	0	0	0	0	0	0	0	0	0	53	0	0	0	0	0	
804664	0	0	0	0	0	0	0	0	0	0	79	0	0	0	0	0	
805417	0	0	0	0	0	0	0	0	0	0	83	0	0	0	0	0	
806168	0	0	0	0	0	0	0	0	0	0	73	0	0	0	0	0	
806920	0	0	0	0	0	0	0	0	0	0	77	0	0	0	0	0	
807670	0	0	0	0	0	0	0	0	0	0	73	0	0	0	0	0	
808421	0	0	0	0	0	0	0	0	0	0	73	0	0	0	0	0	
809175	0	0	0	0	0	0	0	0	0	0	83	0	0	0	0	0	
809928	0	0	0	0	0	0	0	0	0	0	71	0	0	0	0	0	
810679	0	0	0	0	0	0	0	0	0	0	75	0	0	0	0	0	
811430	0	0	0	0	0	0	0	0	0	0	79	0	0	0	0	0	
812177	0	0	0	0	0	0	0	0	0	0	63	0	0	0	0	0	
812927	0	0	0	0	0	0	0	0	0	0	81	0	0	0	0	0	
813672	0	0	0	0	0	0	0	0	0	0	61	0	0	0	0	0	
814425	0	0	0	0	0	0	0	0	0	0	45	0	0	0	0	0	
815172	0	0	0	0	0	0	0	0	0	0	79	0	0	0	0	0	
815923	0	0	0	0	0	0	0	0	0	0	73	0	0	0	0	0	
816675	0	0	0	0	0	0	0	0	0	0	77	0	0	0	0	0	
817425	0	0	0	0	0	0	0	0	0	0	77	0	0	0	0	0	
818177	0	0	0	0	0	0	0	0	0	0	69	0	0	0	0	0	
818927	0	0	0	0	0	0	0	0	0	0	75	0	0	0	0	0	
819679	0	0	0	0	0	0	0	0	0	0	69	0	0	0	0	0	
820429	0	0	0	0	0	0	0	0	0	0	73	0	0	0	0	0	
821178	0	0	0	0	0	0	0	0	0	0	75	0	0	0	0	0	
821928	0	0	0	0	0	0	0	0	0	0	87	0	0	0	0	0	
822679	0	0	0	0	0	0	0	0	0	0	75	0	0	0	0	0	
823428	0	0	0	0	0	0	0	0	0	0	83	0	0	0	0	0	
824174	0	0	0	0	0	0	0	0	0	0	89	0	0	0	0	0	
824923	0	0	0	0	0	0	0	0	0	0	71	0	0	0	0	0	
825675	0	0	0	0	0	0	0	0	0	0	69	0	0	0	0	0	
826425	0	0	0	0	0	0	0	0	0	0	69	0	0	0	0	0	
827172	0	0	0	0	0	0	0	0	0	0	73	0	0	0	0	0	
827922	0	0	0	0	0	0	0	0	0	0	73	0	0	0	0	0	
828672	0	0	0	0	0	0	0	0	0	0	75	0	0	0	0	0	
829425	0	0	0	0	0	0	0	0	0	0	75	0	0	0	0	0	
830175	0	0	0	0	0	0	0	0	0	0	67	0	0	0	0	0	
830927	0	0	0	0	0	0	0	0	0	0	69	0	0	0	0	0	
831676	0	0	0	0	0	0	0	0	0	75	0	0	0	0	0	0	
832428	0	0	0	0	0	0	0	0	0	87	0	0	0	0	0	0	
833178	0	0	0	0	0	0	0	0	0	71	0	0	0	0	0	0	
833928	0	0	0	0	0	0	0	0	0	81	0	0	0	0	0	0	
834677	0	0	0	0	0	0	0	0	0	89	0	0	0	0	0	0	
835429	0	0	0	0	0	0	0	0	0	85	0	0	0	0	0	0	
836179	0	0	0	0	0	0	0	0	0	67	0	0	0	0	0	0	
836929	0	0	0	0	0	0	0	0	0	81	0	0	0	0	0	0	
837679	0	0	0	0	0	0	0	0	0	75	0	0	0	0	0	0	
838430	0	0	0	0	0	0	0	0	0	97	0	0	0	0	0	0	
839177	0	0	0	0	0	0	0	0	0	87	0	0	0	0	0	0	
839922	0	0	0	0	0	0	0	0	0	91	0	0	0	0	0	0	
840672	0	0	0	0	0	0	0	0	0	95	0	0	0	0	0	0	
841423	0	0	0	0	0	0	0	0	0	79	0	0	0	0	0	0	
842173	0	0	0	0	0	0	0	0	0	83	0	0	0	0	0	0	
842923	0	0	0	0	0	0	0	0	0	85	0	0	0	0	0	0	
843672	0	0	0	0	0	0	0	0	0	79	0	0	0	0	0	0	
844422	0	0	0	0	0	0	0	0	0	97	0	0	0	0	0	0	
845171	0	0	0	0	0	0	0	0	0	71	0	0	0	0	0	0	
845920	0	0	0	0	0	0	0	0	0	85	0	0	0	0	0	0	
846674	0	0	0	0	0	0	0	0	0	71	0	0	0	0	0	0	
847425	0	0	0	0	0	0	0	0	0	66	1	0	0	0	0	0	
848178	0	0	0	0	0	0	0	0	0	87	0	0	0	0	0	0	
848931	0	0	0	0	0	0	0	0	87	0	0	0	0	0	0	0	
849677	0	0	0	0	0	0	0	0	103	0	0	0	0	0	0	0	
850427	0	0	0	0	0	0	0	0	91	0	0	0	0	0	0	0	
851178	0	0	0	0	0	0	0	0	0	73	0	0	0	0	0	0	
851930	0	0	0	0	0	0	0	0	0	0	73	0	0	0	0	0	
852678	0	0	0	0	0	0	0	0	0	0	69	0	0	0	0	0	
853426	0	0	0	0	0	0	0	0	0	0	77	0	0	0	0	0	
854174	0	0	0	0	0	0	0	0	0	0	59	0	0	0	0	0	
854926	0	0	0	0	0	0	0	0	0	0	69	0	0	0	0	0	
855676	0	0	0	0	0	0	0	0	0	89	0	0	0	0	0	0	
856426	0	0	0	0	0	0	0	0	0	79	0	0	0	0	0	0	
857176	0	0	0	0	0	0	0	0	0	75	0	0	0	0	0	0	
857922	0	0	0	0	0	0	0	0	0	77	0	0	0	0	0	0	
858674	0	0	0	0	0	0	0	0	0	71	0	0	0	0	0	0	
859422	0	0	0	0	0	0	0	0	0	87	0	0	0	0	0	0	
860176	0	0	0	0	0	0	0	0	0	81	0	0	0	0	0	0	
860927	0	0	0	0	0	0	0	0	0	79	0	0	0	0	0	0	
861676	0	0	0	0	0	0	0	0	0	69	0	0	0	0	0	0	
862426	0	0	0	0	0	0	0	0	0	77	0	0	0	0	0	0	
863177	0	0	0	0	0	0	0	0	0	93	0	0	0	0	0	0	
863924	0	0	0	0	0	0	0	0	0	75	0	0	0	0	0	0	
864675	0	0	0	0	0	0	0	0	0	89	0	0	0	0	0	0	
865422	0	0	0	0	0	0	0	0	0	91	0	0	0	0	0	0	
866173	0	0	0	0	0	0	0	0	0	89	0	0	0	0	0	0	
866924	0	0	0	0	0	0	0	0	0	77	0	0	0	0	0	0	
867676	0	0	0	0	0	0	0	0	0	71	0	0	0	0	0	0	
868422	0	0	0	0	0	0	0	0	0	65	0	0	0	0	0	0	
869172	0	0	0	0	0	0	0	0	0	71	0	0	0	0	0	0	
869919	0	0	0	0	0	0	0	0	0	0	59	0	0	0	0	0	
870670	0	0	0	0	0	0	0	0	0	0	71	0	0	0	0	0	
871420	0	0	0	0	0	0	0	0	0	0	75	0	0	0	0	0	
872170	0	0	0	0	0	0	0	0	0	0	71	0	0	0	0	0	
872919	0	0	0	0	0	0	0	0	0	79	0	0	0	0	0	0	
873667	0	0	0	0	0	0	0	0	0	83	0	0	0	0	0	0	
874418	0	0	0	0	0	0	0	0	0	75	0	0	0	0	0	0	
875166	0	0	0	0	0	0	0	0	0	79	0	0	0	0	0	0	
875917	0	0	0	0	0	0	0	0	99	0	0	0	0	0	0	0	
876669	0	0	0	0	0	0	0	0	97	0	0	0	0	0	0	0	
877421	0	0	0	0	0	0	0	0	89	0	0	0	0	0	0	0	
878170	0	0	0	0	0	0	0	0	81	0	0	0	0	0	0	0	
878920	0	0	0	0	0	0	0	0	97	0	0	0	0	0	0	0	
879673	0	0	0	0	0	0	0	0	93	0	0	0	0	0	0	0	
880427	0	0	0	0	0	0	0	0	81	0	0	0	0	0	0	0	
881177	0	0	0	0	0	0	0	0	87	0	0	0	0	0	0	0	
881928	0	0	0	0	0	0	0	0	85	0	0	0	0	0	0	0	
882678	0	0	0	0	0	0	0	0	99	0	0	0	0	0	0	0	
883427	0	0	0	0	0	0	0	0	91	0	0	0	0	0	0	0	
884179	0	0	0	0	0	0	0	0	89	0	0	0	0	0	0	0	
884928	0	0	0	0	0	0	0	0	105	0	0	0	0	0	0	0	
885675	0	0	0	0	0	0	0	0	103	0	0	0	0	0	0	0	
886427	0	0	0	0	0	0	0	0	81	0	0	0	0	0	0	0	
887177	0	0	0	0	0	0	0	0	87	0	0	0	0	0	0	0	
887926	0	0	0	0	0	0	0	0	91	0	0	0	0	0	0	0	
888675	0	0	0	0	0	0	0	0	91	0	0	0	0	0	0	0	
889426	0	0	0	0	0	0	0	0	89	0	0	0	0	0	0	0	
890179	0	0	0	0	0	0	0	0	91	0	0	0	0	0	0	0	
890931	0	0	0	0	0	0	0	0	69	0	0	0	0	0	0	0	
891679	0	0	0	0	0	0	0	0	85	0	0	0	0	0	0	0	
892429	0	0	0	0	0	0	0	0	93	0	0	0	0	0	0	0	
893176	0	0	0	0	0	0	0	0	73	0	0	0	0	0	0	0	
893927	0	0	0	0	0	0	0	0	93	0	0	0	0	0	0	0	
894674	0	0	0	0	0	0	0	105	0	0	0	0	0	0	0	0	
895426	0	0	0	0	0	0	0	89	0	0	0	0	0	0	0	0	
896179	0	0	0	0	0	0	0	109	0	0	0	0	0	0	0	0	
896930	0	0	0	0	0	0	2	135	0	0	0	0	0	0	0	0	
897681	0	0	0	0	0	0	109	0	0	0	0	0	0	0	0	0	
898429	0	0	0	0	0	0	111	0	0	0	0	0	0	0	0	0	
899181	0	0	0	0	0	0	137	0	0	0	0	0	0	0	0	0	
899934	0	0	0	0	0	0	115	0	0	0	0	0	0	0	0	0	
900686	0	0	0	0	0	0	117	0	0	0	0	0	0	0	0	0	
901437	0	0	0	0	0	0	119	0	0	0	0	0	0	0	0	0	
902189	0	0	0	0	0	0	123	0	0	0	0	0	0	0	0	0	
902937	0	0	0	0	0	0	121	0	0	0	0	0	0	0	0	0	
903687	0	0	0	0	0	0	117	0	0	0	0	0	0	0	0	0	
904434	0	0	0	0	0	0	103	0	0	0	0	0	0	0	0	0	
905184	0	0	0	0	0	0	119	0	0	0	0	0	0	0	0	0	
905935	0	0	0	0	0	0	103	0	0	0	0	0	0	0	0	0	
906685	0	0	0	0	0	0	111	0	0	0	0	0	0	0	0	0	
907441	0	0	0	0	0	0	117	0	0	0	0	0	0	0	0	0	
908192	0	0	0	0	0	0	109	0	0	0	0	0	0	0	0	0	
908940	0	0	0	0	0	0	115	0	0	0	0	0	0	0	0	0	
909689	0	0	0	0	0	0	111	0	0	0	0	0	0	0	0	0	
910438	0	0	0	0	0	0	105	0	0	0	0	0	0	0	0	0	
911188	0	0	0	0	0	0	109	0	0	0	0	0	0	0	0	0	
911938	0	0	0	0	0	0	125	0	0	0	0	0	0	0	0	0	
912689	0	0	0	0	0	0	123	0	0	0	0	0	0	0	0	0	
913437	0	0	0	0	0	0	113	0	0	0	0	0	0	0	0	0	
914191	0	0	0	0	0	0	119	0	0	0	0	0	0	0	0	0	
914942	0	0	0	0	0	0	105	0	0	0	0	0	0	0	0	0	
915695	0	0	0	0	0	0	107	0	0	0	0	0	0	0	0	0	
916440	0	0	0	0	0	0	119	0	0	0	0	0	0	0	0	0	
917191	0	0	0	0	0	0	107	0	0	0	0	0	0	0	0	0	
917941	0	0	0	0	0	0	121	0	0	0	0	0	0	0	0	0	
918691	0	0	0	0	0	0	113	0	0	0	0	0	0	0	0	0	
919442	0	0	0	0	0	0	93	0	0	0	0	0	0	0	0	0	
920192	0	0	0	0	0	0	119	0	0	0	0	0	0	0	0	0	
920942	0	0	0	0	0	0	131	0	0	0	0	0	0	0	0	0	
921692	0	0	0	0	0	0	111	0	0	0	0	0	0	0	0	0	
922440	0	0	0	0	0	0	117	0	0	0	0	0	0	0	0	0	
923190	0	0	0	0	0	0	111	0	0	0	0	0	0	0	0	0	
923939	0	0	0	0	0	0	117	0	0	0	0	0	0	0	0	0	
924690	0	0	0	0	0	0	119	0	0	0	0	0	0	0	0	0	
925439	0	0	0	0	0	0	97	0	0	0	0	0	0	0	0	0	
926189	0	0	0	0	0	0	103	0	0	0	0	0	0	0	0	0	
926939	0	0	0	0	0	0	105	0	0	0	0	0	0	0	0	0	
927687	0	0	0	0	0	0	91	0	0	0	0	0	0	0	0	0	
928438	0	0	0	0	0	0	125	0	0	0	0	0	0	0	0	0	
929186	0	0	0	0	0	0	117	0	0	0	0	0	0	0	0	0	
929938	0	0	0	0	0	0	121	0	0	0	0	0	0	0	0	0	
930687	0	0	0	0	0	0	119	0	0	0	0	0	0	0	0	0	
931436	0	0	0	0	0	0	117	0	0	0	0	0	0	0	0	0	
932185	0	0	0	0	0	0	123	0	0	0	0	0	0	0	0	0	
932935	0	0	0	0	0	0	115	0	0	0	0	0	0	0	0	0	
933686	0	0	0	0	0	0	121	0	0	0	0	0	0	0	0	0	
934436	0	0	0	0	0	0	129	0	0	0	0	0	0	0	0	0	
935185	0	0	0	0	0	127	0	0	0	0	0	0	0	0	0	0	
935936	0	0	0	0	0	119	0	0	0	0	0	0	0	0	0	0	
936690	0	0	0	0	0	133	0	0	0	0	0	0	0	0	0	0	
937436	0	0	0	0	0	139	0	0	0	0	0	0	0	0	0	0	
938186	0	0	0	0	0	135	0	0	0	0	0	0	0	0	0	0	
938935	0	0	0	0	0	135	0	0	0	0	0	0	0	0	0	0	
939684	0	0	0	0	0	129	0	0	0	0	0	0	0	0	0	0	
940433	0	0	0	0	0	143	0	0	0	0	0	0	0	0	0	0	
941182	0	0	0	0	0	145	0	0	0	0	0	0	0	0	0	0	
941933	0	0	0	0	0	137	0	0	0	0	0	0	0	0	0	0	
942686	0	0	0	0	63	108	0	0	0	0	0	0	0	0	0	0	
943435	0	0	0	0	0	139	0	0	0	0	0	0	0	0	0	0	
944186	0	0	0	0	0	115	0	0	0	0	0	0	0	0	0	0	
944936	0	0	0	0	0	163	0	0	0	0	0	0	0	0	0	0	
945686	0	0	0	0	0	141	0	0	0	0	0	0	0	0	0	0	
946435	0	0	0	0	153	0	0	0	0	0	0	0	0	0	0	0	
947183	0	0	0	0	201	0	0	0	0	0	0	0	0	0	0	0	
947933	0	0	0	0	173	0	0	0	0	0	0	0	0	0	0	0	
948682	0	0	0	0	181	0	0	0	0	0	0	0	0	0	0	0	
949429	0	0	0	197	0	0	0	0	0	0	0	0	0	0	0	0	
950178	0	0	0	185	0	0	0	0	0	0	0	0	0	0	0	0	
950927	0	0	0	211	0	0	0	0	0	0	0	0	0	0	0	0	
951677	0	0	0	167	0	0	0	0	0	0	0	0	0	0	0	0	
952428	0	0	0	185	0	0	0	0	0	0	0	0	0	0	0	0	
953179	0	0	0	197	0	0	0	0	0	0	0	0	0	0	0	0	
953927	0	0	67	162	0	0	0	0	0	0	0	0	0	0	0	0	
954676	0	0	259	0	0	0	0	0	0	0	0	0	0	0	0	0	
955432	0	0	235	0	0	0	0	0	0	0	0	0	0	0	0	0	
956183	0	0	261	0	0	0	0	0	0	0	0	0	0	0	0	0	
956935	0	0	273	0	0	0	0	0	0	0	0	0	0	0	0	0	
957682	0	0	269	0	0	0	0	0	0	0	0	0	0	0	0	0	
958431	0	0	239	0	0	0	0	0	0	0	0	0	0	0	0	0	
959181	0	0	289	0	0	0	0	0	0	0	0	0	0	0	0	0	
959933	0	0	203	48	0	0	0	0	0	0	0	0	0	0	0	0	
960685	0	0	0	207	0	0	0	0	0	0	0	0	0	0	0	0	
961438	0	0	0	171	0	0	0	0	0	0	0	0	0	0	0	0	
962187	0	0	0	205	0	0	0	0	0	0	0	0	0	0	0	0	
962937	0	0	0	197	0	0	0	0	0	0	0	0	0	0	0	0	
963689	0	0	0	175	0	0	0	0	0	0	0	0	0	0	0	0	
964440	0	0	0	215	0	0	0	0	0	0	0	0	0	0	0	0	
965189	0	0	0	203	0	0	0	0	0	0	0	0	0	0	0	0	
965937	0	0	0	217	0	0	0	0	0	0	0	0	0	0	0	0	
966685	0	0	0	175	0	0	0	0	0	0	0	0	0	0	0	0	
967433	0	0	0	205	0	0	0	0	0	0	0	0	0	0	0	0	
968181	0	0	0	201	0	0	0	0	0	0	0	0	0	0	0	0	
968930	0	0	0	175	0	0	0	0	0	0	0	0	0	0	0	0	
969684	0	0	0	203	0	0	0	0	0	0	0	0	0	0	0	0	
970437	0	0	0	209	0	0	0	0	0	0	0	0	0	0	0	0	
971185	0	0	0	179	0	0	0	0	0	0	0	0	0	0	0	0	
971934	0	0	0	203	0	0	0	0	0	0	0	0	0	0	0	0	
972686	0	0	0	197	0	0	0	0	0	0	0	0	0	0	0	0	
973435	0	0	0	183	0	0	0	0	0	0	0	0	0	0	0	0	
974184	0	0	0	207	0	0	0	0	0	0	0	0	0	0	0	0	
974937	0	0	0	189	0	0	0	0	0	0	0	0	0	0	0	0	
975688	0	0	0	209	0	0	0	0	0	0	0	0	0	0	0	0	
976441	0	0	0	225	0	0	0	0	0	0	0	0	0	0	0	0	
977192	0	0	0	207	0	0	0	0	0	0	0	0	0	0	0	0	
977940	0	0	0	199	0	0	0	0	0	0	0	0	0	0	0	0	
978690	0	0	0	181	0	0	0	0	0	0	0	0	0	0	0	0	
979437	0	0	0	189	0	0	0	0	0	0	0	0	0	0	0	0	
980188	0	0	0	187	0	0	0	0	0	0	0	0	0	0	0	0	
980934	0	0	0	197	0	0	0	0	0	0	0	0	0	0	0	0	
981683	0	0	0	195	0	0	0	0	0	0	0	0	0	0	0	0	
982434	0	0	0	203	0	0	0	0	0	0	0	0	0	0	0	0	
983184	0	0	0	211	0	0	0	0	0	0	0	0	0	0	0	0	
983932	0	0	0	213	0	0	0	0	0	0	0	0	0	0	0	0	
984678	0	0	0	201	0	0	0	0	0	0	0	0	0	0	0	0	
985427	0	0	0	209	0	0	0	0	0	0	0	0	0	0	0	0	
986175	0	0	0	185	0	0	0	0	0	0	0	0	0	0	0	0	
986925	0	0	0	187	0	0	0	0	0	0	0	0	0	0	0	0	
987675	0	0	0	203	0	0	0	0	0	0	0	0	0	0	0	0	
988424	0	0	0	193	0	0	0	0	0	0	0	0	0	0	0	0	
989170	0	0	0	193	20	0	0	0	0	0	0	0	0	0	0	0	
989921	0	0	0	177	0	0	0	0	0	0	0	0	0	0	0	0	
990672	0	0	0	205	0	0	0	0	0	0	0	0	0	0	0	0	
991423	0	0	0	199	0	0	0	0	0	0	0	0	0	0	0	0	
992175	0	0	0	197	0	0	0	0	0	0	0	0	0	0	0	0	
992925	0	0	0	231	0	0	0	0	0	0	0	0	0	0	0	0	
993674	0	0	0	185	0	0	0	0	0	0	0	0	0	0	0	0	
994422	0	0	0	197	0	0	0	0	0	0	0	0	0	0	0	0	
995170	0	0	0	203	0	0	0	0	0	0	0	0	0	0	0	0	
995921	0	0	0	195	0	0	0	0	0	0	0	0	0	0	0	0	
996672	0	0	287	0	0	0	0	0	0	0	0	0	0	0	0	0	
997421	0	0	277	0	0	0	0	0	0	0	0	0	0	0	0	0	
998172	0	0	285	0	0	0	0	0	0	0	0	0	0	0	0	0	
998919	0	0	249	0	0	0	0	0	0	0	0	0	0	0	0	0	
999672	0	0	281	0	0	0	0	0	0	0	0	0	0	0	0	0	
1.00042e+06	0	0	257	0	0	0	0	0	0	0	0	0	0	0	0	0	
1.00117e+06	0	0	273	0	0	0	0	0	0	0	0	0	0	0	0	0	
1.00192e+06	0	0	273	0	0	0	0	0	0	0	0	0	0	0	0	0	
1.00267e+06	0	0	273	0	0	0	0	0	0	0	0	0	0	0	0	0	
1.00343e+06	0	0	271	0	0	0	0	0	0	0	0	0	0	0	0	0	
1.00417e+06	0	0	279	0	0	0	0	0	0	0	0	0	0	0	0	0	
1.00492e+06	0	0	245	0	0	0	0	0	0	0	0	0	0	0	0	0	
1.00568e+06	0	0	259	0	0	0	0	0	0	0	0	0	0	0	0	0	
1.00643e+06	0	0	241	0	0	0	0	0	0	0	0	0	0	0	0	0	
1.00718e+06	0	0	259	0	0	0	0	0	0	0	0	0	0	0	0	0	
1.00792e+06	0	0	261	0	0	0	0	0	0	0	0	0	0	0	0	0	
1.00867e+06	0	0	253	0	0	0	0	0	0	0	0	0	0	0	0	0	
1.00943e+06	0	0	281	0	0	0	0	0	0	0	0	0	0	0	0	0	
1.01018e+06	0	0	249	0	0	0	0	0	0	0	0	0	0	0	0	0	
1.01093e+06	0	0	257	0	0	0	0	0	0	0	0	0	0	0	0	0	
1.01167e+06	0	0	243	0	0	0	0	0	0	0	0	0	0	0	0	0	
1.01243e+06	0	0	285	0	0	0	0	0	0	0	0	0	0	0	0	0	
1.01317e+06	0	0	273	0	0	0	0	0	0	0	0	0	0	0	0	0	
1.01393e+06	0	0	241	0	0	0	0	0	0	0	0	0	0	0	0	0	
1.01468e+06	0	0	279	0	0	0	0	0	0	0	0	0	0	0	0	0	
1.01543e+06	0	0	279	0	0	0	0	0	0	0	0	0	0	0	0	0	
1.01618e+06	0	0	249	0	0	0	0	0	0	0	0	0	0	0	0	0	
1.01693e+06	0	0	275	0	0	0	0	0	0	0	0	0	0	0	0	0	
1.01768e+06	0	0	255	0	0	0	0	0	0	0	0	0	0	0	0	0	
1.01843e+06	0	0	279	0	0	0	0	0	0	0	0	0	0	0	0	0	
1.01918e+06	0	0	281	0	0	0	0	0	0	0	0	0	0	0	0	0	
1.01993e+06	0	0	259	0	0	0	0	0	0	0	0	0	0	0	0	0	
1.02067e+06	0	0	259	0	0	0	0	0	0	0	0	0	0	0	0	0	
1.02143e+06	0	0	257	0	0	0	0	0	0	0	0	0	0	0	0	0	
1.02218e+06	0	0	285	0	0	0	0	0	0	0	0	0	0	0	0	0	
1.02293e+06	0	0	275	0	0	0	0	0	0	0	0	0	0	0	0	0	
1.02367e+06	0	0	285	0	0	0	0	0	0	0	0	0	0	0	0	0	
1.02442e+06	0	16	267	0	0	0	0	0	0	0	0	0	0	0	0	0	
1.02517e+06	0	0	255	0	0	0	0	0	0	0	0	0	0	0	0	0	
1.02592e+06	0	0	251	0	0	0	0	0	0	0	0	0	0	0	0	0	
1.02667e+06	0	0	289	0	0	0	0	0	0	0	0	0	0	0	0	0	
1.02742e+06	0	0	267	0	0	0	0	0	0	0	0	0	0	0	0	0	
1.02817e+06	0	0	259	0	0	0	0	0	0	0	0	0	0	0	0	0	
1.02892e+06	0	0	273	0	0	0	0	0	0	0	0	0	0	0	0	0	
1.02966e+06	0	0	257	0	0	0	0	0	0	0	0	0	0	0	0	0	
1.03041e+06	0	0	269	0	0	0	0	0	0	0	0	0	0	0	0	0	
1.03116e+06	0	0	281	0	0	0	0	0	0	0	0	0	0	0	0	0	
1.03192e+06	0	0	235	0	0	0	0	0	0	0	0	0	0	0	0	0	
1.03267e+06	0	0	237	0	0	0	0	0	0	0	0	0	0	0	0	0	
1.03342e+06	0	0	255	0	0	0	0	0	0	0	0	0	0	0	0	0	
1.03417e+06	0	0	257	0	0	0	0	0	0	0	0	0	0	0	0	0	
1.03492e+06	0	0	265	0	0	0	0	0	0	0	0	0	0	0	0	0	
1.03568e+06	0	0	261	0	0	0	0	0	0	0	0	0	0	0	0	0	
1.03643e+06	0	0	263	0	0	0	0	0	0	0	0	0	0	0	0	0	
1.03717e+06	0	0	265	0	0	0	0	0	0	0	0	0	0	0	0	0	
1.03792e+06	0	0	297	0	0	0	0	0	0	0	0	0	0	0	0	0	
1.03867e+06	0	0	285	0	0	0	0	0	0	0	0	0	0	0	0	0	
1.03942e+06	0	0	267	0	0	0	0	0	0	0	0	0	0	0	0	0	
1.04017e+06	0	0	271	0	0	0	0	0	0	0	0	0	0	0	0	0	
1.04093e+06	0	0	0	209	0	0	0	0	0	0	0	0	0	0	0	0	
1.04168e+06	0	0	0	197	0	0	0	0	0	0	0	0	0	0	0	0	
1.04243e+06	0	0	0	203	0	0	0	0	0	0	0	0	0	0	0	0	
1.04318e+06	0	0	0	185	0	0	0	0	0	0	0	0	0	0	0	0	
1.04392e+06	0	0	0	181	0	0	0	0	0	0	0	0	0	0	0	0	
1.04468e+06	0	0	0	191	0	0	0	0	0	0	0	0	0	0	0	0	
1.04543e+06	0	0	0	197	0	0	0	0	0	0	0	0	0	0	0	0	
1.04618e+06	0	0	0	191	0	0	0	0	0	0	0	0	0	0	0	0	
1.04693e+06	0	0	0	187	0	0	0	0	0	0	0	0	0	0	0	0	
1.04768e+06	0	0	0	187	0	0	0	0	0	0	0	0	0	0	0	0	
1.04843e+06	0	0	0	187	0	0	0	0	0	0	0	0	0	0	0	0	
1.04919e+06	0	0	0	175	0	0	0	0	0	0	0	0	0	0	0	0	
1.04994e+06	0	0	0	179	0	0	0	0	0	0	0	0	0	0	0	0	
1.05069e+06	0	0	0	183	0	0	0	0	0	0	0	0	0	0	0	0	
1.05144e+06	0	0	0	197	0	0	0	0	0	0	0	0	0	0	0	0	
1.05219e+06	0	0	0	191	0	0	0	0	0	0	0	0	0	0	0	0	
1.05294e+06	0	0	0	193	0	0	0	0	0	0	0	0	0	0	0	0	
1.05368e+06	0	0	0	205	0	0	0	0	0	0	0	0	0	0	0	0	
1.05443e+06	0	0	0	197	0	0	0	0	0	0	0	0	0	0	0	0	
1.05518e+06	0	0	0	173	0	0	0	0	0	0	0	0	0	0	0	0	
1.05593e+06	0	0	0	187	0	0	0	0	0	0	0	0	0	0	0	0	
1.05668e+06	0	0	0	189	0	0	0	0	0	0	0	0	0	0	0	0	
1.05743e+06	0	0	0	211	0	0	0	0	0	0	0	0	0	0	0	0	
1.05818e+06	0	0	0	187	0	0	0	0	0	0	0	0	0	0	0	0	
1.05893e+06	0	0	0	207	0	0	0	0	0	0	0	0	0	0	0	0	
1.05968e+06	0	0	0	217	0	0	0	0	0	0	0	0	0	0	0	0	
1.06043e+06	0	0	0	209	0	0	0	0	0	0	0	0	0	0	0	0	
1.06118e+06	0	0	0	201	0	0	0	0	0	0	0	0	0	0	0	0	
1.06193e+06	0	0	0	207	0	0	0	0	0	0	0	0	0	0	0	0	
1.06268e+06	0	0	0	187	0	0	0	0	0	0	0	0	0	0	0	0	
1.06343e+06	0	0	0	175	0	0	0	0	0	0	0	0	0	0	0	0	
1.06418e+06	0	0	0	0	165	0	0	0	0	0	0	0	0	0	0	0	
1.06493e+06	0	0	0	0	161	0	0	0	0	0	0	0	0	0	0	0	
1.06567e+06	0	0	0	0	161	0	0	0	0	0	0	0	0	0	0	0	
1.06642e+06	0	0	0	0	163	0	0	0	0	0	0	0	0	0	0	0	
1.06717e+06	0	0	0	0	163	0	0	0	0	0	0	0	0	0	0	0	
1.06792e+06	0	0	0	0	151	0	0	0	0	0	0	0	0	0	0	0	
1.06867e+06	0	0	0	0	149	0	0	0	0	0	0	0	0	0	0	0	
1.06942e+06	0	0	0	0	163	0	0	0	0	0	0	0	0	0	0	0	
1.07017e+06	0	0	0	0	161	0	0	0	0	0	0	0	0	0	0	0	
1.07092e+06	0	0	0	0	157	0	0	0	0	0	0	0	0	0	0	0	
1.07167e+06	0	0	0	0	147	0	0	0	0	0	0	0	0	0	0	0	
1.07242e+06	0	0	0	0	151	0	0	0	0	0	0	0	0	0	0	0	
1.07317e+06	0	0	0	0	161	0	0	0	0	0	0	0	0	0	0	0	
1.07392e+06	0	0	0	0	129	0	0	0	0	0	0	0	0	0	0	0	
1.07467e+06	0	0	0	0	155	0	0	0	0	0	0	0	0	0	0	0	
1.07542e+06	0	0	0	0	153	0	0	0	0	0	0	0	0	0	0	0	
1.07617e+06	0	0	0	0	157	0	0	0	0	0	0	0	0	0	0	0	
1.07693e+06	0	0	0	0	143	0	0	0	0	0	0	0	0	0	0	0	
1.07768e+06	0	0	0	0	167	0	0	0	0	0	0	0	0	0	0	0	
1.07843e+06	0	0	0	0	177	0	0	0	0	0	0	0	0	0	0	0	
1.07918e+06	0	0	0	0	0	139	0	0	0	0	0	0	0	0	0	0	
1.07993e+06	0	0	0	0	0	143	0	0	0	0	0	0	0	0	0	0	
1.08068e+06	0	0	0	0	0	113	0	0	0	0	0	0	0	0	0	0	
1.08143e+06	0	0	0	0	0	151	0	0	0	0	0	0	0	0	0	0	
1.08218e+06	0	0	0	0	9	122	0	0	0	0	0	0	0	0	0	0	
1.08293e+06	0	0	0	0	0	133	0	0	0	0	0	0	0	0	0	0	
1.08368e+06	0	0	0	0	167	0	0	0	0	0	0	0	0	0	0	0	
1.08443e+06	0	0	0	173	0	0	0	0	0	0	0	0	0	0	0	0	
1.08518e+06	0	0	0	205	0	0	0	0	0	0	0	0	0	0	0	0	
1.08593e+06	0	0	0	201	0	0	0	0	0	0	0	0	0	0	0	0	
1.08668e+06	0	0	0	183	0	0	0	0	0	0	0	0	0	0	0	0	
1.08743e+06	0	0	0	189	0	0	0	0	0	0	0	0	0	0	0	0	
1.08818e+06	0	0	0	205	0	0	0	0	0	0	0	0	0	0	0	0	
1.08894e+06	0	0	0	193	0	0	0	0	0	0	0	0	0	0	0	0	
1.08968e+06	0	0	0	203	0	0	0	0	0	0	0	0	0	0	0	0	
1.09043e+06	0	0	0	207	0	0	0	0	0	0	0	0	0	0	0	0	
1.09118e+06	0	0	0	205	0	0	0	0	0	0	0	0	0	0	0	0	
1.09193e+06	0	0	0	207	0	0	0	0	0	0	0	0	0	0	0	0	
1.09269e+06	0	0	0	221	0	0	0	0	0	0	0	0	0	0	0	0	
1.09344e+06	0	0	0	177	0	0	0	0	0	0	0	0	0	0	0	0	
1.09419e+06	0	0	0	207	0	0	0	0	0	0	0	0	0	0	0	0	
1.09494e+06	0	0	0	215	0	0	0	0	0	0	0	0	0	0	0	0	
1.09569e+06	0	0	251	0	0	0	0	0	0	0	0	0	0	0	0	0	
1.09644e+06	0	0	247	0	0	0	0	0	0	0	0	0	0	0	0	0	
1.09719e+06	0	0	148	79	0	0	0	0	0	0	0	0	0	0	0	0	
1.09794e+06	0	0	255	0	0	0	0	0	0	0	0	0	0	0	0	0	
1.09869e+06	0	0	293	0	0	0	0	0	0	0	0	0	0	0	0	0	
1.09944e+06	0	0	277	0	0	0	0	0	0	0	0	0	0	0	0	0	
1.10019e+06	0	0	241	0	0	0	0	0	0	0	0	0	0	0	0	0	
1.10094e+06	0	0	261	0	0	0	0	0	0	0	0	0	0	0	0	0	
1.10169e+06	0	0	261	0	0	0	0	0	0	0	0	0	0	0	0	0	
1.10243e+06	0	0	259	0	0	0	0	0	0	0	0	0	0	0	0	0	
1.10318e+06	0	0	245	0	0	0	0	0	0	0	0	0	0	0	0	0	
1.10394e+06	0	0	255	0	0	0	0	0	0	0	0	0	0	0	0	0	
1.10469e+06	0	0	263	0	0	0	0	0	0	0	0	0	0	0	0	0	
1.10544e+06	0	0	229	0	0	0	0	0	0	0	0	0	0	0	0	0	
1.10619e+06	0	0	243	0	0	0	0	0	0	0	0	0	0	0	0	0	
1.10694e+06	0	0	287	0	0	0	0	0	0	0	0	0	0	0	0	0	
1.10769e+06	0	0	255	0	0	0	0	0	0	0	0	0	0	0	0	0	
1.10843e+06	0	0	259	0	0	0	0	0	0	0	0	0	0	0	0	0	
1.10918e+06	0	0	253	0	0	0	0	0	0	0	0	0	0	0	0	0	
1.10993e+06	0	0	289	0	0	0	0	0	0	0	0	0	0	0	0	0	
1.11068e+06	0	0	287	0	0	0	0	0	0	0	0	0	0	0	0	0	
1.11143e+06	0	0	243	0	0	0	0	0	0	0	0	0	0	0	0	0	
1.11218e+06	0	0	253	0	0	0	0	0	0	0	0	0	0	0	0	0	
1.11293e+06	0	0	263	0	0	0	0	0	0	0	0	0	0	0	0	0	
1.11368e+06	0	0	269	0	0	0	0	0	0	0	0	0	0	0	0	0	
1.11443e+06	0	0	263	0	0	0	0	0	0	0	0	0	0	0	0	0	
1.11518e+06	0	0	261	0	0	0	0	0	0	0	0	0	0	0	0	0	
1.11593e+06	0	0	245	0	0	0	0	0	0	0	0	0	0	0	0	0	
1.11668e+06	0	0	233	0	0	0	0	0	0	0	0	0	0	0	0	0	
1.11743e+06	0	0	255	0	0	0	0	0	0	0	0	0	0	0	0	0	
1.11818e+06	0	0	287	0	0	0	0	0	0	0	0	0	0	0	0	0	
1.11892e+06	0	0	267	0	0	0	0	0	0	0	0	0	0	0	0	0	
1.11967e+06	0	0	269	0	0	0	0	0	0	0	0	0	0	0	0	0	
1.12042e+06	0	1	200	0	0	0	0	0	0	0	0	0	0	0	0	0	
1.12117e+06	0	0	269	0	0	0	0	0	0	0	0	0	0	0	0	0	
1.12192e+06	0	0	309	0	0	0	0	0	0	0	0	0	0	0	0	0	
1.12267e+06	0	0	231	40	0	0	0	0	0	0	0	0	0	0	0	0	
1.12342e+06	0	0	237	0	0	0	0	0	0	0	0	0	0	0	0	0	
1.12417e+06	0	0	257	0	0	0	0	0	0	0	0	0	0	0	0	0	
1.12493e+06	0	0	247	0	0	0	0	0	0	0	0	0	0	0	0	0	
1.12567e+06	0	0	251	0	0	0	0	0	0	0	0	0	0	0	0	0	
1.12643e+06	0	0	277	0	0	0	0	0	0	0	0	0	0	0	0	0	
1.12717e+06	0	0	243	0	0	0	0	0	0	0	0	0	0	0	0	0	
1.12793e+06	0	0	259	0	0	0	0	0	0	0	0	0	0	0	0	0	
1.12868e+06	0	0	241	0	0	0	0	0	0	0	0	0	0	0	0	0	
1.12943e+06	0	0	269	0	0	0	0	0	0	0	0	0	0	0	0	0	
1.13017e+06	0	0	287	0	0	0	0	0	0	0	0	0	0	0	0	0	
1.13092e+06	0	0	277	0	0	0	0	0	0	0	0	0	0	0	0	0	
1.13167e+06	0	0	251	0	0	0	0	0	0	0	0	0	0	0	0	0	
1.13242e+06	0	0	263	0	0	0	0	0	0	0	0	0	0	0	0	0	
1.13317e+06	0	0	241	0	0	0	0	0	0	0	0	0	0	0	0	0	
1.13392e+06	0	0	247	0	0	0	0	0	0	0	0	0	0	0	0	0	
1.13467e+06	0	0	261	0	0	0	0	0	0	0	0	0	0	0	0	0	
1.13542e+06	0	0	257	0	0	0	0	0	0	0	0	0	0	0	0	0	
1.13617e+06	0	0	275	0	0	0	0	0	0	0	0	0	0	0	0	0	
1.13691e+06	0	0	251	0	0	0	0	0	0	0	0	0	0	0	0	0	
1.13767e+06	0	0	257	0	0	0	0	0	0	0	0	0	0	0	0	0	
1.13842e+06	0	0	289	0	0	0	0	0	0	0	0	0	0	0	0	0	
1.13917e+06	0	0	251	0	0	0	0	0	0	0	0	0	0	0	0	0	
1.13992e+06	0	0	267	0	0	0	0	0	0	0	0	0	0	0	0	0	
1.14066e+06	0	0	275	0	0	0	0	0	0	0	0	0	0	0	0	0	
1.14142e+06	0	0	281	0	0	0	0	0	0	0	0	0	0	0	0	0	
1.14217e+06	0	0	259	0	0	0	0	0	0	0	0	0	0	0	0	0	
1.14291e+06	0	0	255	0	0	0	0	0	0	0	0	0	0	0	0	0	
1.14367e+06	0	0	239	0	0	0	0	0	0	0	0	0	0	0	0	0	
1.14442e+06	0	0	259	0	0	0	0	0	0	0	0	0	0	0	0	0	
1.14517e+06	0	0	279	0	0	0	0	0	0	0	0	0	0	0	0	0	
1.14592e+06	0	0	247	0	0	0	0	0	0	0	0	0	0	0	0	0	
1.14667e+06	0	0	263	0	0	0	0	0	0	0	0	0	0	0	0	0	
1.14742e+06	0	0	251	0	0	0	0	0	0	0	0	0	0	0	0	0	
1.14817e+06	0	0	259	0	0	0	0	0	0	0	0	0	0	0	0	0	
1.14892e+06	0	0	255	0	0	0	0	0	0	0	0	0	0	0	0	0	
1.14967e+06	0	0	287	0	0	0	0	0	0	0	0	0	0	0	0	0	
1.15042e+06	0	0	275	0	0	0	0	0	0	0	0	0	0	0	0	0	
1.15117e+06	0	0	249	0	0	0	0	0	0	0	0	0	0	0	0	0	
1.15192e+06	0	0	289	0	0	0	0	0	0	0	0	0	0	0	0	0	
1.15268e+06	0	0	233	0	0	0	0	0	0	0	0	0	0	0	0	0	
1.15343e+06	0	0	295	0	0	0	0	0	0	0	0	0	0	0	0	0	
1.15417e+06	0	0	273	0	0	0	0	0	0	0	0	0	0	0	0	0	
1.15492e+06	0	0	273	0	0	0	0	0	0	0	0	0	0	0	0	0	
1.15567e+06	0	0	287	0	0	0	0	0	0	0	0	0	0	0	0	0	
1.15642e+06	0	0	261	0	0	0	0	0	0	0	0	0	0	0	0	0	
1.15717e+06	0	0	281	0	0	0	0	0	0	0	0	0	0	0	0	0	
1.15793e+06	0	0	263	0	0	0	0	0	0	0	0	0	0	0	0	0	
1.15868e+06	0	0	267	0	0	0	0	0	0	0	0	0	0	0	0	0	
1.15943e+06	0	0	263	0	0	0	0	0	0	0	0	0	0	0	0	0	
1.16017e+06	0	0	269	0	0	0	0	0	0	0	0	0	0	0	0	0	
1.16093e+06	0	0	235	0	0	0	0	0	0	0	0	0	0	0	0	0	
1.16168e+06	0	0	281	0	0	0	0	0	0	0	0	0	0	0	0	0	
1.16243e+06	0	0	257	0	0	0	0	0	0	0	0	0	0	0	0	0	
1.16318e+06	0	0	243	0	0	0	0	0	0	0	0	0	0	0	0	0	
1.16392e+06	0	0	263	0	0	0	0	0	0	0	0	0	0	0	0	0	
1.16467e+06	0	0	277	0	0	0	0	0	0	0	0	0	0	0	0	0	
1.16542e+06	0	0	273	0	0	0	0	0	0	0	0	0	0	0	0	0	
1.16617e+06	0	0	263	0	0	0	0	0	0	0	0	0	0	0	0	0	
1.16692e+06	0	0	289	0	0	0	0	0	0	0	0	0	0	0	0	0	
1.16767e+06	0	0	251	0	0	0	0	0	0	0	0	0	0	0	0	0	
1.16842e+06	0	0	255	0	0	0	0	0	0	0	0	0	0	0	0	0	
1.16917e+06	0	0	247	0	0	0	0	0	0	0	0	0	0	0	0	0	
1.16992e+06	0	0	279	0	0	0	0	0	0	0	0	0	0	0	0	0	
1.17067e+06	0	0	251	0	0	0	0	0	0	0	0	0	0	0	0	0	
1.17142e+06	0	0	259	0	0	0	0	0	0	0	0	0	0	0	0	0	
1.17217e+06	0	0	265	0	0	0	0	0	0	0	0	0	0	0	0	0	
1.17292e+06	0	0	293	0	0	0	0	0	0	0	0	0	0	0	0	0	
1.17367e+06	0	0	284	1	0	0	0	0	0	0	0	0	0	0	0	0	
1.17442e+06	0	0	261	0	0	0	0	0	0	0	0	0	0	0	0	0	
1.17518e+06	0	0	277	0	0	0	0	0	0	0	0	0	0	0	0	0	
1.17592e+06	0	0	273	0	0	0	0	0	0	0	0	0	0	0	0	0	
1.17667e+06	0	0	267	0	0	0	0	0	0	0	0	0	0	0	0	0	
1.17742e+06	0	0	283	0	0	0	0	0	0	0	0	0	0	0	0	0	
1.17817e+06	0	0	241	0	0	0	0	0	0	0	0	0	0	0	0	0	
1.17892e+06	0	0	291	0	0	0	0	0	0	0	0	0	0	0	0	0	
1.17967e+06	0	0	261	0	0	0	0	0	0	0	0	0	0	0	0	0	
1.18043e+06	0	0	257	0	0	0	0	0	0	0	0	0	0	0	0	0	
1.18117e+06	0	0	278	1	0	0	0	0	0	0	0	0	0	0	0	0	
1.18192e+06	0	0	265	0	0	0	0	0	0	0	0	0	0	0	0	0	
1.18267e+06	0	0	263	0	0	0	0	0	0	0	0	0	0	0	0	0	
1.18342e+06	0	0	245	0	0	0	0	0	0	0	0	0	0	0	0	0	
1.18417e+06	0	0	271	0	0	0	0	0	0	0	0	0	0	0	0	0	
1.18492e+06	0	0	259	0	0	0	0	0	0	0	0	0	0	0	0	0	
1.18567e+06	0	203	152	0	0	0	0	0	0	0	0	0	0	0	0	0	
1.18642e+06	0	0	269	0	0	0	0	0	0	0	0	0	0	0	0	0	
1.18717e+06	0	0	259	0	0	0	0	0	0	0	0	0	0	0	0	0	
1.18792e+06	0	0	281	0	0	0	0	0	0	0	0	0	0	0	0	0	
1.18867e+06	0	0	267	0	0	0	0	0	0	0	0	0	0	0	0	0	
1.18942e+06	0	0	240	1	0	0	0	0	0	0	0	0	0	0	0	0	
1.19017e+06	0	0	249	0	0	0	0	0	0	0	0	0	0	0	0	0	
1.19093e+06	0	0	289	0	0	0	0	0	0	0	0	0	0	0	0	0	
1.19168e+06	0	0	263	0	0	0	0	0	0	0	0	0	0	0	0	0	
1.19243e+06	0	0	265	0	0	0	0	0	0	0	0	0	0	0	0	0	
1.19318e+06	0	0	179	76	0	0	0	0	0	0	0	0	0	0	0	0	
1.19393e+06	0	0	0	185	0	0	0	0	0	0	0	0	0	0	0	0	
1.19468e+06	0	0	0	183	0	0	0	0	0	0	0	0	0	0	0	0	
1.19543e+06	0	0	0	211	0	0	0	0	0	0	0	0	0	0	0	0	
1.19618e+06	0	0	0	195	0	0	0	0	0	0	0	0	0	0	0	0	
1.19693e+06	0	0	0	201	0	0	0	0	0	0	0	0	0	0	0	0	
1.19769e+06	0	0	0	207	0	0	0	0	0	0	0	0	0	0	0	0	
1.19843e+06	0	0	0	221	0	0	0	0	0	0	0	0	0	0	0	0	
1.19919e+06	0	0	0	211	0	0	0	0	0	0	0	0	0	0	0	0	
1.19994e+06	0	0	0	209	0	0	0	0	0	0	0	0	0	0	0	0	
1.20069e+06	0	0	0	169	0	0	0	0	0	0	0	0	0	0	0	0	
1.20144e+06	0	0	0	209	0	0	0	0	0	0	0	0	0	0	0	0	
1.20219e+06	0	0	0	207	0	0	0	0	0	0	0	0	0	0	0	0	
1.20294e+06	0	0	0	201	0	0	0	0	0	0	0	0	0	0	0	0	
1.20369e+06	0	0	0	199	0	0	0	0	0	0	0	0	0	0	0	0	
1.20444e+06	0	0	0	201	0	0	0	0	0	0	0	0	0	0	0	0	
1.20519e+06	0	0	0	201	0	0	0	0	0	0	0	0	0	0	0	0	
1.20594e+06	0	0	0	193	0	0	0	0	0	0	0	0	0	0	0	0	
1.20668e+06	0	0	0	185	0	0	0	0	0	0	0	0	0	0	0	0	
1.20743e+06	0	0	0	179	0	0	0	0	0	0	0	0	0	0	0	0	
1.20818e+06	0	0	0	197	0	0	0	0	0	0	0	0	0	0	0	0	
1.20894e+06	0	0	0	201	0	0	0	0	0	0	0	0	0	0	0	0	
1.20969e+06	0	0	0	167	0	0	0	0	0	0	0	0	0	0	0	0	
1.21044e+06	0	0	0	185	0	0	0	0	0	0	0	0	0	0	0	0	
1.21119e+06	0	0	0	205	0	0	0	0	0	0	0	0	0	0	0	0	
1.21194e+06	0	0	0	195	0	0	0	0	0	0	0	0	0	0	0	0	
1.21269e+06	0	0	0	209	0	0	0	0	0	0	0	0	0	0	0	0	
1.21344e+06	0	0	0	179	0	0	0	0	0	0	0	0	0	0	0	0	
1.21418e+06	0	0	0	203	0	0	0	0	0	0	0	0	0	0	0	0	
1.21493e+06	0	0	0	169	0	0	0	0	0	0	0	0	0	0	0	0	
1.21569e+06	0	0	0	200	5	0	0	0	0	0	0	0	0	0	0	0	
1.21644e+06	0	0	0	221	0	0	0	0	0	0	0	0	0	0	0	0	
1.21719e+06	0	0	0	193	0	0	0	0	0	0	0	0	0	0	0	0	
1.21794e+06	0	0	0	207	0	0	0	0	0	0	0	0	0	0	0	0	
1.21869e+06	0	0	0	203	0	0	0	0	0	0	0	0	0	0	0	0	
1.21944e+06	0	0	0	191	0	0	0	0	0	0	0	0	0	0	0	0	
1.22019e+06	0	0	1	200	0	0	0	0	0	0	0	0	0	0	0	0	
1.22094e+06	0	0	0	181	0	0	0	0	0	0	0	0	0	0	0	0	
1.22169e+06	0	0	0	183	0	0	0	0	0	0	0	0	0	0	0	0	
1.22243e+06	0	0	0	214	1	0	0	0	0	0	0	0	0	0	0	0	
1.22318e+06	0	0	0	209	0	0	0	0	0	0	0	0	0	0	0	0	
1.22393e+06	0	0	0	189	0	0	0	0	0	0	0	0	0	0	0	0	
1.22468e+06	0	0	0	211	0	0	0	0	0	0	0	0	0	0	0	0	
1.22543e+06	0	0	0	199	0	0	0	0	0	0	0	0	0	0	0	0	
1.22618e+06	0	0	0	202	1	0	0	0	0	0	0	0	0	0	0	0	
1.22693e+06	0	0	0	197	0	0	0	0	0	0	0	0	0	0	0	0	
1.22768e+06	0	0	0	183	0	0	0	0	0	0	0	0	0	0	0	0	
1.22843e+06	0	0	0	215	0	0	0	0	0	0	0	0	0	0	0	0	
1.22918e+06	0	0	0	195	0	0	0	0	0	0	0	0	0	0	0	0	
1.22993e+06	0	0	0	217	0	0	0	0	0	0	0	0	0	0	0	0	
1.23068e+06	0	0	0	189	0	0	0	0	0	0	0	0	0	0	0	0	
1.23143e+06	0	0	0	209	0	0	0	0	0	0	0	0	0	0	0	0	
1.23218e+06	0	0	0	197	0	0	0	0	0	0	0	0	0	0	0	0	
1.23293e+06	0	0	0	207	0	0	0	0	0	0	0	0	0	0	0	0	
1.23368e+06	0	0	0	215	0	0	0	0	0	0	0	0	0	0	0	0	
1.23443e+06	0	0	0	205	0	0	0	0	0	0	0	0	0	0	0	0	
1.23518e+06	0	0	0	199	0	0	0	0	0	0	0	0	0	0	0	0	
1.23593e+06	0	0	0	193	0	0	0	0	0	0	0	0	0	0	0	0	
1.23668e+06	0	0	0	211	0	0	0	0	0	0	0	0	0	0	0	0	
1.23743e+06	0	0	0	205	0	0	0	0	0	0	0	0	0	0	0	0	
1.23818e+06	0	0	0	197	0	0	0	0	0	0	0	0	0	0	0	0	
1.23893e+06	0	0	0	251	0	0	0	0	0	0	0	0	0	0	0	0	
1.23968e+06	0	0	0	199	0	0	0	0	0	0	0	0	0	0	0	0	
1.24043e+06	0	0	0	183	0	0	0	0	0	0	0	0	0	0	0	0	
1.24118e+06	0	0	0	199	0	0	0	0	0	0	0	0	0	0	0	0	
1.24193e+06	0	0	0	197	0	0	0	0	0	0	0	0	0	0	0	0	
1.24268e+06	0	0	0	203	0	0	0	0	0	0	0	0	0	0	0	0	
1.24343e+06	0	0	0	197	0	0	0	0	0	0	0	0	0	0	0	0	
1.24418e+06	0	0	0	189	0	0	0	0	0	0	0	0	0	0	0	0	
1.24493e+06	0	0	0	197	0	0	0	0	0	0	0	0	0	0	0	0	
1.24569e+06	0	0	0	203	0	0	0	0	0	0	0	0	0	0	0	0	
1.24643e+06	0	0	0	217	0	0	0	0	0	0	0	0	0	0	0	0	
1.24718e+06	0	0	0	173	0	0	0	0	0	0	0	0	0	0	0	0	
1.24794e+06	0	0	0	203	0	0	0	0	0	0	0	0	0	0	0	0	
1.24869e+06	0	0	0	193	0	0	0	0	0	0	0	0	0	0	0	0	
1.24944e+06	0	0	0	189	0	0	0	0	0	0	0	0	0	0	0	0	
1.25019e+06	0	0	0	223	0	0	0	0	0	0	0	0	0	0	0	0	
1.25094e+06	0	0	0	191	0	0	0	0	0	0	0	0	0	0	0	0	
1.25169e+06	0	0	0	209	0	0	0	0	0	0	0	0	0	0	0	0	
1.25245e+06	0	0	0	171	0	0	0	0	0	0	0	0	0	0	0	0	
1.2532e+06	0	0	0	189	0	0	0	0	0	0	0	0	0	0	0	0	
1.25395e+06	0	0	0	211	0	0	0	0	0	0	0	0	0	0	0	0	
1.2547e+06	0	0	0	217	0	0	0	0	0	0	0	0	0	0	0	0	
1.25544e+06	0	0	0	179	0	0	0	0	0	0	0	0	0	0	0	0	
1.25619e+06	0	0	0	215	0	0	0	0	0	0	0	0	0	0	0	0	
1.25694e+06	0	0	0	209	0	0	0	0	0	0	0	0	0	0	0	0	
1.25769e+06	0	0	0	195	0	0	0	0	0	0	0	0	0	0	0	0	
1.25844e+06	0	0	0	173	0	0	0	0	0	0	0	0	0	0	0	0	
1.25919e+06	0	0	0	205	0	0	0	0	0	0	0	0	0	0	0	0	
1.25994e+06	0	0	0	215	0	0	0	0	0	0	0	0	0	0	0	0	
1.26069e+06	0	0	0	213	0	0	0	0	0	0	0	0	0	0	0	0	
1.26144e+06	0	0	0	193	0	0	0	0	0	0	0	0	0	0	0	0	
1.26219e+06	0	0	0	211	0	0	0	0	0	0	0	0	0	0	0	0	
1.26294e+06	0	0	0	191	0	0	0	0	0	0	0	0	0	0	0	0	
1.2637e+06	0	0	0	201	0	0	0	0	0	0	0	0	0	0	0	0	
1.26445e+06	0	0	0	231	0	0	0	0	0	0	0	0	0	0	0	0	
1.26519e+06	0	0	0	193	0	0	0	0	0	0	0	0	0	0	0	0	
1.26594e+06	0	0	0	231	0	0	0	0	0	0	0	0	0	0	0	0	
1.26669e+06	0	0	0	191	0	0	0	0	0	0	0	0	0	0	0	0	
1.26744e+06	0	0	0	201	0	0	0	0	0	0	0	0	0	0	0	0	
1.26819e+06	0	0	0	199	0	0	0	0	0	0	0	0	0	0	0	0	
1.26894e+06	0	0	0	203	0	0	0	0	0	0	0	0	0	0	0	0	
1.26969e+06	0	0	0	207	0	0	0	0	0	0	0	0	0	0	0	0	
1.27043e+06	0	0	0	223	0	0	0	0	0	0	0	0	0	0	0	0	
1.27118e+06	0	0	0	187	0	0	0	0	0	0	0	0	0	0	0	0	
1.27193e+06	0	0	0	209	0	0	0	0	0	0	0	0	0	0	0	0	
1.27268e+06	0	0	0	175	0	0	0	0	0	0	0	0	0	0	0	0	
1.27342e+06	0	0	0	199	0	0	0	0	0	0	0	0	0	0	0	0	
1.27418e+06	0	0	0	191	0	0	0	0	0	0	0	0	0	0	0	0	
1.27493e+06	0	0	0	221	0	0	0	0	0	0	0	0	0	0	0	0	
1.27567e+06	0	0	0	0	149	0	0	0	0	0	0	0	0	0	0	0	
1.27643e+06	0	0	0	0	177	0	0	0	0	0	0	0	0	0	0	0	
1.27717e+06	0	0	0	0	151	0	0	0	0	0	0	0	0	0	0	0	
1.27793e+06	0	0	0	191	0	0	0	0	0	0	0	0	0	0	0	0	
1.27868e+06	0	0	0	209	0	0	0	0	0	0	0	0	0	0	0	0	
1.27942e+06	0	0	0	205	0	0	0	0	0	0	0	0	0	0	0	0	
1.28017e+06	0	0	0	187	0	0	0	0	0	0	0	0	0	0	0	0	
1.28093e+06	0	0	76	161	0	0	0	0	0	0	0	0	0	0	0	0	
1.28168e+06	0	0	0	189	0	0	0	0	0	0	0	0	0	0	0	0	
1.28243e+06	0	0	0	183	0	0	0	0	0	0	0	0	0	0	0	0	
1.28318e+06	0	0	0	199	0	0	0	0	0	0	0	0	0	0	0	0	
1.28393e+06	0	0	0	177	0	0	0	0	0	0	0	0	0	0	0	0	
1.28468e+06	0	0	0	191	0	0	0	0	0	0	0	0	0	0	0	0	
1.28543e+06	0	0	0	193	0	0	0	0	0	0	0	0	0	0	0	0	
1.28618e+06	0	0	0	235	0	0	0	0	0	0	0	0	0	0	0	0	
1.28693e+06	0	0	0	215	0	0	0	0	0	0	0	0	0	0	0	0	
1.28768e+06	0	0	0	221	0	0	0	0	0	0	0	0	0	0	0	0	
1.28843e+06	0	0	0	213	0	0	0	0	0	0	0	0	0	0	0	0	
1.28918e+06	0	0	0	209	0	0	0	0	0	0	0	0	0	0	0	0	
1.28993e+06	0	0	0	185	0	0	0	0	0	0	0	0	0	0	0	0	
1.29068e+06	0	0	0	179	0	0	0	0	0	0	0	0	0	0	0	0	
1.29143e+06	0	0	0	205	0	0	0	0	0	0	0	0	0	0	0	0	
1.29217e+06	0	0	0	185	0	0	0	0	0	0	0	0	0	0	0	0	
1.29292e+06	0	0	0	201	0	0	0	0	0	0	0	0	0	0	0	0	
1.29367e+06	0	0	0	217	0	0	0	0	0	0	0	0	0	0	0	0	
1.29442e+06	0	0	0	199	0	0	0	0	0	0	0	0	0	0	0	0	
1.29517e+06	0	0	0	193	0	0	0	0	0	0	0	0	0	0	0	0	
1.29592e+06	0	0	0	197	0	0	0	0	0	0	0	0	0	0	0	0	
1.29667e+06	0	0	0	223	0	0	0	0	0	0	0	0	0	0	0	0	
1.29742e+06	0	0	0	191	0	0	0	0	0	0	0	0	0	0	0	0	
1.29817e+06	0	0	0	209	0	0	0	0	0	0	0	0	0	0	0	0	
1.29892e+06	0	0	36	191	0	0	0	0	0	0	0	0	0	0	0	0	
1.29967e+06	0	0	0	253	0	0	0	0	0	0	0	0	0	0	0	0	
1.30042e+06	0	0	0	215	0	0	0	0	0	0	0	0	0	0	0	0	
1.30118e+06	0	0	237	0	0	0	0	0	0	0	0	0	0	0	0	0	
1.30193e+06	0	0	289	0	0	0	0	0	0	0	0	0	0	0	0	0	
1.30268e+06	0	0	249	0	0	0	0	0	0	0	0	0	0	0	0	0	
1.30343e+06	0	0	261	0	0	0	0	0	0	0	0	0	0	0	0	0	
1.30418e+06	0	0	275	0	0	0	0	0	0	0	0	0	0	0	0	0	
1.30493e+06	0	78	211	0	0	0	0	0	0	0	0	0	0	0	0	0	
1.30568e+06	0	0	263	0	0	0	0	0	0	0	0	0	0	0	0	0	
1.30643e+06	0	0	262	1	0	0	0	0	0	0	0	0	0	0	0	0	
1.30717e+06	0	1	268	0	0	0	0	0	0	0	0	0	0	0	0	0	
1.30792e+06	0	0	239	0	0	0	0	0	0	0	0	0	0	0	0	0	
1.30867e+06	0	0	259	0	0	0	0	0	0	0	0	0	0	0	0	0	
1.30943e+06	0	0	247	0	0	0	0	0	0	0	0	0	0	0	0	0	
1.31018e+06	0	0	265	0	0	0	0	0	0	0	0	0	0	0	0	0	
1.31093e+06	0	0	287	0	0	0	0	0	0	0	0	0	0	0	0	0	
1.31168e+06	0	0	261	0	0	0	0	0	0	0	0	0	0	0	0	0	
1.31243e+06	0	0	253	0	0	0	0	0	0	0	0	0	0	0	0	0	
1.31318e+06	0	0	267	0	0	0	0	0	0	0	0	0	0	0	0	0	
1.31393e+06	0	0	265	0	0	0	0	0	0	0	0	0	0	0	0	0	
1.31468e+06	0	0	271	0	0	0	0	0	0	0	0	0	0	0	0	0	
1.31543e+06	0	0	281	0	0	0	0	0	0	0	0	0	0	0	0	0	
1.31618e+06	0	0	265	0	0	0	0	0	0	0	0	0	0	0	0	0	
1.31693e+06	0	0	259	0	0	0	0	0	0	0	0	0	0	0	0	0	
1.31769e+06	0	0	237	0	0	0	0	0	0	0	0	0	0	0	0	0	
1.31844e+06	0	2	243	0	0	0	0	0	0	0	0	0	0	0	0	0	
1.31918e+06	0	0	273	0	0	0	0	0	0	0	0	0	0	0	0	0	
1.31994e+06	0	0	251	0	0	0	0	0	0	0	0	0	0	0	0	0	
1.32069e+06	0	0	279	0	0	0	0	0	0	0	0	0	0	0	0	0	
1.32144e+06	0	0	273	0	0	0	0	0	0	0	0	0	0	0	0	0	
1.32219e+06	0	0	285	0	0	0	0	0	0	0	0	0	0	0	0	0	
1.32293e+06	0	0	275	0	0	0	0	0	0	0	0	0	0	0	0	0	
1.32368e+06	0	0	273	0	0	0	0	0	0	0	0	0	0	0	0	0	
1.32443e+06	0	0	283	0	0	0	0	0	0	0	0	0	0	0	0	0	
1.32518e+06	0	0	273	0	0	0	0	0	0	0	0	0	0	0	0	0	
1.32593e+06	0	0	267	0	0	0	0	0	0	0	0	0	0	0	0	0	
1.32668e+06	0	0	283	0	0	0	0	0	0	0	0	0	0	0	0	0	
1.32743e+06	0	0	265	0	0	0	0	0	0	0	0	0	0	0	0	0	
1.32818e+06	0	0	253	0	0	0	0	0	0	0	0	0	0	0	0	0	
1.32893e+06	0	0	265	0	0	0	0	0	0	0	0	0	0	0	0	0	
1.32968e+06	0	0	263	0	0	0	0	0	0	0	0	0	0	0	0	0	
1.33043e+06	0	0	245	0	0	0	0	0	0	0	0	0	0	0	0	0	
1.33118e+06	0	0	295	0	0	0	0	0	0	0	0	0	0	0	0	0	
1.33193e+06	0	0	269	0	0	0	0	0	0	0	0	0	0	0	0	0	
1.33268e+06	0	0	247	0	0	0	0	0	0	0	0	0	0	0	0	0	
1.33343e+06	0	0	275	0	0	0	0	0	0	0	0	0	0	0	0	0	
1.33418e+06	0	0	255	0	0	0	0	0	0	0	0	0	0	0	0	0	
1.33493e+06	0	0	267	0	0	0	0	0	0	0	0	0	0	0	0	0	
1.33568e+06	0	0	275	0	0	0	0	0	0	0	0	0	0	0	0	0	
1.33643e+06	0	0	237	0	0	0	0	0	0	0	0	0	0	0	0	0	
1.33718e+06	4	194	119	0	0	0	0	0	0	0	0	0	0	0	0	0	
1.33793e+06	0	0	259	0	0	0	0	0	0	0	0	0	0	0	0	0	
1.33868e+06	0	0	261	0	0	0	0	0	0	0	0	0	0	0	0	0	
1.33943e+06	0	0	265	0	0	0	0	0	0	0	0	0	0	0	0	0	
1.34018e+06	0	0	275	0	0	0	0	0	0	0	0	0	0	0	0	0	
1.34093e+06	0	0	265	0	0	0	0	0	0	0	0	0	0	0	0	0	
1.34168e+06	0	0	277	0	0	0	0	0	0	0	0	0	0	0	0	0	
1.34244e+06	0	0	233	0	0	0	0	0	0	0	0	0	0	0	0	0	
1.34319e+06	0	0	277	0	0	0	0	0	0	0	0	0	0	0	0	0	
1.34393e+06	0	0	273	0	0	0	0	0	0	0	0	0	0	0	0	0	
1.34468e+06	0	0	265	0	0	0	0	0	0	0	0	0	0	0	0	0	
1.34543e+06	0	0	267	0	0	0	0	0	0	0	0	0	0	0	0	0	
1.34618e+06	0	0	237	0	0	0	0	0	0	0	0	0	0	0	0	0	
1.34693e+06	0	0	263	0	0	0	0	0	0	0	0	0	0	0	0	0	
1.34768e+06	0	0	257	0	0	0	0	0	0	0	0	0	0	0	0	0	
1.34843e+06	0	0	259	0	0	0	0	0	0	0	0	0	0	0	0	0	
1.34918e+06	0	0	303	0	0	0	0	0	0	0	0	0	0	0	0	0	
1.34993e+06	0	0	245	0	0	0	0	0	0	0	0	0	0	0	0	0	
1.35068e+06	0	0	263	0	0	0	0	0	0	0	0	0	0	0	0	0	
1.35143e+06	0	0	285	0	0	0	0	0	0	0	0	0	0	0	0	0	
1.35218e+06	0	0	273	0	0	0	0	0	0	0	0	0	0	0	0	0	
1.35293e+06	0	0	275	0	0	0	0	0	0	0	0	0	0	0	0	0	
1.35368e+06	0	278	99	0	0	0	0	0	0	0	0	0	0	0	0	0	
1.35443e+06	0	393	0	0	0	0	0	0	0	0	0	0	0	0	0	0	
1.35518e+06	0	369	0	0	0	0	0	0	0	0	0	0	0	0	0	0	
1.35593e+06	0	383	0	0	0	0	0	0	0	0	0	0	0	0	0	0	
1.35668e+06	0	310	53	0	0	0	0	0	0	0	0	0	0	0	0	0	
1.35743e+06	0	0	295	0	0	0	0	0	0	0	0	0	0	0	0	0	
1.35818e+06	0	0	263	0	0	0	0	0	0	0	0	0	0	0	0	0	
1.35892e+06	0	0	247	0	0	0	0	0	0	0	0	0	0	0	0	0	
1.35967e+06	0	0	289	0	0	0	0	0	0	0	0	0	0	0	0	0	
1.36042e+06	0	0	273	0	0	0	0	0	0	0	0	0	0	0	0	0	
1.36117e+06	0	0	299	0	0	0	0	0	0	0	0	0	0	0	0	0	
1.36192e+06	0	0	257	0	0	0	0	0	0	0	0	0	0	0	0	0	
1.36267e+06	0	0	263	0	0	0	0	0	0	0	0	0	0	0	0	0	
1.36342e+06	0	0	255	0	0	0	0	0	0	0	0	0	0	0	0	0	
1.36417e+06	0	0	273	0	0	0	0	0	0	0	0	0	0	0	0	0	
1.36492e+06	0	0	267	0	0	0	0	0	0	0	0	0	0	0	0	0	
1.36567e+06	0	0	243	0	0	0	0	0	0	0	0	0	0	0	0	0	
1.36642e+06	0	0	259	0	0	0	0	0	0	0	0	0	0	0	0	0	
1.36717e+06	0	0	257	0	0	0	0	0	0	0	0	0	0	0	0	0	
1.36792e+06	0	0	251	0	0	0	0	0	0	0	0	0	0	0	0	0	
1.36867e+06	0	0	243	0	0	0	0	0	0	0	0	0	0	0	0	0	
1.36943e+06	0	0	293	0	0	0	0	0	0	0	0	0	0	0	0	0	
1.37018e+06	0	0	271	0	0	0	0	0	0	0	0	0	0	0	0	0	
1.37093e+06	0	0	0	183	0	0	0	0	0	0	0	0	0	0	0	0	
1.37167e+06	0	0	0	213	0	0	0	0	0	0	0	0	0	0	0	0	
1.37242e+06	0	0	0	199	0	0	0	0	0	0	0	0	0	0	0	0	
1.37318e+06	0	0	0	215	0	0	0	0	0	0	0	0	0	0	0	0	
1.37393e+06	0	0	0	201	0	0	0	0	0	0	0	0	0	0	0	0	
1.37467e+06	0	0	0	189	0	0	0	0	0	0	0	0	0	0	0	0	
1.37543e+06	0	0	0	0	159	0	0	0	0	0	0	0	0	0	0	0	
1.37618e+06	0	0	0	0	165	0	0	0	0	0	0	0	0	0	0	0	
1.37692e+06	0	0	0	0	181	0	0	0	0	0	0	0	0	0	0	0	
1.37768e+06	0	0	0	0	145	0	0	0	0	0	0	0	0	0	0	0	
1.37843e+06	0	0	0	0	159	0	0	0	0	0	0	0	0	0	0	0	
1.37918e+06	0	0	0	0	157	0	0	0	0	0	0	0	0	0	0	0	
1.37992e+06	0	0	0	0	155	0	0	0	0	0	0	0	0	0	0	0	
1.38067e+06	0	0	0	0	171	0	0	0	0	0	0	0	0	0	0	0	
1.38142e+06	0	0	0	0	131	0	0	0	0	0	0	0	0	0	0	0	
1.38217e+06	0	0	0	0	137	0	0	0	0	0	0	0	0	0	0	0	
1.38293e+06	0	0	0	0	151	0	0	0	0	0	0	0	0	0	0	0	
1.38368e+06	0	0	0	0	143	0	0	0	0	0	0	0	0	0	0	0	
1.38443e+06	0	0	0	1	164	0	0	0	0	0	0	0	0	0	0	0	
1.38518e+06	0	0	0	0	145	0	0	0	0	0	0	0	0	0	0	0	
1.38593e+06	0	0	0	0	155	0	0	0	0	0	0	0	0	0	0	0	
1.38668e+06	0	0	0	0	151	0	0	0	0	0	0	0	0	0	0	0	
1.38743e+06	0	0	0	0	167	0	0	0	0	0	0	0	0	0	0	0	
1.38818e+06	0	0	0	0	161	0	0	0	0	0	0	0	0	0	0	0	
1.38893e+06	0	0	0	0	149	0	0	0	0	0	0	0	0	0	0	0	
1.38968e+06	0	0	0	0	151	0	0	0	0	0	0	0	0	0	0	0	
1.39042e+06	0	0	0	0	0	159	0	0	0	0	0	0	0	0	0	0	
1.39117e+06	0	0	0	0	0	145	0	0	0	0	0	0	0	0	0	0	
1.39192e+06	0	0	0	0	0	125	0	0	0	0	0	0	0	0	0	0	
1.39267e+06	0	0	0	0	0	131	0	0	0	0	0	0	0	0	0	0	
1.39343e+06	0	0	0	0	0	133	0	0	0	0	0	0	0	0	0	0	
1.39418e+06	0	0	0	0	0	131	0	0	0	0	0	0	0	0	0	0	
1.39493e+06	0	0	0	0	151	0	0	0	0	0	0	0	0	0	0	0	
1.39568e+06	0	0	0	0	155	0	0	0	0	0	0	0	0	0	0	0	
1.39643e+06	0	0	0	0	163	0	0	0	0	0	0	0	0	0	0	0	
1.39718e+06	0	0	0	0	159	0	0	0	0	0	0	0	0	0	0	0	
1.39793e+06	0	0	0	0	165	0	0	0	0	0	0	0	0	0	0	0	
1.39868e+06	0	0	0	0	161	0	0	0	0	0	0	0	0	0	0	0	
1.39943e+06	0	0	0	0	145	0	0	0	0	0	0	0	0	0	0	0	
1.40018e+06	0	0	0	0	167	0	0	0	0	0	0	0	0	0	0	0	
1.40093e+06	0	0	0	0	163	0	0	0	0	0	0	0	0	0	0	0	
1.40168e+06	0	0	0	0	149	0	0	0	0	0	0	0	0	0	0	0	
1.40243e+06	0	0	0	0	151	0	0	0	0	0	0	0	0	0	0	0	
1.40318e+06	0	0	0	0	179	0	0	0	0	0	0	0	0	0	0	0	
1.40393e+06	0	0	0	0	133	0	0	0	0	0	0	0	0	0	0	0	
1.40468e+06	0	0	0	0	179	0	0	0	0	0	0	0	0	0	0	0	
1.40543e+06	0	0	0	0	169	0	0	0	0	0	0	0	0	0	0	0	
1.40618e+06	0	0	0	0	163	0	0	0	0	0	0	0	0	0	0	0	
1.40694e+06	0	0	0	0	171	0	0	0	0	0	0	0	0	0	0	0	
1.40769e+06	0	0	0	0	151	0	0	0	0	0	0	0	0	0	0	0	
1.40844e+06	0	0	0	0	161	0	0	0	0	0	0	0	0	0	0	0	
1.40919e+06	0	0	0	0	157	0	0	0	0	0	0	0	0	0	0	0	
1.40994e+06	0	0	0	0	161	0	0	0	0	0	0	0	0	0	0	0	
1.41069e+06	0	0	0	0	167	0	0	0	0	0	0	0	0	0	0	0	
1.41144e+06	0	0	0	0	167	0	0	0	0	0	0	0	0	0	0	0	
1.41219e+06	0	0	0	0	163	0	0	0	0	0	0	0	0	0	0	0	
1.41294e+06	0	0	0	0	143	0	0	0	0	0	0	0	0	0	0	0	
1.41369e+06	0	0	0	0	153	0	0	0	0	0	0	0	0	0	0	0	
1.41444e+06	0	0	0	0	165	0	0	0	0	0	0	0	0	0	0	0	
1.4152e+06	0	0	0	0	147	0	0	0	0	0	0	0	0	0	0	0	
1.41595e+06	0	0	0	0	169	0	0	0	0	0	0	0	0	0	0	0	
1.4167e+06	0	0	0	0	161	0	0	0	0	0	0	0	0	0	0	0	
1.41745e+06	0	0	0	0	155	0	0	0	0	0	0	0	0	0	0	0	
1.4182e+06	0	0	0	0	161	0	0	0	0	0	0	0	0	0	0	0	
1.41895e+06	0	0	0	0	151	0	0	0	0	0	0	0	0	0	0	0	
1.4197e+06	0	0	0	0	157	0	0	0	0	0	0	0	0	0	0	0	
1.42044e+06	0	0	0	0	165	0	0	0	0	0	0	0	0	0	0	0	
1.42119e+06	0	0	0	0	149	0	0	0	0	0	0	0	0	0	0	0	
1.42194e+06	0	0	0	0	177	0	0	0	0	0	0	0	0	0	0	0	
1.42269e+06	0	0	0	0	147	0	0	0	0	0	0	0	0	0	0	0	
1.42344e+06	0	0	0	0	157	0	0	0	0	0	0	0	0	0	0	0	
1.42419e+06	0	0	0	0	165	0	0	0	0	0	0	0	0	0	0	0	
1.42494e+06	0	0	0	0	173	0	0	0	0	0	0	0	0	0	0	0	
1.42569e+06	0	0	0	0	149	0	0	0	0	0	0	0	0	0	0	0	
1.42644e+06	0	0	0	0	173	0	0	0	0	0	0	0	0	0	0	0	
1.4272e+06	0	0	0	0	169	0	0	0	0	0	0	0	0	0	0	0	
1.42795e+06	0	0	0	0	155	0	0	0	0	0	0	0	0	0	0	0	
1.4287e+06	0	0	0	0	167	0	0	0	0	0	0	0	0	0	0	0	
1.42944e+06	0	0	0	0	165	0	0	0	0	0	0	0	0	0	0	0	
1.43019e+06	0	0	0	0	157	0	0	0	0	0	0	0	0	0	0	0	
1.43095e+06	0	0	0	0	165	0	0	0	0	0	0	0	0	0	0	0	
1.4317e+06	0	0	0	0	149	0	0	0	0	0	0	0	0	0	0	0	
1.43245e+06	0	0	0	0	181	0	0	0	0	0	0	0	0	0	0	0	
1.4332e+06	0	0	0	0	155	0	0	0	0	0	0	0	0	0	0	0	
1.43395e+06	0	0	0	191	0	0	0	0	0	0	0	0	0	0	0	0	
1.4347e+06	0	0	0	179	0	0	0	0	0	0	0	0	0	0	0	0	
1.43545e+06	0	0	0	209	0	0	0	0	0	0	0	0	0	0	0	0	
1.4362e+06	0	0	0	185	0	0	0	0	0	0	0	0	0	0	0	0	
1.43695e+06	0	0	0	209	0	0	0	0	0	0	0	0	0	0	0	0	
1.4377e+06	0	0	0	195	0	0	0	0	0	0	0	0	0	0	0	0	
1.43845e+06	0	0	0	193	0	0	0	0	0	0	0	0	0	0	0	0	
1.4392e+06	0	0	0	187	0	0	0	0	0	0	0	0	0	0	0	0	
1.43995e+06	0	0	0	195	0	0	0	0	0	0	0	0	0	0	0	0	
1.4407e+06	0	0	0	217	0	0	0	0	0	0	0	0	0	0	0	0	
1.44145e+06	0	0	0	209	0	0	0	0	0	0	0	0	0	0	0	0	
1.4422e+06	0	0	0	199	0	0	0	0	0	0	0	0	0	0	0	0	
1.44295e+06	0	0	0	175	0	0	0	0	0	0	0	0	0	0	0	0	
1.44371e+06	0	0	0	227	0	0	0	0	0	0	0	0	0	0	0	0	
1.44446e+06	0	0	0	199	0	0	0	0	0	0	0	0	0	0	0	0	
1.44521e+06	0	0	0	203	0	0	0	0	0	0	0	0	0	0	0	0	
1.44596e+06	0	0	0	201	0	0	0	0	0	0	0	0	0	0	0	0	
1.44671e+06	0	0	0	199	0	0	0	0	0	0	0	0	0	0	0	0	
1.44746e+06	0	0	0	217	0	0	0	0	0	0	0	0	0	0	0	0	
1.44821e+06	0	0	0	201	0	0	0	0	0	0	0	0	0	0	0	0	
1.44896e+06	0	0	0	199	0	0	0	0	0	0	0	0	0	0	0	0	
1.44971e+06	0	0	0	225	0	0	0	0	0	0	0	0	0	0	0	0	
1.45046e+06	0	0	5	198	0	0	0	0	0	0	0	0	0	0	0	0	
1.45121e+06	0	0	0	209	0	0	0	0	0	0	0	0	0	0	0	0	
1.45195e+06	0	0	0	195	0	0	0	0	0	0	0	0	0	0	0	0	
1.4527e+06	0	0	0	195	0	0	0	0	0	0	0	0	0	0	0	0	
1.45345e+06	0	0	0	174	1	0	0	0	0	0	0	0	0	0	0	0	
1.45421e+06	0	0	0	183	0	0	0	0	0	0	0	0	0	0	0	0	
1.45495e+06	0	0	0	179	0	0	0	0	0	0	0	0	0	0	0	0	
1.4557e+06	0	0	0	203	0	0	0	0	0	0	0	0	0	0	0	0	
1.45645e+06	0	0	0	189	0	0	0	0	0	0	0	0	0	0	0	0	
1.45721e+06	0	0	0	161	18	0	0	0	0	0	0	0	0	0	0	0	
1.45796e+06	0	0	0	0	165	0	0	0	0	0	0	0	0	0	0	0	
1.4587e+06	0	0	0	0	139	0	0	0	0	0	0	0	0	0	0	0	
1.45946e+06	0	0	0	0	167	0	0	0	0	0	0	0	0	0	0	0	
1.46021e+06	0	0	0	0	171	0	0	0	0	0	0	0	0	0	0	0	
1.46096e+06	0	0	0	0	147	0	0	0	0	0	0	0	0	0	0	0	
1.46171e+06	0	0	0	0	171	0	0	0	0	0	0	0	0	0	0	0	
1.46246e+06	0	0	0	0	165	0	0	0	0	0	0	0	0	0	0	0	
1.46321e+06	0	0	0	0	165	0	0	0	0	0	0	0	0	0	0	0	
1.46396e+06	0	0	0	0	161	0	0	0	0	0	0	0	0	0	0	0	
1.46471e+06	0	0	0	0	133	0	0	0	0	0	0	0	0	0	0	0	
1.46546e+06	0	0	0	0	155	0	0	0	0	0	0	0	0	0	0	0	
1.46621e+06	0	0	0	0	161	0	0	0	0	0	0	0	0	0	0	0	
1.46696e+06	0	0	0	0	167	0	0	0	0	0	0	0	0	0	0	0	
1.46771e+06	0	0	0	0	175	0	0	0	0	0	0	0	0	0	0	0	
1.46846e+06	0	0	0	0	145	0	0	0	0	0	0	0	0	0	0	0	
1.46921e+06	0	0	0	0	169	0	0	0	0	0	0	0	0	0	0	0	
1.46996e+06	0	0	0	0	157	0	0	0	0	0	0	0	0	0	0	0	
1.47071e+06	0	0	0	0	165	0	0	0	0	0	0	0	0	0	0	0	
1.47146e+06	0	0	0	0	153	0	0	0	0	0	0	0	0	0	0	0	
1.47221e+06	0	0	0	0	153	0	0	0	0	0	0	0	0	0	0	0	
1.47296e+06	0	0	0	0	147	0	0	0	0	0	0	0	0	0	0	0	
1.47371e+06	0	0	0	0	145	0	0	0	0	0	0	0	0	0	0	0	
1.47446e+06	0	0	0	0	169	0	0	0	0	0	0	0	0	0	0	0	
1.47521e+06	0	0	0	0	143	0	0	0	0	0	0	0	0	0	0	0	
1.47596e+06	0	0	0	0	181	0	0	0	0	0	0	0	0	0	0	0	
1.47671e+06	0	0	0	0	139	0	0	0	0	0	0	0	0	0	0	0	
1.47747e+06	0	0	0	0	149	0	0	0	0	0	0	0	0	0	0	0	
1.47822e+06	0	0	0	0	163	0	0	0	0	0	0	0	0	0	0	0	
1.47897e+06	0	0	0	0	165	0	0	0	0	0	0	0	0	0	0	0	
1.47971e+06	0	0	0	0	163	0	0	0	0	0	0	0	0	0	0	0	
1.48046e+06	0	0	0	0	159	0	0	0	0	0	0	0	0	0	0	0	
1.48121e+06	0	0	0	0	161	0	0	0	0	0	0	0	0	0	0	0	
1.48196e+06	0	0	0	0	159	0	0	0	0	0	0	0	0	0	0	0	
1.48271e+06	0	0	0	0	161	0	0	0	0	0	0	0	0	0	0	0	
1.48346e+06	0	0	0	0	163	0	0	0	0	0	0	0	0	0	0	0	
1.48421e+06	0	0	0	0	155	0	0	0	0	0	0	0	0	0	0	0	
1.48496e+06	0	0	0	0	163	0	0	0	0	0	0	0	0	0	0	0	
1.48571e+06	0	0	0	0	147	0	0	0	0	0	0	0	0	0	0	0	
1.48646e+06	0	0	0	0	147	0	0	0	0	0	0	0	0	0	0	0	
1.48721e+06	0	0	0	0	163	0	0	0	0	0	0	0	0	0	0	0	
1.48796e+06	0	0	0	0	149	0	0	0	0	0	0	0	0	0	0	0	
1.48871e+06	0	0	0	0	173	0	0	0	0	0	0	0	0	0	0	0	
1.48946e+06	0	0	0	0	165	0	0	0	0	0	0	0	0	0	0	0	
1.49021e+06	0	0	0	0	135	0	0	0	0	0	0	0	0	0	0	0	
1.49096e+06	0	0	0	0	167	0	0	0	0	0	0	0	0	0	0	0	
1.49171e+06	0	0	0	0	167	0	0	0	0	0	0	0	0	0	0	0	
1.49246e+06	0	0	0	1	154	0	0	0	0	0	0	0	0	0	0	0	
1.49321e+06	0	0	0	0	169	0	0	0	0	0	0	0	0	0	0	0	
1.49396e+06	0	0	0	0	153	0	0	0	0	0	0	0	0	0	0	0	
1.49471e+06	0	0	0	0	181	0	0	0	0	0	0	0	0	0	0	0	
1.49546e+06	0	0	0	0	155	0	0	0	0	0	0	0	0	0	0	0	
1.49621e+06	0	0	0	0	155	0	0	0	0	0	0	0	0	0	0	0	
1.49696e+06	0	0	0	0	183	0	0	0	0	0	0	0	0	0	0	0	
1.49771e+06	0	0	0	0	0	129	0	0	0	0	0	0	0	0	0	0	
1.49846e+06	0	0	0	0	0	131	0	0	0	0	0	0	0	0	0	0	
1.49921e+06	0	0	0	0	0	125	0	0	0	0	0	0	0	0	0	0	
1.49996e+06	0	0	0	0	0	135	0	0	0	0	0	0	0	0	0	0	
1.49996e+06	0	0	0	0	0	135	0	0	0	0	0	0	0	0	0	0	
