Time	s0	s1	s2	s3	s4	s5	s6	s7	s8	s9	s10	s11	s12	s13	s14	s15	
0	0	0	0	0	0	0	0	0	0	0	0	0	0	0	0	200	
0.00327438	0	0	0	0	0	0	0	0	0	0	0	0	0	0	0	201	
752.158	0	0	0	0	0	0	0	0	0	0	0	0	0	0	0	55	
1501.43	0	0	0	0	0	0	0	0	0	0	0	0	0	0	0	43	
2253.07	0	0	0	0	0	0	0	0	0	0	0	0	0	0	0	47	
3007.42	0	0	0	0	0	0	0	0	0	0	0	0	0	0	43	0	
3759.37	0	0	0	0	0	0	0	0	0	0	0	0	0	0	49	0	
4511.76	0	0	0	0	0	0	0	0	0	0	0	0	0	0	29	0	
5263.25	0	0	0	0	0	0	0	0	0	0	0	0	0	0	51	0	
6012.2	0	0	0	0	0	0	0	0	0	0	0	0	0	0	57	0	
6761.56	0	0	0	0	0	0	0	0	0	0	0	0	0	0	53	0	
7514.48	0	0	0	0	0	0	0	0	0	0	0	0	0	0	53	0	
8267.87	0	0	0	0	0	0	0	0	0	0	0	0	0	0	59	0	
9018.96	0	0	0	0	0	0	0	0	0	0	0	0	0	0	51	0	
9769.26	0	0	0	0	0	0	0	0	0	0	0	0	0	0	47	0	
10518.4	0	0	0	0	0	0	0	0	0	0	0	0	0	0	57	0	
11267.6	0	0	0	0	0	0	0	0	0	0	0	0	0	0	59	0	
12020.4	0	0	0	0	0	0	0	0	0	0	0	0	0	0	51	0	
12768.4	0	0	0	0	0	0	0	0	0	0	0	0	0	0	41	0	
13518.4	0	0	0	0	0	0	0	0	0	0	0	0	0	54	3	0	
14270.3	0	0	0	0	0	0	0	0	0	0	0	0	0	71	0	0	
15019.1	0	0	0	0	0	0	0	0	0	0	0	0	0	57	0	0	
15767.1	0	0	0	0	0	0	0	0	0	0	0	0	0	51	0	0	
16517.5	0	0	0	0	0	0	0	0	0	0	0	0	0	59	0	0	
17264.8	0	0	0	0	0	0	0	0	0	0	0	0	0	58	7	0	
18015.8	0	0	0	0	0	0	0	0	0	0	0	0	0	0	53	0	
18766.3	0	0	0	0	0	0	0	0	0	0	0	0	0	0	63	0	
19515.5	0	0	0	0	0	0	0	0	0	0	0	0	0	47	0	0	
20267.9	0	0	0	0	0	0	0	0	0	0	0	0	0	63	0	0	
21018.9	0	0	0	0	0	0	0	0	0	0	0	0	0	57	0	0	
21771.5	0	0	0	0	0	0	0	0	0	0	0	0	0	55	0	0	
22519.8	0	0	0	0	0	0	0	0	0	0	0	0	0	51	0	0	
23268	0	0	0	0	0	0	0	0	0	0	0	0	0	61	0	0	
24016.5	0	0	0	0	0	0	0	0	0	0	0	0	0	57	0	0	
24763.2	0	0	0	0	0	0	0	0	0	0	0	0	0	65	0	0	
25511.1	0	0	0	0	0	0	0	0	0	0	0	0	0	57	0	0	
26260.8	0	0	0	0	0	0	0	0	0	0	0	0	0	57	0	0	
27012.1	0	0	0	0	0	0	0	0	0	0	0	0	0	57	0	0	
27765.4	0	0	0	0	0	0	0	0	0	0	0	0	0	63	0	0	
28512.3	0	0	0	0	0	0	0	0	0	0	0	0	0	61	0	0	
29263.5	0	0	0	0	0	0	0	0	0	0	0	0	0	0	61	0	
30012.6	0	0	0	0	0	0	0	0	0	0	0	0	0	0	47	0	
30765.1	0	0	0	0	0	0	0	0	0	0	0	0	0	0	47	0	
31516.1	0	0	0	0	0	0	0	0	0	0	0	0	0	0	51	0	
32262.6	0	0	0	0	0	0	0	0	0	0	0	0	0	0	53	0	
33013.3	0	0	0	0	0	0	0	0	0	0	0	0	0	0	57	0	
33763.8	0	0	0	0	0	0	0	0	0	0	0	0	0	65	0	0	
34516.4	0	0	0	0	0	0	0	0	0	0	0	0	0	47	0	0	
35266	0	0	0	0	0	0	0	0	0	0	0	0	0	0	57	0	
36016.2	0	0	0	0	0	0	0	0	0	0	0	0	0	0	39	0	
36765.3	0	0	0	0	0	0	0	0	0	0	0	0	0	0	53	0	
37514.9	0	0	0	0	0	0	0	0	0	0	0	0	0	0	51	0	
38266.6	0	0	0	0	0	0	0	0	0	0	0	0	0	0	65	0	
39018.6	0	0	0	0	0	0	0	0	0	0	0	0	0	0	61	0	
39772.2	0	0	0	0	0	0	0	0	0	0	0	0	0	0	53	0	
40518.5	0	0	0	0	0	0	0	0	0	0	0	0	0	0	57	0	
41269.6	0	0	0	0	0	0	0	0	0	0	0	0	0	0	51	0	
42019.8	0	0	0	0	0	0	0	0	0	0	0	0	0	0	57	0	
42770.2	0	0	0	0	0	0	0	0	0	0	0	0	0	0	43	0	
43521.4	0	0	0	0	0	0	0	0	0	0	0	0	0	0	55	0	
44273.7	0	0	0	0	0	0	0	0	0	0	0	0	0	0	45	0	
45023.2	0	0	0	0	0	0	0	0	0	0	0	0	0	0	47	0	
45774	0	0	0	0	0	0	0	0	0	0	0	0	0	49	0	0	
46521.6	0	0	0	0	0	0	0	0	0	0	0	0	0	55	0	0	
47269.9	0	0	0	0	0	0	0	0	0	0	0	0	0	59	0	0	
48019.8	0	0	0	0	0	0	0	0	0	0	0	0	0	59	0	0	
48769.8	0	0	0	0	0	0	0	0	0	0	0	69	0	0	0	0	
49515.6	0	0	0	0	0	0	0	0	0	0	0	57	0	0	0	0	
50269	0	0	0	0	0	0	0	0	0	0	0	67	0	0	0	0	
51019.7	0	0	0	0	0	0	0	0	0	0	0	67	0	0	0	0	
51771.6	0	0	0	0	0	0	0	0	0	0	0	0	65	0	0	0	
52520.8	0	0	0	0	0	0	0	0	0	0	0	69	0	0	0	0	
53268.9	0	0	0	0	0	0	0	0	0	0	0	71	0	0	0	0	
54020.9	0	0	0	0	0	0	0	0	0	0	0	71	0	0	0	0	
54771.4	0	0	0	0	0	0	0	0	0	0	0	77	0	0	0	0	
55522.8	0	0	0	0	0	0	0	0	0	0	81	0	0	0	0	0	
56271.9	0	0	0	0	0	0	0	0	0	0	81	0	0	0	0	0	
57024.2	0	0	0	0	0	0	0	0	0	0	77	0	0	0	0	0	
57777.5	0	0	0	0	0	0	0	0	0	0	73	0	0	0	0	0	
58527.9	0	0	0	0	0	0	0	0	0	0	75	0	0	0	0	0	
59279.6	0	0	0	0	0	0	0	0	0	0	69	0	0	0	0	0	
60029.5	0	0	0	0	0	0	0	0	0	0	65	0	0	0	0	0	
60781.4	0	0	0	0	0	0	0	0	0	0	93	0	0	0	0	0	
61535.2	0	0	0	0	0	0	0	0	0	0	69	0	0	0	0	0	
62282.8	0	0	0	0	0	0	0	0	0	0	75	0	0	0	0	0	
63034	0	0	0	0	0	0	0	0	0	0	77	0	0	0	0	0	
63779.8	0	0	0	0	0	0	0	0	0	0	93	0	0	0	0	0	
64528	0	0	0	0	0	0	0	0	0	0	0	71	0	0	0	0	
65278.9	0	0	0	0	0	0	0	0	0	0	0	73	0	0	0	0	
66027.7	0	0	0	0	0	0	0	0	0	0	0	71	0	0	0	0	
66776.2	0	0	0	0	0	0	0	0	0	0	0	61	0	0	0	0	
67527.8	0	0	0	0	0	0	0	0	0	0	0	77	0	0	0	0	
68279.7	0	0	0	0	0	0	0	0	0	0	0	83	0	0	0	0	
69027	0	0	0	0	0	0	0	0	0	0	0	65	0	0	0	0	
69779.9	0	0	0	0	0	0	0	0	0	0	0	61	0	0	0	0	
70530.3	0	0	0	0	0	0	0	0	0	0	0	61	0	0	0	0	
71280.3	0	0	0	0	0	0	0	0	0	0	0	61	0	0	0	0	
72032.3	0	0	0	0	0	0	0	0	0	0	0	67	0	0	0	0	
72784.4	0	0	0	0	0	0	0	0	0	0	0	75	0	0	0	0	
73534.9	0	0	0	0	0	0	0	0	0	0	0	71	0	0	0	0	
74282.8	0	0	0	0	0	0	0	0	0	0	0	69	0	0	0	0	
75034.3	0	0	0	0	0	0	0	0	0	0	0	71	0	0	0	0	
75781.4	0	0	0	0	0	0	0	0	0	0	0	71	0	0	0	0	
76528.5	0	0	0	0	0	0	0	0	0	0	0	79	0	0	0	0	
77277.5	0	0	0	0	0	0	0	0	0	0	0	65	0	0	0	0	
78028	0	0	0	0	0	0	0	0	0	0	0	73	0	0	0	0	
78777.6	0	0	0	0	0	0	0	0	0	0	0	53	0	0	0	0	
79526.9	0	0	0	0	0	0	0	0	0	0	0	73	0	0	0	0	
80274.3	0	0	0	0	0	0	0	0	0	0	77	0	0	0	0	0	
81019.5	0	0	0	0	0	0	0	0	0	0	81	0	0	0	0	0	
81770.7	0	0	0	0	0	0	0	0	0	0	67	0	0	0	0	0	
82521.3	0	0	0	0	0	0	0	0	0	0	65	0	0	0	0	0	
83271.8	0	0	0	0	0	0	0	0	0	0	77	0	0	0	0	0	
84019.1	0	0	0	0	0	0	0	0	0	0	71	0	0	0	0	0	
84768.9	0	0	0	0	0	0	0	0	0	0	73	0	0	0	0	0	
85521.1	0	0	0	0	0	0	0	0	0	0	73	0	0	0	0	0	
86271.4	0	0	0	0	0	0	0	0	0	0	83	0	0	0	0	0	
87018	0	0	0	0	0	0	0	0	0	0	85	0	0	0	0	0	
87769.5	0	0	0	0	0	0	0	0	0	0	61	0	0	0	0	0	
88520.3	0	0	0	0	0	0	0	0	0	0	67	0	0	0	0	0	
89271.2	0	0	0	0	0	0	0	0	0	0	73	0	0	0	0	0	
90020.8	0	0	0	0	0	0	0	0	0	0	73	0	0	0	0	0	
90774.7	0	0	0	0	0	0	0	0	0	0	67	0	0	0	0	0	
91524.3	0	0	0	0	0	0	0	0	0	0	67	0	0	0	0	0	
92273.1	0	0	0	0	0	0	0	0	0	0	75	0	0	0	0	0	
93023.6	0	0	0	0	0	0	0	0	0	0	81	0	0	0	0	0	
93776.2	0	0	0	0	0	0	0	0	0	0	79	0	0	0	0	0	
94527.8	0	0	0	0	0	0	0	0	0	0	81	0	0	0	0	0	
95276.4	0	0	0	0	0	0	0	0	0	0	77	0	0	0	0	0	
96024.2	0	0	0	0	0	0	0	0	0	0	71	0	0	0	0	0	
96775.9	0	0	0	0	0	0	0	0	0	0	63	0	0	0	0	0	
97525.9	0	0	0	0	0	0	0	0	0	0	69	0	0	0	0	0	
98277.6	0	0	0	0	0	0	0	0	0	0	75	0	0	0	0	0	
99025.6	0	0	0	0	0	0	0	0	0	0	69	0	0	0	0	0	
99776.1	0	0	0	0	0	0	0	0	0	0	67	0	0	0	0	0	
100525	0	0	0	0	0	0	0	0	0	0	69	0	0	0	0	0	
101277	0	0	0	0	0	0	0	0	0	0	69	0	0	0	0	0	
102026	0	0	0	0	0	0	0	0	0	0	65	0	0	0	0	0	
102774	0	0	0	0	0	0	0	0	0	0	67	0	0	0	0	0	
103525	0	0	0	0	0	0	0	0	0	0	65	0	0	0	0	0	
104274	0	0	0	0	0	0	0	0	0	0	55	0	0	0	0	0	
105026	0	0	0	0	0	0	0	0	0	0	63	0	0	0	0	0	
105774	0	0	0	0	0	0	0	0	0	0	65	0	0	0	0	0	
106529	0	0	0	0	0	0	0	0	0	0	65	0	0	0	0	0	
107281	0	0	0	0	0	0	0	0	0	0	69	0	0	0	0	0	
108030	0	0	0	0	0	0	0	0	0	0	73	0	0	0	0	0	
108779	0	0	0	0	0	0	0	0	0	0	69	0	0	0	0	0	
109527	0	0	0	0	0	0	0	0	0	0	67	0	0	0	0	0	
110276	0	0	0	0	0	0	0	0	0	0	63	0	0	0	0	0	
111026	0	0	0	0	0	0	0	0	0	0	73	0	0	0	0	0	
111774	0	0	0	0	0	0	0	0	0	0	75	0	0	0	0	0	
112524	0	0	0	0	0	0	0	0	0	0	83	0	0	0	0	0	
113275	0	0	0	0	0	0	0	0	0	87	0	0	0	0	0	0	
114025	0	0	0	0	0	0	0	0	0	77	8	0	0	0	0	0	
114775	0	0	0	0	0	0	0	0	0	0	77	0	0	0	0	0	
115525	0	0	0	0	0	0	0	0	0	0	65	0	0	0	0	0	
116274	0	0	0	0	0	0	0	0	0	0	0	57	0	0	0	0	
117022	0	0	0	0	0	0	0	0	0	0	0	71	0	0	0	0	
117774	0	0	0	0	0	0	0	0	0	0	0	71	0	0	0	0	
118528	0	0	0	0	0	0	0	0	0	0	0	69	0	0	0	0	
119276	0	0	0	0	0	0	0	0	0	0	0	71	0	0	0	0	
120025	0	0	0	0	0	0	0	0	0	0	0	69	0	0	0	0	
120778	0	0	0	0	0	0	0	0	0	0	0	67	0	0	0	0	
121526	0	0	0	0	0	0	0	0	0	0	0	69	0	0	0	0	
122278	0	0	0	0	0	0	0	0	0	0	0	57	0	0	0	0	
123027	0	0	0	0	0	0	0	0	0	0	0	71	0	0	0	0	
123779	0	0	0	0	0	0	0	0	0	0	0	73	0	0	0	0	
124528	0	0	0	0	0	0	0	0	0	0	0	73	0	0	0	0	
125276	0	0	0	0	0	0	0	0	0	0	0	67	0	0	0	0	
126024	0	0	0	0	0	0	0	0	0	0	0	69	0	0	0	0	
126774	0	0	0	0	0	0	0	0	0	0	0	71	0	0	0	0	
127525	0	0	0	0	0	0	0	0	0	0	0	63	0	0	0	0	
128275	0	0	0	0	0	0	0	0	0	0	0	59	0	0	0	0	
129022	0	0	0	0	0	0	0	0	0	0	0	67	2	0	0	0	
129771	0	0	0	0	0	0	0	0	0	0	0	69	0	0	0	0	
130521	0	0	0	0	0	0	0	0	0	0	0	79	0	0	0	0	
131271	0	0	0	0	0	0	0	0	0	0	0	71	0	0	0	0	
132020	0	0	0	0	0	0	0	0	0	0	0	59	0	0	0	0	
132771	0	0	0	0	0	0	0	0	0	0	0	61	0	0	0	0	
133518	0	0	0	0	0	0	0	0	0	0	0	63	0	0	0	0	
134265	0	0	0	0	0	0	0	0	0	0	0	71	0	0	0	0	
135014	0	0	0	0	0	0	0	0	0	0	0	73	0	0	0	0	
135762	0	0	0	0	0	0	0	0	0	0	0	77	0	0	0	0	
136514	0	0	0	0	0	0	0	0	0	0	79	0	0	0	0	0	
137263	0	0	0	0	0	0	0	0	0	0	67	0	0	0	0	0	
138011	0	0	0	0	0	0	0	0	0	0	77	0	0	0	0	0	
138760	0	0	0	0	0	0	0	0	0	0	73	0	0	0	0	0	
139507	0	0	0	0	0	0	0	0	0	0	83	0	0	0	0	0	
140260	0	0	0	0	0	0	0	0	0	0	69	0	0	0	0	0	
141009	0	0	0	0	0	0	0	0	0	79	0	0	0	0	0	0	
141758	0	0	0	0	0	0	0	0	0	89	0	0	0	0	0	0	
142507	0	0	0	0	0	0	0	0	0	87	0	0	0	0	0	0	
143256	0	0	0	0	0	0	0	0	0	91	0	0	0	0	0	0	
144006	0	0	0	0	0	0	0	0	0	77	0	0	0	0	0	0	
144760	0	0	0	0	0	0	0	0	0	79	0	0	0	0	0	0	
145509	0	0	0	0	0	0	0	0	0	89	0	0	0	0	0	0	
146259	0	0	0	0	0	0	0	0	0	85	0	0	0	0	0	0	
147011	0	0	0	0	0	0	0	0	0	81	0	0	0	0	0	0	
147761	0	0	0	0	0	0	0	0	0	75	0	0	0	0	0	0	
148516	0	0	0	0	0	0	0	0	0	0	81	0	0	0	0	0	
149267	0	0	0	0	0	0	0	0	0	0	67	0	0	0	0	0	
150019	0	0	0	0	0	0	0	0	0	0	63	0	0	0	0	0	
150767	0	0	0	0	0	0	0	0	0	0	67	0	0	0	0	0	
151517	0	0	0	0	0	0	0	0	0	83	0	0	0	0	0	0	
152265	0	0	0	0	0	0	0	0	0	81	0	0	0	0	0	0	
153017	0	0	0	0	0	0	0	0	0	75	0	0	0	0	0	0	
153769	0	0	0	0	0	0	0	0	0	89	0	0	0	0	0	0	
154518	0	0	0	0	0	0	0	0	0	77	0	0	0	0	0	0	
155272	0	0	0	0	0	0	0	0	0	77	0	0	0	0	0	0	
156020	0	0	0	0	0	0	0	0	0	87	0	0	0	0	0	0	
156769	0	0	0	0	0	0	0	0	0	79	0	0	0	0	0	0	
157520	0	0	0	0	0	0	0	0	0	93	0	0	0	0	0	0	
158268	0	0	0	0	0	0	0	0	0	95	0	0	0	0	0	0	
159017	0	0	0	0	0	0	0	0	0	81	0	0	0	0	0	0	
159765	0	0	0	0	0	0	0	0	0	59	0	0	0	0	0	0	
160516	0	0	0	0	0	0	0	0	0	71	0	0	0	0	0	0	
161269	0	0	0	0	0	0	0	0	0	79	0	0	0	0	0	0	
162021	0	0	0	0	0	0	0	0	0	93	0	0	0	0	0	0	
162768	0	0	0	0	0	0	0	0	0	83	0	0	0	0	0	0	
163517	0	0	0	0	0	0	0	0	0	89	0	0	0	0	0	0	
164264	0	0	0	0	0	0	0	0	0	81	0	0	0	0	0	0	
165014	0	0	0	0	0	0	0	0	0	77	0	0	0	0	0	0	
165764	0	0	0	0	0	0	0	0	0	83	0	0	0	0	0	0	
166512	0	0	0	0	0	0	0	0	0	83	0	0	0	0	0	0	
167262	0	0	0	0	0	0	0	0	0	85	0	0	0	0	0	0	
168014	0	0	0	0	0	0	0	0	0	97	0	0	0	0	0	0	
168762	0	0	0	0	0	0	0	0	0	91	0	0	0	0	0	0	
169512	0	0	0	0	0	0	0	0	0	91	0	0	0	0	0	0	
170259	0	0	0	0	0	0	0	0	0	89	0	0	0	0	0	0	
171011	0	0	0	0	0	0	0	0	0	87	0	0	0	0	0	0	
171760	0	0	0	0	0	0	0	0	0	67	0	0	0	0	0	0	
172510	0	0	0	0	0	0	0	105	0	0	0	0	0	0	0	0	
173264	0	0	0	0	0	0	0	107	0	0	0	0	0	0	0	0	
174014	0	0	0	0	0	0	0	115	0	0	0	0	0	0	0	0	
174764	0	0	0	0	0	0	0	0	99	0	0	0	0	0	0	0	
175515	0	0	0	0	0	0	0	0	79	0	0	0	0	0	0	0	
176264	0	0	0	0	0	0	0	0	93	0	0	0	0	0	0	0	
177013	0	0	0	0	0	0	0	0	97	0	0	0	0	0	0	0	
177761	0	0	0	0	0	0	0	0	95	0	0	0	0	0	0	0	
178509	0	0	0	0	0	0	0	0	91	0	0	0	0	0	0	0	
179262	0	0	0	0	0	0	0	0	91	0	0	0	0	0	0	0	
180012	0	0	0	0	0	0	0	0	83	0	0	0	0	0	0	0	
180763	0	0	0	0	0	0	0	0	83	0	0	0	0	0	0	0	
181515	0	0	0	0	0	0	0	0	81	0	0	0	0	0	0	0	
182266	0	0	0	0	0	0	0	0	91	0	0	0	0	0	0	0	
183017	0	0	0	0	0	0	0	0	27	72	0	0	0	0	0	0	
183768	0	0	0	0	0	0	0	0	0	91	0	0	0	0	0	0	
184516	0	0	0	0	0	0	0	0	0	95	0	0	0	0	0	0	
185266	0	0	0	0	0	0	0	0	0	73	0	0	0	0	0	0	
186014	0	0	0	0	0	0	0	0	0	73	0	0	0	0	0	0	
186762	0	0	0	0	0	0	0	0	0	89	0	0	0	0	0	0	
187514	0	0	0	0	0	0	0	0	0	93	0	0	0	0	0	0	
188261	0	0	0	0	0	0	0	0	0	85	0	0	0	0	0	0	
189013	0	0	0	0	0	0	0	0	0	83	0	0	0	0	0	0	
189766	0	0	0	0	0	0	0	0	0	79	0	0	0	0	0	0	
190522	0	0	0	0	0	0	0	0	0	89	0	0	0	0	0	0	
191269	0	0	0	0	0	0	0	0	0	83	0	0	0	0	0	0	
192018	0	0	0	0	0	0	0	0	0	63	0	0	0	0	0	0	
192768	0	0	0	0	0	0	0	0	0	97	0	0	0	0	0	0	
193516	0	0	0	0	0	0	0	0	0	85	0	0	0	0	0	0	
194267	0	0	0	0	0	0	0	0	0	67	0	0	0	0	0	0	
195020	0	0	0	0	0	0	0	0	0	93	0	0	0	0	0	0	
195771	0	0	0	0	0	0	0	0	0	85	0	0	0	0	0	0	
196520	0	0	0	0	0	0	0	0	0	79	0	0	0	0	0	0	
197268	0	0	0	0	0	0	0	0	0	81	0	0	0	0	0	0	
198018	0	0	0	0	0	0	0	0	0	77	0	0	0	0	0	0	
198770	0	0	0	0	0	0	0	0	0	71	0	0	0	0	0	0	
199522	0	0	0	0	0	0	0	0	0	75	0	0	0	0	0	0	
200276	0	0	0	0	0	0	0	0	0	79	0	0	0	0	0	0	
201026	0	0	0	0	0	0	0	0	0	93	0	0	0	0	0	0	
201772	0	0	0	0	0	0	0	0	0	77	0	0	0	0	0	0	
202521	0	0	0	0	0	0	0	0	0	67	0	0	0	0	0	0	
203269	0	0	0	0	0	0	0	0	0	91	0	0	0	0	0	0	
204021	0	0	0	0	0	0	0	0	0	89	0	0	0	0	0	0	
204770	0	0	0	0	0	0	0	0	0	75	0	0	0	0	0	0	
205521	0	0	0	0	0	0	0	0	0	65	0	0	0	0	0	0	
206269	0	0	0	0	0	0	0	0	0	71	0	0	0	0	0	0	
207022	0	0	0	0	0	0	0	0	0	85	0	0	0	0	0	0	
207774	0	0	0	0	0	0	0	0	0	79	0	0	0	0	0	0	
208526	0	0	0	0	0	0	0	0	0	65	0	0	0	0	0	0	
209274	0	0	0	0	0	0	0	0	0	81	0	0	0	0	0	0	
210022	0	0	0	0	0	0	0	0	0	91	0	0	0	0	0	0	
210773	0	0	0	0	0	0	0	0	0	0	75	0	0	0	0	0	
211520	0	0	0	0	0	0	0	0	0	0	85	0	0	0	0	0	
212270	0	0	0	0	0	0	0	0	0	0	71	0	0	0	0	0	
213019	0	0	0	0	0	0	0	0	0	0	69	0	0	0	0	0	
213770	0	0	0	0	0	0	0	0	0	0	79	0	0	0	0	0	
214520	0	0	0	0	0	0	0	0	0	0	81	0	0	0	0	0	
215269	0	0	0	0	0	0	0	0	0	0	75	0	0	0	0	0	
216018	0	0	0	0	0	0	0	0	0	0	75	0	0	0	0	0	
216766	0	0	0	0	0	0	0	0	0	0	30	33	0	0	0	0	
217514	0	0	0	0	0	0	0	0	0	0	77	0	0	0	0	0	
218264	0	0	0	0	0	0	0	0	0	0	99	0	0	0	0	0	
219012	0	0	0	0	0	0	0	0	0	0	85	0	0	0	0	0	
219763	0	0	0	0	0	0	0	0	0	0	81	0	0	0	0	0	
220511	0	0	0	0	0	0	0	0	0	0	85	0	0	0	0	0	
221258	0	0	0	0	0	0	0	0	0	0	61	0	0	0	0	0	
222006	0	0	0	0	0	0	0	0	0	0	81	0	0	0	0	0	
222755	0	0	0	0	0	0	0	0	0	0	0	75	0	0	0	0	
223507	0	0	0	0	0	0	0	0	0	0	0	67	0	0	0	0	
224260	0	0	0	0	0	0	0	0	0	0	0	57	0	0	0	0	
225010	0	0	0	0	0	0	0	0	0	0	0	79	0	0	0	0	
225762	0	0	0	0	0	0	0	0	0	0	0	71	0	0	0	0	
226510	0	0	0	0	0	0	0	0	0	0	0	45	0	0	0	0	
227258	0	0	0	0	0	0	0	0	0	0	0	0	63	0	0	0	
228006	0	0	0	0	0	0	0	0	0	0	0	0	57	0	0	0	
228757	0	0	0	0	0	0	0	0	0	0	0	0	63	0	0	0	
229507	0	0	0	0	0	0	0	0	0	0	0	0	55	0	0	0	
230256	0	0	0	0	0	0	0	0	0	0	0	0	61	0	0	0	
231005	0	0	0	0	0	0	0	0	0	0	0	0	55	0	0	0	
231755	0	0	0	0	0	0	0	0	0	0	0	0	69	0	0	0	
232507	0	0	0	0	0	0	0	0	0	0	0	0	55	0	0	0	
233257	0	0	0	0	0	0	0	0	0	0	0	0	67	0	0	0	
234008	0	0	0	0	0	0	0	0	0	0	0	0	59	0	0	0	
234761	0	0	0	0	0	0	0	0	0	0	0	0	73	0	0	0	
235509	0	0	0	0	0	0	0	0	0	0	0	0	51	0	0	0	
236259	0	0	0	0	0	0	0	0	0	0	0	0	65	0	0	0	
237007	0	0	0	0	0	0	0	0	0	0	0	0	59	0	0	0	
237758	0	0	0	0	0	0	0	0	0	0	0	0	69	0	0	0	
238506	0	0	0	0	0	0	0	0	0	0	0	0	63	0	0	0	
239253	0	0	0	0	0	0	0	0	0	0	0	0	55	0	0	0	
240006	0	0	0	0	0	0	0	0	0	0	0	0	55	2	0	0	
240758	0	0	0	0	0	0	0	0	0	0	0	0	65	0	0	0	
241510	0	0	0	0	0	0	0	0	0	0	0	0	0	51	0	0	
242262	0	0	0	0	0	0	0	0	0	0	0	0	0	57	0	0	
243011	0	0	0	0	0	0	0	0	0	0	0	0	0	0	41	0	
243765	0	0	0	0	0	0	0	0	0	0	0	0	0	65	0	0	
244513	0	0	0	0	0	0	0	0	0	0	0	0	0	61	0	0	
245263	0	0	0	0	0	0	0	0	0	0	0	0	0	57	0	0	
246014	0	0	0	0	0	0	0	0	0	0	0	0	0	55	0	0	
246761	0	0	0	0	0	0	0	0	0	0	0	0	0	63	0	0	
247509	0	0	0	0	0	0	0	0	0	0	0	0	0	57	0	0	
248257	0	0	0	0	0	0	0	0	0	0	0	0	0	57	0	0	
249005	0	0	0	0	0	0	0	0	0	0	0	0	0	57	0	0	
249757	0	0	0	0	0	0	0	0	0	0	0	0	0	49	0	0	
250510	0	0	0	0	0	0	0	0	0	0	0	0	0	51	0	0	
251256	0	0	0	0	0	0	0	0	0	0	0	0	0	65	0	0	
252009	0	0	0	0	0	0	0	0	0	0	0	0	0	65	0	0	
252759	0	0	0	0	0	0	0	0	0	0	0	0	0	57	0	0	
253509	0	0	0	0	0	0	0	0	0	0	0	0	0	65	0	0	
254257	0	0	0	0	0	0	0	0	0	0	0	0	0	51	0	0	
255007	0	0	0	0	0	0	0	0	0	0	0	0	63	0	0	0	
255753	0	0	0	0	0	0	0	0	0	0	0	0	65	0	0	0	
256505	0	0	0	0	0	0	0	0	0	0	0	0	59	0	0	0	
257254	0	0	0	0	0	0	0	0	0	0	0	0	65	0	0	0	
258001	0	0	0	0	0	0	0	0	0	0	0	0	53	0	0	0	
258753	0	0	0	0	0	0	0	0	0	0	0	0	61	0	0	0	
259504	0	0	0	0	0	0	0	0	0	0	0	0	53	0	0	0	
260257	0	0	0	0	0	0	0	0	0	0	0	0	67	0	0	0	
261006	0	0	0	0	0	0	0	0	0	0	0	0	61	0	0	0	
261751	0	0	0	0	0	0	0	0	0	0	0	0	57	0	0	0	
262499	0	0	0	0	0	0	0	0	0	0	0	0	61	0	0	0	
263246	0	0	0	0	0	0	0	0	0	0	0	0	61	0	0	0	
263997	0	0	0	0	0	0	0	0	0	0	0	0	71	0	0	0	
264749	0	0	0	0	0	0	0	0	0	0	0	0	55	0	0	0	
265502	0	0	0	0	0	0	0	0	0	0	0	59	0	0	0	0	
266248	0	0	0	0	0	0	0	0	0	0	0	63	0	0	0	0	
266997	0	0	0	0	0	0	0	0	0	0	0	51	0	0	0	0	
267747	0	0	0	0	0	0	0	0	0	0	0	65	0	0	0	0	
268500	0	0	0	0	0	0	0	0	0	0	0	61	0	0	0	0	
269249	0	0	0	0	0	0	0	0	0	0	0	71	0	0	0	0	
270002	0	0	0	0	0	0	0	0	0	0	0	79	0	0	0	0	
270751	0	0	0	0	0	0	0	0	0	0	0	69	0	0	0	0	
271500	0	0	0	0	0	0	0	0	0	0	0	73	0	0	0	0	
272250	0	0	0	0	0	0	0	0	0	0	0	65	0	0	0	0	
272996	0	0	0	0	0	0	0	0	0	0	0	71	0	0	0	0	
273746	0	0	0	0	0	0	0	0	0	0	0	77	0	0	0	0	
274496	0	0	0	0	0	0	0	0	0	0	0	55	0	0	0	0	
275245	0	0	0	0	0	0	0	0	0	0	0	61	0	0	0	0	
275995	0	0	0	0	0	0	0	0	0	0	0	77	0	0	0	0	
276742	0	0	0	0	0	0	0	0	0	0	0	69	0	0	0	0	
277492	0	0	0	0	0	0	0	0	0	0	0	61	0	0	0	0	
278245	0	0	0	0	0	0	0	0	0	0	0	69	0	0	0	0	
278997	0	0	0	0	0	0	0	0	0	0	0	67	0	0	0	0	
279744	0	0	0	0	0	0	0	0	0	0	0	66	1	0	0	0	
280495	0	0	0	0	0	0	0	0	0	0	0	63	0	0	0	0	
281244	0	0	0	0	0	0	0	0	0	0	0	61	0	0	0	0	
281994	0	0	0	0	0	0	0	0	0	0	0	67	0	0	0	0	
282746	0	0	0	0	0	0	0	0	0	0	0	65	0	0	0	0	
283495	0	0	0	0	0	0	0	0	0	0	0	71	0	0	0	0	
284246	0	0	0	0	0	0	0	0	0	0	0	53	0	0	0	0	
284993	0	0	0	0	0	0	0	0	0	0	0	71	0	0	0	0	
285746	0	0	0	0	0	0	0	0	0	0	0	59	0	0	0	0	
286495	0	0	0	0	0	0	0	0	0	0	0	0	57	0	0	0	
287247	0	0	0	0	0	0	0	0	0	0	0	57	0	0	0	0	
287994	0	0	0	0	0	0	0	0	0	0	0	75	0	0	0	0	
288746	0	0	0	0	0	0	0	0	0	0	0	69	0	0	0	0	
289495	0	0	0	0	0	0	0	0	0	0	0	71	0	0	0	0	
290242	0	0	0	0	0	0	0	0	0	0	0	0	59	0	0	0	
290989	0	0	0	0	0	0	0	0	0	0	0	0	73	0	0	0	
291739	0	0	0	0	0	0	0	0	0	0	0	65	0	0	0	0	
292489	0	0	0	0	0	0	0	0	0	0	0	67	0	0	0	0	
293242	0	0	0	0	0	0	0	0	0	0	0	59	0	0	0	0	
293991	0	0	0	0	0	0	0	0	0	0	0	71	0	0	0	0	
294741	0	0	0	0	0	0	0	0	0	0	0	65	0	0	0	0	
295492	0	0	0	0	0	0	0	0	0	0	0	71	0	0	0	0	
296241	0	0	0	0	0	0	0	0	0	0	0	75	0	0	0	0	
296991	0	0	0	0	0	0	0	0	0	0	0	65	0	0	0	0	
297738	0	0	0	0	0	0	0	0	0	0	0	69	0	0	0	0	
298489	0	0	0	0	0	0	0	0	0	0	0	73	0	0	0	0	
299241	0	0	0	0	0	0	0	0	0	0	0	61	0	0	0	0	
299992	0	0	0	0	0	0	0	0	0	0	0	73	0	0	0	0	
300744	0	0	0	0	0	0	0	0	0	0	0	67	0	0	0	0	
301489	0	0	0	0	0	0	0	0	0	0	0	71	0	0	0	0	
302243	0	0	0	0	0	0	0	0	0	0	0	69	0	0	0	0	
302990	0	0	0	0	0	0	0	0	0	0	0	0	65	0	0	0	
303741	0	0	0	0	0	0	0	0	0	0	0	0	63	0	0	0	
304488	0	0	0	0	0	0	0	0	0	0	0	0	59	0	0	0	
305240	0	0	0	0	0	0	0	0	0	0	0	0	59	0	0	0	
305990	0	0	0	0	0	0	0	0	0	0	0	0	51	0	0	0	
306737	0	0	0	0	0	0	0	0	0	0	0	0	79	0	0	0	
307484	0	0	0	0	0	0	0	0	0	0	0	0	55	0	0	0	
308233	0	0	0	0	0	0	0	0	0	0	0	0	55	0	0	0	
308982	0	0	0	0	0	0	0	0	0	0	0	0	53	0	0	0	
309733	0	0	0	0	0	0	0	0	0	0	0	0	65	0	0	0	
310482	0	0	0	0	0	0	0	0	0	0	0	0	65	0	0	0	
311232	0	0	0	0	0	0	0	0	0	0	0	0	0	57	0	0	
311983	0	0	0	0	0	0	0	0	0	0	0	0	0	47	0	0	
312733	0	0	0	0	0	0	0	0	0	0	0	0	0	67	0	0	
313482	0	0	0	0	0	0	0	0	0	0	0	0	0	51	0	0	
314233	0	0	0	0	0	0	0	0	0	0	0	0	65	0	0	0	
314981	0	0	0	0	0	0	0	0	0	0	0	0	53	0	0	0	
315729	0	0	0	0	0	0	0	0	0	0	0	0	83	0	0	0	
316479	0	0	0	0	0	0	0	0	0	0	0	0	73	0	0	0	
317227	0	0	0	0	0	0	0	0	0	0	0	0	53	0	0	0	
317979	0	0	0	0	0	0	0	0	0	0	0	0	65	0	0	0	
318733	0	0	0	0	0	0	0	0	0	0	0	55	0	0	0	0	
319484	0	0	0	0	0	0	0	0	0	0	0	81	0	0	0	0	
320235	0	0	0	0	0	0	0	0	0	0	0	77	0	0	0	0	
320985	0	0	0	0	0	0	0	0	0	0	0	91	0	0	0	0	
321735	0	0	0	0	0	0	0	0	0	0	0	57	0	0	0	0	
322485	0	0	0	0	0	0	0	0	0	0	0	71	0	0	0	0	
323235	0	0	0	0	0	0	0	0	0	0	0	51	0	0	0	0	
323991	0	0	0	0	0	0	0	0	0	0	0	65	0	0	0	0	
324744	0	0	0	0	0	0	0	0	0	0	69	0	0	0	0	0	
325493	0	0	0	0	0	0	0	0	0	0	69	0	0	0	0	0	
326244	0	0	0	0	0	0	0	0	0	0	73	0	0	0	0	0	
326994	0	0	0	0	0	0	0	0	0	0	81	0	0	0	0	0	
327744	0	0	0	0	0	0	0	0	0	0	69	0	0	0	0	0	
328495	0	0	0	0	0	0	0	0	0	0	75	0	0	0	0	0	
329244	0	0	0	0	0	0	0	0	0	0	59	0	0	0	0	0	
329996	0	0	0	0	0	0	0	0	0	0	67	0	0	0	0	0	
330749	0	0	0	0	0	0	0	0	0	0	91	0	0	0	0	0	
331497	0	0	0	0	0	0	0	0	0	0	69	0	0	0	0	0	
332249	0	0	0	0	0	0	0	0	0	0	71	0	0	0	0	0	
332996	0	0	0	0	0	0	0	0	0	0	83	0	0	0	0	0	
333748	0	0	0	0	0	0	0	0	0	0	75	0	0	0	0	0	
334493	0	0	0	0	0	0	0	0	0	0	73	0	0	0	0	0	
335242	0	0	0	0	0	0	0	0	0	0	73	0	0	0	0	0	
335992	0	0	0	0	0	0	0	0	0	0	73	0	0	0	0	0	
336742	0	0	0	0	0	0	0	0	0	0	71	0	0	0	0	0	
337493	0	0	0	0	0	0	0	0	0	0	83	0	0	0	0	0	
338248	0	0	0	0	0	0	0	0	0	0	85	0	0	0	0	0	
338998	0	0	0	0	0	0	0	0	0	0	85	0	0	0	0	0	
339748	0	0	0	0	0	0	0	0	0	0	83	0	0	0	0	0	
340498	0	0	0	0	0	0	0	0	0	0	71	0	0	0	0	0	
341245	0	0	0	0	0	0	0	0	0	0	75	0	0	0	0	0	
341995	0	0	0	0	0	0	0	0	0	0	59	0	0	0	0	0	
342744	0	0	0	0	0	0	0	0	0	0	65	0	0	0	0	0	
343493	0	0	0	0	0	0	0	0	0	0	79	0	0	0	0	0	
344240	0	0	0	0	0	0	0	0	0	0	69	0	0	0	0	0	
344991	0	0	0	0	0	0	0	0	0	0	71	0	0	0	0	0	
345740	0	0	0	0	0	0	0	0	0	0	71	0	0	0	0	0	
346491	0	0	0	0	0	0	0	0	0	0	71	0	0	0	0	0	
347243	0	0	0	0	0	0	0	0	0	0	79	0	0	0	0	0	
347994	0	0	0	0	0	0	0	0	0	0	81	0	0	0	0	0	
348745	0	0	0	0	0	0	0	0	0	0	73	0	0	0	0	0	
349496	0	0	0	0	0	0	0	0	0	0	67	0	0	0	0	0	
350248	0	0	0	0	0	0	0	0	0	0	63	0	0	0	0	0	
350998	0	0	0	0	0	0	0	0	0	0	79	0	0	0	0	0	
351747	0	0	0	0	0	0	0	0	0	0	85	0	0	0	0	0	
352497	0	0	0	0	0	0	0	0	0	0	69	0	0	0	0	0	
353247	0	0	0	0	0	0	0	0	0	0	71	0	0	0	0	0	
353998	0	0	0	0	0	0	0	0	0	0	87	0	0	0	0	0	
354749	0	0	0	0	0	0	0	0	0	0	73	0	0	0	0	0	
355498	0	0	0	0	0	0	0	0	0	0	71	0	0	0	0	0	
356248	0	0	0	0	0	0	0	0	0	0	75	0	0	0	0	0	
357001	0	0	0	0	0	0	0	0	0	0	71	0	0	0	0	0	
357755	0	0	0	0	0	0	0	0	0	0	77	0	0	0	0	0	
358502	0	0	0	0	0	0	0	0	0	0	75	0	0	0	0	0	
359254	0	0	0	0	0	0	0	0	0	0	63	0	0	0	0	0	
360003	0	0	0	0	0	0	0	0	0	0	69	0	0	0	0	0	
360753	0	0	0	0	0	0	0	0	0	0	73	0	0	0	0	0	
361504	0	0	0	0	0	0	0	0	0	0	67	2	0	0	0	0	
362259	0	0	0	0	0	0	0	0	0	0	79	0	0	0	0	0	
363014	0	0	0	0	0	0	0	0	0	0	61	0	0	0	0	0	
363764	0	0	0	0	0	0	0	0	0	0	79	0	0	0	0	0	
364516	0	0	0	0	0	0	0	0	0	0	87	0	0	0	0	0	
365267	0	0	0	0	0	0	0	0	0	0	69	0	0	0	0	0	
366019	0	0	0	0	0	0	0	0	0	0	71	0	0	0	0	0	
366769	0	0	0	0	0	0	0	0	0	0	61	0	0	0	0	0	
367523	0	0	0	0	0	0	0	0	0	0	61	0	0	0	0	0	
368278	0	0	0	0	0	0	0	0	0	0	71	0	0	0	0	0	
369025	0	0	0	0	0	0	0	0	0	0	71	0	0	0	0	0	
369774	0	0	0	0	0	0	0	0	0	85	0	0	0	0	0	0	
370523	0	0	0	0	0	0	0	0	0	75	0	0	0	0	0	0	
371271	0	0	0	0	0	0	0	0	0	65	0	0	0	0	0	0	
372025	0	0	0	0	0	0	0	0	0	107	0	0	0	0	0	0	
372777	0	0	0	0	0	0	0	0	0	85	0	0	0	0	0	0	
373526	0	0	0	0	0	0	0	0	0	71	0	0	0	0	0	0	
374276	0	0	0	0	0	0	0	0	0	81	0	0	0	0	0	0	
375028	0	0	0	0	0	0	0	0	0	73	0	0	0	0	0	0	
375779	0	0	0	0	0	0	0	0	0	73	0	0	0	0	0	0	
376528	0	0	0	0	0	0	0	0	0	89	0	0	0	0	0	0	
377277	0	0	0	0	0	0	0	0	0	87	0	0	0	0	0	0	
378028	0	0	0	0	0	0	0	0	0	67	0	0	0	0	0	0	
378777	0	0	0	0	0	0	0	0	0	93	0	0	0	0	0	0	
379530	0	0	0	0	0	0	0	0	0	81	0	0	0	0	0	0	
380283	0	0	0	0	0	0	0	0	0	91	0	0	0	0	0	0	
381032	0	0	0	0	0	0	0	0	0	91	0	0	0	0	0	0	
381782	0	0	0	0	0	0	0	0	0	77	0	0	0	0	0	0	
382530	0	0	0	0	0	0	0	0	87	0	0	0	0	0	0	0	
383278	0	0	0	0	0	0	0	0	105	0	0	0	0	0	0	0	
384028	0	0	0	0	0	0	0	0	95	0	0	0	0	0	0	0	
384779	0	0	0	0	0	0	0	0	91	0	0	0	0	0	0	0	
385525	0	0	0	0	0	0	0	0	79	0	0	0	0	0	0	0	
386275	0	0	0	0	0	0	0	0	79	0	0	0	0	0	0	0	
387026	0	0	0	0	0	0	0	0	77	0	0	0	0	0	0	0	
387777	0	0	0	0	0	0	0	0	75	0	0	0	0	0	0	0	
388525	0	0	0	0	0	0	0	0	95	0	0	0	0	0	0	0	
389274	0	0	0	0	0	0	0	123	0	0	0	0	0	0	0	0	
390025	0	0	0	0	0	0	0	97	0	0	0	0	0	0	0	0	
390775	0	0	0	0	0	0	0	103	0	0	0	0	0	0	0	0	
391523	0	0	0	0	0	0	0	101	0	0	0	0	0	0	0	0	
392273	0	0	0	0	0	0	0	109	0	0	0	0	0	0	0	0	
393022	0	0	0	0	0	0	0	99	0	0	0	0	0	0	0	0	
393768	0	0	0	0	0	0	0	95	0	0	0	0	0	0	0	0	
394519	0	0	0	0	0	0	0	97	0	0	0	0	0	0	0	0	
395270	0	0	0	0	0	0	0	83	0	0	0	0	0	0	0	0	
396017	0	0	0	0	0	0	0	87	0	0	0	0	0	0	0	0	
396766	0	0	0	0	0	0	0	87	0	0	0	0	0	0	0	0	
397516	0	0	0	0	0	0	0	81	0	0	0	0	0	0	0	0	
398262	0	0	0	0	0	0	0	93	0	0	0	0	0	0	0	0	
399014	0	0	0	0	0	0	0	89	0	0	0	0	0	0	0	0	
399768	0	0	0	0	0	0	0	105	0	0	0	0	0	0	0	0	
400522	0	0	0	0	0	0	0	97	0	0	0	0	0	0	0	0	
401275	0	0	0	0	0	0	0	93	0	0	0	0	0	0	0	0	
402026	0	0	0	0	0	0	0	0	77	0	0	0	0	0	0	0	
402779	0	0	0	0	0	0	0	0	89	0	0	0	0	0	0	0	
403528	0	0	0	0	0	0	0	0	79	0	0	0	0	0	0	0	
404281	0	0	0	0	0	0	0	0	83	0	0	0	0	0	0	0	
405035	0	0	0	0	0	0	0	0	93	0	0	0	0	0	0	0	
405784	0	0	0	0	0	0	0	0	85	0	0	0	0	0	0	0	
406534	0	0	0	0	0	0	0	0	85	0	0	0	0	0	0	0	
407284	0	0	0	0	0	0	0	0	101	0	0	0	0	0	0	0	
408035	0	0	0	0	0	0	0	0	101	0	0	0	0	0	0	0	
408782	0	0	0	0	0	0	0	0	89	0	0	0	0	0	0	0	
409534	0	0	0	0	0	0	0	0	81	0	0	0	0	0	0	0	
410282	0	0	0	0	0	0	0	0	0	95	0	0	0	0	0	0	
411034	0	0	0	0	0	0	0	0	0	71	0	0	0	0	0	0	
411783	0	0	0	0	0	0	0	0	81	0	0	0	0	0	0	0	
412534	0	0	0	0	0	0	0	0	89	0	0	0	0	0	0	0	
413282	0	0	0	0	0	0	0	0	91	0	0	0	0	0	0	0	
414032	0	0	0	0	0	0	0	0	87	0	0	0	0	0	0	0	
414783	0	0	0	0	0	0	0	0	91	0	0	0	0	0	0	0	
415531	0	0	0	0	0	0	0	0	103	0	0	0	0	0	0	0	
416282	0	0	0	0	0	0	0	103	0	0	0	0	0	0	0	0	
417030	0	0	0	0	0	0	0	113	0	0	0	0	0	0	0	0	
417774	0	0	0	0	0	0	0	115	0	0	0	0	0	0	0	0	
418524	0	0	0	0	0	0	0	95	0	0	0	0	0	0	0	0	
419273	0	0	0	0	0	0	0	99	0	0	0	0	0	0	0	0	
420027	0	0	0	0	0	0	0	97	0	0	0	0	0	0	0	0	
420778	0	0	0	0	0	0	115	0	0	0	0	0	0	0	0	0	
421526	0	0	0	0	0	0	107	0	0	0	0	0	0	0	0	0	
422276	0	0	0	0	0	0	121	0	0	0	0	0	0	0	0	0	
423025	0	0	0	0	0	0	129	0	0	0	0	0	0	0	0	0	
423773	0	0	0	0	0	0	119	0	0	0	0	0	0	0	0	0	
424529	0	0	0	0	0	0	119	0	0	0	0	0	0	0	0	0	
425280	0	0	0	0	0	0	131	0	0	0	0	0	0	0	0	0	
426028	0	0	0	0	0	2	135	0	0	0	0	0	0	0	0	0	
426778	0	0	0	0	0	0	107	0	0	0	0	0	0	0	0	0	
427528	0	0	0	0	0	0	105	0	0	0	0	0	0	0	0	0	
428278	0	0	0	0	0	0	109	0	0	0	0	0	0	0	0	0	
429030	0	0	0	0	0	0	109	0	0	0	0	0	0	0	0	0	
429778	0	0	0	0	0	0	97	0	0	0	0	0	0	0	0	0	
430529	0	0	0	0	0	0	105	0	0	0	0	0	0	0	0	0	
431281	0	0	0	0	0	0	115	0	0	0	0	0	0	0	0	0	
432034	0	0	0	0	0	0	119	0	0	0	0	0	0	0	0	0	
432783	0	0	0	0	0	0	145	0	0	0	0	0	0	0	0	0	
433532	0	0	0	0	0	0	127	0	0	0	0	0	0	0	0	0	
434282	0	0	0	0	0	0	105	0	0	0	0	0	0	0	0	0	
435029	0	0	0	0	0	0	101	0	0	0	0	0	0	0	0	0	
435783	0	0	0	0	0	3	94	0	0	0	0	0	0	0	0	0	
436534	0	0	0	0	0	0	113	0	0	0	0	0	0	0	0	0	
437284	0	0	0	0	0	0	139	0	0	0	0	0	0	0	0	0	
438036	0	0	0	0	0	0	107	0	0	0	0	0	0	0	0	0	
438786	0	0	0	0	0	0	129	0	0	0	0	0	0	0	0	0	
439535	0	0	0	0	0	0	95	0	0	0	0	0	0	0	0	0	
440283	0	0	0	0	0	0	123	0	0	0	0	0	0	0	0	0	
441032	0	0	0	0	0	0	137	0	0	0	0	0	0	0	0	0	
441783	0	0	0	0	0	0	121	0	0	0	0	0	0	0	0	0	
442534	0	0	0	0	0	0	121	0	0	0	0	0	0	0	0	0	
443285	0	0	0	0	0	0	101	0	0	0	0	0	0	0	0	0	
444035	0	0	0	0	0	0	119	0	0	0	0	0	0	0	0	0	
444785	0	0	0	0	0	0	95	0	0	0	0	0	0	0	0	0	
445532	0	0	0	0	0	0	119	0	0	0	0	0	0	0	0	0	
446283	0	0	0	0	0	0	109	0	0	0	0	0	0	0	0	0	
447032	0	0	0	0	0	0	123	0	0	0	0	0	0	0	0	0	
447780	0	0	0	0	0	0	101	0	0	0	0	0	0	0	0	0	
448532	0	0	0	0	0	0	121	0	0	0	0	0	0	0	0	0	
449281	0	0	0	0	0	0	121	0	0	0	0	0	0	0	0	0	
450030	0	0	0	0	0	0	93	0	0	0	0	0	0	0	0	0	
450777	0	0	0	0	0	0	119	0	0	0	0	0	0	0	0	0	
451527	0	0	0	0	0	0	115	0	0	0	0	0	0	0	0	0	
452279	0	0	0	0	0	0	99	0	0	0	0	0	0	0	0	0	
453028	0	0	0	0	0	0	0	95	0	0	0	0	0	0	0	0	
453777	0	0	0	0	0	0	0	113	0	0	0	0	0	0	0	0	
454527	0	0	0	0	0	0	0	111	0	0	0	0	0	0	0	0	
455276	0	0	0	0	0	0	0	101	0	0	0	0	0	0	0	0	
456026	0	0	0	0	0	0	0	91	0	0	0	0	0	0	0	0	
456778	0	0	0	0	0	0	0	97	0	0	0	0	0	0	0	0	
457533	0	0	0	0	0	0	0	97	0	0	0	0	0	0	0	0	
458284	0	0	0	0	0	0	0	95	0	0	0	0	0	0	0	0	
459031	0	0	0	0	0	0	0	97	0	0	0	0	0	0	0	0	
459783	0	0	0	0	0	0	0	89	0	0	0	0	0	0	0	0	
460531	0	0	0	0	0	0	0	101	0	0	0	0	0	0	0	0	
461282	0	0	0	0	0	0	0	119	0	0	0	0	0	0	0	0	
462034	0	0	0	0	0	0	0	103	0	0	0	0	0	0	0	0	
462782	0	0	0	0	0	0	0	81	0	0	0	0	0	0	0	0	
463533	0	0	0	0	0	0	0	99	0	0	0	0	0	0	0	0	
464282	0	0	0	0	0	0	0	89	0	0	0	0	0	0	0	0	
465033	0	0	0	0	0	0	0	91	0	0	0	0	0	0	0	0	
465783	0	0	0	0	0	0	0	109	0	0	0	0	0	0	0	0	
466534	0	0	0	0	0	0	0	95	0	0	0	0	0	0	0	0	
467285	0	0	0	0	0	0	0	97	0	0	0	0	0	0	0	0	
468038	0	0	0	0	0	0	0	83	0	0	0	0	0	0	0	0	
468791	0	0	0	0	0	0	0	99	0	0	0	0	0	0	0	0	
469541	0	0	0	0	0	0	0	117	0	0	0	0	0	0	0	0	
470290	0	0	0	0	0	0	0	105	0	0	0	0	0	0	0	0	
471043	0	0	0	0	0	0	0	99	0	0	0	0	0	0	0	0	
471794	0	0	0	0	0	0	0	87	0	0	0	0	0	0	0	0	
472544	0	0	0	0	0	0	0	101	0	0	0	0	0	0	0	0	
473295	0	0	0	0	0	0	0	119	0	0	0	0	0	0	0	0	
474045	0	0	0	0	0	0	0	89	0	0	0	0	0	0	0	0	
474794	0	0	0	0	0	0	0	85	0	0	0	0	0	0	0	0	
475544	0	0	0	0	0	0	0	85	0	0	0	0	0	0	0	0	
476296	0	0	0	0	0	0	0	97	0	0	0	0	0	0	0	0	
477043	0	0	0	0	0	0	0	95	0	0	0	0	0	0	0	0	
477795	0	0	0	0	0	0	0	87	0	0	0	0	0	0	0	0	
478547	0	0	0	0	0	0	0	101	0	0	0	0	0	0	0	0	
479295	0	0	0	0	0	0	0	101	0	0	0	0	0	0	0	0	
480047	0	0	0	0	0	0	0	89	0	0	0	0	0	0	0	0	
480798	0	0	0	0	0	0	0	113	0	0	0	0	0	0	0	0	
481548	0	0	0	0	0	0	0	97	0	0	0	0	0	0	0	0	
482297	0	0	0	0	0	0	0	95	0	0	0	0	0	0	0	0	
483051	0	0	0	0	0	0	0	97	0	0	0	0	0	0	0	0	
483803	0	0	0	0	0	0	0	109	0	0	0	0	0	0	0	0	
484549	0	0	0	0	0	0	0	107	0	0	0	0	0	0	0	0	
485297	0	0	0	0	0	0	0	109	0	0	0	0	0	0	0	0	
486049	0	0	0	0	0	0	0	109	0	0	0	0	0	0	0	0	
486798	0	0	0	0	0	0	0	97	0	0	0	0	0	0	0	0	
487548	0	0	0	0	0	0	0	99	0	0	0	0	0	0	0	0	
488299	0	0	0	0	0	0	0	101	0	0	0	0	0	0	0	0	
489048	0	0	0	0	0	0	0	95	0	0	0	0	0	0	0	0	
489799	0	0	0	0	0	0	0	97	0	0	0	0	0	0	0	0	
490548	0	0	0	0	0	0	0	93	0	0	0	0	0	0	0	0	
491295	0	0	0	0	0	0	0	89	0	0	0	0	0	0	0	0	
492045	0	0	0	0	0	0	0	0	109	0	0	0	0	0	0	0	
492794	0	0	0	0	0	0	0	0	89	0	0	0	0	0	0	0	
493542	0	0	0	0	0	0	0	0	0	83	0	0	0	0	0	0	
494291	0	0	0	0	0	0	0	0	0	93	0	0	0	0	0	0	
495042	0	0	0	0	0	0	0	0	0	89	0	0	0	0	0	0	
495790	0	0	0	0	0	0	0	0	0	101	0	0	0	0	0	0	
496539	0	0	0	0	0	0	0	0	0	87	0	0	0	0	0	0	
497287	0	0	0	0	0	0	0	0	0	73	0	0	0	0	0	0	
498039	0	0	0	0	0	0	0	0	0	69	0	0	0	0	0	0	
498790	0	0	0	0	0	0	0	0	0	73	0	0	0	0	0	0	
499541	0	0	0	0	0	0	0	0	0	85	0	0	0	0	0	0	
500290	0	0	0	0	0	0	0	0	0	65	0	0	0	0	0	0	
501041	0	0	0	0	0	0	0	0	0	77	0	0	0	0	0	0	
501792	0	0	0	0	0	0	0	0	0	77	0	0	0	0	0	0	
502545	0	0	0	0	0	0	0	0	0	73	0	0	0	0	0	0	
503295	0	0	0	0	0	0	0	0	0	81	0	0	0	0	0	0	
504046	0	0	0	0	0	0	0	0	0	83	0	0	0	0	0	0	
504794	0	0	0	0	0	0	0	0	0	91	0	0	0	0	0	0	
505544	0	0	0	0	0	0	0	0	0	103	0	0	0	0	0	0	
506298	0	0	0	0	0	0	0	0	0	75	0	0	0	0	0	0	
507048	0	0	0	0	0	0	0	0	0	87	0	0	0	0	0	0	
507796	0	0	0	0	0	0	0	0	0	87	0	0	0	0	0	0	
508548	0	0	0	0	0	0	0	0	0	83	0	0	0	0	0	0	
509294	0	0	0	0	0	0	0	0	0	85	0	0	0	0	0	0	
510042	0	0	0	0	0	0	0	0	0	89	0	0	0	0	0	0	
510790	0	0	0	0	0	0	0	0	0	91	0	0	0	0	0	0	
511537	0	0	0	0	0	0	0	0	0	89	0	0	0	0	0	0	
512285	0	0	0	0	0	0	0	0	87	0	0	0	0	0	0	0	
513032	0	0	0	0	0	0	0	0	93	0	0	0	0	0	0	0	
513782	0	0	0	0	0	0	0	0	97	0	0	0	0	0	0	0	
514530	0	0	0	0	0	0	0	0	95	0	0	0	0	0	0	0	
515279	0	0	0	0	0	0	0	0	101	0	0	0	0	0	0	0	
516026	0	0	0	0	0	0	0	0	111	0	0	0	0	0	0	0	
516777	0	0	0	0	0	0	0	0	99	0	0	0	0	0	0	0	
517524	0	0	0	0	0	0	0	0	79	0	0	0	0	0	0	0	
518276	0	0	0	0	0	0	0	0	75	0	0	0	0	0	0	0	
519022	0	0	0	0	0	0	0	0	85	0	0	0	0	0	0	0	
519767	0	0	0	0	0	0	0	0	85	0	0	0	0	0	0	0	
520517	0	0	0	0	0	0	0	0	77	0	0	0	0	0	0	0	
521266	0	0	0	0	0	0	0	0	87	0	0	0	0	0	0	0	
522019	0	0	0	0	0	0	0	0	81	0	0	0	0	0	0	0	
522769	0	0	0	0	0	0	0	43	58	0	0	0	0	0	0	0	
523520	0	0	0	0	0	0	0	0	89	0	0	0	0	0	0	0	
524272	0	0	0	0	0	0	0	0	87	0	0	0	0	0	0	0	
525025	0	0	0	0	0	0	0	0	83	0	0	0	0	0	0	0	
525774	0	0	0	0	0	0	0	0	99	0	0	0	0	0	0	0	
526526	0	0	0	0	0	0	0	0	103	0	0	0	0	0	0	0	
527277	0	0	0	0	0	0	0	0	73	0	0	0	0	0	0	0	
528027	0	0	0	0	0	0	0	0	89	0	0	0	0	0	0	0	
528778	0	0	0	0	0	0	0	0	79	0	0	0	0	0	0	0	
529528	0	0	0	0	0	0	0	0	97	0	0	0	0	0	0	0	
530274	0	0	0	0	0	0	0	0	46	57	0	0	0	0	0	0	
531024	0	0	0	0	0	0	0	0	87	0	0	0	0	0	0	0	
531771	0	0	0	0	0	0	0	0	79	0	0	0	0	0	0	0	
532521	0	0	0	0	0	0	0	0	91	0	0	0	0	0	0	0	
533271	0	0	0	0	0	0	0	0	81	0	0	0	0	0	0	0	
534021	0	0	0	0	0	0	0	99	0	0	0	0	0	0	0	0	
534767	0	0	0	0	0	0	0	97	0	0	0	0	0	0	0	0	
535515	0	0	0	0	0	0	0	85	0	0	0	0	0	0	0	0	
536264	0	0	0	0	0	0	0	101	0	0	0	0	0	0	0	0	
537014	0	0	0	0	0	0	0	89	0	0	0	0	0	0	0	0	
537763	0	0	0	0	0	0	0	83	0	0	0	0	0	0	0	0	
538512	0	0	0	0	0	0	0	103	0	0	0	0	0	0	0	0	
539264	0	0	0	0	0	0	60	45	0	0	0	0	0	0	0	0	
540015	0	0	0	0	0	0	87	0	0	0	0	0	0	0	0	0	
540763	0	0	0	0	0	143	0	0	0	0	0	0	0	0	0	0	
541514	0	0	0	0	0	113	0	0	0	0	0	0	0	0	0	0	
542269	0	0	0	0	0	115	0	0	0	0	0	0	0	0	0	0	
543016	0	0	0	57	106	0	0	0	0	0	0	0	0	0	0	0	
543764	0	0	0	187	0	0	0	0	0	0	0	0	0	0	0	0	
544513	0	0	0	203	0	0	0	0	0	0	0	0	0	0	0	0	
545259	0	0	0	191	0	0	0	0	0	0	0	0	0	0	0	0	
546008	0	0	0	217	0	0	0	0	0	0	0	0	0	0	0	0	
546756	0	0	0	213	0	0	0	0	0	0	0	0	0	0	0	0	
547506	0	0	0	193	0	0	0	0	0	0	0	0	0	0	0	0	
548254	0	0	0	199	0	0	0	0	0	0	0	0	0	0	0	0	
549001	0	0	0	171	0	0	0	0	0	0	0	0	0	0	0	0	
549752	0	0	0	185	0	0	0	0	0	0	0	0	0	0	0	0	
550502	0	0	0	209	0	0	0	0	0	0	0	0	0	0	0	0	
551253	0	0	0	183	0	0	0	0	0	0	0	0	0	0	0	0	
552007	0	0	0	203	0	0	0	0	0	0	0	0	0	0	0	0	
552758	0	0	0	209	0	0	0	0	0	0	0	0	0	0	0	0	
553506	0	0	0	191	0	0	0	0	0	0	0	0	0	0	0	0	
554255	0	0	0	221	0	0	0	0	0	0	0	0	0	0	0	0	
555003	0	0	0	171	0	0	0	0	0	0	0	0	0	0	0	0	
555751	0	0	0	193	0	0	0	0	0	0	0	0	0	0	0	0	
556502	0	0	0	199	0	0	0	0	0	0	0	0	0	0	0	0	
557247	0	0	0	187	0	0	0	0	0	0	0	0	0	0	0	0	
557994	0	0	0	199	0	0	0	0	0	0	0	0	0	0	0	0	
558745	0	0	0	169	0	0	0	0	0	0	0	0	0	0	0	0	
559493	0	0	0	199	0	0	0	0	0	0	0	0	0	0	0	0	
560241	0	0	0	223	0	0	0	0	0	0	0	0	0	0	0	0	
560990	0	0	0	193	0	0	0	0	0	0	0	0	0	0	0	0	
561743	0	0	0	197	0	0	0	0	0	0	0	0	0	0	0	0	
562494	0	0	0	187	0	0	0	0	0	0	0	0	0	0	0	0	
563244	0	0	0	233	0	0	0	0	0	0	0	0	0	0	0	0	
563991	0	0	0	189	0	0	0	0	0	0	0	0	0	0	0	0	
564741	0	0	0	195	0	0	0	0	0	0	0	0	0	0	0	0	
565492	0	0	0	199	0	0	0	0	0	0	0	0	0	0	0	0	
566243	0	0	0	205	0	0	0	0	0	0	0	0	0	0	0	0	
566991	0	0	0	191	0	0	0	0	0	0	0	0	0	0	0	0	
567742	0	0	0	197	0	0	0	0	0	0	0	0	0	0	0	0	
568495	0	0	15	162	0	0	0	0	0	0	0	0	0	0	0	0	
569242	0	0	0	183	0	0	0	0	0	0	0	0	0	0	0	0	
569990	0	0	0	199	0	0	0	0	0	0	0	0	0	0	0	0	
570741	0	0	0	201	0	0	0	0	0	0	0	0	0	0	0	0	
571492	0	0	0	0	167	0	0	0	0	0	0	0	0	0	0	0	
572241	0	0	0	0	135	0	0	0	0	0	0	0	0	0	0	0	
572992	0	0	0	0	135	0	0	0	0	0	0	0	0	0	0	0	
573741	0	0	0	1	146	0	0	0	0	0	0	0	0	0	0	0	
574489	0	0	0	0	165	0	0	0	0	0	0	0	0	0	0	0	
575240	0	0	0	0	175	0	0	0	0	0	0	0	0	0	0	0	
575989	0	0	0	0	181	0	0	0	0	0	0	0	0	0	0	0	
576740	0	0	0	0	169	0	0	0	0	0	0	0	0	0	0	0	
577491	0	0	0	0	149	0	0	0	0	0	0	0	0	0	0	0	
578241	0	0	0	0	153	0	0	0	0	0	0	0	0	0	0	0	
578987	0	0	0	0	165	0	0	0	0	0	0	0	0	0	0	0	
579738	0	0	0	0	163	0	0	0	0	0	0	0	0	0	0	0	
580489	0	0	0	0	151	0	0	0	0	0	0	0	0	0	0	0	
581239	0	0	0	0	191	0	0	0	0	0	0	0	0	0	0	0	
581987	0	0	0	0	145	0	0	0	0	0	0	0	0	0	0	0	
582735	0	0	0	0	161	0	0	0	0	0	0	0	0	0	0	0	
583486	0	0	0	0	157	0	0	0	0	0	0	0	0	0	0	0	
584237	0	0	0	0	145	0	0	0	0	0	0	0	0	0	0	0	
584989	0	0	0	0	181	0	0	0	0	0	0	0	0	0	0	0	
585737	0	0	0	0	169	0	0	0	0	0	0	0	0	0	0	0	
586488	0	0	0	0	157	0	0	0	0	0	0	0	0	0	0	0	
587241	0	0	0	0	147	0	0	0	0	0	0	0	0	0	0	0	
587990	0	0	0	0	167	0	0	0	0	0	0	0	0	0	0	0	
588739	0	0	0	0	171	0	0	0	0	0	0	0	0	0	0	0	
589487	0	0	0	0	179	0	0	0	0	0	0	0	0	0	0	0	
590236	0	0	0	0	165	0	0	0	0	0	0	0	0	0	0	0	
590984	0	0	0	0	167	0	0	0	0	0	0	0	0	0	0	0	
591738	0	0	0	0	161	0	0	0	0	0	0	0	0	0	0	0	
592489	0	0	0	0	147	0	0	0	0	0	0	0	0	0	0	0	
593238	0	0	0	175	0	0	0	0	0	0	0	0	0	0	0	0	
593991	0	0	0	195	0	0	0	0	0	0	0	0	0	0	0	0	
594742	0	0	0	199	0	0	0	0	0	0	0	0	0	0	0	0	
595493	0	0	2	197	0	0	0	0	0	0	0	0	0	0	0	0	
596242	0	0	0	191	0	0	0	0	0	0	0	0	0	0	0	0	
596992	0	0	0	207	0	0	0	0	0	0	0	0	0	0	0	0	
597742	0	0	0	181	0	0	0	0	0	0	0	0	0	0	0	0	
598492	0	0	0	179	0	0	0	0	0	0	0	0	0	0	0	0	
599243	0	0	0	189	0	0	0	0	0	0	0	0	0	0	0	0	
599994	0	0	0	191	0	0	0	0	0	0	0	0	0	0	0	0	
600743	0	0	0	181	0	0	0	0	0	0	0	0	0	0	0	0	
601492	0	0	0	207	0	0	0	0	0	0	0	0	0	0	0	0	
602240	0	0	0	207	0	0	0	0	0	0	0	0	0	0	0	0	
602990	0	0	0	189	0	0	0	0	0	0	0	0	0	0	0	0	
603743	0	0	0	193	0	0	0	0	0	0	0	0	0	0	0	0	
604494	0	0	0	187	0	0	0	0	0	0	0	0	0	0	0	0	
605242	0	0	0	205	0	0	0	0	0	0	0	0	0	0	0	0	
605993	0	0	0	195	0	0	0	0	0	0	0	0	0	0	0	0	
606744	0	0	0	193	0	0	0	0	0	0	0	0	0	0	0	0	
607492	0	0	0	191	0	0	0	0	0	0	0	0	0	0	0	0	
608242	0	0	0	183	0	0	0	0	0	0	0	0	0	0	0	0	
608991	0	0	0	209	0	0	0	0	0	0	0	0	0	0	0	0	
609737	0	0	0	203	0	0	0	0	0	0	0	0	0	0	0	0	
610489	0	0	0	187	0	0	0	0	0	0	0	0	0	0	0	0	
611237	0	0	0	191	0	0	0	0	0	0	0	0	0	0	0	0	
611988	0	0	0	203	0	0	0	0	0	0	0	0	0	0	0	0	
612740	0	0	0	193	0	0	0	0	0	0	0	0	0	0	0	0	
613491	0	0	0	205	0	0	0	0	0	0	0	0	0	0	0	0	
614241	0	0	0	203	0	0	0	0	0	0	0	0	0	0	0	0	
614989	0	0	0	211	0	0	0	0	0	0	0	0	0	0	0	0	
615741	0	0	0	187	0	0	0	0	0	0	0	0	0	0	0	0	
616492	0	0	0	189	0	0	0	0	0	0	0	0	0	0	0	0	
617242	0	0	0	209	0	0	0	0	0	0	0	0	0	0	0	0	
617993	0	0	0	221	0	0	0	0	0	0	0	0	0	0	0	0	
618744	0	0	0	195	0	0	0	0	0	0	0	0	0	0	0	0	
619492	0	0	0	189	0	0	0	0	0	0	0	0	0	0	0	0	
620243	0	0	0	201	0	0	0	0	0	0	0	0	0	0	0	0	
620993	0	0	0	213	0	0	0	0	0	0	0	0	0	0	0	0	
621744	0	0	1	198	0	0	0	0	0	0	0	0	0	0	0	0	
622494	0	0	0	201	0	0	0	0	0	0	0	0	0	0	0	0	
623245	0	0	0	207	0	0	0	0	0	0	0	0	0	0	0	0	
623995	0	0	0	183	0	0	0	0	0	0	0	0	0	0	0	0	
624744	0	0	0	199	0	0	0	0	0	0	0	0	0	0	0	0	
625495	0	0	0	211	0	0	0	0	0	0	0	0	0	0	0	0	
626245	0	0	0	193	0	0	0	0	0	0	0	0	0	0	0	0	
626995	0	0	0	193	0	0	0	0	0	0	0	0	0	0	0	0	
627746	0	0	0	185	0	0	0	0	0	0	0	0	0	0	0	0	
628498	0	0	0	211	0	0	0	0	0	0	0	0	0	0	0	0	
629250	0	0	0	207	0	0	0	0	0	0	0	0	0	0	0	0	
630001	0	0	0	195	0	0	0	0	0	0	0	0	0	0	0	0	
630749	0	0	0	185	0	0	0	0	0	0	0	0	0	0	0	0	
631498	0	0	0	191	0	0	0	0	0	0	0	0	0	0	0	0	
632248	0	0	0	177	0	0	0	0	0	0	0	0	0	0	0	0	
632996	0	0	0	197	0	0	0	0	0	0	0	0	0	0	0	0	
633745	0	0	0	213	0	0	0	0	0	0	0	0	0	0	0	0	
634494	0	0	0	199	0	0	0	0	0	0	0	0	0	0	0	0	
635245	0	0	0	177	0	0	0	0	0	0	0	0	0	0	0	0	
635993	0	0	0	215	0	0	0	0	0	0	0	0	0	0	0	0	
636744	0	0	0	207	0	0	0	0	0	0	0	0	0	0	0	0	
637494	0	0	0	197	0	0	0	0	0	0	0	0	0	0	0	0	
638243	0	0	0	189	0	0	0	0	0	0	0	0	0	0	0	0	
638994	0	0	0	177	0	0	0	0	0	0	0	0	0	0	0	0	
639745	0	0	0	191	0	0	0	0	0	0	0	0	0	0	0	0	
640496	0	0	0	199	0	0	0	0	0	0	0	0	0	0	0	0	
641247	0	0	0	201	0	0	0	0	0	0	0	0	0	0	0	0	
641999	0	0	0	179	0	0	0	0	0	0	0	0	0	0	0	0	
642747	0	0	0	0	149	0	0	0	0	0	0	0	0	0	0	0	
643495	0	0	0	0	155	0	0	0	0	0	0	0	0	0	0	0	
644242	0	0	0	0	155	0	0	0	0	0	0	0	0	0	0	0	
644992	0	0	0	0	163	0	0	0	0	0	0	0	0	0	0	0	
645741	0	0	0	0	157	0	0	0	0	0	0	0	0	0	0	0	
646490	0	0	0	0	179	0	0	0	0	0	0	0	0	0	0	0	
647240	0	0	0	0	135	0	0	0	0	0	0	0	0	0	0	0	
647988	0	0	0	0	173	0	0	0	0	0	0	0	0	0	0	0	
648735	0	0	0	0	45	78	0	0	0	0	0	0	0	0	0	0	
649484	0	0	0	0	171	0	0	0	0	0	0	0	0	0	0	0	
650234	0	0	0	0	157	0	0	0	0	0	0	0	0	0	0	0	
650983	0	0	0	0	163	0	0	0	0	0	0	0	0	0	0	0	
651732	0	0	0	0	157	0	0	0	0	0	0	0	0	0	0	0	
652482	0	0	0	0	157	0	0	0	0	0	0	0	0	0	0	0	
653236	0	0	0	0	159	0	0	0	0	0	0	0	0	0	0	0	
653982	0	0	0	0	147	0	0	0	0	0	0	0	0	0	0	0	
654730	0	0	0	0	145	0	0	0	0	0	0	0	0	0	0	0	
655484	0	0	0	0	161	0	0	0	0	0	0	0	0	0	0	0	
656233	0	0	0	0	155	0	0	0	0	0	0	0	0	0	0	0	
656984	0	0	0	0	183	0	0	0	0	0	0	0	0	0	0	0	
657737	0	0	0	0	165	0	0	0	0	0	0	0	0	0	0	0	
658487	0	0	0	0	165	0	0	0	0	0	0	0	0	0	0	0	
659240	0	0	0	0	157	0	0	0	0	0	0	0	0	0	0	0	
659991	0	0	0	0	179	0	0	0	0	0	0	0	0	0	0	0	
660740	0	0	0	0	173	0	0	0	0	0	0	0	0	0	0	0	
661491	0	0	0	0	159	0	0	0	0	0	0	0	0	0	0	0	
662241	0	0	0	0	159	0	0	0	0	0	0	0	0	0	0	0	
662993	0	0	0	0	159	0	0	0	0	0	0	0	0	0	0	0	
663746	0	0	0	0	147	0	0	0	0	0	0	0	0	0	0	0	
664497	0	0	0	0	173	0	0	0	0	0	0	0	0	0	0	0	
665246	0	0	0	0	141	0	0	0	0	0	0	0	0	0	0	0	
665993	0	0	0	0	151	0	0	0	0	0	0	0	0	0	0	0	
666745	0	0	0	0	147	0	0	0	0	0	0	0	0	0	0	0	
667495	0	0	0	0	173	0	0	0	0	0	0	0	0	0	0	0	
668246	0	0	0	0	153	0	0	0	0	0	0	0	0	0	0	0	
668995	0	0	0	0	171	0	0	0	0	0	0	0	0	0	0	0	
669744	0	0	0	0	147	0	0	0	0	0	0	0	0	0	0	0	
670496	0	0	0	0	151	8	0	0	0	0	0	0	0	0	0	0	
671245	0	0	0	0	167	0	0	0	0	0	0	0	0	0	0	0	
671993	0	0	0	0	147	0	0	0	0	0	0	0	0	0	0	0	
672742	0	0	0	0	169	0	0	0	0	0	0	0	0	0	0	0	
673492	0	0	0	0	157	0	0	0	0	0	0	0	0	0	0	0	
674240	0	0	0	0	155	0	0	0	0	0	0	0	0	0	0	0	
674990	0	0	0	0	161	0	0	0	0	0	0	0	0	0	0	0	
675740	0	0	0	0	149	0	0	0	0	0	0	0	0	0	0	0	
676487	0	0	0	0	157	0	0	0	0	0	0	0	0	0	0	0	
677237	0	0	0	0	0	133	0	0	0	0	0	0	0	0	0	0	
677985	0	0	0	0	189	0	0	0	0	0	0	0	0	0	0	0	
678735	0	0	0	1	146	0	0	0	0	0	0	0	0	0	0	0	
679485	0	0	0	0	161	0	0	0	0	0	0	0	0	0	0	0	
680236	0	0	0	0	147	0	0	0	0	0	0	0	0	0	0	0	
680984	0	0	0	0	165	0	0	0	0	0	0	0	0	0	0	0	
681735	0	0	0	0	155	0	0	0	0	0	0	0	0	0	0	0	
682486	0	0	0	0	143	0	0	0	0	0	0	0	0	0	0	0	
683237	0	0	0	0	0	137	0	0	0	0	0	0	0	0	0	0	
683988	0	0	0	0	0	129	0	0	0	0	0	0	0	0	0	0	
684739	0	0	0	0	0	139	0	0	0	0	0	0	0	0	0	0	
685487	0	0	0	0	0	121	0	0	0	0	0	0	0	0	0	0	
686237	0	0	0	0	0	107	0	0	0	0	0	0	0	0	0	0	
686985	0	0	0	0	0	133	0	0	0	0	0	0	0	0	0	0	
687734	0	0	0	0	0	119	0	0	0	0	0	0	0	0	0	0	
688480	0	0	0	0	0	143	0	0	0	0	0	0	0	0	0	0	
689227	0	0	0	0	0	131	0	0	0	0	0	0	0	0	0	0	
689973	0	0	0	0	0	127	0	0	0	0	0	0	0	0	0	0	
690722	0	0	0	0	0	131	0	0	0	0	0	0	0	0	0	0	
691473	0	0	0	0	0	115	0	0	0	0	0	0	0	0	0	0	
692223	0	0	0	0	0	125	0	0	0	0	0	0	0	0	0	0	
692973	0	0	0	0	0	139	0	0	0	0	0	0	0	0	0	0	
693724	0	0	0	0	0	127	0	0	0	0	0	0	0	0	0	0	
694474	0	0	0	0	0	149	0	0	0	0	0	0	0	0	0	0	
695226	0	0	0	0	0	139	0	0	0	0	0	0	0	0	0	0	
695976	0	0	0	0	0	141	0	0	0	0	0	0	0	0	0	0	
696726	0	0	0	0	0	123	0	0	0	0	0	0	0	0	0	0	
697475	0	0	0	0	0	101	18	0	0	0	0	0	0	0	0	0	
698224	0	0	0	0	0	151	0	0	0	0	0	0	0	0	0	0	
698979	0	0	0	0	0	123	0	0	0	0	0	0	0	0	0	0	
699729	0	0	0	0	0	129	0	0	0	0	0	0	0	0	0	0	
700480	0	0	0	0	0	121	0	0	0	0	0	0	0	0	0	0	
701232	0	0	0	0	0	137	0	0	0	0	0	0	0	0	0	0	
701981	0	0	0	0	0	127	0	0	0	0	0	0	0	0	0	0	
702735	0	0	0	0	0	124	1	0	0	0	0	0	0	0	0	0	
703486	0	0	0	0	0	115	0	0	0	0	0	0	0	0	0	0	
704235	0	0	0	0	0	127	0	0	0	0	0	0	0	0	0	0	
704985	0	0	0	0	0	117	0	0	0	0	0	0	0	0	0	0	
705736	0	0	0	0	0	133	0	0	0	0	0	0	0	0	0	0	
706487	0	0	0	0	0	147	0	0	0	0	0	0	0	0	0	0	
707237	0	0	0	0	0	111	0	0	0	0	0	0	0	0	0	0	
707992	0	0	0	0	0	143	0	0	0	0	0	0	0	0	0	0	
708744	0	0	0	0	0	127	0	0	0	0	0	0	0	0	0	0	
709493	0	0	0	0	0	133	0	0	0	0	0	0	0	0	0	0	
710243	0	0	0	0	0	135	0	0	0	0	0	0	0	0	0	0	
710993	0	0	0	0	0	135	0	0	0	0	0	0	0	0	0	0	
711745	0	0	0	0	0	133	0	0	0	0	0	0	0	0	0	0	
712492	0	0	0	0	0	133	0	0	0	0	0	0	0	0	0	0	
713243	0	0	0	0	0	0	129	0	0	0	0	0	0	0	0	0	
713997	0	0	0	0	0	0	115	0	0	0	0	0	0	0	0	0	
714749	0	0	0	0	0	0	85	0	0	0	0	0	0	0	0	0	
715500	0	0	0	0	0	0	95	0	0	0	0	0	0	0	0	0	
716251	0	0	0	0	0	0	103	0	0	0	0	0	0	0	0	0	
717000	0	0	0	0	0	0	111	0	0	0	0	0	0	0	0	0	
717749	0	0	0	0	0	0	109	0	0	0	0	0	0	0	0	0	
718497	0	0	0	0	0	0	121	0	0	0	0	0	0	0	0	0	
719243	0	0	0	0	0	0	0	89	0	0	0	0	0	0	0	0	
719991	0	0	0	0	0	0	0	99	0	0	0	0	0	0	0	0	
720737	0	0	0	0	0	0	0	99	0	0	0	0	0	0	0	0	
721487	0	0	0	0	0	0	0	79	0	0	0	0	0	0	0	0	
722236	0	0	0	0	0	0	0	109	0	0	0	0	0	0	0	0	
722986	0	0	0	0	0	0	0	99	0	0	0	0	0	0	0	0	
723734	0	0	0	0	0	0	0	117	0	0	0	0	0	0	0	0	
724487	0	0	0	0	0	0	64	41	0	0	0	0	0	0	0	0	
725237	0	0	0	0	0	0	0	119	0	0	0	0	0	0	0	0	
725984	0	0	0	0	0	0	0	93	0	0	0	0	0	0	0	0	
726737	0	0	0	0	0	0	0	89	0	0	0	0	0	0	0	0	
727485	0	0	0	0	0	0	0	89	0	0	0	0	0	0	0	0	
728235	0	0	0	0	0	0	0	103	0	0	0	0	0	0	0	0	
728986	0	0	0	0	0	0	0	99	0	0	0	0	0	0	0	0	
729738	0	0	0	0	0	0	0	81	0	0	0	0	0	0	0	0	
730484	0	0	0	0	0	0	0	101	0	0	0	0	0	0	0	0	
731232	0	0	0	0	0	0	0	101	0	0	0	0	0	0	0	0	
731985	0	0	0	0	0	0	0	87	0	0	0	0	0	0	0	0	
732736	0	0	0	0	0	0	0	93	0	0	0	0	0	0	0	0	
733485	0	0	0	0	0	0	0	93	0	0	0	0	0	0	0	0	
734237	0	0	0	0	0	0	0	103	0	0	0	0	0	0	0	0	
734986	0	0	0	0	0	0	0	85	0	0	0	0	0	0	0	0	
735742	0	0	0	0	0	0	0	101	0	0	0	0	0	0	0	0	
736492	0	0	0	0	0	0	0	107	0	0	0	0	0	0	0	0	
737237	0	0	0	0	0	0	0	97	0	0	0	0	0	0	0	0	
737990	0	0	0	0	0	0	0	97	0	0	0	0	0	0	0	0	
738740	0	0	0	0	0	0	0	109	0	0	0	0	0	0	0	0	
739489	0	0	0	0	0	0	0	103	0	0	0	0	0	0	0	0	
740238	0	0	0	0	0	0	0	97	0	0	0	0	0	0	0	0	
740981	0	0	0	0	0	0	0	103	0	0	0	0	0	0	0	0	
741731	0	0	0	0	0	0	0	99	0	0	0	0	0	0	0	0	
742476	0	0	0	0	0	0	0	109	0	0	0	0	0	0	0	0	
743225	0	0	0	0	0	0	0	105	0	0	0	0	0	0	0	0	
743975	0	0	0	0	0	0	0	93	0	0	0	0	0	0	0	0	
744724	0	0	0	0	0	0	0	105	0	0	0	0	0	0	0	0	
745475	0	0	0	0	0	0	0	115	0	0	0	0	0	0	0	0	
746223	0	0	0	0	0	0	0	85	0	0	0	0	0	0	0	0	
746976	0	0	0	0	0	0	0	113	0	0	0	0	0	0	0	0	
747728	0	0	0	0	0	0	0	97	0	0	0	0	0	0	0	0	
748477	0	0	0	0	0	0	2	109	0	0	0	0	0	0	0	0	
749226	0	0	0	0	0	0	0	95	0	0	0	0	0	0	0	0	
749973	0	0	0	0	0	0	0	93	0	0	0	0	0	0	0	0	
750725	0	0	0	0	0	0	0	75	0	0	0	0	0	0	0	0	
751473	0	0	0	0	0	0	0	99	0	0	0	0	0	0	0	0	
752224	0	0	0	0	0	0	0	105	0	0	0	0	0	0	0	0	
752980	0	0	0	0	0	0	0	99	0	0	0	0	0	0	0	0	
753731	0	0	0	0	0	0	0	97	0	0	0	0	0	0	0	0	
754480	0	0	0	0	0	0	0	105	0	0	0	0	0	0	0	0	
755233	0	0	0	0	0	0	0	99	0	0	0	0	0	0	0	0	
755982	0	0	0	0	0	0	0	101	0	0	0	0	0	0	0	0	
756728	0	0	0	0	0	0	0	97	0	0	0	0	0	0	0	0	
757480	0	0	0	0	0	0	0	95	0	0	0	0	0	0	0	0	
758231	0	0	0	0	0	0	0	119	0	0	0	0	0	0	0	0	
758980	0	0	0	0	0	0	0	107	0	0	0	0	0	0	0	0	
759733	0	0	0	0	0	0	0	95	0	0	0	0	0	0	0	0	
760479	0	0	0	0	0	0	0	113	0	0	0	0	0	0	0	0	
761232	0	0	0	0	0	0	0	95	0	0	0	0	0	0	0	0	
761980	0	0	0	0	0	0	0	89	0	0	0	0	0	0	0	0	
762731	0	0	0	0	0	0	0	115	0	0	0	0	0	0	0	0	
763483	0	0	0	0	0	0	0	103	0	0	0	0	0	0	0	0	
764229	0	0	0	0	0	0	0	123	0	0	0	0	0	0	0	0	
764981	0	0	0	0	0	0	0	107	0	0	0	0	0	0	0	0	
765732	0	0	0	0	0	0	0	123	0	0	0	0	0	0	0	0	
766484	0	0	0	0	0	0	115	0	0	0	0	0	0	0	0	0	
767232	0	0	0	0	0	0	121	0	0	0	0	0	0	0	0	0	
767983	0	0	0	0	0	0	125	0	0	0	0	0	0	0	0	0	
768732	0	0	0	0	0	0	0	103	0	0	0	0	0	0	0	0	
769480	0	0	0	0	0	0	0	95	0	0	0	0	0	0	0	0	
770233	0	0	0	0	0	0	0	109	0	0	0	0	0	0	0	0	
770984	0	0	0	0	0	0	0	101	0	0	0	0	0	0	0	0	
771734	0	0	0	0	0	0	0	97	0	0	0	0	0	0	0	0	
772485	0	0	0	0	0	0	0	89	0	0	0	0	0	0	0	0	
773237	0	0	0	0	0	0	0	99	0	0	0	0	0	0	0	0	
773987	0	0	0	0	0	0	0	105	0	0	0	0	0	0	0	0	
774737	0	0	0	0	0	0	0	87	0	0	0	0	0	0	0	0	
775486	0	0	0	0	0	0	0	93	0	0	0	0	0	0	0	0	
776239	0	0	0	0	0	0	0	111	0	0	0	0	0	0	0	0	
776989	0	0	0	0	0	0	0	109	0	0	0	0	0	0	0	0	
777738	0	0	0	0	0	0	0	113	0	0	0	0	0	0	0	0	
778486	0	0	0	0	0	0	0	113	0	0	0	0	0	0	0	0	
779238	0	0	0	0	0	0	0	111	0	0	0	0	0	0	0	0	
779989	0	0	0	0	0	0	0	71	0	0	0	0	0	0	0	0	
780740	0	0	0	0	0	0	0	105	0	0	0	0	0	0	0	0	
781487	0	0	0	0	0	0	0	119	0	0	0	0	0	0	0	0	
782237	0	0	0	0	0	0	0	101	0	0	0	0	0	0	0	0	
782988	0	0	0	0	0	0	0	83	0	0	0	0	0	0	0	0	
783736	0	0	0	0	0	0	0	0	79	0	0	0	0	0	0	0	
784485	0	0	0	0	0	0	0	0	83	0	0	0	0	0	0	0	
785237	0	0	0	0	0	0	0	0	97	0	0	0	0	0	0	0	
785990	0	0	0	0	0	0	0	0	95	0	0	0	0	0	0	0	
786739	0	0	0	0	0	0	0	0	103	0	0	0	0	0	0	0	
787488	0	0	0	0	0	0	0	0	89	0	0	0	0	0	0	0	
788237	0	0	0	0	0	0	0	0	91	0	0	0	0	0	0	0	
788986	0	0	0	0	0	0	0	0	93	0	0	0	0	0	0	0	
789737	0	0	0	0	0	0	0	0	85	0	0	0	0	0	0	0	
790486	0	0	0	0	0	0	0	0	87	0	0	0	0	0	0	0	
791235	0	0	0	0	0	0	0	0	95	0	0	0	0	0	0	0	
791988	0	0	0	0	0	0	0	0	71	0	0	0	0	0	0	0	
792738	0	0	0	0	0	0	0	0	105	0	0	0	0	0	0	0	
793490	0	0	0	0	0	0	0	0	89	0	0	0	0	0	0	0	
794240	0	0	0	0	0	0	0	0	97	0	0	0	0	0	0	0	
794989	0	0	0	0	0	0	0	0	85	0	0	0	0	0	0	0	
795741	0	0	0	0	0	0	0	0	79	0	0	0	0	0	0	0	
796488	0	0	0	0	0	0	0	0	65	0	0	0	0	0	0	0	
797240	0	0	0	0	0	0	0	0	93	0	0	0	0	0	0	0	
797991	0	0	0	0	0	0	0	0	91	0	0	0	0	0	0	0	
798743	0	0	0	0	0	0	0	0	99	0	0	0	0	0	0	0	
799492	0	0	0	0	0	0	0	0	89	0	0	0	0	0	0	0	
800241	0	0	0	0	0	0	0	0	93	0	0	0	0	0	0	0	
800991	0	0	0	0	0	0	0	0	93	0	0	0	0	0	0	0	
801737	0	0	0	0	0	0	0	0	87	0	0	0	0	0	0	0	
802486	0	0	0	0	0	0	0	0	91	0	0	0	0	0	0	0	
803234	0	0	0	0	0	0	0	0	73	0	0	0	0	0	0	0	
803982	0	0	0	0	0	0	0	0	63	0	0	0	0	0	0	0	
804731	0	0	0	0	0	0	0	0	81	0	0	0	0	0	0	0	
805480	0	0	0	0	0	0	0	0	99	0	0	0	0	0	0	0	
806227	0	0	0	0	0	0	0	0	75	0	0	0	0	0	0	0	
806976	0	0	0	0	0	0	0	0	101	0	0	0	0	0	0	0	
807725	0	0	0	0	0	0	0	0	83	0	0	0	0	0	0	0	
808476	0	0	0	0	0	0	0	0	95	0	0	0	0	0	0	0	
809222	0	0	0	0	0	0	0	0	99	0	0	0	0	0	0	0	
809975	0	0	0	0	0	0	0	0	53	40	0	0	0	0	0	0	
810726	0	0	0	0	0	0	0	0	0	67	0	0	0	0	0	0	
811475	0	0	0	0	0	0	0	0	0	67	0	0	0	0	0	0	
812224	0	0	0	0	0	0	0	0	0	75	0	0	0	0	0	0	
812974	0	0	0	0	0	0	0	0	0	95	0	0	0	0	0	0	
813724	0	0	0	0	0	0	0	0	0	81	0	0	0	0	0	0	
814472	0	0	0	0	0	0	0	0	0	101	0	0	0	0	0	0	
815225	0	0	0	0	0	0	0	0	0	89	0	0	0	0	0	0	
815975	0	0	0	0	0	0	0	0	0	87	0	0	0	0	0	0	
816722	0	0	0	0	0	0	0	0	93	0	0	0	0	0	0	0	
817473	0	0	0	0	0	0	0	0	89	0	0	0	0	0	0	0	
818222	0	0	0	0	0	0	0	0	81	0	0	0	0	0	0	0	
818970	0	0	0	0	0	0	0	0	97	0	0	0	0	0	0	0	
819719	0	0	0	0	0	0	0	0	71	0	0	0	0	0	0	0	
820468	0	0	0	0	0	0	0	0	95	0	0	0	0	0	0	0	
821216	0	0	0	0	0	0	0	0	87	0	0	0	0	0	0	0	
821966	0	0	0	0	0	0	0	97	0	0	0	0	0	0	0	0	
822714	0	0	0	0	0	0	0	99	0	0	0	0	0	0	0	0	
823465	0	0	0	0	0	0	0	95	0	0	0	0	0	0	0	0	
824216	0	0	0	0	0	0	0	85	0	0	0	0	0	0	0	0	
824966	0	0	0	0	0	0	0	89	0	0	0	0	0	0	0	0	
825714	0	0	0	0	0	0	127	0	0	0	0	0	0	0	0	0	
826461	0	0	0	0	0	0	129	0	0	0	0	0	0	0	0	0	
827214	0	0	0	0	0	0	101	0	0	0	0	0	0	0	0	0	
827967	0	0	0	0	0	0	129	0	0	0	0	0	0	0	0	0	
828715	0	0	0	0	0	0	127	0	0	0	0	0	0	0	0	0	
829465	0	0	0	0	0	0	137	0	0	0	0	0	0	0	0	0	
830215	0	0	0	0	0	0	117	0	0	0	0	0	0	0	0	0	
830962	0	0	0	0	0	0	103	0	0	0	0	0	0	0	0	0	
831709	0	0	0	0	0	0	103	0	0	0	0	0	0	0	0	0	
832456	0	0	0	0	0	0	109	0	0	0	0	0	0	0	0	0	
833201	0	0	0	0	0	0	117	0	0	0	0	0	0	0	0	0	
833951	0	0	0	0	0	0	109	0	0	0	0	0	0	0	0	0	
834700	0	0	0	0	0	147	0	0	0	0	0	0	0	0	0	0	
835448	0	0	0	0	0	147	0	0	0	0	0	0	0	0	0	0	
836199	0	0	0	0	0	127	0	0	0	0	0	0	0	0	0	0	
836947	0	0	0	0	0	137	0	0	0	0	0	0	0	0	0	0	
837696	0	0	0	0	0	135	0	0	0	0	0	0	0	0	0	0	
838450	0	0	0	0	0	133	0	0	0	0	0	0	0	0	0	0	
839201	0	0	0	0	0	137	0	0	0	0	0	0	0	0	0	0	
839951	0	0	0	0	0	147	0	0	0	0	0	0	0	0	0	0	
840700	0	0	0	0	0	137	0	0	0	0	0	0	0	0	0	0	
841454	0	0	0	0	0	123	0	0	0	0	0	0	0	0	0	0	
842201	0	0	0	0	0	145	0	0	0	0	0	0	0	0	0	0	
842951	0	0	0	0	145	0	0	0	0	0	0	0	0	0	0	0	
843703	0	0	0	0	141	0	0	0	0	0	0	0	0	0	0	0	
844455	0	0	0	0	195	0	0	0	0	0	0	0	0	0	0	0	
845203	0	0	0	0	163	0	0	0	0	0	0	0	0	0	0	0	
845954	0	0	0	0	129	0	0	0	0	0	0	0	0	0	0	0	
846704	0	0	0	0	181	0	0	0	0	0	0	0	0	0	0	0	
847458	0	0	0	0	159	0	0	0	0	0	0	0	0	0	0	0	
848208	0	0	0	0	173	0	0	0	0	0	0	0	0	0	0	0	
848957	0	0	0	128	47	0	0	0	0	0	0	0	0	0	0	0	
849712	0	0	0	217	0	0	0	0	0	0	0	0	0	0	0	0	
850462	0	0	0	181	0	0	0	0	0	0	0	0	0	0	0	0	
851212	0	0	0	205	0	0	0	0	0	0	0	0	0	0	0	0	
851962	0	0	0	219	0	0	0	0	0	0	0	0	0	0	0	0	
852711	0	0	0	195	0	0	0	0	0	0	0	0	0	0	0	0	
853461	0	0	0	235	0	0	0	0	0	0	0	0	0	0	0	0	
854213	0	0	0	207	0	0	0	0	0	0	0	0	0	0	0	0	
854959	0	0	0	189	0	0	0	0	0	0	0	0	0	0	0	0	
855707	0	0	0	185	0	0	0	0	0	0	0	0	0	0	0	0	
856459	0	0	0	189	0	0	0	0	0	0	0	0	0	0	0	0	
857209	0	0	0	197	0	0	0	0	0	0	0	0	0	0	0	0	
857960	0	0	0	211	0	0	0	0	0	0	0	0	0	0	0	0	
858707	0	0	0	199	0	0	0	0	0	0	0	0	0	0	0	0	
859455	0	0	0	215	0	0	0	0	0	0	0	0	0	0	0	0	
860202	0	0	0	221	0	0	0	0	0	0	0	0	0	0	0	0	
860953	0	0	0	203	0	0	0	0	0	0	0	0	0	0	0	0	
861702	0	0	0	211	0	0	0	0	0	0	0	0	0	0	0	0	
862454	0	0	0	187	0	0	0	0	0	0	0	0	0	0	0	0	
863202	0	0	0	201	0	0	0	0	0	0	0	0	0	0	0	0	
863950	0	0	0	199	0	0	0	0	0	0	0	0	0	0	0	0	
864700	0	0	0	183	0	0	0	0	0	0	0	0	0	0	0	0	
865450	0	0	0	189	0	0	0	0	0	0	0	0	0	0	0	0	
866199	0	0	0	209	0	0	0	0	0	0	0	0	0	0	0	0	
866949	0	0	0	189	0	0	0	0	0	0	0	0	0	0	0	0	
867698	0	0	0	207	0	0	0	0	0	0	0	0	0	0	0	0	
868447	0	0	0	175	0	0	0	0	0	0	0	0	0	0	0	0	
869199	0	0	0	201	0	0	0	0	0	0	0	0	0	0	0	0	
869946	0	0	0	181	0	0	0	0	0	0	0	0	0	0	0	0	
870694	0	0	0	191	0	0	0	0	0	0	0	0	0	0	0	0	
871440	0	0	0	209	0	0	0	0	0	0	0	0	0	0	0	0	
872192	0	0	0	209	0	0	0	0	0	0	0	0	0	0	0	0	
872943	0	0	0	193	0	0	0	0	0	0	0	0	0	0	0	0	
873691	0	0	0	207	0	0	0	0	0	0	0	0	0	0	0	0	
874439	0	0	0	211	0	0	0	0	0	0	0	0	0	0	0	0	
875189	0	0	0	185	0	0	0	0	0	0	0	0	0	0	0	0	
875939	0	0	132	115	0	0	0	0	0	0	0	0	0	0	0	0	
876691	0	0	277	0	0	0	0	0	0	0	0	0	0	0	0	0	
877442	0	0	257	0	0	0	0	0	0	0	0	0	0	0	0	0	
878191	0	0	271	0	0	0	0	0	0	0	0	0	0	0	0	0	
878944	0	0	275	0	0	0	0	0	0	0	0	0	0	0	0	0	
879695	0	0	285	0	0	0	0	0	0	0	0	0	0	0	0	0	
880447	0	0	255	0	0	0	0	0	0	0	0	0	0	0	0	0	
881197	0	0	267	0	0	0	0	0	0	0	0	0	0	0	0	0	
881946	0	0	261	0	0	0	0	0	0	0	0	0	0	0	0	0	
882697	0	0	283	0	0	0	0	0	0	0	0	0	0	0	0	0	
883444	0	0	279	0	0	0	0	0	0	0	0	0	0	0	0	0	
884194	0	0	267	0	0	0	0	0	0	0	0	0	0	0	0	0	
884944	0	0	277	0	0	0	0	0	0	0	0	0	0	0	0	0	
885692	0	0	285	0	0	0	0	0	0	0	0	0	0	0	0	0	
886441	0	0	243	0	0	0	0	0	0	0	0	0	0	0	0	0	
887189	0	0	279	0	0	0	0	0	0	0	0	0	0	0	0	0	
887939	0	0	241	0	0	0	0	0	0	0	0	0	0	0	0	0	
888687	0	0	275	0	0	0	0	0	0	0	0	0	0	0	0	0	
889439	0	0	261	0	0	0	0	0	0	0	0	0	0	0	0	0	
890191	0	0	273	0	0	0	0	0	0	0	0	0	0	0	0	0	
890939	0	0	251	0	0	0	0	0	0	0	0	0	0	0	0	0	
891688	0	0	243	0	0	0	0	0	0	0	0	0	0	0	0	0	
892438	0	0	277	0	0	0	0	0	0	0	0	0	0	0	0	0	
893188	0	0	237	0	0	0	0	0	0	0	0	0	0	0	0	0	
893938	0	0	267	0	0	0	0	0	0	0	0	0	0	0	0	0	
894686	0	0	269	0	0	0	0	0	0	0	0	0	0	0	0	0	
895437	0	0	271	0	0	0	0	0	0	0	0	0	0	0	0	0	
896188	0	0	257	0	0	0	0	0	0	0	0	0	0	0	0	0	
896938	0	0	259	0	0	0	0	0	0	0	0	0	0	0	0	0	
897687	0	0	249	0	0	0	0	0	0	0	0	0	0	0	0	0	
898431	0	0	231	0	0	0	0	0	0	0	0	0	0	0	0	0	
899180	0	0	233	0	0	0	0	0	0	0	0	0	0	0	0	0	
899931	0	43	256	0	0	0	0	0	0	0	0	0	0	0	0	0	
900683	0	0	273	0	0	0	0	0	0	0	0	0	0	0	0	0	
901435	0	0	257	14	0	0	0	0	0	0	0	0	0	0	0	0	
902186	0	0	251	0	0	0	0	0	0	0	0	0	0	0	0	0	
902937	0	0	0	201	0	0	0	0	0	0	0	0	0	0	0	0	
903686	0	0	0	183	0	0	0	0	0	0	0	0	0	0	0	0	
904436	0	0	0	185	0	0	0	0	0	0	0	0	0	0	0	0	
905187	0	0	0	219	0	0	0	0	0	0	0	0	0	0	0	0	
905935	0	0	0	189	0	0	0	0	0	0	0	0	0	0	0	0	
906683	0	0	0	203	0	0	0	0	0	0	0	0	0	0	0	0	
907433	0	0	0	179	0	0	0	0	0	0	0	0	0	0	0	0	
908184	0	0	0	191	0	0	0	0	0	0	0	0	0	0	0	0	
908932	0	0	0	207	0	0	0	0	0	0	0	0	0	0	0	0	
909684	0	0	0	213	0	0	0	0	0	0	0	0	0	0	0	0	
910432	0	0	0	183	0	0	0	0	0	0	0	0	0	0	0	0	
911179	0	0	0	187	0	0	0	0	0	0	0	0	0	0	0	0	
911927	0	0	0	201	0	0	0	0	0	0	0	0	0	0	0	0	
912676	0	0	16	177	0	0	0	0	0	0	0	0	0	0	0	0	
913429	0	0	0	201	0	0	0	0	0	0	0	0	0	0	0	0	
914178	0	0	0	193	0	0	0	0	0	0	0	0	0	0	0	0	
914926	0	0	0	211	0	0	0	0	0	0	0	0	0	0	0	0	
915677	0	0	0	197	0	0	0	0	0	0	0	0	0	0	0	0	
916429	0	0	0	205	0	0	0	0	0	0	0	0	0	0	0	0	
917181	0	0	0	235	0	0	0	0	0	0	0	0	0	0	0	0	
917933	0	0	0	195	0	0	0	0	0	0	0	0	0	0	0	0	
918684	0	0	0	213	0	0	0	0	0	0	0	0	0	0	0	0	
919435	0	0	0	195	0	0	0	0	0	0	0	0	0	0	0	0	
920184	0	0	0	209	0	0	0	0	0	0	0	0	0	0	0	0	
920937	0	0	0	179	0	0	0	0	0	0	0	0	0	0	0	0	
921688	0	0	0	181	0	0	0	0	0	0	0	0	0	0	0	0	
922438	0	0	0	213	0	0	0	0	0	0	0	0	0	0	0	0	
923187	0	0	0	163	0	0	0	0	0	0	0	0	0	0	0	0	
923934	0	0	0	217	0	0	0	0	0	0	0	0	0	0	0	0	
924686	0	0	0	189	0	0	0	0	0	0	0	0	0	0	0	0	
925435	0	0	0	205	0	0	0	0	0	0	0	0	0	0	0	0	
926183	0	0	0	217	0	0	0	0	0	0	0	0	0	0	0	0	
926933	0	0	0	181	0	0	0	0	0	0	0	0	0	0	0	0	
927685	0	0	0	213	0	0	0	0	0	0	0	0	0	0	0	0	
928436	0	0	0	187	0	0	0	0	0	0	0	0	0	0	0	0	
929188	0	0	0	195	0	0	0	0	0	0	0	0	0	0	0	0	
929939	0	0	0	203	0	0	0	0	0	0	0	0	0	0	0	0	
930688	0	0	0	193	0	0	0	0	0	0	0	0	0	0	0	0	
931439	0	0	0	189	0	0	0	0	0	0	0	0	0	0	0	0	
932186	0	0	0	179	0	0	0	0	0	0	0	0	0	0	0	0	
932934	0	0	0	163	0	0	0	0	0	0	0	0	0	0	0	0	
933681	0	0	0	209	0	0	0	0	0	0	0	0	0	0	0	0	
934431	0	0	0	75	80	0	0	0	0	0	0	0	0	0	0	0	
935182	0	0	0	0	165	0	0	0	0	0	0	0	0	0	0	0	
935932	0	0	0	0	153	0	0	0	0	0	0	0	0	0	0	0	
936681	0	0	0	0	159	0	0	0	0	0	0	0	0	0	0	0	
937428	0	0	0	0	151	0	0	0	0	0	0	0	0	0	0	0	
938175	0	0	0	0	155	0	0	0	0	0	0	0	0	0	0	0	
938926	0	0	0	0	133	0	0	0	0	0	0	0	0	0	0	0	
939674	0	0	0	0	161	0	0	0	0	0	0	0	0	0	0	0	
940426	0	0	0	0	153	0	0	0	0	0	0	0	0	0	0	0	
941174	0	0	0	0	151	0	0	0	0	0	0	0	0	0	0	0	
941926	0	0	0	0	159	0	0	0	0	0	0	0	0	0	0	0	
942678	0	0	0	0	141	0	0	0	0	0	0	0	0	0	0	0	
943427	0	0	0	0	173	0	0	0	0	0	0	0	0	0	0	0	
944177	0	0	0	0	153	0	0	0	0	0	0	0	0	0	0	0	
944925	0	0	0	0	169	0	0	0	0	0	0	0	0	0	0	0	
945674	0	0	0	0	123	0	0	0	0	0	0	0	0	0	0	0	
946424	0	0	0	0	159	0	0	0	0	0	0	0	0	0	0	0	
947174	0	0	0	0	149	0	0	0	0	0	0	0	0	0	0	0	
947925	0	0	0	0	161	0	0	0	0	0	0	0	0	0	0	0	
948673	0	0	0	0	149	0	0	0	0	0	0	0	0	0	0	0	
949423	0	0	0	0	165	0	0	0	0	0	0	0	0	0	0	0	
950174	0	0	0	199	0	0	0	0	0	0	0	0	0	0	0	0	
950924	0	0	0	213	0	0	0	0	0	0	0	0	0	0	0	0	
951674	0	0	0	179	0	0	0	0	0	0	0	0	0	0	0	0	
952429	0	0	0	219	0	0	0	0	0	0	0	0	0	0	0	0	
953179	0	0	0	223	0	0	0	0	0	0	0	0	0	0	0	0	
953930	0	0	0	183	0	0	0	0	0	0	0	0	0	0	0	0	
954680	0	0	0	187	0	0	0	0	0	0	0	0	0	0	0	0	
955424	0	0	0	197	0	0	0	0	0	0	0	0	0	0	0	0	
956172	0	0	0	197	0	0	0	0	0	0	0	0	0	0	0	0	
956920	0	0	0	219	0	0	0	0	0	0	0	0	0	0	0	0	
957670	0	0	0	217	0	0	0	0	0	0	0	0	0	0	0	0	
958422	0	0	0	211	0	0	0	0	0	0	0	0	0	0	0	0	
959173	0	0	0	207	0	0	0	0	0	0	0	0	0	0	0	0	
959922	0	0	0	195	0	0	0	0	0	0	0	0	0	0	0	0	
960672	0	0	0	0	155	0	0	0	0	0	0	0	0	0	0	0	
961429	0	0	0	0	165	0	0	0	0	0	0	0	0	0	0	0	
962181	0	0	0	0	155	0	0	0	0	0	0	0	0	0	0	0	
962932	0	0	0	0	179	0	0	0	0	0	0	0	0	0	0	0	
963682	0	0	0	0	139	0	0	0	0	0	0	0	0	0	0	0	
964428	0	0	0	0	159	0	0	0	0	0	0	0	0	0	0	0	
965178	0	0	0	0	145	0	0	0	0	0	0	0	0	0	0	0	
965927	0	0	0	0	145	0	0	0	0	0	0	0	0	0	0	0	
966674	0	0	0	0	155	0	0	0	0	0	0	0	0	0	0	0	
967424	0	0	0	0	161	0	0	0	0	0	0	0	0	0	0	0	
968176	0	0	0	0	169	0	0	0	0	0	0	0	0	0	0	0	
968923	0	0	0	0	155	0	0	0	0	0	0	0	0	0	0	0	
969673	0	0	0	0	151	0	0	0	0	0	0	0	0	0	0	0	
970424	0	0	0	0	139	0	0	0	0	0	0	0	0	0	0	0	
971174	0	0	0	0	165	0	0	0	0	0	0	0	0	0	0	0	
971923	0	0	0	0	149	0	0	0	0	0	0	0	0	0	0	0	
972675	0	0	0	0	163	0	0	0	0	0	0	0	0	0	0	0	
973424	0	0	0	0	157	0	0	0	0	0	0	0	0	0	0	0	
974178	0	0	0	0	139	0	0	0	0	0	0	0	0	0	0	0	
974927	0	0	0	0	163	0	0	0	0	0	0	0	0	0	0	0	
975678	0	0	0	0	153	0	0	0	0	0	0	0	0	0	0	0	
976427	0	0	0	0	147	0	0	0	0	0	0	0	0	0	0	0	
977180	0	0	0	0	167	0	0	0	0	0	0	0	0	0	0	0	
977933	0	0	0	0	151	0	0	0	0	0	0	0	0	0	0	0	
978683	0	0	0	0	153	0	0	0	0	0	0	0	0	0	0	0	
979434	0	0	0	0	157	0	0	0	0	0	0	0	0	0	0	0	
980183	0	0	0	0	181	0	0	0	0	0	0	0	0	0	0	0	
980936	0	0	0	0	175	0	0	0	0	0	0	0	0	0	0	0	
981685	0	0	0	0	155	0	0	0	0	0	0	0	0	0	0	0	
982436	0	0	0	0	161	0	0	0	0	0	0	0	0	0	0	0	
983187	0	0	0	0	147	0	0	0	0	0	0	0	0	0	0	0	
983936	0	0	0	0	162	1	0	0	0	0	0	0	0	0	0	0	
984686	0	0	0	0	163	0	0	0	0	0	0	0	0	0	0	0	
985438	0	0	0	0	0	133	0	0	0	0	0	0	0	0	0	0	
986190	0	0	0	0	0	137	0	0	0	0	0	0	0	0	0	0	
986943	0	0	0	0	0	137	0	0	0	0	0	0	0	0	0	0	
987693	0	0	0	0	0	131	0	0	0	0	0	0	0	0	0	0	
988443	0	0	0	0	0	127	0	0	0	0	0	0	0	0	0	0	
989193	0	0	0	0	0	141	0	0	0	0	0	0	0	0	0	0	
989946	0	0	0	0	161	0	0	0	0	0	0	0	0	0	0	0	
990699	0	0	0	0	123	0	0	0	0	0	0	0	0	0	0	0	
991449	0	0	0	0	143	0	0	0	0	0	0	0	0	0	0	0	
992199	0	0	0	0	149	0	0	0	0	0	0	0	0	0	0	0	
992949	0	0	0	0	151	0	0	0	0	0	0	0	0	0	0	0	
993699	0	0	0	0	189	0	0	0	0	0	0	0	0	0	0	0	
994447	0	0	0	0	157	0	0	0	0	0	0	0	0	0	0	0	
995198	0	0	0	0	149	0	0	0	0	0	0	0	0	0	0	0	
995946	0	0	0	0	157	0	0	0	0	0	0	0	0	0	0	0	
996694	0	0	0	0	171	0	0	0	0	0	0	0	0	0	0	0	
997445	0	0	0	0	169	0	0	0	0	0	0	0	0	0	0	0	
998195	0	0	0	0	171	0	0	0	0	0	0	0	0	0	0	0	
998947	0	0	0	0	139	0	0	0	0	0	0	0	0	0	0	0	
999697	0	0	0	0	169	0	0	0	0	0	0	0	0	0	0	0	
1.00044e+06	0	0	0	0	155	0	0	0	0	0	0	0	0	0	0	0	
1.0012e+06	0	0	0	0	163	0	0	0	0	0	0	0	0	0	0	0	
1.00194e+06	0	0	0	0	159	0	0	0	0	0	0	0	0	0	0	0	
1.00269e+06	0	0	0	0	161	0	0	0	0	0	0	0	0	0	0	0	
1.00344e+06	0	0	0	0	129	0	0	0	0	0	0	0	0	0	0	0	
1.00419e+06	0	0	0	0	149	0	0	0	0	0	0	0	0	0	0	0	
1.00494e+06	0	0	0	0	159	0	0	0	0	0	0	0	0	0	0	0	
1.00569e+06	0	0	0	0	151	0	0	0	0	0	0	0	0	0	0	0	
1.00644e+06	0	0	0	0	155	0	0	0	0	0	0	0	0	0	0	0	
1.00719e+06	0	0	0	0	159	0	0	0	0	0	0	0	0	0	0	0	
1.00794e+06	0	0	0	0	147	0	0	0	0	0	0	0	0	0	0	0	
1.00869e+06	0	0	0	0	159	0	0	0	0	0	0	0	0	0	0	0	
1.00944e+06	0	0	0	0	149	0	0	0	0	0	0	0	0	0	0	0	
1.01019e+06	0	0	0	0	151	0	0	0	0	0	0	0	0	0	0	0	
1.01094e+06	0	0	0	0	153	0	0	0	0	0	0	0	0	0	0	0	
1.01169e+06	0	0	0	0	139	0	0	0	0	0	0	0	0	0	0	0	
1.01244e+06	0	0	0	0	148	9	0	0	0	0	0	0	0	0	0	0	
1.01319e+06	0	0	0	0	135	0	0	0	0	0	0	0	0	0	0	0	
1.01393e+06	0	0	0	0	169	0	0	0	0	0	0	0	0	0	0	0	
1.01469e+06	0	0	0	0	175	0	0	0	0	0	0	0	0	0	0	0	
1.01544e+06	0	0	0	0	161	0	0	0	0	0	0	0	0	0	0	0	
1.01619e+06	0	0	0	0	165	0	0	0	0	0	0	0	0	0	0	0	
1.01694e+06	0	0	0	0	151	0	0	0	0	0	0	0	0	0	0	0	
1.01769e+06	0	0	0	0	157	0	0	0	0	0	0	0	0	0	0	0	
1.01844e+06	0	0	0	0	147	0	0	0	0	0	0	0	0	0	0	0	
1.01919e+06	0	0	0	0	127	0	0	0	0	0	0	0	0	0	0	0	
1.01994e+06	0	0	0	0	165	0	0	0	0	0	0	0	0	0	0	0	
1.02069e+06	0	0	0	0	161	0	0	0	0	0	0	0	0	0	0	0	
1.02145e+06	0	0	0	0	163	0	0	0	0	0	0	0	0	0	0	0	
1.0222e+06	0	0	0	0	155	0	0	0	0	0	0	0	0	0	0	0	
1.02295e+06	0	0	0	0	135	0	0	0	0	0	0	0	0	0	0	0	
1.0237e+06	0	0	0	0	155	0	0	0	0	0	0	0	0	0	0	0	
1.02445e+06	0	0	0	0	169	0	0	0	0	0	0	0	0	0	0	0	
1.0252e+06	0	0	0	0	143	0	0	0	0	0	0	0	0	0	0	0	
1.02595e+06	0	0	0	0	169	0	0	0	0	0	0	0	0	0	0	0	
1.0267e+06	0	0	0	0	161	0	0	0	0	0	0	0	0	0	0	0	
1.02745e+06	0	0	0	0	161	0	0	0	0	0	0	0	0	0	0	0	
1.0282e+06	0	0	0	0	159	0	0	0	0	0	0	0	0	0	0	0	
1.02895e+06	0	0	0	0	147	0	0	0	0	0	0	0	0	0	0	0	
1.0297e+06	0	0	0	0	161	0	0	0	0	0	0	0	0	0	0	0	
1.03046e+06	0	0	0	0	169	0	0	0	0	0	0	0	0	0	0	0	
1.03121e+06	0	0	0	0	151	0	0	0	0	0	0	0	0	0	0	0	
1.03196e+06	0	0	0	0	21	108	0	0	0	0	0	0	0	0	0	0	
1.0327e+06	0	0	0	0	0	135	0	0	0	0	0	0	0	0	0	0	
1.03345e+06	0	0	0	0	0	135	0	0	0	0	0	0	0	0	0	0	
1.0342e+06	0	0	0	0	0	137	0	0	0	0	0	0	0	0	0	0	
1.03496e+06	0	0	0	0	0	118	27	0	0	0	0	0	0	0	0	0	
1.0357e+06	0	0	0	0	0	133	0	0	0	0	0	0	0	0	0	0	
1.03645e+06	0	0	0	0	0	159	0	0	0	0	0	0	0	0	0	0	
1.03721e+06	0	0	0	0	0	123	0	0	0	0	0	0	0	0	0	0	
1.03796e+06	0	0	0	0	0	121	0	0	0	0	0	0	0	0	0	0	
1.03871e+06	0	0	0	0	0	145	0	0	0	0	0	0	0	0	0	0	
1.03945e+06	0	0	0	0	0	121	0	0	0	0	0	0	0	0	0	0	
1.04021e+06	0	0	0	0	0	125	0	0	0	0	0	0	0	0	0	0	
1.04096e+06	0	0	0	0	0	127	0	0	0	0	0	0	0	0	0	0	
1.0417e+06	0	0	0	0	1	134	0	0	0	0	0	0	0	0	0	0	
1.04245e+06	0	0	0	0	0	149	0	0	0	0	0	0	0	0	0	0	
1.04321e+06	0	0	0	0	0	125	0	0	0	0	0	0	0	0	0	0	
1.04396e+06	0	0	0	0	29	114	0	0	0	0	0	0	0	0	0	0	
1.04471e+06	0	0	0	0	0	135	0	0	0	0	0	0	0	0	0	0	
1.04546e+06	0	0	0	0	0	107	0	0	0	0	0	0	0	0	0	0	
1.04621e+06	0	0	0	0	0	135	0	0	0	0	0	0	0	0	0	0	
1.04696e+06	0	0	0	0	0	119	0	0	0	0	0	0	0	0	0	0	
1.04771e+06	0	0	0	0	0	0	93	0	0	0	0	0	0	0	0	0	
1.04846e+06	0	0	0	0	0	0	115	0	0	0	0	0	0	0	0	0	
1.04921e+06	0	0	0	0	0	0	115	0	0	0	0	0	0	0	0	0	
1.04995e+06	0	0	0	0	0	0	129	0	0	0	0	0	0	0	0	0	
1.0507e+06	0	0	0	0	0	0	111	0	0	0	0	0	0	0	0	0	
1.05145e+06	0	0	0	0	0	0	101	0	0	0	0	0	0	0	0	0	
1.0522e+06	0	0	0	0	0	0	115	0	0	0	0	0	0	0	0	0	
1.05295e+06	0	0	0	0	0	0	111	0	0	0	0	0	0	0	0	0	
1.0537e+06	0	0	0	0	0	0	125	0	0	0	0	0	0	0	0	0	
1.05445e+06	0	0	0	0	0	0	101	0	0	0	0	0	0	0	0	0	
1.05521e+06	0	0	0	0	0	0	123	0	0	0	0	0	0	0	0	0	
1.05596e+06	0	0	0	0	0	0	111	0	0	0	0	0	0	0	0	0	
1.05671e+06	0	0	0	0	0	0	113	0	0	0	0	0	0	0	0	0	
1.05746e+06	0	0	0	0	0	0	127	0	0	0	0	0	0	0	0	0	
1.0582e+06	0	0	0	0	0	0	107	0	0	0	0	0	0	0	0	0	
1.05896e+06	0	0	0	0	0	0	115	0	0	0	0	0	0	0	0	0	
1.05971e+06	0	0	0	0	0	0	111	0	0	0	0	0	0	0	0	0	
1.06046e+06	0	0	0	0	0	0	113	0	0	0	0	0	0	0	0	0	
1.06121e+06	0	0	0	0	0	0	99	0	0	0	0	0	0	0	0	0	
1.06196e+06	0	0	0	0	0	115	0	0	0	0	0	0	0	0	0	0	
1.06271e+06	0	0	0	0	0	120	15	0	0	0	0	0	0	0	0	0	
1.06346e+06	0	0	0	0	0	149	0	0	0	0	0	0	0	0	0	0	
1.06421e+06	0	0	0	0	0	109	0	0	0	0	0	0	0	0	0	0	
1.06496e+06	0	0	0	0	139	0	0	0	0	0	0	0	0	0	0	0	
1.06572e+06	0	0	0	0	171	0	0	0	0	0	0	0	0	0	0	0	
1.06647e+06	0	0	0	0	161	0	0	0	0	0	0	0	0	0	0	0	
1.06721e+06	0	0	0	0	153	0	0	0	0	0	0	0	0	0	0	0	
1.06796e+06	0	0	0	0	159	0	0	0	0	0	0	0	0	0	0	0	
1.06871e+06	0	0	0	0	135	0	0	0	0	0	0	0	0	0	0	0	
1.06946e+06	0	0	0	0	141	0	0	0	0	0	0	0	0	0	0	0	
1.07021e+06	0	0	0	0	153	0	0	0	0	0	0	0	0	0	0	0	
1.07096e+06	0	0	0	0	159	0	0	0	0	0	0	0	0	0	0	0	
1.07171e+06	0	0	0	0	161	0	0	0	0	0	0	0	0	0	0	0	
1.07246e+06	0	0	0	209	0	0	0	0	0	0	0	0	0	0	0	0	
1.07322e+06	0	0	0	185	0	0	0	0	0	0	0	0	0	0	0	0	
1.07397e+06	0	0	0	193	0	0	0	0	0	0	0	0	0	0	0	0	
1.07471e+06	0	0	0	193	0	0	0	0	0	0	0	0	0	0	0	0	
1.07546e+06	0	0	0	209	0	0	0	0	0	0	0	0	0	0	0	0	
1.07621e+06	0	0	0	189	0	0	0	0	0	0	0	0	0	0	0	0	
1.07696e+06	0	0	0	140	33	0	0	0	0	0	0	0	0	0	0	0	
1.07771e+06	0	0	0	205	0	0	0	0	0	0	0	0	0	0	0	0	
1.07846e+06	0	0	0	201	0	0	0	0	0	0	0	0	0	0	0	0	
1.07921e+06	0	0	0	215	0	0	0	0	0	0	0	0	0	0	0	0	
1.07995e+06	0	0	0	193	0	0	0	0	0	0	0	0	0	0	0	0	
1.0807e+06	0	0	0	181	0	0	0	0	0	0	0	0	0	0	0	0	
1.08145e+06	0	0	0	179	0	0	0	0	0	0	0	0	0	0	0	0	
1.0822e+06	0	0	0	209	0	0	0	0	0	0	0	0	0	0	0	0	
1.08296e+06	0	0	0	205	0	0	0	0	0	0	0	0	0	0	0	0	
1.08371e+06	0	0	0	211	0	0	0	0	0	0	0	0	0	0	0	0	
1.08446e+06	0	0	0	169	0	0	0	0	0	0	0	0	0	0	0	0	
1.08521e+06	0	0	0	207	0	0	0	0	0	0	0	0	0	0	0	0	
1.08596e+06	0	0	0	173	0	0	0	0	0	0	0	0	0	0	0	0	
1.08671e+06	0	0	0	239	0	0	0	0	0	0	0	0	0	0	0	0	
1.08746e+06	0	0	0	209	0	0	0	0	0	0	0	0	0	0	0	0	
1.0882e+06	0	0	0	191	0	0	0	0	0	0	0	0	0	0	0	0	
1.08895e+06	0	0	0	179	0	0	0	0	0	0	0	0	0	0	0	0	
1.0897e+06	0	0	0	203	0	0	0	0	0	0	0	0	0	0	0	0	
1.09045e+06	0	0	3	206	0	0	0	0	0	0	0	0	0	0	0	0	
1.0912e+06	0	0	0	207	0	0	0	0	0	0	0	0	0	0	0	0	
1.09195e+06	0	0	0	193	0	0	0	0	0	0	0	0	0	0	0	0	
1.0927e+06	0	0	0	201	0	0	0	0	0	0	0	0	0	0	0	0	
1.09344e+06	0	0	0	209	4	0	0	0	0	0	0	0	0	0	0	0	
1.09419e+06	0	0	0	177	0	0	0	0	0	0	0	0	0	0	0	0	
1.09494e+06	0	0	0	201	0	0	0	0	0	0	0	0	0	0	0	0	
1.09569e+06	0	0	66	141	0	0	0	0	0	0	0	0	0	0	0	0	
1.09645e+06	0	46	215	0	0	0	0	0	0	0	0	0	0	0	0	0	
1.0972e+06	0	0	233	0	0	0	0	0	0	0	0	0	0	0	0	0	
1.09795e+06	0	0	245	0	0	0	0	0	0	0	0	0	0	0	0	0	
1.0987e+06	0	0	237	0	0	0	0	0	0	0	0	0	0	0	0	0	
1.09945e+06	0	0	257	0	0	0	0	0	0	0	0	0	0	0	0	0	
1.1002e+06	0	0	237	0	0	0	0	0	0	0	0	0	0	0	0	0	
1.10095e+06	0	0	275	0	0	0	0	0	0	0	0	0	0	0	0	0	
1.1017e+06	0	0	249	0	0	0	0	0	0	0	0	0	0	0	0	0	
1.10245e+06	0	0	281	0	0	0	0	0	0	0	0	0	0	0	0	0	
1.1032e+06	0	0	265	0	0	0	0	0	0	0	0	0	0	0	0	0	
1.10394e+06	0	0	271	0	0	0	0	0	0	0	0	0	0	0	0	0	
1.10469e+06	0	0	263	0	0	0	0	0	0	0	0	0	0	0	0	0	
1.10544e+06	0	0	311	0	0	0	0	0	0	0	0	0	0	0	0	0	
1.1062e+06	0	0	271	0	0	0	0	0	0	0	0	0	0	0	0	0	
1.10695e+06	0	0	255	0	0	0	0	0	0	0	0	0	0	0	0	0	
1.1077e+06	0	0	283	0	0	0	0	0	0	0	0	0	0	0	0	0	
1.10845e+06	0	0	277	0	0	0	0	0	0	0	0	0	0	0	0	0	
1.1092e+06	0	0	273	2	0	0	0	0	0	0	0	0	0	0	0	0	
1.10996e+06	0	0	249	0	0	0	0	0	0	0	0	0	0	0	0	0	
1.11071e+06	0	0	263	0	0	0	0	0	0	0	0	0	0	0	0	0	
1.11146e+06	0	0	289	0	0	0	0	0	0	0	0	0	0	0	0	0	
1.11221e+06	0	0	247	0	0	0	0	0	0	0	0	0	0	0	0	0	
1.11296e+06	0	0	253	0	0	0	0	0	0	0	0	0	0	0	0	0	
1.1137e+06	0	0	250	5	0	0	0	0	0	0	0	0	0	0	0	0	
1.11446e+06	0	0	245	0	0	0	0	0	0	0	0	0	0	0	0	0	
1.11521e+06	0	3	248	0	0	0	0	0	0	0	0	0	0	0	0	0	
1.11595e+06	0	0	259	0	0	0	0	0	0	0	0	0	0	0	0	0	
1.1167e+06	0	0	249	0	0	0	0	0	0	0	0	0	0	0	0	0	
1.11745e+06	0	0	255	0	0	0	0	0	0	0	0	0	0	0	0	0	
1.1182e+06	0	0	255	0	0	0	0	0	0	0	0	0	0	0	0	0	
1.11895e+06	0	0	0	229	0	0	0	0	0	0	0	0	0	0	0	0	
1.1197e+06	0	0	0	191	0	0	0	0	0	0	0	0	0	0	0	0	
1.12045e+06	0	0	0	183	0	0	0	0	0	0	0	0	0	0	0	0	
1.1212e+06	0	0	0	213	0	0	0	0	0	0	0	0	0	0	0	0	
1.12195e+06	0	0	0	205	0	0	0	0	0	0	0	0	0	0	0	0	
1.1227e+06	0	0	0	189	0	0	0	0	0	0	0	0	0	0	0	0	
1.12345e+06	0	0	0	207	0	0	0	0	0	0	0	0	0	0	0	0	
1.1242e+06	0	0	0	209	0	0	0	0	0	0	0	0	0	0	0	0	
1.12495e+06	0	0	0	215	0	0	0	0	0	0	0	0	0	0	0	0	
1.1257e+06	0	0	0	211	0	0	0	0	0	0	0	0	0	0	0	0	
1.12645e+06	0	0	0	209	0	0	0	0	0	0	0	0	0	0	0	0	
1.1272e+06	0	0	0	211	0	0	0	0	0	0	0	0	0	0	0	0	
1.12795e+06	0	0	0	185	0	0	0	0	0	0	0	0	0	0	0	0	
1.12869e+06	0	0	0	195	0	0	0	0	0	0	0	0	0	0	0	0	
1.12944e+06	0	0	0	193	0	0	0	0	0	0	0	0	0	0	0	0	
1.13019e+06	0	0	0	191	0	0	0	0	0	0	0	0	0	0	0	0	
1.13094e+06	0	0	0	203	0	0	0	0	0	0	0	0	0	0	0	0	
1.13169e+06	0	0	0	205	0	0	0	0	0	0	0	0	0	0	0	0	
1.13244e+06	0	0	0	177	0	0	0	0	0	0	0	0	0	0	0	0	
1.13319e+06	0	0	0	193	0	0	0	0	0	0	0	0	0	0	0	0	
1.13394e+06	0	0	0	203	0	0	0	0	0	0	0	0	0	0	0	0	
1.13469e+06	0	0	0	205	0	0	0	0	0	0	0	0	0	0	0	0	
1.13544e+06	0	0	0	187	0	0	0	0	0	0	0	0	0	0	0	0	
1.13619e+06	0	0	0	169	0	0	0	0	0	0	0	0	0	0	0	0	
1.13694e+06	0	0	0	177	0	0	0	0	0	0	0	0	0	0	0	0	
1.13769e+06	0	0	6	193	0	0	0	0	0	0	0	0	0	0	0	0	
1.13844e+06	0	0	1	184	0	0	0	0	0	0	0	0	0	0	0	0	
1.13919e+06	0	0	0	229	0	0	0	0	0	0	0	0	0	0	0	0	
1.13994e+06	0	0	0	199	0	0	0	0	0	0	0	0	0	0	0	0	
1.14069e+06	0	0	0	215	0	0	0	0	0	0	0	0	0	0	0	0	
1.14144e+06	0	0	0	185	0	0	0	0	0	0	0	0	0	0	0	0	
1.1422e+06	0	0	0	209	0	0	0	0	0	0	0	0	0	0	0	0	
1.14294e+06	0	0	0	185	0	0	0	0	0	0	0	0	0	0	0	0	
1.14369e+06	0	0	0	175	0	0	0	0	0	0	0	0	0	0	0	0	
1.14444e+06	0	0	0	213	0	0	0	0	0	0	0	0	0	0	0	0	
1.14519e+06	0	0	0	205	0	0	0	0	0	0	0	0	0	0	0	0	
1.14594e+06	0	0	0	0	143	0	0	0	0	0	0	0	0	0	0	0	
1.1467e+06	0	0	0	0	157	0	0	0	0	0	0	0	0	0	0	0	
1.14744e+06	0	0	0	0	185	0	0	0	0	0	0	0	0	0	0	0	
1.1482e+06	0	0	0	0	171	0	0	0	0	0	0	0	0	0	0	0	
1.14894e+06	0	0	0	0	159	0	0	0	0	0	0	0	0	0	0	0	
1.14969e+06	0	0	0	0	155	0	0	0	0	0	0	0	0	0	0	0	
1.15044e+06	0	0	0	0	157	0	0	0	0	0	0	0	0	0	0	0	
1.1512e+06	0	0	0	0	159	0	0	0	0	0	0	0	0	0	0	0	
1.15195e+06	0	0	0	0	167	0	0	0	0	0	0	0	0	0	0	0	
1.1527e+06	0	0	0	0	181	0	0	0	0	0	0	0	0	0	0	0	
1.15345e+06	0	0	0	0	171	0	0	0	0	0	0	0	0	0	0	0	
1.1542e+06	0	0	0	0	0	147	0	0	0	0	0	0	0	0	0	0	
1.15495e+06	0	0	0	0	0	143	0	0	0	0	0	0	0	0	0	0	
1.1557e+06	0	0	0	0	0	117	0	0	0	0	0	0	0	0	0	0	
1.15646e+06	0	0	0	0	0	131	0	0	0	0	0	0	0	0	0	0	
1.1572e+06	0	0	0	0	0	121	0	0	0	0	0	0	0	0	0	0	
1.15796e+06	0	0	0	0	0	127	0	0	0	0	0	0	0	0	0	0	
1.1587e+06	0	0	0	0	0	125	0	0	0	0	0	0	0	0	0	0	
1.15946e+06	0	0	0	0	0	133	0	0	0	0	0	0	0	0	0	0	
1.16021e+06	0	0	0	0	0	155	0	0	0	0	0	0	0	0	0	0	
1.16096e+06	0	0	0	0	0	129	0	0	0	0	0	0	0	0	0	0	
1.16171e+06	0	0	0	0	0	123	0	0	0	0	0	0	0	0	0	0	
1.16246e+06	0	0	0	0	0	133	0	0	0	0	0	0	0	0	0	0	
1.16321e+06	0	0	0	0	0	153	0	0	0	0	0	0	0	0	0	0	
1.16396e+06	0	0	0	0	0	127	0	0	0	0	0	0	0	0	0	0	
1.16472e+06	0	0	0	0	0	137	0	0	0	0	0	0	0	0	0	0	
1.16546e+06	0	0	0	0	0	145	0	0	0	0	0	0	0	0	0	0	
1.16621e+06	0	0	0	0	0	141	0	0	0	0	0	0	0	0	0	0	
1.16696e+06	0	0	0	0	0	159	0	0	0	0	0	0	0	0	0	0	
1.16771e+06	0	0	0	0	0	125	0	0	0	0	0	0	0	0	0	0	
1.16846e+06	0	0	0	0	0	111	0	0	0	0	0	0	0	0	0	0	
1.16921e+06	0	0	0	0	0	111	0	0	0	0	0	0	0	0	0	0	
1.16997e+06	0	0	0	0	0	141	0	0	0	0	0	0	0	0	0	0	
1.17071e+06	0	0	0	0	0	113	0	0	0	0	0	0	0	0	0	0	
1.17147e+06	0	0	0	0	0	123	0	0	0	0	0	0	0	0	0	0	
1.17222e+06	0	0	0	0	0	137	0	0	0	0	0	0	0	0	0	0	
1.17297e+06	0	0	0	0	0	129	0	0	0	0	0	0	0	0	0	0	
1.17372e+06	0	0	0	0	0	129	0	0	0	0	0	0	0	0	0	0	
1.17447e+06	0	0	0	0	0	133	0	0	0	0	0	0	0	0	0	0	
1.17522e+06	0	0	0	0	0	151	0	0	0	0	0	0	0	0	0	0	
1.17598e+06	0	0	0	0	0	0	117	0	0	0	0	0	0	0	0	0	
1.17673e+06	0	0	0	0	0	0	121	0	0	0	0	0	0	0	0	0	
1.17748e+06	0	0	0	0	0	0	115	0	0	0	0	0	0	0	0	0	
1.17823e+06	0	0	0	0	0	0	119	0	0	0	0	0	0	0	0	0	
1.17899e+06	0	0	0	0	0	0	115	0	0	0	0	0	0	0	0	0	
1.17974e+06	0	0	0	0	0	0	125	0	0	0	0	0	0	0	0	0	
1.18049e+06	0	0	0	0	0	0	101	0	0	0	0	0	0	0	0	0	
1.18124e+06	0	0	0	0	0	0	113	0	0	0	0	0	0	0	0	0	
1.18199e+06	0	0	0	0	0	0	123	0	0	0	0	0	0	0	0	0	
1.18274e+06	0	0	0	0	0	0	111	0	0	0	0	0	0	0	0	0	
1.18349e+06	0	0	0	0	0	0	131	0	0	0	0	0	0	0	0	0	
1.18424e+06	0	0	0	0	0	0	95	0	0	0	0	0	0	0	0	0	
1.18499e+06	0	0	0	0	0	0	113	0	0	0	0	0	0	0	0	0	
1.18575e+06	0	0	0	0	0	0	111	0	0	0	0	0	0	0	0	0	
1.1865e+06	0	0	0	0	0	0	111	0	0	0	0	0	0	0	0	0	
1.18725e+06	0	0	0	0	0	0	123	0	0	0	0	0	0	0	0	0	
1.188e+06	0	0	0	0	0	0	111	0	0	0	0	0	0	0	0	0	
1.18875e+06	0	0	0	0	0	0	139	0	0	0	0	0	0	0	0	0	
1.18951e+06	0	0	0	0	0	0	103	0	0	0	0	0	0	0	0	0	
1.19026e+06	0	0	0	0	0	0	107	0	0	0	0	0	0	0	0	0	
1.19101e+06	0	0	0	0	0	0	119	0	0	0	0	0	0	0	0	0	
1.19176e+06	0	0	0	0	0	0	109	0	0	0	0	0	0	0	0	0	
1.19251e+06	0	0	0	0	0	0	0	89	0	0	0	0	0	0	0	0	
1.19326e+06	0	0	0	0	0	0	0	107	0	0	0	0	0	0	0	0	
1.19402e+06	0	0	0	0	0	0	0	95	0	0	0	0	0	0	0	0	
1.19477e+06	0	0	0	0	0	0	0	115	0	0	0	0	0	0	0	0	
1.19552e+06	0	0	0	0	0	0	0	83	0	0	0	0	0	0	0	0	
1.19626e+06	0	0	0	0	0	0	0	103	0	0	0	0	0	0	0	0	
1.19701e+06	0	0	0	0	0	0	0	99	0	0	0	0	0	0	0	0	
1.19776e+06	0	0	0	0	0	0	0	87	0	0	0	0	0	0	0	0	
1.19851e+06	0	0	0	0	0	0	0	101	0	0	0	0	0	0	0	0	
1.19926e+06	0	0	0	0	0	0	0	109	0	0	0	0	0	0	0	0	
1.20001e+06	0	0	0	0	0	0	0	93	0	0	0	0	0	0	0	0	
1.20076e+06	0	0	0	0	0	0	0	107	0	0	0	0	0	0	0	0	
1.20151e+06	0	0	0	0	0	0	0	101	0	0	0	0	0	0	0	0	
1.20226e+06	0	0	0	0	0	0	0	0	87	0	0	0	0	0	0	0	
1.20301e+06	0	0	0	0	0	0	0	0	79	0	0	0	0	0	0	0	
1.20377e+06	0	0	0	0	0	0	0	0	93	0	0	0	0	0	0	0	
1.20452e+06	0	0	0	0	0	0	0	0	93	0	0	0	0	0	0	0	
1.20527e+06	0	0	0	0	0	0	0	0	71	0	0	0	0	0	0	0	
1.20602e+06	0	0	0	0	0	0	0	0	79	0	0	0	0	0	0	0	
1.20677e+06	0	0	0	0	0	0	0	0	101	0	0	0	0	0	0	0	
1.20752e+06	0	0	0	0	0	0	0	0	97	0	0	0	0	0	0	0	
1.20826e+06	0	0	0	0	0	0	0	0	87	0	0	0	0	0	0	0	
1.20901e+06	0	0	0	0	0	0	0	0	85	0	0	0	0	0	0	0	
1.20976e+06	0	0	0	0	0	0	0	0	91	0	0	0	0	0	0	0	
1.21051e+06	0	0	0	0	0	0	0	0	101	0	0	0	0	0	0	0	
1.21126e+06	0	0	0	0	0	0	0	0	91	0	0	0	0	0	0	0	
1.21201e+06	0	0	0	0	0	0	0	0	93	0	0	0	0	0	0	0	
1.21276e+06	0	0	0	0	0	0	0	0	83	0	0	0	0	0	0	0	
1.21351e+06	0	0	0	0	0	0	0	0	97	0	0	0	0	0	0	0	
1.21426e+06	0	0	0	0	0	0	0	0	81	0	0	0	0	0	0	0	
1.21501e+06	0	0	0	0	0	0	0	0	91	0	0	0	0	0	0	0	
1.21576e+06	0	0	0	0	0	0	0	0	75	0	0	0	0	0	0	0	
1.21651e+06	0	0	0	0	0	0	0	0	69	0	0	0	0	0	0	0	
1.21727e+06	0	0	0	0	0	0	0	0	91	0	0	0	0	0	0	0	
1.21802e+06	0	0	0	0	0	0	0	0	101	0	0	0	0	0	0	0	
1.21876e+06	0	0	0	0	0	0	0	0	83	0	0	0	0	0	0	0	
1.21951e+06	0	0	0	0	0	0	0	0	91	0	0	0	0	0	0	0	
1.22027e+06	0	0	0	0	0	0	0	0	81	0	0	0	0	0	0	0	
1.22101e+06	0	0	0	0	0	0	0	0	97	0	0	0	0	0	0	0	
1.22176e+06	0	0	0	0	0	0	0	0	97	0	0	0	0	0	0	0	
1.22252e+06	0	0	0	0	0	0	0	0	95	0	0	0	0	0	0	0	
1.22327e+06	0	0	0	0	0	0	0	0	87	0	0	0	0	0	0	0	
1.22401e+06	0	0	0	0	0	0	0	0	89	0	0	0	0	0	0	0	
1.22476e+06	0	0	0	0	0	0	0	0	81	0	0	0	0	0	0	0	
1.22551e+06	0	0	0	0	0	0	0	0	69	0	0	0	0	0	0	0	
1.22626e+06	0	0	0	0	0	0	0	0	0	81	0	0	0	0	0	0	
1.22701e+06	0	0	0	0	0	0	0	0	0	79	0	0	0	0	0	0	
1.22776e+06	0	0	0	0	0	0	0	0	0	79	0	0	0	0	0	0	
1.22851e+06	0	0	0	0	0	0	0	0	0	87	0	0	0	0	0	0	
1.22926e+06	0	0	0	0	0	0	0	0	0	61	0	0	0	0	0	0	
1.23001e+06	0	0	0	0	0	0	0	0	0	81	0	0	0	0	0	0	
1.23076e+06	0	0	0	0	0	0	0	0	0	69	0	0	0	0	0	0	
1.23151e+06	0	0	0	0	0	0	0	0	0	79	0	0	0	0	0	0	
1.23226e+06	0	0	0	0	0	0	0	0	0	95	0	0	0	0	0	0	
1.23301e+06	0	0	0	0	0	0	0	0	0	79	0	0	0	0	0	0	
1.23375e+06	0	0	0	0	0	0	0	0	0	91	0	0	0	0	0	0	
1.2345e+06	0	0	0	0	0	0	0	0	0	95	0	0	0	0	0	0	
1.23526e+06	0	0	0	0	0	0	0	0	0	85	0	0	0	0	0	0	
1.236e+06	0	0	0	0	0	0	0	0	0	83	0	0	0	0	0	0	
1.23675e+06	0	0	0	0	0	0	0	0	0	69	0	0	0	0	0	0	
1.23751e+06	0	0	0	0	0	0	0	0	0	73	0	0	0	0	0	0	
1.23826e+06	0	0	0	0	0	0	0	0	0	79	0	0	0	0	0	0	
1.23901e+06	0	0	0	0	0	0	0	0	0	83	0	0	0	0	0	0	
1.23976e+06	0	0	0	0	0	0	0	0	0	95	0	0	0	0	0	0	
1.24051e+06	0	0	0	0	0	0	0	0	0	73	0	0	0	0	0	0	
1.24126e+06	0	0	0	0	0	0	0	0	85	0	0	0	0	0	0	0	
1.24201e+06	0	0	0	0	0	0	0	0	93	0	0	0	0	0	0	0	
1.24276e+06	0	0	0	0	0	0	0	0	79	0	0	0	0	0	0	0	
1.24351e+06	0	0	0	0	0	0	0	0	73	0	0	0	0	0	0	0	
1.24426e+06	0	0	0	0	0	0	0	0	75	0	0	0	0	0	0	0	
1.245e+06	0	0	0	0	0	0	0	0	85	0	0	0	0	0	0	0	
1.24575e+06	0	0	0	0	0	0	0	0	97	0	0	0	0	0	0	0	
1.2465e+06	0	0	0	0	0	0	0	0	79	0	0	0	0	0	0	0	
1.24725e+06	0	0	0	0	0	0	0	0	0	89	0	0	0	0	0	0	
1.248e+06	0	0	0	0	0	0	0	0	0	93	0	0	0	0	0	0	
1.24874e+06	0	0	0	0	0	0	0	0	0	69	0	0	0	0	0	0	
1.24949e+06	0	0	0	0	0	0	0	0	0	77	0	0	0	0	0	0	
1.25024e+06	0	0	0	0	0	0	0	0	0	79	0	0	0	0	0	0	
1.25099e+06	0	0	0	0	0	0	0	0	0	81	0	0	0	0	0	0	
1.25174e+06	0	0	0	0	0	0	0	0	0	75	0	0	0	0	0	0	
1.25249e+06	0	0	0	0	0	0	0	0	0	77	0	0	0	0	0	0	
1.25324e+06	0	0	0	0	0	0	0	0	0	77	0	0	0	0	0	0	
1.25399e+06	0	0	0	0	0	0	0	0	0	79	0	0	0	0	0	0	
1.25474e+06	0	0	0	0	0	0	0	0	0	91	0	0	0	0	0	0	
1.2555e+06	0	0	0	0	0	0	0	0	0	0	63	0	0	0	0	0	
1.25625e+06	0	0	0	0	0	0	0	0	0	0	71	0	0	0	0	0	
1.257e+06	0	0	0	0	0	0	0	0	0	0	75	0	0	0	0	0	
1.25775e+06	0	0	0	0	0	0	0	0	0	0	63	0	0	0	0	0	
1.2585e+06	0	0	0	0	0	0	0	0	0	0	79	0	0	0	0	0	
1.25925e+06	0	0	0	0	0	0	0	0	0	0	55	0	0	0	0	0	
1.26e+06	0	0	0	0	0	0	0	0	0	0	65	0	0	0	0	0	
1.26075e+06	0	0	0	0	0	0	0	0	0	0	75	0	0	0	0	0	
1.2615e+06	0	0	0	0	0	0	0	0	0	0	65	0	0	0	0	0	
1.26225e+06	0	0	0	0	0	0	0	0	0	0	83	0	0	0	0	0	
1.263e+06	0	0	0	0	0	0	0	0	0	0	75	0	0	0	0	0	
1.26375e+06	0	0	0	0	0	0	0	0	0	0	55	0	0	0	0	0	
1.2645e+06	0	0	0	0	0	0	0	0	0	0	65	0	0	0	0	0	
1.26525e+06	0	0	0	0	0	0	0	0	0	0	67	0	0	0	0	0	
1.266e+06	0	0	0	0	0	0	0	0	0	75	0	0	0	0	0	0	
1.26675e+06	0	0	0	0	0	0	0	0	0	67	0	0	0	0	0	0	
1.2675e+06	0	0	0	0	0	0	0	0	0	71	0	0	0	0	0	0	
1.26825e+06	0	0	0	0	0	0	0	0	0	73	0	0	0	0	0	0	
1.269e+06	0	0	0	0	0	0	0	0	0	91	0	0	0	0	0	0	
1.26975e+06	0	0	0	0	0	0	0	0	0	77	0	0	0	0	0	0	
1.2705e+06	0	0	0	0	0	0	0	0	0	87	0	0	0	0	0	0	
1.27125e+06	0	0	0	0	0	0	0	0	0	75	0	0	0	0	0	0	
1.272e+06	0	0	0	0	0	0	0	0	0	79	0	0	0	0	0	0	
1.27275e+06	0	0	0	0	0	0	0	0	0	81	0	0	0	0	0	0	
1.27351e+06	0	0	0	0	0	0	0	0	0	75	0	0	0	0	0	0	
1.27426e+06	0	0	0	0	0	0	0	0	0	59	0	0	0	0	0	0	
1.27501e+06	0	0	0	0	0	0	0	0	0	91	0	0	0	0	0	0	
1.27576e+06	0	0	0	0	0	0	0	0	0	71	0	0	0	0	0	0	
1.27651e+06	0	0	0	0	0	0	0	0	85	0	0	0	0	0	0	0	
1.27726e+06	0	0	0	0	0	0	0	0	81	0	0	0	0	0	0	0	
1.278e+06	0	0	0	0	0	0	0	0	73	0	0	0	0	0	0	0	
1.27875e+06	0	0	0	0	0	0	0	0	103	0	0	0	0	0	0	0	
1.2795e+06	0	0	0	0	0	0	0	0	99	0	0	0	0	0	0	0	
1.28025e+06	0	0	0	0	0	0	0	0	75	0	0	0	0	0	0	0	
1.28099e+06	0	0	0	0	0	0	0	0	103	0	0	0	0	0	0	0	
1.28174e+06	0	0	0	0	0	0	0	0	89	0	0	0	0	0	0	0	
1.28249e+06	0	0	0	0	0	0	0	0	65	0	0	0	0	0	0	0	
1.28324e+06	0	0	0	0	0	0	0	0	97	0	0	0	0	0	0	0	
1.28399e+06	0	0	0	0	0	0	0	0	81	0	0	0	0	0	0	0	
1.28474e+06	0	0	0	0	0	0	0	0	109	0	0	0	0	0	0	0	
1.28549e+06	0	0	0	0	0	0	0	0	85	0	0	0	0	0	0	0	
1.28624e+06	0	0	0	0	0	0	0	0	87	0	0	0	0	0	0	0	
1.28698e+06	0	0	0	0	0	0	0	0	95	0	0	0	0	0	0	0	
1.28774e+06	0	0	0	0	0	0	0	0	99	0	0	0	0	0	0	0	
1.28849e+06	0	0	0	0	0	0	0	0	73	0	0	0	0	0	0	0	
1.28924e+06	0	0	0	0	0	0	0	0	97	0	0	0	0	0	0	0	
1.28999e+06	0	0	0	0	0	0	0	0	111	0	0	0	0	0	0	0	
1.29074e+06	0	0	0	0	0	0	0	87	0	0	0	0	0	0	0	0	
1.29149e+06	0	0	0	0	0	0	0	97	0	0	0	0	0	0	0	0	
1.29224e+06	0	0	0	0	0	0	0	93	0	0	0	0	0	0	0	0	
1.29299e+06	0	0	0	0	0	0	0	95	0	0	0	0	0	0	0	0	
1.29374e+06	0	0	0	0	0	0	0	101	0	0	0	0	0	0	0	0	
1.29449e+06	0	0	0	0	0	0	0	101	0	0	0	0	0	0	0	0	
1.29524e+06	0	0	0	0	0	0	0	81	0	0	0	0	0	0	0	0	
1.29599e+06	0	0	0	0	0	0	0	109	0	0	0	0	0	0	0	0	
1.29674e+06	0	0	0	0	0	0	0	117	0	0	0	0	0	0	0	0	
1.29749e+06	0	0	0	0	0	0	0	0	87	0	0	0	0	0	0	0	
1.29825e+06	0	0	0	0	0	0	0	0	75	0	0	0	0	0	0	0	
1.299e+06	0	0	0	0	0	0	0	0	99	0	0	0	0	0	0	0	
1.29975e+06	0	0	0	0	0	0	0	0	97	0	0	0	0	0	0	0	
1.3005e+06	0	0	0	0	0	0	0	0	85	0	0	0	0	0	0	0	
1.30125e+06	0	0	0	0	0	0	0	0	87	0	0	0	0	0	0	0	
1.302e+06	0	0	0	0	0	0	0	0	99	0	0	0	0	0	0	0	
1.30275e+06	0	0	0	0	0	0	0	0	81	0	0	0	0	0	0	0	
1.3035e+06	0	0	0	0	0	0	0	0	0	93	0	0	0	0	0	0	
1.30424e+06	0	0	0	0	0	0	0	0	0	67	0	0	0	0	0	0	
1.30499e+06	0	0	0	0	0	0	0	0	0	79	0	0	0	0	0	0	
1.30574e+06	0	0	0	0	0	0	0	0	0	85	0	0	0	0	0	0	
1.3065e+06	0	0	0	0	0	0	0	0	0	73	0	0	0	0	0	0	
1.30725e+06	0	0	0	0	0	0	0	0	0	89	0	0	0	0	0	0	
1.308e+06	0	0	0	0	0	0	0	0	0	79	0	0	0	0	0	0	
1.30875e+06	0	0	0	0	0	0	0	0	0	81	0	0	0	0	0	0	
1.3095e+06	0	0	0	0	0	0	0	0	0	99	0	0	0	0	0	0	
1.31024e+06	0	0	0	0	0	0	0	0	0	83	0	0	0	0	0	0	
1.31099e+06	0	0	0	0	0	0	0	0	0	75	0	0	0	0	0	0	
1.31174e+06	0	0	0	0	0	0	0	0	0	87	0	0	0	0	0	0	
1.31249e+06	0	0	0	0	0	0	0	0	0	87	0	0	0	0	0	0	
1.31324e+06	0	0	0	0	0	0	0	0	0	65	0	0	0	0	0	0	
1.31398e+06	0	0	0	0	0	0	0	0	0	75	0	0	0	0	0	0	
1.31473e+06	0	0	0	0	0	0	0	0	0	79	0	0	0	0	0	0	
1.31548e+06	0	0	0	0	0	0	0	0	0	77	0	0	0	0	0	0	
1.31623e+06	0	0	0	0	0	0	0	0	0	87	0	0	0	0	0	0	
1.31698e+06	0	0	0	0	0	0	0	0	0	77	0	0	0	0	0	0	
1.31773e+06	0	0	0	0	0	0	0	0	0	85	0	0	0	0	0	0	
1.31848e+06	0	0	0	0	0	0	0	0	0	85	0	0	0	0	0	0	
1.31923e+06	0	0	0	0	0	0	0	0	0	85	0	0	0	0	0	0	
1.31997e+06	0	0	0	0	0	0	0	0	0	87	0	0	0	0	0	0	
1.32073e+06	0	0	0	0	0	0	0	0	0	81	0	0	0	0	0	0	
1.32148e+06	0	0	0	0	0	0	0	0	0	77	0	0	0	0	0	0	
1.32222e+06	0	0	0	0	0	0	0	0	0	81	0	0	0	0	0	0	
1.32297e+06	0	0	0	0	0	0	0	0	0	67	0	0	0	0	0	0	
1.32373e+06	0	0	0	0	0	0	0	0	0	91	0	0	0	0	0	0	
1.32447e+06	0	0	0	0	0	0	0	0	0	73	0	0	0	0	0	0	
1.32523e+06	0	0	0	0	0	0	0	0	0	71	0	0	0	0	0	0	
1.32598e+06	0	0	0	0	0	0	0	0	0	91	0	0	0	0	0	0	
1.32673e+06	0	0	0	0	0	0	0	0	0	71	0	0	0	0	0	0	
1.32747e+06	0	0	0	0	0	0	0	0	0	89	0	0	0	0	0	0	
1.32822e+06	0	0	0	0	0	0	0	0	0	85	0	0	0	0	0	0	
1.32897e+06	0	0	0	0	0	0	0	0	0	81	0	0	0	0	0	0	
1.32973e+06	0	0	0	0	0	0	0	0	0	83	0	0	0	0	0	0	
1.33048e+06	0	0	0	0	0	0	0	0	0	73	0	0	0	0	0	0	
1.33122e+06	0	0	0	0	0	0	0	0	0	83	0	0	0	0	0	0	
1.33197e+06	0	0	0	0	0	0	0	0	0	79	0	0	0	0	0	0	
1.33272e+06	0	0	0	0	0	0	0	0	0	71	0	0	0	0	0	0	
1.33347e+06	0	0	0	0	0	0	0	0	0	83	0	0	0	0	0	0	
1.33422e+06	0	0	0	0	0	0	0	0	0	79	0	0	0	0	0	0	
1.33498e+06	0	0	0	0	0	0	0	0	0	83	0	0	0	0	0	0	
1.33573e+06	0	0	0	0	0	0	0	0	0	75	0	0	0	0	0	0	
1.33648e+06	0	0	0	0	0	0	0	0	0	73	0	0	0	0	0	0	
1.33723e+06	0	0	0	0	0	0	0	0	0	87	0	0	0	0	0	0	
1.33798e+06	0	0	0	0	0	0	0	0	0	77	0	0	0	0	0	0	
1.33872e+06	0	0	0	0	0	0	0	0	0	79	0	0	0	0	0	0	
1.33947e+06	0	0	0	0	0	0	0	0	0	75	0	0	0	0	0	0	
1.34022e+06	0	0	0	0	0	0	0	0	0	63	0	0	0	0	0	0	
1.34097e+06	0	0	0	0	0	0	0	0	0	73	0	0	0	0	0	0	
1.34172e+06	0	0	0	0	0	0	0	0	0	83	0	0	0	0	0	0	
1.34247e+06	0	0	0	0	0	0	0	0	0	87	0	0	0	0	0	0	
1.34322e+06	0	0	0	0	0	0	0	0	0	79	0	0	0	0	0	0	
1.34397e+06	0	0	0	0	0	0	0	0	0	71	0	0	0	0	0	0	
1.34472e+06	0	0	0	0	0	0	0	0	0	99	0	0	0	0	0	0	
1.34547e+06	0	0	0	0	0	0	0	0	0	83	0	0	0	0	0	0	
1.34622e+06	0	0	0	0	0	0	0	0	0	85	0	0	0	0	0	0	
1.34697e+06	0	0	0	0	0	0	0	0	0	77	0	0	0	0	0	0	
1.34772e+06	0	0	0	0	0	0	0	0	0	83	0	0	0	0	0	0	
1.34847e+06	0	0	0	0	0	0	0	0	0	75	0	0	0	0	0	0	
1.34922e+06	0	0	0	0	0	0	0	0	67	0	0	0	0	0	0	0	
1.34997e+06	0	0	0	0	0	0	0	0	83	0	0	0	0	0	0	0	
1.35072e+06	0	0	0	0	0	0	0	0	81	0	0	0	0	0	0	0	
1.35147e+06	0	0	0	0	0	0	0	0	91	0	0	0	0	0	0	0	
1.35222e+06	0	0	0	0	0	0	0	0	79	0	0	0	0	0	0	0	
1.35297e+06	0	0	0	0	0	0	0	0	111	0	0	0	0	0	0	0	
1.35372e+06	0	0	0	0	0	0	0	0	93	0	0	0	0	0	0	0	
1.35447e+06	0	0	0	0	0	0	0	0	103	0	0	0	0	0	0	0	
1.35523e+06	0	0	0	0	0	0	0	0	93	0	0	0	0	0	0	0	
1.35597e+06	0	0	0	0	0	0	0	0	87	0	0	0	0	0	0	0	
1.35672e+06	0	0	0	0	0	0	0	0	81	0	0	0	0	0	0	0	
1.35747e+06	0	0	0	0	0	0	0	0	89	0	0	0	0	0	0	0	
1.35822e+06	0	0	0	0	0	0	0	0	91	0	0	0	0	0	0	0	
1.35897e+06	0	0	0	0	0	0	0	0	67	0	0	0	0	0	0	0	
1.35972e+06	0	0	0	0	0	0	0	109	0	0	0	0	0	0	0	0	
1.36047e+06	0	0	0	0	0	0	0	93	0	0	0	0	0	0	0	0	
1.36121e+06	0	0	0	0	0	0	0	105	0	0	0	0	0	0	0	0	
1.36196e+06	0	0	0	0	0	0	0	99	0	0	0	0	0	0	0	0	
1.36272e+06	0	0	0	0	0	0	0	99	0	0	0	0	0	0	0	0	
1.36347e+06	0	0	0	0	0	0	0	91	0	0	0	0	0	0	0	0	
1.36422e+06	0	0	0	0	0	0	99	0	0	0	0	0	0	0	0	0	
1.36497e+06	0	0	0	0	0	0	131	0	0	0	0	0	0	0	0	0	
1.36572e+06	0	0	0	0	0	0	109	0	0	0	0	0	0	0	0	0	
1.36647e+06	0	0	0	0	0	0	105	0	0	0	0	0	0	0	0	0	
1.36722e+06	0	0	0	0	0	0	109	0	0	0	0	0	0	0	0	0	
1.36797e+06	0	0	0	0	0	0	125	0	0	0	0	0	0	0	0	0	
1.36872e+06	0	0	0	0	0	0	119	0	0	0	0	0	0	0	0	0	
1.36947e+06	0	0	0	0	0	0	101	0	0	0	0	0	0	0	0	0	
1.37022e+06	0	0	0	0	0	0	99	0	0	0	0	0	0	0	0	0	
1.37097e+06	0	0	0	0	0	0	135	0	0	0	0	0	0	0	0	0	
1.37172e+06	0	0	0	0	0	0	113	0	0	0	0	0	0	0	0	0	
1.37246e+06	0	0	0	0	0	0	111	0	0	0	0	0	0	0	0	0	
1.37322e+06	0	0	0	0	0	0	123	0	0	0	0	0	0	0	0	0	
1.37397e+06	0	0	0	0	0	0	147	0	0	0	0	0	0	0	0	0	
1.37471e+06	0	0	0	0	0	0	133	0	0	0	0	0	0	0	0	0	
1.37546e+06	0	0	0	0	0	0	113	0	0	0	0	0	0	0	0	0	
1.37621e+06	0	0	0	0	0	0	113	0	0	0	0	0	0	0	0	0	
1.37696e+06	0	0	0	0	0	0	115	0	0	0	0	0	0	0	0	0	
1.37772e+06	0	0	0	0	0	0	127	0	0	0	0	0	0	0	0	0	
1.37847e+06	0	0	0	0	0	0	109	0	0	0	0	0	0	0	0	0	
1.37923e+06	0	0	0	0	0	0	141	0	0	0	0	0	0	0	0	0	
1.37997e+06	0	0	0	0	0	0	117	0	0	0	0	0	0	0	0	0	
1.38072e+06	0	0	0	0	0	0	91	0	0	0	0	0	0	0	0	0	
1.38147e+06	0	0	0	0	0	0	125	0	0	0	0	0	0	0	0	0	
1.38222e+06	0	0	0	0	0	0	129	0	0	0	0	0	0	0	0	0	
1.38297e+06	0	0	0	0	0	0	103	0	0	0	0	0	0	0	0	0	
1.38372e+06	0	0	0	0	0	0	123	0	0	0	0	0	0	0	0	0	
1.38447e+06	0	0	0	0	0	0	119	0	0	0	0	0	0	0	0	0	
1.38521e+06	0	0	0	0	0	0	107	0	0	0	0	0	0	0	0	0	
1.38596e+06	0	0	0	0	0	0	133	0	0	0	0	0	0	0	0	0	
1.38671e+06	0	0	0	0	0	0	121	0	0	0	0	0	0	0	0	0	
1.38746e+06	0	0	0	0	0	0	121	0	0	0	0	0	0	0	0	0	
1.38821e+06	0	0	0	0	0	0	113	0	0	0	0	0	0	0	0	0	
1.38896e+06	0	0	0	0	0	0	117	0	0	0	0	0	0	0	0	0	
1.38971e+06	0	0	0	0	0	0	99	0	0	0	0	0	0	0	0	0	
1.39046e+06	0	0	0	0	0	0	119	0	0	0	0	0	0	0	0	0	
1.39122e+06	0	0	0	0	0	0	117	0	0	0	0	0	0	0	0	0	
1.39197e+06	0	0	0	0	27	98	0	0	0	0	0	0	0	0	0	0	
1.39272e+06	0	0	0	0	0	131	0	0	0	0	0	0	0	0	0	0	
1.39347e+06	0	0	0	0	0	151	0	0	0	0	0	0	0	0	0	0	
1.39422e+06	0	0	0	0	0	117	0	0	0	0	0	0	0	0	0	0	
1.39498e+06	0	0	0	0	0	119	0	0	0	0	0	0	0	0	0	0	
1.39573e+06	0	0	0	0	0	115	0	0	0	0	0	0	0	0	0	0	
1.39648e+06	0	0	0	0	0	137	0	0	0	0	0	0	0	0	0	0	
1.39723e+06	0	0	0	0	0	141	0	0	0	0	0	0	0	0	0	0	
1.39797e+06	0	0	0	0	0	139	0	0	0	0	0	0	0	0	0	0	
1.39872e+06	0	0	0	0	0	141	0	0	0	0	0	0	0	0	0	0	
1.39947e+06	0	0	0	0	0	131	0	0	0	0	0	0	0	0	0	0	
1.40022e+06	0	0	0	0	0	129	0	0	0	0	0	0	0	0	0	0	
1.40097e+06	0	0	0	0	0	159	0	0	0	0	0	0	0	0	0	0	
1.40172e+06	0	0	0	0	0	119	0	0	0	0	0	0	0	0	0	0	
1.40247e+06	0	0	0	0	0	129	0	0	0	0	0	0	0	0	0	0	
1.40322e+06	0	0	0	0	0	141	0	0	0	0	0	0	0	0	0	0	
1.40397e+06	0	0	0	0	0	149	0	0	0	0	0	0	0	0	0	0	
1.40472e+06	0	0	0	0	0	131	0	0	0	0	0	0	0	0	0	0	
1.40547e+06	0	0	0	0	0	147	0	0	0	0	0	0	0	0	0	0	
1.40622e+06	0	0	0	0	0	129	2	0	0	0	0	0	0	0	0	0	
1.40697e+06	0	0	0	0	0	123	0	0	0	0	0	0	0	0	0	0	
1.40771e+06	0	0	0	0	0	113	0	0	0	0	0	0	0	0	0	0	
1.40846e+06	0	0	0	0	0	135	0	0	0	0	0	0	0	0	0	0	
1.40921e+06	0	0	0	0	0	147	0	0	0	0	0	0	0	0	0	0	
1.40996e+06	0	0	0	0	0	139	0	0	0	0	0	0	0	0	0	0	
1.41071e+06	0	0	0	0	0	137	0	0	0	0	0	0	0	0	0	0	
1.41147e+06	0	0	0	0	0	133	0	0	0	0	0	0	0	0	0	0	
1.41222e+06	0	0	0	0	0	135	0	0	0	0	0	0	0	0	0	0	
1.41297e+06	0	0	0	0	0	117	0	0	0	0	0	0	0	0	0	0	
1.41371e+06	0	0	0	0	0	121	0	0	0	0	0	0	0	0	0	0	
1.41446e+06	0	0	0	0	0	157	0	0	0	0	0	0	0	0	0	0	
1.41521e+06	0	0	0	0	0	135	0	0	0	0	0	0	0	0	0	0	
1.41596e+06	0	0	0	0	0	137	0	0	0	0	0	0	0	0	0	0	
1.41671e+06	0	0	0	0	0	121	0	0	0	0	0	0	0	0	0	0	
1.41746e+06	0	0	0	0	0	137	0	0	0	0	0	0	0	0	0	0	
1.41821e+06	0	0	0	0	0	133	0	0	0	0	0	0	0	0	0	0	
1.41896e+06	0	0	0	0	0	129	0	0	0	0	0	0	0	0	0	0	
1.41971e+06	0	0	0	0	0	121	0	0	0	0	0	0	0	0	0	0	
1.42046e+06	0	0	0	0	0	127	0	0	0	0	0	0	0	0	0	0	
1.42121e+06	0	0	0	0	0	149	0	0	0	0	0	0	0	0	0	0	
1.42196e+06	0	0	0	0	0	123	0	0	0	0	0	0	0	0	0	0	
1.42271e+06	0	0	0	0	183	0	0	0	0	0	0	0	0	0	0	0	
1.42346e+06	0	0	0	0	163	0	0	0	0	0	0	0	0	0	0	0	
1.42421e+06	0	0	0	0	159	0	0	0	0	0	0	0	0	0	0	0	
1.42496e+06	0	0	0	0	171	0	0	0	0	0	0	0	0	0	0	0	
1.42571e+06	0	0	0	0	157	0	0	0	0	0	0	0	0	0	0	0	
1.42646e+06	0	0	0	0	161	0	0	0	0	0	0	0	0	0	0	0	
1.42721e+06	0	0	0	0	167	0	0	0	0	0	0	0	0	0	0	0	
1.42796e+06	0	0	0	0	155	0	0	0	0	0	0	0	0	0	0	0	
1.42871e+06	0	0	0	0	149	0	0	0	0	0	0	0	0	0	0	0	
1.42946e+06	0	0	0	0	161	0	0	0	0	0	0	0	0	0	0	0	
1.43021e+06	0	0	0	0	165	0	0	0	0	0	0	0	0	0	0	0	
1.43096e+06	0	0	0	2	165	0	0	0	0	0	0	0	0	0	0	0	
1.43171e+06	0	0	0	0	167	0	0	0	0	0	0	0	0	0	0	0	
1.43246e+06	0	0	0	0	153	0	0	0	0	0	0	0	0	0	0	0	
1.43321e+06	0	0	0	0	147	0	0	0	0	0	0	0	0	0	0	0	
1.43396e+06	0	0	0	0	145	0	0	0	0	0	0	0	0	0	0	0	
1.43471e+06	0	0	0	0	145	0	0	0	0	0	0	0	0	0	0	0	
1.43546e+06	0	0	0	0	165	0	0	0	0	0	0	0	0	0	0	0	
1.43621e+06	0	0	0	0	181	0	0	0	0	0	0	0	0	0	0	0	
1.43696e+06	0	0	0	0	157	0	0	0	0	0	0	0	0	0	0	0	
1.43771e+06	0	0	0	0	145	0	0	0	0	0	0	0	0	0	0	0	
1.43846e+06	0	0	0	0	171	0	0	0	0	0	0	0	0	0	0	0	
1.43921e+06	0	0	0	0	141	0	0	0	0	0	0	0	0	0	0	0	
1.43996e+06	0	0	0	0	171	0	0	0	0	0	0	0	0	0	0	0	
1.44071e+06	0	0	0	0	179	0	0	0	0	0	0	0	0	0	0	0	
1.44146e+06	0	0	0	0	165	0	0	0	0	0	0	0	0	0	0	0	
1.44221e+06	0	0	0	0	161	0	0	0	0	0	0	0	0	0	0	0	
1.44296e+06	0	0	0	0	137	0	0	0	0	0	0	0	0	0	0	0	
1.44371e+06	0	0	0	0	163	0	0	0	0	0	0	0	0	0	0	0	
1.44445e+06	0	0	0	0	157	0	0	0	0	0	0	0	0	0	0	0	
1.44521e+06	0	0	0	0	169	0	0	0	0	0	0	0	0	0	0	0	
1.44596e+06	0	0	0	0	173	0	0	0	0	0	0	0	0	0	0	0	
1.4467e+06	0	0	0	0	157	10	0	0	0	0	0	0	0	0	0	0	
1.44745e+06	0	0	0	0	153	0	0	0	0	0	0	0	0	0	0	0	
1.4482e+06	0	0	0	0	159	0	0	0	0	0	0	0	0	0	0	0	
1.44895e+06	0	0	0	0	149	0	0	0	0	0	0	0	0	0	0	0	
1.4497e+06	0	0	0	0	145	0	0	0	0	0	0	0	0	0	0	0	
1.45045e+06	0	0	0	0	159	0	0	0	0	0	0	0	0	0	0	0	
1.45121e+06	0	0	0	0	175	0	0	0	0	0	0	0	0	0	0	0	
1.45196e+06	0	0	0	0	165	0	0	0	0	0	0	0	0	0	0	0	
1.4527e+06	0	0	0	0	153	0	0	0	0	0	0	0	0	0	0	0	
1.45345e+06	0	0	0	0	171	0	0	0	0	0	0	0	0	0	0	0	
1.4542e+06	0	0	0	0	159	0	0	0	0	0	0	0	0	0	0	0	
1.45495e+06	0	0	0	0	167	0	0	0	0	0	0	0	0	0	0	0	
1.4557e+06	0	0	0	0	153	0	0	0	0	0	0	0	0	0	0	0	
1.45645e+06	0	0	0	0	167	0	0	0	0	0	0	0	0	0	0	0	
1.4572e+06	0	0	0	0	171	0	0	0	0	0	0	0	0	0	0	0	
1.45795e+06	0	0	0	0	177	0	0	0	0	0	0	0	0	0	0	0	
1.4587e+06	0	0	0	0	151	0	0	0	0	0	0	0	0	0	0	0	
1.45945e+06	0	0	0	0	177	0	0	0	0	0	0	0	0	0	0	0	
1.4602e+06	0	0	0	0	175	0	0	0	0	0	0	0	0	0	0	0	
1.46095e+06	0	0	0	0	155	0	0	0	0	0	0	0	0	0	0	0	
1.4617e+06	0	0	0	0	151	0	0	0	0	0	0	0	0	0	0	0	
1.46245e+06	0	0	0	0	155	0	0	0	0	0	0	0	0	0	0	0	
1.46319e+06	0	0	0	0	151	0	0	0	0	0	0	0	0	0	0	0	
1.46394e+06	0	0	0	0	151	0	0	0	0	0	0	0	0	0	0	0	
1.46469e+06	0	0	0	1	157	11	0	0	0	0	0	0	0	0	0	0	
1.46545e+06	0	0	0	0	147	0	0	0	0	0	0	0	0	0	0	0	
1.4662e+06	0	0	0	0	157	0	0	0	0	0	0	0	0	0	0	0	
1.46695e+06	0	0	0	0	167	0	0	0	0	0	0	0	0	0	0	0	
1.4677e+06	0	0	0	0	145	0	0	0	0	0	0	0	0	0	0	0	
1.46845e+06	0	0	0	0	161	0	0	0	0	0	0	0	0	0	0	0	
1.4692e+06	0	0	0	0	159	0	0	0	0	0	0	0	0	0	0	0	
1.46994e+06	0	0	0	0	149	0	0	0	0	0	0	0	0	0	0	0	
1.47069e+06	0	0	0	0	175	0	0	0	0	0	0	0	0	0	0	0	
1.47144e+06	0	0	0	0	141	0	0	0	0	0	0	0	0	0	0	0	
1.47219e+06	0	0	0	0	165	0	0	0	0	0	0	0	0	0	0	0	
1.47294e+06	0	0	0	0	165	0	0	0	0	0	0	0	0	0	0	0	
1.47369e+06	0	0	0	0	153	0	0	0	0	0	0	0	0	0	0	0	
1.47444e+06	0	0	0	0	143	0	0	0	0	0	0	0	0	0	0	0	
1.47519e+06	0	0	0	0	135	0	0	0	0	0	0	0	0	0	0	0	
1.47595e+06	0	0	0	0	175	0	0	0	0	0	0	0	0	0	0	0	
1.4767e+06	0	0	0	0	159	0	0	0	0	0	0	0	0	0	0	0	
1.47745e+06	0	0	0	0	157	0	0	0	0	0	0	0	0	0	0	0	
1.4782e+06	0	0	0	0	163	0	0	0	0	0	0	0	0	0	0	0	
1.47895e+06	0	0	0	0	161	0	0	0	0	0	0	0	0	0	0	0	
1.4797e+06	0	0	0	0	151	0	0	0	0	0	0	0	0	0	0	0	
1.48045e+06	0	0	0	0	145	0	0	0	0	0	0	0	0	0	0	0	
1.4812e+06	0	0	0	0	173	0	0	0	0	0	0	0	0	0	0	0	
1.48195e+06	0	0	0	0	161	0	0	0	0	0	0	0	0	0	0	0	
1.4827e+06	0	0	0	0	145	0	0	0	0	0	0	0	0	0	0	0	
1.48345e+06	0	0	0	187	0	0	0	0	0	0	0	0	0	0	0	0	
1.4842e+06	0	0	0	197	0	0	0	0	0	0	0	0	0	0	0	0	
1.48495e+06	0	0	0	205	0	0	0	0	0	0	0	0	0	0	0	0	
1.4857e+06	0	0	0	197	0	0	0	0	0	0	0	0	0	0	0	0	
1.48645e+06	0	0	0	0	157	0	0	0	0	0	0	0	0	0	0	0	
1.4872e+06	0	0	0	0	173	0	0	0	0	0	0	0	0	0	0	0	
1.48795e+06	0	0	0	0	151	0	0	0	0	0	0	0	0	0	0	0	
1.4887e+06	0	0	0	0	157	0	0	0	0	0	0	0	0	0	0	0	
1.48945e+06	0	0	0	1	160	0	0	0	0	0	0	0	0	0	0	0	
1.4902e+06	0	0	0	0	147	0	0	0	0	0	0	0	0	0	0	0	
1.49095e+06	0	0	0	0	157	0	0	0	0	0	0	0	0	0	0	0	
1.4917e+06	0	0	0	0	157	0	0	0	0	0	0	0	0	0	0	0	
1.49245e+06	0	0	0	0	153	0	0	0	0	0	0	0	0	0	0	0	
1.4932e+06	0	0	0	0	157	0	0	0	0	0	0	0	0	0	0	0	
1.49395e+06	0	0	0	0	131	0	0	0	0	0	0	0	0	0	0	0	
1.4947e+06	0	0	0	0	143	0	0	0	0	0	0	0	0	0	0	0	
1.49545e+06	0	0	0	0	157	0	0	0	0	0	0	0	0	0	0	0	
1.4962e+06	0	0	0	0	145	0	0	0	0	0	0	0	0	0	0	0	
1.49695e+06	0	0	0	0	143	0	0	0	0	0	0	0	0	0	0	0	
1.4977e+06	0	0	0	0	161	0	0	0	0	0	0	0	0	0	0	0	
1.49845e+06	0	0	0	203	0	0	0	0	0	0	0	0	0	0	0	0	
1.4992e+06	0	0	0	211	0	0	0	0	0	0	0	0	0	0	0	0	
1.49995e+06	0	0	0	163	0	0	0	0	0	0	0	0	0	0	0	0	
1.49995e+06	0	0	0	163	0	0	0	0	0	0	0	0	0	0	0	0	
