Time	s0	s1	s2	s3	s4	s5	s6	s7	s8	s9	s10	s11	s12	s13	s14	s15	
0	0	0	0	0	0	0	0	0	0	0	0	0	0	0	0	200	
0.00131911	0	0	0	0	0	0	0	0	0	0	0	0	0	0	0	201	
749.952	0	0	0	0	0	0	0	0	0	0	0	0	0	0	0	57	
1499.81	0	0	0	0	0	0	0	0	0	0	0	0	0	0	0	45	
2248.63	0	0	0	0	0	0	0	0	0	0	0	0	0	0	0	45	
2997.51	0	0	0	0	0	0	0	0	0	0	0	0	0	0	1	38	
3750.58	0	0	0	0	0	0	0	0	0	0	0	0	0	0	0	49	
4498.84	0	0	0	0	0	0	0	0	0	0	0	0	0	0	0	41	
5246.67	0	0	0	0	0	0	0	0	0	0	0	0	0	0	0	59	
5994.88	0	0	0	0	0	0	0	0	0	0	0	0	0	0	0	51	
6745.77	0	0	0	0	0	0	0	0	0	0	0	0	0	0	0	53	
7500.48	0	0	0	0	0	0	0	0	0	0	0	0	0	0	0	61	
8252.34	0	0	0	0	0	0	0	0	0	0	0	0	0	0	0	49	
9004.9	0	0	0	0	0	0	0	0	0	0	0	0	0	0	0	49	
9751.71	0	0	0	0	0	0	0	0	0	0	0	0	0	0	0	49	
10502.7	0	0	0	0	0	0	0	0	0	0	0	0	0	0	0	41	
11250.8	0	0	0	0	0	0	0	0	0	0	0	0	0	0	0	47	
12000.6	0	0	0	0	0	0	0	0	0	0	0	0	0	0	0	55	
12750.8	0	0	0	0	0	0	0	0	0	0	0	0	0	0	0	37	
13501.4	0	0	0	0	0	0	0	0	0	0	0	0	0	0	0	49	
14252.6	0	0	0	0	0	0	0	0	0	0	0	0	0	0	0	47	
15000.7	0	0	0	0	0	0	0	0	0	0	0	0	0	0	0	47	
15752.7	0	0	0	0	0	0	0	0	0	0	0	0	0	0	0	45	
16504.4	0	0	0	0	0	0	0	0	0	0	0	0	0	0	0	53	
17256.5	0	0	0	0	0	0	0	0	0	0	0	0	0	0	0	53	
18009.7	0	0	0	0	0	0	0	0	0	0	0	0	0	0	0	35	
18757	0	0	0	0	0	0	0	0	0	0	0	0	0	0	0	49	
19507.8	0	0	0	0	0	0	0	0	0	0	0	0	0	0	0	53	
20258.4	0	0	0	0	0	0	0	0	0	0	0	0	0	0	0	53	
21005	0	0	0	0	0	0	0	0	0	0	0	0	0	0	49	0	
21753.9	0	0	0	0	0	0	0	0	0	0	0	0	0	0	51	0	
22503.2	0	0	0	0	0	0	0	0	0	0	0	0	0	0	65	0	
23253.4	0	0	0	0	0	0	0	0	0	0	0	0	0	0	49	0	
24005.7	0	0	0	0	0	0	0	0	0	0	0	0	0	0	57	0	
24755	0	0	0	0	0	0	0	0	0	0	0	0	0	0	61	0	
25505.2	0	0	0	0	0	0	0	0	0	0	0	0	0	0	69	0	
26251.8	0	0	0	0	0	0	0	0	0	0	0	0	0	0	63	0	
27001.3	0	0	0	0	0	0	0	0	0	0	0	0	0	0	43	0	
27747.4	0	0	0	0	0	0	0	0	0	0	0	0	0	0	49	0	
28498.6	0	0	0	0	0	0	0	0	0	0	0	0	0	0	0	59	
29249.7	0	0	0	0	0	0	0	0	0	0	0	0	0	0	0	51	
30000.5	0	0	0	0	0	0	0	0	0	0	0	0	0	0	0	51	
30751.2	0	0	0	0	0	0	0	0	0	0	0	0	0	0	59	0	
31502.3	0	0	0	0	0	0	0	0	0	0	0	0	0	0	63	0	
32250.5	0	0	0	0	0	0	0	0	0	0	0	0	0	0	69	0	
33001.5	0	0	0	0	0	0	0	0	0	0	0	0	0	0	67	0	
33751.2	0	0	0	0	0	0	0	0	0	0	0	0	0	0	49	0	
34501.8	0	0	0	0	0	0	0	0	0	0	0	0	0	0	51	0	
35254.3	0	0	0	0	0	0	0	0	0	0	0	0	0	0	55	0	
36005.9	0	0	0	0	0	0	0	0	0	0	0	0	0	0	49	0	
36756.4	0	0	0	0	0	0	0	0	0	0	0	0	0	0	49	0	
37503.8	0	0	0	0	0	0	0	0	0	0	0	0	0	0	61	0	
38251.2	0	0	0	0	0	0	0	0	0	0	0	0	0	0	0	37	
39001.5	0	0	0	0	0	0	0	0	0	0	0	0	0	0	0	53	
39752.7	0	0	0	0	0	0	0	0	0	0	0	0	0	0	0	57	
40502.8	0	0	0	0	0	0	0	0	0	0	0	0	0	0	0	53	
41257.5	0	0	0	0	0	0	0	0	0	0	0	0	0	0	0	47	
42007	0	0	0	0	0	0	0	0	0	0	0	0	0	0	0	45	
42756.1	0	0	0	0	0	0	0	0	0	0	0	0	0	0	0	51	
43505.1	0	0	0	0	0	0	0	0	0	0	0	0	0	0	0	49	
44254.4	0	0	0	0	0	0	0	0	0	0	0	0	0	0	0	59	
45005.5	0	0	0	0	0	0	0	0	0	0	0	0	0	0	0	47	
45755.8	0	0	0	0	0	0	0	0	0	0	0	0	0	0	0	43	
46504.8	0	0	0	0	0	0	0	0	0	0	0	0	0	0	0	47	
47254.6	0	0	0	0	0	0	0	0	0	0	0	0	0	0	0	37	
48007.5	0	0	0	0	0	0	0	0	0	0	0	0	0	0	0	63	
48756.9	0	0	0	0	0	0	0	0	0	0	0	0	0	0	0	51	
49507	0	0	0	0	0	0	0	0	0	0	0	0	0	0	0	53	
50259.1	0	0	0	0	0	0	0	0	0	0	0	0	0	0	0	51	
51009.4	0	0	0	0	0	0	0	0	0	0	0	0	0	0	0	65	
51757.2	0	0	0	0	0	0	0	0	0	0	0	0	0	0	0	63	
52503.1	0	0	0	0	0	0	0	0	0	0	0	0	0	0	0	47	
53254.7	0	0	0	0	0	0	0	0	0	0	0	0	0	0	0	43	
54002.9	0	0	0	0	0	0	0	0	0	0	0	0	0	0	0	49	
54752.4	0	0	0	0	0	0	0	0	0	0	0	0	0	0	0	49	
55506.5	0	0	0	0	0	0	0	0	0	0	0	0	0	0	0	45	
56252.5	0	0	0	0	0	0	0	0	0	0	0	0	0	0	0	53	
57003.7	0	0	0	0	0	0	0	0	0	0	0	0	0	0	0	43	
57752.5	0	0	0	0	0	0	0	0	0	0	0	0	0	0	0	57	
58499.7	0	0	0	0	0	0	0	0	0	0	0	0	0	0	0	61	
59248.2	0	0	0	0	0	0	0	0	0	0	0	0	0	0	0	45	
59997.5	0	0	0	0	0	0	0	0	0	0	0	0	0	0	0	57	
60745.4	0	0	0	0	0	0	0	0	0	0	0	0	0	0	0	49	
61494.2	0	0	0	0	0	0	0	0	0	0	0	0	0	0	0	49	
62244.8	0	0	0	0	0	0	0	0	0	0	0	0	0	0	0	51	
62995.8	0	0	0	0	0	0	0	0	0	0	0	0	0	0	0	45	
63744.7	0	0	0	0	0	0	0	0	0	0	0	0	0	0	0	59	
64493.3	0	0	0	0	0	0	0	0	0	0	0	0	0	0	0	47	
65240.9	0	0	0	0	0	0	0	0	0	0	0	0	0	0	0	47	
65993.6	0	0	0	0	0	0	0	0	0	0	0	0	0	0	0	49	
66745.3	0	0	0	0	0	0	0	0	0	0	0	0	0	0	0	53	
67490.2	0	0	0	0	0	0	0	0	0	0	0	0	0	0	0	53	
68240	0	0	0	0	0	0	0	0	0	0	0	0	0	0	0	45	
68990.4	0	0	0	0	0	0	0	0	0	0	0	0	0	0	0	45	
69737.7	0	0	0	0	0	0	0	0	0	0	0	0	0	0	0	55	
70488.1	0	0	0	0	0	0	0	0	0	0	0	0	0	0	0	57	
71236.7	0	0	0	0	0	0	0	0	0	0	0	0	0	0	0	39	
71984.5	0	0	0	0	0	0	0	0	0	0	0	0	0	0	0	51	
72734.8	0	0	0	0	0	0	0	0	0	0	0	0	0	0	0	57	
73485.6	0	0	0	0	0	0	0	0	0	0	0	0	0	0	0	51	
74233.9	0	0	0	0	0	0	0	0	0	0	0	0	0	0	0	57	
74986.5	0	0	0	0	0	0	0	0	0	0	0	0	0	0	51	0	
75737	0	0	0	0	0	0	0	0	0	0	0	0	0	0	57	0	
76487.6	0	0	0	0	0	0	0	0	0	0	0	0	0	0	47	0	
77236.4	0	0	0	0	0	0	0	0	0	0	0	0	0	0	49	0	
77986.6	0	0	0	0	0	0	0	0	0	0	0	0	0	71	0	0	
78734.4	0	0	0	0	0	0	0	0	0	0	0	0	0	57	0	0	
79481.8	0	0	0	0	0	0	0	0	0	0	0	0	0	0	65	0	
80230.5	0	0	0	0	0	0	0	0	0	0	0	0	0	0	59	0	
80978.8	0	0	0	0	0	0	0	0	0	0	0	0	0	0	0	41	
81726.4	0	0	0	0	0	0	0	0	0	0	0	0	0	0	0	47	
82476.1	0	0	0	0	0	0	0	0	0	0	0	0	0	0	0	55	
83225.4	0	0	0	0	0	0	0	0	0	0	0	0	0	0	0	65	
83976.3	0	0	0	0	0	0	0	0	0	0	0	0	0	0	0	47	
84726.1	0	0	0	0	0	0	0	0	0	0	0	0	0	0	53	0	
85479.4	0	0	0	0	0	0	0	0	0	0	0	0	0	0	53	0	
86233.6	0	0	0	0	0	0	0	0	0	0	0	0	0	0	45	0	
86987.5	0	0	0	0	0	0	0	0	0	0	0	0	0	0	45	0	
87738.7	0	0	0	0	0	0	0	0	0	0	0	0	0	53	0	0	
88485.9	0	0	0	0	0	0	0	0	0	0	0	0	0	59	0	0	
89233.3	0	0	0	0	0	0	0	0	0	0	0	0	0	61	0	0	
89983.9	0	0	0	0	0	0	0	0	0	0	0	0	0	49	0	0	
90731.7	0	0	0	0	0	0	0	0	0	0	0	0	0	53	0	0	
91485.2	0	0	0	0	0	0	0	0	0	0	0	0	0	65	0	0	
92236.4	0	0	0	0	0	0	0	0	0	0	0	0	0	59	0	0	
92985.3	0	0	0	0	0	0	0	0	0	0	0	0	0	59	0	0	
93735.1	0	0	0	0	0	0	0	0	0	0	0	0	0	61	0	0	
94484	0	0	0	0	0	0	0	0	0	0	0	0	0	45	0	0	
95235.4	0	0	0	0	0	0	0	0	0	0	0	0	0	51	0	0	
95987	0	0	0	0	0	0	0	0	0	0	0	0	0	61	0	0	
96735.3	0	0	0	0	0	0	0	0	0	0	0	0	0	59	0	0	
97482.4	0	0	0	0	0	0	0	0	0	0	0	0	0	61	0	0	
98231.4	0	0	0	0	0	0	0	0	0	0	0	0	0	55	0	0	
98983.8	0	0	0	0	0	0	0	0	0	0	0	0	0	57	0	0	
99737.2	0	0	0	0	0	0	0	0	0	0	0	0	0	61	0	0	
100489	0	0	0	0	0	0	0	0	0	0	0	0	0	59	0	0	
101239	0	0	0	0	0	0	0	0	0	0	0	0	0	67	0	0	
101989	0	0	0	0	0	0	0	0	0	0	0	0	0	59	0	0	
102741	0	0	0	0	0	0	0	0	0	0	0	0	0	63	0	0	
103488	0	0	0	0	0	0	0	0	0	0	0	0	0	47	0	0	
104238	0	0	0	0	0	0	0	0	0	0	0	0	0	67	0	0	
104989	0	0	0	0	0	0	0	0	0	0	0	0	0	0	55	0	
105740	0	0	0	0	0	0	0	0	0	0	0	0	0	0	61	0	
106493	0	0	0	0	0	0	0	0	0	0	0	0	0	0	57	0	
107241	0	0	0	0	0	0	0	0	0	0	0	0	0	0	61	0	
107994	0	0	0	0	0	0	0	0	0	0	0	0	0	0	53	0	
108742	0	0	0	0	0	0	0	0	0	0	0	0	0	0	49	0	
109490	0	0	0	0	0	0	0	0	0	0	0	0	0	0	53	0	
110243	0	0	0	0	0	0	0	0	0	0	0	0	0	0	59	0	
110995	0	0	0	0	0	0	0	0	0	0	0	0	0	0	51	0	
111748	0	0	0	0	0	0	0	0	0	0	0	0	0	0	51	0	
112496	0	0	0	0	0	0	0	0	0	0	0	0	0	0	49	0	
113246	0	0	0	0	0	0	0	0	0	0	0	0	0	0	61	0	
113994	0	0	0	0	0	0	0	0	0	0	0	0	0	0	0	51	
114747	0	0	0	0	0	0	0	0	0	0	0	0	0	0	0	41	
115494	0	0	0	0	0	0	0	0	0	0	0	0	0	0	0	41	
116244	0	0	0	0	0	0	0	0	0	0	0	0	0	0	0	55	
116992	0	0	0	0	0	0	0	0	0	0	0	0	0	0	0	51	
117741	0	0	0	0	0	0	0	0	0	0	0	0	0	0	0	53	
118491	0	0	0	0	0	0	0	0	0	0	0	0	0	0	0	53	
119241	0	0	0	0	0	0	0	0	0	0	0	0	0	0	0	59	
119992	0	0	0	0	0	0	0	0	0	0	0	0	0	0	0	47	
120741	0	0	0	0	0	0	0	0	0	0	0	0	0	0	0	41	
121493	0	0	0	0	0	0	0	0	0	0	0	0	0	0	0	61	
122242	0	0	0	0	0	0	0	0	0	0	0	0	0	0	0	47	
122993	0	0	0	0	0	0	0	0	0	0	0	0	0	0	0	51	
123741	0	0	0	0	0	0	0	0	0	0	0	0	0	0	0	55	
124490	0	0	0	0	0	0	0	0	0	0	0	0	0	0	0	49	
125239	0	0	0	0	0	0	0	0	0	0	0	0	0	0	0	55	
125990	0	0	0	0	0	0	0	0	0	0	0	0	0	0	0	59	
126743	0	0	0	0	0	0	0	0	0	0	0	0	0	0	0	61	
127493	0	0	0	0	0	0	0	0	0	0	0	0	0	0	0	55	
128245	0	0	0	0	0	0	0	0	0	0	0	0	0	0	0	55	
128997	0	0	0	0	0	0	0	0	0	0	0	0	0	0	56	1	
129745	0	0	0	0	0	0	0	0	0	0	0	0	0	0	55	0	
130498	0	0	0	0	0	0	0	0	0	0	0	0	0	0	63	0	
131247	0	0	0	0	0	0	0	0	0	0	0	0	0	0	63	0	
131995	0	0	0	0	0	0	0	0	0	0	0	0	0	0	53	0	
132742	0	0	0	0	0	0	0	0	0	0	0	0	0	0	55	0	
133492	0	0	0	0	0	0	0	0	0	0	0	0	0	0	53	0	
134243	0	0	0	0	0	0	0	0	0	0	0	0	0	0	0	59	
134994	0	0	0	0	0	0	0	0	0	0	0	0	0	0	0	49	
135742	0	0	0	0	0	0	0	0	0	0	0	0	0	0	0	71	
136494	0	0	0	0	0	0	0	0	0	0	0	0	0	0	0	41	
137246	0	0	0	0	0	0	0	0	0	0	0	0	0	0	0	41	
137998	0	0	0	0	0	0	0	0	0	0	0	0	0	0	0	49	
138747	0	0	0	0	0	0	0	0	0	0	0	0	0	0	0	59	
139495	0	0	0	0	0	0	0	0	0	0	0	0	0	0	0	47	
140246	0	0	0	0	0	0	0	0	0	0	0	0	0	0	0	59	
140995	0	0	0	0	0	0	0	0	0	0	0	0	0	0	0	61	
141748	0	0	0	0	0	0	0	0	0	0	0	0	0	0	0	47	
142498	0	0	0	0	0	0	0	0	0	0	0	0	0	0	0	57	
143248	0	0	0	0	0	0	0	0	0	0	0	0	0	0	0	51	
143999	0	0	0	0	0	0	0	0	0	0	0	0	0	0	0	45	
144750	0	0	0	0	0	0	0	0	0	0	0	0	0	0	0	51	
145502	0	0	0	0	0	0	0	0	0	0	0	0	0	0	0	57	
146251	0	0	0	0	0	0	0	0	0	0	0	0	0	0	44	11	
147002	0	0	0	0	0	0	0	0	0	0	0	0	0	0	61	0	
147749	0	0	0	0	0	0	0	0	0	0	0	0	0	0	51	0	
148496	0	0	0	0	0	0	0	0	0	0	0	0	0	0	53	0	
149248	0	0	0	0	0	0	0	0	0	0	0	0	0	0	61	0	
149997	0	0	0	0	0	0	0	0	0	0	0	0	0	45	0	0	
150746	0	0	0	0	0	0	0	0	0	0	0	0	0	57	0	0	
151495	0	0	0	0	0	0	0	0	0	0	0	0	0	45	0	0	
152246	0	0	0	0	0	0	0	0	0	0	0	0	0	61	0	0	
152994	0	0	0	0	0	0	0	0	0	0	0	0	0	51	0	0	
153743	0	0	0	0	0	0	0	0	0	0	0	0	0	55	0	0	
154495	0	0	0	0	0	0	0	0	0	0	0	0	53	0	0	0	
155245	0	0	0	0	0	0	0	0	0	0	0	0	67	0	0	0	
155996	0	0	0	0	0	0	0	0	0	0	0	0	61	0	0	0	
156747	0	0	0	0	0	0	0	0	0	0	0	0	55	0	0	0	
157495	0	0	0	0	0	0	0	0	0	0	0	0	67	0	0	0	
158242	0	0	0	0	0	0	0	0	0	0	0	0	65	4	0	0	
158990	0	0	0	0	0	0	0	0	0	0	0	55	0	0	0	0	
159738	0	0	0	0	0	0	0	0	0	0	0	75	0	0	0	0	
160489	0	0	0	0	0	0	0	0	0	0	0	65	0	0	0	0	
161245	0	0	0	0	0	0	0	0	0	0	0	73	0	0	0	0	
161994	0	0	0	0	0	0	0	0	0	0	0	73	0	0	0	0	
162743	0	0	0	0	0	0	0	0	0	0	0	67	0	0	0	0	
163496	0	0	0	0	0	0	0	0	0	0	0	91	0	0	0	0	
164245	0	0	0	0	0	0	0	0	0	0	0	83	0	0	0	0	
164993	0	0	0	0	0	0	0	0	0	0	0	67	0	0	0	0	
165741	0	0	0	0	0	0	0	0	0	0	0	65	0	0	0	0	
166490	0	0	0	0	0	0	0	0	0	0	0	65	0	0	0	0	
167242	0	0	0	0	0	0	0	0	0	0	0	69	0	0	0	0	
167995	0	0	0	0	0	0	0	0	0	0	0	83	0	0	0	0	
168746	0	0	0	0	0	0	0	0	0	0	0	73	0	0	0	0	
169499	0	0	0	0	0	0	0	0	0	0	0	61	0	0	0	0	
170250	0	0	0	0	0	0	0	0	0	0	0	67	0	0	0	0	
171003	0	0	0	0	0	0	0	0	0	0	0	67	0	0	0	0	
171750	0	0	0	0	0	0	0	0	0	0	0	65	0	0	0	0	
172503	0	0	0	0	0	0	0	0	0	0	0	63	0	0	0	0	
173257	0	0	0	0	0	0	0	0	0	0	0	71	0	0	0	0	
174008	0	0	0	0	0	0	0	0	0	0	0	85	0	0	0	0	
174755	0	0	0	0	0	0	0	0	0	0	0	71	0	0	0	0	
175506	0	0	0	0	0	0	0	0	0	0	0	69	0	0	0	0	
176255	0	0	0	0	0	0	0	0	0	0	0	61	0	0	0	0	
177003	0	0	0	0	0	0	0	0	0	0	0	55	0	0	0	0	
177749	0	0	0	0	0	0	0	0	0	0	0	79	0	0	0	0	
178498	0	0	0	0	0	0	0	0	0	0	0	67	0	0	0	0	
179247	0	0	0	0	0	0	0	0	0	0	0	55	0	0	0	0	
179995	0	0	0	0	0	0	0	0	0	0	0	65	0	0	0	0	
180747	0	0	0	0	0	0	0	0	0	0	0	53	0	0	0	0	
181495	0	0	0	0	0	0	0	0	0	0	0	79	0	0	0	0	
182245	0	0	0	0	0	0	0	0	0	0	0	65	0	0	0	0	
182999	0	0	0	0	0	0	0	0	0	0	0	73	0	0	0	0	
183749	0	0	0	0	0	0	0	0	0	0	0	63	0	0	0	0	
184498	0	0	0	0	0	0	0	0	0	0	0	71	0	0	0	0	
185248	0	0	0	0	0	0	0	0	0	0	0	79	0	0	0	0	
186000	0	0	0	0	0	0	0	0	0	0	0	75	0	0	0	0	
186748	0	0	0	0	0	0	0	0	0	0	0	67	0	0	0	0	
187498	0	0	0	0	0	0	0	0	0	0	0	51	0	0	0	0	
188245	0	0	0	0	0	0	0	0	0	0	0	67	0	0	0	0	
188994	0	0	0	0	0	0	0	0	0	0	0	0	47	0	0	0	
189745	0	0	0	0	0	0	0	0	0	0	0	0	71	0	0	0	
190497	0	0	0	0	0	0	0	0	0	0	0	69	0	0	0	0	
191248	0	0	0	0	0	0	0	0	0	0	0	53	0	0	0	0	
191999	0	0	0	0	0	0	0	0	0	0	0	63	0	0	0	0	
192748	0	0	0	0	0	0	0	0	0	0	0	63	0	0	0	0	
193497	0	0	0	0	0	0	0	0	0	0	0	65	0	0	0	0	
194249	0	0	0	0	0	0	0	0	0	0	0	71	0	0	0	0	
195003	0	0	0	0	0	0	0	0	0	0	0	71	0	0	0	0	
195753	0	0	0	0	0	0	0	0	0	0	0	71	0	0	0	0	
196504	0	0	0	0	0	0	0	0	0	0	0	61	0	0	0	0	
197255	0	0	0	0	0	0	0	0	0	0	0	65	0	0	0	0	
198004	0	0	0	0	0	0	0	0	0	0	0	59	0	0	0	0	
198752	0	0	0	0	0	0	0	0	0	0	0	51	0	0	0	0	
199503	0	0	0	0	0	0	0	0	0	0	0	65	0	0	0	0	
200250	0	0	0	0	0	0	0	0	0	0	0	51	0	0	0	0	
201001	0	0	0	0	0	0	0	0	0	0	0	61	0	0	0	0	
201753	0	0	0	0	0	0	0	0	0	0	0	67	0	0	0	0	
202505	0	0	0	0	0	0	0	0	0	0	0	59	0	0	0	0	
203252	0	0	0	0	0	0	0	0	0	0	0	57	0	0	0	0	
204002	0	0	0	0	0	0	0	0	0	0	0	63	0	0	0	0	
204753	0	0	0	0	0	0	0	0	0	0	0	75	0	0	0	0	
205502	0	0	0	0	0	0	0	0	0	0	0	71	0	0	0	0	
206253	0	0	0	0	0	0	0	0	0	0	0	49	0	0	0	0	
207000	0	0	0	0	0	0	0	0	0	0	0	75	0	0	0	0	
207749	0	0	0	0	0	0	0	0	0	0	0	71	0	0	0	0	
208497	0	0	0	0	0	0	0	0	0	0	0	63	0	0	0	0	
209244	0	0	0	0	0	0	0	0	0	0	69	0	0	0	0	0	
209995	0	0	0	0	0	0	0	0	0	0	77	0	0	0	0	0	
210746	0	0	0	0	0	0	0	0	0	0	63	0	0	0	0	0	
211495	0	0	0	0	0	0	0	0	0	0	71	0	0	0	0	0	
212245	0	0	0	0	0	0	0	0	0	0	83	0	0	0	0	0	
212994	0	0	0	0	0	0	0	0	0	0	71	0	0	0	0	0	
213746	0	0	0	0	0	0	0	0	0	0	0	75	0	0	0	0	
214496	0	0	0	0	0	0	0	0	0	0	0	73	0	0	0	0	
215245	0	0	0	0	0	0	0	0	0	0	0	63	0	0	0	0	
215997	0	0	0	0	0	0	0	0	0	0	1	58	0	0	0	0	
216748	0	0	0	0	0	0	0	0	0	0	0	65	0	0	0	0	
217496	0	0	0	0	0	0	0	0	0	0	0	85	0	0	0	0	
218243	0	0	0	0	0	0	0	0	0	0	0	77	0	0	0	0	
218992	0	0	0	0	0	0	0	0	0	0	0	75	0	0	0	0	
219741	0	0	0	0	0	0	0	0	0	0	0	0	45	0	0	0	
220491	0	0	0	0	0	0	0	0	0	0	0	0	57	0	0	0	
221239	0	0	0	0	0	0	0	0	0	0	0	0	61	0	0	0	
221988	0	0	0	0	0	0	0	0	0	0	0	0	49	0	0	0	
222735	0	0	0	0	0	0	0	0	0	0	0	0	55	0	0	0	
223484	0	0	0	0	0	0	0	0	0	0	0	0	51	0	0	0	
224236	0	0	0	0	0	0	0	0	0	0	0	0	59	0	0	0	
224986	0	0	0	0	0	0	0	0	0	0	0	0	0	55	0	0	
225737	0	0	0	0	0	0	0	0	0	0	0	0	0	47	0	0	
226487	0	0	0	0	0	0	0	0	0	0	0	0	0	61	0	0	
227235	0	0	0	0	0	0	0	0	0	0	0	0	0	65	0	0	
227988	0	0	0	0	0	0	0	0	0	0	0	0	65	0	0	0	
228736	0	0	0	0	0	0	0	0	0	0	0	0	59	0	0	0	
229487	0	0	0	0	0	0	0	0	0	0	0	0	51	0	0	0	
230234	0	0	0	0	0	0	0	0	0	0	0	0	65	0	0	0	
230984	0	0	0	0	0	0	0	0	0	0	0	0	61	0	0	0	
231735	0	0	0	0	0	0	0	0	0	0	0	0	65	0	0	0	
232485	0	0	0	0	0	0	0	0	0	0	0	0	67	0	0	0	
233236	0	0	0	0	0	0	0	0	0	0	0	0	55	0	0	0	
233987	0	0	0	0	0	0	0	0	0	0	0	0	63	0	0	0	
234738	0	0	0	0	0	0	0	0	0	0	0	0	47	0	0	0	
235487	0	0	0	0	0	0	0	0	0	0	0	0	67	0	0	0	
236234	0	0	0	0	0	0	0	0	0	0	0	0	55	0	0	0	
236983	0	0	0	0	0	0	0	0	0	0	0	0	59	0	0	0	
237734	0	0	0	0	0	0	0	0	0	0	0	0	59	0	0	0	
238487	0	0	0	0	0	0	0	0	0	0	0	0	67	0	0	0	
239236	0	0	0	0	0	0	0	0	0	0	0	0	49	0	0	0	
239988	0	0	0	0	0	0	0	0	0	0	0	0	75	0	0	0	
240736	0	0	0	0	0	0	0	0	0	0	0	0	53	0	0	0	
241489	0	0	0	0	0	0	0	0	0	0	0	0	59	0	0	0	
242241	0	0	0	0	0	0	0	0	0	0	0	0	71	0	0	0	
242989	0	0	0	0	0	0	0	0	0	0	0	0	57	0	0	0	
243741	0	0	0	0	0	0	0	0	0	0	0	0	69	0	0	0	
244491	0	0	0	0	0	0	0	0	0	0	0	0	63	0	0	0	
245238	0	0	0	0	0	0	0	0	0	0	0	0	69	0	0	0	
245992	0	0	0	0	0	0	0	0	0	0	0	0	59	0	0	0	
246745	0	0	0	0	0	0	0	0	0	0	0	0	63	0	0	0	
247497	0	0	0	0	0	0	0	0	0	0	0	0	67	0	0	0	
248246	0	0	0	0	0	0	0	0	0	0	0	0	69	0	0	0	
248996	0	0	0	0	0	0	0	0	0	0	0	0	57	0	0	0	
249749	0	0	0	0	0	0	0	0	0	0	0	0	67	0	0	0	
250497	0	0	0	0	0	0	0	0	0	0	0	0	59	0	0	0	
251248	0	0	0	0	0	0	0	0	0	0	0	0	65	0	0	0	
251996	0	0	0	0	0	0	0	0	0	0	0	0	47	0	0	0	
252744	0	0	0	0	0	0	0	0	0	0	0	0	79	0	0	0	
253492	0	0	0	0	0	0	0	0	0	0	0	0	61	0	0	0	
254241	0	0	0	0	0	0	0	0	0	0	0	0	61	0	0	0	
254988	0	0	0	0	0	0	0	0	0	0	0	0	63	0	0	0	
255738	0	0	0	0	0	0	0	0	0	0	0	0	63	0	0	0	
256487	0	0	0	0	0	0	0	0	0	0	0	0	67	0	0	0	
257235	0	0	0	0	0	0	0	0	0	0	0	0	69	0	0	0	
257982	0	0	0	0	0	0	0	0	0	0	0	0	67	0	0	0	
258729	0	0	0	0	0	0	0	0	0	0	0	0	55	0	0	0	
259478	0	0	0	0	0	0	0	0	0	0	0	0	63	0	0	0	
260228	0	0	0	0	0	0	0	0	0	0	0	0	59	0	0	0	
260977	0	0	0	0	0	0	0	0	0	0	0	0	57	0	0	0	
261725	0	0	0	0	0	0	0	0	0	0	0	0	63	0	0	0	
262474	0	0	0	0	0	0	0	0	0	0	0	0	59	0	0	0	
263222	0	0	0	0	0	0	0	0	0	0	0	0	73	0	0	0	
263971	0	0	0	0	0	0	0	0	0	0	0	0	59	0	0	0	
264725	0	0	0	0	0	0	0	0	0	0	0	0	59	0	0	0	
265475	0	0	0	0	0	0	0	0	0	0	0	0	53	0	0	0	
266226	0	0	0	0	0	0	0	0	0	0	0	0	55	0	0	0	
266976	0	0	0	0	0	0	0	0	0	0	0	0	61	0	0	0	
267723	0	0	0	0	0	0	0	0	0	0	0	0	61	0	0	0	
268471	0	0	0	0	0	0	0	0	0	0	0	0	69	0	0	0	
269225	0	0	0	0	0	0	0	0	0	0	0	0	55	0	0	0	
269975	0	0	0	0	0	0	0	0	0	0	0	0	0	37	18	0	
270728	0	0	0	0	0	0	0	0	0	0	0	0	0	57	0	0	
271478	0	0	0	0	0	0	0	0	0	0	0	0	51	0	0	0	
272229	0	0	0	0	0	0	0	0	0	0	0	0	49	0	0	0	
272978	0	0	0	0	0	0	0	0	0	0	0	0	57	0	0	0	
273727	0	0	0	0	0	0	0	0	0	0	0	0	67	0	0	0	
274479	0	0	0	0	0	0	0	0	0	0	0	0	67	0	0	0	
275228	0	0	0	0	0	0	0	0	0	0	0	0	53	0	0	0	
275973	0	0	0	0	0	0	0	0	0	0	0	0	55	0	0	0	
276721	0	0	0	0	0	0	0	0	0	0	0	0	0	63	0	0	
277472	0	0	0	0	0	0	0	0	0	0	0	0	0	65	0	0	
278225	0	0	0	0	0	0	0	0	0	0	0	0	65	0	0	0	
278972	0	0	0	0	0	0	0	0	0	0	0	0	51	0	0	0	
279724	0	0	0	0	0	0	0	0	0	0	0	0	37	0	0	0	
280474	0	0	0	0	0	0	0	0	0	0	0	0	73	0	0	0	
281224	0	0	0	0	0	0	0	0	0	0	0	0	61	0	0	0	
281973	0	0	0	0	0	0	0	0	0	0	0	0	65	0	0	0	
282724	0	0	0	0	0	0	0	0	0	0	0	0	57	0	0	0	
283473	0	0	0	0	0	0	0	0	0	0	0	0	57	0	0	0	
284222	0	0	0	0	0	0	0	0	0	0	0	0	63	0	0	0	
284973	0	0	0	0	0	0	0	0	0	0	0	0	59	0	0	0	
285721	0	0	0	0	0	0	0	0	0	0	0	0	77	0	0	0	
286470	0	0	0	0	0	0	0	0	0	0	0	0	61	0	0	0	
287219	0	0	0	0	0	0	0	0	0	0	0	0	0	55	0	0	
287971	0	0	0	0	0	0	0	0	0	0	0	0	0	73	0	0	
288722	0	0	0	0	0	0	0	0	0	0	0	0	0	0	53	0	
289471	0	0	0	0	0	0	0	0	0	0	0	0	0	0	45	0	
290222	0	0	0	0	0	0	0	0	0	0	0	0	0	0	57	0	
290970	0	0	0	0	0	0	0	0	0	0	0	0	0	0	43	0	
291721	0	0	0	0	0	0	0	0	0	0	0	0	0	0	57	0	
292472	0	0	0	0	0	0	0	0	0	0	0	0	0	0	35	0	
293223	0	0	0	0	0	0	0	0	0	0	0	0	0	0	0	49	
293973	0	0	0	0	0	0	0	0	0	0	0	0	0	0	0	67	
294722	0	0	0	0	0	0	0	0	0	0	0	0	0	0	0	43	
295471	0	0	0	0	0	0	0	0	0	0	0	0	0	0	0	33	
296219	0	0	0	0	0	0	0	0	0	0	0	0	0	0	0	59	
296969	0	0	0	0	0	0	0	0	0	0	0	0	0	0	0	53	
297720	0	0	0	0	0	0	0	0	0	0	0	0	0	0	0	57	
298470	0	0	0	0	0	0	0	0	0	0	0	0	0	0	57	0	
299221	0	0	0	0	0	0	0	0	0	0	0	0	0	0	47	0	
299973	0	0	0	0	0	0	0	0	0	0	0	0	0	0	57	0	
300724	0	0	0	0	0	0	0	0	0	0	0	0	0	0	59	0	
301477	0	0	0	0	0	0	0	0	0	0	0	0	0	0	45	0	
302229	0	0	0	0	0	0	0	0	0	0	0	0	0	0	63	0	
302983	0	0	0	0	0	0	0	0	0	0	0	0	0	0	53	0	
303733	0	0	0	0	0	0	0	0	0	0	0	0	0	0	61	0	
304481	0	0	0	0	0	0	0	0	0	0	0	0	0	0	49	0	
305231	0	0	0	0	0	0	0	0	0	0	0	0	0	0	63	0	
305981	0	0	0	0	0	0	0	0	0	0	0	0	0	0	53	0	
306731	0	0	0	0	0	0	0	0	0	0	0	0	0	0	51	0	
307480	0	0	0	0	0	0	0	0	0	0	0	0	0	0	57	0	
308228	0	0	0	0	0	0	0	0	0	0	0	0	0	0	57	0	
308978	0	0	0	0	0	0	0	0	0	0	0	0	0	0	63	0	
309727	0	0	0	0	0	0	0	0	0	0	0	0	0	0	47	0	
310476	0	0	0	0	0	0	0	0	0	0	0	0	0	0	63	0	
311227	0	0	0	0	0	0	0	0	0	0	0	0	0	0	61	0	
311980	0	0	0	0	0	0	0	0	0	0	0	0	0	0	69	0	
312730	0	0	0	0	0	0	0	0	0	0	0	0	0	0	55	0	
313480	0	0	0	0	0	0	0	0	0	0	0	0	0	0	51	0	
314231	0	0	0	0	0	0	0	0	0	0	0	0	0	0	55	0	
314982	0	0	0	0	0	0	0	0	0	0	0	0	0	0	41	0	
315730	0	0	0	0	0	0	0	0	0	0	0	0	0	0	51	0	
316479	0	0	0	0	0	0	0	0	0	0	0	0	0	0	57	0	
317229	0	0	0	0	0	0	0	0	0	0	0	0	0	0	79	0	
317976	0	0	0	0	0	0	0	0	0	0	0	0	0	0	45	0	
318726	0	0	0	0	0	0	0	0	0	0	0	0	0	0	47	0	
319480	0	0	0	0	0	0	0	0	0	0	0	0	0	0	53	0	
320232	0	0	0	0	0	0	0	0	0	0	0	0	0	0	47	0	
320983	0	0	0	0	0	0	0	0	0	0	0	0	0	0	71	0	
321732	0	0	0	0	0	0	0	0	0	0	0	0	0	0	45	0	
322483	0	0	0	0	0	0	0	0	0	0	0	0	0	0	61	0	
323238	0	0	0	0	0	0	0	0	0	0	0	0	0	0	67	0	
323988	0	0	0	0	0	0	0	0	0	0	0	0	0	0	65	0	
324738	0	0	0	0	0	0	0	0	0	0	0	0	0	0	39	0	
325491	0	0	0	0	0	0	0	0	0	0	0	0	0	0	43	0	
326242	0	0	0	0	0	0	0	0	0	0	0	0	0	0	47	0	
326990	0	0	0	0	0	0	0	0	0	0	0	0	0	0	51	0	
327740	0	0	0	0	0	0	0	0	0	0	0	0	0	0	47	0	
328491	0	0	0	0	0	0	0	0	0	0	0	0	0	0	63	0	
329239	0	0	0	0	0	0	0	0	0	0	0	0	0	0	55	0	
329986	0	0	0	0	0	0	0	0	0	0	0	0	0	0	63	0	
330736	0	0	0	0	0	0	0	0	0	0	0	0	0	0	51	0	
331487	0	0	0	0	0	0	0	0	0	0	0	0	0	0	59	0	
332235	0	0	0	0	0	0	0	0	0	0	0	0	0	0	53	0	
332984	0	0	0	0	0	0	0	0	0	0	0	0	0	0	51	0	
333732	0	0	0	0	0	0	0	0	0	0	0	0	0	0	65	0	
334482	0	0	0	0	0	0	0	0	0	0	0	0	0	0	49	0	
335234	0	0	0	0	0	0	0	0	0	0	0	0	0	0	65	0	
335981	0	0	0	0	0	0	0	0	0	0	0	0	0	0	51	0	
336730	0	0	0	0	0	0	0	0	0	0	0	0	0	0	57	0	
337481	0	0	0	0	0	0	0	0	0	0	0	0	0	0	53	0	
338228	0	0	0	0	0	0	0	0	0	0	0	0	0	0	47	0	
338976	0	0	0	0	0	0	0	0	0	0	0	0	0	0	0	57	
339725	0	0	0	0	0	0	0	0	0	0	0	0	0	0	0	47	
340477	0	0	0	0	0	0	0	0	0	0	0	0	0	0	0	43	
341225	0	0	0	0	0	0	0	0	0	0	0	0	0	0	1	42	
341973	0	0	0	0	0	0	0	0	0	0	0	0	0	0	0	53	
342722	0	0	0	0	0	0	0	0	0	0	0	0	0	0	0	35	
343473	0	0	0	0	0	0	0	0	0	0	0	0	0	0	0	45	
344222	0	0	0	0	0	0	0	0	0	0	0	0	0	0	0	39	
344975	0	0	0	0	0	0	0	0	0	0	0	0	0	0	0	65	
345726	0	0	0	0	0	0	0	0	0	0	0	0	0	0	0	41	
346476	0	0	0	0	0	0	0	0	0	0	0	0	0	0	0	41	
347226	0	0	0	0	0	0	0	0	0	0	0	0	0	0	0	49	
347978	0	0	0	0	0	0	0	0	0	0	0	0	0	0	0	49	
348727	0	0	0	0	0	0	0	0	0	0	0	0	0	0	0	49	
349478	0	0	0	0	0	0	0	0	0	0	0	0	0	0	0	47	
350226	0	0	0	0	0	0	0	0	0	0	0	0	0	0	0	51	
350978	0	0	0	0	0	0	0	0	0	0	0	0	0	0	0	51	
351724	0	0	0	0	0	0	0	0	0	0	0	0	0	0	0	65	
352476	0	0	0	0	0	0	0	0	0	0	0	0	0	0	0	53	
353226	0	0	0	0	0	0	0	0	0	0	0	0	0	0	0	43	
353977	0	0	0	0	0	0	0	0	0	0	0	0	0	0	0	53	
354728	0	0	0	0	0	0	0	0	0	0	0	0	0	0	0	51	
355476	0	0	0	0	0	0	0	0	0	0	0	0	0	0	0	57	
356225	0	0	0	0	0	0	0	0	0	0	0	0	0	0	0	43	
356976	0	0	0	0	0	0	0	0	0	0	0	0	0	0	0	55	
357726	0	0	0	0	0	0	0	0	0	0	0	0	0	0	0	43	
358475	0	0	0	0	0	0	0	0	0	0	0	0	0	0	0	47	
359223	0	0	0	0	0	0	0	0	0	0	0	0	0	0	0	49	
359973	0	0	0	0	0	0	0	0	0	0	0	0	0	0	0	57	
360725	0	0	0	0	0	0	0	0	0	0	0	0	0	0	0	63	
361478	0	0	0	0	0	0	0	0	0	0	0	0	0	0	0	53	
362230	0	0	0	0	0	0	0	0	0	0	0	0	0	0	0	51	
362980	0	0	0	0	0	0	0	0	0	0	0	0	0	0	0	51	
363727	0	0	0	0	0	0	0	0	0	0	0	0	0	0	0	37	
364476	0	0	0	0	0	0	0	0	0	0	0	0	0	0	51	0	
365225	0	0	0	0	0	0	0	0	0	0	0	0	0	0	61	0	
365977	0	0	0	0	0	0	0	0	0	0	0	0	0	0	59	0	
366730	0	0	0	0	0	0	0	0	0	0	0	0	0	0	49	0	
367481	0	0	0	0	0	0	0	0	0	0	0	0	0	0	51	0	
368235	0	0	0	0	0	0	0	0	0	0	0	0	0	0	47	0	
368984	0	0	0	0	0	0	0	0	0	0	0	0	0	0	65	0	
369736	0	0	0	0	0	0	0	0	0	0	0	0	0	0	0	69	
370487	0	0	0	0	0	0	0	0	0	0	0	0	0	0	0	45	
371238	0	0	0	0	0	0	0	0	0	0	0	0	0	0	0	53	
371987	0	0	0	0	0	0	0	0	0	0	0	0	0	0	0	53	
372737	0	0	0	0	0	0	0	0	0	0	0	0	0	0	0	37	
373484	0	0	0	0	0	0	0	0	0	0	0	0	0	0	0	61	
374233	0	0	0	0	0	0	0	0	0	0	0	0	0	0	0	43	
374984	0	0	0	0	0	0	0	0	0	0	0	0	0	0	0	45	
375736	0	0	0	0	0	0	0	0	0	0	0	0	0	0	0	61	
376486	0	0	0	0	0	0	0	0	0	0	0	0	0	0	0	41	
377235	0	0	0	0	0	0	0	0	0	0	0	0	0	0	0	53	
377986	0	0	0	0	0	0	0	0	0	0	0	0	0	0	0	51	
378733	0	0	0	0	0	0	0	0	0	0	0	0	0	0	0	57	
379486	0	0	0	0	0	0	0	0	0	0	0	0	0	0	0	55	
380238	0	0	0	0	0	0	0	0	0	0	0	0	0	0	0	55	
380984	0	0	0	0	0	0	0	0	0	0	0	0	0	0	0	51	
381733	0	0	0	0	0	0	0	0	0	0	0	0	0	0	0	47	
382487	0	0	0	0	0	0	0	0	0	0	0	0	0	0	0	49	
383237	0	0	0	0	0	0	0	0	0	0	0	0	0	0	0	47	
383986	0	0	0	0	0	0	0	0	0	0	0	0	0	0	0	41	
384737	0	0	0	0	0	0	0	0	0	0	0	0	0	0	0	35	
385489	0	0	0	0	0	0	0	0	0	0	0	0	0	0	0	59	
386237	0	0	0	0	0	0	0	0	0	0	0	0	0	0	0	55	
386989	0	0	0	0	0	0	0	0	0	0	0	0	0	0	0	47	
387736	0	0	0	0	0	0	0	0	0	0	0	0	0	0	0	55	
388484	0	0	0	0	0	0	0	0	0	0	0	0	0	0	0	61	
389233	0	0	0	0	0	0	0	0	0	0	0	0	0	0	0	61	
389982	0	0	0	0	0	0	0	0	0	0	0	0	0	0	0	49	
390732	0	0	0	0	0	0	0	0	0	0	0	0	0	0	0	43	
391480	0	0	0	0	0	0	0	0	0	0	0	0	0	0	0	45	
392231	0	0	0	0	0	0	0	0	0	0	0	0	0	0	0	55	
392979	0	0	0	0	0	0	0	0	0	0	0	0	0	0	0	39	
393728	0	0	0	0	0	0	0	0	0	0	0	0	0	0	0	51	
394478	0	0	0	0	0	0	0	0	0	0	0	0	0	0	0	43	
395226	0	0	0	0	0	0	0	0	0	0	0	0	0	0	0	49	
395974	0	0	0	0	0	0	0	0	0	0	0	0	0	0	57	0	
396722	0	0	0	0	0	0	0	0	0	0	0	0	0	0	49	0	
397471	0	0	0	0	0	0	0	0	0	0	0	0	0	0	43	0	
398224	0	0	0	0	0	0	0	0	0	0	0	0	0	0	65	0	
398976	0	0	0	0	0	0	0	0	0	0	0	0	0	0	61	0	
399724	0	0	0	0	0	0	0	0	0	0	0	0	0	0	63	0	
400475	0	0	0	0	0	0	0	0	0	0	0	0	0	57	0	0	
401224	0	0	0	0	0	0	0	0	0	0	0	0	0	71	0	0	
401974	0	0	0	0	0	0	0	0	0	0	0	0	0	65	0	0	
402723	0	0	0	0	0	0	0	0	0	0	0	0	0	63	0	0	
403472	0	0	0	0	0	0	0	0	0	0	0	0	0	51	0	0	
404226	0	0	0	0	0	0	0	0	0	0	0	0	0	61	0	0	
404973	0	0	0	0	0	0	0	0	0	0	0	0	0	43	0	0	
405723	0	0	0	0	0	0	0	0	0	0	0	0	0	63	0	0	
406471	0	0	0	0	0	0	0	0	0	0	0	0	0	73	0	0	
407220	0	0	0	0	0	0	0	0	0	0	0	0	0	45	0	0	
407969	0	0	0	0	0	0	0	0	0	0	0	0	0	55	0	0	
408722	0	0	0	0	0	0	0	0	0	0	0	0	0	55	0	0	
409473	0	0	0	0	0	0	0	0	0	0	0	0	0	61	0	0	
410224	0	0	0	0	0	0	0	0	0	0	0	0	0	69	0	0	
410976	0	0	0	0	0	0	0	0	0	0	0	0	0	61	0	0	
411725	0	0	0	0	0	0	0	0	0	0	0	0	0	49	0	0	
412477	0	0	0	0	0	0	0	0	0	0	0	0	0	61	0	0	
413226	0	0	0	0	0	0	0	0	0	0	0	0	0	57	0	0	
413976	0	0	0	0	0	0	0	0	0	0	0	0	0	61	0	0	
414727	0	0	0	0	0	0	0	0	0	0	0	0	0	63	0	0	
415476	0	0	0	0	0	0	0	0	0	0	0	0	0	75	0	0	
416227	0	0	0	0	0	0	0	0	0	0	0	0	0	55	0	0	
416978	0	0	0	0	0	0	0	0	0	0	0	0	0	57	0	0	
417730	0	0	0	0	0	0	0	0	0	0	0	0	0	69	0	0	
418479	0	0	0	0	0	0	0	0	0	0	0	0	0	49	0	0	
419229	0	0	0	0	0	0	0	0	0	0	0	0	0	53	0	0	
419978	0	0	0	0	0	0	0	0	0	0	0	0	0	51	0	0	
420728	0	0	0	0	0	0	0	0	0	0	0	0	71	0	0	0	
421474	0	0	0	0	0	0	0	0	0	0	0	0	61	0	0	0	
422223	0	0	0	0	0	0	0	0	0	0	0	0	59	0	0	0	
422974	0	0	0	0	0	0	0	0	0	0	0	0	51	0	0	0	
423725	0	0	0	0	0	0	0	0	0	0	0	0	63	0	0	0	
424479	0	0	0	0	0	0	0	0	0	0	0	0	53	0	0	0	
425228	0	0	0	0	0	0	0	0	0	0	0	0	63	0	0	0	
425977	0	0	0	0	0	0	0	0	0	0	0	0	59	0	0	0	
426727	0	0	0	0	0	0	0	0	0	0	0	0	45	0	0	0	
427478	0	0	0	0	0	0	0	0	0	0	0	0	57	0	0	0	
428227	0	0	0	0	0	0	0	0	0	0	0	0	67	0	0	0	
428978	0	0	0	0	0	0	0	0	0	0	0	0	67	0	0	0	
429729	0	0	0	0	0	0	0	0	0	0	0	0	69	0	0	0	
430482	0	0	0	0	0	0	0	0	0	0	0	0	59	0	0	0	
431232	0	0	0	0	0	0	0	0	0	0	0	0	67	0	0	0	
431980	0	0	0	0	0	0	0	0	0	0	0	0	57	0	0	0	
432731	0	0	0	0	0	0	0	0	0	0	0	0	69	0	0	0	
433481	0	0	0	0	0	0	0	0	0	0	0	0	63	0	0	0	
434233	0	0	0	0	0	0	0	0	0	0	0	0	77	0	0	0	
434984	0	0	0	0	0	0	0	0	0	0	0	0	65	0	0	0	
435737	0	0	0	0	0	0	0	0	0	0	0	0	69	0	0	0	
436486	0	0	0	0	0	0	0	0	0	0	0	0	55	0	0	0	
437238	0	0	0	0	0	0	0	0	0	0	0	0	61	0	0	0	
437988	0	0	0	0	0	0	0	0	0	0	0	0	65	0	0	0	
438736	0	0	0	0	0	0	0	0	0	0	0	0	59	0	0	0	
439485	0	0	0	0	0	0	0	0	0	0	0	0	59	0	0	0	
440235	0	0	0	0	0	0	0	0	0	0	0	0	61	0	0	0	
440982	0	0	0	0	0	0	0	0	0	0	0	0	0	59	0	0	
441732	0	0	0	0	0	0	0	0	0	0	0	0	0	53	0	0	
442481	0	0	0	0	0	0	0	0	0	0	0	0	0	55	0	0	
443232	0	0	0	0	0	0	0	0	0	0	0	0	0	59	0	0	
443984	0	0	0	0	0	0	0	0	0	0	0	0	0	51	0	0	
444733	0	0	0	0	0	0	0	0	0	0	0	0	0	61	0	0	
445486	0	0	0	0	0	0	0	0	0	0	0	0	0	57	0	0	
446232	0	0	0	0	0	0	0	0	0	0	0	0	0	0	51	0	
446980	0	0	0	0	0	0	0	0	0	0	0	0	0	0	55	0	
447729	0	0	0	0	0	0	0	0	0	0	0	0	0	0	45	0	
448478	0	0	0	0	0	0	0	0	0	0	0	0	0	0	61	0	
449228	0	0	0	0	0	0	0	0	0	0	0	0	0	27	34	0	
449978	0	0	0	0	0	0	0	0	0	0	0	0	0	45	0	0	
450730	0	0	0	0	0	0	0	0	0	0	0	0	0	57	0	0	
451478	0	0	0	0	0	0	0	0	0	0	0	0	0	69	0	0	
452230	0	0	0	0	0	0	0	0	0	0	0	0	0	0	57	0	
452981	0	0	0	0	0	0	0	0	0	0	0	0	0	0	59	0	
453730	0	0	0	0	0	0	0	0	0	0	0	0	0	0	53	0	
454479	0	0	0	0	0	0	0	0	0	0	0	0	0	0	59	0	
455227	0	0	0	0	0	0	0	0	0	0	0	0	0	0	53	0	
455978	0	0	0	0	0	0	0	0	0	0	0	0	0	0	63	0	
456729	0	0	0	0	0	0	0	0	0	0	0	0	0	0	61	0	
457479	0	0	0	0	0	0	0	0	0	0	0	0	0	0	51	0	
458227	0	0	0	0	0	0	0	0	0	0	0	0	0	0	63	0	
458980	0	0	0	0	0	0	0	0	0	0	0	0	0	0	45	0	
459726	0	0	0	0	0	0	0	0	0	0	0	0	0	0	57	0	
460476	0	0	0	0	0	0	0	0	0	0	0	0	0	0	55	0	
461227	0	0	0	0	0	0	0	0	0	0	0	0	0	0	63	0	
461976	0	0	0	0	0	0	0	0	0	0	0	0	0	0	43	0	
462726	0	0	0	0	0	0	0	0	0	0	0	0	0	0	55	0	
463474	0	0	0	0	0	0	0	0	0	0	0	0	0	47	0	0	
464222	0	0	0	0	0	0	0	0	0	0	0	0	0	63	0	0	
464969	0	0	0	0	0	0	0	0	0	0	0	0	0	59	0	0	
465717	0	0	0	0	0	0	0	0	0	0	0	0	0	49	0	0	
466467	0	0	0	0	0	0	0	0	0	0	0	0	0	61	0	0	
467215	0	0	0	0	0	0	0	0	0	0	0	0	0	47	0	0	
467962	0	0	0	0	0	0	0	0	0	0	0	0	0	65	0	0	
468710	0	0	0	0	0	0	0	0	0	0	0	0	0	51	0	0	
469461	0	0	0	0	0	0	0	0	0	0	0	0	0	63	0	0	
470211	0	0	0	0	0	0	0	0	0	0	0	0	73	0	0	0	
470961	0	0	0	0	0	0	0	0	0	0	0	0	67	0	0	0	
471708	0	0	0	0	0	0	0	0	0	0	0	0	67	0	0	0	
472457	0	0	0	0	0	0	0	0	0	0	0	0	69	0	0	0	
473209	0	0	0	0	0	0	0	0	0	0	0	0	53	0	0	0	
473956	0	0	0	0	0	0	0	0	0	0	0	0	61	0	0	0	
474706	0	0	0	0	0	0	0	0	0	0	0	0	79	0	0	0	
475457	0	0	0	0	0	0	0	0	0	0	0	0	77	0	0	0	
476208	0	0	0	0	0	0	0	0	0	0	0	0	79	0	0	0	
476958	0	0	0	0	0	0	0	0	0	0	0	0	57	0	0	0	
477706	0	0	0	0	0	0	0	0	0	0	0	0	57	0	0	0	
478459	0	0	0	0	0	0	0	0	0	0	0	0	67	0	0	0	
479211	0	0	0	0	0	0	0	0	0	0	0	0	57	0	0	0	
479962	0	0	0	0	0	0	0	0	0	0	0	0	71	0	0	0	
480714	0	0	0	0	0	0	0	0	0	0	0	0	67	0	0	0	
481462	0	0	0	0	0	0	0	0	0	0	0	0	51	0	0	0	
482211	0	0	0	0	0	0	0	0	0	0	0	0	53	0	0	0	
482959	0	0	0	0	0	0	0	0	0	0	0	0	51	0	0	0	
483707	0	0	0	0	0	0	0	0	0	0	0	0	61	0	0	0	
484454	0	0	0	0	0	0	0	0	0	0	0	0	57	0	0	0	
485207	0	0	0	0	0	0	0	0	0	0	0	0	61	0	0	0	
485958	0	0	0	0	0	0	0	0	0	0	0	0	57	0	0	0	
486707	0	0	0	0	0	0	0	0	0	0	0	0	57	0	0	0	
487457	0	0	0	0	0	0	0	0	0	0	0	0	53	0	0	0	
488204	0	0	0	0	0	0	0	0	0	0	0	0	77	0	0	0	
488956	0	0	0	0	0	0	0	0	0	0	0	0	0	63	0	0	
489706	0	0	0	0	0	0	0	0	0	0	0	0	0	55	0	0	
490457	0	0	0	0	0	0	0	0	0	0	0	0	0	0	47	0	
491203	0	0	0	0	0	0	0	0	0	0	0	0	0	0	55	0	
491951	0	0	0	0	0	0	0	0	0	0	0	0	0	0	57	0	
492701	0	0	0	0	0	0	0	0	0	0	0	0	0	0	47	0	
493452	0	0	0	0	0	0	0	0	0	0	0	0	0	0	49	0	
494203	0	0	0	0	0	0	0	0	0	0	0	0	0	0	0	53	
494951	0	0	0	0	0	0	0	0	0	0	0	0	0	0	0	47	
495702	0	0	0	0	0	0	0	0	0	0	0	0	0	0	0	49	
496452	0	0	0	0	0	0	0	0	0	0	0	0	0	0	0	57	
497203	0	0	0	0	0	0	0	0	0	0	0	0	0	0	0	49	
497954	0	0	0	0	0	0	0	0	0	0	0	0	0	0	0	43	
498705	0	0	0	0	0	0	0	0	0	0	0	0	0	0	0	51	
499456	0	0	0	0	0	0	0	0	0	0	0	0	0	0	0	55	
500206	0	0	0	0	0	0	0	0	0	0	0	0	0	0	0	63	
500954	0	0	0	0	0	0	0	0	0	0	0	0	0	0	0	53	
501702	0	0	0	0	0	0	0	0	0	0	0	0	0	0	0	45	
502451	0	0	0	0	0	0	0	0	0	0	0	0	0	0	0	45	
503204	0	0	0	0	0	0	0	0	0	0	0	0	0	0	0	51	
503955	0	0	0	0	0	0	0	0	0	0	0	0	0	0	0	53	
504707	0	0	0	0	0	0	0	0	0	0	0	0	0	0	0	51	
505454	0	0	0	0	0	0	0	0	0	0	0	0	0	0	0	55	
506208	0	0	0	0	0	0	0	0	0	0	0	0	0	0	0	47	
506959	0	0	0	0	0	0	0	0	0	0	0	0	0	0	0	51	
507709	0	0	0	0	0	0	0	0	0	0	0	0	0	0	0	59	
508458	0	0	0	0	0	0	0	0	0	0	0	0	0	0	61	0	
509206	0	0	0	0	0	0	0	0	0	0	0	0	0	0	45	0	
509954	0	0	0	0	0	0	0	0	0	0	0	0	0	0	0	49	
510707	0	0	0	0	0	0	0	0	0	0	0	0	0	0	0	49	
511456	0	0	0	0	0	0	0	0	0	0	0	0	0	0	0	57	
512207	0	0	0	0	0	0	0	0	0	0	0	0	0	0	0	49	
512959	0	0	0	0	0	0	0	0	0	0	0	0	0	0	0	57	
513709	0	0	0	0	0	0	0	0	0	0	0	0	0	0	0	49	
514457	0	0	0	0	0	0	0	0	0	0	0	0	0	0	55	0	
515206	0	0	0	0	0	0	0	0	0	0	0	0	0	0	45	0	
515957	0	0	0	0	0	0	0	0	0	0	0	0	0	0	53	0	
516711	0	0	0	0	0	0	0	0	0	0	0	0	0	0	49	0	
517462	0	0	0	0	0	0	0	0	0	0	0	0	0	0	55	0	
518210	0	0	0	0	0	0	0	0	0	0	0	0	0	0	51	0	
518958	0	0	0	0	0	0	0	0	0	0	0	0	0	0	49	0	
519706	0	0	0	0	0	0	0	0	0	0	0	0	0	0	65	0	
520455	0	0	0	0	0	0	0	0	0	0	0	0	0	0	46	1	
521208	0	0	0	0	0	0	0	0	0	0	0	0	0	0	49	0	
521959	0	0	0	0	0	0	0	0	0	0	0	0	0	0	59	0	
522710	0	0	0	0	0	0	0	0	0	0	0	0	0	0	57	0	
523461	0	0	0	0	0	0	0	0	0	0	0	0	0	0	61	0	
524212	0	0	0	0	0	0	0	0	0	0	0	0	0	63	0	0	
524962	0	0	0	0	0	0	0	0	0	0	0	0	0	63	0	0	
525710	0	0	0	0	0	0	0	0	0	0	0	0	0	67	0	0	
526463	0	0	0	0	0	0	0	0	0	0	0	0	59	0	0	0	
527213	0	0	0	0	0	0	0	0	0	0	0	0	59	0	0	0	
527966	0	0	0	0	0	0	0	0	0	0	0	0	53	0	0	0	
528715	0	0	0	0	0	0	0	0	0	0	0	0	65	0	0	0	
529463	0	0	0	0	0	0	0	0	0	0	0	0	57	0	0	0	
530215	0	0	0	0	0	0	0	0	0	0	0	0	61	0	0	0	
530968	0	0	0	0	0	0	0	0	0	0	0	0	39	0	0	0	
531718	0	0	0	0	0	0	0	0	0	0	0	0	61	0	0	0	
532466	0	0	0	0	0	0	0	0	0	0	0	0	45	0	0	0	
533218	0	0	0	0	0	0	0	0	0	0	0	0	67	0	0	0	
533966	0	0	0	0	0	0	0	0	0	0	0	0	51	0	0	0	
534717	0	0	0	0	0	0	0	0	0	0	0	0	57	0	0	0	
535470	0	0	0	0	0	0	0	0	0	0	0	0	59	0	0	0	
536222	0	0	0	0	0	0	0	0	0	0	0	0	59	0	0	0	
536971	0	0	0	0	0	0	0	0	0	0	0	0	73	0	0	0	
537721	0	0	0	0	0	0	0	0	0	0	0	0	67	0	0	0	
538472	0	0	0	0	0	0	0	0	0	0	0	0	55	0	0	0	
539223	0	0	0	0	0	0	0	0	0	0	0	0	61	0	0	0	
539973	0	0	0	0	0	0	0	0	0	0	0	0	63	0	0	0	
540724	0	0	0	0	0	0	0	0	0	0	0	0	61	0	0	0	
541476	0	0	0	0	0	0	0	0	0	0	0	0	75	0	0	0	
542223	0	0	0	0	0	0	0	0	0	0	0	0	57	0	0	0	
542971	0	0	0	0	0	0	0	0	0	0	0	0	49	0	0	0	
543721	0	0	0	0	0	0	0	0	0	0	0	0	65	0	0	0	
544471	0	0	0	0	0	0	0	0	0	0	0	0	51	0	0	0	
545223	0	0	0	0	0	0	0	0	0	0	0	0	71	0	0	0	
545971	0	0	0	0	0	0	0	0	0	0	0	0	57	0	0	0	
546722	0	0	0	0	0	0	0	0	0	0	0	0	57	0	0	0	
547472	0	0	0	0	0	0	0	0	0	0	0	0	69	0	0	0	
548219	0	0	0	0	0	0	0	0	0	0	0	0	0	43	0	0	
548970	0	0	0	0	0	0	0	0	0	0	0	0	0	51	0	0	
549719	0	0	0	0	0	0	0	0	0	0	0	0	0	71	0	0	
550469	0	0	0	0	0	0	0	0	0	0	0	0	0	53	0	0	
551216	0	0	0	0	0	0	0	0	0	0	0	0	0	59	0	0	
551965	0	0	0	0	0	0	0	0	0	0	0	0	0	45	0	0	
552713	0	0	0	0	0	0	0	0	0	0	0	0	0	55	0	0	
553463	0	0	0	0	0	0	0	0	0	0	0	0	0	57	0	0	
554213	0	0	0	0	0	0	0	0	0	0	0	0	0	65	0	0	
554964	0	0	0	0	0	0	0	0	0	0	0	0	0	59	0	0	
555714	0	0	0	0	0	0	0	0	0	0	0	0	0	57	0	0	
556463	0	0	0	0	0	0	0	0	0	0	0	0	0	65	0	0	
557209	0	0	0	0	0	0	0	0	0	0	0	0	0	0	47	0	
557958	0	0	0	0	0	0	0	0	0	0	0	0	0	0	67	0	
558705	0	0	0	0	0	0	0	0	0	0	0	0	0	0	53	0	
559454	0	0	0	0	0	0	0	0	0	0	0	0	0	0	57	0	
560207	0	0	0	0	0	0	0	0	0	0	0	0	0	47	0	0	
560958	0	0	0	0	0	0	0	0	0	0	0	0	0	59	0	0	
561707	0	0	0	0	0	0	0	0	0	0	0	0	0	57	0	0	
562458	0	0	0	0	0	0	0	0	0	0	0	0	0	51	0	0	
563208	0	0	0	0	0	0	0	0	0	0	0	0	0	69	0	0	
563955	0	0	0	0	0	0	0	0	0	0	0	0	0	49	0	0	
564705	0	0	0	0	0	0	0	0	0	0	0	0	0	53	0	0	
565452	0	0	0	0	0	0	0	0	0	0	0	0	0	63	0	0	
566201	0	0	0	0	0	0	0	0	0	0	0	0	0	69	0	0	
566948	0	0	0	0	0	0	0	0	0	0	0	0	0	63	0	0	
567697	0	0	0	0	0	0	0	0	0	0	0	0	0	62	1	0	
568447	0	0	0	0	0	0	0	0	0	0	0	0	0	67	0	0	
569200	0	0	0	0	0	0	0	0	0	0	0	0	69	0	0	0	
569951	0	0	0	0	0	0	0	0	0	0	0	0	53	0	0	0	
570700	0	0	0	0	0	0	0	0	0	0	0	0	65	0	0	0	
571450	0	0	0	0	0	0	0	0	0	0	0	0	73	0	0	0	
572201	0	0	0	0	0	0	0	0	0	0	0	0	59	0	0	0	
572952	0	0	0	0	0	0	0	0	0	0	0	0	57	0	0	0	
573702	0	0	0	0	0	0	0	0	0	0	0	0	47	0	0	0	
574454	0	0	0	0	0	0	0	0	0	0	0	0	71	0	0	0	
575204	0	0	0	0	0	0	0	0	0	0	0	0	73	0	0	0	
575956	0	0	0	0	0	0	0	0	0	0	0	0	53	0	0	0	
576704	0	0	0	0	0	0	0	0	0	0	0	0	63	0	0	0	
577455	0	0	0	0	0	0	0	0	0	0	0	0	0	53	0	0	
578204	0	0	0	0	0	0	0	0	0	0	0	0	0	51	0	0	
578957	0	0	0	0	0	0	0	0	0	0	0	0	0	57	0	0	
579706	0	0	0	0	0	0	0	0	0	0	0	0	0	63	0	0	
580455	0	0	0	0	0	0	0	0	0	0	0	0	0	63	0	0	
581205	0	0	0	0	0	0	0	0	0	0	0	0	0	67	0	0	
581955	0	0	0	0	0	0	0	0	0	0	0	0	0	61	0	0	
582704	0	0	0	0	0	0	0	0	0	0	0	0	0	63	0	0	
583456	0	0	0	0	0	0	0	0	0	0	0	0	0	61	0	0	
584210	0	0	0	0	0	0	0	0	0	0	0	0	0	71	0	0	
584959	0	0	0	0	0	0	0	0	0	0	0	0	0	55	0	0	
585705	0	0	0	0	0	0	0	0	0	0	0	0	0	59	0	0	
586459	0	0	0	0	0	0	0	0	0	0	0	0	0	61	0	0	
587207	0	0	0	0	0	0	0	0	0	0	0	0	0	53	0	0	
587958	0	0	0	0	0	0	0	0	0	0	0	0	0	63	0	0	
588709	0	0	0	0	0	0	0	0	0	0	0	0	0	59	0	0	
589459	0	0	0	0	0	0	0	0	0	0	0	0	0	63	0	0	
590207	0	0	0	0	0	0	0	0	0	0	0	0	0	47	0	0	
590956	0	0	0	0	0	0	0	0	0	0	0	0	0	59	0	0	
591706	0	0	0	0	0	0	0	0	0	0	0	0	0	57	0	0	
592456	0	0	0	0	0	0	0	0	0	0	0	0	0	57	0	0	
593204	0	0	0	0	0	0	0	0	0	0	0	0	0	75	0	0	
593954	0	0	0	0	0	0	0	0	0	0	0	0	0	55	0	0	
594702	0	0	0	0	0	0	0	0	0	0	0	0	0	55	0	0	
595451	0	0	0	0	0	0	0	0	0	0	0	0	0	59	0	0	
596198	0	0	0	0	0	0	0	0	0	0	0	0	0	81	0	0	
596949	0	0	0	0	0	0	0	0	0	0	0	73	0	0	0	0	
597699	0	0	0	0	0	0	0	0	0	0	0	67	0	0	0	0	
598453	0	0	0	0	0	0	0	0	0	0	0	67	0	0	0	0	
599202	0	0	0	0	0	0	0	0	0	0	14	53	0	0	0	0	
599953	0	0	0	0	0	0	0	0	0	0	0	75	0	0	0	0	
600705	0	0	0	0	0	0	0	0	0	0	0	71	0	0	0	0	
601456	0	0	0	0	0	0	0	0	0	0	0	55	0	0	0	0	
602208	0	0	0	0	0	0	0	0	0	0	0	55	0	0	0	0	
602957	0	0	0	0	0	0	0	0	0	0	0	61	0	0	0	0	
603707	0	0	0	0	0	0	0	0	0	0	0	69	0	0	0	0	
604458	0	0	0	0	0	0	0	0	0	0	0	75	0	0	0	0	
605207	0	0	0	0	0	0	0	0	0	0	0	63	0	0	0	0	
605957	0	0	0	0	0	0	0	0	0	0	75	0	0	0	0	0	
606706	0	0	0	0	0	0	0	0	0	0	75	0	0	0	0	0	
607452	0	0	0	0	0	0	0	0	0	0	61	0	0	0	0	0	
608199	0	0	0	0	0	0	0	0	0	79	0	0	0	0	0	0	
608947	0	0	0	0	0	0	0	0	0	79	0	0	0	0	0	0	
609698	0	0	0	0	0	0	0	0	0	81	0	0	0	0	0	0	
610448	0	0	0	0	0	0	0	0	0	71	0	0	0	0	0	0	
611196	0	0	0	0	0	0	0	0	0	85	0	0	0	0	0	0	
611949	0	0	0	0	0	0	0	0	0	85	0	0	0	0	0	0	
612698	0	0	0	0	0	0	0	0	0	101	0	0	0	0	0	0	
613447	0	0	0	0	0	0	0	0	83	0	0	0	0	0	0	0	
614197	0	0	0	0	0	0	0	0	87	0	0	0	0	0	0	0	
614946	0	0	0	0	0	0	0	0	91	0	0	0	0	0	0	0	
615699	0	0	0	0	0	0	0	0	93	0	0	0	0	0	0	0	
616451	0	0	0	0	0	0	0	0	87	0	0	0	0	0	0	0	
617200	0	0	0	0	0	0	0	0	101	0	0	0	0	0	0	0	
617951	0	0	0	0	0	0	0	0	97	0	0	0	0	0	0	0	
618698	0	0	0	0	0	0	0	0	85	0	0	0	0	0	0	0	
619446	0	0	0	0	0	0	0	0	93	0	0	0	0	0	0	0	
620197	0	0	0	0	0	0	0	0	91	0	0	0	0	0	0	0	
620945	0	0	0	0	0	0	0	0	73	0	0	0	0	0	0	0	
621694	0	0	0	0	0	0	0	0	85	0	0	0	0	0	0	0	
622441	0	0	0	0	0	0	0	0	95	0	0	0	0	0	0	0	
623192	0	0	0	0	0	0	0	0	89	0	0	0	0	0	0	0	
623942	0	0	0	0	0	0	0	0	95	0	0	0	0	0	0	0	
624689	0	0	0	0	0	0	0	0	79	0	0	0	0	0	0	0	
625438	0	0	0	0	0	0	0	0	101	0	0	0	0	0	0	0	
626189	0	0	0	0	0	0	0	0	91	0	0	0	0	0	0	0	
626940	0	0	0	0	0	0	0	0	91	0	0	0	0	0	0	0	
627691	0	0	0	0	0	0	0	0	69	0	0	0	0	0	0	0	
628442	0	0	0	0	0	0	0	0	99	0	0	0	0	0	0	0	
629192	0	0	0	0	0	0	0	0	85	0	0	0	0	0	0	0	
629947	0	0	0	0	0	0	0	0	89	0	0	0	0	0	0	0	
630698	0	0	0	0	0	0	0	0	85	0	0	0	0	0	0	0	
631450	0	0	0	0	0	0	0	0	93	0	0	0	0	0	0	0	
632203	0	0	0	0	0	0	0	0	79	0	0	0	0	0	0	0	
632951	0	0	0	0	0	0	0	0	89	0	0	0	0	0	0	0	
633702	0	0	0	0	0	0	0	0	93	0	0	0	0	0	0	0	
634455	0	0	0	0	0	0	0	0	87	0	0	0	0	0	0	0	
635203	0	0	0	0	0	0	0	0	87	0	0	0	0	0	0	0	
635952	0	0	0	0	0	0	0	0	73	0	0	0	0	0	0	0	
636701	0	0	0	0	0	0	0	0	75	0	0	0	0	0	0	0	
637449	0	0	0	0	0	0	0	0	71	0	0	0	0	0	0	0	
638203	0	0	0	0	0	0	0	0	91	0	0	0	0	0	0	0	
638954	0	0	0	0	0	0	0	0	89	0	0	0	0	0	0	0	
639704	0	0	0	0	0	0	0	0	81	0	0	0	0	0	0	0	
640459	0	0	0	0	0	0	0	0	101	0	0	0	0	0	0	0	
641209	0	0	0	0	0	0	0	0	0	87	0	0	0	0	0	0	
641954	0	0	0	0	0	0	0	0	0	91	0	0	0	0	0	0	
642705	0	0	0	0	0	0	0	0	0	77	0	0	0	0	0	0	
643455	0	0	0	0	0	0	0	0	0	71	0	0	0	0	0	0	
644201	0	0	0	0	0	0	0	0	0	77	0	0	0	0	0	0	
644949	0	0	0	0	0	0	0	0	0	73	0	0	0	0	0	0	
645697	0	0	0	0	0	0	0	0	0	83	0	0	0	0	0	0	
646450	0	0	0	0	0	0	0	0	0	85	0	0	0	0	0	0	
647203	0	0	0	0	0	0	0	0	0	79	0	0	0	0	0	0	
647954	0	0	0	0	0	0	0	0	0	75	0	0	0	0	0	0	
648703	0	0	0	0	0	0	0	0	0	87	0	0	0	0	0	0	
649455	0	0	0	0	0	0	0	0	0	89	0	0	0	0	0	0	
650204	0	0	0	0	0	0	0	0	0	67	0	0	0	0	0	0	
650956	0	0	0	0	0	0	0	0	0	83	0	0	0	0	0	0	
651707	0	0	0	0	0	0	0	0	0	83	0	0	0	0	0	0	
652455	0	0	0	0	0	0	0	0	0	79	2	0	0	0	0	0	
653208	0	0	0	0	0	0	0	0	0	93	0	0	0	0	0	0	
653960	0	0	0	0	0	0	0	0	0	75	0	0	0	0	0	0	
654711	0	0	0	0	0	0	0	0	0	85	0	0	0	0	0	0	
655460	0	0	0	0	0	0	0	0	0	99	0	0	0	0	0	0	
656209	0	0	0	0	0	0	0	0	0	91	0	0	0	0	0	0	
656960	0	0	0	0	0	0	0	0	0	81	0	0	0	0	0	0	
657708	0	0	0	0	0	0	0	0	0	69	0	0	0	0	0	0	
658461	0	0	0	0	0	0	0	0	0	85	0	0	0	0	0	0	
659211	0	0	0	0	0	0	0	0	0	63	0	0	0	0	0	0	
659957	0	0	0	0	0	0	0	0	0	85	0	0	0	0	0	0	
660707	0	0	0	0	0	0	0	0	0	87	0	0	0	0	0	0	
661457	0	0	0	0	0	0	0	0	0	69	0	0	0	0	0	0	
662205	0	0	0	0	0	0	0	0	0	83	0	0	0	0	0	0	
662955	0	0	0	0	0	0	0	0	0	0	69	0	0	0	0	0	
663704	0	0	0	0	0	0	0	0	0	0	91	0	0	0	0	0	
664455	0	0	0	0	0	0	0	0	0	0	77	0	0	0	0	0	
665207	0	0	0	0	0	0	0	0	0	0	79	0	0	0	0	0	
665955	0	0	0	0	0	0	0	0	0	0	91	0	0	0	0	0	
666706	0	0	0	0	0	0	0	0	0	0	83	0	0	0	0	0	
667454	0	0	0	0	0	0	0	0	0	0	89	0	0	0	0	0	
668203	0	0	0	0	0	0	0	0	0	0	65	0	0	0	0	0	
668952	0	0	0	0	0	0	0	0	0	0	71	0	0	0	0	0	
669705	0	0	0	0	0	0	0	0	0	0	67	0	0	0	0	0	
670456	0	0	0	0	0	0	0	0	0	0	73	0	0	0	0	0	
671205	0	0	0	0	0	0	0	0	0	0	57	0	0	0	0	0	
671955	0	0	0	0	0	0	0	0	0	0	73	0	0	0	0	0	
672703	0	0	0	0	0	0	0	0	0	0	61	0	0	0	0	0	
673451	0	0	0	0	0	0	0	0	0	0	81	0	0	0	0	0	
674198	0	0	0	0	0	0	0	0	0	0	67	0	0	0	0	0	
674948	0	0	0	0	0	0	0	0	0	0	63	0	0	0	0	0	
675699	0	0	0	0	0	0	0	0	0	0	75	0	0	0	0	0	
676447	0	0	0	0	0	0	0	0	0	0	61	0	0	0	0	0	
677197	0	0	0	0	0	0	0	0	0	0	77	0	0	0	0	0	
677950	0	0	0	0	0	0	0	0	0	0	59	0	0	0	0	0	
678701	0	0	0	0	0	0	0	0	0	0	67	0	0	0	0	0	
679452	0	0	0	0	0	0	0	0	0	0	79	0	0	0	0	0	
680203	0	0	0	0	0	0	0	0	0	0	81	0	0	0	0	0	
680956	0	0	0	0	0	0	0	0	0	0	67	0	0	0	0	0	
681707	0	0	0	0	0	0	0	0	0	0	73	0	0	0	0	0	
682457	0	0	0	0	0	0	0	0	0	0	85	0	0	0	0	0	
683205	0	0	0	0	0	0	0	0	0	0	73	0	0	0	0	0	
683959	0	0	0	0	0	0	0	0	0	0	57	0	0	0	0	0	
684708	0	0	0	0	0	0	0	0	0	0	91	0	0	0	0	0	
685457	0	0	0	0	0	0	0	0	0	0	49	0	0	0	0	0	
686207	0	0	0	0	0	0	0	0	0	0	0	67	0	0	0	0	
686953	0	0	0	0	0	0	0	0	0	0	0	57	0	0	0	0	
687701	0	0	0	0	0	0	0	0	0	0	0	79	0	0	0	0	
688448	0	0	0	0	0	0	0	0	0	0	0	65	0	0	0	0	
689195	0	0	0	0	0	0	0	0	0	0	0	71	0	0	0	0	
689945	0	0	0	0	0	0	0	0	0	0	71	0	0	0	0	0	
690695	0	0	0	0	0	0	0	0	0	0	61	0	0	0	0	0	
691445	0	0	0	0	0	0	0	0	0	0	83	0	0	0	0	0	
692193	0	0	0	0	0	0	0	0	0	0	65	0	0	0	0	0	
692945	0	0	0	0	0	0	0	0	0	0	73	0	0	0	0	0	
693691	0	0	0	0	0	0	0	0	0	0	79	0	0	0	0	0	
694441	0	0	0	0	0	0	0	0	0	0	77	0	0	0	0	0	
695190	0	0	0	0	0	0	0	0	0	0	77	0	0	0	0	0	
695937	0	0	0	0	0	0	0	0	0	0	75	0	0	0	0	0	
696688	0	0	0	0	0	0	0	0	0	0	75	0	0	0	0	0	
697437	0	0	0	0	0	0	0	0	0	0	75	0	0	0	0	0	
698189	0	0	0	0	0	0	0	0	0	0	67	0	0	0	0	0	
698936	0	0	0	0	0	0	0	0	0	0	77	0	0	0	0	0	
699687	0	0	0	0	0	0	0	0	0	0	83	0	0	0	0	0	
700435	0	0	0	0	0	0	0	0	0	0	79	0	0	0	0	0	
701188	0	0	0	0	0	0	0	0	0	0	79	0	0	0	0	0	
701935	0	0	0	0	0	0	0	0	0	0	65	0	0	0	0	0	
702683	0	0	0	0	0	0	0	0	0	0	0	55	0	0	0	0	
703433	0	0	0	0	0	0	0	0	0	0	0	65	0	0	0	0	
704183	0	0	0	0	0	0	0	0	0	0	0	63	0	0	0	0	
704934	0	0	0	0	0	0	0	0	0	0	0	65	0	0	0	0	
705684	0	0	0	0	0	0	0	0	0	0	0	55	0	0	0	0	
706433	0	0	0	0	0	0	0	0	0	0	0	71	0	0	0	0	
707181	0	0	0	0	0	0	0	0	0	0	0	87	0	0	0	0	
707931	0	0	0	0	0	0	0	0	0	0	3	62	0	0	0	0	
708684	0	0	0	0	0	0	0	0	0	0	0	57	0	0	0	0	
709431	0	0	0	0	0	0	0	0	0	0	73	0	0	0	0	0	
710182	0	0	0	0	0	0	0	0	0	0	50	3	0	0	0	0	
710937	0	0	0	0	0	0	0	0	0	0	73	0	0	0	0	0	
711685	0	0	0	0	0	0	0	0	0	0	0	53	0	0	0	0	
712435	0	0	0	0	0	0	0	0	0	0	0	59	0	0	0	0	
713185	0	0	0	0	0	0	0	0	0	0	0	71	0	0	0	0	
713939	0	0	0	0	0	0	0	0	0	0	0	69	0	0	0	0	
714689	0	0	0	0	0	0	0	0	0	0	0	63	0	0	0	0	
715435	0	0	0	0	0	0	0	0	0	0	0	61	0	0	0	0	
716185	0	0	0	0	0	0	0	0	0	0	0	63	0	0	0	0	
716936	0	0	0	0	0	0	0	0	0	0	0	75	0	0	0	0	
717687	0	0	0	0	0	0	0	0	0	0	0	75	0	0	0	0	
718438	0	0	0	0	0	0	0	0	0	0	0	71	0	0	0	0	
719187	0	0	0	0	0	0	0	0	0	0	0	51	0	0	0	0	
719937	0	0	0	0	0	0	0	0	0	0	0	65	0	0	0	0	
720687	0	0	0	0	0	0	0	0	0	0	0	71	0	0	0	0	
721433	0	0	0	0	0	0	0	0	0	0	0	47	0	0	0	0	
722182	0	0	0	0	0	0	0	0	0	0	75	0	0	0	0	0	
722936	0	0	0	0	0	0	0	0	0	0	65	0	0	0	0	0	
723684	0	0	0	0	0	0	0	0	0	0	69	0	0	0	0	0	
724434	0	0	0	0	0	0	0	0	0	0	75	0	0	0	0	0	
725185	0	0	0	0	0	0	0	0	0	0	73	0	0	0	0	0	
725938	0	0	0	0	0	0	0	0	0	0	81	0	0	0	0	0	
726687	0	0	0	0	0	0	0	0	0	0	81	0	0	0	0	0	
727439	0	0	0	0	0	0	0	0	0	0	69	0	0	0	0	0	
728186	0	0	0	0	0	0	0	0	0	0	75	0	0	0	0	0	
728936	0	0	0	0	0	0	0	0	0	0	65	0	0	0	0	0	
729689	0	0	0	0	0	0	0	0	0	0	83	0	0	0	0	0	
730438	0	0	0	0	0	0	0	0	0	0	59	0	0	0	0	0	
731184	0	0	0	0	0	0	0	0	0	0	73	0	0	0	0	0	
731934	0	0	0	0	0	0	0	0	0	83	0	0	0	0	0	0	
732683	0	0	0	0	0	0	0	0	99	0	0	0	0	0	0	0	
733433	0	0	0	0	0	0	0	0	65	0	0	0	0	0	0	0	
734181	0	0	0	0	0	0	0	0	93	0	0	0	0	0	0	0	
734927	0	0	0	0	0	0	0	0	99	0	0	0	0	0	0	0	
735679	0	0	0	0	0	0	0	0	71	0	0	0	0	0	0	0	
736428	0	0	0	0	0	0	0	0	93	0	0	0	0	0	0	0	
737178	0	0	0	0	0	0	0	0	81	0	0	0	0	0	0	0	
737924	0	0	0	0	0	0	0	0	77	0	0	0	0	0	0	0	
738676	0	0	0	0	0	0	0	0	89	0	0	0	0	0	0	0	
739429	0	0	0	0	0	0	0	0	89	0	0	0	0	0	0	0	
740180	0	0	0	0	0	0	0	0	87	0	0	0	0	0	0	0	
740929	0	0	0	0	0	0	0	0	97	0	0	0	0	0	0	0	
741678	0	0	0	0	0	0	0	0	89	0	0	0	0	0	0	0	
742427	0	0	0	0	0	0	0	0	91	0	0	0	0	0	0	0	
743177	0	0	0	0	0	0	0	89	0	0	0	0	0	0	0	0	
743925	0	0	0	0	0	0	0	97	0	0	0	0	0	0	0	0	
744673	0	0	0	0	0	0	0	101	0	0	0	0	0	0	0	0	
745424	0	0	0	0	0	0	0	103	0	0	0	0	0	0	0	0	
746175	0	0	0	0	0	0	0	99	0	0	0	0	0	0	0	0	
746925	0	0	0	0	0	0	0	95	0	0	0	0	0	0	0	0	
747679	0	0	0	0	0	0	0	0	81	0	0	0	0	0	0	0	
748429	0	0	0	0	0	0	0	0	83	0	0	0	0	0	0	0	
749180	0	0	0	0	0	0	0	0	0	75	0	0	0	0	0	0	
749930	0	0	0	0	0	0	0	0	0	77	0	0	0	0	0	0	
750680	0	0	0	0	0	0	0	0	91	0	0	0	0	0	0	0	
751432	0	0	0	0	0	0	0	0	85	0	0	0	0	0	0	0	
752183	0	0	0	0	0	0	0	0	85	0	0	0	0	0	0	0	
752933	0	0	0	0	0	0	0	0	0	79	0	0	0	0	0	0	
753682	0	0	0	0	0	0	0	0	0	75	0	0	0	0	0	0	
754430	0	0	0	0	0	0	0	0	0	91	0	0	0	0	0	0	
755178	0	0	0	0	0	0	0	0	0	85	0	0	0	0	0	0	
755928	0	0	0	0	0	0	0	0	0	95	0	0	0	0	0	0	
756676	0	0	0	0	0	0	0	0	0	87	0	0	0	0	0	0	
757426	0	0	0	0	0	0	0	0	0	69	0	0	0	0	0	0	
758177	0	0	0	0	0	0	0	0	93	0	0	0	0	0	0	0	
758929	0	0	0	0	0	0	0	0	101	0	0	0	0	0	0	0	
759680	0	0	0	0	0	0	0	0	89	0	0	0	0	0	0	0	
760430	0	0	0	0	0	0	0	0	73	0	0	0	0	0	0	0	
761179	0	0	0	0	0	0	0	0	95	0	0	0	0	0	0	0	
761926	0	0	0	0	0	0	0	0	91	0	0	0	0	0	0	0	
762680	0	0	0	0	0	0	0	0	101	0	0	0	0	0	0	0	
763429	0	0	0	0	0	0	0	0	87	0	0	0	0	0	0	0	
764181	0	0	0	0	0	0	0	0	91	0	0	0	0	0	0	0	
764926	0	0	0	0	0	0	0	0	91	0	0	0	0	0	0	0	
765674	0	0	0	0	0	0	0	0	97	0	0	0	0	0	0	0	
766427	0	0	0	0	0	0	0	0	103	0	0	0	0	0	0	0	
767173	0	0	0	0	0	0	0	101	0	0	0	0	0	0	0	0	
767924	0	0	0	0	0	0	0	81	0	0	0	0	0	0	0	0	
768674	0	0	0	0	0	0	0	93	0	0	0	0	0	0	0	0	
769422	0	0	0	0	0	0	0	87	0	0	0	0	0	0	0	0	
770171	0	0	0	0	0	0	0	111	0	0	0	0	0	0	0	0	
770923	0	0	0	0	0	0	0	97	0	0	0	0	0	0	0	0	
771674	0	0	0	0	0	0	0	103	0	0	0	0	0	0	0	0	
772423	0	0	0	0	0	0	107	0	0	0	0	0	0	0	0	0	
773176	0	0	0	0	0	0	113	0	0	0	0	0	0	0	0	0	
773925	0	0	0	0	0	0	115	0	0	0	0	0	0	0	0	0	
774674	0	0	0	0	0	0	103	0	0	0	0	0	0	0	0	0	
775425	0	0	0	0	0	0	117	0	0	0	0	0	0	0	0	0	
776177	0	0	0	0	0	0	111	0	0	0	0	0	0	0	0	0	
776928	0	0	0	0	0	0	137	0	0	0	0	0	0	0	0	0	
777680	0	0	0	0	0	0	113	0	0	0	0	0	0	0	0	0	
778428	0	0	0	0	0	0	101	0	0	0	0	0	0	0	0	0	
779175	0	0	0	0	0	139	0	0	0	0	0	0	0	0	0	0	
779926	0	0	0	0	0	149	0	0	0	0	0	0	0	0	0	0	
780675	0	0	0	0	0	139	0	0	0	0	0	0	0	0	0	0	
781426	0	0	0	0	0	153	0	0	0	0	0	0	0	0	0	0	
782177	0	0	0	0	0	135	0	0	0	0	0	0	0	0	0	0	
782929	0	0	0	0	0	137	0	0	0	0	0	0	0	0	0	0	
783682	0	0	0	0	0	115	0	0	0	0	0	0	0	0	0	0	
784430	0	0	0	0	0	109	0	0	0	0	0	0	0	0	0	0	
785180	0	0	0	0	0	127	0	0	0	0	0	0	0	0	0	0	
785929	0	0	0	0	0	117	0	0	0	0	0	0	0	0	0	0	
786678	0	0	0	0	0	133	0	0	0	0	0	0	0	0	0	0	
787425	0	0	0	0	0	133	0	0	0	0	0	0	0	0	0	0	
788174	0	0	0	0	0	117	0	0	0	0	0	0	0	0	0	0	
788921	0	0	0	0	0	147	0	0	0	0	0	0	0	0	0	0	
789676	0	0	0	0	0	135	0	0	0	0	0	0	0	0	0	0	
790428	0	0	0	0	0	133	0	0	0	0	0	0	0	0	0	0	
791176	0	0	0	0	0	117	0	0	0	0	0	0	0	0	0	0	
791928	0	0	0	0	0	137	0	0	0	0	0	0	0	0	0	0	
792676	0	0	0	0	0	131	0	0	0	0	0	0	0	0	0	0	
793425	0	0	0	0	0	159	0	0	0	0	0	0	0	0	0	0	
794175	0	0	0	0	2	131	0	0	0	0	0	0	0	0	0	0	
794923	0	0	0	0	0	129	0	0	0	0	0	0	0	0	0	0	
795675	0	0	0	0	0	123	0	0	0	0	0	0	0	0	0	0	
796425	0	0	0	0	0	127	0	0	0	0	0	0	0	0	0	0	
797175	0	0	0	0	0	113	0	0	0	0	0	0	0	0	0	0	
797927	0	0	0	0	0	113	0	0	0	0	0	0	0	0	0	0	
798673	0	0	0	0	0	137	0	0	0	0	0	0	0	0	0	0	
799426	0	0	0	0	0	135	0	0	0	0	0	0	0	0	0	0	
800175	0	0	0	0	0	139	0	0	0	0	0	0	0	0	0	0	
800928	0	0	0	0	0	149	0	0	0	0	0	0	0	0	0	0	
801680	0	0	0	0	0	139	0	0	0	0	0	0	0	0	0	0	
802429	0	0	0	0	0	125	0	0	0	0	0	0	0	0	0	0	
803180	0	0	0	0	7	126	0	0	0	0	0	0	0	0	0	0	
803931	0	0	0	0	0	151	0	0	0	0	0	0	0	0	0	0	
804683	0	0	0	0	0	149	0	0	0	0	0	0	0	0	0	0	
805433	0	0	0	0	0	147	0	0	0	0	0	0	0	0	0	0	
806185	0	0	0	0	0	129	0	0	0	0	0	0	0	0	0	0	
806934	0	0	0	0	0	151	0	0	0	0	0	0	0	0	0	0	
807680	0	0	0	0	0	133	0	0	0	0	0	0	0	0	0	0	
808432	0	0	0	0	0	0	103	0	0	0	0	0	0	0	0	0	
809180	0	0	0	0	0	0	119	0	0	0	0	0	0	0	0	0	
809931	0	0	0	0	0	0	121	0	0	0	0	0	0	0	0	0	
810680	0	0	0	0	0	0	113	0	0	0	0	0	0	0	0	0	
811428	0	0	0	0	0	0	147	0	0	0	0	0	0	0	0	0	
812175	0	0	0	0	0	0	115	0	0	0	0	0	0	0	0	0	
812922	0	0	0	0	0	0	119	0	0	0	0	0	0	0	0	0	
813671	0	0	0	0	0	0	123	0	0	0	0	0	0	0	0	0	
814419	0	0	0	0	0	0	127	0	0	0	0	0	0	0	0	0	
815166	0	0	0	0	0	0	111	0	0	0	0	0	0	0	0	0	
815915	0	0	0	0	0	0	113	0	0	0	0	0	0	0	0	0	
816667	0	0	0	0	0	0	113	0	0	0	0	0	0	0	0	0	
817416	0	0	0	0	0	0	127	0	0	0	0	0	0	0	0	0	
818168	0	0	0	0	0	0	117	0	0	0	0	0	0	0	0	0	
818919	0	0	0	0	0	0	101	0	0	0	0	0	0	0	0	0	
819673	0	0	0	0	0	0	95	0	0	0	0	0	0	0	0	0	
820425	0	0	0	0	0	0	121	0	0	0	0	0	0	0	0	0	
821176	0	0	0	0	0	0	103	0	0	0	0	0	0	0	0	0	
821929	0	0	0	0	0	0	111	0	0	0	0	0	0	0	0	0	
822680	0	0	0	0	0	141	0	0	0	0	0	0	0	0	0	0	
823429	0	0	0	0	0	141	0	0	0	0	0	0	0	0	0	0	
824182	0	0	0	0	0	129	0	0	0	0	0	0	0	0	0	0	
824936	0	0	0	0	0	137	0	0	0	0	0	0	0	0	0	0	
825685	0	0	0	0	0	133	0	0	0	0	0	0	0	0	0	0	
826436	0	0	0	0	0	143	0	0	0	0	0	0	0	0	0	0	
827187	0	0	0	0	0	119	0	0	0	0	0	0	0	0	0	0	
827938	0	0	0	0	171	0	0	0	0	0	0	0	0	0	0	0	
828686	0	0	0	0	179	0	0	0	0	0	0	0	0	0	0	0	
829434	0	0	0	0	163	0	0	0	0	0	0	0	0	0	0	0	
830184	0	0	0	0	147	0	0	0	0	0	0	0	0	0	0	0	
830936	0	0	0	0	161	0	0	0	0	0	0	0	0	0	0	0	
831688	0	0	0	0	153	0	0	0	0	0	0	0	0	0	0	0	
832439	0	0	0	0	165	0	0	0	0	0	0	0	0	0	0	0	
833190	0	0	0	0	165	0	0	0	0	0	0	0	0	0	0	0	
833940	0	0	0	0	149	0	0	0	0	0	0	0	0	0	0	0	
834688	0	0	0	0	135	0	0	0	0	0	0	0	0	0	0	0	
835440	0	0	0	0	163	0	0	0	0	0	0	0	0	0	0	0	
836189	0	0	0	0	171	0	0	0	0	0	0	0	0	0	0	0	
836936	0	0	0	0	137	0	0	0	0	0	0	0	0	0	0	0	
837683	0	0	0	0	157	0	0	0	0	0	0	0	0	0	0	0	
838433	0	0	0	0	145	0	0	0	0	0	0	0	0	0	0	0	
839184	0	0	0	0	169	0	0	0	0	0	0	0	0	0	0	0	
839937	0	0	0	0	151	0	0	0	0	0	0	0	0	0	0	0	
840689	0	0	0	0	175	0	0	0	0	0	0	0	0	0	0	0	
841441	0	0	0	0	189	0	0	0	0	0	0	0	0	0	0	0	
842191	0	0	0	0	167	0	0	0	0	0	0	0	0	0	0	0	
842945	0	0	0	0	167	0	0	0	0	0	0	0	0	0	0	0	
843696	0	0	0	0	157	0	0	0	0	0	0	0	0	0	0	0	
844444	0	0	0	0	157	0	0	0	0	0	0	0	0	0	0	0	
845195	0	0	0	0	145	0	0	0	0	0	0	0	0	0	0	0	
845943	0	0	0	0	169	0	0	0	0	0	0	0	0	0	0	0	
846695	0	0	0	0	157	0	0	0	0	0	0	0	0	0	0	0	
847445	0	0	0	0	161	0	0	0	0	0	0	0	0	0	0	0	
848196	0	0	0	0	131	0	0	0	0	0	0	0	0	0	0	0	
848946	0	0	0	0	149	0	0	0	0	0	0	0	0	0	0	0	
849696	0	0	0	0	159	0	0	0	0	0	0	0	0	0	0	0	
850443	0	0	0	0	174	1	0	0	0	0	0	0	0	0	0	0	
851193	0	0	0	0	151	0	0	0	0	0	0	0	0	0	0	0	
851942	0	0	0	0	165	0	0	0	0	0	0	0	0	0	0	0	
852693	0	0	0	0	161	0	0	0	0	0	0	0	0	0	0	0	
853442	0	0	0	0	139	0	0	0	0	0	0	0	0	0	0	0	
854190	0	0	0	0	153	0	0	0	0	0	0	0	0	0	0	0	
854938	0	0	0	0	167	0	0	0	0	0	0	0	0	0	0	0	
855687	0	0	0	0	161	0	0	0	0	0	0	0	0	0	0	0	
856436	0	0	0	0	165	0	0	0	0	0	0	0	0	0	0	0	
857188	0	0	0	0	165	0	0	0	0	0	0	0	0	0	0	0	
857939	0	0	0	0	171	0	0	0	0	0	0	0	0	0	0	0	
858689	0	0	0	0	149	0	0	0	0	0	0	0	0	0	0	0	
859440	0	0	0	0	187	0	0	0	0	0	0	0	0	0	0	0	
860191	0	0	0	0	169	0	0	0	0	0	0	0	0	0	0	0	
860940	0	0	0	0	143	0	0	0	0	0	0	0	0	0	0	0	
861688	0	0	0	0	165	0	0	0	0	0	0	0	0	0	0	0	
862438	0	0	0	0	157	0	0	0	0	0	0	0	0	0	0	0	
863190	0	0	0	0	163	0	0	0	0	0	0	0	0	0	0	0	
863938	0	0	0	0	157	0	0	0	0	0	0	0	0	0	0	0	
864689	0	0	0	0	157	0	0	0	0	0	0	0	0	0	0	0	
865438	0	0	0	0	161	0	0	0	0	0	0	0	0	0	0	0	
866191	0	0	0	0	165	0	0	0	0	0	0	0	0	0	0	0	
866943	0	0	0	0	159	0	0	0	0	0	0	0	0	0	0	0	
867692	0	0	0	0	161	4	0	0	0	0	0	0	0	0	0	0	
868439	0	0	0	0	175	0	0	0	0	0	0	0	0	0	0	0	
869189	0	0	0	0	135	0	0	0	0	0	0	0	0	0	0	0	
869942	0	0	0	0	161	0	0	0	0	0	0	0	0	0	0	0	
870696	0	0	0	0	175	0	0	0	0	0	0	0	0	0	0	0	
871449	0	0	0	0	169	0	0	0	0	0	0	0	0	0	0	0	
872200	0	0	0	0	161	0	0	0	0	0	0	0	0	0	0	0	
872948	0	0	0	0	143	0	0	0	0	0	0	0	0	0	0	0	
873699	0	0	0	0	157	0	0	0	0	0	0	0	0	0	0	0	
874455	0	0	0	0	159	0	0	0	0	0	0	0	0	0	0	0	
875209	0	0	0	0	155	0	0	0	0	0	0	0	0	0	0	0	
875958	0	0	0	0	181	0	0	0	0	0	0	0	0	0	0	0	
876711	0	0	0	0	149	0	0	0	0	0	0	0	0	0	0	0	
877459	0	0	0	0	173	0	0	0	0	0	0	0	0	0	0	0	
878206	0	0	0	0	175	0	0	0	0	0	0	0	0	0	0	0	
878957	0	0	0	223	0	0	0	0	0	0	0	0	0	0	0	0	
879711	0	0	0	221	0	0	0	0	0	0	0	0	0	0	0	0	
880461	0	0	0	189	0	0	0	0	0	0	0	0	0	0	0	0	
881212	0	0	0	199	0	0	0	0	0	0	0	0	0	0	0	0	
881959	0	0	0	207	0	0	0	0	0	0	0	0	0	0	0	0	
882710	0	0	0	207	0	0	0	0	0	0	0	0	0	0	0	0	
883459	0	0	0	195	0	0	0	0	0	0	0	0	0	0	0	0	
884207	0	0	0	209	0	0	0	0	0	0	0	0	0	0	0	0	
884957	0	0	0	124	37	0	0	0	0	0	0	0	0	0	0	0	
885709	0	0	0	183	0	0	0	0	0	0	0	0	0	0	0	0	
886463	0	0	0	199	0	0	0	0	0	0	0	0	0	0	0	0	
887212	0	0	0	217	0	0	0	0	0	0	0	0	0	0	0	0	
887961	0	0	0	213	0	0	0	0	0	0	0	0	0	0	0	0	
888706	0	0	0	201	0	0	0	0	0	0	0	0	0	0	0	0	
889453	0	0	0	199	0	0	0	0	0	0	0	0	0	0	0	0	
890203	0	0	0	211	0	0	0	0	0	0	0	0	0	0	0	0	
890950	0	0	0	191	0	0	0	0	0	0	0	0	0	0	0	0	
891698	0	0	0	183	0	0	0	0	0	0	0	0	0	0	0	0	
892448	0	0	0	203	0	0	0	0	0	0	0	0	0	0	0	0	
893197	0	0	0	191	0	0	0	0	0	0	0	0	0	0	0	0	
893945	0	0	0	195	0	0	0	0	0	0	0	0	0	0	0	0	
894696	0	0	0	195	0	0	0	0	0	0	0	0	0	0	0	0	
895444	0	0	0	193	0	0	0	0	0	0	0	0	0	0	0	0	
896194	0	0	0	217	0	0	0	0	0	0	0	0	0	0	0	0	
896944	0	0	0	213	0	0	0	0	0	0	0	0	0	0	0	0	
897697	0	0	0	207	0	0	0	0	0	0	0	0	0	0	0	0	
898445	0	0	0	189	0	0	0	0	0	0	0	0	0	0	0	0	
899193	0	0	0	183	0	0	0	0	0	0	0	0	0	0	0	0	
899943	0	0	0	207	0	0	0	0	0	0	0	0	0	0	0	0	
900696	0	0	0	219	0	0	0	0	0	0	0	0	0	0	0	0	
901447	0	0	0	199	0	0	0	0	0	0	0	0	0	0	0	0	
902200	0	0	1	206	0	0	0	0	0	0	0	0	0	0	0	0	
902951	0	0	0	175	0	0	0	0	0	0	0	0	0	0	0	0	
903703	0	0	0	227	0	0	0	0	0	0	0	0	0	0	0	0	
904453	0	0	0	211	0	0	0	0	0	0	0	0	0	0	0	0	
905201	0	0	0	201	0	0	0	0	0	0	0	0	0	0	0	0	
905950	0	0	0	191	0	0	0	0	0	0	0	0	0	0	0	0	
906701	0	0	0	193	0	0	0	0	0	0	0	0	0	0	0	0	
907452	0	0	0	195	0	0	0	0	0	0	0	0	0	0	0	0	
908200	0	0	0	193	0	0	0	0	0	0	0	0	0	0	0	0	
908952	0	0	0	197	0	0	0	0	0	0	0	0	0	0	0	0	
909701	0	0	0	181	0	0	0	0	0	0	0	0	0	0	0	0	
910450	0	0	0	205	0	0	0	0	0	0	0	0	0	0	0	0	
911201	0	0	0	199	0	0	0	0	0	0	0	0	0	0	0	0	
911951	0	0	0	223	0	0	0	0	0	0	0	0	0	0	0	0	
912700	0	0	0	211	0	0	0	0	0	0	0	0	0	0	0	0	
913449	0	0	0	179	0	0	0	0	0	0	0	0	0	0	0	0	
914204	0	0	0	197	0	0	0	0	0	0	0	0	0	0	0	0	
914954	0	0	0	195	0	0	0	0	0	0	0	0	0	0	0	0	
915703	0	0	0	201	0	0	0	0	0	0	0	0	0	0	0	0	
916453	0	0	0	0	145	0	0	0	0	0	0	0	0	0	0	0	
917207	0	0	0	0	0	121	0	0	0	0	0	0	0	0	0	0	
917958	0	0	0	0	0	113	0	0	0	0	0	0	0	0	0	0	
918709	0	0	0	0	0	137	0	0	0	0	0	0	0	0	0	0	
919459	0	0	0	0	0	143	0	0	0	0	0	0	0	0	0	0	
920205	0	0	0	0	0	145	0	0	0	0	0	0	0	0	0	0	
920953	0	0	0	0	0	131	0	0	0	0	0	0	0	0	0	0	
921706	0	0	0	0	0	141	0	0	0	0	0	0	0	0	0	0	
922456	0	0	0	0	0	143	0	0	0	0	0	0	0	0	0	0	
923205	0	0	0	0	0	123	0	0	0	0	0	0	0	0	0	0	
923956	0	0	0	0	0	125	0	0	0	0	0	0	0	0	0	0	
924703	0	0	0	0	0	121	0	0	0	0	0	0	0	0	0	0	
925449	0	0	0	0	0	119	0	0	0	0	0	0	0	0	0	0	
926203	0	0	0	0	0	157	0	0	0	0	0	0	0	0	0	0	
926952	0	0	0	0	0	139	0	0	0	0	0	0	0	0	0	0	
927701	0	0	0	0	0	121	0	0	0	0	0	0	0	0	0	0	
928450	0	0	0	0	0	139	0	0	0	0	0	0	0	0	0	0	
929200	0	0	0	0	0	159	0	0	0	0	0	0	0	0	0	0	
929951	0	0	0	0	0	139	0	0	0	0	0	0	0	0	0	0	
930703	0	0	0	0	0	135	0	0	0	0	0	0	0	0	0	0	
931452	0	0	0	0	0	141	0	0	0	0	0	0	0	0	0	0	
932202	0	0	0	0	0	169	0	0	0	0	0	0	0	0	0	0	
932952	0	0	0	0	0	139	0	0	0	0	0	0	0	0	0	0	
933704	0	0	0	0	0	145	0	0	0	0	0	0	0	0	0	0	
934451	0	0	0	0	0	139	0	0	0	0	0	0	0	0	0	0	
935201	0	0	0	0	0	129	0	0	0	0	0	0	0	0	0	0	
935954	0	0	0	0	0	137	0	0	0	0	0	0	0	0	0	0	
936708	0	0	0	0	0	125	0	0	0	0	0	0	0	0	0	0	
937460	0	0	0	0	0	0	107	2	0	0	0	0	0	0	0	0	
938210	0	0	0	0	0	0	123	0	0	0	0	0	0	0	0	0	
938960	0	0	0	0	0	0	119	0	0	0	0	0	0	0	0	0	
939710	0	0	0	0	0	0	109	0	0	0	0	0	0	0	0	0	
940461	0	0	0	0	0	0	123	0	0	0	0	0	0	0	0	0	
941212	0	0	0	0	0	119	0	0	0	0	0	0	0	0	0	0	
941962	0	0	0	0	0	131	0	0	0	0	0	0	0	0	0	0	
942711	0	0	0	0	0	131	0	0	0	0	0	0	0	0	0	0	
943459	0	0	0	0	0	155	0	0	0	0	0	0	0	0	0	0	
944208	0	0	0	0	0	159	0	0	0	0	0	0	0	0	0	0	
944957	0	0	0	0	7	120	0	0	0	0	0	0	0	0	0	0	
945706	0	0	0	0	167	0	0	0	0	0	0	0	0	0	0	0	
946457	0	0	0	0	175	0	0	0	0	0	0	0	0	0	0	0	
947210	0	0	0	0	133	0	0	0	0	0	0	0	0	0	0	0	
947958	0	0	0	0	159	0	0	0	0	0	0	0	0	0	0	0	
948705	0	0	0	0	157	0	0	0	0	0	0	0	0	0	0	0	
949457	0	0	0	199	0	0	0	0	0	0	0	0	0	0	0	0	
950209	0	0	0	179	0	0	0	0	0	0	0	0	0	0	0	0	
950958	0	0	0	165	0	0	0	0	0	0	0	0	0	0	0	0	
951711	0	0	0	197	0	0	0	0	0	0	0	0	0	0	0	0	
952462	0	0	0	195	0	0	0	0	0	0	0	0	0	0	0	0	
953212	0	0	0	195	0	0	0	0	0	0	0	0	0	0	0	0	
953966	0	0	0	199	0	0	0	0	0	0	0	0	0	0	0	0	
954715	0	0	0	203	0	0	0	0	0	0	0	0	0	0	0	0	
955465	0	0	0	215	0	0	0	0	0	0	0	0	0	0	0	0	
956218	0	0	0	209	0	0	0	0	0	0	0	0	0	0	0	0	
956970	0	0	0	173	0	0	0	0	0	0	0	0	0	0	0	0	
957721	0	0	0	203	0	0	0	0	0	0	0	0	0	0	0	0	
958469	0	0	0	189	0	0	0	0	0	0	0	0	0	0	0	0	
959216	0	0	0	207	0	0	0	0	0	0	0	0	0	0	0	0	
959967	0	0	0	199	0	0	0	0	0	0	0	0	0	0	0	0	
960715	0	0	18	169	0	0	0	0	0	0	0	0	0	0	0	0	
961463	0	0	0	187	0	0	0	0	0	0	0	0	0	0	0	0	
962213	0	0	0	217	0	0	0	0	0	0	0	0	0	0	0	0	
962965	0	0	0	201	0	0	0	0	0	0	0	0	0	0	0	0	
963713	0	0	0	183	0	0	0	0	0	0	0	0	0	0	0	0	
964462	0	0	0	197	0	0	0	0	0	0	0	0	0	0	0	0	
965210	0	0	0	203	0	0	0	0	0	0	0	0	0	0	0	0	
965960	0	0	0	201	0	0	0	0	0	0	0	0	0	0	0	0	
966713	0	0	0	197	0	0	0	0	0	0	0	0	0	0	0	0	
967462	0	0	0	183	0	0	0	0	0	0	0	0	0	0	0	0	
968214	0	0	0	215	0	0	0	0	0	0	0	0	0	0	0	0	
968965	0	0	0	165	0	0	0	0	0	0	0	0	0	0	0	0	
969717	0	0	0	229	0	0	0	0	0	0	0	0	0	0	0	0	
970468	0	0	0	199	0	0	0	0	0	0	0	0	0	0	0	0	
971216	0	0	0	199	0	0	0	0	0	0	0	0	0	0	0	0	
971968	0	0	0	181	0	0	0	0	0	0	0	0	0	0	0	0	
972717	0	0	0	173	0	0	0	0	0	0	0	0	0	0	0	0	
973463	0	0	0	201	0	0	0	0	0	0	0	0	0	0	0	0	
974213	0	0	0	217	0	0	0	0	0	0	0	0	0	0	0	0	
974963	0	0	0	191	0	0	0	0	0	0	0	0	0	0	0	0	
975716	0	0	0	201	0	0	0	0	0	0	0	0	0	0	0	0	
976464	0	0	0	201	0	0	0	0	0	0	0	0	0	0	0	0	
977212	0	0	0	203	0	0	0	0	0	0	0	0	0	0	0	0	
977963	0	0	0	195	0	0	0	0	0	0	0	0	0	0	0	0	
978713	0	0	0	227	0	0	0	0	0	0	0	0	0	0	0	0	
979463	0	0	0	179	0	0	0	0	0	0	0	0	0	0	0	0	
980213	0	0	0	227	0	0	0	0	0	0	0	0	0	0	0	0	
980963	0	0	0	215	0	0	0	0	0	0	0	0	0	0	0	0	
981714	0	0	0	219	0	0	0	0	0	0	0	0	0	0	0	0	
982463	0	0	0	209	0	0	0	0	0	0	0	0	0	0	0	0	
983214	0	0	0	207	0	0	0	0	0	0	0	0	0	0	0	0	
983964	0	0	0	195	0	0	0	0	0	0	0	0	0	0	0	0	
984713	0	0	0	193	0	0	0	0	0	0	0	0	0	0	0	0	
985462	0	0	0	203	0	0	0	0	0	0	0	0	0	0	0	0	
986212	0	0	0	205	0	0	0	0	0	0	0	0	0	0	0	0	
986962	0	0	0	199	0	0	0	0	0	0	0	0	0	0	0	0	
987711	0	0	0	195	0	0	0	0	0	0	0	0	0	0	0	0	
988462	0	0	0	183	0	0	0	0	0	0	0	0	0	0	0	0	
989213	0	0	0	191	0	0	0	0	0	0	0	0	0	0	0	0	
989962	0	0	0	195	0	0	0	0	0	0	0	0	0	0	0	0	
990710	0	0	0	217	0	0	0	0	0	0	0	0	0	0	0	0	
991458	0	0	0	195	0	0	0	0	0	0	0	0	0	0	0	0	
992210	0	0	0	199	0	0	0	0	0	0	0	0	0	0	0	0	
992961	0	0	0	215	0	0	0	0	0	0	0	0	0	0	0	0	
993707	0	0	0	205	0	0	0	0	0	0	0	0	0	0	0	0	
994456	0	0	0	203	0	0	0	0	0	0	0	0	0	0	0	0	
995208	0	0	0	205	0	0	0	0	0	0	0	0	0	0	0	0	
995954	0	0	0	219	0	0	0	0	0	0	0	0	0	0	0	0	
996707	0	0	0	199	0	0	0	0	0	0	0	0	0	0	0	0	
997455	0	0	0	181	2	0	0	0	0	0	0	0	0	0	0	0	
998205	0	0	0	185	0	0	0	0	0	0	0	0	0	0	0	0	
998954	0	0	0	173	0	0	0	0	0	0	0	0	0	0	0	0	
999704	0	0	0	167	0	0	0	0	0	0	0	0	0	0	0	0	
1.00045e+06	0	0	1	212	0	0	0	0	0	0	0	0	0	0	0	0	
1.00121e+06	0	0	0	209	0	0	0	0	0	0	0	0	0	0	0	0	
1.00196e+06	0	0	0	193	0	0	0	0	0	0	0	0	0	0	0	0	
1.0027e+06	0	0	0	181	0	0	0	0	0	0	0	0	0	0	0	0	
1.00345e+06	0	0	0	209	0	0	0	0	0	0	0	0	0	0	0	0	
1.00421e+06	0	0	0	199	0	0	0	0	0	0	0	0	0	0	0	0	
1.00496e+06	0	0	271	0	0	0	0	0	0	0	0	0	0	0	0	0	
1.00571e+06	0	0	275	0	0	0	0	0	0	0	0	0	0	0	0	0	
1.00646e+06	0	0	271	0	0	0	0	0	0	0	0	0	0	0	0	0	
1.00721e+06	0	0	251	0	0	0	0	0	0	0	0	0	0	0	0	0	
1.00795e+06	0	0	245	0	0	0	0	0	0	0	0	0	0	0	0	0	
1.0087e+06	0	0	287	0	0	0	0	0	0	0	0	0	0	0	0	0	
1.00945e+06	0	0	273	0	0	0	0	0	0	0	0	0	0	0	0	0	
1.0102e+06	0	0	263	0	0	0	0	0	0	0	0	0	0	0	0	0	
1.01096e+06	0	0	269	0	0	0	0	0	0	0	0	0	0	0	0	0	
1.0117e+06	0	0	251	0	0	0	0	0	0	0	0	0	0	0	0	0	
1.01246e+06	0	0	247	0	0	0	0	0	0	0	0	0	0	0	0	0	
1.01321e+06	0	0	273	0	0	0	0	0	0	0	0	0	0	0	0	0	
1.01396e+06	0	0	275	0	0	0	0	0	0	0	0	0	0	0	0	0	
1.01471e+06	0	0	229	0	0	0	0	0	0	0	0	0	0	0	0	0	
1.01545e+06	0	0	263	0	0	0	0	0	0	0	0	0	0	0	0	0	
1.0162e+06	0	0	247	0	0	0	0	0	0	0	0	0	0	0	0	0	
1.01695e+06	0	0	261	0	0	0	0	0	0	0	0	0	0	0	0	0	
1.0177e+06	0	0	280	3	0	0	0	0	0	0	0	0	0	0	0	0	
1.01845e+06	0	0	263	0	0	0	0	0	0	0	0	0	0	0	0	0	
1.0192e+06	0	0	277	0	0	0	0	0	0	0	0	0	0	0	0	0	
1.01995e+06	0	0	261	0	0	0	0	0	0	0	0	0	0	0	0	0	
1.0207e+06	0	0	263	0	0	0	0	0	0	0	0	0	0	0	0	0	
1.02145e+06	0	0	285	0	0	0	0	0	0	0	0	0	0	0	0	0	
1.0222e+06	0	0	192	55	0	0	0	0	0	0	0	0	0	0	0	0	
1.02295e+06	0	0	259	0	0	0	0	0	0	0	0	0	0	0	0	0	
1.0237e+06	0	0	291	0	0	0	0	0	0	0	0	0	0	0	0	0	
1.02445e+06	0	0	285	0	0	0	0	0	0	0	0	0	0	0	0	0	
1.0252e+06	0	0	273	0	0	0	0	0	0	0	0	0	0	0	0	0	
1.02595e+06	0	0	255	0	0	0	0	0	0	0	0	0	0	0	0	0	
1.0267e+06	0	0	253	0	0	0	0	0	0	0	0	0	0	0	0	0	
1.02745e+06	0	0	243	0	0	0	0	0	0	0	0	0	0	0	0	0	
1.0282e+06	0	0	253	0	0	0	0	0	0	0	0	0	0	0	0	0	
1.02895e+06	0	0	271	0	0	0	0	0	0	0	0	0	0	0	0	0	
1.02969e+06	0	0	263	0	0	0	0	0	0	0	0	0	0	0	0	0	
1.03045e+06	0	0	251	0	0	0	0	0	0	0	0	0	0	0	0	0	
1.0312e+06	0	0	285	0	0	0	0	0	0	0	0	0	0	0	0	0	
1.03195e+06	0	0	283	0	0	0	0	0	0	0	0	0	0	0	0	0	
1.0327e+06	0	0	273	0	0	0	0	0	0	0	0	0	0	0	0	0	
1.03345e+06	0	0	261	0	0	0	0	0	0	0	0	0	0	0	0	0	
1.0342e+06	0	0	255	0	0	0	0	0	0	0	0	0	0	0	0	0	
1.03495e+06	0	0	253	0	0	0	0	0	0	0	0	0	0	0	0	0	
1.0357e+06	0	0	269	0	0	0	0	0	0	0	0	0	0	0	0	0	
1.03646e+06	0	0	251	0	0	0	0	0	0	0	0	0	0	0	0	0	
1.03721e+06	0	0	277	0	0	0	0	0	0	0	0	0	0	0	0	0	
1.03796e+06	0	0	263	0	0	0	0	0	0	0	0	0	0	0	0	0	
1.0387e+06	0	0	257	0	0	0	0	0	0	0	0	0	0	0	0	0	
1.03945e+06	0	0	249	0	0	0	0	0	0	0	0	0	0	0	0	0	
1.0402e+06	0	0	259	0	0	0	0	0	0	0	0	0	0	0	0	0	
1.04095e+06	0	0	265	0	0	0	0	0	0	0	0	0	0	0	0	0	
1.0417e+06	0	0	289	0	0	0	0	0	0	0	0	0	0	0	0	0	
1.04246e+06	0	0	303	0	0	0	0	0	0	0	0	0	0	0	0	0	
1.04321e+06	0	0	261	0	0	0	0	0	0	0	0	0	0	0	0	0	
1.04396e+06	0	0	265	0	0	0	0	0	0	0	0	0	0	0	0	0	
1.04471e+06	0	0	273	0	0	0	0	0	0	0	0	0	0	0	0	0	
1.04546e+06	0	0	287	0	0	0	0	0	0	0	0	0	0	0	0	0	
1.04621e+06	0	0	281	0	0	0	0	0	0	0	0	0	0	0	0	0	
1.04696e+06	0	0	259	0	0	0	0	0	0	0	0	0	0	0	0	0	
1.04771e+06	0	0	291	0	0	0	0	0	0	0	0	0	0	0	0	0	
1.04846e+06	0	0	265	0	0	0	0	0	0	0	0	0	0	0	0	0	
1.04921e+06	0	0	255	0	0	0	0	0	0	0	0	0	0	0	0	0	
1.04996e+06	0	0	255	0	0	0	0	0	0	0	0	0	0	0	0	0	
1.05071e+06	0	0	251	0	0	0	0	0	0	0	0	0	0	0	0	0	
1.05146e+06	0	0	237	0	0	0	0	0	0	0	0	0	0	0	0	0	
1.05221e+06	0	0	259	0	0	0	0	0	0	0	0	0	0	0	0	0	
1.05295e+06	0	0	279	0	0	0	0	0	0	0	0	0	0	0	0	0	
1.0537e+06	0	0	261	0	0	0	0	0	0	0	0	0	0	0	0	0	
1.05445e+06	0	0	243	0	0	0	0	0	0	0	0	0	0	0	0	0	
1.0552e+06	0	0	287	0	0	0	0	0	0	0	0	0	0	0	0	0	
1.05595e+06	0	0	285	0	0	0	0	0	0	0	0	0	0	0	0	0	
1.0567e+06	0	0	261	0	0	0	0	0	0	0	0	0	0	0	0	0	
1.05745e+06	0	0	271	0	0	0	0	0	0	0	0	0	0	0	0	0	
1.0582e+06	0	0	273	0	0	0	0	0	0	0	0	0	0	0	0	0	
1.05895e+06	0	0	267	0	0	0	0	0	0	0	0	0	0	0	0	0	
1.0597e+06	0	0	251	0	0	0	0	0	0	0	0	0	0	0	0	0	
1.06045e+06	0	0	289	0	0	0	0	0	0	0	0	0	0	0	0	0	
1.0612e+06	0	0	243	0	0	0	0	0	0	0	0	0	0	0	0	0	
1.06195e+06	0	0	277	0	0	0	0	0	0	0	0	0	0	0	0	0	
1.0627e+06	0	0	269	0	0	0	0	0	0	0	0	0	0	0	0	0	
1.06345e+06	0	0	251	0	0	0	0	0	0	0	0	0	0	0	0	0	
1.0642e+06	0	0	263	0	0	0	0	0	0	0	0	0	0	0	0	0	
1.06495e+06	0	0	275	0	0	0	0	0	0	0	0	0	0	0	0	0	
1.0657e+06	0	0	253	0	0	0	0	0	0	0	0	0	0	0	0	0	
1.06645e+06	0	0	269	0	0	0	0	0	0	0	0	0	0	0	0	0	
1.0672e+06	0	0	275	0	0	0	0	0	0	0	0	0	0	0	0	0	
1.06795e+06	0	0	275	0	0	0	0	0	0	0	0	0	0	0	0	0	
1.0687e+06	0	0	273	0	0	0	0	0	0	0	0	0	0	0	0	0	
1.06945e+06	0	0	261	0	0	0	0	0	0	0	0	0	0	0	0	0	
1.0702e+06	0	0	250	1	0	0	0	0	0	0	0	0	0	0	0	0	
1.07095e+06	0	0	291	0	0	0	0	0	0	0	0	0	0	0	0	0	
1.0717e+06	0	0	254	3	0	0	0	0	0	0	0	0	0	0	0	0	
1.07245e+06	0	0	247	0	0	0	0	0	0	0	0	0	0	0	0	0	
1.0732e+06	0	0	251	0	0	0	0	0	0	0	0	0	0	0	0	0	
1.07395e+06	0	0	281	0	0	0	0	0	0	0	0	0	0	0	0	0	
1.0747e+06	0	0	289	0	0	0	0	0	0	0	0	0	0	0	0	0	
1.07546e+06	0	0	271	0	0	0	0	0	0	0	0	0	0	0	0	0	
1.0762e+06	0	0	241	0	0	0	0	0	0	0	0	0	0	0	0	0	
1.07695e+06	0	0	263	0	0	0	0	0	0	0	0	0	0	0	0	0	
1.0777e+06	0	0	249	0	0	0	0	0	0	0	0	0	0	0	0	0	
1.07845e+06	0	0	273	0	0	0	0	0	0	0	0	0	0	0	0	0	
1.07921e+06	0	0	271	0	0	0	0	0	0	0	0	0	0	0	0	0	
1.07996e+06	0	0	247	0	0	0	0	0	0	0	0	0	0	0	0	0	
1.08071e+06	0	0	255	0	0	0	0	0	0	0	0	0	0	0	0	0	
1.08147e+06	0	0	269	0	0	0	0	0	0	0	0	0	0	0	0	0	
1.08222e+06	0	0	257	0	0	0	0	0	0	0	0	0	0	0	0	0	
1.08297e+06	0	0	291	0	0	0	0	0	0	0	0	0	0	0	0	0	
1.08372e+06	0	0	265	0	0	0	0	0	0	0	0	0	0	0	0	0	
1.08447e+06	0	19	240	0	0	0	0	0	0	0	0	0	0	0	0	0	
1.08522e+06	0	0	267	0	0	0	0	0	0	0	0	0	0	0	0	0	
1.08597e+06	0	0	253	0	0	0	0	0	0	0	0	0	0	0	0	0	
1.08673e+06	0	0	110	111	0	0	0	0	0	0	0	0	0	0	0	0	
1.08748e+06	0	0	249	0	0	0	0	0	0	0	0	0	0	0	0	0	
1.08823e+06	0	0	267	0	0	0	0	0	0	0	0	0	0	0	0	0	
1.08898e+06	0	0	269	0	0	0	0	0	0	0	0	0	0	0	0	0	
1.08973e+06	0	0	271	0	0	0	0	0	0	0	0	0	0	0	0	0	
1.09048e+06	0	0	283	0	0	0	0	0	0	0	0	0	0	0	0	0	
1.09123e+06	0	0	271	0	0	0	0	0	0	0	0	0	0	0	0	0	
1.09198e+06	0	0	279	0	0	0	0	0	0	0	0	0	0	0	0	0	
1.09273e+06	0	0	255	0	0	0	0	0	0	0	0	0	0	0	0	0	
1.09348e+06	0	0	247	0	0	0	0	0	0	0	0	0	0	0	0	0	
1.09423e+06	0	3	272	0	0	0	0	0	0	0	0	0	0	0	0	0	
1.09498e+06	0	0	235	0	0	0	0	0	0	0	0	0	0	0	0	0	
1.09573e+06	0	0	273	0	0	0	0	0	0	0	0	0	0	0	0	0	
1.09648e+06	0	0	245	0	0	0	0	0	0	0	0	0	0	0	0	0	
1.09723e+06	0	0	259	0	0	0	0	0	0	0	0	0	0	0	0	0	
1.09798e+06	0	0	273	0	0	0	0	0	0	0	0	0	0	0	0	0	
1.09873e+06	0	0	265	0	0	0	0	0	0	0	0	0	0	0	0	0	
1.09948e+06	0	0	281	0	0	0	0	0	0	0	0	0	0	0	0	0	
1.10023e+06	0	0	267	0	0	0	0	0	0	0	0	0	0	0	0	0	
1.10097e+06	0	0	273	0	0	0	0	0	0	0	0	0	0	0	0	0	
1.10173e+06	0	0	273	0	0	0	0	0	0	0	0	0	0	0	0	0	
1.10247e+06	0	0	283	0	0	0	0	0	0	0	0	0	0	0	0	0	
1.10323e+06	0	0	293	0	0	0	0	0	0	0	0	0	0	0	0	0	
1.10398e+06	0	0	281	0	0	0	0	0	0	0	0	0	0	0	0	0	
1.10473e+06	0	0	237	0	0	0	0	0	0	0	0	0	0	0	0	0	
1.10548e+06	0	0	257	0	0	0	0	0	0	0	0	0	0	0	0	0	
1.10623e+06	0	0	255	0	0	0	0	0	0	0	0	0	0	0	0	0	
1.10697e+06	0	0	277	0	0	0	0	0	0	0	0	0	0	0	0	0	
1.10772e+06	0	0	263	0	0	0	0	0	0	0	0	0	0	0	0	0	
1.10847e+06	0	0	251	0	0	0	0	0	0	0	0	0	0	0	0	0	
1.10923e+06	0	0	281	0	0	0	0	0	0	0	0	0	0	0	0	0	
1.10998e+06	0	0	247	0	0	0	0	0	0	0	0	0	0	0	0	0	
1.11073e+06	0	0	287	0	0	0	0	0	0	0	0	0	0	0	0	0	
1.11148e+06	0	0	271	0	0	0	0	0	0	0	0	0	0	0	0	0	
1.11223e+06	0	0	255	0	0	0	0	0	0	0	0	0	0	0	0	0	
1.11298e+06	0	0	279	0	0	0	0	0	0	0	0	0	0	0	0	0	
1.11373e+06	0	0	269	0	0	0	0	0	0	0	0	0	0	0	0	0	
1.11448e+06	0	21	278	0	0	0	0	0	0	0	0	0	0	0	0	0	
1.11523e+06	0	0	265	0	0	0	0	0	0	0	0	0	0	0	0	0	
1.11598e+06	0	0	247	0	0	0	0	0	0	0	0	0	0	0	0	0	
1.11673e+06	0	0	249	0	0	0	0	0	0	0	0	0	0	0	0	0	
1.11748e+06	0	0	253	0	0	0	0	0	0	0	0	0	0	0	0	0	
1.11822e+06	0	0	163	64	0	0	0	0	0	0	0	0	0	0	0	0	
1.11897e+06	0	0	293	0	0	0	0	0	0	0	0	0	0	0	0	0	
1.11972e+06	0	0	233	0	0	0	0	0	0	0	0	0	0	0	0	0	
1.12046e+06	0	0	283	0	0	0	0	0	0	0	0	0	0	0	0	0	
1.12122e+06	0	0	273	0	0	0	0	0	0	0	0	0	0	0	0	0	
1.12197e+06	0	0	279	0	0	0	0	0	0	0	0	0	0	0	0	0	
1.12272e+06	0	0	279	0	0	0	0	0	0	0	0	0	0	0	0	0	
1.12347e+06	0	0	265	0	0	0	0	0	0	0	0	0	0	0	0	0	
1.12422e+06	0	0	235	0	0	0	0	0	0	0	0	0	0	0	0	0	
1.12497e+06	0	0	255	0	0	0	0	0	0	0	0	0	0	0	0	0	
1.12572e+06	0	0	259	0	0	0	0	0	0	0	0	0	0	0	0	0	
1.12648e+06	0	0	269	0	0	0	0	0	0	0	0	0	0	0	0	0	
1.12722e+06	0	0	291	0	0	0	0	0	0	0	0	0	0	0	0	0	
1.12797e+06	0	0	285	0	0	0	0	0	0	0	0	0	0	0	0	0	
1.12872e+06	0	0	241	0	0	0	0	0	0	0	0	0	0	0	0	0	
1.12947e+06	0	0	251	0	0	0	0	0	0	0	0	0	0	0	0	0	
1.13022e+06	0	0	263	0	0	0	0	0	0	0	0	0	0	0	0	0	
1.13097e+06	0	0	251	0	0	0	0	0	0	0	0	0	0	0	0	0	
1.13172e+06	0	0	267	0	0	0	0	0	0	0	0	0	0	0	0	0	
1.13247e+06	0	0	251	0	0	0	0	0	0	0	0	0	0	0	0	0	
1.13322e+06	0	45	224	0	0	0	0	0	0	0	0	0	0	0	0	0	
1.13397e+06	0	0	199	28	0	0	0	0	0	0	0	0	0	0	0	0	
1.13472e+06	0	0	269	0	0	0	0	0	0	0	0	0	0	0	0	0	
1.13546e+06	0	0	250	1	0	0	0	0	0	0	0	0	0	0	0	0	
1.13621e+06	0	0	267	0	0	0	0	0	0	0	0	0	0	0	0	0	
1.13695e+06	0	0	263	0	0	0	0	0	0	0	0	0	0	0	0	0	
1.13771e+06	0	0	247	0	0	0	0	0	0	0	0	0	0	0	0	0	
1.13845e+06	0	0	277	0	0	0	0	0	0	0	0	0	0	0	0	0	
1.13921e+06	0	0	225	0	0	0	0	0	0	0	0	0	0	0	0	0	
1.13996e+06	0	0	277	0	0	0	0	0	0	0	0	0	0	0	0	0	
1.1407e+06	0	3	266	0	0	0	0	0	0	0	0	0	0	0	0	0	
1.14145e+06	0	0	253	0	0	0	0	0	0	0	0	0	0	0	0	0	
1.14221e+06	0	0	265	2	0	0	0	0	0	0	0	0	0	0	0	0	
1.14296e+06	0	0	253	0	0	0	0	0	0	0	0	0	0	0	0	0	
1.14371e+06	0	0	259	0	0	0	0	0	0	0	0	0	0	0	0	0	
1.14446e+06	0	0	243	0	0	0	0	0	0	0	0	0	0	0	0	0	
1.14521e+06	0	0	239	2	0	0	0	0	0	0	0	0	0	0	0	0	
1.14596e+06	0	0	249	0	0	0	0	0	0	0	0	0	0	0	0	0	
1.14671e+06	0	0	253	0	0	0	0	0	0	0	0	0	0	0	0	0	
1.14745e+06	0	0	283	0	0	0	0	0	0	0	0	0	0	0	0	0	
1.1482e+06	0	0	295	0	0	0	0	0	0	0	0	0	0	0	0	0	
1.14896e+06	0	0	247	0	0	0	0	0	0	0	0	0	0	0	0	0	
1.1497e+06	0	0	285	0	0	0	0	0	0	0	0	0	0	0	0	0	
1.15046e+06	0	0	279	0	0	0	0	0	0	0	0	0	0	0	0	0	
1.15121e+06	0	0	283	0	0	0	0	0	0	0	0	0	0	0	0	0	
1.15196e+06	0	0	289	0	0	0	0	0	0	0	0	0	0	0	0	0	
1.15271e+06	0	0	297	0	0	0	0	0	0	0	0	0	0	0	0	0	
1.15346e+06	0	0	257	0	0	0	0	0	0	0	0	0	0	0	0	0	
1.15421e+06	0	0	283	0	0	0	0	0	0	0	0	0	0	0	0	0	
1.15496e+06	0	0	241	0	0	0	0	0	0	0	0	0	0	0	0	0	
1.15571e+06	0	0	233	0	0	0	0	0	0	0	0	0	0	0	0	0	
1.15646e+06	0	0	243	0	0	0	0	0	0	0	0	0	0	0	0	0	
1.15721e+06	0	0	237	0	0	0	0	0	0	0	0	0	0	0	0	0	
1.15796e+06	0	0	267	0	0	0	0	0	0	0	0	0	0	0	0	0	
1.1587e+06	0	0	87	128	0	0	0	0	0	0	0	0	0	0	0	0	
1.15945e+06	0	0	0	215	0	0	0	0	0	0	0	0	0	0	0	0	
1.1602e+06	0	0	0	185	0	0	0	0	0	0	0	0	0	0	0	0	
1.16095e+06	0	0	0	207	0	0	0	0	0	0	0	0	0	0	0	0	
1.1617e+06	0	0	0	205	0	0	0	0	0	0	0	0	0	0	0	0	
1.16245e+06	0	0	0	191	0	0	0	0	0	0	0	0	0	0	0	0	
1.16319e+06	0	0	0	205	0	0	0	0	0	0	0	0	0	0	0	0	
1.16394e+06	0	0	0	199	0	0	0	0	0	0	0	0	0	0	0	0	
1.16469e+06	0	0	0	203	0	0	0	0	0	0	0	0	0	0	0	0	
1.16544e+06	0	0	0	195	0	0	0	0	0	0	0	0	0	0	0	0	
1.1662e+06	0	0	0	181	0	0	0	0	0	0	0	0	0	0	0	0	
1.16695e+06	0	0	0	177	0	0	0	0	0	0	0	0	0	0	0	0	
1.1677e+06	0	0	0	207	0	0	0	0	0	0	0	0	0	0	0	0	
1.16845e+06	0	0	0	199	0	0	0	0	0	0	0	0	0	0	0	0	
1.1692e+06	0	0	0	209	0	0	0	0	0	0	0	0	0	0	0	0	
1.16995e+06	0	0	0	189	0	0	0	0	0	0	0	0	0	0	0	0	
1.1707e+06	0	0	0	187	0	0	0	0	0	0	0	0	0	0	0	0	
1.17145e+06	0	0	0	237	0	0	0	0	0	0	0	0	0	0	0	0	
1.1722e+06	0	0	0	185	0	0	0	0	0	0	0	0	0	0	0	0	
1.17295e+06	0	0	0	207	0	0	0	0	0	0	0	0	0	0	0	0	
1.1737e+06	0	0	0	197	0	0	0	0	0	0	0	0	0	0	0	0	
1.17445e+06	0	0	0	195	0	0	0	0	0	0	0	0	0	0	0	0	
1.1752e+06	0	0	0	183	0	0	0	0	0	0	0	0	0	0	0	0	
1.17595e+06	0	0	0	163	0	0	0	0	0	0	0	0	0	0	0	0	
1.17671e+06	0	0	0	209	0	0	0	0	0	0	0	0	0	0	0	0	
1.17745e+06	0	0	0	237	0	0	0	0	0	0	0	0	0	0	0	0	
1.17821e+06	0	0	0	191	0	0	0	0	0	0	0	0	0	0	0	0	
1.17896e+06	0	0	0	207	0	0	0	0	0	0	0	0	0	0	0	0	
1.17971e+06	0	0	0	195	0	0	0	0	0	0	0	0	0	0	0	0	
1.18046e+06	0	0	0	217	0	0	0	0	0	0	0	0	0	0	0	0	
1.18121e+06	0	0	0	173	0	0	0	0	0	0	0	0	0	0	0	0	
1.18196e+06	0	0	0	191	0	0	0	0	0	0	0	0	0	0	0	0	
1.18271e+06	0	0	0	179	0	0	0	0	0	0	0	0	0	0	0	0	
1.18346e+06	0	0	0	237	0	0	0	0	0	0	0	0	0	0	0	0	
1.18421e+06	0	0	0	211	0	0	0	0	0	0	0	0	0	0	0	0	
1.18496e+06	0	0	1	212	0	0	0	0	0	0	0	0	0	0	0	0	
1.18571e+06	0	0	0	207	0	0	0	0	0	0	0	0	0	0	0	0	
1.18646e+06	0	0	0	209	0	0	0	0	0	0	0	0	0	0	0	0	
1.18721e+06	0	0	0	211	0	0	0	0	0	0	0	0	0	0	0	0	
1.18796e+06	0	0	0	201	0	0	0	0	0	0	0	0	0	0	0	0	
1.18871e+06	0	0	0	203	0	0	0	0	0	0	0	0	0	0	0	0	
1.18946e+06	0	0	0	197	0	0	0	0	0	0	0	0	0	0	0	0	
1.19021e+06	0	0	0	189	0	0	0	0	0	0	0	0	0	0	0	0	
1.19096e+06	0	0	0	185	0	0	0	0	0	0	0	0	0	0	0	0	
1.19171e+06	0	0	0	193	0	0	0	0	0	0	0	0	0	0	0	0	
1.19246e+06	0	0	0	195	0	0	0	0	0	0	0	0	0	0	0	0	
1.19321e+06	0	0	0	195	0	0	0	0	0	0	0	0	0	0	0	0	
1.19396e+06	0	0	0	217	0	0	0	0	0	0	0	0	0	0	0	0	
1.19471e+06	0	0	0	201	0	0	0	0	0	0	0	0	0	0	0	0	
1.19546e+06	0	0	0	189	0	0	0	0	0	0	0	0	0	0	0	0	
1.19621e+06	0	0	0	205	0	0	0	0	0	0	0	0	0	0	0	0	
1.19696e+06	0	0	0	169	0	0	0	0	0	0	0	0	0	0	0	0	
1.19771e+06	0	0	0	191	0	0	0	0	0	0	0	0	0	0	0	0	
1.19847e+06	0	0	0	195	0	0	0	0	0	0	0	0	0	0	0	0	
1.19922e+06	0	0	0	189	0	0	0	0	0	0	0	0	0	0	0	0	
1.19997e+06	0	0	0	215	0	0	0	0	0	0	0	0	0	0	0	0	
1.20072e+06	0	0	0	197	0	0	0	0	0	0	0	0	0	0	0	0	
1.20147e+06	0	0	0	199	0	0	0	0	0	0	0	0	0	0	0	0	
1.20222e+06	0	0	0	197	0	0	0	0	0	0	0	0	0	0	0	0	
1.20297e+06	0	0	0	197	0	0	0	0	0	0	0	0	0	0	0	0	
1.20372e+06	0	0	0	179	0	0	0	0	0	0	0	0	0	0	0	0	
1.20448e+06	0	0	0	187	0	0	0	0	0	0	0	0	0	0	0	0	
1.20522e+06	0	0	0	225	0	0	0	0	0	0	0	0	0	0	0	0	
1.20597e+06	0	0	0	197	0	0	0	0	0	0	0	0	0	0	0	0	
1.20672e+06	0	0	0	189	0	0	0	0	0	0	0	0	0	0	0	0	
1.20747e+06	0	0	0	205	0	0	0	0	0	0	0	0	0	0	0	0	
1.20822e+06	0	0	0	187	0	0	0	0	0	0	0	0	0	0	0	0	
1.20897e+06	0	0	0	187	0	0	0	0	0	0	0	0	0	0	0	0	
1.20972e+06	0	0	0	169	0	0	0	0	0	0	0	0	0	0	0	0	
1.21047e+06	0	0	0	201	0	0	0	0	0	0	0	0	0	0	0	0	
1.21123e+06	0	0	0	207	0	0	0	0	0	0	0	0	0	0	0	0	
1.21198e+06	0	0	0	208	1	0	0	0	0	0	0	0	0	0	0	0	
1.21272e+06	0	0	0	225	0	0	0	0	0	0	0	0	0	0	0	0	
1.21347e+06	0	0	0	213	0	0	0	0	0	0	0	0	0	0	0	0	
1.21422e+06	0	0	0	213	0	0	0	0	0	0	0	0	0	0	0	0	
1.21498e+06	0	0	0	199	0	0	0	0	0	0	0	0	0	0	0	0	
1.21573e+06	0	0	0	195	0	0	0	0	0	0	0	0	0	0	0	0	
1.21648e+06	0	0	0	203	0	0	0	0	0	0	0	0	0	0	0	0	
1.21723e+06	0	0	0	187	0	0	0	0	0	0	0	0	0	0	0	0	
1.21798e+06	0	0	0	213	0	0	0	0	0	0	0	0	0	0	0	0	
1.21873e+06	0	0	0	207	0	0	0	0	0	0	0	0	0	0	0	0	
1.21948e+06	0	0	0	185	0	0	0	0	0	0	0	0	0	0	0	0	
1.22023e+06	0	0	0	177	0	0	0	0	0	0	0	0	0	0	0	0	
1.22098e+06	0	0	0	205	0	0	0	0	0	0	0	0	0	0	0	0	
1.22173e+06	0	0	0	185	0	0	0	0	0	0	0	0	0	0	0	0	
1.22248e+06	0	0	0	195	0	0	0	0	0	0	0	0	0	0	0	0	
1.22323e+06	0	0	0	215	0	0	0	0	0	0	0	0	0	0	0	0	
1.22398e+06	0	0	22	157	0	0	0	0	0	0	0	0	0	0	0	0	
1.22473e+06	0	0	0	225	0	0	0	0	0	0	0	0	0	0	0	0	
1.22548e+06	0	0	0	207	0	0	0	0	0	0	0	0	0	0	0	0	
1.22623e+06	0	0	0	201	0	0	0	0	0	0	0	0	0	0	0	0	
1.22698e+06	0	0	0	199	0	0	0	0	0	0	0	0	0	0	0	0	
1.22773e+06	0	0	0	181	0	0	0	0	0	0	0	0	0	0	0	0	
1.22848e+06	0	0	0	221	0	0	0	0	0	0	0	0	0	0	0	0	
1.22923e+06	0	0	0	201	0	0	0	0	0	0	0	0	0	0	0	0	
1.22998e+06	0	0	0	159	0	0	0	0	0	0	0	0	0	0	0	0	
1.23073e+06	0	0	0	211	0	0	0	0	0	0	0	0	0	0	0	0	
1.23148e+06	0	0	0	203	0	0	0	0	0	0	0	0	0	0	0	0	
1.23223e+06	0	0	0	197	0	0	0	0	0	0	0	0	0	0	0	0	
1.23299e+06	0	0	0	187	0	0	0	0	0	0	0	0	0	0	0	0	
1.23374e+06	0	0	0	207	0	0	0	0	0	0	0	0	0	0	0	0	
1.23449e+06	0	0	0	215	0	0	0	0	0	0	0	0	0	0	0	0	
1.23524e+06	0	0	0	185	0	0	0	0	0	0	0	0	0	0	0	0	
1.23599e+06	0	0	0	0	171	0	0	0	0	0	0	0	0	0	0	0	
1.23674e+06	0	0	0	0	151	0	0	0	0	0	0	0	0	0	0	0	
1.23748e+06	0	0	0	0	163	0	0	0	0	0	0	0	0	0	0	0	
1.23823e+06	0	0	0	0	161	0	0	0	0	0	0	0	0	0	0	0	
1.23898e+06	0	0	0	0	169	0	0	0	0	0	0	0	0	0	0	0	
1.23973e+06	0	0	0	0	141	0	0	0	0	0	0	0	0	0	0	0	
1.24048e+06	0	0	0	0	159	0	0	0	0	0	0	0	0	0	0	0	
1.24123e+06	0	0	0	0	167	0	0	0	0	0	0	0	0	0	0	0	
1.24197e+06	0	0	0	0	176	11	0	0	0	0	0	0	0	0	0	0	
1.24272e+06	0	0	0	0	0	121	0	0	0	0	0	0	0	0	0	0	
1.24347e+06	0	0	0	0	0	139	0	0	0	0	0	0	0	0	0	0	
1.24422e+06	0	0	0	0	0	127	0	0	0	0	0	0	0	0	0	0	
1.24498e+06	0	0	0	0	0	127	0	0	0	0	0	0	0	0	0	0	
1.24573e+06	0	0	0	0	0	127	0	0	0	0	0	0	0	0	0	0	
1.24647e+06	0	0	0	0	0	143	0	0	0	0	0	0	0	0	0	0	
1.24722e+06	0	0	0	0	0	139	0	0	0	0	0	0	0	0	0	0	
1.24797e+06	0	0	0	0	0	127	0	0	0	0	0	0	0	0	0	0	
1.24872e+06	0	0	0	0	0	123	0	0	0	0	0	0	0	0	0	0	
1.24947e+06	0	0	0	0	0	145	0	0	0	0	0	0	0	0	0	0	
1.25022e+06	0	0	0	0	0	119	0	0	0	0	0	0	0	0	0	0	
1.25097e+06	0	0	0	0	0	147	0	0	0	0	0	0	0	0	0	0	
1.25172e+06	0	0	0	0	0	123	0	0	0	0	0	0	0	0	0	0	
1.25247e+06	0	0	0	0	0	147	0	0	0	0	0	0	0	0	0	0	
1.25322e+06	0	0	0	0	0	137	0	0	0	0	0	0	0	0	0	0	
1.25397e+06	0	0	0	0	0	113	0	0	0	0	0	0	0	0	0	0	
1.25472e+06	0	0	0	0	0	131	0	0	0	0	0	0	0	0	0	0	
1.25548e+06	0	0	0	0	0	127	0	0	0	0	0	0	0	0	0	0	
1.25622e+06	0	0	0	0	0	125	0	0	0	0	0	0	0	0	0	0	
1.25697e+06	0	0	0	0	0	129	0	0	0	0	0	0	0	0	0	0	
1.25772e+06	0	0	0	0	14	141	0	0	0	0	0	0	0	0	0	0	
1.25847e+06	0	0	0	0	0	141	0	0	0	0	0	0	0	0	0	0	
1.25922e+06	0	0	0	0	0	129	0	0	0	0	0	0	0	0	0	0	
1.25997e+06	0	0	0	0	0	131	0	0	0	0	0	0	0	0	0	0	
1.26071e+06	0	0	0	0	0	145	0	0	0	0	0	0	0	0	0	0	
1.26147e+06	0	0	0	0	0	123	0	0	0	0	0	0	0	0	0	0	
1.26222e+06	0	0	0	0	0	149	0	0	0	0	0	0	0	0	0	0	
1.26296e+06	0	0	0	0	0	145	0	0	0	0	0	0	0	0	0	0	
1.26371e+06	0	0	0	0	0	137	0	0	0	0	0	0	0	0	0	0	
1.26446e+06	0	0	0	0	0	123	0	0	0	0	0	0	0	0	0	0	
1.26521e+06	0	0	0	0	0	121	0	0	0	0	0	0	0	0	0	0	
1.26596e+06	0	0	0	0	0	129	0	0	0	0	0	0	0	0	0	0	
1.26671e+06	0	0	0	0	0	141	0	0	0	0	0	0	0	0	0	0	
1.26746e+06	0	0	0	0	0	121	0	0	0	0	0	0	0	0	0	0	
1.26821e+06	0	0	0	0	0	127	0	0	0	0	0	0	0	0	0	0	
1.26896e+06	0	0	0	0	0	133	0	0	0	0	0	0	0	0	0	0	
1.26971e+06	0	0	0	0	0	125	0	0	0	0	0	0	0	0	0	0	
1.27046e+06	0	0	0	0	0	127	0	0	0	0	0	0	0	0	0	0	
1.27121e+06	0	0	0	0	0	153	0	0	0	0	0	0	0	0	0	0	
1.27196e+06	0	0	0	0	0	155	0	0	0	0	0	0	0	0	0	0	
1.27271e+06	0	0	0	0	0	139	0	0	0	0	0	0	0	0	0	0	
1.27346e+06	0	0	0	0	0	129	0	0	0	0	0	0	0	0	0	0	
1.27421e+06	0	0	0	0	0	141	0	0	0	0	0	0	0	0	0	0	
1.27496e+06	0	0	0	0	0	129	0	0	0	0	0	0	0	0	0	0	
1.27571e+06	0	0	0	0	0	127	0	0	0	0	0	0	0	0	0	0	
1.27646e+06	0	0	0	0	0	135	0	0	0	0	0	0	0	0	0	0	
1.27721e+06	0	0	0	0	0	137	0	0	0	0	0	0	0	0	0	0	
1.27796e+06	0	0	0	0	0	133	0	0	0	0	0	0	0	0	0	0	
1.27871e+06	0	0	0	0	0	0	91	0	0	0	0	0	0	0	0	0	
1.27946e+06	0	0	0	0	0	0	133	0	0	0	0	0	0	0	0	0	
1.28022e+06	0	0	0	0	0	0	143	0	0	0	0	0	0	0	0	0	
1.28097e+06	0	0	0	0	0	0	113	0	0	0	0	0	0	0	0	0	
1.28172e+06	0	0	0	0	0	0	101	0	0	0	0	0	0	0	0	0	
1.28247e+06	0	0	0	0	0	0	135	0	0	0	0	0	0	0	0	0	
1.28322e+06	0	0	0	0	0	111	0	0	0	0	0	0	0	0	0	0	
1.28397e+06	0	0	0	0	0	121	0	0	0	0	0	0	0	0	0	0	
1.28472e+06	0	0	0	0	0	113	0	0	0	0	0	0	0	0	0	0	
1.28547e+06	0	0	0	0	0	133	0	0	0	0	0	0	0	0	0	0	
1.28622e+06	0	0	0	0	0	139	0	0	0	0	0	0	0	0	0	0	
1.28697e+06	0	0	0	0	0	121	0	0	0	0	0	0	0	0	0	0	
1.28772e+06	0	0	0	0	0	117	0	0	0	0	0	0	0	0	0	0	
1.28848e+06	0	0	0	0	0	121	0	0	0	0	0	0	0	0	0	0	
1.28923e+06	0	0	0	0	0	143	0	0	0	0	0	0	0	0	0	0	
1.28998e+06	0	0	0	0	0	133	0	0	0	0	0	0	0	0	0	0	
1.29074e+06	0	0	0	0	0	117	0	0	0	0	0	0	0	0	0	0	
1.29148e+06	0	0	0	0	0	139	0	0	0	0	0	0	0	0	0	0	
1.29223e+06	0	0	0	0	0	127	0	0	0	0	0	0	0	0	0	0	
1.29298e+06	0	0	0	0	0	127	0	0	0	0	0	0	0	0	0	0	
1.29373e+06	0	0	0	0	0	127	0	0	0	0	0	0	0	0	0	0	
1.29448e+06	0	0	0	0	0	141	0	0	0	0	0	0	0	0	0	0	
1.29524e+06	0	0	0	0	0	131	0	0	0	0	0	0	0	0	0	0	
1.29599e+06	0	0	0	0	0	143	0	0	0	0	0	0	0	0	0	0	
1.29674e+06	0	0	0	0	0	143	0	0	0	0	0	0	0	0	0	0	
1.29749e+06	0	0	0	0	0	161	0	0	0	0	0	0	0	0	0	0	
1.29824e+06	0	0	0	0	0	167	0	0	0	0	0	0	0	0	0	0	
1.29899e+06	0	0	0	0	0	131	0	0	0	0	0	0	0	0	0	0	
1.29974e+06	0	0	0	0	0	133	0	0	0	0	0	0	0	0	0	0	
1.30049e+06	0	0	0	0	0	131	0	0	0	0	0	0	0	0	0	0	
1.30124e+06	0	0	0	0	0	139	0	0	0	0	0	0	0	0	0	0	
1.30199e+06	0	0	0	0	0	149	0	0	0	0	0	0	0	0	0	0	
1.30274e+06	0	0	0	0	0	151	0	0	0	0	0	0	0	0	0	0	
1.30349e+06	0	0	0	0	0	143	0	0	0	0	0	0	0	0	0	0	
1.30423e+06	0	0	0	0	0	149	0	0	0	0	0	0	0	0	0	0	
1.30498e+06	0	0	0	0	0	113	0	0	0	0	0	0	0	0	0	0	
1.30574e+06	0	0	0	0	0	137	0	0	0	0	0	0	0	0	0	0	
1.30649e+06	0	0	0	0	0	123	0	0	0	0	0	0	0	0	0	0	
1.30724e+06	0	0	0	0	0	143	0	0	0	0	0	0	0	0	0	0	
1.30799e+06	0	0	0	0	0	113	0	0	0	0	0	0	0	0	0	0	
1.30874e+06	0	0	0	0	63	100	0	0	0	0	0	0	0	0	0	0	
1.30949e+06	0	0	0	0	0	143	0	0	0	0	0	0	0	0	0	0	
1.31024e+06	0	0	0	0	0	111	0	0	0	0	0	0	0	0	0	0	
1.31099e+06	0	0	0	0	153	0	0	0	0	0	0	0	0	0	0	0	
1.31174e+06	0	0	0	0	172	1	0	0	0	0	0	0	0	0	0	0	
1.31249e+06	0	0	0	0	143	0	0	0	0	0	0	0	0	0	0	0	
1.31324e+06	0	0	0	0	167	0	0	0	0	0	0	0	0	0	0	0	
1.31399e+06	0	0	0	0	143	0	0	0	0	0	0	0	0	0	0	0	
1.31474e+06	0	0	0	0	149	0	0	0	0	0	0	0	0	0	0	0	
1.31549e+06	0	0	0	0	159	0	0	0	0	0	0	0	0	0	0	0	
1.31624e+06	0	0	0	0	173	0	0	0	0	0	0	0	0	0	0	0	
1.31699e+06	0	0	0	0	181	0	0	0	0	0	0	0	0	0	0	0	
1.31774e+06	0	0	0	0	173	0	0	0	0	0	0	0	0	0	0	0	
1.31849e+06	0	0	0	0	161	0	0	0	0	0	0	0	0	0	0	0	
1.31924e+06	0	0	0	0	145	0	0	0	0	0	0	0	0	0	0	0	
1.31999e+06	0	0	0	0	169	0	0	0	0	0	0	0	0	0	0	0	
1.32074e+06	0	0	0	0	165	0	0	0	0	0	0	0	0	0	0	0	
1.32148e+06	0	0	0	0	175	0	0	0	0	0	0	0	0	0	0	0	
1.32223e+06	0	0	0	0	159	0	0	0	0	0	0	0	0	0	0	0	
1.32299e+06	0	0	0	0	157	0	0	0	0	0	0	0	0	0	0	0	
1.32374e+06	0	0	0	0	161	0	0	0	0	0	0	0	0	0	0	0	
1.32449e+06	0	0	0	0	171	0	0	0	0	0	0	0	0	0	0	0	
1.32524e+06	0	0	0	0	165	0	0	0	0	0	0	0	0	0	0	0	
1.32599e+06	0	0	0	0	165	0	0	0	0	0	0	0	0	0	0	0	
1.32674e+06	0	0	0	173	0	0	0	0	0	0	0	0	0	0	0	0	
1.32749e+06	0	0	0	183	0	0	0	0	0	0	0	0	0	0	0	0	
1.32824e+06	0	0	0	197	0	0	0	0	0	0	0	0	0	0	0	0	
1.32898e+06	0	0	0	175	0	0	0	0	0	0	0	0	0	0	0	0	
1.32973e+06	0	0	0	207	0	0	0	0	0	0	0	0	0	0	0	0	
1.33048e+06	0	0	0	191	0	0	0	0	0	0	0	0	0	0	0	0	
1.33123e+06	0	0	0	203	0	0	0	0	0	0	0	0	0	0	0	0	
1.33198e+06	0	0	0	161	0	0	0	0	0	0	0	0	0	0	0	0	
1.33273e+06	0	0	0	181	0	0	0	0	0	0	0	0	0	0	0	0	
1.33348e+06	0	0	0	209	0	0	0	0	0	0	0	0	0	0	0	0	
1.33423e+06	0	0	0	185	0	0	0	0	0	0	0	0	0	0	0	0	
1.33498e+06	0	0	0	181	0	0	0	0	0	0	0	0	0	0	0	0	
1.33573e+06	0	0	0	207	0	0	0	0	0	0	0	0	0	0	0	0	
1.33648e+06	0	0	0	197	0	0	0	0	0	0	0	0	0	0	0	0	
1.33723e+06	0	0	0	191	0	0	0	0	0	0	0	0	0	0	0	0	
1.33798e+06	0	0	0	177	0	0	0	0	0	0	0	0	0	0	0	0	
1.33873e+06	0	0	0	207	0	0	0	0	0	0	0	0	0	0	0	0	
1.33948e+06	0	0	0	163	0	0	0	0	0	0	0	0	0	0	0	0	
1.34023e+06	0	0	0	0	149	0	0	0	0	0	0	0	0	0	0	0	
1.34098e+06	0	0	0	0	173	0	0	0	0	0	0	0	0	0	0	0	
1.34172e+06	0	0	0	0	181	0	0	0	0	0	0	0	0	0	0	0	
1.34247e+06	0	0	0	0	171	0	0	0	0	0	0	0	0	0	0	0	
1.34322e+06	0	0	0	17	144	0	0	0	0	0	0	0	0	0	0	0	
1.34397e+06	0	0	0	0	153	0	0	0	0	0	0	0	0	0	0	0	
1.34473e+06	0	0	0	0	157	0	0	0	0	0	0	0	0	0	0	0	
1.34548e+06	0	0	0	0	147	0	0	0	0	0	0	0	0	0	0	0	
1.34623e+06	0	0	0	0	0	133	0	0	0	0	0	0	0	0	0	0	
1.34698e+06	0	0	0	0	0	135	0	0	0	0	0	0	0	0	0	0	
1.34773e+06	0	0	0	0	0	135	0	0	0	0	0	0	0	0	0	0	
1.34848e+06	0	0	0	0	0	133	0	0	0	0	0	0	0	0	0	0	
1.34923e+06	0	0	0	0	0	153	0	0	0	0	0	0	0	0	0	0	
1.34998e+06	0	0	0	0	0	141	0	0	0	0	0	0	0	0	0	0	
1.35074e+06	0	0	0	0	0	133	0	0	0	0	0	0	0	0	0	0	
1.35149e+06	0	0	0	0	0	147	0	0	0	0	0	0	0	0	0	0	
1.35223e+06	0	0	0	0	0	131	0	0	0	0	0	0	0	0	0	0	
1.35298e+06	0	0	0	0	0	127	0	0	0	0	0	0	0	0	0	0	
1.35374e+06	0	0	0	0	0	121	0	0	0	0	0	0	0	0	0	0	
1.35448e+06	0	0	0	0	0	135	0	0	0	0	0	0	0	0	0	0	
1.35523e+06	0	0	0	0	0	145	0	0	0	0	0	0	0	0	0	0	
1.35598e+06	0	0	0	0	0	109	0	0	0	0	0	0	0	0	0	0	
1.35673e+06	0	0	0	0	0	121	0	0	0	0	0	0	0	0	0	0	
1.35748e+06	0	0	0	0	0	135	0	0	0	0	0	0	0	0	0	0	
1.35823e+06	0	0	0	0	0	131	0	0	0	0	0	0	0	0	0	0	
1.35898e+06	0	0	0	0	0	141	0	0	0	0	0	0	0	0	0	0	
1.35973e+06	0	0	0	0	0	139	0	0	0	0	0	0	0	0	0	0	
1.36049e+06	0	0	0	0	0	129	0	0	0	0	0	0	0	0	0	0	
1.36124e+06	0	0	0	0	0	141	0	0	0	0	0	0	0	0	0	0	
1.36199e+06	0	0	0	0	0	115	0	0	0	0	0	0	0	0	0	0	
1.36274e+06	0	0	0	0	0	129	0	0	0	0	0	0	0	0	0	0	
1.36349e+06	0	0	0	0	0	105	0	0	0	0	0	0	0	0	0	0	
1.36424e+06	0	0	0	0	0	109	0	0	0	0	0	0	0	0	0	0	
1.36499e+06	0	0	0	0	0	151	0	0	0	0	0	0	0	0	0	0	
1.36574e+06	0	0	0	0	0	109	0	0	0	0	0	0	0	0	0	0	
1.36649e+06	0	0	0	0	0	127	0	0	0	0	0	0	0	0	0	0	
1.36724e+06	0	0	0	0	0	123	0	0	0	0	0	0	0	0	0	0	
1.36799e+06	0	0	0	0	0	137	0	0	0	0	0	0	0	0	0	0	
1.36875e+06	0	0	0	0	0	139	0	0	0	0	0	0	0	0	0	0	
1.36949e+06	0	0	0	0	0	127	0	0	0	0	0	0	0	0	0	0	
1.37025e+06	0	0	0	0	0	137	0	0	0	0	0	0	0	0	0	0	
1.371e+06	0	0	0	0	0	121	0	0	0	0	0	0	0	0	0	0	
1.37174e+06	0	0	0	0	0	0	103	0	0	0	0	0	0	0	0	0	
1.37249e+06	0	0	0	0	0	7	106	0	0	0	0	0	0	0	0	0	
1.37325e+06	0	0	0	0	0	0	121	0	0	0	0	0	0	0	0	0	
1.37399e+06	0	0	0	0	0	0	0	113	0	0	0	0	0	0	0	0	
1.37474e+06	0	0	0	0	0	0	0	109	0	0	0	0	0	0	0	0	
1.37549e+06	0	0	0	0	0	0	0	111	0	0	0	0	0	0	0	0	
1.37624e+06	0	0	0	0	0	0	0	99	0	0	0	0	0	0	0	0	
1.37699e+06	0	0	0	0	0	0	0	103	0	0	0	0	0	0	0	0	
1.37774e+06	0	0	0	0	0	0	0	113	0	0	0	0	0	0	0	0	
1.3785e+06	0	0	0	0	0	0	0	93	0	0	0	0	0	0	0	0	
1.37925e+06	0	0	0	0	0	0	0	85	0	0	0	0	0	0	0	0	
1.38e+06	0	0	0	0	0	0	0	85	0	0	0	0	0	0	0	0	
1.38075e+06	0	0	0	0	0	0	0	115	0	0	0	0	0	0	0	0	
1.3815e+06	0	0	0	0	0	0	0	93	0	0	0	0	0	0	0	0	
1.38225e+06	0	0	0	0	0	0	0	113	0	0	0	0	0	0	0	0	
1.383e+06	0	0	0	0	0	0	0	107	0	0	0	0	0	0	0	0	
1.38376e+06	0	0	0	0	0	0	0	91	0	0	0	0	0	0	0	0	
1.38451e+06	0	0	0	0	0	0	0	115	0	0	0	0	0	0	0	0	
1.38526e+06	0	0	0	0	0	0	0	89	0	0	0	0	0	0	0	0	
1.38601e+06	0	0	0	0	0	0	0	101	0	0	0	0	0	0	0	0	
1.38676e+06	0	0	0	0	0	0	0	103	0	0	0	0	0	0	0	0	
1.38751e+06	0	0	0	0	0	0	0	113	0	0	0	0	0	0	0	0	
1.38826e+06	0	0	0	0	0	0	0	107	0	0	0	0	0	0	0	0	
1.38901e+06	0	0	0	0	0	0	0	101	0	0	0	0	0	0	0	0	
1.38976e+06	0	0	0	0	0	0	0	113	0	0	0	0	0	0	0	0	
1.39052e+06	0	0	0	0	0	0	0	97	0	0	0	0	0	0	0	0	
1.39126e+06	0	0	0	0	0	0	0	89	0	0	0	0	0	0	0	0	
1.39202e+06	0	0	0	0	0	0	0	93	0	0	0	0	0	0	0	0	
1.39277e+06	0	0	0	0	0	0	0	87	0	0	0	0	0	0	0	0	
1.39352e+06	0	0	0	0	0	0	0	95	0	0	0	0	0	0	0	0	
1.39427e+06	0	0	0	0	0	0	0	109	0	0	0	0	0	0	0	0	
1.39502e+06	0	0	0	0	0	0	0	105	0	0	0	0	0	0	0	0	
1.39577e+06	0	0	0	0	0	0	0	95	0	0	0	0	0	0	0	0	
1.39652e+06	0	0	0	0	0	0	0	117	0	0	0	0	0	0	0	0	
1.39727e+06	0	0	0	0	0	0	0	99	0	0	0	0	0	0	0	0	
1.39802e+06	0	0	0	0	0	0	0	111	0	0	0	0	0	0	0	0	
1.39876e+06	0	0	0	0	0	0	0	79	0	0	0	0	0	0	0	0	
1.39951e+06	0	0	0	0	0	0	0	97	0	0	0	0	0	0	0	0	
1.40026e+06	0	0	0	0	0	0	0	109	0	0	0	0	0	0	0	0	
1.40101e+06	0	0	0	0	0	0	0	95	0	0	0	0	0	0	0	0	
1.40176e+06	0	0	0	0	0	0	0	103	0	0	0	0	0	0	0	0	
1.40251e+06	0	0	0	0	0	0	0	97	0	0	0	0	0	0	0	0	
1.40326e+06	0	0	0	0	0	0	0	89	0	0	0	0	0	0	0	0	
1.404e+06	0	0	0	0	0	0	0	81	0	0	0	0	0	0	0	0	
1.40475e+06	0	0	0	0	0	0	0	107	0	0	0	0	0	0	0	0	
1.4055e+06	0	0	0	0	0	0	0	101	0	0	0	0	0	0	0	0	
1.40625e+06	0	0	0	0	0	0	0	109	0	0	0	0	0	0	0	0	
1.407e+06	0	0	0	0	0	0	0	95	0	0	0	0	0	0	0	0	
1.40775e+06	0	0	0	0	0	0	0	97	0	0	0	0	0	0	0	0	
1.4085e+06	0	0	0	0	0	0	0	105	0	0	0	0	0	0	0	0	
1.40925e+06	0	0	0	0	0	0	0	99	0	0	0	0	0	0	0	0	
1.41e+06	0	0	0	0	0	0	0	79	0	0	0	0	0	0	0	0	
1.41075e+06	0	0	0	0	0	0	0	97	0	0	0	0	0	0	0	0	
1.4115e+06	0	0	0	0	0	0	0	107	0	0	0	0	0	0	0	0	
1.41225e+06	0	0	0	0	0	0	0	97	0	0	0	0	0	0	0	0	
1.413e+06	0	0	0	0	0	0	0	89	0	0	0	0	0	0	0	0	
1.41375e+06	0	0	0	0	0	0	0	95	0	0	0	0	0	0	0	0	
1.4145e+06	0	0	0	0	0	0	117	0	0	0	0	0	0	0	0	0	
1.41526e+06	0	0	0	0	0	0	113	0	0	0	0	0	0	0	0	0	
1.41601e+06	0	0	0	0	0	0	133	0	0	0	0	0	0	0	0	0	
1.41675e+06	0	0	0	0	0	0	119	0	0	0	0	0	0	0	0	0	
1.4175e+06	0	0	0	0	0	0	113	0	0	0	0	0	0	0	0	0	
1.41825e+06	0	0	0	0	0	0	121	0	0	0	0	0	0	0	0	0	
1.419e+06	0	0	0	0	0	0	105	0	0	0	0	0	0	0	0	0	
1.41975e+06	0	0	0	0	0	0	97	0	0	0	0	0	0	0	0	0	
1.4205e+06	0	0	0	0	0	0	28	75	0	0	0	0	0	0	0	0	
1.42125e+06	0	0	0	0	0	0	15	90	0	0	0	0	0	0	0	0	
1.42201e+06	0	0	0	0	0	0	121	0	0	0	0	0	0	0	0	0	
1.42275e+06	0	0	0	0	0	0	119	0	0	0	0	0	0	0	0	0	
1.42351e+06	0	0	0	0	0	0	101	0	0	0	0	0	0	0	0	0	
1.42425e+06	0	0	0	0	0	0	121	0	0	0	0	0	0	0	0	0	
1.425e+06	0	0	0	0	0	0	127	0	0	0	0	0	0	0	0	0	
1.42575e+06	0	0	0	0	0	0	117	0	0	0	0	0	0	0	0	0	
1.4265e+06	0	0	0	0	0	0	107	0	0	0	0	0	0	0	0	0	
1.42725e+06	0	0	0	0	0	0	111	0	0	0	0	0	0	0	0	0	
1.428e+06	0	0	0	0	0	0	127	0	0	0	0	0	0	0	0	0	
1.42875e+06	0	0	0	0	0	0	107	0	0	0	0	0	0	0	0	0	
1.4295e+06	0	0	0	0	0	0	111	0	0	0	0	0	0	0	0	0	
1.43025e+06	0	0	0	0	0	0	107	0	0	0	0	0	0	0	0	0	
1.431e+06	0	0	0	0	0	0	113	0	0	0	0	0	0	0	0	0	
1.43175e+06	0	0	0	0	0	0	107	0	0	0	0	0	0	0	0	0	
1.43249e+06	0	0	0	0	0	0	101	0	0	0	0	0	0	0	0	0	
1.43325e+06	0	0	0	0	0	0	107	0	0	0	0	0	0	0	0	0	
1.434e+06	0	0	0	0	0	0	105	0	0	0	0	0	0	0	0	0	
1.43475e+06	0	0	0	0	0	0	105	0	0	0	0	0	0	0	0	0	
1.4355e+06	0	0	0	0	0	0	121	0	0	0	0	0	0	0	0	0	
1.43625e+06	0	0	0	0	0	0	97	0	0	0	0	0	0	0	0	0	
1.437e+06	0	0	0	0	0	0	119	0	0	0	0	0	0	0	0	0	
1.43775e+06	0	0	0	0	0	0	107	0	0	0	0	0	0	0	0	0	
1.4385e+06	0	0	0	0	0	0	119	0	0	0	0	0	0	0	0	0	
1.43925e+06	0	0	0	0	0	0	111	0	0	0	0	0	0	0	0	0	
1.44e+06	0	0	0	0	0	0	0	89	0	0	0	0	0	0	0	0	
1.44075e+06	0	0	0	0	0	0	0	115	0	0	0	0	0	0	0	0	
1.4415e+06	0	0	0	0	0	0	0	89	0	0	0	0	0	0	0	0	
1.44225e+06	0	0	0	0	0	0	0	91	0	0	0	0	0	0	0	0	
1.443e+06	0	0	0	0	0	0	0	95	0	0	0	0	0	0	0	0	
1.44375e+06	0	0	0	0	0	0	0	95	0	0	0	0	0	0	0	0	
1.4445e+06	0	0	0	0	0	0	0	89	0	0	0	0	0	0	0	0	
1.44525e+06	0	0	0	0	0	0	0	109	0	0	0	0	0	0	0	0	
1.446e+06	0	0	0	0	0	0	0	111	0	0	0	0	0	0	0	0	
1.44676e+06	0	0	0	0	0	0	0	99	0	0	0	0	0	0	0	0	
1.44751e+06	0	0	0	0	0	0	0	107	0	0	0	0	0	0	0	0	
1.44826e+06	0	0	0	0	0	0	0	95	0	0	0	0	0	0	0	0	
1.44901e+06	0	0	0	0	0	0	0	103	0	0	0	0	0	0	0	0	
1.44976e+06	0	0	0	0	0	0	0	83	0	0	0	0	0	0	0	0	
1.45051e+06	0	0	0	0	0	0	0	101	0	0	0	0	0	0	0	0	
1.45126e+06	0	0	0	0	0	0	0	97	0	0	0	0	0	0	0	0	
1.45202e+06	0	0	0	0	0	0	0	93	0	0	0	0	0	0	0	0	
1.45277e+06	0	0	0	0	0	0	0	117	0	0	0	0	0	0	0	0	
1.45352e+06	0	0	0	0	0	0	0	111	0	0	0	0	0	0	0	0	
1.45427e+06	0	0	0	0	0	0	0	103	0	0	0	0	0	0	0	0	
1.45502e+06	0	0	0	0	0	0	0	111	0	0	0	0	0	0	0	0	
1.45577e+06	0	0	0	0	0	0	0	105	0	0	0	0	0	0	0	0	
1.45652e+06	0	0	0	0	0	0	0	101	0	0	0	0	0	0	0	0	
1.45727e+06	0	0	0	0	0	0	0	99	0	0	0	0	0	0	0	0	
1.45802e+06	0	0	0	0	0	0	0	101	0	0	0	0	0	0	0	0	
1.45877e+06	0	0	0	0	0	0	0	99	0	0	0	0	0	0	0	0	
1.45952e+06	0	0	0	0	0	0	0	99	0	0	0	0	0	0	0	0	
1.46027e+06	0	0	0	0	0	0	0	101	0	0	0	0	0	0	0	0	
1.46102e+06	0	0	0	0	0	0	0	93	0	0	0	0	0	0	0	0	
1.46177e+06	0	0	0	0	0	0	0	91	0	0	0	0	0	0	0	0	
1.46252e+06	0	0	0	0	0	0	0	97	0	0	0	0	0	0	0	0	
1.46327e+06	0	0	0	0	0	0	0	119	0	0	0	0	0	0	0	0	
1.46402e+06	0	0	0	0	0	0	0	93	0	0	0	0	0	0	0	0	
1.46477e+06	0	0	0	0	0	0	0	105	0	0	0	0	0	0	0	0	
1.46552e+06	0	0	0	0	0	0	0	77	0	0	0	0	0	0	0	0	
1.46627e+06	0	0	0	0	0	0	129	0	0	0	0	0	0	0	0	0	
1.46702e+06	0	0	0	0	0	0	127	0	0	0	0	0	0	0	0	0	
1.46777e+06	0	0	0	0	0	0	101	0	0	0	0	0	0	0	0	0	
1.46852e+06	0	0	0	0	0	0	121	0	0	0	0	0	0	0	0	0	
1.46927e+06	0	0	0	0	0	0	0	83	0	0	0	0	0	0	0	0	
1.47002e+06	0	0	0	0	0	0	0	99	0	0	0	0	0	0	0	0	
1.47077e+06	0	0	0	0	0	0	0	99	0	0	0	0	0	0	0	0	
1.47152e+06	0	0	0	0	0	0	0	95	0	0	0	0	0	0	0	0	
1.47227e+06	0	0	0	0	0	0	0	95	0	0	0	0	0	0	0	0	
1.47301e+06	0	0	0	0	0	0	0	103	0	0	0	0	0	0	0	0	
1.47376e+06	0	0	0	0	0	0	0	101	0	0	0	0	0	0	0	0	
1.47451e+06	0	0	0	0	0	0	0	97	0	0	0	0	0	0	0	0	
1.47526e+06	0	0	0	0	0	0	0	99	0	0	0	0	0	0	0	0	
1.476e+06	0	0	0	0	0	0	0	91	0	0	0	0	0	0	0	0	
1.47676e+06	0	0	0	0	0	0	0	103	0	0	0	0	0	0	0	0	
1.4775e+06	0	0	0	0	0	0	0	117	0	0	0	0	0	0	0	0	
1.47825e+06	0	0	0	0	0	0	105	0	0	0	0	0	0	0	0	0	
1.479e+06	0	0	0	0	0	0	117	0	0	0	0	0	0	0	0	0	
1.47975e+06	0	0	0	0	0	0	125	0	0	0	0	0	0	0	0	0	
1.4805e+06	0	0	0	0	0	0	115	0	0	0	0	0	0	0	0	0	
1.48126e+06	0	0	0	0	0	0	101	0	0	0	0	0	0	0	0	0	
1.482e+06	0	0	0	0	0	0	107	0	0	0	0	0	0	0	0	0	
1.48275e+06	0	0	0	0	0	0	123	0	0	0	0	0	0	0	0	0	
1.4835e+06	0	0	0	0	0	0	103	0	0	0	0	0	0	0	0	0	
1.48425e+06	0	0	0	0	0	137	0	0	0	0	0	0	0	0	0	0	
1.485e+06	0	0	0	0	0	133	0	0	0	0	0	0	0	0	0	0	
1.48575e+06	0	0	0	0	0	135	0	0	0	0	0	0	0	0	0	0	
1.4865e+06	0	0	0	0	0	133	0	0	0	0	0	0	0	0	0	0	
1.48725e+06	0	0	0	0	0	123	0	0	0	0	0	0	0	0	0	0	
1.488e+06	0	0	0	0	0	129	0	0	0	0	0	0	0	0	0	0	
1.48875e+06	0	0	0	0	0	137	0	0	0	0	0	0	0	0	0	0	
1.4895e+06	0	0	0	0	0	131	0	0	0	0	0	0	0	0	0	0	
1.49025e+06	0	0	0	0	0	135	0	0	0	0	0	0	0	0	0	0	
1.491e+06	0	0	0	0	0	125	0	0	0	0	0	0	0	0	0	0	
1.49175e+06	0	0	0	0	0	157	0	0	0	0	0	0	0	0	0	0	
1.4925e+06	0	0	0	0	0	147	0	0	0	0	0	0	0	0	0	0	
1.49325e+06	0	0	0	0	0	115	0	0	0	0	0	0	0	0	0	0	
1.494e+06	0	0	0	0	0	139	0	0	0	0	0	0	0	0	0	0	
1.49475e+06	0	0	0	0	0	163	0	0	0	0	0	0	0	0	0	0	
1.49549e+06	0	0	0	0	0	133	0	0	0	0	0	0	0	0	0	0	
1.49624e+06	0	0	0	0	0	143	0	0	0	0	0	0	0	0	0	0	
1.49699e+06	0	0	0	0	0	131	0	0	0	0	0	0	0	0	0	0	
1.49774e+06	0	0	0	0	0	115	0	0	0	0	0	0	0	0	0	0	
1.49849e+06	0	0	0	0	0	137	0	0	0	0	0	0	0	0	0	0	
1.49924e+06	0	0	0	0	0	149	0	0	0	0	0	0	0	0	0	0	
1.49999e+06	0	0	0	0	0	141	0	0	0	0	0	0	0	0	0	0	
1.49999e+06	0	0	0	0	0	141	0	0	0	0	0	0	0	0	0	0	
