Time	s0	s1	s2	s3	s4	s5	s6	s7	s8	s9	s10	s11	s12	s13	s14	s15	
0	0	0	0	0	0	0	0	0	0	0	0	0	0	0	0	200	
0.00156086	0	0	0	0	0	0	0	0	0	0	0	0	0	0	0	199	
749.006	0	0	0	0	0	0	0	0	0	0	0	0	0	0	0	53	
1497.35	0	0	0	0	0	0	0	0	0	0	0	0	0	0	0	51	
2246.44	0	0	0	0	0	0	0	0	0	0	0	0	0	0	0	51	
2996.89	0	0	0	0	0	0	0	0	0	0	0	0	0	0	0	53	
3748.23	0	0	0	0	0	0	0	0	0	0	0	0	0	0	0	55	
4497.31	0	0	0	0	0	0	0	0	0	0	0	0	0	0	0	59	
5247.85	0	0	0	0	0	0	0	0	0	0	0	0	0	0	0	41	
5994.57	0	0	0	0	0	0	0	0	0	0	0	0	0	0	45	0	
6740.6	0	0	0	0	0	0	0	0	0	0	0	0	0	0	51	0	
7492.93	0	0	0	0	0	0	0	0	0	0	0	0	0	0	59	0	
8243.82	0	0	0	0	0	0	0	0	0	0	0	0	0	0	63	0	
8990.43	0	0	0	0	0	0	0	0	0	0	0	0	0	0	45	0	
9736.7	0	0	0	0	0	0	0	0	0	0	0	0	0	0	53	0	
10486.3	0	0	0	0	0	0	0	0	0	0	0	0	0	0	51	0	
11238.3	0	0	0	0	0	0	0	0	0	0	0	0	0	0	47	0	
11983.2	0	0	0	0	0	0	0	0	0	0	0	0	0	0	37	0	
12729.6	0	0	0	0	0	0	0	0	0	0	0	0	0	0	0	51	
13479.8	0	0	0	0	0	0	0	0	0	0	0	0	0	0	0	57	
14229.8	0	0	0	0	0	0	0	0	0	0	0	0	0	0	0	41	
14981.6	0	0	0	0	0	0	0	0	0	0	0	0	0	0	0	53	
15732.6	0	0	0	0	0	0	0	0	0	0	0	0	0	0	0	53	
16484.6	0	0	0	0	0	0	0	0	0	0	0	0	0	0	0	39	
17234.9	0	0	0	0	0	0	0	0	0	0	0	0	0	0	0	49	
17985.4	0	0	0	0	0	0	0	0	0	0	0	0	0	0	0	27	
18736.1	0	0	0	0	0	0	0	0	0	0	0	0	0	0	0	45	
19486.4	0	0	0	0	0	0	0	0	0	0	0	0	0	0	0	59	
20238.7	0	0	0	0	0	0	0	0	0	0	0	0	0	0	0	47	
20991.6	0	0	0	0	0	0	0	0	0	0	0	0	0	0	0	51	
21742.7	0	0	0	0	0	0	0	0	0	0	0	0	0	0	0	45	
22495.2	0	0	0	0	0	0	0	0	0	0	0	0	0	0	0	51	
23245.3	0	0	0	0	0	0	0	0	0	0	0	0	0	0	0	43	
23993.3	0	0	0	0	0	0	0	0	0	0	0	0	0	0	0	41	
24743	0	0	0	0	0	0	0	0	0	0	0	0	0	0	0	51	
25490.5	0	0	0	0	0	0	0	0	0	0	0	0	0	0	0	45	
26243.4	0	0	0	0	0	0	0	0	0	0	0	0	0	0	0	49	
26996.5	0	0	0	0	0	0	0	0	0	0	0	0	0	0	0	47	
27749.1	0	0	0	0	0	0	0	0	0	0	0	0	0	0	0	45	
28500.2	0	0	0	0	0	0	0	0	0	0	0	0	0	0	0	39	
29250	0	0	0	0	0	0	0	0	0	0	0	0	0	0	0	47	
30000.1	0	0	0	0	0	0	0	0	0	0	0	0	0	0	0	51	
30752	0	0	0	0	0	0	0	0	0	0	0	0	0	0	0	45	
31500.3	0	0	0	0	0	0	0	0	0	0	0	0	0	0	0	47	
32248.7	0	0	0	0	0	0	0	0	0	0	0	0	0	0	0	49	
33002.8	0	0	0	0	0	0	0	0	0	0	0	0	0	0	0	51	
33754.8	0	0	0	0	0	0	0	0	0	0	0	0	0	0	55	0	
34503.3	0	0	0	0	0	0	0	0	0	0	0	0	0	0	43	0	
35252	0	0	0	0	0	0	0	0	0	0	0	0	0	0	0	47	
36003.6	0	0	0	0	0	0	0	0	0	0	0	0	0	0	0	43	
36751.1	0	0	0	0	0	0	0	0	0	0	0	0	0	0	0	33	
37503.6	0	0	0	0	0	0	0	0	0	0	0	0	0	0	0	61	
38250.1	0	0	0	0	0	0	0	0	0	0	0	0	0	0	0	45	
38999.9	0	0	0	0	0	0	0	0	0	0	0	0	0	0	0	51	
39750.1	0	0	0	0	0	0	0	0	0	0	0	0	0	0	0	49	
40499.5	0	0	0	0	0	0	0	0	0	0	0	0	0	0	0	51	
41249.7	0	0	0	0	0	0	0	0	0	0	0	0	0	0	0	55	
42000.4	0	0	0	0	0	0	0	0	0	0	0	0	0	0	0	51	
42750.1	0	0	0	0	0	0	0	0	0	0	0	0	0	0	51	0	
43504.7	0	0	0	0	0	0	0	0	0	0	0	0	0	0	51	0	
44255.3	0	0	0	0	0	0	0	0	0	0	0	0	0	0	51	0	
45007.2	0	0	0	0	0	0	0	0	0	0	0	0	0	0	61	0	
45757.6	0	0	0	0	0	0	0	0	0	0	0	0	0	0	0	43	
46508.4	0	0	0	0	0	0	0	0	0	0	0	0	0	0	0	47	
47257.7	0	0	0	0	0	0	0	0	0	0	0	0	0	0	0	71	
48007.4	0	0	0	0	0	0	0	0	0	0	0	0	0	0	0	47	
48755.9	0	0	0	0	0	0	0	0	0	0	0	0	0	0	47	0	
49502.5	0	0	0	0	0	0	0	0	0	0	0	0	0	0	57	0	
50252.7	0	0	0	0	0	0	0	0	0	0	0	0	0	0	51	0	
51002.4	0	0	0	0	0	0	0	0	0	0	0	0	0	0	45	0	
51752.8	0	0	0	0	0	0	0	0	0	0	0	0	0	0	63	0	
52505.1	0	0	0	0	0	0	0	0	0	0	0	0	0	0	57	0	
53250.8	0	0	0	0	0	0	0	0	0	0	0	0	0	0	55	0	
54000.1	0	0	0	0	0	0	0	0	0	0	0	0	0	53	0	0	
54751.3	0	0	0	0	0	0	0	0	0	0	0	0	0	49	0	0	
55501.4	0	0	0	0	0	0	0	0	0	0	0	0	0	55	0	0	
56248.7	0	0	0	0	0	0	0	0	0	0	0	0	0	51	0	0	
56998.9	0	0	0	0	0	0	0	0	0	0	0	0	0	59	0	0	
57748.7	0	0	0	0	0	0	0	0	0	0	0	0	0	51	0	0	
58496.1	0	0	0	0	0	0	0	0	0	0	0	0	0	45	0	0	
59245.5	0	0	0	0	0	0	0	0	0	0	0	0	0	55	0	0	
59993.3	0	0	0	0	0	0	0	0	0	0	0	0	0	53	0	0	
60742.5	0	0	0	0	0	0	0	0	0	0	0	0	0	49	0	0	
61489.5	0	0	0	0	0	0	0	0	0	0	0	0	0	65	0	0	
62236.4	0	0	0	0	0	0	0	0	0	0	0	0	0	55	0	0	
62986.6	0	0	0	0	0	0	0	0	0	0	0	0	0	0	47	0	
63735	0	0	0	0	0	0	0	0	0	0	0	0	0	0	49	0	
64485.5	0	0	0	0	0	0	0	0	0	0	0	0	0	0	51	0	
65237.5	0	0	0	0	0	0	0	0	0	0	0	0	0	65	0	0	
65986.6	0	0	0	0	0	0	0	0	0	0	0	0	0	0	43	0	
66739.1	0	0	0	0	0	0	0	0	0	0	0	0	0	0	41	0	
67488.8	0	0	0	0	0	0	0	0	0	0	0	0	0	0	55	0	
68237.7	0	0	0	0	0	0	0	0	0	0	0	0	0	0	0	43	
68988.1	0	0	0	0	0	0	0	0	0	0	0	0	0	0	0	57	
69736.7	0	0	0	0	0	0	0	0	0	0	0	0	0	0	0	53	
70486.7	0	0	0	0	0	0	0	0	0	0	0	0	0	0	0	59	
71234.7	0	0	0	0	0	0	0	0	0	0	0	0	0	0	0	41	
71984.7	0	0	0	0	0	0	0	0	0	0	0	0	0	0	0	67	
72737	0	0	0	0	0	0	0	0	0	0	0	0	0	0	0	43	
73487.4	0	0	0	0	0	0	0	0	0	0	0	0	0	0	0	55	
74236.9	0	0	0	0	0	0	0	0	0	0	0	0	0	0	0	37	
74990.4	0	0	0	0	0	0	0	0	0	0	0	0	0	0	0	47	
75741	0	0	0	0	0	0	0	0	0	0	0	0	0	0	0	45	
76488.5	0	0	0	0	0	0	0	0	0	0	0	0	0	0	0	31	
77236.1	0	0	0	0	0	0	0	0	0	0	0	0	0	0	0	57	
77984.3	0	0	0	0	0	0	0	0	0	0	0	0	0	0	0	33	
78733.7	0	0	0	0	0	0	0	0	0	0	0	0	0	0	0	37	
79481.2	0	0	0	0	0	0	0	0	0	0	0	0	0	0	51	0	
80230.9	0	0	0	0	0	0	0	0	0	0	0	0	0	0	49	0	
80979.9	0	0	0	0	0	0	0	0	0	0	0	0	0	0	33	2	
81735.7	0	0	0	0	0	0	0	0	0	0	0	0	0	0	63	0	
82485.3	0	0	0	0	0	0	0	0	0	0	0	0	0	0	65	0	
83234.9	0	0	0	0	0	0	0	0	0	0	0	0	0	0	0	55	
83986.5	0	0	0	0	0	0	0	0	0	0	0	0	0	0	0	41	
84737.2	0	0	0	0	0	0	0	0	0	0	0	0	0	0	0	51	
85489	0	0	0	0	0	0	0	0	0	0	0	0	0	0	0	61	
86235.8	0	0	0	0	0	0	0	0	0	0	0	0	0	0	0	47	
86990.1	0	0	0	0	0	0	0	0	0	0	0	0	0	0	0	57	
87742.1	0	0	0	0	0	0	0	0	0	0	0	0	0	0	0	53	
88492.5	0	0	0	0	0	0	0	0	0	0	0	0	0	0	0	67	
89245.7	0	0	0	0	0	0	0	0	0	0	0	0	0	0	63	0	
89997	0	0	0	0	0	0	0	0	0	0	0	0	0	0	63	0	
90746.6	0	0	0	0	0	0	0	0	0	0	0	0	0	0	63	0	
91494.7	0	0	0	0	0	0	0	0	0	0	0	0	0	0	53	0	
92248.1	0	0	0	0	0	0	0	0	0	0	0	0	0	0	41	0	
93001.5	0	0	0	0	0	0	0	0	0	0	0	0	0	0	59	0	
93753.1	0	0	0	0	0	0	0	0	0	0	0	0	0	0	67	0	
94501.3	0	0	0	0	0	0	0	0	0	0	0	0	0	0	41	0	
95251.8	0	0	0	0	0	0	0	0	0	0	0	0	0	49	0	0	
95999.8	0	0	0	0	0	0	0	0	0	0	0	0	0	53	0	0	
96750.9	0	0	0	0	0	0	0	0	0	0	0	0	0	47	0	0	
97503	0	0	0	0	0	0	0	0	0	0	0	0	0	51	0	0	
98252.3	0	0	0	0	0	0	0	0	0	0	0	0	0	63	0	0	
99002.6	0	0	0	0	0	0	0	0	0	0	0	0	61	0	0	0	
99749.7	0	0	0	0	0	0	0	0	0	0	0	0	61	0	0	0	
100499	0	0	0	0	0	0	0	0	0	0	0	0	55	0	0	0	
101247	0	0	0	0	0	0	0	0	0	0	0	0	55	0	0	0	
101996	0	0	0	0	0	0	0	0	0	0	0	101	0	0	0	0	
102743	0	0	0	0	0	0	0	0	0	0	0	69	0	0	0	0	
103490	0	0	0	0	0	0	0	0	0	0	0	55	0	0	0	0	
104239	0	0	0	0	0	0	0	0	0	0	0	61	0	0	0	0	
104991	0	0	0	0	0	0	0	0	0	0	0	69	0	0	0	0	
105744	0	0	0	0	0	0	0	0	0	0	0	85	0	0	0	0	
106497	0	0	0	0	0	0	0	0	0	0	0	57	0	0	0	0	
107247	0	0	0	0	0	0	0	0	0	0	0	55	0	0	0	0	
108000	0	0	0	0	0	0	0	0	0	0	0	63	0	0	0	0	
108752	0	0	0	0	0	0	0	0	0	0	0	73	0	0	0	0	
109504	0	0	0	0	0	0	0	0	0	0	0	69	0	0	0	0	
110252	0	0	0	0	0	0	0	0	0	0	0	77	0	0	0	0	
111003	0	0	0	0	0	0	0	0	0	0	0	65	0	0	0	0	
111751	0	0	0	0	0	0	0	0	0	0	0	75	0	0	0	0	
112500	0	0	0	0	0	0	0	0	0	0	0	67	0	0	0	0	
113247	0	0	0	0	0	0	0	0	0	0	0	71	0	0	0	0	
113998	0	0	0	0	0	0	0	0	0	0	0	65	0	0	0	0	
114747	0	0	0	0	0	0	0	0	0	0	77	0	0	0	0	0	
115498	0	0	0	0	0	0	0	0	0	0	81	0	0	0	0	0	
116247	0	0	0	0	0	0	0	0	0	91	0	0	0	0	0	0	
116999	0	0	0	0	0	0	0	0	0	73	0	0	0	0	0	0	
117747	0	0	0	0	0	0	0	0	0	79	0	0	0	0	0	0	
118498	0	0	0	0	0	0	0	0	0	93	0	0	0	0	0	0	
119247	0	0	0	0	0	0	0	0	0	77	0	0	0	0	0	0	
119998	0	0	0	0	0	0	0	0	0	87	0	0	0	0	0	0	
120748	0	0	0	0	0	0	0	0	0	61	0	0	0	0	0	0	
121498	0	0	0	0	0	0	0	0	0	89	0	0	0	0	0	0	
122246	0	0	0	0	0	0	0	0	0	77	0	0	0	0	0	0	
122999	0	0	0	0	0	0	0	0	0	81	0	0	0	0	0	0	
123748	0	0	0	0	0	0	0	0	0	83	0	0	0	0	0	0	
124496	0	0	0	0	0	0	0	0	0	73	0	0	0	0	0	0	
125246	0	0	0	0	0	0	0	0	0	85	0	0	0	0	0	0	
125995	0	0	0	0	0	0	0	0	0	91	0	0	0	0	0	0	
126746	0	0	0	0	0	0	0	0	0	83	0	0	0	0	0	0	
127492	0	0	0	0	0	0	0	0	0	75	0	0	0	0	0	0	
128242	0	0	0	0	0	0	0	0	0	91	0	0	0	0	0	0	
128991	0	0	0	0	0	0	0	0	0	67	0	0	0	0	0	0	
129740	0	0	0	0	0	0	0	0	0	81	0	0	0	0	0	0	
130491	0	0	0	0	0	0	0	0	0	75	0	0	0	0	0	0	
131241	0	0	0	0	0	0	0	0	0	79	0	0	0	0	0	0	
131992	0	0	0	0	0	0	0	0	0	63	0	0	0	0	0	0	
132742	0	0	0	0	0	0	0	0	0	73	0	0	0	0	0	0	
133493	0	0	0	0	0	0	0	0	0	81	0	0	0	0	0	0	
134242	0	0	0	0	0	0	0	0	0	99	0	0	0	0	0	0	
134993	0	0	0	0	0	0	0	0	0	0	87	0	0	0	0	0	
135743	0	0	0	0	0	0	0	0	0	0	81	0	0	0	0	0	
136491	0	0	0	0	0	0	0	0	0	0	61	0	0	0	0	0	
137241	0	0	0	0	0	0	0	0	0	0	81	0	0	0	0	0	
137989	0	0	0	0	0	0	0	0	0	0	73	0	0	0	0	0	
138740	0	0	0	0	0	0	0	0	0	0	71	0	0	0	0	0	
139488	0	0	0	0	0	0	0	0	0	0	75	0	0	0	0	0	
140238	0	0	0	0	0	0	0	0	0	0	71	0	0	0	0	0	
140988	0	0	0	0	0	0	0	0	0	0	71	0	0	0	0	0	
141741	0	0	0	0	0	0	0	0	0	0	63	0	0	0	0	0	
142490	0	0	0	0	0	0	0	0	0	0	71	0	0	0	0	0	
143241	0	0	0	0	0	0	0	0	0	0	67	0	0	0	0	0	
143987	0	0	0	0	0	0	0	0	0	0	67	0	0	0	0	0	
144733	0	0	0	0	0	0	0	0	0	0	73	0	0	0	0	0	
145480	0	0	0	0	0	0	0	0	0	0	75	0	0	0	0	0	
146232	0	0	0	0	0	0	0	0	0	0	61	0	0	0	0	0	
146980	0	0	0	0	0	0	0	0	0	0	57	0	0	0	0	0	
147731	0	0	0	0	0	0	0	0	0	0	63	0	0	0	0	0	
148480	0	0	0	0	0	0	0	0	0	0	83	0	0	0	0	0	
149232	0	0	0	0	0	0	0	0	0	0	87	0	0	0	0	0	
149982	0	0	0	0	0	0	0	0	0	0	49	0	0	0	0	0	
150733	0	0	0	0	0	0	0	0	0	0	65	0	0	0	0	0	
151485	0	0	0	0	0	0	0	0	0	0	69	0	0	0	0	0	
152233	0	0	0	0	0	0	0	0	0	0	83	0	0	0	0	0	
152982	0	0	0	0	0	0	0	0	0	0	75	0	0	0	0	0	
153736	0	0	0	0	0	0	0	0	0	85	0	0	0	0	0	0	
154485	0	0	0	0	0	0	0	0	0	73	0	0	0	0	0	0	
155236	0	0	0	0	0	0	0	0	0	0	63	0	0	0	0	0	
155987	0	0	0	0	0	0	0	0	0	0	79	0	0	0	0	0	
156738	0	0	0	0	0	0	0	0	0	87	0	0	0	0	0	0	
157489	0	0	0	0	0	0	0	0	0	77	0	0	0	0	0	0	
158240	0	0	0	0	0	0	0	0	0	81	0	0	0	0	0	0	
158994	0	0	0	0	0	0	0	0	0	81	0	0	0	0	0	0	
159745	0	0	0	0	0	0	0	0	105	0	0	0	0	0	0	0	
160498	0	0	0	0	0	0	0	0	83	0	0	0	0	0	0	0	
161247	0	0	0	0	0	0	0	0	99	0	0	0	0	0	0	0	
161997	0	0	0	0	0	0	0	0	81	0	0	0	0	0	0	0	
162747	0	0	0	0	0	0	0	0	111	0	0	0	0	0	0	0	
163499	0	0	0	0	0	0	0	0	93	0	0	0	0	0	0	0	
164252	0	0	0	0	0	0	0	0	91	0	0	0	0	0	0	0	
165001	0	0	0	0	0	0	0	0	95	0	0	0	0	0	0	0	
165750	0	0	0	0	0	0	0	0	111	0	0	0	0	0	0	0	
166500	0	0	0	0	0	0	0	0	97	0	0	0	0	0	0	0	
167254	0	0	0	0	0	0	0	0	91	0	0	0	0	0	0	0	
168004	0	0	0	0	0	0	0	0	97	0	0	0	0	0	0	0	
168756	0	0	0	0	0	0	0	0	93	0	0	0	0	0	0	0	
169508	0	0	0	0	0	0	0	0	73	0	0	0	0	0	0	0	
170259	0	0	0	0	0	0	0	0	81	0	0	0	0	0	0	0	
171011	0	0	0	0	0	0	0	0	97	0	0	0	0	0	0	0	
171760	0	0	0	0	0	0	0	0	77	0	0	0	0	0	0	0	
172511	0	0	0	0	0	0	0	0	91	0	0	0	0	0	0	0	
173260	0	0	0	0	0	0	0	0	81	0	0	0	0	0	0	0	
174008	0	0	0	0	0	0	0	0	87	0	0	0	0	0	0	0	
174758	0	0	0	0	0	0	0	113	0	0	0	0	0	0	0	0	
175504	0	0	0	0	0	0	0	95	0	0	0	0	0	0	0	0	
176251	0	0	0	0	0	0	0	95	0	0	0	0	0	0	0	0	
177001	0	0	0	0	0	0	0	103	0	0	0	0	0	0	0	0	
177753	0	0	0	0	0	0	0	107	0	0	0	0	0	0	0	0	
178502	0	0	0	0	0	0	0	95	0	0	0	0	0	0	0	0	
179249	0	0	0	0	0	0	0	97	0	0	0	0	0	0	0	0	
179999	0	0	0	0	0	0	0	97	0	0	0	0	0	0	0	0	
180748	0	0	0	0	0	0	0	103	0	0	0	0	0	0	0	0	
181497	0	0	0	0	0	0	0	93	0	0	0	0	0	0	0	0	
182249	0	0	0	0	0	0	0	99	0	0	0	0	0	0	0	0	
183002	0	0	0	0	0	0	0	89	0	0	0	0	0	0	0	0	
183752	0	0	0	0	0	0	0	111	0	0	0	0	0	0	0	0	
184503	0	0	0	0	0	0	0	105	0	0	0	0	0	0	0	0	
185251	0	0	0	0	0	0	0	117	0	0	0	0	0	0	0	0	
186005	0	0	0	0	0	0	0	109	0	0	0	0	0	0	0	0	
186754	0	0	0	0	0	0	0	103	0	0	0	0	0	0	0	0	
187504	0	0	0	0	0	0	0	113	0	0	0	0	0	0	0	0	
188255	0	0	0	0	0	0	0	99	0	0	0	0	0	0	0	0	
189005	0	0	0	0	0	0	0	105	0	0	0	0	0	0	0	0	
189756	0	0	0	0	0	0	0	117	0	0	0	0	0	0	0	0	
190505	0	0	0	0	0	0	0	107	0	0	0	0	0	0	0	0	
191255	0	0	0	0	0	0	0	95	0	0	0	0	0	0	0	0	
192009	0	0	0	0	0	0	0	97	0	0	0	0	0	0	0	0	
192760	0	0	0	0	0	0	0	87	0	0	0	0	0	0	0	0	
193510	0	0	0	0	0	0	0	87	0	0	0	0	0	0	0	0	
194262	0	0	0	0	0	0	0	93	0	0	0	0	0	0	0	0	
195014	0	0	0	0	0	0	0	115	0	0	0	0	0	0	0	0	
195764	0	0	0	0	0	0	0	97	0	0	0	0	0	0	0	0	
196514	0	0	0	0	0	0	0	101	0	0	0	0	0	0	0	0	
197263	0	0	0	0	0	0	0	97	0	0	0	0	0	0	0	0	
198011	0	0	0	0	0	0	0	52	51	0	0	0	0	0	0	0	
198758	0	0	0	0	0	0	0	107	0	0	0	0	0	0	0	0	
199507	0	0	0	0	0	0	0	119	0	0	0	0	0	0	0	0	
200259	0	0	0	0	0	0	0	125	0	0	0	0	0	0	0	0	
201010	0	0	0	0	0	0	0	103	0	0	0	0	0	0	0	0	
201760	0	0	0	0	0	0	0	91	0	0	0	0	0	0	0	0	
202507	0	0	0	0	0	0	0	91	0	0	0	0	0	0	0	0	
203256	0	0	0	0	0	0	0	113	0	0	0	0	0	0	0	0	
204007	0	0	0	0	0	0	0	93	0	0	0	0	0	0	0	0	
204759	0	0	0	0	0	0	1	100	0	0	0	0	0	0	0	0	
205508	0	0	0	0	0	0	0	109	0	0	0	0	0	0	0	0	
206255	0	0	0	0	0	0	0	103	0	0	0	0	0	0	0	0	
207005	0	0	0	0	0	0	0	99	0	0	0	0	0	0	0	0	
207756	0	0	0	0	0	0	0	109	0	0	0	0	0	0	0	0	
208506	0	0	0	0	0	0	0	101	0	0	0	0	0	0	0	0	
209257	0	0	0	0	0	0	0	105	0	0	0	0	0	0	0	0	
210004	0	0	0	0	0	0	0	99	0	0	0	0	0	0	0	0	
210753	0	0	0	0	0	0	0	107	0	0	0	0	0	0	0	0	
211506	0	0	0	0	0	0	0	103	0	0	0	0	0	0	0	0	
212256	0	0	0	0	0	0	0	93	0	0	0	0	0	0	0	0	
213005	0	0	0	0	0	0	0	95	0	0	0	0	0	0	0	0	
213755	0	0	0	0	0	0	0	0	101	0	0	0	0	0	0	0	
214505	0	0	0	0	0	0	0	0	71	0	0	0	0	0	0	0	
215256	0	0	0	0	0	0	0	0	71	0	0	0	0	0	0	0	
216009	0	0	0	0	0	0	0	0	99	0	0	0	0	0	0	0	
216761	0	0	0	0	0	0	0	0	89	0	0	0	0	0	0	0	
217509	0	0	0	0	0	0	0	0	101	0	0	0	0	0	0	0	
218264	0	0	0	0	0	0	0	0	93	0	0	0	0	0	0	0	
219013	0	0	0	0	0	0	0	0	81	0	0	0	0	0	0	0	
219765	0	0	0	0	0	0	0	0	89	0	0	0	0	0	0	0	
220519	0	0	0	0	0	0	0	0	85	0	0	0	0	0	0	0	
221269	0	0	0	0	0	0	0	0	73	0	0	0	0	0	0	0	
222020	0	0	0	0	0	0	0	0	101	0	0	0	0	0	0	0	
222769	0	0	0	0	0	0	0	0	76	1	0	0	0	0	0	0	
223520	0	0	0	0	0	0	0	0	93	0	0	0	0	0	0	0	
224274	0	0	0	0	0	0	0	0	89	0	0	0	0	0	0	0	
225022	0	0	0	0	0	0	0	0	105	0	0	0	0	0	0	0	
225772	0	0	0	0	0	0	0	0	85	0	0	0	0	0	0	0	
226522	0	0	0	0	0	0	0	0	101	0	0	0	0	0	0	0	
227270	0	0	0	0	0	0	0	0	73	0	0	0	0	0	0	0	
228016	0	0	0	0	0	0	0	0	77	0	0	0	0	0	0	0	
228769	0	0	0	0	0	0	0	0	91	0	0	0	0	0	0	0	
229519	0	0	0	0	0	0	0	0	79	0	0	0	0	0	0	0	
230268	0	0	0	0	0	0	0	0	77	0	0	0	0	0	0	0	
231018	0	0	0	0	0	0	0	0	93	0	0	0	0	0	0	0	
231769	0	0	0	0	0	0	0	0	75	0	0	0	0	0	0	0	
232521	0	0	0	0	0	0	0	0	91	0	0	0	0	0	0	0	
233272	0	0	0	0	0	0	0	0	95	0	0	0	0	0	0	0	
234022	0	0	0	0	0	0	0	0	85	0	0	0	0	0	0	0	
234772	0	0	0	0	0	0	0	0	81	0	0	0	0	0	0	0	
235523	0	0	0	0	0	0	0	0	89	0	0	0	0	0	0	0	
236274	0	0	0	0	0	0	0	0	91	0	0	0	0	0	0	0	
237023	0	0	0	0	0	0	0	0	83	0	0	0	0	0	0	0	
237773	0	0	0	0	0	0	0	0	97	0	0	0	0	0	0	0	
238523	0	0	0	0	0	0	0	0	93	0	0	0	0	0	0	0	
239273	0	0	0	0	0	0	0	0	89	2	0	0	0	0	0	0	
240020	0	0	0	0	0	0	0	0	97	0	0	0	0	0	0	0	
240773	0	0	0	0	0	0	0	0	99	0	0	0	0	0	0	0	
241524	0	0	0	0	0	0	0	0	83	0	0	0	0	0	0	0	
242272	0	0	0	0	0	0	0	0	87	0	0	0	0	0	0	0	
243023	0	0	0	0	0	0	0	0	87	0	0	0	0	0	0	0	
243776	0	0	0	0	0	0	0	0	65	0	0	0	0	0	0	0	
244525	0	0	0	0	0	0	0	0	91	0	0	0	0	0	0	0	
245279	0	0	0	0	0	0	0	0	93	0	0	0	0	0	0	0	
246031	0	0	0	0	0	0	0	70	43	0	0	0	0	0	0	0	
246783	0	0	0	0	0	0	107	0	0	0	0	0	0	0	0	0	
247533	0	0	0	0	0	0	121	0	0	0	0	0	0	0	0	0	
248279	0	0	0	0	0	0	111	0	0	0	0	0	0	0	0	0	
249030	0	0	0	0	0	0	103	0	0	0	0	0	0	0	0	0	
249780	0	0	0	0	0	0	119	0	0	0	0	0	0	0	0	0	
250527	0	0	0	0	0	0	119	0	0	0	0	0	0	0	0	0	
251277	0	0	0	0	0	0	115	0	0	0	0	0	0	0	0	0	
252029	0	0	0	0	0	0	105	0	0	0	0	0	0	0	0	0	
252782	0	0	0	0	0	0	113	0	0	0	0	0	0	0	0	0	
253535	0	0	0	0	0	1	102	0	0	0	0	0	0	0	0	0	
254285	0	0	0	0	0	0	115	0	0	0	0	0	0	0	0	0	
255032	0	0	0	0	0	0	115	0	0	0	0	0	0	0	0	0	
255785	0	0	0	0	0	0	119	0	0	0	0	0	0	0	0	0	
256533	0	0	0	0	0	0	137	0	0	0	0	0	0	0	0	0	
257284	0	0	0	0	0	0	113	0	0	0	0	0	0	0	0	0	
258035	0	0	0	0	0	0	123	0	0	0	0	0	0	0	0	0	
258784	0	0	0	0	0	0	101	0	0	0	0	0	0	0	0	0	
259533	0	0	0	0	0	0	107	0	0	0	0	0	0	0	0	0	
260286	0	0	0	0	0	0	113	0	0	0	0	0	0	0	0	0	
261036	0	0	0	0	0	0	115	0	0	0	0	0	0	0	0	0	
261787	0	0	0	0	0	0	95	0	0	0	0	0	0	0	0	0	
262538	0	0	0	0	0	0	107	0	0	0	0	0	0	0	0	0	
263289	0	0	0	0	0	0	115	0	0	0	0	0	0	0	0	0	
264040	0	0	0	0	0	0	111	0	0	0	0	0	0	0	0	0	
264789	0	0	0	0	0	0	101	0	0	0	0	0	0	0	0	0	
265541	0	0	0	0	0	0	127	0	0	0	0	0	0	0	0	0	
266292	0	0	0	0	0	0	107	0	0	0	0	0	0	0	0	0	
267043	0	0	0	0	0	0	125	0	0	0	0	0	0	0	0	0	
267791	0	0	0	0	0	0	135	0	0	0	0	0	0	0	0	0	
268543	0	0	0	0	0	0	123	0	0	0	0	0	0	0	0	0	
269295	0	0	0	0	0	0	111	0	0	0	0	0	0	0	0	0	
270045	0	0	0	0	0	0	119	0	0	0	0	0	0	0	0	0	
270794	0	0	0	0	0	0	101	0	0	0	0	0	0	0	0	0	
271544	0	0	0	0	0	0	117	0	0	0	0	0	0	0	0	0	
272293	0	0	0	0	0	0	129	0	0	0	0	0	0	0	0	0	
273041	0	0	0	0	0	0	113	0	0	0	0	0	0	0	0	0	
273789	0	0	0	0	0	0	85	0	0	0	0	0	0	0	0	0	
274541	0	0	0	0	0	0	115	0	0	0	0	0	0	0	0	0	
275291	0	0	0	0	0	0	123	0	0	0	0	0	0	0	0	0	
276040	0	0	0	0	0	0	109	0	0	0	0	0	0	0	0	0	
276788	0	0	0	0	0	0	115	0	0	0	0	0	0	0	0	0	
277540	0	0	0	0	0	0	99	0	0	0	0	0	0	0	0	0	
278289	0	0	0	0	0	0	119	0	0	0	0	0	0	0	0	0	
279040	0	0	0	0	0	0	119	0	0	0	0	0	0	0	0	0	
279789	0	0	0	0	0	0	101	0	0	0	0	0	0	0	0	0	
280540	0	0	0	0	0	0	113	0	0	0	0	0	0	0	0	0	
281286	0	0	0	0	0	0	125	0	0	0	0	0	0	0	0	0	
282037	0	0	0	0	0	0	124	7	0	0	0	0	0	0	0	0	
282786	0	0	0	0	0	0	141	0	0	0	0	0	0	0	0	0	
283536	0	0	0	0	0	0	139	0	0	0	0	0	0	0	0	0	
284284	0	0	0	0	0	0	125	0	0	0	0	0	0	0	0	0	
285035	0	0	0	0	0	0	109	0	0	0	0	0	0	0	0	0	
285785	0	0	0	0	0	0	0	121	0	0	0	0	0	0	0	0	
286536	0	0	0	0	0	0	0	79	0	0	0	0	0	0	0	0	
287287	0	0	0	0	0	0	0	109	0	0	0	0	0	0	0	0	
288040	0	0	0	0	0	0	0	109	0	0	0	0	0	0	0	0	
288789	0	0	0	0	0	0	0	95	0	0	0	0	0	0	0	0	
289538	0	0	0	0	0	0	0	0	95	0	0	0	0	0	0	0	
290285	0	0	0	0	0	0	0	0	93	0	0	0	0	0	0	0	
291037	0	0	0	0	0	0	0	0	87	0	0	0	0	0	0	0	
291784	0	0	0	0	0	0	0	0	107	0	0	0	0	0	0	0	
292537	0	0	0	0	0	0	0	0	81	0	0	0	0	0	0	0	
293287	0	0	0	0	0	0	0	0	73	0	0	0	0	0	0	0	
294039	0	0	0	0	0	0	0	0	85	0	0	0	0	0	0	0	
294790	0	0	0	0	0	0	0	0	87	0	0	0	0	0	0	0	
295539	0	0	0	0	0	0	0	0	99	0	0	0	0	0	0	0	
296288	0	0	0	0	0	0	0	0	101	0	0	0	0	0	0	0	
297040	0	0	0	0	0	0	0	0	93	0	0	0	0	0	0	0	
297793	0	0	0	0	0	0	0	0	101	0	0	0	0	0	0	0	
298542	0	0	0	0	0	0	0	0	99	0	0	0	0	0	0	0	
299291	0	0	0	0	0	0	0	0	99	0	0	0	0	0	0	0	
300039	0	0	0	0	0	0	0	0	95	0	0	0	0	0	0	0	
300790	0	0	0	0	0	0	0	0	0	85	0	0	0	0	0	0	
301541	0	0	0	0	0	0	0	0	0	81	0	0	0	0	0	0	
302290	0	0	0	0	0	0	0	0	0	77	0	0	0	0	0	0	
303036	0	0	0	0	0	0	0	0	0	95	0	0	0	0	0	0	
303789	0	0	0	0	0	0	0	0	0	87	0	0	0	0	0	0	
304537	0	0	0	0	0	0	0	0	0	67	0	0	0	0	0	0	
305289	0	0	0	0	0	0	0	0	0	77	0	0	0	0	0	0	
306039	0	0	0	0	0	0	0	0	0	77	0	0	0	0	0	0	
306786	0	0	0	0	0	0	0	0	0	65	0	0	0	0	0	0	
307534	0	0	0	0	0	0	0	0	0	0	83	0	0	0	0	0	
308285	0	0	0	0	0	0	0	0	0	0	79	0	0	0	0	0	
309032	0	0	0	0	0	0	0	0	0	0	0	73	0	0	0	0	
309780	0	0	0	0	0	0	0	0	0	0	0	71	0	0	0	0	
310529	0	0	0	0	0	0	0	0	0	0	0	57	0	0	0	0	
311281	0	0	0	0	0	0	0	0	0	0	0	65	0	0	0	0	
312034	0	0	0	0	0	0	0	0	0	0	0	69	0	0	0	0	
312783	0	0	0	0	0	0	0	0	0	0	0	75	0	0	0	0	
313532	0	0	0	0	0	0	0	0	0	0	0	73	0	0	0	0	
314283	0	0	0	0	0	0	0	0	0	0	0	61	0	0	0	0	
315031	0	0	0	0	0	0	0	0	0	0	0	75	0	0	0	0	
315781	0	0	0	0	0	0	0	0	0	0	0	77	0	0	0	0	
316531	0	0	0	0	0	0	0	0	0	0	0	63	0	0	0	0	
317281	0	0	0	0	0	0	0	0	0	0	0	65	0	0	0	0	
318033	0	0	0	0	0	0	0	0	0	0	0	65	0	0	0	0	
318785	0	0	0	0	0	0	0	0	0	0	0	63	0	0	0	0	
319536	0	0	0	0	0	0	0	0	0	0	0	55	0	0	0	0	
320289	0	0	0	0	0	0	0	0	0	0	0	65	0	0	0	0	
321037	0	0	0	0	0	0	0	0	0	75	0	0	0	0	0	0	
321788	0	0	0	0	0	0	0	0	0	87	0	0	0	0	0	0	
322540	0	0	0	0	0	0	0	0	0	99	0	0	0	0	0	0	
323286	0	0	0	0	0	0	0	0	0	85	0	0	0	0	0	0	
324039	0	0	0	0	0	0	0	0	0	85	0	0	0	0	0	0	
324789	0	0	0	0	0	0	0	0	0	97	0	0	0	0	0	0	
325541	0	0	0	0	0	0	0	0	0	73	0	0	0	0	0	0	
326289	0	0	0	0	0	0	0	0	0	93	0	0	0	0	0	0	
327038	0	0	0	0	0	0	0	0	0	87	0	0	0	0	0	0	
327789	0	0	0	0	0	0	0	0	0	85	0	0	0	0	0	0	
328539	0	0	0	0	0	0	0	0	0	75	0	0	0	0	0	0	
329285	0	0	0	0	0	0	0	0	0	0	59	0	0	0	0	0	
330034	0	0	0	0	0	0	0	0	0	0	77	0	0	0	0	0	
330784	0	0	0	0	0	0	0	0	0	0	83	0	0	0	0	0	
331531	0	0	0	0	0	0	0	0	0	0	69	0	0	0	0	0	
332281	0	0	0	0	0	0	0	0	0	0	73	0	0	0	0	0	
333030	0	0	0	0	0	0	0	0	0	0	59	0	0	0	0	0	
333779	0	0	0	0	0	0	0	0	0	0	79	0	0	0	0	0	
334528	0	0	0	0	0	0	0	0	0	0	63	0	0	0	0	0	
335282	0	0	0	0	0	0	0	0	0	0	67	0	0	0	0	0	
336034	0	0	0	0	0	0	0	0	0	0	91	0	0	0	0	0	
336786	0	0	0	0	0	0	0	0	0	0	69	0	0	0	0	0	
337535	0	0	0	0	0	0	0	0	0	0	55	0	0	0	0	0	
338284	0	0	0	0	0	0	0	0	0	0	73	0	0	0	0	0	
339033	0	0	0	0	0	0	0	0	0	0	83	0	0	0	0	0	
339783	0	0	0	0	0	0	0	0	0	0	67	0	0	0	0	0	
340530	0	0	0	0	0	0	0	0	0	0	0	65	0	0	0	0	
341276	0	0	0	0	0	0	0	0	0	0	0	0	51	0	0	0	
342027	0	0	0	0	0	0	0	0	0	0	0	0	71	0	0	0	
342776	0	0	0	0	0	0	0	0	0	0	0	0	49	0	0	0	
343526	0	0	0	0	0	0	0	0	0	0	0	0	61	0	0	0	
344276	0	0	0	0	0	0	0	0	0	0	0	0	63	0	0	0	
345027	0	0	0	0	0	0	0	0	0	0	0	0	63	0	0	0	
345778	0	0	0	0	0	0	0	0	0	0	0	0	67	0	0	0	
346528	0	0	0	0	0	0	0	0	0	0	0	0	69	0	0	0	
347277	0	0	0	0	0	0	0	0	0	0	0	69	0	0	0	0	
348027	0	0	0	0	0	0	0	0	0	0	0	63	0	0	0	0	
348779	0	0	0	0	0	0	0	0	0	0	0	69	0	0	0	0	
349530	0	0	0	0	0	0	0	0	0	0	0	71	0	0	0	0	
350281	0	0	0	0	0	0	0	0	0	0	0	59	0	0	0	0	
351027	0	0	0	0	0	0	0	0	0	0	0	63	0	0	0	0	
351776	0	0	0	0	0	0	0	0	0	0	0	69	0	0	0	0	
352524	0	0	0	0	0	0	0	0	0	0	0	57	0	0	0	0	
353275	0	0	0	0	0	0	0	0	0	0	0	63	0	0	0	0	
354025	0	0	0	0	0	0	0	0	0	0	0	57	0	0	0	0	
354778	0	0	0	0	0	0	0	0	0	0	0	69	0	0	0	0	
355530	0	0	0	0	0	0	0	0	0	0	0	69	0	0	0	0	
356277	0	0	0	0	0	0	0	0	0	0	83	0	0	0	0	0	
357029	0	0	0	0	0	0	0	0	0	0	75	0	0	0	0	0	
357776	0	0	0	0	0	0	0	0	0	103	0	0	0	0	0	0	
358528	0	0	0	0	0	0	0	0	0	75	0	0	0	0	0	0	
359280	0	0	0	0	0	0	0	0	87	0	0	0	0	0	0	0	
360030	0	0	0	0	0	0	0	0	79	0	0	0	0	0	0	0	
360779	0	0	0	0	0	0	0	0	89	0	0	0	0	0	0	0	
361530	0	0	0	0	0	0	0	0	91	0	0	0	0	0	0	0	
362282	0	0	0	0	0	0	0	0	85	0	0	0	0	0	0	0	
363031	0	0	0	0	0	0	0	0	81	0	0	0	0	0	0	0	
363781	0	0	0	0	0	0	0	0	103	0	0	0	0	0	0	0	
364532	0	0	0	0	0	0	0	0	91	0	0	0	0	0	0	0	
365282	0	0	0	0	0	0	0	0	93	0	0	0	0	0	0	0	
366032	0	0	0	0	0	0	0	0	77	0	0	0	0	0	0	0	
366779	0	0	0	0	0	0	0	0	81	0	0	0	0	0	0	0	
367527	0	0	0	0	0	0	0	0	97	0	0	0	0	0	0	0	
368275	0	0	0	0	0	0	0	0	0	85	0	0	0	0	0	0	
369025	0	0	0	0	0	0	0	0	0	87	0	0	0	0	0	0	
369771	0	0	0	0	0	0	0	0	0	69	0	0	0	0	0	0	
370523	0	0	0	0	0	0	0	0	0	81	0	0	0	0	0	0	
371274	0	0	0	0	0	0	0	0	0	69	0	0	0	0	0	0	
372020	0	0	0	0	0	0	0	0	0	81	0	0	0	0	0	0	
372769	0	0	0	0	0	0	0	0	0	69	0	0	0	0	0	0	
373515	0	0	0	0	0	0	0	0	0	87	0	0	0	0	0	0	
374263	0	0	0	0	0	0	0	0	2	81	0	0	0	0	0	0	
375009	0	0	0	0	0	0	0	0	0	95	0	0	0	0	0	0	
375757	0	0	0	0	0	0	0	0	0	87	0	0	0	0	0	0	
376507	0	0	0	0	0	0	0	0	0	95	0	0	0	0	0	0	
377260	0	0	0	0	0	0	0	0	0	81	0	0	0	0	0	0	
378011	0	0	0	0	0	0	0	0	0	75	0	0	0	0	0	0	
378759	0	0	0	0	0	0	0	0	0	79	0	0	0	0	0	0	
379511	0	0	0	0	0	0	0	0	0	87	0	0	0	0	0	0	
380259	0	0	0	0	0	0	0	0	0	85	0	0	0	0	0	0	
381008	0	0	0	0	0	0	0	0	0	79	0	0	0	0	0	0	
381760	0	0	0	0	0	0	0	0	0	71	0	0	0	0	0	0	
382510	0	0	0	0	0	0	0	0	0	89	0	0	0	0	0	0	
383260	0	0	0	0	0	0	0	0	0	79	0	0	0	0	0	0	
384011	0	0	0	0	0	0	0	0	0	93	0	0	0	0	0	0	
384760	0	0	0	0	0	0	0	0	0	95	0	0	0	0	0	0	
385510	0	0	0	0	0	0	0	0	0	71	0	0	0	0	0	0	
386258	0	0	0	0	0	0	0	0	0	97	0	0	0	0	0	0	
387010	0	0	0	0	0	0	0	0	0	85	0	0	0	0	0	0	
387760	0	0	0	0	0	0	0	0	0	91	0	0	0	0	0	0	
388513	0	0	0	0	0	0	0	0	0	69	0	0	0	0	0	0	
389262	0	0	0	0	0	0	0	0	0	89	0	0	0	0	0	0	
390013	0	0	0	0	0	0	0	0	0	77	0	0	0	0	0	0	
390762	0	0	0	0	0	0	0	0	0	77	0	0	0	0	0	0	
391510	0	0	0	0	0	0	0	0	0	0	73	0	0	0	0	0	
392260	0	0	0	0	0	0	0	0	0	0	73	0	0	0	0	0	
393009	0	0	0	0	0	0	0	0	0	0	81	0	0	0	0	0	
393758	0	0	0	0	0	0	0	0	0	0	79	0	0	0	0	0	
394508	0	0	0	0	0	0	0	0	0	0	81	0	0	0	0	0	
395259	0	0	0	0	0	0	0	0	0	69	0	0	0	0	0	0	
396012	0	0	0	0	0	0	0	0	0	75	0	0	0	0	0	0	
396764	0	0	0	0	0	0	0	0	0	79	0	0	0	0	0	0	
397515	0	0	0	0	0	0	0	0	0	85	0	0	0	0	0	0	
398267	0	0	0	0	0	0	0	0	0	85	0	0	0	0	0	0	
399013	0	0	0	0	0	0	0	0	0	73	0	0	0	0	0	0	
399763	0	0	0	0	0	0	0	0	0	71	0	0	0	0	0	0	
400513	0	0	0	0	0	0	0	0	0	73	0	0	0	0	0	0	
401263	0	0	0	0	0	0	0	0	0	89	0	0	0	0	0	0	
402012	0	0	0	0	0	0	0	0	101	0	0	0	0	0	0	0	
402763	0	0	0	0	0	0	0	0	81	0	0	0	0	0	0	0	
403512	0	0	0	0	0	0	0	0	103	0	0	0	0	0	0	0	
404260	0	0	0	0	0	0	0	0	91	0	0	0	0	0	0	0	
405010	0	0	0	0	0	0	0	0	93	0	0	0	0	0	0	0	
405758	0	0	0	0	0	0	0	0	85	0	0	0	0	0	0	0	
406508	0	0	0	0	0	0	0	0	87	0	0	0	0	0	0	0	
407260	0	0	0	0	0	0	0	0	91	0	0	0	0	0	0	0	
408011	0	0	0	0	0	0	0	0	87	0	0	0	0	0	0	0	
408760	0	0	0	0	0	0	0	0	81	0	0	0	0	0	0	0	
409509	0	0	0	0	0	0	0	0	93	0	0	0	0	0	0	0	
410262	0	0	0	0	0	0	0	0	87	0	0	0	0	0	0	0	
411008	0	0	0	0	0	0	0	0	97	0	0	0	0	0	0	0	
411756	0	0	0	0	0	0	0	0	99	0	0	0	0	0	0	0	
412504	0	0	0	0	0	0	0	95	0	0	0	0	0	0	0	0	
413255	0	0	0	0	0	0	0	93	0	0	0	0	0	0	0	0	
414008	0	0	0	0	0	0	0	105	0	0	0	0	0	0	0	0	
414759	0	0	0	0	0	0	0	101	0	0	0	0	0	0	0	0	
415506	0	0	0	0	0	0	0	101	0	0	0	0	0	0	0	0	
416256	0	0	0	0	0	0	0	97	0	0	0	0	0	0	0	0	
417002	0	0	0	0	0	0	0	87	0	0	0	0	0	0	0	0	
417754	0	0	0	0	0	0	0	97	0	0	0	0	0	0	0	0	
418504	0	0	0	0	0	0	0	0	99	0	0	0	0	0	0	0	
419254	0	0	0	0	0	0	0	0	103	0	0	0	0	0	0	0	
420002	0	0	0	0	0	0	0	0	83	0	0	0	0	0	0	0	
420750	0	0	0	0	0	0	0	0	87	0	0	0	0	0	0	0	
421501	0	0	0	0	0	0	0	0	95	0	0	0	0	0	0	0	
422250	0	0	0	0	0	0	0	0	93	0	0	0	0	0	0	0	
422998	0	0	0	0	0	0	0	0	71	0	0	0	0	0	0	0	
423750	0	0	0	0	0	0	0	0	87	0	0	0	0	0	0	0	
424499	0	0	0	0	0	0	0	0	107	0	0	0	0	0	0	0	
425248	0	0	0	0	0	0	0	3	88	0	0	0	0	0	0	0	
425995	0	0	0	0	0	0	0	0	93	0	0	0	0	0	0	0	
426750	0	0	0	0	0	0	0	0	97	0	0	0	0	0	0	0	
427503	0	0	0	0	0	0	0	0	73	0	0	0	0	0	0	0	
428252	0	0	0	0	0	0	0	0	93	0	0	0	0	0	0	0	
429001	0	0	0	0	0	0	0	0	83	0	0	0	0	0	0	0	
429749	0	0	0	0	0	0	0	0	83	0	0	0	0	0	0	0	
430499	0	0	0	0	0	0	0	0	79	0	0	0	0	0	0	0	
431250	0	0	0	0	0	0	0	0	87	0	0	0	0	0	0	0	
432003	0	0	0	0	0	0	0	0	81	0	0	0	0	0	0	0	
432749	0	0	0	0	0	0	0	0	79	0	0	0	0	0	0	0	
433502	0	0	0	0	0	0	0	0	109	0	0	0	0	0	0	0	
434252	0	0	0	0	0	0	0	0	83	0	0	0	0	0	0	0	
435003	0	0	0	0	0	0	0	105	0	0	0	0	0	0	0	0	
435754	0	0	0	0	0	0	0	93	0	0	0	0	0	0	0	0	
436501	0	0	0	0	0	0	0	103	0	0	0	0	0	0	0	0	
437255	0	0	0	0	0	0	0	99	0	0	0	0	0	0	0	0	
438005	0	0	0	0	0	0	0	113	0	0	0	0	0	0	0	0	
438753	0	0	0	0	0	0	0	97	0	0	0	0	0	0	0	0	
439503	0	0	0	0	0	0	0	107	0	0	0	0	0	0	0	0	
440254	0	0	0	0	0	0	0	97	0	0	0	0	0	0	0	0	
441004	0	0	0	0	0	0	0	115	0	0	0	0	0	0	0	0	
441752	0	0	0	0	0	0	0	95	0	0	0	0	0	0	0	0	
442503	0	0	0	0	0	0	0	95	0	0	0	0	0	0	0	0	
443255	0	0	0	0	0	0	0	87	0	0	0	0	0	0	0	0	
444001	0	0	0	0	0	0	0	99	0	0	0	0	0	0	0	0	
444749	0	0	0	0	0	0	0	0	87	0	0	0	0	0	0	0	
445496	0	0	0	0	0	0	0	0	87	0	0	0	0	0	0	0	
446246	0	0	0	0	0	0	0	0	73	0	0	0	0	0	0	0	
446996	0	0	0	0	0	0	0	0	81	0	0	0	0	0	0	0	
447747	0	0	0	0	0	0	0	0	95	0	0	0	0	0	0	0	
448496	0	0	0	0	0	0	0	0	77	0	0	0	0	0	0	0	
449248	0	0	0	0	0	0	0	0	0	83	0	0	0	0	0	0	
449997	0	0	0	0	0	0	0	0	0	89	0	0	0	0	0	0	
450746	0	0	0	0	0	0	0	0	0	91	0	0	0	0	0	0	
451497	0	0	0	0	0	0	0	0	0	79	0	0	0	0	0	0	
452246	0	0	0	0	0	0	0	0	0	95	0	0	0	0	0	0	
452996	0	0	0	0	0	0	0	0	0	75	0	0	0	0	0	0	
453746	0	0	0	0	0	0	0	0	0	87	0	0	0	0	0	0	
454497	0	0	0	0	0	0	0	0	0	77	0	0	0	0	0	0	
455247	0	0	0	0	0	0	0	0	0	83	0	0	0	0	0	0	
455997	0	0	0	0	0	0	0	0	0	0	99	0	0	0	0	0	
456748	0	0	0	0	0	0	0	0	0	0	75	0	0	0	0	0	
457499	0	0	0	0	0	0	0	0	0	0	77	0	0	0	0	0	
458247	0	0	0	0	0	0	0	0	0	0	75	0	0	0	0	0	
458998	0	0	0	0	0	0	0	0	0	0	75	0	0	0	0	0	
459749	0	0	0	0	0	0	0	0	0	0	55	0	0	0	0	0	
460497	0	0	0	0	0	0	0	0	0	0	75	0	0	0	0	0	
461250	0	0	0	0	0	0	0	0	0	0	61	0	0	0	0	0	
462000	0	0	0	0	0	0	0	0	0	0	57	0	0	0	0	0	
462749	0	0	0	0	0	0	0	0	0	0	79	0	0	0	0	0	
463497	0	0	0	0	0	0	0	0	0	0	72	3	0	0	0	0	
464247	0	0	0	0	0	0	0	0	0	0	73	0	0	0	0	0	
464998	0	0	0	0	0	0	0	0	0	0	0	75	0	0	0	0	
465747	0	0	0	0	0	0	0	0	0	0	0	65	0	0	0	0	
466498	0	0	0	0	0	0	0	0	0	0	0	63	0	0	0	0	
467250	0	0	0	0	0	0	0	0	0	0	0	71	0	0	0	0	
468000	0	0	0	0	0	0	0	0	0	0	0	65	0	0	0	0	
468750	0	0	0	0	0	0	0	0	0	0	0	61	0	0	0	0	
469502	0	0	0	0	0	0	0	0	0	0	0	75	0	0	0	0	
470248	0	0	0	0	0	0	0	0	0	0	0	51	0	0	0	0	
471000	0	0	0	0	0	0	0	0	0	0	0	59	0	0	0	0	
471753	0	0	0	0	0	0	0	0	0	0	0	91	0	0	0	0	
472505	0	0	0	0	0	0	0	0	0	0	0	61	0	0	0	0	
473255	0	0	0	0	0	0	0	0	0	0	0	79	0	0	0	0	
474004	0	0	0	0	0	0	0	0	0	0	83	0	0	0	0	0	
474754	0	0	0	0	0	0	0	0	0	0	65	0	0	0	0	0	
475505	0	0	0	0	0	0	0	0	0	0	69	0	0	0	0	0	
476253	0	0	0	0	0	0	0	0	0	0	61	0	0	0	0	0	
477006	0	0	0	0	0	0	0	0	0	0	89	0	0	0	0	0	
477755	0	0	0	0	0	0	0	0	0	0	79	0	0	0	0	0	
478505	0	0	0	0	0	0	0	0	0	0	63	0	0	0	0	0	
479252	0	0	0	0	0	0	0	0	0	0	79	0	0	0	0	0	
479999	0	0	0	0	0	0	0	0	0	0	69	0	0	0	0	0	
480746	0	0	0	0	0	0	0	0	0	0	71	0	0	0	0	0	
481498	0	0	0	0	0	0	0	0	0	0	85	0	0	0	0	0	
482248	0	0	0	0	0	0	0	0	0	0	63	0	0	0	0	0	
483000	0	0	0	0	0	0	0	0	0	0	71	0	0	0	0	0	
483753	0	0	0	0	0	0	0	0	0	0	77	0	0	0	0	0	
484500	0	0	0	0	0	0	0	0	0	0	65	0	0	0	0	0	
485249	0	0	0	0	0	0	0	0	0	0	69	0	0	0	0	0	
485999	0	0	0	0	0	0	0	0	0	0	75	0	0	0	0	0	
486752	0	0	0	0	0	0	0	0	0	0	79	0	0	0	0	0	
487502	0	0	0	0	0	0	0	0	0	0	69	0	0	0	0	0	
488252	0	0	0	0	0	0	0	0	0	0	83	0	0	0	0	0	
489004	0	0	0	0	0	0	0	0	0	0	83	0	0	0	0	0	
489754	0	0	0	0	0	0	0	0	0	0	69	0	0	0	0	0	
490504	0	0	0	0	0	0	0	0	0	0	81	0	0	0	0	0	
491255	0	0	0	0	0	0	0	0	0	0	59	0	0	0	0	0	
492006	0	0	0	0	0	0	0	0	0	0	77	0	0	0	0	0	
492758	0	0	0	0	0	0	0	0	0	0	75	0	0	0	0	0	
493510	0	0	0	0	0	0	0	0	0	0	57	0	0	0	0	0	
494259	0	0	0	0	0	0	0	0	0	0	69	0	0	0	0	0	
495007	0	0	0	0	0	0	0	0	0	0	73	0	0	0	0	0	
495758	0	0	0	0	0	0	0	0	0	87	0	0	0	0	0	0	
496508	0	0	0	0	0	0	0	0	91	0	0	0	0	0	0	0	
497258	0	0	0	0	0	0	0	0	113	0	0	0	0	0	0	0	
498010	0	0	0	0	0	0	0	0	85	0	0	0	0	0	0	0	
498758	0	0	0	0	0	0	0	0	91	0	0	0	0	0	0	0	
499508	0	0	0	0	0	0	0	0	103	0	0	0	0	0	0	0	
500257	0	0	0	0	0	0	0	0	87	0	0	0	0	0	0	0	
501008	0	0	0	0	0	0	0	0	103	0	0	0	0	0	0	0	
501759	0	0	0	0	0	0	0	0	103	0	0	0	0	0	0	0	
502506	0	0	0	0	0	0	0	0	89	0	0	0	0	0	0	0	
503256	0	0	0	0	0	0	0	0	91	0	0	0	0	0	0	0	
504005	0	0	0	0	0	0	0	0	85	0	0	0	0	0	0	0	
504753	0	0	0	0	0	0	0	111	0	0	0	0	0	0	0	0	
505504	0	0	0	0	0	0	0	107	0	0	0	0	0	0	0	0	
506253	0	0	0	0	0	0	0	101	0	0	0	0	0	0	0	0	
507004	0	0	0	0	0	0	0	89	0	0	0	0	0	0	0	0	
507755	0	0	0	0	0	0	0	101	0	0	0	0	0	0	0	0	
508504	0	0	0	0	0	0	0	99	0	0	0	0	0	0	0	0	
509252	0	0	0	0	0	0	0	91	0	0	0	0	0	0	0	0	
510002	0	0	0	0	0	0	0	101	0	0	0	0	0	0	0	0	
510753	0	0	0	0	0	0	0	113	0	0	0	0	0	0	0	0	
511502	0	0	0	0	0	0	0	107	0	0	0	0	0	0	0	0	
512252	0	0	0	0	0	0	0	109	0	0	0	0	0	0	0	0	
513002	0	0	0	0	0	0	0	0	89	0	0	0	0	0	0	0	
513753	0	0	0	0	0	0	0	0	99	0	0	0	0	0	0	0	
514501	0	0	0	0	0	0	0	0	85	0	0	0	0	0	0	0	
515248	0	0	0	0	0	0	0	0	97	0	0	0	0	0	0	0	
515998	0	0	0	0	0	0	0	0	97	0	0	0	0	0	0	0	
516745	0	0	0	0	0	0	0	0	105	0	0	0	0	0	0	0	
517495	0	0	0	0	0	0	0	0	81	0	0	0	0	0	0	0	
518246	0	0	0	0	0	0	0	0	0	85	0	0	0	0	0	0	
518996	0	0	0	0	0	0	0	0	0	81	0	0	0	0	0	0	
519745	0	0	0	0	0	0	0	0	0	77	0	0	0	0	0	0	
520498	0	0	0	0	0	0	0	0	0	81	0	0	0	0	0	0	
521247	0	0	0	0	0	0	0	0	0	83	0	0	0	0	0	0	
521994	0	0	0	0	0	0	0	0	0	81	0	0	0	0	0	0	
522742	0	0	0	0	0	0	0	0	0	71	0	0	0	0	0	0	
523489	0	0	0	0	0	0	0	0	0	71	0	0	0	0	0	0	
524239	0	0	0	0	0	0	0	0	0	79	0	0	0	0	0	0	
524987	0	0	0	0	0	0	0	0	0	73	0	0	0	0	0	0	
525735	0	0	0	0	0	0	0	0	85	0	0	0	0	0	0	0	
526482	0	0	0	0	0	0	0	0	87	0	0	0	0	0	0	0	
527230	0	0	0	0	0	0	0	0	81	0	0	0	0	0	0	0	
527982	0	0	0	0	0	0	0	0	85	0	0	0	0	0	0	0	
528733	0	0	0	0	0	0	0	0	107	0	0	0	0	0	0	0	
529483	0	0	0	0	0	0	0	0	75	0	0	0	0	0	0	0	
530235	0	0	0	0	0	0	0	0	109	0	0	0	0	0	0	0	
530984	0	0	0	0	0	0	0	0	77	0	0	0	0	0	0	0	
531735	0	0	0	0	0	0	0	0	95	0	0	0	0	0	0	0	
532486	0	0	0	0	0	0	0	0	97	0	0	0	0	0	0	0	
533233	0	0	0	0	0	0	0	0	101	0	0	0	0	0	0	0	
533984	0	0	0	0	0	0	0	0	81	0	0	0	0	0	0	0	
534732	0	0	0	0	0	0	0	0	87	0	0	0	0	0	0	0	
535481	0	0	0	0	0	0	0	0	91	0	0	0	0	0	0	0	
536229	0	0	0	0	0	0	0	0	0	77	0	0	0	0	0	0	
536977	0	0	0	0	0	0	0	0	0	79	0	0	0	0	0	0	
537721	0	0	0	0	0	0	0	0	0	0	71	0	0	0	0	0	
538471	0	0	0	0	0	0	0	0	0	0	65	0	0	0	0	0	
539220	0	0	0	0	0	0	0	0	0	0	79	0	0	0	0	0	
539969	0	0	0	0	0	0	0	0	0	0	63	0	0	0	0	0	
540715	0	0	0	0	0	0	0	0	0	0	71	0	0	0	0	0	
541465	0	0	0	0	0	0	0	0	0	0	77	0	0	0	0	0	
542216	0	0	0	0	0	0	0	0	0	0	73	0	0	0	0	0	
542965	0	0	0	0	0	0	0	0	0	0	97	0	0	0	0	0	
543713	0	0	0	0	0	0	0	0	0	0	59	0	0	0	0	0	
544462	0	0	0	0	0	0	0	0	0	79	0	0	0	0	0	0	
545206	0	0	0	0	0	0	0	0	0	97	0	0	0	0	0	0	
545958	0	0	0	0	0	0	0	0	0	91	0	0	0	0	0	0	
546712	0	0	0	0	0	0	0	0	0	75	0	0	0	0	0	0	
547461	0	0	0	0	0	0	0	0	0	65	0	0	0	0	0	0	
548211	0	0	0	0	0	0	0	0	0	77	0	0	0	0	0	0	
548959	0	0	0	0	0	0	0	0	0	79	0	0	0	0	0	0	
549708	0	0	0	0	0	0	0	0	0	73	0	0	0	0	0	0	
550460	0	0	0	0	0	0	0	0	0	75	0	0	0	0	0	0	
551214	0	0	0	0	0	0	0	0	0	67	0	0	0	0	0	0	
551965	0	0	0	0	0	0	0	0	0	91	0	0	0	0	0	0	
552716	0	0	0	0	0	0	0	0	0	89	0	0	0	0	0	0	
553465	0	0	0	0	0	0	0	0	0	77	0	0	0	0	0	0	
554214	0	0	0	0	0	0	0	0	0	73	0	0	0	0	0	0	
554967	0	0	0	0	0	0	0	0	0	93	0	0	0	0	0	0	
555715	0	0	0	0	0	0	0	0	0	79	0	0	0	0	0	0	
556464	0	0	0	0	0	0	0	0	0	93	0	0	0	0	0	0	
557215	0	0	0	0	0	0	0	0	0	77	0	0	0	0	0	0	
557966	0	0	0	0	0	0	0	0	0	97	0	0	0	0	0	0	
558718	0	0	0	0	0	0	0	0	85	0	0	0	0	0	0	0	
559468	0	0	0	0	0	0	0	0	99	0	0	0	0	0	0	0	
560218	0	0	0	0	0	0	0	0	83	0	0	0	0	0	0	0	
560968	0	0	0	0	0	0	0	0	97	0	0	0	0	0	0	0	
561716	0	0	0	0	0	0	0	0	97	0	0	0	0	0	0	0	
562466	0	0	0	0	0	0	0	0	73	0	0	0	0	0	0	0	
563219	0	0	0	0	0	0	0	0	71	0	0	0	0	0	0	0	
563971	0	0	0	0	0	0	0	0	81	0	0	0	0	0	0	0	
564720	0	0	0	0	0	0	0	0	85	0	0	0	0	0	0	0	
565469	0	0	0	0	0	0	0	0	87	0	0	0	0	0	0	0	
566222	0	0	0	0	0	0	0	0	81	0	0	0	0	0	0	0	
566972	0	0	0	0	0	0	0	0	85	0	0	0	0	0	0	0	
567723	0	0	0	0	0	0	0	0	75	0	0	0	0	0	0	0	
568471	0	0	0	0	0	0	0	0	87	0	0	0	0	0	0	0	
569222	0	0	0	0	0	0	0	0	91	0	0	0	0	0	0	0	
569969	0	0	0	0	0	0	0	0	89	0	0	0	0	0	0	0	
570720	0	0	0	0	0	0	0	0	101	0	0	0	0	0	0	0	
571469	0	0	0	0	0	0	0	0	103	0	0	0	0	0	0	0	
572218	0	0	0	0	0	0	0	0	93	0	0	0	0	0	0	0	
572968	0	0	0	0	0	0	0	0	111	0	0	0	0	0	0	0	
573715	0	0	0	0	0	0	0	0	89	0	0	0	0	0	0	0	
574463	0	0	0	0	0	0	0	0	75	0	0	0	0	0	0	0	
575215	0	0	0	0	0	0	0	0	91	0	0	0	0	0	0	0	
575964	0	0	0	0	0	0	0	0	99	0	0	0	0	0	0	0	
576711	0	0	0	0	0	0	0	0	87	0	0	0	0	0	0	0	
577461	0	0	0	0	0	0	0	0	105	0	0	0	0	0	0	0	
578208	0	0	0	0	0	0	0	0	78	1	0	0	0	0	0	0	
578957	0	0	0	0	0	0	0	0	0	87	0	0	0	0	0	0	
579707	0	0	0	0	0	0	0	0	0	89	0	0	0	0	0	0	
580455	0	0	0	0	0	0	0	0	0	63	0	0	0	0	0	0	
581202	0	0	0	0	0	0	0	0	0	111	0	0	0	0	0	0	
581953	0	0	0	0	0	0	0	0	0	0	73	0	0	0	0	0	
582702	0	0	0	0	0	0	0	0	0	0	79	0	0	0	0	0	
583449	0	0	0	0	0	0	0	0	0	0	69	0	0	0	0	0	
584197	0	0	0	0	0	0	0	0	0	0	0	53	0	0	0	0	
584950	0	0	0	0	0	0	0	0	0	0	0	57	0	0	0	0	
585703	0	0	0	0	0	0	0	0	0	0	0	63	0	0	0	0	
586451	0	0	0	0	0	0	0	0	0	0	0	81	0	0	0	0	
587203	0	0	0	0	0	0	0	0	0	0	0	67	0	0	0	0	
587954	0	0	0	0	0	0	0	0	0	0	0	59	0	0	0	0	
588707	0	0	0	0	0	0	0	0	0	0	0	65	0	0	0	0	
589454	0	0	0	0	0	0	0	0	0	0	0	71	0	0	0	0	
590199	0	0	0	0	0	0	0	0	0	0	0	65	0	0	0	0	
590949	0	0	0	0	0	0	0	0	0	0	0	73	0	0	0	0	
591700	0	0	0	0	0	0	0	0	0	0	0	63	0	0	0	0	
592448	0	0	0	0	0	0	0	0	0	0	0	77	0	0	0	0	
593200	0	0	0	0	0	0	0	0	0	0	0	65	0	0	0	0	
593950	0	0	0	0	0	0	0	0	0	0	0	67	0	0	0	0	
594700	0	0	0	0	0	0	0	0	0	0	0	71	0	0	0	0	
595449	0	0	0	0	0	0	0	0	0	0	0	49	0	0	0	0	
596200	0	0	0	0	0	0	0	0	0	0	0	55	0	0	0	0	
596950	0	0	0	0	0	0	0	0	0	0	0	77	0	0	0	0	
597701	0	0	0	0	0	0	0	0	0	0	0	59	0	0	0	0	
598452	0	0	0	0	0	0	0	0	0	0	0	61	0	0	0	0	
599204	0	0	0	0	0	0	0	0	0	0	0	71	0	0	0	0	
599955	0	0	0	0	0	0	0	0	0	73	0	0	0	0	0	0	
600707	0	0	0	0	0	0	0	0	0	85	0	0	0	0	0	0	
601456	0	0	0	0	0	0	0	0	0	99	0	0	0	0	0	0	
602206	0	0	0	0	0	0	0	0	0	81	0	0	0	0	0	0	
602955	0	0	0	0	0	0	0	0	0	87	0	0	0	0	0	0	
603706	0	0	0	0	0	0	0	0	7	66	0	0	0	0	0	0	
604456	0	0	0	0	0	0	0	97	0	0	0	0	0	0	0	0	
605204	0	0	0	0	0	0	0	89	0	0	0	0	0	0	0	0	
605951	0	0	0	0	0	0	0	95	0	0	0	0	0	0	0	0	
606699	0	0	0	0	0	0	0	87	0	0	0	0	0	0	0	0	
607449	0	0	0	0	0	0	0	105	0	0	0	0	0	0	0	0	
608198	0	0	0	0	0	0	0	89	0	0	0	0	0	0	0	0	
608946	0	0	0	0	0	0	0	85	0	0	0	0	0	0	0	0	
609698	0	0	0	0	0	0	0	85	0	0	0	0	0	0	0	0	
610444	0	0	0	0	0	0	0	99	0	0	0	0	0	0	0	0	
611195	0	0	0	0	0	0	0	95	0	0	0	0	0	0	0	0	
611945	0	0	0	0	0	0	0	113	0	0	0	0	0	0	0	0	
612691	0	0	0	0	0	0	0	105	0	0	0	0	0	0	0	0	
613441	0	0	0	0	0	0	0	97	0	0	0	0	0	0	0	0	
614191	0	0	0	0	0	0	0	101	0	0	0	0	0	0	0	0	
614944	0	0	0	0	0	0	0	109	0	0	0	0	0	0	0	0	
615693	0	0	0	0	0	0	0	0	95	0	0	0	0	0	0	0	
616444	0	0	0	0	0	0	0	0	81	0	0	0	0	0	0	0	
617194	0	0	0	0	0	0	0	0	89	0	0	0	0	0	0	0	
617946	0	0	0	0	0	0	0	0	93	0	0	0	0	0	0	0	
618693	0	0	0	0	0	0	0	0	73	0	0	0	0	0	0	0	
619444	0	0	0	0	0	0	0	1	84	0	0	0	0	0	0	0	
620198	0	0	0	0	0	0	0	0	83	0	0	0	0	0	0	0	
620949	0	0	0	0	0	0	0	0	71	0	0	0	0	0	0	0	
621699	0	0	0	0	0	0	0	31	68	0	0	0	0	0	0	0	
622452	0	0	0	0	0	0	0	0	103	0	0	0	0	0	0	0	
623204	0	0	0	0	0	0	0	0	79	0	0	0	0	0	0	0	
623953	0	0	0	0	0	0	0	0	79	0	0	0	0	0	0	0	
624704	0	0	0	0	0	0	0	0	83	0	0	0	0	0	0	0	
625453	0	0	0	0	0	0	0	0	83	0	0	0	0	0	0	0	
626203	0	0	0	0	0	0	0	0	91	0	0	0	0	0	0	0	
626953	0	0	0	0	0	0	0	0	95	0	0	0	0	0	0	0	
627703	0	0	0	0	0	0	0	0	89	0	0	0	0	0	0	0	
628451	0	0	0	0	0	0	0	0	83	0	0	0	0	0	0	0	
629201	0	0	0	0	0	0	0	0	89	0	0	0	0	0	0	0	
629955	0	0	0	0	0	0	0	0	79	0	0	0	0	0	0	0	
630706	0	0	0	0	0	0	0	0	91	0	0	0	0	0	0	0	
631456	0	0	0	0	0	0	0	0	89	0	0	0	0	0	0	0	
632210	0	0	0	0	0	0	0	0	75	0	0	0	0	0	0	0	
632962	0	0	0	0	0	0	0	0	91	0	0	0	0	0	0	0	
633709	0	0	0	0	0	0	0	0	99	0	0	0	0	0	0	0	
634456	0	0	0	0	0	0	0	107	0	0	0	0	0	0	0	0	
635207	0	0	0	0	0	0	0	97	0	0	0	0	0	0	0	0	
635953	0	0	0	0	0	0	0	107	0	0	0	0	0	0	0	0	
636701	0	0	0	0	0	0	0	111	0	0	0	0	0	0	0	0	
637450	0	0	0	0	0	0	0	101	0	0	0	0	0	0	0	0	
638201	0	0	0	0	0	0	0	107	0	0	0	0	0	0	0	0	
638949	0	0	0	0	0	0	0	95	0	0	0	0	0	0	0	0	
639698	0	0	0	0	0	0	0	101	0	0	0	0	0	0	0	0	
640450	0	0	0	0	0	0	0	99	0	0	0	0	0	0	0	0	
641198	0	0	0	0	0	0	0	101	0	0	0	0	0	0	0	0	
641951	0	0	0	0	0	0	0	111	0	0	0	0	0	0	0	0	
642697	0	0	0	0	0	0	0	105	0	0	0	0	0	0	0	0	
643449	0	0	0	0	0	0	111	0	0	0	0	0	0	0	0	0	
644198	0	0	0	0	0	0	115	0	0	0	0	0	0	0	0	0	
644948	0	0	0	0	0	0	121	0	0	0	0	0	0	0	0	0	
645699	0	0	0	0	0	0	107	0	0	0	0	0	0	0	0	0	
646447	0	0	0	0	0	0	117	0	0	0	0	0	0	0	0	0	
647198	0	0	0	0	0	0	111	0	0	0	0	0	0	0	0	0	
647949	0	0	0	0	0	0	0	95	0	0	0	0	0	0	0	0	
648699	0	0	0	0	0	0	0	93	0	0	0	0	0	0	0	0	
649447	0	0	0	0	0	0	0	97	0	0	0	0	0	0	0	0	
650196	0	0	0	0	0	0	0	103	0	0	0	0	0	0	0	0	
650946	0	0	0	0	0	0	0	117	0	0	0	0	0	0	0	0	
651697	0	0	0	0	0	0	0	87	0	0	0	0	0	0	0	0	
652450	0	0	0	0	0	0	0	83	0	0	0	0	0	0	0	0	
653195	0	0	0	0	0	0	0	103	0	0	0	0	0	0	0	0	
653946	0	0	0	0	0	0	0	87	0	0	0	0	0	0	0	0	
654692	0	0	0	0	0	0	0	125	0	0	0	0	0	0	0	0	
655442	0	0	0	0	0	0	0	93	0	0	0	0	0	0	0	0	
656192	0	0	0	0	0	0	0	87	0	0	0	0	0	0	0	0	
656945	0	0	0	0	0	0	0	91	0	0	0	0	0	0	0	0	
657694	0	0	0	0	0	0	0	103	0	0	0	0	0	0	0	0	
658443	0	0	0	0	0	0	0	101	0	0	0	0	0	0	0	0	
659195	0	0	0	0	0	0	0	83	0	0	0	0	0	0	0	0	
659947	0	0	0	0	0	0	0	103	0	0	0	0	0	0	0	0	
660697	0	0	0	0	0	0	0	109	0	0	0	0	0	0	0	0	
661446	0	0	0	0	0	0	0	107	0	0	0	0	0	0	0	0	
662195	0	0	0	0	0	0	0	109	0	0	0	0	0	0	0	0	
662946	0	0	0	0	0	0	0	93	0	0	0	0	0	0	0	0	
663694	0	0	0	0	0	0	0	109	0	0	0	0	0	0	0	0	
664445	0	0	0	0	0	0	0	85	0	0	0	0	0	0	0	0	
665196	0	0	0	0	0	0	0	103	0	0	0	0	0	0	0	0	
665948	0	0	0	0	0	0	0	93	0	0	0	0	0	0	0	0	
666699	0	0	0	0	0	0	0	60	25	0	0	0	0	0	0	0	
667448	0	0	0	0	0	0	0	93	0	0	0	0	0	0	0	0	
668192	0	0	0	0	0	0	0	87	0	0	0	0	0	0	0	0	
668946	0	0	0	0	0	0	0	79	0	0	0	0	0	0	0	0	
669694	0	0	0	0	0	0	0	105	0	0	0	0	0	0	0	0	
670443	0	0	0	0	0	0	0	103	0	0	0	0	0	0	0	0	
671192	0	0	0	0	0	0	0	119	0	0	0	0	0	0	0	0	
671937	0	0	0	0	0	0	0	107	0	0	0	0	0	0	0	0	
672688	0	0	0	0	0	0	0	115	0	0	0	0	0	0	0	0	
673434	0	0	0	0	0	0	0	91	0	0	0	0	0	0	0	0	
674184	0	0	0	0	0	0	0	101	0	0	0	0	0	0	0	0	
674937	0	0	0	0	0	0	0	93	0	0	0	0	0	0	0	0	
675686	0	0	0	0	0	0	0	93	0	0	0	0	0	0	0	0	
676437	0	0	0	0	0	0	0	79	0	0	0	0	0	0	0	0	
677187	0	0	0	0	0	0	0	105	0	0	0	0	0	0	0	0	
677939	0	0	0	0	0	0	0	103	0	0	0	0	0	0	0	0	
678689	0	0	0	0	0	0	0	121	0	0	0	0	0	0	0	0	
679440	0	0	0	0	0	0	0	107	0	0	0	0	0	0	0	0	
680189	0	0	0	0	0	0	0	105	0	0	0	0	0	0	0	0	
680941	0	0	0	0	0	0	0	99	0	0	0	0	0	0	0	0	
681689	0	0	0	0	0	0	0	115	0	0	0	0	0	0	0	0	
682439	0	0	0	0	0	0	0	101	0	0	0	0	0	0	0	0	
683189	0	0	0	0	0	0	0	89	0	0	0	0	0	0	0	0	
683938	0	0	0	0	0	0	0	101	0	0	0	0	0	0	0	0	
684688	0	0	0	0	0	0	0	101	0	0	0	0	0	0	0	0	
685438	0	0	0	0	0	0	0	111	0	0	0	0	0	0	0	0	
686187	0	0	0	0	0	0	0	91	0	0	0	0	0	0	0	0	
686936	0	0	0	0	0	0	0	115	0	0	0	0	0	0	0	0	
687687	0	0	0	0	0	0	0	105	0	0	0	0	0	0	0	0	
688436	0	0	0	0	0	0	0	103	0	0	0	0	0	0	0	0	
689186	0	0	0	0	0	0	109	0	0	0	0	0	0	0	0	0	
689936	0	0	0	0	0	0	121	0	0	0	0	0	0	0	0	0	
690689	0	0	0	0	0	0	111	0	0	0	0	0	0	0	0	0	
691441	0	0	0	0	0	0	111	0	0	0	0	0	0	0	0	0	
692188	0	0	0	0	0	0	103	0	0	0	0	0	0	0	0	0	
692941	0	0	0	0	0	0	107	0	0	0	0	0	0	0	0	0	
693690	0	0	0	0	0	0	119	0	0	0	0	0	0	0	0	0	
694440	0	0	0	0	0	0	113	0	0	0	0	0	0	0	0	0	
695189	0	0	0	0	0	0	105	0	0	0	0	0	0	0	0	0	
695938	0	0	0	0	0	0	126	1	0	0	0	0	0	0	0	0	
696690	0	0	0	0	0	0	111	0	0	0	0	0	0	0	0	0	
697442	0	0	0	0	0	0	121	0	0	0	0	0	0	0	0	0	
698191	0	0	0	0	0	0	99	0	0	0	0	0	0	0	0	0	
698945	0	0	0	0	0	0	131	0	0	0	0	0	0	0	0	0	
699696	0	0	0	0	0	0	115	0	0	0	0	0	0	0	0	0	
700445	0	0	0	0	0	0	119	0	0	0	0	0	0	0	0	0	
701192	0	0	0	0	0	0	107	0	0	0	0	0	0	0	0	0	
701941	0	0	0	0	0	0	113	0	0	0	0	0	0	0	0	0	
702692	0	0	0	0	0	0	109	0	0	0	0	0	0	0	0	0	
703443	0	0	0	0	0	0	103	0	0	0	0	0	0	0	0	0	
704191	0	0	0	0	0	0	107	0	0	0	0	0	0	0	0	0	
704946	0	0	0	0	0	0	0	105	0	0	0	0	0	0	0	0	
705696	0	0	0	0	0	0	0	93	0	0	0	0	0	0	0	0	
706449	0	0	0	0	0	0	0	99	0	0	0	0	0	0	0	0	
707203	0	0	0	0	0	0	0	83	0	0	0	0	0	0	0	0	
707956	0	0	0	0	0	0	0	99	0	0	0	0	0	0	0	0	
708708	0	0	0	0	0	0	0	85	0	0	0	0	0	0	0	0	
709461	0	0	0	0	0	0	0	115	0	0	0	0	0	0	0	0	
710212	0	0	0	0	0	0	0	95	0	0	0	0	0	0	0	0	
710960	0	0	0	0	0	0	0	115	0	0	0	0	0	0	0	0	
711712	0	0	0	0	0	0	0	75	0	0	0	0	0	0	0	0	
712466	0	0	0	0	0	0	0	95	0	0	0	0	0	0	0	0	
713216	0	0	0	0	0	0	0	103	0	0	0	0	0	0	0	0	
713968	0	0	0	0	0	0	0	95	0	0	0	0	0	0	0	0	
714716	0	0	0	0	0	0	0	91	0	0	0	0	0	0	0	0	
715464	0	0	0	0	0	0	0	103	0	0	0	0	0	0	0	0	
716215	0	0	0	0	0	0	0	103	0	0	0	0	0	0	0	0	
716961	0	0	0	0	0	0	0	93	0	0	0	0	0	0	0	0	
717709	0	0	0	0	0	0	0	113	0	0	0	0	0	0	0	0	
718461	0	0	0	0	0	0	0	99	0	0	0	0	0	0	0	0	
719211	0	0	0	0	0	0	0	0	0	85	0	0	0	0	0	0	
719961	0	0	0	0	0	0	0	0	0	67	0	0	0	0	0	0	
720710	0	0	0	0	0	0	0	0	0	89	0	0	0	0	0	0	
721459	0	0	0	0	0	0	0	0	0	79	0	0	0	0	0	0	
722210	0	0	0	0	0	0	0	0	0	95	0	0	0	0	0	0	
722957	0	0	0	0	0	0	0	0	0	99	0	0	0	0	0	0	
723707	0	0	0	0	0	0	0	0	0	69	0	0	0	0	0	0	
724458	0	0	0	0	0	0	0	0	0	73	0	0	0	0	0	0	
725207	0	0	0	0	0	0	0	0	0	89	0	0	0	0	0	0	
725957	0	0	0	0	0	0	0	0	0	75	0	0	0	0	0	0	
726706	0	0	0	0	0	0	0	0	0	97	0	0	0	0	0	0	
727457	0	0	0	0	0	0	0	0	0	59	0	0	0	0	0	0	
728211	0	0	0	0	0	0	0	0	0	89	0	0	0	0	0	0	
728965	0	0	0	0	0	0	0	0	0	54	13	0	0	0	0	0	
729714	0	0	0	0	0	0	0	0	0	79	0	0	0	0	0	0	
730464	0	0	0	0	0	0	0	0	0	83	0	0	0	0	0	0	
731212	0	0	0	0	0	0	0	0	0	71	0	0	0	0	0	0	
731963	0	0	0	0	0	0	0	0	0	65	0	0	0	0	0	0	
732713	0	0	0	0	0	0	0	0	0	61	0	0	0	0	0	0	
733462	0	0	0	0	0	0	0	0	0	0	75	0	0	0	0	0	
734212	0	0	0	0	0	0	0	0	0	0	79	0	0	0	0	0	
734962	0	0	0	0	0	0	0	0	0	0	75	0	0	0	0	0	
735717	0	0	0	0	0	0	0	0	0	73	0	0	0	0	0	0	
736467	0	0	0	0	0	0	0	0	0	97	0	0	0	0	0	0	
737221	0	0	0	0	0	0	0	0	0	83	0	0	0	0	0	0	
737970	0	0	0	0	0	0	0	0	0	79	0	0	0	0	0	0	
738721	0	0	0	0	0	0	0	0	0	73	0	0	0	0	0	0	
739472	0	0	0	0	0	0	0	0	0	71	0	0	0	0	0	0	
740219	0	0	0	0	0	0	0	0	0	85	0	0	0	0	0	0	
740969	0	0	0	0	0	0	0	0	0	77	0	0	0	0	0	0	
741719	0	0	0	0	0	0	0	0	0	71	0	0	0	0	0	0	
742466	0	0	0	0	0	0	0	0	0	0	63	0	0	0	0	0	
743216	0	0	0	0	0	0	0	0	0	0	77	0	0	0	0	0	
743967	0	0	0	0	0	0	0	0	0	0	65	0	0	0	0	0	
744719	0	0	0	0	0	0	0	0	0	0	69	0	0	0	0	0	
745469	0	0	0	0	0	0	0	0	0	0	0	77	0	0	0	0	
746216	0	0	0	0	0	0	0	0	0	0	0	65	0	0	0	0	
746964	0	0	0	0	0	0	0	0	0	0	0	91	0	0	0	0	
747711	0	0	0	0	0	0	0	0	0	0	0	73	0	0	0	0	
748463	0	0	0	0	0	0	0	0	0	0	0	75	0	0	0	0	
749212	0	0	0	0	0	0	0	0	0	0	0	65	0	0	0	0	
749963	0	0	0	0	0	0	0	0	0	0	0	73	0	0	0	0	
750713	0	0	0	0	0	0	0	0	0	0	0	63	0	0	0	0	
751463	0	0	0	0	0	0	0	0	0	0	0	57	0	0	0	0	
752213	0	0	0	0	0	0	0	0	0	0	0	65	0	0	0	0	
752962	0	0	0	0	0	0	0	0	0	0	0	59	0	0	0	0	
753707	0	0	0	0	0	0	0	0	0	0	0	46	21	0	0	0	
754459	0	0	0	0	0	0	0	0	0	77	0	0	0	0	0	0	
755210	0	0	0	0	0	0	0	0	0	73	0	0	0	0	0	0	
755958	0	0	0	0	0	0	0	0	0	83	0	0	0	0	0	0	
756710	0	0	0	0	0	0	0	0	0	75	0	0	0	0	0	0	
757461	0	0	0	0	0	0	0	0	0	77	0	0	0	0	0	0	
758214	0	0	0	0	0	0	0	0	77	0	0	0	0	0	0	0	
758966	0	0	0	0	0	0	0	0	79	0	0	0	0	0	0	0	
759716	0	0	0	0	0	0	0	0	83	0	0	0	0	0	0	0	
760466	0	0	0	0	0	0	0	0	89	0	0	0	0	0	0	0	
761215	0	0	0	0	0	0	0	0	77	0	0	0	0	0	0	0	
761964	0	0	0	0	0	0	0	0	97	0	0	0	0	0	0	0	
762714	0	0	0	0	0	0	0	0	81	0	0	0	0	0	0	0	
763465	0	0	0	0	0	0	0	0	103	0	0	0	0	0	0	0	
764215	0	0	0	0	0	0	0	0	83	0	0	0	0	0	0	0	
764964	0	0	0	0	0	0	0	0	89	0	0	0	0	0	0	0	
765714	0	0	0	0	0	0	0	0	85	0	0	0	0	0	0	0	
766464	0	0	0	0	0	0	0	0	93	0	0	0	0	0	0	0	
767213	0	0	0	0	0	0	0	0	99	0	0	0	0	0	0	0	
767962	0	0	0	0	0	0	0	0	101	0	0	0	0	0	0	0	
768711	0	0	0	0	0	0	0	0	95	0	0	0	0	0	0	0	
769461	0	0	0	0	0	0	0	0	75	0	0	0	0	0	0	0	
770211	0	0	0	0	0	0	0	0	91	0	0	0	0	0	0	0	
770960	0	0	0	0	0	0	0	0	95	0	0	0	0	0	0	0	
771706	0	0	0	0	0	0	0	0	67	0	0	0	0	0	0	0	
772454	0	0	0	0	0	0	0	0	87	0	0	0	0	0	0	0	
773202	0	0	0	0	0	0	0	0	97	0	0	0	0	0	0	0	
773951	0	0	0	0	0	0	0	0	85	0	0	0	0	0	0	0	
774702	0	0	0	0	0	0	0	0	103	0	0	0	0	0	0	0	
775453	0	0	0	0	0	0	0	0	75	0	0	0	0	0	0	0	
776202	0	0	0	0	0	0	0	0	93	0	0	0	0	0	0	0	
776952	0	0	0	0	0	0	0	0	91	0	0	0	0	0	0	0	
777703	0	0	0	0	0	0	0	0	95	0	0	0	0	0	0	0	
778453	0	0	0	0	0	0	0	0	87	0	0	0	0	0	0	0	
779207	0	0	0	0	0	0	0	0	83	0	0	0	0	0	0	0	
779957	0	0	0	0	0	0	0	0	87	0	0	0	0	0	0	0	
780706	0	0	0	0	0	0	0	0	101	0	0	0	0	0	0	0	
781458	0	0	0	0	0	0	0	0	81	0	0	0	0	0	0	0	
782208	0	0	0	0	0	0	0	0	115	0	0	0	0	0	0	0	
782960	0	0	0	0	0	0	0	0	83	0	0	0	0	0	0	0	
783708	0	0	0	0	0	0	0	0	97	0	0	0	0	0	0	0	
784459	0	0	0	0	0	0	0	0	87	0	0	0	0	0	0	0	
785210	0	0	0	0	0	0	0	0	105	0	0	0	0	0	0	0	
785961	0	0	0	0	0	0	0	0	77	0	0	0	0	0	0	0	
786709	0	0	0	0	0	0	0	0	87	0	0	0	0	0	0	0	
787459	0	0	0	0	0	0	0	0	91	0	0	0	0	0	0	0	
788208	0	0	0	0	0	0	0	0	115	0	0	0	0	0	0	0	
788954	0	0	0	0	0	0	0	0	85	0	0	0	0	0	0	0	
789708	0	0	0	0	0	0	0	0	93	0	0	0	0	0	0	0	
790460	0	0	0	0	0	0	0	0	89	0	0	0	0	0	0	0	
791210	0	0	0	0	0	0	0	0	85	0	0	0	0	0	0	0	
791961	0	0	0	0	0	0	0	0	89	0	0	0	0	0	0	0	
792714	0	0	0	0	0	0	0	0	101	0	0	0	0	0	0	0	
793463	0	0	0	0	0	0	0	0	101	0	0	0	0	0	0	0	
794213	0	0	0	0	0	0	0	0	95	0	0	0	0	0	0	0	
794965	0	0	0	0	0	0	0	0	75	0	0	0	0	0	0	0	
795716	0	0	0	0	0	0	0	0	81	0	0	0	0	0	0	0	
796464	0	0	0	0	0	0	0	0	95	0	0	0	0	0	0	0	
797213	0	0	0	0	0	0	0	0	93	0	0	0	0	0	0	0	
797966	0	0	0	0	0	0	0	0	85	0	0	0	0	0	0	0	
798715	0	0	0	0	0	0	0	0	73	0	0	0	0	0	0	0	
799464	0	0	0	0	0	0	0	0	91	0	0	0	0	0	0	0	
800215	0	0	0	0	0	0	0	0	101	0	0	0	0	0	0	0	
800962	0	0	0	0	0	0	0	0	93	0	0	0	0	0	0	0	
801707	0	0	0	0	0	0	0	0	0	87	0	0	0	0	0	0	
802457	0	0	0	0	0	0	0	0	0	93	0	0	0	0	0	0	
803208	0	0	0	0	0	0	0	0	0	99	0	0	0	0	0	0	
803962	0	0	0	0	0	0	0	0	0	69	0	0	0	0	0	0	
804713	0	0	0	0	0	0	0	0	0	87	0	0	0	0	0	0	
805461	0	0	0	0	0	0	0	0	0	75	0	0	0	0	0	0	
806209	0	0	0	0	0	0	0	0	0	87	0	0	0	0	0	0	
806958	0	0	0	0	0	0	0	0	0	73	0	0	0	0	0	0	
807707	0	0	0	0	0	0	0	0	0	81	0	0	0	0	0	0	
808454	0	0	0	0	0	0	0	0	0	85	0	0	0	0	0	0	
809201	0	0	0	0	0	0	0	0	0	85	0	0	0	0	0	0	
809949	0	0	0	0	0	0	0	0	0	69	0	0	0	0	0	0	
810696	0	0	0	0	0	0	0	0	0	83	0	0	0	0	0	0	
811442	0	0	0	0	0	0	0	0	0	71	0	0	0	0	0	0	
812191	0	0	0	0	0	0	0	0	0	81	0	0	0	0	0	0	
812941	0	0	0	0	0	0	0	0	0	91	0	0	0	0	0	0	
813688	0	0	0	0	0	0	0	0	0	83	0	0	0	0	0	0	
814439	0	0	0	0	0	0	0	0	0	95	0	0	0	0	0	0	
815190	0	0	0	0	0	0	0	0	0	81	0	0	0	0	0	0	
815941	0	0	0	0	0	0	0	0	0	75	0	0	0	0	0	0	
816690	0	0	0	0	0	0	0	0	0	77	0	0	0	0	0	0	
817441	0	0	0	0	0	0	0	0	0	83	0	0	0	0	0	0	
818193	0	0	0	0	0	0	0	0	0	93	0	0	0	0	0	0	
818945	0	0	0	0	0	0	0	0	0	75	0	0	0	0	0	0	
819694	0	0	0	0	0	0	0	0	0	0	65	0	0	0	0	0	
820442	0	0	0	0	0	0	0	0	0	0	89	0	0	0	0	0	
821194	0	0	0	0	0	0	0	0	0	0	63	0	0	0	0	0	
821942	0	0	0	0	0	0	0	0	0	0	69	0	0	0	0	0	
822695	0	0	0	0	0	0	0	0	0	0	59	0	0	0	0	0	
823446	0	0	0	0	0	0	0	0	0	0	89	0	0	0	0	0	
824197	0	0	0	0	0	0	0	0	0	0	75	0	0	0	0	0	
824948	0	0	0	0	0	0	0	0	0	0	0	59	0	0	0	0	
825698	0	0	0	0	0	0	0	0	0	0	0	57	0	0	0	0	
826447	0	0	0	0	0	0	0	0	0	0	0	67	0	0	0	0	
827195	0	0	0	0	0	0	0	0	0	0	0	67	0	0	0	0	
827945	0	0	0	0	0	0	0	0	0	0	0	65	0	0	0	0	
828695	0	0	0	0	0	0	0	0	0	0	0	57	0	0	0	0	
829446	0	0	0	0	0	0	0	0	0	0	0	63	0	0	0	0	
830198	0	0	0	0	0	0	0	0	0	0	0	55	0	0	0	0	
830946	0	0	0	0	0	0	0	0	0	0	0	67	0	0	0	0	
831694	0	0	0	0	0	0	0	0	0	0	0	77	0	0	0	0	
832443	0	0	0	0	0	0	0	0	0	0	0	61	0	0	0	0	
833191	0	0	0	0	0	0	0	0	0	0	0	77	0	0	0	0	
833945	0	0	0	0	0	0	0	0	0	0	0	57	0	0	0	0	
834696	0	0	0	0	0	0	0	0	0	0	0	0	57	0	0	0	
835447	0	0	0	0	0	0	0	0	0	0	0	12	51	0	0	0	
836195	0	0	0	0	0	0	0	0	0	0	0	0	59	0	0	0	
836945	0	0	0	0	0	0	0	0	0	0	0	0	49	0	0	0	
837696	0	0	0	0	0	0	0	0	0	0	0	0	47	0	0	0	
838447	0	0	0	0	0	0	0	0	0	0	0	0	49	0	0	0	
839196	0	0	0	0	0	0	0	0	0	0	0	0	61	0	0	0	
839943	0	0	0	0	0	0	0	0	0	0	0	0	53	0	0	0	
840693	0	0	0	0	0	0	0	0	0	0	0	0	69	0	0	0	
841441	0	0	0	0	0	0	0	0	0	0	0	0	77	0	0	0	
842193	0	0	0	0	0	0	0	0	0	0	0	0	59	0	0	0	
842941	0	0	0	0	0	0	0	0	0	0	0	0	61	0	0	0	
843693	0	0	0	0	0	0	0	0	0	0	0	0	53	0	0	0	
844442	0	0	0	0	0	0	0	0	0	0	0	0	51	0	0	0	
845193	0	0	0	0	0	0	0	0	0	0	0	0	61	0	0	0	
845942	0	0	0	0	0	0	0	0	0	0	0	59	0	0	0	0	
846692	0	0	0	0	0	0	0	0	0	0	0	69	0	0	0	0	
847444	0	0	0	0	0	0	0	0	0	0	0	67	0	0	0	0	
848196	0	0	0	0	0	0	0	0	0	0	0	55	0	0	0	0	
848947	0	0	0	0	0	0	0	0	0	0	0	75	0	0	0	0	
849694	0	0	0	0	0	0	0	0	0	0	0	81	0	0	0	0	
850446	0	0	0	0	0	0	0	0	0	0	0	69	0	0	0	0	
851195	0	0	0	0	0	0	0	0	0	0	0	67	0	0	0	0	
851947	0	0	0	0	0	0	0	0	0	0	0	0	67	0	0	0	
852695	0	0	0	0	0	0	0	0	0	0	0	0	61	0	0	0	
853446	0	0	0	0	0	0	0	0	0	0	0	0	69	0	0	0	
854196	0	0	0	0	0	0	0	0	0	0	0	0	69	0	0	0	
854942	0	0	0	0	0	0	0	0	0	0	0	0	73	0	0	0	
855692	0	0	0	0	0	0	0	0	0	0	0	73	0	0	0	0	
856446	0	0	0	0	0	0	0	0	0	0	0	57	0	0	0	0	
857196	0	0	0	0	0	0	0	0	0	0	0	69	0	0	0	0	
857950	0	0	0	0	0	0	0	0	0	0	0	63	0	0	0	0	
858702	0	0	0	0	0	0	0	0	0	0	83	0	0	0	0	0	
859452	0	0	0	0	0	0	0	0	0	0	73	0	0	0	0	0	
860201	0	0	0	0	0	0	0	0	0	0	71	0	0	0	0	0	
860950	0	0	0	0	0	0	0	0	0	0	77	0	0	0	0	0	
861700	0	0	0	0	0	0	0	0	0	0	67	0	0	0	0	0	
862450	0	0	0	0	0	0	0	0	0	0	85	0	0	0	0	0	
863199	0	0	0	0	0	0	0	0	0	0	79	0	0	0	0	0	
863946	0	0	0	0	0	0	0	0	0	0	75	0	0	0	0	0	
864699	0	0	0	0	0	0	0	0	0	0	85	0	0	0	0	0	
865451	0	0	0	0	0	0	0	0	0	0	77	0	0	0	0	0	
866203	0	0	0	0	0	0	0	0	0	0	73	0	0	0	0	0	
866952	0	0	0	0	0	0	0	0	0	0	69	0	0	0	0	0	
867703	0	0	0	0	0	0	0	0	0	0	81	0	0	0	0	0	
868455	0	0	0	0	0	0	0	0	0	0	55	0	0	0	0	0	
869204	0	0	0	0	0	0	0	0	0	0	67	0	0	0	0	0	
869955	0	0	0	0	0	0	0	0	0	0	73	0	0	0	0	0	
870702	0	0	0	0	0	0	0	0	0	0	73	0	0	0	0	0	
871451	0	0	0	0	0	0	0	0	0	0	67	0	0	0	0	0	
872202	0	0	0	0	0	0	0	0	0	0	69	0	0	0	0	0	
872953	0	0	0	0	0	0	0	0	0	0	61	0	0	0	0	0	
873703	0	0	0	0	0	0	0	0	0	0	73	0	0	0	0	0	
874455	0	0	0	0	0	0	0	0	0	0	71	0	0	0	0	0	
875207	0	0	0	0	0	0	0	0	0	0	85	0	0	0	0	0	
875957	0	0	0	0	0	0	0	0	0	0	81	0	0	0	0	0	
876712	0	0	0	0	0	0	0	0	0	0	59	0	0	0	0	0	
877462	0	0	0	0	0	0	0	0	0	81	0	0	0	0	0	0	
878213	0	0	0	0	0	0	0	0	0	81	0	0	0	0	0	0	
878961	0	0	0	0	0	0	0	0	0	87	0	0	0	0	0	0	
879711	0	0	0	0	0	0	0	0	0	87	0	0	0	0	0	0	
880463	0	0	0	0	0	0	0	0	0	77	0	0	0	0	0	0	
881216	0	0	0	0	0	0	0	0	0	69	0	0	0	0	0	0	
881966	0	0	0	0	0	0	0	0	0	91	0	0	0	0	0	0	
882713	0	0	0	0	0	0	0	0	0	89	0	0	0	0	0	0	
883463	0	0	0	0	0	0	0	0	0	69	0	0	0	0	0	0	
884210	0	0	0	0	0	0	0	0	0	85	0	0	0	0	0	0	
884961	0	0	0	0	0	0	0	0	0	83	0	0	0	0	0	0	
885710	0	0	0	0	0	0	0	0	0	79	0	0	0	0	0	0	
886459	0	0	0	0	0	0	0	0	0	77	0	0	0	0	0	0	
887209	0	0	0	0	0	0	0	0	0	93	0	0	0	0	0	0	
887959	0	0	0	0	0	0	0	0	0	89	0	0	0	0	0	0	
888713	0	0	0	0	0	0	0	0	0	77	0	0	0	0	0	0	
889463	0	0	0	0	0	0	0	0	0	85	0	0	0	0	0	0	
890215	0	0	0	0	0	0	0	0	0	73	0	0	0	0	0	0	
890966	0	0	0	0	0	0	0	0	0	77	0	0	0	0	0	0	
891717	0	0	0	0	0	0	0	0	0	69	0	0	0	0	0	0	
892467	0	0	0	0	0	0	0	0	0	81	0	0	0	0	0	0	
893215	0	0	0	0	0	0	0	0	0	79	0	0	0	0	0	0	
893965	0	0	0	0	0	0	0	0	0	83	0	0	0	0	0	0	
894712	0	0	0	0	0	0	0	0	0	0	69	0	0	0	0	0	
895462	0	0	0	0	0	0	0	0	0	0	83	0	0	0	0	0	
896216	0	0	0	0	0	0	0	0	0	71	0	0	0	0	0	0	
896967	0	0	0	0	0	0	0	0	0	91	0	0	0	0	0	0	
897718	0	0	0	0	0	0	0	0	0	75	0	0	0	0	0	0	
898470	0	0	0	0	0	0	0	0	0	89	0	0	0	0	0	0	
899221	0	0	0	0	0	0	0	0	0	73	0	0	0	0	0	0	
899971	0	0	0	0	0	0	0	0	0	103	0	0	0	0	0	0	
900721	0	0	0	0	0	0	0	0	0	75	0	0	0	0	0	0	
901470	0	0	0	0	0	0	0	0	0	67	0	0	0	0	0	0	
902220	0	0	0	0	0	0	0	0	0	73	0	0	0	0	0	0	
902970	0	0	0	0	0	0	0	0	0	87	0	0	0	0	0	0	
903722	0	0	0	0	0	0	0	0	0	83	0	0	0	0	0	0	
904471	0	0	0	0	0	0	0	0	0	71	0	0	0	0	0	0	
905222	0	0	0	0	0	0	0	0	0	77	0	0	0	0	0	0	
905971	0	0	0	0	0	0	0	0	0	87	0	0	0	0	0	0	
906717	0	0	0	0	0	0	0	0	0	79	0	0	0	0	0	0	
907463	0	0	0	0	0	0	0	0	0	91	0	0	0	0	0	0	
908216	0	0	0	0	0	0	0	0	0	79	0	0	0	0	0	0	
908969	0	0	0	0	0	0	0	0	0	91	0	0	0	0	0	0	
909719	0	0	0	0	0	0	0	0	0	77	0	0	0	0	0	0	
910468	0	0	0	0	0	0	0	0	0	93	0	0	0	0	0	0	
911214	0	0	0	0	0	0	0	0	0	79	0	0	0	0	0	0	
911966	0	0	0	0	0	0	0	0	0	83	0	0	0	0	0	0	
912717	0	0	0	0	0	0	0	0	0	87	0	0	0	0	0	0	
913464	0	0	0	0	0	0	0	0	0	85	0	0	0	0	0	0	
914216	0	0	0	0	0	0	0	0	0	65	0	0	0	0	0	0	
914964	0	0	0	0	0	0	0	0	0	107	0	0	0	0	0	0	
915713	0	0	0	0	0	0	0	0	0	77	0	0	0	0	0	0	
916461	0	0	0	0	0	0	0	0	0	91	0	0	0	0	0	0	
917210	0	0	0	0	0	0	0	0	0	79	0	0	0	0	0	0	
917962	0	0	0	0	0	0	0	0	0	77	0	0	0	0	0	0	
918714	0	0	0	0	0	0	0	0	0	67	0	0	0	0	0	0	
919465	0	0	0	0	0	0	0	0	0	91	0	0	0	0	0	0	
920212	0	0	0	0	0	0	0	0	0	73	0	0	0	0	0	0	
920964	0	0	0	0	0	0	0	0	0	91	0	0	0	0	0	0	
921716	0	0	0	0	0	0	0	0	0	93	0	0	0	0	0	0	
922466	0	0	0	0	0	0	0	0	0	77	0	0	0	0	0	0	
923213	0	0	0	0	0	0	0	0	0	83	0	0	0	0	0	0	
923965	0	0	0	0	0	0	0	0	0	89	0	0	0	0	0	0	
924715	0	0	0	0	0	0	0	0	0	71	0	0	0	0	0	0	
925466	0	0	0	0	0	0	0	0	0	101	0	0	0	0	0	0	
926218	0	0	0	0	0	0	0	0	0	77	0	0	0	0	0	0	
926966	0	0	0	0	0	0	0	0	0	79	0	0	0	0	0	0	
927715	0	0	0	0	0	0	0	0	0	71	0	0	0	0	0	0	
928462	0	0	0	0	0	0	0	0	0	83	0	0	0	0	0	0	
929212	0	0	0	0	0	0	0	0	0	89	0	0	0	0	0	0	
929965	0	0	0	0	0	0	0	0	0	75	0	0	0	0	0	0	
930714	0	0	0	0	0	0	0	0	0	81	0	0	0	0	0	0	
931462	0	0	0	0	0	0	0	0	0	71	0	0	0	0	0	0	
932212	0	0	0	0	0	0	0	0	0	73	0	0	0	0	0	0	
932964	0	0	0	0	0	0	0	0	0	69	0	0	0	0	0	0	
933709	0	0	0	0	0	0	0	0	0	77	0	0	0	0	0	0	
934458	0	0	0	0	0	0	0	0	0	69	0	0	0	0	0	0	
935212	0	0	0	0	0	0	0	0	0	91	0	0	0	0	0	0	
935962	0	0	0	0	0	0	0	0	0	93	0	0	0	0	0	0	
936709	0	0	0	0	0	0	0	0	0	65	0	0	0	0	0	0	
937460	0	0	0	0	0	0	0	0	0	69	0	0	0	0	0	0	
938210	0	0	0	0	0	0	0	0	0	81	0	0	0	0	0	0	
938960	0	0	0	0	0	0	0	0	0	59	0	0	0	0	0	0	
939710	0	0	0	0	0	0	0	0	0	81	0	0	0	0	0	0	
940458	0	0	0	0	0	0	0	0	0	79	0	0	0	0	0	0	
941210	0	0	0	0	0	0	0	0	0	101	0	0	0	0	0	0	
941961	0	0	0	0	0	0	0	0	0	67	0	0	0	0	0	0	
942711	0	0	0	0	0	0	0	0	0	93	0	0	0	0	0	0	
943459	0	0	0	0	0	0	0	0	0	91	0	0	0	0	0	0	
944211	0	0	0	0	0	0	0	0	0	77	0	0	0	0	0	0	
944962	0	0	0	0	0	0	0	0	0	85	0	0	0	0	0	0	
945715	0	0	0	0	0	0	0	0	0	87	0	0	0	0	0	0	
946465	0	0	0	0	0	0	0	0	0	85	0	0	0	0	0	0	
947216	0	0	0	0	0	0	0	0	0	79	0	0	0	0	0	0	
947965	0	0	0	0	0	0	0	0	0	87	0	0	0	0	0	0	
948716	0	0	0	0	0	0	0	0	0	97	0	0	0	0	0	0	
949466	0	0	0	0	0	0	0	0	0	0	77	0	0	0	0	0	
950216	0	0	0	0	0	0	0	0	0	0	75	0	0	0	0	0	
950968	0	0	0	0	0	0	0	0	0	0	77	0	0	0	0	0	
951719	0	0	0	0	0	0	0	0	0	0	0	61	0	0	0	0	
952469	0	0	0	0	0	0	0	0	0	0	0	73	0	0	0	0	
953219	0	0	0	0	0	0	0	0	0	0	0	69	0	0	0	0	
953971	0	0	0	0	0	0	0	0	0	0	0	71	0	0	0	0	
954723	0	0	0	0	0	0	0	0	0	0	0	67	0	0	0	0	
955473	0	0	0	0	0	0	0	0	0	0	0	61	0	0	0	0	
956223	0	0	0	0	0	0	0	0	0	0	0	83	0	0	0	0	
956972	0	0	0	0	0	0	0	0	0	0	0	69	0	0	0	0	
957723	0	0	0	0	0	0	0	0	0	0	0	0	69	0	0	0	
958472	0	0	0	0	0	0	0	0	0	0	0	0	77	0	0	0	
959223	0	0	0	0	0	0	0	0	0	0	0	0	0	53	0	0	
959972	0	0	0	0	0	0	0	0	0	0	0	0	0	57	0	0	
960724	0	0	0	0	0	0	0	0	0	0	0	0	65	0	0	0	
961472	0	0	0	0	0	0	0	0	0	0	0	0	49	0	0	0	
962219	0	0	0	0	0	0	0	0	0	0	0	0	53	0	0	0	
962968	0	0	0	0	0	0	0	0	0	0	0	0	67	0	0	0	
963715	0	0	0	0	0	0	0	0	0	0	0	0	75	0	0	0	
964464	0	0	0	0	0	0	0	0	0	0	0	0	61	0	0	0	
965214	0	0	0	0	0	0	0	0	0	0	0	0	57	0	0	0	
965968	0	0	0	0	0	0	0	0	0	0	0	0	55	0	0	0	
966719	0	0	0	0	0	0	0	0	0	0	0	0	75	0	0	0	
967471	0	0	0	0	0	0	0	0	0	0	0	0	75	0	0	0	
968222	0	0	0	0	0	0	0	0	0	0	0	0	69	0	0	0	
968972	0	0	0	0	0	0	0	0	0	0	0	0	55	0	0	0	
969719	0	0	0	0	0	0	0	0	0	0	0	0	57	0	0	0	
970469	0	0	0	0	0	0	0	0	0	0	0	0	53	0	0	0	
971220	0	0	0	0	0	0	0	0	0	0	0	0	73	0	0	0	
971972	0	0	0	0	0	0	0	0	0	0	0	0	57	0	0	0	
972726	0	0	0	0	0	0	0	0	0	0	0	0	55	0	0	0	
973476	0	0	0	0	0	0	0	0	0	0	0	0	57	0	0	0	
974227	0	0	0	0	0	0	0	0	0	0	0	0	61	0	0	0	
974978	0	0	0	0	0	0	0	0	0	0	0	0	55	0	0	0	
975730	0	0	0	0	0	0	0	0	0	0	0	0	61	0	0	0	
976484	0	0	0	0	0	0	0	0	0	0	0	0	69	0	0	0	
977233	0	0	0	0	0	0	0	0	0	0	0	0	71	0	0	0	
977983	0	0	0	0	0	0	0	0	0	0	0	0	67	0	0	0	
978737	0	0	0	0	0	0	0	0	0	0	0	0	61	0	0	0	
979486	0	0	0	0	0	0	0	0	0	0	0	0	59	0	0	0	
980237	0	0	0	0	0	0	0	0	0	0	0	0	77	0	0	0	
980989	0	0	0	0	0	0	0	0	0	0	0	0	45	0	0	0	
981739	0	0	0	0	0	0	0	0	0	0	0	0	63	0	0	0	
982491	0	0	0	0	0	0	0	0	0	0	0	0	73	0	0	0	
983243	0	0	0	0	0	0	0	0	0	0	0	0	75	0	0	0	
983993	0	0	0	0	0	0	0	0	0	0	0	0	65	0	0	0	
984743	0	0	0	0	0	0	0	0	0	0	0	0	61	0	0	0	
985488	0	0	0	0	0	0	0	0	0	0	0	0	67	0	0	0	
986237	0	0	0	0	0	0	0	0	0	0	0	0	53	0	0	0	
986988	0	0	0	0	0	0	0	0	0	0	0	0	69	0	0	0	
987737	0	0	0	0	0	0	0	0	0	0	0	0	55	0	0	0	
988485	0	0	0	0	0	0	0	0	0	0	0	0	65	0	0	0	
989235	0	0	0	0	0	0	0	0	0	0	0	0	51	0	0	0	
989986	0	0	0	0	0	0	0	0	0	0	0	0	57	0	0	0	
990736	0	0	0	0	0	0	0	0	0	0	0	0	61	0	0	0	
991488	0	0	0	0	0	0	0	0	0	0	0	0	71	0	0	0	
992238	0	0	0	0	0	0	0	0	0	0	0	0	0	57	0	0	
992987	0	0	0	0	0	0	0	0	0	0	0	0	0	71	0	0	
993739	0	0	0	0	0	0	0	0	0	0	0	0	0	69	0	0	
994488	0	0	0	0	0	0	0	0	0	0	0	0	0	57	0	0	
995236	0	0	0	0	0	0	0	0	0	0	0	0	0	63	0	0	
995987	0	0	0	0	0	0	0	0	0	0	0	0	0	0	43	0	
996734	0	0	0	0	0	0	0	0	0	0	0	0	0	63	0	0	
997482	0	0	0	0	0	0	0	0	0	0	0	0	0	65	0	0	
998229	0	0	0	0	0	0	0	0	0	0	0	0	0	57	0	0	
998978	0	0	0	0	0	0	0	0	0	0	0	0	0	61	0	0	
999728	0	0	0	0	0	0	0	0	0	0	0	0	2	53	0	0	
1.00048e+06	0	0	0	0	0	0	0	0	0	0	0	0	0	55	0	0	
1.00123e+06	0	0	0	0	0	0	0	0	0	0	0	0	0	73	0	0	
1.00198e+06	0	0	0	0	0	0	0	0	0	0	0	0	0	71	0	0	
1.00273e+06	0	0	0	0	0	0	0	0	0	0	0	0	0	69	0	0	
1.00348e+06	0	0	0	0	0	0	0	0	0	0	0	0	0	49	0	0	
1.00423e+06	0	0	0	0	0	0	0	0	0	0	0	0	0	53	0	0	
1.00498e+06	0	0	0	0	0	0	0	0	0	0	0	0	0	57	0	0	
1.00573e+06	0	0	0	0	0	0	0	0	0	0	0	0	71	0	0	0	
1.00648e+06	0	0	0	0	0	0	0	0	0	0	0	0	69	0	0	0	
1.00723e+06	0	0	0	0	0	0	0	0	0	0	0	0	49	0	0	0	
1.00798e+06	0	0	0	0	0	0	0	0	0	0	0	0	59	0	0	0	
1.00872e+06	0	0	0	0	0	0	0	0	0	0	0	0	53	0	0	0	
1.00948e+06	0	0	0	0	0	0	0	0	0	0	0	0	53	0	0	0	
1.01023e+06	0	0	0	0	0	0	0	0	0	0	0	0	59	0	0	0	
1.01098e+06	0	0	0	0	0	0	0	0	0	0	0	0	69	0	0	0	
1.01173e+06	0	0	0	0	0	0	0	0	0	0	0	0	61	0	0	0	
1.01248e+06	0	0	0	0	0	0	0	0	0	0	0	0	59	10	0	0	
1.01323e+06	0	0	0	0	0	0	0	0	0	0	0	0	71	0	0	0	
1.01398e+06	0	0	0	0	0	0	0	0	0	0	0	0	73	0	0	0	
1.01473e+06	0	0	0	0	0	0	0	0	0	0	0	0	59	0	0	0	
1.01548e+06	0	0	0	0	0	0	0	0	0	0	0	0	69	0	0	0	
1.01623e+06	0	0	0	0	0	0	0	0	0	0	0	75	0	0	0	0	
1.01698e+06	0	0	0	0	0	0	0	0	0	0	0	63	0	0	0	0	
1.01773e+06	0	0	0	0	0	0	0	0	0	0	0	67	0	0	0	0	
1.01848e+06	0	0	0	0	0	0	0	0	0	0	0	0	61	0	0	0	
1.01923e+06	0	0	0	0	0	0	0	0	0	0	0	0	47	0	0	0	
1.01997e+06	0	0	0	0	0	0	0	0	0	0	0	0	61	0	0	0	
1.02073e+06	0	0	0	0	0	0	0	0	0	0	0	0	61	0	0	0	
1.02148e+06	0	0	0	0	0	0	0	0	0	0	0	0	71	0	0	0	
1.02223e+06	0	0	0	0	0	0	0	0	0	0	0	0	57	0	0	0	
1.02298e+06	0	0	0	0	0	0	0	0	0	0	0	0	0	61	0	0	
1.02373e+06	0	0	0	0	0	0	0	0	0	0	0	0	0	67	0	0	
1.02448e+06	0	0	0	0	0	0	0	0	0	0	0	0	0	51	0	0	
1.02522e+06	0	0	0	0	0	0	0	0	0	0	0	0	0	57	0	0	
1.02598e+06	0	0	0	0	0	0	0	0	0	0	0	0	0	47	0	0	
1.02673e+06	0	0	0	0	0	0	0	0	0	0	0	0	0	63	0	0	
1.02747e+06	0	0	0	0	0	0	0	0	0	0	0	0	0	0	55	0	
1.02822e+06	0	0	0	0	0	0	0	0	0	0	0	0	0	63	0	0	
1.02897e+06	0	0	0	0	0	0	0	0	0	0	0	0	0	45	0	0	
1.02972e+06	0	0	0	0	0	0	0	0	0	0	0	0	0	69	0	0	
1.03047e+06	0	0	0	0	0	0	0	0	0	0	0	0	65	0	0	0	
1.03122e+06	0	0	0	0	0	0	0	0	0	0	0	0	69	0	0	0	
1.03197e+06	0	0	0	0	0	0	0	0	0	0	0	0	65	0	0	0	
1.03273e+06	0	0	0	0	0	0	0	0	0	0	0	0	77	0	0	0	
1.03348e+06	0	0	0	0	0	0	0	0	0	0	0	0	53	0	0	0	
1.03423e+06	0	0	0	0	0	0	0	0	0	0	0	0	55	0	0	0	
1.03498e+06	0	0	0	0	0	0	0	0	0	0	0	0	61	0	0	0	
1.03573e+06	0	0	0	0	0	0	0	0	0	0	0	0	61	0	0	0	
1.03648e+06	0	0	0	0	0	0	0	0	0	0	0	0	45	0	0	0	
1.03723e+06	0	0	0	0	0	0	0	0	0	0	0	0	65	0	0	0	
1.03798e+06	0	0	0	0	0	0	0	0	0	0	0	0	71	0	0	0	
1.03873e+06	0	0	0	0	0	0	0	0	0	0	0	0	61	0	0	0	
1.03948e+06	0	0	0	0	0	0	0	0	0	0	0	0	65	0	0	0	
1.04023e+06	0	0	0	0	0	0	0	0	0	0	0	0	57	0	0	0	
1.04098e+06	0	0	0	0	0	0	0	0	0	0	0	0	61	0	0	0	
1.04173e+06	0	0	0	0	0	0	0	0	0	0	0	0	67	0	0	0	
1.04248e+06	0	0	0	0	0	0	0	0	0	0	0	0	63	0	0	0	
1.04323e+06	0	0	0	0	0	0	0	0	0	0	0	67	0	0	0	0	
1.04397e+06	0	0	0	0	0	0	0	0	0	0	0	63	0	0	0	0	
1.04473e+06	0	0	0	0	0	0	0	0	0	0	0	75	0	0	0	0	
1.04548e+06	0	0	0	0	0	0	0	0	0	0	0	49	14	0	0	0	
1.04623e+06	0	0	0	0	0	0	0	0	0	0	0	61	0	0	0	0	
1.04698e+06	0	0	0	0	0	0	0	0	0	0	0	73	0	0	0	0	
1.04773e+06	0	0	0	0	0	0	0	0	0	0	0	67	0	0	0	0	
1.04848e+06	0	0	0	0	0	0	0	0	0	0	0	63	0	0	0	0	
1.04923e+06	0	0	0	0	0	0	0	0	0	0	0	77	0	0	0	0	
1.04998e+06	0	0	0	0	0	0	0	0	0	0	0	61	0	0	0	0	
1.05073e+06	0	0	0	0	0	0	0	0	0	0	14	55	0	0	0	0	
1.05148e+06	0	0	0	0	0	0	0	0	0	0	87	0	0	0	0	0	
1.05224e+06	0	0	0	0	0	0	0	0	0	0	75	0	0	0	0	0	
1.05298e+06	0	0	0	0	0	0	0	0	0	0	91	0	0	0	0	0	
1.05373e+06	0	0	0	0	0	0	0	0	0	0	69	0	0	0	0	0	
1.05448e+06	0	0	0	0	0	0	0	0	0	0	0	65	0	0	0	0	
1.05523e+06	0	0	0	0	0	0	0	0	0	0	0	61	0	0	0	0	
1.05598e+06	0	0	0	0	0	0	0	0	0	0	0	57	0	0	0	0	
1.05673e+06	0	0	0	0	0	0	0	0	0	0	0	57	0	0	0	0	
1.05747e+06	0	0	0	0	0	0	0	0	0	0	0	67	0	0	0	0	
1.05823e+06	0	0	0	0	0	0	0	0	0	0	0	0	65	0	0	0	
1.05897e+06	0	0	0	0	0	0	0	0	0	0	0	0	55	0	0	0	
1.05972e+06	0	0	0	0	0	0	0	0	0	0	0	0	65	0	0	0	
1.06047e+06	0	0	0	0	0	0	0	0	0	0	0	0	55	0	0	0	
1.06121e+06	0	0	0	0	0	0	0	0	0	0	0	0	77	0	0	0	
1.06197e+06	0	0	0	0	0	0	0	0	0	0	0	0	57	0	0	0	
1.06272e+06	0	0	0	0	0	0	0	0	0	0	0	0	75	0	0	0	
1.06347e+06	0	0	0	0	0	0	0	0	0	0	0	0	57	0	0	0	
1.06422e+06	0	0	0	0	0	0	0	0	0	0	0	73	0	0	0	0	
1.06497e+06	0	0	0	0	0	0	0	0	0	0	0	69	0	0	0	0	
1.06571e+06	0	0	0	0	0	0	0	0	0	0	0	63	0	0	0	0	
1.06646e+06	0	0	0	0	0	0	0	0	0	0	0	71	0	0	0	0	
1.06721e+06	0	0	0	0	0	0	0	0	0	0	0	67	0	0	0	0	
1.06796e+06	0	0	0	0	0	0	0	0	0	0	0	53	0	0	0	0	
1.06871e+06	0	0	0	0	0	0	0	0	0	0	0	73	0	0	0	0	
1.06946e+06	0	0	0	0	0	0	0	0	0	0	0	57	0	0	0	0	
1.07022e+06	0	0	0	0	0	0	0	0	0	0	0	59	0	0	0	0	
1.07096e+06	0	0	0	0	0	0	0	0	0	0	0	67	0	0	0	0	
1.07171e+06	0	0	0	0	0	0	0	0	0	0	0	63	0	0	0	0	
1.07246e+06	0	0	0	0	0	0	0	0	0	0	0	57	0	0	0	0	
1.07321e+06	0	0	0	0	0	0	0	0	0	0	0	67	0	0	0	0	
1.07396e+06	0	0	0	0	0	0	0	0	0	0	0	69	0	0	0	0	
1.07472e+06	0	0	0	0	0	0	0	0	0	0	0	73	0	0	0	0	
1.07547e+06	0	0	0	0	0	0	0	0	0	0	0	65	0	0	0	0	
1.07621e+06	0	0	0	0	0	0	0	0	0	0	0	53	0	0	0	0	
1.07696e+06	0	0	0	0	0	0	0	0	0	0	0	69	0	0	0	0	
1.07772e+06	0	0	0	0	0	0	0	0	0	0	0	61	0	0	0	0	
1.07847e+06	0	0	0	0	0	0	0	0	0	0	73	0	0	0	0	0	
1.07922e+06	0	0	0	0	0	0	0	0	0	0	63	0	0	0	0	0	
1.07997e+06	0	0	0	0	0	0	0	0	0	0	85	0	0	0	0	0	
1.08072e+06	0	0	0	0	0	0	0	0	0	0	73	0	0	0	0	0	
1.08147e+06	0	0	0	0	0	0	0	0	0	0	67	0	0	0	0	0	
1.08222e+06	0	0	0	0	0	0	0	0	0	0	85	0	0	0	0	0	
1.08297e+06	0	0	0	0	0	0	0	0	0	0	73	0	0	0	0	0	
1.08372e+06	0	0	0	0	0	0	0	0	0	0	77	0	0	0	0	0	
1.08447e+06	0	0	0	0	0	0	0	0	0	0	89	0	0	0	0	0	
1.08522e+06	0	0	0	0	0	0	0	0	0	0	75	0	0	0	0	0	
1.08597e+06	0	0	0	0	0	0	0	0	0	0	75	0	0	0	0	0	
1.08672e+06	0	0	0	0	0	0	0	0	0	0	69	0	0	0	0	0	
1.08747e+06	0	0	0	0	0	0	0	0	0	0	63	0	0	0	0	0	
1.08822e+06	0	0	0	0	0	0	0	0	0	0	77	0	0	0	0	0	
1.08897e+06	0	0	0	0	0	0	0	0	0	0	81	0	0	0	0	0	
1.08972e+06	0	0	0	0	0	0	0	0	0	0	77	0	0	0	0	0	
1.09047e+06	0	0	0	0	0	0	0	0	0	0	73	0	0	0	0	0	
1.09122e+06	0	0	0	0	0	0	0	0	0	0	85	0	0	0	0	0	
1.09197e+06	0	0	0	0	0	0	0	0	0	0	67	0	0	0	0	0	
1.09272e+06	0	0	0	0	0	0	0	0	0	0	77	0	0	0	0	0	
1.09348e+06	0	0	0	0	0	0	0	0	0	0	73	0	0	0	0	0	
1.09423e+06	0	0	0	0	0	0	0	0	0	0	0	53	0	0	0	0	
1.09498e+06	0	0	0	0	0	0	0	0	0	0	0	77	0	0	0	0	
1.09573e+06	0	0	0	0	0	0	0	0	0	0	0	79	0	0	0	0	
1.09648e+06	0	0	0	0	0	0	0	0	0	0	0	63	0	0	0	0	
1.09723e+06	0	0	0	0	0	0	0	0	0	0	0	55	0	0	0	0	
1.09798e+06	0	0	0	0	0	0	0	0	0	0	0	69	0	0	0	0	
1.09873e+06	0	0	0	0	0	0	0	0	0	0	0	67	0	0	0	0	
1.09948e+06	0	0	0	0	0	0	0	0	0	0	0	0	63	0	0	0	
1.10023e+06	0	0	0	0	0	0	0	0	0	0	0	0	65	0	0	0	
1.10098e+06	0	0	0	0	0	0	0	0	0	0	0	0	55	0	0	0	
1.10173e+06	0	0	0	0	0	0	0	0	0	0	0	0	69	0	0	0	
1.10248e+06	0	0	0	0	0	0	0	0	0	0	0	0	59	0	0	0	
1.10323e+06	0	0	0	0	0	0	0	0	0	0	0	0	63	0	0	0	
1.10398e+06	0	0	0	0	0	0	0	0	0	0	0	0	55	0	0	0	
1.10473e+06	0	0	0	0	0	0	0	0	0	0	0	0	69	0	0	0	
1.10548e+06	0	0	0	0	0	0	0	0	0	0	0	0	57	0	0	0	
1.10624e+06	0	0	0	0	0	0	0	0	0	0	0	9	56	0	0	0	
1.10699e+06	0	0	0	0	0	0	0	0	0	0	0	0	45	0	0	0	
1.10773e+06	0	0	0	0	0	0	0	0	0	0	0	0	67	0	0	0	
1.10848e+06	0	0	0	0	0	0	0	0	0	0	0	0	59	0	0	0	
1.10923e+06	0	0	0	0	0	0	0	0	0	0	0	0	67	0	0	0	
1.10998e+06	0	0	0	0	0	0	0	0	0	0	0	0	59	0	0	0	
1.11073e+06	0	0	0	0	0	0	0	0	0	0	0	0	69	0	0	0	
1.11148e+06	0	0	0	0	0	0	0	0	0	0	0	0	69	0	0	0	
1.11223e+06	0	0	0	0	0	0	0	0	0	0	0	0	53	0	0	0	
1.11298e+06	0	0	0	0	0	0	0	0	0	0	0	0	67	0	0	0	
1.11374e+06	0	0	0	0	0	0	0	0	0	0	0	0	63	0	0	0	
1.11448e+06	0	0	0	0	0	0	0	0	0	0	0	0	63	0	0	0	
1.11523e+06	0	0	0	0	0	0	0	0	0	0	0	0	71	0	0	0	
1.11598e+06	0	0	0	0	0	0	0	0	0	0	0	0	77	0	0	0	
1.11673e+06	0	0	0	0	0	0	0	0	0	0	0	0	69	0	0	0	
1.11748e+06	0	0	0	0	0	0	0	0	0	0	0	0	57	0	0	0	
1.11824e+06	0	0	0	0	0	0	0	0	0	0	0	0	57	0	0	0	
1.11899e+06	0	0	0	0	0	0	0	0	0	0	0	0	0	0	67	0	
1.11974e+06	0	0	0	0	0	0	0	0	0	0	0	0	0	0	45	0	
1.12049e+06	0	0	0	0	0	0	0	0	0	0	0	0	0	0	47	0	
1.12124e+06	0	0	0	0	0	0	0	0	0	0	0	0	0	0	49	0	
1.12199e+06	0	0	0	0	0	0	0	0	0	0	0	0	0	0	57	0	
1.12274e+06	0	0	0	0	0	0	0	0	0	0	0	0	0	0	63	0	
1.12349e+06	0	0	0	0	0	0	0	0	0	0	0	0	0	0	51	0	
1.12424e+06	0	0	0	0	0	0	0	0	0	0	0	0	0	0	43	0	
1.12499e+06	0	0	0	0	0	0	0	0	0	0	0	0	0	0	69	0	
1.12574e+06	0	0	0	0	0	0	0	0	0	0	0	0	0	0	0	55	
1.12649e+06	0	0	0	0	0	0	0	0	0	0	0	0	0	0	0	61	
1.12724e+06	0	0	0	0	0	0	0	0	0	0	0	0	0	0	0	53	
1.12799e+06	0	0	0	0	0	0	0	0	0	0	0	0	0	0	0	53	
1.12874e+06	0	0	0	0	0	0	0	0	0	0	0	0	0	0	0	37	
1.12949e+06	0	0	0	0	0	0	0	0	0	0	0	0	0	0	0	47	
1.13024e+06	0	0	0	0	0	0	0	0	0	0	0	0	0	0	0	49	
1.13099e+06	0	0	0	0	0	0	0	0	0	0	0	0	0	0	0	35	
1.13174e+06	0	0	0	0	0	0	0	0	0	0	0	0	0	0	0	61	
1.13249e+06	0	0	0	0	0	0	0	0	0	0	0	0	0	0	0	43	
1.13324e+06	0	0	0	0	0	0	0	0	0	0	0	0	0	0	0	47	
1.13399e+06	0	0	0	0	0	0	0	0	0	0	0	0	0	0	0	57	
1.13474e+06	0	0	0	0	0	0	0	0	0	0	0	0	0	0	0	47	
1.13549e+06	0	0	0	0	0	0	0	0	0	0	0	0	0	0	0	53	
1.13624e+06	0	0	0	0	0	0	0	0	0	0	0	0	0	0	0	61	
1.13699e+06	0	0	0	0	0	0	0	0	0	0	0	0	0	0	0	49	
1.13774e+06	0	0	0	0	0	0	0	0	0	0	0	0	0	0	0	49	
1.1385e+06	0	0	0	0	0	0	0	0	0	0	0	0	0	0	0	51	
1.13925e+06	0	0	0	0	0	0	0	0	0	0	0	0	0	0	0	57	
1.14e+06	0	0	0	0	0	0	0	0	0	0	0	0	0	0	0	47	
1.14075e+06	0	0	0	0	0	0	0	0	0	0	0	0	0	0	53	0	
1.1415e+06	0	0	0	0	0	0	0	0	0	0	0	0	0	0	49	0	
1.14225e+06	0	0	0	0	0	0	0	0	0	0	0	0	0	0	51	0	
1.143e+06	0	0	0	0	0	0	0	0	0	0	0	0	0	0	49	0	
1.14375e+06	0	0	0	0	0	0	0	0	0	0	0	0	0	0	51	0	
1.1445e+06	0	0	0	0	0	0	0	0	0	0	0	0	0	0	55	0	
1.14525e+06	0	0	0	0	0	0	0	0	0	0	0	0	0	0	47	0	
1.146e+06	0	0	0	0	0	0	0	0	0	0	0	0	0	0	51	0	
1.14675e+06	0	0	0	0	0	0	0	0	0	0	0	0	0	0	51	0	
1.1475e+06	0	0	0	0	0	0	0	0	0	0	0	0	0	0	63	0	
1.14825e+06	0	0	0	0	0	0	0	0	0	0	0	0	0	0	73	0	
1.149e+06	0	0	0	0	0	0	0	0	0	0	0	0	0	0	59	0	
1.14975e+06	0	0	0	0	0	0	0	0	0	0	0	0	0	0	39	0	
1.1505e+06	0	0	0	0	0	0	0	0	0	0	0	0	0	0	47	0	
1.15125e+06	0	0	0	0	0	0	0	0	0	0	0	0	0	0	61	0	
1.15199e+06	0	0	0	0	0	0	0	0	0	0	0	0	0	0	53	0	
1.15275e+06	0	0	0	0	0	0	0	0	0	0	0	0	0	0	33	0	
1.1535e+06	0	0	0	0	0	0	0	0	0	0	0	0	0	0	0	55	
1.15425e+06	0	0	0	0	0	0	0	0	0	0	0	0	0	0	53	0	
1.155e+06	0	0	0	0	0	0	0	0	0	0	0	0	0	0	49	0	
1.15576e+06	0	0	0	0	0	0	0	0	0	0	0	0	0	0	45	0	
1.1565e+06	0	0	0	0	0	0	0	0	0	0	0	0	0	0	47	0	
1.15726e+06	0	0	0	0	0	0	0	0	0	0	0	0	0	55	0	0	
1.158e+06	0	0	0	0	0	0	0	0	0	0	0	0	0	63	0	0	
1.15875e+06	0	0	0	0	0	0	0	0	0	0	0	0	0	0	61	0	
1.1595e+06	0	0	0	0	0	0	0	0	0	0	0	0	0	0	55	0	
1.16025e+06	0	0	0	0	0	0	0	0	0	0	0	0	0	0	43	0	
1.161e+06	0	0	0	0	0	0	0	0	0	0	0	0	0	0	47	0	
1.16175e+06	0	0	0	0	0	0	0	0	0	0	0	0	0	0	47	0	
1.1625e+06	0	0	0	0	0	0	0	0	0	0	0	0	0	0	45	0	
1.16325e+06	0	0	0	0	0	0	0	0	0	0	0	0	0	0	57	0	
1.164e+06	0	0	0	0	0	0	0	0	0	0	0	0	0	0	0	63	
1.16475e+06	0	0	0	0	0	0	0	0	0	0	0	0	0	0	0	45	
1.1655e+06	0	0	0	0	0	0	0	0	0	0	0	0	0	0	0	51	
1.16625e+06	0	0	0	0	0	0	0	0	0	0	0	0	0	0	0	55	
1.167e+06	0	0	0	0	0	0	0	0	0	0	0	0	0	0	0	59	
1.16774e+06	0	0	0	0	0	0	0	0	0	0	0	0	0	0	0	51	
1.16849e+06	0	0	0	0	0	0	0	0	0	0	0	0	0	0	0	41	
1.16924e+06	0	0	0	0	0	0	0	0	0	0	0	0	0	0	0	51	
1.16999e+06	0	0	0	0	0	0	0	0	0	0	0	0	0	0	0	49	
1.17074e+06	0	0	0	0	0	0	0	0	0	0	0	0	0	0	0	45	
1.17149e+06	0	0	0	0	0	0	0	0	0	0	0	0	0	0	0	49	
1.17224e+06	0	0	0	0	0	0	0	0	0	0	0	0	0	0	0	41	
1.173e+06	0	0	0	0	0	0	0	0	0	0	0	0	0	0	0	37	
1.17374e+06	0	0	0	0	0	0	0	0	0	0	0	0	0	0	0	49	
1.1745e+06	0	0	0	0	0	0	0	0	0	0	0	0	0	0	0	41	
1.17524e+06	0	0	0	0	0	0	0	0	0	0	0	0	0	0	0	67	
1.17599e+06	0	0	0	0	0	0	0	0	0	0	0	0	0	0	0	41	
1.17675e+06	0	0	0	0	0	0	0	0	0	0	0	0	0	0	0	53	
1.1775e+06	0	0	0	0	0	0	0	0	0	0	0	0	0	0	51	0	
1.17825e+06	0	0	0	0	0	0	0	0	0	0	0	0	0	0	53	0	
1.179e+06	0	0	0	0	0	0	0	0	0	0	0	0	0	0	53	0	
1.17975e+06	0	0	0	0	0	0	0	0	0	0	0	0	0	0	55	0	
1.1805e+06	0	0	0	0	0	0	0	0	0	0	0	0	0	0	71	0	
1.18125e+06	0	0	0	0	0	0	0	0	0	0	0	0	0	0	51	0	
1.182e+06	0	0	0	0	0	0	0	0	0	0	0	0	0	0	49	0	
1.18276e+06	0	0	0	0	0	0	0	0	0	0	0	0	0	0	43	0	
1.1835e+06	0	0	0	0	0	0	0	0	0	0	0	0	0	0	61	0	
1.18425e+06	0	0	0	0	0	0	0	0	0	0	0	0	0	0	51	0	
1.185e+06	0	0	0	0	0	0	0	0	0	0	0	0	0	0	53	0	
1.18575e+06	0	0	0	0	0	0	0	0	0	0	0	0	0	0	57	0	
1.1865e+06	0	0	0	0	0	0	0	0	0	0	0	0	0	0	57	0	
1.18725e+06	0	0	0	0	0	0	0	0	0	0	0	0	0	0	57	0	
1.188e+06	0	0	0	0	0	0	0	0	0	0	0	0	0	0	57	0	
1.18874e+06	0	0	0	0	0	0	0	0	0	0	0	0	0	0	61	0	
1.18949e+06	0	0	0	0	0	0	0	0	0	0	0	0	0	0	47	0	
1.19024e+06	0	0	0	0	0	0	0	0	0	0	0	0	0	0	53	0	
1.19099e+06	0	0	0	0	0	0	0	0	0	0	0	0	0	0	47	0	
1.19174e+06	0	0	0	0	0	0	0	0	0	0	0	0	0	0	49	0	
1.19249e+06	0	0	0	0	0	0	0	0	0	0	0	0	0	0	55	0	
1.19324e+06	0	0	0	0	0	0	0	0	0	0	0	0	0	0	53	0	
1.19399e+06	0	0	0	0	0	0	0	0	0	0	0	0	0	0	55	0	
1.19474e+06	0	0	0	0	0	0	0	0	0	0	0	0	0	0	67	0	
1.19549e+06	0	0	0	0	0	0	0	0	0	0	0	0	0	0	49	0	
1.19624e+06	0	0	0	0	0	0	0	0	0	0	0	0	0	0	59	0	
1.19699e+06	0	0	0	0	0	0	0	0	0	0	0	0	0	0	55	0	
1.19774e+06	0	0	0	0	0	0	0	0	0	0	0	0	0	0	61	0	
1.19849e+06	0	0	0	0	0	0	0	0	0	0	0	0	0	0	49	0	
1.19924e+06	0	0	0	0	0	0	0	0	0	0	0	0	0	0	47	0	
1.19999e+06	0	0	0	0	0	0	0	0	0	0	0	0	0	0	59	0	
1.20073e+06	0	0	0	0	0	0	0	0	0	0	0	0	0	0	69	0	
1.20148e+06	0	0	0	0	0	0	0	0	0	0	0	0	0	0	47	0	
1.20223e+06	0	0	0	0	0	0	0	0	0	0	0	0	0	0	59	0	
1.20298e+06	0	0	0	0	0	0	0	0	0	0	0	0	0	69	0	0	
1.20373e+06	0	0	0	0	0	0	0	0	0	0	0	0	0	51	0	0	
1.20448e+06	0	0	0	0	0	0	0	0	0	0	0	0	0	57	0	0	
1.20524e+06	0	0	0	0	0	0	0	0	0	0	0	0	0	51	0	0	
1.20598e+06	0	0	0	0	0	0	0	0	0	0	0	0	0	59	0	0	
1.20673e+06	0	0	0	0	0	0	0	0	0	0	0	0	0	59	0	0	
1.20748e+06	0	0	0	0	0	0	0	0	0	0	0	0	0	49	0	0	
1.20823e+06	0	0	0	0	0	0	0	0	0	0	0	0	0	53	0	0	
1.20898e+06	0	0	0	0	0	0	0	0	0	0	0	0	0	55	0	0	
1.20974e+06	0	0	0	0	0	0	0	0	0	0	0	0	0	51	0	0	
1.21049e+06	0	0	0	0	0	0	0	0	0	0	0	0	0	51	0	0	
1.21124e+06	0	0	0	0	0	0	0	0	0	0	0	0	0	59	0	0	
1.21199e+06	0	0	0	0	0	0	0	0	0	0	0	0	0	55	0	0	
1.21274e+06	0	0	0	0	0	0	0	0	0	0	0	0	0	49	0	0	
1.21349e+06	0	0	0	0	0	0	0	0	0	0	0	0	0	59	0	0	
1.21424e+06	0	0	0	0	0	0	0	0	0	0	0	0	0	53	0	0	
1.21499e+06	0	0	0	0	0	0	0	0	0	0	0	0	0	0	55	0	
1.21574e+06	0	0	0	0	0	0	0	0	0	0	0	0	0	0	40	1	
1.21649e+06	0	0	0	0	0	0	0	0	0	0	0	0	0	0	55	0	
1.21724e+06	0	0	0	0	0	0	0	0	0	0	0	0	0	0	55	0	
1.218e+06	0	0	0	0	0	0	0	0	0	0	0	0	0	0	57	0	
1.21874e+06	0	0	0	0	0	0	0	0	0	0	0	0	0	0	55	0	
1.21949e+06	0	0	0	0	0	0	0	0	0	0	0	0	0	0	45	0	
1.22024e+06	0	0	0	0	0	0	0	0	0	0	0	0	0	57	0	0	
1.22099e+06	0	0	0	0	0	0	0	0	0	0	0	0	0	0	51	0	
1.22174e+06	0	0	0	0	0	0	0	0	0	0	0	0	0	0	65	0	
1.2225e+06	0	0	0	0	0	0	0	0	0	0	0	0	0	0	0	47	
1.22325e+06	0	0	0	0	0	0	0	0	0	0	0	0	0	0	0	49	
1.22399e+06	0	0	0	0	0	0	0	0	0	0	0	0	0	0	0	53	
1.22474e+06	0	0	0	0	0	0	0	0	0	0	0	0	0	0	0	55	
1.2255e+06	0	0	0	0	0	0	0	0	0	0	0	0	0	0	0	61	
1.22625e+06	0	0	0	0	0	0	0	0	0	0	0	0	0	0	0	49	
1.22699e+06	0	0	0	0	0	0	0	0	0	0	0	0	0	0	0	45	
1.22774e+06	0	0	0	0	0	0	0	0	0	0	0	0	0	0	0	49	
1.22849e+06	0	0	0	0	0	0	0	0	0	0	0	0	0	0	0	59	
1.22924e+06	0	0	0	0	0	0	0	0	0	0	0	0	0	0	0	49	
1.22999e+06	0	0	0	0	0	0	0	0	0	0	0	0	0	0	0	57	
1.23074e+06	0	0	0	0	0	0	0	0	0	0	0	0	0	0	0	55	
1.23149e+06	0	0	0	0	0	0	0	0	0	0	0	0	0	0	0	37	
1.23224e+06	0	0	0	0	0	0	0	0	0	0	0	0	0	0	0	49	
1.23299e+06	0	0	0	0	0	0	0	0	0	0	0	0	0	0	0	47	
1.23374e+06	0	0	0	0	0	0	0	0	0	0	0	0	0	0	0	49	
1.2345e+06	0	0	0	0	0	0	0	0	0	0	0	0	0	0	0	37	
1.23524e+06	0	0	0	0	0	0	0	0	0	0	0	0	0	0	0	49	
1.23599e+06	0	0	0	0	0	0	0	0	0	0	0	0	0	0	0	49	
1.23674e+06	0	0	0	0	0	0	0	0	0	0	0	0	0	0	0	77	
1.23749e+06	0	0	0	0	0	0	0	0	0	0	0	0	0	0	0	57	
1.23824e+06	0	0	0	0	0	0	0	0	0	0	0	0	0	0	0	39	
1.23899e+06	0	0	0	0	0	0	0	0	0	0	0	0	0	0	0	37	
1.23973e+06	0	0	0	0	0	0	0	0	0	0	0	0	0	0	49	0	
1.24048e+06	0	0	0	0	0	0	0	0	0	0	0	0	0	0	47	0	
1.24123e+06	0	0	0	0	0	0	0	0	0	0	0	0	0	0	55	0	
1.24198e+06	0	0	0	0	0	0	0	0	0	0	0	0	0	0	63	0	
1.24273e+06	0	0	0	0	0	0	0	0	0	0	0	0	0	0	57	0	
1.24348e+06	0	0	0	0	0	0	0	0	0	0	0	0	0	0	0	53	
1.24423e+06	0	0	0	0	0	0	0	0	0	0	0	0	0	0	0	43	
1.24498e+06	0	0	0	0	0	0	0	0	0	0	0	0	0	0	0	49	
1.24573e+06	0	0	0	0	0	0	0	0	0	0	0	0	0	0	0	41	
1.24648e+06	0	0	0	0	0	0	0	0	0	0	0	0	0	0	0	55	
1.24723e+06	0	0	0	0	0	0	0	0	0	0	0	0	0	0	0	65	
1.24798e+06	0	0	0	0	0	0	0	0	0	0	0	0	0	0	0	53	
1.24873e+06	0	0	0	0	0	0	0	0	0	0	0	0	0	0	0	45	
1.24948e+06	0	0	0	0	0	0	0	0	0	0	0	0	0	0	0	55	
1.25023e+06	0	0	0	0	0	0	0	0	0	0	0	0	0	0	39	0	
1.25098e+06	0	0	0	0	0	0	0	0	0	0	0	0	0	0	47	0	
1.25173e+06	0	0	0	0	0	0	0	0	0	0	0	0	0	0	47	0	
1.25248e+06	0	0	0	0	0	0	0	0	0	0	0	0	0	0	69	0	
1.25323e+06	0	0	0	0	0	0	0	0	0	0	0	0	0	57	0	0	
1.25398e+06	0	0	0	0	0	0	0	0	0	0	0	0	0	65	0	0	
1.25473e+06	0	0	0	0	0	0	0	0	0	0	0	0	0	53	0	0	
1.25548e+06	0	0	0	0	0	0	0	0	0	0	0	0	0	81	0	0	
1.25623e+06	0	0	0	0	0	0	0	0	0	0	0	0	0	59	0	0	
1.25698e+06	0	0	0	0	0	0	0	0	0	0	0	0	0	75	0	0	
1.25773e+06	0	0	0	0	0	0	0	0	0	0	0	0	0	47	0	0	
1.25848e+06	0	0	0	0	0	0	0	0	0	0	0	0	59	0	0	0	
1.25923e+06	0	0	0	0	0	0	0	0	0	0	0	0	0	49	0	0	
1.25998e+06	0	0	0	0	0	0	0	0	0	0	0	0	0	57	0	0	
1.26073e+06	0	0	0	0	0	0	0	0	0	0	0	0	0	55	0	0	
1.26148e+06	0	0	0	0	0	0	0	0	0	0	0	0	0	51	0	0	
1.26223e+06	0	0	0	0	0	0	0	0	0	0	0	0	0	0	57	0	
1.26298e+06	0	0	0	0	0	0	0	0	0	0	0	0	0	0	47	0	
1.26373e+06	0	0	0	0	0	0	0	0	0	0	0	0	0	0	53	0	
1.26448e+06	0	0	0	0	0	0	0	0	0	0	0	0	0	0	37	0	
1.26523e+06	0	0	0	0	0	0	0	0	0	0	0	0	0	0	0	43	
1.26598e+06	0	0	0	0	0	0	0	0	0	0	0	0	0	0	0	41	
1.26673e+06	0	0	0	0	0	0	0	0	0	0	0	0	0	0	0	61	
1.26748e+06	0	0	0	0	0	0	0	0	0	0	0	0	0	0	0	49	
1.26823e+06	0	0	0	0	0	0	0	0	0	0	0	0	0	0	0	49	
1.26898e+06	0	0	0	0	0	0	0	0	0	0	0	0	0	0	0	53	
1.26973e+06	0	0	0	0	0	0	0	0	0	0	0	0	0	0	0	49	
1.27048e+06	0	0	0	0	0	0	0	0	0	0	0	0	0	0	0	45	
1.27123e+06	0	0	0	0	0	0	0	0	0	0	0	0	0	0	0	49	
1.27198e+06	0	0	0	0	0	0	0	0	0	0	0	0	0	0	57	0	
1.27273e+06	0	0	0	0	0	0	0	0	0	0	0	0	0	0	0	53	
1.27348e+06	0	0	0	0	0	0	0	0	0	0	0	0	0	0	0	53	
1.27424e+06	0	0	0	0	0	0	0	0	0	0	0	0	0	0	0	61	
1.27499e+06	0	0	0	0	0	0	0	0	0	0	0	0	0	0	0	47	
1.27574e+06	0	0	0	0	0	0	0	0	0	0	0	0	0	0	55	0	
1.27649e+06	0	0	0	0	0	0	0	0	0	0	0	0	0	0	0	45	
1.27724e+06	0	0	0	0	0	0	0	0	0	0	0	0	0	0	0	45	
1.27799e+06	0	0	0	0	0	0	0	0	0	0	0	0	0	0	0	49	
1.27874e+06	0	0	0	0	0	0	0	0	0	0	0	0	0	0	0	47	
1.27949e+06	0	0	0	0	0	0	0	0	0	0	0	0	0	0	0	39	
1.28024e+06	0	0	0	0	0	0	0	0	0	0	0	0	0	0	0	53	
1.28099e+06	0	0	0	0	0	0	0	0	0	0	0	0	0	0	0	47	
1.28174e+06	0	0	0	0	0	0	0	0	0	0	0	0	0	0	0	55	
1.28249e+06	0	0	0	0	0	0	0	0	0	0	0	0	0	0	0	59	
1.28324e+06	0	0	0	0	0	0	0	0	0	0	0	0	0	0	0	43	
1.28399e+06	0	0	0	0	0	0	0	0	0	0	0	0	0	0	0	59	
1.28474e+06	0	0	0	0	0	0	0	0	0	0	0	0	0	0	0	39	
1.28548e+06	0	0	0	0	0	0	0	0	0	0	0	0	0	0	0	59	
1.28624e+06	0	0	0	0	0	0	0	0	0	0	0	0	0	0	0	59	
1.28699e+06	0	0	0	0	0	0	0	0	0	0	0	0	0	0	0	45	
1.28774e+06	0	0	0	0	0	0	0	0	0	0	0	0	0	0	0	47	
1.28849e+06	0	0	0	0	0	0	0	0	0	0	0	0	0	0	0	57	
1.28924e+06	0	0	0	0	0	0	0	0	0	0	0	0	0	0	0	53	
1.28999e+06	0	0	0	0	0	0	0	0	0	0	0	0	0	0	0	39	
1.29074e+06	0	0	0	0	0	0	0	0	0	0	0	0	0	0	0	59	
1.29148e+06	0	0	0	0	0	0	0	0	0	0	0	0	0	0	0	51	
1.29223e+06	0	0	0	0	0	0	0	0	0	0	0	0	0	0	0	45	
1.29298e+06	0	0	0	0	0	0	0	0	0	0	0	0	0	0	0	45	
1.29373e+06	0	0	0	0	0	0	0	0	0	0	0	0	0	0	0	59	
1.29448e+06	0	0	0	0	0	0	0	0	0	0	0	0	0	0	0	57	
1.29523e+06	0	0	0	0	0	0	0	0	0	0	0	0	0	0	0	51	
1.29598e+06	0	0	0	0	0	0	0	0	0	0	0	0	0	0	0	53	
1.29673e+06	0	0	0	0	0	0	0	0	0	0	0	0	0	0	0	57	
1.29748e+06	0	0	0	0	0	0	0	0	0	0	0	0	0	0	0	43	
1.29823e+06	0	0	0	0	0	0	0	0	0	0	0	0	0	0	0	55	
1.29898e+06	0	0	0	0	0	0	0	0	0	0	0	0	0	0	0	43	
1.29973e+06	0	0	0	0	0	0	0	0	0	0	0	0	0	0	0	53	
1.30048e+06	0	0	0	0	0	0	0	0	0	0	0	0	0	0	0	51	
1.30123e+06	0	0	0	0	0	0	0	0	0	0	0	0	0	0	0	53	
1.30198e+06	0	0	0	0	0	0	0	0	0	0	0	0	0	0	0	51	
1.30273e+06	0	0	0	0	0	0	0	0	0	0	0	0	0	0	0	41	
1.30348e+06	0	0	0	0	0	0	0	0	0	0	0	0	0	0	0	37	
1.30423e+06	0	0	0	0	0	0	0	0	0	0	0	0	0	0	0	53	
1.30498e+06	0	0	0	0	0	0	0	0	0	0	0	0	0	0	0	57	
1.30573e+06	0	0	0	0	0	0	0	0	0	0	0	0	0	0	0	55	
1.30649e+06	0	0	0	0	0	0	0	0	0	0	0	0	0	0	0	45	
1.30724e+06	0	0	0	0	0	0	0	0	0	0	0	0	0	0	0	45	
1.30799e+06	0	0	0	0	0	0	0	0	0	0	0	0	0	0	0	41	
1.30874e+06	0	0	0	0	0	0	0	0	0	0	0	0	0	0	0	43	
1.30949e+06	0	0	0	0	0	0	0	0	0	0	0	0	0	0	0	53	
1.31024e+06	0	0	0	0	0	0	0	0	0	0	0	0	0	0	0	53	
1.31099e+06	0	0	0	0	0	0	0	0	0	0	0	0	0	0	0	41	
1.31174e+06	0	0	0	0	0	0	0	0	0	0	0	0	0	0	0	53	
1.31249e+06	0	0	0	0	0	0	0	0	0	0	0	0	0	0	0	57	
1.31324e+06	0	0	0	0	0	0	0	0	0	0	0	0	0	0	0	51	
1.31399e+06	0	0	0	0	0	0	0	0	0	0	0	0	0	0	0	57	
1.31474e+06	0	0	0	0	0	0	0	0	0	0	0	0	0	0	0	35	
1.3155e+06	0	0	0	0	0	0	0	0	0	0	0	0	0	0	0	53	
1.31625e+06	0	0	0	0	0	0	0	0	0	0	0	0	0	0	0	49	
1.31699e+06	0	0	0	0	0	0	0	0	0	0	0	0	0	0	0	47	
1.31775e+06	0	0	0	0	0	0	0	0	0	0	0	0	0	0	0	63	
1.3185e+06	0	0	0	0	0	0	0	0	0	0	0	0	0	0	0	45	
1.31925e+06	0	0	0	0	0	0	0	0	0	0	0	0	0	0	59	0	
1.32e+06	0	0	0	0	0	0	0	0	0	0	0	0	0	0	49	0	
1.32075e+06	0	0	0	0	0	0	0	0	0	0	0	0	0	0	55	0	
1.3215e+06	0	0	0	0	0	0	0	0	0	0	0	0	0	0	55	0	
1.32225e+06	0	0	0	0	0	0	0	0	0	0	0	0	0	0	59	0	
1.323e+06	0	0	0	0	0	0	0	0	0	0	0	0	0	47	0	0	
1.32375e+06	0	0	0	0	0	0	0	0	0	0	0	0	0	69	0	0	
1.32449e+06	0	0	0	0	0	0	0	0	0	0	0	0	0	59	0	0	
1.32524e+06	0	0	0	0	0	0	0	0	0	0	0	0	61	0	0	0	
1.32599e+06	0	0	0	0	0	0	0	0	0	0	0	0	61	0	0	0	
1.32674e+06	0	0	0	0	0	0	0	0	0	0	0	0	55	0	0	0	
1.32749e+06	0	0	0	0	0	0	0	0	0	0	0	0	77	0	0	0	
1.32824e+06	0	0	0	0	0	0	0	0	0	0	0	0	55	0	0	0	
1.329e+06	0	0	0	0	0	0	0	0	0	0	0	0	65	0	0	0	
1.32975e+06	0	0	0	0	0	0	0	0	0	0	0	0	53	0	0	0	
1.3305e+06	0	0	0	0	0	0	0	0	0	0	0	0	57	0	0	0	
1.33125e+06	0	0	0	0	0	0	0	0	0	0	0	0	0	53	0	0	
1.332e+06	0	0	0	0	0	0	0	0	0	0	0	0	0	51	0	0	
1.33275e+06	0	0	0	0	0	0	0	0	0	0	0	0	0	61	0	0	
1.3335e+06	0	0	0	0	0	0	0	0	0	0	0	0	0	59	0	0	
1.33425e+06	0	0	0	0	0	0	0	0	0	0	0	0	0	53	0	0	
1.335e+06	0	0	0	0	0	0	0	0	0	0	0	0	0	61	0	0	
1.33575e+06	0	0	0	0	0	0	0	0	0	0	0	0	0	61	0	0	
1.33649e+06	0	0	0	0	0	0	0	0	0	0	0	0	0	55	0	0	
1.33724e+06	0	0	0	0	0	0	0	0	0	0	0	0	0	65	0	0	
1.33799e+06	0	0	0	0	0	0	0	0	0	0	0	0	0	57	0	0	
1.33874e+06	0	0	0	0	0	0	0	0	0	0	0	0	0	59	0	0	
1.33948e+06	0	0	0	0	0	0	0	0	0	0	0	0	0	55	0	0	
1.34023e+06	0	0	0	0	0	0	0	0	0	0	0	0	0	63	0	0	
1.34099e+06	0	0	0	0	0	0	0	0	0	0	0	0	0	57	0	0	
1.34173e+06	0	0	0	0	0	0	0	0	0	0	0	0	0	51	0	0	
1.34248e+06	0	0	0	0	0	0	0	0	0	0	0	0	0	51	0	0	
1.34323e+06	0	0	0	0	0	0	0	0	0	0	0	0	0	51	0	0	
1.34398e+06	0	0	0	0	0	0	0	0	0	0	0	0	0	65	0	0	
1.34474e+06	0	0	0	0	0	0	0	0	0	0	0	0	0	59	0	0	
1.34548e+06	0	0	0	0	0	0	0	0	0	0	0	0	0	47	0	0	
1.34623e+06	0	0	0	0	0	0	0	0	0	0	0	0	0	65	0	0	
1.34698e+06	0	0	0	0	0	0	0	0	0	0	0	0	0	39	0	0	
1.34773e+06	0	0	0	0	0	0	0	0	0	0	0	0	0	49	0	0	
1.34848e+06	0	0	0	0	0	0	0	0	0	0	0	0	0	43	0	0	
1.34923e+06	0	0	0	0	0	0	0	0	0	0	0	0	0	45	0	0	
1.34998e+06	0	0	0	0	0	0	0	0	0	0	0	0	0	59	0	0	
1.35074e+06	0	0	0	0	0	0	0	0	0	0	0	0	0	57	0	0	
1.35149e+06	0	0	0	0	0	0	0	0	0	0	0	0	0	55	0	0	
1.35224e+06	0	0	0	0	0	0	0	0	0	0	0	0	0	53	0	0	
1.35299e+06	0	0	0	0	0	0	0	0	0	0	0	0	0	65	0	0	
1.35375e+06	0	0	0	0	0	0	0	0	0	0	0	0	0	69	0	0	
1.3545e+06	0	0	0	0	0	0	0	0	0	0	0	0	0	0	45	0	
1.35525e+06	0	0	0	0	0	0	0	0	0	0	0	0	0	0	63	0	
1.356e+06	0	0	0	0	0	0	0	0	0	0	0	0	0	0	55	0	
1.35675e+06	0	0	0	0	0	0	0	0	0	0	0	0	0	65	0	0	
1.35749e+06	0	0	0	0	0	0	0	0	0	0	0	0	0	49	0	0	
1.35824e+06	0	0	0	0	0	0	0	0	0	0	0	0	0	55	0	0	
1.359e+06	0	0	0	0	0	0	0	0	0	0	0	0	0	53	0	0	
1.35975e+06	0	0	0	0	0	0	0	0	0	0	0	0	0	61	0	0	
1.3605e+06	0	0	0	0	0	0	0	0	0	0	0	0	0	69	0	0	
1.36125e+06	0	0	0	0	0	0	0	0	0	0	0	0	0	0	47	0	
1.362e+06	0	0	0	0	0	0	0	0	0	0	0	0	0	0	59	0	
1.36275e+06	0	0	0	0	0	0	0	0	0	0	0	0	0	0	45	0	
1.3635e+06	0	0	0	0	0	0	0	0	0	0	0	0	0	0	61	0	
1.36425e+06	0	0	0	0	0	0	0	0	0	0	0	0	0	0	55	0	
1.365e+06	0	0	0	0	0	0	0	0	0	0	0	0	0	0	43	0	
1.36574e+06	0	0	0	0	0	0	0	0	0	0	0	0	0	0	57	0	
1.3665e+06	0	0	0	0	0	0	0	0	0	0	0	0	0	0	57	0	
1.36725e+06	0	0	0	0	0	0	0	0	0	0	0	0	0	0	61	0	
1.368e+06	0	0	0	0	0	0	0	0	0	0	0	0	0	0	47	0	
1.36875e+06	0	0	0	0	0	0	0	0	0	0	0	0	0	0	63	0	
1.36949e+06	0	0	0	0	0	0	0	0	0	0	0	0	0	0	49	0	
1.37024e+06	0	0	0	0	0	0	0	0	0	0	0	0	0	0	55	0	
1.37099e+06	0	0	0	0	0	0	0	0	0	0	0	0	0	0	47	0	
1.37174e+06	0	0	0	0	0	0	0	0	0	0	0	0	0	0	57	0	
1.37249e+06	0	0	0	0	0	0	0	0	0	0	0	0	0	0	0	45	
1.37325e+06	0	0	0	0	0	0	0	0	0	0	0	0	0	0	0	59	
1.37399e+06	0	0	0	0	0	0	0	0	0	0	0	0	0	0	0	63	
1.37475e+06	0	0	0	0	0	0	0	0	0	0	0	0	0	0	0	51	
1.37549e+06	0	0	0	0	0	0	0	0	0	0	0	0	0	0	0	65	
1.37624e+06	0	0	0	0	0	0	0	0	0	0	0	0	0	0	0	55	
1.37699e+06	0	0	0	0	0	0	0	0	0	0	0	0	0	0	0	45	
1.37774e+06	0	0	0	0	0	0	0	0	0	0	0	0	0	0	0	43	
1.3785e+06	0	0	0	0	0	0	0	0	0	0	0	0	0	0	0	69	
1.37925e+06	0	0	0	0	0	0	0	0	0	0	0	0	0	0	0	45	
1.38e+06	0	0	0	0	0	0	0	0	0	0	0	0	0	0	0	55	
1.38075e+06	0	0	0	0	0	0	0	0	0	0	0	0	0	0	0	45	
1.3815e+06	0	0	0	0	0	0	0	0	0	0	0	0	0	0	0	53	
1.38225e+06	0	0	0	0	0	0	0	0	0	0	0	0	0	0	0	37	
1.383e+06	0	0	0	0	0	0	0	0	0	0	0	0	0	0	0	57	
1.38375e+06	0	0	0	0	0	0	0	0	0	0	0	0	0	0	0	45	
1.3845e+06	0	0	0	0	0	0	0	0	0	0	0	0	0	0	0	49	
1.38525e+06	0	0	0	0	0	0	0	0	0	0	0	0	0	0	0	41	
1.386e+06	0	0	0	0	0	0	0	0	0	0	0	0	0	0	0	45	
1.38675e+06	0	0	0	0	0	0	0	0	0	0	0	0	0	0	0	57	
1.38751e+06	0	0	0	0	0	0	0	0	0	0	0	0	0	0	0	57	
1.38826e+06	0	0	0	0	0	0	0	0	0	0	0	0	0	0	0	43	
1.389e+06	0	0	0	0	0	0	0	0	0	0	0	0	0	0	0	45	
1.38975e+06	0	0	0	0	0	0	0	0	0	0	0	0	0	0	0	53	
1.3905e+06	0	0	0	0	0	0	0	0	0	0	0	0	0	0	0	47	
1.39125e+06	0	0	0	0	0	0	0	0	0	0	0	0	0	0	0	61	
1.392e+06	0	0	0	0	0	0	0	0	0	0	0	0	0	0	0	59	
1.39275e+06	0	0	0	0	0	0	0	0	0	0	0	0	0	0	0	47	
1.3935e+06	0	0	0	0	0	0	0	0	0	0	0	0	0	0	0	39	
1.39426e+06	0	0	0	0	0	0	0	0	0	0	0	0	0	0	0	39	
1.39501e+06	0	0	0	0	0	0	0	0	0	0	0	0	0	0	0	43	
1.39576e+06	0	0	0	0	0	0	0	0	0	0	0	0	0	0	0	51	
1.39651e+06	0	0	0	0	0	0	0	0	0	0	0	0	0	0	0	65	
1.39726e+06	0	0	0	0	0	0	0	0	0	0	0	0	0	0	0	57	
1.39801e+06	0	0	0	0	0	0	0	0	0	0	0	0	0	0	0	47	
1.39876e+06	0	0	0	0	0	0	0	0	0	0	0	0	0	0	0	49	
1.39951e+06	0	0	0	0	0	0	0	0	0	0	0	0	0	0	0	57	
1.40025e+06	0	0	0	0	0	0	0	0	0	0	0	0	0	0	0	49	
1.401e+06	0	0	0	0	0	0	0	0	0	0	0	0	0	0	0	61	
1.40175e+06	0	0	0	0	0	0	0	0	0	0	0	0	0	0	0	63	
1.4025e+06	0	0	0	0	0	0	0	0	0	0	0	0	0	0	0	45	
1.40325e+06	0	0	0	0	0	0	0	0	0	0	0	0	0	0	0	55	
1.404e+06	0	0	0	0	0	0	0	0	0	0	0	0	0	0	0	49	
1.40475e+06	0	0	0	0	0	0	0	0	0	0	0	0	0	0	0	53	
1.4055e+06	0	0	0	0	0	0	0	0	0	0	0	0	0	0	0	45	
1.40624e+06	0	0	0	0	0	0	0	0	0	0	0	0	0	0	0	49	
1.407e+06	0	0	0	0	0	0	0	0	0	0	0	0	0	0	0	53	
1.40774e+06	0	0	0	0	0	0	0	0	0	0	0	0	0	0	0	47	
1.40849e+06	0	0	0	0	0	0	0	0	0	0	0	0	0	0	0	65	
1.40924e+06	0	0	0	0	0	0	0	0	0	0	0	0	0	0	0	43	
1.40999e+06	0	0	0	0	0	0	0	0	0	0	0	0	0	0	0	41	
1.41074e+06	0	0	0	0	0	0	0	0	0	0	0	0	0	0	0	49	
1.41149e+06	0	0	0	0	0	0	0	0	0	0	0	0	0	0	0	49	
1.41224e+06	0	0	0	0	0	0	0	0	0	0	0	0	0	0	0	53	
1.41299e+06	0	0	0	0	0	0	0	0	0	0	0	0	0	0	0	43	
1.41374e+06	0	0	0	0	0	0	0	0	0	0	0	0	0	0	49	0	
1.4145e+06	0	0	0	0	0	0	0	0	0	0	0	0	0	0	55	0	
1.41525e+06	0	0	0	0	0	0	0	0	0	0	0	0	0	0	59	0	
1.416e+06	0	0	0	0	0	0	0	0	0	0	0	0	0	0	55	0	
1.41675e+06	0	0	0	0	0	0	0	0	0	0	0	0	0	0	45	0	
1.41749e+06	0	0	0	0	0	0	0	0	0	0	0	0	0	0	0	37	
1.41824e+06	0	0	0	0	0	0	0	0	0	0	0	0	0	0	0	55	
1.41899e+06	0	0	0	0	0	0	0	0	0	0	0	0	0	0	0	65	
1.41974e+06	0	0	0	0	0	0	0	0	0	0	0	0	0	0	0	63	
1.4205e+06	0	0	0	0	0	0	0	0	0	0	0	0	0	0	0	53	
1.42125e+06	0	0	0	0	0	0	0	0	0	0	0	0	0	0	0	55	
1.422e+06	0	0	0	0	0	0	0	0	0	0	0	0	0	0	0	51	
1.42275e+06	0	0	0	0	0	0	0	0	0	0	0	0	0	0	0	43	
1.4235e+06	0	0	0	0	0	0	0	0	0	0	0	0	0	0	0	55	
1.42425e+06	0	0	0	0	0	0	0	0	0	0	0	0	0	0	0	35	
1.425e+06	0	0	0	0	0	0	0	0	0	0	0	0	0	0	0	51	
1.42575e+06	0	0	0	0	0	0	0	0	0	0	0	0	0	0	55	0	
1.4265e+06	0	0	0	0	0	0	0	0	0	0	0	0	0	0	45	0	
1.42725e+06	0	0	0	0	0	0	0	0	0	0	0	0	0	0	67	0	
1.428e+06	0	0	0	0	0	0	0	0	0	0	0	0	0	0	43	0	
1.42875e+06	0	0	0	0	0	0	0	0	0	0	0	0	0	0	47	0	
1.4295e+06	0	0	0	0	0	0	0	0	0	0	0	0	0	0	43	0	
1.43025e+06	0	0	0	0	0	0	0	0	0	0	0	0	0	0	75	0	
1.431e+06	0	0	0	0	0	0	0	0	0	0	0	0	0	0	59	0	
1.43175e+06	0	0	0	0	0	0	0	0	0	0	0	0	0	47	0	0	
1.4325e+06	0	0	0	0	0	0	0	0	0	0	0	0	0	57	0	0	
1.43325e+06	0	0	0	0	0	0	0	0	0	0	0	0	55	0	0	0	
1.434e+06	0	0	0	0	0	0	0	0	0	0	0	55	0	0	0	0	
1.43475e+06	0	0	0	0	0	0	0	0	0	0	0	83	0	0	0	0	
1.4355e+06	0	0	0	0	0	0	0	0	0	0	0	63	0	0	0	0	
1.43625e+06	0	0	0	0	0	0	0	0	0	0	0	69	0	0	0	0	
1.437e+06	0	0	0	0	0	0	0	0	0	0	0	69	0	0	0	0	
1.43775e+06	0	0	0	0	0	0	0	0	0	0	65	0	0	0	0	0	
1.4385e+06	0	0	0	0	0	0	0	0	0	0	77	0	0	0	0	0	
1.43925e+06	0	0	0	0	0	0	0	0	0	0	69	0	0	0	0	0	
1.44e+06	0	0	0	0	0	0	0	0	0	0	69	0	0	0	0	0	
1.44075e+06	0	0	0	0	0	0	0	0	0	0	71	0	0	0	0	0	
1.4415e+06	0	0	0	0	0	0	0	0	0	0	65	0	0	0	0	0	
1.44225e+06	0	0	0	0	0	0	0	0	0	0	83	0	0	0	0	0	
1.44299e+06	0	0	0	0	0	0	0	0	0	87	0	0	0	0	0	0	
1.44375e+06	0	0	0	0	0	0	0	0	0	87	0	0	0	0	0	0	
1.44449e+06	0	0	0	0	0	0	0	0	0	85	0	0	0	0	0	0	
1.44524e+06	0	0	0	0	0	0	0	0	0	83	0	0	0	0	0	0	
1.44599e+06	0	0	0	0	0	0	0	0	0	79	0	0	0	0	0	0	
1.44674e+06	0	0	0	0	0	0	0	0	0	97	0	0	0	0	0	0	
1.44749e+06	0	0	0	0	0	0	0	0	0	73	0	0	0	0	0	0	
1.44824e+06	0	0	0	0	0	0	0	0	0	79	0	0	0	0	0	0	
1.44899e+06	0	0	0	0	0	0	0	0	0	93	0	0	0	0	0	0	
1.44974e+06	0	0	0	0	0	0	0	0	0	87	0	0	0	0	0	0	
1.45049e+06	0	0	0	0	0	0	0	0	0	95	0	0	0	0	0	0	
1.45124e+06	0	0	0	0	0	0	0	0	0	85	0	0	0	0	0	0	
1.45199e+06	0	0	0	0	0	0	0	0	0	87	0	0	0	0	0	0	
1.45274e+06	0	0	0	0	0	0	0	0	0	89	0	0	0	0	0	0	
1.45349e+06	0	0	0	0	0	0	0	0	0	81	0	0	0	0	0	0	
1.45424e+06	0	0	0	0	0	0	0	0	0	77	0	0	0	0	0	0	
1.45498e+06	0	0	0	0	0	0	0	0	0	83	0	0	0	0	0	0	
1.45573e+06	0	0	0	0	0	0	0	0	0	93	0	0	0	0	0	0	
1.45648e+06	0	0	0	0	0	0	0	0	0	93	0	0	0	0	0	0	
1.45723e+06	0	0	0	0	0	0	0	0	0	81	0	0	0	0	0	0	
1.45798e+06	0	0	0	0	0	0	0	0	0	93	0	0	0	0	0	0	
1.45873e+06	0	0	0	0	0	0	0	0	0	75	0	0	0	0	0	0	
1.45948e+06	0	0	0	0	0	0	0	0	0	79	0	0	0	0	0	0	
1.46023e+06	0	0	0	0	0	0	0	0	0	67	0	0	0	0	0	0	
1.46098e+06	0	0	0	0	0	0	0	0	0	69	0	0	0	0	0	0	
1.46173e+06	0	0	0	0	0	0	0	0	0	87	0	0	0	0	0	0	
1.46248e+06	0	0	0	0	0	0	0	0	0	81	0	0	0	0	0	0	
1.46322e+06	0	0	0	0	0	0	0	0	0	81	0	0	0	0	0	0	
1.46397e+06	0	0	0	0	0	0	0	0	0	75	0	0	0	0	0	0	
1.46473e+06	0	0	0	0	0	0	0	0	0	85	0	0	0	0	0	0	
1.46548e+06	0	0	0	0	0	0	0	0	0	81	0	0	0	0	0	0	
1.46623e+06	0	0	0	0	0	0	0	0	0	67	0	0	0	0	0	0	
1.46698e+06	0	0	0	0	0	0	0	0	0	71	0	0	0	0	0	0	
1.46772e+06	0	0	0	0	0	0	0	0	0	99	0	0	0	0	0	0	
1.46847e+06	0	0	0	0	0	0	0	0	0	81	0	0	0	0	0	0	
1.46922e+06	0	0	0	0	0	0	0	0	0	93	0	0	0	0	0	0	
1.46997e+06	0	0	0	0	0	0	0	0	0	75	0	0	0	0	0	0	
1.47073e+06	0	0	0	0	0	0	0	0	0	79	0	0	0	0	0	0	
1.47148e+06	0	0	0	0	0	0	0	0	0	81	0	0	0	0	0	0	
1.47223e+06	0	0	0	0	0	0	0	0	0	83	0	0	0	0	0	0	
1.47297e+06	0	0	0	0	0	0	0	0	83	0	0	0	0	0	0	0	
1.47373e+06	0	0	0	0	0	0	0	0	89	0	0	0	0	0	0	0	
1.47448e+06	0	0	0	0	0	0	0	0	99	0	0	0	0	0	0	0	
1.47523e+06	0	0	0	0	0	0	0	0	101	0	0	0	0	0	0	0	
1.47598e+06	0	0	0	0	0	0	0	0	83	0	0	0	0	0	0	0	
1.47673e+06	0	0	0	0	0	0	0	0	85	0	0	0	0	0	0	0	
1.47748e+06	0	0	0	0	0	0	0	0	103	0	0	0	0	0	0	0	
1.47823e+06	0	0	0	0	0	0	0	0	87	0	0	0	0	0	0	0	
1.47898e+06	0	0	0	0	0	0	0	1	108	0	0	0	0	0	0	0	
1.47973e+06	0	0	0	0	0	0	0	0	97	0	0	0	0	0	0	0	
1.48048e+06	0	0	0	0	0	0	0	0	81	0	0	0	0	0	0	0	
1.48123e+06	0	0	0	0	0	0	0	0	77	0	0	0	0	0	0	0	
1.48198e+06	0	0	0	0	0	0	0	0	85	0	0	0	0	0	0	0	
1.48273e+06	0	0	0	0	0	0	0	0	81	0	0	0	0	0	0	0	
1.48348e+06	0	0	0	0	0	0	0	0	93	0	0	0	0	0	0	0	
1.48423e+06	0	0	0	0	0	0	0	0	97	0	0	0	0	0	0	0	
1.48498e+06	0	0	0	0	0	0	0	0	107	0	0	0	0	0	0	0	
1.48573e+06	0	0	0	0	0	0	0	0	87	0	0	0	0	0	0	0	
1.48648e+06	0	0	0	0	0	0	0	0	109	0	0	0	0	0	0	0	
1.48723e+06	0	0	0	0	0	0	0	0	85	0	0	0	0	0	0	0	
1.48798e+06	0	0	0	0	0	0	0	0	97	0	0	0	0	0	0	0	
1.48873e+06	0	0	0	0	0	0	0	0	99	0	0	0	0	0	0	0	
1.48948e+06	0	0	0	0	0	0	0	0	0	77	0	0	0	0	0	0	
1.49023e+06	0	0	0	0	0	0	0	0	0	83	0	0	0	0	0	0	
1.49098e+06	0	0	0	0	0	0	0	0	0	67	0	0	0	0	0	0	
1.49174e+06	0	0	0	0	0	0	0	0	0	0	71	0	0	0	0	0	
1.49248e+06	0	0	0	0	0	0	0	0	0	0	93	0	0	0	0	0	
1.49323e+06	0	0	0	0	0	0	0	0	0	0	75	0	0	0	0	0	
1.49398e+06	0	0	0	0	0	0	0	0	0	91	0	0	0	0	0	0	
1.49473e+06	0	0	0	0	0	0	0	0	0	71	0	0	0	0	0	0	
1.49548e+06	0	0	0	0	0	0	0	0	0	81	0	0	0	0	0	0	
1.49623e+06	0	0	0	0	0	0	0	0	0	73	0	0	0	0	0	0	
1.49698e+06	0	0	0	0	0	0	0	0	0	75	0	0	0	0	0	0	
1.49773e+06	0	0	0	0	0	0	0	0	0	63	0	0	0	0	0	0	
1.49848e+06	0	0	0	0	0	0	0	0	0	69	0	0	0	0	0	0	
1.49922e+06	0	0	0	0	0	0	0	0	0	97	0	0	0	0	0	0	
1.49997e+06	0	0	0	0	0	0	0	0	0	77	0	0	0	0	0	0	
1.49997e+06	0	0	0	0	0	0	0	0	0	77	0	0	0	0	0	0	
