Time	s0	s1	s2	s3	s4	s5	s6	s7	s8	s9	s10	s11	s12	s13	s14	s15	
0	0	0	0	0	0	0	0	0	0	0	0	0	0	0	0	200	
0.000313837	0	0	0	0	0	0	0	0	0	0	0	0	0	0	0	199	
749.129	0	0	0	0	0	0	0	0	0	0	0	0	0	0	0	43	
1499.11	0	0	0	0	0	0	0	0	0	0	0	0	0	0	0	45	
2251.91	0	0	0	0	0	0	0	0	0	0	0	0	0	0	0	49	
3002.68	0	0	0	0	0	0	0	0	0	0	0	0	0	0	63	0	
3752.91	0	0	0	0	0	0	0	0	0	0	0	0	0	0	61	0	
4500.34	0	0	0	0	0	0	0	0	0	0	0	0	0	0	61	0	
5247.45	0	0	0	0	0	0	0	0	0	0	0	0	0	73	0	0	
5995.28	0	0	0	0	0	0	0	0	0	0	0	0	0	59	0	0	
6744.93	0	0	0	0	0	0	0	0	0	0	0	0	0	57	0	0	
7494.62	0	0	0	0	0	0	0	0	0	0	0	0	0	61	0	0	
8248.32	0	0	0	0	0	0	0	0	0	0	0	0	0	71	0	0	
9001.27	0	0	0	0	0	0	0	0	0	0	0	0	0	57	0	0	
9753.27	0	0	0	0	0	0	0	0	0	0	0	0	0	59	0	0	
10500.5	0	0	0	0	0	0	0	0	0	0	0	0	89	0	0	0	
11249.7	0	0	0	0	0	0	0	0	0	0	0	0	61	0	0	0	
11999.5	0	0	0	0	0	0	0	0	0	0	0	0	55	0	0	0	
12747.7	0	0	0	0	0	0	0	0	0	0	0	0	65	0	0	0	
13498.4	0	0	0	0	0	0	0	0	0	0	0	0	71	0	0	0	
14246.8	0	0	0	0	0	0	0	0	0	0	0	63	0	0	0	0	
14998.3	0	0	0	0	0	0	0	0	0	0	0	67	0	0	0	0	
15748	0	0	0	0	0	0	0	0	0	0	0	77	0	0	0	0	
16499.3	0	0	0	0	0	0	0	0	0	0	0	71	0	0	0	0	
17250	0	0	0	0	0	0	0	0	0	0	0	65	0	0	0	0	
18001.6	0	0	0	0	0	0	0	0	0	0	0	65	0	0	0	0	
18758.1	0	0	0	0	0	0	0	0	0	0	0	65	0	0	0	0	
19508.7	0	0	0	0	0	0	0	0	0	0	0	73	0	0	0	0	
20256	0	0	0	0	0	0	0	0	0	0	0	65	0	0	0	0	
21011.2	0	0	0	0	0	0	0	0	0	0	0	69	0	0	0	0	
21761.9	0	0	0	0	0	0	0	0	0	0	0	73	0	0	0	0	
22511.3	0	0	0	0	0	0	0	0	0	0	0	0	65	0	0	0	
23263	0	0	0	0	0	0	0	0	0	0	0	0	55	0	0	0	
24010.6	0	0	0	0	0	0	0	0	0	0	0	0	0	61	0	0	
24763	0	0	0	0	0	0	0	0	0	0	0	0	0	69	0	0	
25509.4	0	0	0	0	0	0	0	0	0	0	0	0	0	57	0	0	
26259.6	0	0	0	0	0	0	0	0	0	0	0	0	0	0	81	0	
27008.8	0	0	0	0	0	0	0	0	0	0	0	0	0	0	59	0	
27753.7	0	0	0	0	0	0	0	0	0	0	0	0	0	0	51	0	
28506	0	0	0	0	0	0	0	0	0	0	0	0	0	0	51	0	
29253.8	0	0	0	0	0	0	0	0	0	0	0	0	0	0	59	0	
30003.8	0	0	0	0	0	0	0	0	0	0	0	0	0	0	43	0	
30754.6	0	0	0	0	0	0	0	0	0	0	0	0	0	0	53	0	
31506.3	0	0	0	0	0	0	0	0	0	0	0	0	0	0	51	0	
32256.2	0	0	0	0	0	0	0	0	0	0	0	0	0	0	51	0	
33007.5	0	0	0	0	0	0	0	0	0	0	0	0	0	0	59	0	
33759.6	0	0	0	0	0	0	0	0	0	0	0	0	0	0	57	0	
34512.4	0	0	0	0	0	0	0	0	0	0	0	0	0	0	0	43	
35263.1	0	0	0	0	0	0	0	0	0	0	0	0	0	0	0	73	
36011.2	0	0	0	0	0	0	0	0	0	0	0	0	0	0	0	51	
36761.3	0	0	0	0	0	0	0	0	0	0	0	0	0	0	0	49	
37510.8	0	0	0	0	0	0	0	0	0	0	0	0	0	0	0	51	
38264	0	0	0	0	0	0	0	0	0	0	0	0	0	0	0	43	
39013.6	0	0	0	0	0	0	0	0	0	0	0	0	0	0	0	45	
39763.9	0	0	0	0	0	0	0	0	0	0	0	0	0	0	0	37	
40511.9	0	0	0	0	0	0	0	0	0	0	0	0	0	0	0	57	
41260.8	0	0	0	0	0	0	0	0	0	0	0	0	0	0	0	41	
42012.7	0	0	0	0	0	0	0	0	0	0	0	0	0	0	61	0	
42764.5	0	0	0	0	0	0	0	0	0	0	0	0	0	0	49	0	
43515.7	0	0	0	0	0	0	0	0	0	0	0	0	0	0	49	0	
44263	0	0	0	0	0	0	0	0	0	0	0	0	0	0	55	0	
45009.4	0	0	0	0	0	0	0	0	0	0	0	0	0	0	57	0	
45758.9	0	0	0	0	0	0	0	0	0	0	0	0	0	0	63	0	
46509	0	0	0	0	0	0	0	0	0	0	0	0	0	0	0	49	
47262.1	0	0	0	0	0	0	0	0	0	0	0	0	0	0	0	55	
48009.4	0	0	0	0	0	0	0	0	0	0	0	0	0	0	0	41	
48759.5	0	0	0	0	0	0	0	0	0	0	0	0	0	0	0	47	
49511.4	0	0	0	0	0	0	0	0	0	0	0	0	0	0	0	55	
50261	0	0	0	0	0	0	0	0	0	0	0	0	0	0	0	47	
51011.9	0	0	0	0	0	0	0	0	0	0	0	0	0	0	0	47	
51761.3	0	0	0	0	0	0	0	0	0	0	0	0	0	0	12	37	
52512.5	0	0	0	0	0	0	0	0	0	0	0	0	0	0	0	51	
53261.9	0	0	0	0	0	0	0	0	0	0	0	0	0	0	0	61	
54012.3	0	0	0	0	0	0	0	0	0	0	0	0	0	0	0	33	
54761.5	0	0	0	0	0	0	0	0	0	0	0	0	0	0	0	61	
55511.4	0	0	0	0	0	0	0	0	0	0	0	0	0	0	0	51	
56261.8	0	0	0	0	0	0	0	0	0	0	0	0	0	0	47	0	
57012.3	0	0	0	0	0	0	0	0	0	0	0	0	0	0	59	0	
57763.2	0	0	0	0	0	0	0	0	0	0	0	0	0	0	43	0	
58514.2	0	0	0	0	0	0	0	0	0	0	0	0	0	0	51	0	
59264	0	0	0	0	0	0	0	0	0	0	0	0	0	0	53	0	
60014.7	0	0	0	0	0	0	0	0	0	0	0	0	0	0	51	0	
60761.5	0	0	0	0	0	0	0	0	0	0	0	0	0	0	61	0	
61513.8	0	0	0	0	0	0	0	0	0	0	0	0	0	0	61	0	
62263.6	0	0	0	0	0	0	0	0	0	0	0	0	0	0	43	0	
63012.2	0	0	0	0	0	0	0	0	0	0	0	0	0	0	55	0	
63762.6	0	0	0	0	0	0	0	0	0	0	0	0	0	0	49	0	
64514.9	0	0	0	0	0	0	0	0	0	0	0	0	0	0	55	0	
65264.3	0	0	0	0	0	0	0	0	0	0	0	0	0	0	47	0	
66013.8	0	0	0	0	0	0	0	0	0	0	0	0	0	0	59	0	
66763.7	0	0	0	0	0	0	0	0	0	0	0	0	0	0	57	0	
67510.9	0	0	0	0	0	0	0	0	0	0	0	0	0	0	51	0	
68263.7	0	0	0	0	0	0	0	0	0	0	0	0	0	0	49	0	
69015.7	0	0	0	0	0	0	0	0	0	0	0	0	0	0	61	0	
69764	0	0	0	0	0	0	0	0	0	0	0	0	0	0	51	0	
70514	0	0	0	0	0	0	0	0	0	0	0	0	0	0	45	0	
71260.1	0	0	0	0	0	0	0	0	0	0	0	0	0	0	57	0	
72010.2	0	0	0	0	0	0	0	0	0	0	0	0	0	0	57	0	
72763.5	0	0	0	0	0	0	0	0	0	0	0	0	0	0	59	0	
73516.1	0	0	0	0	0	0	0	0	0	0	0	0	0	0	55	0	
74264.9	0	0	0	0	0	0	0	0	0	0	0	0	0	53	0	0	
75016.6	0	0	0	0	0	0	0	0	0	0	0	0	0	55	0	0	
75766.9	0	0	0	0	0	0	0	0	0	0	0	0	0	49	0	0	
76518.4	0	0	0	0	0	0	0	0	0	0	0	0	0	59	0	0	
77268.6	0	0	0	0	0	0	0	0	0	0	0	0	0	63	0	0	
78020.6	0	0	0	0	0	0	0	0	0	0	0	0	0	45	0	0	
78770.9	0	0	0	0	0	0	0	0	0	0	0	0	0	65	0	0	
79520.6	0	0	0	0	0	0	0	0	0	0	0	0	0	71	0	0	
80267.9	0	0	0	0	0	0	0	0	0	0	0	0	0	65	0	0	
81014.2	0	0	0	0	0	0	0	0	0	0	0	0	0	57	0	0	
81766.4	0	0	0	0	0	0	0	0	0	0	0	0	0	63	0	0	
82515.8	0	0	0	0	0	0	0	0	0	0	0	0	0	61	0	0	
83267.4	0	0	0	0	0	0	0	0	0	0	0	0	0	57	0	0	
84015.5	0	0	0	0	0	0	0	0	0	0	0	0	0	53	0	0	
84765.7	0	0	0	0	0	0	0	0	0	0	0	0	0	67	0	0	
85514.1	0	0	0	0	0	0	0	0	0	0	0	0	0	45	0	0	
86265.4	0	0	0	0	0	0	0	0	0	0	0	0	0	47	0	0	
87016.1	0	0	0	0	0	0	0	0	0	0	0	0	0	53	0	0	
87770.1	0	0	0	0	0	0	0	0	0	0	0	0	0	35	0	0	
88520.2	0	0	0	0	0	0	0	0	0	0	0	0	0	0	47	0	
89271.5	0	0	0	0	0	0	0	0	0	0	0	0	0	0	49	0	
90019.2	0	0	0	0	0	0	0	0	0	0	0	0	0	0	59	0	
90768	0	0	0	0	0	0	0	0	0	0	0	0	0	0	67	0	
91519.3	0	0	0	0	0	0	0	0	0	0	0	0	0	0	53	0	
92270.4	0	0	0	0	0	0	0	0	0	0	0	0	0	59	0	0	
93019	0	0	0	0	0	0	0	0	0	0	0	0	0	73	0	0	
93771.9	0	0	0	0	0	0	0	0	0	0	0	0	0	73	0	0	
94523	0	0	0	0	0	0	0	0	0	0	0	0	0	71	0	0	
95273.4	0	0	0	0	0	0	0	0	0	0	0	0	0	57	0	0	
96023.7	0	0	0	0	0	0	0	0	0	0	0	0	0	71	0	0	
96777.2	0	0	0	0	0	0	0	0	0	0	0	0	0	49	0	0	
97522.4	0	0	0	0	0	0	0	0	0	0	0	0	0	53	0	0	
98271.3	0	0	0	0	0	0	0	0	0	0	0	0	0	61	0	0	
99020.1	0	0	0	0	0	0	0	0	0	0	0	0	0	57	0	0	
99773.7	0	0	0	0	0	0	0	0	0	0	0	0	0	55	0	0	
100525	0	0	0	0	0	0	0	0	0	0	0	0	0	53	0	0	
101275	0	0	0	0	0	0	0	0	0	0	0	0	0	51	0	0	
102024	0	0	0	0	0	0	0	0	0	0	0	0	0	59	0	0	
102776	0	0	0	0	0	0	0	0	0	0	0	0	0	49	0	0	
103528	0	0	0	0	0	0	0	0	0	0	0	0	0	51	0	0	
104281	0	0	0	0	0	0	0	0	0	0	0	0	0	57	0	0	
105032	0	0	0	0	0	0	0	0	0	0	0	0	39	0	0	0	
105784	0	0	0	0	0	0	0	0	0	0	0	0	61	0	0	0	
106536	0	0	0	0	0	0	0	0	0	0	0	0	93	0	0	0	
107284	0	0	0	0	0	0	0	0	0	0	0	0	69	0	0	0	
108039	0	0	0	0	0	0	0	0	0	0	0	0	67	0	0	0	
108789	0	0	0	0	0	0	0	0	0	0	0	0	65	0	0	0	
109542	0	0	0	0	0	0	0	0	0	0	0	0	69	0	0	0	
110295	0	0	0	0	0	0	0	0	0	0	0	0	61	0	0	0	
111042	0	0	0	0	0	0	0	0	0	0	0	0	63	0	0	0	
111789	0	0	0	0	0	0	0	0	0	0	0	0	57	0	0	0	
112533	0	0	0	0	0	0	0	0	0	0	0	55	0	0	0	0	
113283	0	0	0	0	0	0	0	0	0	0	0	61	0	0	0	0	
114033	0	0	0	0	0	0	0	0	0	0	0	63	0	0	0	0	
114781	0	0	0	0	0	0	0	0	0	0	0	73	0	0	0	0	
115533	0	0	0	0	0	0	0	0	0	0	0	71	0	0	0	0	
116285	0	0	0	0	0	0	0	0	0	0	0	69	0	0	0	0	
117033	0	0	0	0	0	0	0	0	0	0	0	81	0	0	0	0	
117785	0	0	0	0	0	0	0	0	0	0	0	65	0	0	0	0	
118536	0	0	0	0	0	0	0	0	0	0	0	69	0	0	0	0	
119284	0	0	0	0	0	0	0	0	0	0	0	69	0	0	0	0	
120032	0	0	0	0	0	0	0	0	0	0	0	73	0	0	0	0	
120782	0	0	0	0	0	0	0	0	0	0	8	63	0	0	0	0	
121534	0	0	0	0	0	0	0	0	0	0	0	69	0	0	0	0	
122284	0	0	0	0	0	0	0	0	0	0	71	0	0	0	0	0	
123032	0	0	0	0	0	0	0	0	0	0	87	0	0	0	0	0	
123785	0	0	0	0	0	0	0	0	0	0	83	0	0	0	0	0	
124535	0	0	0	0	0	0	0	0	0	0	79	0	0	0	0	0	
125283	0	0	0	0	0	0	0	0	0	0	67	0	0	0	0	0	
126036	0	0	0	0	0	0	0	0	0	0	75	0	0	0	0	0	
126786	0	0	0	0	0	0	0	0	0	0	75	0	0	0	0	0	
127538	0	0	0	0	0	0	0	0	0	0	51	20	0	0	0	0	
128286	0	0	0	0	0	0	0	0	0	0	69	0	0	0	0	0	
129035	0	0	0	0	0	0	0	0	0	0	91	0	0	0	0	0	
129783	0	0	0	0	0	0	0	0	0	0	67	0	0	0	0	0	
130533	0	0	0	0	0	0	0	0	0	0	61	0	0	0	0	0	
131278	0	0	0	0	0	0	0	0	0	0	71	0	0	0	0	0	
132026	0	0	0	0	0	0	0	0	0	0	69	0	0	0	0	0	
132778	0	0	0	0	0	0	0	0	0	0	57	0	0	0	0	0	
133528	0	0	0	0	0	0	0	0	0	0	0	61	0	0	0	0	
134278	0	0	0	0	0	0	0	0	0	0	0	71	0	0	0	0	
135031	0	0	0	0	0	0	0	0	0	0	77	0	0	0	0	0	
135785	0	0	0	0	0	0	0	0	0	0	85	0	0	0	0	0	
136534	0	0	0	0	0	0	0	0	0	0	0	53	0	0	0	0	
137282	0	0	0	0	0	0	0	0	0	0	0	77	0	0	0	0	
138032	0	0	0	0	0	0	0	0	0	0	0	63	0	0	0	0	
138780	0	0	0	0	0	0	0	0	0	0	51	24	0	0	0	0	
139527	0	0	0	0	0	0	0	0	0	0	81	0	0	0	0	0	
140280	0	0	0	0	0	0	0	0	0	0	75	0	0	0	0	0	
141029	0	0	0	0	0	0	0	0	0	0	71	0	0	0	0	0	
141780	0	0	0	0	0	0	0	0	0	0	71	0	0	0	0	0	
142528	0	0	0	0	0	0	0	0	0	0	95	0	0	0	0	0	
143275	0	0	0	0	0	0	0	0	0	81	0	0	0	0	0	0	
144021	0	0	0	0	0	0	0	0	0	87	0	0	0	0	0	0	
144770	0	0	0	0	0	0	0	0	0	87	0	0	0	0	0	0	
145520	0	0	0	0	0	0	0	0	0	67	0	0	0	0	0	0	
146272	0	0	0	0	0	0	0	0	0	85	0	0	0	0	0	0	
147022	0	0	0	0	0	0	0	0	0	83	0	0	0	0	0	0	
147777	0	0	0	0	0	0	0	0	0	81	0	0	0	0	0	0	
148526	0	0	0	0	0	0	0	0	0	83	0	0	0	0	0	0	
149279	0	0	0	0	0	0	0	0	79	0	0	0	0	0	0	0	
150031	0	0	0	0	0	0	0	0	99	0	0	0	0	0	0	0	
150782	0	0	0	0	0	0	0	0	89	0	0	0	0	0	0	0	
151530	0	0	0	0	0	0	0	0	77	0	0	0	0	0	0	0	
152279	0	0	0	0	0	0	0	0	93	0	0	0	0	0	0	0	
153032	0	0	0	0	0	0	0	0	83	0	0	0	0	0	0	0	
153781	0	0	0	0	0	0	0	16	77	0	0	0	0	0	0	0	
154532	0	0	0	0	0	0	0	0	89	0	0	0	0	0	0	0	
155285	0	0	0	0	0	0	0	0	101	0	0	0	0	0	0	0	
156035	0	0	0	0	0	0	0	0	81	0	0	0	0	0	0	0	
156785	0	0	0	0	0	0	0	0	89	0	0	0	0	0	0	0	
157535	0	0	0	0	0	0	0	0	73	0	0	0	0	0	0	0	
158287	0	0	0	0	0	0	0	0	91	0	0	0	0	0	0	0	
159036	0	0	0	0	0	0	0	0	93	0	0	0	0	0	0	0	
159785	0	0	0	0	0	0	0	0	101	0	0	0	0	0	0	0	
160536	0	0	0	0	0	0	0	0	95	0	0	0	0	0	0	0	
161286	0	0	0	0	0	0	0	0	115	0	0	0	0	0	0	0	
162037	0	0	0	0	0	0	0	0	91	0	0	0	0	0	0	0	
162793	0	0	0	0	0	0	0	0	105	0	0	0	0	0	0	0	
163540	0	0	0	0	0	0	0	0	105	0	0	0	0	0	0	0	
164291	0	0	0	0	0	0	0	0	67	0	0	0	0	0	0	0	
165041	0	0	0	0	0	0	0	0	105	0	0	0	0	0	0	0	
165792	0	0	0	0	0	0	0	0	87	0	0	0	0	0	0	0	
166544	0	0	0	0	0	0	0	0	0	63	0	0	0	0	0	0	
167293	0	0	0	0	0	0	0	0	0	65	0	0	0	0	0	0	
168044	0	0	0	0	0	0	0	0	0	67	0	0	0	0	0	0	
168796	0	0	0	0	0	0	0	0	0	73	8	0	0	0	0	0	
169546	0	0	0	0	0	0	0	0	0	83	0	0	0	0	0	0	
170299	0	0	0	0	0	0	0	0	0	83	0	0	0	0	0	0	
171048	0	0	0	0	0	0	0	0	0	73	0	0	0	0	0	0	
171797	0	0	0	0	0	0	0	0	0	89	0	0	0	0	0	0	
172549	0	0	0	0	0	0	0	0	0	91	0	0	0	0	0	0	
173299	0	0	0	0	0	0	0	0	0	77	0	0	0	0	0	0	
174048	0	0	0	0	0	0	0	0	0	69	0	0	0	0	0	0	
174798	0	0	0	0	0	0	0	0	0	87	0	0	0	0	0	0	
175544	0	0	0	0	0	0	0	0	0	77	0	0	0	0	0	0	
176296	0	0	0	0	0	0	0	0	0	83	0	0	0	0	0	0	
177044	0	0	0	0	0	0	0	0	0	69	0	0	0	0	0	0	
177795	0	0	0	0	0	0	0	0	0	79	0	0	0	0	0	0	
178544	0	0	0	0	0	0	0	0	0	67	0	0	0	0	0	0	
179295	0	0	0	0	0	0	0	0	0	69	0	0	0	0	0	0	
180043	0	0	0	0	0	0	0	0	0	73	0	0	0	0	0	0	
180792	0	0	0	0	0	0	0	0	0	75	0	0	0	0	0	0	
181545	0	0	0	0	0	0	0	0	0	85	0	0	0	0	0	0	
182294	0	0	0	0	0	0	0	0	0	89	0	0	0	0	0	0	
183047	0	0	0	0	0	0	0	0	0	93	0	0	0	0	0	0	
183793	0	0	0	0	0	0	0	0	0	65	0	0	0	0	0	0	
184543	0	0	0	0	0	0	0	0	0	83	0	0	0	0	0	0	
185292	0	0	0	0	0	0	0	0	0	85	0	0	0	0	0	0	
186042	0	0	0	0	0	0	0	0	0	85	0	0	0	0	0	0	
186791	0	0	0	0	0	0	0	0	0	85	0	0	0	0	0	0	
187540	0	0	0	0	0	0	0	0	0	93	0	0	0	0	0	0	
188292	0	0	0	0	0	0	0	0	0	77	0	0	0	0	0	0	
189046	0	0	0	0	0	0	0	0	0	73	0	0	0	0	0	0	
189795	0	0	0	0	0	0	0	0	0	93	0	0	0	0	0	0	
190546	0	0	0	0	0	0	0	0	89	0	0	0	0	0	0	0	
191294	0	0	0	0	0	0	0	0	105	0	0	0	0	0	0	0	
192041	0	0	0	0	0	0	0	99	0	0	0	0	0	0	0	0	
192791	0	0	0	0	0	0	0	101	0	0	0	0	0	0	0	0	
193540	0	0	0	0	0	0	0	103	0	0	0	0	0	0	0	0	
194288	0	0	0	0	0	0	0	99	0	0	0	0	0	0	0	0	
195038	0	0	0	0	0	0	0	113	0	0	0	0	0	0	0	0	
195786	0	0	0	0	0	0	0	85	0	0	0	0	0	0	0	0	
196540	0	0	0	0	0	0	0	107	0	0	0	0	0	0	0	0	
197290	0	0	0	0	0	0	0	107	0	0	0	0	0	0	0	0	
198039	0	0	0	0	0	0	0	0	93	0	0	0	0	0	0	0	
198790	0	0	0	0	0	0	0	85	0	0	0	0	0	0	0	0	
199539	0	0	0	0	0	0	0	101	0	0	0	0	0	0	0	0	
200288	0	0	0	0	0	0	0	91	0	0	0	0	0	0	0	0	
201040	0	0	0	0	0	0	0	87	0	0	0	0	0	0	0	0	
201789	0	0	0	0	0	0	0	101	0	0	0	0	0	0	0	0	
202536	0	0	0	0	0	0	0	87	0	0	0	0	0	0	0	0	
203285	0	0	0	0	0	0	0	111	0	0	0	0	0	0	0	0	
204033	0	0	0	0	0	0	0	103	0	0	0	0	0	0	0	0	
204782	0	0	0	0	0	0	0	101	0	0	0	0	0	0	0	0	
205533	0	0	0	0	0	0	0	87	0	0	0	0	0	0	0	0	
206283	0	0	0	0	0	0	0	103	0	0	0	0	0	0	0	0	
207033	0	0	0	0	0	0	0	111	0	0	0	0	0	0	0	0	
207784	0	0	0	0	0	0	0	111	0	0	0	0	0	0	0	0	
208531	0	0	0	0	0	0	0	91	0	0	0	0	0	0	0	0	
209282	0	0	0	0	0	0	0	91	0	0	0	0	0	0	0	0	
210033	0	0	0	0	0	0	0	109	0	0	0	0	0	0	0	0	
210779	0	0	0	0	0	0	0	95	0	0	0	0	0	0	0	0	
211531	0	0	0	0	0	0	0	89	0	0	0	0	0	0	0	0	
212282	0	0	0	0	0	0	135	0	0	0	0	0	0	0	0	0	
213035	0	0	0	0	0	0	113	0	0	0	0	0	0	0	0	0	
213782	0	0	0	0	0	0	91	0	0	0	0	0	0	0	0	0	
214533	0	0	0	0	0	0	109	0	0	0	0	0	0	0	0	0	
215282	0	0	0	0	0	0	113	0	0	0	0	0	0	0	0	0	
216032	0	0	0	0	0	0	119	0	0	0	0	0	0	0	0	0	
216781	0	0	0	0	0	0	99	0	0	0	0	0	0	0	0	0	
217532	0	0	0	0	0	0	131	0	0	0	0	0	0	0	0	0	
218283	0	0	0	0	0	0	119	0	0	0	0	0	0	0	0	0	
219036	0	0	0	0	0	0	131	0	0	0	0	0	0	0	0	0	
219788	0	0	0	0	0	0	101	0	0	0	0	0	0	0	0	0	
220536	0	0	0	0	0	0	117	0	0	0	0	0	0	0	0	0	
221286	0	0	0	0	0	0	109	0	0	0	0	0	0	0	0	0	
222035	0	0	0	0	0	0	109	0	0	0	0	0	0	0	0	0	
222785	0	0	0	0	0	139	0	0	0	0	0	0	0	0	0	0	
223538	0	0	0	0	1	108	0	0	0	0	0	0	0	0	0	0	
224288	0	0	0	0	0	147	0	0	0	0	0	0	0	0	0	0	
225033	0	0	0	0	0	135	0	0	0	0	0	0	0	0	0	0	
225783	0	0	0	0	0	133	0	0	0	0	0	0	0	0	0	0	
226533	0	0	0	0	0	139	0	0	0	0	0	0	0	0	0	0	
227287	0	0	0	0	0	119	0	0	0	0	0	0	0	0	0	0	
228034	0	0	0	0	0	147	0	0	0	0	0	0	0	0	0	0	
228782	0	0	0	0	0	131	0	0	0	0	0	0	0	0	0	0	
229532	0	0	0	0	0	129	0	0	0	0	0	0	0	0	0	0	
230281	0	0	0	0	0	127	0	0	0	0	0	0	0	0	0	0	
231030	0	0	0	0	0	123	0	0	0	0	0	0	0	0	0	0	
231778	0	0	0	0	0	145	0	0	0	0	0	0	0	0	0	0	
232529	0	0	0	0	0	157	0	0	0	0	0	0	0	0	0	0	
233277	0	0	0	0	0	121	0	0	0	0	0	0	0	0	0	0	
234029	0	0	0	0	0	121	0	0	0	0	0	0	0	0	0	0	
234778	0	0	0	0	0	139	0	0	0	0	0	0	0	0	0	0	
235528	0	0	0	0	0	119	0	0	0	0	0	0	0	0	0	0	
236279	0	0	0	0	0	129	0	0	0	0	0	0	0	0	0	0	
237031	0	0	0	0	0	141	0	0	0	0	0	0	0	0	0	0	
237782	0	0	0	0	0	141	0	0	0	0	0	0	0	0	0	0	
238531	0	0	0	0	0	113	0	0	0	0	0	0	0	0	0	0	
239282	0	0	0	0	0	137	0	0	0	0	0	0	0	0	0	0	
240032	0	0	0	0	0	139	0	0	0	0	0	0	0	0	0	0	
240782	0	0	0	0	0	127	0	0	0	0	0	0	0	0	0	0	
241529	0	0	0	0	0	119	0	0	0	0	0	0	0	0	0	0	
242279	0	0	0	0	0	115	0	0	0	0	0	0	0	0	0	0	
243028	0	0	0	0	0	127	0	0	0	0	0	0	0	0	0	0	
243778	0	0	0	0	0	141	0	0	0	0	0	0	0	0	0	0	
244530	0	0	0	0	0	133	0	0	0	0	0	0	0	0	0	0	
245280	0	0	0	0	0	117	0	0	0	0	0	0	0	0	0	0	
246031	0	0	0	0	0	131	0	0	0	0	0	0	0	0	0	0	
246784	0	0	0	0	0	139	0	0	0	0	0	0	0	0	0	0	
247533	0	0	0	0	0	141	0	0	0	0	0	0	0	0	0	0	
248285	0	0	0	0	0	141	0	0	0	0	0	0	0	0	0	0	
249038	0	0	0	0	0	147	0	0	0	0	0	0	0	0	0	0	
249788	0	0	0	0	0	135	0	0	0	0	0	0	0	0	0	0	
250535	0	0	0	0	0	137	0	0	0	0	0	0	0	0	0	0	
251286	0	0	0	0	0	133	0	0	0	0	0	0	0	0	0	0	
252035	0	0	0	0	0	137	0	0	0	0	0	0	0	0	0	0	
252785	0	0	0	0	0	135	0	0	0	0	0	0	0	0	0	0	
253533	0	0	0	0	0	133	0	0	0	0	0	0	0	0	0	0	
254284	0	0	0	0	0	129	0	0	0	0	0	0	0	0	0	0	
255035	0	0	0	0	0	151	0	0	0	0	0	0	0	0	0	0	
255790	0	0	0	0	0	143	0	0	0	0	0	0	0	0	0	0	
256541	0	0	0	0	0	127	0	0	0	0	0	0	0	0	0	0	
257294	0	0	0	0	0	149	0	0	0	0	0	0	0	0	0	0	
258042	0	0	0	0	0	123	0	0	0	0	0	0	0	0	0	0	
258793	0	0	0	0	0	70	53	0	0	0	0	0	0	0	0	0	
259543	0	0	0	0	0	143	0	0	0	0	0	0	0	0	0	0	
260294	0	0	0	0	0	133	0	0	0	0	0	0	0	0	0	0	
261044	0	0	0	0	0	129	0	0	0	0	0	0	0	0	0	0	
261796	0	0	0	0	0	125	0	0	0	0	0	0	0	0	0	0	
262544	0	0	0	0	0	127	0	0	0	0	0	0	0	0	0	0	
263295	0	0	0	0	0	117	0	0	0	0	0	0	0	0	0	0	
264045	0	0	0	0	0	127	0	0	0	0	0	0	0	0	0	0	
264794	0	0	0	0	0	135	0	0	0	0	0	0	0	0	0	0	
265546	0	0	0	0	0	129	0	0	0	0	0	0	0	0	0	0	
266298	0	0	0	0	0	121	0	0	0	0	0	0	0	0	0	0	
267048	0	0	0	0	0	127	0	0	0	0	0	0	0	0	0	0	
267800	0	0	0	0	0	139	0	0	0	0	0	0	0	0	0	0	
268551	0	0	0	0	0	137	0	0	0	0	0	0	0	0	0	0	
269303	0	0	0	0	0	123	0	0	0	0	0	0	0	0	0	0	
270054	0	0	0	0	0	141	0	0	0	0	0	0	0	0	0	0	
270804	0	0	0	0	0	125	0	0	0	0	0	0	0	0	0	0	
271559	0	0	0	0	0	121	0	0	0	0	0	0	0	0	0	0	
272312	0	0	0	0	0	149	0	0	0	0	0	0	0	0	0	0	
273062	0	0	0	0	0	123	0	0	0	0	0	0	0	0	0	0	
273811	0	0	0	0	0	121	0	0	0	0	0	0	0	0	0	0	
274559	0	0	0	0	0	161	0	0	0	0	0	0	0	0	0	0	
275308	0	0	0	0	0	117	0	0	0	0	0	0	0	0	0	0	
276059	0	0	0	0	0	151	0	0	0	0	0	0	0	0	0	0	
276815	0	0	0	0	0	106	15	0	0	0	0	0	0	0	0	0	
277565	0	0	0	0	0	125	0	0	0	0	0	0	0	0	0	0	
278317	0	0	0	0	0	131	0	0	0	0	0	0	0	0	0	0	
279065	0	0	0	0	0	119	0	0	0	0	0	0	0	0	0	0	
279817	0	0	0	0	0	125	0	0	0	0	0	0	0	0	0	0	
280567	0	0	0	0	0	117	0	0	0	0	0	0	0	0	0	0	
281316	0	0	0	0	0	123	0	0	0	0	0	0	0	0	0	0	
282066	0	0	0	0	0	131	0	0	0	0	0	0	0	0	0	0	
282815	0	0	0	0	0	139	0	0	0	0	0	0	0	0	0	0	
283562	0	0	0	0	0	133	0	0	0	0	0	0	0	0	0	0	
284310	0	0	0	0	0	121	0	0	0	0	0	0	0	0	0	0	
285060	0	0	0	0	0	141	0	0	0	0	0	0	0	0	0	0	
285812	0	0	0	0	0	139	0	0	0	0	0	0	0	0	0	0	
286557	0	0	0	0	0	133	0	0	0	0	0	0	0	0	0	0	
287305	0	0	0	0	0	133	0	0	0	0	0	0	0	0	0	0	
288056	0	0	0	0	0	149	0	0	0	0	0	0	0	0	0	0	
288808	0	0	0	0	0	0	115	0	0	0	0	0	0	0	0	0	
289557	0	0	0	0	0	0	121	0	0	0	0	0	0	0	0	0	
290308	0	0	0	0	0	155	0	0	0	0	0	0	0	0	0	0	
291059	0	0	0	0	0	137	0	0	0	0	0	0	0	0	0	0	
291809	0	0	0	0	0	133	0	0	0	0	0	0	0	0	0	0	
292560	0	0	0	0	0	133	0	0	0	0	0	0	0	0	0	0	
293312	0	0	0	0	0	123	0	0	0	0	0	0	0	0	0	0	
294059	0	0	0	0	0	131	0	0	0	0	0	0	0	0	0	0	
294808	0	0	0	0	0	131	0	0	0	0	0	0	0	0	0	0	
295557	0	0	0	0	0	113	0	0	0	0	0	0	0	0	0	0	
296302	0	0	0	0	0	145	0	0	0	0	0	0	0	0	0	0	
297051	0	0	0	0	0	143	0	0	0	0	0	0	0	0	0	0	
297800	0	0	0	0	0	127	0	0	0	0	0	0	0	0	0	0	
298553	0	0	0	0	0	133	0	0	0	0	0	0	0	0	0	0	
299304	0	0	0	0	0	135	0	0	0	0	0	0	0	0	0	0	
300054	0	0	0	0	0	129	0	0	0	0	0	0	0	0	0	0	
300804	0	0	0	0	0	117	0	0	0	0	0	0	0	0	0	0	
301554	0	0	0	0	0	135	0	0	0	0	0	0	0	0	0	0	
302304	0	0	0	0	0	135	0	0	0	0	0	0	0	0	0	0	
303053	0	0	0	0	0	131	0	0	0	0	0	0	0	0	0	0	
303805	0	0	0	0	0	141	0	0	0	0	0	0	0	0	0	0	
304556	0	0	0	0	0	127	0	0	0	0	0	0	0	0	0	0	
305310	0	0	0	0	0	127	0	0	0	0	0	0	0	0	0	0	
306059	0	0	0	0	0	121	0	0	0	0	0	0	0	0	0	0	
306810	0	0	0	0	0	123	0	0	0	0	0	0	0	0	0	0	
307557	0	0	0	0	0	125	0	0	0	0	0	0	0	0	0	0	
308309	0	0	0	0	0	149	0	0	0	0	0	0	0	0	0	0	
309063	0	0	0	0	0	121	0	0	0	0	0	0	0	0	0	0	
309811	0	0	0	0	0	143	0	0	0	0	0	0	0	0	0	0	
310560	0	0	0	0	0	127	0	0	0	0	0	0	0	0	0	0	
311315	0	0	0	0	0	121	0	0	0	0	0	0	0	0	0	0	
312064	0	0	0	0	0	121	0	0	0	0	0	0	0	0	0	0	
312816	0	0	0	0	0	121	0	0	0	0	0	0	0	0	0	0	
313568	0	0	0	0	0	143	0	0	0	0	0	0	0	0	0	0	
314315	0	0	0	0	0	109	0	0	0	0	0	0	0	0	0	0	
315068	0	0	0	0	0	133	0	0	0	0	0	0	0	0	0	0	
315818	0	0	0	0	0	121	0	0	0	0	0	0	0	0	0	0	
316566	0	0	0	0	0	127	0	0	0	0	0	0	0	0	0	0	
317315	0	0	0	0	0	123	0	0	0	0	0	0	0	0	0	0	
318064	0	0	0	0	0	129	0	0	0	0	0	0	0	0	0	0	
318815	0	0	0	0	0	143	0	0	0	0	0	0	0	0	0	0	
319567	0	0	0	0	0	137	0	0	0	0	0	0	0	0	0	0	
320312	0	0	0	0	0	143	0	0	0	0	0	0	0	0	0	0	
321064	0	0	0	0	0	105	0	0	0	0	0	0	0	0	0	0	
321817	0	0	0	0	0	133	0	0	0	0	0	0	0	0	0	0	
322567	0	0	0	0	0	139	0	0	0	0	0	0	0	0	0	0	
323319	0	0	0	0	0	127	0	0	0	0	0	0	0	0	0	0	
324069	0	0	0	0	0	133	0	0	0	0	0	0	0	0	0	0	
324821	0	0	0	0	0	127	0	0	0	0	0	0	0	0	0	0	
325570	0	0	0	0	0	129	0	0	0	0	0	0	0	0	0	0	
326318	0	0	0	0	0	153	0	0	0	0	0	0	0	0	0	0	
327067	0	0	0	0	0	117	0	0	0	0	0	0	0	0	0	0	
327815	0	0	0	0	0	139	0	0	0	0	0	0	0	0	0	0	
328564	0	0	0	0	0	131	0	0	0	0	0	0	0	0	0	0	
329313	0	0	0	0	0	137	0	0	0	0	0	0	0	0	0	0	
330060	0	0	0	0	0	137	0	0	0	0	0	0	0	0	0	0	
330810	0	0	0	0	0	125	0	0	0	0	0	0	0	0	0	0	
331560	0	0	0	0	0	159	0	0	0	0	0	0	0	0	0	0	
332308	0	0	0	0	0	121	0	0	0	0	0	0	0	0	0	0	
333059	0	0	0	0	0	151	0	0	0	0	0	0	0	0	0	0	
333813	0	0	0	0	0	133	0	0	0	0	0	0	0	0	0	0	
334564	0	0	0	0	0	129	0	0	0	0	0	0	0	0	0	0	
335314	0	0	0	0	0	113	0	0	0	0	0	0	0	0	0	0	
336065	0	0	0	0	0	137	0	0	0	0	0	0	0	0	0	0	
336811	0	0	0	0	0	123	0	0	0	0	0	0	0	0	0	0	
337560	0	0	0	0	0	117	0	0	0	0	0	0	0	0	0	0	
338310	0	0	0	0	0	129	0	0	0	0	0	0	0	0	0	0	
339062	0	0	0	0	0	0	123	0	0	0	0	0	0	0	0	0	
339813	0	0	0	0	0	135	0	0	0	0	0	0	0	0	0	0	
340563	0	0	0	0	0	125	0	0	0	0	0	0	0	0	0	0	
341314	0	0	0	0	0	137	0	0	0	0	0	0	0	0	0	0	
342064	0	0	0	0	0	121	0	0	0	0	0	0	0	0	0	0	
342811	0	0	0	0	0	145	0	0	0	0	0	0	0	0	0	0	
343561	0	0	0	0	0	131	0	0	0	0	0	0	0	0	0	0	
344307	0	0	0	0	0	141	0	0	0	0	0	0	0	0	0	0	
345052	0	0	0	0	0	87	0	0	0	0	0	0	0	0	0	0	
345804	0	0	0	0	0	129	0	0	0	0	0	0	0	0	0	0	
346554	0	0	0	0	0	151	0	0	0	0	0	0	0	0	0	0	
347303	0	0	0	0	0	0	117	0	0	0	0	0	0	0	0	0	
348050	0	0	0	0	0	0	103	0	0	0	0	0	0	0	0	0	
348802	0	0	0	0	0	0	115	0	0	0	0	0	0	0	0	0	
349551	0	0	0	0	0	0	54	45	0	0	0	0	0	0	0	0	
350302	0	0	0	0	0	0	0	95	0	0	0	0	0	0	0	0	
351052	0	0	0	0	0	0	0	101	0	0	0	0	0	0	0	0	
351799	0	0	0	0	0	0	0	105	0	0	0	0	0	0	0	0	
352551	0	0	0	0	0	0	0	97	0	0	0	0	0	0	0	0	
353301	0	0	0	0	0	0	0	111	0	0	0	0	0	0	0	0	
354048	0	0	0	0	0	0	0	0	97	0	0	0	0	0	0	0	
354796	0	0	0	0	0	0	0	0	95	0	0	0	0	0	0	0	
355547	0	0	0	0	0	0	0	0	91	0	0	0	0	0	0	0	
356294	0	0	0	0	0	0	0	0	93	0	0	0	0	0	0	0	
357048	0	0	0	0	0	0	0	0	81	0	0	0	0	0	0	0	
357799	0	0	0	0	0	0	0	0	79	0	0	0	0	0	0	0	
358547	0	0	0	0	0	0	0	0	97	0	0	0	0	0	0	0	
359300	0	0	0	0	0	0	0	0	87	0	0	0	0	0	0	0	
360052	0	0	0	0	0	0	0	0	97	0	0	0	0	0	0	0	
360801	0	0	0	0	0	0	0	0	79	0	0	0	0	0	0	0	
361552	0	0	0	0	0	0	0	0	85	0	0	0	0	0	0	0	
362299	0	0	0	0	0	0	0	0	89	0	0	0	0	0	0	0	
363045	0	0	0	0	0	0	0	0	103	0	0	0	0	0	0	0	
363796	0	0	0	0	0	0	0	0	89	0	0	0	0	0	0	0	
364547	0	0	0	0	0	0	0	0	97	0	0	0	0	0	0	0	
365298	0	0	0	0	0	0	0	0	97	0	0	0	0	0	0	0	
366051	0	0	0	0	0	0	0	0	95	0	0	0	0	0	0	0	
366801	0	0	0	0	0	0	0	0	79	0	0	0	0	0	0	0	
367554	0	0	0	0	0	0	0	0	115	0	0	0	0	0	0	0	
368303	0	0	0	0	0	0	0	0	77	0	0	0	0	0	0	0	
369050	0	0	0	0	0	0	0	0	91	0	0	0	0	0	0	0	
369800	0	0	0	0	0	0	0	0	91	0	0	0	0	0	0	0	
370553	0	0	0	0	0	0	0	0	97	0	0	0	0	0	0	0	
371301	0	0	0	0	0	0	0	0	83	0	0	0	0	0	0	0	
372051	0	0	0	0	0	0	0	111	0	0	0	0	0	0	0	0	
372799	0	0	0	0	0	0	0	99	0	0	0	0	0	0	0	0	
373550	0	0	0	0	0	0	0	113	0	0	0	0	0	0	0	0	
374299	0	0	0	0	0	0	0	117	0	0	0	0	0	0	0	0	
375048	0	0	0	0	0	0	0	97	0	0	0	0	0	0	0	0	
375799	0	0	0	0	0	0	0	107	0	0	0	0	0	0	0	0	
376549	0	0	0	0	0	0	0	95	0	0	0	0	0	0	0	0	
377300	0	0	0	0	0	0	0	107	0	0	0	0	0	0	0	0	
378051	0	0	0	0	0	0	0	91	0	0	0	0	0	0	0	0	
378801	0	0	0	0	0	0	0	91	0	0	0	0	0	0	0	0	
379547	0	0	0	0	0	0	0	109	0	0	0	0	0	0	0	0	
380296	0	0	0	0	0	0	0	111	0	0	0	0	0	0	0	0	
381047	0	0	0	0	0	0	0	101	0	0	0	0	0	0	0	0	
381795	0	0	0	0	0	0	0	105	0	0	0	0	0	0	0	0	
382543	0	0	0	0	0	0	0	95	0	0	0	0	0	0	0	0	
383291	0	0	0	0	0	0	0	93	0	0	0	0	0	0	0	0	
384041	0	0	0	0	0	0	0	97	0	0	0	0	0	0	0	0	
384790	0	0	0	0	0	0	0	99	0	0	0	0	0	0	0	0	
385539	0	0	0	0	0	0	0	89	0	0	0	0	0	0	0	0	
386289	0	0	0	0	0	0	0	107	0	0	0	0	0	0	0	0	
387039	0	0	0	0	0	0	0	95	0	0	0	0	0	0	0	0	
387788	0	0	0	0	0	0	0	97	0	0	0	0	0	0	0	0	
388541	0	0	0	0	0	0	0	97	0	0	0	0	0	0	0	0	
389290	0	0	0	0	0	0	0	83	0	0	0	0	0	0	0	0	
390044	0	0	0	0	0	0	0	113	0	0	0	0	0	0	0	0	
390798	0	0	0	0	0	0	0	113	0	0	0	0	0	0	0	0	
391550	0	0	0	0	0	0	0	89	0	0	0	0	0	0	0	0	
392301	0	0	0	0	0	0	0	93	0	0	0	0	0	0	0	0	
393050	0	0	0	0	0	0	0	127	0	0	0	0	0	0	0	0	
393801	0	0	0	0	0	0	0	99	0	0	0	0	0	0	0	0	
394550	0	0	0	0	0	0	0	101	0	0	0	0	0	0	0	0	
395299	0	0	0	0	0	0	0	107	0	0	0	0	0	0	0	0	
396048	0	0	0	0	0	0	0	107	0	0	0	0	0	0	0	0	
396795	0	0	0	0	0	0	0	103	0	0	0	0	0	0	0	0	
397545	0	0	0	0	0	0	0	105	0	0	0	0	0	0	0	0	
398294	0	0	0	0	0	0	0	107	0	0	0	0	0	0	0	0	
399044	0	0	0	0	0	0	0	105	0	0	0	0	0	0	0	0	
399794	0	0	0	0	0	0	0	95	0	0	0	0	0	0	0	0	
400547	0	0	0	0	0	0	0	101	0	0	0	0	0	0	0	0	
401296	0	0	0	0	0	0	0	109	0	0	0	0	0	0	0	0	
402043	0	0	0	0	0	0	0	89	0	0	0	0	0	0	0	0	
402795	0	0	0	0	0	0	0	95	0	0	0	0	0	0	0	0	
403546	0	0	0	0	0	0	0	103	0	0	0	0	0	0	0	0	
404298	0	0	0	0	0	0	0	105	0	0	0	0	0	0	0	0	
405049	0	0	0	0	0	0	0	93	0	0	0	0	0	0	0	0	
405798	0	0	0	0	0	0	0	103	0	0	0	0	0	0	0	0	
406547	0	0	0	0	0	0	0	99	0	0	0	0	0	0	0	0	
407295	0	0	0	0	0	0	0	77	0	0	0	0	0	0	0	0	
408047	0	0	0	0	0	0	0	99	0	0	0	0	0	0	0	0	
408795	0	0	0	0	0	0	0	97	0	0	0	0	0	0	0	0	
409544	0	0	0	0	0	0	0	113	0	0	0	0	0	0	0	0	
410294	0	0	0	0	0	0	0	97	0	0	0	0	0	0	0	0	
411043	0	0	0	0	0	0	0	83	0	0	0	0	0	0	0	0	
411794	0	0	0	0	0	0	0	105	0	0	0	0	0	0	0	0	
412544	0	0	0	0	0	0	0	93	0	0	0	0	0	0	0	0	
413293	0	0	0	0	0	0	0	81	0	0	0	0	0	0	0	0	
414041	0	0	0	0	0	0	0	107	0	0	0	0	0	0	0	0	
414795	0	0	0	0	0	0	0	109	0	0	0	0	0	0	0	0	
415544	0	0	0	0	0	0	0	105	0	0	0	0	0	0	0	0	
416296	0	0	0	0	0	0	0	101	0	0	0	0	0	0	0	0	
417046	0	0	0	0	0	0	0	101	0	0	0	0	0	0	0	0	
417797	0	0	0	0	0	0	0	105	0	0	0	0	0	0	0	0	
418549	0	0	0	0	0	0	0	91	0	0	0	0	0	0	0	0	
419297	0	0	0	0	0	0	0	115	0	0	0	0	0	0	0	0	
420048	0	0	0	0	0	0	0	95	0	0	0	0	0	0	0	0	
420801	0	0	0	0	0	0	0	87	0	0	0	0	0	0	0	0	
421548	0	0	0	0	0	0	127	0	0	0	0	0	0	0	0	0	
422301	0	0	0	0	0	0	97	0	0	0	0	0	0	0	0	0	
423047	0	0	0	0	0	0	119	2	0	0	0	0	0	0	0	0	
423799	0	0	0	0	0	0	111	0	0	0	0	0	0	0	0	0	
424551	0	0	0	0	0	0	129	0	0	0	0	0	0	0	0	0	
425300	0	0	0	0	0	0	119	0	0	0	0	0	0	0	0	0	
426050	0	0	0	0	0	0	121	0	0	0	0	0	0	0	0	0	
426800	0	0	0	0	0	0	115	0	0	0	0	0	0	0	0	0	
427551	0	0	0	0	0	0	113	0	0	0	0	0	0	0	0	0	
428302	0	0	0	0	0	0	135	0	0	0	0	0	0	0	0	0	
429051	0	0	0	0	0	0	117	0	0	0	0	0	0	0	0	0	
429803	0	0	0	0	0	0	125	0	0	0	0	0	0	0	0	0	
430551	0	0	0	0	0	0	113	0	0	0	0	0	0	0	0	0	
431298	0	0	0	0	0	0	113	0	0	0	0	0	0	0	0	0	
432051	0	0	0	0	0	0	107	0	0	0	0	0	0	0	0	0	
432803	0	0	0	0	0	0	135	0	0	0	0	0	0	0	0	0	
433554	0	0	0	0	0	0	91	0	0	0	0	0	0	0	0	0	
434303	0	0	0	0	0	0	125	0	0	0	0	0	0	0	0	0	
435052	0	0	0	0	0	0	115	0	0	0	0	0	0	0	0	0	
435800	0	0	0	0	0	0	105	0	0	0	0	0	0	0	0	0	
436549	0	0	0	0	0	0	113	0	0	0	0	0	0	0	0	0	
437302	0	0	0	0	0	0	101	0	0	0	0	0	0	0	0	0	
438050	0	0	0	0	0	0	123	0	0	0	0	0	0	0	0	0	
438802	0	0	0	0	0	0	0	105	0	0	0	0	0	0	0	0	
439549	0	0	0	0	0	0	0	109	0	0	0	0	0	0	0	0	
440300	0	0	0	0	0	0	0	0	95	0	0	0	0	0	0	0	
441049	0	0	0	0	0	0	0	0	91	0	0	0	0	0	0	0	
441799	0	0	0	0	0	0	0	0	81	0	0	0	0	0	0	0	
442546	0	0	0	0	0	0	0	0	85	0	0	0	0	0	0	0	
443298	0	0	0	0	0	0	0	0	89	0	0	0	0	0	0	0	
444045	0	0	0	0	0	0	0	0	93	0	0	0	0	0	0	0	
444792	0	0	0	0	0	0	0	0	95	0	0	0	0	0	0	0	
445543	0	0	0	0	0	0	0	0	77	0	0	0	0	0	0	0	
446292	0	0	0	0	0	0	0	103	0	0	0	0	0	0	0	0	
447037	0	0	0	0	0	0	0	99	0	0	0	0	0	0	0	0	
447791	0	0	0	0	0	0	0	91	0	0	0	0	0	0	0	0	
448542	0	0	0	0	0	0	0	103	0	0	0	0	0	0	0	0	
449293	0	0	0	0	0	0	0	91	0	0	0	0	0	0	0	0	
450041	0	0	0	0	0	0	0	83	0	0	0	0	0	0	0	0	
450790	0	0	0	0	0	0	34	67	0	0	0	0	0	0	0	0	
451544	0	0	0	0	0	0	107	0	0	0	0	0	0	0	0	0	
452293	0	0	0	0	0	0	123	0	0	0	0	0	0	0	0	0	
453045	0	0	0	0	0	0	117	0	0	0	0	0	0	0	0	0	
453792	0	0	0	0	0	0	119	0	0	0	0	0	0	0	0	0	
454543	0	0	0	0	0	0	129	0	0	0	0	0	0	0	0	0	
455292	0	0	0	0	0	0	99	0	0	0	0	0	0	0	0	0	
456039	0	0	0	0	0	0	105	0	0	0	0	0	0	0	0	0	
456794	0	0	0	0	0	0	109	0	0	0	0	0	0	0	0	0	
457542	0	0	0	0	0	0	0	105	0	0	0	0	0	0	0	0	
458290	0	0	0	0	0	0	0	85	4	0	0	0	0	0	0	0	
459040	0	0	0	0	0	0	109	0	0	0	0	0	0	0	0	0	
459790	0	0	0	0	0	0	105	0	0	0	0	0	0	0	0	0	
460538	0	0	0	0	0	0	109	0	0	0	0	0	0	0	0	0	
461288	0	0	0	0	0	0	115	0	0	0	0	0	0	0	0	0	
462040	0	0	0	0	0	0	117	0	0	0	0	0	0	0	0	0	
462789	0	0	0	0	0	0	105	0	0	0	0	0	0	0	0	0	
463537	0	0	0	0	0	0	123	0	0	0	0	0	0	0	0	0	
464286	0	0	0	0	0	0	111	0	0	0	0	0	0	0	0	0	
465034	0	0	0	0	0	0	123	0	0	0	0	0	0	0	0	0	
465790	0	0	0	0	0	0	109	0	0	0	0	0	0	0	0	0	
466544	0	0	0	0	0	0	103	0	0	0	0	0	0	0	0	0	
467296	0	0	0	0	0	0	125	0	0	0	0	0	0	0	0	0	
468044	0	0	0	0	0	0	105	0	0	0	0	0	0	0	0	0	
468795	0	0	0	0	1	122	0	0	0	0	0	0	0	0	0	0	
469541	0	0	0	0	157	0	0	0	0	0	0	0	0	0	0	0	
470292	0	0	0	0	161	0	0	0	0	0	0	0	0	0	0	0	
471046	0	0	0	0	155	2	0	0	0	0	0	0	0	0	0	0	
471795	0	0	0	0	135	0	0	0	0	0	0	0	0	0	0	0	
472542	0	0	0	0	143	0	0	0	0	0	0	0	0	0	0	0	
473294	0	0	0	0	159	0	0	0	0	0	0	0	0	0	0	0	
474046	0	0	0	0	169	0	0	0	0	0	0	0	0	0	0	0	
474793	0	0	0	0	157	0	0	0	0	0	0	0	0	0	0	0	
475545	0	0	0	0	143	0	0	0	0	0	0	0	0	0	0	0	
476296	0	0	0	0	141	0	0	0	0	0	0	0	0	0	0	0	
477045	0	0	0	0	155	0	0	0	0	0	0	0	0	0	0	0	
477795	0	0	0	0	159	0	0	0	0	0	0	0	0	0	0	0	
478547	0	0	0	0	175	0	0	0	0	0	0	0	0	0	0	0	
479296	0	0	0	0	143	0	0	0	0	0	0	0	0	0	0	0	
480048	0	0	0	0	177	2	0	0	0	0	0	0	0	0	0	0	
480797	0	0	0	0	173	0	0	0	0	0	0	0	0	0	0	0	
481544	0	0	0	0	157	0	0	0	0	0	0	0	0	0	0	0	
482298	0	0	0	0	141	0	0	0	0	0	0	0	0	0	0	0	
483049	0	0	0	0	169	2	0	0	0	0	0	0	0	0	0	0	
483799	0	0	0	0	165	0	0	0	0	0	0	0	0	0	0	0	
484550	0	0	0	0	145	0	0	0	0	0	0	0	0	0	0	0	
485301	0	0	0	0	159	0	0	0	0	0	0	0	0	0	0	0	
486051	0	0	0	0	141	0	0	0	0	0	0	0	0	0	0	0	
486801	0	0	0	0	122	31	0	0	0	0	0	0	0	0	0	0	
487549	0	0	0	0	167	0	0	0	0	0	0	0	0	0	0	0	
488296	0	0	0	0	143	0	0	0	0	0	0	0	0	0	0	0	
489046	0	0	0	0	157	0	0	0	0	0	0	0	0	0	0	0	
489796	0	0	0	0	131	0	0	0	0	0	0	0	0	0	0	0	
490547	0	0	0	0	167	0	0	0	0	0	0	0	0	0	0	0	
491298	0	0	0	0	153	0	0	0	0	0	0	0	0	0	0	0	
492049	0	0	0	0	179	0	0	0	0	0	0	0	0	0	0	0	
492799	0	0	0	0	183	0	0	0	0	0	0	0	0	0	0	0	
493548	0	0	0	0	179	0	0	0	0	0	0	0	0	0	0	0	
494298	0	0	0	0	167	0	0	0	0	0	0	0	0	0	0	0	
495049	0	0	0	0	139	0	0	0	0	0	0	0	0	0	0	0	
495800	0	0	0	0	159	0	0	0	0	0	0	0	0	0	0	0	
496548	0	0	0	0	141	0	0	0	0	0	0	0	0	0	0	0	
497298	0	0	0	0	161	0	0	0	0	0	0	0	0	0	0	0	
498048	0	0	0	0	161	0	0	0	0	0	0	0	0	0	0	0	
498798	0	0	0	0	159	0	0	0	0	0	0	0	0	0	0	0	
499548	0	0	0	0	153	0	0	0	0	0	0	0	0	0	0	0	
500296	0	0	0	0	151	0	0	0	0	0	0	0	0	0	0	0	
501047	0	0	0	0	181	0	0	0	0	0	0	0	0	0	0	0	
501796	0	0	0	0	141	0	0	0	0	0	0	0	0	0	0	0	
502550	0	0	0	0	155	0	0	0	0	0	0	0	0	0	0	0	
503304	0	0	0	0	159	0	0	0	0	0	0	0	0	0	0	0	
504055	0	0	0	0	155	0	0	0	0	0	0	0	0	0	0	0	
504801	0	0	0	0	159	0	0	0	0	0	0	0	0	0	0	0	
505552	0	0	0	0	151	0	0	0	0	0	0	0	0	0	0	0	
506299	0	0	0	0	165	0	0	0	0	0	0	0	0	0	0	0	
507050	0	0	0	0	157	0	0	0	0	0	0	0	0	0	0	0	
507803	0	0	0	0	141	0	0	0	0	0	0	0	0	0	0	0	
508550	0	0	0	0	145	0	0	0	0	0	0	0	0	0	0	0	
509298	0	0	0	0	155	0	0	0	0	0	0	0	0	0	0	0	
510050	0	0	0	0	145	0	0	0	0	0	0	0	0	0	0	0	
510797	0	0	0	0	163	0	0	0	0	0	0	0	0	0	0	0	
511548	0	0	0	0	163	0	0	0	0	0	0	0	0	0	0	0	
512298	0	0	0	0	159	0	0	0	0	0	0	0	0	0	0	0	
513047	0	0	0	0	157	0	0	0	0	0	0	0	0	0	0	0	
513793	0	0	0	0	151	0	0	0	0	0	0	0	0	0	0	0	
514541	0	0	0	0	133	0	0	0	0	0	0	0	0	0	0	0	
515288	0	0	0	0	153	0	0	0	0	0	0	0	0	0	0	0	
516035	0	0	0	0	167	0	0	0	0	0	0	0	0	0	0	0	
516788	0	0	0	3	164	0	0	0	0	0	0	0	0	0	0	0	
517537	0	0	0	0	163	0	0	0	0	0	0	0	0	0	0	0	
518289	0	0	0	0	161	0	0	0	0	0	0	0	0	0	0	0	
519038	0	0	0	0	187	0	0	0	0	0	0	0	0	0	0	0	
519787	0	0	0	0	147	0	0	0	0	0	0	0	0	0	0	0	
520535	0	0	0	0	161	0	0	0	0	0	0	0	0	0	0	0	
521283	0	0	0	0	181	0	0	0	0	0	0	0	0	0	0	0	
522039	0	0	0	0	185	0	0	0	0	0	0	0	0	0	0	0	
522791	0	0	0	0	155	0	0	0	0	0	0	0	0	0	0	0	
523541	0	0	0	0	169	0	0	0	0	0	0	0	0	0	0	0	
524293	0	0	0	0	151	0	0	0	0	0	0	0	0	0	0	0	
525043	0	0	0	0	149	0	0	0	0	0	0	0	0	0	0	0	
525796	0	0	0	0	169	0	0	0	0	0	0	0	0	0	0	0	
526546	0	0	0	0	161	0	0	0	0	0	0	0	0	0	0	0	
527296	0	0	0	219	0	0	0	0	0	0	0	0	0	0	0	0	
528047	0	0	0	183	0	0	0	0	0	0	0	0	0	0	0	0	
528800	0	0	0	193	0	0	0	0	0	0	0	0	0	0	0	0	
529551	0	0	0	203	0	0	0	0	0	0	0	0	0	0	0	0	
530301	0	0	0	221	0	0	0	0	0	0	0	0	0	0	0	0	
531052	0	0	20	177	0	0	0	0	0	0	0	0	0	0	0	0	
531804	0	0	0	199	0	0	0	0	0	0	0	0	0	0	0	0	
532555	0	0	0	199	0	0	0	0	0	0	0	0	0	0	0	0	
533307	0	0	0	191	0	0	0	0	0	0	0	0	0	0	0	0	
534055	0	0	0	201	0	0	0	0	0	0	0	0	0	0	0	0	
534805	0	0	0	195	0	0	0	0	0	0	0	0	0	0	0	0	
535555	0	0	0	199	0	0	0	0	0	0	0	0	0	0	0	0	
536306	0	0	0	205	0	0	0	0	0	0	0	0	0	0	0	0	
537054	0	0	0	203	0	0	0	0	0	0	0	0	0	0	0	0	
537806	0	0	0	179	0	0	0	0	0	0	0	0	0	0	0	0	
538554	0	0	0	193	0	0	0	0	0	0	0	0	0	0	0	0	
539303	0	0	0	0	157	0	0	0	0	0	0	0	0	0	0	0	
540054	0	0	0	0	159	0	0	0	0	0	0	0	0	0	0	0	
540801	0	0	0	0	165	0	0	0	0	0	0	0	0	0	0	0	
541554	0	0	0	0	169	0	0	0	0	0	0	0	0	0	0	0	
542308	0	0	0	0	169	0	0	0	0	0	0	0	0	0	0	0	
543058	0	0	0	0	153	0	0	0	0	0	0	0	0	0	0	0	
543808	0	0	0	0	0	155	0	0	0	0	0	0	0	0	0	0	
544558	0	0	0	0	0	133	0	0	0	0	0	0	0	0	0	0	
545309	0	0	0	0	0	125	0	0	0	0	0	0	0	0	0	0	
546064	0	0	0	0	1	132	0	0	0	0	0	0	0	0	0	0	
546814	0	0	0	0	0	135	0	0	0	0	0	0	0	0	0	0	
547564	0	0	0	0	0	125	0	0	0	0	0	0	0	0	0	0	
548314	0	0	0	0	0	155	0	0	0	0	0	0	0	0	0	0	
549060	0	0	0	0	0	143	0	0	0	0	0	0	0	0	0	0	
549808	0	0	0	0	0	123	0	0	0	0	0	0	0	0	0	0	
550559	0	0	0	0	0	139	0	0	0	0	0	0	0	0	0	0	
551308	0	0	0	0	0	153	0	0	0	0	0	0	0	0	0	0	
552057	0	0	0	0	0	115	0	0	0	0	0	0	0	0	0	0	
552808	0	0	0	0	0	119	0	0	0	0	0	0	0	0	0	0	
553559	0	0	0	0	0	149	0	0	0	0	0	0	0	0	0	0	
554309	0	0	0	0	0	135	0	0	0	0	0	0	0	0	0	0	
555060	0	0	0	0	0	125	0	0	0	0	0	0	0	0	0	0	
555812	0	0	0	0	0	151	0	0	0	0	0	0	0	0	0	0	
556567	0	0	0	0	0	135	0	0	0	0	0	0	0	0	0	0	
557315	0	0	0	0	0	131	0	0	0	0	0	0	0	0	0	0	
558066	0	0	0	0	0	129	0	0	0	0	0	0	0	0	0	0	
558815	0	0	0	0	0	155	0	0	0	0	0	0	0	0	0	0	
559564	0	0	0	0	0	131	0	0	0	0	0	0	0	0	0	0	
560315	0	0	0	0	0	135	0	0	0	0	0	0	0	0	0	0	
561063	0	0	0	0	0	153	0	0	0	0	0	0	0	0	0	0	
561816	0	0	0	0	0	153	0	0	0	0	0	0	0	0	0	0	
562568	0	0	0	0	0	139	0	0	0	0	0	0	0	0	0	0	
563318	0	0	0	0	0	145	0	0	0	0	0	0	0	0	0	0	
564069	0	0	0	0	0	141	0	0	0	0	0	0	0	0	0	0	
564822	0	0	0	0	0	131	0	0	0	0	0	0	0	0	0	0	
565571	0	0	0	0	0	4	109	0	0	0	0	0	0	0	0	0	
566322	0	0	0	0	0	0	95	0	0	0	0	0	0	0	0	0	
567071	0	0	0	0	0	0	127	0	0	0	0	0	0	0	0	0	
567821	0	0	0	0	0	0	117	0	0	0	0	0	0	0	0	0	
568572	0	0	0	0	0	0	109	0	0	0	0	0	0	0	0	0	
569323	0	0	0	0	0	0	111	0	0	0	0	0	0	0	0	0	
570072	0	0	0	0	0	0	107	0	0	0	0	0	0	0	0	0	
570824	0	0	0	0	0	0	133	0	0	0	0	0	0	0	0	0	
571572	0	0	0	0	0	0	105	0	0	0	0	0	0	0	0	0	
572323	0	0	0	0	0	0	115	0	0	0	0	0	0	0	0	0	
573071	0	0	0	0	0	0	111	0	0	0	0	0	0	0	0	0	
573820	0	0	0	0	0	0	123	0	0	0	0	0	0	0	0	0	
574570	0	0	0	0	0	0	121	0	0	0	0	0	0	0	0	0	
575321	0	0	0	0	0	0	137	0	0	0	0	0	0	0	0	0	
576070	0	0	0	0	0	0	113	0	0	0	0	0	0	0	0	0	
576820	0	0	0	0	0	0	101	0	0	0	0	0	0	0	0	0	
577570	0	0	0	0	0	0	101	0	0	0	0	0	0	0	0	0	
578321	0	0	0	0	0	0	105	0	0	0	0	0	0	0	0	0	
579071	0	0	0	0	0	0	121	0	0	0	0	0	0	0	0	0	
579817	0	0	0	0	0	0	123	0	0	0	0	0	0	0	0	0	
580564	0	0	0	0	0	0	111	0	0	0	0	0	0	0	0	0	
581316	0	0	0	0	0	0	121	0	0	0	0	0	0	0	0	0	
582068	0	0	0	0	0	0	123	0	0	0	0	0	0	0	0	0	
582816	0	0	0	0	0	0	117	0	0	0	0	0	0	0	0	0	
583566	0	0	0	0	0	0	123	0	0	0	0	0	0	0	0	0	
584315	0	0	0	0	0	0	111	0	0	0	0	0	0	0	0	0	
585065	0	0	0	0	0	0	125	0	0	0	0	0	0	0	0	0	
585818	0	0	0	0	0	0	117	0	0	0	0	0	0	0	0	0	
586569	0	0	0	0	0	0	53	50	0	0	0	0	0	0	0	0	
587320	0	0	0	0	0	0	0	103	0	0	0	0	0	0	0	0	
588070	0	0	0	0	0	0	101	0	0	0	0	0	0	0	0	0	
588821	0	0	0	0	0	0	119	0	0	0	0	0	0	0	0	0	
589571	0	0	0	0	0	0	103	0	0	0	0	0	0	0	0	0	
590322	0	0	0	0	0	0	115	0	0	0	0	0	0	0	0	0	
591070	0	0	0	0	0	0	111	0	0	0	0	0	0	0	0	0	
591821	0	0	0	0	0	0	113	0	0	0	0	0	0	0	0	0	
592571	0	0	0	0	0	0	129	0	0	0	0	0	0	0	0	0	
593320	0	0	0	0	0	0	119	0	0	0	0	0	0	0	0	0	
594068	0	0	0	0	0	0	101	0	0	0	0	0	0	0	0	0	
594814	0	0	0	0	0	0	97	0	0	0	0	0	0	0	0	0	
595563	0	0	0	0	0	0	97	0	0	0	0	0	0	0	0	0	
596316	0	0	0	0	0	0	125	0	0	0	0	0	0	0	0	0	
597066	0	0	0	0	0	0	119	0	0	0	0	0	0	0	0	0	
597811	0	0	0	0	0	0	129	0	0	0	0	0	0	0	0	0	
598559	0	0	0	0	0	0	143	0	0	0	0	0	0	0	0	0	
599311	0	0	0	0	0	0	117	0	0	0	0	0	0	0	0	0	
600063	0	0	0	0	0	0	127	0	0	0	0	0	0	0	0	0	
600810	0	0	0	0	0	0	115	0	0	0	0	0	0	0	0	0	
601564	0	0	0	0	0	0	123	0	0	0	0	0	0	0	0	0	
602315	0	0	0	0	0	0	111	0	0	0	0	0	0	0	0	0	
603062	0	0	0	0	0	0	121	0	0	0	0	0	0	0	0	0	
603813	0	0	0	0	0	0	115	0	0	0	0	0	0	0	0	0	
604561	0	0	0	0	0	0	113	0	0	0	0	0	0	0	0	0	
605311	0	0	0	0	0	0	117	0	0	0	0	0	0	0	0	0	
606059	0	0	0	0	0	0	89	2	0	0	0	0	0	0	0	0	
606806	0	0	0	0	0	0	113	0	0	0	0	0	0	0	0	0	
607558	0	0	0	0	0	0	113	0	0	0	0	0	0	0	0	0	
608304	0	0	0	0	0	0	125	0	0	0	0	0	0	0	0	0	
609055	0	0	0	0	0	0	113	0	0	0	0	0	0	0	0	0	
609806	0	0	0	0	0	0	117	0	0	0	0	0	0	0	0	0	
610556	0	0	0	0	0	0	111	0	0	0	0	0	0	0	0	0	
611307	0	0	0	0	0	0	107	0	0	0	0	0	0	0	0	0	
612060	0	0	0	0	0	0	105	0	0	0	0	0	0	0	0	0	
612808	0	0	0	0	0	0	121	0	0	0	0	0	0	0	0	0	
613558	0	0	0	0	0	0	113	0	0	0	0	0	0	0	0	0	
614309	0	0	0	0	0	0	111	0	0	0	0	0	0	0	0	0	
615059	0	0	0	0	0	0	115	0	0	0	0	0	0	0	0	0	
615812	0	0	0	0	0	0	119	0	0	0	0	0	0	0	0	0	
616563	0	0	0	0	0	0	123	0	0	0	0	0	0	0	0	0	
617314	0	0	0	0	0	0	115	0	0	0	0	0	0	0	0	0	
618066	0	0	0	0	0	0	125	0	0	0	0	0	0	0	0	0	
618817	0	0	0	0	0	0	123	0	0	0	0	0	0	0	0	0	
619569	0	0	0	0	0	0	0	105	0	0	0	0	0	0	0	0	
620320	0	0	0	0	0	0	91	0	0	0	0	0	0	0	0	0	
621071	0	0	0	0	0	0	141	0	0	0	0	0	0	0	0	0	
621821	0	0	0	0	0	0	103	0	0	0	0	0	0	0	0	0	
622568	0	0	0	0	0	0	107	0	0	0	0	0	0	0	0	0	
623318	0	0	0	0	0	0	119	0	0	0	0	0	0	0	0	0	
624063	0	0	0	0	0	0	113	0	0	0	0	0	0	0	0	0	
624812	0	0	0	0	0	0	119	0	0	0	0	0	0	0	0	0	
625561	0	0	0	0	0	0	119	0	0	0	0	0	0	0	0	0	
626310	0	0	0	0	0	0	129	0	0	0	0	0	0	0	0	0	
627060	0	0	0	0	0	0	127	0	0	0	0	0	0	0	0	0	
627811	0	0	0	0	0	0	107	0	0	0	0	0	0	0	0	0	
628558	0	0	0	0	0	0	103	0	0	0	0	0	0	0	0	0	
629308	0	0	0	0	0	0	101	0	0	0	0	0	0	0	0	0	
630056	0	0	0	0	0	0	119	0	0	0	0	0	0	0	0	0	
630807	0	0	0	0	0	0	115	0	0	0	0	0	0	0	0	0	
631560	0	0	0	0	0	0	123	0	0	0	0	0	0	0	0	0	
632308	0	0	0	0	0	0	109	0	0	0	0	0	0	0	0	0	
633057	0	0	0	0	0	0	109	0	0	0	0	0	0	0	0	0	
633809	0	0	0	0	0	0	0	99	0	0	0	0	0	0	0	0	
634562	0	0	0	0	0	0	0	101	0	0	0	0	0	0	0	0	
635318	0	0	0	0	0	0	0	115	0	0	0	0	0	0	0	0	
636072	0	0	0	0	0	0	0	91	0	0	0	0	0	0	0	0	
636821	0	0	0	0	0	0	0	119	0	0	0	0	0	0	0	0	
637571	0	0	0	0	0	0	0	101	0	0	0	0	0	0	0	0	
638324	0	0	0	0	0	0	0	107	0	0	0	0	0	0	0	0	
639072	0	0	0	0	0	0	0	77	28	0	0	0	0	0	0	0	
639826	0	0	0	0	0	0	0	0	83	0	0	0	0	0	0	0	
640579	0	0	0	0	0	0	0	83	0	0	0	0	0	0	0	0	
641333	0	0	0	0	0	0	0	97	0	0	0	0	0	0	0	0	
642084	0	0	0	0	0	0	0	89	0	0	0	0	0	0	0	0	
642833	0	0	0	0	0	0	0	101	0	0	0	0	0	0	0	0	
643587	0	0	0	0	0	0	0	113	0	0	0	0	0	0	0	0	
644339	0	0	0	0	0	0	0	101	0	0	0	0	0	0	0	0	
645090	0	0	0	0	0	0	0	97	0	0	0	0	0	0	0	0	
645841	0	0	0	0	0	0	0	89	0	0	0	0	0	0	0	0	
646593	0	0	0	0	0	0	0	97	0	0	0	0	0	0	0	0	
647343	0	0	0	0	0	0	0	87	0	0	0	0	0	0	0	0	
648091	0	0	0	0	0	0	0	99	0	0	0	0	0	0	0	0	
648844	0	0	0	0	0	0	0	93	0	0	0	0	0	0	0	0	
649594	0	0	0	0	0	0	0	111	0	0	0	0	0	0	0	0	
650342	0	0	0	0	0	0	0	95	0	0	0	0	0	0	0	0	
651091	0	0	0	0	0	0	0	97	0	0	0	0	0	0	0	0	
651844	0	0	0	0	0	0	0	115	0	0	0	0	0	0	0	0	
652594	0	0	0	0	0	0	0	97	0	0	0	0	0	0	0	0	
653345	0	0	0	0	0	0	0	97	0	0	0	0	0	0	0	0	
654093	0	0	0	0	0	0	0	101	0	0	0	0	0	0	0	0	
654842	0	0	0	0	0	0	0	103	0	0	0	0	0	0	0	0	
655594	0	0	0	0	0	0	0	99	0	0	0	0	0	0	0	0	
656347	0	0	0	0	0	0	0	91	0	0	0	0	0	0	0	0	
657100	0	0	0	0	0	0	0	0	75	0	0	0	0	0	0	0	
657848	0	0	0	0	0	0	0	0	81	0	0	0	0	0	0	0	
658601	0	0	0	0	0	0	0	0	93	0	0	0	0	0	0	0	
659350	0	0	0	0	0	0	0	0	85	0	0	0	0	0	0	0	
660098	0	0	0	0	0	0	0	0	79	0	0	0	0	0	0	0	
660848	0	0	0	0	0	0	0	0	93	0	0	0	0	0	0	0	
661600	0	0	0	0	0	0	0	0	75	0	0	0	0	0	0	0	
662348	0	0	0	0	0	0	0	0	81	0	0	0	0	0	0	0	
663095	0	0	0	0	0	0	0	4	71	0	0	0	0	0	0	0	
663845	0	0	0	0	0	0	0	0	99	0	0	0	0	0	0	0	
664594	0	0	0	0	0	0	0	0	97	0	0	0	0	0	0	0	
665342	0	0	0	0	0	0	0	0	83	0	0	0	0	0	0	0	
666091	0	0	0	0	0	0	0	0	91	0	0	0	0	0	0	0	
666841	0	0	0	0	0	0	0	0	107	0	0	0	0	0	0	0	
667588	0	0	0	0	0	0	0	0	79	0	0	0	0	0	0	0	
668340	0	0	0	0	0	0	0	0	91	0	0	0	0	0	0	0	
669091	0	0	0	0	0	0	0	0	81	0	0	0	0	0	0	0	
669840	0	0	0	0	0	0	0	0	99	0	0	0	0	0	0	0	
670590	0	0	0	0	0	0	0	0	95	0	0	0	0	0	0	0	
671339	0	0	0	0	0	0	0	0	79	0	0	0	0	0	0	0	
672090	0	0	0	0	0	0	0	0	91	0	0	0	0	0	0	0	
672842	0	0	0	0	0	0	0	1	88	0	0	0	0	0	0	0	
673595	0	0	0	0	0	0	0	0	75	0	0	0	0	0	0	0	
674346	0	0	0	0	0	0	0	0	79	0	0	0	0	0	0	0	
675096	0	0	0	0	0	0	0	0	97	0	0	0	0	0	0	0	
675847	0	0	0	0	0	0	0	0	101	0	0	0	0	0	0	0	
676598	0	0	0	0	0	0	0	0	77	0	0	0	0	0	0	0	
677347	0	0	0	0	0	0	0	0	85	0	0	0	0	0	0	0	
678100	0	0	0	0	0	0	0	0	105	0	0	0	0	0	0	0	
678849	0	0	0	0	0	0	0	0	89	0	0	0	0	0	0	0	
679603	0	0	0	0	0	0	0	103	0	0	0	0	0	0	0	0	
680354	0	0	0	0	0	0	0	101	0	0	0	0	0	0	0	0	
681106	0	0	0	0	0	0	0	97	0	0	0	0	0	0	0	0	
681856	0	0	0	0	0	0	0	89	0	0	0	0	0	0	0	0	
682607	0	0	0	0	0	0	0	87	0	0	0	0	0	0	0	0	
683356	0	0	0	0	0	0	0	101	0	0	0	0	0	0	0	0	
684108	0	0	0	0	0	0	0	83	0	0	0	0	0	0	0	0	
684858	0	0	0	0	0	0	0	107	0	0	0	0	0	0	0	0	
685610	0	0	0	0	0	0	0	95	0	0	0	0	0	0	0	0	
686360	0	0	0	0	0	0	100	17	0	0	0	0	0	0	0	0	
687110	0	0	0	0	0	0	103	0	0	0	0	0	0	0	0	0	
687860	0	0	0	0	0	0	117	0	0	0	0	0	0	0	0	0	
688612	0	0	0	0	0	0	99	0	0	0	0	0	0	0	0	0	
689357	0	0	0	0	0	0	113	0	0	0	0	0	0	0	0	0	
690106	0	0	0	0	0	0	113	0	0	0	0	0	0	0	0	0	
690857	0	0	0	0	0	0	115	0	0	0	0	0	0	0	0	0	
691607	0	0	0	0	0	0	123	0	0	0	0	0	0	0	0	0	
692360	0	0	0	0	0	0	117	0	0	0	0	0	0	0	0	0	
693109	0	0	0	0	0	0	129	0	0	0	0	0	0	0	0	0	
693857	0	0	0	0	0	0	121	0	0	0	0	0	0	0	0	0	
694606	0	0	0	0	0	0	107	0	0	0	0	0	0	0	0	0	
695358	0	0	0	0	0	0	119	0	0	0	0	0	0	0	0	0	
696106	0	0	0	0	0	0	107	0	0	0	0	0	0	0	0	0	
696856	0	0	0	0	0	0	99	0	0	0	0	0	0	0	0	0	
697604	0	0	0	0	0	0	115	0	0	0	0	0	0	0	0	0	
698353	0	0	0	0	0	0	113	0	0	0	0	0	0	0	0	0	
699103	0	0	0	0	0	0	125	0	0	0	0	0	0	0	0	0	
699853	0	0	0	0	0	0	119	0	0	0	0	0	0	0	0	0	
700601	0	0	0	0	0	0	107	0	0	0	0	0	0	0	0	0	
701354	0	0	0	0	0	0	113	0	0	0	0	0	0	0	0	0	
702102	0	0	0	0	0	0	123	0	0	0	0	0	0	0	0	0	
702852	0	0	0	0	0	0	107	0	0	0	0	0	0	0	0	0	
703604	0	0	0	0	0	0	103	0	0	0	0	0	0	0	0	0	
704355	0	0	0	0	0	0	0	87	0	0	0	0	0	0	0	0	
705103	0	0	0	0	0	0	0	101	0	0	0	0	0	0	0	0	
705854	0	0	0	0	0	0	0	93	0	0	0	0	0	0	0	0	
706602	0	0	0	0	0	0	0	95	0	0	0	0	0	0	0	0	
707353	0	0	0	0	0	0	141	0	0	0	0	0	0	0	0	0	
708105	0	0	0	0	0	0	109	0	0	0	0	0	0	0	0	0	
708855	0	0	0	0	0	0	107	0	0	0	0	0	0	0	0	0	
709605	0	0	0	0	0	0	107	0	0	0	0	0	0	0	0	0	
710357	0	0	0	0	0	0	125	0	0	0	0	0	0	0	0	0	
711107	0	0	0	0	0	0	111	0	0	0	0	0	0	0	0	0	
711856	0	0	0	0	0	0	121	0	0	0	0	0	0	0	0	0	
712605	0	0	0	0	0	0	107	0	0	0	0	0	0	0	0	0	
713358	0	0	0	0	0	0	123	0	0	0	0	0	0	0	0	0	
714107	0	0	0	0	0	0	99	0	0	0	0	0	0	0	0	0	
714858	0	0	0	0	0	0	113	0	0	0	0	0	0	0	0	0	
715606	0	0	0	0	0	0	105	0	0	0	0	0	0	0	0	0	
716353	0	0	0	0	0	0	111	0	0	0	0	0	0	0	0	0	
717100	0	0	0	0	0	0	119	0	0	0	0	0	0	0	0	0	
717851	0	0	0	0	0	0	93	0	0	0	0	0	0	0	0	0	
718601	0	0	0	0	0	0	129	0	0	0	0	0	0	0	0	0	
719352	0	0	0	0	0	0	119	0	0	0	0	0	0	0	0	0	
720105	0	0	0	0	0	0	137	0	0	0	0	0	0	0	0	0	
720856	0	0	0	0	0	0	99	0	0	0	0	0	0	0	0	0	
721603	0	0	0	0	0	0	119	0	0	0	0	0	0	0	0	0	
722351	0	0	0	0	0	0	93	0	0	0	0	0	0	0	0	0	
723104	0	0	0	0	0	0	119	0	0	0	0	0	0	0	0	0	
723856	0	0	0	0	0	0	121	0	0	0	0	0	0	0	0	0	
724606	0	0	0	0	0	0	113	0	0	0	0	0	0	0	0	0	
725356	0	0	0	0	0	0	119	0	0	0	0	0	0	0	0	0	
726107	0	0	0	0	0	0	115	0	0	0	0	0	0	0	0	0	
726856	0	0	0	0	0	0	115	0	0	0	0	0	0	0	0	0	
727606	0	0	0	0	0	0	123	0	0	0	0	0	0	0	0	0	
728358	0	0	0	0	0	0	105	0	0	0	0	0	0	0	0	0	
729111	0	0	0	0	0	0	113	0	0	0	0	0	0	0	0	0	
729859	0	0	0	0	0	0	127	0	0	0	0	0	0	0	0	0	
730607	0	0	0	0	0	0	95	0	0	0	0	0	0	0	0	0	
731354	0	0	0	0	0	0	101	0	0	0	0	0	0	0	0	0	
732104	0	0	0	0	0	0	123	0	0	0	0	0	0	0	0	0	
732859	0	0	0	0	0	0	101	0	0	0	0	0	0	0	0	0	
733611	0	0	0	0	0	0	0	111	0	0	0	0	0	0	0	0	
734363	0	0	0	0	0	0	0	97	0	0	0	0	0	0	0	0	
735112	0	0	0	0	0	0	0	111	0	0	0	0	0	0	0	0	
735862	0	0	0	0	0	0	0	87	0	0	0	0	0	0	0	0	
736611	0	0	0	0	0	0	0	91	0	0	0	0	0	0	0	0	
737362	0	0	0	0	0	0	0	79	40	0	0	0	0	0	0	0	
738111	0	0	0	0	0	0	0	109	0	0	0	0	0	0	0	0	
738858	0	0	0	0	0	0	0	99	0	0	0	0	0	0	0	0	
739604	0	0	0	0	0	0	0	0	85	0	0	0	0	0	0	0	
740356	0	0	0	0	0	0	0	0	69	0	0	0	0	0	0	0	
741105	0	0	0	0	0	0	0	0	101	0	0	0	0	0	0	0	
741854	0	0	0	0	0	0	0	0	83	8	0	0	0	0	0	0	
742606	0	0	0	0	0	0	0	0	79	0	0	0	0	0	0	0	
743357	0	0	0	0	0	0	0	0	93	0	0	0	0	0	0	0	
744107	0	0	0	0	0	0	0	0	81	0	0	0	0	0	0	0	
744860	0	0	0	0	0	0	0	0	91	0	0	0	0	0	0	0	
745608	0	0	0	0	0	0	0	0	97	0	0	0	0	0	0	0	
746358	0	0	0	0	0	0	0	0	81	0	0	0	0	0	0	0	
747108	0	0	0	0	0	0	0	0	73	0	0	0	0	0	0	0	
747854	0	0	0	0	0	0	0	0	81	0	0	0	0	0	0	0	
748602	0	0	0	0	0	0	0	0	79	0	0	0	0	0	0	0	
749352	0	0	0	0	0	0	0	0	85	0	0	0	0	0	0	0	
750098	0	0	0	0	0	0	0	0	75	0	0	0	0	0	0	0	
750850	0	0	0	0	0	0	0	0	87	0	0	0	0	0	0	0	
751599	0	0	0	0	0	0	0	101	0	0	0	0	0	0	0	0	
752351	0	0	0	0	0	0	0	83	0	0	0	0	0	0	0	0	
753105	0	0	0	0	0	0	5	90	0	0	0	0	0	0	0	0	
753857	0	0	0	0	0	0	0	91	0	0	0	0	0	0	0	0	
754610	0	0	0	0	0	0	0	95	0	0	0	0	0	0	0	0	
755361	0	0	0	0	0	0	0	97	0	0	0	0	0	0	0	0	
756110	0	0	0	0	0	0	0	91	0	0	0	0	0	0	0	0	
756858	0	0	0	0	0	0	0	115	0	0	0	0	0	0	0	0	
757606	0	0	0	0	0	0	0	87	0	0	0	0	0	0	0	0	
758357	0	0	0	0	0	0	0	0	89	0	0	0	0	0	0	0	
759107	0	0	0	0	0	0	0	0	89	0	0	0	0	0	0	0	
759851	0	0	0	0	0	0	0	0	79	0	0	0	0	0	0	0	
760602	0	0	0	0	0	0	0	0	115	0	0	0	0	0	0	0	
761355	0	0	0	0	0	0	0	0	99	0	0	0	0	0	0	0	
762106	0	0	0	0	0	0	0	0	83	0	0	0	0	0	0	0	
762855	0	0	0	0	0	0	0	0	89	0	0	0	0	0	0	0	
763605	0	0	0	0	0	0	0	0	81	0	0	0	0	0	0	0	
764354	0	0	0	0	0	0	0	0	89	0	0	0	0	0	0	0	
765103	0	0	0	0	0	0	0	0	89	0	0	0	0	0	0	0	
765853	0	0	0	0	0	0	0	0	93	0	0	0	0	0	0	0	
766605	0	0	0	0	0	0	0	0	97	0	0	0	0	0	0	0	
767355	0	0	0	0	0	0	0	0	77	0	0	0	0	0	0	0	
768104	0	0	0	0	0	0	0	0	87	0	0	0	0	0	0	0	
768854	0	0	0	0	0	0	0	0	71	0	0	0	0	0	0	0	
769601	0	0	0	0	0	0	0	0	91	0	0	0	0	0	0	0	
770348	0	0	0	0	0	0	0	0	89	0	0	0	0	0	0	0	
771099	0	0	0	0	0	0	0	0	89	0	0	0	0	0	0	0	
771846	0	0	0	0	0	0	0	0	93	0	0	0	0	0	0	0	
772598	0	0	0	0	0	0	0	0	89	0	0	0	0	0	0	0	
773345	0	0	0	0	0	0	0	0	99	0	0	0	0	0	0	0	
774094	0	0	0	0	0	0	0	0	0	81	0	0	0	0	0	0	
774840	0	0	0	0	0	0	0	0	0	83	0	0	0	0	0	0	
775591	0	0	0	0	0	0	0	0	0	75	0	0	0	0	0	0	
776342	0	0	0	0	0	0	0	0	0	77	0	0	0	0	0	0	
777088	0	0	0	0	0	0	0	0	0	97	0	0	0	0	0	0	
777838	0	0	0	0	0	0	0	0	0	79	0	0	0	0	0	0	
778591	0	0	0	0	0	0	0	0	0	87	0	0	0	0	0	0	
779342	0	0	0	0	0	0	0	0	0	99	0	0	0	0	0	0	
780093	0	0	0	0	0	0	0	0	0	63	0	0	0	0	0	0	
780843	0	0	0	0	0	0	0	0	0	95	0	0	0	0	0	0	
781594	0	0	0	0	0	0	0	0	0	97	0	0	0	0	0	0	
782346	0	0	0	0	0	0	0	0	97	0	0	0	0	0	0	0	
783094	0	0	0	0	0	0	0	0	73	0	0	0	0	0	0	0	
783842	0	0	0	0	0	0	0	0	85	0	0	0	0	0	0	0	
784593	0	0	0	0	0	0	0	0	77	0	0	0	0	0	0	0	
785345	0	0	0	0	0	0	0	0	97	0	0	0	0	0	0	0	
786097	0	0	0	0	0	0	0	0	65	0	0	0	0	0	0	0	
786850	0	0	0	0	0	0	0	0	99	0	0	0	0	0	0	0	
787601	0	0	0	0	0	0	0	0	85	0	0	0	0	0	0	0	
788350	0	0	0	0	0	0	0	0	97	0	0	0	0	0	0	0	
789100	0	0	0	0	0	0	0	0	89	0	0	0	0	0	0	0	
789853	0	0	0	0	0	0	0	0	89	0	0	0	0	0	0	0	
790602	0	0	0	0	0	0	0	0	79	0	0	0	0	0	0	0	
791351	0	0	0	0	0	0	0	0	83	0	0	0	0	0	0	0	
792101	0	0	0	0	0	0	0	0	99	0	0	0	0	0	0	0	
792850	0	0	0	0	0	0	0	0	87	0	0	0	0	0	0	0	
793600	0	0	0	0	0	0	0	0	85	0	0	0	0	0	0	0	
794349	0	0	0	0	0	0	0	0	91	0	0	0	0	0	0	0	
795098	0	0	0	0	0	0	0	0	83	0	0	0	0	0	0	0	
795850	0	0	0	0	0	0	0	0	97	0	0	0	0	0	0	0	
796600	0	0	0	0	0	0	0	0	81	0	0	0	0	0	0	0	
797346	0	0	0	0	0	0	0	0	107	0	0	0	0	0	0	0	
798095	0	0	0	0	0	0	0	0	73	0	0	0	0	0	0	0	
798848	0	0	0	0	0	0	0	0	87	0	0	0	0	0	0	0	
799595	0	0	0	0	0	0	0	0	79	0	0	0	0	0	0	0	
800347	0	0	0	0	0	0	0	0	81	0	0	0	0	0	0	0	
801096	0	0	0	0	0	0	0	0	83	0	0	0	0	0	0	0	
801844	0	0	0	0	0	0	0	0	87	0	0	0	0	0	0	0	
802595	0	0	0	0	0	0	0	0	81	0	0	0	0	0	0	0	
803341	0	0	0	0	0	0	0	0	79	0	0	0	0	0	0	0	
804093	0	0	0	0	0	0	0	0	83	0	0	0	0	0	0	0	
804845	0	0	0	0	0	0	0	0	93	0	0	0	0	0	0	0	
805593	0	0	0	0	0	0	0	0	87	0	0	0	0	0	0	0	
806341	0	0	0	0	0	0	0	0	77	0	0	0	0	0	0	0	
807088	0	0	0	0	0	0	0	0	85	0	0	0	0	0	0	0	
807837	0	0	0	0	0	0	0	0	81	0	0	0	0	0	0	0	
808587	0	0	0	0	0	0	0	0	73	0	0	0	0	0	0	0	
809338	0	0	0	0	0	0	0	0	97	0	0	0	0	0	0	0	
810086	0	0	0	0	0	0	0	0	105	0	0	0	0	0	0	0	
810838	0	0	0	0	0	0	0	0	73	0	0	0	0	0	0	0	
811584	0	0	0	0	0	0	0	0	87	0	0	0	0	0	0	0	
812332	0	0	0	0	0	0	0	0	37	36	0	0	0	0	0	0	
813084	0	0	0	0	0	0	0	0	0	91	0	0	0	0	0	0	
813835	0	0	0	0	0	0	0	0	0	99	0	0	0	0	0	0	
814585	0	0	0	0	0	0	0	0	0	67	0	0	0	0	0	0	
815337	0	0	0	0	0	0	0	0	0	75	0	0	0	0	0	0	
816086	0	0	0	0	0	0	0	0	0	73	0	0	0	0	0	0	
816841	0	0	0	0	0	0	0	0	0	71	0	0	0	0	0	0	
817589	0	0	0	0	0	0	0	0	0	69	0	0	0	0	0	0	
818340	0	0	0	0	0	0	0	0	0	77	0	0	0	0	0	0	
819092	0	0	0	0	0	0	0	0	0	87	0	0	0	0	0	0	
819843	0	0	0	0	0	0	0	0	0	69	0	0	0	0	0	0	
820592	0	0	0	0	0	0	0	0	0	89	0	0	0	0	0	0	
821341	0	0	0	0	0	0	0	0	0	71	0	0	0	0	0	0	
822089	0	0	0	0	0	0	0	0	0	97	0	0	0	0	0	0	
822841	0	0	0	0	0	0	0	0	0	69	0	0	0	0	0	0	
823589	0	0	0	0	0	0	0	0	0	99	0	0	0	0	0	0	
824339	0	0	0	0	0	0	0	0	0	93	0	0	0	0	0	0	
825088	0	0	0	0	0	0	0	0	0	77	0	0	0	0	0	0	
825837	0	0	0	0	0	0	0	0	0	77	0	0	0	0	0	0	
826587	0	0	0	0	0	0	0	0	0	85	0	0	0	0	0	0	
827339	0	0	0	0	0	0	0	0	0	79	0	0	0	0	0	0	
828089	0	0	0	0	0	0	0	0	0	75	0	0	0	0	0	0	
828840	0	0	0	0	0	0	0	0	0	81	0	0	0	0	0	0	
829593	0	0	0	0	0	0	0	0	0	87	0	0	0	0	0	0	
830343	0	0	0	0	0	0	0	0	0	93	0	0	0	0	0	0	
831093	0	0	0	0	0	0	0	0	0	87	0	0	0	0	0	0	
831844	0	0	0	0	0	0	0	0	0	77	0	0	0	0	0	0	
832593	0	0	0	0	0	0	0	0	0	73	0	0	0	0	0	0	
833344	0	0	0	0	0	0	0	0	0	65	0	0	0	0	0	0	
834095	0	0	0	0	0	0	0	0	0	77	0	0	0	0	0	0	
834847	0	0	0	0	0	0	0	0	0	85	0	0	0	0	0	0	
835594	0	0	0	0	0	0	0	0	0	79	0	0	0	0	0	0	
836343	0	0	0	0	0	0	0	0	0	81	0	0	0	0	0	0	
837092	0	0	0	0	0	0	0	0	0	77	0	0	0	0	0	0	
837844	0	0	0	0	0	0	0	0	0	95	0	0	0	0	0	0	
838592	0	0	0	0	0	0	0	0	0	87	0	0	0	0	0	0	
839342	0	0	0	0	0	0	0	0	0	77	0	0	0	0	0	0	
840088	0	0	0	0	0	0	0	0	0	77	0	0	0	0	0	0	
840838	0	0	0	0	0	0	0	0	0	83	0	0	0	0	0	0	
841592	0	0	0	0	0	0	0	0	0	67	0	0	0	0	0	0	
842343	0	0	0	0	0	0	0	0	0	79	0	0	0	0	0	0	
843092	0	0	0	0	0	0	0	0	0	81	0	0	0	0	0	0	
843840	0	0	0	0	0	0	0	0	0	77	0	0	0	0	0	0	
844590	0	0	0	0	0	0	0	0	0	67	0	0	0	0	0	0	
845339	0	0	0	0	0	0	0	0	0	91	0	0	0	0	0	0	
846088	0	0	0	0	0	0	0	0	0	69	0	0	0	0	0	0	
846841	0	0	0	0	0	0	0	0	0	69	0	0	0	0	0	0	
847590	0	0	0	0	0	0	0	0	0	85	0	0	0	0	0	0	
848341	0	0	0	0	0	0	0	0	0	103	0	0	0	0	0	0	
849087	0	0	0	0	0	0	0	0	0	77	0	0	0	0	0	0	
849835	0	0	0	0	0	0	0	0	0	89	0	0	0	0	0	0	
850586	0	0	0	0	0	0	0	0	0	85	0	0	0	0	0	0	
851335	0	0	0	0	0	0	0	0	0	87	0	0	0	0	0	0	
852084	0	0	0	0	0	0	0	0	0	73	0	0	0	0	0	0	
852837	0	0	0	0	0	0	0	0	0	81	0	0	0	0	0	0	
853586	0	0	0	0	0	0	0	0	0	73	0	0	0	0	0	0	
854339	0	0	0	0	0	0	0	0	0	71	0	0	0	0	0	0	
855089	0	0	0	0	0	0	0	0	0	81	0	0	0	0	0	0	
855842	0	0	0	0	0	0	0	0	0	89	0	0	0	0	0	0	
856592	0	0	0	0	0	0	0	0	0	75	0	0	0	0	0	0	
857338	0	0	0	0	0	0	0	0	0	69	0	0	0	0	0	0	
858086	0	0	0	0	0	0	0	0	0	79	0	0	0	0	0	0	
858837	0	0	0	0	0	0	0	0	0	83	0	0	0	0	0	0	
859587	0	0	0	0	0	0	0	0	0	79	0	0	0	0	0	0	
860335	0	0	0	0	0	0	0	0	0	77	0	0	0	0	0	0	
861086	0	0	0	0	0	0	0	0	0	81	0	0	0	0	0	0	
861838	0	0	0	0	0	0	0	0	0	79	0	0	0	0	0	0	
862588	0	0	0	0	0	0	0	0	0	79	0	0	0	0	0	0	
863341	0	0	0	0	0	0	0	0	0	70	5	0	0	0	0	0	
864089	0	0	0	0	0	0	0	0	0	79	0	0	0	0	0	0	
864838	0	0	0	0	0	0	0	0	0	71	0	0	0	0	0	0	
865590	0	0	0	0	0	0	0	0	0	85	0	0	0	0	0	0	
866341	0	0	0	0	0	0	0	0	0	75	0	0	0	0	0	0	
867089	0	0	0	0	0	0	0	0	0	75	0	0	0	0	0	0	
867837	0	0	0	0	0	0	0	0	0	75	0	0	0	0	0	0	
868591	0	0	0	0	0	0	0	0	0	85	0	0	0	0	0	0	
869340	0	0	0	0	0	0	0	0	0	77	0	0	0	0	0	0	
870088	0	0	0	0	0	0	0	0	0	87	0	0	0	0	0	0	
870837	0	0	0	0	0	0	0	0	0	95	0	0	0	0	0	0	
871587	0	0	0	0	0	0	0	0	0	91	0	0	0	0	0	0	
872334	0	0	0	0	0	0	0	0	0	87	0	0	0	0	0	0	
873086	0	0	0	0	0	0	0	0	0	69	0	0	0	0	0	0	
873834	0	0	0	0	0	0	0	0	0	65	0	0	0	0	0	0	
874580	0	0	0	0	0	0	0	0	0	81	0	0	0	0	0	0	
875334	0	0	0	0	0	0	0	0	0	85	0	0	0	0	0	0	
876085	0	0	0	0	0	0	0	0	0	67	0	0	0	0	0	0	
876835	0	0	0	0	0	0	0	0	0	77	0	0	0	0	0	0	
877585	0	0	0	0	0	0	0	0	0	93	0	0	0	0	0	0	
878334	0	0	0	0	0	0	0	0	0	71	0	0	0	0	0	0	
879086	0	0	0	0	0	0	0	0	0	73	0	0	0	0	0	0	
879835	0	0	0	0	0	0	0	0	0	89	0	0	0	0	0	0	
880581	0	0	0	0	0	0	0	0	0	71	0	0	0	0	0	0	
881332	0	0	0	0	0	0	0	0	0	81	0	0	0	0	0	0	
882081	0	0	0	0	0	0	0	0	0	75	0	0	0	0	0	0	
882832	0	0	0	0	0	0	0	0	0	57	0	0	0	0	0	0	
883584	0	0	0	0	0	0	0	0	0	75	0	0	0	0	0	0	
884335	0	0	0	0	0	0	0	0	0	85	0	0	0	0	0	0	
885083	0	0	0	0	0	0	0	0	0	63	0	0	0	0	0	0	
885836	0	0	0	0	0	0	0	0	0	93	0	0	0	0	0	0	
886584	0	0	0	0	0	0	0	0	0	75	0	0	0	0	0	0	
887333	0	0	0	0	0	0	0	0	0	81	0	0	0	0	0	0	
888081	0	0	0	0	0	0	0	0	0	93	0	0	0	0	0	0	
888828	0	0	0	0	0	0	0	0	0	79	0	0	0	0	0	0	
889582	0	0	0	0	0	0	0	0	0	79	0	0	0	0	0	0	
890329	0	0	0	0	0	0	0	0	0	91	0	0	0	0	0	0	
891077	0	0	0	0	0	0	0	0	0	77	0	0	0	0	0	0	
891829	0	0	0	0	0	0	0	0	0	87	0	0	0	0	0	0	
892577	0	0	0	0	0	0	0	0	0	79	0	0	0	0	0	0	
893328	0	0	0	0	0	0	0	0	0	79	0	0	0	0	0	0	
894077	0	0	0	0	0	0	0	0	0	73	0	0	0	0	0	0	
894827	0	0	0	0	0	0	0	0	0	0	81	0	0	0	0	0	
895576	0	0	0	0	0	0	0	0	0	0	79	0	0	0	0	0	
896323	0	0	0	0	0	0	0	0	0	0	75	0	0	0	0	0	
897074	0	0	0	0	0	0	0	0	0	0	69	0	0	0	0	0	
897824	0	0	0	0	0	0	0	0	0	0	71	0	0	0	0	0	
898576	0	0	0	0	0	0	0	0	0	0	65	0	0	0	0	0	
899323	0	0	0	0	0	0	0	0	0	0	79	0	0	0	0	0	
900071	0	0	0	0	0	0	0	0	0	0	81	0	0	0	0	0	
900823	0	0	0	0	0	0	0	0	0	0	75	0	0	0	0	0	
901573	0	0	0	0	0	0	0	0	0	0	91	0	0	0	0	0	
902326	0	0	0	0	0	0	0	0	0	0	0	63	0	0	0	0	
903080	0	0	0	0	0	0	0	0	0	0	0	67	0	0	0	0	
903832	0	0	0	0	0	0	0	0	0	0	0	61	0	0	0	0	
904581	0	0	0	0	0	0	0	0	0	0	0	77	0	0	0	0	
905332	0	0	0	0	0	0	0	0	0	0	0	75	0	0	0	0	
906084	0	0	0	0	0	0	0	0	0	0	0	79	0	0	0	0	
906833	0	0	0	0	0	0	0	0	0	0	0	73	0	0	0	0	
907586	0	0	0	0	0	0	0	0	0	0	0	0	63	0	0	0	
908336	0	0	0	0	0	0	0	0	0	0	0	0	71	0	0	0	
909087	0	0	0	0	0	0	0	0	0	0	0	0	71	0	0	0	
909834	0	0	0	0	0	0	0	0	0	0	0	0	65	0	0	0	
910584	0	0	0	0	0	0	0	0	0	0	0	0	65	0	0	0	
911336	0	0	0	0	0	0	0	0	0	0	0	0	73	0	0	0	
912086	0	0	0	0	0	0	0	0	0	0	0	0	65	0	0	0	
912834	0	0	0	0	0	0	0	0	0	0	0	0	59	0	0	0	
913581	0	0	0	0	0	0	0	0	0	0	0	0	73	0	0	0	
914331	0	0	0	0	0	0	0	0	0	0	0	0	53	0	0	0	
915082	0	0	0	0	0	0	0	0	0	0	0	0	59	0	0	0	
915833	0	0	0	0	0	0	0	0	0	0	0	0	43	0	0	0	
916582	0	0	0	0	0	0	0	0	0	0	0	0	57	0	0	0	
917331	0	0	0	0	0	0	0	0	0	0	0	0	57	0	0	0	
918083	0	0	0	0	0	0	0	0	0	0	0	0	63	0	0	0	
918831	0	0	0	0	0	0	0	0	0	0	0	0	71	0	0	0	
919580	0	0	0	0	0	0	0	0	0	0	0	0	73	0	0	0	
920334	0	0	0	0	0	0	0	0	0	0	0	0	57	0	0	0	
921083	0	0	0	0	0	0	0	0	0	0	0	0	0	57	0	0	
921832	0	0	0	0	0	0	0	0	0	0	0	0	71	0	0	0	
922581	0	0	0	0	0	0	0	0	0	0	0	0	69	0	0	0	
923329	0	0	0	0	0	0	0	0	0	0	0	0	63	0	0	0	
924078	0	0	0	0	0	0	0	0	0	0	0	0	57	0	0	0	
924824	0	0	0	0	0	0	0	0	0	0	0	0	49	0	0	0	
925575	0	0	0	0	0	0	0	0	0	0	0	0	61	0	0	0	
926323	0	0	0	0	0	0	0	0	0	0	0	0	75	0	0	0	
927073	0	0	0	0	0	0	0	0	0	0	0	0	77	0	0	0	
927822	0	0	0	0	0	0	0	0	0	0	0	0	53	0	0	0	
928576	0	0	0	0	0	0	0	0	0	0	0	0	61	0	0	0	
929326	0	0	0	0	0	0	0	0	0	0	0	0	61	0	0	0	
930074	0	0	0	0	0	0	0	0	0	0	0	0	69	0	0	0	
930824	0	0	0	0	0	0	0	0	0	0	0	0	57	0	0	0	
931574	0	0	0	0	0	0	0	0	0	0	0	0	71	0	0	0	
932327	0	0	0	0	0	0	0	0	0	0	0	0	47	0	0	0	
933075	0	0	0	0	0	0	0	0	0	0	0	0	65	0	0	0	
933822	0	0	0	0	0	0	0	0	0	0	0	0	61	0	0	0	
934573	0	0	0	0	0	0	0	0	0	0	0	0	67	0	0	0	
935324	0	0	0	0	0	0	0	0	0	0	0	0	61	0	0	0	
936073	0	0	0	0	0	0	0	0	0	0	0	59	0	0	0	0	
936825	0	0	0	0	0	0	0	0	0	0	0	61	0	0	0	0	
937575	0	0	0	0	0	0	0	0	0	0	0	81	0	0	0	0	
938328	0	0	0	0	0	0	0	0	0	0	0	58	13	0	0	0	
939078	0	0	0	0	0	0	0	0	0	0	0	77	0	0	0	0	
939828	0	0	0	0	0	0	0	0	0	0	0	87	0	0	0	0	
940577	0	0	0	0	0	0	0	0	0	0	0	69	0	0	0	0	
941331	0	0	0	0	0	0	0	0	0	0	0	67	0	0	0	0	
942080	0	0	0	0	0	0	0	0	0	0	0	69	0	0	0	0	
942827	0	0	0	0	0	0	0	0	0	0	0	63	0	0	0	0	
943579	0	0	0	0	0	0	0	0	0	0	0	53	0	0	0	0	
944326	0	0	0	0	0	0	0	0	0	0	0	51	0	0	0	0	
945078	0	0	0	0	0	0	0	0	0	0	0	59	0	0	0	0	
945830	0	0	0	0	0	0	0	0	0	0	0	79	0	0	0	0	
946578	0	0	0	0	0	0	0	0	0	0	0	61	0	0	0	0	
947326	0	0	0	0	0	0	0	0	0	0	0	65	0	0	0	0	
948077	0	0	0	0	0	0	0	0	0	0	0	57	0	0	0	0	
948824	0	0	0	0	0	0	0	0	0	0	0	69	0	0	0	0	
949573	0	0	0	0	0	0	0	0	0	0	0	71	0	0	0	0	
950325	0	0	0	0	0	0	0	0	0	0	0	61	0	0	0	0	
951073	0	0	0	0	0	0	0	0	0	0	0	71	0	0	0	0	
951823	0	0	0	0	0	0	0	0	0	0	0	73	0	0	0	0	
952572	0	0	0	0	0	0	0	0	0	0	0	67	0	0	0	0	
953322	0	0	0	0	0	0	0	0	0	0	0	57	0	0	0	0	
954073	0	0	0	0	0	0	0	0	0	0	0	73	0	0	0	0	
954824	0	0	0	0	0	0	0	0	0	0	0	69	0	0	0	0	
955575	0	0	0	0	0	0	0	0	0	0	0	61	0	0	0	0	
956327	0	0	0	0	0	0	0	0	0	0	0	63	0	0	0	0	
957076	0	0	0	0	0	0	0	0	0	0	0	77	0	0	0	0	
957823	0	0	0	0	0	0	0	0	0	0	0	0	57	0	0	0	
958573	0	0	0	0	0	0	0	0	0	0	0	0	57	0	0	0	
959319	0	0	0	0	0	0	0	0	0	0	0	57	0	0	0	0	
960070	0	0	0	0	0	0	0	0	0	0	0	67	0	0	0	0	
960820	0	0	0	0	0	0	0	0	0	0	73	0	0	0	0	0	
961569	0	0	0	0	0	0	0	0	0	0	75	0	0	0	0	0	
962318	0	0	0	0	0	0	0	0	0	0	63	0	0	0	0	0	
963071	0	0	0	0	0	0	0	0	0	0	75	0	0	0	0	0	
963820	0	0	0	0	0	0	0	0	0	0	57	0	0	0	0	0	
964573	0	0	0	0	0	0	0	0	0	0	79	0	0	0	0	0	
965322	0	0	0	0	0	0	0	0	0	0	69	0	0	0	0	0	
966074	0	0	0	0	0	0	0	0	0	0	69	0	0	0	0	0	
966821	0	0	0	0	0	0	0	0	0	0	71	0	0	0	0	0	
967570	0	0	0	0	0	0	0	0	0	0	77	0	0	0	0	0	
968317	0	0	0	0	0	0	0	0	0	0	69	0	0	0	0	0	
969068	0	0	0	0	0	0	0	0	0	0	71	0	0	0	0	0	
969818	0	0	0	0	0	0	0	0	0	0	81	0	0	0	0	0	
970569	0	0	0	0	0	0	0	0	0	0	71	0	0	0	0	0	
971320	0	0	0	0	0	0	0	0	0	0	79	0	0	0	0	0	
972070	0	0	0	0	0	0	0	0	0	0	77	0	0	0	0	0	
972819	0	0	0	0	0	0	0	0	0	0	75	0	0	0	0	0	
973572	0	0	0	0	0	0	0	0	0	0	93	0	0	0	0	0	
974323	0	0	0	0	0	0	0	0	0	0	81	0	0	0	0	0	
975072	0	0	0	0	0	0	0	0	0	0	75	0	0	0	0	0	
975821	0	0	0	0	0	0	0	0	0	53	20	0	0	0	0	0	
976571	0	0	0	0	0	0	0	0	0	77	0	0	0	0	0	0	
977319	0	0	0	0	0	0	0	0	0	87	0	0	0	0	0	0	
978069	0	0	0	0	0	0	0	0	0	75	0	0	0	0	0	0	
978822	0	0	0	0	0	0	0	0	0	87	0	0	0	0	0	0	
979572	0	0	0	0	0	0	0	0	0	97	0	0	0	0	0	0	
980321	0	0	0	0	0	0	0	0	0	79	0	0	0	0	0	0	
981072	0	0	0	0	0	0	0	0	0	71	0	0	0	0	0	0	
981819	0	0	0	0	0	0	0	0	0	81	0	0	0	0	0	0	
982569	0	0	0	0	0	0	0	0	0	93	0	0	0	0	0	0	
983318	0	0	0	0	0	0	0	0	0	69	0	0	0	0	0	0	
984072	0	0	0	0	0	0	0	0	0	87	0	0	0	0	0	0	
984818	0	0	0	0	0	0	0	0	0	69	0	0	0	0	0	0	
985569	0	0	0	0	0	0	0	0	0	67	0	0	0	0	0	0	
986323	0	0	0	0	0	0	0	0	0	89	0	0	0	0	0	0	
987073	0	0	0	0	0	0	0	0	0	75	0	0	0	0	0	0	
987823	0	0	0	0	0	0	0	0	0	77	0	0	0	0	0	0	
988573	0	0	0	0	0	0	0	0	0	81	0	0	0	0	0	0	
989322	0	0	0	0	0	0	0	0	0	69	0	0	0	0	0	0	
990071	0	0	0	0	0	0	0	0	0	73	0	0	0	0	0	0	
990823	0	0	0	0	0	0	0	0	0	77	0	0	0	0	0	0	
991575	0	0	0	0	0	0	0	0	0	71	0	0	0	0	0	0	
992326	0	0	0	0	0	0	0	0	0	79	0	0	0	0	0	0	
993075	0	0	0	0	0	0	0	0	0	77	0	0	0	0	0	0	
993827	0	0	0	0	0	0	0	0	0	81	0	0	0	0	0	0	
994576	0	0	0	0	0	0	0	0	0	83	0	0	0	0	0	0	
995327	0	0	0	0	0	0	0	0	0	85	0	0	0	0	0	0	
996075	0	0	0	0	0	0	0	0	0	83	0	0	0	0	0	0	
996825	0	0	0	0	0	0	0	0	0	89	0	0	0	0	0	0	
997575	0	0	0	0	0	0	0	0	0	83	0	0	0	0	0	0	
998328	0	0	0	0	0	0	0	0	0	71	0	0	0	0	0	0	
999075	0	0	0	0	0	0	0	0	0	83	0	0	0	0	0	0	
999824	0	0	0	0	0	0	0	0	0	77	0	0	0	0	0	0	
1.00057e+06	0	0	0	0	0	0	0	0	0	79	0	0	0	0	0	0	
1.00132e+06	0	0	0	0	0	0	0	0	0	83	0	0	0	0	0	0	
1.00207e+06	0	0	0	0	0	0	0	0	0	73	0	0	0	0	0	0	
1.00282e+06	0	0	0	0	0	0	0	0	0	73	0	0	0	0	0	0	
1.00357e+06	0	0	0	0	0	0	0	0	0	83	0	0	0	0	0	0	
1.00432e+06	0	0	0	0	0	0	0	0	0	79	0	0	0	0	0	0	
1.00507e+06	0	0	0	0	0	0	0	0	0	65	0	0	0	0	0	0	
1.00583e+06	0	0	0	0	0	0	0	0	0	83	0	0	0	0	0	0	
1.00657e+06	0	0	0	0	0	0	0	0	0	91	0	0	0	0	0	0	
1.00732e+06	0	0	0	0	0	0	0	0	0	75	0	0	0	0	0	0	
1.00808e+06	0	0	0	0	0	0	0	0	0	87	0	0	0	0	0	0	
1.00882e+06	0	0	0	0	0	0	0	0	0	87	0	0	0	0	0	0	
1.00957e+06	0	0	0	0	0	0	0	0	0	87	0	0	0	0	0	0	
1.01032e+06	0	0	0	0	0	0	0	0	0	83	0	0	0	0	0	0	
1.01107e+06	0	0	0	0	0	0	0	0	0	85	0	0	0	0	0	0	
1.01183e+06	0	0	0	0	0	0	0	0	0	91	0	0	0	0	0	0	
1.01258e+06	0	0	0	0	0	0	0	0	0	93	0	0	0	0	0	0	
1.01332e+06	0	0	0	0	0	0	0	0	0	85	0	0	0	0	0	0	
1.01407e+06	0	0	0	0	0	0	0	0	0	79	0	0	0	0	0	0	
1.01482e+06	0	0	0	0	0	0	0	0	0	73	0	0	0	0	0	0	
1.01558e+06	0	0	0	0	0	0	0	0	0	85	0	0	0	0	0	0	
1.01633e+06	0	0	0	0	0	0	0	0	0	87	0	0	0	0	0	0	
1.01708e+06	0	0	0	0	0	0	0	0	0	77	0	0	0	0	0	0	
1.01783e+06	0	0	0	0	0	0	0	0	0	93	0	0	0	0	0	0	
1.01858e+06	0	0	0	0	0	0	0	0	0	0	83	0	0	0	0	0	
1.01933e+06	0	0	0	0	0	0	0	0	0	0	73	0	0	0	0	0	
1.02008e+06	0	0	0	0	0	0	0	0	0	0	57	0	0	0	0	0	
1.02083e+06	0	0	0	0	0	0	0	0	0	0	71	0	0	0	0	0	
1.02158e+06	0	0	0	0	0	0	0	0	0	0	73	0	0	0	0	0	
1.02232e+06	0	0	0	0	0	0	0	0	0	0	75	0	0	0	0	0	
1.02308e+06	0	0	0	0	0	0	0	0	0	0	67	0	0	0	0	0	
1.02383e+06	0	0	0	0	0	0	0	0	0	0	61	0	0	0	0	0	
1.02457e+06	0	0	0	0	0	0	0	0	0	0	67	0	0	0	0	0	
1.02532e+06	0	0	0	0	0	0	0	0	0	0	75	0	0	0	0	0	
1.02607e+06	0	0	0	0	0	0	0	0	0	0	61	0	0	0	0	0	
1.02683e+06	0	0	0	0	0	0	0	0	0	0	89	0	0	0	0	0	
1.02758e+06	0	0	0	0	0	0	0	0	0	0	79	0	0	0	0	0	
1.02833e+06	0	0	0	0	0	0	0	0	0	1	72	0	0	0	0	0	
1.02908e+06	0	0	0	0	0	0	0	0	0	0	69	0	0	0	0	0	
1.02983e+06	0	0	0	0	0	0	0	0	0	0	69	0	0	0	0	0	
1.03058e+06	0	0	0	0	0	0	0	0	0	0	69	0	0	0	0	0	
1.03133e+06	0	0	0	0	0	0	0	0	0	0	85	0	0	0	0	0	
1.03208e+06	0	0	0	0	0	0	0	0	0	0	75	0	0	0	0	0	
1.03283e+06	0	0	0	0	0	0	0	0	0	0	83	0	0	0	0	0	
1.03358e+06	0	0	0	0	0	0	0	0	0	0	65	0	0	0	0	0	
1.03433e+06	0	0	0	0	0	0	0	0	0	0	69	0	0	0	0	0	
1.03509e+06	0	0	0	0	0	0	0	0	0	0	65	0	0	0	0	0	
1.03583e+06	0	0	0	0	0	0	0	0	0	0	83	0	0	0	0	0	
1.03659e+06	0	0	0	0	0	0	0	0	0	0	73	0	0	0	0	0	
1.03734e+06	0	0	0	0	0	0	0	0	0	0	73	0	0	0	0	0	
1.03809e+06	0	0	0	0	0	0	0	0	0	0	77	0	0	0	0	0	
1.03884e+06	0	0	0	0	0	0	0	0	0	0	77	0	0	0	0	0	
1.03959e+06	0	0	0	0	0	0	0	0	0	0	57	0	0	0	0	0	
1.04034e+06	0	0	0	0	0	0	0	0	0	0	75	0	0	0	0	0	
1.04109e+06	0	0	0	0	0	0	0	0	0	75	0	0	0	0	0	0	
1.04184e+06	0	0	0	0	0	0	0	0	0	89	0	0	0	0	0	0	
1.04259e+06	0	0	0	0	0	0	0	0	0	79	0	0	0	0	0	0	
1.04334e+06	0	0	0	0	0	0	0	0	0	73	0	0	0	0	0	0	
1.04409e+06	0	0	0	0	0	0	0	0	0	91	0	0	0	0	0	0	
1.04484e+06	0	0	0	0	0	0	0	0	0	67	0	0	0	0	0	0	
1.04559e+06	0	0	0	0	0	0	0	0	0	79	0	0	0	0	0	0	
1.04634e+06	0	0	0	0	0	0	0	0	0	95	0	0	0	0	0	0	
1.04708e+06	0	0	0	0	0	0	0	0	0	81	0	0	0	0	0	0	
1.04784e+06	0	0	0	0	0	0	0	0	0	77	0	0	0	0	0	0	
1.04859e+06	0	0	0	0	0	0	0	0	0	81	0	0	0	0	0	0	
1.04933e+06	0	0	0	0	0	0	0	0	0	95	0	0	0	0	0	0	
1.05009e+06	0	0	0	0	0	0	0	0	0	77	0	0	0	0	0	0	
1.05084e+06	0	0	0	0	0	0	0	0	0	67	0	0	0	0	0	0	
1.05158e+06	0	0	0	0	0	0	0	0	0	79	0	0	0	0	0	0	
1.05233e+06	0	0	0	0	0	0	0	0	0	75	0	0	0	0	0	0	
1.05308e+06	0	0	0	0	0	0	0	0	0	0	57	0	0	0	0	0	
1.05383e+06	0	0	0	0	0	0	0	0	0	0	65	0	0	0	0	0	
1.05458e+06	0	0	0	0	0	0	0	0	0	0	95	0	0	0	0	0	
1.05533e+06	0	0	0	0	0	0	0	0	0	0	67	0	0	0	0	0	
1.05608e+06	0	0	0	0	0	0	0	0	0	0	75	0	0	0	0	0	
1.05683e+06	0	0	0	0	0	0	0	0	0	0	83	0	0	0	0	0	
1.05759e+06	0	0	0	0	0	0	0	0	0	0	71	0	0	0	0	0	
1.05833e+06	0	0	0	0	0	0	0	0	0	0	79	0	0	0	0	0	
1.05909e+06	0	0	0	0	0	0	0	0	0	0	61	0	0	0	0	0	
1.05983e+06	0	0	0	0	0	0	0	0	0	0	69	0	0	0	0	0	
1.06058e+06	0	0	0	0	0	0	0	0	0	0	81	0	0	0	0	0	
1.06133e+06	0	0	0	0	0	0	0	0	0	0	73	0	0	0	0	0	
1.06208e+06	0	0	0	0	0	0	0	0	0	0	79	0	0	0	0	0	
1.06283e+06	0	0	0	0	0	0	0	0	0	0	79	0	0	0	0	0	
1.06359e+06	0	0	0	0	0	0	0	0	0	0	95	0	0	0	0	0	
1.06434e+06	0	0	0	0	0	0	0	0	0	0	67	0	0	0	0	0	
1.06509e+06	0	0	0	0	0	0	0	0	0	0	77	0	0	0	0	0	
1.06584e+06	0	0	0	0	0	0	0	0	0	0	83	0	0	0	0	0	
1.06658e+06	0	0	0	0	0	0	0	0	0	0	77	0	0	0	0	0	
1.06734e+06	0	0	0	0	0	0	0	0	0	0	0	63	0	0	0	0	
1.06809e+06	0	0	0	0	0	0	0	0	0	0	0	67	0	0	0	0	
1.06884e+06	0	0	0	0	0	0	0	0	0	0	0	59	0	0	0	0	
1.06959e+06	0	0	0	0	0	0	0	0	0	0	0	67	0	0	0	0	
1.07034e+06	0	0	0	0	0	0	0	0	0	0	0	73	0	0	0	0	
1.07109e+06	0	0	0	0	0	0	0	0	0	0	0	65	0	0	0	0	
1.07184e+06	0	0	0	0	0	0	0	0	0	0	0	73	0	0	0	0	
1.07259e+06	0	0	0	0	0	0	0	0	0	0	0	0	55	0	0	0	
1.07334e+06	0	0	0	0	0	0	0	0	0	0	0	0	61	0	0	0	
1.07409e+06	0	0	0	0	0	0	0	0	0	0	0	0	59	0	0	0	
1.07484e+06	0	0	0	0	0	0	0	0	0	0	0	0	59	0	0	0	
1.07559e+06	0	0	0	0	0	0	0	0	0	0	0	0	59	0	0	0	
1.07633e+06	0	0	0	0	0	0	0	0	0	0	0	0	53	0	0	0	
1.07708e+06	0	0	0	0	0	0	0	0	0	0	0	0	61	0	0	0	
1.07783e+06	0	0	0	0	0	0	0	0	0	0	0	0	65	0	0	0	
1.07858e+06	0	0	0	0	0	0	0	0	0	0	0	0	65	0	0	0	
1.07933e+06	0	0	0	0	0	0	0	0	0	0	0	0	55	0	0	0	
1.08008e+06	0	0	0	0	0	0	0	0	0	0	0	0	67	0	0	0	
1.08083e+06	0	0	0	0	0	0	0	0	0	0	0	0	63	0	0	0	
1.08158e+06	0	0	0	0	0	0	0	0	0	0	0	0	59	0	0	0	
1.08233e+06	0	0	0	0	0	0	0	0	0	0	0	0	53	0	0	0	
1.08308e+06	0	0	0	0	0	0	0	0	0	0	0	0	59	0	0	0	
1.08383e+06	0	0	0	0	0	0	0	0	0	0	0	0	81	0	0	0	
1.08458e+06	0	0	0	0	0	0	0	0	0	0	0	0	55	0	0	0	
1.08533e+06	0	0	0	0	0	0	0	0	0	0	0	55	0	0	0	0	
1.08608e+06	0	0	0	0	0	0	0	0	0	0	0	75	0	0	0	0	
1.08683e+06	0	0	0	0	0	0	0	0	0	0	0	69	0	0	0	0	
1.08758e+06	0	0	0	0	0	0	0	0	0	0	0	79	0	0	0	0	
1.08833e+06	0	0	0	0	0	0	0	0	0	0	0	73	0	0	0	0	
1.08908e+06	0	0	0	0	0	0	0	0	0	0	73	0	0	0	0	0	
1.08983e+06	0	0	0	0	0	0	0	0	0	0	53	0	0	0	0	0	
1.09058e+06	0	0	0	0	0	0	0	0	0	0	0	63	0	0	0	0	
1.09133e+06	0	0	0	0	0	0	0	0	0	0	0	69	0	0	0	0	
1.09208e+06	0	0	0	0	0	0	0	0	0	0	0	75	0	0	0	0	
1.09283e+06	0	0	0	0	0	0	0	0	0	0	0	73	0	0	0	0	
1.09358e+06	0	0	0	0	0	0	0	0	0	0	0	0	69	0	0	0	
1.09433e+06	0	0	0	0	0	0	0	0	0	0	0	0	55	0	0	0	
1.09508e+06	0	0	0	0	0	0	0	0	0	0	0	0	55	0	0	0	
1.09583e+06	0	0	0	0	0	0	0	0	0	0	0	41	0	0	0	0	
1.09658e+06	0	0	0	0	0	0	0	0	0	0	0	81	0	0	0	0	
1.09733e+06	0	0	0	0	0	0	0	0	0	0	0	69	0	0	0	0	
1.09808e+06	0	0	0	0	0	0	0	0	0	0	0	49	0	0	0	0	
1.09883e+06	0	0	0	0	0	0	0	0	0	0	0	81	0	0	0	0	
1.09958e+06	0	0	0	0	0	0	0	0	0	0	0	79	0	0	0	0	
1.10033e+06	0	0	0	0	0	0	0	0	0	0	0	73	0	0	0	0	
1.10108e+06	0	0	0	0	0	0	0	0	0	0	0	59	0	0	0	0	
1.10183e+06	0	0	0	0	0	0	0	0	0	0	0	61	0	0	0	0	
1.10258e+06	0	0	0	0	0	0	0	0	0	0	0	69	0	0	0	0	
1.10333e+06	0	0	0	0	0	0	0	0	0	0	0	43	0	0	0	0	
1.10408e+06	0	0	0	0	0	0	0	0	0	0	0	77	0	0	0	0	
1.10483e+06	0	0	0	0	0	0	0	0	0	0	0	63	0	0	0	0	
1.10558e+06	0	0	0	0	0	0	0	0	0	0	0	71	0	0	0	0	
1.10633e+06	0	0	0	0	0	0	0	0	0	0	0	59	0	0	0	0	
1.10708e+06	0	0	0	0	0	0	0	0	0	0	0	73	0	0	0	0	
1.10783e+06	0	0	0	0	0	0	0	0	0	0	0	59	0	0	0	0	
1.10858e+06	0	0	0	0	0	0	0	0	0	0	0	73	0	0	0	0	
1.10933e+06	0	0	0	0	0	0	0	0	0	0	0	71	0	0	0	0	
1.11008e+06	0	0	0	0	0	0	0	0	0	0	0	61	0	0	0	0	
1.11083e+06	0	0	0	0	0	0	0	0	0	0	0	57	0	0	0	0	
1.11158e+06	0	0	0	0	0	0	0	0	0	0	73	0	0	0	0	0	
1.11233e+06	0	0	0	0	0	0	0	0	0	0	71	0	0	0	0	0	
1.11308e+06	0	0	0	0	0	0	0	0	0	0	69	0	0	0	0	0	
1.11383e+06	0	0	0	0	0	0	0	0	0	0	83	0	0	0	0	0	
1.11458e+06	0	0	0	0	0	0	0	0	0	0	77	0	0	0	0	0	
1.11532e+06	0	0	0	0	0	0	0	0	0	0	71	0	0	0	0	0	
1.11607e+06	0	0	0	0	0	0	0	0	0	0	49	12	0	0	0	0	
1.11682e+06	0	0	0	0	0	0	0	0	0	0	69	0	0	0	0	0	
1.11758e+06	0	0	0	0	0	0	0	0	0	0	75	0	0	0	0	0	
1.11832e+06	0	0	0	0	0	0	0	0	0	0	89	0	0	0	0	0	
1.11907e+06	0	0	0	0	0	0	0	0	0	0	77	0	0	0	0	0	
1.11982e+06	0	0	0	0	0	0	0	0	0	0	53	0	0	0	0	0	
1.12057e+06	0	0	0	0	0	0	0	0	0	0	61	0	0	0	0	0	
1.12132e+06	0	0	0	0	0	0	0	0	0	0	63	0	0	0	0	0	
1.12207e+06	0	0	0	0	0	0	0	0	0	0	67	0	0	0	0	0	
1.12282e+06	0	0	0	0	0	0	0	0	0	0	71	0	0	0	0	0	
1.12357e+06	0	0	0	0	0	0	0	0	0	87	0	0	0	0	0	0	
1.12433e+06	0	0	0	0	0	0	0	0	0	81	0	0	0	0	0	0	
1.12508e+06	0	0	0	0	0	0	0	0	0	87	0	0	0	0	0	0	
1.12583e+06	0	0	0	0	0	0	0	0	0	81	0	0	0	0	0	0	
1.12658e+06	0	0	0	0	0	0	0	0	0	91	0	0	0	0	0	0	
1.12733e+06	0	0	0	0	0	0	0	0	0	81	0	0	0	0	0	0	
1.12808e+06	0	0	0	0	0	0	0	0	0	75	0	0	0	0	0	0	
1.12883e+06	0	0	0	0	0	0	0	0	0	87	0	0	0	0	0	0	
1.12958e+06	0	0	0	0	0	0	0	0	0	61	0	0	0	0	0	0	
1.13032e+06	0	0	0	0	0	0	0	0	0	71	0	0	0	0	0	0	
1.13107e+06	0	0	0	0	0	0	0	0	0	91	0	0	0	0	0	0	
1.13182e+06	0	0	0	0	0	0	0	0	0	97	0	0	0	0	0	0	
1.13257e+06	0	0	0	0	0	0	0	0	0	85	0	0	0	0	0	0	
1.13332e+06	0	0	0	0	0	0	0	0	0	101	0	0	0	0	0	0	
1.13407e+06	0	0	0	0	0	0	0	0	97	0	0	0	0	0	0	0	
1.13482e+06	0	0	0	0	0	0	0	0	89	0	0	0	0	0	0	0	
1.13557e+06	0	0	0	0	0	0	0	0	101	0	0	0	0	0	0	0	
1.13632e+06	0	0	0	0	0	0	0	29	58	0	0	0	0	0	0	0	
1.13707e+06	0	0	0	0	0	0	145	0	0	0	0	0	0	0	0	0	
1.13782e+06	0	0	0	0	0	0	113	0	0	0	0	0	0	0	0	0	
1.13857e+06	0	0	0	0	0	0	115	0	0	0	0	0	0	0	0	0	
1.13932e+06	0	0	0	0	0	0	93	0	0	0	0	0	0	0	0	0	
1.14007e+06	0	0	0	0	0	0	109	0	0	0	0	0	0	0	0	0	
1.14082e+06	0	0	0	0	0	0	123	0	0	0	0	0	0	0	0	0	
1.14158e+06	0	0	0	0	0	0	111	0	0	0	0	0	0	0	0	0	
1.14233e+06	0	0	0	0	0	0	127	0	0	0	0	0	0	0	0	0	
1.14308e+06	0	0	0	0	0	0	103	0	0	0	0	0	0	0	0	0	
1.14383e+06	0	0	0	0	0	0	97	0	0	0	0	0	0	0	0	0	
1.14458e+06	0	0	0	0	0	121	0	0	0	0	0	0	0	0	0	0	
1.14533e+06	0	0	0	0	0	133	0	0	0	0	0	0	0	0	0	0	
1.14609e+06	0	0	0	0	0	133	0	0	0	0	0	0	0	0	0	0	
1.14684e+06	0	0	0	0	0	123	0	0	0	0	0	0	0	0	0	0	
1.14759e+06	0	0	0	0	0	133	0	0	0	0	0	0	0	0	0	0	
1.14834e+06	0	0	0	0	0	121	0	0	0	0	0	0	0	0	0	0	
1.14909e+06	0	0	0	0	0	135	0	0	0	0	0	0	0	0	0	0	
1.14984e+06	0	0	0	0	0	129	0	0	0	0	0	0	0	0	0	0	
1.1506e+06	0	0	0	0	0	127	0	0	0	0	0	0	0	0	0	0	
1.15134e+06	0	0	0	0	0	135	0	0	0	0	0	0	0	0	0	0	
1.15209e+06	0	0	0	0	0	137	0	0	0	0	0	0	0	0	0	0	
1.15285e+06	0	0	0	0	0	125	0	0	0	0	0	0	0	0	0	0	
1.1536e+06	0	0	0	0	0	149	0	0	0	0	0	0	0	0	0	0	
1.15435e+06	0	0	0	0	0	139	0	0	0	0	0	0	0	0	0	0	
1.1551e+06	0	0	0	0	0	143	0	0	0	0	0	0	0	0	0	0	
1.15585e+06	0	0	0	0	0	137	0	0	0	0	0	0	0	0	0	0	
1.1566e+06	0	0	0	0	0	129	0	0	0	0	0	0	0	0	0	0	
1.15735e+06	0	0	0	0	0	129	0	0	0	0	0	0	0	0	0	0	
1.1581e+06	0	0	0	0	0	151	0	0	0	0	0	0	0	0	0	0	
1.15885e+06	0	0	0	0	0	135	0	0	0	0	0	0	0	0	0	0	
1.1596e+06	0	0	0	0	0	125	0	0	0	0	0	0	0	0	0	0	
1.16034e+06	0	0	0	0	0	131	0	0	0	0	0	0	0	0	0	0	
1.16109e+06	0	0	0	0	0	147	0	0	0	0	0	0	0	0	0	0	
1.16184e+06	0	0	0	0	0	151	0	0	0	0	0	0	0	0	0	0	
1.16259e+06	0	0	0	0	0	135	0	0	0	0	0	0	0	0	0	0	
1.16334e+06	0	0	0	0	0	125	0	0	0	0	0	0	0	0	0	0	
1.1641e+06	0	0	0	0	0	141	0	0	0	0	0	0	0	0	0	0	
1.16485e+06	0	0	0	0	0	133	0	0	0	0	0	0	0	0	0	0	
1.1656e+06	0	0	0	0	0	121	0	0	0	0	0	0	0	0	0	0	
1.16635e+06	0	0	0	0	0	135	0	0	0	0	0	0	0	0	0	0	
1.16709e+06	0	0	0	0	0	125	0	0	0	0	0	0	0	0	0	0	
1.16785e+06	0	0	0	0	0	135	0	0	0	0	0	0	0	0	0	0	
1.16859e+06	0	0	0	0	0	143	0	0	0	0	0	0	0	0	0	0	
1.16934e+06	0	0	0	0	0	127	0	0	0	0	0	0	0	0	0	0	
1.1701e+06	0	0	0	0	0	135	0	0	0	0	0	0	0	0	0	0	
1.17085e+06	0	0	0	0	0	120	11	0	0	0	0	0	0	0	0	0	
1.1716e+06	0	0	0	0	0	135	0	0	0	0	0	0	0	0	0	0	
1.17235e+06	0	0	0	0	0	143	0	0	0	0	0	0	0	0	0	0	
1.1731e+06	0	0	0	0	0	131	0	0	0	0	0	0	0	0	0	0	
1.17384e+06	0	0	0	0	0	147	0	0	0	0	0	0	0	0	0	0	
1.17459e+06	0	0	0	0	0	135	0	0	0	0	0	0	0	0	0	0	
1.17535e+06	0	0	0	0	0	133	0	0	0	0	0	0	0	0	0	0	
1.17609e+06	0	0	0	0	0	121	0	0	0	0	0	0	0	0	0	0	
1.17684e+06	0	0	0	0	0	125	0	0	0	0	0	0	0	0	0	0	
1.17759e+06	0	0	0	0	0	131	0	0	0	0	0	0	0	0	0	0	
1.17834e+06	0	0	0	0	0	133	0	0	0	0	0	0	0	0	0	0	
1.17909e+06	0	0	0	0	145	0	0	0	0	0	0	0	0	0	0	0	
1.17984e+06	0	0	0	0	149	0	0	0	0	0	0	0	0	0	0	0	
1.18059e+06	0	0	0	0	177	0	0	0	0	0	0	0	0	0	0	0	
1.18135e+06	0	0	0	0	151	0	0	0	0	0	0	0	0	0	0	0	
1.1821e+06	0	0	0	0	122	21	0	0	0	0	0	0	0	0	0	0	
1.18284e+06	0	0	0	0	153	0	0	0	0	0	0	0	0	0	0	0	
1.18359e+06	0	0	0	0	139	0	0	0	0	0	0	0	0	0	0	0	
1.18434e+06	0	0	0	0	153	0	0	0	0	0	0	0	0	0	0	0	
1.18509e+06	0	0	0	0	169	0	0	0	0	0	0	0	0	0	0	0	
1.18584e+06	0	0	0	0	133	0	0	0	0	0	0	0	0	0	0	0	
1.18659e+06	0	0	0	0	151	0	0	0	0	0	0	0	0	0	0	0	
1.18734e+06	0	0	0	0	177	0	0	0	0	0	0	0	0	0	0	0	
1.18809e+06	0	0	0	0	157	0	0	0	0	0	0	0	0	0	0	0	
1.18884e+06	0	0	0	0	173	0	0	0	0	0	0	0	0	0	0	0	
1.18959e+06	0	0	0	0	175	0	0	0	0	0	0	0	0	0	0	0	
1.19034e+06	0	0	0	0	0	129	0	0	0	0	0	0	0	0	0	0	
1.19109e+06	0	0	0	0	0	121	0	0	0	0	0	0	0	0	0	0	
1.19184e+06	0	0	0	0	0	163	0	0	0	0	0	0	0	0	0	0	
1.19259e+06	0	0	0	0	0	155	0	0	0	0	0	0	0	0	0	0	
1.19335e+06	0	0	0	0	173	0	0	0	0	0	0	0	0	0	0	0	
1.1941e+06	0	0	0	0	181	0	0	0	0	0	0	0	0	0	0	0	
1.19485e+06	0	0	0	0	149	0	0	0	0	0	0	0	0	0	0	0	
1.1956e+06	0	0	0	0	179	0	0	0	0	0	0	0	0	0	0	0	
1.19635e+06	0	0	0	0	149	0	0	0	0	0	0	0	0	0	0	0	
1.1971e+06	0	0	0	0	157	0	0	0	0	0	0	0	0	0	0	0	
1.19785e+06	0	0	0	0	149	0	0	0	0	0	0	0	0	0	0	0	
1.1986e+06	0	0	0	0	147	0	0	0	0	0	0	0	0	0	0	0	
1.19935e+06	0	0	0	0	161	0	0	0	0	0	0	0	0	0	0	0	
1.2001e+06	0	0	0	0	139	0	0	0	0	0	0	0	0	0	0	0	
1.20085e+06	0	0	0	3	148	0	0	0	0	0	0	0	0	0	0	0	
1.2016e+06	0	0	0	0	157	0	0	0	0	0	0	0	0	0	0	0	
1.20234e+06	0	0	0	0	165	0	0	0	0	0	0	0	0	0	0	0	
1.2031e+06	0	0	0	0	137	0	0	0	0	0	0	0	0	0	0	0	
1.20384e+06	0	0	0	0	145	0	0	0	0	0	0	0	0	0	0	0	
1.2046e+06	0	0	0	0	139	0	0	0	0	0	0	0	0	0	0	0	
1.20534e+06	0	0	0	0	181	0	0	0	0	0	0	0	0	0	0	0	
1.20609e+06	0	0	0	0	171	0	0	0	0	0	0	0	0	0	0	0	
1.20684e+06	0	0	0	0	163	0	0	0	0	0	0	0	0	0	0	0	
1.20759e+06	0	0	0	0	151	0	0	0	0	0	0	0	0	0	0	0	
1.20834e+06	0	0	0	0	179	0	0	0	0	0	0	0	0	0	0	0	
1.20909e+06	0	0	0	0	173	0	0	0	0	0	0	0	0	0	0	0	
1.20984e+06	0	0	0	0	167	0	0	0	0	0	0	0	0	0	0	0	
1.2106e+06	0	0	0	0	159	0	0	0	0	0	0	0	0	0	0	0	
1.21134e+06	0	0	0	0	157	0	0	0	0	0	0	0	0	0	0	0	
1.2121e+06	0	0	0	0	163	0	0	0	0	0	0	0	0	0	0	0	
1.21285e+06	0	0	0	0	181	0	0	0	0	0	0	0	0	0	0	0	
1.2136e+06	0	0	0	0	139	0	0	0	0	0	0	0	0	0	0	0	
1.21435e+06	0	0	0	0	165	0	0	0	0	0	0	0	0	0	0	0	
1.2151e+06	0	0	0	0	177	0	0	0	0	0	0	0	0	0	0	0	
1.21585e+06	0	0	0	0	153	0	0	0	0	0	0	0	0	0	0	0	
1.2166e+06	0	0	0	0	163	0	0	0	0	0	0	0	0	0	0	0	
1.21735e+06	0	0	0	0	157	0	0	0	0	0	0	0	0	0	0	0	
1.2181e+06	0	0	0	0	177	0	0	0	0	0	0	0	0	0	0	0	
1.21885e+06	0	0	0	0	149	0	0	0	0	0	0	0	0	0	0	0	
1.2196e+06	0	0	0	0	165	0	0	0	0	0	0	0	0	0	0	0	
1.22035e+06	0	0	0	0	175	0	0	0	0	0	0	0	0	0	0	0	
1.2211e+06	0	0	0	0	139	0	0	0	0	0	0	0	0	0	0	0	
1.22185e+06	0	0	0	0	155	0	0	0	0	0	0	0	0	0	0	0	
1.2226e+06	0	0	0	0	156	9	0	0	0	0	0	0	0	0	0	0	
1.22335e+06	0	0	0	0	163	0	0	0	0	0	0	0	0	0	0	0	
1.2241e+06	0	0	0	0	151	0	0	0	0	0	0	0	0	0	0	0	
1.22485e+06	0	0	0	0	155	0	0	0	0	0	0	0	0	0	0	0	
1.22559e+06	0	0	0	0	125	0	0	0	0	0	0	0	0	0	0	0	
1.22635e+06	0	0	0	0	157	0	0	0	0	0	0	0	0	0	0	0	
1.22709e+06	0	0	0	0	153	0	0	0	0	0	0	0	0	0	0	0	
1.22784e+06	0	0	0	0	157	0	0	0	0	0	0	0	0	0	0	0	
1.22859e+06	0	0	0	0	161	0	0	0	0	0	0	0	0	0	0	0	
1.22934e+06	0	0	0	0	138	17	0	0	0	0	0	0	0	0	0	0	
1.23009e+06	0	0	0	0	163	0	0	0	0	0	0	0	0	0	0	0	
1.23084e+06	0	0	0	0	133	0	0	0	0	0	0	0	0	0	0	0	
1.2316e+06	0	0	0	0	147	0	0	0	0	0	0	0	0	0	0	0	
1.23235e+06	0	0	0	0	161	0	0	0	0	0	0	0	0	0	0	0	
1.2331e+06	0	0	0	0	167	0	0	0	0	0	0	0	0	0	0	0	
1.23385e+06	0	0	0	0	139	0	0	0	0	0	0	0	0	0	0	0	
1.2346e+06	0	0	0	0	157	0	0	0	0	0	0	0	0	0	0	0	
1.23535e+06	0	0	0	0	167	0	0	0	0	0	0	0	0	0	0	0	
1.2361e+06	0	0	0	0	161	0	0	0	0	0	0	0	0	0	0	0	
1.23685e+06	0	0	0	0	145	0	0	0	0	0	0	0	0	0	0	0	
1.23759e+06	0	0	0	0	165	0	0	0	0	0	0	0	0	0	0	0	
1.23835e+06	0	0	0	0	161	0	0	0	0	0	0	0	0	0	0	0	
1.23909e+06	0	0	0	0	165	0	0	0	0	0	0	0	0	0	0	0	
1.23984e+06	0	0	0	0	161	0	0	0	0	0	0	0	0	0	0	0	
1.24059e+06	0	0	0	0	175	0	0	0	0	0	0	0	0	0	0	0	
1.24134e+06	0	0	0	0	189	0	0	0	0	0	0	0	0	0	0	0	
1.24209e+06	0	0	0	0	149	0	0	0	0	0	0	0	0	0	0	0	
1.24284e+06	0	0	0	0	141	0	0	0	0	0	0	0	0	0	0	0	
1.24359e+06	0	0	0	0	147	0	0	0	0	0	0	0	0	0	0	0	
1.24434e+06	0	0	0	0	173	0	0	0	0	0	0	0	0	0	0	0	
1.24509e+06	0	0	0	0	155	0	0	0	0	0	0	0	0	0	0	0	
1.24584e+06	0	0	0	0	157	0	0	0	0	0	0	0	0	0	0	0	
1.24659e+06	0	0	0	0	149	0	0	0	0	0	0	0	0	0	0	0	
1.24734e+06	0	0	0	0	157	0	0	0	0	0	0	0	0	0	0	0	
1.24809e+06	0	0	0	168	37	0	0	0	0	0	0	0	0	0	0	0	
1.24884e+06	0	0	0	201	0	0	0	0	0	0	0	0	0	0	0	0	
1.24959e+06	0	0	0	171	0	0	0	0	0	0	0	0	0	0	0	0	
1.25034e+06	0	0	0	195	0	0	0	0	0	0	0	0	0	0	0	0	
1.25109e+06	0	0	0	199	0	0	0	0	0	0	0	0	0	0	0	0	
1.25184e+06	0	0	0	207	0	0	0	0	0	0	0	0	0	0	0	0	
1.25259e+06	0	0	0	217	0	0	0	0	0	0	0	0	0	0	0	0	
1.25334e+06	0	0	0	203	0	0	0	0	0	0	0	0	0	0	0	0	
1.25409e+06	0	0	0	191	0	0	0	0	0	0	0	0	0	0	0	0	
1.25484e+06	0	0	0	223	0	0	0	0	0	0	0	0	0	0	0	0	
1.25559e+06	0	0	0	187	0	0	0	0	0	0	0	0	0	0	0	0	
1.25634e+06	0	0	0	203	0	0	0	0	0	0	0	0	0	0	0	0	
1.25709e+06	0	0	0	179	0	0	0	0	0	0	0	0	0	0	0	0	
1.25784e+06	0	0	0	199	0	0	0	0	0	0	0	0	0	0	0	0	
1.25858e+06	0	0	0	203	0	0	0	0	0	0	0	0	0	0	0	0	
1.25934e+06	0	0	0	199	0	0	0	0	0	0	0	0	0	0	0	0	
1.26009e+06	0	0	0	205	0	0	0	0	0	0	0	0	0	0	0	0	
1.26084e+06	0	0	0	191	0	0	0	0	0	0	0	0	0	0	0	0	
1.26159e+06	0	0	0	181	0	0	0	0	0	0	0	0	0	0	0	0	
1.26234e+06	0	0	0	217	0	0	0	0	0	0	0	0	0	0	0	0	
1.26309e+06	0	0	0	169	0	0	0	0	0	0	0	0	0	0	0	0	
1.26384e+06	0	0	0	207	0	0	0	0	0	0	0	0	0	0	0	0	
1.26459e+06	0	0	0	187	0	0	0	0	0	0	0	0	0	0	0	0	
1.26534e+06	0	0	0	207	0	0	0	0	0	0	0	0	0	0	0	0	
1.26609e+06	0	0	0	217	0	0	0	0	0	0	0	0	0	0	0	0	
1.26684e+06	0	0	0	195	0	0	0	0	0	0	0	0	0	0	0	0	
1.26759e+06	0	0	0	185	0	0	0	0	0	0	0	0	0	0	0	0	
1.26834e+06	0	0	0	193	0	0	0	0	0	0	0	0	0	0	0	0	
1.26909e+06	0	0	0	183	0	0	0	0	0	0	0	0	0	0	0	0	
1.26984e+06	0	0	1	206	0	0	0	0	0	0	0	0	0	0	0	0	
1.27059e+06	0	0	249	0	0	0	0	0	0	0	0	0	0	0	0	0	
1.27134e+06	0	0	249	0	0	0	0	0	0	0	0	0	0	0	0	0	
1.27209e+06	0	0	267	0	0	0	0	0	0	0	0	0	0	0	0	0	
1.27284e+06	0	0	277	0	0	0	0	0	0	0	0	0	0	0	0	0	
1.27359e+06	0	0	281	0	0	0	0	0	0	0	0	0	0	0	0	0	
1.27434e+06	0	0	255	0	0	0	0	0	0	0	0	0	0	0	0	0	
1.27509e+06	0	0	261	0	0	0	0	0	0	0	0	0	0	0	0	0	
1.27584e+06	0	0	245	0	0	0	0	0	0	0	0	0	0	0	0	0	
1.27659e+06	0	0	285	0	0	0	0	0	0	0	0	0	0	0	0	0	
1.27734e+06	0	0	273	0	0	0	0	0	0	0	0	0	0	0	0	0	
1.27809e+06	0	0	263	0	0	0	0	0	0	0	0	0	0	0	0	0	
1.27884e+06	0	0	279	0	0	0	0	0	0	0	0	0	0	0	0	0	
1.2796e+06	0	0	255	0	0	0	0	0	0	0	0	0	0	0	0	0	
1.28035e+06	0	0	247	0	0	0	0	0	0	0	0	0	0	0	0	0	
1.2811e+06	0	0	263	0	0	0	0	0	0	0	0	0	0	0	0	0	
1.28184e+06	0	0	287	0	0	0	0	0	0	0	0	0	0	0	0	0	
1.28259e+06	0	0	255	0	0	0	0	0	0	0	0	0	0	0	0	0	
1.28334e+06	0	0	261	0	0	0	0	0	0	0	0	0	0	0	0	0	
1.28409e+06	0	0	261	0	0	0	0	0	0	0	0	0	0	0	0	0	
1.28485e+06	0	0	271	0	0	0	0	0	0	0	0	0	0	0	0	0	
1.2856e+06	0	0	273	0	0	0	0	0	0	0	0	0	0	0	0	0	
1.28634e+06	0	0	271	0	0	0	0	0	0	0	0	0	0	0	0	0	
1.28709e+06	0	0	275	0	0	0	0	0	0	0	0	0	0	0	0	0	
1.28784e+06	0	0	247	0	0	0	0	0	0	0	0	0	0	0	0	0	
1.28859e+06	0	0	281	0	0	0	0	0	0	0	0	0	0	0	0	0	
1.28934e+06	0	0	235	0	0	0	0	0	0	0	0	0	0	0	0	0	
1.29009e+06	0	0	273	0	0	0	0	0	0	0	0	0	0	0	0	0	
1.29084e+06	0	0	159	82	0	0	0	0	0	0	0	0	0	0	0	0	
1.29159e+06	0	0	287	0	0	0	0	0	0	0	0	0	0	0	0	0	
1.29234e+06	0	0	275	0	0	0	0	0	0	0	0	0	0	0	0	0	
1.29309e+06	0	0	281	0	0	0	0	0	0	0	0	0	0	0	0	0	
1.29383e+06	0	6	275	0	0	0	0	0	0	0	0	0	0	0	0	0	
1.29458e+06	0	0	269	0	0	0	0	0	0	0	0	0	0	0	0	0	
1.29533e+06	0	0	267	0	0	0	0	0	0	0	0	0	0	0	0	0	
1.29608e+06	0	0	311	0	0	0	0	0	0	0	0	0	0	0	0	0	
1.29683e+06	0	0	273	0	0	0	0	0	0	0	0	0	0	0	0	0	
1.29759e+06	0	0	275	0	0	0	0	0	0	0	0	0	0	0	0	0	
1.29834e+06	0	0	265	0	0	0	0	0	0	0	0	0	0	0	0	0	
1.29909e+06	0	0	257	0	0	0	0	0	0	0	0	0	0	0	0	0	
1.29984e+06	0	0	249	0	0	0	0	0	0	0	0	0	0	0	0	0	
1.30059e+06	0	0	269	0	0	0	0	0	0	0	0	0	0	0	0	0	
1.30135e+06	0	0	243	0	0	0	0	0	0	0	0	0	0	0	0	0	
1.3021e+06	0	0	217	0	0	0	0	0	0	0	0	0	0	0	0	0	
1.30285e+06	0	0	263	0	0	0	0	0	0	0	0	0	0	0	0	0	
1.3036e+06	0	0	251	0	0	0	0	0	0	0	0	0	0	0	0	0	
1.30435e+06	0	0	269	0	0	0	0	0	0	0	0	0	0	0	0	0	
1.3051e+06	0	0	269	0	0	0	0	0	0	0	0	0	0	0	0	0	
1.30585e+06	0	0	259	0	0	0	0	0	0	0	0	0	0	0	0	0	
1.3066e+06	0	0	249	0	0	0	0	0	0	0	0	0	0	0	0	0	
1.30735e+06	0	0	259	0	0	0	0	0	0	0	0	0	0	0	0	0	
1.3081e+06	0	0	277	0	0	0	0	0	0	0	0	0	0	0	0	0	
1.30884e+06	0	0	267	0	0	0	0	0	0	0	0	0	0	0	0	0	
1.30959e+06	0	0	247	0	0	0	0	0	0	0	0	0	0	0	0	0	
1.31034e+06	0	9	256	0	0	0	0	0	0	0	0	0	0	0	0	0	
1.31109e+06	0	8	275	0	0	0	0	0	0	0	0	0	0	0	0	0	
1.31184e+06	0	0	251	0	0	0	0	0	0	0	0	0	0	0	0	0	
1.31259e+06	0	0	265	0	0	0	0	0	0	0	0	0	0	0	0	0	
1.31334e+06	0	0	257	0	0	0	0	0	0	0	0	0	0	0	0	0	
1.31409e+06	0	0	253	0	0	0	0	0	0	0	0	0	0	0	0	0	
1.31483e+06	0	0	263	0	0	0	0	0	0	0	0	0	0	0	0	0	
1.31558e+06	0	0	245	0	0	0	0	0	0	0	0	0	0	0	0	0	
1.31633e+06	0	0	271	0	0	0	0	0	0	0	0	0	0	0	0	0	
1.31708e+06	0	0	293	0	0	0	0	0	0	0	0	0	0	0	0	0	
1.31783e+06	0	0	295	0	0	0	0	0	0	0	0	0	0	0	0	0	
1.31858e+06	0	28	255	0	0	0	0	0	0	0	0	0	0	0	0	0	
1.31933e+06	0	0	251	0	0	0	0	0	0	0	0	0	0	0	0	0	
1.32008e+06	0	0	295	0	0	0	0	0	0	0	0	0	0	0	0	0	
1.32083e+06	0	0	227	0	0	0	0	0	0	0	0	0	0	0	0	0	
1.32158e+06	0	0	265	0	0	0	0	0	0	0	0	0	0	0	0	0	
1.32233e+06	0	0	119	110	0	0	0	0	0	0	0	0	0	0	0	0	
1.32308e+06	0	0	261	0	0	0	0	0	0	0	0	0	0	0	0	0	
1.32383e+06	0	0	275	0	0	0	0	0	0	0	0	0	0	0	0	0	
1.32458e+06	0	0	241	0	0	0	0	0	0	0	0	0	0	0	0	0	
1.32533e+06	0	0	277	0	0	0	0	0	0	0	0	0	0	0	0	0	
1.32608e+06	0	0	271	0	0	0	0	0	0	0	0	0	0	0	0	0	
1.32683e+06	0	0	281	0	0	0	0	0	0	0	0	0	0	0	0	0	
1.32759e+06	0	0	267	0	0	0	0	0	0	0	0	0	0	0	0	0	
1.32834e+06	0	0	277	0	0	0	0	0	0	0	0	0	0	0	0	0	
1.32909e+06	0	0	120	93	0	0	0	0	0	0	0	0	0	0	0	0	
1.32984e+06	0	0	0	211	0	0	0	0	0	0	0	0	0	0	0	0	
1.33059e+06	0	0	0	189	0	0	0	0	0	0	0	0	0	0	0	0	
1.33133e+06	0	0	0	211	0	0	0	0	0	0	0	0	0	0	0	0	
1.33208e+06	0	0	0	187	0	0	0	0	0	0	0	0	0	0	0	0	
1.33283e+06	0	0	0	185	0	0	0	0	0	0	0	0	0	0	0	0	
1.33358e+06	0	0	0	201	0	0	0	0	0	0	0	0	0	0	0	0	
1.33433e+06	0	0	0	211	0	0	0	0	0	0	0	0	0	0	0	0	
1.33508e+06	0	0	0	191	0	0	0	0	0	0	0	0	0	0	0	0	
1.33582e+06	0	0	0	175	0	0	0	0	0	0	0	0	0	0	0	0	
1.33657e+06	0	0	0	203	0	0	0	0	0	0	0	0	0	0	0	0	
1.33732e+06	0	0	0	175	0	0	0	0	0	0	0	0	0	0	0	0	
1.33807e+06	0	0	0	179	0	0	0	0	0	0	0	0	0	0	0	0	
1.33882e+06	0	0	0	205	0	0	0	0	0	0	0	0	0	0	0	0	
1.33957e+06	0	0	0	0	155	0	0	0	0	0	0	0	0	0	0	0	
1.34032e+06	0	0	0	0	169	0	0	0	0	0	0	0	0	0	0	0	
1.34107e+06	0	0	0	0	167	0	0	0	0	0	0	0	0	0	0	0	
1.34182e+06	0	0	0	0	155	0	0	0	0	0	0	0	0	0	0	0	
1.34257e+06	0	0	0	0	145	0	0	0	0	0	0	0	0	0	0	0	
1.34332e+06	0	0	0	0	153	0	0	0	0	0	0	0	0	0	0	0	
1.34407e+06	0	0	0	0	157	0	0	0	0	0	0	0	0	0	0	0	
1.34483e+06	0	0	0	0	167	0	0	0	0	0	0	0	0	0	0	0	
1.34557e+06	0	0	0	0	171	0	0	0	0	0	0	0	0	0	0	0	
1.34632e+06	0	0	0	0	147	0	0	0	0	0	0	0	0	0	0	0	
1.34707e+06	0	0	0	0	143	0	0	0	0	0	0	0	0	0	0	0	
1.34782e+06	0	0	0	0	165	0	0	0	0	0	0	0	0	0	0	0	
1.34857e+06	0	0	0	0	153	0	0	0	0	0	0	0	0	0	0	0	
1.34932e+06	0	0	0	0	169	0	0	0	0	0	0	0	0	0	0	0	
1.35007e+06	0	0	0	0	163	0	0	0	0	0	0	0	0	0	0	0	
1.35082e+06	0	0	0	0	179	0	0	0	0	0	0	0	0	0	0	0	
1.35156e+06	0	0	0	0	129	0	0	0	0	0	0	0	0	0	0	0	
1.35231e+06	0	0	0	0	153	0	0	0	0	0	0	0	0	0	0	0	
1.35306e+06	0	0	0	0	141	0	0	0	0	0	0	0	0	0	0	0	
1.35381e+06	0	0	0	0	163	0	0	0	0	0	0	0	0	0	0	0	
1.35456e+06	0	0	0	0	145	0	0	0	0	0	0	0	0	0	0	0	
1.35531e+06	0	0	0	0	157	0	0	0	0	0	0	0	0	0	0	0	
1.35606e+06	0	0	0	0	183	0	0	0	0	0	0	0	0	0	0	0	
1.35681e+06	0	0	0	0	151	0	0	0	0	0	0	0	0	0	0	0	
1.35756e+06	0	0	0	0	159	0	0	0	0	0	0	0	0	0	0	0	
1.35832e+06	0	0	0	0	157	0	0	0	0	0	0	0	0	0	0	0	
1.35907e+06	0	0	0	0	149	0	0	0	0	0	0	0	0	0	0	0	
1.35982e+06	0	0	0	0	159	0	0	0	0	0	0	0	0	0	0	0	
1.36057e+06	0	0	0	0	157	0	0	0	0	0	0	0	0	0	0	0	
1.36132e+06	0	0	0	0	173	0	0	0	0	0	0	0	0	0	0	0	
1.36207e+06	0	0	0	0	155	0	0	0	0	0	0	0	0	0	0	0	
1.36282e+06	0	0	0	0	149	0	0	0	0	0	0	0	0	0	0	0	
1.36357e+06	0	0	0	0	163	0	0	0	0	0	0	0	0	0	0	0	
1.36432e+06	0	0	0	0	151	0	0	0	0	0	0	0	0	0	0	0	
1.36508e+06	0	0	0	0	151	0	0	0	0	0	0	0	0	0	0	0	
1.36582e+06	0	0	0	199	0	0	0	0	0	0	0	0	0	0	0	0	
1.36657e+06	0	0	0	227	0	0	0	0	0	0	0	0	0	0	0	0	
1.36732e+06	0	0	0	145	50	0	0	0	0	0	0	0	0	0	0	0	
1.36807e+06	0	0	0	205	0	0	0	0	0	0	0	0	0	0	0	0	
1.36882e+06	0	0	0	213	0	0	0	0	0	0	0	0	0	0	0	0	
1.36957e+06	0	0	0	229	0	0	0	0	0	0	0	0	0	0	0	0	
1.37032e+06	0	0	0	215	0	0	0	0	0	0	0	0	0	0	0	0	
1.37107e+06	0	0	0	203	0	0	0	0	0	0	0	0	0	0	0	0	
1.37182e+06	0	0	0	189	0	0	0	0	0	0	0	0	0	0	0	0	
1.37257e+06	0	0	0	209	0	0	0	0	0	0	0	0	0	0	0	0	
1.37332e+06	0	0	0	223	0	0	0	0	0	0	0	0	0	0	0	0	
1.37407e+06	0	0	0	191	0	0	0	0	0	0	0	0	0	0	0	0	
1.37482e+06	0	0	0	199	0	0	0	0	0	0	0	0	0	0	0	0	
1.37557e+06	0	0	19	168	0	0	0	0	0	0	0	0	0	0	0	0	
1.37632e+06	0	0	1	220	0	0	0	0	0	0	0	0	0	0	0	0	
1.37707e+06	0	0	0	217	0	0	0	0	0	0	0	0	0	0	0	0	
1.37782e+06	0	0	0	197	0	0	0	0	0	0	0	0	0	0	0	0	
1.37857e+06	0	0	0	213	0	0	0	0	0	0	0	0	0	0	0	0	
1.37932e+06	0	0	0	189	0	0	0	0	0	0	0	0	0	0	0	0	
1.38007e+06	0	0	0	191	0	0	0	0	0	0	0	0	0	0	0	0	
1.38082e+06	0	0	0	209	0	0	0	0	0	0	0	0	0	0	0	0	
1.38157e+06	0	0	0	199	0	0	0	0	0	0	0	0	0	0	0	0	
1.38232e+06	0	0	0	207	0	0	0	0	0	0	0	0	0	0	0	0	
1.38307e+06	0	0	0	241	0	0	0	0	0	0	0	0	0	0	0	0	
1.38382e+06	0	0	0	195	0	0	0	0	0	0	0	0	0	0	0	0	
1.38458e+06	0	0	0	241	0	0	0	0	0	0	0	0	0	0	0	0	
1.38533e+06	0	0	0	233	0	0	0	0	0	0	0	0	0	0	0	0	
1.38608e+06	0	0	0	205	0	0	0	0	0	0	0	0	0	0	0	0	
1.38683e+06	0	0	0	209	0	0	0	0	0	0	0	0	0	0	0	0	
1.38758e+06	0	0	0	193	0	0	0	0	0	0	0	0	0	0	0	0	
1.38833e+06	0	0	0	185	0	0	0	0	0	0	0	0	0	0	0	0	
1.38908e+06	0	0	0	187	0	0	0	0	0	0	0	0	0	0	0	0	
1.38983e+06	0	0	0	197	0	0	0	0	0	0	0	0	0	0	0	0	
1.39058e+06	0	0	0	221	0	0	0	0	0	0	0	0	0	0	0	0	
1.39133e+06	0	0	0	203	0	0	0	0	0	0	0	0	0	0	0	0	
1.39208e+06	0	0	0	195	0	0	0	0	0	0	0	0	0	0	0	0	
1.39283e+06	0	0	0	197	0	0	0	0	0	0	0	0	0	0	0	0	
1.39358e+06	0	0	0	195	0	0	0	0	0	0	0	0	0	0	0	0	
1.39433e+06	0	0	0	191	0	0	0	0	0	0	0	0	0	0	0	0	
1.39508e+06	0	0	0	195	0	0	0	0	0	0	0	0	0	0	0	0	
1.39583e+06	0	0	0	175	0	0	0	0	0	0	0	0	0	0	0	0	
1.39658e+06	0	0	0	179	0	0	0	0	0	0	0	0	0	0	0	0	
1.39733e+06	0	0	0	197	0	0	0	0	0	0	0	0	0	0	0	0	
1.39808e+06	0	0	0	209	0	0	0	0	0	0	0	0	0	0	0	0	
1.39882e+06	0	0	0	197	0	0	0	0	0	0	0	0	0	0	0	0	
1.39958e+06	0	0	0	193	0	0	0	0	0	0	0	0	0	0	0	0	
1.40033e+06	0	0	0	203	0	0	0	0	0	0	0	0	0	0	0	0	
1.40108e+06	0	0	0	203	0	0	0	0	0	0	0	0	0	0	0	0	
1.40182e+06	0	0	0	177	0	0	0	0	0	0	0	0	0	0	0	0	
1.40258e+06	0	0	0	213	0	0	0	0	0	0	0	0	0	0	0	0	
1.40333e+06	0	0	0	207	0	0	0	0	0	0	0	0	0	0	0	0	
1.40408e+06	0	0	6	187	0	0	0	0	0	0	0	0	0	0	0	0	
1.40483e+06	0	0	0	205	0	0	0	0	0	0	0	0	0	0	0	0	
1.40558e+06	0	0	0	177	0	0	0	0	0	0	0	0	0	0	0	0	
1.40634e+06	0	0	0	219	0	0	0	0	0	0	0	0	0	0	0	0	
1.40709e+06	0	0	0	201	0	0	0	0	0	0	0	0	0	0	0	0	
1.40784e+06	0	0	0	209	0	0	0	0	0	0	0	0	0	0	0	0	
1.40859e+06	0	0	0	195	0	0	0	0	0	0	0	0	0	0	0	0	
1.40934e+06	0	0	0	219	0	0	0	0	0	0	0	0	0	0	0	0	
1.41009e+06	0	0	0	195	0	0	0	0	0	0	0	0	0	0	0	0	
1.41084e+06	0	0	0	193	0	0	0	0	0	0	0	0	0	0	0	0	
1.41159e+06	0	0	0	171	0	0	0	0	0	0	0	0	0	0	0	0	
1.41234e+06	0	0	0	219	0	0	0	0	0	0	0	0	0	0	0	0	
1.41309e+06	0	0	0	205	0	0	0	0	0	0	0	0	0	0	0	0	
1.41384e+06	0	0	0	197	0	0	0	0	0	0	0	0	0	0	0	0	
1.41459e+06	0	0	0	183	0	0	0	0	0	0	0	0	0	0	0	0	
1.41534e+06	0	0	0	201	0	0	0	0	0	0	0	0	0	0	0	0	
1.4161e+06	0	0	0	205	0	0	0	0	0	0	0	0	0	0	0	0	
1.41685e+06	0	0	0	199	0	0	0	0	0	0	0	0	0	0	0	0	
1.4176e+06	0	0	0	201	0	0	0	0	0	0	0	0	0	0	0	0	
1.41835e+06	0	0	0	209	0	0	0	0	0	0	0	0	0	0	0	0	
1.4191e+06	0	0	0	183	0	0	0	0	0	0	0	0	0	0	0	0	
1.41985e+06	0	0	0	197	0	0	0	0	0	0	0	0	0	0	0	0	
1.4206e+06	0	0	0	169	0	0	0	0	0	0	0	0	0	0	0	0	
1.42136e+06	0	0	0	217	0	0	0	0	0	0	0	0	0	0	0	0	
1.42211e+06	0	0	0	175	0	0	0	0	0	0	0	0	0	0	0	0	
1.42286e+06	0	0	0	189	0	0	0	0	0	0	0	0	0	0	0	0	
1.42361e+06	0	0	0	183	0	0	0	0	0	0	0	0	0	0	0	0	
1.42436e+06	0	0	0	195	0	0	0	0	0	0	0	0	0	0	0	0	
1.42511e+06	0	0	0	177	0	0	0	0	0	0	0	0	0	0	0	0	
1.42586e+06	0	0	0	193	2	0	0	0	0	0	0	0	0	0	0	0	
1.42661e+06	0	0	0	192	23	0	0	0	0	0	0	0	0	0	0	0	
1.42736e+06	0	0	0	187	0	0	0	0	0	0	0	0	0	0	0	0	
1.42811e+06	0	0	0	169	0	0	0	0	0	0	0	0	0	0	0	0	
1.42886e+06	0	0	0	185	0	0	0	0	0	0	0	0	0	0	0	0	
1.42961e+06	0	0	0	209	0	0	0	0	0	0	0	0	0	0	0	0	
1.43036e+06	0	0	2	201	0	0	0	0	0	0	0	0	0	0	0	0	
1.43111e+06	0	0	0	199	0	0	0	0	0	0	0	0	0	0	0	0	
1.43186e+06	0	0	0	187	0	0	0	0	0	0	0	0	0	0	0	0	
1.43262e+06	0	0	0	177	0	0	0	0	0	0	0	0	0	0	0	0	
1.43337e+06	0	0	0	215	0	0	0	0	0	0	0	0	0	0	0	0	
1.43412e+06	0	0	0	183	0	0	0	0	0	0	0	0	0	0	0	0	
1.43487e+06	0	0	0	193	0	0	0	0	0	0	0	0	0	0	0	0	
1.43562e+06	0	0	0	203	0	0	0	0	0	0	0	0	0	0	0	0	
1.43636e+06	0	0	0	203	0	0	0	0	0	0	0	0	0	0	0	0	
1.43711e+06	0	0	0	193	0	0	0	0	0	0	0	0	0	0	0	0	
1.43786e+06	0	0	0	201	0	0	0	0	0	0	0	0	0	0	0	0	
1.43861e+06	0	0	0	199	0	0	0	0	0	0	0	0	0	0	0	0	
1.43936e+06	0	0	0	197	0	0	0	0	0	0	0	0	0	0	0	0	
1.44011e+06	0	0	0	177	0	0	0	0	0	0	0	0	0	0	0	0	
1.44086e+06	0	0	0	177	0	0	0	0	0	0	0	0	0	0	0	0	
1.44161e+06	0	0	0	193	0	0	0	0	0	0	0	0	0	0	0	0	
1.44236e+06	0	0	0	201	0	0	0	0	0	0	0	0	0	0	0	0	
1.44311e+06	0	0	0	0	159	0	0	0	0	0	0	0	0	0	0	0	
1.44386e+06	0	0	0	0	153	0	0	0	0	0	0	0	0	0	0	0	
1.44461e+06	0	0	0	0	149	0	0	0	0	0	0	0	0	0	0	0	
1.44536e+06	0	0	0	0	155	0	0	0	0	0	0	0	0	0	0	0	
1.44611e+06	0	0	0	0	159	0	0	0	0	0	0	0	0	0	0	0	
1.44686e+06	0	0	0	0	147	0	0	0	0	0	0	0	0	0	0	0	
1.44762e+06	0	0	0	0	167	0	0	0	0	0	0	0	0	0	0	0	
1.44837e+06	0	0	0	0	157	0	0	0	0	0	0	0	0	0	0	0	
1.44911e+06	0	0	0	0	157	0	0	0	0	0	0	0	0	0	0	0	
1.44986e+06	0	0	0	0	139	0	0	0	0	0	0	0	0	0	0	0	
1.45062e+06	0	0	0	0	141	0	0	0	0	0	0	0	0	0	0	0	
1.45137e+06	0	0	0	0	171	0	0	0	0	0	0	0	0	0	0	0	
1.45212e+06	0	0	0	0	141	0	0	0	0	0	0	0	0	0	0	0	
1.45287e+06	0	0	0	0	155	0	0	0	0	0	0	0	0	0	0	0	
1.45362e+06	0	0	0	203	0	0	0	0	0	0	0	0	0	0	0	0	
1.45437e+06	0	0	0	187	0	0	0	0	0	0	0	0	0	0	0	0	
1.45512e+06	0	0	0	195	0	0	0	0	0	0	0	0	0	0	0	0	
1.45587e+06	0	0	0	205	0	0	0	0	0	0	0	0	0	0	0	0	
1.45662e+06	0	0	0	189	0	0	0	0	0	0	0	0	0	0	0	0	
1.45737e+06	0	0	0	179	0	0	0	0	0	0	0	0	0	0	0	0	
1.45812e+06	0	0	0	175	0	0	0	0	0	0	0	0	0	0	0	0	
1.45887e+06	0	0	0	181	0	0	0	0	0	0	0	0	0	0	0	0	
1.45962e+06	0	0	0	195	0	0	0	0	0	0	0	0	0	0	0	0	
1.46037e+06	0	0	0	207	0	0	0	0	0	0	0	0	0	0	0	0	
1.46112e+06	0	0	0	227	0	0	0	0	0	0	0	0	0	0	0	0	
1.46187e+06	0	0	0	205	0	0	0	0	0	0	0	0	0	0	0	0	
1.46263e+06	0	0	0	201	0	0	0	0	0	0	0	0	0	0	0	0	
1.46337e+06	0	0	0	191	0	0	0	0	0	0	0	0	0	0	0	0	
1.46412e+06	0	0	0	193	0	0	0	0	0	0	0	0	0	0	0	0	
1.46487e+06	0	0	0	183	0	0	0	0	0	0	0	0	0	0	0	0	
1.46562e+06	0	0	0	191	0	0	0	0	0	0	0	0	0	0	0	0	
1.46637e+06	0	0	0	203	0	0	0	0	0	0	0	0	0	0	0	0	
1.46712e+06	0	0	0	193	0	0	0	0	0	0	0	0	0	0	0	0	
1.46787e+06	0	0	0	189	0	0	0	0	0	0	0	0	0	0	0	0	
1.46862e+06	0	0	0	211	0	0	0	0	0	0	0	0	0	0	0	0	
1.46937e+06	0	0	0	181	0	0	0	0	0	0	0	0	0	0	0	0	
1.47012e+06	0	0	0	215	0	0	0	0	0	0	0	0	0	0	0	0	
1.47087e+06	0	0	0	193	0	0	0	0	0	0	0	0	0	0	0	0	
1.47162e+06	0	0	0	179	0	0	0	0	0	0	0	0	0	0	0	0	
1.47237e+06	0	0	0	207	0	0	0	0	0	0	0	0	0	0	0	0	
1.47312e+06	0	0	0	177	0	0	0	0	0	0	0	0	0	0	0	0	
1.47387e+06	0	0	0	213	0	0	0	0	0	0	0	0	0	0	0	0	
1.47462e+06	0	0	0	195	0	0	0	0	0	0	0	0	0	0	0	0	
1.47537e+06	0	0	0	217	0	0	0	0	0	0	0	0	0	0	0	0	
1.47612e+06	0	0	0	195	0	0	0	0	0	0	0	0	0	0	0	0	
1.47687e+06	0	0	0	205	0	0	0	0	0	0	0	0	0	0	0	0	
1.47762e+06	0	0	11	198	0	0	0	0	0	0	0	0	0	0	0	0	
1.47837e+06	0	0	0	181	0	0	0	0	0	0	0	0	0	0	0	0	
1.47912e+06	0	0	0	207	0	0	0	0	0	0	0	0	0	0	0	0	
1.47987e+06	0	0	0	189	0	0	0	0	0	0	0	0	0	0	0	0	
1.48062e+06	0	0	0	187	0	0	0	0	0	0	0	0	0	0	0	0	
1.48136e+06	0	0	0	215	0	0	0	0	0	0	0	0	0	0	0	0	
1.48212e+06	0	0	0	201	0	0	0	0	0	0	0	0	0	0	0	0	
1.48286e+06	0	0	0	197	0	0	0	0	0	0	0	0	0	0	0	0	
1.48361e+06	0	0	0	195	0	0	0	0	0	0	0	0	0	0	0	0	
1.48436e+06	0	0	0	225	0	0	0	0	0	0	0	0	0	0	0	0	
1.48511e+06	0	0	0	191	0	0	0	0	0	0	0	0	0	0	0	0	
1.48587e+06	0	0	0	213	0	0	0	0	0	0	0	0	0	0	0	0	
1.48662e+06	0	0	0	191	0	0	0	0	0	0	0	0	0	0	0	0	
1.48737e+06	0	0	0	215	0	0	0	0	0	0	0	0	0	0	0	0	
1.48812e+06	0	0	0	205	0	0	0	0	0	0	0	0	0	0	0	0	
1.48886e+06	0	0	0	201	0	0	0	0	0	0	0	0	0	0	0	0	
1.48961e+06	0	0	2	191	0	0	0	0	0	0	0	0	0	0	0	0	
1.49036e+06	0	0	0	191	0	0	0	0	0	0	0	0	0	0	0	0	
1.49111e+06	0	0	0	211	0	0	0	0	0	0	0	0	0	0	0	0	
1.49186e+06	0	0	0	213	0	0	0	0	0	0	0	0	0	0	0	0	
1.49261e+06	0	0	0	201	0	0	0	0	0	0	0	0	0	0	0	0	
1.49336e+06	0	0	0	203	0	0	0	0	0	0	0	0	0	0	0	0	
1.49411e+06	0	0	0	205	0	0	0	0	0	0	0	0	0	0	0	0	
1.49486e+06	0	0	0	175	0	0	0	0	0	0	0	0	0	0	0	0	
1.49561e+06	0	0	0	203	0	0	0	0	0	0	0	0	0	0	0	0	
1.49637e+06	0	0	0	195	0	0	0	0	0	0	0	0	0	0	0	0	
1.49712e+06	0	0	0	183	0	0	0	0	0	0	0	0	0	0	0	0	
1.49787e+06	0	0	0	195	0	0	0	0	0	0	0	0	0	0	0	0	
1.49862e+06	0	0	0	217	0	0	0	0	0	0	0	0	0	0	0	0	
1.49937e+06	0	0	0	197	0	0	0	0	0	0	0	0	0	0	0	0	
1.50012e+06	0	0	0	167	0	0	0	0	0	0	0	0	0	0	0	0	
1.50012e+06	0	0	0	167	0	0	0	0	0	0	0	0	0	0	0	0	
