Time	s0	s1	s2	s3	s4	s5	s6	s7	s8	s9	s10	s11	s12	s13	s14	s15	
0	0	0	0	0	0	0	0	0	0	0	0	0	0	0	0	200	
0.00149194	0	0	0	0	0	0	0	0	0	0	0	0	0	0	0	199	
750.894	0	0	0	0	0	0	0	0	0	0	0	0	0	0	0	41	
1499.37	0	0	0	0	0	0	0	0	0	0	0	0	0	0	0	51	
2248	0	0	0	0	0	0	0	0	0	0	0	0	0	0	0	49	
2999.99	0	0	0	0	0	0	0	0	0	0	0	0	0	0	0	51	
3753.4	0	0	0	0	0	0	0	0	0	0	0	0	0	0	0	55	
4503.14	0	0	0	0	0	0	0	0	0	0	0	0	0	0	0	59	
5253.32	0	0	0	0	0	0	0	0	0	0	0	0	0	0	0	45	
6005.62	0	0	0	0	0	0	0	0	0	0	0	0	0	0	0	53	
6755.33	0	0	0	0	0	0	0	0	0	0	0	0	0	0	0	57	
7504.44	0	0	0	0	0	0	0	0	0	0	0	0	0	0	0	53	
8253.22	0	0	0	0	0	0	0	0	0	0	0	0	0	0	0	49	
9005.08	0	0	0	0	0	0	0	0	0	0	0	0	0	0	0	61	
9754.7	0	0	0	0	0	0	0	0	0	0	0	0	0	0	0	35	
10504.7	0	0	0	0	0	0	0	0	0	0	0	0	0	0	0	55	
11257.3	0	0	0	0	0	0	0	0	0	0	0	0	0	0	0	47	
12003.9	0	0	0	0	0	0	0	0	0	0	0	0	0	0	0	47	
12755	0	0	0	0	0	0	0	0	0	0	0	0	0	0	0	55	
13503.7	0	0	0	0	0	0	0	0	0	0	0	0	0	0	0	61	
14251.9	0	0	0	0	0	0	0	0	0	0	0	0	0	0	0	53	
15001.8	0	0	0	0	0	0	0	0	0	0	0	0	0	0	0	45	
15752.8	0	0	0	0	0	0	0	0	0	0	0	0	0	0	0	49	
16504.8	0	0	0	0	0	0	0	0	0	0	0	0	0	0	0	61	
17253.7	0	0	0	0	0	0	0	0	0	0	0	0	0	0	0	59	
18002.8	0	0	0	0	0	0	0	0	0	0	0	0	0	0	0	55	
18750.6	0	0	0	0	0	0	0	0	0	0	0	0	0	0	0	41	
19503	0	0	0	0	0	0	0	0	0	0	0	0	0	0	0	55	
20255.8	0	0	0	0	0	0	0	0	0	0	0	0	0	0	0	53	
21003.6	0	0	0	0	0	0	0	0	0	0	0	0	0	0	0	49	
21754	0	0	0	0	0	0	0	0	0	0	0	0	0	0	0	45	
22507.1	0	0	0	0	0	0	0	0	0	0	0	0	0	0	0	41	
23258.5	0	0	0	0	0	0	0	0	0	0	0	0	0	0	0	57	
24006	0	0	0	0	0	0	0	0	0	0	0	0	0	0	0	55	
24754.8	0	0	0	0	0	0	0	0	0	0	0	0	0	0	0	51	
25510.7	0	0	0	0	0	0	0	0	0	0	0	0	0	0	0	51	
26259.1	0	0	0	0	0	0	0	0	0	0	0	0	0	0	0	49	
27009.6	0	0	0	0	0	0	0	0	0	0	0	0	0	0	0	47	
27760.7	0	0	0	0	0	0	0	0	0	0	0	0	0	0	0	53	
28509.3	0	0	0	0	0	0	0	0	0	0	0	0	0	0	51	0	
29261.6	0	0	0	0	0	0	0	0	0	0	0	0	0	0	49	0	
30010.8	0	0	0	0	0	0	0	0	0	0	0	0	0	0	65	0	
30761.5	0	0	0	0	0	0	0	0	0	0	0	0	0	0	59	0	
31512.8	0	0	0	0	0	0	0	0	0	0	0	0	0	0	49	0	
32260.8	0	0	0	0	0	0	0	0	0	0	0	0	0	0	41	0	
33011.1	0	0	0	0	0	0	0	0	0	0	0	0	0	0	55	0	
33758.6	0	0	0	0	0	0	0	0	0	0	0	0	0	0	43	0	
34509.7	0	0	0	0	0	0	0	0	0	0	0	0	0	0	65	0	
35262	0	0	0	0	0	0	0	0	0	0	0	0	0	51	0	0	
36016.3	0	0	0	0	0	0	0	0	0	0	0	0	0	49	0	0	
36764.8	0	0	0	0	0	0	0	0	0	0	0	0	0	61	0	0	
37514.4	0	0	0	0	0	0	0	0	0	0	0	0	0	63	0	0	
38263.6	0	0	0	0	0	0	0	0	0	0	0	0	0	59	0	0	
39012.2	0	0	0	0	0	0	0	0	0	0	0	0	0	61	0	0	
39764.6	0	0	0	0	0	0	0	0	0	0	0	0	0	63	0	0	
40511.6	0	0	0	0	0	0	0	0	0	0	0	0	0	51	0	0	
41262.6	0	0	0	0	0	0	0	0	0	0	0	0	0	65	0	0	
42014.5	0	0	0	0	0	0	0	0	0	0	0	0	0	55	0	0	
42766.3	0	0	0	0	0	0	0	0	0	0	0	0	0	57	0	0	
43515.6	0	0	0	0	0	0	0	0	0	0	0	0	0	57	0	0	
44266.1	0	0	0	0	0	0	0	0	0	0	0	0	0	63	0	0	
45013	0	0	0	0	0	0	0	0	0	0	0	0	0	0	53	0	
45764	0	0	0	0	0	0	0	0	0	0	0	0	0	69	0	0	
46515	0	0	0	0	0	0	0	0	0	0	0	0	0	63	0	0	
47264.9	0	0	0	0	0	0	0	0	0	0	0	0	0	41	0	0	
48017	0	0	0	0	0	0	0	0	0	0	0	0	0	55	0	0	
48770.2	0	0	0	0	0	0	0	0	0	0	0	0	0	57	0	0	
49520.4	0	0	0	0	0	0	0	0	0	0	0	0	0	59	0	0	
50274.4	0	0	0	0	0	0	0	0	0	0	0	0	0	59	0	0	
51020.9	0	0	0	0	0	0	0	0	0	0	0	0	0	59	0	0	
51773.5	0	0	0	0	0	0	0	0	0	0	0	0	0	53	0	0	
52522.2	0	0	0	0	0	0	0	0	0	0	0	0	0	65	0	0	
53270.8	0	0	0	0	0	0	0	0	0	0	0	0	0	55	0	0	
54022.4	0	0	0	0	0	0	0	0	0	0	0	0	0	51	0	0	
54775	0	0	0	0	0	0	0	0	0	0	0	0	0	47	0	0	
55525.4	0	0	0	0	0	0	0	0	0	0	0	0	0	61	0	0	
56274.4	0	0	0	0	0	0	0	0	0	0	0	0	0	57	0	0	
57025.6	0	0	0	0	0	0	0	0	0	0	0	0	0	65	0	0	
57775.3	0	0	0	0	0	0	0	0	0	0	0	0	0	51	0	0	
58523.9	0	0	0	0	0	0	0	0	0	0	0	0	0	67	0	0	
59276.5	0	0	0	0	0	0	0	0	0	0	0	0	0	57	0	0	
60026.3	0	0	0	0	0	0	0	0	0	0	0	0	0	59	0	0	
60775.5	0	0	0	0	0	0	0	0	0	0	0	0	0	65	0	0	
61524.8	0	0	0	0	0	0	0	0	0	0	0	0	0	57	0	0	
62276.8	0	0	0	0	0	0	0	0	0	0	0	0	0	47	0	0	
63028.4	0	0	0	0	0	0	0	0	0	0	0	0	0	59	0	0	
63779.2	0	0	0	0	0	0	0	0	0	0	0	0	0	73	0	0	
64531.4	0	0	0	0	0	0	0	0	0	0	0	0	0	67	0	0	
65282.7	0	0	0	0	0	0	0	0	0	0	0	0	0	51	0	0	
66030.9	0	0	0	0	0	0	0	0	0	0	0	0	0	47	0	0	
66780.1	0	0	0	0	0	0	0	0	0	0	0	0	0	65	0	0	
67530.2	0	0	0	0	0	0	0	0	0	0	0	0	0	55	0	0	
68284.7	0	0	0	0	0	0	0	0	0	0	0	0	0	51	0	0	
69037.5	0	0	0	0	0	0	0	0	0	0	0	0	0	53	0	0	
69790.1	0	0	0	0	0	0	0	0	0	0	0	0	0	41	0	0	
70539.4	0	0	0	0	0	0	0	0	0	0	0	0	0	61	0	0	
71292.9	0	0	0	0	0	0	0	0	0	0	0	0	0	51	0	0	
72044.5	0	0	0	0	0	0	0	0	0	0	0	0	67	0	0	0	
72791.6	0	0	0	0	0	0	0	0	0	0	0	0	71	0	0	0	
73541.1	0	0	0	0	0	0	0	0	0	0	0	0	63	0	0	0	
74292.6	0	0	0	0	0	0	0	0	0	0	0	0	75	0	0	0	
75045.4	0	0	0	0	0	0	0	0	0	0	0	69	0	0	0	0	
75796.7	0	0	0	0	0	0	0	0	0	0	15	58	0	0	0	0	
76543.5	0	0	0	0	0	0	0	0	0	0	71	0	0	0	0	0	
77291.9	0	0	0	0	0	0	0	0	0	0	79	0	0	0	0	0	
78041.6	0	0	0	0	0	0	0	0	0	95	0	0	0	0	0	0	
78788.6	0	0	0	0	0	0	0	0	0	87	0	0	0	0	0	0	
79539.8	0	0	0	0	0	0	0	0	0	77	0	0	0	0	0	0	
80292.5	0	0	0	0	0	0	0	0	0	89	0	0	0	0	0	0	
81040.8	0	0	0	0	0	0	0	0	0	75	0	0	0	0	0	0	
81790	0	0	0	0	0	0	0	0	0	71	0	0	0	0	0	0	
82541	0	0	0	0	0	0	0	0	0	87	0	0	0	0	0	0	
83287.4	0	0	0	0	0	0	0	0	0	75	0	0	0	0	0	0	
84036.3	0	0	0	0	0	0	0	0	0	0	81	0	0	0	0	0	
84789.6	0	0	0	0	0	0	0	0	0	0	79	0	0	0	0	0	
85542.5	0	0	0	0	0	0	0	0	0	0	97	0	0	0	0	0	
86289.8	0	0	0	0	0	0	0	0	0	0	83	0	0	0	0	0	
87037.7	0	0	0	0	0	0	0	0	0	0	75	0	0	0	0	0	
87787.6	0	0	0	0	0	0	0	0	0	0	0	61	0	0	0	0	
88536.4	0	0	0	0	0	0	0	0	0	0	0	0	73	0	0	0	
89289.2	0	0	0	0	0	0	0	0	0	0	0	0	57	0	0	0	
90042.9	0	0	0	0	0	0	0	0	0	0	0	0	0	53	0	0	
90795.9	0	0	0	0	0	0	0	0	0	0	0	0	0	53	0	0	
91545.7	0	0	0	0	0	0	0	0	0	0	0	0	0	57	0	0	
92294.2	0	0	0	0	0	0	0	0	0	0	0	0	0	63	0	0	
93044.8	0	0	0	0	0	0	0	0	0	0	0	0	0	69	0	0	
93793.4	0	0	0	0	0	0	0	0	0	0	0	0	0	51	0	0	
94540.5	0	0	0	0	0	0	0	0	0	0	0	0	0	61	0	0	
95293.4	0	0	0	0	0	0	0	0	0	0	0	0	0	53	0	0	
96045.6	0	0	0	0	0	0	0	0	0	0	0	0	0	55	0	0	
96794.4	0	0	0	0	0	0	0	0	0	0	0	0	0	45	0	0	
97542.6	0	0	0	0	0	0	0	0	0	0	0	0	0	47	0	0	
98294.8	0	0	0	0	0	0	0	0	0	0	0	0	0	0	53	0	
99042.3	0	0	0	0	0	0	0	0	0	0	0	0	0	0	57	0	
99793.7	0	0	0	0	0	0	0	0	0	0	0	0	0	0	47	0	
100542	0	0	0	0	0	0	0	0	0	0	0	0	0	0	49	0	
101295	0	0	0	0	0	0	0	0	0	0	0	0	0	0	53	0	
102048	0	0	0	0	0	0	0	0	0	0	0	0	0	0	45	0	
102800	0	0	0	0	0	0	0	0	0	0	0	0	0	0	55	0	
103548	0	0	0	0	0	0	0	0	0	0	0	0	0	0	59	0	
104298	0	0	0	0	0	0	0	0	0	0	0	0	0	0	49	0	
105047	0	0	0	0	0	0	0	0	0	0	0	0	0	0	47	0	
105797	0	0	0	0	0	0	0	0	0	0	0	0	0	0	59	0	
106544	0	0	0	0	0	0	0	0	0	0	0	0	0	0	59	0	
107296	0	0	0	0	0	0	0	0	0	0	0	0	0	0	61	0	
108051	0	0	0	0	0	0	0	0	0	0	0	0	0	0	45	0	
108804	0	0	0	0	0	0	0	0	0	0	0	0	0	0	61	0	
109555	0	0	0	0	0	0	0	0	0	0	0	0	0	0	41	0	
110307	0	0	0	0	0	0	0	0	0	0	0	0	0	0	59	0	
111053	0	0	0	0	0	0	0	0	0	0	0	0	0	0	51	0	
111801	0	0	0	0	0	0	0	0	0	0	0	0	0	0	57	0	
112551	0	0	0	0	0	0	0	0	0	0	0	0	0	0	63	0	
113304	0	0	0	0	0	0	0	0	0	0	0	0	0	0	0	47	
114054	0	0	0	0	0	0	0	0	0	0	0	0	0	0	0	45	
114800	0	0	0	0	0	0	0	0	0	0	0	0	0	0	0	55	
115549	0	0	0	0	0	0	0	0	0	0	0	0	0	0	0	43	
116301	0	0	0	0	0	0	0	0	0	0	0	0	0	0	0	53	
117052	0	0	0	0	0	0	0	0	0	0	0	0	0	0	0	49	
117802	0	0	0	0	0	0	0	0	0	0	0	0	0	0	0	39	
118549	0	0	0	0	0	0	0	0	0	0	0	0	0	0	0	43	
119299	0	0	0	0	0	0	0	0	0	0	0	0	0	0	0	49	
120047	0	0	0	0	0	0	0	0	0	0	0	0	0	0	0	59	
120796	0	0	0	0	0	0	0	0	0	0	0	0	0	0	0	47	
121543	0	0	0	0	0	0	0	0	0	0	0	0	0	0	0	47	
122292	0	0	0	0	0	0	0	0	0	0	0	0	0	0	0	55	
123041	0	0	0	0	0	0	0	0	0	0	0	0	0	0	0	45	
123789	0	0	0	0	0	0	0	0	0	0	0	0	0	0	0	49	
124536	0	0	0	0	0	0	0	0	0	0	0	0	0	0	0	49	
125287	0	0	0	0	0	0	0	0	0	0	0	0	0	0	0	55	
126034	0	0	0	0	0	0	0	0	0	0	0	0	0	0	0	51	
126782	0	0	0	0	0	0	0	0	0	0	0	0	0	0	0	57	
127534	0	0	0	0	0	0	0	0	0	0	0	0	0	0	0	51	
128286	0	0	0	0	0	0	0	0	0	0	0	0	0	0	0	55	
129036	0	0	0	0	0	0	0	0	0	0	0	0	0	0	0	55	
129789	0	0	0	0	0	0	0	0	0	0	0	0	0	0	0	61	
130541	0	0	0	0	0	0	0	0	0	0	0	0	0	0	0	63	
131293	0	0	0	0	0	0	0	0	0	0	0	0	0	0	49	0	
132045	0	0	0	0	0	0	0	0	0	0	0	0	0	0	69	0	
132795	0	0	0	0	0	0	0	0	0	0	0	0	0	0	35	0	
133545	0	0	0	0	0	0	0	0	0	0	0	0	0	59	0	0	
134296	0	0	0	0	0	0	0	0	0	0	0	0	0	59	0	0	
135048	0	0	0	0	0	0	0	0	0	0	0	0	0	53	0	0	
135798	0	0	0	0	0	0	0	0	0	0	0	0	0	65	0	0	
136548	0	0	0	0	0	0	0	0	0	0	0	0	0	57	0	0	
137297	0	0	0	0	0	0	0	0	0	0	0	0	0	47	0	0	
138047	0	0	0	0	0	0	0	0	0	0	0	0	0	55	0	0	
138793	0	0	0	0	0	0	0	0	0	0	0	0	63	0	0	0	
139545	0	0	0	0	0	0	0	0	0	0	0	0	59	0	0	0	
140295	0	0	0	0	0	0	0	0	0	0	0	0	61	0	0	0	
141044	0	0	0	0	0	0	0	0	0	0	0	0	55	0	0	0	
141793	0	0	0	0	0	0	0	0	0	0	0	0	71	0	0	0	
142542	0	0	0	0	0	0	0	0	0	0	0	0	57	0	0	0	
143294	0	0	0	0	0	0	0	0	0	0	0	59	0	0	0	0	
144040	0	0	0	0	0	0	0	0	0	0	0	79	0	0	0	0	
144790	0	0	0	0	0	0	0	0	0	0	0	67	0	0	0	0	
145544	0	0	0	0	0	0	0	0	0	0	0	63	0	0	0	0	
146293	0	0	0	0	0	0	0	0	0	0	0	85	0	0	0	0	
147041	0	0	0	0	0	0	0	0	0	0	0	61	0	0	0	0	
147791	0	0	0	0	0	0	0	0	0	0	0	65	0	0	0	0	
148540	0	0	0	0	0	0	0	0	0	0	0	83	0	0	0	0	
149289	0	0	0	0	0	0	0	0	0	0	0	65	0	0	0	0	
150040	0	0	0	0	0	0	0	0	0	0	0	77	0	0	0	0	
150790	0	0	0	0	0	0	0	0	0	0	0	53	0	0	0	0	
151539	0	0	0	0	0	0	0	0	0	0	0	73	0	0	0	0	
152286	0	0	0	0	0	0	0	0	0	0	0	61	0	0	0	0	
153037	0	0	0	0	0	0	0	0	0	0	0	67	0	0	0	0	
153786	0	0	0	0	0	0	0	0	0	0	0	71	0	0	0	0	
154536	0	0	0	0	0	0	0	0	0	0	0	65	0	0	0	0	
155282	0	0	0	0	0	0	0	0	0	0	0	65	0	0	0	0	
156031	0	0	0	0	0	0	0	0	0	0	0	63	0	0	0	0	
156783	0	0	0	0	0	0	0	0	0	0	0	61	0	0	0	0	
157534	0	0	0	0	0	0	0	0	0	0	0	75	0	0	0	0	
158283	0	0	0	0	0	0	0	0	0	0	0	61	0	0	0	0	
159030	0	0	0	0	0	0	0	0	0	0	57	0	0	0	0	0	
159780	0	0	0	0	0	0	0	0	0	0	81	0	0	0	0	0	
160530	0	0	0	0	0	0	0	0	0	0	67	0	0	0	0	0	
161279	0	0	0	0	0	0	0	0	0	0	89	0	0	0	0	0	
162029	0	0	0	0	0	0	0	0	0	0	79	0	0	0	0	0	
162780	0	0	0	0	0	0	0	0	0	0	97	0	0	0	0	0	
163529	0	0	0	0	0	0	0	0	0	0	75	0	0	0	0	0	
164280	0	0	0	0	0	0	0	0	0	0	67	0	0	0	0	0	
165033	0	0	0	0	0	0	0	0	0	0	85	0	0	0	0	0	
165786	0	0	0	0	0	0	0	0	0	0	79	0	0	0	0	0	
166534	0	0	0	0	0	0	0	0	0	0	93	0	0	0	0	0	
167287	0	0	0	0	0	0	0	0	0	0	75	0	0	0	0	0	
168036	0	0	0	0	0	0	0	0	0	0	61	0	0	0	0	0	
168784	0	0	0	0	0	0	0	0	0	0	81	0	0	0	0	0	
169536	0	0	0	0	0	0	0	0	0	81	0	0	0	0	0	0	
170288	0	0	0	0	0	0	0	0	0	69	0	0	0	0	0	0	
171040	0	0	0	0	0	0	0	0	0	85	0	0	0	0	0	0	
171787	0	0	0	0	0	0	0	0	0	85	0	0	0	0	0	0	
172538	0	0	0	0	0	0	0	0	0	79	0	0	0	0	0	0	
173288	0	0	0	0	0	0	0	0	0	93	0	0	0	0	0	0	
174038	0	0	0	0	0	0	0	0	0	89	0	0	0	0	0	0	
174789	0	0	0	0	0	0	0	0	0	83	0	0	0	0	0	0	
175536	0	0	0	0	0	0	0	0	0	81	0	0	0	0	0	0	
176285	0	0	0	0	0	0	0	0	0	81	0	0	0	0	0	0	
177033	0	0	0	0	0	0	0	0	0	85	0	0	0	0	0	0	
177781	0	0	0	0	0	0	0	0	0	71	0	0	0	0	0	0	
178532	0	0	0	0	0	0	0	0	0	79	0	0	0	0	0	0	
179280	0	0	0	0	0	0	0	0	0	103	0	0	0	0	0	0	
180031	0	0	0	0	0	0	0	0	0	81	0	0	0	0	0	0	
180780	0	0	0	0	0	0	0	0	1	60	0	0	0	0	0	0	
181530	0	0	0	0	0	0	0	0	0	69	0	0	0	0	0	0	
182280	0	0	0	0	0	0	0	0	0	69	0	0	0	0	0	0	
183028	0	0	0	0	0	0	0	0	0	87	0	0	0	0	0	0	
183778	0	0	0	0	0	0	0	0	0	93	0	0	0	0	0	0	
184529	0	0	0	0	0	0	0	0	0	71	0	0	0	0	0	0	
185281	0	0	0	0	0	0	0	0	0	79	0	0	0	0	0	0	
186029	0	0	0	0	0	0	0	0	0	87	0	0	0	0	0	0	
186775	0	0	0	0	0	0	0	0	0	79	0	0	0	0	0	0	
187523	0	0	0	0	0	0	0	0	0	81	0	0	0	0	0	0	
188273	0	0	0	0	0	0	0	0	0	83	0	0	0	0	0	0	
189026	0	0	0	0	0	0	0	0	0	77	0	0	0	0	0	0	
189780	0	0	0	0	0	0	0	0	0	83	0	0	0	0	0	0	
190529	0	0	0	0	0	0	0	0	0	63	0	0	0	0	0	0	
191281	0	0	0	0	0	0	0	0	0	85	0	0	0	0	0	0	
192032	0	0	0	0	0	0	0	0	0	83	0	0	0	0	0	0	
192779	0	0	0	0	0	0	0	0	0	79	0	0	0	0	0	0	
193528	0	0	0	0	0	0	0	0	0	71	0	0	0	0	0	0	
194279	0	0	0	0	0	0	0	0	0	91	0	0	0	0	0	0	
195030	0	0	0	0	0	0	0	0	0	87	0	0	0	0	0	0	
195778	0	0	0	0	0	0	0	0	0	89	0	0	0	0	0	0	
196530	0	0	0	0	0	0	0	0	0	101	0	0	0	0	0	0	
197280	0	0	0	0	0	0	0	0	0	61	0	0	0	0	0	0	
198032	0	0	0	0	0	0	0	0	0	77	0	0	0	0	0	0	
198783	0	0	0	0	0	0	0	0	0	79	0	0	0	0	0	0	
199533	0	0	0	0	0	0	0	0	0	83	0	0	0	0	0	0	
200279	0	0	0	0	0	0	0	0	0	79	0	0	0	0	0	0	
201031	0	0	0	0	0	0	0	0	0	61	0	0	0	0	0	0	
201784	0	0	0	0	0	0	0	0	0	85	0	0	0	0	0	0	
202534	0	0	0	0	0	0	0	0	0	63	0	0	0	0	0	0	
203287	0	0	0	0	0	0	0	0	0	79	0	0	0	0	0	0	
204037	0	0	0	0	0	0	0	0	0	93	0	0	0	0	0	0	
204780	0	0	0	0	0	0	0	0	0	83	0	0	0	0	0	0	
205529	0	0	0	0	0	0	0	0	0	89	0	0	0	0	0	0	
206278	0	0	0	0	0	0	0	0	0	85	0	0	0	0	0	0	
207028	0	0	0	0	0	0	0	0	0	79	0	0	0	0	0	0	
207779	0	0	0	0	0	0	0	0	0	73	0	0	0	0	0	0	
208526	0	0	0	0	0	0	0	0	115	0	0	0	0	0	0	0	
209274	0	0	0	0	0	0	0	0	73	0	0	0	0	0	0	0	
210025	0	0	0	0	0	0	0	0	87	0	0	0	0	0	0	0	
210775	0	0	0	0	0	0	0	0	81	0	0	0	0	0	0	0	
211527	0	0	0	0	0	0	0	0	83	0	0	0	0	0	0	0	
212276	0	0	0	0	0	0	0	0	85	0	0	0	0	0	0	0	
213024	0	0	0	0	0	0	0	0	93	0	0	0	0	0	0	0	
213772	0	0	0	0	0	0	0	0	81	0	0	0	0	0	0	0	
214522	0	0	0	0	0	0	0	0	93	0	0	0	0	0	0	0	
215271	0	0	0	0	0	0	0	0	87	0	0	0	0	0	0	0	
216020	0	0	0	0	0	0	0	0	97	0	0	0	0	0	0	0	
216772	0	0	0	0	0	0	0	0	83	0	0	0	0	0	0	0	
217519	0	0	0	0	0	0	0	0	95	0	0	0	0	0	0	0	
218270	0	0	0	0	0	0	0	0	87	0	0	0	0	0	0	0	
219022	0	0	0	0	0	0	0	0	97	0	0	0	0	0	0	0	
219772	0	0	0	0	0	0	0	0	77	0	0	0	0	0	0	0	
220519	0	0	0	0	0	0	0	0	89	0	0	0	0	0	0	0	
221270	0	0	0	0	0	0	0	0	87	0	0	0	0	0	0	0	
222020	0	0	0	0	0	0	0	0	0	71	0	0	0	0	0	0	
222773	0	0	0	0	0	0	0	0	85	0	0	0	0	0	0	0	
223525	0	0	0	0	0	0	0	0	87	0	0	0	0	0	0	0	
224278	0	0	0	0	0	0	0	0	99	0	0	0	0	0	0	0	
225024	0	0	0	0	0	0	0	0	89	0	0	0	0	0	0	0	
225775	0	0	0	0	0	0	0	0	95	0	0	0	0	0	0	0	
226528	0	0	0	0	0	0	0	0	79	0	0	0	0	0	0	0	
227278	0	0	0	0	0	0	0	0	79	0	0	0	0	0	0	0	
228031	0	0	0	0	0	0	0	0	105	0	0	0	0	0	0	0	
228784	0	0	0	0	0	0	0	0	87	0	0	0	0	0	0	0	
229534	0	0	0	0	0	0	0	0	93	0	0	0	0	0	0	0	
230284	0	0	0	0	0	0	0	0	89	0	0	0	0	0	0	0	
231035	0	0	0	0	0	0	0	0	91	0	0	0	0	0	0	0	
231788	0	0	0	0	0	0	0	0	97	0	0	0	0	0	0	0	
232537	0	0	0	0	0	0	0	0	79	0	0	0	0	0	0	0	
233287	0	0	0	0	0	0	0	0	93	0	0	0	0	0	0	0	
234036	0	0	0	0	0	0	0	0	91	0	0	0	0	0	0	0	
234786	0	0	0	0	0	0	0	0	79	0	0	0	0	0	0	0	
235536	0	0	0	0	0	0	0	0	93	0	0	0	0	0	0	0	
236284	0	0	0	0	0	0	0	0	97	0	0	0	0	0	0	0	
237036	0	0	0	0	0	0	0	0	77	0	0	0	0	0	0	0	
237787	0	0	0	0	0	0	0	0	75	0	0	0	0	0	0	0	
238538	0	0	0	0	0	0	0	0	0	71	0	0	0	0	0	0	
239287	0	0	0	0	0	0	0	0	0	73	0	0	0	0	0	0	
240037	0	0	0	0	0	0	0	0	0	71	0	0	0	0	0	0	
240787	0	0	0	0	0	0	0	0	0	81	0	0	0	0	0	0	
241535	0	0	0	0	0	0	0	0	0	91	0	0	0	0	0	0	
242284	0	0	0	0	0	0	0	0	0	79	0	0	0	0	0	0	
243033	0	0	0	0	0	0	0	0	0	77	0	0	0	0	0	0	
243782	0	0	0	0	0	0	0	0	0	67	0	0	0	0	0	0	
244534	0	0	0	0	0	0	0	0	0	79	0	0	0	0	0	0	
245280	0	0	0	0	0	0	0	0	0	75	0	0	0	0	0	0	
246024	0	0	0	0	0	0	0	0	71	0	0	0	0	0	0	0	
246772	0	0	0	0	0	0	0	0	81	0	0	0	0	0	0	0	
247522	0	0	0	0	0	0	0	0	87	0	0	0	0	0	0	0	
248271	0	0	0	0	0	0	0	0	97	0	0	0	0	0	0	0	
249023	0	0	0	0	0	0	0	0	93	0	0	0	0	0	0	0	
249775	0	0	0	0	0	0	0	0	95	0	0	0	0	0	0	0	
250524	0	0	0	0	0	0	0	0	89	0	0	0	0	0	0	0	
251276	0	0	0	0	0	0	0	0	93	0	0	0	0	0	0	0	
252026	0	0	0	0	0	0	0	0	97	0	0	0	0	0	0	0	
252775	0	0	0	0	0	0	0	0	99	0	0	0	0	0	0	0	
253526	0	0	0	0	0	0	0	0	69	0	0	0	0	0	0	0	
254277	0	0	0	0	0	0	0	0	79	0	0	0	0	0	0	0	
255029	0	0	0	0	0	0	0	0	93	0	0	0	0	0	0	0	
255781	0	0	0	0	0	0	0	0	87	0	0	0	0	0	0	0	
256526	0	0	0	0	0	0	0	89	0	0	0	0	0	0	0	0	
257274	0	0	0	0	0	0	101	0	0	0	0	0	0	0	0	0	
258027	0	0	0	0	0	145	0	0	0	0	0	0	0	0	0	0	
258776	0	0	0	0	0	127	0	0	0	0	0	0	0	0	0	0	
259528	0	0	0	0	0	101	0	0	0	0	0	0	0	0	0	0	
260278	0	0	0	0	0	145	0	0	0	0	0	0	0	0	0	0	
261027	0	0	0	0	0	145	0	0	0	0	0	0	0	0	0	0	
261778	0	0	0	0	151	0	0	0	0	0	0	0	0	0	0	0	
262528	0	0	0	0	163	0	0	0	0	0	0	0	0	0	0	0	
263275	0	0	0	8	171	0	0	0	0	0	0	0	0	0	0	0	
264025	0	0	0	0	173	0	0	0	0	0	0	0	0	0	0	0	
264773	0	0	0	0	151	0	0	0	0	0	0	0	0	0	0	0	
265524	0	0	0	0	177	0	0	0	0	0	0	0	0	0	0	0	
266276	0	0	0	0	153	0	0	0	0	0	0	0	0	0	0	0	
267026	0	0	0	0	0	145	0	0	0	0	0	0	0	0	0	0	
267775	0	0	0	0	0	0	107	0	0	0	0	0	0	0	0	0	
268524	0	0	0	0	0	139	0	0	0	0	0	0	0	0	0	0	
269272	0	0	0	0	0	137	0	0	0	0	0	0	0	0	0	0	
270022	0	0	0	0	0	143	0	0	0	0	0	0	0	0	0	0	
270774	0	0	0	0	0	131	0	0	0	0	0	0	0	0	0	0	
271523	0	0	0	0	0	129	0	0	0	0	0	0	0	0	0	0	
272274	0	0	0	0	0	133	0	0	0	0	0	0	0	0	0	0	
273023	0	0	0	0	0	129	0	0	0	0	0	0	0	0	0	0	
273771	0	0	0	0	0	135	0	0	0	0	0	0	0	0	0	0	
274522	0	0	0	0	0	163	0	0	0	0	0	0	0	0	0	0	
275273	0	0	0	0	0	123	0	0	0	0	0	0	0	0	0	0	
276022	0	0	0	0	0	117	0	0	0	0	0	0	0	0	0	0	
276773	0	0	0	0	0	131	0	0	0	0	0	0	0	0	0	0	
277524	0	0	0	0	0	149	0	0	0	0	0	0	0	0	0	0	
278273	0	0	0	0	0	131	0	0	0	0	0	0	0	0	0	0	
279027	0	0	0	0	0	119	0	0	0	0	0	0	0	0	0	0	
279775	0	0	0	0	0	139	0	0	0	0	0	0	0	0	0	0	
280522	0	0	0	0	0	133	0	0	0	0	0	0	0	0	0	0	
281271	0	0	0	0	159	0	0	0	0	0	0	0	0	0	0	0	
282019	0	0	0	145	0	0	0	0	0	0	0	0	0	0	0	0	
282766	0	0	0	201	0	0	0	0	0	0	0	0	0	0	0	0	
283519	0	0	0	197	0	0	0	0	0	0	0	0	0	0	0	0	
284267	0	0	0	179	0	0	0	0	0	0	0	0	0	0	0	0	
285021	0	0	0	197	0	0	0	0	0	0	0	0	0	0	0	0	
285771	0	0	2	205	0	0	0	0	0	0	0	0	0	0	0	0	
286523	0	0	0	209	0	0	0	0	0	0	0	0	0	0	0	0	
287273	0	0	0	183	0	0	0	0	0	0	0	0	0	0	0	0	
288027	0	0	0	223	0	0	0	0	0	0	0	0	0	0	0	0	
288776	0	0	0	213	0	0	0	0	0	0	0	0	0	0	0	0	
289527	0	0	0	177	0	0	0	0	0	0	0	0	0	0	0	0	
290277	0	0	0	199	0	0	0	0	0	0	0	0	0	0	0	0	
291029	0	0	0	187	0	0	0	0	0	0	0	0	0	0	0	0	
291781	0	0	0	201	0	0	0	0	0	0	0	0	0	0	0	0	
292530	0	0	0	195	0	0	0	0	0	0	0	0	0	0	0	0	
293282	0	0	0	197	0	0	0	0	0	0	0	0	0	0	0	0	
294031	0	0	0	223	0	0	0	0	0	0	0	0	0	0	0	0	
294782	0	0	0	193	0	0	0	0	0	0	0	0	0	0	0	0	
295529	0	0	0	231	0	0	0	0	0	0	0	0	0	0	0	0	
296279	0	0	32	205	0	0	0	0	0	0	0	0	0	0	0	0	
297026	0	0	0	205	0	0	0	0	0	0	0	0	0	0	0	0	
297776	0	0	0	195	0	0	0	0	0	0	0	0	0	0	0	0	
298525	0	0	0	203	0	0	0	0	0	0	0	0	0	0	0	0	
299276	0	0	0	221	0	0	0	0	0	0	0	0	0	0	0	0	
300021	0	0	0	193	0	0	0	0	0	0	0	0	0	0	0	0	
300768	0	0	0	177	0	0	0	0	0	0	0	0	0	0	0	0	
301517	0	0	0	193	0	0	0	0	0	0	0	0	0	0	0	0	
302271	0	0	0	189	0	0	0	0	0	0	0	0	0	0	0	0	
303017	0	0	0	209	0	0	0	0	0	0	0	0	0	0	0	0	
303764	0	0	0	203	0	0	0	0	0	0	0	0	0	0	0	0	
304512	0	0	0	211	0	0	0	0	0	0	0	0	0	0	0	0	
305259	0	0	0	199	0	0	0	0	0	0	0	0	0	0	0	0	
306006	0	0	0	193	0	0	0	0	0	0	0	0	0	0	0	0	
306755	0	0	0	181	0	0	0	0	0	0	0	0	0	0	0	0	
307507	0	0	0	185	0	0	0	0	0	0	0	0	0	0	0	0	
308256	0	0	0	205	0	0	0	0	0	0	0	0	0	0	0	0	
309003	0	0	0	205	0	0	0	0	0	0	0	0	0	0	0	0	
309753	0	0	0	225	0	0	0	0	0	0	0	0	0	0	0	0	
310502	0	0	0	215	0	0	0	0	0	0	0	0	0	0	0	0	
311247	0	0	0	195	0	0	0	0	0	0	0	0	0	0	0	0	
311993	0	0	0	195	0	0	0	0	0	0	0	0	0	0	0	0	
312744	0	0	0	191	0	0	0	0	0	0	0	0	0	0	0	0	
313494	0	0	0	185	0	0	0	0	0	0	0	0	0	0	0	0	
314243	0	0	0	171	0	0	0	0	0	0	0	0	0	0	0	0	
314992	0	0	0	195	0	0	0	0	0	0	0	0	0	0	0	0	
315747	0	0	0	183	0	0	0	0	0	0	0	0	0	0	0	0	
316493	0	0	0	233	0	0	0	0	0	0	0	0	0	0	0	0	
317243	0	0	0	189	0	0	0	0	0	0	0	0	0	0	0	0	
317986	0	0	0	195	0	0	0	0	0	0	0	0	0	0	0	0	
318737	0	0	0	207	0	0	0	0	0	0	0	0	0	0	0	0	
319486	0	0	0	203	0	0	0	0	0	0	0	0	0	0	0	0	
320233	0	0	0	219	0	0	0	0	0	0	0	0	0	0	0	0	
320985	0	0	0	205	0	0	0	0	0	0	0	0	0	0	0	0	
321735	0	0	0	219	0	0	0	0	0	0	0	0	0	0	0	0	
322486	0	0	0	187	0	0	0	0	0	0	0	0	0	0	0	0	
323236	0	0	0	191	0	0	0	0	0	0	0	0	0	0	0	0	
323987	0	0	0	213	0	0	0	0	0	0	0	0	0	0	0	0	
324737	0	0	0	193	0	0	0	0	0	0	0	0	0	0	0	0	
325488	0	0	0	203	0	0	0	0	0	0	0	0	0	0	0	0	
326238	0	0	0	207	0	0	0	0	0	0	0	0	0	0	0	0	
326984	0	0	0	0	159	0	0	0	0	0	0	0	0	0	0	0	
327733	0	0	0	92	101	0	0	0	0	0	0	0	0	0	0	0	
328480	0	0	0	213	0	0	0	0	0	0	0	0	0	0	0	0	
329230	0	0	0	165	0	0	0	0	0	0	0	0	0	0	0	0	
329984	0	0	0	205	0	0	0	0	0	0	0	0	0	0	0	0	
330733	0	0	0	205	0	0	0	0	0	0	0	0	0	0	0	0	
331486	0	0	0	171	0	0	0	0	0	0	0	0	0	0	0	0	
332237	0	0	0	207	0	0	0	0	0	0	0	0	0	0	0	0	
332990	0	0	0	0	161	0	0	0	0	0	0	0	0	0	0	0	
333737	0	0	0	0	161	0	0	0	0	0	0	0	0	0	0	0	
334487	0	0	0	0	165	0	0	0	0	0	0	0	0	0	0	0	
335238	0	0	0	0	187	0	0	0	0	0	0	0	0	0	0	0	
335989	0	0	0	0	143	0	0	0	0	0	0	0	0	0	0	0	
336740	0	0	0	0	147	0	0	0	0	0	0	0	0	0	0	0	
337488	0	0	0	0	169	0	0	0	0	0	0	0	0	0	0	0	
338240	0	0	0	0	145	0	0	0	0	0	0	0	0	0	0	0	
338989	0	0	0	0	155	0	0	0	0	0	0	0	0	0	0	0	
339739	0	0	0	0	163	0	0	0	0	0	0	0	0	0	0	0	
340488	0	0	0	0	137	0	0	0	0	0	0	0	0	0	0	0	
341239	0	0	0	0	173	0	0	0	0	0	0	0	0	0	0	0	
341989	0	0	0	0	173	0	0	0	0	0	0	0	0	0	0	0	
342739	0	0	0	0	153	0	0	0	0	0	0	0	0	0	0	0	
343492	0	0	0	0	143	0	0	0	0	0	0	0	0	0	0	0	
344241	0	0	0	0	145	0	0	0	0	0	0	0	0	0	0	0	
344992	0	0	0	0	147	0	0	0	0	0	0	0	0	0	0	0	
345741	0	0	0	0	155	0	0	0	0	0	0	0	0	0	0	0	
346492	0	0	0	0	145	0	0	0	0	0	0	0	0	0	0	0	
347240	0	0	0	0	161	0	0	0	0	0	0	0	0	0	0	0	
347989	0	0	0	0	169	0	0	0	0	0	0	0	0	0	0	0	
348739	0	0	0	0	145	0	0	0	0	0	0	0	0	0	0	0	
349489	0	0	0	0	147	0	0	0	0	0	0	0	0	0	0	0	
350237	0	0	0	0	171	0	0	0	0	0	0	0	0	0	0	0	
350988	0	0	0	1	146	0	0	0	0	0	0	0	0	0	0	0	
351740	0	0	0	181	0	0	0	0	0	0	0	0	0	0	0	0	
352489	0	0	0	205	0	0	0	0	0	0	0	0	0	0	0	0	
353238	0	0	0	217	0	0	0	0	0	0	0	0	0	0	0	0	
353986	0	0	0	199	0	0	0	0	0	0	0	0	0	0	0	0	
354738	0	0	0	227	0	0	0	0	0	0	0	0	0	0	0	0	
355489	0	0	0	205	0	0	0	0	0	0	0	0	0	0	0	0	
356237	0	0	0	231	0	0	0	0	0	0	0	0	0	0	0	0	
356985	0	0	0	189	0	0	0	0	0	0	0	0	0	0	0	0	
357737	0	0	0	207	0	0	0	0	0	0	0	0	0	0	0	0	
358489	0	0	0	211	0	0	0	0	0	0	0	0	0	0	0	0	
359242	0	0	0	177	0	0	0	0	0	0	0	0	0	0	0	0	
359990	0	0	0	193	0	0	0	0	0	0	0	0	0	0	0	0	
360740	0	0	0	189	0	0	0	0	0	0	0	0	0	0	0	0	
361490	0	0	0	203	0	0	0	0	0	0	0	0	0	0	0	0	
362240	0	0	0	193	0	0	0	0	0	0	0	0	0	0	0	0	
362988	0	0	0	195	0	0	0	0	0	0	0	0	0	0	0	0	
363735	0	0	0	187	0	0	0	0	0	0	0	0	0	0	0	0	
364484	0	0	0	211	0	0	0	0	0	0	0	0	0	0	0	0	
365234	0	0	0	209	0	0	0	0	0	0	0	0	0	0	0	0	
365985	0	0	0	207	0	0	0	0	0	0	0	0	0	0	0	0	
366738	0	0	0	185	0	0	0	0	0	0	0	0	0	0	0	0	
367488	0	0	0	189	0	0	0	0	0	0	0	0	0	0	0	0	
368241	0	0	0	219	0	0	0	0	0	0	0	0	0	0	0	0	
368988	0	0	0	183	0	0	0	0	0	0	0	0	0	0	0	0	
369737	0	0	0	177	0	0	0	0	0	0	0	0	0	0	0	0	
370488	0	0	0	201	0	0	0	0	0	0	0	0	0	0	0	0	
371239	0	0	0	217	0	0	0	0	0	0	0	0	0	0	0	0	
371991	0	0	0	213	0	0	0	0	0	0	0	0	0	0	0	0	
372741	0	0	0	203	0	0	0	0	0	0	0	0	0	0	0	0	
373492	0	0	0	187	0	0	0	0	0	0	0	0	0	0	0	0	
374244	0	0	0	193	0	0	0	0	0	0	0	0	0	0	0	0	
374995	0	0	0	199	0	0	0	0	0	0	0	0	0	0	0	0	
375745	0	0	0	189	0	0	0	0	0	0	0	0	0	0	0	0	
376497	0	0	0	201	0	0	0	0	0	0	0	0	0	0	0	0	
377245	0	0	0	201	0	0	0	0	0	0	0	0	0	0	0	0	
377995	0	0	0	201	0	0	0	0	0	0	0	0	0	0	0	0	
378742	0	0	0	177	0	0	0	0	0	0	0	0	0	0	0	0	
379490	0	0	0	207	0	0	0	0	0	0	0	0	0	0	0	0	
380245	0	0	0	235	0	0	0	0	0	0	0	0	0	0	0	0	
380992	0	0	0	177	0	0	0	0	0	0	0	0	0	0	0	0	
381743	0	0	0	189	0	0	0	0	0	0	0	0	0	0	0	0	
382493	0	0	0	187	0	0	0	0	0	0	0	0	0	0	0	0	
383242	0	0	0	169	0	0	0	0	0	0	0	0	0	0	0	0	
383990	0	0	0	199	0	0	0	0	0	0	0	0	0	0	0	0	
384739	0	0	0	195	0	0	0	0	0	0	0	0	0	0	0	0	
385487	0	0	0	179	0	0	0	0	0	0	0	0	0	0	0	0	
386236	0	0	0	211	0	0	0	0	0	0	0	0	0	0	0	0	
386983	0	0	0	203	0	0	0	0	0	0	0	0	0	0	0	0	
387732	0	0	0	29	151	1	0	0	0	0	0	0	0	0	0	0	
388482	0	0	0	0	135	0	0	0	0	0	0	0	0	0	0	0	
389228	0	0	0	0	173	0	0	0	0	0	0	0	0	0	0	0	
389973	0	0	0	0	163	0	0	0	0	0	0	0	0	0	0	0	
390720	0	0	0	0	137	0	0	0	0	0	0	0	0	0	0	0	
391467	0	0	0	0	187	0	0	0	0	0	0	0	0	0	0	0	
392217	0	0	0	0	149	0	0	0	0	0	0	0	0	0	0	0	
392967	0	0	0	4	159	0	0	0	0	0	0	0	0	0	0	0	
393717	0	0	0	0	165	0	0	0	0	0	0	0	0	0	0	0	
394468	0	0	0	0	141	0	0	0	0	0	0	0	0	0	0	0	
395219	0	0	0	0	143	0	0	0	0	0	0	0	0	0	0	0	
395968	0	0	0	0	173	0	0	0	0	0	0	0	0	0	0	0	
396721	0	0	0	140	33	0	0	0	0	0	0	0	0	0	0	0	
397467	0	0	0	191	0	0	0	0	0	0	0	0	0	0	0	0	
398216	0	0	0	199	0	0	0	0	0	0	0	0	0	0	0	0	
398966	0	0	0	193	0	0	0	0	0	0	0	0	0	0	0	0	
399713	0	0	0	201	0	0	0	0	0	0	0	0	0	0	0	0	
400462	0	0	0	177	0	0	0	0	0	0	0	0	0	0	0	0	
401213	0	0	0	209	0	0	0	0	0	0	0	0	0	0	0	0	
401963	0	0	0	185	0	0	0	0	0	0	0	0	0	0	0	0	
402710	0	0	0	185	0	0	0	0	0	0	0	0	0	0	0	0	
403458	0	0	0	197	0	0	0	0	0	0	0	0	0	0	0	0	
404209	0	0	0	195	0	0	0	0	0	0	0	0	0	0	0	0	
404958	0	0	0	223	0	0	0	0	0	0	0	0	0	0	0	0	
405708	0	0	0	201	0	0	0	0	0	0	0	0	0	0	0	0	
406456	0	0	0	225	0	0	0	0	0	0	0	0	0	0	0	0	
407206	0	0	0	179	0	0	0	0	0	0	0	0	0	0	0	0	
407958	0	0	0	197	0	0	0	0	0	0	0	0	0	0	0	0	
408710	0	0	0	201	0	0	0	0	0	0	0	0	0	0	0	0	
409462	0	0	0	199	0	0	0	0	0	0	0	0	0	0	0	0	
410214	0	0	0	201	0	0	0	0	0	0	0	0	0	0	0	0	
410968	0	0	0	187	0	0	0	0	0	0	0	0	0	0	0	0	
411719	0	0	0	209	0	0	0	0	0	0	0	0	0	0	0	0	
412469	0	0	0	187	0	0	0	0	0	0	0	0	0	0	0	0	
413222	0	0	95	118	0	0	0	0	0	0	0	0	0	0	0	0	
413971	0	0	277	0	0	0	0	0	0	0	0	0	0	0	0	0	
414721	0	0	277	0	0	0	0	0	0	0	0	0	0	0	0	0	
415476	0	0	263	0	0	0	0	0	0	0	0	0	0	0	0	0	
416229	0	0	261	0	0	0	0	0	0	0	0	0	0	0	0	0	
416980	0	0	261	0	0	0	0	0	0	0	0	0	0	0	0	0	
417730	0	0	279	0	0	0	0	0	0	0	0	0	0	0	0	0	
418478	0	0	261	0	0	0	0	0	0	0	0	0	0	0	0	0	
419229	0	0	279	0	0	0	0	0	0	0	0	0	0	0	0	0	
419979	0	0	273	0	0	0	0	0	0	0	0	0	0	0	0	0	
420728	0	0	267	0	0	0	0	0	0	0	0	0	0	0	0	0	
421482	0	0	249	0	0	0	0	0	0	0	0	0	0	0	0	0	
422232	0	0	283	0	0	0	0	0	0	0	0	0	0	0	0	0	
422983	0	0	251	0	0	0	0	0	0	0	0	0	0	0	0	0	
423734	0	0	273	0	0	0	0	0	0	0	0	0	0	0	0	0	
424484	0	0	275	0	0	0	0	0	0	0	0	0	0	0	0	0	
425234	0	0	283	0	0	0	0	0	0	0	0	0	0	0	0	0	
425985	0	0	271	0	0	0	0	0	0	0	0	0	0	0	0	0	
426732	0	0	283	0	0	0	0	0	0	0	0	0	0	0	0	0	
427481	0	0	263	0	0	0	0	0	0	0	0	0	0	0	0	0	
428232	0	0	275	0	0	0	0	0	0	0	0	0	0	0	0	0	
428978	0	1	256	0	0	0	0	0	0	0	0	0	0	0	0	0	
429728	0	0	273	0	0	0	0	0	0	0	0	0	0	0	0	0	
430477	0	0	273	0	0	0	0	0	0	0	0	0	0	0	0	0	
431227	0	0	271	0	0	0	0	0	0	0	0	0	0	0	0	0	
431978	0	0	235	0	0	0	0	0	0	0	0	0	0	0	0	0	
432730	0	0	245	0	0	0	0	0	0	0	0	0	0	0	0	0	
433479	0	0	245	0	0	0	0	0	0	0	0	0	0	0	0	0	
434230	0	0	265	0	0	0	0	0	0	0	0	0	0	0	0	0	
434981	0	0	277	0	0	0	0	0	0	0	0	0	0	0	0	0	
435729	0	0	283	0	0	0	0	0	0	0	0	0	0	0	0	0	
436477	0	0	263	0	0	0	0	0	0	0	0	0	0	0	0	0	
437228	0	0	259	0	0	0	0	0	0	0	0	0	0	0	0	0	
437979	0	4	269	0	0	0	0	0	0	0	0	0	0	0	0	0	
438728	0	0	279	0	0	0	0	0	0	0	0	0	0	0	0	0	
439477	0	0	287	0	0	0	0	0	0	0	0	0	0	0	0	0	
440226	0	0	265	0	0	0	0	0	0	0	0	0	0	0	0	0	
440979	0	0	267	0	0	0	0	0	0	0	0	0	0	0	0	0	
441732	0	0	255	0	0	0	0	0	0	0	0	0	0	0	0	0	
442482	0	0	273	0	0	0	0	0	0	0	0	0	0	0	0	0	
443227	0	0	243	0	0	0	0	0	0	0	0	0	0	0	0	0	
443978	0	8	249	0	0	0	0	0	0	0	0	0	0	0	0	0	
444729	0	0	281	0	0	0	0	0	0	0	0	0	0	0	0	0	
445482	0	0	251	0	0	0	0	0	0	0	0	0	0	0	0	0	
446232	0	0	261	0	0	0	0	0	0	0	0	0	0	0	0	0	
446981	0	0	247	0	0	0	0	0	0	0	0	0	0	0	0	0	
447730	0	0	267	0	0	0	0	0	0	0	0	0	0	0	0	0	
448480	0	0	279	0	0	0	0	0	0	0	0	0	0	0	0	0	
449232	0	0	277	0	0	0	0	0	0	0	0	0	0	0	0	0	
449980	0	0	261	0	0	0	0	0	0	0	0	0	0	0	0	0	
450729	0	0	273	0	0	0	0	0	0	0	0	0	0	0	0	0	
451478	0	0	239	0	0	0	0	0	0	0	0	0	0	0	0	0	
452230	0	0	289	0	0	0	0	0	0	0	0	0	0	0	0	0	
452981	0	0	255	0	0	0	0	0	0	0	0	0	0	0	0	0	
453730	0	0	249	0	0	0	0	0	0	0	0	0	0	0	0	0	
454481	0	0	259	0	0	0	0	0	0	0	0	0	0	0	0	0	
455232	0	5	282	0	0	0	0	0	0	0	0	0	0	0	0	0	
455981	0	36	263	0	0	0	0	0	0	0	0	0	0	0	0	0	
456731	0	0	251	0	0	0	0	0	0	0	0	0	0	0	0	0	
457482	0	0	243	0	0	0	0	0	0	0	0	0	0	0	0	0	
458231	0	0	265	0	0	0	0	0	0	0	0	0	0	0	0	0	
458981	0	0	249	0	0	0	0	0	0	0	0	0	0	0	0	0	
459729	0	0	267	0	0	0	0	0	0	0	0	0	0	0	0	0	
460478	0	0	277	0	0	0	0	0	0	0	0	0	0	0	0	0	
461224	0	0	257	0	0	0	0	0	0	0	0	0	0	0	0	0	
461974	0	0	231	0	0	0	0	0	0	0	0	0	0	0	0	0	
462722	0	0	239	0	0	0	0	0	0	0	0	0	0	0	0	0	
463473	0	0	231	0	0	0	0	0	0	0	0	0	0	0	0	0	
464226	0	0	243	0	0	0	0	0	0	0	0	0	0	0	0	0	
464976	0	0	267	0	0	0	0	0	0	0	0	0	0	0	0	0	
465724	0	0	299	0	0	0	0	0	0	0	0	0	0	0	0	0	
466475	0	0	273	0	0	0	0	0	0	0	0	0	0	0	0	0	
467227	0	0	269	0	0	0	0	0	0	0	0	0	0	0	0	0	
467979	0	0	263	0	0	0	0	0	0	0	0	0	0	0	0	0	
468729	0	0	249	0	0	0	0	0	0	0	0	0	0	0	0	0	
469479	0	0	239	0	0	0	0	0	0	0	0	0	0	0	0	0	
470231	0	0	277	0	0	0	0	0	0	0	0	0	0	0	0	0	
470976	0	11	270	0	0	0	0	0	0	0	0	0	0	0	0	0	
471725	0	0	271	0	0	0	0	0	0	0	0	0	0	0	0	0	
472475	0	0	241	0	0	0	0	0	0	0	0	0	0	0	0	0	
473224	0	0	271	0	0	0	0	0	0	0	0	0	0	0	0	0	
473972	0	0	299	0	0	0	0	0	0	0	0	0	0	0	0	0	
474723	0	0	265	0	0	0	0	0	0	0	0	0	0	0	0	0	
475472	0	118	199	0	0	0	0	0	0	0	0	0	0	0	0	0	
476222	0	0	255	0	0	0	0	0	0	0	0	0	0	0	0	0	
476973	0	0	271	0	0	0	0	0	0	0	0	0	0	0	0	0	
477724	0	0	249	0	0	0	0	0	0	0	0	0	0	0	0	0	
478474	0	0	263	0	0	0	0	0	0	0	0	0	0	0	0	0	
479221	0	0	271	0	0	0	0	0	0	0	0	0	0	0	0	0	
479971	0	0	263	0	0	0	0	0	0	0	0	0	0	0	0	0	
480723	0	0	251	0	0	0	0	0	0	0	0	0	0	0	0	0	
481470	0	0	237	0	0	0	0	0	0	0	0	0	0	0	0	0	
482218	0	1	296	0	0	0	0	0	0	0	0	0	0	0	0	0	
482970	0	0	263	0	0	0	0	0	0	0	0	0	0	0	0	0	
483719	0	0	281	0	0	0	0	0	0	0	0	0	0	0	0	0	
484469	0	0	201	0	0	0	0	0	0	0	0	0	0	0	0	0	
485220	0	0	279	0	0	0	0	0	0	0	0	0	0	0	0	0	
485970	0	0	271	0	0	0	0	0	0	0	0	0	0	0	0	0	
486719	0	0	285	0	0	0	0	0	0	0	0	0	0	0	0	0	
487470	0	0	257	0	0	0	0	0	0	0	0	0	0	0	0	0	
488218	0	0	253	0	0	0	0	0	0	0	0	0	0	0	0	0	
488972	0	0	281	0	0	0	0	0	0	0	0	0	0	0	0	0	
489720	0	0	267	0	0	0	0	0	0	0	0	0	0	0	0	0	
490472	0	0	261	0	0	0	0	0	0	0	0	0	0	0	0	0	
491222	0	0	243	0	0	0	0	0	0	0	0	0	0	0	0	0	
491975	0	0	261	0	0	0	0	0	0	0	0	0	0	0	0	0	
492724	0	0	235	0	0	0	0	0	0	0	0	0	0	0	0	0	
493476	0	0	255	0	0	0	0	0	0	0	0	0	0	0	0	0	
494226	0	0	277	0	0	0	0	0	0	0	0	0	0	0	0	0	
494976	0	0	243	0	0	0	0	0	0	0	0	0	0	0	0	0	
495728	0	0	289	0	0	0	0	0	0	0	0	0	0	0	0	0	
496477	0	0	257	0	0	0	0	0	0	0	0	0	0	0	0	0	
497226	0	0	271	0	0	0	0	0	0	0	0	0	0	0	0	0	
497976	0	0	285	0	0	0	0	0	0	0	0	0	0	0	0	0	
498728	0	0	257	0	0	0	0	0	0	0	0	0	0	0	0	0	
499479	0	0	263	0	0	0	0	0	0	0	0	0	0	0	0	0	
500230	0	0	291	0	0	0	0	0	0	0	0	0	0	0	0	0	
500983	0	2	253	0	0	0	0	0	0	0	0	0	0	0	0	0	
501735	0	0	277	0	0	0	0	0	0	0	0	0	0	0	0	0	
502487	0	0	247	0	0	0	0	0	0	0	0	0	0	0	0	0	
503235	0	0	261	0	0	0	0	0	0	0	0	0	0	0	0	0	
503986	0	0	259	0	0	0	0	0	0	0	0	0	0	0	0	0	
504738	0	0	269	0	0	0	0	0	0	0	0	0	0	0	0	0	
505485	0	0	267	0	0	0	0	0	0	0	0	0	0	0	0	0	
506236	0	0	271	0	0	0	0	0	0	0	0	0	0	0	0	0	
506984	0	0	249	0	0	0	0	0	0	0	0	0	0	0	0	0	
507733	0	0	259	0	0	0	0	0	0	0	0	0	0	0	0	0	
508482	0	0	241	0	0	0	0	0	0	0	0	0	0	0	0	0	
509232	0	0	271	0	0	0	0	0	0	0	0	0	0	0	0	0	
509983	0	0	267	0	0	0	0	0	0	0	0	0	0	0	0	0	
510734	0	0	241	0	0	0	0	0	0	0	0	0	0	0	0	0	
511486	0	0	263	0	0	0	0	0	0	0	0	0	0	0	0	0	
512235	0	0	281	0	0	0	0	0	0	0	0	0	0	0	0	0	
512986	0	0	275	0	0	0	0	0	0	0	0	0	0	0	0	0	
513738	0	0	273	0	0	0	0	0	0	0	0	0	0	0	0	0	
514489	0	0	259	0	0	0	0	0	0	0	0	0	0	0	0	0	
515236	0	0	271	0	0	0	0	0	0	0	0	0	0	0	0	0	
515985	0	0	281	0	0	0	0	0	0	0	0	0	0	0	0	0	
516736	0	0	269	0	0	0	0	0	0	0	0	0	0	0	0	0	
517487	0	0	251	0	0	0	0	0	0	0	0	0	0	0	0	0	
518238	0	0	279	0	0	0	0	0	0	0	0	0	0	0	0	0	
518987	0	0	275	0	0	0	0	0	0	0	0	0	0	0	0	0	
519731	0	0	279	0	0	0	0	0	0	0	0	0	0	0	0	0	
520480	0	0	123	122	0	0	0	0	0	0	0	0	0	0	0	0	
521232	0	235	114	0	0	0	0	0	0	0	0	0	0	0	0	0	
521981	0	389	0	0	0	0	0	0	0	0	0	0	0	0	0	0	
522731	0	425	0	0	0	0	0	0	0	0	0	0	0	0	0	0	
523480	0	429	0	0	0	0	0	0	0	0	0	0	0	0	0	0	
524230	0	377	0	0	0	0	0	0	0	0	0	0	0	0	0	0	
524983	1	372	0	0	0	0	0	0	0	0	0	0	0	0	0	0	
525734	0	345	0	0	0	0	0	0	0	0	0	0	0	0	0	0	
526480	0	405	0	0	0	0	0	0	0	0	0	0	0	0	0	0	
527231	0	385	0	0	0	0	0	0	0	0	0	0	0	0	0	0	
527982	0	413	0	0	0	0	0	0	0	0	0	0	0	0	0	0	
528730	0	393	0	0	0	0	0	0	0	0	0	0	0	0	0	0	
529479	0	391	0	0	0	0	0	0	0	0	0	0	0	0	0	0	
530227	0	385	0	0	0	0	0	0	0	0	0	0	0	0	0	0	
530974	0	401	0	0	0	0	0	0	0	0	0	0	0	0	0	0	
531724	0	369	0	0	0	0	0	0	0	0	0	0	0	0	0	0	
532474	0	373	0	0	0	0	0	0	0	0	0	0	0	0	0	0	
533225	2	411	0	0	0	0	0	0	0	0	0	0	0	0	0	0	
533976	0	365	0	0	0	0	0	0	0	0	0	0	0	0	0	0	
534723	0	375	0	0	0	0	0	0	0	0	0	0	0	0	0	0	
535470	0	371	0	0	0	0	0	0	0	0	0	0	0	0	0	0	
536221	0	399	0	0	0	0	0	0	0	0	0	0	0	0	0	0	
536975	0	399	0	0	0	0	0	0	0	0	0	0	0	0	0	0	
537723	0	401	0	0	0	0	0	0	0	0	0	0	0	0	0	0	
538474	0	363	0	0	0	0	0	0	0	0	0	0	0	0	0	0	
539224	1	404	0	0	0	0	0	0	0	0	0	0	0	0	0	0	
539970	0	461	0	0	0	0	0	0	0	0	0	0	0	0	0	0	
540717	0	389	0	0	0	0	0	0	0	0	0	0	0	0	0	0	
541467	0	377	0	0	0	0	0	0	0	0	0	0	0	0	0	0	
542222	0	391	0	0	0	0	0	0	0	0	0	0	0	0	0	0	
542975	0	385	0	0	0	0	0	0	0	0	0	0	0	0	0	0	
543728	0	381	0	0	0	0	0	0	0	0	0	0	0	0	0	0	
544476	0	395	0	0	0	0	0	0	0	0	0	0	0	0	0	0	
545228	0	403	0	0	0	0	0	0	0	0	0	0	0	0	0	0	
545981	0	363	0	0	0	0	0	0	0	0	0	0	0	0	0	0	
546729	0	379	0	0	0	0	0	0	0	0	0	0	0	0	0	0	
547480	0	381	0	0	0	0	0	0	0	0	0	0	0	0	0	0	
548226	4	435	0	0	0	0	0	0	0	0	0	0	0	0	0	0	
548976	0	405	0	0	0	0	0	0	0	0	0	0	0	0	0	0	
549728	0	437	0	0	0	0	0	0	0	0	0	0	0	0	0	0	
550478	0	399	6	0	0	0	0	0	0	0	0	0	0	0	0	0	
551228	0	387	0	0	0	0	0	0	0	0	0	0	0	0	0	0	
551979	0	347	0	0	0	0	0	0	0	0	0	0	0	0	0	0	
552729	1	382	0	0	0	0	0	0	0	0	0	0	0	0	0	0	
553478	0	387	0	0	0	0	0	0	0	0	0	0	0	0	0	0	
554228	0	393	0	0	0	0	0	0	0	0	0	0	0	0	0	0	
554976	0	353	0	0	0	0	0	0	0	0	0	0	0	0	0	0	
555726	0	393	0	0	0	0	0	0	0	0	0	0	0	0	0	0	
556478	0	401	0	0	0	0	0	0	0	0	0	0	0	0	0	0	
557226	21	372	0	0	0	0	0	0	0	0	0	0	0	0	0	0	
557975	0	415	0	0	0	0	0	0	0	0	0	0	0	0	0	0	
558726	0	379	0	0	0	0	0	0	0	0	0	0	0	0	0	0	
559473	2	397	0	0	0	0	0	0	0	0	0	0	0	0	0	0	
560223	0	413	0	0	0	0	0	0	0	0	0	0	0	0	0	0	
560970	0	375	0	0	0	0	0	0	0	0	0	0	0	0	0	0	
561716	0	399	0	0	0	0	0	0	0	0	0	0	0	0	0	0	
562467	0	357	0	0	0	0	0	0	0	0	0	0	0	0	0	0	
563216	0	393	0	0	0	0	0	0	0	0	0	0	0	0	0	0	
563966	0	401	0	0	0	0	0	0	0	0	0	0	0	0	0	0	
564718	0	397	0	0	0	0	0	0	0	0	0	0	0	0	0	0	
565470	0	381	0	0	0	0	0	0	0	0	0	0	0	0	0	0	
566217	0	367	0	0	0	0	0	0	0	0	0	0	0	0	0	0	
566968	0	353	0	0	0	0	0	0	0	0	0	0	0	0	0	0	
567719	0	433	0	0	0	0	0	0	0	0	0	0	0	0	0	0	
568470	0	395	0	0	0	0	0	0	0	0	0	0	0	0	0	0	
569220	0	375	0	0	0	0	0	0	0	0	0	0	0	0	0	0	
569971	6	403	0	0	0	0	0	0	0	0	0	0	0	0	0	0	
570724	0	359	0	0	0	0	0	0	0	0	0	0	0	0	0	0	
571475	0	377	0	0	0	0	0	0	0	0	0	0	0	0	0	0	
572228	0	399	2	0	0	0	0	0	0	0	0	0	0	0	0	0	
572980	0	401	0	0	0	0	0	0	0	0	0	0	0	0	0	0	
573728	0	389	0	0	0	0	0	0	0	0	0	0	0	0	0	0	
574476	55	356	0	0	0	0	0	0	0	0	0	0	0	0	0	0	
575227	0	367	0	0	0	0	0	0	0	0	0	0	0	0	0	0	
575979	0	429	0	0	0	0	0	0	0	0	0	0	0	0	0	0	
576729	0	393	0	0	0	0	0	0	0	0	0	0	0	0	0	0	
577480	0	375	0	0	0	0	0	0	0	0	0	0	0	0	0	0	
578229	0	375	0	0	0	0	0	0	0	0	0	0	0	0	0	0	
578980	0	403	0	0	0	0	0	0	0	0	0	0	0	0	0	0	
579727	0	379	0	0	0	0	0	0	0	0	0	0	0	0	0	0	
580477	0	391	0	0	0	0	0	0	0	0	0	0	0	0	0	0	
581228	0	411	0	0	0	0	0	0	0	0	0	0	0	0	0	0	
581976	0	347	0	0	0	0	0	0	0	0	0	0	0	0	0	0	
582726	0	261	88	0	0	0	0	0	0	0	0	0	0	0	0	0	
583477	0	381	0	0	0	0	0	0	0	0	0	0	0	0	0	0	
584227	0	401	0	0	0	0	0	0	0	0	0	0	0	0	0	0	
584980	0	409	0	0	0	0	0	0	0	0	0	0	0	0	0	0	
585728	0	407	0	0	0	0	0	0	0	0	0	0	0	0	0	0	
586479	0	397	0	0	0	0	0	0	0	0	0	0	0	0	0	0	
587228	0	359	0	0	0	0	0	0	0	0	0	0	0	0	0	0	
587978	0	385	0	0	0	0	0	0	0	0	0	0	0	0	0	0	
588730	0	386	3	0	0	0	0	0	0	0	0	0	0	0	0	0	
589481	0	375	0	0	0	0	0	0	0	0	0	0	0	0	0	0	
590231	0	395	0	0	0	0	0	0	0	0	0	0	0	0	0	0	
590983	0	403	0	0	0	0	0	0	0	0	0	0	0	0	0	0	
591734	0	355	0	0	0	0	0	0	0	0	0	0	0	0	0	0	
592485	0	419	0	0	0	0	0	0	0	0	0	0	0	0	0	0	
593232	0	355	10	0	0	0	0	0	0	0	0	0	0	0	0	0	
593981	0	413	0	0	0	0	0	0	0	0	0	0	0	0	0	0	
594732	0	387	0	0	0	0	0	0	0	0	0	0	0	0	0	0	
595481	0	421	0	0	0	0	0	0	0	0	0	0	0	0	0	0	
596232	0	403	0	0	0	0	0	0	0	0	0	0	0	0	0	0	
596980	0	417	0	0	0	0	0	0	0	0	0	0	0	0	0	0	
597733	0	369	0	0	0	0	0	0	0	0	0	0	0	0	0	0	
598482	0	373	0	0	0	0	0	0	0	0	0	0	0	0	0	0	
599233	0	371	0	0	0	0	0	0	0	0	0	0	0	0	0	0	
599984	0	403	0	0	0	0	0	0	0	0	0	0	0	0	0	0	
600735	0	409	0	0	0	0	0	0	0	0	0	0	0	0	0	0	
601485	0	377	0	0	0	0	0	0	0	0	0	0	0	0	0	0	
602234	0	391	0	0	0	0	0	0	0	0	0	0	0	0	0	0	
602981	0	379	0	0	0	0	0	0	0	0	0	0	0	0	0	0	
603730	0	373	0	0	0	0	0	0	0	0	0	0	0	0	0	0	
604484	39	362	0	0	0	0	0	0	0	0	0	0	0	0	0	0	
605232	0	363	0	0	0	0	0	0	0	0	0	0	0	0	0	0	
605984	0	367	0	0	0	0	0	0	0	0	0	0	0	0	0	0	
606735	0	421	0	0	0	0	0	0	0	0	0	0	0	0	0	0	
607483	0	439	0	0	0	0	0	0	0	0	0	0	0	0	0	0	
608234	0	409	0	0	0	0	0	0	0	0	0	0	0	0	0	0	
608987	0	389	0	0	0	0	0	0	0	0	0	0	0	0	0	0	
609736	0	429	0	0	0	0	0	0	0	0	0	0	0	0	0	0	
610484	0	375	0	0	0	0	0	0	0	0	0	0	0	0	0	0	
611234	0	393	0	0	0	0	0	0	0	0	0	0	0	0	0	0	
611984	0	399	0	0	0	0	0	0	0	0	0	0	0	0	0	0	
612733	0	421	0	0	0	0	0	0	0	0	0	0	0	0	0	0	
613486	0	395	0	0	0	0	0	0	0	0	0	0	0	0	0	0	
614236	0	393	0	0	0	0	0	0	0	0	0	0	0	0	0	0	
614986	0	377	0	0	0	0	0	0	0	0	0	0	0	0	0	0	
615737	0	393	0	0	0	0	0	0	0	0	0	0	0	0	0	0	
616489	0	399	0	0	0	0	0	0	0	0	0	0	0	0	0	0	
617239	0	399	0	0	0	0	0	0	0	0	0	0	0	0	0	0	
617988	0	385	0	0	0	0	0	0	0	0	0	0	0	0	0	0	
618736	0	389	0	0	0	0	0	0	0	0	0	0	0	0	0	0	
619486	0	389	0	0	0	0	0	0	0	0	0	0	0	0	0	0	
620234	0	401	0	0	0	0	0	0	0	0	0	0	0	0	0	0	
620984	0	405	0	0	0	0	0	0	0	0	0	0	0	0	0	0	
621736	0	389	0	0	0	0	0	0	0	0	0	0	0	0	0	0	
622489	0	371	0	0	0	0	0	0	0	0	0	0	0	0	0	0	
623241	0	379	0	0	0	0	0	0	0	0	0	0	0	0	0	0	
623993	0	429	0	0	0	0	0	0	0	0	0	0	0	0	0	0	
624744	0	369	0	0	0	0	0	0	0	0	0	0	0	0	0	0	
625495	0	399	0	0	0	0	0	0	0	0	0	0	0	0	0	0	
626244	0	351	0	0	0	0	0	0	0	0	0	0	0	0	0	0	
626993	0	405	0	0	0	0	0	0	0	0	0	0	0	0	0	0	
627740	0	409	0	0	0	0	0	0	0	0	0	0	0	0	0	0	
628488	0	403	0	0	0	0	0	0	0	0	0	0	0	0	0	0	
629237	0	399	0	0	0	0	0	0	0	0	0	0	0	0	0	0	
629986	0	379	0	0	0	0	0	0	0	0	0	0	0	0	0	0	
630732	1	418	0	0	0	0	0	0	0	0	0	0	0	0	0	0	
631481	0	399	0	0	0	0	0	0	0	0	0	0	0	0	0	0	
632233	28	381	0	0	0	0	0	0	0	0	0	0	0	0	0	0	
632984	0	397	0	0	0	0	0	0	0	0	0	0	0	0	0	0	
633734	0	395	0	0	0	0	0	0	0	0	0	0	0	0	0	0	
634488	0	391	0	0	0	0	0	0	0	0	0	0	0	0	0	0	
635237	18	389	0	0	0	0	0	0	0	0	0	0	0	0	0	0	
635990	0	385	0	0	0	0	0	0	0	0	0	0	0	0	0	0	
636740	0	371	0	0	0	0	0	0	0	0	0	0	0	0	0	0	
637489	0	407	0	0	0	0	0	0	0	0	0	0	0	0	0	0	
638241	0	391	0	0	0	0	0	0	0	0	0	0	0	0	0	0	
638993	0	363	0	0	0	0	0	0	0	0	0	0	0	0	0	0	
639747	0	357	0	0	0	0	0	0	0	0	0	0	0	0	0	0	
640495	0	433	0	0	0	0	0	0	0	0	0	0	0	0	0	0	
641244	0	401	0	0	0	0	0	0	0	0	0	0	0	0	0	0	
641993	0	391	0	0	0	0	0	0	0	0	0	0	0	0	0	0	
642744	0	377	0	0	0	0	0	0	0	0	0	0	0	0	0	0	
643495	0	371	0	0	0	0	0	0	0	0	0	0	0	0	0	0	
644245	0	405	0	0	0	0	0	0	0	0	0	0	0	0	0	0	
644999	0	395	0	0	0	0	0	0	0	0	0	0	0	0	0	0	
645747	0	373	2	0	0	0	0	0	0	0	0	0	0	0	0	0	
646498	0	387	0	0	0	0	0	0	0	0	0	0	0	0	0	0	
647248	0	398	9	0	0	0	0	0	0	0	0	0	0	0	0	0	
647998	0	403	0	0	0	0	0	0	0	0	0	0	0	0	0	0	
648750	0	353	0	0	0	0	0	0	0	0	0	0	0	0	0	0	
649500	0	411	0	0	0	0	0	0	0	0	0	0	0	0	0	0	
650254	0	368	5	0	0	0	0	0	0	0	0	0	0	0	0	0	
651000	0	399	0	0	0	0	0	0	0	0	0	0	0	0	0	0	
651751	0	351	0	0	0	0	0	0	0	0	0	0	0	0	0	0	
652504	0	403	0	0	0	0	0	0	0	0	0	0	0	0	0	0	
653255	0	397	0	0	0	0	0	0	0	0	0	0	0	0	0	0	
654002	0	393	0	0	0	0	0	0	0	0	0	0	0	0	0	0	
654752	0	415	0	0	0	0	0	0	0	0	0	0	0	0	0	0	
655505	0	379	0	0	0	0	0	0	0	0	0	0	0	0	0	0	
656257	0	429	0	0	0	0	0	0	0	0	0	0	0	0	0	0	
657008	0	411	0	0	0	0	0	0	0	0	0	0	0	0	0	0	
657759	0	0	269	0	0	0	0	0	0	0	0	0	0	0	0	0	
658509	0	8	265	0	0	0	0	0	0	0	0	0	0	0	0	0	
659261	0	0	265	0	0	0	0	0	0	0	0	0	0	0	0	0	
660014	0	0	259	0	0	0	0	0	0	0	0	0	0	0	0	0	
660764	0	0	241	0	0	0	0	0	0	0	0	0	0	0	0	0	
661514	0	0	271	0	0	0	0	0	0	0	0	0	0	0	0	0	
662268	0	0	217	0	0	0	0	0	0	0	0	0	0	0	0	0	
663020	0	0	295	0	0	0	0	0	0	0	0	0	0	0	0	0	
663770	0	0	253	0	0	0	0	0	0	0	0	0	0	0	0	0	
664521	0	0	273	0	0	0	0	0	0	0	0	0	0	0	0	0	
665272	0	0	283	0	0	0	0	0	0	0	0	0	0	0	0	0	
666025	0	0	241	0	0	0	0	0	0	0	0	0	0	0	0	0	
666777	0	0	283	0	0	0	0	0	0	0	0	0	0	0	0	0	
667525	0	0	277	0	0	0	0	0	0	0	0	0	0	0	0	0	
668272	0	0	285	0	0	0	0	0	0	0	0	0	0	0	0	0	
669027	0	0	277	0	0	0	0	0	0	0	0	0	0	0	0	0	
669778	0	0	271	0	0	0	0	0	0	0	0	0	0	0	0	0	
670528	0	0	285	0	0	0	0	0	0	0	0	0	0	0	0	0	
671278	0	0	275	0	0	0	0	0	0	0	0	0	0	0	0	0	
672030	0	0	279	0	0	0	0	0	0	0	0	0	0	0	0	0	
672780	0	0	249	0	0	0	0	0	0	0	0	0	0	0	0	0	
673531	0	0	263	0	0	0	0	0	0	0	0	0	0	0	0	0	
674279	0	0	287	0	0	0	0	0	0	0	0	0	0	0	0	0	
675034	0	11	258	0	0	0	0	0	0	0	0	0	0	0	0	0	
675784	0	0	263	0	0	0	0	0	0	0	0	0	0	0	0	0	
676530	0	0	261	0	0	0	0	0	0	0	0	0	0	0	0	0	
677281	0	0	265	0	0	0	0	0	0	0	0	0	0	0	0	0	
678031	0	0	267	0	0	0	0	0	0	0	0	0	0	0	0	0	
678780	0	0	275	0	0	0	0	0	0	0	0	0	0	0	0	0	
679530	0	0	261	0	0	0	0	0	0	0	0	0	0	0	0	0	
680279	0	0	289	0	0	0	0	0	0	0	0	0	0	0	0	0	
681028	0	0	285	0	0	0	0	0	0	0	0	0	0	0	0	0	
681779	0	0	235	0	0	0	0	0	0	0	0	0	0	0	0	0	
682528	0	9	276	0	0	0	0	0	0	0	0	0	0	0	0	0	
683280	0	0	263	0	0	0	0	0	0	0	0	0	0	0	0	0	
684029	0	0	245	0	0	0	0	0	0	0	0	0	0	0	0	0	
684778	0	0	271	0	0	0	0	0	0	0	0	0	0	0	0	0	
685528	0	0	237	0	0	0	0	0	0	0	0	0	0	0	0	0	
686281	0	0	251	0	0	0	0	0	0	0	0	0	0	0	0	0	
687033	0	0	273	0	0	0	0	0	0	0	0	0	0	0	0	0	
687787	0	0	283	0	0	0	0	0	0	0	0	0	0	0	0	0	
688536	0	0	249	0	0	0	0	0	0	0	0	0	0	0	0	0	
689289	0	3	268	0	0	0	0	0	0	0	0	0	0	0	0	0	
690039	0	0	245	0	0	0	0	0	0	0	0	0	0	0	0	0	
690788	0	0	251	0	0	0	0	0	0	0	0	0	0	0	0	0	
691538	0	3	242	0	0	0	0	0	0	0	0	0	0	0	0	0	
692287	0	0	261	0	0	0	0	0	0	0	0	0	0	0	0	0	
693035	0	0	267	0	0	0	0	0	0	0	0	0	0	0	0	0	
693782	0	0	265	0	0	0	0	0	0	0	0	0	0	0	0	0	
694532	0	0	275	0	0	0	0	0	0	0	0	0	0	0	0	0	
695288	0	0	267	0	0	0	0	0	0	0	0	0	0	0	0	0	
696037	0	0	263	0	0	0	0	0	0	0	0	0	0	0	0	0	
696786	0	0	273	0	0	0	0	0	0	0	0	0	0	0	0	0	
697536	0	0	265	0	0	0	0	0	0	0	0	0	0	0	0	0	
698287	0	0	283	0	0	0	0	0	0	0	0	0	0	0	0	0	
699035	0	0	253	0	0	0	0	0	0	0	0	0	0	0	0	0	
699784	0	0	257	0	0	0	0	0	0	0	0	0	0	0	0	0	
700533	0	0	273	0	0	0	0	0	0	0	0	0	0	0	0	0	
701287	0	0	265	0	0	0	0	0	0	0	0	0	0	0	0	0	
702035	0	0	295	0	0	0	0	0	0	0	0	0	0	0	0	0	
702785	0	0	275	0	0	0	0	0	0	0	0	0	0	0	0	0	
703539	0	0	261	0	0	0	0	0	0	0	0	0	0	0	0	0	
704291	0	0	265	0	0	0	0	0	0	0	0	0	0	0	0	0	
705040	0	0	249	0	0	0	0	0	0	0	0	0	0	0	0	0	
705792	0	0	273	0	0	0	0	0	0	0	0	0	0	0	0	0	
706543	0	0	273	0	0	0	0	0	0	0	0	0	0	0	0	0	
707294	0	0	257	0	0	0	0	0	0	0	0	0	0	0	0	0	
708044	0	0	255	0	0	0	0	0	0	0	0	0	0	0	0	0	
708794	0	0	291	0	0	0	0	0	0	0	0	0	0	0	0	0	
709548	0	0	255	0	0	0	0	0	0	0	0	0	0	0	0	0	
710298	0	0	0	193	0	0	0	0	0	0	0	0	0	0	0	0	
711049	0	0	0	189	0	0	0	0	0	0	0	0	0	0	0	0	
711803	0	0	0	181	0	0	0	0	0	0	0	0	0	0	0	0	
712550	0	0	0	201	0	0	0	0	0	0	0	0	0	0	0	0	
713298	0	0	0	213	0	0	0	0	0	0	0	0	0	0	0	0	
714046	0	0	0	191	0	0	0	0	0	0	0	0	0	0	0	0	
714796	0	0	0	181	0	0	0	0	0	0	0	0	0	0	0	0	
715548	0	0	0	213	0	0	0	0	0	0	0	0	0	0	0	0	
716295	0	0	0	197	0	0	0	0	0	0	0	0	0	0	0	0	
717045	0	0	0	217	0	0	0	0	0	0	0	0	0	0	0	0	
717795	0	0	0	203	0	0	0	0	0	0	0	0	0	0	0	0	
718546	0	0	0	199	0	0	0	0	0	0	0	0	0	0	0	0	
719297	0	0	0	177	0	0	0	0	0	0	0	0	0	0	0	0	
720046	0	0	0	199	0	0	0	0	0	0	0	0	0	0	0	0	
720794	0	0	0	201	0	0	0	0	0	0	0	0	0	0	0	0	
721545	0	0	0	217	0	0	0	0	0	0	0	0	0	0	0	0	
722295	0	0	0	183	0	0	0	0	0	0	0	0	0	0	0	0	
723046	0	0	0	211	0	0	0	0	0	0	0	0	0	0	0	0	
723796	0	0	0	205	0	0	0	0	0	0	0	0	0	0	0	0	
724544	0	0	0	0	139	0	0	0	0	0	0	0	0	0	0	0	
725295	0	0	0	0	177	0	0	0	0	0	0	0	0	0	0	0	
726045	0	0	0	0	149	0	0	0	0	0	0	0	0	0	0	0	
726792	0	0	0	0	167	0	0	0	0	0	0	0	0	0	0	0	
727539	0	0	0	0	167	0	0	0	0	0	0	0	0	0	0	0	
728287	0	0	0	0	153	0	0	0	0	0	0	0	0	0	0	0	
729038	0	0	0	0	153	0	0	0	0	0	0	0	0	0	0	0	
729788	0	0	0	0	140	1	0	0	0	0	0	0	0	0	0	0	
730537	0	0	0	0	173	0	0	0	0	0	0	0	0	0	0	0	
731289	0	0	0	0	151	0	0	0	0	0	0	0	0	0	0	0	
732035	0	0	0	0	159	0	0	0	0	0	0	0	0	0	0	0	
732783	0	0	0	0	149	0	0	0	0	0	0	0	0	0	0	0	
733531	0	0	0	0	163	0	0	0	0	0	0	0	0	0	0	0	
734280	0	0	0	0	151	0	0	0	0	0	0	0	0	0	0	0	
735027	0	0	0	0	181	0	0	0	0	0	0	0	0	0	0	0	
735776	0	0	0	0	169	0	0	0	0	0	0	0	0	0	0	0	
736528	0	0	0	0	153	0	0	0	0	0	0	0	0	0	0	0	
737277	0	0	0	0	137	0	0	0	0	0	0	0	0	0	0	0	
738026	0	0	0	0	181	0	0	0	0	0	0	0	0	0	0	0	
738776	0	0	0	0	159	0	0	0	0	0	0	0	0	0	0	0	
739526	0	0	0	0	171	0	0	0	0	0	0	0	0	0	0	0	
740273	0	0	0	0	197	0	0	0	0	0	0	0	0	0	0	0	
741019	0	0	0	0	159	0	0	0	0	0	0	0	0	0	0	0	
741769	0	0	0	0	177	0	0	0	0	0	0	0	0	0	0	0	
742518	0	0	0	0	161	0	0	0	0	0	0	0	0	0	0	0	
743265	0	0	0	0	163	0	0	0	0	0	0	0	0	0	0	0	
744016	0	0	0	0	155	0	0	0	0	0	0	0	0	0	0	0	
744765	0	0	0	0	143	0	0	0	0	0	0	0	0	0	0	0	
745517	0	0	0	0	137	0	0	0	0	0	0	0	0	0	0	0	
746263	0	0	0	0	141	0	0	0	0	0	0	0	0	0	0	0	
747021	0	0	0	0	157	0	0	0	0	0	0	0	0	0	0	0	
747773	0	0	0	0	135	0	0	0	0	0	0	0	0	0	0	0	
748522	0	0	0	0	141	0	0	0	0	0	0	0	0	0	0	0	
749272	0	0	0	0	173	0	0	0	0	0	0	0	0	0	0	0	
750022	0	0	0	0	157	0	0	0	0	0	0	0	0	0	0	0	
750772	0	0	0	0	173	0	0	0	0	0	0	0	0	0	0	0	
751522	0	0	0	0	175	0	0	0	0	0	0	0	0	0	0	0	
752274	0	0	0	0	171	0	0	0	0	0	0	0	0	0	0	0	
753024	0	0	0	0	155	0	0	0	0	0	0	0	0	0	0	0	
753770	0	0	0	0	159	0	0	0	0	0	0	0	0	0	0	0	
754517	0	0	0	0	147	0	0	0	0	0	0	0	0	0	0	0	
755264	0	0	0	0	161	0	0	0	0	0	0	0	0	0	0	0	
756013	0	0	0	185	0	0	0	0	0	0	0	0	0	0	0	0	
756763	0	0	0	215	0	0	0	0	0	0	0	0	0	0	0	0	
757511	0	0	0	215	0	0	0	0	0	0	0	0	0	0	0	0	
758259	0	0	0	205	0	0	0	0	0	0	0	0	0	0	0	0	
759012	0	0	0	191	0	0	0	0	0	0	0	0	0	0	0	0	
759761	0	0	0	191	0	0	0	0	0	0	0	0	0	0	0	0	
760510	0	0	0	203	0	0	0	0	0	0	0	0	0	0	0	0	
761257	0	0	0	195	0	0	0	0	0	0	0	0	0	0	0	0	
762004	0	0	0	199	0	0	0	0	0	0	0	0	0	0	0	0	
762754	0	0	0	203	0	0	0	0	0	0	0	0	0	0	0	0	
763502	0	0	0	229	0	0	0	0	0	0	0	0	0	0	0	0	
764253	0	0	0	169	0	0	0	0	0	0	0	0	0	0	0	0	
765004	0	0	0	183	0	0	0	0	0	0	0	0	0	0	0	0	
765756	0	0	0	201	0	0	0	0	0	0	0	0	0	0	0	0	
766505	0	0	0	187	0	0	0	0	0	0	0	0	0	0	0	0	
767252	0	0	0	217	0	0	0	0	0	0	0	0	0	0	0	0	
768000	0	0	0	197	0	0	0	0	0	0	0	0	0	0	0	0	
768751	0	0	0	197	0	0	0	0	0	0	0	0	0	0	0	0	
769501	0	0	0	191	0	0	0	0	0	0	0	0	0	0	0	0	
770252	0	0	0	209	0	0	0	0	0	0	0	0	0	0	0	0	
771002	0	0	0	203	0	0	0	0	0	0	0	0	0	0	0	0	
771752	0	0	0	211	0	0	0	0	0	0	0	0	0	0	0	0	
772504	0	0	0	201	0	0	0	0	0	0	0	0	0	0	0	0	
773253	0	0	0	197	0	0	0	0	0	0	0	0	0	0	0	0	
774004	0	0	0	221	0	0	0	0	0	0	0	0	0	0	0	0	
774755	0	0	0	183	0	0	0	0	0	0	0	0	0	0	0	0	
775503	0	0	0	203	0	0	0	0	0	0	0	0	0	0	0	0	
776256	0	0	0	205	0	0	0	0	0	0	0	0	0	0	0	0	
777007	0	0	0	207	0	0	0	0	0	0	0	0	0	0	0	0	
777756	0	0	0	191	0	0	0	0	0	0	0	0	0	0	0	0	
778505	0	0	0	211	0	0	0	0	0	0	0	0	0	0	0	0	
779257	0	0	0	213	0	0	0	0	0	0	0	0	0	0	0	0	
780010	0	0	0	219	0	0	0	0	0	0	0	0	0	0	0	0	
780762	0	0	0	215	0	0	0	0	0	0	0	0	0	0	0	0	
781512	0	0	0	211	0	0	0	0	0	0	0	0	0	0	0	0	
782263	0	0	0	175	0	0	0	0	0	0	0	0	0	0	0	0	
783012	0	0	0	175	0	0	0	0	0	0	0	0	0	0	0	0	
783759	0	0	0	209	0	0	0	0	0	0	0	0	0	0	0	0	
784510	0	0	0	177	0	0	0	0	0	0	0	0	0	0	0	0	
785260	0	0	0	193	0	0	0	0	0	0	0	0	0	0	0	0	
786011	0	0	0	205	0	0	0	0	0	0	0	0	0	0	0	0	
786762	0	0	0	221	0	0	0	0	0	0	0	0	0	0	0	0	
787511	0	0	0	223	0	0	0	0	0	0	0	0	0	0	0	0	
788262	0	0	0	205	0	0	0	0	0	0	0	0	0	0	0	0	
789010	0	0	0	177	0	0	0	0	0	0	0	0	0	0	0	0	
789764	0	0	0	203	0	0	0	0	0	0	0	0	0	0	0	0	
790513	0	0	0	205	0	0	0	0	0	0	0	0	0	0	0	0	
791266	0	0	0	121	62	0	0	0	0	0	0	0	0	0	0	0	
792016	0	0	0	0	175	0	0	0	0	0	0	0	0	0	0	0	
792764	0	0	0	0	155	0	0	0	0	0	0	0	0	0	0	0	
793514	0	0	0	0	159	0	0	0	0	0	0	0	0	0	0	0	
794262	0	0	0	0	167	0	0	0	0	0	0	0	0	0	0	0	
795014	0	0	0	0	153	0	0	0	0	0	0	0	0	0	0	0	
795765	0	0	0	0	159	0	0	0	0	0	0	0	0	0	0	0	
796517	0	0	0	0	167	0	0	0	0	0	0	0	0	0	0	0	
797269	0	0	0	0	163	0	0	0	0	0	0	0	0	0	0	0	
798021	0	0	0	203	0	0	0	0	0	0	0	0	0	0	0	0	
798767	0	0	0	197	0	0	0	0	0	0	0	0	0	0	0	0	
799514	0	0	0	209	0	0	0	0	0	0	0	0	0	0	0	0	
800265	0	0	0	194	17	0	0	0	0	0	0	0	0	0	0	0	
801018	0	0	0	191	0	0	0	0	0	0	0	0	0	0	0	0	
801770	0	0	0	221	0	0	0	0	0	0	0	0	0	0	0	0	
802516	0	0	0	225	0	0	0	0	0	0	0	0	0	0	0	0	
803266	0	0	0	191	0	0	0	0	0	0	0	0	0	0	0	0	
804015	0	0	0	193	0	0	0	0	0	0	0	0	0	0	0	0	
804767	0	0	0	197	0	0	0	0	0	0	0	0	0	0	0	0	
805516	0	0	0	201	0	0	0	0	0	0	0	0	0	0	0	0	
806266	0	0	0	191	0	0	0	0	0	0	0	0	0	0	0	0	
807016	0	0	0	185	0	0	0	0	0	0	0	0	0	0	0	0	
807768	0	0	0	217	0	0	0	0	0	0	0	0	0	0	0	0	
808518	0	0	0	199	0	0	0	0	0	0	0	0	0	0	0	0	
809266	0	0	0	199	0	0	0	0	0	0	0	0	0	0	0	0	
810015	0	0	0	201	0	0	0	0	0	0	0	0	0	0	0	0	
810766	0	0	0	193	0	0	0	0	0	0	0	0	0	0	0	0	
811513	0	0	0	191	0	0	0	0	0	0	0	0	0	0	0	0	
812264	0	0	0	189	0	0	0	0	0	0	0	0	0	0	0	0	
813015	0	0	0	219	0	0	0	0	0	0	0	0	0	0	0	0	
813767	0	0	0	215	0	0	0	0	0	0	0	0	0	0	0	0	
814520	0	0	0	195	0	0	0	0	0	0	0	0	0	0	0	0	
815269	0	0	0	225	0	0	0	0	0	0	0	0	0	0	0	0	
816017	0	0	0	177	0	0	0	0	0	0	0	0	0	0	0	0	
816768	0	0	0	181	0	0	0	0	0	0	0	0	0	0	0	0	
817520	0	0	0	193	0	0	0	0	0	0	0	0	0	0	0	0	
818272	0	0	0	203	0	0	0	0	0	0	0	0	0	0	0	0	
819020	0	0	0	183	0	0	0	0	0	0	0	0	0	0	0	0	
819767	0	0	0	193	0	0	0	0	0	0	0	0	0	0	0	0	
820519	0	0	0	207	0	0	0	0	0	0	0	0	0	0	0	0	
821269	0	0	0	187	0	0	0	0	0	0	0	0	0	0	0	0	
822019	0	0	0	199	0	0	0	0	0	0	0	0	0	0	0	0	
822772	0	0	0	195	0	0	0	0	0	0	0	0	0	0	0	0	
823524	0	0	0	185	0	0	0	0	0	0	0	0	0	0	0	0	
824274	0	0	0	201	0	0	0	0	0	0	0	0	0	0	0	0	
825025	0	0	0	203	0	0	0	0	0	0	0	0	0	0	0	0	
825773	0	0	0	197	0	0	0	0	0	0	0	0	0	0	0	0	
826523	0	0	0	221	0	0	0	0	0	0	0	0	0	0	0	0	
827273	0	0	0	189	0	0	0	0	0	0	0	0	0	0	0	0	
828024	0	0	0	227	0	0	0	0	0	0	0	0	0	0	0	0	
828774	0	0	0	199	0	0	0	0	0	0	0	0	0	0	0	0	
829524	0	0	0	173	0	0	0	0	0	0	0	0	0	0	0	0	
830273	0	0	0	193	0	0	0	0	0	0	0	0	0	0	0	0	
831021	0	0	0	191	0	0	0	0	0	0	0	0	0	0	0	0	
831771	0	0	0	211	0	0	0	0	0	0	0	0	0	0	0	0	
832520	0	0	0	167	0	0	0	0	0	0	0	0	0	0	0	0	
833268	0	0	0	207	0	0	0	0	0	0	0	0	0	0	0	0	
834018	0	0	0	173	0	0	0	0	0	0	0	0	0	0	0	0	
834764	0	0	0	203	0	0	0	0	0	0	0	0	0	0	0	0	
835515	0	0	0	215	0	0	0	0	0	0	0	0	0	0	0	0	
836260	0	0	0	205	0	0	0	0	0	0	0	0	0	0	0	0	
837009	0	0	0	195	0	0	0	0	0	0	0	0	0	0	0	0	
837761	0	0	0	207	0	0	0	0	0	0	0	0	0	0	0	0	
838509	0	0	0	203	0	0	0	0	0	0	0	0	0	0	0	0	
839259	0	0	0	221	0	0	0	0	0	0	0	0	0	0	0	0	
840008	0	0	0	191	0	0	0	0	0	0	0	0	0	0	0	0	
840758	0	0	0	189	0	0	0	0	0	0	0	0	0	0	0	0	
841506	0	0	0	163	0	0	0	0	0	0	0	0	0	0	0	0	
842258	0	0	0	185	0	0	0	0	0	0	0	0	0	0	0	0	
843009	0	0	0	213	0	0	0	0	0	0	0	0	0	0	0	0	
843759	0	0	0	223	0	0	0	0	0	0	0	0	0	0	0	0	
844511	0	0	0	209	0	0	0	0	0	0	0	0	0	0	0	0	
845259	0	0	0	181	0	0	0	0	0	0	0	0	0	0	0	0	
846008	0	0	0	205	0	0	0	0	0	0	0	0	0	0	0	0	
846759	0	0	0	205	0	0	0	0	0	0	0	0	0	0	0	0	
847508	0	0	0	201	0	0	0	0	0	0	0	0	0	0	0	0	
848256	0	0	0	179	0	0	0	0	0	0	0	0	0	0	0	0	
849006	0	0	0	195	0	0	0	0	0	0	0	0	0	0	0	0	
849757	0	0	0	177	0	0	0	0	0	0	0	0	0	0	0	0	
850508	0	0	0	203	0	0	0	0	0	0	0	0	0	0	0	0	
851256	0	0	0	217	0	0	0	0	0	0	0	0	0	0	0	0	
852004	0	0	0	199	0	0	0	0	0	0	0	0	0	0	0	0	
852756	0	0	0	193	0	0	0	0	0	0	0	0	0	0	0	0	
853505	0	0	0	175	0	0	0	0	0	0	0	0	0	0	0	0	
854256	0	0	0	201	0	0	0	0	0	0	0	0	0	0	0	0	
855008	0	0	0	201	0	0	0	0	0	0	0	0	0	0	0	0	
855763	0	0	0	209	0	0	0	0	0	0	0	0	0	0	0	0	
856511	0	0	0	205	0	0	0	0	0	0	0	0	0	0	0	0	
857259	0	0	0	213	0	0	0	0	0	0	0	0	0	0	0	0	
858009	0	0	0	201	0	0	0	0	0	0	0	0	0	0	0	0	
858761	0	0	0	201	0	0	0	0	0	0	0	0	0	0	0	0	
859511	0	0	0	215	0	0	0	0	0	0	0	0	0	0	0	0	
860263	0	0	0	203	0	0	0	0	0	0	0	0	0	0	0	0	
861012	0	0	0	189	0	0	0	0	0	0	0	0	0	0	0	0	
861761	0	0	0	201	0	0	0	0	0	0	0	0	0	0	0	0	
862510	0	0	0	177	0	0	0	0	0	0	0	0	0	0	0	0	
863260	0	0	0	227	0	0	0	0	0	0	0	0	0	0	0	0	
864008	0	0	0	199	0	0	0	0	0	0	0	0	0	0	0	0	
864758	0	0	0	193	0	0	0	0	0	0	0	0	0	0	0	0	
865508	0	0	0	189	0	0	0	0	0	0	0	0	0	0	0	0	
866260	0	0	0	191	0	0	0	0	0	0	0	0	0	0	0	0	
867009	0	0	0	193	0	0	0	0	0	0	0	0	0	0	0	0	
867760	0	0	0	205	0	0	0	0	0	0	0	0	0	0	0	0	
868513	0	0	0	193	0	0	0	0	0	0	0	0	0	0	0	0	
869261	0	0	0	199	0	0	0	0	0	0	0	0	0	0	0	0	
870011	0	0	0	203	0	0	0	0	0	0	0	0	0	0	0	0	
870761	0	0	0	215	0	0	0	0	0	0	0	0	0	0	0	0	
871510	0	0	0	207	0	0	0	0	0	0	0	0	0	0	0	0	
872259	0	0	0	181	0	0	0	0	0	0	0	0	0	0	0	0	
873008	0	0	0	193	0	0	0	0	0	0	0	0	0	0	0	0	
873756	0	0	0	199	0	0	0	0	0	0	0	0	0	0	0	0	
874504	0	0	0	189	0	0	0	0	0	0	0	0	0	0	0	0	
875254	0	0	0	191	0	0	0	0	0	0	0	0	0	0	0	0	
876005	0	0	0	197	0	0	0	0	0	0	0	0	0	0	0	0	
876751	0	0	0	211	0	0	0	0	0	0	0	0	0	0	0	0	
877500	0	0	0	205	0	0	0	0	0	0	0	0	0	0	0	0	
878251	0	0	0	205	0	0	0	0	0	0	0	0	0	0	0	0	
878998	0	0	0	199	0	0	0	0	0	0	0	0	0	0	0	0	
879749	0	0	0	205	0	0	0	0	0	0	0	0	0	0	0	0	
880497	0	0	0	211	0	0	0	0	0	0	0	0	0	0	0	0	
881247	0	0	0	191	0	0	0	0	0	0	0	0	0	0	0	0	
881997	0	0	0	195	0	0	0	0	0	0	0	0	0	0	0	0	
882749	0	0	0	221	0	0	0	0	0	0	0	0	0	0	0	0	
883501	0	0	0	233	0	0	0	0	0	0	0	0	0	0	0	0	
884254	0	0	0	209	0	0	0	0	0	0	0	0	0	0	0	0	
885006	0	0	0	213	0	0	0	0	0	0	0	0	0	0	0	0	
885754	0	0	0	203	0	0	0	0	0	0	0	0	0	0	0	0	
886504	0	0	0	183	0	0	0	0	0	0	0	0	0	0	0	0	
887251	0	0	0	195	0	0	0	0	0	0	0	0	0	0	0	0	
887999	0	0	0	171	0	0	0	0	0	0	0	0	0	0	0	0	
888750	0	0	0	221	0	0	0	0	0	0	0	0	0	0	0	0	
889500	0	0	0	175	0	0	0	0	0	0	0	0	0	0	0	0	
890254	0	0	0	219	0	0	0	0	0	0	0	0	0	0	0	0	
891006	0	0	0	0	141	0	0	0	0	0	0	0	0	0	0	0	
891758	0	0	0	0	159	0	0	0	0	0	0	0	0	0	0	0	
892506	0	0	0	0	157	0	0	0	0	0	0	0	0	0	0	0	
893256	0	0	0	0	151	0	0	0	0	0	0	0	0	0	0	0	
894005	0	0	0	0	167	0	0	0	0	0	0	0	0	0	0	0	
894753	0	0	0	0	171	0	0	0	0	0	0	0	0	0	0	0	
895504	0	0	0	0	173	0	0	0	0	0	0	0	0	0	0	0	
896255	0	0	0	0	171	0	0	0	0	0	0	0	0	0	0	0	
897006	0	0	0	0	145	0	0	0	0	0	0	0	0	0	0	0	
897756	0	0	0	0	159	0	0	0	0	0	0	0	0	0	0	0	
898509	0	0	0	0	163	0	0	0	0	0	0	0	0	0	0	0	
899258	0	0	0	0	151	0	0	0	0	0	0	0	0	0	0	0	
900008	0	0	0	0	139	0	0	0	0	0	0	0	0	0	0	0	
900758	0	0	0	0	159	0	0	0	0	0	0	0	0	0	0	0	
901508	0	0	0	0	175	0	0	0	0	0	0	0	0	0	0	0	
902253	0	0	0	0	155	0	0	0	0	0	0	0	0	0	0	0	
903001	0	0	0	0	167	0	0	0	0	0	0	0	0	0	0	0	
903748	0	0	0	0	169	0	0	0	0	0	0	0	0	0	0	0	
904497	0	0	0	0	163	0	0	0	0	0	0	0	0	0	0	0	
905248	0	0	0	0	149	0	0	0	0	0	0	0	0	0	0	0	
906000	0	0	0	0	141	0	0	0	0	0	0	0	0	0	0	0	
906749	0	0	0	0	173	0	0	0	0	0	0	0	0	0	0	0	
907498	0	0	0	0	147	0	0	0	0	0	0	0	0	0	0	0	
908249	0	0	0	0	159	0	0	0	0	0	0	0	0	0	0	0	
908997	0	0	0	0	139	0	0	0	0	0	0	0	0	0	0	0	
909748	0	0	0	0	161	0	0	0	0	0	0	0	0	0	0	0	
910497	0	0	0	0	177	2	0	0	0	0	0	0	0	0	0	0	
911247	0	0	0	0	153	0	0	0	0	0	0	0	0	0	0	0	
911996	0	0	0	0	163	0	0	0	0	0	0	0	0	0	0	0	
912748	0	0	0	0	137	0	0	0	0	0	0	0	0	0	0	0	
913500	0	0	0	0	157	0	0	0	0	0	0	0	0	0	0	0	
914249	0	0	0	0	167	0	0	0	0	0	0	0	0	0	0	0	
915001	0	0	0	0	159	0	0	0	0	0	0	0	0	0	0	0	
915755	0	0	0	0	140	3	0	0	0	0	0	0	0	0	0	0	
916505	0	0	0	0	173	0	0	0	0	0	0	0	0	0	0	0	
917257	0	0	0	0	149	0	0	0	0	0	0	0	0	0	0	0	
918010	0	0	0	0	161	0	0	0	0	0	0	0	0	0	0	0	
918759	0	0	0	0	171	0	0	0	0	0	0	0	0	0	0	0	
919507	0	0	0	0	152	15	0	0	0	0	0	0	0	0	0	0	
920261	0	0	0	0	0	129	0	0	0	0	0	0	0	0	0	0	
921010	0	0	0	0	0	141	0	0	0	0	0	0	0	0	0	0	
921758	0	0	0	0	0	123	0	0	0	0	0	0	0	0	0	0	
922509	0	0	0	0	0	54	55	0	0	0	0	0	0	0	0	0	
923257	0	0	0	0	0	0	113	0	0	0	0	0	0	0	0	0	
924011	0	0	0	0	0	0	105	0	0	0	0	0	0	0	0	0	
924760	0	0	0	0	0	0	103	0	0	0	0	0	0	0	0	0	
925509	0	0	0	0	0	0	109	0	0	0	0	0	0	0	0	0	
926256	0	0	0	0	0	131	0	0	0	0	0	0	0	0	0	0	
927007	0	0	0	0	0	153	0	0	0	0	0	0	0	0	0	0	
927760	0	0	0	0	0	131	0	0	0	0	0	0	0	0	0	0	
928510	0	0	0	0	0	0	107	0	0	0	0	0	0	0	0	0	
929256	0	0	0	0	0	0	119	0	0	0	0	0	0	0	0	0	
930001	0	0	0	0	0	0	115	0	0	0	0	0	0	0	0	0	
930753	0	0	0	0	0	0	113	0	0	0	0	0	0	0	0	0	
931503	0	0	0	0	0	0	107	0	0	0	0	0	0	0	0	0	
932253	0	0	0	0	0	0	117	0	0	0	0	0	0	0	0	0	
933004	0	0	0	0	0	0	123	0	0	0	0	0	0	0	0	0	
933751	0	0	0	0	0	0	113	0	0	0	0	0	0	0	0	0	
934500	0	0	0	0	0	0	121	0	0	0	0	0	0	0	0	0	
935252	0	0	0	0	0	0	117	0	0	0	0	0	0	0	0	0	
936003	0	0	0	0	0	0	129	0	0	0	0	0	0	0	0	0	
936752	0	0	0	0	0	0	99	0	0	0	0	0	0	0	0	0	
937501	0	0	0	0	0	0	93	0	0	0	0	0	0	0	0	0	
938253	0	0	0	0	0	0	111	0	0	0	0	0	0	0	0	0	
939004	0	0	0	0	0	0	105	0	0	0	0	0	0	0	0	0	
939752	0	0	0	0	0	0	119	0	0	0	0	0	0	0	0	0	
940503	0	0	0	0	0	0	101	0	0	0	0	0	0	0	0	0	
941253	0	0	0	0	0	0	107	0	0	0	0	0	0	0	0	0	
942004	0	0	0	0	0	0	40	73	0	0	0	0	0	0	0	0	
942753	0	0	0	0	0	0	0	93	0	0	0	0	0	0	0	0	
943503	0	0	0	0	0	0	0	99	0	0	0	0	0	0	0	0	
944254	0	0	0	0	0	0	0	105	0	0	0	0	0	0	0	0	
945006	0	0	0	0	0	0	0	103	0	0	0	0	0	0	0	0	
945753	0	0	0	0	0	0	0	107	0	0	0	0	0	0	0	0	
946503	0	0	0	0	0	0	0	113	0	0	0	0	0	0	0	0	
947252	0	0	0	0	0	0	0	87	0	0	0	0	0	0	0	0	
948005	0	0	0	0	0	0	0	91	0	0	0	0	0	0	0	0	
948753	0	0	0	0	0	0	0	85	0	0	0	0	0	0	0	0	
949503	0	0	0	0	0	0	0	0	119	0	0	0	0	0	0	0	
950252	0	0	0	0	0	0	0	0	85	0	0	0	0	0	0	0	
951009	0	0	0	0	0	0	0	0	97	0	0	0	0	0	0	0	
951761	0	0	0	0	0	0	0	0	73	0	0	0	0	0	0	0	
952509	0	0	0	0	0	0	0	0	87	0	0	0	0	0	0	0	
953259	0	0	0	0	0	0	0	0	83	0	0	0	0	0	0	0	
954007	0	0	0	0	0	0	0	0	89	0	0	0	0	0	0	0	
954758	0	0	0	0	0	0	0	0	89	0	0	0	0	0	0	0	
955509	0	0	0	0	0	0	0	0	93	0	0	0	0	0	0	0	
956261	0	0	0	0	0	0	0	0	103	0	0	0	0	0	0	0	
957007	0	0	0	0	0	0	0	0	79	0	0	0	0	0	0	0	
957757	0	0	0	0	0	0	0	0	93	0	0	0	0	0	0	0	
958505	0	0	0	0	0	0	0	5	92	0	0	0	0	0	0	0	
959253	0	0	0	0	0	0	0	0	93	0	0	0	0	0	0	0	
960007	0	0	0	0	0	0	0	0	87	0	0	0	0	0	0	0	
960753	0	0	0	0	0	0	0	0	85	0	0	0	0	0	0	0	
961503	0	0	0	0	0	0	0	0	83	0	0	0	0	0	0	0	
962249	0	0	0	0	0	0	0	0	91	0	0	0	0	0	0	0	
962997	0	0	0	0	0	0	0	0	69	0	0	0	0	0	0	0	
963747	0	0	0	0	0	0	0	0	95	0	0	0	0	0	0	0	
964498	0	0	0	0	0	0	0	0	91	0	0	0	0	0	0	0	
965246	0	0	0	0	0	0	0	0	93	0	0	0	0	0	0	0	
965996	0	0	0	0	0	0	0	0	85	0	0	0	0	0	0	0	
966747	0	0	0	0	0	0	0	0	0	79	0	0	0	0	0	0	
967496	0	0	0	0	0	0	0	0	0	87	0	0	0	0	0	0	
968247	0	0	0	0	0	0	0	0	0	81	0	0	0	0	0	0	
968996	0	0	0	0	0	0	0	0	0	67	0	0	0	0	0	0	
969751	0	0	0	0	0	0	0	0	0	75	0	0	0	0	0	0	
970502	0	0	0	0	0	0	0	0	0	99	0	0	0	0	0	0	
971252	0	0	0	0	0	0	0	0	0	71	0	0	0	0	0	0	
972001	0	0	0	0	0	0	0	0	0	75	0	0	0	0	0	0	
972751	0	0	0	0	0	0	0	0	93	0	0	0	0	0	0	0	
973505	0	0	0	0	0	0	0	0	89	0	0	0	0	0	0	0	
974256	0	0	0	0	0	0	0	0	83	0	0	0	0	0	0	0	
975006	0	0	0	0	0	0	0	0	97	0	0	0	0	0	0	0	
975757	0	0	0	0	0	0	0	0	93	0	0	0	0	0	0	0	
976504	0	0	0	0	0	0	0	0	99	0	0	0	0	0	0	0	
977254	0	0	0	0	0	0	0	0	101	0	0	0	0	0	0	0	
978002	0	0	0	0	0	0	0	87	0	0	0	0	0	0	0	0	
978750	0	0	0	0	0	0	0	119	0	0	0	0	0	0	0	0	
979497	0	0	0	0	0	0	0	89	0	0	0	0	0	0	0	0	
980249	0	0	0	0	0	0	0	109	0	0	0	0	0	0	0	0	
980998	0	0	0	0	0	0	0	0	77	0	0	0	0	0	0	0	
981747	0	0	0	0	0	0	0	109	0	0	0	0	0	0	0	0	
982496	0	0	0	0	0	0	0	91	0	0	0	0	0	0	0	0	
983246	0	0	0	0	0	0	0	109	0	0	0	0	0	0	0	0	
984000	0	0	0	0	0	0	0	99	0	0	0	0	0	0	0	0	
984751	0	0	0	0	0	0	0	91	0	0	0	0	0	0	0	0	
985501	0	0	0	0	0	0	0	99	0	0	0	0	0	0	0	0	
986251	0	0	0	0	0	0	0	123	0	0	0	0	0	0	0	0	
987001	0	0	0	0	0	0	0	95	0	0	0	0	0	0	0	0	
987753	0	0	0	0	0	0	0	99	0	0	0	0	0	0	0	0	
988503	0	0	0	0	0	0	0	109	0	0	0	0	0	0	0	0	
989251	0	0	0	0	0	0	0	103	0	0	0	0	0	0	0	0	
990001	0	0	0	0	0	0	0	97	0	0	0	0	0	0	0	0	
990748	0	0	0	0	0	0	0	83	0	0	0	0	0	0	0	0	
991498	0	0	0	0	0	0	0	111	0	0	0	0	0	0	0	0	
992245	0	0	0	0	0	0	0	97	0	0	0	0	0	0	0	0	
992996	0	0	0	0	0	0	0	93	0	0	0	0	0	0	0	0	
993743	0	0	0	0	0	0	0	107	0	0	0	0	0	0	0	0	
994494	0	0	0	0	0	0	0	103	0	0	0	0	0	0	0	0	
995244	0	0	0	0	0	0	0	97	0	0	0	0	0	0	0	0	
995995	0	0	0	0	0	0	0	99	0	0	0	0	0	0	0	0	
996748	0	0	0	0	0	0	0	89	0	0	0	0	0	0	0	0	
997495	0	0	0	0	0	0	0	95	0	0	0	0	0	0	0	0	
998244	0	0	0	0	0	0	0	115	0	0	0	0	0	0	0	0	
998994	0	0	0	0	0	0	0	109	0	0	0	0	0	0	0	0	
999742	0	0	0	0	0	0	0	100	1	0	0	0	0	0	0	0	
1.00049e+06	0	0	0	0	0	0	0	0	95	0	0	0	0	0	0	0	
1.00125e+06	0	0	0	0	0	0	0	0	97	0	0	0	0	0	0	0	
1.002e+06	0	0	0	0	0	0	0	0	75	0	0	0	0	0	0	0	
1.00275e+06	0	0	0	0	0	0	0	0	89	0	0	0	0	0	0	0	
1.0035e+06	0	0	0	0	0	0	0	0	91	0	0	0	0	0	0	0	
1.00425e+06	0	0	0	0	0	0	0	0	85	0	0	0	0	0	0	0	
1.005e+06	0	0	0	0	0	0	0	103	0	0	0	0	0	0	0	0	
1.00575e+06	0	0	0	0	0	0	0	111	0	0	0	0	0	0	0	0	
1.0065e+06	0	0	0	0	0	0	0	101	0	0	0	0	0	0	0	0	
1.00725e+06	0	0	0	0	0	0	0	121	0	0	0	0	0	0	0	0	
1.008e+06	0	0	0	0	0	0	0	97	0	0	0	0	0	0	0	0	
1.00875e+06	0	0	0	0	0	0	0	97	0	0	0	0	0	0	0	0	
1.0095e+06	0	0	0	0	0	0	0	97	0	0	0	0	0	0	0	0	
1.01026e+06	0	0	0	0	0	0	0	109	0	0	0	0	0	0	0	0	
1.01101e+06	0	0	0	0	0	0	0	105	0	0	0	0	0	0	0	0	
1.01176e+06	0	0	0	0	0	0	0	105	0	0	0	0	0	0	0	0	
1.01251e+06	0	0	0	0	0	0	0	117	0	0	0	0	0	0	0	0	
1.01325e+06	0	0	0	0	0	0	0	103	0	0	0	0	0	0	0	0	
1.014e+06	0	0	0	0	0	0	0	0	101	0	0	0	0	0	0	0	
1.01475e+06	0	0	0	0	0	0	0	0	85	0	0	0	0	0	0	0	
1.0155e+06	0	0	0	0	0	0	0	0	89	0	0	0	0	0	0	0	
1.01625e+06	0	0	0	0	0	0	0	0	81	0	0	0	0	0	0	0	
1.017e+06	0	0	0	0	0	0	0	0	99	0	0	0	0	0	0	0	
1.01776e+06	0	0	0	0	0	0	0	0	89	0	0	0	0	0	0	0	
1.01851e+06	0	0	0	0	0	0	0	0	77	0	0	0	0	0	0	0	
1.01926e+06	0	0	0	0	0	0	0	0	99	0	0	0	0	0	0	0	
1.02001e+06	0	0	0	0	0	0	0	0	81	0	0	0	0	0	0	0	
1.02076e+06	0	0	0	0	0	0	0	0	91	0	0	0	0	0	0	0	
1.02151e+06	0	0	0	0	0	0	0	0	101	0	0	0	0	0	0	0	
1.02226e+06	0	0	0	0	0	0	0	0	87	0	0	0	0	0	0	0	
1.02301e+06	0	0	0	0	0	0	0	0	85	0	0	0	0	0	0	0	
1.02376e+06	0	0	0	0	0	0	0	0	101	0	0	0	0	0	0	0	
1.02451e+06	0	0	0	0	0	0	0	0	99	0	0	0	0	0	0	0	
1.02526e+06	0	0	0	0	0	0	0	0	93	0	0	0	0	0	0	0	
1.02601e+06	0	0	0	0	0	0	0	0	111	0	0	0	0	0	0	0	
1.02676e+06	0	0	0	0	0	0	0	0	81	0	0	0	0	0	0	0	
1.02751e+06	0	0	0	0	0	0	0	0	103	0	0	0	0	0	0	0	
1.02826e+06	0	0	0	0	0	0	0	0	91	0	0	0	0	0	0	0	
1.02901e+06	0	0	0	0	0	0	0	0	87	0	0	0	0	0	0	0	
1.02976e+06	0	0	0	0	0	0	0	0	79	0	0	0	0	0	0	0	
1.03051e+06	0	0	0	0	0	0	0	0	97	0	0	0	0	0	0	0	
1.03125e+06	0	0	0	0	0	0	0	0	103	0	0	0	0	0	0	0	
1.03201e+06	0	0	0	0	0	0	0	0	85	0	0	0	0	0	0	0	
1.03276e+06	0	0	0	0	0	0	0	0	93	0	0	0	0	0	0	0	
1.03351e+06	0	0	0	0	0	0	0	0	101	0	0	0	0	0	0	0	
1.03426e+06	0	0	0	0	0	0	0	0	101	0	0	0	0	0	0	0	
1.03501e+06	0	0	0	0	0	0	0	0	91	0	0	0	0	0	0	0	
1.03575e+06	0	0	0	0	0	0	0	0	81	0	0	0	0	0	0	0	
1.03651e+06	0	0	0	0	0	0	0	0	91	0	0	0	0	0	0	0	
1.03726e+06	0	0	0	0	0	0	0	0	87	0	0	0	0	0	0	0	
1.03801e+06	0	0	0	0	0	0	0	0	79	0	0	0	0	0	0	0	
1.03876e+06	0	0	0	0	0	0	0	0	83	0	0	0	0	0	0	0	
1.03951e+06	0	0	0	0	0	0	0	0	95	0	0	0	0	0	0	0	
1.04026e+06	0	0	0	0	0	0	0	0	97	0	0	0	0	0	0	0	
1.04101e+06	0	0	0	0	0	0	0	0	83	0	0	0	0	0	0	0	
1.04176e+06	0	0	0	0	0	0	0	0	103	0	0	0	0	0	0	0	
1.04251e+06	0	0	0	0	0	0	0	0	99	0	0	0	0	0	0	0	
1.04326e+06	0	0	0	0	0	0	0	0	97	0	0	0	0	0	0	0	
1.04401e+06	0	0	0	0	0	0	0	0	93	0	0	0	0	0	0	0	
1.04476e+06	0	0	0	0	0	0	0	0	94	1	0	0	0	0	0	0	
1.04551e+06	0	0	0	0	0	0	0	0	85	0	0	0	0	0	0	0	
1.04626e+06	0	0	0	0	0	0	0	0	97	0	0	0	0	0	0	0	
1.04701e+06	0	0	0	0	0	0	0	0	101	0	0	0	0	0	0	0	
1.04775e+06	0	0	0	0	0	0	0	0	93	0	0	0	0	0	0	0	
1.04851e+06	0	0	0	0	0	0	0	0	107	0	0	0	0	0	0	0	
1.04926e+06	0	0	0	0	0	0	0	0	85	0	0	0	0	0	0	0	
1.05e+06	0	0	0	0	0	0	0	0	93	0	0	0	0	0	0	0	
1.05075e+06	0	0	0	0	0	0	0	0	85	0	0	0	0	0	0	0	
1.0515e+06	0	0	0	0	0	0	0	0	101	0	0	0	0	0	0	0	
1.05225e+06	0	0	0	0	0	0	0	0	103	0	0	0	0	0	0	0	
1.05301e+06	0	0	0	0	0	0	0	0	97	0	0	0	0	0	0	0	
1.05375e+06	0	0	0	0	0	0	0	0	77	0	0	0	0	0	0	0	
1.0545e+06	0	0	0	0	0	0	0	2	81	0	0	0	0	0	0	0	
1.05525e+06	0	0	0	0	0	0	0	0	0	71	0	0	0	0	0	0	
1.056e+06	0	0	0	0	0	0	0	0	0	89	0	0	0	0	0	0	
1.05675e+06	0	0	0	0	0	0	0	0	0	81	0	0	0	0	0	0	
1.0575e+06	0	0	0	0	0	0	0	0	0	87	0	0	0	0	0	0	
1.05825e+06	0	0	0	0	0	0	0	0	0	91	0	0	0	0	0	0	
1.059e+06	0	0	0	0	0	0	0	0	0	89	0	0	0	0	0	0	
1.05975e+06	0	0	0	0	0	0	0	0	0	83	0	0	0	0	0	0	
1.0605e+06	0	0	0	0	0	0	0	0	0	79	0	0	0	0	0	0	
1.06125e+06	0	0	0	0	0	0	0	0	0	89	0	0	0	0	0	0	
1.062e+06	0	0	0	0	0	0	0	0	0	83	0	0	0	0	0	0	
1.06275e+06	0	0	0	0	0	0	0	0	0	81	0	0	0	0	0	0	
1.0635e+06	0	0	0	0	0	0	0	0	0	73	0	0	0	0	0	0	
1.06424e+06	0	0	0	0	0	0	0	0	0	83	0	0	0	0	0	0	
1.06499e+06	0	0	0	0	0	0	0	0	0	73	0	0	0	0	0	0	
1.06574e+06	0	0	0	0	0	0	0	0	0	69	0	0	0	0	0	0	
1.06649e+06	0	0	0	0	0	0	0	0	103	0	0	0	0	0	0	0	
1.06724e+06	0	0	0	0	0	0	0	0	85	0	0	0	0	0	0	0	
1.06798e+06	0	0	0	0	0	0	0	0	73	0	0	0	0	0	0	0	
1.06873e+06	0	0	0	0	0	0	0	0	81	0	0	0	0	0	0	0	
1.06948e+06	0	0	0	0	0	0	0	0	0	85	0	0	0	0	0	0	
1.07023e+06	0	0	0	0	0	0	0	0	0	81	0	0	0	0	0	0	
1.07098e+06	0	0	0	0	0	0	0	0	0	89	0	0	0	0	0	0	
1.07173e+06	0	0	0	0	0	0	0	0	0	75	0	0	0	0	0	0	
1.07248e+06	0	0	0	0	0	0	0	0	0	101	0	0	0	0	0	0	
1.07324e+06	0	0	0	0	0	0	0	0	0	69	18	0	0	0	0	0	
1.07399e+06	0	0	0	0	0	0	0	0	0	0	77	0	0	0	0	0	
1.07474e+06	0	0	0	0	0	0	0	0	0	0	0	55	0	0	0	0	
1.07549e+06	0	0	0	0	0	0	0	0	0	0	0	63	0	0	0	0	
1.07624e+06	0	0	0	0	0	0	0	0	0	0	0	77	0	0	0	0	
1.07699e+06	0	0	0	0	0	0	0	0	0	0	0	55	0	0	0	0	
1.07774e+06	0	0	0	0	0	0	0	0	0	0	0	77	0	0	0	0	
1.07849e+06	0	0	0	0	0	0	0	0	0	0	0	83	0	0	0	0	
1.07924e+06	0	0	0	0	0	0	0	0	0	0	0	55	0	0	0	0	
1.07999e+06	0	0	0	0	0	0	0	0	0	0	0	67	0	0	0	0	
1.08074e+06	0	0	0	0	0	0	0	0	0	0	0	0	61	0	0	0	
1.08149e+06	0	0	0	0	0	0	0	0	0	0	0	0	61	0	0	0	
1.08224e+06	0	0	0	0	0	0	0	0	0	0	0	0	71	0	0	0	
1.08299e+06	0	0	0	0	0	0	0	0	0	0	0	0	63	0	0	0	
1.08374e+06	0	0	0	0	0	0	0	0	0	0	0	0	0	63	0	0	
1.08449e+06	0	0	0	0	0	0	0	0	0	0	0	0	0	47	0	0	
1.08524e+06	0	0	0	0	0	0	0	0	0	0	0	0	0	47	0	0	
1.08599e+06	0	0	0	0	0	0	0	0	0	0	0	0	0	69	0	0	
1.08674e+06	0	0	0	0	0	0	0	0	0	0	0	0	0	53	0	0	
1.08749e+06	0	0	0	0	0	0	0	0	0	0	0	0	0	57	0	0	
1.08824e+06	0	0	0	0	0	0	0	0	0	0	0	0	0	51	0	0	
1.08899e+06	0	0	0	0	0	0	0	0	0	0	0	0	0	57	0	0	
1.08974e+06	0	0	0	0	0	0	0	0	0	0	0	0	0	43	0	0	
1.09049e+06	0	0	0	0	0	0	0	0	0	0	0	0	0	55	0	0	
1.09125e+06	0	0	0	0	0	0	0	0	0	0	0	0	0	69	0	0	
1.09199e+06	0	0	0	0	0	0	0	0	0	0	0	0	0	57	0	0	
1.09274e+06	0	0	0	0	0	0	0	0	0	0	0	0	0	0	51	0	
1.09349e+06	0	0	0	0	0	0	0	0	0	0	0	0	0	0	47	0	
1.09424e+06	0	0	0	0	0	0	0	0	0	0	0	0	0	0	51	0	
1.09499e+06	0	0	0	0	0	0	0	0	0	0	0	0	0	67	0	0	
1.09574e+06	0	0	0	0	0	0	0	0	0	0	0	0	0	61	0	0	
1.09649e+06	0	0	0	0	0	0	0	0	0	0	0	0	0	59	0	0	
1.09724e+06	0	0	0	0	0	0	0	0	0	0	0	0	0	59	0	0	
1.09799e+06	0	0	0	0	0	0	0	0	0	0	0	0	0	55	0	0	
1.09873e+06	0	0	0	0	0	0	0	0	0	0	0	0	0	63	0	0	
1.09949e+06	0	0	0	0	0	0	0	0	0	0	0	0	0	61	0	0	
1.10023e+06	0	0	0	0	0	0	0	0	0	0	0	0	0	69	0	0	
1.10098e+06	0	0	0	0	0	0	0	0	0	0	0	0	0	57	0	0	
1.10174e+06	0	0	0	0	0	0	0	0	0	0	0	0	51	0	0	0	
1.10249e+06	0	0	0	0	0	0	0	0	0	0	0	0	53	0	0	0	
1.10324e+06	0	0	0	0	0	0	0	0	0	0	0	0	63	0	0	0	
1.10399e+06	0	0	0	0	0	0	0	0	0	0	0	0	59	0	0	0	
1.10474e+06	0	0	0	0	0	0	0	0	0	0	0	75	0	0	0	0	
1.10549e+06	0	0	0	0	0	0	0	0	0	0	0	75	0	0	0	0	
1.10624e+06	0	0	0	0	0	0	0	0	0	0	0	67	0	0	0	0	
1.10699e+06	0	0	0	0	0	0	0	0	0	0	0	0	65	0	0	0	
1.10774e+06	0	0	0	0	0	0	0	0	0	0	0	0	65	0	0	0	
1.10849e+06	0	0	0	0	0	0	0	0	0	0	0	0	67	0	0	0	
1.10924e+06	0	0	0	0	0	0	0	0	0	0	0	0	67	0	0	0	
1.10999e+06	0	0	0	0	0	0	0	0	0	0	0	0	51	0	0	0	
1.11074e+06	0	0	0	0	0	0	0	0	0	0	0	0	61	0	0	0	
1.11149e+06	0	0	0	0	0	0	0	0	0	0	0	0	59	0	0	0	
1.11224e+06	0	0	0	0	0	0	0	0	0	0	0	0	43	0	0	0	
1.11299e+06	0	0	0	0	0	0	0	0	0	0	0	0	55	0	0	0	
1.11374e+06	0	0	0	0	0	0	0	0	0	0	0	0	59	0	0	0	
1.11449e+06	0	0	0	0	0	0	0	0	0	0	0	0	79	0	0	0	
1.11524e+06	0	0	0	0	0	0	0	0	0	0	0	0	53	0	0	0	
1.11599e+06	0	0	0	0	0	0	0	0	0	0	0	0	59	0	0	0	
1.11674e+06	0	0	0	0	0	0	0	0	0	0	0	0	63	0	0	0	
1.11749e+06	0	0	0	0	0	0	0	0	0	0	0	0	67	0	0	0	
1.11824e+06	0	0	0	0	0	0	0	0	0	0	0	0	63	0	0	0	
1.11899e+06	0	0	0	0	0	0	0	0	0	0	0	0	63	0	0	0	
1.11974e+06	0	0	0	0	0	0	0	0	0	0	0	0	57	0	0	0	
1.12048e+06	0	0	0	0	0	0	0	0	0	0	0	0	61	0	0	0	
1.12123e+06	0	0	0	0	0	0	0	0	0	0	0	0	63	0	0	0	
1.12198e+06	0	0	0	0	0	0	0	0	0	0	0	0	51	0	0	0	
1.12273e+06	0	0	0	0	0	0	0	0	0	0	0	0	69	0	0	0	
1.12348e+06	0	0	0	0	0	0	0	0	0	0	0	0	67	0	0	0	
1.12423e+06	0	0	0	0	0	0	0	0	0	0	0	0	26	27	0	0	
1.12498e+06	0	0	0	0	0	0	0	0	0	0	0	0	69	0	0	0	
1.12573e+06	0	0	0	0	0	0	0	0	0	0	0	0	65	0	0	0	
1.12648e+06	0	0	0	0	0	0	0	0	0	0	0	0	73	0	0	0	
1.12723e+06	0	0	0	0	0	0	0	0	0	0	0	0	57	0	0	0	
1.12798e+06	0	0	0	0	0	0	0	0	0	0	0	0	59	0	0	0	
1.12873e+06	0	0	0	0	0	0	0	0	0	0	0	0	61	0	0	0	
1.12947e+06	0	0	0	0	0	0	0	0	0	0	0	0	67	0	0	0	
1.13022e+06	0	0	0	0	0	0	0	0	0	0	0	0	53	0	0	0	
1.13097e+06	0	0	0	0	0	0	0	0	0	0	0	0	61	0	0	0	
1.13172e+06	0	0	0	0	0	0	0	0	0	0	0	0	45	0	0	0	
1.13247e+06	0	0	0	0	0	0	0	0	0	0	0	0	53	0	0	0	
1.13322e+06	0	0	0	0	0	0	0	0	0	0	0	0	59	0	0	0	
1.13397e+06	0	0	0	0	0	0	0	0	0	0	0	0	63	0	0	0	
1.13472e+06	0	0	0	0	0	0	0	0	0	0	0	0	59	0	0	0	
1.13547e+06	0	0	0	0	0	0	0	0	0	0	0	0	57	0	0	0	
1.13621e+06	0	0	0	0	0	0	0	0	0	0	0	0	59	0	0	0	
1.13696e+06	0	0	0	0	0	0	0	0	0	0	0	0	61	0	0	0	
1.13771e+06	0	0	0	0	0	0	0	0	0	0	0	0	57	0	0	0	
1.13846e+06	0	0	0	0	0	0	0	0	0	0	0	0	69	0	0	0	
1.13921e+06	0	0	0	0	0	0	0	0	0	0	0	0	0	65	0	0	
1.13996e+06	0	0	0	0	0	0	0	0	0	0	0	0	0	49	0	0	
1.14071e+06	0	0	0	0	0	0	0	0	0	0	0	0	0	47	0	0	
1.14146e+06	0	0	0	0	0	0	0	0	0	0	0	0	0	0	57	0	
1.14221e+06	0	0	0	0	0	0	0	0	0	0	0	0	0	0	53	0	
1.14296e+06	0	0	0	0	0	0	0	0	0	0	0	0	0	0	51	0	
1.14371e+06	0	0	0	0	0	0	0	0	0	0	0	0	0	0	55	0	
1.14446e+06	0	0	0	0	0	0	0	0	0	0	0	0	0	0	41	0	
1.14521e+06	0	0	0	0	0	0	0	0	0	0	0	0	0	0	61	0	
1.14596e+06	0	0	0	0	0	0	0	0	0	0	0	0	0	0	53	0	
1.14671e+06	0	0	0	0	0	0	0	0	0	0	0	0	0	0	59	0	
1.14746e+06	0	0	0	0	0	0	0	0	0	0	0	0	0	0	57	0	
1.14821e+06	0	0	0	0	0	0	0	0	0	0	0	0	0	0	55	0	
1.14896e+06	0	0	0	0	0	0	0	0	0	0	0	0	0	0	51	0	
1.14971e+06	0	0	0	0	0	0	0	0	0	0	0	0	0	0	55	0	
1.15046e+06	0	0	0	0	0	0	0	0	0	0	0	0	0	0	59	0	
1.15121e+06	0	0	0	0	0	0	0	0	0	0	0	0	0	0	47	0	
1.15196e+06	0	0	0	0	0	0	0	0	0	0	0	0	0	0	59	0	
1.15271e+06	0	0	0	0	0	0	0	0	0	0	0	0	0	0	53	0	
1.15346e+06	0	0	0	0	0	0	0	0	0	0	0	0	0	0	61	0	
1.15421e+06	0	0	0	0	0	0	0	0	0	0	0	0	0	0	0	47	
1.15496e+06	0	0	0	0	0	0	0	0	0	0	0	0	0	0	0	41	
1.15571e+06	0	0	0	0	0	0	0	0	0	0	0	0	0	0	0	49	
1.15646e+06	0	0	0	0	0	0	0	0	0	0	0	0	0	0	0	35	
1.15721e+06	0	0	0	0	0	0	0	0	0	0	0	0	0	0	0	47	
1.15797e+06	0	0	0	0	0	0	0	0	0	0	0	0	0	0	0	53	
1.15872e+06	0	0	0	0	0	0	0	0	0	0	0	0	0	0	0	55	
1.15946e+06	0	0	0	0	0	0	0	0	0	0	0	0	0	0	0	51	
1.16021e+06	0	0	0	0	0	0	0	0	0	0	0	0	0	0	0	51	
1.16096e+06	0	0	0	0	0	0	0	0	0	0	0	0	0	0	0	45	
1.16171e+06	0	0	0	0	0	0	0	0	0	0	0	0	0	0	0	43	
1.16246e+06	0	0	0	0	0	0	0	0	0	0	0	0	0	0	0	43	
1.16321e+06	0	0	0	0	0	0	0	0	0	0	0	0	0	0	0	47	
1.16396e+06	0	0	0	0	0	0	0	0	0	0	0	0	0	0	0	41	
1.16471e+06	0	0	0	0	0	0	0	0	0	0	0	0	0	0	0	69	
1.16546e+06	0	0	0	0	0	0	0	0	0	0	0	0	0	0	0	61	
1.16621e+06	0	0	0	0	0	0	0	0	0	0	0	0	0	0	0	39	
1.16696e+06	0	0	0	0	0	0	0	0	0	0	0	0	0	0	0	47	
1.16771e+06	0	0	0	0	0	0	0	0	0	0	0	0	0	0	0	43	
1.16846e+06	0	0	0	0	0	0	0	0	0	0	0	0	0	0	0	61	
1.16921e+06	0	0	0	0	0	0	0	0	0	0	0	0	0	0	0	57	
1.16996e+06	0	0	0	0	0	0	0	0	0	0	0	0	0	0	0	43	
1.17071e+06	0	0	0	0	0	0	0	0	0	0	0	0	0	0	0	63	
1.17146e+06	0	0	0	0	0	0	0	0	0	0	0	0	0	0	0	55	
1.17221e+06	0	0	0	0	0	0	0	0	0	0	0	0	0	0	0	43	
1.17296e+06	0	0	0	0	0	0	0	0	0	0	0	0	0	0	0	45	
1.1737e+06	0	0	0	0	0	0	0	0	0	0	0	0	0	0	47	0	
1.17446e+06	0	0	0	0	0	0	0	0	0	0	0	0	0	0	55	0	
1.17521e+06	0	0	0	0	0	0	0	0	0	0	0	0	0	0	71	0	
1.17596e+06	0	0	0	0	0	0	0	0	0	0	0	0	0	0	51	0	
1.17671e+06	0	0	0	0	0	0	0	0	0	0	0	0	0	0	51	0	
1.17746e+06	0	0	0	0	0	0	0	0	0	0	0	0	0	0	47	0	
1.17821e+06	0	0	0	0	0	0	0	0	0	0	0	0	0	0	47	0	
1.17896e+06	0	0	0	0	0	0	0	0	0	0	0	0	0	53	0	0	
1.17971e+06	0	0	0	0	0	0	0	0	0	0	0	0	71	0	0	0	
1.18046e+06	0	0	0	0	0	0	0	0	0	0	0	0	65	0	0	0	
1.1812e+06	0	0	0	0	0	0	0	0	0	0	0	0	61	0	0	0	
1.18195e+06	0	0	0	0	0	0	0	0	0	0	0	77	0	0	0	0	
1.1827e+06	0	0	0	0	0	0	0	0	0	0	0	63	0	0	0	0	
1.18345e+06	0	0	0	0	0	0	0	0	0	0	0	69	0	0	0	0	
1.1842e+06	0	0	0	0	0	0	0	0	0	0	0	69	0	0	0	0	
1.18495e+06	0	0	0	0	0	0	0	0	0	0	0	73	0	0	0	0	
1.1857e+06	0	0	0	0	0	0	0	0	0	0	89	0	0	0	0	0	
1.18645e+06	0	0	0	0	0	0	0	0	0	0	83	0	0	0	0	0	
1.1872e+06	0	0	0	0	0	0	0	0	0	0	45	0	0	0	0	0	
1.18795e+06	0	0	0	0	0	0	0	0	0	0	81	0	0	0	0	0	
1.1887e+06	0	0	0	0	0	0	0	0	0	0	89	0	0	0	0	0	
1.18945e+06	0	0	0	0	0	0	0	0	0	0	55	0	0	0	0	0	
1.19019e+06	0	0	0	0	0	0	0	0	0	0	81	0	0	0	0	0	
1.19094e+06	0	0	0	0	0	0	0	0	0	0	71	0	0	0	0	0	
1.19169e+06	0	0	0	0	0	0	0	0	0	0	67	0	0	0	0	0	
1.19245e+06	0	0	0	0	0	0	0	0	0	0	59	0	0	0	0	0	
1.1932e+06	0	0	0	0	0	0	0	0	0	0	77	0	0	0	0	0	
1.19395e+06	0	0	0	0	0	0	0	0	0	0	63	0	0	0	0	0	
1.19469e+06	0	0	0	0	0	0	0	0	0	0	87	0	0	0	0	0	
1.19544e+06	0	0	0	0	0	0	0	0	0	0	75	0	0	0	0	0	
1.19619e+06	0	0	0	0	0	0	0	0	0	0	63	0	0	0	0	0	
1.19695e+06	0	0	0	0	0	0	0	0	0	0	75	0	0	0	0	0	
1.19769e+06	0	0	0	0	0	0	0	0	0	0	75	0	0	0	0	0	
1.19844e+06	0	0	0	0	0	0	0	0	0	0	77	0	0	0	0	0	
1.19919e+06	0	0	0	0	0	0	0	0	0	0	85	0	0	0	0	0	
1.19994e+06	0	0	0	0	0	0	0	0	0	0	65	0	0	0	0	0	
1.20069e+06	0	0	0	0	0	0	0	0	0	0	55	0	0	0	0	0	
1.20144e+06	0	0	0	0	0	0	0	0	0	0	75	0	0	0	0	0	
1.20219e+06	0	0	0	0	0	0	0	0	0	0	67	0	0	0	0	0	
1.20294e+06	0	0	0	0	0	0	0	0	0	0	59	0	0	0	0	0	
1.20369e+06	0	0	0	0	0	0	0	0	0	0	71	0	0	0	0	0	
1.20444e+06	0	0	0	0	0	0	0	0	0	0	71	0	0	0	0	0	
1.20519e+06	0	0	0	0	0	0	0	0	0	0	67	0	0	0	0	0	
1.20594e+06	0	0	0	0	0	0	0	0	0	0	71	0	0	0	0	0	
1.20669e+06	0	0	0	0	0	0	0	0	0	0	63	0	0	0	0	0	
1.20744e+06	0	0	0	0	0	0	0	0	0	0	79	0	0	0	0	0	
1.20819e+06	0	0	0	0	0	0	0	0	0	0	95	0	0	0	0	0	
1.20894e+06	0	0	0	0	0	0	0	0	0	0	77	0	0	0	0	0	
1.2097e+06	0	0	0	0	0	0	0	0	0	0	69	0	0	0	0	0	
1.21045e+06	0	0	0	0	0	0	0	0	0	0	61	0	0	0	0	0	
1.21119e+06	0	0	0	0	0	0	0	0	0	0	79	0	0	0	0	0	
1.21195e+06	0	0	0	0	0	0	0	0	0	0	69	0	0	0	0	0	
1.21269e+06	0	0	0	0	0	0	0	0	0	0	57	0	0	0	0	0	
1.21344e+06	0	0	0	0	0	0	0	0	0	0	67	0	0	0	0	0	
1.21419e+06	0	0	0	0	0	0	0	0	0	0	73	0	0	0	0	0	
1.21494e+06	0	0	0	0	0	0	0	0	0	0	81	0	0	0	0	0	
1.21569e+06	0	0	0	0	0	0	0	0	0	0	0	59	0	0	0	0	
1.21644e+06	0	0	0	0	0	0	0	0	0	0	0	71	0	0	0	0	
1.2172e+06	0	0	0	0	0	0	0	0	0	0	0	0	65	0	0	0	
1.21794e+06	0	0	0	0	0	0	0	0	0	0	0	0	71	0	0	0	
1.21869e+06	0	0	0	0	0	0	0	0	0	0	0	0	71	0	0	0	
1.21944e+06	0	0	0	0	0	0	0	0	0	0	0	0	61	0	0	0	
1.22019e+06	0	0	0	0	0	0	0	0	0	0	0	0	65	0	0	0	
1.22094e+06	0	0	0	0	0	0	0	0	0	0	0	0	71	0	0	0	
1.22169e+06	0	0	0	0	0	0	0	0	0	0	0	0	71	0	0	0	
1.22244e+06	0	0	0	0	0	0	0	0	0	0	0	0	63	0	0	0	
1.22319e+06	0	0	0	0	0	0	0	0	0	0	0	0	0	63	0	0	
1.22394e+06	0	0	0	0	0	0	0	0	0	0	0	0	0	65	0	0	
1.22469e+06	0	0	0	0	0	0	0	0	0	0	0	0	0	63	0	0	
1.22544e+06	0	0	0	0	0	0	0	0	0	0	0	0	0	51	0	0	
1.22619e+06	0	0	0	0	0	0	0	0	0	0	0	0	63	0	0	0	
1.22694e+06	0	0	0	0	0	0	0	0	0	0	0	0	63	0	0	0	
1.22769e+06	0	0	0	0	0	0	0	0	0	0	0	0	75	0	0	0	
1.22844e+06	0	0	0	0	0	0	0	0	0	0	0	0	73	0	0	0	
1.22919e+06	0	0	0	0	0	0	0	0	0	0	0	0	61	0	0	0	
1.22994e+06	0	0	0	0	0	0	0	0	0	0	0	0	65	0	0	0	
1.23069e+06	0	0	0	0	0	0	0	0	0	0	0	0	61	0	0	0	
1.23144e+06	0	0	0	0	0	0	0	0	0	0	0	0	73	0	0	0	
1.23219e+06	0	0	0	0	0	0	0	0	0	0	0	0	65	0	0	0	
1.23294e+06	0	0	0	0	0	0	0	0	0	0	0	0	75	0	0	0	
1.2337e+06	0	0	0	0	0	0	0	0	0	0	0	0	67	0	0	0	
1.23444e+06	0	0	0	0	0	0	0	0	0	0	0	0	61	0	0	0	
1.2352e+06	0	0	0	0	0	0	0	0	0	0	0	0	55	0	0	0	
1.23594e+06	0	0	0	0	0	0	0	0	0	0	0	0	67	0	0	0	
1.23669e+06	0	0	0	0	0	0	0	0	0	0	0	67	0	0	0	0	
1.23745e+06	0	0	0	0	0	0	0	0	0	0	63	0	0	0	0	0	
1.2382e+06	0	0	0	0	0	0	0	0	0	0	71	0	0	0	0	0	
1.23895e+06	0	0	0	0	0	0	0	0	0	0	73	0	0	0	0	0	
1.2397e+06	0	0	0	0	0	0	0	0	0	0	77	0	0	0	0	0	
1.24045e+06	0	0	0	0	0	0	0	0	0	0	87	0	0	0	0	0	
1.2412e+06	0	0	0	0	0	0	0	0	0	0	69	0	0	0	0	0	
1.24194e+06	0	0	0	0	0	0	0	0	0	87	0	0	0	0	0	0	
1.24269e+06	0	0	0	0	0	0	0	0	0	73	0	0	0	0	0	0	
1.24344e+06	0	0	0	0	0	0	0	0	0	73	0	0	0	0	0	0	
1.24419e+06	0	0	0	0	0	0	0	0	0	81	0	0	0	0	0	0	
1.24494e+06	0	0	0	0	0	0	0	0	83	0	0	0	0	0	0	0	
1.24569e+06	0	0	0	0	0	0	0	0	87	0	0	0	0	0	0	0	
1.24644e+06	0	0	0	0	0	0	0	0	87	0	0	0	0	0	0	0	
1.24719e+06	0	0	0	0	0	0	0	0	87	0	0	0	0	0	0	0	
1.24795e+06	0	0	0	0	0	0	0	0	81	0	0	0	0	0	0	0	
1.24869e+06	0	0	0	0	0	0	0	0	0	89	0	0	0	0	0	0	
1.24944e+06	0	0	0	0	0	0	0	0	0	83	0	0	0	0	0	0	
1.25019e+06	0	0	0	0	0	0	0	0	0	69	0	0	0	0	0	0	
1.25094e+06	0	0	0	0	0	0	0	0	0	99	0	0	0	0	0	0	
1.2517e+06	0	0	0	0	0	0	0	0	0	79	0	0	0	0	0	0	
1.25245e+06	0	0	0	0	0	0	0	0	0	97	0	0	0	0	0	0	
1.2532e+06	0	0	0	0	0	0	0	0	0	81	0	0	0	0	0	0	
1.25394e+06	0	0	0	0	0	0	0	0	0	83	0	0	0	0	0	0	
1.25469e+06	0	0	0	0	0	0	0	0	0	63	0	0	0	0	0	0	
1.25544e+06	0	0	0	0	0	0	0	0	0	91	0	0	0	0	0	0	
1.25619e+06	0	0	0	0	0	0	0	0	0	99	0	0	0	0	0	0	
1.25694e+06	0	0	0	0	0	0	0	0	0	81	0	0	0	0	0	0	
1.25769e+06	0	0	0	0	0	0	0	0	0	91	0	0	0	0	0	0	
1.25844e+06	0	0	0	0	0	0	0	0	0	83	0	0	0	0	0	0	
1.25919e+06	0	0	0	0	0	0	0	0	83	0	0	0	0	0	0	0	
1.25994e+06	0	0	0	0	0	0	0	0	87	0	0	0	0	0	0	0	
1.2607e+06	0	0	0	0	0	0	0	0	81	0	0	0	0	0	0	0	
1.26144e+06	0	0	0	0	0	0	0	0	91	0	0	0	0	0	0	0	
1.2622e+06	0	0	0	0	0	0	0	0	95	0	0	0	0	0	0	0	
1.26295e+06	0	0	0	0	0	0	0	0	91	0	0	0	0	0	0	0	
1.26369e+06	0	0	0	0	0	0	0	0	93	0	0	0	0	0	0	0	
1.26445e+06	0	0	0	0	0	0	0	95	0	0	0	0	0	0	0	0	
1.2652e+06	0	0	0	0	0	0	0	91	0	0	0	0	0	0	0	0	
1.26595e+06	0	0	0	0	0	0	0	97	0	0	0	0	0	0	0	0	
1.2667e+06	0	0	0	0	0	0	0	113	0	0	0	0	0	0	0	0	
1.26744e+06	0	0	0	0	0	0	0	105	0	0	0	0	0	0	0	0	
1.2682e+06	0	0	0	0	0	0	0	89	0	0	0	0	0	0	0	0	
1.26895e+06	0	0	0	0	0	0	0	99	0	0	0	0	0	0	0	0	
1.2697e+06	0	0	0	0	0	0	0	97	0	0	0	0	0	0	0	0	
1.27045e+06	0	0	0	0	0	0	0	105	0	0	0	0	0	0	0	0	
1.2712e+06	0	0	0	0	0	0	0	93	0	0	0	0	0	0	0	0	
1.27195e+06	0	0	0	0	0	0	0	105	0	0	0	0	0	0	0	0	
1.2727e+06	0	0	0	0	0	0	0	105	0	0	0	0	0	0	0	0	
1.27345e+06	0	0	0	0	0	0	0	97	0	0	0	0	0	0	0	0	
1.2742e+06	0	0	0	0	0	0	0	89	0	0	0	0	0	0	0	0	
1.27495e+06	0	0	0	0	0	0	0	85	0	0	0	0	0	0	0	0	
1.2757e+06	0	0	0	0	0	0	0	95	0	0	0	0	0	0	0	0	
1.27645e+06	0	0	0	0	0	0	0	109	0	0	0	0	0	0	0	0	
1.2772e+06	0	0	0	0	0	0	0	91	0	0	0	0	0	0	0	0	
1.27795e+06	0	0	0	0	0	0	0	123	0	0	0	0	0	0	0	0	
1.2787e+06	0	0	0	0	0	0	0	85	0	0	0	0	0	0	0	0	
1.27945e+06	0	0	0	0	0	0	0	107	0	0	0	0	0	0	0	0	
1.2802e+06	0	0	0	0	0	0	0	107	0	0	0	0	0	0	0	0	
1.28095e+06	0	0	0	0	0	0	0	85	0	0	0	0	0	0	0	0	
1.2817e+06	0	0	0	0	0	0	0	103	0	0	0	0	0	0	0	0	
1.28245e+06	0	0	0	0	0	0	0	117	0	0	0	0	0	0	0	0	
1.2832e+06	0	0	0	0	0	0	0	103	0	0	0	0	0	0	0	0	
1.28395e+06	0	0	0	0	0	0	0	85	0	0	0	0	0	0	0	0	
1.2847e+06	0	0	0	0	0	0	0	129	0	0	0	0	0	0	0	0	
1.28546e+06	0	0	0	0	0	0	0	123	0	0	0	0	0	0	0	0	
1.28621e+06	0	0	0	0	0	0	0	101	0	0	0	0	0	0	0	0	
1.28696e+06	0	0	0	0	0	0	0	101	0	0	0	0	0	0	0	0	
1.28771e+06	0	0	0	0	0	0	0	103	0	0	0	0	0	0	0	0	
1.28846e+06	0	0	0	0	0	0	0	113	0	0	0	0	0	0	0	0	
1.28921e+06	0	0	0	0	0	0	0	103	0	0	0	0	0	0	0	0	
1.28996e+06	0	0	0	0	0	0	0	105	0	0	0	0	0	0	0	0	
1.29071e+06	0	0	0	0	0	0	0	107	0	0	0	0	0	0	0	0	
1.29146e+06	0	0	0	0	0	0	0	99	0	0	0	0	0	0	0	0	
1.29222e+06	0	0	0	0	0	0	0	105	0	0	0	0	0	0	0	0	
1.29297e+06	0	0	0	0	0	0	123	0	0	0	0	0	0	0	0	0	
1.29371e+06	0	0	0	0	0	0	117	0	0	0	0	0	0	0	0	0	
1.29446e+06	0	0	0	0	0	0	111	0	0	0	0	0	0	0	0	0	
1.29521e+06	0	0	0	0	0	0	103	0	0	0	0	0	0	0	0	0	
1.29596e+06	0	0	0	0	0	0	113	0	0	0	0	0	0	0	0	0	
1.29671e+06	0	0	0	0	0	0	127	0	0	0	0	0	0	0	0	0	
1.29746e+06	0	0	0	0	0	0	115	0	0	0	0	0	0	0	0	0	
1.29821e+06	0	0	0	0	0	0	107	0	0	0	0	0	0	0	0	0	
1.29896e+06	0	0	0	0	0	0	129	0	0	0	0	0	0	0	0	0	
1.29971e+06	0	0	0	0	0	0	113	0	0	0	0	0	0	0	0	0	
1.30046e+06	0	0	0	0	0	125	0	0	0	0	0	0	0	0	0	0	
1.30121e+06	0	0	0	0	0	131	0	0	0	0	0	0	0	0	0	0	
1.30196e+06	0	0	0	0	0	119	0	0	0	0	0	0	0	0	0	0	
1.30272e+06	0	0	0	0	0	129	0	0	0	0	0	0	0	0	0	0	
1.30347e+06	0	0	0	0	0	147	0	0	0	0	0	0	0	0	0	0	
1.30422e+06	0	0	0	0	0	139	0	0	0	0	0	0	0	0	0	0	
1.30497e+06	0	0	0	0	0	137	0	0	0	0	0	0	0	0	0	0	
1.30572e+06	0	0	0	0	0	143	0	0	0	0	0	0	0	0	0	0	
1.30647e+06	0	0	0	0	0	145	0	0	0	0	0	0	0	0	0	0	
1.30722e+06	0	0	0	0	0	153	0	0	0	0	0	0	0	0	0	0	
1.30797e+06	0	0	0	0	0	139	0	0	0	0	0	0	0	0	0	0	
1.30872e+06	0	0	0	0	0	121	0	0	0	0	0	0	0	0	0	0	
1.30947e+06	0	0	0	0	0	0	123	0	0	0	0	0	0	0	0	0	
1.31022e+06	0	0	0	0	0	0	109	0	0	0	0	0	0	0	0	0	
1.31097e+06	0	0	0	0	0	0	113	0	0	0	0	0	0	0	0	0	
1.31172e+06	0	0	0	0	0	0	119	0	0	0	0	0	0	0	0	0	
1.31247e+06	0	0	0	0	0	0	113	0	0	0	0	0	0	0	0	0	
1.31321e+06	0	0	0	0	0	0	101	0	0	0	0	0	0	0	0	0	
1.31396e+06	0	0	0	0	0	0	121	0	0	0	0	0	0	0	0	0	
1.31472e+06	0	0	0	0	0	0	109	0	0	0	0	0	0	0	0	0	
1.31547e+06	0	0	0	0	0	0	103	0	0	0	0	0	0	0	0	0	
1.31622e+06	0	0	0	0	0	0	103	0	0	0	0	0	0	0	0	0	
1.31696e+06	0	0	0	0	0	0	117	0	0	0	0	0	0	0	0	0	
1.31771e+06	0	0	0	0	0	0	137	0	0	0	0	0	0	0	0	0	
1.31846e+06	0	0	0	0	0	0	101	0	0	0	0	0	0	0	0	0	
1.31921e+06	0	0	0	0	0	16	90	13	0	0	0	0	0	0	0	0	
1.31996e+06	0	0	0	0	0	0	119	0	0	0	0	0	0	0	0	0	
1.32071e+06	0	0	0	0	0	0	127	0	0	0	0	0	0	0	0	0	
1.32146e+06	0	0	0	0	0	0	123	0	0	0	0	0	0	0	0	0	
1.32221e+06	0	0	0	0	0	0	133	0	0	0	0	0	0	0	0	0	
1.32296e+06	0	0	0	0	0	0	125	0	0	0	0	0	0	0	0	0	
1.32371e+06	0	0	0	0	0	0	109	0	0	0	0	0	0	0	0	0	
1.32446e+06	0	0	0	0	0	0	119	0	0	0	0	0	0	0	0	0	
1.32521e+06	0	0	0	0	0	0	105	0	0	0	0	0	0	0	0	0	
1.32596e+06	0	0	0	0	0	0	123	0	0	0	0	0	0	0	0	0	
1.32671e+06	0	0	0	0	0	0	119	0	0	0	0	0	0	0	0	0	
1.32746e+06	0	0	0	0	0	0	131	0	0	0	0	0	0	0	0	0	
1.32821e+06	0	0	0	0	0	143	0	0	0	0	0	0	0	0	0	0	
1.32896e+06	0	0	0	0	0	141	0	0	0	0	0	0	0	0	0	0	
1.32971e+06	0	0	0	0	0	133	0	0	0	0	0	0	0	0	0	0	
1.33046e+06	0	0	0	0	0	111	0	0	0	0	0	0	0	0	0	0	
1.33121e+06	0	0	0	0	0	145	0	0	0	0	0	0	0	0	0	0	
1.33195e+06	0	0	0	0	0	151	0	0	0	0	0	0	0	0	0	0	
1.3327e+06	0	0	0	0	0	159	0	0	0	0	0	0	0	0	0	0	
1.33345e+06	0	0	0	0	0	131	0	0	0	0	0	0	0	0	0	0	
1.3342e+06	0	0	0	0	0	129	0	0	0	0	0	0	0	0	0	0	
1.33495e+06	0	0	0	0	0	123	0	0	0	0	0	0	0	0	0	0	
1.3357e+06	0	0	0	0	0	119	0	0	0	0	0	0	0	0	0	0	
1.33645e+06	0	0	0	0	0	149	0	0	0	0	0	0	0	0	0	0	
1.3372e+06	0	0	0	0	0	137	0	0	0	0	0	0	0	0	0	0	
1.33795e+06	0	0	0	0	157	0	0	0	0	0	0	0	0	0	0	0	
1.3387e+06	0	0	0	0	137	0	0	0	0	0	0	0	0	0	0	0	
1.33945e+06	0	0	0	0	155	0	0	0	0	0	0	0	0	0	0	0	
1.3402e+06	0	0	0	0	151	0	0	0	0	0	0	0	0	0	0	0	
1.34095e+06	0	0	0	0	149	0	0	0	0	0	0	0	0	0	0	0	
1.3417e+06	0	0	0	0	147	0	0	0	0	0	0	0	0	0	0	0	
1.34245e+06	0	0	0	0	159	0	0	0	0	0	0	0	0	0	0	0	
1.3432e+06	0	0	0	0	169	0	0	0	0	0	0	0	0	0	0	0	
1.34395e+06	0	0	0	0	163	0	0	0	0	0	0	0	0	0	0	0	
1.3447e+06	0	0	0	0	179	0	0	0	0	0	0	0	0	0	0	0	
1.34545e+06	0	0	0	0	183	0	0	0	0	0	0	0	0	0	0	0	
1.3462e+06	0	0	0	0	161	0	0	0	0	0	0	0	0	0	0	0	
1.34695e+06	0	0	0	0	167	0	0	0	0	0	0	0	0	0	0	0	
1.3477e+06	0	0	0	0	157	0	0	0	0	0	0	0	0	0	0	0	
1.34845e+06	0	0	0	0	165	0	0	0	0	0	0	0	0	0	0	0	
1.3492e+06	0	0	0	0	163	0	0	0	0	0	0	0	0	0	0	0	
1.34995e+06	0	0	0	0	167	0	0	0	0	0	0	0	0	0	0	0	
1.3507e+06	0	0	0	0	179	0	0	0	0	0	0	0	0	0	0	0	
1.35145e+06	0	0	0	0	147	0	0	0	0	0	0	0	0	0	0	0	
1.3522e+06	0	0	0	0	141	0	0	0	0	0	0	0	0	0	0	0	
1.35295e+06	0	0	0	0	167	0	0	0	0	0	0	0	0	0	0	0	
1.3537e+06	0	0	0	0	149	0	0	0	0	0	0	0	0	0	0	0	
1.35445e+06	0	0	0	0	165	0	0	0	0	0	0	0	0	0	0	0	
1.35519e+06	0	0	0	0	143	0	0	0	0	0	0	0	0	0	0	0	
1.35594e+06	0	0	0	0	149	0	0	0	0	0	0	0	0	0	0	0	
1.3567e+06	0	0	0	0	147	0	0	0	0	0	0	0	0	0	0	0	
1.35745e+06	0	0	0	0	165	0	0	0	0	0	0	0	0	0	0	0	
1.3582e+06	0	0	0	0	151	0	0	0	0	0	0	0	0	0	0	0	
1.35895e+06	0	0	0	0	167	0	0	0	0	0	0	0	0	0	0	0	
1.3597e+06	0	0	0	0	129	0	0	0	0	0	0	0	0	0	0	0	
1.36045e+06	0	0	0	0	165	0	0	0	0	0	0	0	0	0	0	0	
1.36119e+06	0	0	0	0	151	0	0	0	0	0	0	0	0	0	0	0	
1.36194e+06	0	0	0	0	157	0	0	0	0	0	0	0	0	0	0	0	
1.36269e+06	0	0	0	0	135	0	0	0	0	0	0	0	0	0	0	0	
1.36344e+06	0	0	0	0	153	0	0	0	0	0	0	0	0	0	0	0	
1.36419e+06	0	0	0	0	143	0	0	0	0	0	0	0	0	0	0	0	
1.36494e+06	0	0	0	0	149	0	0	0	0	0	0	0	0	0	0	0	
1.36569e+06	0	0	0	0	169	0	0	0	0	0	0	0	0	0	0	0	
1.36644e+06	0	0	0	0	173	0	0	0	0	0	0	0	0	0	0	0	
1.36719e+06	0	0	0	0	149	0	0	0	0	0	0	0	0	0	0	0	
1.36794e+06	0	0	0	0	175	0	0	0	0	0	0	0	0	0	0	0	
1.36869e+06	0	0	0	0	155	0	0	0	0	0	0	0	0	0	0	0	
1.36944e+06	0	0	0	0	149	0	0	0	0	0	0	0	0	0	0	0	
1.37019e+06	0	0	0	0	141	0	0	0	0	0	0	0	0	0	0	0	
1.37094e+06	0	0	0	0	161	0	0	0	0	0	0	0	0	0	0	0	
1.37169e+06	0	0	0	0	143	0	0	0	0	0	0	0	0	0	0	0	
1.37244e+06	0	0	0	0	165	0	0	0	0	0	0	0	0	0	0	0	
1.37319e+06	0	0	0	0	163	0	0	0	0	0	0	0	0	0	0	0	
1.37394e+06	0	0	0	0	169	0	0	0	0	0	0	0	0	0	0	0	
1.3747e+06	0	0	0	0	163	0	0	0	0	0	0	0	0	0	0	0	
1.37545e+06	0	0	0	0	155	0	0	0	0	0	0	0	0	0	0	0	
1.3762e+06	0	0	0	0	161	0	0	0	0	0	0	0	0	0	0	0	
1.37694e+06	0	0	0	0	139	0	0	0	0	0	0	0	0	0	0	0	
1.3777e+06	0	0	0	0	165	0	0	0	0	0	0	0	0	0	0	0	
1.37845e+06	0	0	0	0	171	0	0	0	0	0	0	0	0	0	0	0	
1.3792e+06	0	0	0	0	147	0	0	0	0	0	0	0	0	0	0	0	
1.37994e+06	0	0	0	0	165	0	0	0	0	0	0	0	0	0	0	0	
1.3807e+06	0	0	0	0	141	0	0	0	0	0	0	0	0	0	0	0	
1.38145e+06	0	0	0	0	163	0	0	0	0	0	0	0	0	0	0	0	
1.3822e+06	0	0	0	0	161	0	0	0	0	0	0	0	0	0	0	0	
1.38294e+06	0	0	0	0	153	0	0	0	0	0	0	0	0	0	0	0	
1.3837e+06	0	0	0	0	163	0	0	0	0	0	0	0	0	0	0	0	
1.38445e+06	0	0	0	0	171	0	0	0	0	0	0	0	0	0	0	0	
1.3852e+06	0	0	0	0	165	0	0	0	0	0	0	0	0	0	0	0	
1.38595e+06	0	0	0	0	171	0	0	0	0	0	0	0	0	0	0	0	
1.3867e+06	0	0	0	0	151	0	0	0	0	0	0	0	0	0	0	0	
1.38744e+06	0	0	0	0	151	0	0	0	0	0	0	0	0	0	0	0	
1.3882e+06	0	0	0	0	169	0	0	0	0	0	0	0	0	0	0	0	
1.38894e+06	0	0	0	0	163	0	0	0	0	0	0	0	0	0	0	0	
1.38969e+06	0	0	0	0	155	0	0	0	0	0	0	0	0	0	0	0	
1.39044e+06	0	0	0	0	137	0	0	0	0	0	0	0	0	0	0	0	
1.39119e+06	0	0	0	0	183	0	0	0	0	0	0	0	0	0	0	0	
1.39194e+06	0	0	0	0	169	0	0	0	0	0	0	0	0	0	0	0	
1.39269e+06	0	0	0	0	137	0	0	0	0	0	0	0	0	0	0	0	
1.39345e+06	0	0	0	0	177	0	0	0	0	0	0	0	0	0	0	0	
1.3942e+06	0	0	0	0	165	0	0	0	0	0	0	0	0	0	0	0	
1.39495e+06	0	0	0	0	149	0	0	0	0	0	0	0	0	0	0	0	
1.3957e+06	0	0	0	0	181	0	0	0	0	0	0	0	0	0	0	0	
1.39645e+06	0	0	0	0	171	0	0	0	0	0	0	0	0	0	0	0	
1.3972e+06	0	0	0	0	171	0	0	0	0	0	0	0	0	0	0	0	
1.39795e+06	0	0	0	0	177	0	0	0	0	0	0	0	0	0	0	0	
1.39869e+06	0	0	0	0	159	0	0	0	0	0	0	0	0	0	0	0	
1.39944e+06	0	0	0	0	177	0	0	0	0	0	0	0	0	0	0	0	
1.40019e+06	0	0	0	0	155	0	0	0	0	0	0	0	0	0	0	0	
1.40094e+06	0	0	0	0	149	0	0	0	0	0	0	0	0	0	0	0	
1.40169e+06	0	0	0	0	151	0	0	0	0	0	0	0	0	0	0	0	
1.40244e+06	0	0	0	0	183	0	0	0	0	0	0	0	0	0	0	0	
1.40319e+06	0	0	0	0	185	0	0	0	0	0	0	0	0	0	0	0	
1.40394e+06	0	0	0	0	161	0	0	0	0	0	0	0	0	0	0	0	
1.40469e+06	0	0	0	0	167	0	0	0	0	0	0	0	0	0	0	0	
1.40544e+06	0	0	0	0	171	0	0	0	0	0	0	0	0	0	0	0	
1.40619e+06	0	0	0	0	153	0	0	0	0	0	0	0	0	0	0	0	
1.40694e+06	0	0	0	0	149	0	0	0	0	0	0	0	0	0	0	0	
1.40769e+06	0	0	0	18	149	0	0	0	0	0	0	0	0	0	0	0	
1.40844e+06	0	0	0	213	0	0	0	0	0	0	0	0	0	0	0	0	
1.40919e+06	0	0	0	209	0	0	0	0	0	0	0	0	0	0	0	0	
1.40994e+06	0	0	0	190	1	0	0	0	0	0	0	0	0	0	0	0	
1.41069e+06	0	0	0	209	0	0	0	0	0	0	0	0	0	0	0	0	
1.41144e+06	0	0	0	201	0	0	0	0	0	0	0	0	0	0	0	0	
1.41219e+06	0	0	0	211	0	0	0	0	0	0	0	0	0	0	0	0	
1.41294e+06	0	0	0	183	0	0	0	0	0	0	0	0	0	0	0	0	
1.41369e+06	0	0	0	195	0	0	0	0	0	0	0	0	0	0	0	0	
1.41444e+06	0	0	0	183	0	0	0	0	0	0	0	0	0	0	0	0	
1.41519e+06	0	0	0	195	0	0	0	0	0	0	0	0	0	0	0	0	
1.41594e+06	0	0	0	213	0	0	0	0	0	0	0	0	0	0	0	0	
1.41668e+06	0	0	0	211	0	0	0	0	0	0	0	0	0	0	0	0	
1.41743e+06	0	0	90	161	0	0	0	0	0	0	0	0	0	0	0	0	
1.41819e+06	0	0	0	227	0	0	0	0	0	0	0	0	0	0	0	0	
1.41893e+06	0	0	0	215	0	0	0	0	0	0	0	0	0	0	0	0	
1.41968e+06	0	0	1	186	0	0	0	0	0	0	0	0	0	0	0	0	
1.42043e+06	0	0	0	211	0	0	0	0	0	0	0	0	0	0	0	0	
1.42118e+06	0	0	0	209	0	0	0	0	0	0	0	0	0	0	0	0	
1.42193e+06	0	0	0	199	0	0	0	0	0	0	0	0	0	0	0	0	
1.42268e+06	0	0	0	189	0	0	0	0	0	0	0	0	0	0	0	0	
1.42343e+06	0	0	0	213	0	0	0	0	0	0	0	0	0	0	0	0	
1.42418e+06	0	0	0	209	0	0	0	0	0	0	0	0	0	0	0	0	
1.42493e+06	0	0	0	207	0	0	0	0	0	0	0	0	0	0	0	0	
1.42568e+06	0	0	0	201	0	0	0	0	0	0	0	0	0	0	0	0	
1.42643e+06	0	0	62	155	0	0	0	0	0	0	0	0	0	0	0	0	
1.42718e+06	0	0	241	0	0	0	0	0	0	0	0	0	0	0	0	0	
1.42793e+06	0	0	265	0	0	0	0	0	0	0	0	0	0	0	0	0	
1.42868e+06	0	0	245	0	0	0	0	0	0	0	0	0	0	0	0	0	
1.42943e+06	0	0	241	0	0	0	0	0	0	0	0	0	0	0	0	0	
1.43018e+06	0	0	231	0	0	0	0	0	0	0	0	0	0	0	0	0	
1.43093e+06	0	0	259	0	0	0	0	0	0	0	0	0	0	0	0	0	
1.43168e+06	0	0	309	0	0	0	0	0	0	0	0	0	0	0	0	0	
1.43244e+06	0	0	289	0	0	0	0	0	0	0	0	0	0	0	0	0	
1.43319e+06	0	0	261	0	0	0	0	0	0	0	0	0	0	0	0	0	
1.43394e+06	0	0	257	0	0	0	0	0	0	0	0	0	0	0	0	0	
1.43468e+06	0	0	247	0	0	0	0	0	0	0	0	0	0	0	0	0	
1.43543e+06	0	0	247	0	0	0	0	0	0	0	0	0	0	0	0	0	
1.43618e+06	0	0	265	0	0	0	0	0	0	0	0	0	0	0	0	0	
1.43693e+06	0	0	285	0	0	0	0	0	0	0	0	0	0	0	0	0	
1.43768e+06	0	0	285	0	0	0	0	0	0	0	0	0	0	0	0	0	
1.43843e+06	0	0	259	0	0	0	0	0	0	0	0	0	0	0	0	0	
1.43918e+06	0	0	263	0	0	0	0	0	0	0	0	0	0	0	0	0	
1.43993e+06	0	0	251	0	0	0	0	0	0	0	0	0	0	0	0	0	
1.44068e+06	0	0	273	0	0	0	0	0	0	0	0	0	0	0	0	0	
1.44143e+06	0	0	249	0	0	0	0	0	0	0	0	0	0	0	0	0	
1.44218e+06	0	4	259	0	0	0	0	0	0	0	0	0	0	0	0	0	
1.44293e+06	0	0	255	0	0	0	0	0	0	0	0	0	0	0	0	0	
1.44368e+06	0	0	269	0	0	0	0	0	0	0	0	0	0	0	0	0	
1.44443e+06	0	0	237	0	0	0	0	0	0	0	0	0	0	0	0	0	
1.44518e+06	0	0	255	0	0	0	0	0	0	0	0	0	0	0	0	0	
1.44593e+06	0	0	267	0	0	0	0	0	0	0	0	0	0	0	0	0	
1.44668e+06	0	0	261	0	0	0	0	0	0	0	0	0	0	0	0	0	
1.44743e+06	0	0	281	0	0	0	0	0	0	0	0	0	0	0	0	0	
1.44818e+06	0	0	267	0	0	0	0	0	0	0	0	0	0	0	0	0	
1.44893e+06	0	0	267	0	0	0	0	0	0	0	0	0	0	0	0	0	
1.44968e+06	0	0	265	0	0	0	0	0	0	0	0	0	0	0	0	0	
1.45043e+06	0	0	297	0	0	0	0	0	0	0	0	0	0	0	0	0	
1.45118e+06	0	1	264	0	0	0	0	0	0	0	0	0	0	0	0	0	
1.45193e+06	0	0	311	0	0	0	0	0	0	0	0	0	0	0	0	0	
1.45268e+06	0	0	251	0	0	0	0	0	0	0	0	0	0	0	0	0	
1.45343e+06	0	0	253	0	0	0	0	0	0	0	0	0	0	0	0	0	
1.45419e+06	0	0	241	0	0	0	0	0	0	0	0	0	0	0	0	0	
1.45494e+06	0	0	235	0	0	0	0	0	0	0	0	0	0	0	0	0	
1.45569e+06	0	0	267	0	0	0	0	0	0	0	0	0	0	0	0	0	
1.45644e+06	0	0	251	0	0	0	0	0	0	0	0	0	0	0	0	0	
1.45719e+06	0	2	259	0	0	0	0	0	0	0	0	0	0	0	0	0	
1.45794e+06	0	0	257	0	0	0	0	0	0	0	0	0	0	0	0	0	
1.45869e+06	0	0	267	0	0	0	0	0	0	0	0	0	0	0	0	0	
1.45944e+06	0	0	277	0	0	0	0	0	0	0	0	0	0	0	0	0	
1.46019e+06	0	0	255	0	0	0	0	0	0	0	0	0	0	0	0	0	
1.46094e+06	0	0	309	0	0	0	0	0	0	0	0	0	0	0	0	0	
1.4617e+06	0	0	281	0	0	0	0	0	0	0	0	0	0	0	0	0	
1.46245e+06	0	0	279	0	0	0	0	0	0	0	0	0	0	0	0	0	
1.46319e+06	0	0	269	0	0	0	0	0	0	0	0	0	0	0	0	0	
1.46394e+06	0	0	271	0	0	0	0	0	0	0	0	0	0	0	0	0	
1.46469e+06	0	0	253	0	0	0	0	0	0	0	0	0	0	0	0	0	
1.46545e+06	0	0	237	0	0	0	0	0	0	0	0	0	0	0	0	0	
1.4662e+06	0	0	275	0	0	0	0	0	0	0	0	0	0	0	0	0	
1.46694e+06	0	0	251	0	0	0	0	0	0	0	0	0	0	0	0	0	
1.4677e+06	0	0	255	0	0	0	0	0	0	0	0	0	0	0	0	0	
1.46844e+06	0	0	247	0	0	0	0	0	0	0	0	0	0	0	0	0	
1.46919e+06	0	0	247	0	0	0	0	0	0	0	0	0	0	0	0	0	
1.46994e+06	0	0	269	0	0	0	0	0	0	0	0	0	0	0	0	0	
1.47069e+06	0	0	267	0	0	0	0	0	0	0	0	0	0	0	0	0	
1.47144e+06	0	0	255	0	0	0	0	0	0	0	0	0	0	0	0	0	
1.47219e+06	0	0	253	0	0	0	0	0	0	0	0	0	0	0	0	0	
1.47294e+06	0	0	283	0	0	0	0	0	0	0	0	0	0	0	0	0	
1.47369e+06	0	0	261	0	0	0	0	0	0	0	0	0	0	0	0	0	
1.47444e+06	0	0	237	0	0	0	0	0	0	0	0	0	0	0	0	0	
1.47519e+06	0	0	265	0	0	0	0	0	0	0	0	0	0	0	0	0	
1.47594e+06	0	0	251	0	0	0	0	0	0	0	0	0	0	0	0	0	
1.47669e+06	0	0	273	0	0	0	0	0	0	0	0	0	0	0	0	0	
1.47744e+06	0	0	235	0	0	0	0	0	0	0	0	0	0	0	0	0	
1.47819e+06	0	0	291	0	0	0	0	0	0	0	0	0	0	0	0	0	
1.47894e+06	0	0	295	2	0	0	0	0	0	0	0	0	0	0	0	0	
1.47969e+06	0	0	275	0	0	0	0	0	0	0	0	0	0	0	0	0	
1.48044e+06	0	0	267	0	0	0	0	0	0	0	0	0	0	0	0	0	
1.48119e+06	0	0	261	0	0	0	0	0	0	0	0	0	0	0	0	0	
1.48194e+06	0	3	260	0	0	0	0	0	0	0	0	0	0	0	0	0	
1.48269e+06	0	0	249	0	0	0	0	0	0	0	0	0	0	0	0	0	
1.48345e+06	0	0	269	0	0	0	0	0	0	0	0	0	0	0	0	0	
1.4842e+06	0	0	247	10	0	0	0	0	0	0	0	0	0	0	0	0	
1.48495e+06	0	0	265	0	0	0	0	0	0	0	0	0	0	0	0	0	
1.4857e+06	0	0	232	17	0	0	0	0	0	0	0	0	0	0	0	0	
1.48645e+06	0	0	263	0	0	0	0	0	0	0	0	0	0	0	0	0	
1.4872e+06	0	0	261	0	0	0	0	0	0	0	0	0	0	0	0	0	
1.48795e+06	0	0	269	0	0	0	0	0	0	0	0	0	0	0	0	0	
1.4887e+06	0	0	309	0	0	0	0	0	0	0	0	0	0	0	0	0	
1.48945e+06	0	0	289	0	0	0	0	0	0	0	0	0	0	0	0	0	
1.4902e+06	0	0	251	0	0	0	0	0	0	0	0	0	0	0	0	0	
1.49094e+06	0	0	245	0	0	0	0	0	0	0	0	0	0	0	0	0	
1.4917e+06	0	0	247	0	0	0	0	0	0	0	0	0	0	0	0	0	
1.49245e+06	0	0	243	0	0	0	0	0	0	0	0	0	0	0	0	0	
1.4932e+06	0	16	251	0	0	0	0	0	0	0	0	0	0	0	0	0	
1.49395e+06	0	0	255	0	0	0	0	0	0	0	0	0	0	0	0	0	
1.4947e+06	0	0	269	0	0	0	0	0	0	0	0	0	0	0	0	0	
1.49545e+06	0	0	291	0	0	0	0	0	0	0	0	0	0	0	0	0	
1.4962e+06	0	0	237	0	0	0	0	0	0	0	0	0	0	0	0	0	
1.49695e+06	0	1	266	0	0	0	0	0	0	0	0	0	0	0	0	0	
1.4977e+06	0	0	253	0	0	0	0	0	0	0	0	0	0	0	0	0	
1.49846e+06	0	0	249	0	0	0	0	0	0	0	0	0	0	0	0	0	
1.49921e+06	0	0	301	0	0	0	0	0	0	0	0	0	0	0	0	0	
1.49996e+06	0	0	253	0	0	0	0	0	0	0	0	0	0	0	0	0	
1.49996e+06	0	0	253	0	0	0	0	0	0	0	0	0	0	0	0	0	
