Time	s0	s1	s2	s3	s4	s5	s6	s7	s8	s9	s10	s11	s12	s13	s14	s15	
0	0	0	0	0	0	0	0	0	0	0	0	0	0	0	0	200	
4.80763e-05	0	0	0	0	0	0	0	0	0	0	0	0	0	0	0	199	
750.473	0	0	0	0	0	0	0	0	0	0	0	0	0	0	0	45	
1503.72	0	0	0	0	0	0	0	0	0	0	0	0	0	0	0	51	
2252.51	0	0	0	0	0	0	0	0	0	0	0	0	0	0	0	51	
3005.03	0	0	0	0	0	0	0	0	0	0	0	0	0	0	0	49	
3757.55	0	0	0	0	0	0	0	0	0	0	0	0	0	0	0	55	
4506.88	0	0	0	0	0	0	0	0	0	0	0	0	0	0	0	47	
5255.47	0	0	0	0	0	0	0	0	0	0	0	0	0	0	0	55	
6001.76	0	0	0	0	0	0	0	0	0	0	0	0	0	0	0	59	
6747.22	0	0	0	0	0	0	0	0	0	0	0	0	0	0	51	0	
7499.85	0	0	0	0	0	0	0	0	0	0	0	0	0	0	49	0	
8248.69	0	0	0	0	0	0	0	0	0	0	0	0	0	0	53	0	
9001.81	0	0	0	0	0	0	0	0	0	0	0	0	0	0	49	0	
9751.38	0	0	0	0	0	0	0	0	0	0	0	0	0	0	59	0	
10501.9	0	0	0	0	0	0	0	0	0	0	0	0	0	0	49	0	
11254.6	0	0	0	0	0	0	0	0	0	0	0	0	0	0	55	0	
12007.3	0	0	0	0	0	0	0	0	0	0	0	0	0	0	49	0	
12759.2	0	0	0	0	0	0	0	0	0	0	0	0	0	0	51	0	
13512.9	0	0	0	0	0	0	0	0	0	0	0	0	0	0	47	0	
14263.2	0	0	0	0	0	0	0	0	0	0	0	0	0	0	49	0	
15012.4	0	0	0	0	0	0	0	0	0	0	0	0	0	0	53	0	
15761.6	0	0	0	0	0	0	0	0	0	0	0	0	0	0	41	0	
16512.1	0	0	0	0	0	0	0	0	0	0	0	0	0	0	57	0	
17263.3	0	0	0	0	0	0	0	0	0	0	0	0	0	0	49	0	
18011.2	0	0	0	0	0	0	0	0	0	0	0	0	0	0	65	0	
18761.4	0	0	0	0	0	0	0	0	0	0	0	0	0	57	0	0	
19509.9	0	0	0	0	0	0	0	0	0	0	0	0	0	65	0	0	
20264	0	0	0	0	0	0	0	0	0	0	0	0	0	55	0	0	
21015.4	0	0	0	0	0	0	0	0	0	0	0	0	0	53	0	0	
21766.5	0	0	0	0	0	0	0	0	0	0	0	0	0	65	0	0	
22517.1	0	0	0	0	0	0	0	0	0	0	0	0	0	65	0	0	
23269.2	0	0	0	0	0	0	0	0	0	0	0	0	0	55	0	0	
24020.9	0	0	0	0	0	0	0	0	0	0	0	0	0	49	0	0	
24769.8	0	0	0	0	0	0	0	0	0	0	0	0	0	63	0	0	
25519.7	0	0	0	0	0	0	0	0	0	0	0	0	0	71	0	0	
26270.4	0	0	0	0	0	0	0	0	0	0	0	0	0	51	0	0	
27024.1	0	0	0	0	0	0	0	0	0	0	0	0	0	49	0	0	
27775.9	0	0	0	0	0	0	0	0	0	0	0	0	0	55	0	0	
28527.3	0	0	0	0	0	0	0	0	0	0	0	0	0	71	0	0	
29276.3	0	0	0	0	0	0	0	0	0	0	0	0	0	65	0	0	
30022.2	0	0	0	0	0	0	0	0	0	0	0	0	0	63	0	0	
30773.1	0	0	0	0	0	0	0	0	0	0	0	0	0	55	0	0	
31523.5	0	0	0	0	0	0	0	0	0	0	0	0	0	53	0	0	
32274.8	0	0	0	0	0	0	0	0	0	0	0	0	0	45	0	0	
33025.5	0	0	0	0	0	0	0	0	0	0	0	0	0	63	0	0	
33775.6	0	0	0	0	0	0	0	0	0	0	0	0	0	57	0	0	
34525.6	0	0	0	0	0	0	0	0	0	0	0	0	0	53	0	0	
35277.2	0	0	0	0	0	0	0	0	0	0	0	0	0	59	0	0	
36027.8	0	0	0	0	0	0	0	0	0	0	0	0	0	51	0	0	
36779	0	0	0	0	0	0	0	0	0	0	0	0	0	53	0	0	
37525.2	0	0	0	0	0	0	0	0	0	0	0	0	0	63	0	0	
38270.3	0	0	0	0	0	0	0	0	0	0	0	0	0	0	69	0	
39021.2	0	0	0	0	0	0	0	0	0	0	0	0	0	0	59	0	
39771.1	0	0	0	0	0	0	0	0	0	0	0	0	0	0	61	0	
40520.1	0	0	0	0	0	0	0	0	0	0	0	0	0	0	69	0	
41271.9	0	0	0	0	0	0	0	0	0	0	0	0	0	0	55	0	
42018.5	0	0	0	0	0	0	0	0	0	0	0	0	0	0	53	0	
42768.1	0	0	0	0	0	0	0	0	0	0	0	0	0	0	57	0	
43516.4	0	0	0	0	0	0	0	0	0	0	0	0	0	0	45	0	
44265.8	0	0	0	0	0	0	0	0	0	0	0	0	0	0	43	0	
45016.8	0	0	0	0	0	0	0	0	0	0	0	0	0	0	39	0	
45763.5	0	0	0	0	0	0	0	0	0	0	0	0	0	0	43	0	
46512.5	0	0	0	0	0	0	0	0	0	0	0	0	0	0	45	0	
47264.7	0	0	0	0	0	0	0	0	0	0	0	0	0	0	53	0	
48013	0	0	0	0	0	0	0	0	0	0	0	0	0	0	49	0	
48763.8	0	0	0	0	0	0	0	0	0	0	0	0	0	0	45	0	
49516.5	0	0	0	0	0	0	0	0	0	0	0	0	0	0	47	0	
50264.2	0	0	0	0	0	0	0	0	0	0	0	0	0	0	61	0	
51014.1	0	0	0	0	0	0	0	0	0	0	0	0	0	0	51	0	
51766.9	0	0	0	0	0	0	0	0	0	0	0	0	0	0	0	53	
52518.5	0	0	0	0	0	0	0	0	0	0	0	0	0	0	0	45	
53270.8	0	0	0	0	0	0	0	0	0	0	0	0	0	0	0	55	
54019.8	0	0	0	0	0	0	0	0	0	0	0	0	0	0	0	41	
54768.1	0	0	0	0	0	0	0	0	0	0	0	0	0	0	0	69	
55519.5	0	0	0	0	0	0	0	0	0	0	0	0	0	0	0	57	
56271.8	0	0	0	0	0	0	0	0	0	0	0	0	0	0	0	45	
57021.6	0	0	0	0	0	0	0	0	0	0	0	0	0	0	0	47	
57771.4	0	0	0	0	0	0	0	0	0	0	0	0	0	0	0	57	
58522.3	0	0	0	0	0	0	0	0	0	0	0	0	0	0	0	57	
59269.1	0	0	0	0	0	0	0	0	0	0	0	0	0	0	0	47	
60018.8	0	0	0	0	0	0	0	0	0	0	0	0	0	0	0	51	
60766	0	0	0	0	0	0	0	0	0	0	0	0	0	0	0	53	
61514.6	0	0	0	0	0	0	0	0	0	0	0	0	0	0	0	45	
62266.1	0	0	0	0	0	0	0	0	0	0	0	0	0	0	0	53	
63013.6	0	0	0	0	0	0	0	0	0	0	0	0	0	0	0	55	
63762.3	0	0	0	0	0	0	0	0	0	0	0	0	0	0	0	49	
64508.5	0	0	0	0	0	0	0	0	0	0	0	0	0	0	0	47	
65256	0	0	0	0	0	0	0	0	0	0	0	0	0	0	0	63	
66001.5	0	0	0	0	0	0	0	0	0	0	0	0	0	0	0	57	
66753.6	0	0	0	0	0	0	0	0	0	0	0	0	0	0	0	39	
67506.5	0	0	0	0	0	0	0	0	0	0	0	0	0	0	0	47	
68256.1	0	0	0	0	0	0	0	0	0	0	0	0	0	0	0	61	
69008.3	0	0	0	0	0	0	0	0	0	0	0	0	0	0	0	43	
69758.2	0	0	0	0	0	0	0	0	0	0	0	0	0	0	0	49	
70506.9	0	0	0	0	0	0	0	0	0	0	0	0	0	0	0	47	
71255.9	0	0	0	0	0	0	0	0	0	0	0	0	0	0	0	45	
72005.4	0	0	0	0	0	0	0	0	0	0	0	0	0	0	1	48	
72757.2	0	0	0	0	0	0	0	0	0	0	0	0	0	0	0	61	
73504.2	0	0	0	0	0	0	0	0	0	0	0	0	0	0	0	65	
74254.4	0	0	0	0	0	0	0	0	0	0	0	0	0	0	0	55	
75003.6	0	0	0	0	0	0	0	0	0	0	0	0	0	0	0	57	
75752.6	0	0	0	0	0	0	0	0	0	0	0	0	0	0	0	55	
76502.2	0	0	0	0	0	0	0	0	0	0	0	0	0	0	0	41	
77252.5	0	0	0	0	0	0	0	0	0	0	0	0	0	0	0	59	
78002.1	0	0	0	0	0	0	0	0	0	0	0	0	0	0	0	53	
78753.5	0	0	0	0	0	0	0	0	0	0	0	0	0	0	0	59	
79502	0	0	0	0	0	0	0	0	0	0	0	0	0	0	0	53	
80251.8	0	0	0	0	0	0	0	0	0	0	0	0	0	0	0	39	
81000.1	0	0	0	0	0	0	0	0	0	0	0	0	0	0	0	39	
81748.5	0	0	0	0	0	0	0	0	0	0	0	0	0	0	0	47	
82499.6	0	0	0	0	0	0	0	0	0	0	0	0	0	0	0	47	
83250.8	0	0	0	0	0	0	0	0	0	0	0	0	0	0	0	39	
84002.3	0	0	0	0	0	0	0	0	0	0	0	0	0	0	0	55	
84748	0	0	0	0	0	0	0	0	0	0	0	0	0	0	0	45	
85496.6	0	0	0	0	0	0	0	0	0	0	0	0	0	0	0	41	
86241.7	0	0	0	0	0	0	0	0	0	0	0	0	0	0	0	53	
86993	0	0	0	0	0	0	0	0	0	0	0	0	0	0	0	49	
87743.7	0	0	0	0	0	0	0	0	0	0	0	0	0	0	0	47	
88490.4	0	0	0	0	0	0	0	0	0	0	0	0	0	0	0	55	
89241.2	0	0	0	0	0	0	0	0	0	0	0	0	0	0	0	59	
89994	0	0	0	0	0	0	0	0	0	0	0	0	0	0	0	35	
90742.7	0	0	0	0	0	0	0	0	0	0	0	0	0	0	0	43	
91490.9	0	0	0	0	0	0	0	0	0	0	0	0	0	0	0	53	
92241.4	0	0	0	0	0	0	0	0	0	0	0	0	0	0	0	45	
92993.2	0	0	0	0	0	0	0	0	0	0	0	0	0	0	0	47	
93742.7	0	0	0	0	0	0	0	0	0	0	0	0	0	0	0	33	
94492	0	0	0	0	0	0	0	0	0	0	0	0	0	0	0	47	
95242.9	0	0	0	0	0	0	0	0	0	0	0	0	0	0	0	43	
95990.4	0	0	0	0	0	0	0	0	0	0	0	0	0	0	0	51	
96741.7	0	0	0	0	0	0	0	0	0	0	0	0	0	0	0	63	
97490.9	0	0	0	0	0	0	0	0	0	0	0	0	0	0	0	43	
98239.6	0	0	0	0	0	0	0	0	0	0	0	0	0	0	0	53	
98991.1	0	0	0	0	0	0	0	0	0	0	0	0	0	0	0	43	
99740.5	0	0	0	0	0	0	0	0	0	0	0	0	0	0	0	45	
100492	0	0	0	0	0	0	0	0	0	0	0	0	0	0	0	49	
101244	0	0	0	0	0	0	0	0	0	0	0	0	0	0	0	59	
101993	0	0	0	0	0	0	0	0	0	0	0	0	0	0	0	53	
102741	0	0	0	0	0	0	0	0	0	0	0	0	0	0	0	53	
103492	0	0	0	0	0	0	0	0	0	0	0	0	0	0	0	55	
104239	0	0	0	0	0	0	0	0	0	0	0	0	0	0	0	51	
104990	0	0	0	0	0	0	0	0	0	0	0	0	0	0	0	47	
105740	0	0	0	0	0	0	0	0	0	0	0	0	0	0	0	39	
106491	0	0	0	0	0	0	0	0	0	0	0	0	0	0	0	55	
107243	0	0	0	0	0	0	0	0	0	0	0	0	0	0	0	47	
107994	0	0	0	0	0	0	0	0	0	0	0	0	0	0	0	55	
108744	0	0	0	0	0	0	0	0	0	0	0	0	0	0	0	45	
109493	0	0	0	0	0	0	0	0	0	0	0	0	0	0	0	51	
110242	0	0	0	0	0	0	0	0	0	0	0	0	0	0	0	63	
110991	0	0	0	0	0	0	0	0	0	0	0	0	0	0	0	39	
111745	0	0	0	0	0	0	0	0	0	0	0	0	0	0	0	55	
112496	0	0	0	0	0	0	0	0	0	0	0	0	0	0	6	51	
113247	0	0	0	0	0	0	0	0	0	0	0	0	0	0	0	35	
114000	0	0	0	0	0	0	0	0	0	0	0	0	0	0	0	51	
114750	0	0	0	0	0	0	0	0	0	0	0	0	0	0	0	41	
115501	0	0	0	0	0	0	0	0	0	0	0	0	0	0	0	47	
116249	0	0	0	0	0	0	0	0	0	0	0	0	0	0	0	45	
116998	0	0	0	0	0	0	0	0	0	0	0	0	0	0	0	47	
117751	0	0	0	0	0	0	0	0	0	0	0	0	0	0	0	47	
118503	0	0	0	0	0	0	0	0	0	0	0	0	0	0	0	53	
119252	0	0	0	0	0	0	0	0	0	0	0	0	0	0	0	51	
120001	0	0	0	0	0	0	0	0	0	0	0	0	0	0	0	49	
120751	0	0	0	0	0	0	0	0	0	0	0	0	0	0	0	51	
121505	0	0	0	0	0	0	0	0	0	0	0	0	0	0	37	0	
122256	0	0	0	0	0	0	0	0	0	0	0	0	0	0	45	0	
123004	0	0	0	0	0	0	0	0	0	0	0	0	0	0	57	0	
123754	0	0	0	0	0	0	0	0	0	0	0	0	0	58	1	0	
124507	0	0	0	0	0	0	0	0	0	0	0	0	73	0	0	0	
125260	0	0	0	0	0	0	0	0	0	0	0	0	75	0	0	0	
126011	0	0	0	0	0	0	0	0	0	0	0	0	59	0	0	0	
126764	0	0	0	0	0	0	0	0	0	0	0	0	51	0	0	0	
127514	0	0	0	0	0	0	0	0	0	0	0	0	55	0	0	0	
128260	0	0	0	0	0	0	0	0	0	0	0	0	53	0	0	0	
129014	0	0	0	0	0	0	0	0	0	0	0	0	55	0	0	0	
129761	0	0	0	0	0	0	0	0	0	0	0	0	53	0	0	0	
130512	0	0	0	0	0	0	0	0	0	0	0	0	61	0	0	0	
131263	0	0	0	0	0	0	0	0	0	0	0	0	63	0	0	0	
132013	0	0	0	0	0	0	0	0	0	0	0	0	67	0	0	0	
132763	0	0	0	0	0	0	0	0	0	0	87	0	0	0	0	0	
133512	0	0	0	0	0	0	0	0	0	0	65	0	0	0	0	0	
134261	0	0	0	0	0	0	0	0	0	0	75	0	0	0	0	0	
135011	0	0	0	0	0	0	0	0	0	0	81	0	0	0	0	0	
135760	0	0	0	0	0	0	0	0	0	0	67	0	0	0	0	0	
136512	0	0	0	0	0	0	0	0	0	0	55	0	0	0	0	0	
137262	0	0	0	0	0	0	0	0	0	0	69	0	0	0	0	0	
138011	0	0	0	0	0	0	0	0	0	0	81	0	0	0	0	0	
138759	0	0	0	0	0	0	0	0	0	0	71	0	0	0	0	0	
139509	0	0	0	0	0	0	0	0	0	0	77	0	0	0	0	0	
140261	0	0	0	0	0	0	0	0	0	0	83	0	0	0	0	0	
141012	0	0	0	0	0	0	0	0	0	0	69	0	0	0	0	0	
141761	0	0	0	0	0	0	0	0	0	79	0	0	0	0	0	0	
142511	0	0	0	0	0	0	0	0	0	77	0	0	0	0	0	0	
143262	0	0	0	0	0	0	0	0	0	0	73	0	0	0	0	0	
144012	0	0	0	0	0	0	0	0	0	0	79	0	0	0	0	0	
144763	0	0	0	0	0	0	0	0	0	0	67	0	0	0	0	0	
145515	0	0	0	0	0	0	0	0	0	0	73	0	0	0	0	0	
146266	0	0	0	0	0	0	0	0	0	0	73	0	0	0	0	0	
147017	0	0	0	0	0	0	0	0	0	0	77	0	0	0	0	0	
147767	0	0	0	0	0	0	0	0	0	0	71	0	0	0	0	0	
148519	0	0	0	0	0	0	0	0	0	0	65	0	0	0	0	0	
149269	0	0	0	0	0	0	0	0	0	0	71	0	0	0	0	0	
150023	0	0	0	0	0	0	0	0	0	0	71	0	0	0	0	0	
150772	0	0	0	0	0	0	0	0	0	0	77	0	0	0	0	0	
151522	0	0	0	0	0	0	0	0	0	0	73	0	0	0	0	0	
152272	0	0	0	0	0	0	0	0	0	0	79	0	0	0	0	0	
153019	0	0	0	0	0	0	0	0	0	0	69	0	0	0	0	0	
153770	0	0	0	0	0	0	0	0	0	0	43	0	0	0	0	0	
154523	0	0	0	0	0	0	0	0	0	0	73	0	0	0	0	0	
155274	0	0	0	0	0	0	0	0	0	0	65	0	0	0	0	0	
156021	0	0	0	0	0	0	0	0	0	0	0	77	0	0	0	0	
156772	0	0	0	0	0	0	0	0	0	0	0	65	0	0	0	0	
157525	0	0	0	0	0	0	0	0	0	0	0	69	0	0	0	0	
158275	0	0	0	0	0	0	0	0	0	0	0	71	0	0	0	0	
159024	0	0	0	0	0	0	0	0	0	0	0	67	0	0	0	0	
159777	0	0	0	0	0	0	0	0	0	0	0	55	0	0	0	0	
160529	0	0	0	0	0	0	0	0	0	0	0	61	0	0	0	0	
161276	0	0	0	0	0	0	0	0	0	0	0	71	0	0	0	0	
162023	0	0	0	0	0	0	0	0	0	0	0	65	0	0	0	0	
162774	0	0	0	0	0	0	0	0	0	0	0	69	0	0	0	0	
163523	0	0	0	0	0	0	0	0	0	0	0	73	0	0	0	0	
164276	0	0	0	0	0	0	0	0	0	0	0	73	0	0	0	0	
165028	0	0	0	0	0	0	0	0	0	0	0	75	0	0	0	0	
165776	0	0	0	0	0	0	0	0	0	0	0	63	0	0	0	0	
166526	0	0	0	0	0	0	0	0	0	0	0	65	0	0	0	0	
167277	0	0	0	0	0	0	0	0	0	0	0	67	0	0	0	0	
168028	0	0	0	0	0	0	0	0	0	0	0	73	0	0	0	0	
168775	0	0	0	0	0	0	0	0	0	0	0	61	0	0	0	0	
169525	0	0	0	0	0	0	0	0	0	0	0	81	0	0	0	0	
170273	0	0	0	0	0	0	0	0	0	0	0	65	0	0	0	0	
171024	0	0	0	0	0	0	0	0	0	0	0	61	0	0	0	0	
171774	0	0	0	0	0	0	0	0	0	0	0	0	65	0	0	0	
172525	0	0	0	0	0	0	0	0	0	0	0	0	0	61	0	0	
173275	0	0	0	0	0	0	0	0	0	0	0	0	0	55	0	0	
174023	0	0	0	0	0	0	0	0	0	0	0	0	0	51	0	0	
174772	0	0	0	0	0	0	0	0	0	0	0	0	0	49	0	0	
175525	0	0	0	0	0	0	0	0	0	0	0	0	0	39	0	0	
176275	0	0	0	0	0	0	0	0	0	0	0	0	0	47	0	0	
177026	0	0	0	0	0	0	0	0	0	0	0	0	0	53	0	0	
177776	0	0	0	0	0	0	0	0	0	0	0	0	65	0	0	0	
178525	0	0	0	0	0	0	0	0	0	0	0	0	61	0	0	0	
179275	0	0	0	0	0	0	0	0	0	0	0	0	69	0	0	0	
180024	0	0	0	0	0	0	0	0	0	0	0	0	59	0	0	0	
180773	0	0	0	0	0	0	0	0	0	0	0	0	59	0	0	0	
181523	0	0	0	0	0	0	0	0	0	0	0	0	55	0	0	0	
182273	0	0	0	0	0	0	0	0	0	0	0	0	53	0	0	0	
183021	0	0	0	0	0	0	0	0	0	0	0	0	51	0	0	0	
183771	0	0	0	0	0	0	0	0	0	0	0	0	73	0	0	0	
184522	0	0	0	0	0	0	0	0	0	0	0	0	59	0	0	0	
185272	0	0	0	0	0	0	0	0	0	0	0	0	51	0	0	0	
186021	0	0	0	0	0	0	0	0	0	0	0	0	73	0	0	0	
186771	0	0	0	0	0	0	0	0	0	0	0	0	61	0	0	0	
187519	0	0	0	0	0	0	0	0	0	0	0	0	71	0	0	0	
188270	0	0	0	0	0	0	0	0	0	0	0	0	59	0	0	0	
189019	0	0	0	0	0	0	0	0	0	0	0	0	47	0	0	0	
189770	0	0	0	0	0	0	0	0	0	0	0	0	61	0	0	0	
190521	0	0	0	0	0	0	0	0	0	0	0	0	63	0	0	0	
191268	0	0	0	0	0	0	0	0	0	0	0	0	59	0	0	0	
192023	0	0	0	0	0	0	0	0	0	0	0	0	55	0	0	0	
192772	0	0	0	0	0	0	0	0	0	0	0	0	57	0	0	0	
193522	0	0	0	0	0	0	0	0	0	0	0	0	59	0	0	0	
194276	0	0	0	0	0	0	0	0	0	0	0	0	63	0	0	0	
195028	0	0	0	0	0	0	0	0	0	0	0	0	53	0	0	0	
195778	0	0	0	0	0	0	0	0	0	0	0	0	65	0	0	0	
196526	0	0	0	0	0	0	0	0	0	0	0	0	71	0	0	0	
197280	0	0	0	0	0	0	0	0	0	0	0	0	53	0	0	0	
198031	0	0	0	0	0	0	0	0	0	0	0	0	49	0	0	0	
198777	0	0	0	0	0	0	0	0	0	0	0	0	69	0	0	0	
199526	0	0	0	0	0	0	0	0	0	0	0	0	65	0	0	0	
200274	0	0	0	0	0	0	0	0	0	0	0	0	65	0	0	0	
201026	0	0	0	0	0	0	0	0	0	0	0	0	77	0	0	0	
201773	0	0	0	0	0	0	0	0	0	0	0	0	53	0	0	0	
202525	0	0	0	0	0	0	0	0	0	0	0	0	65	0	0	0	
203275	0	0	0	0	0	0	0	0	0	0	0	0	63	0	0	0	
204026	0	0	0	0	0	0	0	0	0	0	0	0	73	0	0	0	
204775	0	0	0	0	0	0	0	0	0	0	0	0	59	0	0	0	
205524	0	0	0	0	0	0	0	0	0	0	0	0	47	0	0	0	
206274	0	0	0	0	0	0	0	0	0	0	0	0	67	0	0	0	
207023	0	0	0	0	0	0	0	0	0	0	0	0	63	0	0	0	
207773	0	0	0	0	0	0	0	0	0	0	0	0	55	0	0	0	
208526	0	0	0	0	0	0	0	0	0	0	0	0	65	0	0	0	
209276	0	0	0	0	0	0	0	0	0	0	0	0	67	0	0	0	
210028	0	0	0	0	0	0	0	0	0	0	0	0	59	0	0	0	
210780	0	0	0	0	0	0	0	0	0	0	0	0	55	0	0	0	
211533	0	0	0	0	0	0	0	0	0	0	0	0	59	0	0	0	
212283	0	0	0	0	0	0	0	0	0	0	0	69	0	0	0	0	
213031	0	0	0	0	0	0	0	0	0	0	85	0	0	0	0	0	
213783	0	0	0	0	0	0	0	0	0	0	79	0	0	0	0	0	
214535	0	0	0	0	0	0	0	0	0	0	77	0	0	0	0	0	
215288	0	0	0	0	0	0	0	0	0	0	69	0	0	0	0	0	
216039	0	0	0	0	0	0	0	0	0	0	79	0	0	0	0	0	
216791	0	0	0	0	0	0	0	0	0	0	85	0	0	0	0	0	
217541	0	0	0	0	0	0	0	0	0	0	71	0	0	0	0	0	
218290	0	0	0	0	0	0	0	0	0	85	0	0	0	0	0	0	
219038	0	0	0	0	0	0	0	0	0	63	0	0	0	0	0	0	
219789	0	0	0	0	0	0	0	0	0	83	0	0	0	0	0	0	
220536	0	0	0	0	0	0	0	0	0	0	75	0	0	0	0	0	
221288	0	0	0	0	0	0	0	0	0	0	79	0	0	0	0	0	
222039	0	0	0	0	0	0	0	0	0	0	71	0	0	0	0	0	
222788	0	0	0	0	0	0	0	0	0	0	71	0	0	0	0	0	
223540	0	0	0	0	0	0	0	0	0	0	69	0	0	0	0	0	
224291	0	0	0	0	0	0	0	0	0	0	67	0	0	0	0	0	
225042	0	0	0	0	0	0	0	0	0	0	69	0	0	0	0	0	
225791	0	0	0	0	0	0	0	0	0	0	69	0	0	0	0	0	
226542	0	0	0	0	0	0	0	0	0	0	57	0	0	0	0	0	
227291	0	0	0	0	0	0	0	0	0	0	65	0	0	0	0	0	
228043	0	0	0	0	0	0	0	0	0	83	0	0	0	0	0	0	
228794	0	0	0	0	0	0	0	0	0	85	0	0	0	0	0	0	
229543	0	0	0	0	0	0	0	0	0	0	81	0	0	0	0	0	
230293	0	0	0	0	0	0	0	0	0	0	61	0	0	0	0	0	
231044	0	0	0	0	0	0	0	0	0	0	73	0	0	0	0	0	
231795	0	0	0	0	0	0	0	0	0	0	57	0	0	0	0	0	
232544	0	0	0	0	0	0	0	0	0	0	67	0	0	0	0	0	
233295	0	0	0	0	0	0	0	0	0	0	85	0	0	0	0	0	
234042	0	0	0	0	0	0	0	0	0	0	0	63	0	0	0	0	
234789	0	0	0	0	0	0	0	0	0	0	0	67	0	0	0	0	
235542	0	0	0	0	0	0	0	0	0	0	0	0	67	0	0	0	
236290	0	0	0	0	0	0	0	0	0	0	0	0	53	0	0	0	
237044	0	0	0	0	0	0	0	0	0	0	0	0	55	0	0	0	
237796	0	0	0	0	0	0	0	0	0	0	0	0	63	0	0	0	
238545	0	0	0	0	0	0	0	0	0	0	0	0	65	0	0	0	
239296	0	0	0	0	0	0	0	0	0	0	0	0	65	0	0	0	
240046	0	0	0	0	0	0	0	0	0	0	0	0	63	0	0	0	
240795	0	0	0	0	0	0	0	0	0	0	0	0	67	0	0	0	
241546	0	0	0	0	0	0	0	0	0	0	0	0	51	0	0	0	
242297	0	0	0	0	0	0	0	0	0	0	0	0	41	0	0	0	
243046	0	0	0	0	0	0	0	0	0	0	0	0	67	0	0	0	
243797	0	0	0	0	0	0	0	0	0	0	0	0	79	0	0	0	
244545	0	0	0	0	0	0	0	0	0	0	0	0	57	0	0	0	
245294	0	0	0	0	0	0	0	0	0	0	0	0	63	0	0	0	
246047	0	0	0	0	0	0	0	0	0	0	0	0	59	0	0	0	
246796	0	0	0	0	0	0	0	0	0	0	0	0	73	0	0	0	
247545	0	0	0	0	0	0	0	0	0	0	0	0	63	0	0	0	
248297	0	0	0	0	0	0	0	0	0	0	0	0	55	0	0	0	
249050	0	0	0	0	0	0	0	0	0	0	0	0	65	0	0	0	
249802	0	0	0	0	0	0	0	0	0	0	0	0	63	0	0	0	
250552	0	0	0	0	0	0	0	0	0	0	0	0	67	0	0	0	
251301	0	0	0	0	0	0	0	0	0	0	0	0	57	0	0	0	
252054	0	0	0	0	0	0	0	0	0	0	0	0	0	45	0	0	
252804	0	0	0	0	0	0	0	0	0	0	0	0	0	0	55	0	
253559	0	0	0	0	0	0	0	0	0	0	0	0	0	55	0	0	
254307	0	0	0	0	0	0	0	0	0	0	0	0	0	55	0	0	
255057	0	0	0	0	0	0	0	0	0	0	0	0	0	61	0	0	
255807	0	0	0	0	0	0	0	0	0	0	0	0	0	51	0	0	
256555	0	0	0	0	0	0	0	0	0	0	0	0	0	41	0	0	
257303	0	0	0	0	0	0	0	0	0	0	0	0	0	39	0	0	
258051	0	0	0	0	0	0	0	0	0	0	0	0	0	75	0	0	
258801	0	0	0	0	0	0	0	0	0	0	0	0	0	57	0	0	
259551	0	0	0	0	0	0	0	0	0	0	0	0	0	59	0	0	
260301	0	0	0	0	0	0	0	0	0	0	0	0	65	0	0	0	
261052	0	0	0	0	0	0	0	0	0	0	0	0	65	0	0	0	
261803	0	0	0	0	0	0	0	0	0	0	0	0	57	0	0	0	
262556	0	0	0	0	0	0	0	0	0	0	0	67	0	0	0	0	
263307	0	0	0	0	0	0	0	0	0	0	0	55	0	0	0	0	
264056	0	0	0	0	0	0	0	0	0	0	0	47	0	0	0	0	
264805	0	0	0	0	0	0	0	0	0	0	0	0	77	0	0	0	
265554	0	0	0	0	0	0	0	0	0	0	0	0	49	0	0	0	
266308	0	0	0	0	0	0	0	0	0	0	0	0	0	61	0	0	
267060	0	0	0	0	0	0	0	0	0	0	0	0	0	63	0	0	
267810	0	0	0	0	0	0	0	0	0	0	0	0	0	61	0	0	
268562	0	0	0	0	0	0	0	0	0	0	0	0	0	0	59	0	
269314	0	0	0	0	0	0	0	0	0	0	0	0	0	0	45	0	
270062	0	0	0	0	0	0	0	0	0	0	0	0	0	0	69	0	
270804	0	0	0	0	0	0	0	0	0	0	0	0	0	0	63	0	
271554	0	0	0	0	0	0	0	0	0	0	0	0	0	57	0	0	
272303	0	0	0	0	0	0	0	0	0	0	0	0	0	61	0	0	
273053	0	0	0	0	0	0	0	0	0	0	0	0	0	59	0	0	
273802	0	0	0	0	0	0	0	0	0	0	0	0	0	51	0	0	
274555	0	0	0	0	0	0	0	0	0	0	0	0	0	55	0	0	
275307	0	0	0	0	0	0	0	0	0	0	0	0	0	49	0	0	
276059	0	0	0	0	0	0	0	0	0	0	0	0	0	57	0	0	
276809	0	0	0	0	0	0	0	0	0	0	0	0	0	63	0	0	
277559	0	0	0	0	0	0	0	0	0	0	0	0	0	65	0	0	
278309	0	0	0	0	0	0	0	0	0	0	0	0	0	53	0	0	
279057	0	0	0	0	0	0	0	0	0	0	0	0	0	55	0	0	
279805	0	0	0	0	0	0	0	0	0	0	0	0	0	55	0	0	
280557	0	0	0	0	0	0	0	0	0	0	0	0	0	59	0	0	
281305	0	0	0	0	0	0	0	0	0	0	0	0	0	37	0	0	
282051	0	0	0	0	0	0	0	0	0	0	0	0	0	47	0	0	
282801	0	0	0	0	0	0	0	0	0	0	0	0	0	55	0	0	
283550	0	0	0	0	0	0	0	0	0	0	0	0	0	63	0	0	
284302	0	0	0	0	0	0	0	0	0	0	0	0	0	63	0	0	
285053	0	0	0	0	0	0	0	0	0	0	0	0	0	59	0	0	
285802	0	0	0	0	0	0	0	0	0	0	0	0	0	59	0	0	
286549	0	0	0	0	0	0	0	0	0	0	0	0	0	71	0	0	
287296	0	0	0	0	0	0	0	0	0	0	0	0	0	57	0	0	
288049	0	0	0	0	0	0	0	0	0	0	0	0	0	61	0	0	
288798	0	0	0	0	0	0	0	0	0	0	0	0	0	61	0	0	
289547	0	0	0	0	0	0	0	0	0	0	0	0	0	57	0	0	
290296	0	0	0	0	0	0	0	0	0	0	0	0	0	55	0	0	
291046	0	0	0	0	0	0	0	0	0	0	0	0	0	67	0	0	
291797	0	0	0	0	0	0	0	0	0	0	0	0	0	47	0	0	
292545	0	0	0	0	0	0	0	0	0	0	0	0	0	57	0	0	
293294	0	0	0	0	0	0	0	0	0	0	0	0	0	67	0	0	
294043	0	0	0	0	0	0	0	0	0	0	0	0	0	65	0	0	
294791	0	0	0	0	0	0	0	0	0	0	0	0	0	69	0	0	
295541	0	0	0	0	0	0	0	0	0	0	0	0	59	0	0	0	
296291	0	0	0	0	0	0	0	0	0	0	0	0	63	0	0	0	
297044	0	0	0	0	0	0	0	0	0	0	0	0	57	0	0	0	
297794	0	0	0	0	0	0	0	0	0	0	0	0	49	0	0	0	
298546	0	0	0	0	0	0	0	0	0	0	0	0	65	0	0	0	
299294	0	0	0	0	0	0	0	0	0	0	0	0	77	0	0	0	
300046	0	0	0	0	0	0	0	0	0	0	0	0	73	0	0	0	
300794	0	0	0	0	0	0	0	0	0	0	0	0	61	0	0	0	
301540	0	0	0	0	0	0	0	0	0	0	0	0	0	65	0	0	
302289	0	0	0	0	0	0	0	0	0	0	0	0	55	0	0	0	
303040	0	0	0	0	0	0	0	0	0	0	0	0	65	0	0	0	
303787	0	0	0	0	0	0	0	0	0	0	0	0	61	0	0	0	
304536	0	0	0	0	0	0	0	0	0	0	0	0	55	0	0	0	
305286	0	0	0	0	0	0	0	0	0	0	0	0	53	0	0	0	
306036	0	0	0	0	0	0	0	0	0	0	0	0	67	0	0	0	
306784	0	0	0	0	0	0	0	0	0	0	0	0	67	0	0	0	
307534	0	0	0	0	0	0	0	0	0	0	0	0	59	0	0	0	
308285	0	0	0	0	0	0	0	0	0	0	0	0	69	0	0	0	
309033	0	0	0	0	0	0	0	0	0	0	0	0	50	5	0	0	
309781	0	0	0	0	0	0	0	0	0	0	0	0	71	0	0	0	
310530	0	0	0	0	0	0	0	0	0	0	0	0	0	57	0	0	
311278	0	0	0	0	0	0	0	0	0	0	0	0	0	59	0	0	
312030	0	0	0	0	0	0	0	0	0	0	0	0	0	61	0	0	
312779	0	0	0	0	0	0	0	0	0	0	0	0	0	51	0	0	
313530	0	0	0	0	0	0	0	0	0	0	0	0	0	57	0	0	
314279	0	0	0	0	0	0	0	0	0	0	0	0	0	49	0	0	
315029	0	0	0	0	0	0	0	0	0	0	0	0	37	18	0	0	
315779	0	0	0	0	0	0	0	0	0	0	0	0	0	49	0	0	
316529	0	0	0	0	0	0	0	0	0	0	0	0	0	0	51	0	
317281	0	0	0	0	0	0	0	0	0	0	0	0	0	0	53	0	
318031	0	0	0	0	0	0	0	0	0	0	0	0	0	0	35	0	
318781	0	0	0	0	0	0	0	0	0	0	0	0	0	0	49	0	
319534	0	0	0	0	0	0	0	0	0	0	0	0	0	0	59	0	
320285	0	0	0	0	0	0	0	0	0	0	0	0	0	0	59	0	
321032	0	0	0	0	0	0	0	0	0	0	0	0	0	0	0	47	
321783	0	0	0	0	0	0	0	0	0	0	0	0	0	0	0	55	
322534	0	0	0	0	0	0	0	0	0	0	0	0	0	0	0	49	
323281	0	0	0	0	0	0	0	0	0	0	0	0	0	0	0	35	
324036	0	0	0	0	0	0	0	0	0	0	0	0	0	0	0	53	
324784	0	0	0	0	0	0	0	0	0	0	0	0	0	0	61	0	
325536	0	0	0	0	0	0	0	0	0	0	0	0	0	0	51	0	
326286	0	0	0	0	0	0	0	0	0	0	0	0	0	0	53	0	
327036	0	0	0	0	0	0	0	0	0	0	0	0	0	0	51	0	
327784	0	0	0	0	0	0	0	0	0	0	0	0	0	0	59	0	
328531	0	0	0	0	0	0	0	0	0	0	0	0	0	0	61	0	
329283	0	0	0	0	0	0	0	0	0	0	0	0	0	63	0	0	
330035	0	0	0	0	0	0	0	0	0	0	0	0	0	57	0	0	
330783	0	0	0	0	0	0	0	0	0	0	0	0	0	41	0	0	
331535	0	0	0	0	0	0	0	0	0	0	0	0	0	55	0	0	
332282	0	0	0	0	0	0	0	0	0	0	0	0	0	65	0	0	
333033	0	0	0	0	0	0	0	0	0	0	0	0	0	0	55	0	
333786	0	0	0	0	0	0	0	0	0	0	0	0	0	0	57	0	
334536	0	0	0	0	0	0	0	0	0	0	0	0	0	59	0	0	
335286	0	0	0	0	0	0	0	0	0	0	0	0	51	0	0	0	
336034	0	0	0	0	0	0	0	0	0	0	0	0	63	0	0	0	
336786	0	0	0	0	0	0	0	0	0	0	0	0	73	0	0	0	
337536	0	0	0	0	0	0	0	0	0	0	0	0	69	0	0	0	
338284	0	0	0	0	0	0	0	0	0	0	0	0	73	0	0	0	
339035	0	0	0	0	0	0	0	0	0	0	0	0	43	0	0	0	
339786	0	0	0	0	0	0	0	0	0	0	0	0	59	0	0	0	
340535	0	0	0	0	0	0	0	0	0	0	0	0	65	0	0	0	
341285	0	0	0	0	0	0	0	0	0	0	0	0	63	0	0	0	
342035	0	0	0	0	0	0	0	0	0	0	0	0	69	0	0	0	
342787	0	0	0	0	0	0	0	0	0	0	0	2	51	0	0	0	
343540	0	0	0	0	0	0	0	0	0	0	0	67	0	0	0	0	
344291	0	0	0	0	0	0	0	0	0	0	0	63	0	0	0	0	
345040	0	0	0	0	0	0	0	0	0	0	0	51	0	0	0	0	
345794	0	0	0	0	0	0	0	0	0	0	0	55	0	0	0	0	
346543	0	0	0	0	0	0	0	0	0	0	0	63	0	0	0	0	
347294	0	0	0	0	0	0	0	0	0	0	0	71	0	0	0	0	
348043	0	0	0	0	0	0	0	0	0	0	0	69	0	0	0	0	
348796	0	0	0	0	0	0	0	0	0	0	0	57	0	0	0	0	
349545	0	0	0	0	0	0	0	0	0	0	0	63	0	0	0	0	
350292	0	0	0	0	0	0	0	0	0	0	0	63	0	0	0	0	
351040	0	0	0	0	0	0	0	0	0	0	0	63	0	0	0	0	
351791	0	0	0	0	0	0	0	0	0	0	0	55	0	0	0	0	
352540	0	0	0	0	0	0	0	0	0	0	0	59	0	0	0	0	
353292	0	0	0	0	0	0	0	0	0	0	0	67	0	0	0	0	
354043	0	0	0	0	0	0	0	0	0	0	0	71	0	0	0	0	
354795	0	0	0	0	0	0	0	0	0	0	0	73	0	0	0	0	
355543	0	0	0	0	0	0	0	0	0	0	0	79	0	0	0	0	
356291	0	0	0	0	0	0	0	0	0	0	0	65	0	0	0	0	
357042	0	0	0	0	0	0	0	0	0	0	0	67	0	0	0	0	
357794	0	0	0	0	0	0	0	0	0	0	0	45	0	0	0	0	
358542	0	0	0	0	0	0	0	0	0	0	0	73	0	0	0	0	
359293	0	0	0	0	0	0	0	0	0	0	0	67	0	0	0	0	
360048	0	0	0	0	0	0	0	0	0	0	0	65	0	0	0	0	
360798	0	0	0	0	0	0	0	0	0	0	0	65	0	0	0	0	
361549	0	0	0	0	0	0	0	0	0	0	0	65	0	0	0	0	
362301	0	0	0	0	0	0	0	0	0	0	0	0	73	0	0	0	
363052	0	0	0	0	0	0	0	0	0	0	0	0	65	0	0	0	
363802	0	0	0	0	0	0	0	0	0	0	0	0	57	0	0	0	
364550	0	0	0	0	0	0	0	0	0	0	0	0	57	0	0	0	
365301	0	0	0	0	0	0	0	0	0	0	0	0	65	0	0	0	
366049	0	0	0	0	0	0	0	0	0	0	0	0	51	0	0	0	
366802	0	0	0	0	0	0	0	0	0	0	0	0	67	0	0	0	
367553	0	0	0	0	0	0	0	0	0	0	0	0	49	0	0	0	
368304	0	0	0	0	0	0	0	0	0	0	0	0	61	0	0	0	
369053	0	0	0	0	0	0	0	0	0	0	0	0	49	0	0	0	
369799	0	0	0	0	0	0	0	0	0	0	0	0	61	0	0	0	
370549	0	0	0	0	0	0	0	0	0	0	0	0	57	0	0	0	
371300	0	0	0	0	0	0	0	0	0	0	0	0	0	63	0	0	
372049	0	0	0	0	0	0	0	0	0	0	0	0	0	59	0	0	
372800	0	0	0	0	0	0	0	0	0	0	0	0	0	55	0	0	
373549	0	0	0	0	0	0	0	0	0	0	0	0	0	67	0	0	
374297	0	0	0	0	0	0	0	0	0	0	0	0	0	63	0	0	
375047	0	0	0	0	0	0	0	0	0	0	0	0	65	0	0	0	
375800	0	0	0	0	0	0	0	0	0	0	0	0	71	0	0	0	
376549	0	0	0	0	0	0	0	0	0	0	0	0	63	0	0	0	
377300	0	0	0	0	0	0	0	0	0	0	0	0	67	0	0	0	
378049	0	0	0	0	0	0	0	0	0	0	0	0	55	0	0	0	
378798	0	0	0	0	0	0	0	0	0	0	0	57	0	0	0	0	
379547	0	0	0	0	0	0	0	0	0	0	0	55	0	0	0	0	
380296	0	0	0	0	0	0	0	0	0	0	0	59	0	0	0	0	
381047	0	0	0	0	0	0	0	0	0	0	0	65	0	0	0	0	
381798	0	0	0	0	0	0	0	0	0	0	0	0	69	0	0	0	
382545	0	0	0	0	0	0	0	0	0	0	0	0	59	0	0	0	
383296	0	0	0	0	0	0	0	0	0	0	0	0	55	0	0	0	
384046	0	0	0	0	0	0	0	0	0	0	0	47	24	0	0	0	
384795	0	0	0	0	0	0	0	0	0	0	0	65	0	0	0	0	
385544	0	0	0	0	0	0	0	0	0	0	0	69	0	0	0	0	
386292	0	0	0	0	0	0	0	0	0	0	0	69	0	0	0	0	
387042	0	0	0	0	0	0	0	0	0	0	0	71	0	0	0	0	
387792	0	0	0	0	0	0	0	0	0	0	0	77	0	0	0	0	
388542	0	0	0	0	0	0	0	0	0	0	0	73	0	0	0	0	
389292	0	0	0	0	0	0	0	0	0	0	0	71	0	0	0	0	
390039	0	0	0	0	0	0	0	0	0	0	0	81	0	0	0	0	
390789	0	0	0	0	0	0	0	0	0	0	0	57	0	0	0	0	
391542	0	0	0	0	0	0	0	0	0	0	0	71	0	0	0	0	
392291	0	0	0	0	0	0	0	0	0	0	0	0	57	0	0	0	
393043	0	0	0	0	0	0	0	0	0	0	0	0	45	0	0	0	
393795	0	0	0	0	0	0	0	0	0	0	0	0	63	0	0	0	
394544	0	0	0	0	0	0	0	0	0	0	0	0	59	0	0	0	
395294	0	0	0	0	0	0	0	0	0	0	0	0	65	0	0	0	
396046	0	0	0	0	0	0	0	0	0	0	0	0	0	57	0	0	
396793	0	0	0	0	0	0	0	0	0	0	0	0	0	65	0	0	
397542	0	0	0	0	0	0	0	0	0	0	0	0	0	47	0	0	
398292	0	0	0	0	0	0	0	0	0	0	0	0	0	47	0	0	
399042	0	0	0	0	0	0	0	0	0	0	0	0	0	43	0	0	
399793	0	0	0	0	0	0	0	0	0	0	0	0	0	65	0	0	
400543	0	0	0	0	0	0	0	0	0	0	0	0	0	69	0	0	
401296	0	0	0	0	0	0	0	0	0	0	0	0	0	55	0	0	
402047	0	0	0	0	0	0	0	0	0	0	0	0	0	59	0	0	
402796	0	0	0	0	0	0	0	0	0	0	0	0	0	61	0	0	
403544	0	0	0	0	0	0	0	0	0	0	0	0	49	16	0	0	
404296	0	0	0	0	0	0	0	0	0	0	0	0	0	59	0	0	
405044	0	0	0	0	0	0	0	0	0	0	0	0	0	63	0	0	
405792	0	0	0	0	0	0	0	0	0	0	0	0	0	59	0	0	
406542	0	0	0	0	0	0	0	0	0	0	0	0	0	61	0	0	
407288	0	0	0	0	0	0	0	0	0	0	0	0	0	57	0	0	
408038	0	0	0	0	0	0	0	0	0	0	0	0	0	63	0	0	
408788	0	0	0	0	0	0	0	0	0	0	0	0	0	51	0	0	
409538	0	0	0	0	0	0	0	0	0	0	0	0	0	0	47	0	
410286	0	0	0	0	0	0	0	0	0	0	0	0	0	0	53	0	
411040	0	0	0	0	0	0	0	0	0	0	0	0	0	0	59	0	
411791	0	0	0	0	0	0	0	0	0	0	0	0	0	0	55	0	
412536	0	0	0	0	0	0	0	0	0	0	0	0	0	0	51	0	
413287	0	0	0	0	0	0	0	0	0	0	0	0	0	0	53	0	
414036	0	0	0	0	0	0	0	0	0	0	0	0	0	0	49	0	
414787	0	0	0	0	0	0	0	0	0	0	0	0	0	0	57	0	
415537	0	0	0	0	0	0	0	0	0	0	0	0	0	0	43	0	
416286	0	0	0	0	0	0	0	0	0	0	0	0	0	0	51	0	
417035	0	0	0	0	0	0	0	0	0	0	0	0	0	0	57	0	
417782	0	0	0	0	0	0	0	0	0	0	0	0	0	0	39	0	
418532	0	0	0	0	0	0	0	0	0	0	0	0	0	0	45	0	
419280	0	0	0	0	0	0	0	0	0	0	0	0	0	0	53	0	
420029	0	0	0	0	0	0	0	0	0	0	0	0	0	0	49	0	
420782	0	0	0	0	0	0	0	0	0	0	0	0	0	0	61	0	
421530	0	0	0	0	0	0	0	0	0	0	0	0	0	0	61	0	
422283	0	0	0	0	0	0	0	0	0	0	0	0	0	0	53	0	
423033	0	0	0	0	0	0	0	0	0	0	0	0	0	0	61	0	
423784	0	0	0	0	0	0	0	0	0	0	0	0	0	0	61	0	
424536	0	0	0	0	0	0	0	0	0	0	0	0	0	0	55	0	
425283	0	0	0	0	0	0	0	0	0	0	0	0	0	0	57	0	
426037	0	0	0	0	0	0	0	0	0	0	0	0	0	0	55	0	
426784	0	0	0	0	0	0	0	0	0	0	0	0	0	0	57	0	
427533	0	0	0	0	0	0	0	0	0	0	0	0	0	0	53	0	
428283	0	0	0	0	0	0	0	0	0	0	0	0	0	65	0	0	
429032	0	0	0	0	0	0	0	0	0	0	0	0	0	53	0	0	
429783	0	0	0	0	0	0	0	0	0	0	0	0	0	59	0	0	
430533	0	0	0	0	0	0	0	0	0	0	0	0	0	41	0	0	
431283	0	0	0	0	0	0	0	0	0	0	0	0	0	57	0	0	
432033	0	0	0	0	0	0	0	0	0	0	0	0	0	59	0	0	
432784	0	0	0	0	0	0	0	0	0	0	0	0	0	55	0	0	
433537	0	0	0	0	0	0	0	0	0	0	0	0	0	59	0	0	
434286	0	0	0	0	0	0	0	0	0	0	0	0	0	49	0	0	
435035	0	0	0	0	0	0	0	0	0	0	0	0	0	53	0	0	
435787	0	0	0	0	0	0	0	0	0	0	0	0	0	51	0	0	
436534	0	0	0	0	0	0	0	0	0	0	0	0	0	51	0	0	
437286	0	0	0	0	0	0	0	0	0	0	0	0	49	0	0	0	
438037	0	0	0	0	0	0	0	0	0	0	0	0	61	0	0	0	
438792	0	0	0	0	0	0	0	0	0	0	0	0	59	0	0	0	
439545	0	0	0	0	0	0	0	0	0	0	0	0	55	0	0	0	
440298	0	0	0	0	0	0	0	0	0	0	0	0	59	0	0	0	
441045	0	0	0	0	0	0	0	0	0	0	0	0	71	0	0	0	
441797	0	0	0	0	0	0	0	0	0	0	0	0	73	0	0	0	
442550	0	0	0	0	0	0	0	0	0	0	0	0	57	0	0	0	
443301	0	0	0	0	0	0	0	0	0	0	0	0	57	0	0	0	
444052	0	0	0	0	0	0	0	0	0	0	0	0	73	0	0	0	
444800	0	0	0	0	0	0	0	0	0	0	0	0	51	0	0	0	
445549	0	0	0	0	0	0	0	0	0	0	0	0	0	57	0	0	
446299	0	0	0	0	0	0	0	0	0	0	0	0	0	51	0	0	
447047	0	0	0	0	0	0	0	0	0	0	0	0	0	65	0	0	
447797	0	0	0	0	0	0	0	0	0	0	0	0	0	53	0	0	
448547	0	0	0	0	0	0	0	0	0	0	0	0	0	49	0	0	
449295	0	0	0	0	0	0	0	0	0	0	0	0	0	0	49	0	
450044	0	0	0	0	0	0	0	0	0	0	0	0	0	0	51	0	
450793	0	0	0	0	0	0	0	0	0	0	0	0	0	0	55	0	
451543	0	0	0	0	0	0	0	0	0	0	0	0	0	0	55	0	
452292	0	0	0	0	0	0	0	0	0	0	0	0	0	0	63	0	
453046	0	0	0	0	0	0	0	0	0	0	0	0	0	0	0	49	
453795	0	0	0	0	0	0	0	0	0	0	0	0	0	0	0	39	
454542	0	0	0	0	0	0	0	0	0	0	0	0	0	0	0	53	
455293	0	0	0	0	0	0	0	0	0	0	0	0	0	0	47	0	
456042	0	0	0	0	0	0	0	0	0	0	0	0	0	0	47	0	
456790	0	0	0	0	0	0	0	0	0	0	0	0	0	0	55	0	
457540	0	0	0	0	0	0	0	0	0	0	0	0	0	49	0	0	
458291	0	0	0	0	0	0	0	0	0	0	0	0	0	51	0	0	
459039	0	0	0	0	0	0	0	0	0	0	0	0	0	61	0	0	
459791	0	0	0	0	0	0	0	0	0	0	0	0	0	53	0	0	
460540	0	0	0	0	0	0	0	0	0	0	0	0	0	63	0	0	
461291	0	0	0	0	0	0	0	0	0	0	0	0	0	0	45	0	
462043	0	0	0	0	0	0	0	0	0	0	0	0	0	0	69	0	
462792	0	0	0	0	0	0	0	0	0	0	0	0	0	0	59	0	
463545	0	0	0	0	0	0	0	0	0	0	0	0	0	0	57	0	
464296	0	0	0	0	0	0	0	0	0	0	0	0	0	0	51	0	
465050	0	0	0	0	0	0	0	0	0	0	0	0	0	0	55	0	
465802	0	0	0	0	0	0	0	0	0	0	0	0	0	0	59	0	
466552	0	0	0	0	0	0	0	0	0	0	0	0	0	0	61	0	
467301	0	0	0	0	0	0	0	0	0	0	0	0	0	0	73	0	
468050	0	0	0	0	0	0	0	0	0	0	0	0	0	0	61	0	
468799	0	0	0	0	0	0	0	0	0	0	0	0	0	0	73	0	
469545	0	0	0	0	0	0	0	0	0	0	0	0	0	0	59	0	
470297	0	0	0	0	0	0	0	0	0	0	0	0	0	0	51	0	
471047	0	0	0	0	0	0	0	0	0	0	0	0	0	0	57	0	
471796	0	0	0	0	0	0	0	0	0	0	0	0	0	0	53	0	
472547	0	0	0	0	0	0	0	0	0	0	0	0	0	0	39	0	
473299	0	0	0	0	0	0	0	0	0	0	0	0	0	0	59	0	
474049	0	0	0	0	0	0	0	0	0	0	0	0	0	0	0	45	
474801	0	0	0	0	0	0	0	0	0	0	0	0	0	0	0	65	
475555	0	0	0	0	0	0	0	0	0	0	0	0	0	0	0	53	
476307	0	0	0	0	0	0	0	0	0	0	0	0	0	0	0	79	
477058	0	0	0	0	0	0	0	0	0	0	0	0	0	0	0	53	
477805	0	0	0	0	0	0	0	0	0	0	0	0	0	0	0	53	
478554	0	0	0	0	0	0	0	0	0	0	0	0	0	0	0	45	
479304	0	0	0	0	0	0	0	0	0	0	0	0	0	0	0	57	
480052	0	0	0	0	0	0	0	0	0	0	0	0	0	0	0	47	
480804	0	0	0	0	0	0	0	0	0	0	0	0	0	0	0	45	
481552	0	0	0	0	0	0	0	0	0	0	0	0	0	0	0	51	
482302	0	0	0	0	0	0	0	0	0	0	0	0	0	0	49	0	
483055	0	0	0	0	0	0	0	0	0	0	0	0	0	0	59	0	
483807	0	0	0	0	0	0	0	0	0	0	0	0	0	0	49	0	
484554	0	0	0	0	0	0	0	0	0	0	0	0	0	0	59	0	
485306	0	0	0	0	0	0	0	0	0	0	0	0	0	0	55	0	
486058	0	0	0	0	0	0	0	0	0	0	0	0	0	0	55	0	
486807	0	0	0	0	0	0	0	0	0	0	0	0	0	0	57	0	
487558	0	0	0	0	0	0	0	0	0	0	0	0	0	0	59	0	
488306	0	0	0	0	0	0	0	0	0	0	0	0	0	0	63	0	
489056	0	0	0	0	0	0	0	0	0	0	0	0	0	0	0	35	
489806	0	0	0	0	0	0	0	0	0	0	0	0	0	0	0	49	
490557	0	0	0	0	0	0	0	0	0	0	0	0	0	0	0	49	
491304	0	0	0	0	0	0	0	0	0	0	0	0	0	0	0	39	
492051	0	0	0	0	0	0	0	0	0	0	0	0	0	0	0	55	
492801	0	0	0	0	0	0	0	0	0	0	0	0	0	0	0	53	
493550	0	0	0	0	0	0	0	0	0	0	0	0	0	0	0	45	
494302	0	0	0	0	0	0	0	0	0	0	0	0	0	0	0	59	
495052	0	0	0	0	0	0	0	0	0	0	0	0	0	0	0	53	
495801	0	0	0	0	0	0	0	0	0	0	0	0	0	63	0	0	
496550	0	0	0	0	0	0	0	0	0	0	0	0	0	61	0	0	
497299	0	0	0	0	0	0	0	0	0	0	0	0	0	51	0	0	
498047	0	0	0	0	0	0	0	0	0	0	0	0	0	61	0	0	
498794	0	0	0	0	0	0	0	0	0	0	0	0	0	55	0	0	
499544	0	0	0	0	0	0	0	0	0	0	0	0	0	45	0	0	
500295	0	0	0	0	0	0	0	0	0	0	0	0	0	61	0	0	
501041	0	0	0	0	0	0	0	0	0	0	0	0	0	55	0	0	
501792	0	0	0	0	0	0	0	0	0	0	0	0	0	69	0	0	
502540	0	0	0	0	0	0	0	0	0	0	0	0	0	69	0	0	
503288	0	0	0	0	0	0	0	0	0	0	0	0	0	61	0	0	
504037	0	0	0	0	0	0	0	0	0	0	0	0	0	75	0	0	
504787	0	0	0	0	0	0	0	0	0	0	0	0	11	52	0	0	
505533	0	0	0	0	0	0	0	0	0	0	0	0	61	0	0	0	
506284	0	0	0	0	0	0	0	0	0	0	0	0	57	0	0	0	
507037	0	0	0	0	0	0	0	0	0	0	0	0	61	0	0	0	
507787	0	0	0	0	0	0	0	0	0	0	0	0	61	0	0	0	
508540	0	0	0	0	0	0	0	0	0	0	0	0	67	0	0	0	
509290	0	0	0	0	0	0	0	0	0	0	0	0	61	0	0	0	
510041	0	0	0	0	0	0	0	0	0	0	0	0	61	0	0	0	
510790	0	0	0	0	0	0	0	0	0	0	0	0	67	0	0	0	
511541	0	0	0	0	0	0	0	0	0	0	0	0	49	0	0	0	
512295	0	0	0	0	0	0	0	0	0	0	0	0	55	0	0	0	
513045	0	0	0	0	0	0	0	0	0	0	0	0	63	0	0	0	
513798	0	0	0	0	0	0	0	0	0	0	0	0	59	0	0	0	
514546	0	0	0	0	0	0	0	0	0	0	0	0	53	0	0	0	
515295	0	0	0	0	0	0	0	0	0	0	0	0	51	0	0	0	
516048	0	0	0	0	0	0	0	0	0	0	0	0	61	0	0	0	
516800	0	0	0	0	0	0	0	0	0	0	0	0	55	0	0	0	
517547	0	0	0	0	0	0	0	0	0	0	0	0	61	0	0	0	
518297	0	0	0	0	0	0	0	0	0	0	0	0	59	0	0	0	
519048	0	0	0	0	0	0	0	0	0	0	0	0	59	0	0	0	
519798	0	0	0	0	0	0	0	0	0	0	0	0	59	0	0	0	
520549	0	0	0	0	0	0	0	0	0	0	0	0	75	0	0	0	
521298	0	0	0	0	0	0	0	0	0	0	0	0	67	0	0	0	
522049	0	0	0	0	0	0	0	0	0	0	0	0	63	0	0	0	
522799	0	0	0	0	0	0	0	0	0	0	6	69	0	0	0	0	
523549	0	0	0	0	0	0	0	0	0	0	0	65	0	0	0	0	
524299	0	0	0	0	0	0	0	0	0	0	0	75	0	0	0	0	
525051	0	0	0	0	0	0	0	0	0	0	0	57	0	0	0	0	
525802	0	0	0	0	0	0	0	0	0	0	0	69	0	0	0	0	
526554	0	0	0	0	0	0	0	0	0	0	0	69	0	0	0	0	
527303	0	0	0	0	0	0	0	0	0	0	0	47	0	0	0	0	
528050	0	0	0	0	0	0	0	0	0	0	0	67	0	0	0	0	
528803	0	0	0	0	0	0	0	0	0	0	0	71	0	0	0	0	
529550	0	0	0	0	0	0	0	0	0	0	0	69	0	0	0	0	
530297	0	0	0	0	0	0	0	0	0	0	0	65	0	0	0	0	
531046	0	0	0	0	0	0	0	0	0	0	0	79	0	0	0	0	
531795	0	0	0	0	0	0	0	0	0	0	0	65	0	0	0	0	
532542	0	0	0	0	0	0	0	0	0	0	0	59	0	0	0	0	
533291	0	0	0	0	0	0	0	0	0	0	0	65	0	0	0	0	
534044	0	0	0	0	0	0	0	0	0	0	0	67	0	0	0	0	
534794	0	0	0	0	0	0	0	0	0	0	0	59	0	0	0	0	
535547	0	0	0	0	0	0	0	0	0	0	0	73	0	0	0	0	
536299	0	0	0	0	0	0	0	0	0	0	73	0	0	0	0	0	
537049	0	0	0	0	0	0	0	0	0	0	65	0	0	0	0	0	
537797	0	0	0	0	0	0	0	0	79	0	0	0	0	0	0	0	
538547	0	0	0	0	0	0	0	0	85	0	0	0	0	0	0	0	
539300	0	0	0	0	0	0	0	0	95	0	0	0	0	0	0	0	
540048	0	0	0	0	0	0	0	0	85	0	0	0	0	0	0	0	
540799	0	0	0	0	0	0	0	0	95	0	0	0	0	0	0	0	
541549	0	0	0	0	0	0	0	0	79	0	0	0	0	0	0	0	
542298	0	0	0	0	0	0	0	101	0	0	0	0	0	0	0	0	
543046	0	0	0	0	0	0	0	103	0	0	0	0	0	0	0	0	
543797	0	0	0	0	0	0	19	96	0	0	0	0	0	0	0	0	
544549	0	0	0	0	0	0	0	99	0	0	0	0	0	0	0	0	
545302	0	0	0	0	0	0	101	0	0	0	0	0	0	0	0	0	
546052	0	0	0	0	0	0	0	111	0	0	0	0	0	0	0	0	
546800	0	0	0	0	0	0	0	91	0	0	0	0	0	0	0	0	
547550	0	0	0	0	0	0	0	87	0	0	0	0	0	0	0	0	
548298	0	0	0	0	0	0	0	107	0	0	0	0	0	0	0	0	
549048	0	0	0	0	0	0	0	103	0	0	0	0	0	0	0	0	
549799	0	0	0	0	0	0	0	103	0	0	0	0	0	0	0	0	
550550	0	0	0	0	0	0	0	109	0	0	0	0	0	0	0	0	
551302	0	0	0	0	0	0	0	0	87	0	0	0	0	0	0	0	
552051	0	0	0	0	0	0	0	0	101	0	0	0	0	0	0	0	
552804	0	0	0	0	0	0	0	0	37	32	0	0	0	0	0	0	
553553	0	0	0	0	0	0	0	0	87	0	0	0	0	0	0	0	
554302	0	0	0	0	0	0	0	0	85	0	0	0	0	0	0	0	
555051	0	0	0	0	0	0	0	0	0	75	0	0	0	0	0	0	
555800	0	0	0	0	0	0	0	0	0	81	0	0	0	0	0	0	
556550	0	0	0	0	0	0	0	0	87	0	0	0	0	0	0	0	
557300	0	0	0	0	0	0	0	0	79	0	0	0	0	0	0	0	
558050	0	0	0	0	0	0	0	107	0	0	0	0	0	0	0	0	
558796	0	0	0	0	0	0	0	101	0	0	0	0	0	0	0	0	
559545	0	0	0	0	0	0	0	97	0	0	0	0	0	0	0	0	
560294	0	0	0	0	0	0	0	81	0	0	0	0	0	0	0	0	
561046	0	0	0	0	0	0	0	111	0	0	0	0	0	0	0	0	
561797	0	0	0	0	0	0	0	95	0	0	0	0	0	0	0	0	
562547	0	0	0	0	0	0	0	103	0	0	0	0	0	0	0	0	
563297	0	0	0	0	0	0	0	79	0	0	0	0	0	0	0	0	
564048	0	0	0	0	0	0	0	79	0	0	0	0	0	0	0	0	
564802	0	0	0	0	0	0	0	121	0	0	0	0	0	0	0	0	
565553	0	0	0	0	0	0	0	105	0	0	0	0	0	0	0	0	
566300	0	0	0	0	0	0	0	89	0	0	0	0	0	0	0	0	
567046	0	0	0	0	0	0	0	101	0	0	0	0	0	0	0	0	
567793	0	0	0	0	0	0	0	101	0	0	0	0	0	0	0	0	
568545	0	0	0	0	0	0	0	87	0	0	0	0	0	0	0	0	
569295	0	0	0	0	0	0	0	115	0	0	0	0	0	0	0	0	
570046	0	0	0	0	0	0	0	93	0	0	0	0	0	0	0	0	
570793	0	0	0	0	0	0	0	91	0	0	0	0	0	0	0	0	
571543	0	0	0	0	0	0	0	89	0	0	0	0	0	0	0	0	
572295	0	0	0	0	0	0	0	107	0	0	0	0	0	0	0	0	
573046	0	0	0	0	0	0	0	77	0	0	0	0	0	0	0	0	
573797	0	0	0	0	0	0	0	105	0	0	0	0	0	0	0	0	
574550	0	0	0	0	0	0	0	103	0	0	0	0	0	0	0	0	
575294	0	0	0	0	0	0	0	105	0	0	0	0	0	0	0	0	
576044	0	0	0	0	0	0	0	107	0	0	0	0	0	0	0	0	
576793	0	0	0	0	0	0	0	119	0	0	0	0	0	0	0	0	
577545	0	0	0	0	0	0	0	109	0	0	0	0	0	0	0	0	
578297	0	0	0	0	0	0	0	107	0	0	0	0	0	0	0	0	
579048	0	0	0	0	0	0	0	105	0	0	0	0	0	0	0	0	
579798	0	0	0	0	0	0	0	107	0	0	0	0	0	0	0	0	
580546	0	0	0	0	0	0	0	83	0	0	0	0	0	0	0	0	
581294	0	0	0	0	0	0	22	77	0	0	0	0	0	0	0	0	
582046	0	0	0	0	0	0	0	93	0	0	0	0	0	0	0	0	
582796	0	0	0	0	0	0	0	101	0	0	0	0	0	0	0	0	
583546	0	0	0	0	0	0	0	105	0	0	0	0	0	0	0	0	
584297	0	0	0	0	0	0	0	97	0	0	0	0	0	0	0	0	
585049	0	0	0	0	0	0	0	113	0	0	0	0	0	0	0	0	
585801	0	0	0	0	0	0	0	101	0	0	0	0	0	0	0	0	
586555	0	0	0	0	0	0	0	97	0	0	0	0	0	0	0	0	
587306	0	0	0	0	0	0	0	93	0	0	0	0	0	0	0	0	
588057	0	0	0	0	0	0	0	113	0	0	0	0	0	0	0	0	
588809	0	0	0	0	0	0	0	103	0	0	0	0	0	0	0	0	
589561	0	0	0	0	0	0	0	91	0	0	0	0	0	0	0	0	
590309	0	0	0	0	0	0	0	105	0	0	0	0	0	0	0	0	
591063	0	0	0	0	0	0	0	103	0	0	0	0	0	0	0	0	
591814	0	0	0	0	0	0	0	107	0	0	0	0	0	0	0	0	
592564	0	0	0	0	0	0	0	117	0	0	0	0	0	0	0	0	
593317	0	0	0	0	0	0	0	91	0	0	0	0	0	0	0	0	
594067	0	0	0	0	0	0	0	111	0	0	0	0	0	0	0	0	
594817	0	0	0	0	0	0	0	105	0	0	0	0	0	0	0	0	
595567	0	0	0	0	0	0	0	91	0	0	0	0	0	0	0	0	
596316	0	0	0	0	0	0	0	79	0	0	0	0	0	0	0	0	
597066	0	0	0	0	0	0	0	99	0	0	0	0	0	0	0	0	
597816	0	0	0	0	0	0	0	105	0	0	0	0	0	0	0	0	
598568	0	0	0	0	0	0	0	113	0	0	0	0	0	0	0	0	
599319	0	0	0	0	0	0	0	105	0	0	0	0	0	0	0	0	
600070	0	0	0	0	0	0	0	115	0	0	0	0	0	0	0	0	
600818	0	0	0	0	0	0	0	113	0	0	0	0	0	0	0	0	
601570	0	0	0	0	0	0	0	101	0	0	0	0	0	0	0	0	
602321	0	0	0	0	0	0	0	91	0	0	0	0	0	0	0	0	
603073	0	0	0	0	0	0	0	87	0	0	0	0	0	0	0	0	
603822	0	0	0	0	0	0	0	101	0	0	0	0	0	0	0	0	
604573	0	0	0	0	0	0	0	109	0	0	0	0	0	0	0	0	
605323	0	0	0	0	0	0	0	95	0	0	0	0	0	0	0	0	
606071	0	0	0	0	0	0	0	99	0	0	0	0	0	0	0	0	
606823	0	0	0	0	0	0	0	95	0	0	0	0	0	0	0	0	
607576	0	0	0	0	0	0	0	93	0	0	0	0	0	0	0	0	
608324	0	0	0	0	0	0	0	103	0	0	0	0	0	0	0	0	
609074	0	0	0	0	0	0	0	85	0	0	0	0	0	0	0	0	
609824	0	0	0	0	0	0	95	0	0	0	0	0	0	0	0	0	
610573	0	0	0	0	0	0	109	0	0	0	0	0	0	0	0	0	
611322	0	0	0	0	0	0	113	0	0	0	0	0	0	0	0	0	
612074	0	0	0	0	0	0	119	0	0	0	0	0	0	0	0	0	
612826	0	0	0	0	0	0	119	0	0	0	0	0	0	0	0	0	
613576	0	0	0	0	0	0	109	0	0	0	0	0	0	0	0	0	
614324	0	0	0	0	0	0	99	0	0	0	0	0	0	0	0	0	
615077	0	0	0	0	0	0	109	0	0	0	0	0	0	0	0	0	
615826	0	0	0	0	0	0	145	0	0	0	0	0	0	0	0	0	
616575	0	0	0	0	0	0	111	0	0	0	0	0	0	0	0	0	
617322	0	0	0	0	0	0	107	0	0	0	0	0	0	0	0	0	
618073	0	0	0	0	0	0	103	0	0	0	0	0	0	0	0	0	
618824	0	0	0	0	0	0	121	0	0	0	0	0	0	0	0	0	
619573	0	0	0	0	0	0	127	0	0	0	0	0	0	0	0	0	
620323	0	0	0	0	0	0	121	0	0	0	0	0	0	0	0	0	
621072	0	0	0	0	0	0	89	0	0	0	0	0	0	0	0	0	
621827	0	0	0	0	0	0	103	0	0	0	0	0	0	0	0	0	
622577	0	0	0	0	0	0	123	0	0	0	0	0	0	0	0	0	
623325	0	0	0	0	0	0	101	0	0	0	0	0	0	0	0	0	
624074	0	0	0	0	0	0	101	0	0	0	0	0	0	0	0	0	
624827	0	0	0	0	0	0	113	0	0	0	0	0	0	0	0	0	
625581	0	0	0	0	0	0	121	0	0	0	0	0	0	0	0	0	
626331	0	0	0	0	0	0	113	0	0	0	0	0	0	0	0	0	
627078	0	0	0	0	0	0	105	0	0	0	0	0	0	0	0	0	
627829	0	0	0	0	0	0	117	0	0	0	0	0	0	0	0	0	
628577	0	0	0	0	0	0	119	0	0	0	0	0	0	0	0	0	
629325	0	0	0	0	0	0	129	0	0	0	0	0	0	0	0	0	
630080	0	0	0	0	0	0	101	0	0	0	0	0	0	0	0	0	
630827	0	0	0	0	0	0	103	0	0	0	0	0	0	0	0	0	
631579	0	0	0	0	0	0	123	0	0	0	0	0	0	0	0	0	
632328	0	0	0	0	0	0	113	0	0	0	0	0	0	0	0	0	
633076	0	0	0	0	0	0	95	0	0	0	0	0	0	0	0	0	
633824	0	0	0	0	0	0	121	0	0	0	0	0	0	0	0	0	
634576	0	0	0	0	0	0	115	0	0	0	0	0	0	0	0	0	
635329	0	0	0	0	0	0	113	0	0	0	0	0	0	0	0	0	
636077	0	0	0	0	0	0	107	0	0	0	0	0	0	0	0	0	
636825	0	0	0	0	0	0	0	111	0	0	0	0	0	0	0	0	
637577	0	0	0	0	0	0	0	93	0	0	0	0	0	0	0	0	
638324	0	0	0	0	0	0	0	99	0	0	0	0	0	0	0	0	
639074	0	0	0	0	0	0	0	103	0	0	0	0	0	0	0	0	
639822	0	0	0	0	0	0	0	81	0	0	0	0	0	0	0	0	
640573	0	0	0	0	0	0	0	85	0	0	0	0	0	0	0	0	
641323	0	0	0	0	0	0	0	101	0	0	0	0	0	0	0	0	
642069	0	0	0	0	0	0	0	91	0	0	0	0	0	0	0	0	
642818	0	0	0	0	0	0	0	79	0	0	0	0	0	0	0	0	
643570	0	0	0	0	0	0	0	115	0	0	0	0	0	0	0	0	
644319	0	0	0	0	0	0	0	101	0	0	0	0	0	0	0	0	
645065	0	0	0	0	0	0	0	89	0	0	0	0	0	0	0	0	
645814	0	0	0	0	0	0	0	99	0	0	0	0	0	0	0	0	
646565	0	0	0	0	0	0	0	107	0	0	0	0	0	0	0	0	
647317	0	0	0	0	0	0	0	101	0	0	0	0	0	0	0	0	
648066	0	0	0	0	0	0	0	91	0	0	0	0	0	0	0	0	
648816	0	0	0	0	0	0	0	77	0	0	0	0	0	0	0	0	
649562	0	0	0	0	0	0	0	93	0	0	0	0	0	0	0	0	
650312	0	0	0	0	0	0	0	93	0	0	0	0	0	0	0	0	
651060	0	0	0	0	0	0	0	79	0	0	0	0	0	0	0	0	
651810	0	0	0	0	0	0	0	91	0	0	0	0	0	0	0	0	
652561	0	0	0	0	0	0	0	91	0	0	0	0	0	0	0	0	
653308	0	0	0	0	0	0	0	107	0	0	0	0	0	0	0	0	
654057	0	0	0	0	0	0	0	119	0	0	0	0	0	0	0	0	
654807	0	0	0	0	0	0	0	107	0	0	0	0	0	0	0	0	
655555	0	0	0	0	0	0	0	87	0	0	0	0	0	0	0	0	
656307	0	0	0	0	0	0	0	79	0	0	0	0	0	0	0	0	
657058	0	0	0	0	0	0	0	91	0	0	0	0	0	0	0	0	
657804	0	0	0	0	0	0	0	93	0	0	0	0	0	0	0	0	
658555	0	0	0	0	0	0	0	91	0	0	0	0	0	0	0	0	
659304	0	0	0	0	0	0	127	0	0	0	0	0	0	0	0	0	
660056	0	0	0	0	0	0	135	0	0	0	0	0	0	0	0	0	
660808	0	0	0	0	0	0	143	0	0	0	0	0	0	0	0	0	
661559	0	0	0	0	0	0	103	0	0	0	0	0	0	0	0	0	
662312	0	0	0	0	0	0	101	0	0	0	0	0	0	0	0	0	
663063	0	0	0	0	0	0	107	0	0	0	0	0	0	0	0	0	
663816	0	0	0	0	0	0	107	0	0	0	0	0	0	0	0	0	
664564	0	0	0	0	0	0	93	0	0	0	0	0	0	0	0	0	
665312	0	0	0	0	0	0	97	14	0	0	0	0	0	0	0	0	
666062	0	0	0	0	0	0	133	0	0	0	0	0	0	0	0	0	
666810	0	0	0	0	0	0	123	0	0	0	0	0	0	0	0	0	
667562	0	0	0	0	0	0	131	0	0	0	0	0	0	0	0	0	
668317	0	0	0	0	0	0	105	0	0	0	0	0	0	0	0	0	
669068	0	0	0	0	0	0	117	0	0	0	0	0	0	0	0	0	
669817	0	0	0	0	0	0	121	0	0	0	0	0	0	0	0	0	
670568	0	0	0	0	0	0	121	0	0	0	0	0	0	0	0	0	
671319	0	0	0	0	0	0	119	0	0	0	0	0	0	0	0	0	
672067	0	0	0	0	0	0	101	0	0	0	0	0	0	0	0	0	
672816	0	0	0	0	0	0	97	0	0	0	0	0	0	0	0	0	
673566	0	0	0	0	0	0	81	0	0	0	0	0	0	0	0	0	
674315	0	0	0	0	0	0	121	0	0	0	0	0	0	0	0	0	
675067	0	0	0	0	0	0	109	0	0	0	0	0	0	0	0	0	
675816	0	0	0	0	0	0	111	0	0	0	0	0	0	0	0	0	
676566	0	0	0	0	0	0	125	0	0	0	0	0	0	0	0	0	
677314	0	0	0	0	0	0	109	0	0	0	0	0	0	0	0	0	
678067	0	0	0	0	0	0	115	0	0	0	0	0	0	0	0	0	
678818	0	0	0	0	0	0	117	0	0	0	0	0	0	0	0	0	
679567	0	0	0	0	0	0	103	0	0	0	0	0	0	0	0	0	
680315	0	0	0	0	0	0	107	0	0	0	0	0	0	0	0	0	
681067	0	0	0	0	0	0	107	0	0	0	0	0	0	0	0	0	
681817	0	0	0	0	0	0	121	0	0	0	0	0	0	0	0	0	
682567	0	0	0	0	0	0	115	0	0	0	0	0	0	0	0	0	
683319	0	0	0	0	0	0	0	107	0	0	0	0	0	0	0	0	
684071	0	0	0	0	0	0	0	105	0	0	0	0	0	0	0	0	
684821	0	0	0	0	0	0	0	95	0	0	0	0	0	0	0	0	
685573	0	0	0	0	0	0	0	91	0	0	0	0	0	0	0	0	
686320	0	0	0	0	0	0	0	109	0	0	0	0	0	0	0	0	
687071	0	0	0	0	0	0	0	117	0	0	0	0	0	0	0	0	
687824	0	0	0	0	0	0	0	115	0	0	0	0	0	0	0	0	
688574	0	0	0	0	0	0	0	87	0	0	0	0	0	0	0	0	
689324	0	0	0	0	0	0	0	109	0	0	0	0	0	0	0	0	
690073	0	0	0	0	0	0	0	93	0	0	0	0	0	0	0	0	
690822	0	0	0	0	0	0	0	99	0	0	0	0	0	0	0	0	
691570	0	0	0	0	0	0	0	91	0	0	0	0	0	0	0	0	
692323	0	0	0	0	0	0	0	99	0	0	0	0	0	0	0	0	
693069	0	0	0	0	0	0	0	107	0	0	0	0	0	0	0	0	
693820	0	0	0	0	0	0	0	91	0	0	0	0	0	0	0	0	
694572	0	0	0	0	0	0	0	111	0	0	0	0	0	0	0	0	
695322	0	0	0	0	0	0	0	99	0	0	0	0	0	0	0	0	
696069	0	0	0	0	0	0	0	115	0	0	0	0	0	0	0	0	
696820	0	0	0	0	0	0	0	105	0	0	0	0	0	0	0	0	
697570	0	0	0	0	0	0	0	95	0	0	0	0	0	0	0	0	
698323	0	0	0	0	0	0	0	83	0	0	0	0	0	0	0	0	
699073	0	0	0	0	0	0	0	115	0	0	0	0	0	0	0	0	
699821	0	0	0	0	0	0	0	101	0	0	0	0	0	0	0	0	
700571	0	0	0	0	0	0	0	109	0	0	0	0	0	0	0	0	
701320	0	0	0	0	0	0	123	0	0	0	0	0	0	0	0	0	
702074	0	0	0	0	0	0	101	0	0	0	0	0	0	0	0	0	
702826	0	0	0	0	0	0	125	0	0	0	0	0	0	0	0	0	
703573	0	0	0	0	0	0	123	0	0	0	0	0	0	0	0	0	
704325	0	0	0	0	0	0	103	0	0	0	0	0	0	0	0	0	
705070	0	0	0	0	0	0	101	0	0	0	0	0	0	0	0	0	
705823	0	0	0	0	0	0	117	0	0	0	0	0	0	0	0	0	
706574	0	0	0	0	0	0	119	0	0	0	0	0	0	0	0	0	
707324	0	0	0	0	0	6	107	0	0	0	0	0	0	0	0	0	
708076	0	0	0	0	0	0	117	0	0	0	0	0	0	0	0	0	
708829	0	0	0	0	0	0	117	0	0	0	0	0	0	0	0	0	
709578	0	0	0	0	0	0	95	0	0	0	0	0	0	0	0	0	
710328	0	0	0	0	0	0	97	0	0	0	0	0	0	0	0	0	
711077	0	0	0	0	0	0	119	0	0	0	0	0	0	0	0	0	
711826	0	0	0	0	0	0	121	0	0	0	0	0	0	0	0	0	
712571	0	0	0	0	0	0	113	0	0	0	0	0	0	0	0	0	
713323	0	0	0	0	0	0	113	0	0	0	0	0	0	0	0	0	
714071	0	0	0	0	0	0	121	0	0	0	0	0	0	0	0	0	
714817	0	0	0	0	0	0	117	0	0	0	0	0	0	0	0	0	
715569	0	0	0	0	0	0	113	0	0	0	0	0	0	0	0	0	
716318	0	0	0	0	0	0	129	0	0	0	0	0	0	0	0	0	
717067	0	0	0	0	0	0	119	0	0	0	0	0	0	0	0	0	
717821	0	0	0	0	0	0	99	0	0	0	0	0	0	0	0	0	
718570	0	0	0	0	0	0	100	1	0	0	0	0	0	0	0	0	
719320	0	0	0	0	0	0	115	0	0	0	0	0	0	0	0	0	
720069	0	0	0	0	0	0	119	0	0	0	0	0	0	0	0	0	
720820	0	0	0	0	0	0	109	0	0	0	0	0	0	0	0	0	
721571	0	0	0	0	0	0	111	0	0	0	0	0	0	0	0	0	
722320	0	0	0	0	0	0	105	0	0	0	0	0	0	0	0	0	
723070	0	0	0	0	0	0	121	0	0	0	0	0	0	0	0	0	
723820	0	0	0	0	0	0	127	0	0	0	0	0	0	0	0	0	
724574	0	0	0	0	0	0	109	0	0	0	0	0	0	0	0	0	
725322	0	0	0	0	0	0	129	0	0	0	0	0	0	0	0	0	
726071	0	0	0	0	0	0	107	0	0	0	0	0	0	0	0	0	
726824	0	0	0	0	0	129	0	0	0	0	0	0	0	0	0	0	
727574	0	0	0	0	0	131	0	0	0	0	0	0	0	0	0	0	
728324	0	0	0	0	0	131	0	0	0	0	0	0	0	0	0	0	
729073	0	0	0	0	13	132	0	0	0	0	0	0	0	0	0	0	
729823	0	0	0	0	157	0	0	0	0	0	0	0	0	0	0	0	
730573	0	0	0	0	167	0	0	0	0	0	0	0	0	0	0	0	
731320	0	0	0	0	143	0	0	0	0	0	0	0	0	0	0	0	
732069	0	0	0	0	161	0	0	0	0	0	0	0	0	0	0	0	
732819	0	0	0	0	171	0	0	0	0	0	0	0	0	0	0	0	
733569	0	0	0	0	153	0	0	0	0	0	0	0	0	0	0	0	
734317	0	0	0	0	169	0	0	0	0	0	0	0	0	0	0	0	
735064	0	0	0	0	155	0	0	0	0	0	0	0	0	0	0	0	
735811	0	0	0	0	155	0	0	0	0	0	0	0	0	0	0	0	
736564	0	0	0	0	185	0	0	0	0	0	0	0	0	0	0	0	
737317	0	0	0	0	179	0	0	0	0	0	0	0	0	0	0	0	
738067	0	0	0	0	169	0	0	0	0	0	0	0	0	0	0	0	
738815	0	0	0	0	143	0	0	0	0	0	0	0	0	0	0	0	
739567	0	0	0	0	177	0	0	0	0	0	0	0	0	0	0	0	
740317	0	0	0	0	6	117	0	0	0	0	0	0	0	0	0	0	
741065	0	0	0	0	0	133	0	0	0	0	0	0	0	0	0	0	
741814	0	0	0	0	0	119	0	0	0	0	0	0	0	0	0	0	
742569	0	0	0	0	0	139	0	0	0	0	0	0	0	0	0	0	
743317	0	0	0	0	0	115	0	0	0	0	0	0	0	0	0	0	
744067	0	0	0	0	0	143	0	0	0	0	0	0	0	0	0	0	
744816	0	0	0	0	0	129	0	0	0	0	0	0	0	0	0	0	
745567	0	0	0	0	0	149	0	0	0	0	0	0	0	0	0	0	
746317	0	0	0	0	0	135	0	0	0	0	0	0	0	0	0	0	
747067	0	0	0	0	0	115	0	0	0	0	0	0	0	0	0	0	
747814	0	0	0	0	0	131	0	0	0	0	0	0	0	0	0	0	
748565	0	0	0	0	0	139	0	0	0	0	0	0	0	0	0	0	
749316	0	0	0	0	0	153	0	0	0	0	0	0	0	0	0	0	
750066	0	0	0	0	0	119	0	0	0	0	0	0	0	0	0	0	
750816	0	0	0	0	0	121	0	0	0	0	0	0	0	0	0	0	
751565	0	0	0	0	0	131	0	0	0	0	0	0	0	0	0	0	
752312	0	0	0	0	0	125	0	0	0	0	0	0	0	0	0	0	
753062	0	0	0	0	0	117	0	0	0	0	0	0	0	0	0	0	
753813	0	0	0	0	0	137	0	0	0	0	0	0	0	0	0	0	
754565	0	0	0	0	0	107	0	0	0	0	0	0	0	0	0	0	
755314	0	0	0	0	0	143	0	0	0	0	0	0	0	0	0	0	
756065	0	0	0	0	0	141	0	0	0	0	0	0	0	0	0	0	
756813	0	0	0	0	0	135	0	0	0	0	0	0	0	0	0	0	
757562	0	0	0	0	0	149	0	0	0	0	0	0	0	0	0	0	
758311	0	0	0	0	0	127	0	0	0	0	0	0	0	0	0	0	
759060	0	0	0	0	0	125	0	0	0	0	0	0	0	0	0	0	
759808	0	0	0	0	0	153	0	0	0	0	0	0	0	0	0	0	
760560	0	0	0	0	0	143	0	0	0	0	0	0	0	0	0	0	
761307	0	0	0	0	0	117	0	0	0	0	0	0	0	0	0	0	
762059	0	0	0	0	0	129	0	0	0	0	0	0	0	0	0	0	
762809	0	0	0	0	0	129	0	0	0	0	0	0	0	0	0	0	
763559	0	0	0	0	0	119	0	0	0	0	0	0	0	0	0	0	
764309	0	0	0	0	0	113	0	0	0	0	0	0	0	0	0	0	
765058	0	0	0	0	0	123	0	0	0	0	0	0	0	0	0	0	
765808	0	0	0	0	0	127	0	0	0	0	0	0	0	0	0	0	
766554	0	0	0	0	0	141	0	0	0	0	0	0	0	0	0	0	
767302	0	0	0	0	0	127	0	0	0	0	0	0	0	0	0	0	
768054	0	0	0	0	0	133	0	0	0	0	0	0	0	0	0	0	
768809	0	0	0	0	0	135	0	0	0	0	0	0	0	0	0	0	
769558	0	0	0	0	0	137	0	0	0	0	0	0	0	0	0	0	
770309	0	0	0	0	0	135	0	0	0	0	0	0	0	0	0	0	
771063	0	0	0	0	0	145	0	0	0	0	0	0	0	0	0	0	
771813	0	0	0	0	0	107	0	0	0	0	0	0	0	0	0	0	
772564	0	0	0	0	0	145	0	0	0	0	0	0	0	0	0	0	
773312	0	0	0	0	0	121	0	0	0	0	0	0	0	0	0	0	
774058	0	0	0	0	147	0	0	0	0	0	0	0	0	0	0	0	
774809	0	0	0	0	153	0	0	0	0	0	0	0	0	0	0	0	
775559	0	0	0	0	139	0	0	0	0	0	0	0	0	0	0	0	
776311	0	0	0	0	167	0	0	0	0	0	0	0	0	0	0	0	
777061	0	0	0	0	167	0	0	0	0	0	0	0	0	0	0	0	
777809	0	0	0	0	171	0	0	0	0	0	0	0	0	0	0	0	
778558	0	0	0	0	153	0	0	0	0	0	0	0	0	0	0	0	
779308	0	0	0	0	185	0	0	0	0	0	0	0	0	0	0	0	
780055	0	0	0	0	165	0	0	0	0	0	0	0	0	0	0	0	
780806	0	0	0	0	153	0	0	0	0	0	0	0	0	0	0	0	
781554	0	0	0	0	167	0	0	0	0	0	0	0	0	0	0	0	
782303	0	0	0	0	161	0	0	0	0	0	0	0	0	0	0	0	
783055	0	0	0	0	175	0	0	0	0	0	0	0	0	0	0	0	
783804	0	0	0	0	147	0	0	0	0	0	0	0	0	0	0	0	
784551	0	0	0	0	175	0	0	0	0	0	0	0	0	0	0	0	
785304	0	0	0	0	153	0	0	0	0	0	0	0	0	0	0	0	
786053	0	0	0	0	161	0	0	0	0	0	0	0	0	0	0	0	
786798	0	0	0	0	153	0	0	0	0	0	0	0	0	0	0	0	
787550	0	0	0	0	161	0	0	0	0	0	0	0	0	0	0	0	
788298	0	0	0	0	145	0	0	0	0	0	0	0	0	0	0	0	
789052	0	0	0	0	175	0	0	0	0	0	0	0	0	0	0	0	
789801	0	0	0	0	195	0	0	0	0	0	0	0	0	0	0	0	
790552	0	0	0	0	173	0	0	0	0	0	0	0	0	0	0	0	
791300	0	0	0	0	145	0	0	0	0	0	0	0	0	0	0	0	
792050	0	0	0	0	133	0	0	0	0	0	0	0	0	0	0	0	
792798	0	0	0	0	153	0	0	0	0	0	0	0	0	0	0	0	
793547	0	0	0	0	195	0	0	0	0	0	0	0	0	0	0	0	
794295	0	0	0	0	157	0	0	0	0	0	0	0	0	0	0	0	
795047	0	0	0	0	153	0	0	0	0	0	0	0	0	0	0	0	
795794	0	0	0	0	0	131	0	0	0	0	0	0	0	0	0	0	
796545	0	0	0	0	0	131	0	0	0	0	0	0	0	0	0	0	
797296	0	0	0	0	0	131	0	0	0	0	0	0	0	0	0	0	
798050	0	0	0	0	0	133	0	0	0	0	0	0	0	0	0	0	
798801	0	0	0	0	0	153	0	0	0	0	0	0	0	0	0	0	
799550	0	0	0	0	0	161	0	0	0	0	0	0	0	0	0	0	
800297	0	0	0	0	0	123	0	0	0	0	0	0	0	0	0	0	
801047	0	0	0	0	0	151	0	0	0	0	0	0	0	0	0	0	
801797	0	0	0	0	0	121	0	0	0	0	0	0	0	0	0	0	
802548	0	0	0	0	0	127	0	0	0	0	0	0	0	0	0	0	
803300	0	0	0	0	0	137	0	0	0	0	0	0	0	0	0	0	
804051	0	0	0	0	0	113	0	0	0	0	0	0	0	0	0	0	
804801	0	0	0	0	0	133	0	0	0	0	0	0	0	0	0	0	
805551	0	0	0	0	0	129	0	0	0	0	0	0	0	0	0	0	
806299	0	0	0	0	0	100	17	0	0	0	0	0	0	0	0	0	
807051	0	0	0	0	0	153	0	0	0	0	0	0	0	0	0	0	
807799	0	0	0	0	0	137	0	0	0	0	0	0	0	0	0	0	
808550	0	0	0	0	0	121	0	0	0	0	0	0	0	0	0	0	
809298	0	0	0	0	0	151	0	0	0	0	0	0	0	0	0	0	
810047	0	0	0	0	0	0	127	0	0	0	0	0	0	0	0	0	
810798	0	0	0	0	0	0	107	0	0	0	0	0	0	0	0	0	
811552	0	0	0	0	0	0	97	0	0	0	0	0	0	0	0	0	
812301	0	0	0	0	0	0	107	0	0	0	0	0	0	0	0	0	
813054	0	0	0	0	0	0	107	0	0	0	0	0	0	0	0	0	
813805	0	0	0	0	0	0	109	0	0	0	0	0	0	0	0	0	
814556	0	0	0	0	0	0	125	0	0	0	0	0	0	0	0	0	
815303	0	0	0	0	0	159	0	0	0	0	0	0	0	0	0	0	
816051	0	0	0	0	0	143	0	0	0	0	0	0	0	0	0	0	
816803	0	0	0	0	0	133	0	0	0	0	0	0	0	0	0	0	
817554	0	0	0	0	0	121	0	0	0	0	0	0	0	0	0	0	
818304	0	0	0	0	0	121	0	0	0	0	0	0	0	0	0	0	
819052	0	0	0	0	0	117	0	0	0	0	0	0	0	0	0	0	
819806	0	0	0	0	0	121	0	0	0	0	0	0	0	0	0	0	
820558	0	0	0	0	0	125	0	0	0	0	0	0	0	0	0	0	
821307	0	0	0	0	0	127	0	0	0	0	0	0	0	0	0	0	
822058	0	0	0	0	0	107	0	0	0	0	0	0	0	0	0	0	
822809	0	0	0	0	0	153	0	0	0	0	0	0	0	0	0	0	
823563	0	0	0	0	4	127	0	0	0	0	0	0	0	0	0	0	
824312	0	0	0	0	0	139	0	0	0	0	0	0	0	0	0	0	
825060	0	0	0	0	0	127	0	0	0	0	0	0	0	0	0	0	
825810	0	0	0	0	0	135	0	0	0	0	0	0	0	0	0	0	
826559	0	0	0	0	0	131	0	0	0	0	0	0	0	0	0	0	
827307	0	0	0	0	0	155	0	0	0	0	0	0	0	0	0	0	
828057	0	0	0	0	0	135	0	0	0	0	0	0	0	0	0	0	
828807	0	0	0	0	0	161	0	0	0	0	0	0	0	0	0	0	
829557	0	0	0	0	0	129	0	0	0	0	0	0	0	0	0	0	
830309	0	0	0	0	0	137	0	0	0	0	0	0	0	0	0	0	
831055	0	0	0	0	0	129	0	0	0	0	0	0	0	0	0	0	
831809	0	0	0	0	0	123	0	0	0	0	0	0	0	0	0	0	
832562	0	0	0	0	0	153	0	0	0	0	0	0	0	0	0	0	
833311	0	0	0	0	0	129	0	0	0	0	0	0	0	0	0	0	
834062	0	0	0	0	0	135	0	0	0	0	0	0	0	0	0	0	
834814	0	0	0	0	0	117	0	0	0	0	0	0	0	0	0	0	
835565	0	0	0	0	0	131	0	0	0	0	0	0	0	0	0	0	
836314	0	0	0	0	0	121	0	0	0	0	0	0	0	0	0	0	
837065	0	0	0	0	0	115	0	0	0	0	0	0	0	0	0	0	
837813	0	0	0	0	0	129	6	0	0	0	0	0	0	0	0	0	
838561	0	0	0	0	0	125	0	0	0	0	0	0	0	0	0	0	
839308	0	0	0	0	0	137	0	0	0	0	0	0	0	0	0	0	
840055	0	0	0	0	0	143	0	0	0	0	0	0	0	0	0	0	
840807	0	0	0	0	0	135	0	0	0	0	0	0	0	0	0	0	
841555	0	0	0	0	0	131	0	0	0	0	0	0	0	0	0	0	
842308	0	0	0	0	0	133	0	0	0	0	0	0	0	0	0	0	
843055	0	0	0	0	0	141	0	0	0	0	0	0	0	0	0	0	
843806	0	0	0	0	0	129	0	0	0	0	0	0	0	0	0	0	
844554	0	0	0	0	0	145	0	0	0	0	0	0	0	0	0	0	
845306	0	0	0	0	0	119	0	0	0	0	0	0	0	0	0	0	
846054	0	0	0	0	0	135	0	0	0	0	0	0	0	0	0	0	
846802	0	0	0	0	0	129	0	0	0	0	0	0	0	0	0	0	
847555	0	0	0	0	0	117	0	0	0	0	0	0	0	0	0	0	
848304	0	0	0	0	0	141	0	0	0	0	0	0	0	0	0	0	
849055	0	0	0	0	0	143	0	0	0	0	0	0	0	0	0	0	
849804	0	0	0	0	0	0	113	0	0	0	0	0	0	0	0	0	
850555	0	0	0	0	0	0	115	0	0	0	0	0	0	0	0	0	
851306	0	0	0	0	0	0	119	0	0	0	0	0	0	0	0	0	
852056	0	0	0	0	0	0	89	0	0	0	0	0	0	0	0	0	
852805	0	0	0	0	0	0	103	0	0	0	0	0	0	0	0	0	
853555	0	0	0	0	0	0	119	0	0	0	0	0	0	0	0	0	
854304	0	0	0	0	0	0	123	0	0	0	0	0	0	0	0	0	
855054	0	0	0	0	0	0	97	0	0	0	0	0	0	0	0	0	
855807	0	0	0	0	0	0	117	0	0	0	0	0	0	0	0	0	
856558	0	0	0	0	0	0	127	0	0	0	0	0	0	0	0	0	
857306	0	0	0	0	0	0	123	0	0	0	0	0	0	0	0	0	
858060	0	0	0	0	0	0	121	0	0	0	0	0	0	0	0	0	
858810	0	0	0	0	0	0	101	0	0	0	0	0	0	0	0	0	
859563	0	0	0	0	0	0	113	0	0	0	0	0	0	0	0	0	
860308	0	0	0	0	0	0	127	0	0	0	0	0	0	0	0	0	
861061	0	0	0	0	0	0	101	0	0	0	0	0	0	0	0	0	
861807	0	0	0	0	0	0	107	0	0	0	0	0	0	0	0	0	
862554	0	0	0	0	0	0	103	0	0	0	0	0	0	0	0	0	
863304	0	0	0	0	0	0	127	0	0	0	0	0	0	0	0	0	
864054	0	0	0	0	0	0	115	0	0	0	0	0	0	0	0	0	
864803	0	0	0	0	0	0	111	0	0	0	0	0	0	0	0	0	
865554	0	0	0	0	0	0	87	0	0	0	0	0	0	0	0	0	
866304	0	0	0	0	0	0	105	0	0	0	0	0	0	0	0	0	
867052	0	0	0	0	0	0	111	0	0	0	0	0	0	0	0	0	
867803	0	0	0	0	0	0	109	0	0	0	0	0	0	0	0	0	
868554	0	0	0	0	0	0	131	0	0	0	0	0	0	0	0	0	
869304	0	0	0	0	0	0	131	0	0	0	0	0	0	0	0	0	
870052	0	0	0	0	0	0	107	0	0	0	0	0	0	0	0	0	
870802	0	0	0	0	0	0	117	0	0	0	0	0	0	0	0	0	
871549	0	0	0	0	0	0	117	0	0	0	0	0	0	0	0	0	
872299	0	0	0	0	0	0	97	0	0	0	0	0	0	0	0	0	
873050	0	0	0	0	0	0	107	0	0	0	0	0	0	0	0	0	
873800	0	0	0	0	0	0	115	0	0	0	0	0	0	0	0	0	
874549	0	0	0	0	0	0	121	0	0	0	0	0	0	0	0	0	
875298	0	0	0	0	0	0	109	0	0	0	0	0	0	0	0	0	
876049	0	0	0	0	0	0	107	0	0	0	0	0	0	0	0	0	
876798	0	0	0	0	0	0	113	0	0	0	0	0	0	0	0	0	
877549	0	0	0	0	0	137	0	0	0	0	0	0	0	0	0	0	
878302	0	0	0	0	0	119	0	0	0	0	0	0	0	0	0	0	
879055	0	0	0	0	0	137	0	0	0	0	0	0	0	0	0	0	
879806	0	0	0	0	0	121	0	0	0	0	0	0	0	0	0	0	
880556	0	0	0	0	0	135	0	0	0	0	0	0	0	0	0	0	
881305	0	0	0	0	0	84	29	0	0	0	0	0	0	0	0	0	
882056	0	0	0	0	0	133	0	0	0	0	0	0	0	0	0	0	
882808	0	0	0	0	0	135	0	0	0	0	0	0	0	0	0	0	
883558	0	0	0	0	0	143	0	0	0	0	0	0	0	0	0	0	
884309	0	0	0	0	0	127	0	0	0	0	0	0	0	0	0	0	
885058	0	0	0	0	0	125	0	0	0	0	0	0	0	0	0	0	
885810	0	0	0	0	0	141	0	0	0	0	0	0	0	0	0	0	
886559	0	0	0	0	0	129	0	0	0	0	0	0	0	0	0	0	
887311	0	0	0	0	0	115	0	0	0	0	0	0	0	0	0	0	
888057	0	0	0	0	0	133	0	0	0	0	0	0	0	0	0	0	
888805	0	0	0	0	0	0	103	0	0	0	0	0	0	0	0	0	
889554	0	0	0	0	0	0	0	99	0	0	0	0	0	0	0	0	
890304	0	0	0	0	0	0	0	91	0	0	0	0	0	0	0	0	
891054	0	0	0	0	0	0	0	107	0	0	0	0	0	0	0	0	
891802	0	0	0	0	0	0	0	8	67	0	0	0	0	0	0	0	
892553	0	0	0	0	0	0	0	99	0	0	0	0	0	0	0	0	
893303	0	0	0	0	0	0	0	97	0	0	0	0	0	0	0	0	
894057	0	0	0	0	0	0	0	85	0	0	0	0	0	0	0	0	
894811	0	0	0	0	0	0	0	109	0	0	0	0	0	0	0	0	
895559	0	0	0	0	0	0	0	93	0	0	0	0	0	0	0	0	
896311	0	0	0	0	0	0	0	93	0	0	0	0	0	0	0	0	
897058	0	0	0	0	0	0	0	101	0	0	0	0	0	0	0	0	
897809	0	0	0	0	0	0	0	103	0	0	0	0	0	0	0	0	
898559	0	0	0	0	0	0	0	91	0	0	0	0	0	0	0	0	
899312	0	0	0	0	0	0	0	103	0	0	0	0	0	0	0	0	
900060	0	0	0	0	0	0	0	95	0	0	0	0	0	0	0	0	
900809	0	0	0	0	0	0	0	95	0	0	0	0	0	0	0	0	
901557	0	0	0	0	0	0	0	99	0	0	0	0	0	0	0	0	
902307	0	0	0	0	0	0	0	97	0	0	0	0	0	0	0	0	
903056	0	0	0	0	0	0	0	89	0	0	0	0	0	0	0	0	
903809	0	0	0	0	0	0	0	89	0	0	0	0	0	0	0	0	
904560	0	0	0	0	0	0	0	95	0	0	0	0	0	0	0	0	
905312	0	0	0	0	0	0	0	91	0	0	0	0	0	0	0	0	
906063	0	0	0	0	0	0	0	115	0	0	0	0	0	0	0	0	
906814	0	0	0	0	0	0	0	117	0	0	0	0	0	0	0	0	
907562	0	0	0	0	0	0	0	121	0	0	0	0	0	0	0	0	
908315	0	0	0	0	0	0	0	97	0	0	0	0	0	0	0	0	
909061	0	0	0	0	0	0	0	115	0	0	0	0	0	0	0	0	
909811	0	0	0	0	0	0	0	101	0	0	0	0	0	0	0	0	
910560	0	0	0	0	0	0	0	103	0	0	0	0	0	0	0	0	
911310	0	0	0	0	0	0	0	119	0	0	0	0	0	0	0	0	
912056	0	0	0	0	0	0	0	97	0	0	0	0	0	0	0	0	
912804	0	0	0	0	0	0	0	87	0	0	0	0	0	0	0	0	
913551	0	0	0	0	0	0	0	85	0	0	0	0	0	0	0	0	
914300	0	0	0	0	0	0	0	101	0	0	0	0	0	0	0	0	
915047	0	0	0	0	0	0	0	97	0	0	0	0	0	0	0	0	
915799	0	0	0	0	0	0	0	93	0	0	0	0	0	0	0	0	
916549	0	0	0	0	0	0	0	93	0	0	0	0	0	0	0	0	
917302	0	0	0	0	0	0	0	121	0	0	0	0	0	0	0	0	
918051	0	0	0	0	0	0	0	101	0	0	0	0	0	0	0	0	
918801	0	0	0	0	0	0	0	117	0	0	0	0	0	0	0	0	
919547	0	0	0	0	0	0	0	93	0	0	0	0	0	0	0	0	
920298	0	0	0	0	0	0	0	101	0	0	0	0	0	0	0	0	
921048	0	0	0	0	0	0	0	93	2	0	0	0	0	0	0	0	
921801	0	0	0	0	0	0	0	97	0	0	0	0	0	0	0	0	
922551	0	0	0	0	0	0	0	105	0	0	0	0	0	0	0	0	
923301	0	0	0	0	0	0	0	99	0	0	0	0	0	0	0	0	
924047	0	0	0	0	0	0	0	93	0	0	0	0	0	0	0	0	
924798	0	0	0	0	0	0	0	91	0	0	0	0	0	0	0	0	
925546	0	0	0	0	0	0	0	115	0	0	0	0	0	0	0	0	
926296	0	0	0	0	0	0	0	89	0	0	0	0	0	0	0	0	
927045	0	0	0	0	0	0	0	101	0	0	0	0	0	0	0	0	
927791	0	0	0	0	0	0	0	109	0	0	0	0	0	0	0	0	
928542	0	0	0	0	0	0	0	113	0	0	0	0	0	0	0	0	
929293	0	0	0	0	0	0	0	93	0	0	0	0	0	0	0	0	
930046	0	0	0	0	0	0	0	105	0	0	0	0	0	0	0	0	
930796	0	0	0	0	0	0	0	93	0	0	0	0	0	0	0	0	
931549	0	0	0	0	0	0	0	91	0	0	0	0	0	0	0	0	
932302	0	0	0	0	0	0	103	0	0	0	0	0	0	0	0	0	
933053	0	0	0	0	0	0	0	119	0	0	0	0	0	0	0	0	
933801	0	0	0	0	0	0	0	91	0	0	0	0	0	0	0	0	
934549	0	0	0	0	0	0	0	101	0	0	0	0	0	0	0	0	
935300	0	0	0	0	0	0	0	95	0	0	0	0	0	0	0	0	
936050	0	0	0	0	0	0	0	111	0	0	0	0	0	0	0	0	
936801	0	0	0	0	0	0	0	93	0	0	0	0	0	0	0	0	
937548	0	0	0	0	0	0	0	105	0	0	0	0	0	0	0	0	
938297	0	0	0	0	0	0	0	87	0	0	0	0	0	0	0	0	
939049	0	0	0	0	0	0	0	111	0	0	0	0	0	0	0	0	
939799	0	0	0	0	0	0	0	87	0	0	0	0	0	0	0	0	
940549	0	0	0	0	0	0	0	91	0	0	0	0	0	0	0	0	
941300	0	0	0	0	0	0	0	119	0	0	0	0	0	0	0	0	
942047	0	0	0	0	0	0	0	91	0	0	0	0	0	0	0	0	
942793	0	0	0	0	0	0	0	117	0	0	0	0	0	0	0	0	
943543	0	0	0	0	0	0	0	105	0	0	0	0	0	0	0	0	
944293	0	0	0	0	0	0	0	123	0	0	0	0	0	0	0	0	
945040	0	0	0	0	0	0	0	101	0	0	0	0	0	0	0	0	
945787	0	0	0	0	0	0	0	105	0	0	0	0	0	0	0	0	
946539	0	0	0	0	0	0	0	109	0	0	0	0	0	0	0	0	
947287	0	0	0	0	0	0	0	0	83	0	0	0	0	0	0	0	
948041	0	0	0	0	0	0	0	123	0	0	0	0	0	0	0	0	
948792	0	0	0	0	0	0	0	109	0	0	0	0	0	0	0	0	
949542	0	0	0	0	0	0	0	119	0	0	0	0	0	0	0	0	
950291	0	0	0	0	0	0	0	99	0	0	0	0	0	0	0	0	
951039	0	0	0	0	0	0	0	107	0	0	0	0	0	0	0	0	
951789	0	0	0	0	0	0	0	95	0	0	0	0	0	0	0	0	
952540	0	0	0	0	0	0	0	89	0	0	0	0	0	0	0	0	
953290	0	0	0	0	0	0	0	99	0	0	0	0	0	0	0	0	
954039	0	0	0	0	0	0	0	109	0	0	0	0	0	0	0	0	
954791	0	0	0	0	0	0	0	107	0	0	0	0	0	0	0	0	
955542	0	0	0	0	0	0	0	107	0	0	0	0	0	0	0	0	
956290	0	0	0	0	0	0	0	101	0	0	0	0	0	0	0	0	
957039	0	0	0	0	0	0	0	99	0	0	0	0	0	0	0	0	
957787	0	0	0	0	0	0	0	115	0	0	0	0	0	0	0	0	
958543	0	0	0	0	0	0	0	93	0	0	0	0	0	0	0	0	
959289	0	0	0	0	0	0	0	93	0	0	0	0	0	0	0	0	
960038	0	0	0	0	0	0	0	81	0	0	0	0	0	0	0	0	
960788	0	0	0	0	0	0	0	109	0	0	0	0	0	0	0	0	
961539	0	0	0	0	0	0	0	101	0	0	0	0	0	0	0	0	
962286	0	0	0	0	0	0	0	0	103	0	0	0	0	0	0	0	
963036	0	0	0	0	0	0	0	0	101	0	0	0	0	0	0	0	
963784	0	0	0	0	0	0	0	0	87	0	0	0	0	0	0	0	
964534	0	0	0	0	0	0	0	0	71	0	0	0	0	0	0	0	
965283	0	0	0	0	0	0	0	0	71	0	0	0	0	0	0	0	
966031	0	0	0	0	0	0	0	93	0	0	0	0	0	0	0	0	
966783	0	0	0	0	0	0	0	93	0	0	0	0	0	0	0	0	
967533	0	0	0	0	0	0	0	109	0	0	0	0	0	0	0	0	
968286	0	0	0	0	0	0	0	87	0	0	0	0	0	0	0	0	
969035	0	0	0	0	0	0	0	99	0	0	0	0	0	0	0	0	
969786	0	0	0	0	0	0	0	99	0	0	0	0	0	0	0	0	
970537	0	0	0	0	0	0	0	93	0	0	0	0	0	0	0	0	
971290	0	0	0	0	0	0	0	95	0	0	0	0	0	0	0	0	
972042	0	0	0	0	0	0	0	91	0	0	0	0	0	0	0	0	
972794	0	0	0	0	0	0	0	91	0	0	0	0	0	0	0	0	
973546	0	0	0	0	0	0	0	117	0	0	0	0	0	0	0	0	
974297	0	0	0	0	0	0	0	99	0	0	0	0	0	0	0	0	
975047	0	0	0	0	0	0	0	103	0	0	0	0	0	0	0	0	
975795	0	0	0	0	0	0	0	99	0	0	0	0	0	0	0	0	
976542	0	0	0	0	0	0	0	69	0	0	0	0	0	0	0	0	
977293	0	0	0	0	0	0	0	99	0	0	0	0	0	0	0	0	
978042	0	0	0	0	0	0	0	97	0	0	0	0	0	0	0	0	
978792	0	0	0	0	0	0	0	91	0	0	0	0	0	0	0	0	
979542	0	0	0	0	0	0	0	99	0	0	0	0	0	0	0	0	
980290	0	0	0	0	0	0	0	85	0	0	0	0	0	0	0	0	
981043	0	0	0	0	0	0	0	95	0	0	0	0	0	0	0	0	
981793	0	0	0	0	0	0	0	101	0	0	0	0	0	0	0	0	
982542	0	0	0	0	0	0	0	117	0	0	0	0	0	0	0	0	
983290	0	0	0	0	0	0	0	0	85	0	0	0	0	0	0	0	
984041	0	0	0	0	0	0	0	0	95	0	0	0	0	0	0	0	
984792	0	0	0	0	0	0	0	0	85	0	0	0	0	0	0	0	
985541	0	0	0	0	0	0	0	0	0	5	68	0	0	0	0	0	
986290	0	0	0	0	0	0	0	0	0	0	81	0	0	0	0	0	
987039	0	0	0	0	0	0	0	0	0	0	63	0	0	0	0	0	
987788	0	0	0	0	0	0	0	0	0	0	69	0	0	0	0	0	
988538	0	0	0	0	0	0	0	0	0	0	73	0	0	0	0	0	
989288	0	0	0	0	0	0	0	0	0	0	73	0	0	0	0	0	
990037	0	0	0	0	0	0	0	0	0	0	69	0	0	0	0	0	
990787	0	0	0	0	0	0	0	0	0	0	95	0	0	0	0	0	
991539	0	0	0	0	0	0	0	0	0	0	81	0	0	0	0	0	
992288	0	0	0	0	0	0	0	0	0	0	85	0	0	0	0	0	
993038	0	0	0	0	0	0	0	0	0	0	73	0	0	0	0	0	
993788	0	0	0	0	0	0	0	0	0	65	0	0	0	0	0	0	
994535	0	0	0	0	0	0	0	0	0	87	0	0	0	0	0	0	
995285	0	0	0	0	0	0	0	0	0	0	71	0	0	0	0	0	
996037	0	0	0	0	0	0	0	0	0	0	73	0	0	0	0	0	
996787	0	0	0	0	0	0	0	0	0	0	87	0	0	0	0	0	
997537	0	0	0	0	0	0	0	0	0	0	63	0	0	0	0	0	
998285	0	0	0	0	0	0	0	0	0	0	55	0	0	0	0	0	
999033	0	0	0	0	0	0	0	0	0	0	61	0	0	0	0	0	
999785	0	0	0	0	0	0	0	0	0	0	0	53	0	0	0	0	
1.00053e+06	0	0	0	0	0	0	0	0	0	0	71	0	0	0	0	0	
1.00128e+06	0	0	0	0	0	0	0	0	0	0	65	0	0	0	0	0	
1.00203e+06	0	0	0	0	0	0	0	0	0	0	83	0	0	0	0	0	
1.00278e+06	0	0	0	0	0	0	0	0	0	0	77	0	0	0	0	0	
1.00354e+06	0	0	0	0	0	0	0	0	0	0	73	0	0	0	0	0	
1.00428e+06	0	0	0	0	0	0	0	0	0	0	67	0	0	0	0	0	
1.00503e+06	0	0	0	0	0	0	0	0	0	0	71	0	0	0	0	0	
1.00578e+06	0	0	0	0	0	0	0	0	0	0	71	0	0	0	0	0	
1.00653e+06	0	0	0	0	0	0	0	0	0	0	79	0	0	0	0	0	
1.00728e+06	0	0	0	0	0	0	0	0	0	0	61	0	0	0	0	0	
1.00803e+06	0	0	0	0	0	0	0	0	0	0	81	0	0	0	0	0	
1.00878e+06	0	0	0	0	0	0	0	0	0	0	83	0	0	0	0	0	
1.00953e+06	0	0	0	0	0	0	0	0	0	0	79	0	0	0	0	0	
1.01028e+06	0	0	0	0	0	0	0	0	0	0	71	0	0	0	0	0	
1.01103e+06	0	0	0	0	0	0	0	0	0	0	69	0	0	0	0	0	
1.01178e+06	0	0	0	0	0	0	0	0	0	0	59	0	0	0	0	0	
1.01253e+06	0	0	0	0	0	0	0	0	0	0	71	0	0	0	0	0	
1.01328e+06	0	0	0	0	0	0	0	0	0	0	77	0	0	0	0	0	
1.01404e+06	0	0	0	0	0	0	0	0	0	0	57	0	0	0	0	0	
1.01478e+06	0	0	0	0	0	0	0	0	0	0	85	0	0	0	0	0	
1.01553e+06	0	0	0	0	0	0	0	0	0	0	57	0	0	0	0	0	
1.01628e+06	0	0	0	0	0	0	0	0	0	0	61	0	0	0	0	0	
1.01703e+06	0	0	0	0	0	0	0	0	0	0	69	0	0	0	0	0	
1.01779e+06	0	0	0	0	0	0	0	0	0	0	67	0	0	0	0	0	
1.01854e+06	0	0	0	0	0	0	0	0	0	0	65	0	0	0	0	0	
1.01929e+06	0	0	0	0	0	0	0	0	0	0	69	0	0	0	0	0	
1.02003e+06	0	0	0	0	0	0	0	0	0	0	81	0	0	0	0	0	
1.02078e+06	0	0	0	0	0	0	0	0	0	0	75	0	0	0	0	0	
1.02153e+06	0	0	0	0	0	0	0	0	0	0	38	27	0	0	0	0	
1.02228e+06	0	0	0	0	0	0	0	0	0	0	0	67	0	0	0	0	
1.02303e+06	0	0	0	0	0	0	0	0	0	0	0	61	0	0	0	0	
1.02378e+06	0	0	0	0	0	0	0	0	0	0	0	67	0	0	0	0	
1.02453e+06	0	0	0	0	0	0	0	0	0	0	0	69	0	0	0	0	
1.02528e+06	0	0	0	0	0	0	0	0	0	0	0	59	0	0	0	0	
1.02603e+06	0	0	0	0	0	0	0	0	0	0	0	73	0	0	0	0	
1.02678e+06	0	0	0	0	0	0	0	0	0	0	0	77	0	0	0	0	
1.02753e+06	0	0	0	0	0	0	0	0	0	0	0	77	0	0	0	0	
1.02828e+06	0	0	0	0	0	0	0	0	0	0	0	65	0	0	0	0	
1.02903e+06	0	0	0	0	0	0	0	0	0	0	0	73	0	0	0	0	
1.02978e+06	0	0	0	0	0	0	0	0	0	0	0	77	0	0	0	0	
1.03053e+06	0	0	0	0	0	0	0	0	0	0	0	0	41	0	0	0	
1.03128e+06	0	0	0	0	0	0	0	0	0	0	0	0	65	0	0	0	
1.03203e+06	0	0	0	0	0	0	0	0	0	0	0	0	61	0	0	0	
1.03278e+06	0	0	0	0	0	0	0	0	0	0	0	0	55	0	0	0	
1.03354e+06	0	0	0	0	0	0	0	0	0	0	0	0	61	0	0	0	
1.03428e+06	0	0	0	0	0	0	0	0	0	0	0	2	51	0	0	0	
1.03503e+06	0	0	0	0	0	0	0	0	0	0	0	0	71	0	0	0	
1.03578e+06	0	0	0	0	0	0	0	0	0	0	0	0	53	0	0	0	
1.03653e+06	0	0	0	0	0	0	0	0	0	0	0	0	63	0	0	0	
1.03729e+06	0	0	0	0	0	0	0	0	0	0	0	0	67	0	0	0	
1.03803e+06	0	0	0	0	0	0	0	0	0	0	0	0	61	0	0	0	
1.03878e+06	0	0	0	0	0	0	0	0	0	0	0	53	0	0	0	0	
1.03953e+06	0	0	0	0	0	0	0	0	0	0	0	63	0	0	0	0	
1.04028e+06	0	0	0	0	0	0	0	0	0	0	0	65	0	0	0	0	
1.04103e+06	0	0	0	0	0	0	0	0	0	0	0	71	0	0	0	0	
1.04178e+06	0	0	0	0	0	0	0	0	0	0	0	61	0	0	0	0	
1.04253e+06	0	0	0	0	0	0	0	0	0	0	0	55	0	0	0	0	
1.04328e+06	0	0	0	0	0	0	0	0	0	0	0	57	0	0	0	0	
1.04403e+06	0	0	0	0	0	0	0	0	0	0	0	79	0	0	0	0	
1.04478e+06	0	0	0	0	0	0	0	0	0	0	0	69	0	0	0	0	
1.04553e+06	0	0	0	0	0	0	0	0	0	0	0	85	0	0	0	0	
1.04628e+06	0	0	0	0	0	0	0	0	0	0	0	65	0	0	0	0	
1.04703e+06	0	0	0	0	0	0	0	0	0	0	0	71	0	0	0	0	
1.04778e+06	0	0	0	0	0	0	0	0	0	0	0	57	0	0	0	0	
1.04853e+06	0	0	0	0	0	0	0	0	0	0	0	61	0	0	0	0	
1.04928e+06	0	0	0	0	0	0	0	0	0	0	0	75	0	0	0	0	
1.05002e+06	0	0	0	0	0	0	0	0	0	0	0	73	0	0	0	0	
1.05077e+06	0	0	0	0	0	0	0	0	0	0	0	63	0	0	0	0	
1.05152e+06	0	0	0	0	0	0	0	0	0	0	0	49	0	0	0	0	
1.05228e+06	0	0	0	0	0	0	0	0	0	0	73	0	0	0	0	0	
1.05302e+06	0	0	0	0	0	0	0	0	0	79	0	0	0	0	0	0	
1.05377e+06	0	0	0	0	0	0	0	0	0	83	0	0	0	0	0	0	
1.05452e+06	0	0	0	0	0	0	0	0	0	77	0	0	0	0	0	0	
1.05528e+06	0	0	0	0	0	0	0	0	0	87	0	0	0	0	0	0	
1.05603e+06	0	0	0	0	0	0	0	0	0	87	0	0	0	0	0	0	
1.05678e+06	0	0	0	0	0	0	0	0	0	75	0	0	0	0	0	0	
1.05752e+06	0	0	0	0	0	0	0	0	73	0	0	0	0	0	0	0	
1.05827e+06	0	0	0	0	0	0	0	0	83	0	0	0	0	0	0	0	
1.05902e+06	0	0	0	0	0	0	0	0	93	0	0	0	0	0	0	0	
1.05977e+06	0	0	0	0	0	0	0	0	89	0	0	0	0	0	0	0	
1.06052e+06	0	0	0	0	0	0	0	0	89	0	0	0	0	0	0	0	
1.06127e+06	0	0	0	0	0	0	0	0	93	0	0	0	0	0	0	0	
1.06202e+06	0	0	0	0	0	0	0	0	95	0	0	0	0	0	0	0	
1.06277e+06	0	0	0	0	0	0	0	0	87	0	0	0	0	0	0	0	
1.06353e+06	0	0	0	0	0	0	0	0	89	0	0	0	0	0	0	0	
1.06427e+06	0	0	0	0	0	0	0	0	87	0	0	0	0	0	0	0	
1.06502e+06	0	0	0	0	0	0	0	0	99	0	0	0	0	0	0	0	
1.06577e+06	0	0	0	0	0	0	0	0	85	0	0	0	0	0	0	0	
1.06653e+06	0	0	0	0	0	0	0	0	95	0	0	0	0	0	0	0	
1.06727e+06	0	0	0	0	0	0	0	0	81	0	0	0	0	0	0	0	
1.06802e+06	0	0	0	0	0	0	0	0	77	0	0	0	0	0	0	0	
1.06877e+06	0	0	0	0	0	0	0	0	85	0	0	0	0	0	0	0	
1.06952e+06	0	0	0	0	0	0	0	0	93	0	0	0	0	0	0	0	
1.07027e+06	0	0	0	0	0	0	0	0	99	0	0	0	0	0	0	0	
1.07102e+06	0	0	0	0	0	0	0	0	87	0	0	0	0	0	0	0	
1.07177e+06	0	0	0	0	0	0	0	0	81	0	0	0	0	0	0	0	
1.07252e+06	0	0	0	0	0	0	0	0	0	73	0	0	0	0	0	0	
1.07327e+06	0	0	0	0	0	0	0	0	0	55	0	0	0	0	0	0	
1.07402e+06	0	0	0	0	0	0	0	0	0	0	65	0	0	0	0	0	
1.07477e+06	0	0	0	0	0	0	0	0	0	0	75	0	0	0	0	0	
1.07552e+06	0	0	0	0	0	0	0	0	0	0	65	0	0	0	0	0	
1.07627e+06	0	0	0	0	0	0	0	0	0	0	81	0	0	0	0	0	
1.07702e+06	0	0	0	0	0	0	0	0	0	0	79	0	0	0	0	0	
1.07776e+06	0	0	0	0	0	0	0	0	0	0	81	0	0	0	0	0	
1.07852e+06	0	0	0	0	0	0	0	0	0	0	59	0	0	0	0	0	
1.07926e+06	0	0	0	0	0	0	0	0	0	0	81	0	0	0	0	0	
1.08001e+06	0	0	0	0	0	0	0	0	0	0	75	0	0	0	0	0	
1.08076e+06	0	0	0	0	0	0	0	0	0	0	75	0	0	0	0	0	
1.08151e+06	0	0	0	0	0	0	0	0	0	0	99	0	0	0	0	0	
1.08227e+06	0	0	0	0	0	0	0	0	0	0	77	0	0	0	0	0	
1.08301e+06	0	0	0	0	0	0	0	0	0	0	69	0	0	0	0	0	
1.08376e+06	0	0	0	0	0	0	0	0	0	0	59	12	0	0	0	0	
1.08451e+06	0	0	0	0	0	0	0	0	0	0	85	0	0	0	0	0	
1.08526e+06	0	0	0	0	0	0	0	0	0	0	69	0	0	0	0	0	
1.08601e+06	0	0	0	0	0	0	0	0	0	0	87	0	0	0	0	0	
1.08676e+06	0	0	0	0	0	0	0	0	0	0	65	0	0	0	0	0	
1.08751e+06	0	0	0	0	0	0	0	0	0	0	81	0	0	0	0	0	
1.08826e+06	0	0	0	0	0	0	0	0	0	0	77	0	0	0	0	0	
1.08901e+06	0	0	0	0	0	0	0	0	0	0	77	0	0	0	0	0	
1.08976e+06	0	0	0	0	0	0	0	0	0	2	63	0	0	0	0	0	
1.09051e+06	0	0	0	0	0	0	0	0	0	0	69	0	0	0	0	0	
1.09126e+06	0	0	0	0	0	0	0	0	0	0	71	0	0	0	0	0	
1.09201e+06	0	0	0	0	0	0	0	0	0	0	57	0	0	0	0	0	
1.09276e+06	0	0	0	0	0	0	0	0	0	0	73	0	0	0	0	0	
1.09351e+06	0	0	0	0	0	0	0	0	0	0	60	7	0	0	0	0	
1.09426e+06	0	0	0	0	0	0	0	0	0	0	79	0	0	0	0	0	
1.09501e+06	0	0	0	0	0	0	0	0	0	0	93	0	0	0	0	0	
1.09576e+06	0	0	0	0	0	0	0	0	0	0	69	0	0	0	0	0	
1.09651e+06	0	0	0	0	0	0	0	0	0	77	0	0	0	0	0	0	
1.09726e+06	0	0	0	0	0	0	0	0	0	71	0	0	0	0	0	0	
1.09801e+06	0	0	0	0	0	0	0	0	0	71	0	0	0	0	0	0	
1.09876e+06	0	0	0	0	0	0	0	0	0	0	61	0	0	0	0	0	
1.09951e+06	0	0	0	0	0	0	0	0	0	0	79	0	0	0	0	0	
1.10026e+06	0	0	0	0	0	0	0	0	0	0	71	0	0	0	0	0	
1.10101e+06	0	0	0	0	0	0	0	0	0	0	65	0	0	0	0	0	
1.10176e+06	0	0	0	0	0	0	0	0	0	0	75	0	0	0	0	0	
1.10251e+06	0	0	0	0	0	0	0	0	0	0	85	0	0	0	0	0	
1.10326e+06	0	0	0	0	0	0	0	0	0	0	71	0	0	0	0	0	
1.10401e+06	0	0	0	0	0	0	0	0	0	0	85	0	0	0	0	0	
1.10476e+06	0	0	0	0	0	0	0	0	0	0	79	0	0	0	0	0	
1.10551e+06	0	0	0	0	0	0	0	0	0	0	87	0	0	0	0	0	
1.10626e+06	0	0	0	0	0	0	0	0	0	0	77	0	0	0	0	0	
1.10701e+06	0	0	0	0	0	0	0	0	0	0	91	0	0	0	0	0	
1.10776e+06	0	0	0	0	0	0	0	0	0	0	77	0	0	0	0	0	
1.10851e+06	0	0	0	0	0	0	0	0	0	0	59	0	0	0	0	0	
1.10926e+06	0	0	0	0	0	0	0	0	0	0	59	0	0	0	0	0	
1.11001e+06	0	0	0	0	0	0	0	0	0	0	75	0	0	0	0	0	
1.11076e+06	0	0	0	0	0	0	0	0	0	0	77	0	0	0	0	0	
1.11151e+06	0	0	0	0	0	0	0	0	0	0	71	0	0	0	0	0	
1.11226e+06	0	0	0	0	0	0	0	0	0	0	77	0	0	0	0	0	
1.11301e+06	0	0	0	0	0	0	0	0	0	83	0	0	0	0	0	0	
1.11376e+06	0	0	0	0	0	0	0	0	0	85	0	0	0	0	0	0	
1.11451e+06	0	0	0	0	0	0	0	0	83	0	0	0	0	0	0	0	
1.11525e+06	0	0	0	0	0	0	0	0	75	0	0	0	0	0	0	0	
1.116e+06	0	0	0	0	0	0	0	0	93	0	0	0	0	0	0	0	
1.11676e+06	0	0	0	0	0	0	0	0	89	0	0	0	0	0	0	0	
1.1175e+06	0	0	0	0	0	0	0	0	89	0	0	0	0	0	0	0	
1.11825e+06	0	0	0	0	0	0	0	0	95	0	0	0	0	0	0	0	
1.119e+06	0	0	0	0	0	0	0	0	87	0	0	0	0	0	0	0	
1.11975e+06	0	0	0	0	0	0	0	0	91	0	0	0	0	0	0	0	
1.1205e+06	0	0	0	0	0	0	0	0	81	0	0	0	0	0	0	0	
1.12126e+06	0	0	0	0	0	0	0	0	97	0	0	0	0	0	0	0	
1.12201e+06	0	0	0	0	0	0	0	0	0	97	0	0	0	0	0	0	
1.12276e+06	0	0	0	0	0	0	0	0	0	81	0	0	0	0	0	0	
1.12351e+06	0	0	0	0	0	0	0	0	0	87	0	0	0	0	0	0	
1.12426e+06	0	0	0	0	0	0	0	0	0	81	0	0	0	0	0	0	
1.125e+06	0	0	0	0	0	0	0	0	0	0	81	0	0	0	0	0	
1.12575e+06	0	0	0	0	0	0	0	0	0	95	0	0	0	0	0	0	
1.12651e+06	0	0	0	0	0	0	0	0	0	0	67	0	0	0	0	0	
1.12726e+06	0	0	0	0	0	0	0	0	0	0	83	0	0	0	0	0	
1.12801e+06	0	0	0	0	0	0	0	0	0	0	71	0	0	0	0	0	
1.12876e+06	0	0	0	0	0	0	0	0	0	0	91	0	0	0	0	0	
1.12951e+06	0	0	0	0	0	0	0	0	0	0	95	0	0	0	0	0	
1.13026e+06	0	0	0	0	0	0	0	0	0	0	53	0	0	0	0	0	
1.131e+06	0	0	0	0	0	0	0	0	0	0	65	0	0	0	0	0	
1.13176e+06	0	0	0	0	0	0	0	0	0	0	0	61	0	0	0	0	
1.13251e+06	0	0	0	0	0	0	0	0	0	0	0	63	0	0	0	0	
1.13326e+06	0	0	0	0	0	0	0	0	0	0	0	63	0	0	0	0	
1.13401e+06	0	0	0	0	0	0	0	0	0	0	0	79	0	0	0	0	
1.13476e+06	0	0	0	0	0	0	0	0	0	0	0	63	0	0	0	0	
1.13551e+06	0	0	0	0	0	0	0	0	0	0	0	0	0	67	0	0	
1.13626e+06	0	0	0	0	0	0	0	0	0	0	0	0	57	0	0	0	
1.13701e+06	0	0	0	0	0	0	0	0	0	0	0	0	63	0	0	0	
1.13776e+06	0	0	0	0	0	0	0	0	0	0	0	0	47	0	0	0	
1.13851e+06	0	0	0	0	0	0	0	0	0	0	0	0	73	0	0	0	
1.13926e+06	0	0	0	0	0	0	0	0	0	0	0	0	55	0	0	0	
1.14001e+06	0	0	0	0	0	0	0	0	0	0	0	0	69	0	0	0	
1.14076e+06	0	0	0	0	0	0	0	0	0	0	0	0	69	0	0	0	
1.14151e+06	0	0	0	0	0	0	0	0	0	0	0	0	63	0	0	0	
1.14226e+06	0	0	0	0	0	0	0	0	0	0	0	0	55	0	0	0	
1.14301e+06	0	0	0	0	0	0	0	0	0	0	0	0	63	0	0	0	
1.14376e+06	0	0	0	0	0	0	0	0	0	0	0	0	75	0	0	0	
1.14451e+06	0	0	0	0	0	0	0	0	0	0	0	0	65	0	0	0	
1.14526e+06	0	0	0	0	0	0	0	0	0	0	0	0	67	0	0	0	
1.14601e+06	0	0	0	0	0	0	0	0	0	0	0	0	67	0	0	0	
1.14676e+06	0	0	0	0	0	0	0	0	0	0	0	0	53	0	0	0	
1.14751e+06	0	0	0	0	0	0	0	0	0	0	0	0	71	0	0	0	
1.14826e+06	0	0	0	0	0	0	0	0	0	0	0	0	65	0	0	0	
1.14901e+06	0	0	0	0	0	0	0	0	0	0	0	0	69	0	0	0	
1.14976e+06	0	0	0	0	0	0	0	0	0	0	0	0	63	0	0	0	
1.15051e+06	0	0	0	0	0	0	0	0	0	0	0	0	65	0	0	0	
1.15126e+06	0	0	0	0	0	0	0	0	0	0	0	0	63	0	0	0	
1.15201e+06	0	0	0	0	0	0	0	0	0	0	0	0	57	0	0	0	
1.15276e+06	0	0	0	0	0	0	0	0	0	0	0	0	69	0	0	0	
1.15352e+06	0	0	0	0	0	0	0	0	0	0	0	0	63	0	0	0	
1.15427e+06	0	0	0	0	0	0	0	0	0	0	0	0	75	0	0	0	
1.15502e+06	0	0	0	0	0	0	0	0	0	0	0	0	57	0	0	0	
1.15576e+06	0	0	0	0	0	0	0	0	0	0	0	0	71	0	0	0	
1.15651e+06	0	0	0	0	0	0	0	0	0	0	0	0	67	0	0	0	
1.15726e+06	0	0	0	0	0	0	0	0	0	0	0	0	59	0	0	0	
1.15802e+06	0	0	0	0	0	0	0	0	0	0	0	0	59	0	0	0	
1.15877e+06	0	0	0	0	0	0	0	0	0	0	0	0	67	0	0	0	
1.15951e+06	0	0	0	0	0	0	0	0	0	0	0	0	55	0	0	0	
1.16026e+06	0	0	0	0	0	0	0	0	0	0	0	0	59	0	0	0	
1.16101e+06	0	0	0	0	0	0	0	0	0	0	0	0	63	0	0	0	
1.16176e+06	0	0	0	0	0	0	0	0	0	0	0	0	59	0	0	0	
1.16251e+06	0	0	0	0	0	0	0	0	0	0	0	0	57	0	0	0	
1.16326e+06	0	0	0	0	0	0	0	0	0	0	0	0	59	0	0	0	
1.16401e+06	0	0	0	0	0	0	0	0	0	0	0	0	55	0	0	0	
1.16476e+06	0	0	0	0	0	0	0	0	0	0	0	0	73	0	0	0	
1.1655e+06	0	0	0	0	0	0	0	0	0	0	0	0	69	0	0	0	
1.16626e+06	0	0	0	0	0	0	0	0	0	0	0	0	59	0	0	0	
1.16701e+06	0	0	0	0	0	0	0	0	0	0	0	0	57	0	0	0	
1.16775e+06	0	0	0	0	0	0	0	0	0	0	0	0	63	0	0	0	
1.16851e+06	0	0	0	0	0	0	0	0	0	0	0	0	61	0	0	0	
1.16926e+06	0	0	0	0	0	0	0	0	0	0	0	0	59	0	0	0	
1.17001e+06	0	0	0	0	0	0	0	0	0	0	0	0	61	0	0	0	
1.17076e+06	0	0	0	0	0	0	0	0	0	0	0	0	57	0	0	0	
1.17151e+06	0	0	0	0	0	0	0	0	0	0	0	0	67	0	0	0	
1.17226e+06	0	0	0	0	0	0	0	0	0	0	0	0	55	0	0	0	
1.17301e+06	0	0	0	0	0	0	0	0	0	0	0	0	53	0	0	0	
1.17375e+06	0	0	0	0	0	0	0	0	0	0	0	0	75	0	0	0	
1.1745e+06	0	0	0	0	0	0	0	0	0	0	0	0	0	55	0	0	
1.17525e+06	0	0	0	0	0	0	0	0	0	0	0	0	0	63	0	0	
1.176e+06	0	0	0	0	0	0	0	0	0	0	0	0	0	57	0	0	
1.17676e+06	0	0	0	0	0	0	0	0	0	0	0	0	0	65	0	0	
1.17751e+06	0	0	0	0	0	0	0	0	0	0	0	0	0	47	0	0	
1.17826e+06	0	0	0	0	0	0	0	0	0	0	0	0	0	51	0	0	
1.17901e+06	0	0	0	0	0	0	0	0	0	0	0	0	0	63	0	0	
1.17976e+06	0	0	0	0	0	0	0	0	0	0	0	0	0	55	0	0	
1.18051e+06	0	0	0	0	0	0	0	0	0	0	0	0	0	65	0	0	
1.18126e+06	0	0	0	0	0	0	0	0	0	0	0	0	0	0	53	0	
1.18201e+06	0	0	0	0	0	0	0	0	0	0	0	0	0	0	55	0	
1.18276e+06	0	0	0	0	0	0	0	0	0	0	0	0	0	0	51	0	
1.1835e+06	0	0	0	0	0	0	0	0	0	0	0	0	0	0	49	0	
1.18426e+06	0	0	0	0	0	0	0	0	0	0	0	0	0	0	61	0	
1.18501e+06	0	0	0	0	0	0	0	0	0	0	0	0	0	0	41	0	
1.18576e+06	0	0	0	0	0	0	0	0	0	0	0	0	0	0	55	0	
1.18651e+06	0	0	0	0	0	0	0	0	0	0	0	0	0	0	61	0	
1.18726e+06	0	0	0	0	0	0	0	0	0	0	0	0	0	0	33	0	
1.18801e+06	0	0	0	0	0	0	0	0	0	0	0	0	0	0	67	0	
1.18876e+06	0	0	0	0	0	0	0	0	0	0	0	0	0	49	0	0	
1.18952e+06	0	0	0	0	0	0	0	0	0	0	0	0	0	55	0	0	
1.19027e+06	0	0	0	0	0	0	0	0	0	0	0	0	0	59	0	0	
1.19102e+06	0	0	0	0	0	0	0	0	0	0	0	0	0	45	0	0	
1.19176e+06	0	0	0	0	0	0	0	0	0	0	0	0	0	49	0	0	
1.19252e+06	0	0	0	0	0	0	0	0	0	0	0	0	0	59	0	0	
1.19327e+06	0	0	0	0	0	0	0	0	0	0	0	0	0	53	0	0	
1.19402e+06	0	0	0	0	0	0	0	0	0	0	0	0	0	61	0	0	
1.19477e+06	0	0	0	0	0	0	0	0	0	0	0	0	0	60	1	0	
1.19552e+06	0	0	0	0	0	0	0	0	0	0	0	0	0	59	0	0	
1.19627e+06	0	0	0	0	0	0	0	0	0	0	0	0	0	0	55	0	
1.19702e+06	0	0	0	0	0	0	0	0	0	0	0	0	0	0	49	0	
1.19777e+06	0	0	0	0	0	0	0	0	0	0	0	0	0	0	45	0	
1.19852e+06	0	0	0	0	0	0	0	0	0	0	0	0	0	0	43	0	
1.19927e+06	0	0	0	0	0	0	0	0	0	0	0	0	0	0	39	0	
1.20002e+06	0	0	0	0	0	0	0	0	0	0	0	0	0	0	45	0	
1.20077e+06	0	0	0	0	0	0	0	0	0	0	0	0	0	0	0	53	
1.20152e+06	0	0	0	0	0	0	0	0	0	0	0	0	0	0	0	55	
1.20228e+06	0	0	0	0	0	0	0	0	0	0	0	0	0	0	0	39	
1.20303e+06	0	0	0	0	0	0	0	0	0	0	0	0	0	0	41	0	
1.20378e+06	0	0	0	0	0	0	0	0	0	0	0	0	0	0	57	0	
1.20453e+06	0	0	0	0	0	0	0	0	0	0	0	0	0	0	47	0	
1.20528e+06	0	0	0	0	0	0	0	0	0	0	0	0	0	0	55	0	
1.20603e+06	0	0	0	0	0	0	0	0	0	0	0	0	0	0	59	0	
1.20678e+06	0	0	0	0	0	0	0	0	0	0	0	0	0	0	55	0	
1.20753e+06	0	0	0	0	0	0	0	0	0	0	0	0	0	0	61	0	
1.20828e+06	0	0	0	0	0	0	0	0	0	0	0	0	0	0	57	0	
1.20903e+06	0	0	0	0	0	0	0	0	0	0	0	0	0	0	69	0	
1.20978e+06	0	0	0	0	0	0	0	0	0	0	0	0	0	53	0	0	
1.21053e+06	0	0	0	0	0	0	0	0	0	0	0	0	0	61	0	0	
1.21128e+06	0	0	0	0	0	0	0	0	0	0	0	0	0	55	0	0	
1.21203e+06	0	0	0	0	0	0	0	0	0	0	0	0	0	61	0	0	
1.21278e+06	0	0	0	0	0	0	0	0	0	0	0	0	0	57	0	0	
1.21353e+06	0	0	0	0	0	0	0	0	0	0	0	0	0	49	0	0	
1.21428e+06	0	0	0	0	0	0	0	0	0	0	0	0	0	0	53	0	
1.21503e+06	0	0	0	0	0	0	0	0	0	0	0	0	0	0	51	0	
1.21578e+06	0	0	0	0	0	0	0	0	0	0	0	0	0	0	51	0	
1.21653e+06	0	0	0	0	0	0	0	0	0	0	0	0	0	0	65	0	
1.21728e+06	0	0	0	0	0	0	0	0	0	0	0	0	0	0	51	0	
1.21803e+06	0	0	0	0	0	0	0	0	0	0	0	0	0	0	57	0	
1.21878e+06	0	0	0	0	0	0	0	0	0	0	0	0	0	0	61	0	
1.21953e+06	0	0	0	0	0	0	0	0	0	0	0	0	0	0	43	0	
1.22028e+06	0	0	0	0	0	0	0	0	0	0	0	0	0	0	57	0	
1.22103e+06	0	0	0	0	0	0	0	0	0	0	0	0	0	0	67	0	
1.22178e+06	0	0	0	0	0	0	0	0	0	0	0	0	0	0	53	0	
1.22253e+06	0	0	0	0	0	0	0	0	0	0	0	0	0	0	53	0	
1.22328e+06	0	0	0	0	0	0	0	0	0	0	0	0	0	23	24	0	
1.22403e+06	0	0	0	0	0	0	0	0	0	0	0	0	0	0	53	0	
1.22478e+06	0	0	0	0	0	0	0	0	0	0	0	0	0	0	59	0	
1.22553e+06	0	0	0	0	0	0	0	0	0	0	0	0	0	0	49	0	
1.22628e+06	0	0	0	0	0	0	0	0	0	0	0	0	0	0	47	0	
1.22703e+06	0	0	0	0	0	0	0	0	0	0	0	0	0	0	51	0	
1.22778e+06	0	0	0	0	0	0	0	0	0	0	0	0	0	0	49	0	
1.22852e+06	0	0	0	0	0	0	0	0	0	0	0	0	0	0	55	0	
1.22927e+06	0	0	0	0	0	0	0	0	0	0	0	0	0	0	53	0	
1.23002e+06	0	0	0	0	0	0	0	0	0	0	0	0	0	0	49	0	
1.23077e+06	0	0	0	0	0	0	0	0	0	0	0	0	0	49	0	0	
1.23153e+06	0	0	0	0	0	0	0	0	0	0	0	0	0	61	0	0	
1.23228e+06	0	0	0	0	0	0	0	0	0	0	0	0	0	59	0	0	
1.23302e+06	0	0	0	0	0	0	0	0	0	0	0	0	0	57	0	0	
1.23377e+06	0	0	0	0	0	0	0	0	0	0	0	0	0	51	0	0	
1.23452e+06	0	0	0	0	0	0	0	0	0	0	0	0	0	55	0	0	
1.23527e+06	0	0	0	0	0	0	0	0	0	0	0	0	0	57	0	0	
1.23602e+06	0	0	0	0	0	0	0	0	0	0	0	0	0	61	0	0	
1.23677e+06	0	0	0	0	0	0	0	0	0	0	0	0	0	53	0	0	
1.23752e+06	0	0	0	0	0	0	0	0	0	0	0	0	0	43	0	0	
1.23827e+06	0	0	0	0	0	0	0	0	0	0	0	0	0	65	0	0	
1.23902e+06	0	0	0	0	0	0	0	0	0	0	0	0	0	59	0	0	
1.23977e+06	0	0	0	0	0	0	0	0	0	0	0	0	0	63	0	0	
1.24052e+06	0	0	0	0	0	0	0	0	0	0	0	0	0	63	0	0	
1.24127e+06	0	0	0	0	0	0	0	0	0	0	0	0	0	59	0	0	
1.24202e+06	0	0	0	0	0	0	0	0	0	0	0	0	57	0	0	0	
1.24277e+06	0	0	0	0	0	0	0	0	0	0	0	0	65	0	0	0	
1.24352e+06	0	0	0	0	0	0	0	0	0	0	0	0	63	0	0	0	
1.24427e+06	0	0	0	0	0	0	0	0	0	0	0	0	63	0	0	0	
1.24502e+06	0	0	0	0	0	0	0	0	0	0	0	0	53	0	0	0	
1.24577e+06	0	0	0	0	0	0	0	0	0	0	0	0	63	0	0	0	
1.24652e+06	0	0	0	0	0	0	0	0	0	0	0	0	55	0	0	0	
1.24727e+06	0	0	0	0	0	0	0	0	0	0	0	0	65	0	0	0	
1.24802e+06	0	0	0	0	0	0	0	0	0	0	0	0	61	0	0	0	
1.24877e+06	0	0	0	0	0	0	0	0	0	0	0	0	59	0	0	0	
1.24952e+06	0	0	0	0	0	0	0	0	0	0	0	0	67	0	0	0	
1.25027e+06	0	0	0	0	0	0	0	0	0	0	0	0	53	0	0	0	
1.25102e+06	0	0	0	0	0	0	0	0	0	0	0	0	59	0	0	0	
1.25178e+06	0	0	0	0	0	0	0	0	0	0	0	0	67	0	0	0	
1.25253e+06	0	0	0	0	0	0	0	0	0	0	0	0	67	0	0	0	
1.25328e+06	0	0	0	0	0	0	0	0	0	0	0	0	51	0	0	0	
1.25402e+06	0	0	0	0	0	0	0	0	0	0	0	0	67	0	0	0	
1.25478e+06	0	0	0	0	0	0	0	0	0	0	0	0	69	0	0	0	
1.25553e+06	0	0	0	0	0	0	0	0	0	0	0	0	61	0	0	0	
1.25627e+06	0	0	0	0	0	0	0	0	0	0	0	0	67	0	0	0	
1.25702e+06	0	0	0	0	0	0	0	0	0	0	0	0	61	0	0	0	
1.25777e+06	0	0	0	0	0	0	0	0	0	0	0	0	69	0	0	0	
1.25852e+06	0	0	0	0	0	0	0	0	0	0	0	0	63	0	0	0	
1.25927e+06	0	0	0	0	0	0	0	0	0	0	0	0	59	0	0	0	
1.26002e+06	0	0	0	0	0	0	0	0	0	0	0	0	55	0	0	0	
1.26077e+06	0	0	0	0	0	0	0	0	0	0	0	0	53	0	0	0	
1.26152e+06	0	0	0	0	0	0	0	0	0	0	0	0	57	0	0	0	
1.26227e+06	0	0	0	0	0	0	0	0	0	0	0	0	59	0	0	0	
1.26302e+06	0	0	0	0	0	0	0	0	0	0	0	0	59	0	0	0	
1.26377e+06	0	0	0	0	0	0	0	0	0	0	0	0	65	0	0	0	
1.26452e+06	0	0	0	0	0	0	0	0	0	0	0	0	55	0	0	0	
1.26527e+06	0	0	0	0	0	0	0	0	0	0	0	0	73	0	0	0	
1.26602e+06	0	0	0	0	0	0	0	0	0	0	0	0	69	0	0	0	
1.26676e+06	0	0	0	0	0	0	0	0	0	0	0	0	61	0	0	0	
1.26751e+06	0	0	0	0	0	0	0	0	0	0	0	0	69	0	0	0	
1.26826e+06	0	0	0	0	0	0	0	0	0	0	0	0	63	0	0	0	
1.26902e+06	0	0	0	0	0	0	0	0	0	0	0	0	63	0	0	0	
1.26977e+06	0	0	0	0	0	0	0	0	0	0	0	0	59	0	0	0	
1.27052e+06	0	0	0	0	0	0	0	0	0	0	0	0	55	0	0	0	
1.27126e+06	0	0	0	0	0	0	0	0	0	0	0	0	67	0	0	0	
1.27201e+06	0	0	0	0	0	0	0	0	0	0	0	0	57	0	0	0	
1.27276e+06	0	0	0	0	0	0	0	0	0	0	0	0	23	36	0	0	
1.27351e+06	0	0	0	0	0	0	0	0	0	0	0	0	0	51	0	0	
1.27426e+06	0	0	0	0	0	0	0	0	0	0	0	0	0	77	0	0	
1.27502e+06	0	0	0	0	0	0	0	0	0	0	0	0	0	69	0	0	
1.27576e+06	0	0	0	0	0	0	0	0	0	0	0	0	0	57	0	0	
1.27651e+06	0	0	0	0	0	0	0	0	0	0	0	0	0	71	0	0	
1.27726e+06	0	0	0	0	0	0	0	0	0	0	0	0	0	69	0	0	
1.27801e+06	0	0	0	0	0	0	0	0	0	0	0	0	0	47	0	0	
1.27876e+06	0	0	0	0	0	0	0	0	0	0	0	0	0	53	0	0	
1.27951e+06	0	0	0	0	0	0	0	0	0	0	0	0	0	49	0	0	
1.28027e+06	0	0	0	0	0	0	0	0	0	0	0	0	0	55	0	0	
1.28102e+06	0	0	0	0	0	0	0	0	0	0	0	0	0	57	0	0	
1.28177e+06	0	0	0	0	0	0	0	0	0	0	0	0	0	55	0	0	
1.28252e+06	0	0	0	0	0	0	0	0	0	0	0	0	0	61	0	0	
1.28327e+06	0	0	0	0	0	0	0	0	0	0	0	0	0	53	0	0	
1.28402e+06	0	0	0	0	0	0	0	0	0	0	0	0	0	47	0	0	
1.28477e+06	0	0	0	0	0	0	0	0	0	0	0	0	0	75	0	0	
1.28552e+06	0	0	0	0	0	0	0	0	0	0	0	0	0	65	0	0	
1.28627e+06	0	0	0	0	0	0	0	0	0	0	0	0	0	61	0	0	
1.28702e+06	0	0	0	0	0	0	0	0	0	0	0	0	0	57	0	0	
1.28778e+06	0	0	0	0	0	0	0	0	0	0	0	0	0	57	0	0	
1.28853e+06	0	0	0	0	0	0	0	0	0	0	0	0	0	55	0	0	
1.28928e+06	0	0	0	0	0	0	0	0	0	0	0	0	0	65	0	0	
1.29003e+06	0	0	0	0	0	0	0	0	0	0	0	0	0	45	0	0	
1.29078e+06	0	0	0	0	0	0	0	0	0	0	0	0	0	55	0	0	
1.29153e+06	0	0	0	0	0	0	0	0	0	0	0	0	0	61	0	0	
1.29228e+06	0	0	0	0	0	0	0	0	0	0	0	0	0	65	0	0	
1.29302e+06	0	0	0	0	0	0	0	0	0	0	0	0	0	53	0	0	
1.29378e+06	0	0	0	0	0	0	0	0	0	0	0	0	0	63	0	0	
1.29453e+06	0	0	0	0	0	0	0	0	0	0	0	0	0	55	0	0	
1.29528e+06	0	0	0	0	0	0	0	0	0	0	0	0	0	73	0	0	
1.29603e+06	0	0	0	0	0	0	0	0	0	0	0	0	0	51	0	0	
1.29678e+06	0	0	0	0	0	0	0	0	0	0	0	0	0	57	0	0	
1.29754e+06	0	0	0	0	0	0	0	0	0	0	0	0	0	59	0	0	
1.29829e+06	0	0	0	0	0	0	0	0	0	0	0	0	0	71	0	0	
1.29903e+06	0	0	0	0	0	0	0	0	0	0	0	0	0	61	0	0	
1.29979e+06	0	0	0	0	0	0	0	0	0	0	0	0	0	51	0	0	
1.30054e+06	0	0	0	0	0	0	0	0	0	0	0	0	0	69	0	0	
1.30128e+06	0	0	0	0	0	0	0	0	0	0	0	0	0	57	0	0	
1.30203e+06	0	0	0	0	0	0	0	0	0	0	0	0	0	63	0	0	
1.30278e+06	0	0	0	0	0	0	0	0	0	0	0	0	0	67	0	0	
1.30353e+06	0	0	0	0	0	0	0	0	0	0	0	0	0	39	0	0	
1.30428e+06	0	0	0	0	0	0	0	0	0	0	0	0	0	47	0	0	
1.30503e+06	0	0	0	0	0	0	0	0	0	0	0	0	0	73	0	0	
1.30578e+06	0	0	0	0	0	0	0	0	0	0	0	0	0	65	0	0	
1.30653e+06	0	0	0	0	0	0	0	0	0	0	0	0	0	57	0	0	
1.30728e+06	0	0	0	0	0	0	0	0	0	0	0	0	0	55	0	0	
1.30803e+06	0	0	0	0	0	0	0	0	0	0	0	0	0	67	0	0	
1.30878e+06	0	0	0	0	0	0	0	0	0	0	0	0	0	55	0	0	
1.30953e+06	0	0	0	0	0	0	0	0	0	0	0	0	0	67	0	0	
1.31029e+06	0	0	0	0	0	0	0	0	0	0	0	0	0	53	0	0	
1.31103e+06	0	0	0	0	0	0	0	0	0	0	0	0	0	65	0	0	
1.31178e+06	0	0	0	0	0	0	0	0	0	0	0	0	0	43	0	0	
1.31254e+06	0	0	0	0	0	0	0	0	0	0	0	0	0	49	0	0	
1.31329e+06	0	0	0	0	0	0	0	0	0	0	0	0	0	0	55	0	
1.31404e+06	0	0	0	0	0	0	0	0	0	0	0	0	0	0	45	0	
1.31479e+06	0	0	0	0	0	0	0	0	0	0	0	0	0	0	49	0	
1.31554e+06	0	0	0	0	0	0	0	0	0	0	0	0	0	0	47	0	
1.31629e+06	0	0	0	0	0	0	0	0	0	0	0	0	0	51	0	0	
1.31704e+06	0	0	0	0	0	0	0	0	0	0	0	0	0	0	75	0	
1.31779e+06	0	0	0	0	0	0	0	0	0	0	0	0	0	0	67	0	
1.31854e+06	0	0	0	0	0	0	0	0	0	0	0	0	0	0	51	0	
1.31929e+06	0	0	0	0	0	0	0	0	0	0	0	0	0	0	51	0	
1.32004e+06	0	0	0	0	0	0	0	0	0	0	0	0	0	0	51	0	
1.32079e+06	0	0	0	0	0	0	0	0	0	0	0	0	0	0	69	0	
1.32154e+06	0	0	0	0	0	0	0	0	0	0	0	0	0	0	8	55	
1.32229e+06	0	0	0	0	0	0	0	0	0	0	0	0	0	0	0	41	
1.32304e+06	0	0	0	0	0	0	0	0	0	0	0	0	0	0	0	47	
1.32379e+06	0	0	0	0	0	0	0	0	0	0	0	0	0	0	0	41	
1.32454e+06	0	0	0	0	0	0	0	0	0	0	0	0	0	0	0	41	
1.32529e+06	0	0	0	0	0	0	0	0	0	0	0	0	0	0	0	45	
1.32604e+06	0	0	0	0	0	0	0	0	0	0	0	0	0	0	0	49	
1.32679e+06	0	0	0	0	0	0	0	0	0	0	0	0	0	0	0	61	
1.32754e+06	0	0	0	0	0	0	0	0	0	0	0	0	0	0	0	49	
1.32829e+06	0	0	0	0	0	0	0	0	0	0	0	0	0	0	0	39	
1.32904e+06	0	0	0	0	0	0	0	0	0	0	0	0	0	0	0	47	
1.32979e+06	0	0	0	0	0	0	0	0	0	0	0	0	0	0	0	45	
1.33054e+06	0	0	0	0	0	0	0	0	0	0	0	0	0	0	0	43	
1.33129e+06	0	0	0	0	0	0	0	0	0	0	0	0	0	0	0	59	
1.33204e+06	0	0	0	0	0	0	0	0	0	0	0	0	0	0	0	47	
1.33279e+06	0	0	0	0	0	0	0	0	0	0	0	0	0	0	0	41	
1.33354e+06	0	0	0	0	0	0	0	0	0	0	0	0	0	0	0	53	
1.3343e+06	0	0	0	0	0	0	0	0	0	0	0	0	0	0	0	33	
1.33505e+06	0	0	0	0	0	0	0	0	0	0	0	0	0	0	0	47	
1.33579e+06	0	0	0	0	0	0	0	0	0	0	0	0	0	0	0	47	
1.33655e+06	0	0	0	0	0	0	0	0	0	0	0	0	0	0	0	39	
1.3373e+06	0	0	0	0	0	0	0	0	0	0	0	0	0	0	0	47	
1.33805e+06	0	0	0	0	0	0	0	0	0	0	0	0	0	0	0	57	
1.3388e+06	0	0	0	0	0	0	0	0	0	0	0	0	0	0	0	55	
1.33955e+06	0	0	0	0	0	0	0	0	0	0	0	0	0	0	0	49	
1.3403e+06	0	0	0	0	0	0	0	0	0	0	0	0	0	0	0	55	
1.34105e+06	0	0	0	0	0	0	0	0	0	0	0	0	0	0	0	43	
1.34181e+06	0	0	0	0	0	0	0	0	0	0	0	0	0	0	0	63	
1.34255e+06	0	0	0	0	0	0	0	0	0	0	0	0	0	0	0	49	
1.34331e+06	0	0	0	0	0	0	0	0	0	0	0	0	0	0	0	51	
1.34406e+06	0	0	0	0	0	0	0	0	0	0	0	0	0	0	59	0	
1.34481e+06	0	0	0	0	0	0	0	0	0	0	0	0	0	0	39	0	
1.34555e+06	0	0	0	0	0	0	0	0	0	0	0	0	0	0	55	0	
1.3463e+06	0	0	0	0	0	0	0	0	0	0	0	0	0	0	73	0	
1.34706e+06	0	0	0	0	0	0	0	0	0	0	0	0	0	0	51	0	
1.34781e+06	0	0	0	0	0	0	0	0	0	0	0	0	0	0	55	0	
1.34856e+06	0	0	0	0	0	0	0	0	0	0	0	0	0	69	0	0	
1.34931e+06	0	0	0	0	0	0	0	0	0	0	0	0	0	57	0	0	
1.35006e+06	0	0	0	0	0	0	0	0	0	0	0	0	0	53	0	0	
1.35081e+06	0	0	0	0	0	0	0	0	0	0	0	0	0	65	0	0	
1.35156e+06	0	0	0	0	0	0	0	0	0	0	0	0	0	59	0	0	
1.35231e+06	0	0	0	0	0	0	0	0	0	0	0	0	0	47	0	0	
1.35306e+06	0	0	0	0	0	0	0	0	0	0	0	0	0	43	0	0	
1.35381e+06	0	0	0	0	0	0	0	0	0	0	0	0	0	55	0	0	
1.35457e+06	0	0	0	0	0	0	0	0	0	0	0	0	0	65	0	0	
1.35531e+06	0	0	0	0	0	0	0	0	0	0	0	0	0	63	0	0	
1.35607e+06	0	0	0	0	0	0	0	0	0	0	0	0	0	55	0	0	
1.35681e+06	0	0	0	0	0	0	0	0	0	0	0	0	0	65	0	0	
1.35756e+06	0	0	0	0	0	0	0	0	0	0	0	0	0	45	0	0	
1.35831e+06	0	0	0	0	0	0	0	0	0	0	0	0	0	65	0	0	
1.35906e+06	0	0	0	0	0	0	0	0	0	0	0	0	0	69	0	0	
1.35981e+06	0	0	0	0	0	0	0	0	0	0	0	0	0	41	0	0	
1.36057e+06	0	0	0	0	0	0	0	0	0	0	0	0	0	45	0	0	
1.36131e+06	0	0	0	0	0	0	0	0	0	0	0	0	0	69	0	0	
1.36206e+06	0	0	0	0	0	0	0	0	0	0	0	0	0	57	0	0	
1.36282e+06	0	0	0	0	0	0	0	0	0	0	0	0	0	75	0	0	
1.36357e+06	0	0	0	0	0	0	0	0	0	0	0	0	0	59	0	0	
1.36432e+06	0	0	0	0	0	0	0	0	0	0	0	0	0	69	0	0	
1.36507e+06	0	0	0	0	0	0	0	0	0	0	0	0	0	65	0	0	
1.36582e+06	0	0	0	0	0	0	0	0	0	0	0	0	0	53	0	0	
1.36657e+06	0	0	0	0	0	0	0	0	0	0	0	0	0	53	0	0	
1.36732e+06	0	0	0	0	0	0	0	0	0	0	0	0	0	61	0	0	
1.36807e+06	0	0	0	0	0	0	0	0	0	0	0	0	0	61	0	0	
1.36882e+06	0	0	0	0	0	0	0	0	0	0	0	0	0	47	0	0	
1.36956e+06	0	0	0	0	0	0	0	0	0	0	0	0	0	57	0	0	
1.37031e+06	0	0	0	0	0	0	0	0	0	0	0	0	0	53	0	0	
1.37106e+06	0	0	0	0	0	0	0	0	0	0	0	0	0	51	0	0	
1.37181e+06	0	0	0	0	0	0	0	0	0	0	0	0	0	55	0	0	
1.37256e+06	0	0	0	0	0	0	0	0	0	0	0	0	0	43	0	0	
1.37331e+06	0	0	0	0	0	0	0	0	0	0	0	0	0	55	0	0	
1.37407e+06	0	0	0	0	0	0	0	0	0	0	0	0	0	47	0	0	
1.37481e+06	0	0	0	0	0	0	0	0	0	0	0	0	0	53	0	0	
1.37556e+06	0	0	0	0	0	0	0	0	0	0	0	0	0	59	0	0	
1.37631e+06	0	0	0	0	0	0	0	0	0	0	0	0	0	61	0	0	
1.37706e+06	0	0	0	0	0	0	0	0	0	0	0	0	0	61	0	0	
1.37782e+06	0	0	0	0	0	0	0	0	0	0	0	0	0	65	0	0	
1.37857e+06	0	0	0	0	0	0	0	0	0	0	0	0	0	45	0	0	
1.37932e+06	0	0	0	0	0	0	0	0	0	0	0	0	0	57	0	0	
1.38007e+06	0	0	0	0	0	0	0	0	0	0	0	0	0	53	0	0	
1.38082e+06	0	0	0	0	0	0	0	0	0	0	0	0	0	63	0	0	
1.38157e+06	0	0	0	0	0	0	0	0	0	0	0	0	0	65	0	0	
1.38232e+06	0	0	0	0	0	0	0	0	0	0	0	0	0	61	0	0	
1.38308e+06	0	0	0	0	0	0	0	0	0	0	0	0	0	57	0	0	
1.38383e+06	0	0	0	0	0	0	0	0	0	0	0	0	0	49	0	0	
1.38458e+06	0	0	0	0	0	0	0	0	0	0	0	0	0	43	0	0	
1.38532e+06	0	0	0	0	0	0	0	0	0	0	0	0	0	59	0	0	
1.38607e+06	0	0	0	0	0	0	0	0	0	0	0	0	0	63	0	0	
1.38682e+06	0	0	0	0	0	0	0	0	0	0	0	0	0	63	0	0	
1.38758e+06	0	0	0	0	0	0	0	0	0	0	0	0	0	57	0	0	
1.38833e+06	0	0	0	0	0	0	0	0	0	0	0	0	0	51	0	0	
1.38908e+06	0	0	0	0	0	0	0	0	0	0	0	0	0	65	0	0	
1.38982e+06	0	0	0	0	0	0	0	0	0	0	0	0	0	45	0	0	
1.39057e+06	0	0	0	0	0	0	0	0	0	0	0	0	0	63	0	0	
1.39133e+06	0	0	0	0	0	0	0	0	0	0	0	0	0	53	0	0	
1.39207e+06	0	0	0	0	0	0	0	0	0	0	0	0	0	63	0	0	
1.39283e+06	0	0	0	0	0	0	0	0	0	0	0	0	0	0	49	0	
1.39357e+06	0	0	0	0	0	0	0	0	0	0	0	0	0	0	61	0	
1.39432e+06	0	0	0	0	0	0	0	0	0	0	0	0	0	0	61	0	
1.39507e+06	0	0	0	0	0	0	0	0	0	0	0	0	0	57	0	0	
1.39582e+06	0	0	0	0	0	0	0	0	0	0	0	0	0	47	0	0	
1.39657e+06	0	0	0	0	0	0	0	0	0	0	0	0	63	0	0	0	
1.39732e+06	0	0	0	0	0	0	0	0	0	0	0	57	0	0	0	0	
1.39807e+06	0	0	0	0	0	0	0	0	0	0	0	55	0	0	0	0	
1.39882e+06	0	0	0	0	0	0	0	0	0	0	0	59	0	0	0	0	
1.39957e+06	0	0	0	0	0	0	0	0	0	0	0	67	0	0	0	0	
1.40032e+06	0	0	0	0	0	0	0	0	0	0	0	63	0	0	0	0	
1.40107e+06	0	0	0	0	0	0	0	0	0	0	0	73	0	0	0	0	
1.40182e+06	0	0	0	0	0	0	0	0	0	0	0	57	0	0	0	0	
1.40257e+06	0	0	0	0	0	0	0	0	0	0	0	69	0	0	0	0	
1.40332e+06	0	0	0	0	0	0	0	0	0	0	0	73	0	0	0	0	
1.40407e+06	0	0	0	0	0	0	0	0	0	0	0	81	0	0	0	0	
1.40481e+06	0	0	0	0	0	0	0	0	0	0	0	69	0	0	0	0	
1.40557e+06	0	0	0	0	0	0	0	0	0	0	0	65	0	0	0	0	
1.40631e+06	0	0	0	0	0	0	0	0	0	0	0	69	0	0	0	0	
1.40706e+06	0	0	0	0	0	0	0	0	0	0	0	71	0	0	0	0	
1.40781e+06	0	0	0	0	0	0	0	0	0	0	0	67	0	0	0	0	
1.40856e+06	0	0	0	0	0	0	0	0	0	0	0	65	0	0	0	0	
1.40931e+06	0	0	0	0	0	0	0	0	0	0	0	59	0	0	0	0	
1.41006e+06	0	0	0	0	0	0	0	0	0	0	0	67	0	0	0	0	
1.41081e+06	0	0	0	0	0	0	0	0	0	0	0	71	0	0	0	0	
1.41156e+06	0	0	0	0	0	0	0	0	0	0	0	65	0	0	0	0	
1.41231e+06	0	0	0	0	0	0	0	0	0	0	0	71	0	0	0	0	
1.41306e+06	0	0	0	0	0	0	0	0	0	0	0	59	0	0	0	0	
1.41381e+06	0	0	0	0	0	0	0	0	0	0	0	55	0	0	0	0	
1.41457e+06	0	0	0	0	0	0	0	0	0	0	0	0	59	0	0	0	
1.41532e+06	0	0	0	0	0	0	0	0	0	0	0	0	53	0	0	0	
1.41607e+06	0	0	0	0	0	0	0	0	0	0	0	0	61	0	0	0	
1.41682e+06	0	0	0	0	0	0	0	0	0	0	0	0	71	0	0	0	
1.41757e+06	0	0	0	0	0	0	0	0	0	0	0	0	57	0	0	0	
1.41832e+06	0	0	0	0	0	0	0	0	0	0	0	0	73	0	0	0	
1.41907e+06	0	0	0	0	0	0	0	0	0	0	0	0	65	0	0	0	
1.41982e+06	0	0	0	0	0	0	0	0	0	0	0	0	61	0	0	0	
1.42057e+06	0	0	0	0	0	0	0	0	0	0	0	0	61	0	0	0	
1.42132e+06	0	0	0	0	0	0	0	0	0	0	0	0	59	0	0	0	
1.42207e+06	0	0	0	0	0	0	0	0	0	0	0	0	51	0	0	0	
1.42282e+06	0	0	0	0	0	0	0	0	0	0	0	0	65	0	0	0	
1.42357e+06	0	0	0	0	0	0	0	0	0	0	0	0	59	0	0	0	
1.42432e+06	0	0	0	0	0	0	0	0	0	0	0	0	63	0	0	0	
1.42507e+06	0	0	0	0	0	0	0	0	0	0	0	0	57	0	0	0	
1.42582e+06	0	0	0	0	0	0	0	0	0	0	0	0	61	0	0	0	
1.42657e+06	0	0	0	0	0	0	0	0	0	0	0	0	51	0	0	0	
1.42733e+06	0	0	0	0	0	0	0	0	0	0	0	0	57	0	0	0	
1.42807e+06	0	0	0	0	0	0	0	0	0	0	0	0	59	0	0	0	
1.42882e+06	0	0	0	0	0	0	0	0	0	0	0	0	51	0	0	0	
1.42957e+06	0	0	0	0	0	0	0	0	0	0	0	0	51	0	0	0	
1.43032e+06	0	0	0	0	0	0	0	0	0	0	0	0	61	0	0	0	
1.43107e+06	0	0	0	0	0	0	0	0	0	0	0	0	61	0	0	0	
1.43182e+06	0	0	0	0	0	0	0	0	0	0	0	0	71	0	0	0	
1.43257e+06	0	0	0	0	0	0	0	0	0	0	0	0	65	0	0	0	
1.43332e+06	0	0	0	0	0	0	0	0	0	0	0	0	0	43	0	0	
1.43407e+06	0	0	0	0	0	0	0	0	0	0	0	0	65	0	0	0	
1.43482e+06	0	0	0	0	0	0	0	0	0	0	0	0	63	0	0	0	
1.43557e+06	0	0	0	0	0	0	0	0	0	0	0	0	61	0	0	0	
1.43632e+06	0	0	0	0	0	0	0	0	0	0	0	0	77	0	0	0	
1.43707e+06	0	0	0	0	0	0	0	0	0	0	0	0	65	0	0	0	
1.43782e+06	0	0	0	0	0	0	0	0	0	0	0	0	65	0	0	0	
1.43857e+06	0	0	0	0	0	0	0	0	0	0	0	0	53	0	0	0	
1.43932e+06	0	0	0	0	0	0	0	0	0	0	0	0	75	0	0	0	
1.44007e+06	0	0	0	0	0	0	0	0	0	0	0	0	63	0	0	0	
1.44082e+06	0	0	0	0	0	0	0	0	0	0	0	0	67	0	0	0	
1.44156e+06	0	0	0	0	0	0	0	0	0	0	0	0	55	0	0	0	
1.44231e+06	0	0	0	0	0	0	0	0	0	0	0	0	47	0	0	0	
1.44306e+06	0	0	0	0	0	0	0	0	0	0	0	0	51	0	0	0	
1.44381e+06	0	0	0	0	0	0	0	0	0	0	0	0	67	0	0	0	
1.44456e+06	0	0	0	0	0	0	0	0	0	0	0	0	57	0	0	0	
1.44531e+06	0	0	0	0	0	0	0	0	0	0	0	0	73	0	0	0	
1.44606e+06	0	0	0	0	0	0	0	0	0	0	0	0	61	0	0	0	
1.44681e+06	0	0	0	0	0	0	0	0	0	0	0	0	71	0	0	0	
1.44756e+06	0	0	0	0	0	0	0	0	0	0	0	0	61	0	0	0	
1.44831e+06	0	0	0	0	0	0	0	0	0	0	0	65	0	0	0	0	
1.44906e+06	0	0	0	0	0	0	0	0	0	0	75	0	0	0	0	0	
1.44981e+06	0	0	0	0	0	0	0	0	0	77	0	0	0	0	0	0	
1.45056e+06	0	0	0	0	0	0	0	0	0	69	0	0	0	0	0	0	
1.45131e+06	0	0	0	0	0	0	0	0	0	87	0	0	0	0	0	0	
1.45206e+06	0	0	0	0	0	0	0	0	0	97	0	0	0	0	0	0	
1.45281e+06	0	0	0	0	0	0	0	0	0	75	0	0	0	0	0	0	
1.45356e+06	0	0	0	0	0	0	0	0	0	93	0	0	0	0	0	0	
1.45431e+06	0	0	0	0	0	0	0	0	0	81	0	0	0	0	0	0	
1.45506e+06	0	0	0	0	0	0	0	0	0	71	0	0	0	0	0	0	
1.45581e+06	0	0	0	0	0	0	0	0	0	85	0	0	0	0	0	0	
1.45656e+06	0	0	0	0	0	0	0	0	0	79	0	0	0	0	0	0	
1.45731e+06	0	0	0	0	0	0	0	0	0	83	0	0	0	0	0	0	
1.45806e+06	0	0	0	0	0	0	0	0	0	0	69	0	0	0	0	0	
1.4588e+06	0	0	0	0	0	0	0	0	0	0	81	0	0	0	0	0	
1.45955e+06	0	0	0	0	0	0	0	0	0	0	77	0	0	0	0	0	
1.4603e+06	0	0	0	0	0	0	0	0	0	13	56	0	0	0	0	0	
1.46105e+06	0	0	0	0	0	0	0	0	0	0	75	0	0	0	0	0	
1.4618e+06	0	0	0	0	0	0	0	0	0	0	73	0	0	0	0	0	
1.46255e+06	0	0	0	0	0	0	0	0	0	0	69	0	0	0	0	0	
1.4633e+06	0	0	0	0	0	0	0	0	0	0	79	0	0	0	0	0	
1.46405e+06	0	0	0	0	0	0	0	0	0	0	85	0	0	0	0	0	
1.4648e+06	0	0	0	0	0	0	0	0	0	0	0	77	0	0	0	0	
1.46555e+06	0	0	0	0	0	0	0	0	0	0	0	63	0	0	0	0	
1.46629e+06	0	0	0	0	0	0	0	0	0	0	0	71	0	0	0	0	
1.46704e+06	0	0	0	0	0	0	0	0	0	0	0	71	0	0	0	0	
1.46779e+06	0	0	0	0	0	0	0	0	0	0	0	75	0	0	0	0	
1.46854e+06	0	0	0	0	0	0	0	0	0	0	0	83	0	0	0	0	
1.46929e+06	0	0	0	0	0	0	0	0	0	0	0	69	0	0	0	0	
1.47004e+06	0	0	0	0	0	0	0	0	0	0	0	69	0	0	0	0	
1.47079e+06	0	0	0	0	0	0	0	0	0	0	0	63	0	0	0	0	
1.47154e+06	0	0	0	0	0	0	0	0	0	0	0	71	0	0	0	0	
1.47229e+06	0	0	0	0	0	0	0	0	0	0	0	67	0	0	0	0	
1.47303e+06	0	0	0	0	0	0	0	0	0	0	0	67	0	0	0	0	
1.47378e+06	0	0	0	0	0	0	0	0	0	0	0	0	55	0	0	0	
1.47453e+06	0	0	0	0	0	0	0	0	0	0	0	0	65	0	0	0	
1.47529e+06	0	0	0	0	0	0	0	0	0	0	0	0	55	0	0	0	
1.47603e+06	0	0	0	0	0	0	0	0	0	0	0	0	57	0	0	0	
1.47678e+06	0	0	0	0	0	0	0	0	0	0	0	0	51	0	0	0	
1.47753e+06	0	0	0	0	0	0	0	0	0	0	0	0	79	0	0	0	
1.47828e+06	0	0	0	0	0	0	0	0	0	0	0	0	71	0	0	0	
1.47903e+06	0	0	0	0	0	0	0	0	0	0	0	0	45	0	0	0	
1.47978e+06	0	0	0	0	0	0	0	0	0	0	0	0	45	0	0	0	
1.48053e+06	0	0	0	0	0	0	0	0	0	0	0	0	65	0	0	0	
1.48128e+06	0	0	0	0	0	0	0	0	0	0	0	0	55	0	0	0	
1.48203e+06	0	0	0	0	0	0	0	0	0	0	0	0	63	0	0	0	
1.48278e+06	0	0	0	0	0	0	0	0	0	0	0	61	0	0	0	0	
1.48352e+06	0	0	0	0	0	0	0	0	0	0	0	0	53	0	0	0	
1.48428e+06	0	0	0	0	0	0	0	0	0	0	0	0	65	0	0	0	
1.48502e+06	0	0	0	0	0	0	0	0	0	0	0	0	57	0	0	0	
1.48578e+06	0	0	0	0	0	0	0	0	0	0	0	0	71	0	0	0	
1.48652e+06	0	0	0	0	0	0	0	0	0	0	0	0	71	0	0	0	
1.48727e+06	0	0	0	0	0	0	0	0	0	0	0	0	67	0	0	0	
1.48802e+06	0	0	0	0	0	0	0	0	0	0	0	0	67	0	0	0	
1.48877e+06	0	0	0	0	0	0	0	0	0	0	0	0	49	0	0	0	
1.48953e+06	0	0	0	0	0	0	0	0	0	0	0	0	0	57	0	0	
1.49028e+06	0	0	0	0	0	0	0	0	0	0	0	0	0	0	61	0	
1.49103e+06	0	0	0	0	0	0	0	0	0	0	0	0	0	0	55	0	
1.49178e+06	0	0	0	0	0	0	0	0	0	0	0	0	0	0	57	0	
1.49253e+06	0	0	0	0	0	0	0	0	0	0	0	0	0	0	67	0	
1.49328e+06	0	0	0	0	0	0	0	0	0	0	0	0	0	0	53	0	
1.49403e+06	0	0	0	0	0	0	0	0	0	0	0	0	0	57	0	0	
1.49478e+06	0	0	0	0	0	0	0	0	0	0	0	0	0	49	0	0	
1.49553e+06	0	0	0	0	0	0	0	0	0	0	0	0	0	0	57	0	
1.49627e+06	0	0	0	0	0	0	0	0	0	0	0	0	0	0	43	0	
1.49702e+06	0	0	0	0	0	0	0	0	0	0	0	0	0	51	0	0	
1.49777e+06	0	0	0	0	0	0	0	0	0	0	0	0	0	61	0	0	
1.49852e+06	0	0	0	0	0	0	0	0	0	0	0	0	0	61	0	0	
1.49927e+06	0	0	0	0	0	0	0	0	0	0	0	0	0	61	0	0	
1.50001e+06	0	0	0	0	0	0	0	0	0	0	0	0	0	57	0	0	
1.50001e+06	0	0	0	0	0	0	0	0	0	0	0	0	0	57	0	0	
