Time	s0	s1	s2	s3	s4	s5	s6	s7	s8	s9	s10	s11	
0	0	0	0	0	0	0	0	0	0	0	0	200	
6.55213e-05	0	0	0	0	0	0	0	0	0	0	0	199	
746.364	0	0	0	0	0	0	0	0	0	0	0	63	
1494.31	0	0	0	0	0	0	0	0	0	0	0	67	
2245.85	0	0	0	0	0	0	0	0	0	0	0	65	
2996.82	0	0	0	0	0	0	0	0	0	0	0	69	
3744.55	0	0	0	0	0	0	0	0	0	0	0	61	
4491.66	0	0	0	0	0	0	0	0	0	0	0	65	
5245.13	0	0	0	0	0	0	0	0	0	0	0	69	
5992.25	0	0	0	0	0	0	0	0	0	0	0	71	
6742.28	0	0	0	0	0	0	0	0	0	0	0	57	
7492.02	0	0	0	0	0	0	0	0	0	0	0	63	
8242	0	0	0	0	0	0	0	0	0	0	0	63	
8990.86	0	0	0	0	0	0	0	0	0	0	0	71	
9740.15	0	0	0	0	0	0	0	0	0	0	0	85	
10488.2	0	0	0	0	0	0	0	0	0	0	0	65	
11236.7	0	0	0	0	0	0	0	0	0	0	0	65	
11986.8	0	0	0	0	0	0	0	0	0	0	0	69	
12739.8	0	0	0	0	0	0	0	0	0	0	0	77	
13491.6	0	0	0	0	0	0	0	0	0	0	0	65	
14240	0	0	0	0	0	0	0	0	0	0	0	61	
14988.7	0	0	0	0	0	0	0	0	0	0	0	73	
15738.7	0	0	0	0	0	0	0	0	0	0	0	81	
16487.8	0	0	0	0	0	0	0	0	0	0	0	75	
17236.8	0	0	0	0	0	0	0	0	0	0	0	67	
17986.7	0	0	0	0	0	0	0	0	0	0	0	67	
18738.9	0	0	0	0	0	0	0	0	0	0	0	57	
19487.4	0	0	0	0	0	0	0	0	0	0	0	47	
20233.9	0	0	0	0	0	0	0	0	0	0	0	49	
20985.2	0	0	0	0	0	0	0	0	0	0	0	57	
21735.4	0	0	0	0	0	0	0	0	0	0	0	73	
22482.3	0	0	0	0	0	0	0	0	0	0	0	71	
23230.2	0	0	0	0	0	0	0	0	0	0	0	65	
23978.4	0	0	0	0	0	0	0	0	0	0	0	69	
24727.2	0	0	0	0	0	0	0	0	0	0	0	65	
25477.5	0	0	0	0	0	0	0	0	0	0	0	85	
26227.6	0	0	0	0	0	0	0	0	0	0	0	83	
26977	0	0	0	0	0	0	0	0	0	0	0	89	
27724.5	0	0	0	0	0	0	0	0	0	0	0	71	
28470.4	0	0	0	0	0	0	0	0	0	0	0	73	
29220.3	0	0	0	0	0	0	0	0	0	0	0	67	
29969.1	0	0	0	0	0	0	0	0	0	0	0	65	
30721.2	0	0	0	0	0	0	0	0	0	0	0	67	
31472.2	0	0	0	0	0	0	0	0	0	0	0	67	
32222.4	0	0	0	0	0	0	0	0	0	0	0	59	
32973.9	0	0	0	0	0	0	0	0	0	0	0	73	
33726.6	0	0	0	0	0	0	0	0	0	0	0	75	
34474.7	0	0	0	0	0	0	0	0	0	0	0	83	
35221.6	0	0	0	0	0	0	0	0	0	0	0	59	
35971.4	0	0	0	0	0	0	0	0	0	0	0	75	
36721.1	0	0	0	0	0	0	0	0	0	0	0	75	
37471.6	0	0	0	0	0	0	0	0	0	0	0	67	
38220.2	0	0	0	0	0	0	0	0	0	0	0	65	
38971.1	0	0	0	0	0	0	0	0	0	0	0	61	
39720.6	0	0	0	0	0	0	0	0	0	0	0	57	
40471.1	0	0	0	0	0	0	0	0	0	0	0	65	
41220.4	0	0	0	0	0	0	0	0	0	0	0	63	
41973.5	0	0	0	0	0	0	0	0	0	0	0	53	
42725.1	0	0	0	0	0	0	0	0	0	0	0	63	
43474.1	0	0	0	0	0	0	0	0	0	0	0	71	
44226.1	0	0	0	0	0	0	0	0	0	0	85	0	
44977.1	0	0	0	0	0	0	0	0	0	0	79	0	
45726.7	0	0	0	0	0	0	0	0	0	0	59	0	
46477.7	0	0	0	0	0	0	0	0	0	0	57	0	
47228.6	0	0	0	0	0	0	0	0	0	0	77	0	
47979.1	0	0	0	0	0	0	0	0	0	0	69	0	
48729.4	0	0	0	0	0	0	0	0	0	0	77	0	
49482.1	0	0	0	0	0	0	0	0	0	0	85	0	
50233.2	0	0	0	0	0	0	0	0	0	0	85	0	
50985.5	0	0	0	0	0	0	0	0	0	0	73	0	
51732	0	0	0	0	0	0	0	0	0	0	79	0	
52481.3	0	0	0	0	0	0	0	0	0	0	81	0	
53231.2	0	0	0	0	0	0	0	0	0	0	79	0	
53980.1	0	0	0	0	0	0	0	0	0	0	67	0	
54731.3	0	0	0	0	0	0	0	0	0	0	59	0	
55480.5	0	0	0	0	0	0	0	0	0	0	63	0	
56227.9	0	0	0	0	0	0	0	0	0	77	0	0	
56978	0	0	0	0	0	0	0	0	0	83	0	0	
57727.1	0	0	0	0	0	0	0	0	0	73	0	0	
58476.5	0	0	0	0	0	0	0	0	0	85	0	0	
59227	0	0	0	0	0	0	0	0	0	73	0	0	
59977.3	0	0	0	0	0	0	0	0	0	77	0	0	
60727.3	0	0	0	0	0	0	0	0	0	65	0	0	
61478.1	0	0	0	0	0	0	0	0	0	77	0	0	
62227.4	0	0	0	0	0	0	0	0	0	99	0	0	
62979.6	0	0	0	0	0	0	0	0	0	79	0	0	
63731.9	0	0	0	0	0	0	0	0	81	0	0	0	
64483.7	0	0	0	0	0	0	0	0	79	0	0	0	
65234.7	0	0	0	0	0	0	0	0	109	0	0	0	
65985.1	0	0	0	0	0	0	0	0	107	0	0	0	
66739.8	0	0	0	0	0	0	0	0	93	0	0	0	
67490.4	0	0	0	0	0	0	0	0	101	0	0	0	
68240.6	0	0	0	0	0	0	0	0	85	0	0	0	
68990.4	0	0	0	0	0	0	0	0	81	0	0	0	
69739.5	0	0	0	0	0	0	0	0	99	0	0	0	
70490.9	0	0	0	0	0	0	0	0	101	0	0	0	
71241.7	0	0	0	0	0	0	0	0	93	0	0	0	
71991.5	0	0	0	0	0	0	0	0	91	0	0	0	
72741.6	0	0	0	0	0	0	0	0	83	0	0	0	
73491.4	0	0	0	0	0	0	0	0	75	0	0	0	
74242.5	0	0	0	0	0	0	0	0	83	0	0	0	
74996.9	0	0	0	0	0	0	0	0	73	0	0	0	
75744.1	0	0	0	0	0	0	0	0	97	0	0	0	
76491.7	0	0	0	0	0	0	0	0	79	0	0	0	
77244	0	0	0	0	0	0	0	0	99	0	0	0	
77997.2	0	0	0	0	0	0	0	99	0	0	0	0	
78750.2	0	0	0	0	0	0	0	111	0	0	0	0	
79499.6	0	0	0	0	0	0	0	107	0	0	0	0	
80249	0	0	0	0	0	0	0	105	0	0	0	0	
80999.4	0	0	0	0	0	0	0	107	0	0	0	0	
81746.7	0	0	0	0	0	0	0	113	0	0	0	0	
82497.5	0	0	0	0	0	0	0	0	79	0	0	0	
83246.5	0	0	0	0	0	0	0	0	83	0	0	0	
83995.7	0	0	0	0	0	0	0	0	93	0	0	0	
84746.4	0	0	0	0	0	0	0	0	81	0	0	0	
85497.1	0	0	0	0	0	0	0	0	83	0	0	0	
86246.6	0	0	0	0	0	0	0	0	87	0	0	0	
86997.7	0	0	0	0	0	0	0	0	97	0	0	0	
87741.2	0	0	0	0	0	0	0	0	79	0	0	0	
88491.1	0	0	0	0	0	0	0	0	103	0	0	0	
89237	0	0	0	0	0	0	0	0	79	0	0	0	
89989.3	0	0	0	0	0	0	0	0	85	0	0	0	
90737	0	0	0	0	0	0	0	0	89	0	0	0	
91491.5	0	0	0	0	0	0	0	0	97	0	0	0	
92242.3	0	0	0	0	0	0	0	0	109	0	0	0	
92994.6	0	0	0	0	0	0	0	0	79	0	0	0	
93744.8	0	0	0	0	0	0	0	0	101	0	0	0	
94495.7	0	0	0	0	0	0	0	0	85	0	0	0	
95245.2	0	0	0	0	0	0	0	0	97	0	0	0	
95998.2	0	0	0	0	0	0	0	0	91	0	0	0	
96750.5	0	0	0	0	0	0	0	0	0	99	0	0	
97501.4	0	0	0	0	0	0	0	0	0	58	9	0	
98251.6	0	0	0	0	0	0	0	0	0	97	0	0	
99004.3	0	0	0	0	0	0	0	0	0	87	0	0	
99756.9	0	0	0	0	0	0	0	0	0	93	0	0	
100510	0	0	0	0	0	0	0	0	0	95	0	0	
101263	0	0	0	0	0	0	0	0	0	73	0	0	
102012	0	0	0	0	0	0	0	0	95	0	0	0	
102766	0	0	0	0	0	0	0	0	87	0	0	0	
103515	0	0	0	0	0	0	0	0	79	0	0	0	
104265	0	0	0	0	0	0	0	0	85	0	0	0	
105015	0	0	0	0	0	0	0	0	79	0	0	0	
105764	0	0	0	0	0	0	0	0	79	0	0	0	
106512	0	0	0	0	0	0	0	0	95	0	0	0	
107260	0	0	0	0	0	0	0	0	93	0	0	0	
108014	0	0	0	0	0	0	0	0	95	0	0	0	
108764	0	0	0	0	0	0	0	0	73	0	0	0	
109515	0	0	0	0	0	0	0	0	83	0	0	0	
110264	0	0	0	0	0	0	0	0	95	0	0	0	
111015	0	0	0	0	0	0	0	0	99	0	0	0	
111762	0	0	0	0	0	0	0	0	99	0	0	0	
112514	0	0	0	0	0	0	0	0	77	0	0	0	
113266	0	0	0	0	0	0	0	0	111	0	0	0	
114016	0	0	0	0	0	0	0	0	85	0	0	0	
114763	0	0	0	0	0	0	0	0	87	0	0	0	
115514	0	0	0	0	0	0	0	0	75	0	0	0	
116262	0	0	0	0	0	0	0	0	71	0	0	0	
117008	0	0	0	0	0	0	0	0	101	0	0	0	
117756	0	0	0	0	0	0	0	0	91	0	0	0	
118505	0	0	0	0	0	0	0	6	77	0	0	0	
119252	0	0	0	0	0	0	0	0	105	0	0	0	
120003	0	0	0	0	0	0	0	0	89	0	0	0	
120754	0	0	0	0	0	0	0	0	89	0	0	0	
121502	0	0	0	0	0	0	0	0	99	0	0	0	
122253	0	0	0	0	0	0	0	0	87	0	0	0	
123005	0	0	0	0	0	0	0	0	99	0	0	0	
123756	0	0	0	0	0	0	0	0	87	0	0	0	
124506	0	0	0	0	0	0	0	0	91	0	0	0	
125256	0	0	0	0	0	0	0	0	95	0	0	0	
126005	0	0	0	0	0	0	0	0	91	0	0	0	
126756	0	0	0	0	0	0	0	0	67	0	0	0	
127504	0	0	0	0	0	0	0	0	93	0	0	0	
128255	0	0	0	0	0	0	0	0	89	0	0	0	
129002	0	0	0	0	0	0	0	0	81	0	0	0	
129757	0	0	0	0	0	0	0	0	79	0	0	0	
130508	0	0	0	0	0	0	0	0	97	0	0	0	
131257	0	0	0	0	0	0	0	0	77	0	0	0	
132007	0	0	0	0	0	0	0	0	93	0	0	0	
132760	0	0	0	0	0	0	0	0	93	0	0	0	
133510	0	0	0	0	0	0	0	0	0	103	0	0	
134261	0	0	0	0	0	0	0	0	0	67	0	0	
135013	0	0	0	0	0	0	0	0	0	75	0	0	
135763	0	0	0	0	0	0	0	0	0	93	0	0	
136514	0	0	0	0	0	0	0	0	0	69	0	0	
137261	0	0	0	0	0	0	0	0	0	89	0	0	
138005	0	0	0	0	0	0	0	0	0	81	0	0	
138755	0	0	0	0	0	0	0	0	0	75	0	0	
139507	0	0	0	0	0	0	0	0	0	83	0	0	
140257	0	0	0	0	0	0	0	0	0	77	0	0	
141006	0	0	0	0	0	0	0	0	0	81	0	0	
141756	0	0	0	0	0	0	0	0	0	67	0	0	
142505	0	0	0	0	0	0	0	0	0	79	0	0	
143257	0	0	0	0	0	0	0	0	0	79	0	0	
144010	0	0	0	0	0	0	0	0	0	83	0	0	
144760	0	0	0	0	0	0	0	0	0	81	0	0	
145509	0	0	0	0	0	0	0	0	0	85	0	0	
146259	0	0	0	0	0	0	0	0	0	91	0	0	
147010	0	0	0	0	0	0	0	0	0	87	0	0	
147758	0	0	0	0	0	0	0	0	0	69	0	0	
148507	0	0	0	0	0	0	0	0	0	79	0	0	
149256	0	0	0	0	0	0	0	0	0	85	0	0	
150007	0	0	0	0	0	0	0	0	0	81	0	0	
150758	0	0	0	0	0	0	0	0	0	93	0	0	
151511	0	0	0	0	0	0	0	0	0	79	0	0	
152259	0	0	0	0	0	0	0	0	0	97	0	0	
153011	0	0	0	0	0	0	0	0	0	85	0	0	
153762	0	0	0	0	0	0	0	0	0	95	0	0	
154510	0	0	0	0	0	0	0	0	0	59	0	0	
155258	0	0	0	0	0	0	0	0	0	89	0	0	
156005	0	0	0	0	0	0	0	0	0	79	0	0	
156753	0	0	0	0	0	0	0	0	0	89	0	0	
157503	0	0	0	0	0	0	0	0	0	85	0	0	
158252	0	0	0	0	0	0	0	0	0	81	0	0	
159000	0	0	0	0	0	0	0	0	97	0	0	0	
159751	0	0	0	0	0	0	0	0	93	0	0	0	
160504	0	0	0	0	0	0	0	0	93	0	0	0	
161254	0	0	0	0	0	0	0	0	111	0	0	0	
162002	0	0	0	0	0	0	0	0	91	0	0	0	
162751	0	0	0	0	0	0	0	0	77	0	0	0	
163502	0	0	0	0	0	0	0	0	95	0	0	0	
164251	0	0	0	0	0	0	0	0	69	0	0	0	
165001	0	0	0	0	0	0	0	0	83	0	0	0	
165751	0	0	0	0	0	0	0	0	89	0	0	0	
166502	0	0	0	0	0	0	0	0	81	0	0	0	
167253	0	0	0	0	0	0	0	0	85	0	0	0	
168006	0	0	0	0	0	0	0	0	59	0	0	0	
168758	0	0	0	0	0	0	0	0	91	0	0	0	
169507	0	0	0	0	0	0	0	0	99	0	0	0	
170256	0	0	0	0	0	0	0	0	111	0	0	0	
171009	0	0	0	0	0	0	0	0	87	0	0	0	
171760	0	0	0	0	0	0	0	0	87	0	0	0	
172511	0	0	0	0	0	0	0	0	97	0	0	0	
173258	0	0	0	0	0	0	0	0	85	0	0	0	
174008	0	0	0	0	0	0	0	0	87	0	0	0	
174757	0	0	0	0	0	0	0	0	101	0	0	0	
175505	0	0	0	0	0	0	0	0	111	0	0	0	
176258	0	0	0	0	0	0	0	0	83	0	0	0	
177004	0	0	0	0	0	0	0	0	79	0	0	0	
177754	0	0	0	0	0	0	0	0	91	0	0	0	
178506	0	0	0	0	0	0	0	0	99	0	0	0	
179258	0	0	0	0	0	0	0	0	87	0	0	0	
180008	0	0	0	0	0	0	0	0	91	0	0	0	
180758	0	0	0	0	0	0	0	0	87	0	0	0	
181511	0	0	0	0	0	0	0	0	87	0	0	0	
182263	0	0	0	0	0	0	0	0	95	0	0	0	
183014	0	0	0	0	0	0	0	0	99	0	0	0	
183768	0	0	0	0	0	0	0	97	0	0	0	0	
184518	0	0	0	0	0	0	0	103	0	0	0	0	
185268	0	0	0	0	0	0	0	125	0	0	0	0	
186017	0	0	0	0	0	0	0	0	101	0	0	0	
186767	0	0	0	0	0	0	0	0	101	0	0	0	
187517	0	0	0	0	0	0	0	0	97	0	0	0	
188266	0	0	0	0	0	0	0	0	97	0	0	0	
189016	0	0	0	0	0	0	0	0	87	0	0	0	
189764	0	0	0	0	0	0	0	0	81	0	0	0	
190514	0	0	0	0	0	0	0	0	89	0	0	0	
191263	0	0	0	0	0	0	0	0	77	0	0	0	
192014	0	0	0	0	0	0	0	0	89	0	0	0	
192764	0	0	0	0	0	0	0	0	89	0	0	0	
193515	0	0	0	0	0	0	0	0	91	0	0	0	
194266	0	0	0	0	0	0	0	0	89	0	0	0	
195012	0	0	0	0	0	0	0	0	83	0	0	0	
195767	0	0	0	0	0	0	0	0	93	0	0	0	
196516	0	0	0	0	0	0	0	0	105	0	0	0	
197266	0	0	0	0	0	0	0	0	85	0	0	0	
198015	0	0	0	0	0	0	0	0	95	0	0	0	
198764	0	0	0	0	0	0	0	0	93	0	0	0	
199514	0	0	0	0	0	0	0	0	111	0	0	0	
200264	0	0	0	0	0	0	0	0	103	0	0	0	
201012	0	0	0	0	0	0	0	0	95	0	0	0	
201762	0	0	0	0	0	0	0	0	93	0	0	0	
202512	0	0	0	0	0	0	0	105	0	0	0	0	
203264	0	0	0	0	0	0	58	47	0	0	0	0	
204012	0	0	0	0	0	0	123	0	0	0	0	0	
204765	0	0	0	0	0	0	125	0	0	0	0	0	
205514	0	0	0	0	0	0	121	0	0	0	0	0	
206261	0	0	0	0	0	0	117	0	0	0	0	0	
207012	0	0	0	0	0	0	119	0	0	0	0	0	
207763	0	0	0	0	0	0	127	0	0	0	0	0	
208510	0	0	0	0	0	0	109	0	0	0	0	0	
209259	0	0	0	0	0	0	113	0	0	0	0	0	
210011	0	0	0	0	0	0	117	0	0	0	0	0	
210763	0	0	0	0	0	0	125	0	0	0	0	0	
211510	0	0	0	0	0	0	119	0	0	0	0	0	
212261	0	0	0	0	0	0	137	0	0	0	0	0	
213010	0	0	0	0	0	0	93	0	0	0	0	0	
213759	0	0	0	0	0	0	107	0	0	0	0	0	
214511	0	0	0	0	0	51	82	0	0	0	0	0	
215263	0	0	0	0	0	135	0	0	0	0	0	0	
216012	0	0	0	0	0	131	0	0	0	0	0	0	
216761	0	0	0	0	0	139	0	0	0	0	0	0	
217510	0	0	0	0	0	121	0	0	0	0	0	0	
218260	0	0	0	0	0	147	0	0	0	0	0	0	
219012	0	0	0	0	0	131	0	0	0	0	0	0	
219762	0	0	0	0	0	139	0	0	0	0	0	0	
220512	0	0	0	0	117	30	0	0	0	0	0	0	
221262	0	0	0	0	151	0	0	0	0	0	0	0	
222016	0	0	0	0	163	0	0	0	0	0	0	0	
222769	0	0	0	0	167	0	0	0	0	0	0	0	
223519	0	0	0	0	151	0	0	0	0	0	0	0	
224272	0	0	0	0	157	0	0	0	0	0	0	0	
225024	0	0	0	0	159	0	0	0	0	0	0	0	
225772	0	0	0	0	139	0	0	0	0	0	0	0	
226521	0	0	0	0	143	0	0	0	0	0	0	0	
227270	0	0	0	0	175	0	0	0	0	0	0	0	
228019	0	0	0	0	157	0	0	0	0	0	0	0	
228769	0	0	0	0	181	0	0	0	0	0	0	0	
229517	0	0	0	0	183	0	0	0	0	0	0	0	
230268	0	0	0	0	145	0	0	0	0	0	0	0	
231018	0	0	0	0	147	0	0	0	0	0	0	0	
231771	0	0	0	0	157	0	0	0	0	0	0	0	
232522	0	0	0	0	147	0	0	0	0	0	0	0	
233269	0	0	0	0	149	0	0	0	0	0	0	0	
234022	0	0	0	0	177	0	0	0	0	0	0	0	
234769	0	0	0	0	141	0	0	0	0	0	0	0	
235522	0	0	0	0	175	0	0	0	0	0	0	0	
236273	0	0	0	0	169	0	0	0	0	0	0	0	
237024	0	0	0	0	161	0	0	0	0	0	0	0	
237778	0	0	0	0	145	0	0	0	0	0	0	0	
238525	0	0	0	0	161	0	0	0	0	0	0	0	
239273	0	0	0	0	157	0	0	0	0	0	0	0	
240023	0	0	0	0	181	0	0	0	0	0	0	0	
240772	0	0	0	0	147	0	0	0	0	0	0	0	
241521	0	0	0	0	161	0	0	0	0	0	0	0	
242274	0	0	0	0	161	0	0	0	0	0	0	0	
243027	0	0	0	0	151	0	0	0	0	0	0	0	
243775	0	0	0	0	163	0	0	0	0	0	0	0	
244525	0	0	0	0	165	0	0	0	0	0	0	0	
245274	0	0	0	0	153	0	0	0	0	0	0	0	
246024	0	0	0	201	0	0	0	0	0	0	0	0	
246772	0	0	0	203	0	0	0	0	0	0	0	0	
247520	0	0	7	210	0	0	0	0	0	0	0	0	
248270	0	0	0	209	0	0	0	0	0	0	0	0	
249021	0	0	0	183	0	0	0	0	0	0	0	0	
249771	0	0	0	199	0	0	0	0	0	0	0	0	
250520	0	0	0	211	0	0	0	0	0	0	0	0	
251269	0	0	0	173	0	0	0	0	0	0	0	0	
252021	0	0	0	189	0	0	0	0	0	0	0	0	
252766	0	0	0	207	0	0	0	0	0	0	0	0	
253518	0	0	0	173	0	0	0	0	0	0	0	0	
254270	0	0	0	189	0	0	0	0	0	0	0	0	
255020	0	0	0	185	0	0	0	0	0	0	0	0	
255771	0	0	0	199	0	0	0	0	0	0	0	0	
256521	0	0	0	195	0	0	0	0	0	0	0	0	
257269	0	0	0	207	0	0	0	0	0	0	0	0	
258015	0	0	0	211	0	0	0	0	0	0	0	0	
258765	0	0	0	199	0	0	0	0	0	0	0	0	
259510	0	0	0	223	0	0	0	0	0	0	0	0	
260258	0	0	0	197	0	0	0	0	0	0	0	0	
261004	0	0	0	177	0	0	0	0	0	0	0	0	
261751	0	0	0	215	0	0	0	0	0	0	0	0	
262503	0	0	0	209	0	0	0	0	0	0	0	0	
263249	0	0	0	211	0	0	0	0	0	0	0	0	
264000	0	0	0	203	0	0	0	0	0	0	0	0	
264752	0	0	0	199	0	0	0	0	0	0	0	0	
265501	0	0	0	183	0	0	0	0	0	0	0	0	
266255	0	0	0	187	0	0	0	0	0	0	0	0	
267002	0	0	0	199	0	0	0	0	0	0	0	0	
267754	0	0	0	203	0	0	0	0	0	0	0	0	
268502	0	0	0	209	0	0	0	0	0	0	0	0	
269254	0	0	0	191	0	0	0	0	0	0	0	0	
270004	0	0	0	211	0	0	0	0	0	0	0	0	
270755	0	0	0	203	0	0	0	0	0	0	0	0	
271507	0	0	0	179	0	0	0	0	0	0	0	0	
272258	0	0	0	201	0	0	0	0	0	0	0	0	
273009	0	0	0	195	0	0	0	0	0	0	0	0	
273757	0	0	0	181	0	0	0	0	0	0	0	0	
274509	0	0	0	207	0	0	0	0	0	0	0	0	
275260	0	0	0	203	0	0	0	0	0	0	0	0	
276010	0	0	0	199	0	0	0	0	0	0	0	0	
276759	0	0	0	221	0	0	0	0	0	0	0	0	
277510	0	0	0	217	0	0	0	0	0	0	0	0	
278260	0	0	0	215	0	0	0	0	0	0	0	0	
279007	0	0	0	223	0	0	0	0	0	0	0	0	
279757	0	0	0	209	0	0	0	0	0	0	0	0	
280507	0	0	0	213	0	0	0	0	0	0	0	0	
281256	0	0	0	193	0	0	0	0	0	0	0	0	
282003	0	0	0	213	0	0	0	0	0	0	0	0	
282755	0	0	0	175	0	0	0	0	0	0	0	0	
283506	0	0	0	193	0	0	0	0	0	0	0	0	
284255	0	0	0	199	0	0	0	0	0	0	0	0	
285006	0	0	0	191	0	0	0	0	0	0	0	0	
285755	0	0	0	185	0	0	0	0	0	0	0	0	
286506	0	0	0	187	0	0	0	0	0	0	0	0	
287257	0	0	0	213	0	0	0	0	0	0	0	0	
288012	0	0	0	223	0	0	0	0	0	0	0	0	
288761	0	0	0	193	0	0	0	0	0	0	0	0	
289513	0	0	0	193	0	0	0	0	0	0	0	0	
290260	0	0	0	207	0	0	0	0	0	0	0	0	
291010	0	0	0	229	0	0	0	0	0	0	0	0	
291761	0	0	0	201	0	0	0	0	0	0	0	0	
292511	0	0	0	191	0	0	0	0	0	0	0	0	
293264	0	0	225	34	0	0	0	0	0	0	0	0	
294016	0	0	269	0	0	0	0	0	0	0	0	0	
294765	0	0	253	0	0	0	0	0	0	0	0	0	
295515	0	0	0	215	0	0	0	0	0	0	0	0	
296263	0	0	0	217	0	0	0	0	0	0	0	0	
297013	0	0	0	201	0	0	0	0	0	0	0	0	
297763	0	0	0	165	0	0	0	0	0	0	0	0	
298512	0	0	0	187	0	0	0	0	0	0	0	0	
299266	0	0	0	221	0	0	0	0	0	0	0	0	
300018	0	0	0	213	0	0	0	0	0	0	0	0	
300771	0	0	0	213	0	0	0	0	0	0	0	0	
301523	0	0	0	181	0	0	0	0	0	0	0	0	
302272	0	0	0	179	0	0	0	0	0	0	0	0	
303022	0	0	0	209	0	0	0	0	0	0	0	0	
303776	0	0	0	215	2	0	0	0	0	0	0	0	
304527	0	0	0	199	0	0	0	0	0	0	0	0	
305277	0	0	2	201	0	0	0	0	0	0	0	0	
306028	0	0	0	187	0	0	0	0	0	0	0	0	
306774	0	0	0	195	0	0	0	0	0	0	0	0	
307525	0	0	0	207	0	0	0	0	0	0	0	0	
308276	0	0	0	187	0	0	0	0	0	0	0	0	
309028	0	0	0	223	0	0	0	0	0	0	0	0	
309775	0	0	0	199	0	0	0	0	0	0	0	0	
310525	0	0	0	187	0	0	0	0	0	0	0	0	
311271	0	0	0	225	0	0	0	0	0	0	0	0	
312022	0	0	0	193	0	0	0	0	0	0	0	0	
312777	0	0	0	203	0	0	0	0	0	0	0	0	
313528	0	0	0	155	0	0	0	0	0	0	0	0	
314278	0	0	0	207	0	0	0	0	0	0	0	0	
315030	0	0	0	209	0	0	0	0	0	0	0	0	
315780	0	0	0	191	0	0	0	0	0	0	0	0	
316530	0	0	0	177	0	0	0	0	0	0	0	0	
317279	0	0	0	0	167	0	0	0	0	0	0	0	
318030	0	0	0	0	147	0	0	0	0	0	0	0	
318777	0	0	0	0	159	0	0	0	0	0	0	0	
319530	0	0	0	0	163	0	0	0	0	0	0	0	
320277	0	0	0	0	0	133	0	0	0	0	0	0	
321029	0	0	0	0	0	125	0	0	0	0	0	0	
321781	0	0	0	0	0	121	0	0	0	0	0	0	
322533	0	0	0	0	0	139	0	0	0	0	0	0	
323283	0	0	0	0	0	131	0	0	0	0	0	0	
324034	0	0	0	0	0	127	0	0	0	0	0	0	
324782	0	0	0	0	0	141	0	0	0	0	0	0	
325531	0	0	0	0	0	133	0	0	0	0	0	0	
326283	0	0	0	0	0	141	0	0	0	0	0	0	
327033	0	0	0	0	0	113	0	0	0	0	0	0	
327782	0	0	0	0	0	113	0	0	0	0	0	0	
328530	0	0	0	0	0	129	0	0	0	0	0	0	
329280	0	0	0	0	0	129	0	0	0	0	0	0	
330033	0	0	0	0	0	135	0	0	0	0	0	0	
330783	0	0	0	0	0	123	0	0	0	0	0	0	
331533	0	0	0	0	0	147	0	0	0	0	0	0	
332284	0	0	0	0	0	129	0	0	0	0	0	0	
333036	0	0	0	0	0	117	0	0	0	0	0	0	
333783	0	0	0	0	0	151	0	0	0	0	0	0	
334534	0	0	0	0	0	151	0	0	0	0	0	0	
335285	0	0	0	0	0	115	0	0	0	0	0	0	
336032	0	0	0	0	0	135	0	0	0	0	0	0	
336783	0	0	0	0	0	155	0	0	0	0	0	0	
337532	0	0	0	0	0	123	0	0	0	0	0	0	
338281	0	0	0	0	0	137	0	0	0	0	0	0	
339031	0	0	0	0	0	133	0	0	0	0	0	0	
339776	0	0	0	0	0	121	0	0	0	0	0	0	
340526	0	0	0	0	0	123	0	0	0	0	0	0	
341277	0	0	0	0	161	0	0	0	0	0	0	0	
342026	0	0	0	0	163	0	0	0	0	0	0	0	
342776	0	0	0	207	0	0	0	0	0	0	0	0	
343521	0	0	224	15	0	0	0	0	0	0	0	0	
344272	0	0	247	0	0	0	0	0	0	0	0	0	
345022	0	0	265	0	0	0	0	0	0	0	0	0	
345770	0	161	172	0	0	0	0	0	0	0	0	0	
346519	0	0	229	0	0	0	0	0	0	0	0	0	
347267	0	0	251	0	0	0	0	0	0	0	0	0	
348019	0	0	237	0	0	0	0	0	0	0	0	0	
348768	0	0	263	0	0	0	0	0	0	0	0	0	
349520	0	0	279	0	0	0	0	0	0	0	0	0	
350269	0	0	261	0	0	0	0	0	0	0	0	0	
351021	0	0	247	0	0	0	0	0	0	0	0	0	
351773	0	0	249	0	0	0	0	0	0	0	0	0	
352525	0	0	259	0	0	0	0	0	0	0	0	0	
353273	0	0	239	0	0	0	0	0	0	0	0	0	
354017	0	0	239	0	0	0	0	0	0	0	0	0	
354766	0	0	251	0	0	0	0	0	0	0	0	0	
355518	0	0	257	0	0	0	0	0	0	0	0	0	
356268	0	0	211	0	0	0	0	0	0	0	0	0	
357016	0	0	253	0	0	0	0	0	0	0	0	0	
357765	0	0	313	0	0	0	0	0	0	0	0	0	
358517	0	0	257	0	0	0	0	0	0	0	0	0	
359267	0	0	277	0	0	0	0	0	0	0	0	0	
360016	0	0	269	0	0	0	0	0	0	0	0	0	
360762	0	0	275	0	0	0	0	0	0	0	0	0	
361512	0	0	293	0	0	0	0	0	0	0	0	0	
362261	0	0	273	0	0	0	0	0	0	0	0	0	
363008	0	0	265	0	0	0	0	0	0	0	0	0	
363759	0	0	285	0	0	0	0	0	0	0	0	0	
364512	0	0	259	0	0	0	0	0	0	0	0	0	
365264	0	0	259	0	0	0	0	0	0	0	0	0	
366013	0	0	285	0	0	0	0	0	0	0	0	0	
366763	0	0	257	0	0	0	0	0	0	0	0	0	
367515	0	0	275	0	0	0	0	0	0	0	0	0	
368266	0	0	253	0	0	0	0	0	0	0	0	0	
369020	0	0	259	0	0	0	0	0	0	0	0	0	
369772	0	0	293	0	0	0	0	0	0	0	0	0	
370523	0	0	239	0	0	0	0	0	0	0	0	0	
371271	0	0	257	0	0	0	0	0	0	0	0	0	
372021	0	0	287	0	0	0	0	0	0	0	0	0	
372770	0	0	245	0	0	0	0	0	0	0	0	0	
373520	0	0	0	189	0	0	0	0	0	0	0	0	
374273	0	0	0	187	0	0	0	0	0	0	0	0	
375024	0	0	0	193	0	0	0	0	0	0	0	0	
375771	0	0	0	191	0	0	0	0	0	0	0	0	
376519	0	0	0	197	0	0	0	0	0	0	0	0	
377269	0	0	0	201	0	0	0	0	0	0	0	0	
378020	0	0	0	197	0	0	0	0	0	0	0	0	
378768	0	0	0	225	0	0	0	0	0	0	0	0	
379519	0	0	0	191	0	0	0	0	0	0	0	0	
380271	0	0	0	207	0	0	0	0	0	0	0	0	
381021	0	0	0	185	0	0	0	0	0	0	0	0	
381771	0	0	0	205	0	0	0	0	0	0	0	0	
382519	0	0	0	187	0	0	0	0	0	0	0	0	
383271	0	0	0	201	0	0	0	0	0	0	0	0	
384021	0	0	0	185	0	0	0	0	0	0	0	0	
384768	0	0	2	215	0	0	0	0	0	0	0	0	
385521	0	0	0	76	97	0	0	0	0	0	0	0	
386271	0	0	0	217	0	0	0	0	0	0	0	0	
387020	0	0	0	205	0	0	0	0	0	0	0	0	
387770	0	0	0	213	0	0	0	0	0	0	0	0	
388521	0	0	0	197	0	0	0	0	0	0	0	0	
389271	0	0	231	0	0	0	0	0	0	0	0	0	
390022	0	0	299	0	0	0	0	0	0	0	0	0	
390770	0	0	279	0	0	0	0	0	0	0	0	0	
391523	0	0	257	0	0	0	0	0	0	0	0	0	
392272	0	0	253	0	0	0	0	0	0	0	0	0	
393023	0	0	249	0	0	0	0	0	0	0	0	0	
393773	0	0	243	0	0	0	0	0	0	0	0	0	
394526	0	0	263	0	0	0	0	0	0	0	0	0	
395278	0	0	271	0	0	0	0	0	0	0	0	0	
396028	0	0	259	0	0	0	0	0	0	0	0	0	
396777	0	0	283	0	0	0	0	0	0	0	0	0	
397527	0	0	261	0	0	0	0	0	0	0	0	0	
398276	0	0	271	0	0	0	0	0	0	0	0	0	
399023	0	0	271	0	0	0	0	0	0	0	0	0	
399773	0	0	255	0	0	0	0	0	0	0	0	0	
400521	0	0	253	0	0	0	0	0	0	0	0	0	
401273	0	0	247	0	0	0	0	0	0	0	0	0	
402024	0	0	287	0	0	0	0	0	0	0	0	0	
402773	0	0	255	0	0	0	0	0	0	0	0	0	
403519	0	0	269	0	0	0	0	0	0	0	0	0	
404271	0	1	236	0	0	0	0	0	0	0	0	0	
405022	0	0	257	0	0	0	0	0	0	0	0	0	
405773	0	0	241	0	0	0	0	0	0	0	0	0	
406524	0	0	271	0	0	0	0	0	0	0	0	0	
407274	0	0	253	0	0	0	0	0	0	0	0	0	
408023	0	0	275	0	0	0	0	0	0	0	0	0	
408774	0	0	251	0	0	0	0	0	0	0	0	0	
409526	0	0	251	0	0	0	0	0	0	0	0	0	
410276	0	0	166	75	0	0	0	0	0	0	0	0	
411029	0	0	0	211	0	0	0	0	0	0	0	0	
411784	0	0	0	195	0	0	0	0	0	0	0	0	
412532	0	0	0	185	0	0	0	0	0	0	0	0	
413281	0	0	0	203	0	0	0	0	0	0	0	0	
414033	0	0	0	223	0	0	0	0	0	0	0	0	
414784	0	0	0	175	0	0	0	0	0	0	0	0	
415530	0	0	0	171	0	0	0	0	0	0	0	0	
416279	0	0	0	195	0	0	0	0	0	0	0	0	
417029	0	0	0	0	161	0	0	0	0	0	0	0	
417781	0	0	0	0	131	0	0	0	0	0	0	0	
418531	0	0	0	0	135	0	0	0	0	0	0	0	
419278	0	0	0	0	157	0	0	0	0	0	0	0	
420030	0	0	0	0	139	0	0	0	0	0	0	0	
420783	0	0	0	0	155	0	0	0	0	0	0	0	
421530	0	0	0	0	167	0	0	0	0	0	0	0	
422279	0	0	0	0	155	0	0	0	0	0	0	0	
423029	0	0	0	0	165	0	0	0	0	0	0	0	
423778	0	0	0	0	171	0	0	0	0	0	0	0	
424528	0	0	0	0	141	0	0	0	0	0	0	0	
425279	0	0	0	0	173	0	0	0	0	0	0	0	
426028	0	0	0	0	155	0	0	0	0	0	0	0	
426777	0	0	0	0	155	0	0	0	0	0	0	0	
427527	0	0	0	0	175	0	0	0	0	0	0	0	
428277	0	0	0	0	149	0	0	0	0	0	0	0	
429027	0	0	0	0	153	0	0	0	0	0	0	0	
429779	0	0	0	0	173	0	0	0	0	0	0	0	
430529	0	0	0	0	142	5	0	0	0	0	0	0	
431278	0	0	0	0	161	0	0	0	0	0	0	0	
432027	0	0	0	0	175	0	0	0	0	0	0	0	
432777	0	0	0	0	155	0	0	0	0	0	0	0	
433529	0	0	0	0	165	0	0	0	0	0	0	0	
434279	0	0	0	0	169	0	0	0	0	0	0	0	
435030	0	0	0	0	155	0	0	0	0	0	0	0	
435779	0	0	0	0	169	0	0	0	0	0	0	0	
436531	0	0	0	0	167	0	0	0	0	0	0	0	
437279	0	0	0	0	171	0	0	0	0	0	0	0	
438026	0	0	0	0	147	0	0	0	0	0	0	0	
438775	0	0	0	0	163	0	0	0	0	0	0	0	
439524	0	0	0	0	161	0	0	0	0	0	0	0	
440276	0	0	0	0	171	0	0	0	0	0	0	0	
441025	0	0	0	0	165	0	0	0	0	0	0	0	
441774	0	0	0	0	0	111	0	0	0	0	0	0	
442525	0	0	0	0	0	121	0	0	0	0	0	0	
443276	0	0	0	0	0	145	0	0	0	0	0	0	
444024	0	0	0	0	0	141	0	0	0	0	0	0	
444775	0	0	0	0	0	0	113	0	0	0	0	0	
445525	0	0	0	0	0	0	117	0	0	0	0	0	
446273	0	0	0	0	0	0	93	0	0	0	0	0	
447022	0	0	0	0	0	0	109	0	0	0	0	0	
447771	0	0	0	0	0	0	115	0	0	0	0	0	
448521	0	0	0	0	0	0	131	0	0	0	0	0	
449269	0	0	0	0	0	115	0	0	0	0	0	0	
450019	0	0	0	0	0	137	0	0	0	0	0	0	
450774	0	0	0	0	0	137	0	0	0	0	0	0	
451524	0	0	0	0	0	147	0	0	0	0	0	0	
452273	0	0	0	0	0	139	0	0	0	0	0	0	
453025	0	0	0	0	21	98	0	0	0	0	0	0	
453774	0	0	0	0	0	131	0	0	0	0	0	0	
454525	0	0	0	0	0	121	0	0	0	0	0	0	
455274	0	0	0	0	125	0	0	0	0	0	0	0	
456023	0	0	0	10	167	0	0	0	0	0	0	0	
456773	0	0	0	0	159	0	0	0	0	0	0	0	
457523	0	0	0	0	175	0	0	0	0	0	0	0	
458274	0	0	0	0	165	0	0	0	0	0	0	0	
459025	0	0	0	0	155	0	0	0	0	0	0	0	
459777	0	0	0	0	149	0	0	0	0	0	0	0	
460528	0	0	0	0	163	0	0	0	0	0	0	0	
461274	0	0	0	0	161	0	0	0	0	0	0	0	
462024	0	0	0	0	143	0	0	0	0	0	0	0	
462768	0	0	0	0	169	0	0	0	0	0	0	0	
463517	0	0	0	0	161	0	0	0	0	0	0	0	
464267	0	0	0	0	173	0	0	0	0	0	0	0	
465019	0	0	0	0	149	0	0	0	0	0	0	0	
465765	0	0	0	0	153	0	0	0	0	0	0	0	
466512	0	0	0	0	195	0	0	0	0	0	0	0	
467260	0	0	0	0	161	0	0	0	0	0	0	0	
468011	0	0	0	0	167	0	0	0	0	0	0	0	
468762	0	0	0	0	141	0	0	0	0	0	0	0	
469514	0	0	0	0	175	0	0	0	0	0	0	0	
470266	0	0	0	0	149	0	0	0	0	0	0	0	
471017	0	0	0	0	169	0	0	0	0	0	0	0	
471768	0	0	0	0	157	0	0	0	0	0	0	0	
472518	0	0	0	0	165	0	0	0	0	0	0	0	
473269	0	0	0	0	169	0	0	0	0	0	0	0	
474019	0	0	0	0	155	0	0	0	0	0	0	0	
474767	0	0	0	0	161	0	0	0	0	0	0	0	
475516	0	0	0	0	149	0	0	0	0	0	0	0	
476267	0	0	0	0	158	1	0	0	0	0	0	0	
477018	0	0	0	0	153	0	0	0	0	0	0	0	
477766	0	0	0	0	161	0	0	0	0	0	0	0	
478516	0	0	0	0	163	0	0	0	0	0	0	0	
479265	0	0	0	0	157	0	0	0	0	0	0	0	
480016	0	0	0	0	161	0	0	0	0	0	0	0	
480766	0	0	0	0	173	0	0	0	0	0	0	0	
481511	0	0	0	0	161	0	0	0	0	0	0	0	
482259	0	0	0	0	161	0	0	0	0	0	0	0	
483010	0	0	0	0	165	0	0	0	0	0	0	0	
483760	0	0	0	0	161	0	0	0	0	0	0	0	
484511	0	0	0	0	139	0	0	0	0	0	0	0	
485261	0	0	0	0	167	0	0	0	0	0	0	0	
486012	0	0	0	0	147	0	0	0	0	0	0	0	
486760	0	0	0	0	145	0	0	0	0	0	0	0	
487509	0	0	0	0	151	0	0	0	0	0	0	0	
488260	0	0	0	0	151	0	0	0	0	0	0	0	
489011	0	0	0	0	135	0	0	0	0	0	0	0	
489763	0	0	0	0	157	0	0	0	0	0	0	0	
490515	0	0	0	0	159	0	0	0	0	0	0	0	
491264	0	0	0	0	177	0	0	0	0	0	0	0	
492014	0	0	0	0	151	0	0	0	0	0	0	0	
492766	0	0	0	0	159	0	0	0	0	0	0	0	
493517	0	0	0	1	146	0	0	0	0	0	0	0	
494268	0	0	0	0	163	0	0	0	0	0	0	0	
495016	0	0	0	0	185	0	0	0	0	0	0	0	
495770	0	0	0	0	139	0	0	0	0	0	0	0	
496522	0	0	0	0	139	0	0	0	0	0	0	0	
497274	0	0	0	0	153	0	0	0	0	0	0	0	
498020	0	0	0	0	179	0	0	0	0	0	0	0	
498770	0	0	0	0	153	0	0	0	0	0	0	0	
499519	0	0	0	0	157	0	0	0	0	0	0	0	
500269	0	0	0	0	173	0	0	0	0	0	0	0	
501020	0	0	0	0	159	0	0	0	0	0	0	0	
501768	0	0	0	0	153	0	0	0	0	0	0	0	
502519	0	0	0	0	159	0	0	0	0	0	0	0	
503274	0	0	0	0	153	0	0	0	0	0	0	0	
504021	0	0	0	0	179	0	0	0	0	0	0	0	
504767	0	0	0	0	175	0	0	0	0	0	0	0	
505517	0	0	0	0	161	0	0	0	0	0	0	0	
506269	0	0	0	0	167	0	0	0	0	0	0	0	
507017	0	0	0	0	167	0	0	0	0	0	0	0	
507768	0	0	0	0	177	0	0	0	0	0	0	0	
508519	0	0	0	0	159	0	0	0	0	0	0	0	
509268	0	0	0	0	163	0	0	0	0	0	0	0	
510016	0	0	0	0	151	0	0	0	0	0	0	0	
510767	0	0	0	0	171	0	0	0	0	0	0	0	
511515	0	0	0	0	169	0	0	0	0	0	0	0	
512264	0	0	0	0	163	0	0	0	0	0	0	0	
513015	0	0	0	0	151	12	0	0	0	0	0	0	
513764	0	0	0	0	0	101	0	0	0	0	0	0	
514516	0	0	0	0	0	139	0	0	0	0	0	0	
515271	0	0	0	0	0	107	0	0	0	0	0	0	
516022	0	0	0	0	0	121	0	0	0	0	0	0	
516773	0	0	0	0	0	123	0	0	0	0	0	0	
517523	0	0	0	0	0	129	0	0	0	0	0	0	
518275	0	0	0	0	0	129	0	0	0	0	0	0	
519028	0	0	0	0	0	125	0	0	0	0	0	0	
519775	0	0	0	0	0	161	0	0	0	0	0	0	
520525	0	0	0	0	0	123	0	0	0	0	0	0	
521276	0	0	0	0	0	125	0	0	0	0	0	0	
522029	0	0	0	0	0	127	0	0	0	0	0	0	
522778	0	0	0	0	0	131	0	0	0	0	0	0	
523527	0	0	0	0	0	111	0	0	0	0	0	0	
524277	0	0	0	0	0	133	0	0	0	0	0	0	
525026	0	0	0	0	0	155	0	0	0	0	0	0	
525776	0	0	0	0	0	135	0	0	0	0	0	0	
526523	0	0	0	0	0	127	0	0	0	0	0	0	
527271	0	0	0	0	0	139	0	0	0	0	0	0	
528021	0	0	0	0	0	119	0	0	0	0	0	0	
528770	0	0	0	0	0	109	0	0	0	0	0	0	
529519	0	0	0	0	0	139	0	0	0	0	0	0	
530270	0	0	0	0	0	145	0	0	0	0	0	0	
531020	0	0	0	0	0	137	0	0	0	0	0	0	
531768	0	0	0	0	0	115	0	0	0	0	0	0	
532517	0	0	0	0	0	121	0	0	0	0	0	0	
533272	0	0	0	0	0	117	0	0	0	0	0	0	
534023	0	0	0	0	0	143	0	0	0	0	0	0	
534774	0	0	0	0	0	123	0	0	0	0	0	0	
535524	0	0	0	0	0	135	0	0	0	0	0	0	
536276	0	0	0	0	0	115	0	0	0	0	0	0	
537026	0	0	0	0	0	113	0	0	0	0	0	0	
537779	0	0	0	0	0	143	0	0	0	0	0	0	
538525	0	0	0	0	0	123	0	0	0	0	0	0	
539275	0	0	0	0	0	129	0	0	0	0	0	0	
540022	0	0	0	0	0	135	0	0	0	0	0	0	
540768	0	0	0	0	0	121	0	0	0	0	0	0	
541518	0	0	0	0	0	123	0	0	0	0	0	0	
542268	0	0	0	0	0	137	0	0	0	0	0	0	
543017	0	0	0	0	0	133	0	0	0	0	0	0	
543767	0	0	0	0	0	123	0	0	0	0	0	0	
544518	0	0	0	0	0	135	0	0	0	0	0	0	
545268	0	0	0	0	0	117	0	0	0	0	0	0	
546016	0	0	0	0	0	137	0	0	0	0	0	0	
546767	0	0	0	0	0	123	0	0	0	0	0	0	
547515	0	0	0	0	0	135	0	0	0	0	0	0	
548266	0	0	0	0	0	133	0	0	0	0	0	0	
549018	0	0	0	0	0	129	0	0	0	0	0	0	
549765	0	0	0	0	0	141	0	0	0	0	0	0	
550516	0	0	0	0	0	135	0	0	0	0	0	0	
551265	0	0	0	0	0	145	0	0	0	0	0	0	
552017	0	0	0	0	0	115	0	0	0	0	0	0	
552769	0	0	0	0	0	97	0	0	0	0	0	0	
553520	0	0	0	0	0	121	0	0	0	0	0	0	
554271	0	0	0	0	0	133	0	0	0	0	0	0	
555022	0	0	0	0	147	0	0	0	0	0	0	0	
555771	0	0	0	0	169	0	0	0	0	0	0	0	
556523	0	0	0	0	157	0	0	0	0	0	0	0	
557274	0	0	0	0	181	0	0	0	0	0	0	0	
558024	0	0	0	0	157	0	0	0	0	0	0	0	
558778	0	0	0	0	169	0	0	0	0	0	0	0	
559531	0	0	0	0	157	0	0	0	0	0	0	0	
560284	0	0	0	0	171	0	0	0	0	0	0	0	
561033	0	0	0	0	151	0	0	0	0	0	0	0	
561782	0	0	0	0	167	0	0	0	0	0	0	0	
562533	0	0	0	0	169	0	0	0	0	0	0	0	
563283	0	0	0	0	163	0	0	0	0	0	0	0	
564032	0	0	0	0	175	0	0	0	0	0	0	0	
564781	0	0	0	0	163	0	0	0	0	0	0	0	
565531	0	0	0	0	133	0	0	0	0	0	0	0	
566283	0	0	0	0	159	0	0	0	0	0	0	0	
567036	0	0	0	0	163	0	0	0	0	0	0	0	
567783	0	0	0	0	177	0	0	0	0	0	0	0	
568531	0	0	0	0	165	0	0	0	0	0	0	0	
569282	0	0	0	0	159	0	0	0	0	0	0	0	
570033	0	0	0	0	157	0	0	0	0	0	0	0	
570785	0	0	0	0	149	0	0	0	0	0	0	0	
571536	0	0	0	0	165	0	0	0	0	0	0	0	
572284	0	0	0	0	169	0	0	0	0	0	0	0	
573029	0	0	0	0	151	0	0	0	0	0	0	0	
573778	0	0	0	0	143	0	0	0	0	0	0	0	
574527	0	0	0	0	181	0	0	0	0	0	0	0	
575279	0	0	0	0	147	0	0	0	0	0	0	0	
576028	0	0	0	0	163	0	0	0	0	0	0	0	
576784	0	0	0	0	163	0	0	0	0	0	0	0	
577535	0	0	0	187	0	0	0	0	0	0	0	0	
578283	0	0	0	189	0	0	0	0	0	0	0	0	
579035	0	0	0	0	169	0	0	0	0	0	0	0	
579787	0	0	0	0	163	0	0	0	0	0	0	0	
580534	0	0	0	0	183	0	0	0	0	0	0	0	
581286	0	0	0	0	169	0	0	0	0	0	0	0	
582038	0	0	0	0	179	0	0	0	0	0	0	0	
582787	0	0	0	0	161	0	0	0	0	0	0	0	
583538	0	0	0	0	153	0	0	0	0	0	0	0	
584292	0	0	0	0	153	0	0	0	0	0	0	0	
585043	0	0	0	0	157	0	0	0	0	0	0	0	
585793	0	0	0	0	141	0	0	0	0	0	0	0	
586543	0	0	0	0	157	0	0	0	0	0	0	0	
587290	0	0	0	0	151	0	0	0	0	0	0	0	
588042	0	0	0	0	179	0	0	0	0	0	0	0	
588790	0	0	0	0	135	0	0	0	0	0	0	0	
589540	0	0	0	0	157	0	0	0	0	0	0	0	
590289	0	0	0	0	177	0	0	0	0	0	0	0	
591040	0	0	0	0	165	0	0	0	0	0	0	0	
591792	0	0	0	0	163	0	0	0	0	0	0	0	
592543	0	0	0	0	167	0	0	0	0	0	0	0	
593295	0	0	0	213	0	0	0	0	0	0	0	0	
594046	0	0	0	219	0	0	0	0	0	0	0	0	
594800	0	0	0	213	0	0	0	0	0	0	0	0	
595548	0	0	0	209	0	0	0	0	0	0	0	0	
596296	0	0	0	187	0	0	0	0	0	0	0	0	
597045	0	0	0	201	0	0	0	0	0	0	0	0	
597794	0	0	0	181	0	0	0	0	0	0	0	0	
598540	0	0	0	209	0	0	0	0	0	0	0	0	
599288	0	0	0	173	0	0	0	0	0	0	0	0	
600036	0	0	0	201	0	0	0	0	0	0	0	0	
600785	0	0	0	185	0	0	0	0	0	0	0	0	
601538	0	0	0	197	0	0	0	0	0	0	0	0	
602290	0	0	0	207	0	0	0	0	0	0	0	0	
603045	0	0	0	221	0	0	0	0	0	0	0	0	
603797	0	0	0	229	0	0	0	0	0	0	0	0	
604547	0	0	0	187	0	0	0	0	0	0	0	0	
605301	0	0	0	199	0	0	0	0	0	0	0	0	
606051	0	0	0	185	0	0	0	0	0	0	0	0	
606799	0	0	0	175	0	0	0	0	0	0	0	0	
607549	0	0	0	195	0	0	0	0	0	0	0	0	
608296	0	0	0	183	0	0	0	0	0	0	0	0	
609043	0	0	0	195	0	0	0	0	0	0	0	0	
609796	0	0	0	189	0	0	0	0	0	0	0	0	
610544	0	0	0	215	0	0	0	0	0	0	0	0	
611294	0	0	0	177	0	0	0	0	0	0	0	0	
612048	0	0	0	173	0	0	0	0	0	0	0	0	
612800	0	0	0	193	0	0	0	0	0	0	0	0	
613548	0	0	0	203	0	0	0	0	0	0	0	0	
614300	0	0	0	215	0	0	0	0	0	0	0	0	
615051	0	0	0	201	0	0	0	0	0	0	0	0	
615801	0	0	0	207	0	0	0	0	0	0	0	0	
616547	0	0	0	207	0	0	0	0	0	0	0	0	
617298	0	0	0	201	0	0	0	0	0	0	0	0	
618049	0	0	0	167	0	0	0	0	0	0	0	0	
618796	0	0	0	209	0	0	0	0	0	0	0	0	
619548	0	0	0	0	167	0	0	0	0	0	0	0	
620294	0	0	0	0	161	0	0	0	0	0	0	0	
621042	0	0	0	0	159	0	0	0	0	0	0	0	
621792	0	0	0	0	143	0	0	0	0	0	0	0	
622543	0	0	0	0	151	0	0	0	0	0	0	0	
623292	0	0	0	0	155	0	0	0	0	0	0	0	
624044	0	0	0	0	163	0	0	0	0	0	0	0	
624795	0	0	0	0	159	0	0	0	0	0	0	0	
625544	0	0	0	0	169	0	0	0	0	0	0	0	
626293	0	0	0	0	157	0	0	0	0	0	0	0	
627043	0	0	0	0	149	0	0	0	0	0	0	0	
627793	0	0	0	0	151	0	0	0	0	0	0	0	
628543	0	0	0	0	163	0	0	0	0	0	0	0	
629294	0	0	0	0	149	0	0	0	0	0	0	0	
630044	0	0	0	0	169	0	0	0	0	0	0	0	
630791	0	0	0	201	0	0	0	0	0	0	0	0	
631538	0	0	0	205	0	0	0	0	0	0	0	0	
632284	0	0	0	205	0	0	0	0	0	0	0	0	
633032	0	0	0	173	0	0	0	0	0	0	0	0	
633787	0	0	0	203	0	0	0	0	0	0	0	0	
634537	0	0	0	193	0	0	0	0	0	0	0	0	
635289	0	0	0	203	0	0	0	0	0	0	0	0	
636040	0	0	0	189	0	0	0	0	0	0	0	0	
636791	0	0	0	207	0	0	0	0	0	0	0	0	
637541	0	0	0	209	0	0	0	0	0	0	0	0	
638292	0	0	0	181	0	0	0	0	0	0	0	0	
639042	0	0	34	191	0	0	0	0	0	0	0	0	
639792	0	0	237	0	0	0	0	0	0	0	0	0	
640538	0	0	277	0	0	0	0	0	0	0	0	0	
641291	0	0	239	0	0	0	0	0	0	0	0	0	
642041	0	0	257	0	0	0	0	0	0	0	0	0	
642793	0	0	269	0	0	0	0	0	0	0	0	0	
643542	0	0	261	0	0	0	0	0	0	0	0	0	
644291	0	0	257	0	0	0	0	0	0	0	0	0	
645044	0	0	239	0	0	0	0	0	0	0	0	0	
645793	0	0	251	0	0	0	0	0	0	0	0	0	
646546	0	0	229	0	0	0	0	0	0	0	0	0	
647295	0	0	273	0	0	0	0	0	0	0	0	0	
648045	0	0	251	0	0	0	0	0	0	0	0	0	
648796	0	0	259	0	0	0	0	0	0	0	0	0	
649551	0	0	257	0	0	0	0	0	0	0	0	0	
650301	0	0	247	0	0	0	0	0	0	0	0	0	
651053	0	0	263	0	0	0	0	0	0	0	0	0	
651803	0	3	264	0	0	0	0	0	0	0	0	0	
652554	0	0	267	0	0	0	0	0	0	0	0	0	
653299	0	0	267	0	0	0	0	0	0	0	0	0	
654049	0	0	277	0	0	0	0	0	0	0	0	0	
654798	0	0	259	0	0	0	0	0	0	0	0	0	
655547	0	0	282	1	0	0	0	0	0	0	0	0	
656300	0	0	165	64	0	0	0	0	0	0	0	0	
657052	0	0	0	197	0	0	0	0	0	0	0	0	
657803	0	0	0	203	0	0	0	0	0	0	0	0	
658552	0	0	0	219	0	0	0	0	0	0	0	0	
659302	0	0	0	201	0	0	0	0	0	0	0	0	
660054	0	0	0	199	0	0	0	0	0	0	0	0	
660805	0	0	0	159	0	0	0	0	0	0	0	0	
661555	0	0	0	181	0	0	0	0	0	0	0	0	
662308	0	0	0	223	0	0	0	0	0	0	0	0	
663059	0	0	0	211	0	0	0	0	0	0	0	0	
663807	0	0	0	191	0	0	0	0	0	0	0	0	
664558	0	0	0	189	0	0	0	0	0	0	0	0	
665306	0	0	0	199	0	0	0	0	0	0	0	0	
666052	0	0	0	203	0	0	0	0	0	0	0	0	
666805	0	0	0	175	0	0	0	0	0	0	0	0	
667556	0	0	0	175	0	0	0	0	0	0	0	0	
668306	0	0	114	121	0	0	0	0	0	0	0	0	
669054	0	0	0	187	0	0	0	0	0	0	0	0	
669806	0	0	0	199	0	0	0	0	0	0	0	0	
670555	0	0	0	205	0	0	0	0	0	0	0	0	
671304	0	0	0	185	0	0	0	0	0	0	0	0	
672050	0	0	0	171	0	0	0	0	0	0	0	0	
672802	0	0	0	227	0	0	0	0	0	0	0	0	
673549	0	0	0	187	0	0	0	0	0	0	0	0	
674303	0	0	0	215	0	0	0	0	0	0	0	0	
675051	0	0	0	195	0	0	0	0	0	0	0	0	
675797	0	0	0	203	0	0	0	0	0	0	0	0	
676546	0	0	0	209	0	0	0	0	0	0	0	0	
677297	0	0	0	191	0	0	0	0	0	0	0	0	
678046	0	0	0	0	177	0	0	0	0	0	0	0	
678797	0	0	0	0	165	0	0	0	0	0	0	0	
679544	0	0	0	0	163	0	0	0	0	0	0	0	
680295	0	0	0	0	183	0	0	0	0	0	0	0	
681046	0	0	0	0	147	0	0	0	0	0	0	0	
681795	0	0	0	0	153	0	0	0	0	0	0	0	
682545	0	0	0	0	169	0	0	0	0	0	0	0	
683296	0	0	0	0	157	0	0	0	0	0	0	0	
684051	0	0	0	0	165	0	0	0	0	0	0	0	
684797	0	0	0	0	161	0	0	0	0	0	0	0	
685543	0	0	0	199	0	0	0	0	0	0	0	0	
686292	0	0	0	197	0	0	0	0	0	0	0	0	
687043	0	0	0	199	0	0	0	0	0	0	0	0	
687790	0	0	0	119	82	0	0	0	0	0	0	0	
688540	0	0	0	199	0	0	0	0	0	0	0	0	
689293	0	0	0	181	0	0	0	0	0	0	0	0	
690044	0	0	1	180	0	0	0	0	0	0	0	0	
690798	0	0	0	205	0	0	0	0	0	0	0	0	
691545	0	0	0	203	0	0	0	0	0	0	0	0	
692293	0	0	0	179	0	0	0	0	0	0	0	0	
693043	0	0	0	163	0	0	0	0	0	0	0	0	
693792	0	0	0	205	0	0	0	0	0	0	0	0	
694541	0	0	0	191	0	0	0	0	0	0	0	0	
695292	0	0	0	187	0	0	0	0	0	0	0	0	
696039	0	0	37	144	0	0	0	0	0	0	0	0	
696791	0	0	0	191	0	0	0	0	0	0	0	0	
697541	0	0	0	185	0	0	0	0	0	0	0	0	
698292	0	0	0	201	0	0	0	0	0	0	0	0	
699046	0	0	0	181	0	0	0	0	0	0	0	0	
699799	0	0	0	182	3	0	0	0	0	0	0	0	
700550	0	0	0	193	0	0	0	0	0	0	0	0	
701298	0	0	0	209	0	0	0	0	0	0	0	0	
702049	0	0	0	235	0	0	0	0	0	0	0	0	
702800	0	0	51	166	0	0	0	0	0	0	0	0	
703551	0	0	0	183	0	0	0	0	0	0	0	0	
704299	0	0	0	193	0	0	0	0	0	0	0	0	
705052	0	0	181	60	0	0	0	0	0	0	0	0	
705799	0	0	279	0	0	0	0	0	0	0	0	0	
706549	0	0	267	0	0	0	0	0	0	0	0	0	
707297	0	0	277	0	0	0	0	0	0	0	0	0	
708049	0	0	233	0	0	0	0	0	0	0	0	0	
708798	0	0	267	0	0	0	0	0	0	0	0	0	
709548	0	0	287	0	0	0	0	0	0	0	0	0	
710299	0	0	273	0	0	0	0	0	0	0	0	0	
711045	0	0	245	0	0	0	0	0	0	0	0	0	
711795	0	0	259	0	0	0	0	0	0	0	0	0	
712544	0	0	259	0	0	0	0	0	0	0	0	0	
713293	0	0	269	0	0	0	0	0	0	0	0	0	
714042	0	0	259	0	0	0	0	0	0	0	0	0	
714792	0	0	279	0	0	0	0	0	0	0	0	0	
715540	0	0	263	0	0	0	0	0	0	0	0	0	
716292	0	0	275	0	0	0	0	0	0	0	0	0	
717041	0	0	245	0	0	0	0	0	0	0	0	0	
717790	0	0	253	0	0	0	0	0	0	0	0	0	
718539	0	0	247	0	0	0	0	0	0	0	0	0	
719291	0	0	273	0	0	0	0	0	0	0	0	0	
720040	0	0	295	0	0	0	0	0	0	0	0	0	
720793	0	0	279	0	0	0	0	0	0	0	0	0	
721543	0	0	275	0	0	0	0	0	0	0	0	0	
722293	0	0	285	0	0	0	0	0	0	0	0	0	
723044	0	0	263	0	0	0	0	0	0	0	0	0	
723795	0	0	287	0	0	0	0	0	0	0	0	0	
724544	0	46	233	0	0	0	0	0	0	0	0	0	
725299	0	0	251	0	0	0	0	0	0	0	0	0	
726047	0	0	281	0	0	0	0	0	0	0	0	0	
726796	0	0	245	0	0	0	0	0	0	0	0	0	
727545	0	0	275	0	0	0	0	0	0	0	0	0	
728295	0	0	255	0	0	0	0	0	0	0	0	0	
729044	0	0	251	0	0	0	0	0	0	0	0	0	
729795	0	0	283	0	0	0	0	0	0	0	0	0	
730544	0	0	261	0	0	0	0	0	0	0	0	0	
731299	0	0	265	0	0	0	0	0	0	0	0	0	
732049	0	0	265	0	0	0	0	0	0	0	0	0	
732801	0	0	253	0	0	0	0	0	0	0	0	0	
733552	0	0	257	0	0	0	0	0	0	0	0	0	
734299	0	0	271	0	0	0	0	0	0	0	0	0	
735048	0	0	255	0	0	0	0	0	0	0	0	0	
735799	0	0	263	0	0	0	0	0	0	0	0	0	
736549	0	0	271	0	0	0	0	0	0	0	0	0	
737300	0	0	247	0	0	0	0	0	0	0	0	0	
738050	0	0	241	0	0	0	0	0	0	0	0	0	
738799	0	0	303	0	0	0	0	0	0	0	0	0	
739546	0	0	255	0	0	0	0	0	0	0	0	0	
740295	0	0	261	0	0	0	0	0	0	0	0	0	
741046	0	0	265	0	0	0	0	0	0	0	0	0	
741794	0	0	289	0	0	0	0	0	0	0	0	0	
742543	0	0	265	0	0	0	0	0	0	0	0	0	
743293	0	0	265	0	0	0	0	0	0	0	0	0	
744039	0	0	241	0	0	0	0	0	0	0	0	0	
744790	0	8	273	0	0	0	0	0	0	0	0	0	
745539	0	0	269	0	0	0	0	0	0	0	0	0	
746288	0	0	267	0	0	0	0	0	0	0	0	0	
747040	0	0	253	0	0	0	0	0	0	0	0	0	
747791	0	0	279	0	0	0	0	0	0	0	0	0	
748544	0	0	269	0	0	0	0	0	0	0	0	0	
749296	0	0	259	0	0	0	0	0	0	0	0	0	
750046	0	0	251	0	0	0	0	0	0	0	0	0	
750797	0	0	245	0	0	0	0	0	0	0	0	0	
751545	0	0	275	0	0	0	0	0	0	0	0	0	
752291	0	0	247	0	0	0	0	0	0	0	0	0	
753041	0	0	305	0	0	0	0	0	0	0	0	0	
753792	0	0	267	0	0	0	0	0	0	0	0	0	
754541	0	0	271	0	0	0	0	0	0	0	0	0	
755294	0	0	241	0	0	0	0	0	0	0	0	0	
756045	0	0	275	0	0	0	0	0	0	0	0	0	
756794	0	0	265	0	0	0	0	0	0	0	0	0	
757543	0	0	235	0	0	0	0	0	0	0	0	0	
758290	0	0	281	0	0	0	0	0	0	0	0	0	
759043	0	0	279	0	0	0	0	0	0	0	0	0	
759792	0	0	225	0	0	0	0	0	0	0	0	0	
760546	0	0	283	0	0	0	0	0	0	0	0	0	
761294	0	0	271	0	0	0	0	0	0	0	0	0	
762043	0	0	267	0	0	0	0	0	0	0	0	0	
762790	0	0	86	129	0	0	0	0	0	0	0	0	
763537	0	0	245	0	0	0	0	0	0	0	0	0	
764287	0	0	251	0	0	0	0	0	0	0	0	0	
765034	0	0	273	0	0	0	0	0	0	0	0	0	
765783	0	0	251	0	0	0	0	0	0	0	0	0	
766532	0	0	277	0	0	0	0	0	0	0	0	0	
767285	0	0	281	0	0	0	0	0	0	0	0	0	
768038	0	0	309	0	0	0	0	0	0	0	0	0	
768788	0	0	275	0	0	0	0	0	0	0	0	0	
769538	0	0	291	0	0	0	0	0	0	0	0	0	
770290	0	0	249	0	0	0	0	0	0	0	0	0	
771042	0	0	301	0	0	0	0	0	0	0	0	0	
771790	0	0	263	0	0	0	0	0	0	0	0	0	
772542	0	0	249	0	0	0	0	0	0	0	0	0	
773294	0	0	289	0	0	0	0	0	0	0	0	0	
774043	0	0	275	0	0	0	0	0	0	0	0	0	
774791	0	0	261	0	0	0	0	0	0	0	0	0	
775542	0	0	265	0	0	0	0	0	0	0	0	0	
776294	0	0	265	0	0	0	0	0	0	0	0	0	
777040	0	0	277	0	0	0	0	0	0	0	0	0	
777793	0	0	232	39	0	0	0	0	0	0	0	0	
778543	0	0	263	0	0	0	0	0	0	0	0	0	
779293	0	0	273	0	0	0	0	0	0	0	0	0	
780045	0	0	255	0	0	0	0	0	0	0	0	0	
780796	0	0	273	0	0	0	0	0	0	0	0	0	
781546	0	1	256	0	0	0	0	0	0	0	0	0	
782297	0	0	263	0	0	0	0	0	0	0	0	0	
783048	0	0	243	0	0	0	0	0	0	0	0	0	
783798	0	0	267	0	0	0	0	0	0	0	0	0	
784545	0	0	251	0	0	0	0	0	0	0	0	0	
785298	0	0	247	0	0	0	0	0	0	0	0	0	
786046	0	0	231	0	0	0	0	0	0	0	0	0	
786795	0	0	275	0	0	0	0	0	0	0	0	0	
787546	0	0	269	2	0	0	0	0	0	0	0	0	
788296	0	0	273	0	0	0	0	0	0	0	0	0	
789047	0	0	273	0	0	0	0	0	0	0	0	0	
789799	0	0	271	0	0	0	0	0	0	0	0	0	
790550	0	0	263	0	0	0	0	0	0	0	0	0	
791298	0	0	291	0	0	0	0	0	0	0	0	0	
792044	0	0	239	0	0	0	0	0	0	0	0	0	
792796	0	0	241	0	0	0	0	0	0	0	0	0	
793548	0	0	285	0	0	0	0	0	0	0	0	0	
794296	0	0	265	0	0	0	0	0	0	0	0	0	
795048	0	0	291	0	0	0	0	0	0	0	0	0	
795797	0	0	263	0	0	0	0	0	0	0	0	0	
796549	0	0	267	0	0	0	0	0	0	0	0	0	
797301	0	0	275	0	0	0	0	0	0	0	0	0	
798051	0	0	221	0	0	0	0	0	0	0	0	0	
798803	0	0	259	0	0	0	0	0	0	0	0	0	
799554	0	0	243	0	0	0	0	0	0	0	0	0	
800304	0	0	301	0	0	0	0	0	0	0	0	0	
801052	0	0	241	0	0	0	0	0	0	0	0	0	
801802	0	0	247	0	0	0	0	0	0	0	0	0	
802552	0	0	235	0	0	0	0	0	0	0	0	0	
803302	0	0	261	0	0	0	0	0	0	0	0	0	
804050	0	0	249	0	0	0	0	0	0	0	0	0	
804800	0	0	249	0	0	0	0	0	0	0	0	0	
805550	0	0	239	0	0	0	0	0	0	0	0	0	
806299	0	0	263	0	0	0	0	0	0	0	0	0	
807049	0	0	279	0	0	0	0	0	0	0	0	0	
807800	0	0	249	0	0	0	0	0	0	0	0	0	
808548	0	0	261	0	0	0	0	0	0	0	0	0	
809296	0	0	243	0	0	0	0	0	0	0	0	0	
810044	0	0	279	0	0	0	0	0	0	0	0	0	
810795	0	0	247	0	0	0	0	0	0	0	0	0	
811543	0	0	229	0	0	0	0	0	0	0	0	0	
812294	0	0	249	0	0	0	0	0	0	0	0	0	
813043	0	105	158	0	0	0	0	0	0	0	0	0	
813794	0	0	245	0	0	0	0	0	0	0	0	0	
814543	0	0	253	0	0	0	0	0	0	0	0	0	
815289	0	0	285	0	0	0	0	0	0	0	0	0	
816037	0	0	283	0	0	0	0	0	0	0	0	0	
816789	0	0	253	0	0	0	0	0	0	0	0	0	
817539	0	0	249	0	0	0	0	0	0	0	0	0	
818286	0	0	283	0	0	0	0	0	0	0	0	0	
819037	0	0	269	0	0	0	0	0	0	0	0	0	
819788	0	0	283	0	0	0	0	0	0	0	0	0	
820537	0	0	255	0	0	0	0	0	0	0	0	0	
821284	0	285	110	0	0	0	0	0	0	0	0	0	
822033	0	427	0	0	0	0	0	0	0	0	0	0	
822784	0	389	0	0	0	0	0	0	0	0	0	0	
823531	0	367	0	0	0	0	0	0	0	0	0	0	
824288	0	417	0	0	0	0	0	0	0	0	0	0	
825036	0	351	0	0	0	0	0	0	0	0	0	0	
825790	0	363	0	0	0	0	0	0	0	0	0	0	
826540	0	403	0	0	0	0	0	0	0	0	0	0	
827291	0	397	0	0	0	0	0	0	0	0	0	0	
828038	0	399	0	0	0	0	0	0	0	0	0	0	
828791	0	377	0	0	0	0	0	0	0	0	0	0	
829541	0	371	0	0	0	0	0	0	0	0	0	0	
830291	0	389	0	0	0	0	0	0	0	0	0	0	
831045	0	405	0	0	0	0	0	0	0	0	0	0	
831795	0	397	0	0	0	0	0	0	0	0	0	0	
832547	0	397	0	0	0	0	0	0	0	0	0	0	
833298	0	391	0	0	0	0	0	0	0	0	0	0	
834046	0	405	0	0	0	0	0	0	0	0	0	0	
834798	0	369	0	0	0	0	0	0	0	0	0	0	
835548	0	393	0	0	0	0	0	0	0	0	0	0	
836300	0	381	0	0	0	0	0	0	0	0	0	0	
837052	0	395	0	0	0	0	0	0	0	0	0	0	
837802	0	290	83	0	0	0	0	0	0	0	0	0	
838551	0	389	0	0	0	0	0	0	0	0	0	0	
839302	0	411	0	0	0	0	0	0	0	0	0	0	
840053	0	351	0	0	0	0	0	0	0	0	0	0	
840802	0	387	0	0	0	0	0	0	0	0	0	0	
841553	0	399	0	0	0	0	0	0	0	0	0	0	
842304	0	417	0	0	0	0	0	0	0	0	0	0	
843051	48	10	235	0	0	0	0	0	0	0	0	0	
843800	0	0	255	0	0	0	0	0	0	0	0	0	
844549	0	0	269	0	0	0	0	0	0	0	0	0	
845296	0	0	273	0	0	0	0	0	0	0	0	0	
846046	0	0	253	0	0	0	0	0	0	0	0	0	
846795	0	0	275	0	0	0	0	0	0	0	0	0	
847542	0	0	239	0	0	0	0	0	0	0	0	0	
848293	0	0	247	0	0	0	0	0	0	0	0	0	
849045	0	0	253	0	0	0	0	0	0	0	0	0	
849795	0	0	293	0	0	0	0	0	0	0	0	0	
850544	0	0	269	0	0	0	0	0	0	0	0	0	
851293	0	0	273	0	0	0	0	0	0	0	0	0	
852040	0	0	231	0	0	0	0	0	0	0	0	0	
852791	0	0	277	0	0	0	0	0	0	0	0	0	
853542	0	0	259	0	0	0	0	0	0	0	0	0	
854295	0	0	258	3	0	0	0	0	0	0	0	0	
855045	0	0	247	0	0	0	0	0	0	0	0	0	
855795	0	0	261	0	0	0	0	0	0	0	0	0	
856548	0	0	259	0	0	0	0	0	0	0	0	0	
857296	0	1	262	0	0	0	0	0	0	0	0	0	
858047	0	0	275	0	0	0	0	0	0	0	0	0	
858796	0	0	269	0	0	0	0	0	0	0	0	0	
859547	0	0	263	0	0	0	0	0	0	0	0	0	
860296	0	0	283	0	0	0	0	0	0	0	0	0	
861047	0	0	273	0	0	0	0	0	0	0	0	0	
861796	0	0	221	0	0	0	0	0	0	0	0	0	
862549	0	0	299	0	0	0	0	0	0	0	0	0	
863299	0	0	255	0	0	0	0	0	0	0	0	0	
864051	0	0	257	0	0	0	0	0	0	0	0	0	
864800	0	0	251	0	0	0	0	0	0	0	0	0	
865552	0	0	261	0	0	0	0	0	0	0	0	0	
866306	0	9	246	0	0	0	0	0	0	0	0	0	
867055	0	0	241	0	0	0	0	0	0	0	0	0	
867803	0	0	233	0	0	0	0	0	0	0	0	0	
868552	0	0	247	0	0	0	0	0	0	0	0	0	
869300	0	0	259	0	0	0	0	0	0	0	0	0	
870051	0	0	235	0	0	0	0	0	0	0	0	0	
870800	0	0	247	0	0	0	0	0	0	0	0	0	
871553	0	0	241	0	0	0	0	0	0	0	0	0	
872301	0	0	281	0	0	0	0	0	0	0	0	0	
873054	0	0	245	0	0	0	0	0	0	0	0	0	
873804	0	0	293	0	0	0	0	0	0	0	0	0	
874552	0	0	245	0	0	0	0	0	0	0	0	0	
875301	0	0	269	0	0	0	0	0	0	0	0	0	
876047	0	0	0	195	0	0	0	0	0	0	0	0	
876797	0	0	0	209	0	0	0	0	0	0	0	0	
877549	0	0	0	221	0	0	0	0	0	0	0	0	
878301	0	0	0	217	0	0	0	0	0	0	0	0	
879048	0	0	0	109	82	0	0	0	0	0	0	0	
879800	0	0	0	0	175	0	0	0	0	0	0	0	
880550	0	0	0	0	151	0	0	0	0	0	0	0	
881300	0	0	0	0	145	0	0	0	0	0	0	0	
882046	0	0	0	0	149	0	0	0	0	0	0	0	
882799	0	0	0	0	165	0	0	0	0	0	0	0	
883552	0	0	0	0	169	0	0	0	0	0	0	0	
884302	0	0	0	199	0	0	0	0	0	0	0	0	
885053	0	0	0	191	0	0	0	0	0	0	0	0	
885803	0	0	0	233	0	0	0	0	0	0	0	0	
886551	0	0	0	163	0	0	0	0	0	0	0	0	
887301	0	0	0	185	0	0	0	0	0	0	0	0	
888052	0	0	0	201	0	0	0	0	0	0	0	0	
888804	0	0	0	181	0	0	0	0	0	0	0	0	
889554	0	0	0	195	0	0	0	0	0	0	0	0	
890305	0	0	0	207	0	0	0	0	0	0	0	0	
891056	0	0	0	231	0	0	0	0	0	0	0	0	
891806	0	0	0	185	0	0	0	0	0	0	0	0	
892556	0	0	0	203	0	0	0	0	0	0	0	0	
893307	0	0	0	219	0	0	0	0	0	0	0	0	
894055	0	0	0	195	0	0	0	0	0	0	0	0	
894805	0	0	0	0	147	0	0	0	0	0	0	0	
895555	0	0	0	0	157	0	0	0	0	0	0	0	
896309	0	0	0	0	175	0	0	0	0	0	0	0	
897060	0	0	0	0	173	0	0	0	0	0	0	0	
897811	0	0	0	0	155	0	0	0	0	0	0	0	
898563	0	0	0	0	163	0	0	0	0	0	0	0	
899312	0	0	0	0	137	0	0	0	0	0	0	0	
900063	0	0	0	0	157	0	0	0	0	0	0	0	
900814	0	0	0	0	153	0	0	0	0	0	0	0	
901559	0	0	0	0	173	0	0	0	0	0	0	0	
902308	0	0	0	0	175	0	0	0	0	0	0	0	
903059	0	0	0	0	163	0	0	0	0	0	0	0	
903810	0	0	0	0	141	0	0	0	0	0	0	0	
904555	0	0	0	0	147	0	0	0	0	0	0	0	
905307	0	0	0	0	167	0	0	0	0	0	0	0	
906054	0	0	0	0	151	0	0	0	0	0	0	0	
906804	0	0	0	0	167	0	0	0	0	0	0	0	
907553	0	0	0	0	161	0	0	0	0	0	0	0	
908304	0	0	0	0	157	0	0	0	0	0	0	0	
909052	0	0	0	0	147	0	0	0	0	0	0	0	
909800	0	0	0	0	163	0	0	0	0	0	0	0	
910548	0	0	0	0	163	0	0	0	0	0	0	0	
911301	0	0	0	0	167	0	0	0	0	0	0	0	
912051	0	0	0	0	167	0	0	0	0	0	0	0	
912803	0	0	0	26	139	0	0	0	0	0	0	0	
913551	0	0	0	0	143	0	0	0	0	0	0	0	
914301	0	0	0	0	143	0	0	0	0	0	0	0	
915050	0	0	0	0	153	0	0	0	0	0	0	0	
915796	0	0	0	0	163	0	0	0	0	0	0	0	
916547	0	0	0	0	171	0	0	0	0	0	0	0	
917295	0	0	0	3	168	0	0	0	0	0	0	0	
918045	0	0	0	0	179	0	0	0	0	0	0	0	
918797	0	0	0	0	167	0	0	0	0	0	0	0	
919547	0	0	0	0	157	0	0	0	0	0	0	0	
920295	0	0	0	0	151	0	0	0	0	0	0	0	
921045	0	0	0	0	169	0	0	0	0	0	0	0	
921795	0	0	0	0	183	0	0	0	0	0	0	0	
922544	0	0	0	0	169	0	0	0	0	0	0	0	
923296	0	0	0	0	191	0	0	0	0	0	0	0	
924048	0	0	0	0	23	124	0	0	0	0	0	0	
924798	0	0	0	0	0	153	0	0	0	0	0	0	
925549	0	0	0	0	0	113	0	0	0	0	0	0	
926297	0	0	0	0	0	147	0	0	0	0	0	0	
927046	0	0	0	0	0	119	0	0	0	0	0	0	
927799	0	0	0	0	0	141	0	0	0	0	0	0	
928548	0	0	0	0	0	133	0	0	0	0	0	0	
929302	0	0	0	0	1	126	0	0	0	0	0	0	
930049	0	0	0	0	0	139	0	0	0	0	0	0	
930797	0	0	0	0	0	127	0	0	0	0	0	0	
931546	0	0	0	0	0	129	0	0	0	0	0	0	
932294	0	0	0	0	133	0	0	0	0	0	0	0	
933044	0	0	0	0	181	0	0	0	0	0	0	0	
933793	0	0	0	0	177	0	0	0	0	0	0	0	
934546	0	0	0	0	175	0	0	0	0	0	0	0	
935297	0	0	0	0	149	0	0	0	0	0	0	0	
936046	0	0	0	0	153	0	0	0	0	0	0	0	
936796	0	0	0	0	181	0	0	0	0	0	0	0	
937544	0	0	0	0	175	0	0	0	0	0	0	0	
938294	0	0	0	199	0	0	0	0	0	0	0	0	
939039	0	0	0	193	0	0	0	0	0	0	0	0	
939788	0	0	0	177	0	0	0	0	0	0	0	0	
940539	0	0	0	197	0	0	0	0	0	0	0	0	
941287	0	0	0	169	0	0	0	0	0	0	0	0	
942039	0	0	0	215	0	0	0	0	0	0	0	0	
942789	0	0	0	209	0	0	0	0	0	0	0	0	
943537	0	0	0	225	0	0	0	0	0	0	0	0	
944285	0	0	0	199	0	0	0	0	0	0	0	0	
945035	0	0	0	183	0	0	0	0	0	0	0	0	
945788	0	0	0	193	0	0	0	0	0	0	0	0	
946539	0	0	0	187	0	0	0	0	0	0	0	0	
947288	0	0	0	201	0	0	0	0	0	0	0	0	
948039	0	0	0	213	0	0	0	0	0	0	0	0	
948790	0	0	0	216	1	0	0	0	0	0	0	0	
949540	0	0	0	215	0	0	0	0	0	0	0	0	
950292	0	0	0	197	0	0	0	0	0	0	0	0	
951043	0	0	0	213	0	0	0	0	0	0	0	0	
951794	0	0	0	195	0	0	0	0	0	0	0	0	
952545	0	0	0	201	0	0	0	0	0	0	0	0	
953296	0	0	0	193	0	0	0	0	0	0	0	0	
954045	0	0	0	209	0	0	0	0	0	0	0	0	
954792	0	0	0	199	0	0	0	0	0	0	0	0	
955540	0	0	0	211	0	0	0	0	0	0	0	0	
956288	0	0	0	205	0	0	0	0	0	0	0	0	
957040	0	0	0	199	0	0	0	0	0	0	0	0	
957789	0	0	0	193	0	0	0	0	0	0	0	0	
958539	0	0	0	219	0	0	0	0	0	0	0	0	
959291	0	0	0	217	0	0	0	0	0	0	0	0	
960042	0	0	0	193	0	0	0	0	0	0	0	0	
960792	0	0	0	189	0	0	0	0	0	0	0	0	
961540	0	0	0	203	0	0	0	0	0	0	0	0	
962290	0	0	2	177	0	0	0	0	0	0	0	0	
963039	0	0	0	205	0	0	0	0	0	0	0	0	
963789	0	0	0	197	0	0	0	0	0	0	0	0	
964541	0	0	0	207	0	0	0	0	0	0	0	0	
965287	0	0	271	0	0	0	0	0	0	0	0	0	
966038	0	0	281	0	0	0	0	0	0	0	0	0	
966788	0	0	273	0	0	0	0	0	0	0	0	0	
967540	0	0	265	0	0	0	0	0	0	0	0	0	
968292	0	0	247	0	0	0	0	0	0	0	0	0	
969044	0	0	263	0	0	0	0	0	0	0	0	0	
969795	0	0	313	0	0	0	0	0	0	0	0	0	
970545	0	0	255	0	0	0	0	0	0	0	0	0	
971297	0	0	281	0	0	0	0	0	0	0	0	0	
972048	0	0	265	0	0	0	0	0	0	0	0	0	
972799	0	0	269	0	0	0	0	0	0	0	0	0	
973548	0	0	265	0	0	0	0	0	0	0	0	0	
974300	0	0	271	0	0	0	0	0	0	0	0	0	
975051	0	0	239	0	0	0	0	0	0	0	0	0	
975802	0	0	249	0	0	0	0	0	0	0	0	0	
976551	0	0	285	0	0	0	0	0	0	0	0	0	
977299	0	0	265	0	0	0	0	0	0	0	0	0	
978050	0	0	245	0	0	0	0	0	0	0	0	0	
978797	0	0	261	0	0	0	0	0	0	0	0	0	
979550	0	0	257	0	0	0	0	0	0	0	0	0	
980301	0	0	279	0	0	0	0	0	0	0	0	0	
981049	0	0	285	0	0	0	0	0	0	0	0	0	
981796	0	0	311	0	0	0	0	0	0	0	0	0	
982543	0	0	267	0	0	0	0	0	0	0	0	0	
983290	0	0	245	0	0	0	0	0	0	0	0	0	
984041	0	0	255	0	0	0	0	0	0	0	0	0	
984788	0	0	263	0	0	0	0	0	0	0	0	0	
985541	0	0	253	0	0	0	0	0	0	0	0	0	
986292	0	0	0	179	0	0	0	0	0	0	0	0	
987042	0	0	0	187	0	0	0	0	0	0	0	0	
987794	0	0	0	209	0	0	0	0	0	0	0	0	
988547	0	0	0	181	0	0	0	0	0	0	0	0	
989298	0	0	0	197	0	0	0	0	0	0	0	0	
990045	0	0	0	221	0	0	0	0	0	0	0	0	
990796	0	0	0	195	0	0	0	0	0	0	0	0	
991545	0	0	0	211	0	0	0	0	0	0	0	0	
992290	0	0	0	217	0	0	0	0	0	0	0	0	
993037	0	0	0	193	0	0	0	0	0	0	0	0	
993788	0	9	264	0	0	0	0	0	0	0	0	0	
994537	0	0	255	0	0	0	0	0	0	0	0	0	
995285	0	0	247	0	0	0	0	0	0	0	0	0	
996034	0	0	265	0	0	0	0	0	0	0	0	0	
996783	0	0	245	0	0	0	0	0	0	0	0	0	
997533	0	0	271	0	0	0	0	0	0	0	0	0	
998279	0	0	275	0	0	0	0	0	0	0	0	0	
999031	0	0	271	0	0	0	0	0	0	0	0	0	
999779	0	0	269	0	0	0	0	0	0	0	0	0	
1.00053e+06	0	0	289	0	0	0	0	0	0	0	0	0	
1.00128e+06	0	0	265	0	0	0	0	0	0	0	0	0	
1.00203e+06	0	0	251	0	0	0	0	0	0	0	0	0	
1.00278e+06	0	0	249	0	0	0	0	0	0	0	0	0	
1.00353e+06	0	0	269	0	0	0	0	0	0	0	0	0	
1.00428e+06	0	0	265	0	0	0	0	0	0	0	0	0	
1.00503e+06	0	0	263	0	0	0	0	0	0	0	0	0	
1.00578e+06	0	0	245	0	0	0	0	0	0	0	0	0	
1.00653e+06	0	0	275	0	0	0	0	0	0	0	0	0	
1.00728e+06	0	0	279	0	0	0	0	0	0	0	0	0	
1.00803e+06	0	0	259	0	0	0	0	0	0	0	0	0	
1.00878e+06	0	0	239	0	0	0	0	0	0	0	0	0	
1.00952e+06	0	0	273	0	0	0	0	0	0	0	0	0	
1.01027e+06	0	0	261	0	0	0	0	0	0	0	0	0	
1.01102e+06	0	0	263	0	0	0	0	0	0	0	0	0	
1.01177e+06	0	0	233	0	0	0	0	0	0	0	0	0	
1.01253e+06	0	0	251	0	0	0	0	0	0	0	0	0	
1.01328e+06	0	0	267	0	0	0	0	0	0	0	0	0	
1.01403e+06	0	0	63	164	0	0	0	0	0	0	0	0	
1.01477e+06	0	0	0	197	0	0	0	0	0	0	0	0	
1.01552e+06	0	0	2	215	0	0	0	0	0	0	0	0	
1.01627e+06	0	0	0	213	0	0	0	0	0	0	0	0	
1.01702e+06	0	0	0	211	0	0	0	0	0	0	0	0	
1.01777e+06	0	0	0	181	0	0	0	0	0	0	0	0	
1.01852e+06	0	0	0	142	31	0	0	0	0	0	0	0	
1.01927e+06	0	0	0	187	0	0	0	0	0	0	0	0	
1.02002e+06	0	0	0	207	0	0	0	0	0	0	0	0	
1.02077e+06	0	0	0	71	96	0	0	0	0	0	0	0	
1.02152e+06	0	0	0	191	0	0	0	0	0	0	0	0	
1.02227e+06	0	0	0	213	0	0	0	0	0	0	0	0	
1.02302e+06	0	0	0	207	0	0	0	0	0	0	0	0	
1.02377e+06	0	0	0	175	0	0	0	0	0	0	0	0	
1.02452e+06	0	0	16	173	0	0	0	0	0	0	0	0	
1.02527e+06	0	0	0	211	0	0	0	0	0	0	0	0	
1.02602e+06	0	0	0	199	0	0	0	0	0	0	0	0	
1.02677e+06	0	0	0	205	0	0	0	0	0	0	0	0	
1.02752e+06	0	0	0	189	0	0	0	0	0	0	0	0	
1.02827e+06	0	0	0	215	0	0	0	0	0	0	0	0	
1.02902e+06	0	0	0	209	0	0	0	0	0	0	0	0	
1.02977e+06	0	0	0	209	0	0	0	0	0	0	0	0	
1.03053e+06	0	0	0	195	0	0	0	0	0	0	0	0	
1.03127e+06	0	0	0	211	0	0	0	0	0	0	0	0	
1.03202e+06	0	0	0	209	0	0	0	0	0	0	0	0	
1.03278e+06	0	0	0	223	0	0	0	0	0	0	0	0	
1.03353e+06	0	0	0	197	0	0	0	0	0	0	0	0	
1.03427e+06	0	0	0	189	0	0	0	0	0	0	0	0	
1.03502e+06	0	0	0	205	0	0	0	0	0	0	0	0	
1.03577e+06	0	0	0	191	0	0	0	0	0	0	0	0	
1.03652e+06	0	0	0	191	0	0	0	0	0	0	0	0	
1.03727e+06	0	0	0	215	0	0	0	0	0	0	0	0	
1.03802e+06	0	0	0	195	0	0	0	0	0	0	0	0	
1.03877e+06	0	0	0	209	0	0	0	0	0	0	0	0	
1.03953e+06	0	0	0	209	0	0	0	0	0	0	0	0	
1.04028e+06	0	0	0	189	0	0	0	0	0	0	0	0	
1.04103e+06	0	0	0	199	0	0	0	0	0	0	0	0	
1.04177e+06	0	0	0	207	0	0	0	0	0	0	0	0	
1.04252e+06	0	0	0	211	0	0	0	0	0	0	0	0	
1.04327e+06	0	0	0	193	0	0	0	0	0	0	0	0	
1.04402e+06	0	0	0	175	0	0	0	0	0	0	0	0	
1.04477e+06	0	0	0	205	0	0	0	0	0	0	0	0	
1.04552e+06	0	0	0	197	0	0	0	0	0	0	0	0	
1.04627e+06	0	0	0	177	0	0	0	0	0	0	0	0	
1.04702e+06	0	0	0	205	0	0	0	0	0	0	0	0	
1.04777e+06	0	0	0	207	0	0	0	0	0	0	0	0	
1.04851e+06	0	0	0	211	0	0	0	0	0	0	0	0	
1.04926e+06	0	0	0	227	0	0	0	0	0	0	0	0	
1.05001e+06	0	0	0	189	0	0	0	0	0	0	0	0	
1.05077e+06	0	0	0	171	0	0	0	0	0	0	0	0	
1.05152e+06	0	0	0	197	0	0	0	0	0	0	0	0	
1.05227e+06	0	0	0	205	0	0	0	0	0	0	0	0	
1.05302e+06	0	0	0	184	5	0	0	0	0	0	0	0	
1.05376e+06	0	0	0	197	0	0	0	0	0	0	0	0	
1.05451e+06	0	0	0	217	0	0	0	0	0	0	0	0	
1.05526e+06	0	0	0	195	0	0	0	0	0	0	0	0	
1.05601e+06	0	0	0	187	0	0	0	0	0	0	0	0	
1.05676e+06	0	0	0	197	0	0	0	0	0	0	0	0	
1.0575e+06	0	0	0	203	0	0	0	0	0	0	0	0	
1.05825e+06	0	0	0	215	0	0	0	0	0	0	0	0	
1.05901e+06	0	0	0	205	0	0	0	0	0	0	0	0	
1.05976e+06	0	0	0	191	0	0	0	0	0	0	0	0	
1.06051e+06	0	0	0	211	0	0	0	0	0	0	0	0	
1.06126e+06	0	0	0	187	0	0	0	0	0	0	0	0	
1.06201e+06	0	0	0	187	0	0	0	0	0	0	0	0	
1.06275e+06	0	0	0	185	0	0	0	0	0	0	0	0	
1.06351e+06	0	0	0	221	0	0	0	0	0	0	0	0	
1.06426e+06	0	0	0	219	0	0	0	0	0	0	0	0	
1.06501e+06	0	0	0	189	0	0	0	0	0	0	0	0	
1.06576e+06	0	0	0	217	0	0	0	0	0	0	0	0	
1.06651e+06	0	0	0	193	0	0	0	0	0	0	0	0	
1.06726e+06	0	0	0	195	0	0	0	0	0	0	0	0	
1.06801e+06	0	0	0	183	0	0	0	0	0	0	0	0	
1.06876e+06	0	0	0	213	0	0	0	0	0	0	0	0	
1.06951e+06	0	0	0	0	165	0	0	0	0	0	0	0	
1.07026e+06	0	0	0	0	159	0	0	0	0	0	0	0	
1.07101e+06	0	0	0	0	175	0	0	0	0	0	0	0	
1.07176e+06	0	0	0	0	161	0	0	0	0	0	0	0	
1.07251e+06	0	0	0	0	163	0	0	0	0	0	0	0	
1.07326e+06	0	0	0	0	169	0	0	0	0	0	0	0	
1.07401e+06	0	0	0	0	153	0	0	0	0	0	0	0	
1.07476e+06	0	0	0	0	151	0	0	0	0	0	0	0	
1.07551e+06	0	0	0	0	143	0	0	0	0	0	0	0	
1.07626e+06	0	0	0	0	151	0	0	0	0	0	0	0	
1.077e+06	0	0	0	0	177	0	0	0	0	0	0	0	
1.07776e+06	0	0	0	0	149	0	0	0	0	0	0	0	
1.0785e+06	0	0	0	0	151	0	0	0	0	0	0	0	
1.07925e+06	0	0	0	0	155	0	0	0	0	0	0	0	
1.08e+06	0	0	0	0	155	0	0	0	0	0	0	0	
1.08075e+06	0	0	0	0	42	95	0	0	0	0	0	0	
1.0815e+06	0	0	0	0	0	139	0	0	0	0	0	0	
1.08225e+06	0	0	0	0	0	141	0	0	0	0	0	0	
1.083e+06	0	0	0	0	0	133	0	0	0	0	0	0	
1.08375e+06	0	0	0	0	0	0	115	0	0	0	0	0	
1.0845e+06	0	0	0	0	0	0	119	0	0	0	0	0	
1.08525e+06	0	0	0	0	0	0	94	27	0	0	0	0	
1.08599e+06	0	0	0	0	0	0	125	0	0	0	0	0	
1.08674e+06	0	0	0	0	0	0	113	0	0	0	0	0	
1.08749e+06	0	0	0	0	0	0	115	0	0	0	0	0	
1.08824e+06	0	0	0	0	0	0	91	0	0	0	0	0	
1.08899e+06	0	0	0	0	0	0	133	0	0	0	0	0	
1.08974e+06	0	0	0	0	0	0	113	0	0	0	0	0	
1.09049e+06	0	0	0	0	0	0	123	0	0	0	0	0	
1.09124e+06	0	0	0	0	0	0	119	0	0	0	0	0	
1.09199e+06	0	0	0	0	0	0	117	0	0	0	0	0	
1.09274e+06	0	0	0	0	0	0	121	0	0	0	0	0	
1.09349e+06	0	0	0	0	0	0	135	0	0	0	0	0	
1.09424e+06	0	0	0	0	0	0	139	0	0	0	0	0	
1.09498e+06	0	0	0	0	0	0	105	0	0	0	0	0	
1.09573e+06	0	0	0	0	0	0	117	0	0	0	0	0	
1.09648e+06	0	0	0	0	0	0	105	0	0	0	0	0	
1.09724e+06	0	0	0	0	0	0	121	0	0	0	0	0	
1.09799e+06	0	0	0	0	0	0	137	0	0	0	0	0	
1.09874e+06	0	0	0	0	0	0	87	0	0	0	0	0	
1.09949e+06	0	0	0	0	0	0	119	0	0	0	0	0	
1.10024e+06	0	0	0	0	0	0	115	0	0	0	0	0	
1.10099e+06	0	0	0	0	0	0	97	0	0	0	0	0	
1.10174e+06	0	0	0	0	0	0	141	0	0	0	0	0	
1.10248e+06	0	0	0	0	0	0	121	0	0	0	0	0	
1.10323e+06	0	0	0	0	0	0	115	0	0	0	0	0	
1.10398e+06	0	0	0	0	0	0	101	0	0	0	0	0	
1.10473e+06	0	0	0	0	0	0	105	0	0	0	0	0	
1.10548e+06	0	0	0	0	0	0	113	0	0	0	0	0	
1.10623e+06	0	0	0	0	0	0	129	0	0	0	0	0	
1.10698e+06	0	0	0	0	0	0	97	0	0	0	0	0	
1.10773e+06	0	0	0	0	0	0	127	0	0	0	0	0	
1.10848e+06	0	0	0	0	0	0	85	0	0	0	0	0	
1.10923e+06	0	0	0	0	0	0	125	0	0	0	0	0	
1.10998e+06	0	0	0	0	0	0	121	0	0	0	0	0	
1.11073e+06	0	0	0	0	0	0	123	0	0	0	0	0	
1.11148e+06	0	0	0	0	0	0	119	0	0	0	0	0	
1.11223e+06	0	0	0	0	0	0	103	0	0	0	0	0	
1.11298e+06	0	0	0	0	0	0	111	0	0	0	0	0	
1.11373e+06	0	0	0	0	0	0	113	0	0	0	0	0	
1.11448e+06	0	0	0	0	0	0	117	0	0	0	0	0	
1.11522e+06	0	0	0	0	0	0	111	0	0	0	0	0	
1.11597e+06	0	0	0	0	0	0	123	0	0	0	0	0	
1.11673e+06	0	0	0	0	0	0	137	0	0	0	0	0	
1.11748e+06	0	0	0	0	0	0	99	0	0	0	0	0	
1.11823e+06	0	0	0	0	0	0	123	0	0	0	0	0	
1.11898e+06	0	0	0	0	0	0	121	0	0	0	0	0	
1.11973e+06	0	0	0	0	0	0	113	0	0	0	0	0	
1.12048e+06	0	0	0	0	0	0	109	0	0	0	0	0	
1.12123e+06	0	0	0	0	0	0	105	0	0	0	0	0	
1.12198e+06	0	0	0	0	0	0	107	0	0	0	0	0	
1.12273e+06	0	0	0	0	0	0	105	0	0	0	0	0	
1.12348e+06	0	0	0	0	0	0	101	0	0	0	0	0	
1.12423e+06	0	0	0	0	0	0	121	0	0	0	0	0	
1.12498e+06	0	0	0	0	0	0	121	0	0	0	0	0	
1.12573e+06	0	0	0	0	0	0	0	103	0	0	0	0	
1.12648e+06	0	0	0	0	0	0	0	95	0	0	0	0	
1.12723e+06	0	0	0	0	0	0	0	91	0	0	0	0	
1.12799e+06	0	0	0	0	0	0	0	101	0	0	0	0	
1.12873e+06	0	0	0	0	0	0	0	99	0	0	0	0	
1.12948e+06	0	0	0	0	0	0	0	91	0	0	0	0	
1.13023e+06	0	0	0	0	0	0	2	105	0	0	0	0	
1.13098e+06	0	0	0	0	0	0	0	117	0	0	0	0	
1.13173e+06	0	0	0	0	0	0	0	101	0	0	0	0	
1.13248e+06	0	0	0	0	0	0	0	97	0	0	0	0	
1.13323e+06	0	0	0	0	0	0	0	97	0	0	0	0	
1.13398e+06	0	0	0	0	0	0	0	125	0	0	0	0	
1.13473e+06	0	0	0	0	0	0	0	97	0	0	0	0	
1.13548e+06	0	0	0	0	0	0	0	119	0	0	0	0	
1.13623e+06	0	0	0	0	0	0	0	111	0	0	0	0	
1.13698e+06	0	0	0	0	0	0	0	103	0	0	0	0	
1.13774e+06	0	0	0	0	0	0	0	105	0	0	0	0	
1.13848e+06	0	0	0	0	0	0	0	85	0	0	0	0	
1.13924e+06	0	0	0	0	0	0	0	101	0	0	0	0	
1.13999e+06	0	0	0	0	0	0	0	105	0	0	0	0	
1.14073e+06	0	0	0	0	0	0	6	89	0	0	0	0	
1.14148e+06	0	0	0	0	0	0	0	109	0	0	0	0	
1.14223e+06	0	0	0	0	0	0	0	89	0	0	0	0	
1.14298e+06	0	0	0	0	0	0	0	103	0	0	0	0	
1.14373e+06	0	0	0	0	0	0	0	103	0	0	0	0	
1.14448e+06	0	0	0	0	0	0	0	97	0	0	0	0	
1.14523e+06	0	0	0	0	0	0	0	107	0	0	0	0	
1.14598e+06	0	0	0	0	0	0	0	101	0	0	0	0	
1.14673e+06	0	0	0	0	0	0	0	83	0	0	0	0	
1.14748e+06	0	0	0	0	0	0	0	103	0	0	0	0	
1.14823e+06	0	0	0	0	0	0	0	0	79	0	0	0	
1.14898e+06	0	0	0	0	0	0	0	0	103	0	0	0	
1.14974e+06	0	0	0	0	0	0	0	0	103	0	0	0	
1.15049e+06	0	0	0	0	0	0	0	0	97	0	0	0	
1.15124e+06	0	0	0	0	0	0	0	0	79	0	0	0	
1.15199e+06	0	0	0	0	0	0	0	0	77	0	0	0	
1.15274e+06	0	0	0	0	0	0	0	0	99	0	0	0	
1.15349e+06	0	0	0	0	0	0	0	0	95	0	0	0	
1.15424e+06	0	0	0	0	0	0	0	0	0	87	0	0	
1.15499e+06	0	0	0	0	0	0	0	0	0	71	0	0	
1.15574e+06	0	0	0	0	0	0	0	0	0	71	0	0	
1.15649e+06	0	0	0	0	0	0	0	0	0	79	0	0	
1.15724e+06	0	0	0	0	0	0	0	0	0	67	0	0	
1.15799e+06	0	0	0	0	0	0	0	0	0	87	0	0	
1.15874e+06	0	0	0	0	0	0	0	0	0	69	0	0	
1.15949e+06	0	0	0	0	0	0	0	0	0	91	0	0	
1.16024e+06	0	0	0	0	0	0	0	0	0	93	0	0	
1.16099e+06	0	0	0	0	0	0	0	0	0	69	0	0	
1.16174e+06	0	0	0	0	0	0	0	0	0	75	0	0	
1.16249e+06	0	0	0	0	0	0	0	0	0	99	0	0	
1.16324e+06	0	0	0	0	0	0	0	0	0	75	0	0	
1.16399e+06	0	0	0	0	0	0	0	0	0	0	89	0	
1.16474e+06	0	0	0	0	0	0	0	0	0	0	93	0	
1.16549e+06	0	0	0	0	0	0	0	0	0	0	0	61	
1.16624e+06	0	0	0	0	0	0	0	0	0	0	0	81	
1.16699e+06	0	0	0	0	0	0	0	0	0	0	0	63	
1.16774e+06	0	0	0	0	0	0	0	0	0	0	0	79	
1.16849e+06	0	0	0	0	0	0	0	0	0	0	0	65	
1.16924e+06	0	0	0	0	0	0	0	0	0	0	0	67	
1.16999e+06	0	0	0	0	0	0	0	0	0	0	0	65	
1.17074e+06	0	0	0	0	0	0	0	0	0	0	0	73	
1.17149e+06	0	0	0	0	0	0	0	0	0	0	0	61	
1.17224e+06	0	0	0	0	0	0	0	0	0	0	0	73	
1.17299e+06	0	0	0	0	0	0	0	0	0	0	0	65	
1.17374e+06	0	0	0	0	0	0	0	0	0	0	0	69	
1.17449e+06	0	0	0	0	0	0	0	0	0	0	0	73	
1.17524e+06	0	0	0	0	0	0	0	0	0	0	83	0	
1.17599e+06	0	0	0	0	0	0	0	0	0	0	73	0	
1.17674e+06	0	0	0	0	0	0	0	0	0	0	69	0	
1.17749e+06	0	0	0	0	0	0	0	0	0	0	61	0	
1.17824e+06	0	0	0	0	0	0	0	0	0	0	81	0	
1.17899e+06	0	0	0	0	0	0	0	0	0	0	91	0	
1.17974e+06	0	0	0	0	0	0	0	0	0	0	83	0	
1.18049e+06	0	0	0	0	0	0	0	0	0	0	93	0	
1.18124e+06	0	0	0	0	0	0	0	0	0	0	57	0	
1.18199e+06	0	0	0	0	0	0	0	0	0	0	75	0	
1.18274e+06	0	0	0	0	0	0	0	0	0	0	65	0	
1.18349e+06	0	0	0	0	0	0	0	0	0	0	67	0	
1.18424e+06	0	0	0	0	0	0	0	0	0	0	56	13	
1.18499e+06	0	0	0	0	0	0	0	0	0	0	89	0	
1.18574e+06	0	0	0	0	0	0	0	0	0	0	71	0	
1.18649e+06	0	0	0	0	0	0	0	0	0	0	77	0	
1.18724e+06	0	0	0	0	0	0	0	0	0	0	71	0	
1.18799e+06	0	0	0	0	0	0	0	0	0	0	79	0	
1.18874e+06	0	0	0	0	0	0	0	0	0	0	69	0	
1.18949e+06	0	0	0	0	0	0	0	0	0	95	0	0	
1.19023e+06	0	0	0	0	0	0	0	0	0	97	0	0	
1.19099e+06	0	0	0	0	0	0	0	0	0	69	0	0	
1.19174e+06	0	0	0	0	0	0	0	0	0	69	0	0	
1.19249e+06	0	0	0	0	0	0	0	0	0	95	0	0	
1.19324e+06	0	0	0	0	0	0	0	0	2	71	0	0	
1.19399e+06	0	0	0	0	0	0	0	0	87	0	0	0	
1.19474e+06	0	0	0	0	0	0	0	0	77	0	0	0	
1.19549e+06	0	0	0	0	0	0	0	0	95	0	0	0	
1.19624e+06	0	0	0	0	0	0	0	0	89	0	0	0	
1.19699e+06	0	0	0	0	0	0	0	0	91	0	0	0	
1.19774e+06	0	0	0	0	0	0	0	0	91	0	0	0	
1.19849e+06	0	0	0	0	0	0	0	0	95	0	0	0	
1.19924e+06	0	0	0	0	0	0	0	0	73	0	0	0	
1.19999e+06	0	0	0	0	0	0	0	0	99	0	0	0	
1.20074e+06	0	0	0	0	0	0	0	0	87	0	0	0	
1.2015e+06	0	0	0	0	0	0	0	0	83	0	0	0	
1.20224e+06	0	0	0	0	0	0	0	0	67	0	0	0	
1.20299e+06	0	0	0	0	0	0	0	0	77	0	0	0	
1.20374e+06	0	0	0	0	0	0	0	0	85	0	0	0	
1.20449e+06	0	0	0	0	0	0	0	0	83	0	0	0	
1.20524e+06	0	0	0	0	0	0	0	0	97	0	0	0	
1.20599e+06	0	0	0	0	0	0	0	0	101	0	0	0	
1.20674e+06	0	0	0	0	0	0	0	0	81	0	0	0	
1.20749e+06	0	0	0	0	0	0	0	0	109	0	0	0	
1.20824e+06	0	0	0	0	0	0	0	0	89	0	0	0	
1.20899e+06	0	0	0	0	0	0	0	0	0	91	0	0	
1.20974e+06	0	0	0	0	0	0	0	0	0	75	0	0	
1.21049e+06	0	0	0	0	0	0	0	0	0	79	0	0	
1.21124e+06	0	0	0	0	0	0	0	0	0	95	0	0	
1.21199e+06	0	0	0	0	0	0	0	0	0	87	0	0	
1.21274e+06	0	0	0	0	0	0	0	0	0	73	0	0	
1.2135e+06	0	0	0	0	0	0	0	0	0	81	0	0	
1.21425e+06	0	0	0	0	0	0	0	0	0	85	0	0	
1.215e+06	0	0	0	0	0	0	0	0	0	91	0	0	
1.21575e+06	0	0	0	0	0	0	0	0	0	71	0	0	
1.2165e+06	0	0	0	0	0	0	0	0	0	75	0	0	
1.21725e+06	0	0	0	0	0	0	0	0	0	87	0	0	
1.218e+06	0	0	0	0	0	0	0	0	0	85	0	0	
1.21874e+06	0	0	0	0	0	0	0	0	0	67	0	0	
1.2195e+06	0	0	0	0	0	0	0	0	0	73	0	0	
1.22025e+06	0	0	0	0	0	0	0	0	0	79	0	0	
1.22099e+06	0	0	0	0	0	0	0	0	0	69	0	0	
1.22174e+06	0	0	0	0	0	0	0	0	0	73	0	0	
1.22249e+06	0	0	0	0	0	0	0	0	0	75	0	0	
1.22325e+06	0	0	0	0	0	0	0	0	0	0	59	0	
1.224e+06	0	0	0	0	0	0	0	0	0	0	71	0	
1.22475e+06	0	0	0	0	0	0	0	0	0	0	67	0	
1.2255e+06	0	0	0	0	0	0	0	0	0	0	65	0	
1.22625e+06	0	0	0	0	0	0	0	0	0	0	79	0	
1.227e+06	0	0	0	0	0	0	0	0	0	0	67	0	
1.22775e+06	0	0	0	0	0	0	0	0	0	0	79	0	
1.2285e+06	0	0	0	0	0	0	0	0	0	0	65	0	
1.22925e+06	0	0	0	0	0	0	0	0	0	0	53	0	
1.23e+06	0	0	0	0	0	0	0	0	0	0	65	0	
1.23075e+06	0	0	0	0	0	0	0	0	0	0	79	0	
1.23149e+06	0	0	0	0	0	0	0	0	0	0	81	0	
1.23224e+06	0	0	0	0	0	0	0	0	0	0	71	0	
1.23299e+06	0	0	0	0	0	0	0	0	0	0	77	0	
1.23374e+06	0	0	0	0	0	0	0	0	0	0	77	0	
1.23449e+06	0	0	0	0	0	0	0	0	0	0	65	0	
1.23524e+06	0	0	0	0	0	0	0	0	0	0	67	0	
1.23599e+06	0	0	0	0	0	0	0	0	0	0	79	0	
1.23674e+06	0	0	0	0	0	0	0	0	0	0	79	0	
1.23749e+06	0	0	0	0	0	0	0	0	0	0	71	0	
1.23823e+06	0	0	0	0	0	0	0	0	0	0	55	16	
1.23898e+06	0	0	0	0	0	0	0	0	0	0	77	0	
1.23973e+06	0	0	0	0	0	0	0	0	0	0	63	0	
1.24048e+06	0	0	0	0	0	0	0	0	0	0	59	0	
1.24123e+06	0	0	0	0	0	0	0	0	0	0	67	0	
1.24198e+06	0	0	0	0	0	0	0	0	0	0	81	0	
1.24273e+06	0	0	0	0	0	0	0	0	0	0	59	0	
1.24348e+06	0	0	0	0	0	0	0	0	0	0	79	0	
1.24422e+06	0	0	0	0	0	0	0	0	0	0	69	0	
1.24497e+06	0	0	0	0	0	0	0	0	0	0	59	0	
1.24572e+06	0	0	0	0	0	0	0	0	0	0	87	0	
1.24647e+06	0	0	0	0	0	0	0	0	0	0	75	0	
1.24722e+06	0	0	0	0	0	0	0	0	0	0	67	0	
1.24797e+06	0	0	0	0	0	0	0	0	0	0	79	0	
1.24872e+06	0	0	0	0	0	0	0	0	0	0	69	0	
1.24947e+06	0	0	0	0	0	0	0	0	0	0	0	59	
1.25022e+06	0	0	0	0	0	0	0	0	0	0	0	69	
1.25097e+06	0	0	0	0	0	0	0	0	0	0	0	63	
1.25172e+06	0	0	0	0	0	0	0	0	0	0	0	61	
1.25247e+06	0	0	0	0	0	0	0	0	0	0	0	53	
1.25322e+06	0	0	0	0	0	0	0	0	0	0	0	61	
1.25398e+06	0	0	0	0	0	0	0	0	0	0	0	73	
1.25472e+06	0	0	0	0	0	0	0	0	0	0	0	65	
1.25547e+06	0	0	0	0	0	0	0	0	0	0	0	51	
1.25622e+06	0	0	0	0	0	0	0	0	0	0	0	69	
1.25697e+06	0	0	0	0	0	0	0	0	0	0	0	61	
1.25772e+06	0	0	0	0	0	0	0	0	0	0	0	55	
1.25847e+06	0	0	0	0	0	0	0	0	0	0	0	51	
1.25922e+06	0	0	0	0	0	0	0	0	0	0	0	59	
1.25997e+06	0	0	0	0	0	0	0	0	0	0	0	57	
1.26072e+06	0	0	0	0	0	0	0	0	0	0	0	63	
1.26147e+06	0	0	0	0	0	0	0	0	0	0	0	65	
1.26222e+06	0	0	0	0	0	0	0	0	0	0	0	65	
1.26297e+06	0	0	0	0	0	0	0	0	0	0	0	63	
1.26372e+06	0	0	0	0	0	0	0	0	0	0	0	61	
1.26447e+06	0	0	0	0	0	0	0	0	0	0	0	63	
1.26522e+06	0	0	0	0	0	0	0	0	0	0	0	61	
1.26597e+06	0	0	0	0	0	0	0	0	0	0	0	67	
1.26672e+06	0	0	0	0	0	0	0	0	0	0	0	53	
1.26747e+06	0	0	0	0	0	0	0	0	0	0	0	51	
1.26822e+06	0	0	0	0	0	0	0	0	0	0	61	0	
1.26897e+06	0	0	0	0	0	0	0	0	0	0	67	0	
1.26972e+06	0	0	0	0	0	0	0	0	0	0	73	0	
1.27047e+06	0	0	0	0	0	0	0	0	0	0	83	0	
1.27123e+06	0	0	0	0	0	0	0	0	0	0	65	0	
1.27197e+06	0	0	0	0	0	0	0	0	0	0	81	0	
1.27272e+06	0	0	0	0	0	0	0	0	0	0	73	0	
1.27347e+06	0	0	0	0	0	0	0	0	0	79	0	0	
1.27423e+06	0	0	0	0	0	0	0	0	0	87	0	0	
1.27498e+06	0	0	0	0	0	0	0	0	0	109	0	0	
1.27572e+06	0	0	0	0	0	0	0	0	99	0	0	0	
1.27647e+06	0	0	0	0	0	0	0	0	0	81	0	0	
1.27722e+06	0	0	0	0	0	0	0	0	0	65	0	0	
1.27797e+06	0	0	0	0	0	0	0	0	0	81	0	0	
1.27872e+06	0	0	0	0	0	0	0	0	0	77	0	0	
1.27947e+06	0	0	0	0	0	0	0	0	0	83	0	0	
1.28022e+06	0	0	0	0	0	0	0	0	0	75	0	0	
1.28097e+06	0	0	0	0	0	0	0	0	0	75	0	0	
1.28173e+06	0	0	0	0	0	0	0	0	0	81	0	0	
1.28247e+06	0	0	0	0	0	0	0	0	0	87	0	0	
1.28322e+06	0	0	0	0	0	0	0	0	0	99	0	0	
1.28397e+06	0	0	0	0	0	0	0	0	85	0	0	0	
1.28472e+06	0	0	0	0	0	0	0	0	83	0	0	0	
1.28547e+06	0	0	0	0	0	0	0	0	87	0	0	0	
1.28622e+06	0	0	0	0	0	0	0	0	105	0	0	0	
1.28698e+06	0	0	0	0	0	0	0	0	83	0	0	0	
1.28772e+06	0	0	0	0	0	0	0	0	91	0	0	0	
1.28847e+06	0	0	0	0	0	0	0	0	95	0	0	0	
1.28922e+06	0	0	0	0	0	0	0	0	71	0	0	0	
1.28997e+06	0	0	0	0	0	0	0	0	103	0	0	0	
1.29072e+06	0	0	0	0	0	0	0	0	101	0	0	0	
1.29147e+06	0	0	0	0	0	0	0	0	101	0	0	0	
1.29222e+06	0	0	0	0	0	0	0	0	83	0	0	0	
1.29297e+06	0	0	0	0	0	0	0	0	93	0	0	0	
1.29372e+06	0	0	0	0	0	0	0	0	107	0	0	0	
1.29447e+06	0	0	0	0	0	0	0	0	97	0	0	0	
1.29522e+06	0	0	0	0	0	0	0	0	75	0	0	0	
1.29597e+06	0	0	0	0	0	0	0	0	97	0	0	0	
1.29672e+06	0	0	0	0	0	0	0	0	81	0	0	0	
1.29747e+06	0	0	0	0	0	0	0	0	73	0	0	0	
1.29821e+06	0	0	0	0	0	0	0	0	83	0	0	0	
1.29896e+06	0	0	0	0	0	0	0	0	83	0	0	0	
1.29971e+06	0	0	0	0	0	0	0	0	97	0	0	0	
1.30046e+06	0	0	0	0	0	0	0	0	101	0	0	0	
1.30121e+06	0	0	0	0	0	0	0	0	73	0	0	0	
1.30196e+06	0	0	0	0	0	0	0	0	95	0	0	0	
1.30271e+06	0	0	0	0	0	0	0	0	95	0	0	0	
1.30346e+06	0	0	0	0	0	0	0	0	79	0	0	0	
1.30421e+06	0	0	0	0	0	0	0	0	71	0	0	0	
1.30496e+06	0	0	0	0	0	0	0	0	89	0	0	0	
1.30572e+06	0	0	0	0	0	0	0	27	58	0	0	0	
1.30647e+06	0	0	0	0	0	0	0	0	83	0	0	0	
1.30722e+06	0	0	0	0	0	0	0	0	71	0	0	0	
1.30797e+06	0	0	0	0	0	0	0	0	87	0	0	0	
1.30872e+06	0	0	0	0	0	0	0	0	105	0	0	0	
1.30947e+06	0	0	0	0	0	0	0	0	97	0	0	0	
1.31022e+06	0	0	0	0	0	0	0	0	97	0	0	0	
1.31097e+06	0	0	0	0	0	0	0	0	95	0	0	0	
1.31172e+06	0	0	0	0	0	0	0	0	111	0	0	0	
1.31247e+06	0	0	0	0	0	0	0	0	103	0	0	0	
1.31322e+06	0	0	0	0	0	0	0	0	91	0	0	0	
1.31397e+06	0	0	0	0	0	0	0	0	73	0	0	0	
1.31472e+06	0	0	0	0	0	0	0	0	93	0	0	0	
1.31547e+06	0	0	0	0	0	0	0	0	85	0	0	0	
1.31622e+06	0	0	0	0	0	0	0	0	79	0	0	0	
1.31697e+06	0	0	0	0	0	0	0	0	77	0	0	0	
1.31772e+06	0	0	0	0	0	0	0	0	85	0	0	0	
1.31847e+06	0	0	0	0	0	0	0	0	97	0	0	0	
1.31922e+06	0	0	0	0	0	0	0	0	97	0	0	0	
1.31997e+06	0	0	0	0	0	0	0	0	93	0	0	0	
1.32072e+06	0	0	0	0	0	0	0	0	95	0	0	0	
1.32147e+06	0	0	0	0	0	0	0	0	93	0	0	0	
1.32223e+06	0	0	0	0	0	0	0	0	79	0	0	0	
1.32297e+06	0	0	0	0	0	0	0	0	89	0	0	0	
1.32372e+06	0	0	0	0	0	0	0	0	95	0	0	0	
1.32447e+06	0	0	0	0	0	0	0	0	87	0	0	0	
1.32523e+06	0	0	0	0	0	0	0	33	72	0	0	0	
1.32597e+06	0	0	0	0	0	0	0	0	93	0	0	0	
1.32672e+06	0	0	0	0	0	0	0	0	71	0	0	0	
1.32748e+06	0	0	0	0	0	0	0	0	0	87	0	0	
1.32823e+06	0	0	0	0	0	0	0	0	0	85	0	0	
1.32898e+06	0	0	0	0	0	0	0	0	0	85	0	0	
1.32973e+06	0	0	0	0	0	0	0	0	0	65	0	0	
1.33048e+06	0	0	0	0	0	0	0	0	107	0	0	0	
1.33123e+06	0	0	0	0	0	0	0	0	103	0	0	0	
1.33198e+06	0	0	0	0	0	0	0	0	107	0	0	0	
1.33273e+06	0	0	0	0	0	0	0	17	92	0	0	0	
1.33348e+06	0	0	0	0	0	0	0	0	97	0	0	0	
1.33423e+06	0	0	0	0	0	0	0	0	91	0	0	0	
1.33498e+06	0	0	0	0	0	0	0	4	79	0	0	0	
1.33573e+06	0	0	0	0	0	0	0	0	75	0	0	0	
1.33648e+06	0	0	0	0	0	0	0	0	91	0	0	0	
1.33723e+06	0	0	0	0	0	0	0	0	89	0	0	0	
1.33798e+06	0	0	0	0	0	0	0	0	85	0	0	0	
1.33873e+06	0	0	0	0	0	0	0	0	99	0	0	0	
1.33948e+06	0	0	0	0	0	0	0	0	97	0	0	0	
1.34023e+06	0	0	0	0	0	0	0	0	95	0	0	0	
1.34098e+06	0	0	0	0	0	0	0	0	87	0	0	0	
1.34173e+06	0	0	0	0	0	0	0	0	93	0	0	0	
1.34248e+06	0	0	0	0	0	0	0	0	95	0	0	0	
1.34323e+06	0	0	0	0	0	0	0	0	87	0	0	0	
1.34398e+06	0	0	0	0	0	0	0	0	101	0	0	0	
1.34473e+06	0	0	0	0	0	0	0	0	75	0	0	0	
1.34548e+06	0	0	0	0	0	0	0	0	99	0	0	0	
1.34623e+06	0	0	0	0	0	0	0	0	77	0	0	0	
1.34698e+06	0	0	0	0	0	0	0	0	81	0	0	0	
1.34773e+06	0	0	0	0	0	0	0	0	91	0	0	0	
1.34848e+06	0	0	0	0	0	0	0	0	99	0	0	0	
1.34922e+06	0	0	0	0	0	0	0	0	83	0	0	0	
1.34998e+06	0	0	0	0	0	0	0	0	95	0	0	0	
1.35073e+06	0	0	0	0	0	0	0	0	109	0	0	0	
1.35148e+06	0	0	0	0	0	0	0	0	99	0	0	0	
1.35223e+06	0	0	0	0	0	0	0	0	81	0	0	0	
1.35298e+06	0	0	0	0	0	0	0	0	91	0	0	0	
1.35373e+06	0	0	0	0	0	0	0	0	97	0	0	0	
1.35448e+06	0	0	0	0	0	0	0	0	81	0	0	0	
1.35523e+06	0	0	0	0	0	0	0	0	113	0	0	0	
1.35598e+06	0	0	0	0	0	0	0	0	89	0	0	0	
1.35673e+06	0	0	0	0	0	0	0	0	99	0	0	0	
1.35748e+06	0	0	0	0	0	0	0	0	107	0	0	0	
1.35823e+06	0	0	0	0	0	0	0	0	0	69	0	0	
1.35898e+06	0	0	0	0	0	0	0	0	0	79	0	0	
1.35973e+06	0	0	0	0	0	0	0	0	0	69	0	0	
1.36048e+06	0	0	0	0	0	0	0	0	0	81	0	0	
1.36123e+06	0	0	0	0	0	0	0	0	0	48	31	0	
1.36198e+06	0	0	0	0	0	0	0	0	0	0	79	0	
1.36272e+06	0	0	0	0	0	0	0	0	0	0	61	0	
1.36348e+06	0	0	0	0	0	0	0	0	0	0	67	0	
1.36423e+06	0	0	0	0	0	0	0	0	0	0	79	0	
1.36498e+06	0	0	0	0	0	0	0	0	0	0	69	0	
1.36573e+06	0	0	0	0	0	0	0	0	0	0	67	0	
1.36648e+06	0	0	0	0	0	0	0	0	0	0	79	0	
1.36723e+06	0	0	0	0	0	0	0	0	0	0	73	0	
1.36798e+06	0	0	0	0	0	0	0	0	0	0	83	0	
1.36873e+06	0	0	0	0	0	0	0	0	0	0	69	0	
1.36948e+06	0	0	0	0	0	0	0	0	0	0	77	0	
1.37023e+06	0	0	0	0	0	0	0	0	0	0	89	0	
1.37098e+06	0	0	0	0	0	0	0	0	0	0	75	0	
1.37172e+06	0	0	0	0	0	0	0	0	0	0	67	0	
1.37248e+06	0	0	0	0	0	0	0	0	0	79	0	0	
1.37323e+06	0	0	0	0	0	0	0	0	3	82	0	0	
1.37398e+06	0	0	0	0	0	0	0	0	0	81	0	0	
1.37472e+06	0	0	0	0	0	0	0	0	0	77	0	0	
1.37547e+06	0	0	0	0	0	0	0	0	0	71	0	0	
1.37622e+06	0	0	0	0	0	0	0	0	0	73	0	0	
1.37697e+06	0	0	0	0	0	0	0	0	0	99	0	0	
1.37772e+06	0	0	0	0	0	0	0	0	0	77	0	0	
1.37847e+06	0	0	0	0	0	0	0	0	0	73	0	0	
1.37922e+06	0	0	0	0	0	0	0	0	0	73	0	0	
1.37997e+06	0	0	0	0	0	0	0	0	0	91	0	0	
1.38072e+06	0	0	0	0	0	0	0	0	1	82	0	0	
1.38146e+06	0	0	0	0	0	0	0	0	0	75	0	0	
1.38222e+06	0	0	0	0	0	0	0	0	0	77	0	0	
1.38297e+06	0	0	0	0	0	0	0	0	0	77	0	0	
1.38371e+06	0	0	0	0	0	0	0	0	0	77	0	0	
1.38446e+06	0	0	0	0	0	0	0	0	0	71	0	0	
1.38521e+06	0	0	0	0	0	0	0	0	0	73	0	0	
1.38596e+06	0	0	0	0	0	0	0	0	0	89	0	0	
1.38671e+06	0	0	0	0	0	0	0	0	0	93	0	0	
1.38746e+06	0	0	0	0	0	0	0	0	0	69	0	0	
1.38821e+06	0	0	0	0	0	0	0	0	0	97	0	0	
1.38896e+06	0	0	0	0	0	0	0	0	0	77	0	0	
1.38971e+06	0	0	0	0	0	0	0	0	0	95	0	0	
1.39046e+06	0	0	0	0	0	0	0	0	0	89	0	0	
1.39121e+06	0	0	0	0	0	0	0	0	0	83	0	0	
1.39196e+06	0	0	0	0	0	0	0	0	0	69	0	0	
1.39271e+06	0	0	0	0	0	0	0	0	0	83	0	0	
1.39346e+06	0	0	0	0	0	0	0	0	0	81	0	0	
1.39422e+06	0	0	0	0	0	0	0	0	0	75	0	0	
1.39497e+06	0	0	0	0	0	0	0	0	0	95	0	0	
1.39572e+06	0	0	0	0	0	0	0	0	93	0	0	0	
1.39647e+06	0	0	0	0	0	0	0	0	75	0	0	0	
1.39722e+06	0	0	0	0	0	0	0	0	83	0	0	0	
1.39797e+06	0	0	0	0	0	0	0	0	107	0	0	0	
1.39872e+06	0	0	0	0	0	0	0	0	77	0	0	0	
1.39947e+06	0	0	0	0	0	0	0	0	107	0	0	0	
1.40021e+06	0	0	0	0	0	0	0	0	93	0	0	0	
1.40096e+06	0	0	0	0	0	0	0	0	103	0	0	0	
1.40171e+06	0	0	0	0	0	0	0	0	87	0	0	0	
1.40246e+06	0	0	0	0	0	0	0	0	79	0	0	0	
1.40321e+06	0	0	0	0	0	0	0	0	75	0	0	0	
1.40396e+06	0	0	0	0	0	0	0	0	91	0	0	0	
1.40471e+06	0	0	0	0	0	0	0	0	99	0	0	0	
1.40546e+06	0	0	0	0	0	0	0	0	91	0	0	0	
1.40621e+06	0	0	0	0	0	0	0	0	77	0	0	0	
1.40696e+06	0	0	0	0	0	0	0	109	0	0	0	0	
1.40771e+06	0	0	0	0	0	0	0	99	0	0	0	0	
1.40846e+06	0	0	0	0	0	0	0	99	0	0	0	0	
1.40921e+06	0	0	0	0	0	0	0	105	0	0	0	0	
1.40996e+06	0	0	0	0	0	0	0	89	0	0	0	0	
1.41071e+06	0	0	0	0	0	0	0	111	0	0	0	0	
1.41147e+06	0	0	0	0	0	0	0	99	0	0	0	0	
1.41221e+06	0	0	0	0	0	0	0	89	0	0	0	0	
1.41296e+06	0	0	0	0	0	0	0	99	0	0	0	0	
1.41371e+06	0	0	0	0	0	0	0	113	0	0	0	0	
1.41446e+06	0	0	0	0	0	0	0	97	0	0	0	0	
1.41521e+06	0	0	0	0	0	0	0	109	0	0	0	0	
1.41595e+06	0	0	0	0	0	0	0	91	0	0	0	0	
1.4167e+06	0	0	0	0	0	0	0	107	0	0	0	0	
1.41745e+06	0	0	0	0	0	0	0	97	0	0	0	0	
1.4182e+06	0	0	0	0	0	0	0	105	0	0	0	0	
1.41895e+06	0	0	0	0	0	0	0	83	0	0	0	0	
1.4197e+06	0	0	0	0	0	0	0	95	0	0	0	0	
1.42045e+06	0	0	0	0	0	0	0	113	0	0	0	0	
1.4212e+06	0	0	0	0	0	0	121	0	0	0	0	0	
1.42195e+06	0	0	0	0	0	0	117	0	0	0	0	0	
1.4227e+06	0	0	0	0	0	0	117	0	0	0	0	0	
1.42345e+06	0	0	0	0	0	0	0	105	0	0	0	0	
1.4242e+06	0	0	0	0	0	0	0	91	0	0	0	0	
1.42495e+06	0	0	0	0	0	0	0	101	0	0	0	0	
1.4257e+06	0	0	0	0	0	0	0	107	0	0	0	0	
1.42645e+06	0	0	0	0	0	0	0	105	0	0	0	0	
1.4272e+06	0	0	0	0	0	0	0	101	0	0	0	0	
1.42795e+06	0	0	0	0	0	0	0	97	0	0	0	0	
1.4287e+06	0	0	0	0	0	0	0	113	0	0	0	0	
1.42945e+06	0	0	0	0	0	0	0	91	0	0	0	0	
1.4302e+06	0	0	0	0	0	0	0	97	0	0	0	0	
1.43095e+06	0	0	0	0	0	0	0	91	0	0	0	0	
1.43169e+06	0	0	0	0	0	0	0	91	0	0	0	0	
1.43245e+06	0	0	0	0	0	0	0	93	0	0	0	0	
1.4332e+06	0	0	0	0	0	0	0	101	0	0	0	0	
1.43395e+06	0	0	0	0	0	0	0	103	0	0	0	0	
1.4347e+06	0	0	0	0	0	0	0	97	0	0	0	0	
1.43545e+06	0	0	0	0	0	0	0	97	0	0	0	0	
1.4362e+06	0	0	0	0	0	0	0	107	0	0	0	0	
1.43695e+06	0	0	0	0	0	0	0	89	0	0	0	0	
1.4377e+06	0	0	0	0	0	0	0	91	0	0	0	0	
1.43845e+06	0	0	0	0	0	0	0	129	0	0	0	0	
1.43919e+06	0	0	0	0	0	0	0	99	0	0	0	0	
1.43994e+06	0	0	0	0	0	0	0	107	0	0	0	0	
1.4407e+06	0	0	0	0	0	0	0	103	0	0	0	0	
1.44145e+06	0	0	0	0	0	0	0	101	0	0	0	0	
1.4422e+06	0	0	0	0	0	0	0	93	0	0	0	0	
1.44294e+06	0	0	0	0	0	0	0	85	0	0	0	0	
1.44369e+06	0	0	0	0	0	0	0	105	0	0	0	0	
1.44444e+06	0	0	0	0	0	0	0	93	0	0	0	0	
1.44519e+06	0	0	0	0	0	0	0	83	0	0	0	0	
1.44594e+06	0	0	0	0	0	0	0	111	0	0	0	0	
1.44669e+06	0	0	0	0	0	0	0	109	0	0	0	0	
1.44744e+06	0	0	0	0	0	0	0	101	0	0	0	0	
1.44819e+06	0	0	0	0	0	0	0	101	0	0	0	0	
1.44894e+06	0	0	0	0	0	0	0	99	0	0	0	0	
1.44969e+06	0	0	0	0	0	0	0	109	0	0	0	0	
1.45044e+06	0	0	0	0	0	0	0	91	0	0	0	0	
1.45119e+06	0	0	0	0	0	0	0	99	0	0	0	0	
1.45194e+06	0	0	0	0	0	0	0	93	0	0	0	0	
1.4527e+06	0	0	0	0	0	0	0	83	0	0	0	0	
1.45345e+06	0	0	0	0	0	0	0	99	0	0	0	0	
1.4542e+06	0	0	0	0	0	0	0	85	0	0	0	0	
1.45495e+06	0	0	0	0	0	0	0	93	0	0	0	0	
1.4557e+06	0	0	0	0	0	0	0	97	0	0	0	0	
1.45645e+06	0	0	0	0	0	0	0	103	0	0	0	0	
1.4572e+06	0	0	0	0	0	0	0	97	0	0	0	0	
1.45795e+06	0	0	0	0	0	0	0	97	0	0	0	0	
1.4587e+06	0	0	0	0	0	0	0	105	0	0	0	0	
1.45945e+06	0	0	0	0	0	0	0	99	0	0	0	0	
1.4602e+06	0	0	0	0	0	0	0	95	0	0	0	0	
1.46095e+06	0	0	0	0	0	0	0	111	0	0	0	0	
1.4617e+06	0	0	0	0	0	0	0	79	0	0	0	0	
1.46245e+06	0	0	0	0	0	0	0	111	0	0	0	0	
1.4632e+06	0	0	0	0	0	0	0	93	0	0	0	0	
1.46395e+06	0	0	0	0	0	0	0	101	0	0	0	0	
1.4647e+06	0	0	0	0	0	0	0	97	0	0	0	0	
1.46546e+06	0	0	0	0	0	0	0	117	0	0	0	0	
1.46621e+06	0	0	0	0	0	0	0	93	0	0	0	0	
1.46696e+06	0	0	0	0	0	0	0	81	0	0	0	0	
1.46772e+06	0	0	0	0	0	0	0	121	0	0	0	0	
1.46847e+06	0	0	0	0	0	0	0	95	0	0	0	0	
1.46921e+06	0	0	0	0	0	0	0	89	0	0	0	0	
1.46996e+06	0	0	0	0	0	0	0	107	0	0	0	0	
1.47071e+06	0	0	0	0	0	0	111	0	0	0	0	0	
1.47146e+06	0	0	0	0	0	0	91	0	0	0	0	0	
1.47221e+06	0	0	0	0	0	0	135	0	0	0	0	0	
1.47295e+06	0	0	0	0	0	0	125	0	0	0	0	0	
1.4737e+06	0	0	0	0	0	0	129	0	0	0	0	0	
1.47446e+06	0	0	0	0	0	0	107	0	0	0	0	0	
1.47521e+06	0	0	0	0	0	0	115	0	0	0	0	0	
1.47596e+06	0	0	0	0	0	0	107	0	0	0	0	0	
1.47671e+06	0	0	0	0	0	0	105	0	0	0	0	0	
1.47746e+06	0	0	0	0	0	0	111	0	0	0	0	0	
1.4782e+06	0	0	0	0	0	0	113	0	0	0	0	0	
1.47895e+06	0	0	0	0	0	0	123	0	0	0	0	0	
1.4797e+06	0	0	0	0	0	0	95	0	0	0	0	0	
1.48045e+06	0	0	0	0	0	0	131	0	0	0	0	0	
1.4812e+06	0	0	0	0	0	0	0	99	0	0	0	0	
1.48195e+06	0	0	0	0	0	0	0	111	0	0	0	0	
1.4827e+06	0	0	0	0	0	0	0	95	0	0	0	0	
1.48345e+06	0	0	0	0	0	0	0	113	0	0	0	0	
1.4842e+06	0	0	0	0	0	0	0	99	0	0	0	0	
1.48495e+06	0	0	0	0	0	0	0	105	0	0	0	0	
1.4857e+06	0	0	0	0	0	0	0	109	0	0	0	0	
1.48645e+06	0	0	0	0	0	0	0	97	0	0	0	0	
1.48719e+06	0	0	0	0	0	0	0	105	0	0	0	0	
1.48794e+06	0	0	0	0	0	0	0	95	0	0	0	0	
1.48869e+06	0	0	0	0	0	0	0	105	0	0	0	0	
1.48944e+06	0	0	0	0	0	0	0	95	0	0	0	0	
1.49019e+06	0	0	0	0	0	0	0	117	0	0	0	0	
1.49094e+06	0	0	0	0	0	0	0	95	0	0	0	0	
1.49169e+06	0	0	0	0	0	0	0	99	0	0	0	0	
1.49244e+06	0	0	0	0	0	0	0	103	0	0	0	0	
1.49319e+06	0	0	0	0	0	0	0	105	0	0	0	0	
1.49394e+06	0	0	0	0	0	0	0	105	0	0	0	0	
1.49469e+06	0	0	0	0	0	0	0	105	0	0	0	0	
1.49544e+06	0	0	0	0	0	0	0	113	0	0	0	0	
1.4962e+06	0	0	0	0	0	0	0	103	0	0	0	0	
1.49695e+06	0	0	0	0	0	0	0	105	0	0	0	0	
1.4977e+06	0	0	0	0	0	0	117	0	0	0	0	0	
1.49845e+06	0	0	0	0	0	0	107	0	0	0	0	0	
1.4992e+06	0	0	0	0	0	0	103	0	0	0	0	0	
1.49995e+06	0	0	0	0	0	0	123	0	0	0	0	0	
1.49995e+06	0	0	0	0	0	0	123	0	0	0	0	0	
