Time	s0	s1	s2	s3	s4	s5	s6	s7	s8	s9	s10	s11	
0	0	0	0	0	0	0	0	0	0	0	0	200	
0.000530265	0	0	0	0	0	0	0	0	0	0	0	201	
750.868	0	0	0	0	0	0	0	0	0	0	0	69	
1502.83	0	0	0	0	0	0	0	0	0	0	67	0	
2248.84	0	0	0	0	0	0	0	0	0	75	0	0	
3001.1	0	0	0	0	0	0	0	0	0	79	0	0	
3751.49	0	0	0	0	0	0	0	0	0	69	0	0	
4502.07	0	0	0	0	0	0	0	0	0	73	0	0	
5252.62	0	0	0	0	0	0	0	0	0	85	0	0	
5999.24	0	0	0	0	0	0	0	0	0	75	0	0	
6747.8	0	0	0	0	0	0	0	0	0	81	0	0	
7498.9	0	0	0	0	0	0	0	0	0	93	0	0	
8248.15	0	0	0	0	0	0	0	0	0	73	0	0	
8997.75	0	0	0	0	0	0	0	0	0	71	0	0	
9744.77	0	0	0	0	0	0	0	0	0	85	0	0	
10495	0	0	0	0	0	0	0	0	0	75	0	0	
11249.1	0	0	0	0	0	0	0	0	0	81	0	0	
11998.3	0	0	0	0	0	0	0	0	0	95	0	0	
12750.1	0	0	0	0	0	0	0	0	0	73	0	0	
13496.4	0	0	0	0	0	0	0	0	0	0	89	0	
14244.2	0	0	0	0	0	0	0	0	0	0	83	0	
14993.2	0	0	0	0	0	0	0	0	0	0	71	0	
15741.5	0	0	0	0	0	0	0	0	0	0	75	0	
16490.4	0	0	0	0	0	0	0	0	0	0	85	0	
17238.2	0	0	0	0	0	0	0	0	0	0	73	0	
17988.7	0	0	0	0	0	0	0	0	0	0	61	0	
18739.1	0	0	0	0	0	0	0	0	0	0	89	0	
19490.2	0	0	0	0	0	0	0	0	0	0	75	0	
20241.4	0	0	0	0	0	0	0	0	0	0	67	0	
20991.1	0	0	0	0	0	0	0	0	0	0	59	0	
21742	0	0	0	0	0	0	0	0	0	0	77	0	
22495.2	0	0	0	0	0	0	0	0	0	0	79	0	
23247.1	0	0	0	0	0	0	0	0	0	0	67	0	
24002.6	0	0	0	0	0	0	0	0	0	0	81	0	
24755.4	0	0	0	0	0	0	0	0	0	0	77	0	
25506.7	0	0	0	0	0	0	0	0	0	0	71	0	
26255	0	0	0	0	0	0	0	0	0	0	77	0	
27003.9	0	0	0	0	0	0	0	0	0	0	71	0	
27748.6	0	0	0	0	0	0	0	0	0	0	75	0	
28495.8	0	0	0	0	0	0	0	0	0	0	67	0	
29242.9	0	0	0	0	0	0	0	0	0	0	73	0	
29991.3	0	0	0	0	0	0	0	0	0	0	0	73	
30740.2	0	0	0	0	0	0	0	0	0	0	0	57	
31487.9	0	0	0	0	0	0	0	0	0	0	0	69	
32238.2	0	0	0	0	0	0	0	0	0	0	0	69	
32988.7	0	0	0	0	0	0	0	0	0	0	0	67	
33737.8	0	0	0	0	0	0	0	0	0	0	0	55	
34487.9	0	0	0	0	0	0	0	0	0	0	0	49	
35237.7	0	0	0	0	0	0	0	0	0	0	0	67	
35988.5	0	0	0	0	0	0	0	0	0	0	0	65	
36737.7	0	0	0	0	0	0	0	0	0	0	0	71	
37486.7	0	0	0	0	0	0	0	0	0	0	0	71	
38238.4	0	0	0	0	0	0	0	0	0	0	0	85	
38986.1	0	0	0	0	0	0	0	0	0	0	0	63	
39737.1	0	0	0	0	0	0	0	0	0	0	0	69	
40488.2	0	0	0	0	0	0	0	0	0	0	0	59	
41236.3	0	0	0	0	0	0	0	0	0	0	0	73	
41988.4	0	0	0	0	0	0	0	0	0	0	0	57	
42737.2	0	0	0	0	0	0	0	0	0	0	0	75	
43485.7	0	0	0	0	0	0	0	0	0	0	0	63	
44238.1	0	0	0	0	0	0	0	0	0	0	0	63	
44987.3	0	0	0	0	0	0	0	0	0	0	0	51	
45739.3	0	0	0	0	0	0	0	0	0	0	0	65	
46484	0	0	0	0	0	0	0	0	0	0	0	79	
47235.1	0	0	0	0	0	0	0	0	0	0	75	0	
47984.1	0	0	0	0	0	0	0	0	0	0	69	0	
48733.2	0	0	0	0	0	0	0	0	0	0	69	0	
49484.5	0	0	0	0	0	0	0	0	0	0	69	0	
50236	0	0	0	0	0	0	0	0	0	0	83	0	
50984.8	0	0	0	0	0	0	0	0	0	0	91	0	
51738.5	0	0	0	0	0	0	0	0	0	17	70	0	
52489	0	0	0	0	0	0	0	0	0	0	73	0	
53236.5	0	0	0	0	0	0	0	0	0	0	65	0	
53987.1	0	0	0	0	0	0	0	0	0	0	77	0	
54738.2	0	0	0	0	0	0	0	0	0	0	69	0	
55488.7	0	0	0	0	0	0	0	0	0	0	75	0	
56238.1	0	0	0	0	0	0	0	0	0	0	75	0	
56988.3	0	0	0	0	0	0	0	0	0	0	93	0	
57736.1	0	0	0	0	0	0	0	0	0	0	81	0	
58487.1	0	0	0	0	0	0	0	0	0	0	67	0	
59238.8	0	0	0	0	0	0	0	0	0	0	75	0	
59988	0	0	0	0	0	0	0	0	0	0	59	0	
60739.3	0	0	0	0	0	0	0	0	0	0	77	0	
61490.2	0	0	0	0	0	0	0	0	0	0	73	0	
62238.6	0	0	0	0	0	0	0	0	0	0	75	0	
62988.6	0	0	0	0	0	0	0	0	0	0	65	0	
63739.8	0	0	0	0	0	0	0	0	0	0	61	0	
64492.6	0	0	0	0	0	0	0	0	0	0	59	0	
65246.4	0	0	0	0	0	0	0	0	0	0	59	0	
65994.4	0	0	0	0	0	0	0	0	0	0	77	0	
66743.3	0	0	0	0	0	0	0	0	0	0	77	0	
67495.4	0	0	0	0	0	0	0	0	0	0	65	0	
68244.7	0	0	0	0	0	0	0	0	0	0	71	0	
68992.9	0	0	0	0	0	0	0	0	0	0	67	0	
69742	0	0	0	0	0	0	0	0	0	0	61	0	
70489.2	0	0	0	0	0	0	0	0	0	0	67	0	
71237.6	0	0	0	0	0	0	0	0	0	0	71	0	
71989.9	0	0	0	0	0	0	0	0	0	77	0	0	
72741.8	0	0	0	0	0	0	0	0	85	0	0	0	
73492.4	0	0	0	0	0	0	0	0	89	0	0	0	
74242.7	0	0	0	0	0	0	0	0	79	0	0	0	
74994.9	0	0	0	0	0	0	0	0	93	0	0	0	
75744.1	0	0	0	0	0	0	0	0	101	0	0	0	
76495.6	0	0	0	0	0	0	0	0	107	0	0	0	
77247.4	0	0	0	0	0	0	0	0	101	0	0	0	
77995.3	0	0	0	0	0	0	0	0	105	0	0	0	
78746.2	0	0	0	0	0	0	0	0	97	0	0	0	
79497.8	0	0	0	0	0	0	0	0	67	0	0	0	
80245.1	0	0	0	0	0	0	0	0	85	0	0	0	
80996.8	0	0	0	0	0	0	0	0	87	0	0	0	
81744.2	0	0	0	0	0	0	0	0	75	0	0	0	
82495.2	0	0	0	0	0	0	0	0	91	0	0	0	
83245	0	0	0	0	0	0	0	0	93	0	0	0	
83996.2	0	0	0	0	0	0	0	0	89	0	0	0	
84744.5	0	0	0	0	0	0	0	0	109	0	0	0	
85494	0	0	0	0	0	0	0	0	85	0	0	0	
86239.2	0	0	0	0	0	0	0	0	87	0	0	0	
86989.6	0	0	0	0	0	0	0	0	0	83	0	0	
87740.3	0	0	0	0	0	0	0	0	0	65	0	0	
88489.9	0	0	0	0	0	0	0	0	0	77	0	0	
89238	0	0	0	0	0	0	0	0	0	81	0	0	
89985.1	0	0	0	0	0	0	0	0	0	87	0	0	
90735.9	0	0	0	0	0	0	0	0	0	79	0	0	
91482.8	0	0	0	0	0	0	0	0	0	73	0	0	
92231.9	0	0	0	0	0	0	0	0	0	71	0	0	
92983.6	0	0	0	0	0	0	0	0	0	103	0	0	
93729.9	0	0	0	0	0	0	0	0	0	57	0	0	
94480.5	0	0	0	0	0	0	0	0	0	73	0	0	
95232	0	0	0	0	0	0	0	0	0	89	0	0	
95979.6	0	0	0	0	0	0	0	0	0	87	0	0	
96733.3	0	0	0	0	0	0	0	0	0	89	0	0	
97483	0	0	0	0	0	0	0	0	0	69	0	0	
98234.1	0	0	0	0	0	0	0	0	0	73	0	0	
98983.2	0	0	0	0	0	0	0	0	0	85	0	0	
99734.7	0	0	0	0	0	0	0	0	0	75	0	0	
100484	0	0	0	0	0	0	0	0	43	28	0	0	
101235	0	0	0	0	0	0	0	0	0	71	0	0	
101984	0	0	0	0	0	0	0	0	0	79	0	0	
102733	0	0	0	0	0	0	0	0	0	83	0	0	
103482	0	0	0	0	0	0	0	0	0	73	0	0	
104232	0	0	0	0	0	0	0	0	0	87	0	0	
104984	0	0	0	0	0	0	0	0	0	89	0	0	
105732	0	0	0	0	0	0	0	0	0	77	0	0	
106485	0	0	0	0	0	0	0	0	0	93	0	0	
107236	0	0	0	0	0	0	0	0	0	79	0	0	
107983	0	0	0	0	0	0	0	0	0	103	0	0	
108734	0	0	0	0	0	0	0	0	0	81	0	0	
109486	0	0	0	0	0	0	0	0	0	87	0	0	
110235	0	0	0	0	0	0	0	0	0	71	0	0	
110985	0	0	0	0	0	0	0	0	0	79	0	0	
111736	0	0	0	0	0	0	0	0	0	91	0	0	
112486	0	0	0	0	0	0	0	0	0	99	0	0	
113239	0	0	0	0	0	0	0	0	0	71	0	0	
113990	0	0	0	0	0	0	0	0	83	0	0	0	
114743	0	0	0	0	0	0	0	0	105	0	0	0	
115491	0	0	0	0	0	0	0	0	89	0	0	0	
116240	0	0	0	0	0	0	0	0	79	0	0	0	
116989	0	0	0	0	0	0	0	0	91	0	0	0	
117740	0	0	0	0	0	0	0	0	99	0	0	0	
118491	0	0	0	0	0	0	0	0	73	0	0	0	
119235	0	0	0	0	0	0	0	0	85	0	0	0	
119985	0	0	0	0	0	0	0	0	109	0	0	0	
120734	0	0	0	0	0	0	0	0	97	0	0	0	
121490	0	0	0	0	0	0	0	0	91	0	0	0	
122239	0	0	0	0	0	0	0	0	83	0	0	0	
122992	0	0	0	0	0	0	0	0	91	0	0	0	
123745	0	0	0	0	0	0	0	0	97	0	0	0	
124496	0	0	0	0	0	0	0	0	83	0	0	0	
125247	0	0	0	0	0	0	0	0	91	0	0	0	
125998	0	0	0	0	0	0	0	0	99	0	0	0	
126750	0	0	0	0	0	0	0	0	95	0	0	0	
127501	0	0	0	0	0	0	0	0	97	0	0	0	
128253	0	0	0	0	0	0	0	0	81	0	0	0	
129002	0	0	0	0	0	0	0	0	79	0	0	0	
129754	0	0	0	0	0	0	0	0	77	0	0	0	
130505	0	0	0	0	0	0	0	0	93	0	0	0	
131251	0	0	0	0	0	0	0	0	99	0	0	0	
132000	0	0	0	0	0	0	0	0	97	0	0	0	
132750	0	0	0	0	0	0	0	0	97	0	0	0	
133499	0	0	0	0	0	0	0	0	89	0	0	0	
134252	0	0	0	0	0	0	0	0	91	0	0	0	
135003	0	0	0	0	0	0	0	0	93	0	0	0	
135756	0	0	0	0	0	0	0	0	101	0	0	0	
136508	0	0	0	0	0	0	0	0	0	77	0	0	
137259	0	0	0	0	0	0	0	0	0	85	0	0	
138008	0	0	0	0	0	0	0	0	89	0	0	0	
138759	0	0	0	0	0	0	0	0	85	0	0	0	
139509	0	0	0	0	0	0	0	0	85	0	0	0	
140257	0	0	0	0	0	0	0	0	89	0	0	0	
141008	0	0	0	0	0	0	0	0	103	0	0	0	
141756	0	0	0	0	0	0	0	0	89	0	0	0	
142508	0	0	0	0	0	0	0	0	101	0	0	0	
143260	0	0	0	0	0	0	0	0	95	0	0	0	
144012	0	0	0	0	0	0	0	0	69	0	0	0	
144762	0	0	0	0	0	0	0	0	95	0	0	0	
145512	0	0	0	0	0	0	0	0	79	0	0	0	
146263	0	0	0	0	0	0	0	0	99	0	0	0	
147015	0	0	0	0	0	0	0	0	99	0	0	0	
147766	0	0	0	0	0	0	0	0	81	0	0	0	
148517	0	0	0	0	0	0	0	0	87	0	0	0	
149265	0	0	0	0	0	0	0	0	101	0	0	0	
150013	0	0	0	0	0	0	0	0	87	0	0	0	
150764	0	0	0	0	0	0	0	0	79	0	0	0	
151511	0	0	0	0	0	0	0	0	105	0	0	0	
152260	0	0	0	0	0	0	0	0	101	0	0	0	
153010	0	0	0	0	0	0	0	0	95	0	0	0	
153761	0	0	0	0	0	0	0	0	79	0	0	0	
154512	0	0	0	0	0	0	0	0	91	0	0	0	
155262	0	0	0	0	0	0	0	107	0	0	0	0	
156013	0	0	0	0	0	0	0	119	0	0	0	0	
156762	0	0	0	0	0	0	0	111	0	0	0	0	
157513	0	0	0	0	0	0	0	97	0	0	0	0	
158261	0	0	0	0	0	0	0	107	0	0	0	0	
159013	0	0	0	0	0	0	0	99	0	0	0	0	
159761	0	0	0	0	0	0	0	109	0	0	0	0	
160510	0	0	0	0	0	0	0	103	0	0	0	0	
161257	0	0	0	0	0	0	0	105	0	0	0	0	
162007	0	0	0	0	0	0	0	107	0	0	0	0	
162756	0	0	0	0	0	0	0	99	0	0	0	0	
163507	0	0	0	0	0	0	0	103	0	0	0	0	
164257	0	0	0	0	0	0	0	103	0	0	0	0	
165007	0	0	0	0	0	0	0	101	0	0	0	0	
165759	0	0	0	0	0	0	0	85	0	0	0	0	
166512	0	0	0	0	0	0	0	107	0	0	0	0	
167257	0	0	0	0	0	0	0	97	0	0	0	0	
168005	0	0	0	0	0	0	0	97	0	0	0	0	
168752	0	0	0	0	0	0	0	109	0	0	0	0	
169503	0	0	0	0	0	0	111	0	0	0	0	0	
170252	0	0	0	0	0	0	115	0	0	0	0	0	
170999	0	0	0	0	0	0	115	0	0	0	0	0	
171746	0	0	0	0	0	0	127	0	0	0	0	0	
172497	0	0	0	0	0	0	101	0	0	0	0	0	
173245	0	0	0	0	0	0	105	0	0	0	0	0	
173993	0	0	0	0	0	0	121	0	0	0	0	0	
174745	0	0	0	0	0	0	117	0	0	0	0	0	
175493	0	0	0	0	0	0	115	0	0	0	0	0	
176241	0	0	0	0	0	0	107	0	0	0	0	0	
176990	0	0	0	0	0	0	115	0	0	0	0	0	
177736	0	0	0	0	0	0	125	0	0	0	0	0	
178483	0	0	0	0	0	0	113	0	0	0	0	0	
179231	0	0	0	0	0	0	137	0	0	0	0	0	
179984	0	0	0	0	0	111	0	0	0	0	0	0	
180735	0	0	0	0	0	121	0	0	0	0	0	0	
181486	0	0	0	0	0	149	0	0	0	0	0	0	
182238	0	0	0	0	0	125	0	0	0	0	0	0	
182989	0	0	0	0	0	125	0	0	0	0	0	0	
183741	0	0	0	0	0	133	0	0	0	0	0	0	
184490	0	0	0	0	0	127	0	0	0	0	0	0	
185243	0	0	0	0	0	137	0	0	0	0	0	0	
185992	0	0	0	0	0	133	0	0	0	0	0	0	
186743	0	0	0	0	0	129	0	0	0	0	0	0	
187495	0	0	0	0	0	127	0	0	0	0	0	0	
188244	0	0	0	0	0	161	0	0	0	0	0	0	
188992	0	0	0	0	163	0	0	0	0	0	0	0	
189744	0	0	0	0	163	0	0	0	0	0	0	0	
190494	0	0	0	0	171	0	0	0	0	0	0	0	
191245	0	0	0	0	153	0	0	0	0	0	0	0	
191995	0	0	0	0	145	0	0	0	0	0	0	0	
192745	0	0	0	0	155	0	0	0	0	0	0	0	
193491	0	0	0	0	157	0	0	0	0	0	0	0	
194243	0	0	0	0	171	0	0	0	0	0	0	0	
194995	0	0	0	0	153	0	0	0	0	0	0	0	
195746	0	0	0	0	169	0	0	0	0	0	0	0	
196495	0	0	0	0	179	0	0	0	0	0	0	0	
197245	0	0	0	0	163	0	0	0	0	0	0	0	
197994	0	0	0	0	141	0	0	0	0	0	0	0	
198742	0	0	0	0	179	0	0	0	0	0	0	0	
199491	0	0	0	0	185	0	0	0	0	0	0	0	
200240	0	0	0	0	151	0	0	0	0	0	0	0	
200991	0	0	0	0	149	0	0	0	0	0	0	0	
201742	0	0	0	0	167	0	0	0	0	0	0	0	
202493	0	0	0	0	175	0	0	0	0	0	0	0	
203241	0	0	0	0	179	0	0	0	0	0	0	0	
203994	0	0	0	0	143	0	0	0	0	0	0	0	
204744	0	0	0	0	149	0	0	0	0	0	0	0	
205497	0	0	0	0	161	0	0	0	0	0	0	0	
206248	0	0	0	0	155	0	0	0	0	0	0	0	
207000	0	0	0	0	169	0	0	0	0	0	0	0	
207751	0	0	0	0	167	0	0	0	0	0	0	0	
208503	0	0	0	0	147	0	0	0	0	0	0	0	
209254	0	0	0	0	183	0	0	0	0	0	0	0	
210003	0	0	0	0	147	0	0	0	0	0	0	0	
210758	0	0	0	0	137	0	0	0	0	0	0	0	
211505	0	0	0	0	145	0	0	0	0	0	0	0	
212256	0	0	0	0	151	0	0	0	0	0	0	0	
213006	0	0	0	0	169	0	0	0	0	0	0	0	
213758	0	0	0	0	161	0	0	0	0	0	0	0	
214504	0	0	0	0	155	0	0	0	0	0	0	0	
215255	0	0	0	0	135	0	0	0	0	0	0	0	
216004	0	0	0	0	145	0	0	0	0	0	0	0	
216754	0	0	0	0	147	0	0	0	0	0	0	0	
217500	0	0	0	0	151	0	0	0	0	0	0	0	
218254	0	0	0	0	167	0	0	0	0	0	0	0	
219003	0	0	0	0	145	0	0	0	0	0	0	0	
219752	0	0	0	0	157	0	0	0	0	0	0	0	
220502	0	0	0	0	161	0	0	0	0	0	0	0	
221252	0	0	0	0	151	0	0	0	0	0	0	0	
222005	0	0	0	0	137	0	0	0	0	0	0	0	
222754	0	0	0	0	161	0	0	0	0	0	0	0	
223504	0	0	0	0	171	0	0	0	0	0	0	0	
224250	0	0	0	0	151	0	0	0	0	0	0	0	
224997	0	0	0	0	163	0	0	0	0	0	0	0	
225747	0	0	0	0	153	0	0	0	0	0	0	0	
226495	0	0	0	0	183	0	0	0	0	0	0	0	
227245	0	0	0	0	165	0	0	0	0	0	0	0	
227994	0	0	0	0	171	0	0	0	0	0	0	0	
228747	0	0	0	0	163	0	0	0	0	0	0	0	
229495	0	0	0	0	175	0	0	0	0	0	0	0	
230245	0	0	0	0	161	0	0	0	0	0	0	0	
230996	0	0	0	0	155	0	0	0	0	0	0	0	
231749	0	0	0	0	149	0	0	0	0	0	0	0	
232501	0	0	0	0	177	0	0	0	0	0	0	0	
233254	0	0	0	0	179	0	0	0	0	0	0	0	
234000	0	0	0	0	181	0	0	0	0	0	0	0	
234750	0	0	0	0	145	0	0	0	0	0	0	0	
235499	0	0	0	0	177	0	0	0	0	0	0	0	
236247	0	0	0	0	165	0	0	0	0	0	0	0	
236997	0	0	0	0	157	0	0	0	0	0	0	0	
237747	0	0	0	0	145	0	0	0	0	0	0	0	
238497	0	0	0	0	183	0	0	0	0	0	0	0	
239247	0	0	0	0	137	0	0	0	0	0	0	0	
239996	0	0	0	0	169	0	0	0	0	0	0	0	
240746	0	0	0	0	169	0	0	0	0	0	0	0	
241495	0	0	0	0	145	0	0	0	0	0	0	0	
242247	0	0	0	0	153	0	0	0	0	0	0	0	
242997	0	0	0	0	147	0	0	0	0	0	0	0	
243746	0	0	0	0	155	0	0	0	0	0	0	0	
244498	0	0	0	0	161	0	0	0	0	0	0	0	
245249	0	0	0	0	173	0	0	0	0	0	0	0	
246001	0	0	0	0	89	46	0	0	0	0	0	0	
246752	0	0	0	0	141	0	0	0	0	0	0	0	
247504	0	0	0	0	161	0	0	0	0	0	0	0	
248252	0	0	0	0	155	0	0	0	0	0	0	0	
249002	0	0	0	0	167	0	0	0	0	0	0	0	
249751	0	0	0	0	165	0	0	0	0	0	0	0	
250503	0	0	0	1	156	0	0	0	0	0	0	0	
251252	0	0	0	0	153	0	0	0	0	0	0	0	
252003	0	0	0	0	147	0	0	0	0	0	0	0	
252753	0	0	0	0	167	0	0	0	0	0	0	0	
253505	0	0	0	0	0	125	0	0	0	0	0	0	
254253	0	0	0	0	0	137	0	0	0	0	0	0	
255002	0	0	0	0	0	113	18	0	0	0	0	0	
255752	0	0	0	0	0	133	0	0	0	0	0	0	
256498	0	0	0	0	0	131	0	0	0	0	0	0	
257246	0	0	0	0	0	137	0	0	0	0	0	0	
257994	0	0	0	0	0	121	0	0	0	0	0	0	
258746	0	0	0	0	0	149	0	0	0	0	0	0	
259494	0	0	0	0	0	131	0	0	0	0	0	0	
260246	0	0	0	0	0	119	0	0	0	0	0	0	
260999	0	0	0	0	0	139	0	0	0	0	0	0	
261748	0	0	0	0	0	131	0	0	0	0	0	0	
262498	0	0	0	0	0	115	0	0	0	0	0	0	
263245	0	0	0	0	0	121	0	0	0	0	0	0	
263993	0	0	0	0	0	147	0	0	0	0	0	0	
264743	0	0	0	0	0	0	101	0	0	0	0	0	
265493	0	0	0	0	0	0	101	0	0	0	0	0	
266247	0	0	0	0	0	0	125	0	0	0	0	0	
266999	0	0	0	0	0	0	111	0	0	0	0	0	
267751	0	0	0	0	0	0	129	0	0	0	0	0	
268502	0	0	0	0	0	0	107	0	0	0	0	0	
269252	0	0	0	0	0	0	125	0	0	0	0	0	
270002	0	0	0	0	0	0	119	0	0	0	0	0	
270751	0	0	0	0	0	1	120	0	0	0	0	0	
271504	0	0	0	0	0	0	113	0	0	0	0	0	
272258	0	0	0	0	0	0	99	0	0	0	0	0	
273008	0	0	0	0	0	0	127	0	0	0	0	0	
273757	0	0	0	0	0	0	123	0	0	0	0	0	
274507	0	0	0	0	0	0	119	0	0	0	0	0	
275259	0	0	0	0	0	0	113	0	0	0	0	0	
276013	0	0	0	0	0	0	101	0	0	0	0	0	
276762	0	0	0	0	0	0	123	0	0	0	0	0	
277512	0	0	0	0	0	0	105	0	0	0	0	0	
278262	0	0	0	0	0	0	113	0	0	0	0	0	
279013	0	0	0	0	0	0	107	0	0	0	0	0	
279764	0	0	0	0	0	0	113	0	0	0	0	0	
280516	0	0	0	0	0	0	129	0	0	0	0	0	
281265	0	0	0	0	0	0	105	0	0	0	0	0	
282013	0	0	0	0	0	0	95	0	0	0	0	0	
282766	0	0	0	0	0	0	117	0	0	0	0	0	
283519	0	0	0	0	0	0	123	0	0	0	0	0	
284269	0	0	0	0	0	0	123	0	0	0	0	0	
285018	0	0	0	0	0	0	111	0	0	0	0	0	
285765	0	0	0	0	0	0	0	105	0	0	0	0	
286517	0	0	0	0	0	0	0	107	0	0	0	0	
287266	0	0	0	0	0	0	0	107	0	0	0	0	
288014	0	0	0	0	0	0	0	115	0	0	0	0	
288765	0	0	0	0	0	0	0	107	0	0	0	0	
289518	0	0	0	0	0	0	0	93	0	0	0	0	
290270	0	0	0	0	0	0	0	0	93	0	0	0	
291019	0	0	0	0	0	0	0	0	89	0	0	0	
291770	0	0	0	0	0	0	0	0	89	0	0	0	
292522	0	0	0	0	0	0	0	0	93	0	0	0	
293273	0	0	0	0	0	0	0	0	79	0	0	0	
294026	0	0	0	0	0	0	0	0	81	0	0	0	
294781	0	0	0	0	0	0	0	0	87	0	0	0	
295531	0	0	0	0	0	0	0	0	101	0	0	0	
296280	0	0	0	0	0	0	0	0	73	0	0	0	
297030	0	0	0	0	0	0	0	0	93	0	0	0	
297780	0	0	0	0	0	0	0	0	95	0	0	0	
298532	0	0	0	0	0	0	0	0	87	0	0	0	
299280	0	0	0	0	0	0	0	0	95	0	0	0	
300031	0	0	0	0	0	0	0	0	81	0	0	0	
300782	0	0	0	0	0	0	0	0	85	0	0	0	
301534	0	0	0	0	0	0	0	0	99	0	0	0	
302286	0	0	0	0	0	0	0	0	83	0	0	0	
303038	0	0	0	0	0	0	0	0	97	0	0	0	
303789	0	0	0	0	0	0	0	0	97	0	0	0	
304542	0	0	0	0	0	0	0	0	101	0	0	0	
305290	0	0	0	0	0	0	0	0	117	0	0	0	
306040	0	0	0	0	0	0	0	0	77	0	0	0	
306787	0	0	0	0	0	0	0	0	75	0	0	0	
307538	0	0	0	0	0	0	0	0	103	0	0	0	
308292	0	0	0	0	0	0	0	0	97	0	0	0	
309042	0	0	0	0	0	0	0	0	99	0	0	0	
309793	0	0	0	0	0	0	0	0	79	0	0	0	
310542	0	0	0	0	0	0	0	0	97	0	0	0	
311292	0	0	0	0	0	0	0	0	79	0	0	0	
312043	0	0	0	0	0	0	0	0	61	0	0	0	
312793	0	0	0	0	0	0	0	0	85	0	0	0	
313544	0	0	0	0	0	0	0	0	95	0	0	0	
314296	0	0	0	0	0	0	0	0	71	0	0	0	
315046	0	0	0	0	0	0	0	0	81	0	0	0	
315793	0	0	0	0	0	0	0	0	81	0	0	0	
316542	0	0	0	0	0	0	0	0	83	0	0	0	
317293	0	0	0	0	0	0	0	0	81	0	0	0	
318042	0	0	0	0	0	0	0	0	115	0	0	0	
318790	0	0	0	0	0	0	0	0	0	77	0	0	
319541	0	0	0	0	0	0	0	0	0	87	0	0	
320290	0	0	0	0	0	0	0	0	0	87	0	0	
321042	0	0	0	0	0	0	0	0	0	87	0	0	
321790	0	0	0	0	0	0	0	0	0	75	0	0	
322541	0	0	0	0	0	0	0	0	0	87	0	0	
323290	0	0	0	0	0	0	0	0	0	85	0	0	
324041	0	0	0	0	0	0	0	0	0	79	0	0	
324791	0	0	0	0	0	0	0	0	0	0	77	0	
325541	0	0	0	0	0	0	0	0	0	0	75	0	
326288	0	0	0	0	0	0	0	0	0	0	83	0	
327040	0	0	0	0	0	0	0	0	0	0	69	0	
327787	0	0	0	0	0	0	0	0	0	0	69	0	
328537	0	0	0	0	0	0	0	0	0	0	75	0	
329287	0	0	0	0	0	0	0	0	0	0	69	0	
330036	0	0	0	0	0	0	0	0	0	0	75	0	
330786	0	0	0	0	0	0	0	0	0	0	83	0	
331534	0	0	0	0	0	0	0	0	0	1	59	1	
332282	0	0	0	0	0	0	0	0	0	0	73	0	
333034	0	0	0	0	0	0	0	0	0	0	61	0	
333785	0	0	0	0	0	0	0	0	0	0	63	0	
334533	0	0	0	0	0	0	0	0	0	0	87	0	
335284	0	0	0	0	0	0	0	0	0	0	81	0	
336039	0	0	0	0	0	0	0	0	0	0	73	0	
336790	0	0	0	0	0	0	0	0	0	0	73	0	
337537	0	0	0	0	0	0	0	0	0	0	81	0	
338287	0	0	0	0	0	0	0	0	0	0	63	0	
339036	0	0	0	0	0	0	0	0	0	0	59	0	
339785	0	0	0	0	0	0	0	0	0	0	63	0	
340537	0	0	0	0	0	0	0	0	0	0	81	0	
341286	0	0	0	0	0	0	0	0	0	0	67	0	
342039	0	0	0	0	0	0	0	0	0	0	67	0	
342787	0	0	0	0	0	0	0	0	0	91	0	0	
343536	0	0	0	0	0	0	0	0	0	75	0	0	
344285	0	0	0	0	0	0	0	0	0	81	0	0	
345032	0	0	0	0	0	0	0	0	0	77	0	0	
345785	0	0	0	0	0	0	0	0	0	71	0	0	
346536	0	0	0	0	0	0	0	0	0	83	0	0	
347287	0	0	0	0	0	0	0	0	0	73	0	0	
348039	0	0	0	0	0	0	0	0	0	71	0	0	
348790	0	0	0	0	0	0	0	0	0	0	77	0	
349538	0	0	0	0	0	0	0	0	0	0	77	0	
350288	0	0	0	0	0	0	0	0	0	0	73	0	
351035	0	0	0	0	0	0	0	0	0	0	65	0	
351786	0	0	0	0	0	0	0	0	0	91	0	0	
352537	0	0	0	0	0	0	0	0	0	87	0	0	
353284	0	0	0	0	0	0	0	0	0	93	0	0	
354034	0	0	0	0	0	0	0	0	0	71	0	0	
354786	0	0	0	0	0	0	0	0	0	85	0	0	
355536	0	0	0	0	0	0	0	0	0	77	0	0	
356289	0	0	0	0	0	0	0	0	0	77	0	0	
357037	0	0	0	0	0	0	0	0	0	87	0	0	
357788	0	0	0	0	0	0	0	0	0	87	0	0	
358542	0	0	0	0	0	0	0	0	0	79	0	0	
359291	0	0	0	0	0	0	0	0	0	79	0	0	
360042	0	0	0	0	0	0	0	0	0	83	0	0	
360791	0	0	0	0	0	0	0	0	0	73	0	0	
361542	0	0	0	0	0	0	0	0	0	85	0	0	
362293	0	0	0	0	0	0	0	0	0	77	0	0	
363044	0	0	0	0	0	0	0	0	0	85	0	0	
363795	0	0	0	0	0	0	0	0	0	81	0	0	
364546	0	0	0	0	0	0	0	0	0	89	0	0	
365295	0	0	0	0	0	0	0	0	0	89	0	0	
366047	0	0	0	0	0	0	0	0	0	81	0	0	
366798	0	0	0	0	0	0	0	0	111	0	0	0	
367548	0	0	0	0	0	0	0	0	77	0	0	0	
368302	0	0	0	0	0	0	0	0	85	0	0	0	
369053	0	0	0	0	0	0	0	0	103	0	0	0	
369800	0	0	0	0	0	0	0	0	87	0	0	0	
370551	0	0	0	0	0	0	0	0	81	0	0	0	
371303	0	0	0	0	0	0	0	0	85	0	0	0	
372053	0	0	0	0	0	0	0	0	101	0	0	0	
372800	0	0	0	0	0	0	0	0	73	0	0	0	
373551	0	0	0	0	0	0	0	0	75	0	0	0	
374302	0	0	0	0	0	0	0	0	105	0	0	0	
375052	0	0	0	0	0	0	0	0	85	0	0	0	
375803	0	0	0	0	0	0	0	0	87	0	0	0	
376550	0	0	0	0	0	0	0	0	69	0	0	0	
377301	0	0	0	0	0	0	0	0	91	0	0	0	
378051	0	0	0	0	0	0	0	0	107	0	0	0	
378799	0	0	0	0	0	0	0	0	89	0	0	0	
379550	0	0	0	0	0	0	0	0	99	0	0	0	
380301	0	0	0	0	0	0	0	0	0	77	0	0	
381049	0	0	0	0	0	0	0	0	0	77	0	0	
381795	0	0	0	0	0	0	0	0	0	71	0	0	
382547	0	0	0	0	0	0	0	0	0	83	0	0	
383299	0	0	0	0	0	0	0	0	0	0	71	0	
384050	0	0	0	0	0	0	0	0	0	0	61	0	
384802	0	0	0	0	0	0	0	0	0	0	67	0	
385554	0	0	0	0	0	0	0	0	0	0	65	0	
386301	0	0	0	0	0	0	0	0	0	0	0	57	
387050	0	0	0	0	0	0	0	0	0	0	0	73	
387800	0	0	0	0	0	0	0	0	0	0	0	57	
388548	0	0	0	0	0	0	0	0	0	0	0	61	
389296	0	0	0	0	0	0	0	0	0	0	48	27	
390046	0	0	0	0	0	0	0	0	0	69	0	0	
390795	0	0	0	0	0	0	0	0	0	67	0	0	
391548	0	0	0	0	0	0	0	0	0	89	0	0	
392300	0	0	0	0	0	0	0	0	0	71	0	0	
393052	0	0	0	0	0	0	0	0	0	77	0	0	
393802	0	0	0	0	0	0	0	0	0	0	77	0	
394552	0	0	0	0	0	0	0	0	0	0	67	0	
395300	0	0	0	0	0	0	0	0	0	0	67	0	
396049	0	0	0	0	0	0	0	0	0	0	53	0	
396799	0	0	0	0	0	0	0	0	0	0	65	0	
397548	0	0	0	0	0	0	0	0	0	0	0	67	
398296	0	0	0	0	0	0	0	0	0	0	0	51	
399048	0	0	0	0	0	0	0	0	0	0	0	67	
399796	0	0	0	0	0	0	0	0	0	0	0	61	
400548	0	0	0	0	0	0	0	0	0	0	0	81	
401298	0	0	0	0	0	0	0	0	0	0	0	65	
402048	0	0	0	0	0	0	0	0	0	0	0	73	
402796	0	0	0	0	0	0	0	0	0	0	1	64	
403547	0	0	0	0	0	0	0	0	0	0	0	67	
404299	0	0	0	0	0	0	0	0	0	0	0	65	
405050	0	0	0	0	0	0	0	0	0	0	81	0	
405802	0	0	0	0	0	0	0	0	0	85	0	0	
406552	0	0	0	0	0	0	0	0	0	73	0	0	
407304	0	0	0	0	0	0	0	0	0	0	73	0	
408054	0	0	0	0	0	0	0	0	0	0	65	0	
408802	0	0	0	0	0	0	0	0	0	0	65	0	
409550	0	0	0	0	0	0	0	0	0	0	73	0	
410299	0	0	0	0	0	0	0	0	0	0	67	0	
411051	0	0	0	0	0	0	0	0	0	0	71	0	
411802	0	0	0	0	0	0	0	0	0	0	79	0	
412554	0	0	0	0	0	0	0	0	0	0	73	0	
413306	0	0	0	0	0	0	0	0	0	0	63	0	
414058	0	0	0	0	0	0	0	0	0	0	79	0	
414807	0	0	0	0	0	0	0	0	0	0	59	0	
415557	0	0	0	0	0	0	0	0	0	0	63	0	
416308	0	0	0	0	0	0	0	0	0	0	73	0	
417057	0	0	0	0	0	0	0	0	0	0	81	0	
417807	0	0	0	0	0	0	0	0	0	0	67	0	
418559	0	0	0	0	0	0	0	0	0	0	67	0	
419309	0	0	0	0	0	0	0	0	0	77	0	0	
420062	0	0	0	0	0	0	0	0	0	73	0	0	
420813	0	0	0	0	0	0	0	0	0	77	0	0	
421564	0	0	0	0	0	0	0	0	0	0	71	0	
422314	0	0	0	0	0	0	0	0	0	0	79	0	
423061	0	0	0	0	0	0	0	0	0	0	73	0	
423811	0	0	0	0	0	0	0	0	0	0	77	0	
424560	0	0	0	0	0	0	0	0	0	0	59	0	
425310	0	0	0	0	0	0	0	0	0	0	67	0	
426060	0	0	0	0	0	0	0	0	0	0	69	0	
426811	0	0	0	0	0	0	0	0	0	0	77	0	
427561	0	0	0	0	0	0	0	0	0	0	73	0	
428311	0	0	0	0	0	0	0	0	0	0	65	0	
429060	0	0	0	0	0	0	0	0	0	71	0	0	
429812	0	0	0	0	0	0	0	0	0	87	0	0	
430560	0	0	0	0	0	0	0	0	0	63	0	0	
431309	0	0	0	0	0	0	0	0	0	93	0	0	
432061	0	0	0	0	0	0	0	0	0	99	0	0	
432811	0	0	0	0	0	0	0	0	0	81	0	0	
433564	0	0	0	0	0	0	0	0	0	71	0	0	
434312	0	0	0	0	0	0	0	0	0	77	0	0	
435062	0	0	0	0	0	0	0	0	0	81	0	0	
435812	0	0	0	0	0	0	0	0	0	77	0	0	
436563	0	0	0	0	0	0	0	0	109	0	0	0	
437315	0	0	0	0	0	0	0	0	71	0	0	0	
438065	0	0	0	0	0	0	0	0	87	0	0	0	
438818	0	0	0	0	0	0	0	0	83	0	0	0	
439568	0	0	0	0	0	0	0	0	85	0	0	0	
440319	0	0	0	0	0	0	0	0	79	0	0	0	
441071	0	0	0	0	0	0	0	0	83	0	0	0	
441821	0	0	0	0	0	0	0	0	91	0	0	0	
442568	0	0	0	0	0	0	0	0	105	0	0	0	
443319	0	0	0	0	0	0	0	0	65	0	0	0	
444068	0	0	0	0	0	0	0	0	97	0	0	0	
444819	0	0	0	0	0	0	0	0	97	0	0	0	
445567	0	0	0	0	0	0	0	0	99	0	0	0	
446318	0	0	0	0	0	0	0	0	91	0	0	0	
447064	0	0	0	0	0	0	0	0	85	0	0	0	
447814	0	0	0	0	0	0	0	0	105	0	0	0	
448564	0	0	0	0	0	0	0	0	97	0	0	0	
449314	0	0	0	0	0	0	0	0	91	0	0	0	
450066	0	0	0	0	0	0	0	0	91	0	0	0	
450818	0	0	0	0	0	0	0	0	89	0	0	0	
451565	0	0	0	0	0	0	0	0	85	0	0	0	
452317	0	0	0	0	0	0	0	0	73	0	0	0	
453068	0	0	0	0	0	0	0	0	79	0	0	0	
453820	0	0	0	0	0	0	0	0	107	0	0	0	
454575	0	0	0	0	0	0	0	0	99	0	0	0	
455326	0	0	0	0	0	0	0	0	71	0	0	0	
456079	0	0	0	0	0	0	0	0	95	0	0	0	
456828	0	0	0	0	0	0	0	0	85	0	0	0	
457581	0	0	0	0	0	0	0	0	81	0	0	0	
458332	0	0	0	0	0	0	0	0	83	0	0	0	
459081	0	0	0	0	0	0	0	0	87	0	0	0	
459835	0	0	0	0	0	0	0	0	93	0	0	0	
460583	0	0	0	0	0	0	0	0	93	0	0	0	
461332	0	0	0	0	0	0	0	0	99	0	0	0	
462082	0	0	0	0	0	0	0	0	93	0	0	0	
462831	0	0	0	0	0	0	0	0	83	0	0	0	
463581	0	0	0	0	0	0	0	0	73	0	0	0	
464332	0	0	0	0	0	0	0	0	95	0	0	0	
465084	0	0	0	0	0	0	0	0	97	0	0	0	
465837	0	0	0	0	0	0	0	0	97	0	0	0	
466585	0	0	0	0	0	0	0	0	75	0	0	0	
467334	0	0	0	0	0	0	0	0	69	0	0	0	
468080	0	0	0	0	0	0	0	0	85	0	0	0	
468831	0	0	0	0	0	0	0	0	99	0	0	0	
469584	0	0	0	0	0	0	0	0	95	0	0	0	
470332	0	0	0	0	0	0	0	0	50	23	0	0	
471082	0	0	0	0	0	0	0	0	81	0	0	0	
471827	0	0	0	0	0	0	0	0	87	0	0	0	
472575	0	0	0	0	0	0	0	0	91	0	0	0	
473327	0	0	0	0	0	0	0	0	87	0	0	0	
474077	0	0	0	0	0	0	0	0	91	0	0	0	
474824	0	0	0	0	0	0	0	0	91	0	0	0	
475573	0	0	0	0	0	0	0	0	89	0	0	0	
476324	0	0	0	0	0	0	0	0	85	0	0	0	
477070	0	0	0	0	0	0	0	0	85	0	0	0	
477822	0	0	0	0	0	0	0	0	77	0	0	0	
478573	0	0	0	0	0	0	0	0	89	0	0	0	
479324	0	0	0	0	0	0	0	0	89	0	0	0	
480073	0	0	0	0	0	0	0	0	103	0	0	0	
480824	0	0	0	0	0	0	0	0	0	77	0	0	
481573	0	0	0	0	0	0	0	0	0	67	0	0	
482325	0	0	0	0	0	0	0	0	0	65	0	0	
483077	0	0	0	0	0	0	0	0	0	79	0	0	
483829	0	0	0	0	0	0	0	0	0	87	0	0	
484581	0	0	0	0	0	0	0	0	0	83	0	0	
485329	0	0	0	0	0	0	0	0	0	89	0	0	
486081	0	0	0	0	0	0	0	0	0	77	0	0	
486831	0	0	0	0	0	0	0	0	0	77	0	0	
487579	0	0	0	0	0	0	0	0	0	83	0	0	
488326	0	0	0	0	0	0	0	0	0	63	0	0	
489076	0	0	0	0	0	0	0	0	0	79	0	0	
489825	0	0	0	0	0	0	0	0	0	61	0	0	
490578	0	0	0	0	0	0	0	0	0	63	0	0	
491325	0	0	0	0	0	0	0	0	0	73	0	0	
492076	0	0	0	0	0	0	0	0	0	97	0	0	
492827	0	0	0	0	0	0	0	0	0	103	0	0	
493578	0	0	0	0	0	0	0	0	0	69	0	0	
494327	0	0	0	0	0	0	0	0	0	85	0	0	
495076	0	0	0	0	0	0	0	0	0	85	0	0	
495827	0	0	0	0	0	0	0	0	0	63	0	0	
496580	0	0	0	0	0	0	0	0	0	83	0	0	
497327	0	0	0	0	0	0	0	0	0	69	0	0	
498077	0	0	0	0	0	0	0	0	0	83	0	0	
498825	0	0	0	0	0	0	0	0	0	83	0	0	
499576	0	0	0	0	0	0	0	0	0	77	0	0	
500326	0	0	0	0	0	0	0	0	0	81	0	0	
501078	0	0	0	0	0	0	0	0	0	66	11	0	
501828	0	0	0	0	0	0	0	0	0	83	0	0	
502576	0	0	0	0	0	0	0	0	0	97	0	0	
503325	0	0	0	0	0	0	0	0	0	81	0	0	
504072	0	0	0	0	0	0	0	0	0	61	0	0	
504822	0	0	0	0	0	0	0	0	0	77	0	0	
505573	0	0	0	0	0	0	0	0	0	91	0	0	
506323	0	0	0	0	0	0	0	0	0	77	0	0	
507074	0	0	0	0	0	0	0	0	0	79	0	0	
507825	0	0	0	0	0	0	0	0	0	89	0	0	
508575	0	0	0	0	0	0	0	0	0	89	0	0	
509327	0	0	0	0	0	0	0	0	0	79	0	0	
510078	0	0	0	0	0	0	0	0	0	77	0	0	
510827	0	0	0	0	0	0	0	0	0	103	0	0	
511577	0	0	0	0	0	0	0	0	0	97	0	0	
512330	0	0	0	0	0	0	0	0	0	75	0	0	
513082	0	0	0	0	0	0	0	0	0	73	0	0	
513828	0	0	0	0	0	0	0	0	0	87	0	0	
514579	0	0	0	0	0	0	0	0	0	67	0	0	
515329	0	0	0	0	0	0	0	0	0	73	0	0	
516078	0	0	0	0	0	0	0	0	0	75	0	0	
516826	0	0	0	0	0	0	0	0	0	79	0	0	
517575	0	0	0	0	0	0	0	0	0	75	0	0	
518327	0	0	0	0	0	0	0	0	0	83	0	0	
519081	0	0	0	0	0	0	0	0	0	81	0	0	
519832	0	0	0	0	0	0	0	0	0	85	0	0	
520584	0	0	0	0	0	0	0	0	0	89	0	0	
521334	0	0	0	0	0	0	0	0	0	65	0	0	
522086	0	0	0	0	0	0	0	0	0	87	0	0	
522837	0	0	0	0	0	0	0	0	0	77	0	0	
523586	0	0	0	0	0	0	0	0	0	75	0	0	
524338	0	0	0	0	0	0	0	0	0	77	0	0	
525086	0	0	0	0	0	0	0	0	0	81	0	0	
525837	0	0	0	0	0	0	0	0	0	87	0	0	
526589	0	0	0	0	0	0	0	0	0	79	0	0	
527338	0	0	0	0	0	0	0	0	0	75	0	0	
528089	0	0	0	0	0	0	0	0	0	95	0	0	
528836	0	0	0	0	0	0	0	0	0	91	0	0	
529583	0	0	0	0	0	0	0	0	0	79	0	0	
530334	0	0	0	0	0	0	0	0	0	79	0	0	
531084	0	0	0	0	0	0	0	0	0	65	0	0	
531832	0	0	0	0	0	0	0	0	0	93	0	0	
532581	0	0	0	0	0	0	0	0	0	107	0	0	
533331	0	0	0	0	0	0	0	0	0	69	0	0	
534081	0	0	0	0	0	0	0	0	0	91	0	0	
534834	0	0	0	0	0	0	0	0	0	67	0	0	
535585	0	0	0	0	0	0	0	0	0	75	0	0	
536334	0	0	0	0	0	0	0	0	0	79	0	0	
537083	0	0	0	0	0	0	0	0	0	69	0	0	
537837	0	0	0	0	0	0	0	0	0	83	0	0	
538588	0	0	0	0	0	0	0	0	0	65	0	0	
539334	0	0	0	0	0	0	0	0	0	65	0	0	
540081	0	0	0	0	0	0	0	0	0	73	0	0	
540830	0	0	0	0	0	0	0	0	0	83	0	0	
541579	0	0	0	0	0	0	0	0	0	71	0	0	
542330	0	0	0	0	0	0	0	0	0	93	0	0	
543080	0	0	0	0	0	0	0	0	0	79	0	0	
543830	0	0	0	0	0	0	0	0	0	85	0	0	
544579	0	0	0	0	0	0	0	0	0	0	79	0	
545325	0	0	0	0	0	0	0	0	0	0	65	0	
546075	0	0	0	0	0	0	0	0	0	0	0	67	
546825	0	0	0	0	0	0	0	0	0	0	0	59	
547576	0	0	0	0	0	0	0	0	0	0	0	61	
548326	0	0	0	0	0	0	0	0	0	0	0	61	
549078	0	0	0	0	0	0	0	0	0	0	0	71	
549828	0	0	0	0	0	0	0	0	0	0	0	67	
550579	0	0	0	0	0	0	0	0	0	0	0	65	
551331	0	0	0	0	0	0	0	0	0	0	0	63	
552080	0	0	0	0	0	0	0	0	0	0	0	73	
552830	0	0	0	0	0	0	0	0	0	0	77	0	
553580	0	0	0	0	0	0	0	0	0	0	91	0	
554331	0	0	0	0	0	0	0	0	0	0	77	0	
555080	0	0	0	0	0	0	0	0	0	0	69	0	
555829	0	0	0	0	0	0	0	0	0	0	71	0	
556581	0	0	0	0	0	0	0	0	0	0	65	0	
557328	0	0	0	0	0	0	0	0	0	0	63	0	
558077	0	0	0	0	0	0	0	0	0	0	79	0	
558829	0	0	0	0	0	0	0	0	0	0	83	0	
559577	0	0	0	0	0	0	0	0	0	0	73	0	
560326	0	0	0	0	0	0	0	0	0	0	69	0	
561072	0	0	0	0	0	0	0	0	0	0	77	0	
561820	0	0	0	0	0	0	0	0	0	0	81	0	
562569	0	0	0	0	0	0	0	0	0	0	87	0	
563318	0	0	0	0	0	0	0	0	0	0	71	0	
564067	0	0	0	0	0	0	0	0	0	0	75	0	
564819	0	0	0	0	0	0	0	0	0	0	71	0	
565569	0	0	0	0	0	0	0	0	0	0	69	0	
566319	0	0	0	0	0	0	0	0	0	0	71	0	
567066	0	0	0	0	0	0	0	0	0	0	61	0	
567817	0	0	0	0	0	0	0	0	0	0	65	0	
568569	0	0	0	0	0	0	0	0	0	0	79	0	
569319	0	0	0	0	0	0	0	0	0	0	75	0	
570071	0	0	0	0	0	0	0	0	0	0	79	0	
570820	0	0	0	0	0	0	0	0	0	0	75	0	
571568	0	0	0	0	0	0	0	0	0	0	83	0	
572319	0	0	0	0	0	0	0	0	0	0	61	0	
573069	0	0	0	0	0	0	0	0	0	0	81	0	
573822	0	0	0	0	0	0	0	0	0	0	77	0	
574568	0	0	0	0	0	0	0	0	0	0	85	0	
575318	0	0	0	0	0	0	0	0	0	0	81	0	
576069	0	0	0	0	0	0	0	0	0	0	65	0	
576815	0	0	0	0	0	0	0	0	0	0	81	0	
577565	0	0	0	0	0	0	0	0	0	0	75	0	
578312	0	0	0	0	0	0	0	0	0	0	67	0	
579061	0	0	0	0	0	0	0	0	0	0	77	0	
579814	0	0	0	0	0	0	0	0	0	0	0	77	
580562	0	0	0	0	0	0	0	0	0	0	0	71	
581310	0	0	0	0	0	0	0	0	0	0	0	65	
582059	0	0	0	0	0	0	0	0	0	0	6	65	
582810	0	0	0	0	0	0	0	0	0	0	0	71	
583558	0	0	0	0	0	0	0	0	0	0	0	55	
584308	0	0	0	0	0	0	0	0	0	0	0	81	
585057	0	0	0	0	0	0	0	0	0	0	0	61	
585808	0	0	0	0	0	0	0	0	0	0	0	57	
586555	0	0	0	0	0	0	0	0	0	0	0	61	
587304	0	0	0	0	0	0	0	0	0	0	0	75	
588054	0	0	0	0	0	0	0	0	0	0	0	69	
588803	0	0	0	0	0	0	0	0	0	0	0	75	
589551	0	0	0	0	0	0	0	0	0	0	0	77	
590298	0	0	0	0	0	0	0	0	0	0	0	57	
591046	0	0	0	0	0	0	0	0	0	0	0	75	
591798	0	0	0	0	0	0	0	0	0	0	0	69	
592547	0	0	0	0	0	0	0	0	0	0	69	0	
593295	0	0	0	0	0	0	0	0	0	0	77	0	
594044	0	0	0	0	0	0	0	0	0	0	83	0	
594796	0	0	0	0	0	0	0	0	0	0	69	0	
595549	0	0	0	0	0	0	0	0	0	0	63	0	
596302	0	0	0	0	0	0	0	0	0	0	73	0	
597050	0	0	0	0	0	0	0	0	0	0	67	0	
597802	0	0	0	0	0	0	0	0	0	0	79	0	
598550	0	0	0	0	0	0	0	0	0	0	75	0	
599304	0	0	0	0	0	0	0	0	0	0	57	0	
600051	0	0	0	0	0	0	0	0	0	0	87	0	
600800	0	0	0	0	0	0	0	0	0	0	65	0	
601551	0	0	0	0	0	0	0	0	0	0	75	0	
602298	0	0	0	0	0	0	0	0	0	0	65	0	
603052	0	0	0	0	0	0	0	0	0	0	57	0	
603808	0	0	0	0	0	0	0	0	0	0	81	0	
604557	0	0	0	0	0	0	0	0	0	0	75	0	
605308	0	0	0	0	0	0	0	0	0	0	79	0	
606057	0	0	0	0	0	0	0	0	0	0	57	0	
606808	0	0	0	0	0	0	0	0	0	0	79	0	
607559	0	0	0	0	0	0	0	0	0	0	91	0	
608314	0	0	0	0	0	0	0	0	0	73	0	0	
609064	0	0	0	0	0	0	0	0	0	97	0	0	
609814	0	0	0	0	0	0	0	0	0	91	0	0	
610564	0	0	0	0	0	0	0	0	0	79	0	0	
611315	0	0	0	0	0	0	0	0	0	81	0	0	
612065	0	0	0	0	0	0	0	0	0	101	0	0	
612814	0	0	0	0	0	0	0	0	0	77	0	0	
613562	0	0	0	0	0	0	0	0	0	87	0	0	
614313	0	0	0	0	0	0	0	0	0	73	0	0	
615064	0	0	0	0	0	0	0	0	0	77	0	0	
615814	0	0	0	0	0	0	0	0	0	79	0	0	
616566	0	0	0	0	0	0	0	0	0	85	0	0	
617315	0	0	0	0	0	0	0	0	0	83	0	0	
618067	0	0	0	0	0	0	0	0	0	73	0	0	
618817	0	0	0	0	0	0	0	0	0	75	0	0	
619566	0	0	0	0	0	0	0	0	0	79	0	0	
620316	0	0	0	0	0	0	0	0	83	0	0	0	
621068	0	0	0	0	0	0	0	0	73	0	0	0	
621818	0	0	0	0	0	0	0	18	79	0	0	0	
622566	0	0	0	0	0	0	0	101	0	0	0	0	
623316	0	0	0	0	0	0	0	107	0	0	0	0	
624060	0	0	0	0	0	0	0	93	0	0	0	0	
624810	0	0	0	0	0	0	0	97	0	0	0	0	
625561	0	0	0	0	0	0	0	109	0	0	0	0	
626309	0	0	0	0	0	0	0	105	0	0	0	0	
627059	0	0	0	0	0	0	0	117	0	0	0	0	
627811	0	0	0	0	0	0	0	101	0	0	0	0	
628562	0	0	0	0	0	0	0	123	0	0	0	0	
629311	0	0	0	0	0	0	0	95	0	0	0	0	
630062	0	0	0	0	0	0	0	131	0	0	0	0	
630811	0	0	0	0	0	0	0	95	0	0	0	0	
631563	0	0	0	0	0	0	0	83	0	0	0	0	
632313	0	0	0	0	0	0	0	103	0	0	0	0	
633061	0	0	0	0	0	0	0	97	0	0	0	0	
633812	0	0	0	0	0	0	0	87	0	0	0	0	
634562	0	0	0	0	0	0	0	93	0	0	0	0	
635315	0	0	0	0	0	0	0	99	0	0	0	0	
636066	0	0	0	0	0	0	0	123	0	0	0	0	
636817	0	0	0	0	0	0	0	103	0	0	0	0	
637565	0	0	0	0	0	0	0	93	0	0	0	0	
638311	0	0	0	0	0	0	0	89	0	0	0	0	
639060	0	0	0	0	0	0	0	81	0	0	0	0	
639809	0	0	0	0	0	0	0	93	0	0	0	0	
640561	0	0	0	0	0	0	0	105	0	0	0	0	
641310	0	0	0	0	0	0	0	101	0	0	0	0	
642061	0	0	0	0	0	0	0	97	0	0	0	0	
642809	0	0	0	0	0	0	0	80	7	0	0	0	
643560	0	0	0	0	0	0	0	107	0	0	0	0	
644309	0	0	0	0	0	0	0	97	0	0	0	0	
645061	0	0	0	0	0	0	0	95	0	0	0	0	
645811	0	0	0	0	0	0	0	81	0	0	0	0	
646563	0	0	0	0	0	0	0	109	0	0	0	0	
647316	0	0	0	0	0	0	0	109	0	0	0	0	
648069	0	0	0	0	0	0	0	91	0	0	0	0	
648819	0	0	0	0	0	0	0	103	0	0	0	0	
649567	0	0	0	0	0	0	121	0	0	0	0	0	
650317	0	0	0	0	0	0	115	0	0	0	0	0	
651066	0	0	0	0	0	73	44	0	0	0	0	0	
651817	0	0	0	0	0	135	0	0	0	0	0	0	
652568	0	0	0	0	0	125	0	0	0	0	0	0	
653316	0	0	0	0	0	119	0	0	0	0	0	0	
654068	0	0	0	0	0	131	0	0	0	0	0	0	
654813	0	0	0	0	0	131	0	0	0	0	0	0	
655563	0	0	0	0	0	135	0	0	0	0	0	0	
656311	0	0	0	0	0	123	0	0	0	0	0	0	
657062	0	0	0	0	0	105	0	0	0	0	0	0	
657810	0	0	0	0	0	143	0	0	0	0	0	0	
658563	0	0	0	0	0	151	0	0	0	0	0	0	
659316	0	0	0	0	0	129	0	0	0	0	0	0	
660066	0	0	0	0	0	133	2	0	0	0	0	0	
660815	0	0	0	0	0	123	0	0	0	0	0	0	
661567	0	0	0	0	0	119	0	0	0	0	0	0	
662316	0	0	0	0	0	147	0	0	0	0	0	0	
663063	0	0	0	0	0	119	0	0	0	0	0	0	
663812	0	0	0	0	0	139	0	0	0	0	0	0	
664564	0	0	0	0	183	0	0	0	0	0	0	0	
665317	0	0	0	0	137	0	0	0	0	0	0	0	
666067	0	0	0	0	167	0	0	0	0	0	0	0	
666818	0	0	0	0	155	0	0	0	0	0	0	0	
667568	0	0	0	0	151	0	0	0	0	0	0	0	
668317	0	0	0	187	0	0	0	0	0	0	0	0	
669065	0	0	0	185	0	0	0	0	0	0	0	0	
669814	0	0	0	213	0	0	0	0	0	0	0	0	
670564	0	0	277	0	0	0	0	0	0	0	0	0	
671315	0	0	265	0	0	0	0	0	0	0	0	0	
672062	0	0	255	0	0	0	0	0	0	0	0	0	
672811	0	0	257	0	0	0	0	0	0	0	0	0	
673560	0	0	247	0	0	0	0	0	0	0	0	0	
674313	0	0	261	0	0	0	0	0	0	0	0	0	
675063	0	0	233	0	0	0	0	0	0	0	0	0	
675812	0	0	281	0	0	0	0	0	0	0	0	0	
676559	0	0	245	0	0	0	0	0	0	0	0	0	
677307	0	0	261	0	0	0	0	0	0	0	0	0	
678060	0	0	263	0	0	0	0	0	0	0	0	0	
678811	0	0	249	0	0	0	0	0	0	0	0	0	
679564	0	0	0	183	0	0	0	0	0	0	0	0	
680317	0	0	0	217	0	0	0	0	0	0	0	0	
681068	0	0	0	215	0	0	0	0	0	0	0	0	
681814	0	0	0	205	0	0	0	0	0	0	0	0	
682567	0	0	0	169	0	0	0	0	0	0	0	0	
683318	0	0	0	199	0	0	0	0	0	0	0	0	
684066	0	0	0	213	0	0	0	0	0	0	0	0	
684812	0	0	0	199	0	0	0	0	0	0	0	0	
685563	0	0	0	195	0	0	0	0	0	0	0	0	
686315	0	0	0	195	0	0	0	0	0	0	0	0	
687068	0	0	0	209	0	0	0	0	0	0	0	0	
687819	0	0	0	199	0	0	0	0	0	0	0	0	
688568	0	0	0	189	0	0	0	0	0	0	0	0	
689318	0	0	0	166	23	0	0	0	0	0	0	0	
690070	0	0	0	223	0	0	0	0	0	0	0	0	
690821	0	0	0	195	0	0	0	0	0	0	0	0	
691571	0	0	0	167	0	0	0	0	0	0	0	0	
692323	0	0	0	203	0	0	0	0	0	0	0	0	
693075	0	0	0	205	0	0	0	0	0	0	0	0	
693826	0	0	0	203	0	0	0	0	0	0	0	0	
694580	0	0	0	205	0	0	0	0	0	0	0	0	
695329	0	0	0	191	0	0	0	0	0	0	0	0	
696080	0	0	0	193	0	0	0	0	0	0	0	0	
696829	0	0	0	187	0	0	0	0	0	0	0	0	
697577	0	0	0	189	0	0	0	0	0	0	0	0	
698327	0	0	0	165	0	0	0	0	0	0	0	0	
699078	0	0	0	189	0	0	0	0	0	0	0	0	
699830	0	0	0	175	0	0	0	0	0	0	0	0	
700579	0	0	0	209	0	0	0	0	0	0	0	0	
701330	0	0	0	203	0	0	0	0	0	0	0	0	
702082	0	0	0	193	0	0	0	0	0	0	0	0	
702833	0	0	0	191	0	0	0	0	0	0	0	0	
703584	0	0	0	195	0	0	0	0	0	0	0	0	
704334	0	0	7	206	0	0	0	0	0	0	0	0	
705082	0	0	0	179	0	0	0	0	0	0	0	0	
705833	0	0	0	185	0	0	0	0	0	0	0	0	
706582	0	0	0	193	0	0	0	0	0	0	0	0	
707331	0	0	0	209	0	0	0	0	0	0	0	0	
708081	0	0	0	189	0	0	0	0	0	0	0	0	
708831	0	0	0	187	0	0	0	0	0	0	0	0	
709580	0	0	0	197	0	0	0	0	0	0	0	0	
710329	0	0	0	185	0	0	0	0	0	0	0	0	
711077	0	0	0	205	0	0	0	0	0	0	0	0	
711827	0	0	0	175	0	0	0	0	0	0	0	0	
712575	0	0	0	221	0	0	0	0	0	0	0	0	
713323	0	0	0	197	0	0	0	0	0	0	0	0	
714070	0	0	0	219	0	0	0	0	0	0	0	0	
714821	0	0	0	203	0	0	0	0	0	0	0	0	
715575	0	0	0	165	0	0	0	0	0	0	0	0	
716324	0	0	0	196	1	0	0	0	0	0	0	0	
717075	0	0	0	177	0	0	0	0	0	0	0	0	
717825	0	0	0	183	0	0	0	0	0	0	0	0	
718575	0	0	0	165	0	0	0	0	0	0	0	0	
719326	0	0	0	189	0	0	0	0	0	0	0	0	
720074	0	0	0	189	0	0	0	0	0	0	0	0	
720823	0	0	0	227	0	0	0	0	0	0	0	0	
721571	0	0	0	181	0	0	0	0	0	0	0	0	
722319	0	0	0	223	0	0	0	0	0	0	0	0	
723069	0	0	0	191	0	0	0	0	0	0	0	0	
723821	0	0	0	197	0	0	0	0	0	0	0	0	
724572	0	0	0	193	0	0	0	0	0	0	0	0	
725325	0	0	0	179	0	0	0	0	0	0	0	0	
726073	0	0	0	223	0	0	0	0	0	0	0	0	
726823	0	0	0	217	0	0	0	0	0	0	0	0	
727572	0	0	0	199	0	0	0	0	0	0	0	0	
728320	0	0	0	215	0	0	0	0	0	0	0	0	
729072	0	0	0	203	0	0	0	0	0	0	0	0	
729823	0	0	0	219	0	0	0	0	0	0	0	0	
730573	0	0	252	15	0	0	0	0	0	0	0	0	
731321	0	0	281	0	0	0	0	0	0	0	0	0	
732072	0	0	261	0	0	0	0	0	0	0	0	0	
732823	0	0	289	0	0	0	0	0	0	0	0	0	
733569	0	0	267	0	0	0	0	0	0	0	0	0	
734320	0	0	265	0	0	0	0	0	0	0	0	0	
735071	0	0	283	0	0	0	0	0	0	0	0	0	
735821	0	0	291	0	0	0	0	0	0	0	0	0	
736569	0	0	265	0	0	0	0	0	0	0	0	0	
737317	0	35	262	0	0	0	0	0	0	0	0	0	
738069	0	0	263	0	0	0	0	0	0	0	0	0	
738819	0	0	249	0	0	0	0	0	0	0	0	0	
739568	0	0	289	0	0	0	0	0	0	0	0	0	
740318	0	0	277	0	0	0	0	0	0	0	0	0	
741069	0	0	269	0	0	0	0	0	0	0	0	0	
741818	0	0	245	0	0	0	0	0	0	0	0	0	
742567	0	0	269	0	0	0	0	0	0	0	0	0	
743318	0	0	251	0	0	0	0	0	0	0	0	0	
744068	0	0	243	0	0	0	0	0	0	0	0	0	
744816	0	0	271	0	0	0	0	0	0	0	0	0	
745563	0	0	283	0	0	0	0	0	0	0	0	0	
746311	0	0	263	0	0	0	0	0	0	0	0	0	
747062	0	0	271	0	0	0	0	0	0	0	0	0	
747809	0	0	277	0	0	0	0	0	0	0	0	0	
748558	0	0	249	0	0	0	0	0	0	0	0	0	
749310	0	0	259	0	0	0	0	0	0	0	0	0	
750057	0	0	277	0	0	0	0	0	0	0	0	0	
750807	0	0	259	0	0	0	0	0	0	0	0	0	
751556	0	0	261	0	0	0	0	0	0	0	0	0	
752305	0	0	249	0	0	0	0	0	0	0	0	0	
753058	0	0	269	0	0	0	0	0	0	0	0	0	
753811	0	0	271	0	0	0	0	0	0	0	0	0	
754559	0	0	277	0	0	0	0	0	0	0	0	0	
755310	0	0	279	0	0	0	0	0	0	0	0	0	
756059	0	0	253	0	0	0	0	0	0	0	0	0	
756809	0	0	277	0	0	0	0	0	0	0	0	0	
757555	0	0	253	0	0	0	0	0	0	0	0	0	
758304	0	0	271	0	0	0	0	0	0	0	0	0	
759052	0	0	265	0	0	0	0	0	0	0	0	0	
759802	0	0	251	0	0	0	0	0	0	0	0	0	
760550	0	0	255	0	0	0	0	0	0	0	0	0	
761303	0	0	251	0	0	0	0	0	0	0	0	0	
762050	0	0	255	0	0	0	0	0	0	0	0	0	
762801	0	0	251	0	0	0	0	0	0	0	0	0	
763552	0	0	253	0	0	0	0	0	0	0	0	0	
764300	0	0	269	0	0	0	0	0	0	0	0	0	
765050	0	0	283	0	0	0	0	0	0	0	0	0	
765802	0	0	245	0	0	0	0	0	0	0	0	0	
766551	0	0	247	0	0	0	0	0	0	0	0	0	
767300	0	0	271	0	0	0	0	0	0	0	0	0	
768050	0	0	259	0	0	0	0	0	0	0	0	0	
768798	0	0	255	0	0	0	0	0	0	0	0	0	
769550	0	0	261	0	0	0	0	0	0	0	0	0	
770301	0	0	191	62	0	0	0	0	0	0	0	0	
771047	0	0	263	0	0	0	0	0	0	0	0	0	
771797	0	0	265	0	0	0	0	0	0	0	0	0	
772547	0	0	259	0	0	0	0	0	0	0	0	0	
773297	0	0	255	0	0	0	0	0	0	0	0	0	
774047	0	0	275	0	0	0	0	0	0	0	0	0	
774795	0	0	265	0	0	0	0	0	0	0	0	0	
775545	0	0	251	0	0	0	0	0	0	0	0	0	
776295	0	0	261	0	0	0	0	0	0	0	0	0	
777044	0	0	253	0	0	0	0	0	0	0	0	0	
777796	0	0	273	0	0	0	0	0	0	0	0	0	
778542	0	0	285	0	0	0	0	0	0	0	0	0	
779289	0	0	261	0	0	0	0	0	0	0	0	0	
780040	0	0	241	0	0	0	0	0	0	0	0	0	
780793	0	0	275	0	0	0	0	0	0	0	0	0	
781542	0	0	261	0	0	0	0	0	0	0	0	0	
782292	0	0	225	0	0	0	0	0	0	0	0	0	
783042	0	0	291	0	0	0	0	0	0	0	0	0	
783792	0	0	285	0	0	0	0	0	0	0	0	0	
784542	0	0	0	197	0	0	0	0	0	0	0	0	
785294	0	0	0	211	0	0	0	0	0	0	0	0	
786045	0	0	0	175	0	0	0	0	0	0	0	0	
786795	0	0	0	209	0	0	0	0	0	0	0	0	
787545	0	0	0	195	0	0	0	0	0	0	0	0	
788293	0	0	0	183	0	0	0	0	0	0	0	0	
789040	0	0	0	189	0	0	0	0	0	0	0	0	
789791	0	0	0	195	0	0	0	0	0	0	0	0	
790541	0	0	0	209	0	0	0	0	0	0	0	0	
791292	0	0	0	177	0	0	0	0	0	0	0	0	
792043	0	0	0	195	0	0	0	0	0	0	0	0	
792793	0	0	0	179	0	0	0	0	0	0	0	0	
793541	0	0	0	181	0	0	0	0	0	0	0	0	
794290	0	0	4	219	0	0	0	0	0	0	0	0	
795040	0	0	0	185	0	0	0	0	0	0	0	0	
795788	0	0	0	221	0	0	0	0	0	0	0	0	
796539	0	0	0	195	0	0	0	0	0	0	0	0	
797287	0	0	0	0	155	0	0	0	0	0	0	0	
798037	0	0	0	0	173	0	0	0	0	0	0	0	
798789	0	0	0	0	159	0	0	0	0	0	0	0	
799542	0	0	0	0	179	0	0	0	0	0	0	0	
800294	0	0	0	0	153	0	0	0	0	0	0	0	
801044	0	0	0	0	153	0	0	0	0	0	0	0	
801793	0	0	0	0	149	0	0	0	0	0	0	0	
802543	0	0	0	0	155	0	0	0	0	0	0	0	
803292	0	0	0	0	149	0	0	0	0	0	0	0	
804045	0	0	0	0	155	0	0	0	0	0	0	0	
804795	0	0	0	0	165	0	0	0	0	0	0	0	
805546	0	0	0	0	165	0	0	0	0	0	0	0	
806298	0	0	0	0	175	0	0	0	0	0	0	0	
807044	0	0	0	0	169	0	0	0	0	0	0	0	
807798	0	0	0	0	171	0	0	0	0	0	0	0	
808549	0	0	0	0	155	0	0	0	0	0	0	0	
809294	0	0	0	0	143	0	0	0	0	0	0	0	
810047	0	0	0	0	183	0	0	0	0	0	0	0	
810799	0	0	0	0	169	0	0	0	0	0	0	0	
811549	0	0	0	0	135	0	0	0	0	0	0	0	
812298	0	0	0	0	153	2	0	0	0	0	0	0	
813050	0	0	0	0	155	0	0	0	0	0	0	0	
813801	0	0	0	0	0	137	0	0	0	0	0	0	
814551	0	0	0	0	0	119	0	0	0	0	0	0	
815303	0	0	0	0	0	125	0	0	0	0	0	0	
816052	0	0	0	0	0	113	0	0	0	0	0	0	
816801	0	0	0	0	0	121	0	0	0	0	0	0	
817550	0	0	0	0	0	139	0	0	0	0	0	0	
818299	0	0	0	0	0	139	0	0	0	0	0	0	
819051	0	0	0	0	0	119	0	0	0	0	0	0	
819803	0	0	0	0	0	129	0	0	0	0	0	0	
820553	0	0	0	0	0	109	0	0	0	0	0	0	
821301	0	0	0	0	0	139	0	0	0	0	0	0	
822047	0	0	0	0	0	121	0	0	0	0	0	0	
822798	0	0	0	0	0	139	0	0	0	0	0	0	
823547	0	0	0	0	0	131	0	0	0	0	0	0	
824296	0	0	0	0	0	123	10	0	0	0	0	0	
825045	0	0	0	0	0	127	0	0	0	0	0	0	
825795	0	0	0	0	0	125	0	0	0	0	0	0	
826542	0	0	0	0	0	131	0	0	0	0	0	0	
827295	0	0	0	0	0	143	0	0	0	0	0	0	
828043	0	0	0	0	0	141	0	0	0	0	0	0	
828793	0	0	0	0	0	141	0	0	0	0	0	0	
829545	0	0	0	0	0	115	0	0	0	0	0	0	
830298	0	0	0	0	0	76	55	0	0	0	0	0	
831049	0	0	0	0	0	0	105	0	0	0	0	0	
831800	0	0	0	0	0	0	101	0	0	0	0	0	
832551	0	0	0	0	0	0	119	0	0	0	0	0	
833303	0	0	0	0	0	0	109	0	0	0	0	0	
834055	0	0	0	0	0	0	123	0	0	0	0	0	
834805	0	0	0	0	0	0	109	0	0	0	0	0	
835555	0	0	0	0	0	0	121	0	0	0	0	0	
836307	0	0	0	0	0	0	103	0	0	0	0	0	
837056	0	0	0	0	0	0	107	0	0	0	0	0	
837805	0	0	0	0	0	0	117	0	0	0	0	0	
838554	0	0	0	0	0	0	105	0	0	0	0	0	
839305	0	0	0	0	0	0	95	0	0	0	0	0	
840055	0	0	0	0	0	0	97	0	0	0	0	0	
840805	0	0	0	0	0	0	129	0	0	0	0	0	
841553	0	0	0	0	0	0	127	0	0	0	0	0	
842306	0	0	0	0	0	0	81	0	0	0	0	0	
843058	0	0	0	0	0	0	85	0	0	0	0	0	
843809	0	0	0	0	0	0	99	0	0	0	0	0	
844557	0	0	0	0	0	0	113	0	0	0	0	0	
845308	0	0	0	0	0	0	99	0	0	0	0	0	
846059	0	0	0	0	0	0	101	0	0	0	0	0	
846810	0	0	0	0	0	0	115	0	0	0	0	0	
847560	0	0	0	0	0	0	123	0	0	0	0	0	
848309	0	0	0	0	0	0	117	0	0	0	0	0	
849057	0	0	0	0	0	0	125	0	0	0	0	0	
849808	0	0	0	0	0	0	115	0	0	0	0	0	
850558	0	0	0	0	0	0	101	0	0	0	0	0	
851310	0	0	0	0	0	0	129	0	0	0	0	0	
852061	0	0	0	0	0	0	121	0	0	0	0	0	
852808	0	0	0	0	0	0	119	0	0	0	0	0	
853556	0	0	0	0	0	0	131	0	0	0	0	0	
854310	0	0	0	0	0	0	119	0	0	0	0	0	
855058	0	0	0	0	0	0	107	0	0	0	0	0	
855803	0	0	0	0	0	0	133	0	0	0	0	0	
856555	0	0	0	0	0	0	127	0	0	0	0	0	
857308	0	0	0	0	0	0	107	0	0	0	0	0	
858056	0	0	0	0	0	0	149	0	0	0	0	0	
858809	0	0	0	0	0	0	115	0	0	0	0	0	
859560	0	0	0	0	0	0	127	0	0	0	0	0	
860314	0	0	0	0	0	0	95	0	0	0	0	0	
861065	0	0	0	0	0	0	113	0	0	0	0	0	
861817	0	0	0	0	0	0	109	0	0	0	0	0	
862564	0	0	0	0	0	0	109	0	0	0	0	0	
863310	0	0	0	0	0	0	107	0	0	0	0	0	
864060	0	0	0	0	0	0	107	0	0	0	0	0	
864810	0	0	0	0	0	0	111	0	0	0	0	0	
865559	0	0	0	0	0	0	105	0	0	0	0	0	
866309	0	0	0	0	0	0	0	105	0	0	0	0	
867057	0	0	0	0	0	0	0	87	0	0	0	0	
867805	0	0	0	0	0	0	0	99	0	0	0	0	
868556	0	0	0	0	0	0	0	103	0	0	0	0	
869306	0	0	0	0	0	0	0	91	0	0	0	0	
870057	0	0	0	0	0	0	0	91	0	0	0	0	
870809	0	0	0	0	0	0	0	99	0	0	0	0	
871559	0	0	0	0	0	0	0	99	0	0	0	0	
872308	0	0	0	0	0	0	0	99	0	0	0	0	
873056	0	0	0	0	0	0	0	109	0	0	0	0	
873806	0	0	0	0	0	0	0	101	0	0	0	0	
874556	0	0	0	0	0	0	0	93	0	0	0	0	
875310	0	0	0	0	0	0	0	99	0	0	0	0	
876058	0	0	0	0	0	0	0	99	0	0	0	0	
876808	0	0	0	0	0	0	0	107	0	0	0	0	
877559	0	0	0	0	0	0	0	105	0	0	0	0	
878310	0	0	0	0	0	0	0	109	0	0	0	0	
879063	0	0	0	0	0	0	0	95	0	0	0	0	
879815	0	0	0	0	0	0	0	107	0	0	0	0	
880565	0	0	0	0	0	0	0	105	0	0	0	0	
881316	0	0	0	0	0	0	0	111	0	0	0	0	
882066	0	0	0	0	0	0	0	99	0	0	0	0	
882818	0	0	0	0	0	0	0	93	0	0	0	0	
883569	0	0	0	0	0	0	0	113	0	0	0	0	
884318	0	0	0	0	0	0	0	107	0	0	0	0	
885068	0	0	0	0	0	0	0	105	0	0	0	0	
885817	0	0	0	0	0	0	0	95	0	0	0	0	
886568	0	0	0	0	0	0	0	113	0	0	0	0	
887320	0	0	0	0	0	0	0	101	0	0	0	0	
888070	0	0	0	0	0	0	0	101	0	0	0	0	
888820	0	0	0	0	0	0	0	109	0	0	0	0	
889573	0	0	0	0	0	0	0	97	0	0	0	0	
890323	0	0	0	0	0	0	0	105	0	0	0	0	
891071	0	0	0	0	0	0	0	85	0	0	0	0	
891820	0	0	0	0	0	0	0	109	0	0	0	0	
892569	0	0	0	0	0	0	0	95	0	0	0	0	
893319	0	0	0	0	0	0	0	95	0	0	0	0	
894069	0	0	0	0	0	0	0	105	0	0	0	0	
894821	0	0	0	0	0	0	0	111	0	0	0	0	
895569	0	0	0	0	0	0	0	113	0	0	0	0	
896317	0	0	0	0	0	0	0	105	0	0	0	0	
897064	0	0	0	0	0	0	0	109	0	0	0	0	
897812	0	0	0	0	0	0	0	87	0	0	0	0	
898560	0	0	0	0	0	0	0	103	0	0	0	0	
899312	0	0	0	0	0	0	0	99	0	0	0	0	
900064	0	0	0	0	0	0	0	115	0	0	0	0	
900813	0	0	0	0	0	0	0	101	0	0	0	0	
901560	0	0	0	0	0	0	0	99	0	0	0	0	
902314	0	0	0	0	0	0	0	105	0	0	0	0	
903064	0	0	0	0	0	0	0	97	0	0	0	0	
903812	0	0	0	0	0	0	0	79	0	0	0	0	
904562	0	0	0	0	0	0	109	0	0	0	0	0	
905311	0	0	0	0	0	0	135	0	0	0	0	0	
906059	0	0	0	0	0	0	123	0	0	0	0	0	
906809	0	0	0	0	0	0	107	0	0	0	0	0	
907559	0	0	0	0	0	0	111	0	0	0	0	0	
908309	0	0	0	0	0	0	123	0	0	0	0	0	
909059	0	0	0	0	0	0	107	0	0	0	0	0	
909808	0	0	0	0	0	0	107	0	0	0	0	0	
910561	0	0	0	0	0	0	135	0	0	0	0	0	
911317	0	0	0	0	0	0	121	0	0	0	0	0	
912067	0	0	0	0	0	0	119	0	0	0	0	0	
912817	0	0	0	0	0	131	0	0	0	0	0	0	
913566	0	0	0	0	0	123	0	0	0	0	0	0	
914316	0	0	0	0	0	143	0	0	0	0	0	0	
915065	0	0	0	0	0	147	0	0	0	0	0	0	
915816	0	0	0	0	0	145	0	0	0	0	0	0	
916567	0	0	0	0	0	117	0	0	0	0	0	0	
917316	0	0	0	0	0	137	0	0	0	0	0	0	
918069	0	0	0	0	0	133	0	0	0	0	0	0	
918820	0	0	0	0	0	129	0	0	0	0	0	0	
919570	0	0	0	0	0	131	0	0	0	0	0	0	
920322	0	0	0	0	0	133	0	0	0	0	0	0	
921071	0	0	0	0	0	109	0	0	0	0	0	0	
921821	0	0	0	0	0	115	0	0	0	0	0	0	
922570	0	0	0	0	0	127	0	0	0	0	0	0	
923321	0	0	0	0	0	121	0	0	0	0	0	0	
924072	0	0	0	0	0	113	0	0	0	0	0	0	
924819	0	0	0	0	0	139	0	0	0	0	0	0	
925565	0	0	0	0	0	141	0	0	0	0	0	0	
926313	0	0	0	0	0	135	0	0	0	0	0	0	
927062	0	0	0	0	0	113	0	0	0	0	0	0	
927809	0	0	0	0	0	117	0	0	0	0	0	0	
928560	0	0	0	0	0	143	0	0	0	0	0	0	
929310	0	0	0	0	0	137	0	0	0	0	0	0	
930060	0	0	0	0	0	145	0	0	0	0	0	0	
930807	0	0	0	0	0	135	0	0	0	0	0	0	
931558	0	0	0	0	0	129	0	0	0	0	0	0	
932308	0	0	0	0	0	137	0	0	0	0	0	0	
933060	0	0	0	0	0	133	0	0	0	0	0	0	
933810	0	0	0	0	0	131	0	0	0	0	0	0	
934560	0	0	0	0	0	155	0	0	0	0	0	0	
935311	0	0	0	0	0	119	0	0	0	0	0	0	
936061	0	0	0	0	0	127	0	0	0	0	0	0	
936810	0	0	0	0	0	133	0	0	0	0	0	0	
937561	0	0	0	0	0	153	0	0	0	0	0	0	
938313	0	0	0	0	0	127	0	0	0	0	0	0	
939065	0	0	0	0	0	131	0	0	0	0	0	0	
939813	0	0	0	0	0	145	0	0	0	0	0	0	
940559	0	0	0	0	0	141	0	0	0	0	0	0	
941307	0	0	0	0	0	121	0	0	0	0	0	0	
942055	0	0	0	0	0	137	0	0	0	0	0	0	
942805	0	0	0	0	27	108	0	0	0	0	0	0	
943557	0	0	0	0	149	0	0	0	0	0	0	0	
944305	0	0	0	0	153	0	0	0	0	0	0	0	
945057	0	0	0	0	159	0	0	0	0	0	0	0	
945806	0	0	0	0	163	0	0	0	0	0	0	0	
946557	0	0	0	1	164	0	0	0	0	0	0	0	
947309	0	0	0	0	149	0	0	0	0	0	0	0	
948061	0	0	0	0	153	0	0	0	0	0	0	0	
948813	0	0	0	0	173	0	0	0	0	0	0	0	
949563	0	0	0	0	165	0	0	0	0	0	0	0	
950315	0	0	0	0	173	0	0	0	0	0	0	0	
951066	0	0	0	0	177	0	0	0	0	0	0	0	
951816	0	0	0	0	163	2	0	0	0	0	0	0	
952563	0	0	0	0	165	0	0	0	0	0	0	0	
953310	0	0	0	0	169	0	0	0	0	0	0	0	
954063	0	0	0	0	173	0	0	0	0	0	0	0	
954811	0	0	0	0	137	0	0	0	0	0	0	0	
955562	0	0	0	0	179	0	0	0	0	0	0	0	
956312	0	0	0	0	169	0	0	0	0	0	0	0	
957058	0	0	0	0	163	0	0	0	0	0	0	0	
957810	0	0	0	0	163	0	0	0	0	0	0	0	
958562	0	0	0	0	157	0	0	0	0	0	0	0	
959315	0	0	0	0	161	0	0	0	0	0	0	0	
960065	0	0	0	0	149	0	0	0	0	0	0	0	
960816	0	0	0	0	163	0	0	0	0	0	0	0	
961567	0	0	0	1	170	0	0	0	0	0	0	0	
962318	0	0	0	0	153	0	0	0	0	0	0	0	
963069	0	0	0	0	151	0	0	0	0	0	0	0	
963815	0	0	0	0	159	0	0	0	0	0	0	0	
964565	0	0	0	0	179	0	0	0	0	0	0	0	
965314	0	0	0	0	151	0	0	0	0	0	0	0	
966063	0	0	0	0	149	0	0	0	0	0	0	0	
966814	0	0	0	0	167	0	0	0	0	0	0	0	
967562	0	0	0	0	155	0	0	0	0	0	0	0	
968311	0	0	0	0	159	0	0	0	0	0	0	0	
969063	0	0	0	0	167	0	0	0	0	0	0	0	
969812	0	0	0	0	171	0	0	0	0	0	0	0	
970564	0	0	0	0	149	0	0	0	0	0	0	0	
971316	0	0	0	0	165	0	0	0	0	0	0	0	
972065	0	0	0	0	161	0	0	0	0	0	0	0	
972812	0	0	0	0	165	0	0	0	0	0	0	0	
973561	0	0	0	0	151	0	0	0	0	0	0	0	
974317	0	0	0	0	159	0	0	0	0	0	0	0	
975067	0	0	0	0	139	0	0	0	0	0	0	0	
975818	0	0	0	0	169	0	0	0	0	0	0	0	
976567	0	0	0	0	161	0	0	0	0	0	0	0	
977316	0	0	0	0	163	0	0	0	0	0	0	0	
978064	0	0	0	0	169	0	0	0	0	0	0	0	
978816	0	0	0	0	163	0	0	0	0	0	0	0	
979568	0	0	0	0	153	0	0	0	0	0	0	0	
980317	0	0	0	0	149	0	0	0	0	0	0	0	
981067	0	0	0	0	159	0	0	0	0	0	0	0	
981816	0	0	0	0	151	0	0	0	0	0	0	0	
982566	0	0	0	0	153	0	0	0	0	0	0	0	
983314	0	0	0	0	169	0	0	0	0	0	0	0	
984064	0	0	0	0	191	0	0	0	0	0	0	0	
984813	0	0	0	0	171	0	0	0	0	0	0	0	
985562	0	0	0	0	153	0	0	0	0	0	0	0	
986311	0	0	0	0	159	0	0	0	0	0	0	0	
987058	0	0	0	0	169	0	0	0	0	0	0	0	
987810	0	0	0	19	142	0	0	0	0	0	0	0	
988560	0	0	0	0	149	0	0	0	0	0	0	0	
989310	0	0	0	0	157	0	0	0	0	0	0	0	
990055	0	0	0	0	143	0	0	0	0	0	0	0	
990810	0	0	0	0	171	0	0	0	0	0	0	0	
991560	0	0	0	0	161	0	0	0	0	0	0	0	
992312	0	0	0	0	141	0	0	0	0	0	0	0	
993067	0	0	0	0	155	0	0	0	0	0	0	0	
993818	0	0	0	0	159	0	0	0	0	0	0	0	
994570	0	0	0	0	153	0	0	0	0	0	0	0	
995319	0	0	0	0	161	0	0	0	0	0	0	0	
996068	0	0	0	70	109	0	0	0	0	0	0	0	
996818	0	0	0	195	0	0	0	0	0	0	0	0	
997567	0	0	0	211	0	0	0	0	0	0	0	0	
998317	0	0	0	205	0	0	0	0	0	0	0	0	
999064	0	0	0	177	0	0	0	0	0	0	0	0	
999811	0	0	0	213	0	0	0	0	0	0	0	0	
1.00056e+06	0	0	0	0	159	0	0	0	0	0	0	0	
1.00131e+06	0	0	0	0	171	0	0	0	0	0	0	0	
1.00206e+06	0	0	0	0	161	0	0	0	0	0	0	0	
1.00281e+06	0	0	0	0	167	0	0	0	0	0	0	0	
1.00356e+06	0	0	0	0	175	0	0	0	0	0	0	0	
1.00431e+06	0	0	0	0	165	0	0	0	0	0	0	0	
1.00505e+06	0	0	0	0	147	0	0	0	0	0	0	0	
1.0058e+06	0	0	0	0	149	0	0	0	0	0	0	0	
1.00655e+06	0	0	0	0	167	0	0	0	0	0	0	0	
1.0073e+06	0	0	0	0	149	0	0	0	0	0	0	0	
1.00805e+06	0	0	0	0	191	0	0	0	0	0	0	0	
1.0088e+06	0	0	0	0	165	0	0	0	0	0	0	0	
1.00955e+06	0	0	0	0	147	0	0	0	0	0	0	0	
1.0103e+06	0	0	0	0	161	0	0	0	0	0	0	0	
1.01105e+06	0	0	0	0	157	0	0	0	0	0	0	0	
1.0118e+06	0	0	0	0	155	0	0	0	0	0	0	0	
1.01255e+06	0	0	0	4	151	0	0	0	0	0	0	0	
1.01329e+06	0	0	0	0	167	0	0	0	0	0	0	0	
1.01404e+06	0	0	0	0	151	0	0	0	0	0	0	0	
1.01479e+06	0	0	0	0	159	0	0	0	0	0	0	0	
1.01554e+06	0	0	0	0	147	0	0	0	0	0	0	0	
1.01629e+06	0	0	0	0	169	0	0	0	0	0	0	0	
1.01704e+06	0	0	0	0	91	44	0	0	0	0	0	0	
1.01779e+06	0	0	0	0	163	0	0	0	0	0	0	0	
1.01855e+06	0	0	0	0	149	0	0	0	0	0	0	0	
1.0193e+06	0	0	0	0	163	0	0	0	0	0	0	0	
1.02005e+06	0	0	0	0	175	0	0	0	0	0	0	0	
1.0208e+06	0	0	0	0	141	0	0	0	0	0	0	0	
1.02154e+06	0	0	0	221	0	0	0	0	0	0	0	0	
1.02229e+06	0	0	0	185	0	0	0	0	0	0	0	0	
1.02304e+06	0	0	0	215	0	0	0	0	0	0	0	0	
1.02379e+06	0	0	0	199	0	0	0	0	0	0	0	0	
1.02454e+06	0	0	0	203	0	0	0	0	0	0	0	0	
1.02529e+06	0	0	0	231	0	0	0	0	0	0	0	0	
1.02604e+06	0	0	0	192	1	0	0	0	0	0	0	0	
1.02679e+06	0	0	0	197	0	0	0	0	0	0	0	0	
1.02754e+06	0	0	0	203	0	0	0	0	0	0	0	0	
1.02829e+06	0	0	0	197	0	0	0	0	0	0	0	0	
1.02904e+06	0	0	0	169	0	0	0	0	0	0	0	0	
1.02979e+06	0	0	0	195	0	0	0	0	0	0	0	0	
1.03053e+06	0	0	0	229	0	0	0	0	0	0	0	0	
1.03128e+06	0	0	0	169	0	0	0	0	0	0	0	0	
1.03203e+06	0	0	0	187	0	0	0	0	0	0	0	0	
1.03278e+06	0	0	0	209	0	0	0	0	0	0	0	0	
1.03353e+06	0	0	0	183	0	0	0	0	0	0	0	0	
1.03428e+06	0	0	0	197	0	0	0	0	0	0	0	0	
1.03503e+06	0	0	0	175	0	0	0	0	0	0	0	0	
1.03578e+06	0	0	0	195	0	0	0	0	0	0	0	0	
1.03653e+06	0	0	0	189	0	0	0	0	0	0	0	0	
1.03728e+06	0	0	0	227	0	0	0	0	0	0	0	0	
1.03803e+06	0	0	0	195	0	0	0	0	0	0	0	0	
1.03878e+06	0	0	0	175	0	0	0	0	0	0	0	0	
1.03952e+06	0	0	0	193	0	0	0	0	0	0	0	0	
1.04028e+06	0	0	0	183	0	0	0	0	0	0	0	0	
1.04103e+06	0	0	0	199	0	0	0	0	0	0	0	0	
1.04177e+06	0	0	0	209	0	0	0	0	0	0	0	0	
1.04252e+06	0	0	0	173	0	0	0	0	0	0	0	0	
1.04327e+06	0	0	0	189	0	0	0	0	0	0	0	0	
1.04402e+06	0	0	0	207	0	0	0	0	0	0	0	0	
1.04477e+06	0	0	0	199	0	0	0	0	0	0	0	0	
1.04552e+06	0	0	0	235	0	0	0	0	0	0	0	0	
1.04627e+06	0	0	0	187	0	0	0	0	0	0	0	0	
1.04702e+06	0	0	0	211	0	0	0	0	0	0	0	0	
1.04777e+06	0	0	0	179	0	0	0	0	0	0	0	0	
1.04852e+06	0	0	0	193	0	0	0	0	0	0	0	0	
1.04927e+06	0	0	0	191	0	0	0	0	0	0	0	0	
1.05002e+06	0	0	0	215	0	0	0	0	0	0	0	0	
1.05077e+06	0	0	0	179	0	0	0	0	0	0	0	0	
1.05152e+06	0	0	0	213	0	0	0	0	0	0	0	0	
1.05227e+06	0	0	0	209	0	0	0	0	0	0	0	0	
1.05302e+06	0	0	0	211	0	0	0	0	0	0	0	0	
1.05377e+06	0	0	0	219	0	0	0	0	0	0	0	0	
1.05453e+06	0	0	0	181	0	0	0	0	0	0	0	0	
1.05527e+06	0	0	0	221	0	0	0	0	0	0	0	0	
1.05602e+06	0	0	0	215	0	0	0	0	0	0	0	0	
1.05678e+06	0	0	0	207	0	0	0	0	0	0	0	0	
1.05753e+06	0	0	0	187	0	0	0	0	0	0	0	0	
1.05828e+06	0	0	0	177	0	0	0	0	0	0	0	0	
1.05902e+06	0	0	0	187	0	0	0	0	0	0	0	0	
1.05977e+06	0	0	0	205	0	0	0	0	0	0	0	0	
1.06053e+06	0	0	0	205	0	0	0	0	0	0	0	0	
1.06128e+06	0	0	0	217	0	0	0	0	0	0	0	0	
1.06202e+06	0	0	0	213	0	0	0	0	0	0	0	0	
1.06278e+06	0	0	0	203	0	0	0	0	0	0	0	0	
1.06353e+06	0	0	0	201	0	0	0	0	0	0	0	0	
1.06428e+06	0	0	0	223	0	0	0	0	0	0	0	0	
1.06503e+06	0	0	0	219	0	0	0	0	0	0	0	0	
1.06578e+06	0	0	0	187	0	0	0	0	0	0	0	0	
1.06653e+06	0	0	0	197	0	0	0	0	0	0	0	0	
1.06728e+06	0	0	0	195	0	0	0	0	0	0	0	0	
1.06803e+06	0	0	0	181	0	0	0	0	0	0	0	0	
1.06878e+06	0	0	0	187	0	0	0	0	0	0	0	0	
1.06953e+06	0	0	0	209	0	0	0	0	0	0	0	0	
1.07028e+06	0	0	0	173	0	0	0	0	0	0	0	0	
1.07103e+06	0	0	0	223	0	0	0	0	0	0	0	0	
1.07177e+06	0	0	0	207	0	0	0	0	0	0	0	0	
1.07253e+06	0	0	0	217	0	0	0	0	0	0	0	0	
1.07327e+06	0	0	0	185	0	0	0	0	0	0	0	0	
1.07402e+06	0	0	0	223	0	0	0	0	0	0	0	0	
1.07477e+06	0	0	0	213	0	0	0	0	0	0	0	0	
1.07552e+06	0	0	0	205	0	0	0	0	0	0	0	0	
1.07627e+06	0	0	0	203	0	0	0	0	0	0	0	0	
1.07702e+06	0	0	0	207	0	0	0	0	0	0	0	0	
1.07777e+06	0	0	0	215	0	0	0	0	0	0	0	0	
1.07852e+06	0	0	0	191	0	0	0	0	0	0	0	0	
1.07927e+06	0	0	0	197	0	0	0	0	0	0	0	0	
1.08002e+06	0	0	0	191	0	0	0	0	0	0	0	0	
1.08076e+06	0	0	0	0	177	0	0	0	0	0	0	0	
1.08151e+06	0	0	0	0	167	0	0	0	0	0	0	0	
1.08227e+06	0	0	0	0	201	0	0	0	0	0	0	0	
1.08302e+06	0	0	0	0	0	135	0	0	0	0	0	0	
1.08377e+06	0	0	0	0	0	111	0	0	0	0	0	0	
1.08452e+06	0	0	0	0	0	149	0	0	0	0	0	0	
1.08527e+06	0	0	0	0	0	147	0	0	0	0	0	0	
1.08602e+06	0	0	0	0	0	139	0	0	0	0	0	0	
1.08677e+06	0	0	0	0	0	115	0	0	0	0	0	0	
1.08752e+06	0	0	0	0	0	143	0	0	0	0	0	0	
1.08827e+06	0	0	0	0	0	139	0	0	0	0	0	0	
1.08903e+06	0	0	0	0	0	135	0	0	0	0	0	0	
1.08978e+06	0	0	0	0	0	125	0	0	0	0	0	0	
1.09053e+06	0	0	0	0	0	127	0	0	0	0	0	0	
1.09128e+06	0	0	0	0	0	117	0	0	0	0	0	0	
1.09203e+06	0	0	0	0	0	139	0	0	0	0	0	0	
1.09278e+06	0	0	0	0	0	151	0	0	0	0	0	0	
1.09353e+06	0	0	0	0	0	135	0	0	0	0	0	0	
1.09428e+06	0	0	0	0	0	135	0	0	0	0	0	0	
1.09503e+06	0	0	0	0	0	117	0	0	0	0	0	0	
1.09578e+06	0	0	0	0	0	131	0	0	0	0	0	0	
1.09653e+06	0	0	0	0	0	157	0	0	0	0	0	0	
1.09728e+06	0	0	0	0	0	129	0	0	0	0	0	0	
1.09803e+06	0	0	0	0	0	127	0	0	0	0	0	0	
1.09878e+06	0	0	0	0	0	129	0	0	0	0	0	0	
1.09953e+06	0	0	0	0	0	125	0	0	0	0	0	0	
1.10028e+06	0	0	0	0	42	93	0	0	0	0	0	0	
1.10103e+06	0	0	0	0	161	0	0	0	0	0	0	0	
1.10178e+06	0	0	0	14	149	0	0	0	0	0	0	0	
1.10253e+06	0	0	0	0	165	0	0	0	0	0	0	0	
1.10328e+06	0	0	0	0	163	0	0	0	0	0	0	0	
1.10403e+06	0	0	0	0	155	0	0	0	0	0	0	0	
1.10478e+06	0	0	0	0	173	0	0	0	0	0	0	0	
1.10553e+06	0	0	0	0	163	0	0	0	0	0	0	0	
1.10628e+06	0	0	0	0	123	40	0	0	0	0	0	0	
1.10703e+06	0	0	0	0	0	133	0	0	0	0	0	0	
1.10778e+06	0	0	0	0	0	115	0	0	0	0	0	0	
1.10853e+06	0	0	0	0	0	115	0	0	0	0	0	0	
1.10928e+06	0	0	0	0	0	135	0	0	0	0	0	0	
1.11003e+06	0	0	0	0	0	133	0	0	0	0	0	0	
1.11078e+06	0	0	0	0	0	123	0	0	0	0	0	0	
1.11153e+06	0	0	0	0	0	145	0	0	0	0	0	0	
1.11228e+06	0	0	0	0	0	141	0	0	0	0	0	0	
1.11303e+06	0	0	0	0	0	131	0	0	0	0	0	0	
1.11378e+06	0	0	0	0	0	151	0	0	0	0	0	0	
1.11454e+06	0	0	0	0	0	123	0	0	0	0	0	0	
1.11529e+06	0	0	0	0	0	119	0	0	0	0	0	0	
1.11604e+06	0	0	0	0	0	125	0	0	0	0	0	0	
1.11679e+06	0	0	0	0	0	141	0	0	0	0	0	0	
1.11754e+06	0	0	0	0	0	129	0	0	0	0	0	0	
1.11828e+06	0	0	0	0	0	113	0	0	0	0	0	0	
1.11904e+06	0	0	0	0	0	115	0	0	0	0	0	0	
1.11979e+06	0	0	0	0	0	133	0	0	0	0	0	0	
1.12054e+06	0	0	0	0	0	151	0	0	0	0	0	0	
1.12129e+06	0	0	0	0	0	155	0	0	0	0	0	0	
1.12204e+06	0	0	0	0	0	103	0	0	0	0	0	0	
1.12279e+06	0	0	0	0	0	135	0	0	0	0	0	0	
1.12354e+06	0	0	0	0	0	127	0	0	0	0	0	0	
1.12429e+06	0	0	0	0	0	153	0	0	0	0	0	0	
1.12503e+06	0	0	0	0	177	0	0	0	0	0	0	0	
1.12578e+06	0	0	0	0	163	0	0	0	0	0	0	0	
1.12653e+06	0	0	0	0	175	0	0	0	0	0	0	0	
1.12728e+06	0	0	0	0	167	0	0	0	0	0	0	0	
1.12803e+06	0	0	0	0	145	0	0	0	0	0	0	0	
1.12878e+06	0	0	0	0	149	0	0	0	0	0	0	0	
1.12953e+06	0	0	0	0	173	0	0	0	0	0	0	0	
1.13028e+06	0	0	0	0	159	0	0	0	0	0	0	0	
1.13104e+06	0	0	0	0	141	0	0	0	0	0	0	0	
1.13179e+06	0	0	0	0	143	0	0	0	0	0	0	0	
1.13254e+06	0	0	0	0	151	0	0	0	0	0	0	0	
1.13329e+06	0	0	0	0	177	0	0	0	0	0	0	0	
1.13404e+06	0	0	0	0	173	0	0	0	0	0	0	0	
1.13479e+06	0	0	0	0	179	0	0	0	0	0	0	0	
1.13553e+06	0	0	0	0	159	0	0	0	0	0	0	0	
1.13628e+06	0	0	0	0	149	0	0	0	0	0	0	0	
1.13703e+06	0	0	0	0	157	0	0	0	0	0	0	0	
1.13778e+06	0	0	0	0	173	0	0	0	0	0	0	0	
1.13853e+06	0	0	0	0	169	0	0	0	0	0	0	0	
1.13928e+06	0	0	0	0	165	0	0	0	0	0	0	0	
1.14003e+06	0	0	0	0	167	0	0	0	0	0	0	0	
1.14078e+06	0	0	0	0	159	0	0	0	0	0	0	0	
1.14152e+06	0	0	0	0	159	0	0	0	0	0	0	0	
1.14228e+06	0	0	0	0	147	0	0	0	0	0	0	0	
1.14302e+06	0	0	0	0	171	0	0	0	0	0	0	0	
1.14378e+06	0	0	0	0	165	0	0	0	0	0	0	0	
1.14453e+06	0	0	0	0	173	0	0	0	0	0	0	0	
1.14528e+06	0	0	0	0	195	0	0	0	0	0	0	0	
1.14603e+06	0	0	0	0	175	0	0	0	0	0	0	0	
1.14678e+06	0	0	0	0	171	0	0	0	0	0	0	0	
1.14753e+06	0	0	0	0	189	0	0	0	0	0	0	0	
1.14828e+06	0	0	0	0	147	0	0	0	0	0	0	0	
1.14903e+06	0	0	0	0	161	0	0	0	0	0	0	0	
1.14978e+06	0	0	0	0	167	0	0	0	0	0	0	0	
1.15053e+06	0	0	0	0	149	0	0	0	0	0	0	0	
1.15128e+06	0	0	0	0	167	0	0	0	0	0	0	0	
1.15203e+06	0	0	0	0	169	0	0	0	0	0	0	0	
1.15279e+06	0	0	0	0	165	0	0	0	0	0	0	0	
1.15353e+06	0	0	0	0	169	0	0	0	0	0	0	0	
1.15428e+06	0	0	0	0	153	0	0	0	0	0	0	0	
1.15503e+06	0	0	0	0	169	0	0	0	0	0	0	0	
1.15578e+06	0	0	0	0	171	4	0	0	0	0	0	0	
1.15654e+06	0	0	0	0	165	0	0	0	0	0	0	0	
1.15729e+06	0	0	0	0	153	0	0	0	0	0	0	0	
1.15804e+06	0	0	0	0	157	0	0	0	0	0	0	0	
1.15879e+06	0	0	0	0	165	0	0	0	0	0	0	0	
1.15954e+06	0	0	0	0	167	0	0	0	0	0	0	0	
1.16029e+06	0	0	0	0	153	0	0	0	0	0	0	0	
1.16104e+06	0	0	0	0	139	0	0	0	0	0	0	0	
1.16179e+06	0	0	0	0	159	0	0	0	0	0	0	0	
1.16254e+06	0	0	0	0	173	0	0	0	0	0	0	0	
1.16329e+06	0	0	0	0	145	0	0	0	0	0	0	0	
1.16404e+06	0	0	0	0	143	0	0	0	0	0	0	0	
1.16479e+06	0	0	0	0	169	0	0	0	0	0	0	0	
1.16554e+06	0	0	0	0	161	0	0	0	0	0	0	0	
1.16629e+06	0	0	0	0	171	0	0	0	0	0	0	0	
1.16704e+06	0	0	0	0	173	0	0	0	0	0	0	0	
1.16779e+06	0	0	0	0	189	0	0	0	0	0	0	0	
1.16854e+06	0	0	0	0	151	0	0	0	0	0	0	0	
1.16929e+06	0	0	0	0	145	0	0	0	0	0	0	0	
1.17004e+06	0	0	0	0	165	0	0	0	0	0	0	0	
1.17079e+06	0	0	0	0	155	0	0	0	0	0	0	0	
1.17154e+06	0	0	0	0	169	0	0	0	0	0	0	0	
1.17229e+06	0	0	0	0	149	0	0	0	0	0	0	0	
1.17304e+06	0	0	0	0	157	0	0	0	0	0	0	0	
1.17379e+06	0	0	0	0	167	0	0	0	0	0	0	0	
1.17454e+06	0	0	0	0	159	0	0	0	0	0	0	0	
1.17529e+06	0	0	0	0	133	0	0	0	0	0	0	0	
1.17604e+06	0	0	0	0	153	0	0	0	0	0	0	0	
1.17679e+06	0	0	0	0	151	0	0	0	0	0	0	0	
1.17754e+06	0	0	0	0	163	0	0	0	0	0	0	0	
1.17829e+06	0	0	0	0	169	0	0	0	0	0	0	0	
1.17904e+06	0	0	0	0	157	0	0	0	0	0	0	0	
1.17979e+06	0	0	0	0	155	0	0	0	0	0	0	0	
1.18054e+06	0	0	0	0	125	0	0	0	0	0	0	0	
1.18129e+06	0	0	0	0	161	0	0	0	0	0	0	0	
1.18204e+06	0	0	0	0	153	0	0	0	0	0	0	0	
1.18279e+06	0	0	0	0	175	0	0	0	0	0	0	0	
1.18354e+06	0	0	0	0	163	0	0	0	0	0	0	0	
1.18429e+06	0	0	0	0	171	0	0	0	0	0	0	0	
1.18504e+06	0	0	0	0	155	0	0	0	0	0	0	0	
1.18579e+06	0	0	0	0	145	0	0	0	0	0	0	0	
1.18654e+06	0	0	0	0	173	0	0	0	0	0	0	0	
1.18729e+06	0	0	0	0	167	0	0	0	0	0	0	0	
1.18804e+06	0	0	0	0	181	0	0	0	0	0	0	0	
1.18879e+06	0	0	0	0	161	0	0	0	0	0	0	0	
1.18954e+06	0	0	0	0	171	0	0	0	0	0	0	0	
1.19029e+06	0	0	0	0	143	0	0	0	0	0	0	0	
1.19104e+06	0	0	0	0	163	0	0	0	0	0	0	0	
1.19179e+06	0	0	0	0	165	0	0	0	0	0	0	0	
1.19255e+06	0	0	0	0	161	0	0	0	0	0	0	0	
1.1933e+06	0	0	0	0	189	0	0	0	0	0	0	0	
1.19405e+06	0	0	0	0	153	0	0	0	0	0	0	0	
1.1948e+06	0	0	0	0	151	0	0	0	0	0	0	0	
1.19555e+06	0	0	0	0	161	0	0	0	0	0	0	0	
1.1963e+06	0	0	0	0	163	0	0	0	0	0	0	0	
1.19705e+06	0	0	0	0	169	0	0	0	0	0	0	0	
1.1978e+06	0	0	0	0	181	0	0	0	0	0	0	0	
1.19855e+06	0	0	0	0	157	0	0	0	0	0	0	0	
1.1993e+06	0	0	0	0	169	0	0	0	0	0	0	0	
1.20005e+06	0	0	0	0	143	0	0	0	0	0	0	0	
1.2008e+06	0	0	0	0	187	0	0	0	0	0	0	0	
1.20155e+06	0	0	0	0	163	0	0	0	0	0	0	0	
1.2023e+06	0	0	0	201	0	0	0	0	0	0	0	0	
1.20305e+06	0	0	0	193	0	0	0	0	0	0	0	0	
1.2038e+06	0	0	0	211	0	0	0	0	0	0	0	0	
1.20455e+06	0	0	0	181	0	0	0	0	0	0	0	0	
1.2053e+06	0	0	0	197	0	0	0	0	0	0	0	0	
1.20605e+06	0	0	0	195	0	0	0	0	0	0	0	0	
1.2068e+06	0	0	0	173	0	0	0	0	0	0	0	0	
1.20755e+06	0	0	0	193	0	0	0	0	0	0	0	0	
1.2083e+06	0	0	0	197	0	0	0	0	0	0	0	0	
1.20905e+06	0	0	0	211	0	0	0	0	0	0	0	0	
1.2098e+06	0	0	0	181	0	0	0	0	0	0	0	0	
1.21056e+06	0	0	0	193	0	0	0	0	0	0	0	0	
1.2113e+06	0	0	0	201	0	0	0	0	0	0	0	0	
1.21206e+06	0	0	0	211	0	0	0	0	0	0	0	0	
1.21281e+06	0	0	0	185	0	0	0	0	0	0	0	0	
1.21355e+06	0	0	0	209	0	0	0	0	0	0	0	0	
1.2143e+06	0	0	0	209	0	0	0	0	0	0	0	0	
1.21505e+06	0	0	0	201	0	0	0	0	0	0	0	0	
1.2158e+06	0	0	0	189	0	0	0	0	0	0	0	0	
1.21656e+06	0	0	0	205	0	0	0	0	0	0	0	0	
1.21731e+06	0	0	0	201	0	0	0	0	0	0	0	0	
1.21805e+06	0	0	0	203	0	0	0	0	0	0	0	0	
1.2188e+06	0	0	0	187	0	0	0	0	0	0	0	0	
1.21955e+06	0	0	0	187	0	0	0	0	0	0	0	0	
1.22031e+06	0	0	0	199	0	0	0	0	0	0	0	0	
1.22105e+06	0	0	0	173	0	0	0	0	0	0	0	0	
1.22181e+06	0	0	0	225	0	0	0	0	0	0	0	0	
1.22256e+06	0	0	0	169	0	0	0	0	0	0	0	0	
1.22331e+06	0	0	0	193	0	0	0	0	0	0	0	0	
1.22406e+06	0	0	0	193	0	0	0	0	0	0	0	0	
1.22481e+06	0	0	0	201	0	0	0	0	0	0	0	0	
1.22556e+06	0	0	0	201	0	0	0	0	0	0	0	0	
1.22631e+06	0	0	0	193	0	0	0	0	0	0	0	0	
1.22706e+06	0	0	0	233	0	0	0	0	0	0	0	0	
1.22781e+06	0	0	0	211	0	0	0	0	0	0	0	0	
1.22856e+06	0	0	0	185	0	0	0	0	0	0	0	0	
1.22931e+06	0	0	0	207	0	0	0	0	0	0	0	0	
1.23006e+06	0	0	0	173	0	0	0	0	0	0	0	0	
1.23081e+06	0	0	0	189	0	0	0	0	0	0	0	0	
1.23156e+06	0	0	0	227	0	0	0	0	0	0	0	0	
1.23231e+06	0	0	0	219	0	0	0	0	0	0	0	0	
1.23306e+06	0	0	0	183	0	0	0	0	0	0	0	0	
1.23381e+06	0	0	0	194	1	0	0	0	0	0	0	0	
1.23456e+06	0	0	0	189	0	0	0	0	0	0	0	0	
1.23531e+06	0	0	0	195	0	0	0	0	0	0	0	0	
1.23606e+06	0	0	0	193	0	0	0	0	0	0	0	0	
1.23681e+06	0	0	0	199	0	0	0	0	0	0	0	0	
1.23757e+06	0	0	0	189	0	0	0	0	0	0	0	0	
1.23831e+06	0	0	0	223	0	0	0	0	0	0	0	0	
1.23906e+06	0	0	0	197	0	0	0	0	0	0	0	0	
1.23981e+06	0	0	0	191	0	0	0	0	0	0	0	0	
1.24057e+06	0	0	11	176	0	0	0	0	0	0	0	0	
1.24132e+06	0	0	0	211	0	0	0	0	0	0	0	0	
1.24207e+06	0	0	0	199	0	0	0	0	0	0	0	0	
1.24282e+06	0	0	0	217	0	0	0	0	0	0	0	0	
1.24357e+06	0	0	0	203	0	0	0	0	0	0	0	0	
1.24432e+06	0	0	0	182	11	0	0	0	0	0	0	0	
1.24507e+06	0	0	0	199	0	0	0	0	0	0	0	0	
1.24582e+06	0	0	0	171	0	0	0	0	0	0	0	0	
1.24657e+06	0	0	0	191	0	0	0	0	0	0	0	0	
1.24732e+06	0	0	0	191	0	0	0	0	0	0	0	0	
1.24807e+06	0	0	0	203	0	0	0	0	0	0	0	0	
1.24882e+06	0	0	0	189	0	0	0	0	0	0	0	0	
1.24957e+06	0	0	0	189	0	0	0	0	0	0	0	0	
1.25032e+06	0	0	0	205	0	0	0	0	0	0	0	0	
1.25107e+06	0	0	0	207	0	0	0	0	0	0	0	0	
1.25182e+06	0	0	0	191	0	0	0	0	0	0	0	0	
1.25257e+06	0	0	0	177	0	0	0	0	0	0	0	0	
1.25332e+06	0	0	0	171	0	0	0	0	0	0	0	0	
1.25407e+06	0	0	0	215	0	0	0	0	0	0	0	0	
1.25482e+06	0	0	0	191	0	0	0	0	0	0	0	0	
1.25557e+06	0	0	0	211	0	0	0	0	0	0	0	0	
1.25632e+06	0	0	0	215	0	0	0	0	0	0	0	0	
1.25707e+06	0	0	0	199	0	0	0	0	0	0	0	0	
1.25782e+06	0	0	0	209	0	0	0	0	0	0	0	0	
1.25857e+06	0	0	0	175	0	0	0	0	0	0	0	0	
1.25931e+06	0	0	0	217	0	0	0	0	0	0	0	0	
1.26006e+06	0	0	0	191	0	0	0	0	0	0	0	0	
1.26081e+06	0	0	1	216	0	0	0	0	0	0	0	0	
1.26156e+06	0	0	0	193	0	0	0	0	0	0	0	0	
1.26231e+06	0	0	0	189	0	0	0	0	0	0	0	0	
1.26306e+06	0	0	0	187	0	0	0	0	0	0	0	0	
1.26381e+06	0	0	0	201	0	0	0	0	0	0	0	0	
1.26457e+06	0	0	0	203	0	0	0	0	0	0	0	0	
1.26532e+06	0	0	0	0	173	0	0	0	0	0	0	0	
1.26607e+06	0	0	0	0	173	0	0	0	0	0	0	0	
1.26683e+06	0	0	0	0	169	0	0	0	0	0	0	0	
1.26758e+06	0	0	0	0	167	0	0	0	0	0	0	0	
1.26833e+06	0	0	0	0	151	22	0	0	0	0	0	0	
1.26908e+06	0	0	0	0	159	0	0	0	0	0	0	0	
1.26983e+06	0	0	0	0	163	0	0	0	0	0	0	0	
1.27058e+06	0	0	0	0	143	0	0	0	0	0	0	0	
1.27132e+06	0	0	0	0	169	0	0	0	0	0	0	0	
1.27207e+06	0	0	0	0	143	0	0	0	0	0	0	0	
1.27283e+06	0	0	0	0	147	0	0	0	0	0	0	0	
1.27358e+06	0	0	0	0	175	0	0	0	0	0	0	0	
1.27433e+06	0	0	0	0	175	0	0	0	0	0	0	0	
1.27508e+06	0	0	0	0	167	0	0	0	0	0	0	0	
1.27583e+06	0	0	0	0	151	0	0	0	0	0	0	0	
1.27659e+06	0	0	0	0	169	0	0	0	0	0	0	0	
1.27733e+06	0	0	0	0	161	0	0	0	0	0	0	0	
1.27809e+06	0	0	0	0	0	117	0	0	0	0	0	0	
1.27883e+06	0	0	0	0	0	117	0	0	0	0	0	0	
1.27959e+06	0	0	0	0	0	137	0	0	0	0	0	0	
1.28033e+06	0	0	0	0	0	141	0	0	0	0	0	0	
1.28109e+06	0	0	0	0	0	137	0	0	0	0	0	0	
1.28184e+06	0	0	0	0	0	129	0	0	0	0	0	0	
1.28259e+06	0	0	0	0	0	139	0	0	0	0	0	0	
1.28334e+06	0	0	0	0	0	119	0	0	0	0	0	0	
1.28409e+06	0	0	0	0	0	135	0	0	0	0	0	0	
1.28484e+06	0	0	0	0	0	135	0	0	0	0	0	0	
1.28559e+06	0	0	0	0	0	127	0	0	0	0	0	0	
1.28634e+06	0	0	0	0	0	111	0	0	0	0	0	0	
1.28709e+06	0	0	0	0	0	143	0	0	0	0	0	0	
1.28784e+06	0	0	0	0	0	137	0	0	0	0	0	0	
1.28859e+06	0	0	0	0	0	133	0	0	0	0	0	0	
1.28934e+06	0	0	0	0	0	127	0	0	0	0	0	0	
1.2901e+06	0	0	0	0	0	135	0	0	0	0	0	0	
1.29084e+06	0	0	0	0	0	139	0	0	0	0	0	0	
1.2916e+06	0	0	0	0	0	167	0	0	0	0	0	0	
1.29235e+06	0	0	0	0	0	133	0	0	0	0	0	0	
1.2931e+06	0	0	0	0	0	131	0	0	0	0	0	0	
1.29385e+06	0	0	0	0	0	103	0	0	0	0	0	0	
1.2946e+06	0	0	0	0	0	131	0	0	0	0	0	0	
1.29535e+06	0	0	0	0	17	124	0	0	0	0	0	0	
1.2961e+06	0	0	0	0	0	123	0	0	0	0	0	0	
1.29685e+06	0	0	0	0	0	125	0	0	0	0	0	0	
1.2976e+06	0	0	0	0	0	135	0	0	0	0	0	0	
1.29834e+06	0	0	0	0	165	0	0	0	0	0	0	0	
1.29909e+06	0	0	0	0	153	0	0	0	0	0	0	0	
1.29985e+06	0	0	0	0	167	0	0	0	0	0	0	0	
1.3006e+06	0	0	0	0	149	0	0	0	0	0	0	0	
1.30135e+06	0	0	0	0	167	0	0	0	0	0	0	0	
1.3021e+06	0	0	0	0	157	0	0	0	0	0	0	0	
1.30285e+06	0	0	0	0	157	0	0	0	0	0	0	0	
1.3036e+06	0	0	0	0	177	0	0	0	0	0	0	0	
1.30435e+06	0	0	0	0	151	0	0	0	0	0	0	0	
1.30509e+06	0	0	0	0	153	0	0	0	0	0	0	0	
1.30585e+06	0	0	0	0	179	0	0	0	0	0	0	0	
1.3066e+06	0	0	0	0	163	0	0	0	0	0	0	0	
1.30735e+06	0	0	0	209	0	0	0	0	0	0	0	0	
1.30809e+06	0	0	0	193	0	0	0	0	0	0	0	0	
1.30884e+06	0	0	0	229	0	0	0	0	0	0	0	0	
1.30959e+06	0	0	0	175	0	0	0	0	0	0	0	0	
1.31034e+06	0	0	0	195	0	0	0	0	0	0	0	0	
1.31109e+06	0	0	0	223	0	0	0	0	0	0	0	0	
1.31183e+06	0	0	0	217	0	0	0	0	0	0	0	0	
1.31258e+06	0	0	0	203	0	0	0	0	0	0	0	0	
1.31333e+06	0	0	0	229	0	0	0	0	0	0	0	0	
1.31408e+06	0	0	0	215	0	0	0	0	0	0	0	0	
1.31483e+06	0	0	0	191	0	0	0	0	0	0	0	0	
1.31558e+06	0	0	0	189	0	0	0	0	0	0	0	0	
1.31633e+06	0	0	0	195	0	0	0	0	0	0	0	0	
1.31708e+06	0	0	0	197	0	0	0	0	0	0	0	0	
1.31783e+06	0	0	0	201	0	0	0	0	0	0	0	0	
1.31858e+06	0	0	0	201	0	0	0	0	0	0	0	0	
1.31933e+06	0	0	0	195	0	0	0	0	0	0	0	0	
1.32008e+06	0	0	0	189	0	0	0	0	0	0	0	0	
1.32083e+06	0	0	0	173	0	0	0	0	0	0	0	0	
1.32158e+06	0	0	0	201	0	0	0	0	0	0	0	0	
1.32233e+06	0	0	0	205	0	0	0	0	0	0	0	0	
1.32308e+06	0	0	0	203	0	0	0	0	0	0	0	0	
1.32383e+06	0	0	0	177	0	0	0	0	0	0	0	0	
1.32458e+06	0	0	0	215	0	0	0	0	0	0	0	0	
1.32533e+06	0	0	0	201	0	0	0	0	0	0	0	0	
1.32608e+06	0	0	0	183	0	0	0	0	0	0	0	0	
1.32683e+06	0	0	0	205	0	0	0	0	0	0	0	0	
1.32758e+06	0	0	0	193	0	0	0	0	0	0	0	0	
1.32833e+06	0	0	0	199	0	0	0	0	0	0	0	0	
1.32907e+06	0	0	0	213	0	0	0	0	0	0	0	0	
1.32982e+06	0	0	0	211	0	0	0	0	0	0	0	0	
1.33058e+06	0	0	0	179	0	0	0	0	0	0	0	0	
1.33133e+06	0	0	0	191	0	0	0	0	0	0	0	0	
1.33207e+06	0	0	0	189	0	0	0	0	0	0	0	0	
1.33283e+06	0	0	0	191	0	0	0	0	0	0	0	0	
1.33358e+06	0	0	0	187	0	0	0	0	0	0	0	0	
1.33432e+06	0	0	0	181	0	0	0	0	0	0	0	0	
1.33507e+06	0	0	0	199	0	0	0	0	0	0	0	0	
1.33583e+06	0	0	0	179	0	0	0	0	0	0	0	0	
1.33658e+06	0	0	0	173	0	0	0	0	0	0	0	0	
1.33733e+06	0	0	0	207	0	0	0	0	0	0	0	0	
1.33808e+06	0	0	0	203	0	0	0	0	0	0	0	0	
1.33883e+06	0	0	0	167	0	0	0	0	0	0	0	0	
1.33958e+06	0	0	0	215	0	0	0	0	0	0	0	0	
1.34033e+06	0	0	0	223	0	0	0	0	0	0	0	0	
1.34108e+06	0	0	0	195	0	0	0	0	0	0	0	0	
1.34183e+06	0	0	0	201	0	0	0	0	0	0	0	0	
1.34258e+06	0	0	0	203	0	0	0	0	0	0	0	0	
1.34333e+06	0	0	0	197	0	0	0	0	0	0	0	0	
1.34408e+06	0	0	0	195	0	0	0	0	0	0	0	0	
1.34484e+06	0	0	0	203	0	0	0	0	0	0	0	0	
1.34559e+06	0	0	0	179	0	0	0	0	0	0	0	0	
1.34634e+06	0	0	0	203	0	0	0	0	0	0	0	0	
1.34709e+06	0	0	0	201	0	0	0	0	0	0	0	0	
1.34784e+06	0	0	0	187	0	0	0	0	0	0	0	0	
1.34859e+06	0	0	0	213	0	0	0	0	0	0	0	0	
1.34934e+06	0	0	0	207	0	0	0	0	0	0	0	0	
1.35009e+06	0	0	271	0	0	0	0	0	0	0	0	0	
1.35084e+06	0	0	265	0	0	0	0	0	0	0	0	0	
1.35159e+06	0	0	259	0	0	0	0	0	0	0	0	0	
1.35234e+06	0	0	241	0	0	0	0	0	0	0	0	0	
1.35309e+06	0	0	257	0	0	0	0	0	0	0	0	0	
1.35384e+06	0	0	255	0	0	0	0	0	0	0	0	0	
1.35458e+06	0	0	267	0	0	0	0	0	0	0	0	0	
1.35534e+06	0	0	279	0	0	0	0	0	0	0	0	0	
1.35609e+06	0	32	241	0	0	0	0	0	0	0	0	0	
1.35684e+06	0	0	249	0	0	0	0	0	0	0	0	0	
1.35759e+06	0	0	247	0	0	0	0	0	0	0	0	0	
1.35834e+06	0	0	243	0	0	0	0	0	0	0	0	0	
1.35909e+06	0	0	227	0	0	0	0	0	0	0	0	0	
1.35984e+06	0	0	271	0	0	0	0	0	0	0	0	0	
1.36059e+06	0	0	285	0	0	0	0	0	0	0	0	0	
1.36134e+06	0	0	241	0	0	0	0	0	0	0	0	0	
1.36209e+06	0	0	251	0	0	0	0	0	0	0	0	0	
1.36284e+06	0	0	253	0	0	0	0	0	0	0	0	0	
1.36358e+06	0	0	200	43	0	0	0	0	0	0	0	0	
1.36433e+06	0	0	0	205	0	0	0	0	0	0	0	0	
1.36508e+06	0	0	0	203	0	0	0	0	0	0	0	0	
1.36583e+06	0	0	0	191	0	0	0	0	0	0	0	0	
1.36658e+06	0	0	0	197	0	0	0	0	0	0	0	0	
1.36733e+06	0	0	0	217	0	0	0	0	0	0	0	0	
1.36809e+06	0	0	0	215	0	0	0	0	0	0	0	0	
1.36884e+06	0	0	0	217	0	0	0	0	0	0	0	0	
1.36959e+06	0	0	0	219	0	0	0	0	0	0	0	0	
1.37034e+06	0	0	0	199	0	0	0	0	0	0	0	0	
1.37109e+06	0	0	0	199	0	0	0	0	0	0	0	0	
1.37184e+06	0	0	0	171	0	0	0	0	0	0	0	0	
1.37259e+06	0	0	0	179	0	0	0	0	0	0	0	0	
1.37334e+06	0	0	0	211	0	0	0	0	0	0	0	0	
1.37409e+06	0	0	0	203	0	0	0	0	0	0	0	0	
1.37484e+06	0	0	0	181	0	0	0	0	0	0	0	0	
1.3756e+06	0	0	0	195	2	0	0	0	0	0	0	0	
1.37635e+06	0	0	6	207	0	0	0	0	0	0	0	0	
1.3771e+06	0	0	0	201	0	0	0	0	0	0	0	0	
1.37784e+06	0	0	0	189	0	0	0	0	0	0	0	0	
1.37859e+06	0	0	0	193	0	0	0	0	0	0	0	0	
1.37935e+06	0	0	0	205	0	0	0	0	0	0	0	0	
1.3801e+06	0	0	0	179	0	0	0	0	0	0	0	0	
1.38085e+06	0	0	0	201	0	0	0	0	0	0	0	0	
1.3816e+06	0	0	0	203	0	0	0	0	0	0	0	0	
1.38235e+06	0	0	0	197	0	0	0	0	0	0	0	0	
1.3831e+06	0	0	0	173	0	0	0	0	0	0	0	0	
1.38386e+06	0	0	0	193	0	0	0	0	0	0	0	0	
1.38461e+06	0	0	0	167	0	0	0	0	0	0	0	0	
1.38536e+06	0	0	0	193	0	0	0	0	0	0	0	0	
1.38611e+06	0	0	0	199	0	0	0	0	0	0	0	0	
1.38686e+06	0	0	0	207	0	0	0	0	0	0	0	0	
1.38761e+06	0	0	0	189	0	0	0	0	0	0	0	0	
1.38836e+06	0	0	0	207	0	0	0	0	0	0	0	0	
1.38911e+06	0	0	0	227	0	0	0	0	0	0	0	0	
1.38986e+06	0	0	0	199	0	0	0	0	0	0	0	0	
1.39061e+06	0	0	0	203	0	0	0	0	0	0	0	0	
1.39136e+06	0	0	0	199	0	0	0	0	0	0	0	0	
1.39211e+06	0	0	0	193	0	0	0	0	0	0	0	0	
1.39287e+06	0	0	0	203	0	0	0	0	0	0	0	0	
1.39362e+06	0	0	0	187	0	0	0	0	0	0	0	0	
1.39437e+06	0	0	0	201	0	0	0	0	0	0	0	0	
1.39512e+06	0	0	0	183	0	0	0	0	0	0	0	0	
1.39587e+06	0	0	0	201	0	0	0	0	0	0	0	0	
1.39662e+06	0	0	0	195	0	0	0	0	0	0	0	0	
1.39737e+06	0	0	0	205	0	0	0	0	0	0	0	0	
1.39812e+06	0	0	0	199	0	0	0	0	0	0	0	0	
1.39887e+06	0	0	0	203	0	0	0	0	0	0	0	0	
1.39962e+06	0	0	0	181	0	0	0	0	0	0	0	0	
1.40037e+06	0	0	0	187	0	0	0	0	0	0	0	0	
1.40112e+06	0	0	0	207	0	0	0	0	0	0	0	0	
1.40187e+06	0	0	0	191	0	0	0	0	0	0	0	0	
1.40262e+06	0	0	13	170	0	0	0	0	0	0	0	0	
1.40337e+06	0	0	0	189	0	0	0	0	0	0	0	0	
1.40413e+06	0	0	0	185	0	0	0	0	0	0	0	0	
1.40488e+06	0	0	0	207	0	0	0	0	0	0	0	0	
1.40563e+06	0	0	0	177	0	0	0	0	0	0	0	0	
1.40638e+06	0	0	0	205	0	0	0	0	0	0	0	0	
1.40713e+06	0	0	0	207	0	0	0	0	0	0	0	0	
1.40788e+06	0	0	9	156	0	0	0	0	0	0	0	0	
1.40863e+06	0	0	0	199	0	0	0	0	0	0	0	0	
1.40938e+06	0	0	1	202	0	0	0	0	0	0	0	0	
1.41013e+06	0	0	0	181	0	0	0	0	0	0	0	0	
1.41088e+06	0	0	0	203	0	0	0	0	0	0	0	0	
1.41163e+06	0	0	0	177	0	0	0	0	0	0	0	0	
1.41238e+06	0	0	0	0	145	0	0	0	0	0	0	0	
1.41313e+06	0	0	0	0	161	0	0	0	0	0	0	0	
1.41388e+06	0	0	0	0	157	0	0	0	0	0	0	0	
1.41464e+06	0	0	0	0	135	0	0	0	0	0	0	0	
1.41539e+06	0	0	0	0	149	0	0	0	0	0	0	0	
1.41614e+06	0	0	0	0	161	0	0	0	0	0	0	0	
1.4169e+06	0	0	0	0	165	0	0	0	0	0	0	0	
1.41765e+06	0	0	0	0	147	0	0	0	0	0	0	0	
1.4184e+06	0	0	0	0	149	0	0	0	0	0	0	0	
1.41915e+06	0	0	0	0	149	0	0	0	0	0	0	0	
1.4199e+06	0	0	0	85	82	0	0	0	0	0	0	0	
1.42065e+06	0	0	0	0	181	0	0	0	0	0	0	0	
1.4214e+06	0	0	0	0	177	0	0	0	0	0	0	0	
1.42215e+06	0	0	0	0	189	0	0	0	0	0	0	0	
1.4229e+06	0	0	0	0	181	0	0	0	0	0	0	0	
1.42365e+06	0	0	0	0	147	0	0	0	0	0	0	0	
1.4244e+06	0	0	0	0	189	0	0	0	0	0	0	0	
1.42515e+06	0	0	0	0	179	0	0	0	0	0	0	0	
1.4259e+06	0	0	0	0	143	0	0	0	0	0	0	0	
1.42665e+06	0	0	0	0	153	0	0	0	0	0	0	0	
1.4274e+06	0	0	0	0	159	0	0	0	0	0	0	0	
1.42815e+06	0	0	0	0	169	0	0	0	0	0	0	0	
1.4289e+06	0	0	0	0	151	0	0	0	0	0	0	0	
1.42965e+06	0	0	0	0	0	139	0	0	0	0	0	0	
1.4304e+06	0	0	0	0	0	125	0	0	0	0	0	0	
1.43115e+06	0	0	0	0	0	131	0	0	0	0	0	0	
1.4319e+06	0	0	0	0	0	123	0	0	0	0	0	0	
1.43265e+06	0	0	0	0	0	149	0	0	0	0	0	0	
1.4334e+06	0	0	0	0	0	129	0	0	0	0	0	0	
1.43415e+06	0	0	0	0	0	137	0	0	0	0	0	0	
1.4349e+06	0	0	0	0	0	159	0	0	0	0	0	0	
1.43565e+06	0	0	0	0	0	131	0	0	0	0	0	0	
1.4364e+06	0	0	0	0	0	125	0	0	0	0	0	0	
1.43715e+06	0	0	0	0	0	137	0	0	0	0	0	0	
1.4379e+06	0	0	0	0	0	143	0	0	0	0	0	0	
1.43864e+06	0	0	0	0	0	131	0	0	0	0	0	0	
1.43939e+06	0	0	0	0	0	113	0	0	0	0	0	0	
1.44015e+06	0	0	0	0	0	121	0	0	0	0	0	0	
1.4409e+06	0	0	0	0	0	137	0	0	0	0	0	0	
1.44165e+06	0	0	0	0	0	133	0	0	0	0	0	0	
1.44239e+06	0	0	0	0	0	125	0	0	0	0	0	0	
1.44314e+06	0	0	0	0	0	137	0	0	0	0	0	0	
1.44389e+06	0	0	0	0	0	139	0	0	0	0	0	0	
1.44464e+06	0	0	0	0	0	123	0	0	0	0	0	0	
1.44539e+06	0	0	0	0	0	125	0	0	0	0	0	0	
1.44615e+06	0	0	0	0	0	143	0	0	0	0	0	0	
1.4469e+06	0	0	0	0	0	121	0	0	0	0	0	0	
1.44765e+06	0	0	0	0	0	119	0	0	0	0	0	0	
1.4484e+06	0	0	0	0	0	125	0	0	0	0	0	0	
1.44915e+06	0	0	0	0	0	127	0	0	0	0	0	0	
1.4499e+06	0	0	0	0	0	123	0	0	0	0	0	0	
1.45064e+06	0	0	0	0	0	129	0	0	0	0	0	0	
1.4514e+06	0	0	0	0	0	149	0	0	0	0	0	0	
1.45214e+06	0	0	0	0	0	129	0	0	0	0	0	0	
1.4529e+06	0	0	0	0	0	141	0	0	0	0	0	0	
1.45364e+06	0	0	0	0	0	147	0	0	0	0	0	0	
1.45439e+06	0	0	0	0	0	137	0	0	0	0	0	0	
1.45514e+06	0	0	0	0	0	121	0	0	0	0	0	0	
1.45589e+06	0	0	0	0	0	131	0	0	0	0	0	0	
1.45664e+06	0	0	0	0	0	127	0	0	0	0	0	0	
1.4574e+06	0	0	0	0	0	139	0	0	0	0	0	0	
1.45815e+06	0	0	0	0	0	133	0	0	0	0	0	0	
1.45889e+06	0	0	0	0	0	129	0	0	0	0	0	0	
1.45964e+06	0	0	0	0	0	145	0	0	0	0	0	0	
1.46039e+06	0	0	0	0	0	131	0	0	0	0	0	0	
1.46114e+06	0	0	0	0	0	0	111	0	0	0	0	0	
1.46189e+06	0	0	0	0	0	0	103	0	0	0	0	0	
1.46264e+06	0	0	0	0	0	0	113	0	0	0	0	0	
1.46339e+06	0	0	0	0	0	0	105	0	0	0	0	0	
1.46414e+06	0	0	0	0	0	0	101	0	0	0	0	0	
1.4649e+06	0	0	0	0	0	0	109	0	0	0	0	0	
1.46565e+06	0	0	0	0	0	0	117	0	0	0	0	0	
1.4664e+06	0	0	0	0	0	0	105	0	0	0	0	0	
1.46714e+06	0	0	0	0	0	0	113	0	0	0	0	0	
1.46789e+06	0	0	0	0	0	0	119	0	0	0	0	0	
1.46864e+06	0	0	0	0	0	0	131	0	0	0	0	0	
1.46939e+06	0	0	0	0	0	0	113	0	0	0	0	0	
1.47014e+06	0	0	0	0	0	0	117	0	0	0	0	0	
1.47089e+06	0	0	0	0	0	0	102	11	0	0	0	0	
1.47164e+06	0	0	0	0	0	0	139	0	0	0	0	0	
1.47239e+06	0	0	0	0	0	0	0	113	0	0	0	0	
1.47314e+06	0	0	0	0	0	0	0	99	0	0	0	0	
1.47389e+06	0	0	0	0	0	0	0	103	0	0	0	0	
1.47464e+06	0	0	0	0	0	0	0	89	0	0	0	0	
1.47539e+06	0	0	0	0	0	0	0	101	0	0	0	0	
1.47614e+06	0	0	0	0	0	0	0	87	0	0	0	0	
1.47689e+06	0	0	0	0	0	0	0	103	0	0	0	0	
1.47764e+06	0	0	0	0	0	0	0	0	79	0	0	0	
1.47839e+06	0	0	0	0	0	0	0	0	91	0	0	0	
1.47914e+06	0	0	0	0	0	0	0	0	15	66	0	0	
1.47989e+06	0	0	0	0	0	0	0	0	0	0	0	81	
1.48064e+06	0	0	0	0	0	0	0	0	0	0	0	67	
1.48139e+06	0	0	0	0	0	0	0	0	0	0	0	61	
1.48214e+06	0	0	0	0	0	0	0	0	0	0	0	73	
1.48289e+06	0	0	0	0	0	0	0	0	0	0	75	0	
1.48364e+06	0	0	0	0	0	0	0	0	0	0	73	0	
1.48439e+06	0	0	0	0	0	0	0	0	0	0	65	0	
1.48514e+06	0	0	0	0	0	0	0	0	0	0	69	0	
1.48589e+06	0	0	0	0	0	0	0	0	0	0	73	0	
1.48664e+06	0	0	0	0	0	0	0	0	0	0	85	0	
1.48739e+06	0	0	0	0	0	0	0	0	0	0	65	0	
1.48814e+06	0	0	0	0	0	0	0	0	0	0	77	0	
1.48888e+06	0	0	0	0	0	0	0	0	0	0	75	0	
1.48963e+06	0	0	0	0	0	0	0	0	0	0	0	59	
1.49038e+06	0	0	0	0	0	0	0	0	0	0	0	55	
1.49113e+06	0	0	0	0	0	0	0	0	0	0	0	61	
1.49188e+06	0	0	0	0	0	0	0	0	0	0	0	85	
1.49264e+06	0	0	0	0	0	0	0	0	0	0	0	63	
1.49339e+06	0	0	0	0	0	0	0	0	0	0	0	69	
1.49413e+06	0	0	0	0	0	0	0	0	0	0	0	69	
1.49489e+06	0	0	0	0	0	0	0	0	0	0	0	75	
1.49564e+06	0	0	0	0	0	0	0	0	0	0	0	73	
1.49639e+06	0	0	0	0	0	0	0	0	0	0	0	73	
1.49714e+06	0	0	0	0	0	0	0	0	0	0	0	67	
1.49789e+06	0	0	0	0	0	0	0	0	0	0	0	63	
1.49864e+06	0	0	0	0	0	0	0	0	0	0	0	67	
1.49939e+06	0	0	0	0	0	0	0	0	0	0	0	89	
1.50014e+06	0	0	0	0	0	0	0	0	0	0	0	73	
1.50014e+06	0	0	0	0	0	0	0	0	0	0	0	73	
