Time	s0	s1	s2	s3	s4	s5	s6	s7	s8	s9	s10	s11	
0	0	0	0	0	0	0	0	0	0	0	0	200	
0.000461921	0	0	0	0	0	0	0	0	0	0	0	199	
749.909	0	0	0	0	0	0	0	0	0	0	0	75	
1501.15	0	0	0	0	0	0	0	0	0	0	0	55	
2252.77	0	0	0	0	0	0	0	0	0	0	0	63	
3001.05	0	0	0	0	0	0	0	0	0	0	83	0	
3752.26	0	0	0	0	0	0	0	0	0	0	81	0	
4500.87	0	0	0	0	0	0	0	0	0	0	67	0	
5255.12	0	0	0	0	0	0	0	0	0	0	59	0	
6007.24	0	0	0	0	0	0	0	0	0	0	75	0	
6756.16	0	0	0	0	0	0	0	0	0	0	69	0	
7507.45	0	0	0	0	0	0	0	0	0	0	81	0	
8258.14	0	0	0	0	0	0	0	0	0	0	77	0	
9005.68	0	0	0	0	0	0	0	0	0	0	65	0	
9756.64	0	0	0	0	0	0	0	0	0	0	67	0	
10506.5	0	0	0	0	0	0	0	0	0	0	81	0	
11257.4	0	0	0	0	0	0	0	0	0	0	75	0	
12009.3	0	0	0	0	0	0	0	0	0	0	83	0	
12758.9	0	0	0	0	0	0	0	0	0	0	87	0	
13508	0	0	0	0	0	0	0	0	0	0	57	0	
14256.3	0	0	0	0	0	0	0	0	0	0	65	0	
15005.1	0	0	0	0	0	0	0	0	0	0	59	0	
15756.1	0	0	0	0	0	0	0	0	0	0	73	0	
16507.6	0	0	0	0	0	0	0	0	0	0	79	0	
17258.4	0	0	0	0	0	0	0	0	0	87	0	0	
18008.4	0	0	0	0	0	0	0	0	0	75	0	0	
18756.7	0	0	0	0	0	0	0	0	0	73	0	0	
19506.1	0	0	0	0	0	0	0	0	0	83	0	0	
20257	0	0	0	0	0	0	0	0	85	0	0	0	
21008.5	0	0	0	0	0	0	0	0	85	0	0	0	
21759.9	0	0	0	0	0	0	0	0	99	0	0	0	
22511.1	0	0	0	0	0	0	0	0	91	0	0	0	
23262.3	0	0	0	0	0	0	0	0	77	0	0	0	
24013.2	0	0	0	0	0	0	0	0	109	0	0	0	
24760.7	0	0	0	0	0	0	0	0	85	0	0	0	
25511.1	0	0	0	0	0	0	0	0	95	0	0	0	
26261	0	0	0	0	0	0	0	0	87	0	0	0	
27012.4	0	0	0	0	0	0	0	0	91	0	0	0	
27764.7	0	0	0	0	0	0	0	0	99	0	0	0	
28512.9	0	0	0	0	0	0	0	0	85	0	0	0	
29262.3	0	0	0	0	0	0	0	0	93	0	0	0	
30014.2	0	0	0	0	0	0	0	0	95	0	0	0	
30763.6	0	0	0	0	0	0	0	0	93	0	0	0	
31512.6	0	0	0	0	0	0	0	0	101	0	0	0	
32265	0	0	0	0	0	0	0	0	97	0	0	0	
33015.5	0	0	0	0	0	0	0	0	0	77	0	0	
33762.8	0	0	0	0	0	0	0	0	0	71	0	0	
34512.7	0	0	0	0	0	0	0	0	0	79	0	0	
35264.4	0	0	0	0	0	0	0	0	0	91	0	0	
36015.6	0	0	0	0	0	0	0	0	0	93	0	0	
36767.9	0	0	0	0	0	0	0	0	87	0	0	0	
37517.5	0	0	0	0	0	0	0	0	93	0	0	0	
38265.8	0	0	0	0	0	0	0	87	0	0	0	0	
39012.4	0	0	0	0	0	0	0	103	0	0	0	0	
39763.7	0	0	0	0	0	0	0	95	0	0	0	0	
40514.1	0	0	0	0	0	0	0	107	0	0	0	0	
41264.6	0	0	0	0	0	0	0	97	0	0	0	0	
42013.9	0	0	0	0	0	0	0	101	0	0	0	0	
42764.5	0	0	0	0	0	0	0	99	0	0	0	0	
43508.7	0	0	0	0	0	0	0	93	0	0	0	0	
44261.7	0	0	0	0	0	0	0	97	0	0	0	0	
45014.9	0	0	0	0	0	0	0	107	0	0	0	0	
45763.1	0	0	0	0	0	0	0	113	0	0	0	0	
46514.1	0	0	0	0	0	0	0	101	0	0	0	0	
47263.3	0	0	0	0	0	0	0	103	0	0	0	0	
48010.7	0	0	0	0	0	0	0	99	0	0	0	0	
48760.5	0	0	0	0	0	0	0	83	0	0	0	0	
49506.3	0	0	0	0	0	0	0	89	0	0	0	0	
50258.6	0	0	0	0	0	0	0	103	0	0	0	0	
51007.6	0	0	0	0	0	0	0	105	0	0	0	0	
51760.8	0	0	0	0	0	0	0	115	0	0	0	0	
52512.3	0	0	0	0	0	0	8	97	0	0	0	0	
53261.8	0	0	0	0	0	0	0	91	0	0	0	0	
54012.3	0	0	0	0	0	0	0	85	0	0	0	0	
54761.4	0	0	0	0	0	0	0	97	0	0	0	0	
55513	0	0	0	0	0	0	0	107	0	0	0	0	
56264.4	0	0	0	0	0	0	0	107	0	0	0	0	
57013.9	0	0	0	0	0	0	0	85	0	0	0	0	
57763	0	0	0	0	0	0	0	107	0	0	0	0	
58513.8	0	0	0	0	0	0	0	117	0	0	0	0	
59263.3	0	0	0	0	0	0	0	115	0	0	0	0	
60015.8	0	0	0	0	0	0	0	0	91	0	0	0	
60765.3	0	0	0	0	0	0	0	0	85	0	0	0	
61514.3	0	0	0	0	0	0	0	0	81	0	0	0	
62268	0	0	0	0	0	0	0	83	0	0	0	0	
63020.4	0	0	0	0	0	0	0	111	0	0	0	0	
63771	0	0	0	0	0	0	0	97	0	0	0	0	
64521.8	0	0	0	0	0	0	0	85	0	0	0	0	
65271.1	0	0	0	0	0	0	0	103	0	0	0	0	
66018	0	0	0	0	0	0	0	101	0	0	0	0	
66768.4	0	0	0	0	0	0	0	113	0	0	0	0	
67517.5	0	0	0	0	0	0	0	95	0	0	0	0	
68262.7	0	0	0	0	0	0	0	99	0	0	0	0	
69014.6	0	0	0	0	0	0	0	101	0	0	0	0	
69763.3	0	0	0	0	0	0	0	93	0	0	0	0	
70515	0	0	0	0	0	0	0	107	0	0	0	0	
71264.5	0	0	0	0	0	0	0	107	0	0	0	0	
72011.5	0	0	0	0	0	0	0	115	0	0	0	0	
72762.6	0	0	0	0	0	0	0	99	0	0	0	0	
73507.5	0	0	0	0	0	0	0	105	0	0	0	0	
74261	0	0	0	0	0	0	0	105	0	0	0	0	
75009.6	0	0	0	0	0	0	13	82	0	0	0	0	
75757.1	0	0	0	0	0	0	0	93	0	0	0	0	
76507	0	0	0	0	0	0	0	123	0	0	0	0	
77255.6	0	0	0	0	0	0	0	113	0	0	0	0	
78003.3	0	0	0	0	0	0	0	93	0	0	0	0	
78753.6	0	0	0	0	0	0	0	101	0	0	0	0	
79504.9	0	0	0	0	0	0	0	117	0	0	0	0	
80255.5	0	0	0	0	0	0	0	77	0	0	0	0	
81006.3	0	0	0	0	0	0	0	93	0	0	0	0	
81756.8	0	0	0	0	0	0	0	89	0	0	0	0	
82508.1	0	0	0	0	0	0	0	89	0	0	0	0	
83260.2	0	0	0	0	0	0	0	91	0	0	0	0	
84012.8	0	0	0	0	0	0	0	93	0	0	0	0	
84765.7	0	0	0	0	0	0	0	97	0	0	0	0	
85517.1	0	0	0	0	0	0	0	97	0	0	0	0	
86268	0	0	0	0	0	0	0	81	0	0	0	0	
87018.8	0	0	0	0	0	0	0	89	0	0	0	0	
87767.4	0	0	0	0	0	0	0	87	0	0	0	0	
88514.3	0	0	0	0	0	0	0	93	0	0	0	0	
89261.2	0	0	0	0	0	0	0	85	0	0	0	0	
90013	0	0	0	0	0	0	0	93	0	0	0	0	
90766.4	0	0	0	0	0	0	0	99	0	0	0	0	
91520.2	0	0	0	0	0	0	0	93	0	0	0	0	
92268.2	0	0	0	0	0	0	0	101	0	0	0	0	
93018.1	0	0	0	0	0	0	0	99	0	0	0	0	
93768.9	0	0	0	0	0	0	0	121	0	0	0	0	
94519.7	0	0	0	0	0	0	0	103	0	0	0	0	
95270.8	0	0	0	0	0	0	0	87	0	0	0	0	
96023.3	0	0	0	0	0	0	0	85	0	0	0	0	
96777.7	0	0	0	0	0	0	0	89	0	0	0	0	
97529.6	0	0	0	0	0	0	0	89	0	0	0	0	
98281.8	0	0	0	0	0	0	0	99	0	0	0	0	
99028.6	0	0	0	0	0	0	0	0	87	0	0	0	
99783.2	0	0	0	0	0	0	0	0	0	81	0	0	
100532	0	0	0	0	0	0	0	0	0	77	0	0	
101280	0	0	0	0	0	0	0	0	0	75	0	0	
102030	0	0	0	0	0	0	0	0	0	69	0	0	
102780	0	0	0	0	0	0	0	0	0	83	0	0	
103528	0	0	0	0	0	0	0	0	0	87	0	0	
104280	0	0	0	0	0	0	0	0	0	87	0	0	
105029	0	0	0	0	0	0	0	0	0	85	0	0	
105778	0	0	0	0	0	0	0	0	0	0	0	69	
106526	0	0	0	0	0	0	0	0	0	0	0	57	
107276	0	0	0	0	0	0	0	0	0	0	0	51	
108027	0	0	0	0	0	0	0	0	0	0	0	71	
108780	0	0	0	0	0	0	0	0	0	0	0	59	
109532	0	0	0	0	0	0	0	0	0	0	0	69	
110281	0	0	0	0	0	0	0	0	0	0	0	61	
111029	0	0	0	0	0	0	0	0	0	0	0	55	
111783	0	0	0	0	0	0	0	0	0	0	0	77	
112530	0	0	0	0	0	0	0	0	0	0	0	71	
113282	0	0	0	0	0	0	0	0	0	0	0	71	
114029	0	0	0	0	0	0	0	0	0	0	0	69	
114780	0	0	0	0	0	0	0	0	0	0	0	75	
115526	0	0	0	0	0	0	0	0	0	0	0	73	
116277	0	0	0	0	0	0	0	0	0	0	0	79	
117026	0	0	0	0	0	0	0	0	0	0	0	73	
117777	0	0	0	0	0	0	0	0	0	0	0	81	
118528	0	0	0	0	0	0	0	0	0	0	0	71	
119278	0	0	0	0	0	0	0	0	0	0	0	79	
120028	0	0	0	0	0	0	0	0	0	0	0	61	
120777	0	0	0	0	0	0	0	0	0	0	0	71	
121529	0	0	0	0	0	0	0	0	0	0	0	63	
122277	0	0	0	0	0	0	0	0	0	0	0	67	
123025	0	0	0	0	0	0	0	0	0	0	0	61	
123773	0	0	0	0	0	0	0	0	0	0	0	69	
124524	0	0	0	0	0	0	0	0	0	0	0	57	
125273	0	0	0	0	0	0	0	0	0	0	0	65	
126023	0	0	0	0	0	0	0	0	0	0	0	63	
126773	0	0	0	0	0	0	0	0	0	0	0	81	
127524	0	0	0	0	0	0	0	0	0	0	0	53	
128277	0	0	0	0	0	0	0	0	0	0	0	63	
129025	0	0	0	0	0	0	0	0	0	0	0	73	
129774	0	0	0	0	0	0	0	0	0	0	73	0	
130523	0	0	0	0	0	0	0	0	0	0	67	0	
131272	0	0	0	0	0	0	0	0	0	0	81	0	
132023	0	0	0	0	0	0	0	0	0	0	69	0	
132774	0	0	0	0	0	0	0	0	0	0	77	0	
133526	0	0	0	0	0	0	0	0	0	0	0	57	
134275	0	0	0	0	0	0	0	0	0	0	0	71	
135023	0	0	0	0	0	0	0	0	0	0	0	61	
135771	0	0	0	0	0	0	0	0	0	0	0	61	
136521	0	0	0	0	0	0	0	0	0	0	0	65	
137267	0	0	0	0	0	0	0	0	0	0	0	71	
138020	0	0	0	0	0	0	0	0	0	73	0	0	
138772	0	0	0	0	0	0	0	0	0	91	0	0	
139522	0	0	0	0	0	0	0	0	0	89	0	0	
140270	0	0	0	0	0	0	0	0	0	0	67	0	
141019	0	0	0	0	0	0	0	0	0	0	71	0	
141770	0	0	0	0	0	0	0	0	0	0	87	0	
142519	0	0	0	0	0	0	0	0	0	0	55	0	
143265	0	0	0	0	0	0	0	0	0	0	83	0	
144018	0	0	0	0	0	0	0	0	0	0	75	0	
144768	0	0	0	0	0	0	0	0	0	0	63	0	
145517	0	0	0	0	0	0	0	0	0	0	83	0	
146266	0	0	0	0	0	0	0	0	0	0	65	0	
147014	0	0	0	0	0	0	0	0	0	71	0	0	
147766	0	0	0	0	0	0	0	0	0	67	0	0	
148515	0	0	0	0	0	0	0	0	0	63	0	0	
149262	0	0	0	0	0	0	0	0	0	69	0	0	
150012	0	0	0	0	0	0	0	0	0	73	0	0	
150760	0	0	0	0	0	0	0	0	0	81	0	0	
151509	0	0	0	0	0	0	0	0	0	85	0	0	
152262	0	0	0	0	0	0	0	0	0	75	0	0	
153011	0	0	0	0	0	0	0	0	0	90	1	0	
153760	0	0	0	0	0	0	0	0	0	63	0	0	
154511	0	0	0	0	0	0	0	0	0	89	0	0	
155263	0	0	0	0	0	0	0	0	0	97	0	0	
156011	0	0	0	0	0	0	0	0	0	89	0	0	
156760	0	0	0	0	0	0	0	0	0	75	0	0	
157512	0	0	0	0	0	0	0	0	0	65	0	0	
158260	0	0	0	0	0	0	0	0	0	0	65	0	
159013	0	0	0	0	0	0	0	0	0	0	55	0	
159763	0	0	0	0	0	0	0	0	0	0	85	2	
160511	0	0	0	0	0	0	0	0	0	0	71	0	
161262	0	0	0	0	0	0	0	0	0	0	73	0	
162016	0	0	0	0	0	0	0	0	0	0	0	85	
162766	0	0	0	0	0	0	0	0	0	0	0	53	
163513	0	0	0	0	0	0	0	0	0	0	0	69	
164263	0	0	0	0	0	0	0	0	0	0	0	63	
165015	0	0	0	0	0	0	0	0	0	0	0	61	
165766	0	0	0	0	0	0	0	0	0	0	0	69	
166518	0	0	0	0	0	0	0	0	0	0	0	71	
167268	0	0	0	0	0	0	0	0	0	0	65	0	
168021	0	0	0	0	0	0	0	0	0	0	77	0	
168771	0	0	0	0	0	0	0	0	0	0	67	0	
169522	0	0	0	0	0	0	0	0	0	0	75	0	
170272	0	0	0	0	0	0	0	0	0	0	75	0	
171018	0	0	0	0	0	0	0	0	0	0	73	0	
171768	0	0	0	0	0	0	0	0	0	0	75	0	
172516	0	0	0	0	0	0	0	0	0	0	71	0	
173266	0	0	0	0	0	0	0	0	0	0	81	0	
174013	0	0	0	0	0	0	0	0	0	0	79	0	
174760	0	0	0	0	0	0	0	0	0	0	83	0	
175510	0	0	0	0	0	0	0	0	0	0	65	0	
176263	0	0	0	0	0	0	0	0	0	0	73	0	
177014	0	0	0	0	0	0	0	0	0	0	71	0	
177764	0	0	0	0	0	0	0	0	0	69	0	0	
178516	0	0	0	0	0	0	0	0	0	83	0	0	
179264	0	0	0	0	0	0	0	0	0	77	0	0	
180017	0	0	0	0	0	0	0	0	0	85	0	0	
180768	0	0	0	0	0	0	0	0	0	73	0	0	
181518	0	0	0	0	0	0	0	0	0	81	0	0	
182268	0	0	0	0	0	0	0	0	0	77	0	0	
183019	0	0	0	0	0	0	0	0	0	71	0	0	
183771	0	0	0	0	0	0	0	0	0	73	0	0	
184520	0	0	0	0	0	0	0	0	0	103	0	0	
185271	0	0	0	0	0	0	0	0	0	85	0	0	
186018	0	0	0	0	0	0	0	0	0	0	79	0	
186770	0	0	0	0	0	0	0	0	0	0	73	0	
187520	0	0	0	0	0	0	0	0	0	0	67	0	
188272	0	0	0	0	0	0	0	0	0	0	83	0	
189023	0	0	0	0	0	0	0	0	0	0	73	0	
189771	0	0	0	0	0	0	0	0	0	0	77	0	
190522	0	0	0	0	0	0	0	0	0	0	57	0	
191273	0	0	0	0	0	0	0	0	0	0	0	71	
192026	0	0	0	0	0	0	0	0	0	0	0	65	
192772	0	0	0	0	0	0	0	0	0	0	0	59	
193520	0	0	0	0	0	0	0	0	0	0	0	57	
194270	0	0	0	0	0	0	0	0	0	0	0	55	
195019	0	0	0	0	0	0	0	0	0	0	0	75	
195768	0	0	0	0	0	0	0	0	0	0	0	67	
196518	0	0	0	0	0	0	0	0	0	0	0	55	
197270	0	0	0	0	0	0	0	0	0	0	0	91	
198022	0	0	0	0	0	0	0	0	0	0	67	0	
198773	0	0	0	0	0	0	0	0	0	0	71	0	
199525	0	0	0	0	0	0	0	0	0	77	0	0	
200274	0	0	0	0	0	0	0	0	0	81	0	0	
201023	0	0	0	0	0	0	0	0	0	0	0	65	
201771	0	0	0	0	0	0	0	0	0	0	0	61	
202522	0	0	0	0	0	0	0	0	0	0	0	71	
203273	0	0	0	0	0	0	0	0	0	0	0	75	
204020	0	0	0	0	0	0	0	0	0	0	0	71	
204770	0	0	0	0	0	0	0	0	0	0	0	65	
205521	0	0	0	0	0	0	0	0	0	0	0	57	
206271	0	0	0	0	0	0	0	0	0	0	0	65	
207022	0	0	0	0	0	0	0	0	0	0	0	63	
207771	0	0	0	0	0	0	0	0	0	0	0	77	
208524	0	0	0	0	0	0	0	0	0	0	0	83	
209272	0	0	0	0	0	0	0	0	0	0	59	0	
210024	0	0	0	0	0	0	0	0	0	0	61	0	
210776	0	0	0	0	0	0	0	0	0	0	97	0	
211523	0	0	0	0	0	0	0	0	0	0	83	0	
212273	0	0	0	0	0	0	0	0	0	0	69	0	
213023	0	0	0	0	0	0	0	0	0	0	93	0	
213772	0	0	0	0	0	0	0	0	0	0	65	0	
214520	0	0	0	0	0	0	0	0	0	0	67	0	
215273	0	0	0	0	0	0	0	0	0	0	89	0	
216022	0	0	0	0	0	0	0	0	0	0	77	0	
216770	0	0	0	0	0	0	0	0	0	0	63	0	
217522	0	0	0	0	0	0	0	0	0	0	75	0	
218273	0	0	0	0	0	0	0	0	0	0	67	0	
219023	0	0	0	0	0	0	0	0	0	0	69	0	
219772	0	0	0	0	0	0	0	0	0	0	79	0	
220521	0	0	0	0	0	0	0	0	0	93	0	0	
221272	0	0	0	0	0	0	0	0	0	91	0	0	
222023	0	0	0	0	0	0	0	0	0	83	0	0	
222774	0	0	0	0	0	0	0	0	0	87	0	0	
223524	0	0	0	0	0	0	0	0	0	75	0	0	
224274	0	0	0	0	0	0	0	0	0	77	0	0	
225025	0	0	0	0	0	0	0	0	0	0	69	0	
225773	0	0	0	0	0	0	0	0	0	0	77	0	
226520	0	0	0	0	0	0	0	0	0	0	73	0	
227270	0	0	0	0	0	0	0	0	0	0	79	0	
228019	0	0	0	0	0	0	0	0	0	0	73	0	
228768	0	0	0	0	0	0	0	0	0	0	57	0	
229518	0	0	0	0	0	0	0	0	0	0	67	0	
230266	0	0	0	0	0	0	0	0	0	0	69	0	
231018	0	0	0	0	0	0	0	0	0	0	65	0	
231769	0	0	0	0	0	0	0	0	0	0	81	0	
232517	0	0	0	0	0	0	0	0	0	0	71	0	
233272	0	0	0	0	0	0	0	0	0	0	59	0	
234022	0	0	0	0	0	0	0	0	0	0	69	0	
234768	0	0	0	0	0	0	0	0	0	0	67	0	
235521	0	0	0	0	0	0	0	0	0	0	71	0	
236273	0	0	0	0	0	0	0	0	0	0	77	0	
237021	0	0	0	0	0	0	0	0	0	0	73	0	
237768	0	0	0	0	0	0	0	0	0	0	77	0	
238518	0	0	0	0	0	0	0	0	0	0	73	0	
239270	0	0	0	0	0	0	0	0	0	0	81	0	
240021	0	0	0	0	0	0	0	0	0	0	77	0	
240773	0	0	0	0	0	0	0	0	0	89	0	0	
241524	0	0	0	0	0	0	0	0	0	99	0	0	
242274	0	0	0	0	0	0	0	0	0	81	0	0	
243023	0	0	0	0	0	0	0	0	0	87	0	0	
243777	0	0	0	0	0	0	0	0	0	77	0	0	
244527	0	0	0	0	0	0	0	0	0	69	0	0	
245277	0	0	0	0	0	0	0	0	0	79	0	0	
246027	0	0	0	0	0	0	0	0	0	89	0	0	
246778	0	0	0	0	0	0	0	0	0	79	0	0	
247531	0	0	0	0	0	0	0	0	0	89	0	0	
248278	0	0	0	0	0	0	0	0	4	61	0	0	
249022	0	0	0	0	0	0	0	0	83	0	0	0	
249776	0	0	0	0	0	0	0	0	91	0	0	0	
250529	0	0	0	0	0	0	0	0	79	0	0	0	
251277	0	0	0	0	0	0	0	0	87	0	0	0	
252027	0	0	0	0	0	0	0	0	99	0	0	0	
252776	0	0	0	0	0	0	0	0	87	0	0	0	
253524	0	0	0	0	0	0	0	0	89	0	0	0	
254273	0	0	0	0	0	0	0	0	95	0	0	0	
255024	0	0	0	0	0	0	0	0	90	1	0	0	
255777	0	0	0	0	0	0	0	0	97	0	0	0	
256525	0	0	0	0	0	0	0	0	103	0	0	0	
257276	0	0	0	0	0	0	0	0	85	0	0	0	
258029	0	0	0	0	0	0	0	0	87	0	0	0	
258780	0	0	0	0	0	0	0	0	93	0	0	0	
259528	0	0	0	0	0	0	0	0	89	0	0	0	
260277	0	0	0	0	0	0	0	0	81	0	0	0	
261027	0	0	0	0	0	0	0	0	89	0	0	0	
261772	0	0	0	0	0	0	0	95	0	0	0	0	
262523	0	0	0	0	0	0	0	103	0	0	0	0	
263273	0	0	0	0	0	0	0	97	0	0	0	0	
264028	0	0	0	0	0	0	0	113	0	0	0	0	
264779	0	0	0	0	0	0	0	85	0	0	0	0	
265530	0	0	0	0	0	0	0	95	0	0	0	0	
266282	0	0	0	0	0	0	0	83	0	0	0	0	
267033	0	0	0	0	0	0	0	97	0	0	0	0	
267786	0	0	0	0	0	0	0	91	0	0	0	0	
268533	0	0	0	0	0	0	0	93	0	0	0	0	
269285	0	0	0	0	0	0	0	99	0	0	0	0	
270037	0	0	0	0	0	0	0	99	0	0	0	0	
270788	0	0	0	0	0	0	0	99	0	0	0	0	
271540	0	0	0	0	0	0	0	117	0	0	0	0	
272291	0	0	0	0	0	0	0	95	0	0	0	0	
273041	0	0	0	0	0	0	0	121	0	0	0	0	
273792	0	0	0	0	0	0	0	107	0	0	0	0	
274544	0	0	0	0	0	0	0	111	0	0	0	0	
275291	0	0	0	0	0	0	0	99	0	0	0	0	
276038	0	0	0	0	0	0	0	93	0	0	0	0	
276786	0	0	0	0	0	0	0	91	0	0	0	0	
277535	0	0	0	0	0	0	0	101	0	0	0	0	
278283	0	0	0	0	0	0	0	87	0	0	0	0	
279030	0	0	0	0	0	0	0	101	0	0	0	0	
279782	0	0	0	0	0	0	0	99	0	0	0	0	
280533	0	0	0	0	0	0	0	115	0	0	0	0	
281282	0	0	0	0	0	0	0	85	0	0	0	0	
282034	0	0	0	0	0	0	0	101	0	0	0	0	
282783	0	0	0	0	0	0	0	101	0	0	0	0	
283533	0	0	0	0	0	0	0	101	0	0	0	0	
284283	0	0	0	0	0	0	0	97	0	0	0	0	
285033	0	0	0	0	0	0	0	87	0	0	0	0	
285782	0	0	0	0	0	0	0	83	0	0	0	0	
286532	0	0	0	0	0	0	0	91	0	0	0	0	
287278	0	0	0	0	0	0	5	108	0	0	0	0	
288031	0	0	0	0	0	0	0	87	0	0	0	0	
288782	0	0	0	0	0	0	0	91	0	0	0	0	
289532	0	0	0	0	0	0	0	97	0	0	0	0	
290283	0	0	0	0	0	0	0	111	0	0	0	0	
291035	0	0	0	0	0	0	0	111	0	0	0	0	
291786	0	0	0	0	0	0	0	93	0	0	0	0	
292536	0	0	0	0	0	0	0	107	0	0	0	0	
293286	0	0	0	0	0	0	0	83	0	0	0	0	
294035	0	0	0	0	0	0	0	97	0	0	0	0	
294784	0	0	0	0	0	0	0	109	0	0	0	0	
295536	0	0	0	0	0	0	0	101	0	0	0	0	
296286	0	0	0	0	0	0	0	101	0	0	0	0	
297034	0	0	0	0	0	0	0	107	0	0	0	0	
297784	0	0	0	0	0	0	0	119	0	0	0	0	
298533	0	0	0	0	0	0	0	111	0	0	0	0	
299280	0	0	0	0	0	0	0	95	0	0	0	0	
300030	0	0	0	0	0	0	0	91	0	0	0	0	
300780	0	0	0	0	0	0	0	93	0	0	0	0	
301528	0	0	0	0	0	0	0	113	0	0	0	0	
302281	0	0	0	0	0	0	0	93	0	0	0	0	
303034	0	0	0	0	0	0	11	100	0	0	0	0	
303786	0	0	0	0	0	0	0	87	0	0	0	0	
304539	0	0	0	0	0	0	0	91	0	0	0	0	
305290	0	0	0	0	0	0	0	97	0	0	0	0	
306041	0	0	0	0	0	0	0	99	0	0	0	0	
306791	0	0	0	0	0	0	0	97	0	0	0	0	
307540	0	0	0	0	0	0	0	89	0	0	0	0	
308289	0	0	0	0	0	0	0	87	0	0	0	0	
309040	0	0	0	0	0	0	0	99	0	0	0	0	
309788	0	0	0	0	0	0	0	117	0	0	0	0	
310534	0	0	0	0	0	0	0	95	0	0	0	0	
311281	0	0	0	0	0	0	0	95	0	0	0	0	
312034	0	0	0	0	0	0	0	109	0	0	0	0	
312779	0	0	0	0	0	0	0	117	0	0	0	0	
313528	0	0	0	0	0	0	0	117	0	0	0	0	
314278	0	0	0	0	0	0	0	81	0	0	0	0	
315027	0	0	0	0	0	0	0	105	0	0	0	0	
315780	0	0	0	0	0	0	0	77	0	0	0	0	
316528	0	0	0	0	0	0	0	101	0	0	0	0	
317278	0	0	0	0	0	0	0	0	95	0	0	0	
318029	0	0	0	0	0	0	0	0	95	0	0	0	
318782	0	0	0	0	0	0	0	0	95	0	0	0	
319530	0	0	0	0	0	0	0	0	0	93	0	0	
320281	0	0	0	0	0	0	0	0	0	81	0	0	
321031	0	0	0	0	0	0	0	0	0	81	0	0	
321778	0	0	0	0	0	0	0	0	0	89	0	0	
322532	0	0	0	0	0	0	0	0	0	93	0	0	
323278	0	0	0	0	0	0	0	0	0	83	0	0	
324027	0	0	0	0	0	0	0	0	0	75	0	0	
324781	0	0	0	0	0	0	0	0	0	89	0	0	
325533	0	0	0	0	0	0	0	0	0	81	0	0	
326287	0	0	0	0	0	0	0	0	0	73	0	0	
327039	0	0	0	0	0	0	0	0	0	71	0	0	
327791	0	0	0	0	0	0	0	0	0	85	0	0	
328544	0	0	0	0	0	0	0	0	0	75	0	0	
329293	0	0	0	0	0	0	0	0	0	77	0	0	
330043	0	0	0	0	0	0	0	0	0	91	0	0	
330793	0	0	0	0	0	0	0	0	83	0	0	0	
331543	0	0	0	0	0	0	0	97	0	0	0	0	
332292	0	0	0	0	0	0	0	93	0	0	0	0	
333042	0	0	0	0	0	0	0	77	0	0	0	0	
333791	0	0	0	0	0	0	0	99	0	0	0	0	
334540	0	0	0	0	0	0	0	107	0	0	0	0	
335290	0	0	0	0	0	0	0	111	0	0	0	0	
336037	0	0	0	0	0	0	0	101	0	0	0	0	
336789	0	0	0	0	0	0	0	107	0	0	0	0	
337542	0	0	0	0	0	0	0	107	0	0	0	0	
338290	0	0	0	0	0	0	0	89	0	0	0	0	
339041	0	0	0	0	0	0	0	111	0	0	0	0	
339790	0	0	0	0	0	0	0	99	0	0	0	0	
340540	0	0	0	0	0	0	0	95	0	0	0	0	
341290	0	0	0	0	0	0	0	93	0	0	0	0	
342037	0	0	0	0	0	0	0	93	0	0	0	0	
342786	0	0	0	0	0	0	0	103	0	0	0	0	
343533	0	0	0	0	0	0	0	91	0	0	0	0	
344286	0	0	0	0	0	0	0	105	0	0	0	0	
345038	0	0	0	0	0	0	0	117	0	0	0	0	
345787	0	0	0	0	0	0	0	99	0	0	0	0	
346536	0	0	0	0	0	0	0	113	0	0	0	0	
347287	0	0	0	0	0	0	0	111	0	0	0	0	
348034	0	0	0	0	0	0	0	85	0	0	0	0	
348786	0	0	0	0	0	0	0	97	0	0	0	0	
349535	0	0	0	0	0	0	0	103	0	0	0	0	
350285	0	0	0	0	0	0	0	77	0	0	0	0	
351032	0	0	0	0	0	0	111	0	0	0	0	0	
351780	0	0	0	0	0	0	115	0	0	0	0	0	
352533	0	0	0	0	0	3	118	0	0	0	0	0	
353283	0	0	0	0	0	0	121	0	0	0	0	0	
354040	0	0	0	0	0	0	129	0	0	0	0	0	
354792	0	0	0	0	0	0	95	0	0	0	0	0	
355540	0	0	0	0	0	0	127	0	0	0	0	0	
356289	0	0	0	0	0	0	105	0	0	0	0	0	
357042	0	0	0	0	0	74	47	0	0	0	0	0	
357791	0	0	0	0	0	123	0	0	0	0	0	0	
358543	0	0	0	0	0	157	0	0	0	0	0	0	
359294	0	0	0	0	0	129	0	0	0	0	0	0	
360044	0	0	0	0	0	145	0	0	0	0	0	0	
360795	0	0	0	0	0	115	0	0	0	0	0	0	
361547	0	0	0	0	0	135	0	0	0	0	0	0	
362298	0	0	0	0	0	135	0	0	0	0	0	0	
363048	0	0	0	0	0	139	0	0	0	0	0	0	
363800	0	0	0	0	145	0	0	0	0	0	0	0	
364552	0	0	0	0	153	0	0	0	0	0	0	0	
365302	0	0	0	0	149	0	0	0	0	0	0	0	
366050	0	0	0	0	145	0	0	0	0	0	0	0	
366797	0	0	0	0	145	0	0	0	0	0	0	0	
367550	0	0	0	0	143	0	0	0	0	0	0	0	
368300	0	0	0	0	197	0	0	0	0	0	0	0	
369051	0	0	0	0	165	0	0	0	0	0	0	0	
369801	0	0	0	0	153	0	0	0	0	0	0	0	
370552	0	0	0	0	177	0	0	0	0	0	0	0	
371300	0	0	0	0	157	0	0	0	0	0	0	0	
372050	0	0	0	0	167	0	0	0	0	0	0	0	
372802	0	0	0	0	167	0	0	0	0	0	0	0	
373545	0	0	0	0	161	0	0	0	0	0	0	0	
374295	0	0	0	0	169	0	0	0	0	0	0	0	
375046	0	0	0	0	141	0	0	0	0	0	0	0	
375800	0	0	0	0	141	0	0	0	0	0	0	0	
376548	0	0	0	0	151	0	0	0	0	0	0	0	
377301	0	0	0	0	143	0	0	0	0	0	0	0	
378052	0	0	0	0	167	0	0	0	0	0	0	0	
378802	0	0	0	0	183	0	0	0	0	0	0	0	
379552	0	0	0	17	152	0	0	0	0	0	0	0	
380302	0	0	0	0	157	0	0	0	0	0	0	0	
381051	0	0	0	0	155	0	0	0	0	0	0	0	
381801	0	0	0	0	193	0	0	0	0	0	0	0	
382554	0	0	0	0	169	0	0	0	0	0	0	0	
383304	0	0	0	0	177	0	0	0	0	0	0	0	
384055	0	0	0	0	177	0	0	0	0	0	0	0	
384804	0	0	0	0	171	0	0	0	0	0	0	0	
385554	0	0	0	203	0	0	0	0	0	0	0	0	
386298	0	0	0	203	0	0	0	0	0	0	0	0	
387047	0	0	0	189	0	0	0	0	0	0	0	0	
387797	0	0	0	225	0	0	0	0	0	0	0	0	
388545	0	0	0	201	0	0	0	0	0	0	0	0	
389296	0	0	0	187	0	0	0	0	0	0	0	0	
390044	0	0	0	191	0	0	0	0	0	0	0	0	
390795	0	0	0	207	0	0	0	0	0	0	0	0	
391543	0	0	0	203	0	0	0	0	0	0	0	0	
392294	0	0	0	189	0	0	0	0	0	0	0	0	
393046	0	0	0	189	0	0	0	0	0	0	0	0	
393795	0	0	0	231	0	0	0	0	0	0	0	0	
394544	0	0	0	195	0	0	0	0	0	0	0	0	
395293	0	0	0	227	0	0	0	0	0	0	0	0	
396044	0	0	0	191	0	0	0	0	0	0	0	0	
396798	0	0	0	181	0	0	0	0	0	0	0	0	
397546	0	0	0	190	13	0	0	0	0	0	0	0	
398295	0	0	0	197	0	0	0	0	0	0	0	0	
399045	0	0	0	199	0	0	0	0	0	0	0	0	
399798	0	0	0	195	0	0	0	0	0	0	0	0	
400548	0	0	0	227	0	0	0	0	0	0	0	0	
401296	0	0	0	203	0	0	0	0	0	0	0	0	
402046	0	0	0	211	0	0	0	0	0	0	0	0	
402795	0	0	0	197	0	0	0	0	0	0	0	0	
403545	0	0	0	191	0	0	0	0	0	0	0	0	
404292	0	0	0	203	0	0	0	0	0	0	0	0	
405039	0	0	0	203	0	0	0	0	0	0	0	0	
405789	0	0	0	191	0	0	0	0	0	0	0	0	
406538	0	0	0	197	0	0	0	0	0	0	0	0	
407286	0	0	0	211	0	0	0	0	0	0	0	0	
408036	0	0	170	65	0	0	0	0	0	0	0	0	
408787	0	0	0	229	0	0	0	0	0	0	0	0	
409535	0	0	0	183	0	0	0	0	0	0	0	0	
410284	0	0	0	191	0	0	0	0	0	0	0	0	
411032	0	0	0	217	0	0	0	0	0	0	0	0	
411782	0	0	0	217	0	0	0	0	0	0	0	0	
412534	0	0	0	205	0	0	0	0	0	0	0	0	
413282	0	0	0	185	0	0	0	0	0	0	0	0	
414030	0	0	0	199	0	0	0	0	0	0	0	0	
414783	0	0	0	209	0	0	0	0	0	0	0	0	
415538	0	0	0	217	0	0	0	0	0	0	0	0	
416287	0	0	0	217	0	0	0	0	0	0	0	0	
417034	0	0	0	193	0	0	0	0	0	0	0	0	
417781	0	0	20	183	0	0	0	0	0	0	0	0	
418530	0	0	0	187	0	0	0	0	0	0	0	0	
419281	0	0	0	219	0	0	0	0	0	0	0	0	
420029	0	0	0	213	0	0	0	0	0	0	0	0	
420781	0	0	0	205	0	0	0	0	0	0	0	0	
421530	0	0	0	199	0	0	0	0	0	0	0	0	
422279	0	0	0	199	0	0	0	0	0	0	0	0	
423028	0	0	0	207	0	0	0	0	0	0	0	0	
423776	0	0	0	135	42	0	0	0	0	0	0	0	
424521	0	0	0	193	0	0	0	0	0	0	0	0	
425276	0	0	0	195	0	0	0	0	0	0	0	0	
426027	0	0	0	201	0	0	0	0	0	0	0	0	
426774	0	0	0	193	0	0	0	0	0	0	0	0	
427524	0	0	0	223	0	0	0	0	0	0	0	0	
428276	0	0	0	201	0	0	0	0	0	0	0	0	
429026	0	0	0	197	0	0	0	0	0	0	0	0	
429773	0	0	0	187	0	0	0	0	0	0	0	0	
430522	0	0	0	207	0	0	0	0	0	0	0	0	
431273	0	0	0	215	0	0	0	0	0	0	0	0	
432026	0	0	0	189	0	0	0	0	0	0	0	0	
432775	0	0	0	183	0	0	0	0	0	0	0	0	
433525	0	0	0	193	0	0	0	0	0	0	0	0	
434273	0	0	0	201	0	0	0	0	0	0	0	0	
435024	0	0	0	211	0	0	0	0	0	0	0	0	
435773	0	0	0	189	0	0	0	0	0	0	0	0	
436524	0	0	0	179	0	0	0	0	0	0	0	0	
437275	0	0	0	199	0	0	0	0	0	0	0	0	
438026	0	0	0	195	0	0	0	0	0	0	0	0	
438778	0	0	0	199	0	0	0	0	0	0	0	0	
439528	0	0	0	199	0	0	0	0	0	0	0	0	
440279	0	0	0	205	0	0	0	0	0	0	0	0	
441029	0	0	0	201	0	0	0	0	0	0	0	0	
441777	0	0	6	197	0	0	0	0	0	0	0	0	
442527	0	0	0	195	0	0	0	0	0	0	0	0	
443274	0	0	0	185	0	0	0	0	0	0	0	0	
444021	0	0	0	205	0	0	0	0	0	0	0	0	
444770	0	0	0	203	0	0	0	0	0	0	0	0	
445517	0	0	0	195	0	0	0	0	0	0	0	0	
446266	0	0	0	191	0	0	0	0	0	0	0	0	
447016	0	0	0	177	0	0	0	0	0	0	0	0	
447765	0	0	0	199	0	0	0	0	0	0	0	0	
448517	0	0	0	217	0	0	0	0	0	0	0	0	
449264	0	0	0	207	0	0	0	0	0	0	0	0	
450014	0	0	0	219	0	0	0	0	0	0	0	0	
450763	0	0	0	197	0	0	0	0	0	0	0	0	
451511	0	0	0	183	0	0	0	0	0	0	0	0	
452261	0	0	0	197	0	0	0	0	0	0	0	0	
453010	0	0	0	247	0	0	0	0	0	0	0	0	
453761	0	0	0	191	0	0	0	0	0	0	0	0	
454510	0	0	0	221	0	0	0	0	0	0	0	0	
455259	0	0	0	189	0	0	0	0	0	0	0	0	
456009	0	0	0	177	0	0	0	0	0	0	0	0	
456757	0	0	0	227	0	0	0	0	0	0	0	0	
457505	0	0	0	207	0	0	0	0	0	0	0	0	
458256	0	0	0	189	0	0	0	0	0	0	0	0	
459009	0	0	0	211	0	0	0	0	0	0	0	0	
459763	0	0	0	199	0	0	0	0	0	0	0	0	
460511	0	0	0	211	0	0	0	0	0	0	0	0	
461262	0	0	0	183	0	0	0	0	0	0	0	0	
462013	0	0	0	209	0	0	0	0	0	0	0	0	
462763	0	0	0	187	0	0	0	0	0	0	0	0	
463512	0	0	0	207	0	0	0	0	0	0	0	0	
464261	0	0	0	195	0	0	0	0	0	0	0	0	
465012	0	0	0	199	0	0	0	0	0	0	0	0	
465761	0	0	0	197	0	0	0	0	0	0	0	0	
466511	0	0	0	211	0	0	0	0	0	0	0	0	
467260	0	0	0	199	0	0	0	0	0	0	0	0	
468004	0	0	0	215	0	0	0	0	0	0	0	0	
468752	0	0	0	0	163	0	0	0	0	0	0	0	
469503	0	0	0	0	151	0	0	0	0	0	0	0	
470253	0	0	0	0	161	0	0	0	0	0	0	0	
471005	0	0	0	0	169	0	0	0	0	0	0	0	
471755	0	0	0	0	165	0	0	0	0	0	0	0	
472506	0	0	0	0	145	0	0	0	0	0	0	0	
473256	0	0	0	0	157	0	0	0	0	0	0	0	
474006	0	0	0	0	163	0	0	0	0	0	0	0	
474753	0	0	0	0	135	0	0	0	0	0	0	0	
475502	0	0	0	0	147	0	0	0	0	0	0	0	
476252	0	0	0	0	161	0	0	0	0	0	0	0	
477000	0	0	0	0	175	0	0	0	0	0	0	0	
477750	0	0	0	0	167	0	0	0	0	0	0	0	
478500	0	0	0	0	135	0	0	0	0	0	0	0	
479248	0	0	0	0	159	0	0	0	0	0	0	0	
479998	0	0	0	0	157	0	0	0	0	0	0	0	
480749	0	0	0	0	177	0	0	0	0	0	0	0	
481497	0	0	0	0	167	0	0	0	0	0	0	0	
482247	0	0	0	0	165	0	0	0	0	0	0	0	
482998	0	0	0	0	155	0	0	0	0	0	0	0	
483747	0	0	0	0	175	0	0	0	0	0	0	0	
484498	0	0	0	0	193	0	0	0	0	0	0	0	
485248	0	0	0	0	165	0	0	0	0	0	0	0	
485995	0	0	0	0	153	0	0	0	0	0	0	0	
486746	0	0	0	0	173	0	0	0	0	0	0	0	
487499	0	0	0	0	183	0	0	0	0	0	0	0	
488247	0	0	0	0	147	0	0	0	0	0	0	0	
488999	0	0	0	0	153	0	0	0	0	0	0	0	
489748	0	0	0	0	173	0	0	0	0	0	0	0	
490497	0	0	0	0	153	0	0	0	0	0	0	0	
491250	0	0	0	0	149	0	0	0	0	0	0	0	
492003	0	0	0	0	167	0	0	0	0	0	0	0	
492757	0	0	0	0	157	0	0	0	0	0	0	0	
493512	0	0	0	0	155	0	0	0	0	0	0	0	
494263	0	0	0	0	169	0	0	0	0	0	0	0	
495013	0	0	0	0	165	0	0	0	0	0	0	0	
495762	0	0	0	0	183	0	0	0	0	0	0	0	
496510	0	0	0	0	89	64	0	0	0	0	0	0	
497259	0	0	0	0	0	133	0	0	0	0	0	0	
498011	0	0	0	0	0	127	0	0	0	0	0	0	
498761	0	0	0	0	0	127	0	0	0	0	0	0	
499510	0	0	0	0	0	131	0	0	0	0	0	0	
500263	0	0	0	0	0	103	0	0	0	0	0	0	
501011	0	0	0	0	0	135	0	0	0	0	0	0	
501763	0	0	0	0	0	117	0	0	0	0	0	0	
502513	0	0	0	0	0	141	0	0	0	0	0	0	
503261	0	0	0	0	0	149	0	0	0	0	0	0	
504010	0	0	0	0	0	133	0	0	0	0	0	0	
504760	0	0	0	0	0	123	0	0	0	0	0	0	
505512	0	0	0	0	0	149	0	0	0	0	0	0	
506263	0	0	0	0	0	127	0	0	0	0	0	0	
507013	0	0	0	0	0	133	0	0	0	0	0	0	
507764	0	0	0	0	0	147	0	0	0	0	0	0	
508515	0	0	0	0	0	129	0	0	0	0	0	0	
509264	0	0	0	0	0	137	0	0	0	0	0	0	
510018	0	0	0	0	0	131	0	0	0	0	0	0	
510769	0	0	0	0	0	125	0	0	0	0	0	0	
511512	0	0	0	0	0	153	0	0	0	0	0	0	
512260	0	0	0	0	0	137	0	0	0	0	0	0	
513009	0	0	0	0	0	125	0	0	0	0	0	0	
513761	0	0	0	0	0	131	0	0	0	0	0	0	
514509	0	0	0	0	0	141	0	0	0	0	0	0	
515261	0	0	0	0	0	145	0	0	0	0	0	0	
516009	0	0	0	0	0	139	0	0	0	0	0	0	
516759	0	0	0	0	0	123	0	0	0	0	0	0	
517512	0	0	0	0	0	117	0	0	0	0	0	0	
518263	0	0	0	0	0	145	0	0	0	0	0	0	
519014	0	0	0	0	0	115	0	0	0	0	0	0	
519762	0	0	0	0	0	147	0	0	0	0	0	0	
520513	0	0	0	0	0	121	0	0	0	0	0	0	
521263	0	0	0	0	0	129	0	0	0	0	0	0	
522012	0	0	0	0	0	115	0	0	0	0	0	0	
522763	0	0	0	0	0	123	0	0	0	0	0	0	
523516	0	0	0	0	0	113	2	0	0	0	0	0	
524267	0	0	0	0	0	161	0	0	0	0	0	0	
525020	0	0	0	0	0	131	0	0	0	0	0	0	
525770	0	0	0	0	0	109	0	0	0	0	0	0	
526518	0	0	0	0	0	131	0	0	0	0	0	0	
527265	0	0	0	0	0	133	0	0	0	0	0	0	
528013	0	0	0	0	0	137	0	0	0	0	0	0	
528760	0	0	0	0	0	137	0	0	0	0	0	0	
529511	0	0	0	0	0	135	0	0	0	0	0	0	
530262	0	0	0	0	0	121	0	0	0	0	0	0	
531014	0	0	0	0	0	137	0	0	0	0	0	0	
531763	0	0	0	0	0	125	0	0	0	0	0	0	
532517	0	0	0	0	0	145	0	0	0	0	0	0	
533265	0	0	0	0	0	123	0	0	0	0	0	0	
534014	0	0	0	0	0	123	0	0	0	0	0	0	
534764	0	0	0	0	0	123	0	0	0	0	0	0	
535512	0	0	0	0	0	0	115	0	0	0	0	0	
536264	0	0	0	0	0	0	109	0	0	0	0	0	
537019	0	0	0	0	0	0	109	0	0	0	0	0	
537769	0	0	0	0	0	135	0	0	0	0	0	0	
538517	0	0	0	0	0	125	0	0	0	0	0	0	
539268	0	0	0	0	0	141	0	0	0	0	0	0	
540018	0	0	0	0	0	147	0	0	0	0	0	0	
540768	0	0	0	0	0	133	0	0	0	0	0	0	
541520	0	0	0	0	0	147	0	0	0	0	0	0	
542269	0	0	0	0	0	137	0	0	0	0	0	0	
543021	0	0	0	0	0	139	0	0	0	0	0	0	
543766	0	0	0	0	0	143	0	0	0	0	0	0	
544518	0	0	0	0	0	135	0	0	0	0	0	0	
545268	0	0	0	0	0	125	0	0	0	0	0	0	
546016	0	0	0	0	0	133	0	0	0	0	0	0	
546766	0	0	0	0	0	113	0	0	0	0	0	0	
547511	0	0	0	0	0	135	0	0	0	0	0	0	
548262	0	0	0	0	0	131	0	0	0	0	0	0	
549012	0	0	0	0	0	109	0	0	0	0	0	0	
549765	0	0	0	0	0	121	0	0	0	0	0	0	
550517	0	0	0	0	0	121	0	0	0	0	0	0	
551269	0	0	0	0	0	135	0	0	0	0	0	0	
552018	0	0	0	0	0	121	0	0	0	0	0	0	
552767	0	0	0	0	0	131	0	0	0	0	0	0	
553514	0	0	0	0	0	127	0	0	0	0	0	0	
554263	0	0	0	0	0	137	0	0	0	0	0	0	
555012	0	0	0	0	0	129	0	0	0	0	0	0	
555763	0	0	0	0	0	139	0	0	0	0	0	0	
556516	0	0	0	0	0	121	0	0	0	0	0	0	
557266	0	0	0	0	0	147	0	0	0	0	0	0	
558016	0	0	0	0	0	125	0	0	0	0	0	0	
558769	0	0	0	0	0	133	0	0	0	0	0	0	
559518	0	0	0	0	0	137	0	0	0	0	0	0	
560267	0	0	0	0	0	131	0	0	0	0	0	0	
561018	0	0	0	0	0	147	0	0	0	0	0	0	
561768	0	0	0	0	0	131	0	0	0	0	0	0	
562520	0	0	0	0	0	115	0	0	0	0	0	0	
563267	0	0	0	0	0	141	0	0	0	0	0	0	
564018	0	0	0	0	0	137	0	0	0	0	0	0	
564764	0	0	0	0	0	129	0	0	0	0	0	0	
565515	0	0	0	0	0	115	0	0	0	0	0	0	
566263	0	0	0	0	0	133	0	0	0	0	0	0	
567010	0	0	0	0	0	113	0	0	0	0	0	0	
567761	0	0	0	0	0	133	0	0	0	0	0	0	
568514	0	0	0	0	0	139	0	0	0	0	0	0	
569263	0	0	0	0	0	139	0	0	0	0	0	0	
570015	0	0	0	0	0	147	0	0	0	0	0	0	
570765	0	0	0	0	0	119	0	0	0	0	0	0	
571516	0	0	0	0	0	133	0	0	0	0	0	0	
572267	0	0	0	0	0	141	0	0	0	0	0	0	
573015	0	0	0	0	0	125	0	0	0	0	0	0	
573763	0	0	0	0	0	123	0	0	0	0	0	0	
574517	0	0	0	0	0	135	0	0	0	0	0	0	
575262	0	0	0	0	0	137	0	0	0	0	0	0	
576012	0	0	0	0	0	141	0	0	0	0	0	0	
576764	0	0	0	0	0	129	0	0	0	0	0	0	
577511	0	0	0	0	0	133	0	0	0	0	0	0	
578262	0	0	0	0	2	133	0	0	0	0	0	0	
579012	0	0	0	0	0	143	0	0	0	0	0	0	
579763	0	0	0	0	0	145	0	0	0	0	0	0	
580514	0	0	0	0	199	0	0	0	0	0	0	0	
581265	0	0	0	0	159	0	0	0	0	0	0	0	
582012	0	0	0	0	177	0	0	0	0	0	0	0	
582761	0	0	0	0	145	0	0	0	0	0	0	0	
583511	0	0	0	0	137	0	0	0	0	0	0	0	
584262	0	0	0	39	130	0	0	0	0	0	0	0	
585014	0	0	0	0	173	0	0	0	0	0	0	0	
585767	0	0	0	0	149	0	0	0	0	0	0	0	
586515	0	0	0	0	167	0	0	0	0	0	0	0	
587268	0	0	0	0	163	0	0	0	0	0	0	0	
588020	0	0	0	0	167	0	0	0	0	0	0	0	
588770	0	0	0	0	173	0	0	0	0	0	0	0	
589522	0	0	0	0	193	0	0	0	0	0	0	0	
590274	0	0	0	0	171	0	0	0	0	0	0	0	
591019	0	0	0	0	157	0	0	0	0	0	0	0	
591771	0	0	0	0	157	0	0	0	0	0	0	0	
592522	0	0	0	0	163	0	0	0	0	0	0	0	
593271	0	0	0	0	161	0	0	0	0	0	0	0	
594018	0	0	0	0	155	0	0	0	0	0	0	0	
594770	0	0	0	0	145	0	0	0	0	0	0	0	
595518	0	0	0	0	147	0	0	0	0	0	0	0	
596265	0	0	0	0	175	0	0	0	0	0	0	0	
597016	0	0	0	0	149	0	0	0	0	0	0	0	
597765	0	0	0	0	165	0	0	0	0	0	0	0	
598515	0	0	0	0	157	0	0	0	0	0	0	0	
599266	0	0	0	0	171	0	0	0	0	0	0	0	
600014	0	0	0	0	175	0	0	0	0	0	0	0	
600765	0	0	0	0	153	0	0	0	0	0	0	0	
601515	0	0	0	0	141	0	0	0	0	0	0	0	
602266	0	0	0	0	147	0	0	0	0	0	0	0	
603015	0	0	0	0	143	0	0	0	0	0	0	0	
603762	0	0	0	0	155	0	0	0	0	0	0	0	
604510	0	0	0	0	151	0	0	0	0	0	0	0	
605258	0	0	0	0	171	0	0	0	0	0	0	0	
606006	0	0	0	0	163	0	0	0	0	0	0	0	
606755	0	0	0	0	161	0	0	0	0	0	0	0	
607506	0	0	0	0	141	0	0	0	0	0	0	0	
608255	0	0	0	0	147	0	0	0	0	0	0	0	
609005	0	0	0	0	153	0	0	0	0	0	0	0	
609755	0	0	0	0	131	0	0	0	0	0	0	0	
610504	0	0	0	0	163	0	0	0	0	0	0	0	
611256	0	0	0	0	169	0	0	0	0	0	0	0	
612005	0	0	0	0	134	17	0	0	0	0	0	0	
612755	0	0	0	0	173	0	0	0	0	0	0	0	
613505	0	0	0	0	145	0	0	0	0	0	0	0	
614255	0	0	0	0	139	0	0	0	0	0	0	0	
614999	0	0	0	0	143	0	0	0	0	0	0	0	
615751	0	0	0	0	163	0	0	0	0	0	0	0	
616502	0	0	0	0	169	0	0	0	0	0	0	0	
617252	0	0	0	0	145	0	0	0	0	0	0	0	
618002	0	0	0	0	179	0	0	0	0	0	0	0	
618754	0	0	0	0	169	0	0	0	0	0	0	0	
619506	0	0	0	0	163	0	0	0	0	0	0	0	
620255	0	0	0	0	179	0	0	0	0	0	0	0	
621005	0	0	0	0	167	0	0	0	0	0	0	0	
621755	0	0	0	0	167	0	0	0	0	0	0	0	
622503	0	0	0	0	165	0	0	0	0	0	0	0	
623252	0	0	0	0	157	0	0	0	0	0	0	0	
624002	0	0	0	0	163	0	0	0	0	0	0	0	
624750	0	0	0	0	175	0	0	0	0	0	0	0	
625499	0	0	0	0	173	0	0	0	0	0	0	0	
626249	0	0	0	0	147	0	0	0	0	0	0	0	
626994	0	0	0	0	159	0	0	0	0	0	0	0	
627744	0	0	0	0	157	0	0	0	0	0	0	0	
628496	0	0	0	0	155	0	0	0	0	0	0	0	
629245	0	0	0	0	159	0	0	0	0	0	0	0	
629993	0	0	0	0	151	0	0	0	0	0	0	0	
630745	0	0	0	0	129	0	0	0	0	0	0	0	
631495	0	0	0	0	181	0	0	0	0	0	0	0	
632248	0	0	0	0	149	0	0	0	0	0	0	0	
632998	0	0	0	0	145	0	0	0	0	0	0	0	
633748	0	0	0	0	157	0	0	0	0	0	0	0	
634497	0	0	0	0	165	0	0	0	0	0	0	0	
635249	0	0	0	0	163	2	0	0	0	0	0	0	
635998	0	0	0	0	163	0	0	0	0	0	0	0	
636749	0	0	0	0	157	0	0	0	0	0	0	0	
637500	0	0	0	0	173	0	0	0	0	0	0	0	
638249	0	0	0	0	0	145	0	0	0	0	0	0	
638999	0	0	0	0	0	141	0	0	0	0	0	0	
639750	0	0	0	0	0	149	0	0	0	0	0	0	
640500	0	0	0	0	0	127	0	0	0	0	0	0	
641248	0	0	0	0	0	129	0	0	0	0	0	0	
641996	0	0	0	0	0	141	0	0	0	0	0	0	
642745	0	0	0	0	0	141	0	0	0	0	0	0	
643496	0	0	0	0	0	127	0	0	0	0	0	0	
644244	0	0	0	0	0	133	0	0	0	0	0	0	
644994	0	0	0	0	0	143	0	0	0	0	0	0	
645743	0	0	0	0	0	145	0	0	0	0	0	0	
646490	0	0	0	0	0	147	0	0	0	0	0	0	
647241	0	0	0	0	0	141	0	0	0	0	0	0	
647992	0	0	0	0	0	133	0	0	0	0	0	0	
648743	0	0	0	0	0	129	0	0	0	0	0	0	
649497	0	0	0	0	0	129	0	0	0	0	0	0	
650248	0	0	0	0	0	131	0	0	0	0	0	0	
650998	0	0	0	0	0	133	0	0	0	0	0	0	
651749	0	0	0	0	0	143	0	0	0	0	0	0	
652501	0	0	0	0	0	131	0	0	0	0	0	0	
653252	0	0	0	0	0	135	0	0	0	0	0	0	
654001	0	0	0	0	0	131	0	0	0	0	0	0	
654748	0	0	0	0	0	0	107	0	0	0	0	0	
655499	0	0	0	0	0	0	103	0	0	0	0	0	
656247	0	0	0	0	0	0	117	0	0	0	0	0	
656997	0	0	0	0	0	0	115	0	0	0	0	0	
657751	0	0	0	0	0	0	117	0	0	0	0	0	
658498	0	0	0	0	0	0	99	0	0	0	0	0	
659252	0	0	0	0	0	0	137	0	0	0	0	0	
660005	0	0	0	0	0	0	109	0	0	0	0	0	
660755	0	0	0	0	0	0	115	0	0	0	0	0	
661504	0	0	0	0	0	0	113	0	0	0	0	0	
662255	0	0	0	0	0	0	115	0	0	0	0	0	
663006	0	0	0	0	0	0	117	0	0	0	0	0	
663756	0	0	0	0	0	0	107	0	0	0	0	0	
664506	0	0	0	0	0	0	109	0	0	0	0	0	
665259	0	0	0	0	0	0	103	0	0	0	0	0	
666015	0	0	0	0	0	0	111	0	0	0	0	0	
666766	0	0	0	0	0	0	119	0	0	0	0	0	
667517	0	0	0	0	0	147	0	0	0	0	0	0	
668268	0	0	0	0	0	137	0	0	0	0	0	0	
669019	0	0	0	0	0	155	0	0	0	0	0	0	
669765	0	0	0	0	0	143	0	0	0	0	0	0	
670518	0	0	0	0	0	133	0	0	0	0	0	0	
671265	0	0	0	0	0	145	0	0	0	0	0	0	
672010	0	0	0	0	0	127	0	0	0	0	0	0	
672760	0	0	0	0	0	137	0	0	0	0	0	0	
673511	0	0	0	0	0	133	0	0	0	0	0	0	
674260	0	0	0	0	0	0	115	0	0	0	0	0	
675011	0	0	0	0	0	0	101	0	0	0	0	0	
675758	0	0	0	0	0	0	113	0	0	0	0	0	
676511	0	0	0	0	0	0	101	0	0	0	0	0	
677260	0	0	0	0	0	0	111	0	0	0	0	0	
678011	0	0	0	0	0	0	95	0	0	0	0	0	
678758	0	0	0	0	0	0	111	0	0	0	0	0	
679507	0	0	0	0	0	0	105	0	0	0	0	0	
680257	0	0	0	0	0	0	133	0	0	0	0	0	
681005	0	0	0	0	0	0	101	0	0	0	0	0	
681754	0	0	0	0	0	0	121	0	0	0	0	0	
682504	0	0	0	0	0	7	116	0	0	0	0	0	
683256	0	0	0	0	0	0	95	22	0	0	0	0	
684005	0	0	0	0	0	0	99	0	0	0	0	0	
684753	0	0	0	0	0	0	109	0	0	0	0	0	
685504	0	0	0	0	0	0	121	0	0	0	0	0	
686255	0	0	0	0	0	0	93	0	0	0	0	0	
687005	0	0	0	0	0	0	95	0	0	0	0	0	
687753	0	0	0	0	0	0	109	0	0	0	0	0	
688504	0	0	0	0	0	0	121	0	0	0	0	0	
689256	0	0	0	0	0	0	111	0	0	0	0	0	
690006	0	0	0	0	0	0	115	0	0	0	0	0	
690759	0	0	0	0	0	0	111	0	0	0	0	0	
691509	0	0	0	0	0	0	125	0	0	0	0	0	
692260	0	0	0	0	0	0	131	0	0	0	0	0	
693014	0	0	0	0	0	0	117	0	0	0	0	0	
693764	0	0	0	0	0	0	109	0	0	0	0	0	
694514	0	0	0	0	0	0	107	0	0	0	0	0	
695267	0	0	0	0	0	0	121	0	0	0	0	0	
696017	0	0	0	0	0	0	115	0	0	0	0	0	
696769	0	0	0	0	0	0	121	0	0	0	0	0	
697518	0	0	0	0	0	1	120	0	0	0	0	0	
698269	0	0	0	0	0	0	0	91	0	0	0	0	
699019	0	0	0	0	0	0	0	97	0	0	0	0	
699769	0	0	0	0	0	0	0	95	0	0	0	0	
700520	0	0	0	0	0	0	0	99	0	0	0	0	
701270	0	0	0	0	0	0	0	93	0	0	0	0	
702020	0	0	0	0	0	0	0	103	0	0	0	0	
702768	0	0	0	0	0	0	0	109	0	0	0	0	
703517	0	0	0	0	0	0	0	99	0	0	0	0	
704268	0	0	0	0	0	0	0	99	0	0	0	0	
705018	0	0	0	0	0	0	26	97	0	0	0	0	
705770	0	0	0	0	0	0	125	0	0	0	0	0	
706521	0	0	0	0	0	0	97	0	0	0	0	0	
707272	0	0	0	0	0	0	117	0	0	0	0	0	
708023	0	0	0	0	0	0	97	0	0	0	0	0	
708773	0	0	0	0	0	0	93	0	0	0	0	0	
709520	0	0	0	0	0	0	113	0	0	0	0	0	
710269	0	0	0	0	0	125	0	0	0	0	0	0	
711018	0	0	0	0	0	115	0	0	0	0	0	0	
711767	0	0	0	0	0	145	0	0	0	0	0	0	
712516	0	0	0	0	0	127	0	0	0	0	0	0	
713267	0	0	0	0	0	121	0	0	0	0	0	0	
714018	0	0	0	0	0	125	0	0	0	0	0	0	
714764	0	0	0	0	0	131	0	0	0	0	0	0	
715517	0	0	0	0	0	143	0	0	0	0	0	0	
716268	0	0	0	0	0	135	0	0	0	0	0	0	
717018	0	0	0	0	0	137	0	0	0	0	0	0	
717769	0	0	0	0	0	135	0	0	0	0	0	0	
718518	0	0	0	0	0	137	0	0	0	0	0	0	
719265	0	0	0	0	0	127	0	0	0	0	0	0	
720015	0	0	0	0	0	123	0	0	0	0	0	0	
720764	0	0	0	0	0	133	0	0	0	0	0	0	
721512	0	0	0	0	0	135	0	0	0	0	0	0	
722265	0	0	0	0	0	125	0	0	0	0	0	0	
723020	0	0	0	0	0	149	0	0	0	0	0	0	
723769	0	0	0	0	0	143	0	0	0	0	0	0	
724516	0	0	0	0	0	117	0	0	0	0	0	0	
725267	0	0	0	0	0	111	0	0	0	0	0	0	
726017	0	0	0	0	0	141	0	0	0	0	0	0	
726768	0	0	0	0	0	121	0	0	0	0	0	0	
727516	0	0	0	0	0	127	0	0	0	0	0	0	
728265	0	0	0	0	0	141	0	0	0	0	0	0	
729014	0	0	0	0	0	117	0	0	0	0	0	0	
729763	0	0	0	0	0	118	9	0	0	0	0	0	
730512	0	0	0	0	0	121	0	0	0	0	0	0	
731262	0	0	0	0	0	125	0	0	0	0	0	0	
732013	0	0	0	0	159	0	0	0	0	0	0	0	
732759	0	0	0	0	0	159	0	0	0	0	0	0	
733506	0	0	0	0	0	113	0	0	0	0	0	0	
734256	0	0	0	0	131	0	0	0	0	0	0	0	
735007	0	0	0	0	161	0	0	0	0	0	0	0	
735757	0	0	0	0	149	0	0	0	0	0	0	0	
736506	0	0	0	0	150	3	0	0	0	0	0	0	
737257	0	0	0	0	157	0	0	0	0	0	0	0	
738010	0	0	0	0	159	0	0	0	0	0	0	0	
738757	0	0	0	0	151	0	0	0	0	0	0	0	
739507	0	0	0	0	147	0	0	0	0	0	0	0	
740258	0	0	0	0	171	0	0	0	0	0	0	0	
741007	0	0	0	0	171	0	0	0	0	0	0	0	
741761	0	0	0	0	189	0	0	0	0	0	0	0	
742511	0	0	0	0	159	0	0	0	0	0	0	0	
743260	0	0	0	0	175	0	0	0	0	0	0	0	
744013	0	0	0	0	171	0	0	0	0	0	0	0	
744761	0	0	0	0	147	0	0	0	0	0	0	0	
745513	0	0	0	0	191	0	0	0	0	0	0	0	
746262	0	0	0	0	157	0	0	0	0	0	0	0	
747015	0	0	0	0	199	0	0	0	0	0	0	0	
747764	0	0	0	0	125	0	0	0	0	0	0	0	
748515	0	0	0	0	157	0	0	0	0	0	0	0	
749264	0	0	0	0	191	0	0	0	0	0	0	0	
750013	0	0	0	0	157	0	0	0	0	0	0	0	
750762	0	0	0	0	159	0	0	0	0	0	0	0	
751511	0	0	0	0	175	0	0	0	0	0	0	0	
752262	0	0	0	0	163	0	0	0	0	0	0	0	
753010	0	0	0	0	193	0	0	0	0	0	0	0	
753761	0	0	0	0	163	0	0	0	0	0	0	0	
754510	0	0	0	0	165	0	0	0	0	0	0	0	
755262	0	0	0	0	163	0	0	0	0	0	0	0	
756011	0	0	0	0	153	0	0	0	0	0	0	0	
756762	0	0	0	0	163	0	0	0	0	0	0	0	
757513	0	0	0	0	161	0	0	0	0	0	0	0	
758265	0	0	0	0	155	0	0	0	0	0	0	0	
759015	0	0	0	0	165	0	0	0	0	0	0	0	
759767	0	0	0	0	167	0	0	0	0	0	0	0	
760520	0	0	0	0	169	0	0	0	0	0	0	0	
761267	0	0	0	0	159	0	0	0	0	0	0	0	
762017	0	0	0	0	159	0	0	0	0	0	0	0	
762769	0	0	0	0	137	0	0	0	0	0	0	0	
763520	0	0	0	0	167	0	0	0	0	0	0	0	
764268	0	0	0	0	175	0	0	0	0	0	0	0	
765019	0	0	0	0	145	0	0	0	0	0	0	0	
765767	0	0	0	0	163	0	0	0	0	0	0	0	
766520	0	0	0	0	175	0	0	0	0	0	0	0	
767270	0	0	0	0	157	0	0	0	0	0	0	0	
768024	0	0	0	0	143	0	0	0	0	0	0	0	
768774	0	0	0	0	151	0	0	0	0	0	0	0	
769526	0	0	0	0	173	0	0	0	0	0	0	0	
770275	0	0	0	0	159	0	0	0	0	0	0	0	
771027	0	0	0	0	155	0	0	0	0	0	0	0	
771776	0	0	0	0	165	0	0	0	0	0	0	0	
772525	0	0	0	0	153	0	0	0	0	0	0	0	
773277	0	0	0	0	0	125	0	0	0	0	0	0	
774027	0	0	0	0	0	137	0	0	0	0	0	0	
774777	0	0	0	0	0	147	0	0	0	0	0	0	
775526	0	0	0	0	0	127	0	0	0	0	0	0	
776277	0	0	0	0	0	119	0	0	0	0	0	0	
777030	0	0	0	0	0	151	0	0	0	0	0	0	
777780	0	0	0	0	0	131	0	0	0	0	0	0	
778531	0	0	0	0	0	139	0	0	0	0	0	0	
779285	0	0	0	0	0	117	0	0	0	0	0	0	
780033	0	0	0	0	0	123	0	0	0	0	0	0	
780784	0	0	0	0	0	155	0	0	0	0	0	0	
781533	0	0	0	0	2	133	0	0	0	0	0	0	
782283	0	0	0	0	0	137	0	0	0	0	0	0	
783035	0	0	0	0	0	135	0	0	0	0	0	0	
783783	0	0	0	0	0	127	0	0	0	0	0	0	
784537	0	0	0	0	169	0	0	0	0	0	0	0	
785289	0	0	0	0	155	0	0	0	0	0	0	0	
786037	0	0	0	0	153	0	0	0	0	0	0	0	
786785	0	0	0	0	173	0	0	0	0	0	0	0	
787534	0	0	0	0	153	0	0	0	0	0	0	0	
788285	0	0	0	0	153	0	0	0	0	0	0	0	
789034	0	0	0	0	157	0	0	0	0	0	0	0	
789784	0	0	0	0	161	0	0	0	0	0	0	0	
790533	0	0	0	0	147	0	0	0	0	0	0	0	
791282	0	0	0	0	141	0	0	0	0	0	0	0	
792032	0	0	0	0	159	0	0	0	0	0	0	0	
792779	0	0	0	0	141	0	0	0	0	0	0	0	
793529	0	0	0	0	167	0	0	0	0	0	0	0	
794277	0	0	0	0	153	0	0	0	0	0	0	0	
795025	0	0	0	0	181	0	0	0	0	0	0	0	
795773	0	0	0	0	153	0	0	0	0	0	0	0	
796522	0	0	0	0	157	0	0	0	0	0	0	0	
797272	0	0	0	0	195	0	0	0	0	0	0	0	
798024	0	0	0	0	137	0	0	0	0	0	0	0	
798773	0	0	0	0	169	0	0	0	0	0	0	0	
799518	0	0	0	0	155	0	0	0	0	0	0	0	
800265	0	0	0	0	157	0	0	0	0	0	0	0	
801017	0	0	0	0	147	0	0	0	0	0	0	0	
801767	0	0	0	0	151	0	0	0	0	0	0	0	
802515	0	0	0	0	141	0	0	0	0	0	0	0	
803271	0	0	0	0	167	0	0	0	0	0	0	0	
804020	0	0	0	0	0	145	0	0	0	0	0	0	
804771	0	0	0	0	0	137	0	0	0	0	0	0	
805523	0	0	0	0	0	125	0	0	0	0	0	0	
806272	0	0	0	0	0	139	0	0	0	0	0	0	
807020	0	0	0	0	0	141	0	0	0	0	0	0	
807767	0	0	0	0	0	113	0	0	0	0	0	0	
808519	0	0	0	0	0	139	0	0	0	0	0	0	
809267	0	0	0	0	0	115	0	0	0	0	0	0	
810016	0	0	0	0	0	157	0	0	0	0	0	0	
810767	0	0	0	0	0	109	0	0	0	0	0	0	
811516	0	0	0	0	0	131	0	0	0	0	0	0	
812267	0	0	0	0	0	131	0	0	0	0	0	0	
813018	0	0	0	0	0	143	0	0	0	0	0	0	
813769	0	0	0	0	0	111	0	0	0	0	0	0	
814519	0	0	0	0	0	141	0	0	0	0	0	0	
815272	0	0	0	0	0	125	0	0	0	0	0	0	
816022	0	0	0	0	0	129	0	0	0	0	0	0	
816773	0	0	0	0	0	127	0	0	0	0	0	0	
817521	0	0	0	0	28	105	0	0	0	0	0	0	
818270	0	0	0	0	157	0	0	0	0	0	0	0	
819017	0	0	0	0	159	0	0	0	0	0	0	0	
819763	0	0	0	0	147	0	0	0	0	0	0	0	
820515	0	0	0	0	167	0	0	0	0	0	0	0	
821266	0	0	0	0	183	0	0	0	0	0	0	0	
822019	0	0	0	0	159	0	0	0	0	0	0	0	
822771	0	0	0	0	177	0	0	0	0	0	0	0	
823523	0	0	0	0	153	0	0	0	0	0	0	0	
824274	0	0	0	183	0	0	0	0	0	0	0	0	
825024	0	0	0	193	0	0	0	0	0	0	0	0	
825773	0	0	0	201	0	0	0	0	0	0	0	0	
826524	0	0	0	181	0	0	0	0	0	0	0	0	
827269	0	0	0	211	0	0	0	0	0	0	0	0	
828016	0	0	0	203	0	0	0	0	0	0	0	0	
828766	0	0	0	184	9	0	0	0	0	0	0	0	
829512	0	0	0	195	0	0	0	0	0	0	0	0	
830260	0	0	0	117	58	0	0	0	0	0	0	0	
831008	0	0	0	0	177	0	0	0	0	0	0	0	
831759	0	0	0	0	157	0	0	0	0	0	0	0	
832509	0	0	0	0	147	0	0	0	0	0	0	0	
833263	0	0	0	0	159	0	0	0	0	0	0	0	
834011	0	0	0	0	171	0	0	0	0	0	0	0	
834758	0	0	0	0	165	0	0	0	0	0	0	0	
835507	0	0	0	0	147	0	0	0	0	0	0	0	
836257	0	0	0	0	169	0	0	0	0	0	0	0	
837005	0	0	0	0	149	0	0	0	0	0	0	0	
837756	0	0	0	0	167	0	0	0	0	0	0	0	
838508	0	0	0	0	161	0	0	0	0	0	0	0	
839256	0	0	0	0	143	0	0	0	0	0	0	0	
840005	0	0	0	0	155	0	0	0	0	0	0	0	
840757	0	0	0	0	153	0	0	0	0	0	0	0	
841504	0	0	0	0	165	0	0	0	0	0	0	0	
842251	0	0	0	0	0	133	0	0	0	0	0	0	
843001	0	0	0	0	0	127	0	0	0	0	0	0	
843753	0	0	0	0	0	153	0	0	0	0	0	0	
844504	0	0	0	0	0	127	0	0	0	0	0	0	
845255	0	0	0	0	0	145	0	0	0	0	0	0	
846007	0	0	0	0	0	127	0	0	0	0	0	0	
846758	0	0	0	0	0	147	0	0	0	0	0	0	
847512	0	0	0	0	0	141	0	0	0	0	0	0	
848263	0	0	0	0	0	129	0	0	0	0	0	0	
849016	0	0	0	0	0	127	0	0	0	0	0	0	
849764	0	0	0	0	0	125	0	0	0	0	0	0	
850514	0	0	0	0	0	131	0	0	0	0	0	0	
851267	0	0	0	0	0	145	0	0	0	0	0	0	
852018	0	0	0	0	0	127	0	0	0	0	0	0	
852770	0	0	0	0	0	119	0	0	0	0	0	0	
853515	0	0	0	0	0	137	16	0	0	0	0	0	
854266	0	0	0	0	0	135	0	0	0	0	0	0	
855020	0	0	0	0	0	149	0	0	0	0	0	0	
855772	0	0	0	0	0	139	0	0	0	0	0	0	
856522	0	0	0	0	0	135	0	0	0	0	0	0	
857271	0	0	0	0	0	135	0	0	0	0	0	0	
858022	0	0	0	0	0	135	0	0	0	0	0	0	
858771	0	0	0	0	0	131	0	0	0	0	0	0	
859522	0	0	0	0	0	129	0	0	0	0	0	0	
860271	0	0	0	0	0	157	0	0	0	0	0	0	
861022	0	0	0	0	0	141	0	0	0	0	0	0	
861773	0	0	0	0	0	149	0	0	0	0	0	0	
862526	0	0	0	0	0	157	0	0	0	0	0	0	
863276	0	0	0	0	0	111	0	0	0	0	0	0	
864029	0	0	0	0	0	131	0	0	0	0	0	0	
864780	0	0	0	0	0	133	0	0	0	0	0	0	
865529	0	0	0	0	0	115	0	0	0	0	0	0	
866282	0	0	0	0	0	113	0	0	0	0	0	0	
867031	0	0	0	0	0	127	0	0	0	0	0	0	
867781	0	0	0	0	0	135	0	0	0	0	0	0	
868533	0	0	0	0	0	123	0	0	0	0	0	0	
869281	0	0	0	0	0	127	0	0	0	0	0	0	
870032	0	0	0	0	0	135	0	0	0	0	0	0	
870780	0	0	0	0	0	133	0	0	0	0	0	0	
871529	0	0	0	0	0	135	0	0	0	0	0	0	
872281	0	0	0	0	0	167	0	0	0	0	0	0	
873030	0	0	0	0	0	145	0	0	0	0	0	0	
873780	0	0	0	0	0	127	0	0	0	0	0	0	
874529	0	0	0	0	5	146	0	0	0	0	0	0	
875281	0	0	0	0	0	139	0	0	0	0	0	0	
876031	0	0	0	0	0	127	0	0	0	0	0	0	
876779	0	0	0	0	0	141	0	0	0	0	0	0	
877530	0	0	0	0	0	121	0	0	0	0	0	0	
878283	0	0	0	0	0	133	0	0	0	0	0	0	
879033	0	0	0	0	159	0	0	0	0	0	0	0	
879786	0	0	0	0	177	0	0	0	0	0	0	0	
880537	0	0	0	0	183	0	0	0	0	0	0	0	
881290	0	0	0	0	157	0	0	0	0	0	0	0	
882040	0	0	0	0	179	0	0	0	0	0	0	0	
882791	0	0	0	0	147	0	0	0	0	0	0	0	
883539	0	0	0	0	167	0	0	0	0	0	0	0	
884291	0	0	0	0	147	0	0	0	0	0	0	0	
885041	0	0	0	0	153	0	0	0	0	0	0	0	
885791	0	0	0	0	171	0	0	0	0	0	0	0	
886539	0	0	0	0	161	0	0	0	0	0	0	0	
887289	0	0	0	0	187	0	0	0	0	0	0	0	
888038	0	0	0	0	163	0	0	0	0	0	0	0	
888789	0	0	0	0	165	0	0	0	0	0	0	0	
889539	0	0	0	0	143	0	0	0	0	0	0	0	
890287	0	0	0	0	151	0	0	0	0	0	0	0	
891036	0	0	0	0	189	0	0	0	0	0	0	0	
891785	0	0	0	0	163	0	0	0	0	0	0	0	
892533	0	0	0	0	157	0	0	0	0	0	0	0	
893283	0	0	0	0	151	0	0	0	0	0	0	0	
894035	0	0	0	0	149	0	0	0	0	0	0	0	
894782	0	0	0	0	149	0	0	0	0	0	0	0	
895534	0	0	0	0	149	0	0	0	0	0	0	0	
896282	0	0	0	0	147	0	0	0	0	0	0	0	
897033	0	0	0	0	177	0	0	0	0	0	0	0	
897784	0	0	0	0	142	7	0	0	0	0	0	0	
898532	0	0	0	0	0	145	0	0	0	0	0	0	
899285	0	0	0	0	0	135	0	0	0	0	0	0	
900036	0	0	0	0	0	127	0	0	0	0	0	0	
900788	0	0	0	0	0	133	0	0	0	0	0	0	
901538	0	0	0	0	0	127	0	0	0	0	0	0	
902289	0	0	0	0	0	133	0	0	0	0	0	0	
903037	0	0	0	0	0	131	0	0	0	0	0	0	
903789	0	0	0	0	0	0	119	0	0	0	0	0	
904541	0	0	0	0	0	0	119	0	0	0	0	0	
905288	0	0	0	0	0	0	97	0	0	0	0	0	
906036	0	0	0	0	0	0	115	0	0	0	0	0	
906787	0	0	0	0	0	0	135	0	0	0	0	0	
907538	0	0	0	0	0	0	103	0	0	0	0	0	
908288	0	0	0	0	0	0	125	0	0	0	0	0	
909037	0	0	0	0	0	0	107	0	0	0	0	0	
909782	0	0	0	0	0	0	123	0	0	0	0	0	
910530	0	0	0	0	0	0	107	0	0	0	0	0	
911281	0	0	0	0	0	0	97	0	0	0	0	0	
912030	0	0	0	0	0	0	119	0	0	0	0	0	
912775	0	0	0	0	0	0	117	0	0	0	0	0	
913526	0	0	0	0	0	0	115	0	0	0	0	0	
914275	0	0	0	0	0	0	105	0	0	0	0	0	
915028	0	0	0	0	0	0	111	0	0	0	0	0	
915777	0	0	0	0	0	0	111	0	0	0	0	0	
916530	0	0	0	0	0	0	125	0	0	0	0	0	
917281	0	0	0	0	0	0	107	0	0	0	0	0	
918034	0	0	0	0	0	0	131	0	0	0	0	0	
918784	0	0	0	0	0	0	111	0	0	0	0	0	
919534	0	0	0	0	0	0	111	0	0	0	0	0	
920286	0	0	0	0	0	0	99	0	0	0	0	0	
921037	0	0	0	0	0	0	115	0	0	0	0	0	
921785	0	0	0	0	0	0	105	0	0	0	0	0	
922534	0	0	0	0	0	0	109	0	0	0	0	0	
923284	0	0	0	0	0	0	105	0	0	0	0	0	
924033	0	0	0	0	0	0	123	0	0	0	0	0	
924782	0	0	0	0	0	0	115	0	0	0	0	0	
925531	0	0	0	0	0	0	125	0	0	0	0	0	
926284	0	0	0	0	0	0	125	0	0	0	0	0	
927029	0	0	0	0	0	0	113	0	0	0	0	0	
927778	0	0	0	0	0	0	117	0	0	0	0	0	
928528	0	0	0	0	0	0	0	87	0	0	0	0	
929278	0	0	0	0	0	0	0	101	0	0	0	0	
930029	0	0	0	0	0	0	0	89	0	0	0	0	
930777	0	0	0	0	0	0	0	99	0	0	0	0	
931530	0	0	0	0	0	0	0	97	0	0	0	0	
932281	0	0	0	0	0	0	16	93	0	0	0	0	
933030	0	0	0	0	0	0	0	85	0	0	0	0	
933781	0	0	0	0	0	0	0	99	0	0	0	0	
934533	0	0	0	0	0	0	0	95	0	0	0	0	
935280	0	0	0	0	0	0	0	115	0	0	0	0	
936030	0	0	0	0	0	0	0	107	0	0	0	0	
936778	0	0	0	0	0	0	0	87	0	0	0	0	
937529	0	0	0	0	0	0	42	67	0	0	0	0	
938279	0	0	0	0	0	0	0	93	0	0	0	0	
939026	0	0	0	0	0	0	0	101	0	0	0	0	
939778	0	0	0	0	0	0	0	105	0	0	0	0	
940528	0	0	0	0	0	0	0	93	0	0	0	0	
941279	0	0	0	0	0	0	0	111	0	0	0	0	
942030	0	0	0	0	0	0	0	91	0	0	0	0	
942782	0	0	0	0	0	0	0	95	0	0	0	0	
943534	0	0	0	0	0	0	0	89	0	0	0	0	
944278	0	0	0	0	0	0	0	97	0	0	0	0	
945029	0	0	0	0	0	0	0	117	0	0	0	0	
945776	0	0	0	0	0	0	0	103	0	0	0	0	
946527	0	0	0	0	0	0	0	113	0	0	0	0	
947279	0	0	0	0	0	0	0	93	0	0	0	0	
948032	0	0	0	0	0	0	0	115	0	0	0	0	
948784	0	0	0	0	0	0	0	91	0	0	0	0	
949531	0	0	0	0	0	0	0	95	0	0	0	0	
950279	0	0	0	0	0	0	0	97	0	0	0	0	
951031	0	0	0	0	0	0	0	103	0	0	0	0	
951783	0	0	0	0	0	0	0	81	0	0	0	0	
952536	0	0	0	0	0	0	0	99	0	0	0	0	
953286	0	0	0	0	0	0	0	105	0	0	0	0	
954036	0	0	0	0	0	0	0	97	0	0	0	0	
954787	0	0	0	0	0	0	0	93	0	0	0	0	
955535	0	0	0	0	0	0	0	119	0	0	0	0	
956287	0	0	0	0	0	0	0	91	0	0	0	0	
957037	0	0	0	0	0	0	0	103	0	0	0	0	
957786	0	0	0	0	0	0	0	105	0	0	0	0	
958537	0	0	0	0	0	0	0	93	0	0	0	0	
959284	0	0	0	0	0	0	0	103	0	0	0	0	
960035	0	0	0	0	0	0	0	103	0	0	0	0	
960784	0	0	0	0	0	0	0	111	0	0	0	0	
961534	0	0	0	0	0	0	0	91	0	0	0	0	
962289	0	0	0	0	0	0	0	95	0	0	0	0	
963042	0	0	0	0	0	0	0	93	0	0	0	0	
963795	0	0	0	0	0	0	0	93	0	0	0	0	
964540	0	0	0	0	0	0	0	95	0	0	0	0	
965292	0	0	0	0	0	0	0	101	0	0	0	0	
966044	0	0	0	0	0	0	0	103	0	0	0	0	
966793	0	0	0	0	0	0	0	89	0	0	0	0	
967544	0	0	0	0	0	0	0	113	0	0	0	0	
968294	0	0	0	0	0	0	0	79	0	0	0	0	
969044	0	0	0	0	0	0	0	97	0	0	0	0	
969795	0	0	0	0	0	0	0	99	0	0	0	0	
970540	0	0	0	0	0	0	113	0	0	0	0	0	
971289	0	0	0	0	0	0	101	0	0	0	0	0	
972041	0	0	0	0	0	0	113	0	0	0	0	0	
972788	0	0	0	0	0	0	111	0	0	0	0	0	
973541	0	0	0	0	0	0	111	0	0	0	0	0	
974293	0	0	0	0	0	0	145	0	0	0	0	0	
975045	0	0	0	0	0	0	99	0	0	0	0	0	
975798	0	0	0	0	0	0	109	0	0	0	0	0	
976547	0	0	0	0	0	0	115	0	0	0	0	0	
977296	0	0	0	0	0	0	113	0	0	0	0	0	
978046	0	0	0	0	0	0	115	0	0	0	0	0	
978793	0	0	0	0	0	0	107	0	0	0	0	0	
979544	0	0	0	0	0	0	121	0	0	0	0	0	
980291	0	0	0	0	0	0	117	0	0	0	0	0	
981042	0	0	0	0	0	0	115	0	0	0	0	0	
981792	0	0	0	0	0	0	137	0	0	0	0	0	
982542	0	0	0	0	0	0	0	125	0	0	0	0	
983293	0	0	0	0	0	0	0	91	0	0	0	0	
984044	0	0	0	0	0	0	0	101	0	0	0	0	
984794	0	0	0	0	0	0	0	111	0	0	0	0	
985540	0	0	0	0	0	0	0	107	0	0	0	0	
986290	0	0	0	0	0	0	0	109	0	0	0	0	
987038	0	0	0	0	0	0	0	97	0	0	0	0	
987786	0	0	0	0	0	0	0	0	109	0	0	0	
988538	0	0	0	0	0	0	0	0	85	0	0	0	
989291	0	0	0	0	0	0	0	0	105	0	0	0	
990042	0	0	0	0	0	0	0	0	71	0	0	0	
990790	0	0	0	0	0	0	0	0	89	0	0	0	
991537	0	0	0	0	0	0	0	0	97	0	0	0	
992289	0	0	0	0	0	0	0	0	0	87	0	0	
993040	0	0	0	0	0	0	0	0	0	77	0	0	
993793	0	0	0	0	0	0	0	0	0	77	0	0	
994542	0	0	0	0	0	0	0	0	0	67	0	0	
995296	0	0	0	0	0	0	0	0	0	67	0	0	
996046	0	0	0	0	0	0	0	0	0	91	0	0	
996794	0	0	0	0	0	0	0	0	0	79	0	0	
997547	0	0	0	0	0	0	0	0	83	0	0	0	
998297	0	0	0	0	0	0	0	0	73	0	0	0	
999048	0	0	0	0	0	0	0	99	0	0	0	0	
999801	0	0	0	0	0	0	0	95	0	0	0	0	
1.00055e+06	0	0	0	0	0	0	0	77	0	0	0	0	
1.0013e+06	0	0	0	0	0	0	0	89	0	0	0	0	
1.00205e+06	0	0	0	0	0	0	0	129	0	0	0	0	
1.0028e+06	0	0	0	0	0	0	0	101	0	0	0	0	
1.00355e+06	0	0	0	0	0	0	0	91	0	0	0	0	
1.0043e+06	0	0	0	0	0	0	0	91	0	0	0	0	
1.00505e+06	0	0	0	0	0	0	0	113	0	0	0	0	
1.0058e+06	0	0	0	0	0	0	0	101	0	0	0	0	
1.00655e+06	0	0	0	0	0	0	0	111	0	0	0	0	
1.0073e+06	0	0	0	0	0	0	0	113	0	0	0	0	
1.00805e+06	0	0	0	0	0	0	0	103	0	0	0	0	
1.0088e+06	0	0	0	0	0	0	0	89	0	0	0	0	
1.00955e+06	0	0	0	0	0	0	0	113	0	0	0	0	
1.01031e+06	0	0	0	0	0	0	0	101	0	0	0	0	
1.01105e+06	0	0	0	0	0	0	0	89	0	0	0	0	
1.0118e+06	0	0	0	0	0	0	0	91	0	0	0	0	
1.01256e+06	0	0	0	0	0	0	0	111	0	0	0	0	
1.01331e+06	0	0	0	0	0	0	0	91	0	0	0	0	
1.01406e+06	0	0	0	0	0	0	0	85	0	0	0	0	
1.01481e+06	0	0	0	0	0	0	0	97	0	0	0	0	
1.01556e+06	0	0	0	0	0	0	11	104	0	0	0	0	
1.01631e+06	0	0	0	0	0	0	0	97	0	0	0	0	
1.01706e+06	0	0	0	0	0	0	0	85	0	0	0	0	
1.01781e+06	0	0	0	0	0	0	0	109	0	0	0	0	
1.01856e+06	0	0	0	0	0	0	0	95	0	0	0	0	
1.01932e+06	0	0	0	0	0	0	0	111	0	0	0	0	
1.02006e+06	0	0	0	0	0	0	0	97	0	0	0	0	
1.02081e+06	0	0	0	0	0	0	0	95	0	0	0	0	
1.02156e+06	0	0	0	0	0	0	0	101	0	0	0	0	
1.02231e+06	0	0	0	0	0	0	0	107	0	0	0	0	
1.02307e+06	0	0	0	0	0	0	0	109	0	0	0	0	
1.02381e+06	0	0	0	0	0	0	0	105	0	0	0	0	
1.02456e+06	0	0	0	0	0	0	4	87	0	0	0	0	
1.02531e+06	0	0	0	0	0	0	0	101	0	0	0	0	
1.02606e+06	0	0	0	0	0	0	0	93	0	0	0	0	
1.02681e+06	0	0	0	0	0	0	0	111	0	0	0	0	
1.02756e+06	0	0	0	0	0	0	0	99	0	0	0	0	
1.02831e+06	0	0	0	0	0	0	0	105	0	0	0	0	
1.02907e+06	0	0	0	0	0	0	0	97	0	0	0	0	
1.02982e+06	0	0	0	0	0	0	0	87	0	0	0	0	
1.03057e+06	0	0	0	0	0	0	0	101	0	0	0	0	
1.03132e+06	0	0	0	0	0	0	0	105	0	0	0	0	
1.03207e+06	0	0	0	0	0	0	0	105	0	0	0	0	
1.03281e+06	0	0	0	0	0	0	0	119	0	0	0	0	
1.03356e+06	0	0	0	0	0	0	0	101	0	0	0	0	
1.03432e+06	0	0	0	0	0	0	0	0	85	0	0	0	
1.03507e+06	0	0	0	0	0	0	0	0	91	0	0	0	
1.03582e+06	0	0	0	0	0	0	0	0	91	0	0	0	
1.03657e+06	0	0	0	0	0	0	0	0	85	0	0	0	
1.03731e+06	0	0	0	0	0	0	0	0	87	0	0	0	
1.03806e+06	0	0	0	0	0	0	0	0	95	0	0	0	
1.03881e+06	0	0	0	0	0	0	0	0	89	0	0	0	
1.03957e+06	0	0	0	0	0	0	0	0	109	0	0	0	
1.04032e+06	0	0	0	0	0	0	0	0	75	0	0	0	
1.04107e+06	0	0	0	0	0	0	0	0	79	0	0	0	
1.04182e+06	0	0	0	0	0	0	0	0	85	0	0	0	
1.04256e+06	0	0	0	0	0	0	0	0	97	0	0	0	
1.04331e+06	0	0	0	0	0	0	0	0	81	0	0	0	
1.04406e+06	0	0	0	0	0	0	0	0	101	0	0	0	
1.04481e+06	0	0	0	0	0	0	0	0	97	0	0	0	
1.04556e+06	0	0	0	0	0	0	0	0	87	0	0	0	
1.04631e+06	0	0	0	0	0	0	0	0	79	0	0	0	
1.04706e+06	0	0	0	0	0	0	0	0	83	0	0	0	
1.04781e+06	0	0	0	0	0	0	0	0	71	0	0	0	
1.04856e+06	0	0	0	0	0	0	0	0	87	0	0	0	
1.04931e+06	0	0	0	0	0	0	0	0	95	0	0	0	
1.05006e+06	0	0	0	0	0	0	0	0	97	0	0	0	
1.05081e+06	0	0	0	0	0	0	0	0	71	0	0	0	
1.05156e+06	0	0	0	0	0	0	0	0	75	0	0	0	
1.05232e+06	0	0	0	0	0	0	0	0	71	0	0	0	
1.05307e+06	0	0	0	0	0	0	0	0	97	0	0	0	
1.05382e+06	0	0	0	0	0	0	0	0	93	0	0	0	
1.05457e+06	0	0	0	0	0	0	0	0	91	0	0	0	
1.05532e+06	0	0	0	0	0	0	0	0	83	0	0	0	
1.05607e+06	0	0	0	0	0	0	0	0	89	0	0	0	
1.05682e+06	0	0	0	0	0	0	0	0	85	0	0	0	
1.05757e+06	0	0	0	0	0	0	0	0	83	0	0	0	
1.05832e+06	0	0	0	0	0	0	0	0	109	0	0	0	
1.05907e+06	0	0	0	0	0	0	0	0	85	0	0	0	
1.05981e+06	0	0	0	0	0	0	0	0	79	0	0	0	
1.06057e+06	0	0	0	0	0	0	0	0	79	0	0	0	
1.06132e+06	0	0	0	0	0	0	0	0	81	0	0	0	
1.06207e+06	0	0	0	0	0	0	0	0	89	0	0	0	
1.06282e+06	0	0	0	0	0	0	0	0	89	0	0	0	
1.06357e+06	0	0	0	0	0	0	0	0	69	0	0	0	
1.06432e+06	0	0	0	0	0	0	0	0	97	0	0	0	
1.06507e+06	0	0	0	0	0	0	0	0	87	0	0	0	
1.06582e+06	0	0	0	0	0	0	0	0	71	0	0	0	
1.06657e+06	0	0	0	0	0	0	0	0	61	0	0	0	
1.06732e+06	0	0	0	0	0	0	0	0	97	0	0	0	
1.06807e+06	0	0	0	0	0	0	0	0	77	0	0	0	
1.06882e+06	0	0	0	0	0	0	0	0	87	0	0	0	
1.06957e+06	0	0	0	0	0	0	0	0	89	0	0	0	
1.07032e+06	0	0	0	0	0	0	0	0	87	0	0	0	
1.07107e+06	0	0	0	0	0	0	0	0	89	0	0	0	
1.07182e+06	0	0	0	0	0	0	0	0	87	0	0	0	
1.07257e+06	0	0	0	0	0	0	0	0	83	0	0	0	
1.07332e+06	0	0	0	0	0	0	0	0	85	0	0	0	
1.07407e+06	0	0	0	0	0	0	0	0	79	0	0	0	
1.07482e+06	0	0	0	0	0	0	0	0	95	0	0	0	
1.07557e+06	0	0	0	0	0	0	0	0	99	0	0	0	
1.07632e+06	0	0	0	0	0	0	0	0	79	0	0	0	
1.07707e+06	0	0	0	0	0	0	0	0	87	0	0	0	
1.07782e+06	0	0	0	0	0	0	0	0	77	0	0	0	
1.07856e+06	0	0	0	0	0	0	0	0	81	0	0	0	
1.07931e+06	0	0	0	0	0	0	0	0	85	0	0	0	
1.08007e+06	0	0	0	0	0	0	0	0	89	0	0	0	
1.08081e+06	0	0	0	0	0	0	0	0	75	0	0	0	
1.08156e+06	0	0	0	0	0	0	0	0	83	0	0	0	
1.08231e+06	0	0	0	0	0	0	0	0	77	0	0	0	
1.08306e+06	0	0	0	0	0	0	0	0	87	0	0	0	
1.08381e+06	0	0	0	0	0	0	0	0	93	0	0	0	
1.08456e+06	0	0	0	0	0	0	0	0	99	0	0	0	
1.08532e+06	0	0	0	0	0	0	0	0	101	0	0	0	
1.08606e+06	0	0	0	0	0	0	0	0	101	0	0	0	
1.08681e+06	0	0	0	0	0	0	0	0	91	0	0	0	
1.08756e+06	0	0	0	0	0	0	0	0	103	0	0	0	
1.08831e+06	0	0	0	0	0	0	0	0	85	0	0	0	
1.08906e+06	0	0	0	0	0	0	0	0	81	0	0	0	
1.0898e+06	0	0	0	0	0	0	0	0	93	0	0	0	
1.09055e+06	0	0	0	0	0	0	0	0	93	0	0	0	
1.09131e+06	0	0	0	0	0	0	0	0	87	0	0	0	
1.09205e+06	0	0	0	0	0	0	0	0	97	0	0	0	
1.0928e+06	0	0	0	0	0	0	0	0	91	0	0	0	
1.09355e+06	0	0	0	0	0	0	0	0	99	0	0	0	
1.0943e+06	0	0	0	0	0	0	0	0	75	0	0	0	
1.09505e+06	0	0	0	0	0	0	0	0	99	0	0	0	
1.09579e+06	0	0	0	0	0	0	0	0	91	0	0	0	
1.09654e+06	0	0	0	0	0	0	0	0	105	0	0	0	
1.09729e+06	0	0	0	0	0	0	0	0	87	0	0	0	
1.09804e+06	0	0	0	0	0	0	0	93	0	0	0	0	
1.09879e+06	0	0	0	0	0	0	0	85	0	0	0	0	
1.09954e+06	0	0	0	0	0	0	0	103	0	0	0	0	
1.10029e+06	0	0	0	0	0	0	0	109	0	0	0	0	
1.10104e+06	0	0	0	0	0	0	0	95	0	0	0	0	
1.10179e+06	0	0	0	0	0	0	0	97	0	0	0	0	
1.10254e+06	0	0	0	0	0	0	0	0	83	0	0	0	
1.10329e+06	0	0	0	0	0	0	0	0	81	0	0	0	
1.10405e+06	0	0	0	0	0	0	0	0	83	0	0	0	
1.1048e+06	0	0	0	0	0	0	0	0	87	0	0	0	
1.10554e+06	0	0	0	0	0	0	0	0	97	0	0	0	
1.10629e+06	0	0	0	0	0	0	0	0	83	0	0	0	
1.10704e+06	0	0	0	0	0	0	0	0	87	0	0	0	
1.10779e+06	0	0	0	0	0	0	0	0	89	0	0	0	
1.10855e+06	0	0	0	0	0	0	0	0	89	0	0	0	
1.1093e+06	0	0	0	0	0	0	0	0	95	0	0	0	
1.11004e+06	0	0	0	0	0	0	0	0	81	0	0	0	
1.1108e+06	0	0	0	0	0	0	0	0	97	0	0	0	
1.11155e+06	0	0	0	0	0	0	0	0	85	0	0	0	
1.1123e+06	0	0	0	0	0	0	0	99	0	0	0	0	
1.11305e+06	0	0	0	0	0	0	0	91	0	0	0	0	
1.1138e+06	0	0	0	0	0	0	0	87	0	0	0	0	
1.11455e+06	0	0	0	0	0	0	0	93	0	0	0	0	
1.1153e+06	0	0	0	0	0	0	0	103	0	0	0	0	
1.11605e+06	0	0	0	0	0	0	0	105	0	0	0	0	
1.1168e+06	0	0	0	0	0	0	0	103	0	0	0	0	
1.11755e+06	0	0	0	0	0	0	0	119	0	0	0	0	
1.1183e+06	0	0	0	0	0	0	0	89	0	0	0	0	
1.11905e+06	0	0	0	0	0	0	0	113	0	0	0	0	
1.1198e+06	0	0	0	0	0	0	0	89	0	0	0	0	
1.12055e+06	0	0	0	0	0	0	7	104	0	0	0	0	
1.1213e+06	0	0	0	0	0	0	0	85	0	0	0	0	
1.12205e+06	0	0	0	0	0	0	0	113	0	0	0	0	
1.1228e+06	0	0	0	0	0	0	0	103	0	0	0	0	
1.12355e+06	0	0	0	0	0	0	0	87	0	0	0	0	
1.1243e+06	0	0	0	0	0	0	0	95	0	0	0	0	
1.12505e+06	0	0	0	0	0	0	0	99	0	0	0	0	
1.1258e+06	0	0	0	0	0	0	0	99	0	0	0	0	
1.12655e+06	0	0	0	0	0	0	0	87	0	0	0	0	
1.1273e+06	0	0	0	0	0	0	0	83	0	0	0	0	
1.12805e+06	0	0	0	0	0	0	0	83	0	0	0	0	
1.1288e+06	0	0	0	0	0	0	0	97	0	0	0	0	
1.12955e+06	0	0	0	0	0	0	0	87	0	0	0	0	
1.1303e+06	0	0	0	0	0	0	101	0	0	0	0	0	
1.13105e+06	0	0	0	0	0	0	105	0	0	0	0	0	
1.1318e+06	0	0	0	0	0	0	121	0	0	0	0	0	
1.13254e+06	0	0	0	0	0	0	115	0	0	0	0	0	
1.13329e+06	0	0	0	0	0	0	119	0	0	0	0	0	
1.13404e+06	0	0	0	0	0	0	111	0	0	0	0	0	
1.13479e+06	0	0	0	0	0	0	105	0	0	0	0	0	
1.13554e+06	0	0	0	0	0	0	113	0	0	0	0	0	
1.13629e+06	0	0	0	0	0	0	95	0	0	0	0	0	
1.13704e+06	0	0	0	0	0	0	121	0	0	0	0	0	
1.1378e+06	0	0	0	0	0	0	127	0	0	0	0	0	
1.13855e+06	0	0	0	0	0	0	117	0	0	0	0	0	
1.1393e+06	0	0	0	0	0	0	111	0	0	0	0	0	
1.14005e+06	0	0	0	0	0	0	107	0	0	0	0	0	
1.14079e+06	0	0	0	0	0	0	114	1	0	0	0	0	
1.14154e+06	0	0	0	0	0	0	113	0	0	0	0	0	
1.1423e+06	0	0	0	0	0	0	103	0	0	0	0	0	
1.14305e+06	0	0	0	0	0	0	123	0	0	0	0	0	
1.1438e+06	0	0	0	0	0	0	115	0	0	0	0	0	
1.14455e+06	0	0	0	0	0	0	107	0	0	0	0	0	
1.1453e+06	0	0	0	0	0	0	107	0	0	0	0	0	
1.14605e+06	0	0	0	0	0	0	119	0	0	0	0	0	
1.14679e+06	0	0	0	0	0	0	123	0	0	0	0	0	
1.14754e+06	0	0	0	0	0	0	117	0	0	0	0	0	
1.14829e+06	0	0	0	0	0	11	106	0	0	0	0	0	
1.14904e+06	0	0	0	0	0	0	125	0	0	0	0	0	
1.1498e+06	0	0	0	0	0	0	117	0	0	0	0	0	
1.15055e+06	0	0	0	0	0	0	121	0	0	0	0	0	
1.1513e+06	0	0	0	0	0	0	117	0	0	0	0	0	
1.15205e+06	0	0	0	0	0	0	0	87	0	0	0	0	
1.1528e+06	0	0	0	0	0	0	0	117	0	0	0	0	
1.15355e+06	0	0	0	0	0	0	0	99	0	0	0	0	
1.1543e+06	0	0	0	0	0	0	0	101	0	0	0	0	
1.15505e+06	0	0	0	0	0	0	0	111	0	0	0	0	
1.1558e+06	0	0	0	0	0	0	0	93	0	0	0	0	
1.15655e+06	0	0	0	0	0	0	0	95	0	0	0	0	
1.1573e+06	0	0	0	0	0	0	0	117	0	0	0	0	
1.15805e+06	0	0	0	0	0	0	0	123	0	0	0	0	
1.1588e+06	0	0	0	0	0	0	0	97	0	0	0	0	
1.15955e+06	0	0	0	0	0	0	0	99	0	0	0	0	
1.1603e+06	0	0	0	0	0	0	0	103	0	0	0	0	
1.16105e+06	0	0	0	0	0	0	0	91	0	0	0	0	
1.16181e+06	0	0	0	0	0	0	0	111	0	0	0	0	
1.16256e+06	0	0	0	0	0	0	0	97	0	0	0	0	
1.16331e+06	0	0	0	0	0	0	0	97	0	0	0	0	
1.16406e+06	0	0	0	0	0	0	0	107	0	0	0	0	
1.16481e+06	0	0	0	0	0	0	0	105	0	0	0	0	
1.16555e+06	0	0	0	0	0	0	0	107	0	0	0	0	
1.1663e+06	0	0	0	0	0	0	0	109	0	0	0	0	
1.16705e+06	0	0	0	0	0	0	0	103	0	0	0	0	
1.1678e+06	0	0	0	0	0	0	0	83	0	0	0	0	
1.16855e+06	0	0	0	0	0	0	109	0	0	0	0	0	
1.16931e+06	0	0	0	0	0	0	123	0	0	0	0	0	
1.17006e+06	0	0	0	0	0	0	97	0	0	0	0	0	
1.17081e+06	0	0	0	0	0	0	131	0	0	0	0	0	
1.17156e+06	0	0	0	0	0	0	107	0	0	0	0	0	
1.17231e+06	0	0	0	0	0	0	107	0	0	0	0	0	
1.17307e+06	0	0	0	0	0	0	113	0	0	0	0	0	
1.17381e+06	0	0	0	0	0	0	115	0	0	0	0	0	
1.17456e+06	0	0	0	0	0	0	119	0	0	0	0	0	
1.17531e+06	0	0	0	0	0	137	0	0	0	0	0	0	
1.17606e+06	0	0	0	0	0	131	0	0	0	0	0	0	
1.17681e+06	0	0	0	0	0	115	0	0	0	0	0	0	
1.17756e+06	0	0	0	0	0	141	0	0	0	0	0	0	
1.17831e+06	0	0	0	0	0	135	0	0	0	0	0	0	
1.17906e+06	0	0	0	0	0	125	0	0	0	0	0	0	
1.17981e+06	0	0	0	0	0	0	117	0	0	0	0	0	
1.18056e+06	0	0	0	0	0	0	103	0	0	0	0	0	
1.18131e+06	0	0	0	0	0	127	0	0	0	0	0	0	
1.18206e+06	0	0	0	0	0	141	0	0	0	0	0	0	
1.18281e+06	0	0	0	0	0	133	0	0	0	0	0	0	
1.18356e+06	0	0	0	0	0	143	0	0	0	0	0	0	
1.18431e+06	0	0	0	0	0	133	0	0	0	0	0	0	
1.18506e+06	0	0	0	0	0	109	0	0	0	0	0	0	
1.18581e+06	0	0	0	0	0	125	0	0	0	0	0	0	
1.18655e+06	0	0	0	0	0	129	0	0	0	0	0	0	
1.18731e+06	0	0	0	0	0	147	0	0	0	0	0	0	
1.18806e+06	0	0	0	0	0	135	0	0	0	0	0	0	
1.18881e+06	0	0	0	0	143	0	0	0	0	0	0	0	
1.18956e+06	0	0	0	0	169	0	0	0	0	0	0	0	
1.19031e+06	0	0	0	0	167	0	0	0	0	0	0	0	
1.19106e+06	0	0	0	0	169	0	0	0	0	0	0	0	
1.19181e+06	0	0	0	0	149	0	0	0	0	0	0	0	
1.19256e+06	0	0	0	0	167	0	0	0	0	0	0	0	
1.19331e+06	0	0	0	0	157	0	0	0	0	0	0	0	
1.19406e+06	0	0	0	0	141	0	0	0	0	0	0	0	
1.19481e+06	0	0	0	0	165	0	0	0	0	0	0	0	
1.19557e+06	0	0	0	0	149	0	0	0	0	0	0	0	
1.19631e+06	0	0	0	0	161	0	0	0	0	0	0	0	
1.19706e+06	0	0	0	0	157	0	0	0	0	0	0	0	
1.19782e+06	0	0	0	0	159	0	0	0	0	0	0	0	
1.19857e+06	0	0	0	25	128	0	0	0	0	0	0	0	
1.19931e+06	0	0	0	0	171	0	0	0	0	0	0	0	
1.20007e+06	0	0	0	0	159	0	0	0	0	0	0	0	
1.20082e+06	0	0	0	0	179	0	0	0	0	0	0	0	
1.20157e+06	0	0	0	0	175	0	0	0	0	0	0	0	
1.20232e+06	0	0	0	0	165	0	0	0	0	0	0	0	
1.20307e+06	0	0	0	0	183	0	0	0	0	0	0	0	
1.20382e+06	0	0	0	0	143	0	0	0	0	0	0	0	
1.20458e+06	0	0	0	0	141	0	0	0	0	0	0	0	
1.20533e+06	0	0	0	0	151	0	0	0	0	0	0	0	
1.20608e+06	0	0	0	0	155	0	0	0	0	0	0	0	
1.20683e+06	0	0	0	0	155	0	0	0	0	0	0	0	
1.20758e+06	0	0	0	0	155	0	0	0	0	0	0	0	
1.20833e+06	0	0	0	0	167	0	0	0	0	0	0	0	
1.20908e+06	0	0	0	0	155	0	0	0	0	0	0	0	
1.20983e+06	0	0	0	0	157	0	0	0	0	0	0	0	
1.21058e+06	0	0	0	0	155	0	0	0	0	0	0	0	
1.21133e+06	0	0	0	0	141	0	0	0	0	0	0	0	
1.21208e+06	0	0	0	0	157	0	0	0	0	0	0	0	
1.21282e+06	0	0	0	0	159	0	0	0	0	0	0	0	
1.21358e+06	0	0	0	0	155	0	0	0	0	0	0	0	
1.21432e+06	0	0	0	0	149	0	0	0	0	0	0	0	
1.21507e+06	0	0	0	0	151	0	0	0	0	0	0	0	
1.21582e+06	0	0	0	0	179	0	0	0	0	0	0	0	
1.21658e+06	0	0	0	0	167	0	0	0	0	0	0	0	
1.21733e+06	0	0	0	0	167	0	0	0	0	0	0	0	
1.21808e+06	0	0	0	0	169	0	0	0	0	0	0	0	
1.21882e+06	0	0	0	0	153	0	0	0	0	0	0	0	
1.21958e+06	0	0	0	0	147	0	0	0	0	0	0	0	
1.22033e+06	0	0	0	0	151	0	0	0	0	0	0	0	
1.22108e+06	0	0	0	0	143	0	0	0	0	0	0	0	
1.22183e+06	0	0	0	0	175	0	0	0	0	0	0	0	
1.22258e+06	0	0	0	0	143	0	0	0	0	0	0	0	
1.22333e+06	0	0	0	0	161	0	0	0	0	0	0	0	
1.22408e+06	0	0	0	0	183	0	0	0	0	0	0	0	
1.22483e+06	0	0	0	0	165	0	0	0	0	0	0	0	
1.22557e+06	0	0	0	0	151	0	0	0	0	0	0	0	
1.22632e+06	0	0	0	1	162	0	0	0	0	0	0	0	
1.22707e+06	0	0	0	0	143	0	0	0	0	0	0	0	
1.22782e+06	0	0	0	0	149	0	0	0	0	0	0	0	
1.22858e+06	0	0	0	0	0	127	0	0	0	0	0	0	
1.22932e+06	0	0	0	0	0	141	0	0	0	0	0	0	
1.23007e+06	0	0	0	0	0	125	0	0	0	0	0	0	
1.23082e+06	0	0	0	0	0	125	0	0	0	0	0	0	
1.23157e+06	0	0	0	0	0	133	0	0	0	0	0	0	
1.23232e+06	0	0	0	0	0	121	0	0	0	0	0	0	
1.23307e+06	0	0	0	0	0	145	0	0	0	0	0	0	
1.23382e+06	0	0	0	0	0	131	0	0	0	0	0	0	
1.23457e+06	0	0	0	0	0	125	0	0	0	0	0	0	
1.23532e+06	0	0	0	0	0	151	0	0	0	0	0	0	
1.23607e+06	0	0	0	0	0	163	0	0	0	0	0	0	
1.23682e+06	0	0	0	0	0	123	0	0	0	0	0	0	
1.23757e+06	0	0	0	0	0	143	0	0	0	0	0	0	
1.23832e+06	0	0	0	0	2	143	0	0	0	0	0	0	
1.23907e+06	0	0	0	0	0	129	0	0	0	0	0	0	
1.23982e+06	0	0	0	0	0	131	0	0	0	0	0	0	
1.24057e+06	0	0	0	0	0	107	0	0	0	0	0	0	
1.24132e+06	0	0	0	0	0	147	0	0	0	0	0	0	
1.24207e+06	0	0	0	0	0	147	0	0	0	0	0	0	
1.24282e+06	0	0	0	0	0	141	0	0	0	0	0	0	
1.24358e+06	0	0	0	0	0	119	0	0	0	0	0	0	
1.24432e+06	0	0	0	0	0	127	0	0	0	0	0	0	
1.24507e+06	0	0	0	0	0	143	0	0	0	0	0	0	
1.24582e+06	0	0	0	0	0	113	0	0	0	0	0	0	
1.24657e+06	0	0	0	0	0	125	0	0	0	0	0	0	
1.24733e+06	0	0	0	0	0	131	0	0	0	0	0	0	
1.24808e+06	0	0	0	0	0	115	0	0	0	0	0	0	
1.24883e+06	0	0	0	0	0	139	0	0	0	0	0	0	
1.24958e+06	0	0	0	0	0	131	0	0	0	0	0	0	
1.25033e+06	0	0	0	0	0	133	0	0	0	0	0	0	
1.25108e+06	0	0	0	0	175	0	0	0	0	0	0	0	
1.25182e+06	0	0	0	0	153	0	0	0	0	0	0	0	
1.25257e+06	0	0	0	0	143	0	0	0	0	0	0	0	
1.25332e+06	0	0	0	0	147	0	0	0	0	0	0	0	
1.25407e+06	0	0	0	0	161	0	0	0	0	0	0	0	
1.25482e+06	0	0	0	0	187	0	0	0	0	0	0	0	
1.25557e+06	0	0	0	0	139	0	0	0	0	0	0	0	
1.25632e+06	0	0	0	0	149	0	0	0	0	0	0	0	
1.25707e+06	0	0	0	0	165	0	0	0	0	0	0	0	
1.25782e+06	0	0	0	0	157	0	0	0	0	0	0	0	
1.25858e+06	0	0	0	0	171	0	0	0	0	0	0	0	
1.25933e+06	0	0	0	0	167	0	0	0	0	0	0	0	
1.26007e+06	0	0	0	0	181	0	0	0	0	0	0	0	
1.26082e+06	0	0	0	0	173	0	0	0	0	0	0	0	
1.26157e+06	0	0	0	0	131	0	0	0	0	0	0	0	
1.26232e+06	0	0	0	0	157	0	0	0	0	0	0	0	
1.26307e+06	0	0	0	0	147	0	0	0	0	0	0	0	
1.26382e+06	0	0	0	0	163	0	0	0	0	0	0	0	
1.26457e+06	0	0	0	0	161	0	0	0	0	0	0	0	
1.26533e+06	0	0	0	0	149	0	0	0	0	0	0	0	
1.26607e+06	0	0	0	0	183	0	0	0	0	0	0	0	
1.26683e+06	0	0	0	0	145	0	0	0	0	0	0	0	
1.26758e+06	0	0	0	0	147	0	0	0	0	0	0	0	
1.26833e+06	0	0	0	0	161	0	0	0	0	0	0	0	
1.26908e+06	0	0	0	0	177	0	0	0	0	0	0	0	
1.26983e+06	0	0	0	0	169	0	0	0	0	0	0	0	
1.27058e+06	0	0	0	0	165	0	0	0	0	0	0	0	
1.27133e+06	0	0	0	0	163	0	0	0	0	0	0	0	
1.27208e+06	0	0	0	0	141	0	0	0	0	0	0	0	
1.27284e+06	0	0	0	0	169	0	0	0	0	0	0	0	
1.27358e+06	0	0	0	0	157	0	0	0	0	0	0	0	
1.27433e+06	0	0	0	0	157	0	0	0	0	0	0	0	
1.27508e+06	0	0	0	0	149	0	0	0	0	0	0	0	
1.27583e+06	0	0	0	0	143	0	0	0	0	0	0	0	
1.27658e+06	0	0	0	0	179	0	0	0	0	0	0	0	
1.27733e+06	0	0	0	0	141	0	0	0	0	0	0	0	
1.27808e+06	0	0	0	0	175	0	0	0	0	0	0	0	
1.27883e+06	0	0	0	0	175	0	0	0	0	0	0	0	
1.27958e+06	0	0	0	0	149	0	0	0	0	0	0	0	
1.28033e+06	0	0	0	0	173	0	0	0	0	0	0	0	
1.28108e+06	0	0	0	0	169	0	0	0	0	0	0	0	
1.28183e+06	0	0	0	0	179	0	0	0	0	0	0	0	
1.28258e+06	0	0	0	0	135	0	0	0	0	0	0	0	
1.28333e+06	0	0	0	0	167	0	0	0	0	0	0	0	
1.28408e+06	0	0	0	0	161	0	0	0	0	0	0	0	
1.28484e+06	0	0	0	0	161	0	0	0	0	0	0	0	
1.28558e+06	0	0	0	0	145	0	0	0	0	0	0	0	
1.28634e+06	0	0	0	0	153	0	0	0	0	0	0	0	
1.28709e+06	0	0	0	0	155	0	0	0	0	0	0	0	
1.28783e+06	0	0	0	0	157	0	0	0	0	0	0	0	
1.28858e+06	0	0	0	0	159	0	0	0	0	0	0	0	
1.28933e+06	0	0	0	0	149	0	0	0	0	0	0	0	
1.29008e+06	0	0	0	0	161	0	0	0	0	0	0	0	
1.29083e+06	0	0	0	0	177	0	0	0	0	0	0	0	
1.29158e+06	0	0	0	0	165	0	0	0	0	0	0	0	
1.29233e+06	0	0	0	0	161	0	0	0	0	0	0	0	
1.29307e+06	0	0	0	0	153	0	0	0	0	0	0	0	
1.29382e+06	0	0	0	0	153	0	0	0	0	0	0	0	
1.29457e+06	0	0	0	0	145	0	0	0	0	0	0	0	
1.29532e+06	0	0	0	0	167	0	0	0	0	0	0	0	
1.29608e+06	0	0	0	0	169	0	0	0	0	0	0	0	
1.29683e+06	0	0	0	0	149	0	0	0	0	0	0	0	
1.29758e+06	0	0	0	0	145	0	0	0	0	0	0	0	
1.29833e+06	0	0	0	0	155	0	0	0	0	0	0	0	
1.29908e+06	0	0	0	0	137	0	0	0	0	0	0	0	
1.29983e+06	0	0	0	0	151	0	0	0	0	0	0	0	
1.30058e+06	0	0	0	0	147	0	0	0	0	0	0	0	
1.30133e+06	0	0	0	5	164	0	0	0	0	0	0	0	
1.30208e+06	0	0	0	197	0	0	0	0	0	0	0	0	
1.30283e+06	0	0	0	179	0	0	0	0	0	0	0	0	
1.30358e+06	0	0	0	211	0	0	0	0	0	0	0	0	
1.30433e+06	0	0	0	209	0	0	0	0	0	0	0	0	
1.30508e+06	0	0	0	209	0	0	0	0	0	0	0	0	
1.30583e+06	0	0	0	205	0	0	0	0	0	0	0	0	
1.30658e+06	0	0	0	189	0	0	0	0	0	0	0	0	
1.30734e+06	0	0	0	229	0	0	0	0	0	0	0	0	
1.30809e+06	0	0	0	205	0	0	0	0	0	0	0	0	
1.30883e+06	0	0	0	193	0	0	0	0	0	0	0	0	
1.30959e+06	0	0	0	199	0	0	0	0	0	0	0	0	
1.31033e+06	0	0	0	181	0	0	0	0	0	0	0	0	
1.31108e+06	0	0	0	203	0	0	0	0	0	0	0	0	
1.31183e+06	0	0	0	225	0	0	0	0	0	0	0	0	
1.31258e+06	0	0	0	197	0	0	0	0	0	0	0	0	
1.31333e+06	0	0	0	207	0	0	0	0	0	0	0	0	
1.31408e+06	0	0	0	203	0	0	0	0	0	0	0	0	
1.31483e+06	0	0	0	191	0	0	0	0	0	0	0	0	
1.31558e+06	0	0	0	183	0	0	0	0	0	0	0	0	
1.31634e+06	0	0	0	195	0	0	0	0	0	0	0	0	
1.31709e+06	0	0	0	203	0	0	0	0	0	0	0	0	
1.31784e+06	0	0	0	187	0	0	0	0	0	0	0	0	
1.31858e+06	0	0	0	209	0	0	0	0	0	0	0	0	
1.31933e+06	0	0	0	213	0	0	0	0	0	0	0	0	
1.32008e+06	0	0	0	201	0	0	0	0	0	0	0	0	
1.32083e+06	0	0	0	207	0	0	0	0	0	0	0	0	
1.32159e+06	0	0	0	215	0	0	0	0	0	0	0	0	
1.32234e+06	0	0	0	215	0	0	0	0	0	0	0	0	
1.32308e+06	0	0	0	193	0	0	0	0	0	0	0	0	
1.32384e+06	0	0	0	209	0	0	0	0	0	0	0	0	
1.32459e+06	0	0	0	219	0	0	0	0	0	0	0	0	
1.32534e+06	0	0	0	199	0	0	0	0	0	0	0	0	
1.32609e+06	0	0	0	187	0	0	0	0	0	0	0	0	
1.32684e+06	0	0	0	203	0	0	0	0	0	0	0	0	
1.32759e+06	0	0	0	189	0	0	0	0	0	0	0	0	
1.32834e+06	0	0	0	203	0	0	0	0	0	0	0	0	
1.32909e+06	0	0	0	245	0	0	0	0	0	0	0	0	
1.32984e+06	0	0	0	203	0	0	0	0	0	0	0	0	
1.33059e+06	0	0	0	191	0	0	0	0	0	0	0	0	
1.33134e+06	0	0	0	209	0	0	0	0	0	0	0	0	
1.33209e+06	0	0	0	209	0	0	0	0	0	0	0	0	
1.33284e+06	0	0	0	185	0	0	0	0	0	0	0	0	
1.33359e+06	0	0	0	203	0	0	0	0	0	0	0	0	
1.33434e+06	0	0	0	213	0	0	0	0	0	0	0	0	
1.33509e+06	0	0	0	199	0	0	0	0	0	0	0	0	
1.33584e+06	0	0	0	195	0	0	0	0	0	0	0	0	
1.33659e+06	0	0	0	201	0	0	0	0	0	0	0	0	
1.33734e+06	0	0	0	205	0	0	0	0	0	0	0	0	
1.33809e+06	0	0	245	0	0	0	0	0	0	0	0	0	
1.33884e+06	0	0	237	0	0	0	0	0	0	0	0	0	
1.33959e+06	0	0	275	0	0	0	0	0	0	0	0	0	
1.34034e+06	0	0	233	0	0	0	0	0	0	0	0	0	
1.34109e+06	0	0	277	0	0	0	0	0	0	0	0	0	
1.34184e+06	0	0	245	0	0	0	0	0	0	0	0	0	
1.34259e+06	0	0	261	0	0	0	0	0	0	0	0	0	
1.34334e+06	0	0	273	0	0	0	0	0	0	0	0	0	
1.34409e+06	0	0	281	0	0	0	0	0	0	0	0	0	
1.34484e+06	0	1	260	0	0	0	0	0	0	0	0	0	
1.34558e+06	0	0	255	0	0	0	0	0	0	0	0	0	
1.34633e+06	0	0	245	0	0	0	0	0	0	0	0	0	
1.34708e+06	0	0	231	0	0	0	0	0	0	0	0	0	
1.34783e+06	0	0	277	0	0	0	0	0	0	0	0	0	
1.34858e+06	0	0	261	0	0	0	0	0	0	0	0	0	
1.34933e+06	0	0	255	0	0	0	0	0	0	0	0	0	
1.35008e+06	0	0	285	0	0	0	0	0	0	0	0	0	
1.35084e+06	0	0	273	0	0	0	0	0	0	0	0	0	
1.35158e+06	0	0	261	0	0	0	0	0	0	0	0	0	
1.35234e+06	0	0	235	0	0	0	0	0	0	0	0	0	
1.35309e+06	0	0	253	0	0	0	0	0	0	0	0	0	
1.35384e+06	0	0	265	0	0	0	0	0	0	0	0	0	
1.35459e+06	0	0	245	0	0	0	0	0	0	0	0	0	
1.35534e+06	0	0	283	0	0	0	0	0	0	0	0	0	
1.35609e+06	0	19	232	0	0	0	0	0	0	0	0	0	
1.35684e+06	0	0	261	0	0	0	0	0	0	0	0	0	
1.35759e+06	0	0	4	195	0	0	0	0	0	0	0	0	
1.35834e+06	0	0	0	201	0	0	0	0	0	0	0	0	
1.35909e+06	0	0	0	215	0	0	0	0	0	0	0	0	
1.35984e+06	0	0	0	189	0	0	0	0	0	0	0	0	
1.36059e+06	0	0	0	187	0	0	0	0	0	0	0	0	
1.36134e+06	0	0	0	211	0	0	0	0	0	0	0	0	
1.36209e+06	0	0	0	213	0	0	0	0	0	0	0	0	
1.36284e+06	0	0	0	205	0	0	0	0	0	0	0	0	
1.36359e+06	0	0	0	209	0	0	0	0	0	0	0	0	
1.36433e+06	0	0	0	221	0	0	0	0	0	0	0	0	
1.36508e+06	0	0	0	191	0	0	0	0	0	0	0	0	
1.36583e+06	0	0	0	201	0	0	0	0	0	0	0	0	
1.36658e+06	0	0	0	193	0	0	0	0	0	0	0	0	
1.36733e+06	0	0	0	215	0	0	0	0	0	0	0	0	
1.36809e+06	0	0	0	187	0	0	0	0	0	0	0	0	
1.36883e+06	0	0	0	211	0	0	0	0	0	0	0	0	
1.36958e+06	0	0	0	177	0	0	0	0	0	0	0	0	
1.37033e+06	0	0	0	207	0	0	0	0	0	0	0	0	
1.37108e+06	0	0	0	203	0	0	0	0	0	0	0	0	
1.37183e+06	0	0	0	213	0	0	0	0	0	0	0	0	
1.37258e+06	0	0	0	197	0	0	0	0	0	0	0	0	
1.37333e+06	0	0	0	191	0	0	0	0	0	0	0	0	
1.37408e+06	0	0	0	197	0	0	0	0	0	0	0	0	
1.37484e+06	0	0	0	179	0	0	0	0	0	0	0	0	
1.37559e+06	0	0	0	189	0	0	0	0	0	0	0	0	
1.37634e+06	0	0	0	179	0	0	0	0	0	0	0	0	
1.37709e+06	0	0	0	205	0	0	0	0	0	0	0	0	
1.37784e+06	0	0	0	155	0	0	0	0	0	0	0	0	
1.37858e+06	0	0	0	191	0	0	0	0	0	0	0	0	
1.37934e+06	0	0	0	189	0	0	0	0	0	0	0	0	
1.38009e+06	0	0	0	195	0	0	0	0	0	0	0	0	
1.38083e+06	0	0	0	221	0	0	0	0	0	0	0	0	
1.38158e+06	0	0	0	193	0	0	0	0	0	0	0	0	
1.38233e+06	0	0	1	220	0	0	0	0	0	0	0	0	
1.38308e+06	0	0	0	181	0	0	0	0	0	0	0	0	
1.38383e+06	0	0	0	207	0	0	0	0	0	0	0	0	
1.38459e+06	0	0	0	187	0	0	0	0	0	0	0	0	
1.38534e+06	0	0	0	201	0	0	0	0	0	0	0	0	
1.38608e+06	0	0	0	209	0	0	0	0	0	0	0	0	
1.38683e+06	0	0	0	207	0	0	0	0	0	0	0	0	
1.38759e+06	0	0	0	191	0	0	0	0	0	0	0	0	
1.38834e+06	0	0	0	201	0	0	0	0	0	0	0	0	
1.38909e+06	0	0	0	197	0	0	0	0	0	0	0	0	
1.38984e+06	0	0	0	203	0	0	0	0	0	0	0	0	
1.39059e+06	0	0	0	207	0	0	0	0	0	0	0	0	
1.39134e+06	0	0	0	193	0	0	0	0	0	0	0	0	
1.39209e+06	0	0	0	191	0	0	0	0	0	0	0	0	
1.39284e+06	0	0	241	0	0	0	0	0	0	0	0	0	
1.39359e+06	0	0	261	0	0	0	0	0	0	0	0	0	
1.39433e+06	0	0	251	0	0	0	0	0	0	0	0	0	
1.39508e+06	0	0	285	0	0	0	0	0	0	0	0	0	
1.39584e+06	0	0	267	0	0	0	0	0	0	0	0	0	
1.39659e+06	0	0	287	0	0	0	0	0	0	0	0	0	
1.39734e+06	0	0	277	0	0	0	0	0	0	0	0	0	
1.39809e+06	0	0	235	0	0	0	0	0	0	0	0	0	
1.39884e+06	0	0	227	0	0	0	0	0	0	0	0	0	
1.39959e+06	0	0	293	0	0	0	0	0	0	0	0	0	
1.40034e+06	0	0	259	0	0	0	0	0	0	0	0	0	
1.40109e+06	0	0	285	0	0	0	0	0	0	0	0	0	
1.40184e+06	0	0	281	0	0	0	0	0	0	0	0	0	
1.40259e+06	0	0	275	0	0	0	0	0	0	0	0	0	
1.40334e+06	0	0	243	0	0	0	0	0	0	0	0	0	
1.40409e+06	0	0	279	0	0	0	0	0	0	0	0	0	
1.40484e+06	0	307	52	0	0	0	0	0	0	0	0	0	
1.40558e+06	0	421	0	0	0	0	0	0	0	0	0	0	
1.40633e+06	1	392	0	0	0	0	0	0	0	0	0	0	
1.40708e+06	0	401	0	0	0	0	0	0	0	0	0	0	
1.40783e+06	0	379	0	0	0	0	0	0	0	0	0	0	
1.40859e+06	0	425	0	0	0	0	0	0	0	0	0	0	
1.40934e+06	0	411	0	0	0	0	0	0	0	0	0	0	
1.41009e+06	0	379	0	0	0	0	0	0	0	0	0	0	
1.41084e+06	0	421	0	0	0	0	0	0	0	0	0	0	
1.41159e+06	0	401	0	0	0	0	0	0	0	0	0	0	
1.41234e+06	0	379	0	0	0	0	0	0	0	0	0	0	
1.41309e+06	0	421	0	0	0	0	0	0	0	0	0	0	
1.41384e+06	2	393	0	0	0	0	0	0	0	0	0	0	
1.4146e+06	0	425	0	0	0	0	0	0	0	0	0	0	
1.41535e+06	11	408	0	0	0	0	0	0	0	0	0	0	
1.4161e+06	2	373	0	0	0	0	0	0	0	0	0	0	
1.41684e+06	0	339	0	0	0	0	0	0	0	0	0	0	
1.41759e+06	0	397	0	0	0	0	0	0	0	0	0	0	
1.41834e+06	0	403	0	0	0	0	0	0	0	0	0	0	
1.41909e+06	0	387	0	0	0	0	0	0	0	0	0	0	
1.41984e+06	0	417	0	0	0	0	0	0	0	0	0	0	
1.42059e+06	0	369	0	0	0	0	0	0	0	0	0	0	
1.42134e+06	0	367	0	0	0	0	0	0	0	0	0	0	
1.42209e+06	0	403	0	0	0	0	0	0	0	0	0	0	
1.42284e+06	0	429	0	0	0	0	0	0	0	0	0	0	
1.42359e+06	0	395	0	0	0	0	0	0	0	0	0	0	
1.42433e+06	0	421	0	0	0	0	0	0	0	0	0	0	
1.42508e+06	0	397	0	0	0	0	0	0	0	0	0	0	
1.42583e+06	0	417	0	0	0	0	0	0	0	0	0	0	
1.42658e+06	13	406	0	0	0	0	0	0	0	0	0	0	
1.42733e+06	0	395	0	0	0	0	0	0	0	0	0	0	
1.42808e+06	0	359	0	0	0	0	0	0	0	0	0	0	
1.42883e+06	0	407	0	0	0	0	0	0	0	0	0	0	
1.42958e+06	0	393	0	0	0	0	0	0	0	0	0	0	
1.43034e+06	0	399	0	0	0	0	0	0	0	0	0	0	
1.43109e+06	0	351	0	0	0	0	0	0	0	0	0	0	
1.43184e+06	0	417	0	0	0	0	0	0	0	0	0	0	
1.43259e+06	1	374	0	0	0	0	0	0	0	0	0	0	
1.43334e+06	0	399	0	0	0	0	0	0	0	0	0	0	
1.43409e+06	0	401	0	0	0	0	0	0	0	0	0	0	
1.43483e+06	0	365	0	0	0	0	0	0	0	0	0	0	
1.43558e+06	0	389	0	0	0	0	0	0	0	0	0	0	
1.43634e+06	0	391	0	0	0	0	0	0	0	0	0	0	
1.43709e+06	0	373	0	0	0	0	0	0	0	0	0	0	
1.43784e+06	0	383	0	0	0	0	0	0	0	0	0	0	
1.43859e+06	0	387	0	0	0	0	0	0	0	0	0	0	
1.43934e+06	0	407	0	0	0	0	0	0	0	0	0	0	
1.44009e+06	0	397	0	0	0	0	0	0	0	0	0	0	
1.44085e+06	16	367	0	0	0	0	0	0	0	0	0	0	
1.4416e+06	0	393	0	0	0	0	0	0	0	0	0	0	
1.44235e+06	0	391	0	0	0	0	0	0	0	0	0	0	
1.4431e+06	1	380	0	0	0	0	0	0	0	0	0	0	
1.44385e+06	0	413	0	0	0	0	0	0	0	0	0	0	
1.44459e+06	0	383	0	0	0	0	0	0	0	0	0	0	
1.44535e+06	0	375	0	0	0	0	0	0	0	0	0	0	
1.44609e+06	0	379	0	0	0	0	0	0	0	0	0	0	
1.44684e+06	0	387	0	0	0	0	0	0	0	0	0	0	
1.44759e+06	0	401	0	0	0	0	0	0	0	0	0	0	
1.44834e+06	0	379	0	0	0	0	0	0	0	0	0	0	
1.44909e+06	0	423	0	0	0	0	0	0	0	0	0	0	
1.44985e+06	0	425	0	0	0	0	0	0	0	0	0	0	
1.4506e+06	0	409	0	0	0	0	0	0	0	0	0	0	
1.45135e+06	0	411	0	0	0	0	0	0	0	0	0	0	
1.4521e+06	0	387	0	0	0	0	0	0	0	0	0	0	
1.45285e+06	0	389	0	0	0	0	0	0	0	0	0	0	
1.4536e+06	0	401	0	0	0	0	0	0	0	0	0	0	
1.45435e+06	0	377	0	0	0	0	0	0	0	0	0	0	
1.4551e+06	0	389	0	0	0	0	0	0	0	0	0	0	
1.45584e+06	0	379	0	0	0	0	0	0	0	0	0	0	
1.45659e+06	0	373	0	0	0	0	0	0	0	0	0	0	
1.45735e+06	0	373	0	0	0	0	0	0	0	0	0	0	
1.45809e+06	2	381	0	0	0	0	0	0	0	0	0	0	
1.45884e+06	0	367	0	0	0	0	0	0	0	0	0	0	
1.45959e+06	0	405	0	0	0	0	0	0	0	0	0	0	
1.46034e+06	0	373	0	0	0	0	0	0	0	0	0	0	
1.46109e+06	0	360	21	0	0	0	0	0	0	0	0	0	
1.46184e+06	0	401	0	0	0	0	0	0	0	0	0	0	
1.46259e+06	0	401	0	0	0	0	0	0	0	0	0	0	
1.46334e+06	0	383	0	0	0	0	0	0	0	0	0	0	
1.46409e+06	0	347	0	0	0	0	0	0	0	0	0	0	
1.46484e+06	0	365	0	0	0	0	0	0	0	0	0	0	
1.46559e+06	0	415	0	0	0	0	0	0	0	0	0	0	
1.46634e+06	0	385	0	0	0	0	0	0	0	0	0	0	
1.46708e+06	0	389	0	0	0	0	0	0	0	0	0	0	
1.46783e+06	0	383	0	0	0	0	0	0	0	0	0	0	
1.46858e+06	0	429	0	0	0	0	0	0	0	0	0	0	
1.46933e+06	0	401	0	0	0	0	0	0	0	0	0	0	
1.47008e+06	0	397	0	0	0	0	0	0	0	0	0	0	
1.47083e+06	0	411	0	0	0	0	0	0	0	0	0	0	
1.47157e+06	0	377	0	0	0	0	0	0	0	0	0	0	
1.47233e+06	0	407	0	0	0	0	0	0	0	0	0	0	
1.47307e+06	0	375	0	0	0	0	0	0	0	0	0	0	
1.47382e+06	0	403	0	0	0	0	0	0	0	0	0	0	
1.47457e+06	0	393	0	0	0	0	0	0	0	0	0	0	
1.47532e+06	0	399	0	0	0	0	0	0	0	0	0	0	
1.47607e+06	0	383	0	0	0	0	0	0	0	0	0	0	
1.47682e+06	0	403	0	0	0	0	0	0	0	0	0	0	
1.47757e+06	0	401	0	0	0	0	0	0	0	0	0	0	
1.47832e+06	0	397	0	0	0	0	0	0	0	0	0	0	
1.47907e+06	0	407	0	0	0	0	0	0	0	0	0	0	
1.47982e+06	3	404	0	0	0	0	0	0	0	0	0	0	
1.48057e+06	0	395	0	0	0	0	0	0	0	0	0	0	
1.48132e+06	0	395	0	0	0	0	0	0	0	0	0	0	
1.48207e+06	0	409	0	0	0	0	0	0	0	0	0	0	
1.48282e+06	0	377	0	0	0	0	0	0	0	0	0	0	
1.48357e+06	0	379	0	0	0	0	0	0	0	0	0	0	
1.48432e+06	0	383	0	0	0	0	0	0	0	0	0	0	
1.48507e+06	0	381	0	0	0	0	0	0	0	0	0	0	
1.48582e+06	0	393	0	0	0	0	0	0	0	0	0	0	
1.48657e+06	0	419	0	0	0	0	0	0	0	0	0	0	
1.48733e+06	0	377	0	0	0	0	0	0	0	0	0	0	
1.48807e+06	0	393	0	0	0	0	0	0	0	0	0	0	
1.48883e+06	0	397	0	0	0	0	0	0	0	0	0	0	
1.48958e+06	0	397	0	0	0	0	0	0	0	0	0	0	
1.49033e+06	0	415	0	0	0	0	0	0	0	0	0	0	
1.49107e+06	0	373	0	0	0	0	0	0	0	0	0	0	
1.49182e+06	0	390	1	0	0	0	0	0	0	0	0	0	
1.49257e+06	0	429	0	0	0	0	0	0	0	0	0	0	
1.49332e+06	0	399	0	0	0	0	0	0	0	0	0	0	
1.49407e+06	0	379	0	0	0	0	0	0	0	0	0	0	
1.49482e+06	0	417	0	0	0	0	0	0	0	0	0	0	
1.49557e+06	0	415	0	0	0	0	0	0	0	0	0	0	
1.49632e+06	0	399	0	0	0	0	0	0	0	0	0	0	
1.49706e+06	0	391	0	0	0	0	0	0	0	0	0	0	
1.49781e+06	0	411	0	0	0	0	0	0	0	0	0	0	
1.49856e+06	0	375	0	0	0	0	0	0	0	0	0	0	
1.49931e+06	0	373	0	0	0	0	0	0	0	0	0	0	
1.50006e+06	0	375	0	0	0	0	0	0	0	0	0	0	
1.50006e+06	0	375	0	0	0	0	0	0	0	0	0	0	
