Time	s0	s1	s2	s3	s4	s5	s6	s7	s8	s9	s10	s11	
0	0	0	0	0	0	0	0	0	0	0	0	200	
0.0011631	0	0	0	0	0	0	0	0	0	0	0	201	
749.975	0	0	0	0	0	0	0	0	0	0	0	65	
1501.37	0	0	0	0	0	0	0	0	0	0	0	67	
2251.37	0	0	0	0	0	0	0	0	0	0	0	63	
2999.17	0	0	0	0	0	0	0	0	0	0	0	79	
3748.51	0	0	0	0	0	0	0	0	0	0	0	77	
4497.9	0	0	0	0	0	0	0	0	0	0	0	57	
5246.96	0	0	0	0	0	0	0	0	0	0	0	55	
5995.66	0	0	0	0	0	0	0	0	0	0	0	63	
6746.59	0	0	0	0	0	0	0	0	0	0	0	69	
7493.51	0	0	0	0	0	0	0	0	0	0	0	67	
8244.4	0	0	0	0	0	0	0	0	0	0	0	67	
8993.91	0	0	0	0	0	0	0	0	0	0	0	81	
9748.91	0	0	0	0	0	0	0	0	0	0	0	71	
10500	0	0	0	0	0	0	0	0	0	0	0	71	
11250.1	0	0	0	0	0	0	0	0	0	0	0	61	
11999.2	0	0	0	0	0	0	0	0	0	0	0	69	
12747	0	0	0	0	0	0	0	0	0	0	0	73	
13496.6	0	0	0	0	0	0	0	0	0	0	0	45	
14242.6	0	0	0	0	0	0	0	0	0	0	0	49	
14991.6	0	0	0	0	0	0	0	0	0	0	0	59	
15740.7	0	0	0	0	0	0	0	0	0	0	0	73	
16493.7	0	0	0	0	0	0	0	0	0	0	0	65	
17242.2	0	0	0	0	0	0	0	0	0	0	0	69	
17995.7	0	0	0	0	0	0	0	0	0	0	0	57	
18746.3	0	0	0	0	0	0	0	0	0	0	0	79	
19493.5	0	0	0	0	0	0	0	0	0	0	0	73	
20244.8	0	0	0	0	0	0	0	0	0	0	0	73	
20996	0	0	0	0	0	0	0	0	0	0	0	47	
21747	0	0	0	0	0	0	0	0	0	0	0	73	
22496.4	0	0	0	0	0	0	0	0	0	0	0	61	
23245.8	0	0	0	0	0	0	0	0	0	0	0	67	
23996.9	0	0	0	0	0	0	0	0	0	0	0	63	
24749	0	0	0	0	0	0	0	0	0	0	0	73	
25496.8	0	0	0	0	0	0	0	0	0	0	0	55	
26245.5	0	0	0	0	0	0	0	0	0	0	0	79	
26996.4	0	0	0	0	0	0	0	0	0	0	0	65	
27745.6	0	0	0	0	0	0	0	0	0	0	0	65	
28493.6	0	0	0	0	0	0	0	0	0	0	0	65	
29243	0	0	0	0	0	0	0	0	0	0	0	59	
29989.8	0	0	0	0	0	0	0	0	0	0	0	69	
30737.2	0	0	0	0	0	0	0	0	0	0	0	69	
31487.4	0	0	0	0	0	0	0	0	0	0	0	69	
32239.2	0	0	0	0	0	0	0	0	0	0	0	57	
32986.7	0	0	0	0	0	0	0	0	0	0	0	71	
33736.6	0	0	0	0	0	0	0	0	0	0	0	71	
34485	0	0	0	0	0	0	0	0	0	0	0	75	
35236.7	0	0	0	0	0	0	0	0	0	0	0	65	
35989	0	0	0	0	0	0	0	0	0	0	0	67	
36738.2	0	0	0	0	0	0	0	0	0	0	0	71	
37492.4	0	0	0	0	0	0	0	0	0	0	0	73	
38241.2	0	0	0	0	0	0	0	0	0	0	0	71	
38995.1	0	0	0	0	0	0	0	0	0	0	0	75	
39744.7	0	0	0	0	0	0	0	0	0	0	0	59	
40497.1	0	0	0	0	0	0	0	0	0	0	0	69	
41248.8	0	0	0	0	0	0	0	0	0	0	0	55	
42001.2	0	0	0	0	0	0	0	0	0	0	0	65	
42756.6	0	0	0	0	0	0	0	0	0	0	0	73	
43502.7	0	0	0	0	0	0	0	0	0	0	0	77	
44253	0	0	0	0	0	0	0	0	0	0	0	57	
45006.1	0	0	0	0	0	0	0	0	0	0	0	77	
45754.3	0	0	0	0	0	0	0	0	0	0	0	69	
46502.4	0	0	0	0	0	0	0	0	0	0	0	75	
47253.2	0	0	0	0	0	0	0	0	0	0	0	67	
48003	0	0	0	0	0	0	0	0	0	0	0	61	
48751.9	0	0	0	0	0	0	0	0	0	0	0	71	
49502.1	0	0	0	0	0	0	0	0	0	0	0	57	
50256.9	0	0	0	0	0	0	0	0	0	0	0	85	
51006.6	0	0	0	0	0	0	0	0	0	0	0	57	
51758.4	0	0	0	0	0	0	0	0	0	0	0	59	
52508.8	0	0	0	0	0	0	0	0	0	0	0	67	
53258	0	0	0	0	0	0	0	0	0	0	0	55	
54008.1	0	0	0	0	0	0	0	0	0	0	0	67	
54756.7	0	0	0	0	0	0	0	0	0	0	0	55	
55505.3	0	0	0	0	0	0	0	0	0	0	0	71	
56253.8	0	0	0	0	0	0	0	0	0	0	0	71	
57003.1	0	0	0	0	0	0	0	0	0	0	0	93	
57753.6	0	0	0	0	0	0	0	0	0	0	0	73	
58500.6	0	0	0	0	0	0	0	0	0	0	0	59	
59253.8	0	0	0	0	0	0	0	0	0	0	0	81	
60003.7	0	0	0	0	0	0	0	0	0	0	0	67	
60755.1	0	0	0	0	0	0	0	0	0	0	0	69	
61506.4	0	0	0	0	0	0	0	0	0	0	0	63	
62257.7	0	0	0	0	0	0	0	0	0	0	0	57	
63008.2	0	0	0	0	0	0	0	0	0	0	0	67	
63758.5	0	0	0	0	0	0	0	0	0	0	0	81	
64510	0	0	0	0	0	0	0	0	0	0	0	65	
65263.8	0	0	0	0	0	0	0	0	0	0	67	0	
66014.6	0	0	0	0	0	0	0	0	0	0	83	0	
66765.9	0	0	0	0	0	0	0	0	0	0	71	0	
67515.9	0	0	0	0	0	0	0	0	0	0	61	0	
68267.6	0	0	0	0	0	0	0	0	0	0	65	0	
69020.6	0	0	0	0	0	0	0	0	0	0	65	0	
69769.2	0	0	0	0	0	0	0	0	0	0	65	0	
70520.7	0	0	0	0	0	0	0	0	0	73	0	0	
71272.4	0	0	0	0	0	0	0	0	0	81	0	0	
72018.3	0	0	0	0	0	0	0	0	0	73	0	0	
72768.9	0	0	0	0	0	0	0	0	0	75	0	0	
73517.3	0	0	0	0	0	0	0	0	0	75	0	0	
74268.2	0	0	0	0	0	0	0	0	0	81	0	0	
75018.1	0	0	0	0	0	0	0	0	0	87	0	0	
75767.1	0	0	0	0	0	0	0	0	0	93	0	0	
76513.9	0	0	0	0	0	0	0	0	0	79	0	0	
77262.3	0	0	0	0	0	0	0	0	91	0	0	0	
78009.4	0	0	0	0	0	0	0	0	87	0	0	0	
78759.8	0	0	0	0	0	0	0	0	93	0	0	0	
79509.6	0	0	0	0	0	0	0	0	95	0	0	0	
80260.5	0	0	0	0	0	0	0	0	83	0	0	0	
81010.1	0	0	0	0	0	0	0	0	87	0	0	0	
81757.2	0	0	0	0	0	0	0	0	91	0	0	0	
82508.1	0	0	0	0	0	0	0	0	75	0	0	0	
83259	0	0	0	0	0	0	0	0	103	0	0	0	
84010.2	0	0	0	0	0	0	0	0	95	0	0	0	
84759.6	0	0	0	0	0	0	0	0	89	0	0	0	
85506.8	0	0	0	0	0	0	0	0	103	0	0	0	
86257.9	0	0	0	0	0	0	0	93	0	0	0	0	
87005.7	0	0	0	0	0	0	0	105	0	0	0	0	
87755.1	0	0	0	0	0	0	0	91	0	0	0	0	
88507.4	0	0	0	0	0	0	0	103	0	0	0	0	
89258.7	0	0	0	0	0	0	0	103	0	0	0	0	
90011.6	0	0	0	0	0	0	0	101	0	0	0	0	
90763.1	0	0	0	0	0	0	0	109	0	0	0	0	
91512.1	0	0	0	0	0	0	0	85	0	0	0	0	
92260.4	0	0	0	0	0	0	0	105	0	0	0	0	
93009.7	0	0	0	0	0	0	0	95	0	0	0	0	
93758	0	0	0	0	0	0	0	121	0	0	0	0	
94509.6	0	0	0	0	0	0	0	101	0	0	0	0	
95259.7	0	0	0	0	0	0	0	87	0	0	0	0	
96010.4	0	0	0	0	0	0	0	89	0	0	0	0	
96760.7	0	0	0	0	0	0	121	0	0	0	0	0	
97511.3	0	0	0	0	0	0	97	0	0	0	0	0	
98260.7	0	0	0	0	0	4	107	0	0	0	0	0	
99014.1	0	0	0	0	0	0	125	0	0	0	0	0	
99767.2	0	0	0	0	0	0	121	0	0	0	0	0	
100515	0	0	0	0	0	0	139	0	0	0	0	0	
101267	0	0	0	0	0	0	113	0	0	0	0	0	
102020	0	0	0	0	0	0	109	0	0	0	0	0	
102770	0	0	0	0	0	0	113	0	0	0	0	0	
103520	0	0	0	0	0	0	125	0	0	0	0	0	
104272	0	0	0	0	0	0	113	0	0	0	0	0	
105018	0	0	0	0	0	0	107	0	0	0	0	0	
105769	0	0	0	0	0	0	111	0	0	0	0	0	
106518	0	0	0	0	0	0	101	0	0	0	0	0	
107267	0	0	0	0	0	0	109	0	0	0	0	0	
108018	0	0	0	0	0	0	117	0	0	0	0	0	
108769	0	0	0	0	0	0	115	0	0	0	0	0	
109518	0	0	0	0	0	0	129	0	0	0	0	0	
110267	0	0	0	0	0	0	107	0	0	0	0	0	
111021	0	0	0	0	0	0	117	0	0	0	0	0	
111767	0	0	0	0	0	0	103	0	0	0	0	0	
112519	0	0	0	0	0	0	99	0	0	0	0	0	
113269	0	0	0	0	0	0	119	0	0	0	0	0	
114018	0	0	0	0	0	0	105	0	0	0	0	0	
114767	0	0	0	0	0	0	127	0	0	0	0	0	
115517	0	0	0	0	0	0	127	0	0	0	0	0	
116266	0	0	0	0	0	0	127	0	0	0	0	0	
117019	0	0	0	0	0	0	109	0	0	0	0	0	
117768	0	0	0	0	0	0	101	0	0	0	0	0	
118520	0	0	0	0	0	0	99	0	0	0	0	0	
119272	0	0	0	0	0	0	105	0	0	0	0	0	
120022	0	0	0	0	0	0	123	0	0	0	0	0	
120773	0	0	0	0	0	0	105	0	0	0	0	0	
121523	0	0	0	0	0	0	115	0	0	0	0	0	
122274	0	0	0	0	0	0	133	0	0	0	0	0	
123024	0	0	0	0	0	0	103	0	0	0	0	0	
123777	0	0	0	0	0	0	105	0	0	0	0	0	
124526	0	0	0	0	0	0	99	0	0	0	0	0	
125278	0	0	0	0	0	0	109	0	0	0	0	0	
126031	0	0	0	0	0	0	117	0	0	0	0	0	
126781	0	0	0	0	0	0	121	0	0	0	0	0	
127533	0	0	0	0	0	0	107	0	0	0	0	0	
128283	0	0	0	0	0	0	101	0	0	0	0	0	
129031	0	0	0	0	0	0	101	0	0	0	0	0	
129780	0	0	0	0	0	0	119	0	0	0	0	0	
130528	0	0	0	0	0	0	115	0	0	0	0	0	
131278	0	0	0	0	0	0	109	0	0	0	0	0	
132026	0	0	0	0	0	0	103	0	0	0	0	0	
132776	0	0	0	0	0	0	127	0	0	0	0	0	
133527	0	0	0	0	0	0	111	0	0	0	0	0	
134278	0	0	0	0	0	0	115	0	0	0	0	0	
135026	0	0	0	0	0	0	105	0	0	0	0	0	
135776	0	0	0	0	0	0	119	0	0	0	0	0	
136527	0	0	0	0	0	0	113	0	0	0	0	0	
137276	0	0	0	0	0	0	105	0	0	0	0	0	
138026	0	0	0	0	0	0	127	0	0	0	0	0	
138779	0	0	0	0	0	0	121	0	0	0	0	0	
139531	0	0	0	0	0	0	107	0	0	0	0	0	
140279	0	0	0	0	0	39	84	0	0	0	0	0	
141032	0	0	0	0	0	0	131	0	0	0	0	0	
141778	0	0	0	0	0	0	95	0	0	0	0	0	
142528	0	0	0	0	0	0	111	0	0	0	0	0	
143275	0	0	0	0	0	0	109	0	0	0	0	0	
144024	0	0	0	0	0	0	93	0	0	0	0	0	
144778	0	0	0	0	0	0	125	0	0	0	0	0	
145528	0	0	0	0	0	0	107	0	0	0	0	0	
146279	0	0	0	0	0	0	125	0	0	0	0	0	
147028	0	0	0	0	0	0	123	0	0	0	0	0	
147778	0	0	0	0	0	0	107	0	0	0	0	0	
148529	0	0	0	0	0	0	127	0	0	0	0	0	
149279	0	0	0	0	0	0	137	0	0	0	0	0	
150028	0	0	0	0	0	0	115	0	0	0	0	0	
150781	0	0	0	0	0	0	117	0	0	0	0	0	
151530	0	0	0	0	0	0	113	0	0	0	0	0	
152277	0	0	0	0	0	0	113	0	0	0	0	0	
153029	0	0	0	0	0	0	111	0	0	0	0	0	
153781	0	0	0	0	0	0	119	0	0	0	0	0	
154530	0	0	0	0	0	0	125	0	0	0	0	0	
155282	0	0	0	0	0	147	0	0	0	0	0	0	
156031	0	0	0	0	0	139	0	0	0	0	0	0	
156781	0	0	0	0	0	147	0	0	0	0	0	0	
157530	0	0	0	0	0	129	0	0	0	0	0	0	
158279	0	0	0	0	0	149	0	0	0	0	0	0	
159028	0	0	0	0	0	113	0	0	0	0	0	0	
159778	0	0	0	0	0	147	0	0	0	0	0	0	
160528	0	0	0	0	0	137	0	0	0	0	0	0	
161276	0	0	0	0	159	0	0	0	0	0	0	0	
162025	0	0	0	0	191	0	0	0	0	0	0	0	
162775	0	0	0	0	161	0	0	0	0	0	0	0	
163525	0	0	0	0	155	0	0	0	0	0	0	0	
164275	0	0	0	0	149	0	0	0	0	0	0	0	
165027	0	0	0	0	151	0	0	0	0	0	0	0	
165779	0	0	0	0	159	0	0	0	0	0	0	0	
166532	0	0	0	0	165	0	0	0	0	0	0	0	
167281	0	0	0	0	0	119	0	0	0	0	0	0	
168029	0	0	0	0	0	149	0	0	0	0	0	0	
168778	0	0	0	0	0	113	0	0	0	0	0	0	
169528	0	0	0	0	0	123	0	0	0	0	0	0	
170276	0	0	0	0	0	129	0	0	0	0	0	0	
171027	0	0	0	0	0	137	0	0	0	0	0	0	
171777	0	0	0	0	0	141	0	0	0	0	0	0	
172522	0	0	0	0	0	145	0	0	0	0	0	0	
173275	0	0	0	0	0	115	0	0	0	0	0	0	
174025	0	0	0	0	0	147	0	0	0	0	0	0	
174776	0	0	0	0	0	119	0	0	0	0	0	0	
175524	0	0	0	0	0	145	0	0	0	0	0	0	
176276	0	0	0	0	0	103	0	0	0	0	0	0	
177028	0	0	0	0	0	163	0	0	0	0	0	0	
177779	0	0	0	0	0	121	0	0	0	0	0	0	
178529	0	0	0	0	0	137	0	0	0	0	0	0	
179280	0	0	0	0	0	131	0	0	0	0	0	0	
180030	0	0	0	0	0	149	0	0	0	0	0	0	
180779	0	0	0	0	0	149	0	0	0	0	0	0	
181530	0	0	0	0	0	135	0	0	0	0	0	0	
182279	0	0	0	0	0	133	0	0	0	0	0	0	
183028	0	0	0	0	0	131	0	0	0	0	0	0	
183779	0	0	0	0	0	103	0	0	0	0	0	0	
184528	0	0	0	0	0	135	0	0	0	0	0	0	
185277	0	0	0	0	0	139	0	0	0	0	0	0	
186025	0	0	0	0	0	141	0	0	0	0	0	0	
186776	0	0	0	0	0	113	0	0	0	0	0	0	
187521	0	0	0	0	0	127	0	0	0	0	0	0	
188272	0	0	0	0	0	117	0	0	0	0	0	0	
189023	0	0	0	0	0	117	0	0	0	0	0	0	
189774	0	0	0	0	0	117	0	0	0	0	0	0	
190522	0	0	0	0	0	141	0	0	0	0	0	0	
191274	0	0	0	0	0	141	0	0	0	0	0	0	
192022	0	0	0	0	0	107	0	0	0	0	0	0	
192773	0	0	0	0	161	0	0	0	0	0	0	0	
193525	0	0	0	0	153	0	0	0	0	0	0	0	
194277	0	0	0	0	169	0	0	0	0	0	0	0	
195025	0	0	0	0	155	0	0	0	0	0	0	0	
195776	0	0	0	0	161	0	0	0	0	0	0	0	
196527	0	0	0	0	175	0	0	0	0	0	0	0	
197275	0	0	0	0	141	0	0	0	0	0	0	0	
198020	0	0	0	0	163	0	0	0	0	0	0	0	
198773	0	0	0	0	163	0	0	0	0	0	0	0	
199521	0	0	0	0	171	0	0	0	0	0	0	0	
200270	0	0	0	0	155	0	0	0	0	0	0	0	
201018	0	0	0	0	161	0	0	0	0	0	0	0	
201769	0	0	0	0	163	0	0	0	0	0	0	0	
202521	0	0	0	0	165	0	0	0	0	0	0	0	
203269	0	0	0	0	165	0	0	0	0	0	0	0	
204017	0	0	0	0	169	0	0	0	0	0	0	0	
204767	0	0	0	0	157	0	0	0	0	0	0	0	
205517	0	0	0	0	137	0	0	0	0	0	0	0	
206267	0	0	0	0	169	0	0	0	0	0	0	0	
207016	0	0	0	0	153	0	0	0	0	0	0	0	
207768	0	0	0	0	153	0	0	0	0	0	0	0	
208518	0	0	0	0	0	111	0	0	0	0	0	0	
209266	0	0	0	0	0	125	0	0	0	0	0	0	
210015	0	0	0	0	0	115	0	0	0	0	0	0	
210764	0	0	0	0	0	117	0	0	0	0	0	0	
211514	0	0	0	0	0	129	0	0	0	0	0	0	
212264	0	0	0	0	0	141	0	0	0	0	0	0	
213012	0	0	0	0	0	127	0	0	0	0	0	0	
213762	0	0	0	0	0	125	0	0	0	0	0	0	
214512	0	0	0	0	0	101	0	0	0	0	0	0	
215261	0	0	0	0	0	121	0	0	0	0	0	0	
216011	0	0	0	0	0	115	0	0	0	0	0	0	
216760	0	0	0	0	0	135	0	0	0	0	0	0	
217510	0	0	0	0	0	147	0	0	0	0	0	0	
218260	0	0	0	0	0	133	0	0	0	0	0	0	
219011	0	0	0	0	0	125	0	0	0	0	0	0	
219759	0	0	0	0	0	125	0	0	0	0	0	0	
220509	0	0	0	0	0	131	0	0	0	0	0	0	
221257	0	0	0	0	0	129	0	0	0	0	0	0	
222009	0	0	0	0	0	143	0	0	0	0	0	0	
222760	0	0	0	0	0	0	91	0	0	0	0	0	
223515	0	0	0	0	0	0	119	0	0	0	0	0	
224264	0	0	0	0	0	0	127	0	0	0	0	0	
225015	0	0	0	0	0	0	131	0	0	0	0	0	
225766	0	0	0	0	0	0	105	0	0	0	0	0	
226514	0	0	0	0	0	0	111	0	0	0	0	0	
227264	0	0	0	0	0	0	103	0	0	0	0	0	
228012	0	0	0	0	0	0	121	0	0	0	0	0	
228760	0	0	0	0	0	0	109	0	0	0	0	0	
229508	0	0	0	0	0	0	111	0	0	0	0	0	
230258	0	0	0	0	0	0	87	0	0	0	0	0	
231008	0	0	0	0	0	0	99	0	0	0	0	0	
231758	0	0	0	0	0	0	127	0	0	0	0	0	
232509	0	0	0	0	0	0	97	0	0	0	0	0	
233261	0	0	0	0	0	0	103	0	0	0	0	0	
234011	0	0	0	0	0	0	123	0	0	0	0	0	
234762	0	0	0	0	0	25	104	0	0	0	0	0	
235508	0	0	0	0	0	0	109	0	0	0	0	0	
236260	0	0	0	0	0	0	111	0	0	0	0	0	
237010	0	0	0	0	0	0	131	0	0	0	0	0	
237760	0	0	0	0	0	0	113	0	0	0	0	0	
238513	0	0	0	0	0	0	111	0	0	0	0	0	
239262	0	0	0	0	0	0	111	0	0	0	0	0	
240014	0	0	0	0	0	0	123	0	0	0	0	0	
240763	0	0	0	0	0	0	139	0	0	0	0	0	
241515	0	0	0	0	0	0	121	0	0	0	0	0	
242270	0	0	0	0	0	0	123	0	0	0	0	0	
243015	0	0	0	0	0	0	121	0	0	0	0	0	
243767	0	0	0	0	0	0	109	0	0	0	0	0	
244519	0	0	0	0	0	0	107	0	0	0	0	0	
245267	0	0	0	0	0	0	115	0	0	0	0	0	
246021	0	0	0	0	0	0	105	0	0	0	0	0	
246770	0	0	0	0	0	0	115	0	0	0	0	0	
247520	0	0	0	0	0	0	117	0	0	0	0	0	
248273	0	0	0	0	0	0	131	0	0	0	0	0	
249021	0	0	0	0	0	0	111	0	0	0	0	0	
249773	0	0	0	0	0	0	123	0	0	0	0	0	
250522	0	0	0	0	0	0	111	0	0	0	0	0	
251273	0	0	0	0	0	0	105	0	0	0	0	0	
252025	0	0	0	0	0	0	117	0	0	0	0	0	
252773	0	0	0	0	0	0	117	0	0	0	0	0	
253524	0	0	0	0	0	0	113	0	0	0	0	0	
254270	0	0	0	0	0	0	131	0	0	0	0	0	
255019	0	0	0	0	0	0	117	0	0	0	0	0	
255768	0	0	0	0	0	0	131	0	0	0	0	0	
256515	0	0	0	0	0	0	117	0	0	0	0	0	
257267	0	0	0	0	0	0	131	0	0	0	0	0	
258017	0	0	0	0	0	0	113	0	0	0	0	0	
258765	0	0	0	0	0	0	119	0	0	0	0	0	
259515	0	0	0	0	0	0	109	0	0	0	0	0	
260265	0	0	0	0	0	0	109	0	0	0	0	0	
261013	0	0	0	0	0	0	119	0	0	0	0	0	
261764	0	0	0	0	0	0	113	0	0	0	0	0	
262517	0	0	0	0	0	0	119	0	0	0	0	0	
263267	0	0	0	0	0	0	121	0	0	0	0	0	
264018	0	0	0	0	0	0	111	0	0	0	0	0	
264772	0	0	0	0	0	0	121	0	0	0	0	0	
265523	0	0	0	0	0	0	107	0	0	0	0	0	
266272	0	0	0	0	0	0	121	0	0	0	0	0	
267023	0	0	0	0	0	0	121	0	0	0	0	0	
267772	0	0	0	0	0	0	111	0	0	0	0	0	
268524	0	0	0	0	0	0	103	0	0	0	0	0	
269274	0	0	0	0	0	0	97	0	0	0	0	0	
270026	0	0	0	0	0	0	109	0	0	0	0	0	
270778	0	0	0	0	0	0	123	0	0	0	0	0	
271525	0	0	0	0	0	0	129	0	0	0	0	0	
272275	0	0	0	0	0	0	113	0	0	0	0	0	
273028	0	0	0	0	0	0	93	0	0	0	0	0	
273778	0	0	0	0	0	0	131	0	0	0	0	0	
274529	0	0	0	0	0	0	117	0	0	0	0	0	
275281	0	0	0	0	0	0	99	0	0	0	0	0	
276032	0	0	0	0	0	0	101	0	0	0	0	0	
276783	0	0	0	0	0	0	111	0	0	0	0	0	
277535	0	0	0	0	0	0	111	0	0	0	0	0	
278286	0	0	0	0	0	0	93	0	0	0	0	0	
279035	0	0	0	0	0	0	125	0	0	0	0	0	
279788	0	0	0	0	0	0	115	0	0	0	0	0	
280537	0	0	0	0	0	0	115	0	0	0	0	0	
281288	0	0	0	0	0	0	103	0	0	0	0	0	
282038	0	0	0	0	0	0	95	0	0	0	0	0	
282785	0	0	0	0	0	0	107	0	0	0	0	0	
283535	0	0	0	0	0	0	103	0	0	0	0	0	
284285	0	0	0	0	0	0	107	0	0	0	0	0	
285035	0	0	0	0	0	0	107	0	0	0	0	0	
285781	0	0	0	0	0	135	0	0	0	0	0	0	
286530	0	0	0	0	0	127	0	0	0	0	0	0	
287277	0	0	0	0	0	121	0	0	0	0	0	0	
288028	0	0	0	0	10	127	0	0	0	0	0	0	
288777	0	0	0	0	0	121	0	0	0	0	0	0	
289530	0	0	0	0	0	125	0	0	0	0	0	0	
290281	0	0	0	0	0	129	0	0	0	0	0	0	
291030	0	0	0	0	0	125	0	0	0	0	0	0	
291784	0	0	0	0	0	121	0	0	0	0	0	0	
292533	0	0	0	0	0	131	0	0	0	0	0	0	
293281	0	0	0	0	0	125	0	0	0	0	0	0	
294030	0	0	0	0	0	129	0	0	0	0	0	0	
294781	0	0	0	0	0	113	0	0	0	0	0	0	
295533	0	0	0	0	1	142	0	0	0	0	0	0	
296281	0	0	0	0	0	127	0	0	0	0	0	0	
297031	0	0	0	0	0	127	0	0	0	0	0	0	
297780	0	0	0	0	0	145	0	0	0	0	0	0	
298529	0	0	0	0	0	131	0	0	0	0	0	0	
299280	0	0	0	0	0	119	0	0	0	0	0	0	
300028	0	0	0	0	0	137	0	0	0	0	0	0	
300775	0	0	0	0	0	145	0	0	0	0	0	0	
301526	0	0	0	0	151	0	0	0	0	0	0	0	
302274	0	0	0	0	151	0	0	0	0	0	0	0	
303026	0	0	0	0	161	0	0	0	0	0	0	0	
303777	0	0	0	0	165	0	0	0	0	0	0	0	
304526	0	0	0	0	153	0	0	0	0	0	0	0	
305274	0	0	0	0	159	0	0	0	0	0	0	0	
306023	0	0	0	0	145	0	0	0	0	0	0	0	
306773	0	0	0	0	167	0	0	0	0	0	0	0	
307523	0	0	0	0	163	0	0	0	0	0	0	0	
308274	0	0	0	0	159	0	0	0	0	0	0	0	
309024	0	0	0	0	149	0	0	0	0	0	0	0	
309772	0	0	0	0	139	0	0	0	0	0	0	0	
310523	0	0	0	0	139	0	0	0	0	0	0	0	
311272	0	0	0	0	157	0	0	0	0	0	0	0	
312021	0	0	0	0	147	0	0	0	0	0	0	0	
312773	0	0	0	0	151	0	0	0	0	0	0	0	
313522	0	0	0	0	147	0	0	0	0	0	0	0	
314272	0	0	0	0	175	0	0	0	0	0	0	0	
315020	0	0	0	0	163	0	0	0	0	0	0	0	
315771	0	0	0	0	175	0	0	0	0	0	0	0	
316523	0	0	0	0	153	0	0	0	0	0	0	0	
317272	0	0	0	0	153	0	0	0	0	0	0	0	
318021	0	0	0	1	162	0	0	0	0	0	0	0	
318770	0	0	0	0	163	0	0	0	0	0	0	0	
319520	0	0	0	0	171	0	0	0	0	0	0	0	
320270	0	0	0	0	149	0	0	0	0	0	0	0	
321022	0	0	0	0	159	0	0	0	0	0	0	0	
321771	0	0	0	0	153	0	0	0	0	0	0	0	
322520	0	0	0	0	171	0	0	0	0	0	0	0	
323269	0	0	0	0	157	0	0	0	0	0	0	0	
324018	0	0	0	0	165	0	0	0	0	0	0	0	
324768	0	0	0	0	153	0	0	0	0	0	0	0	
325515	0	0	0	0	161	0	0	0	0	0	0	0	
326263	0	0	0	0	179	0	0	0	0	0	0	0	
327010	0	0	0	0	161	0	0	0	0	0	0	0	
327756	0	0	0	0	167	0	0	0	0	0	0	0	
328508	0	0	0	0	173	0	0	0	0	0	0	0	
329256	0	0	0	0	159	0	0	0	0	0	0	0	
330006	0	0	0	201	0	0	0	0	0	0	0	0	
330754	0	0	0	199	0	0	0	0	0	0	0	0	
331505	0	0	0	169	0	0	0	0	0	0	0	0	
332256	0	0	0	209	0	0	0	0	0	0	0	0	
333003	0	0	0	223	0	0	0	0	0	0	0	0	
333753	0	0	0	171	2	0	0	0	0	0	0	0	
334506	0	0	6	183	0	0	0	0	0	0	0	0	
335256	0	0	0	219	0	0	0	0	0	0	0	0	
336003	0	0	0	203	0	0	0	0	0	0	0	0	
336754	0	0	0	197	0	0	0	0	0	0	0	0	
337505	0	0	0	229	0	0	0	0	0	0	0	0	
338251	0	0	0	211	0	0	0	0	0	0	0	0	
339003	0	0	0	177	0	0	0	0	0	0	0	0	
339751	0	0	0	199	0	0	0	0	0	0	0	0	
340504	0	0	0	207	0	0	0	0	0	0	0	0	
341249	0	0	0	201	0	0	0	0	0	0	0	0	
341995	0	0	0	211	0	0	0	0	0	0	0	0	
342747	0	0	0	169	0	0	0	0	0	0	0	0	
343495	0	0	0	201	0	0	0	0	0	0	0	0	
344245	0	0	0	195	0	0	0	0	0	0	0	0	
344994	0	0	0	205	0	0	0	0	0	0	0	0	
345743	0	0	0	191	0	0	0	0	0	0	0	0	
346495	0	0	0	183	0	0	0	0	0	0	0	0	
347244	0	0	0	205	0	0	0	0	0	0	0	0	
347995	0	0	0	183	0	0	0	0	0	0	0	0	
348742	0	0	0	189	0	0	0	0	0	0	0	0	
349494	0	0	0	189	0	0	0	0	0	0	0	0	
350243	0	0	0	187	0	0	0	0	0	0	0	0	
350990	0	0	0	205	0	0	0	0	0	0	0	0	
351742	0	0	0	187	0	0	0	0	0	0	0	0	
352492	0	0	0	207	0	0	0	0	0	0	0	0	
353242	0	0	0	187	0	0	0	0	0	0	0	0	
353990	0	0	0	245	0	0	0	0	0	0	0	0	
354740	0	0	0	175	0	0	0	0	0	0	0	0	
355492	0	0	0	227	0	0	0	0	0	0	0	0	
356243	0	0	0	211	0	0	0	0	0	0	0	0	
356996	0	0	0	235	0	0	0	0	0	0	0	0	
357746	0	0	0	197	0	0	0	0	0	0	0	0	
358494	0	0	0	205	0	0	0	0	0	0	0	0	
359246	0	0	0	193	0	0	0	0	0	0	0	0	
359997	0	0	0	197	0	0	0	0	0	0	0	0	
360746	0	0	0	191	0	0	0	0	0	0	0	0	
361493	0	0	0	199	0	0	0	0	0	0	0	0	
362243	0	0	0	195	0	0	0	0	0	0	0	0	
362993	0	0	0	209	0	0	0	0	0	0	0	0	
363742	0	0	0	0	173	0	0	0	0	0	0	0	
364494	0	0	0	0	150	3	0	0	0	0	0	0	
365244	0	0	0	0	173	0	0	0	0	0	0	0	
365995	0	0	0	0	155	0	0	0	0	0	0	0	
366746	0	0	0	0	165	0	0	0	0	0	0	0	
367497	0	0	0	0	173	0	0	0	0	0	0	0	
368252	0	0	0	0	149	0	0	0	0	0	0	0	
369004	0	0	0	0	153	0	0	0	0	0	0	0	
369756	0	0	0	0	171	0	0	0	0	0	0	0	
370508	0	0	0	0	163	0	0	0	0	0	0	0	
371261	0	0	0	0	151	0	0	0	0	0	0	0	
372011	0	0	0	0	128	9	0	0	0	0	0	0	
372759	0	0	0	0	153	0	0	0	0	0	0	0	
373509	0	0	0	0	145	0	0	0	0	0	0	0	
374261	0	0	0	0	177	0	0	0	0	0	0	0	
375011	0	0	0	0	165	0	0	0	0	0	0	0	
375766	0	0	0	0	183	0	0	0	0	0	0	0	
376518	0	0	0	0	163	0	0	0	0	0	0	0	
377266	0	0	0	0	149	0	0	0	0	0	0	0	
378017	0	0	0	0	165	0	0	0	0	0	0	0	
378768	0	0	0	0	165	0	0	0	0	0	0	0	
379518	0	0	0	0	139	0	0	0	0	0	0	0	
380268	0	0	0	0	167	0	0	0	0	0	0	0	
381020	0	0	0	0	165	0	0	0	0	0	0	0	
381771	0	0	0	0	159	0	0	0	0	0	0	0	
382523	0	0	0	0	135	0	0	0	0	0	0	0	
383273	0	0	0	0	159	0	0	0	0	0	0	0	
384021	0	0	0	0	165	0	0	0	0	0	0	0	
384770	0	0	0	0	149	0	0	0	0	0	0	0	
385519	0	0	0	0	173	0	0	0	0	0	0	0	
386270	0	0	0	0	147	0	0	0	0	0	0	0	
387018	0	0	0	0	157	0	0	0	0	0	0	0	
387769	0	0	0	0	175	0	0	0	0	0	0	0	
388520	0	0	0	0	147	0	0	0	0	0	0	0	
389271	0	0	0	0	165	0	0	0	0	0	0	0	
390020	0	0	0	0	149	0	0	0	0	0	0	0	
390770	0	0	0	0	131	0	0	0	0	0	0	0	
391521	0	0	0	221	0	0	0	0	0	0	0	0	
392270	0	0	0	201	0	0	0	0	0	0	0	0	
393021	0	0	2	195	0	0	0	0	0	0	0	0	
393771	0	0	0	189	0	0	0	0	0	0	0	0	
394522	0	0	0	239	0	0	0	0	0	0	0	0	
395272	0	0	0	195	0	0	0	0	0	0	0	0	
396021	0	0	0	209	0	0	0	0	0	0	0	0	
396774	0	0	0	195	0	0	0	0	0	0	0	0	
397524	0	0	0	183	0	0	0	0	0	0	0	0	
398273	0	0	0	227	0	0	0	0	0	0	0	0	
399022	0	0	0	209	0	0	0	0	0	0	0	0	
399769	0	0	0	193	0	0	0	0	0	0	0	0	
400522	0	0	0	227	0	0	0	0	0	0	0	0	
401273	0	0	0	201	0	0	0	0	0	0	0	0	
402022	0	0	0	191	0	0	0	0	0	0	0	0	
402775	0	0	0	203	0	0	0	0	0	0	0	0	
403526	0	0	0	211	0	0	0	0	0	0	0	0	
404276	0	0	0	213	0	0	0	0	0	0	0	0	
405026	0	0	0	189	0	0	0	0	0	0	0	0	
405776	0	0	0	179	0	0	0	0	0	0	0	0	
406526	0	0	0	197	0	0	0	0	0	0	0	0	
407275	0	0	0	201	0	0	0	0	0	0	0	0	
408025	0	0	0	183	0	0	0	0	0	0	0	0	
408775	0	0	0	199	0	0	0	0	0	0	0	0	
409528	0	0	0	209	0	0	0	0	0	0	0	0	
410277	0	0	0	229	0	0	0	0	0	0	0	0	
411029	0	0	0	217	0	0	0	0	0	0	0	0	
411779	0	0	0	195	0	0	0	0	0	0	0	0	
412529	0	0	0	189	0	0	0	0	0	0	0	0	
413278	0	0	0	187	0	0	0	0	0	0	0	0	
414028	0	0	0	203	0	0	0	0	0	0	0	0	
414777	0	0	0	0	173	0	0	0	0	0	0	0	
415532	0	0	0	0	139	0	0	0	0	0	0	0	
416284	0	0	0	0	147	0	0	0	0	0	0	0	
417034	0	0	0	0	163	0	0	0	0	0	0	0	
417781	0	0	0	0	165	0	0	0	0	0	0	0	
418532	0	0	0	0	161	0	0	0	0	0	0	0	
419283	0	0	0	0	143	0	0	0	0	0	0	0	
420027	0	0	0	0	145	0	0	0	0	0	0	0	
420781	0	0	0	0	155	0	0	0	0	0	0	0	
421525	0	0	0	0	139	0	0	0	0	0	0	0	
422277	0	0	0	0	161	0	0	0	0	0	0	0	
423025	0	0	0	0	133	0	0	0	0	0	0	0	
423773	0	0	0	0	165	0	0	0	0	0	0	0	
424525	0	0	0	0	141	0	0	0	0	0	0	0	
425272	0	0	0	0	165	0	0	0	0	0	0	0	
426021	0	0	0	0	153	0	0	0	0	0	0	0	
426771	0	0	0	0	151	0	0	0	0	0	0	0	
427521	0	0	0	0	157	0	0	0	0	0	0	0	
428272	0	0	0	0	151	0	0	0	0	0	0	0	
429022	0	0	0	0	173	0	0	0	0	0	0	0	
429775	0	0	0	0	131	0	0	0	0	0	0	0	
430525	0	0	0	0	165	0	0	0	0	0	0	0	
431274	0	0	0	24	143	0	0	0	0	0	0	0	
432018	0	0	0	0	159	0	0	0	0	0	0	0	
432768	0	0	0	0	171	0	0	0	0	0	0	0	
433515	0	0	0	0	173	0	0	0	0	0	0	0	
434268	0	0	0	0	155	0	0	0	0	0	0	0	
435017	0	0	0	0	157	0	0	0	0	0	0	0	
435768	0	0	0	20	0	101	0	0	0	0	0	0	
436517	0	0	0	203	0	0	0	0	0	0	0	0	
437267	0	0	0	215	0	0	0	0	0	0	0	0	
438017	0	0	0	205	0	0	0	0	0	0	0	0	
438766	0	0	0	177	0	0	0	0	0	0	0	0	
439516	0	0	0	191	0	0	0	0	0	0	0	0	
440267	0	0	0	179	0	0	0	0	0	0	0	0	
441020	0	0	0	183	0	0	0	0	0	0	0	0	
441771	0	0	0	213	0	0	0	0	0	0	0	0	
442520	0	0	0	0	143	0	0	0	0	0	0	0	
443269	0	0	0	0	179	0	0	0	0	0	0	0	
444018	0	0	0	0	143	0	0	0	0	0	0	0	
444766	0	0	0	0	145	0	0	0	0	0	0	0	
445516	0	0	0	0	155	0	0	0	0	0	0	0	
446267	0	0	0	0	167	0	0	0	0	0	0	0	
447016	0	0	0	0	151	0	0	0	0	0	0	0	
447765	0	0	0	0	171	0	0	0	0	0	0	0	
448515	0	0	0	0	159	0	0	0	0	0	0	0	
449268	0	0	0	0	165	0	0	0	0	0	0	0	
450018	0	0	0	0	181	0	0	0	0	0	0	0	
450767	0	0	0	0	171	0	0	0	0	0	0	0	
451517	0	0	0	0	147	0	0	0	0	0	0	0	
452266	0	0	0	0	155	0	0	0	0	0	0	0	
453014	0	0	0	0	165	0	0	0	0	0	0	0	
453765	0	0	0	0	157	0	0	0	0	0	0	0	
454511	0	0	0	0	181	0	0	0	0	0	0	0	
455264	0	0	0	0	155	0	0	0	0	0	0	0	
456015	0	0	0	0	175	0	0	0	0	0	0	0	
456765	0	0	0	0	157	0	0	0	0	0	0	0	
457513	0	0	0	0	171	0	0	0	0	0	0	0	
458264	0	0	0	0	143	0	0	0	0	0	0	0	
459015	0	0	0	0	151	0	0	0	0	0	0	0	
459766	0	0	0	0	141	0	0	0	0	0	0	0	
460512	0	0	0	0	141	0	0	0	0	0	0	0	
461260	0	0	0	0	163	0	0	0	0	0	0	0	
462012	0	0	0	0	149	0	0	0	0	0	0	0	
462765	0	0	0	0	0	139	0	0	0	0	0	0	
463516	0	0	0	0	0	127	0	0	0	0	0	0	
464266	0	0	0	0	0	131	0	0	0	0	0	0	
465016	0	0	0	0	0	121	0	0	0	0	0	0	
465765	0	0	0	0	0	143	0	0	0	0	0	0	
466516	0	0	0	0	0	125	0	0	0	0	0	0	
467268	0	0	0	0	0	145	0	0	0	0	0	0	
468019	0	0	0	0	0	137	0	0	0	0	0	0	
468767	0	0	0	0	0	149	0	0	0	0	0	0	
469514	0	0	0	0	0	139	0	0	0	0	0	0	
470267	0	0	0	0	0	103	0	0	0	0	0	0	
471016	0	0	0	0	0	117	0	0	0	0	0	0	
471768	0	0	0	0	0	137	0	0	0	0	0	0	
472516	0	0	0	0	0	135	0	0	0	0	0	0	
473265	0	0	0	0	0	141	0	0	0	0	0	0	
474016	0	0	0	0	0	145	0	0	0	0	0	0	
474770	0	0	0	0	0	147	0	0	0	0	0	0	
475519	0	0	0	0	0	143	0	0	0	0	0	0	
476272	0	0	0	0	0	137	0	0	0	0	0	0	
477018	0	0	0	0	0	133	0	0	0	0	0	0	
477768	0	0	0	0	0	133	0	0	0	0	0	0	
478519	0	0	0	0	0	131	0	0	0	0	0	0	
479269	0	0	0	0	0	123	0	0	0	0	0	0	
480020	0	0	0	0	0	139	0	0	0	0	0	0	
480768	0	0	0	0	0	131	0	0	0	0	0	0	
481522	0	0	0	0	1	108	0	0	0	0	0	0	
482269	0	0	0	0	0	121	0	0	0	0	0	0	
483020	0	0	0	0	0	121	0	0	0	0	0	0	
483771	0	0	0	0	0	103	0	0	0	0	0	0	
484519	0	0	0	0	0	137	0	0	0	0	0	0	
485268	0	0	0	0	0	133	0	0	0	0	0	0	
486022	0	0	0	0	0	121	0	0	0	0	0	0	
486774	0	0	0	0	0	133	0	0	0	0	0	0	
487527	0	0	0	0	0	117	0	0	0	0	0	0	
488275	0	0	0	0	0	135	0	0	0	0	0	0	
489027	0	0	0	0	0	133	0	0	0	0	0	0	
489776	0	0	0	0	0	125	0	0	0	0	0	0	
490525	0	0	0	0	0	123	0	0	0	0	0	0	
491275	0	0	0	0	0	121	0	0	0	0	0	0	
492025	0	0	0	0	0	137	0	0	0	0	0	0	
492777	0	0	0	0	0	135	0	0	0	0	0	0	
493529	0	0	0	0	0	111	0	0	0	0	0	0	
494279	0	0	0	0	0	129	0	0	0	0	0	0	
495029	0	0	0	0	0	137	0	0	0	0	0	0	
495779	0	0	0	0	0	135	0	0	0	0	0	0	
496530	0	0	0	0	0	141	0	0	0	0	0	0	
497281	0	0	0	0	0	141	0	0	0	0	0	0	
498035	0	0	0	0	0	141	0	0	0	0	0	0	
498784	0	0	0	0	0	139	0	0	0	0	0	0	
499534	0	0	0	0	0	131	0	0	0	0	0	0	
500285	0	0	0	0	0	129	0	0	0	0	0	0	
501034	0	0	0	0	0	157	0	0	0	0	0	0	
501784	0	0	0	0	0	127	0	0	0	0	0	0	
502533	0	0	0	0	0	137	0	0	0	0	0	0	
503282	0	0	0	0	0	139	0	0	0	0	0	0	
504031	0	0	0	0	0	127	0	0	0	0	0	0	
504783	0	0	0	0	0	141	0	0	0	0	0	0	
505534	0	0	0	0	0	137	0	0	0	0	0	0	
506291	0	0	0	0	0	113	0	0	0	0	0	0	
507040	0	0	0	0	0	127	0	0	0	0	0	0	
507793	0	0	0	0	0	129	0	0	0	0	0	0	
508546	0	0	0	0	0	147	0	0	0	0	0	0	
509296	0	0	0	0	0	127	0	0	0	0	0	0	
510043	0	0	0	0	0	127	0	0	0	0	0	0	
510795	0	0	0	0	0	123	0	0	0	0	0	0	
511543	0	0	0	0	0	115	0	0	0	0	0	0	
512292	0	0	0	0	0	129	0	0	0	0	0	0	
513042	0	0	0	0	0	131	0	0	0	0	0	0	
513791	0	0	0	0	0	135	0	0	0	0	0	0	
514540	0	0	0	0	0	117	0	0	0	0	0	0	
515287	0	0	0	0	0	145	0	0	0	0	0	0	
516037	0	0	0	0	0	117	0	0	0	0	0	0	
516787	0	0	0	0	0	139	0	0	0	0	0	0	
517534	0	0	0	0	0	129	0	0	0	0	0	0	
518283	0	0	0	0	0	117	0	0	0	0	0	0	
519035	0	0	0	0	0	139	0	0	0	0	0	0	
519782	0	0	0	0	0	147	0	0	0	0	0	0	
520535	0	0	0	0	0	153	0	0	0	0	0	0	
521286	0	0	0	0	0	125	0	0	0	0	0	0	
522038	0	0	0	0	0	125	0	0	0	0	0	0	
522787	0	0	0	0	0	121	0	0	0	0	0	0	
523536	0	0	0	0	0	139	0	0	0	0	0	0	
524285	0	0	0	0	0	127	0	0	0	0	0	0	
525036	0	0	0	0	0	135	0	0	0	0	0	0	
525787	0	0	0	0	0	131	0	0	0	0	0	0	
526535	0	0	0	0	0	115	0	0	0	0	0	0	
527287	0	0	0	0	0	133	0	0	0	0	0	0	
528037	0	0	0	0	0	147	0	0	0	0	0	0	
528788	0	0	0	0	0	127	0	0	0	0	0	0	
529539	0	0	0	0	0	147	0	0	0	0	0	0	
530292	0	0	0	0	0	137	0	0	0	0	0	0	
531044	0	0	0	0	0	125	0	0	0	0	0	0	
531795	0	0	0	0	0	123	0	0	0	0	0	0	
532541	0	0	0	0	0	113	0	0	0	0	0	0	
533290	0	0	0	0	0	117	0	0	0	0	0	0	
534041	0	0	0	0	0	127	0	0	0	0	0	0	
534791	0	0	0	0	0	127	0	0	0	0	0	0	
535538	0	0	0	0	0	139	0	0	0	0	0	0	
536288	0	0	0	0	0	137	0	0	0	0	0	0	
537038	0	0	0	0	0	135	0	0	0	0	0	0	
537790	0	0	0	0	0	141	0	0	0	0	0	0	
538543	0	0	0	0	0	151	0	0	0	0	0	0	
539294	0	0	0	0	0	139	0	0	0	0	0	0	
540042	0	0	0	0	0	133	0	0	0	0	0	0	
540795	0	0	0	0	0	127	0	0	0	0	0	0	
541545	0	0	0	0	0	147	0	0	0	0	0	0	
542295	0	0	0	0	0	159	0	0	0	0	0	0	
543045	0	0	0	0	0	127	0	0	0	0	0	0	
543797	0	0	0	0	0	141	0	0	0	0	0	0	
544549	0	0	0	0	0	143	0	0	0	0	0	0	
545301	0	0	0	0	0	115	0	0	0	0	0	0	
546049	0	0	0	0	0	145	0	0	0	0	0	0	
546797	0	0	0	0	0	153	0	0	0	0	0	0	
547549	0	0	0	0	0	93	0	0	0	0	0	0	
548300	0	0	0	0	0	133	0	0	0	0	0	0	
549050	0	0	0	0	0	119	0	0	0	0	0	0	
549798	0	0	0	0	0	139	0	0	0	0	0	0	
550549	0	0	0	0	0	127	0	0	0	0	0	0	
551296	0	0	0	0	0	139	0	0	0	0	0	0	
552042	0	0	0	0	0	127	0	0	0	0	0	0	
552795	0	0	0	0	0	145	0	0	0	0	0	0	
553547	0	0	0	0	0	115	0	0	0	0	0	0	
554298	0	0	0	0	0	163	0	0	0	0	0	0	
555044	0	0	0	0	0	127	0	0	0	0	0	0	
555799	0	0	0	0	0	119	0	0	0	0	0	0	
556551	0	0	0	0	0	127	0	0	0	0	0	0	
557302	0	0	0	0	0	141	0	0	0	0	0	0	
558048	0	0	0	0	0	123	0	0	0	0	0	0	
558799	0	0	0	0	0	149	0	0	0	0	0	0	
559547	0	0	0	0	0	117	0	0	0	0	0	0	
560299	0	0	0	0	0	135	0	0	0	0	0	0	
561048	0	0	0	0	0	135	0	0	0	0	0	0	
561794	0	0	0	0	0	129	0	0	0	0	0	0	
562548	0	0	0	0	0	123	0	0	0	0	0	0	
563297	0	0	0	0	0	145	0	0	0	0	0	0	
564047	0	0	0	0	0	141	0	0	0	0	0	0	
564800	0	0	0	0	0	135	0	0	0	0	0	0	
565552	0	0	0	0	0	135	0	0	0	0	0	0	
566300	0	0	0	0	0	135	0	0	0	0	0	0	
567049	0	0	0	0	0	125	0	0	0	0	0	0	
567800	0	0	0	0	0	103	0	0	0	0	0	0	
568548	0	0	0	0	0	127	0	0	0	0	0	0	
569300	0	0	0	0	161	0	0	0	0	0	0	0	
570054	0	0	0	0	175	0	0	0	0	0	0	0	
570801	0	0	0	0	153	0	0	0	0	0	0	0	
571548	0	0	0	0	143	0	0	0	0	0	0	0	
572297	0	0	0	0	171	0	0	0	0	0	0	0	
573047	0	0	0	0	165	0	0	0	0	0	0	0	
573796	0	0	0	0	159	0	0	0	0	0	0	0	
574544	0	0	0	0	157	0	0	0	0	0	0	0	
575293	0	0	0	0	155	0	0	0	0	0	0	0	
576041	0	0	0	213	0	0	0	0	0	0	0	0	
576789	0	0	0	171	0	0	0	0	0	0	0	0	
577539	0	0	0	207	0	0	0	0	0	0	0	0	
578288	0	0	0	199	0	0	0	0	0	0	0	0	
579039	0	0	0	225	0	0	0	0	0	0	0	0	
579791	0	0	0	201	0	0	0	0	0	0	0	0	
580543	0	0	0	205	0	0	0	0	0	0	0	0	
581299	0	0	0	169	0	0	0	0	0	0	0	0	
582048	0	0	0	207	0	0	0	0	0	0	0	0	
582797	0	0	0	181	0	0	0	0	0	0	0	0	
583551	0	0	0	217	0	0	0	0	0	0	0	0	
584300	0	0	41	162	0	0	0	0	0	0	0	0	
585049	0	0	0	177	0	0	0	0	0	0	0	0	
585799	0	0	0	215	0	0	0	0	0	0	0	0	
586550	0	0	0	187	0	0	0	0	0	0	0	0	
587298	0	0	0	195	0	0	0	0	0	0	0	0	
588048	0	0	0	219	0	0	0	0	0	0	0	0	
588796	0	0	0	211	0	0	0	0	0	0	0	0	
589551	0	0	0	199	0	0	0	0	0	0	0	0	
590300	0	0	0	215	0	0	0	0	0	0	0	0	
591055	0	0	0	197	0	0	0	0	0	0	0	0	
591808	0	0	0	213	0	0	0	0	0	0	0	0	
592558	0	0	0	207	0	0	0	0	0	0	0	0	
593305	0	0	0	197	0	0	0	0	0	0	0	0	
594054	0	0	0	169	0	0	0	0	0	0	0	0	
594806	0	0	0	225	0	0	0	0	0	0	0	0	
595557	0	0	0	199	0	0	0	0	0	0	0	0	
596310	0	0	0	197	0	0	0	0	0	0	0	0	
597059	0	0	0	207	0	0	0	0	0	0	0	0	
597807	0	0	0	207	0	0	0	0	0	0	0	0	
598555	0	0	0	199	0	0	0	0	0	0	0	0	
599304	0	0	0	207	0	0	0	0	0	0	0	0	
600052	0	0	0	205	0	0	0	0	0	0	0	0	
600804	0	0	0	197	0	0	0	0	0	0	0	0	
601553	0	0	0	223	0	0	0	0	0	0	0	0	
602304	0	0	0	175	0	0	0	0	0	0	0	0	
603056	0	0	0	201	0	0	0	0	0	0	0	0	
603806	0	0	0	155	0	0	0	0	0	0	0	0	
604556	0	0	0	207	0	0	0	0	0	0	0	0	
605308	0	0	0	205	0	0	0	0	0	0	0	0	
606054	0	0	0	219	0	0	0	0	0	0	0	0	
606803	0	0	0	205	0	0	0	0	0	0	0	0	
607554	0	0	0	169	8	0	0	0	0	0	0	0	
608304	0	0	0	233	0	0	0	0	0	0	0	0	
609052	0	0	0	181	0	0	0	0	0	0	0	0	
609802	0	0	0	195	0	0	0	0	0	0	0	0	
610552	0	0	0	197	0	0	0	0	0	0	0	0	
611300	0	0	0	185	0	0	0	0	0	0	0	0	
612052	0	0	0	195	0	0	0	0	0	0	0	0	
612805	0	0	0	217	0	0	0	0	0	0	0	0	
613557	0	0	0	211	0	0	0	0	0	0	0	0	
614306	0	0	0	185	0	0	0	0	0	0	0	0	
615056	0	0	0	221	0	0	0	0	0	0	0	0	
615809	0	0	0	199	0	0	0	0	0	0	0	0	
616560	0	0	0	169	0	0	0	0	0	0	0	0	
617311	0	0	0	195	0	0	0	0	0	0	0	0	
618062	0	0	0	199	0	0	0	0	0	0	0	0	
618811	0	0	0	225	0	0	0	0	0	0	0	0	
619559	0	0	0	187	0	0	0	0	0	0	0	0	
620307	0	0	0	195	0	0	0	0	0	0	0	0	
621057	0	0	0	201	0	0	0	0	0	0	0	0	
621804	0	0	0	197	0	0	0	0	0	0	0	0	
622551	0	0	0	209	0	0	0	0	0	0	0	0	
623299	0	0	0	211	0	0	0	0	0	0	0	0	
624050	0	0	0	195	0	0	0	0	0	0	0	0	
624800	0	0	0	217	0	0	0	0	0	0	0	0	
625552	0	0	0	211	0	0	0	0	0	0	0	0	
626300	0	0	0	177	0	0	0	0	0	0	0	0	
627050	0	0	0	199	0	0	0	0	0	0	0	0	
627801	0	0	0	227	0	0	0	0	0	0	0	0	
628550	0	0	0	219	0	0	0	0	0	0	0	0	
629302	0	0	0	197	0	0	0	0	0	0	0	0	
630052	0	0	0	183	0	0	0	0	0	0	0	0	
630802	0	0	0	199	0	0	0	0	0	0	0	0	
631549	0	0	0	197	0	0	0	0	0	0	0	0	
632299	0	0	0	205	0	0	0	0	0	0	0	0	
633052	0	0	0	205	0	0	0	0	0	0	0	0	
633803	0	0	0	193	0	0	0	0	0	0	0	0	
634553	0	0	0	197	0	0	0	0	0	0	0	0	
635302	0	0	3	198	0	0	0	0	0	0	0	0	
636053	0	0	0	199	0	0	0	0	0	0	0	0	
636801	0	0	0	189	0	0	0	0	0	0	0	0	
637549	0	0	0	189	0	0	0	0	0	0	0	0	
638298	0	0	0	213	0	0	0	0	0	0	0	0	
639052	0	0	0	197	0	0	0	0	0	0	0	0	
639801	0	0	0	205	0	0	0	0	0	0	0	0	
640557	0	0	0	211	0	0	0	0	0	0	0	0	
641310	0	0	0	189	0	0	0	0	0	0	0	0	
642058	0	0	0	195	0	0	0	0	0	0	0	0	
642810	0	0	0	225	0	0	0	0	0	0	0	0	
643559	0	0	0	195	0	0	0	0	0	0	0	0	
644311	0	0	0	183	0	0	0	0	0	0	0	0	
645062	0	0	0	233	0	0	0	0	0	0	0	0	
645809	0	0	0	199	0	0	0	0	0	0	0	0	
646560	0	0	0	215	0	0	0	0	0	0	0	0	
647310	0	0	0	201	0	0	0	0	0	0	0	0	
648059	0	0	0	201	0	0	0	0	0	0	0	0	
648811	0	0	0	197	0	0	0	0	0	0	0	0	
649557	0	0	0	211	0	0	0	0	0	0	0	0	
650305	0	0	0	207	0	0	0	0	0	0	0	0	
651053	0	0	0	215	0	0	0	0	0	0	0	0	
651804	0	0	0	199	0	0	0	0	0	0	0	0	
652553	0	0	0	209	0	0	0	0	0	0	0	0	
653306	0	0	0	197	0	0	0	0	0	0	0	0	
654052	0	0	1	190	0	0	0	0	0	0	0	0	
654802	0	0	0	195	0	0	0	0	0	0	0	0	
655550	0	0	0	209	0	0	0	0	0	0	0	0	
656304	0	0	0	185	0	0	0	0	0	0	0	0	
657055	0	0	0	193	0	0	0	0	0	0	0	0	
657805	0	0	0	199	0	0	0	0	0	0	0	0	
658557	0	0	0	205	0	0	0	0	0	0	0	0	
659308	0	0	109	146	0	0	0	0	0	0	0	0	
660058	0	0	0	207	0	0	0	0	0	0	0	0	
660809	0	0	0	203	0	0	0	0	0	0	0	0	
661557	0	0	0	191	0	0	0	0	0	0	0	0	
662308	0	0	0	195	0	0	0	0	0	0	0	0	
663065	0	0	0	205	0	0	0	0	0	0	0	0	
663814	0	0	0	203	0	0	0	0	0	0	0	0	
664566	0	0	0	195	0	0	0	0	0	0	0	0	
665319	0	0	235	0	0	0	0	0	0	0	0	0	
666070	0	0	257	0	0	0	0	0	0	0	0	0	
666817	0	0	257	0	0	0	0	0	0	0	0	0	
667565	0	2	253	0	0	0	0	0	0	0	0	0	
668311	0	0	249	0	0	0	0	0	0	0	0	0	
669062	0	0	237	0	0	0	0	0	0	0	0	0	
669814	0	0	251	0	0	0	0	0	0	0	0	0	
670562	0	0	251	0	0	0	0	0	0	0	0	0	
671313	0	0	297	0	0	0	0	0	0	0	0	0	
672065	0	71	189	15	0	0	0	0	0	0	0	0	
672812	0	0	259	0	0	0	0	0	0	0	0	0	
673563	0	0	255	0	0	0	0	0	0	0	0	0	
674310	0	0	289	0	0	0	0	0	0	0	0	0	
675061	0	0	241	0	0	0	0	0	0	0	0	0	
675810	0	0	259	0	0	0	0	0	0	0	0	0	
676562	0	0	263	0	0	0	0	0	0	0	0	0	
677309	0	0	263	0	0	0	0	0	0	0	0	0	
678060	0	0	263	0	0	0	0	0	0	0	0	0	
678809	0	0	241	0	0	0	0	0	0	0	0	0	
679559	0	0	261	0	0	0	0	0	0	0	0	0	
680309	0	0	255	0	0	0	0	0	0	0	0	0	
681061	0	0	269	0	0	0	0	0	0	0	0	0	
681812	0	0	255	0	0	0	0	0	0	0	0	0	
682561	0	0	233	0	0	0	0	0	0	0	0	0	
683310	0	0	255	0	0	0	0	0	0	0	0	0	
684064	0	0	251	0	0	0	0	0	0	0	0	0	
684813	0	0	249	0	0	0	0	0	0	0	0	0	
685564	0	0	255	0	0	0	0	0	0	0	0	0	
686314	0	0	275	0	0	0	0	0	0	0	0	0	
687065	0	0	243	0	0	0	0	0	0	0	0	0	
687816	0	0	261	0	0	0	0	0	0	0	0	0	
688567	0	0	275	0	0	0	0	0	0	0	0	0	
689318	0	0	253	0	0	0	0	0	0	0	0	0	
690068	0	0	249	0	0	0	0	0	0	0	0	0	
690817	0	0	231	0	0	0	0	0	0	0	0	0	
691568	0	0	285	0	0	0	0	0	0	0	0	0	
692317	0	0	265	0	0	0	0	0	0	0	0	0	
693066	0	0	269	0	0	0	0	0	0	0	0	0	
693815	0	0	253	0	0	0	0	0	0	0	0	0	
694563	0	0	273	0	0	0	0	0	0	0	0	0	
695311	0	0	245	0	0	0	0	0	0	0	0	0	
696062	0	0	273	0	0	0	0	0	0	0	0	0	
696814	0	0	269	0	0	0	0	0	0	0	0	0	
697566	0	0	299	0	0	0	0	0	0	0	0	0	
698312	0	0	247	0	0	0	0	0	0	0	0	0	
699062	0	0	247	0	0	0	0	0	0	0	0	0	
699815	0	0	287	0	0	0	0	0	0	0	0	0	
700566	0	0	263	0	0	0	0	0	0	0	0	0	
701316	0	0	257	0	0	0	0	0	0	0	0	0	
702067	0	0	265	0	0	0	0	0	0	0	0	0	
702817	0	0	273	0	0	0	0	0	0	0	0	0	
703563	0	0	235	0	0	0	0	0	0	0	0	0	
704313	0	0	247	0	0	0	0	0	0	0	0	0	
705064	0	0	261	0	0	0	0	0	0	0	0	0	
705814	0	0	273	0	0	0	0	0	0	0	0	0	
706565	0	0	259	0	0	0	0	0	0	0	0	0	
707317	0	0	283	0	0	0	0	0	0	0	0	0	
708066	0	0	265	0	0	0	0	0	0	0	0	0	
708816	0	0	249	0	0	0	0	0	0	0	0	0	
709569	0	0	247	0	0	0	0	0	0	0	0	0	
710322	0	0	269	0	0	0	0	0	0	0	0	0	
711074	0	0	265	0	0	0	0	0	0	0	0	0	
711823	0	0	251	0	0	0	0	0	0	0	0	0	
712573	0	0	255	0	0	0	0	0	0	0	0	0	
713323	0	0	253	0	0	0	0	0	0	0	0	0	
714074	0	0	275	0	0	0	0	0	0	0	0	0	
714824	0	0	285	0	0	0	0	0	0	0	0	0	
715573	0	0	265	0	0	0	0	0	0	0	0	0	
716323	0	0	257	0	0	0	0	0	0	0	0	0	
717076	0	0	243	0	0	0	0	0	0	0	0	0	
717826	0	0	261	0	0	0	0	0	0	0	0	0	
718577	0	0	283	0	0	0	0	0	0	0	0	0	
719330	0	0	253	0	0	0	0	0	0	0	0	0	
720084	0	0	261	0	0	0	0	0	0	0	0	0	
720831	0	0	277	0	0	0	0	0	0	0	0	0	
721580	0	0	263	0	0	0	0	0	0	0	0	0	
722331	0	0	279	0	0	0	0	0	0	0	0	0	
723081	0	0	259	0	0	0	0	0	0	0	0	0	
723829	0	0	229	0	0	0	0	0	0	0	0	0	
724579	0	0	249	0	0	0	0	0	0	0	0	0	
725331	0	0	291	0	0	0	0	0	0	0	0	0	
726079	0	0	241	0	0	0	0	0	0	0	0	0	
726832	0	0	263	0	0	0	0	0	0	0	0	0	
727582	0	0	255	0	0	0	0	0	0	0	0	0	
728331	0	0	227	0	0	0	0	0	0	0	0	0	
729081	0	0	253	0	0	0	0	0	0	0	0	0	
729831	0	0	249	0	0	0	0	0	0	0	0	0	
730583	0	0	263	0	0	0	0	0	0	0	0	0	
731332	0	0	267	0	0	0	0	0	0	0	0	0	
732084	0	0	291	0	0	0	0	0	0	0	0	0	
732835	0	0	263	0	0	0	0	0	0	0	0	0	
733584	0	0	263	0	0	0	0	0	0	0	0	0	
734332	0	0	301	0	0	0	0	0	0	0	0	0	
735080	0	0	261	0	0	0	0	0	0	0	0	0	
735830	0	0	271	0	0	0	0	0	0	0	0	0	
736581	0	0	267	0	0	0	0	0	0	0	0	0	
737329	0	0	269	0	0	0	0	0	0	0	0	0	
738079	0	0	279	0	0	0	0	0	0	0	0	0	
738829	0	0	257	0	0	0	0	0	0	0	0	0	
739583	0	0	245	0	0	0	0	0	0	0	0	0	
740332	0	0	255	0	0	0	0	0	0	0	0	0	
741082	0	0	269	0	0	0	0	0	0	0	0	0	
741834	0	0	249	0	0	0	0	0	0	0	0	0	
742583	0	0	257	0	0	0	0	0	0	0	0	0	
743335	0	0	271	0	0	0	0	0	0	0	0	0	
744084	0	0	271	0	0	0	0	0	0	0	0	0	
744833	0	0	247	0	0	0	0	0	0	0	0	0	
745583	0	0	241	0	0	0	0	0	0	0	0	0	
746332	0	0	245	0	0	0	0	0	0	0	0	0	
747083	0	0	223	0	0	0	0	0	0	0	0	0	
747833	0	0	90	137	0	0	0	0	0	0	0	0	
748582	0	0	0	205	0	0	0	0	0	0	0	0	
749329	0	0	0	191	0	0	0	0	0	0	0	0	
750081	0	0	0	195	0	0	0	0	0	0	0	0	
750832	0	0	0	209	0	0	0	0	0	0	0	0	
751579	0	0	0	201	0	0	0	0	0	0	0	0	
752330	0	0	0	189	0	0	0	0	0	0	0	0	
753080	0	0	0	185	0	0	0	0	0	0	0	0	
753833	0	0	0	177	0	0	0	0	0	0	0	0	
754585	0	0	0	209	0	0	0	0	0	0	0	0	
755335	0	0	0	207	0	0	0	0	0	0	0	0	
756084	0	0	0	185	0	0	0	0	0	0	0	0	
756832	0	0	0	193	0	0	0	0	0	0	0	0	
757586	0	0	0	201	0	0	0	0	0	0	0	0	
758337	0	0	0	183	4	0	0	0	0	0	0	0	
759087	0	0	0	191	0	0	0	0	0	0	0	0	
759838	0	0	0	229	0	0	0	0	0	0	0	0	
760589	0	0	0	203	0	0	0	0	0	0	0	0	
761341	0	0	0	195	0	0	0	0	0	0	0	0	
762091	0	0	0	203	0	0	0	0	0	0	0	0	
762840	0	0	0	185	0	0	0	0	0	0	0	0	
763588	0	0	0	195	0	0	0	0	0	0	0	0	
764337	0	0	1	204	0	0	0	0	0	0	0	0	
765089	0	0	0	201	0	0	0	0	0	0	0	0	
765843	0	0	0	191	0	0	0	0	0	0	0	0	
766596	0	0	0	207	0	0	0	0	0	0	0	0	
767345	0	0	0	195	0	0	0	0	0	0	0	0	
768095	0	0	0	203	0	0	0	0	0	0	0	0	
768846	0	0	0	193	0	0	0	0	0	0	0	0	
769593	0	0	0	225	0	0	0	0	0	0	0	0	
770343	0	0	0	213	0	0	0	0	0	0	0	0	
771092	0	0	0	189	0	0	0	0	0	0	0	0	
771844	0	0	0	199	0	0	0	0	0	0	0	0	
772591	0	0	0	211	0	0	0	0	0	0	0	0	
773342	0	0	0	215	0	0	0	0	0	0	0	0	
774091	0	0	0	171	0	0	0	0	0	0	0	0	
774843	0	0	0	207	0	0	0	0	0	0	0	0	
775593	0	0	0	169	0	0	0	0	0	0	0	0	
776342	0	0	0	219	0	0	0	0	0	0	0	0	
777096	0	0	0	215	0	0	0	0	0	0	0	0	
777845	0	0	0	191	0	0	0	0	0	0	0	0	
778596	0	0	0	209	0	0	0	0	0	0	0	0	
779346	0	0	0	203	0	0	0	0	0	0	0	0	
780095	0	0	0	183	0	0	0	0	0	0	0	0	
780843	0	0	0	193	0	0	0	0	0	0	0	0	
781594	0	0	0	191	0	0	0	0	0	0	0	0	
782344	0	0	0	193	0	0	0	0	0	0	0	0	
783097	0	0	0	207	0	0	0	0	0	0	0	0	
783845	0	0	0	187	0	0	0	0	0	0	0	0	
784594	0	0	0	185	0	0	0	0	0	0	0	0	
785347	0	0	0	211	0	0	0	0	0	0	0	0	
786094	0	0	0	205	0	0	0	0	0	0	0	0	
786846	0	0	0	197	0	0	0	0	0	0	0	0	
787599	0	0	0	171	0	0	0	0	0	0	0	0	
788352	0	0	0	193	0	0	0	0	0	0	0	0	
789104	0	0	0	221	0	0	0	0	0	0	0	0	
789855	0	0	0	191	0	0	0	0	0	0	0	0	
790606	0	0	0	213	0	0	0	0	0	0	0	0	
791358	0	0	0	193	0	0	0	0	0	0	0	0	
792109	0	0	0	195	0	0	0	0	0	0	0	0	
792862	0	0	0	193	0	0	0	0	0	0	0	0	
793613	0	0	0	181	0	0	0	0	0	0	0	0	
794362	0	0	0	181	0	0	0	0	0	0	0	0	
795114	0	0	0	201	0	0	0	0	0	0	0	0	
795863	0	0	0	177	0	0	0	0	0	0	0	0	
796616	0	0	0	177	0	0	0	0	0	0	0	0	
797362	0	0	0	207	0	0	0	0	0	0	0	0	
798109	0	0	0	195	0	0	0	0	0	0	0	0	
798860	0	0	0	199	0	0	0	0	0	0	0	0	
799609	0	0	0	209	0	0	0	0	0	0	0	0	
800360	0	0	0	215	0	0	0	0	0	0	0	0	
801109	0	0	0	189	0	0	0	0	0	0	0	0	
801859	0	0	0	179	0	0	0	0	0	0	0	0	
802608	0	0	0	227	0	0	0	0	0	0	0	0	
803358	0	0	0	205	0	0	0	0	0	0	0	0	
804110	0	0	0	199	0	0	0	0	0	0	0	0	
804864	0	0	0	189	0	0	0	0	0	0	0	0	
805612	0	0	0	179	0	0	0	0	0	0	0	0	
806366	0	0	0	191	0	0	0	0	0	0	0	0	
807116	0	0	0	183	0	0	0	0	0	0	0	0	
807864	0	0	0	191	0	0	0	0	0	0	0	0	
808613	0	0	0	217	0	0	0	0	0	0	0	0	
809361	0	0	0	179	0	0	0	0	0	0	0	0	
810112	0	0	0	181	0	0	0	0	0	0	0	0	
810860	0	0	0	177	0	0	0	0	0	0	0	0	
811613	0	0	0	203	0	0	0	0	0	0	0	0	
812361	0	0	0	195	0	0	0	0	0	0	0	0	
813109	0	0	0	209	0	0	0	0	0	0	0	0	
813860	0	0	0	211	0	0	0	0	0	0	0	0	
814611	0	0	0	229	0	0	0	0	0	0	0	0	
815360	0	0	0	203	0	0	0	0	0	0	0	0	
816111	0	0	0	179	0	0	0	0	0	0	0	0	
816861	0	0	0	211	0	0	0	0	0	0	0	0	
817611	0	0	5	210	0	0	0	0	0	0	0	0	
818362	0	0	0	175	0	0	0	0	0	0	0	0	
819114	0	0	0	195	0	0	0	0	0	0	0	0	
819866	0	0	0	221	0	0	0	0	0	0	0	0	
820616	0	0	0	223	0	0	0	0	0	0	0	0	
821371	0	0	0	203	0	0	0	0	0	0	0	0	
822122	0	0	0	0	177	0	0	0	0	0	0	0	
822872	0	0	0	0	201	0	0	0	0	0	0	0	
823621	0	0	0	0	0	109	0	0	0	0	0	0	
824369	0	0	0	0	0	115	0	0	0	0	0	0	
825118	0	0	0	0	0	139	0	0	0	0	0	0	
825871	0	0	0	0	0	135	0	0	0	0	0	0	
826619	0	0	0	0	0	127	0	0	0	0	0	0	
827367	0	0	0	0	0	145	0	0	0	0	0	0	
828116	0	0	0	0	0	115	0	0	0	0	0	0	
828865	0	0	0	0	0	129	0	0	0	0	0	0	
829616	0	0	0	0	0	131	0	0	0	0	0	0	
830365	0	0	0	0	0	105	0	0	0	0	0	0	
831114	0	0	0	0	0	139	0	0	0	0	0	0	
831862	0	0	0	0	0	125	0	0	0	0	0	0	
832611	0	0	0	0	0	137	0	0	0	0	0	0	
833363	0	0	0	0	0	141	0	0	0	0	0	0	
834110	0	0	0	0	141	0	0	0	0	0	0	0	
834859	0	0	0	0	163	0	0	0	0	0	0	0	
835608	0	0	0	0	149	0	0	0	0	0	0	0	
836359	0	0	0	0	151	0	0	0	0	0	0	0	
837113	0	0	0	0	143	0	0	0	0	0	0	0	
837865	0	0	0	0	165	0	0	0	0	0	0	0	
838613	0	0	0	0	173	0	0	0	0	0	0	0	
839365	0	0	0	0	167	0	0	0	0	0	0	0	
840114	0	0	0	0	143	0	0	0	0	0	0	0	
840867	0	0	0	0	165	0	0	0	0	0	0	0	
841617	0	0	0	0	167	0	0	0	0	0	0	0	
842364	0	0	0	0	149	0	0	0	0	0	0	0	
843113	0	0	0	0	171	0	0	0	0	0	0	0	
843862	0	0	0	0	155	0	0	0	0	0	0	0	
844610	0	0	0	0	181	0	0	0	0	0	0	0	
845361	0	0	0	0	153	0	0	0	0	0	0	0	
846113	0	0	0	0	153	0	0	0	0	0	0	0	
846860	0	0	0	0	157	0	0	0	0	0	0	0	
847609	0	0	0	0	183	0	0	0	0	0	0	0	
848363	0	0	0	0	159	0	0	0	0	0	0	0	
849114	0	0	0	0	169	0	0	0	0	0	0	0	
849865	0	0	0	0	139	0	0	0	0	0	0	0	
850613	0	0	0	0	153	0	0	0	0	0	0	0	
851362	0	0	0	0	159	0	0	0	0	0	0	0	
852112	0	0	0	0	169	0	0	0	0	0	0	0	
852865	0	0	0	0	175	0	0	0	0	0	0	0	
853613	0	0	0	0	169	0	0	0	0	0	0	0	
854360	0	0	0	0	149	0	0	0	0	0	0	0	
855112	0	0	0	0	149	0	0	0	0	0	0	0	
855864	0	0	0	0	187	0	0	0	0	0	0	0	
856612	0	0	0	0	0	157	0	0	0	0	0	0	
857363	0	0	0	0	0	151	0	0	0	0	0	0	
858111	0	0	0	0	0	129	0	0	0	0	0	0	
858857	0	0	0	0	0	145	0	0	0	0	0	0	
859606	0	0	0	0	0	139	0	0	0	0	0	0	
860355	0	0	0	0	0	139	0	0	0	0	0	0	
861106	0	0	0	0	0	109	0	0	0	0	0	0	
861856	0	0	0	0	0	129	0	0	0	0	0	0	
862606	0	0	0	0	0	133	0	0	0	0	0	0	
863357	0	0	0	0	0	133	0	0	0	0	0	0	
864105	0	0	0	0	0	133	0	0	0	0	0	0	
864854	0	0	0	0	0	149	0	0	0	0	0	0	
865606	0	0	0	0	0	145	0	0	0	0	0	0	
866358	0	0	0	0	0	107	0	0	0	0	0	0	
867106	0	0	0	0	0	143	0	0	0	0	0	0	
867854	0	0	0	0	0	121	0	0	0	0	0	0	
868604	0	0	0	0	0	135	0	0	0	0	0	0	
869354	0	0	0	0	0	127	0	0	0	0	0	0	
870107	0	0	0	0	0	137	0	0	0	0	0	0	
870855	0	0	0	0	0	137	0	0	0	0	0	0	
871607	0	0	0	0	0	139	0	0	0	0	0	0	
872357	0	0	0	0	0	133	0	0	0	0	0	0	
873107	0	0	0	0	0	131	0	0	0	0	0	0	
873857	0	0	0	0	0	111	0	0	0	0	0	0	
874609	0	0	0	0	0	0	103	0	0	0	0	0	
875358	0	0	0	0	0	0	123	0	0	0	0	0	
876110	0	0	0	0	0	0	109	0	0	0	0	0	
876862	0	0	0	0	0	0	105	0	0	0	0	0	
877613	0	0	0	0	0	0	93	0	0	0	0	0	
878364	0	0	0	0	0	0	119	0	0	0	0	0	
879112	0	0	0	0	0	0	121	0	0	0	0	0	
879861	0	0	0	0	0	0	109	0	0	0	0	0	
880612	0	0	0	0	0	0	115	0	0	0	0	0	
881362	0	0	0	0	0	0	107	0	0	0	0	0	
882113	0	0	0	0	0	0	101	0	0	0	0	0	
882864	0	0	0	0	0	0	91	0	0	0	0	0	
883616	0	0	0	0	0	0	121	0	0	0	0	0	
884365	0	0	0	0	0	0	103	0	0	0	0	0	
885117	0	0	0	0	0	0	111	0	0	0	0	0	
885866	0	0	0	0	0	0	105	0	0	0	0	0	
886621	0	0	0	0	0	0	115	0	0	0	0	0	
887369	0	0	0	0	0	0	117	0	0	0	0	0	
888122	0	0	0	0	0	0	93	0	0	0	0	0	
888871	0	0	0	0	0	0	109	0	0	0	0	0	
889623	0	0	0	0	0	0	107	0	0	0	0	0	
890374	0	0	0	0	0	0	91	0	0	0	0	0	
891125	0	0	0	0	0	0	131	0	0	0	0	0	
891877	0	0	0	0	0	0	111	0	0	0	0	0	
892627	0	0	0	0	0	0	117	0	0	0	0	0	
893377	0	0	0	0	0	0	123	0	0	0	0	0	
894125	0	0	0	0	0	0	127	0	0	0	0	0	
894871	0	0	0	0	0	0	133	0	0	0	0	0	
895616	0	0	0	0	0	0	97	0	0	0	0	0	
896364	0	0	0	0	0	0	91	0	0	0	0	0	
897114	0	0	0	0	0	0	119	0	0	0	0	0	
897863	0	0	0	0	0	12	117	0	0	0	0	0	
898613	0	0	0	0	0	0	105	0	0	0	0	0	
899360	0	0	0	0	0	0	119	0	0	0	0	0	
900113	0	0	0	0	0	0	0	103	0	0	0	0	
900863	0	0	0	0	0	0	0	111	0	0	0	0	
901611	0	0	0	0	0	0	0	0	5	68	0	0	
902362	0	0	0	0	0	0	0	0	0	99	0	0	
903111	0	0	0	0	0	0	0	0	0	75	0	0	
903866	0	0	0	0	0	0	0	0	0	79	0	0	
904616	0	0	0	0	0	0	0	0	0	65	0	0	
905370	0	0	0	0	0	0	0	0	0	79	0	0	
906122	0	0	0	0	0	0	0	0	0	0	75	0	
906872	0	0	0	0	0	0	0	0	0	0	89	0	
907621	0	0	0	0	0	0	0	0	0	0	77	0	
908372	0	0	0	0	0	0	0	0	0	0	67	0	
909123	0	0	0	0	0	0	0	0	0	0	93	0	
909873	0	0	0	0	0	0	0	0	0	0	69	0	
910621	0	0	0	0	0	0	0	0	0	0	85	0	
911371	0	0	0	0	0	0	0	0	0	0	83	0	
912121	0	0	0	0	0	0	0	0	0	0	87	0	
912872	0	0	0	0	0	0	0	0	0	0	71	0	
913621	0	0	0	0	0	0	0	0	0	0	75	0	
914371	0	0	0	0	0	0	0	0	0	0	75	0	
915120	0	0	0	0	0	0	0	0	0	0	69	0	
915867	0	0	0	0	0	0	0	0	0	0	71	0	
916617	0	0	0	0	0	0	0	0	0	0	79	0	
917365	0	0	0	0	0	0	0	0	0	0	79	0	
918114	0	0	0	0	0	0	0	0	0	0	69	0	
918863	0	0	0	0	0	0	0	0	0	0	69	0	
919612	0	0	0	0	0	0	0	0	0	0	65	0	
920365	0	0	0	0	0	0	0	0	0	61	28	0	
921115	0	0	0	0	0	0	0	0	0	0	75	0	
921863	0	0	0	0	0	0	0	0	0	0	61	0	
922611	0	0	0	0	0	0	0	0	0	0	59	0	
923363	0	0	0	0	0	0	0	0	0	0	69	0	
924110	0	0	0	0	0	0	0	0	0	0	75	0	
924861	0	0	0	0	0	0	0	0	0	0	69	0	
925615	0	0	0	0	0	0	0	0	0	0	69	0	
926364	0	0	0	0	0	0	0	0	0	0	59	0	
927113	0	0	0	0	0	0	0	0	0	0	65	0	
927864	0	0	0	0	0	0	0	0	0	0	75	0	
928614	0	0	0	0	0	0	0	0	0	0	79	0	
929363	0	0	0	0	0	0	0	0	0	0	69	0	
930111	0	0	0	0	0	0	0	0	0	0	65	0	
930865	0	0	0	0	0	0	0	0	0	0	69	0	
931617	0	0	0	0	0	0	0	0	0	0	69	0	
932365	0	0	0	0	0	0	0	0	0	0	73	0	
933116	0	0	0	0	0	0	0	0	0	0	75	0	
933866	0	0	0	0	0	0	0	0	0	0	95	0	
934615	0	0	0	0	0	0	0	0	0	0	59	0	
935364	0	0	0	0	0	0	0	0	0	0	69	0	
936114	0	0	0	0	0	0	0	0	0	0	73	0	
936864	0	0	0	0	0	0	0	0	0	0	69	0	
937615	0	0	0	0	0	0	0	0	0	0	51	0	
938368	0	0	0	0	0	0	0	0	0	0	73	0	
939120	0	0	0	0	0	0	0	0	0	0	85	0	
939870	0	0	0	0	0	0	0	0	0	0	81	0	
940619	0	0	0	0	0	0	0	0	0	0	75	0	
941368	0	0	0	0	0	0	0	0	0	0	0	75	
942116	0	0	0	0	0	0	0	0	0	0	0	75	
942869	0	0	0	0	0	0	0	0	0	0	0	67	
943621	0	0	0	0	0	0	0	0	0	0	0	59	
944370	0	0	0	0	0	0	0	0	0	0	0	55	
945120	0	0	0	0	0	0	0	0	0	0	0	69	
945873	0	0	0	0	0	0	0	0	0	0	0	85	
946624	0	0	0	0	0	0	0	0	0	0	0	85	
947376	0	0	0	0	0	0	0	0	0	0	0	71	
948123	0	0	0	0	0	0	0	0	0	0	0	57	
948873	0	0	0	0	0	0	0	0	0	0	0	55	
949624	0	0	0	0	0	0	0	0	0	0	0	71	
950373	0	0	0	0	0	0	0	0	0	0	0	65	
951124	0	0	0	0	0	0	0	0	0	0	0	61	
951875	0	0	0	0	0	0	0	0	0	0	0	75	
952625	0	0	0	0	0	0	0	0	0	0	0	61	
953374	0	0	0	0	0	0	0	0	0	0	0	57	
954125	0	0	0	0	0	0	0	0	0	0	0	69	
954874	0	0	0	0	0	0	0	0	0	0	0	77	
955624	0	0	0	0	0	0	0	0	0	0	0	59	
956374	0	0	0	0	0	0	0	0	0	0	0	61	
957122	0	0	0	0	0	0	0	0	0	0	0	65	
957871	0	0	0	0	0	0	0	0	0	0	0	75	
958619	0	0	0	0	0	0	0	0	0	0	0	73	
959374	0	0	0	0	0	0	0	0	0	0	0	79	
960122	0	0	0	0	0	0	0	0	0	0	0	55	
960874	0	0	0	0	0	0	0	0	0	0	1	86	
961625	0	0	0	0	0	0	0	0	0	0	1	68	
962372	0	0	0	0	0	0	0	0	0	0	16	47	
963122	0	0	0	0	0	0	0	0	0	0	67	0	
963872	0	0	0	0	0	0	0	0	0	0	75	0	
964623	0	0	0	0	0	0	0	0	0	0	63	0	
965373	0	0	0	0	0	0	0	0	0	0	63	0	
966124	0	0	0	0	0	0	0	0	0	0	81	0	
966873	0	0	0	0	0	0	0	0	0	0	69	0	
967621	0	0	0	0	0	0	0	0	0	0	69	0	
968373	0	0	0	0	0	0	0	0	0	0	73	0	
969126	0	0	0	0	0	0	0	0	0	0	91	0	
969875	0	0	0	0	0	0	0	0	0	0	81	0	
970627	0	0	0	0	0	0	0	0	0	0	89	0	
971377	0	0	0	0	0	0	0	0	0	0	67	0	
972127	0	0	0	0	0	0	0	0	0	0	67	0	
972875	0	0	0	0	0	0	0	0	0	0	69	0	
973625	0	0	0	0	0	0	0	0	0	0	87	0	
974376	0	0	0	0	0	0	0	0	0	0	61	0	
975129	0	0	0	0	0	0	0	0	0	0	73	0	
975880	0	0	0	0	0	0	0	0	0	0	71	0	
976631	0	0	0	0	0	0	0	0	0	0	69	0	
977381	0	0	0	0	0	0	0	0	0	0	59	0	
978132	0	0	0	0	0	0	0	0	0	0	71	0	
978883	0	0	0	0	0	0	0	0	0	0	65	0	
979633	0	0	0	0	0	0	0	0	0	0	65	0	
980386	0	0	0	0	0	0	0	0	0	0	71	0	
981137	0	0	0	0	0	0	0	0	0	0	79	0	
981890	0	0	0	0	0	0	0	0	0	0	77	0	
982640	0	0	0	0	0	0	0	0	0	0	71	0	
983392	0	0	0	0	0	0	0	0	0	0	63	0	
984141	0	0	0	0	0	0	0	0	0	0	65	0	
984889	0	0	0	0	0	0	0	0	0	0	111	0	
985639	0	0	0	0	0	0	0	0	0	67	0	0	
986390	0	0	0	0	0	0	0	0	0	79	0	0	
987139	0	0	0	0	0	0	0	0	0	73	0	0	
987888	0	0	0	0	0	0	0	0	0	85	0	0	
988635	0	0	0	0	0	0	0	0	0	79	0	0	
989384	0	0	0	0	0	0	0	0	0	89	0	0	
990136	0	0	0	0	0	0	0	0	0	81	0	0	
990886	0	0	0	0	0	0	0	0	0	81	0	0	
991632	0	0	0	0	0	0	0	0	0	79	0	0	
992382	0	0	0	0	0	0	0	0	0	65	0	0	
993133	0	0	0	0	0	0	0	0	0	85	0	0	
993885	0	0	0	0	0	0	0	0	0	75	0	0	
994634	0	0	0	0	0	0	0	0	1	74	0	0	
995384	0	0	0	0	0	0	0	0	0	69	0	0	
996135	0	0	0	0	0	0	0	0	0	81	0	0	
996883	0	0	0	0	0	0	0	0	93	0	0	0	
997632	0	0	0	0	0	0	0	0	95	0	0	0	
998384	0	0	0	0	0	0	0	0	85	0	0	0	
999135	0	0	0	0	0	0	0	0	101	0	0	0	
999884	0	0	0	0	0	0	0	0	101	0	0	0	
1.00063e+06	0	0	0	0	0	0	0	0	81	0	0	0	
1.00138e+06	0	0	0	0	0	0	0	0	85	0	0	0	
1.00213e+06	0	0	0	0	0	0	0	0	95	0	0	0	
1.00289e+06	0	0	0	0	0	0	0	0	65	0	0	0	
1.00364e+06	0	0	0	0	0	0	0	0	0	71	0	0	
1.00439e+06	0	0	0	0	0	0	0	0	0	85	0	0	
1.00514e+06	0	0	0	0	0	0	0	0	0	89	0	0	
1.00588e+06	0	0	0	0	0	0	0	0	0	91	0	0	
1.00663e+06	0	0	0	0	0	0	0	0	0	95	0	0	
1.00738e+06	0	0	0	0	0	0	0	0	0	85	0	0	
1.00813e+06	0	0	0	0	0	0	0	0	0	85	0	0	
1.00888e+06	0	0	0	0	0	0	0	0	0	87	0	0	
1.00963e+06	0	0	0	0	0	0	0	0	0	95	0	0	
1.01038e+06	0	0	0	0	0	0	0	0	0	77	0	0	
1.01113e+06	0	0	0	0	0	0	0	0	0	91	0	0	
1.01189e+06	0	0	0	0	0	0	0	0	0	71	0	0	
1.01264e+06	0	0	0	0	0	0	0	0	95	0	0	0	
1.01339e+06	0	0	0	0	0	0	0	0	0	71	0	0	
1.01413e+06	0	0	0	0	0	0	0	0	0	85	0	0	
1.01488e+06	0	0	0	0	0	0	0	0	0	81	0	0	
1.01563e+06	0	0	0	0	0	0	0	0	0	79	0	0	
1.01639e+06	0	0	0	0	0	0	0	0	0	73	0	0	
1.01714e+06	0	0	0	0	0	0	0	0	0	73	0	0	
1.01789e+06	0	0	0	0	0	0	0	0	0	73	0	0	
1.01864e+06	0	0	0	0	0	0	0	0	0	93	0	0	
1.01939e+06	0	0	0	0	0	0	0	0	0	85	0	0	
1.02014e+06	0	0	0	0	0	0	0	0	0	69	0	0	
1.02089e+06	0	0	0	0	0	0	0	0	0	77	0	0	
1.02164e+06	0	0	0	0	0	0	0	0	0	65	0	0	
1.02239e+06	0	0	0	0	0	0	0	0	0	85	0	0	
1.02314e+06	0	0	0	0	0	0	0	0	0	73	2	0	
1.02389e+06	0	0	0	0	0	0	0	0	0	79	0	0	
1.02464e+06	0	0	0	0	0	0	0	0	0	81	0	0	
1.02539e+06	0	0	0	0	0	0	0	0	0	91	0	0	
1.02615e+06	0	0	0	0	0	0	0	0	0	89	0	0	
1.0269e+06	0	0	0	0	0	0	0	0	0	77	0	0	
1.02764e+06	0	0	0	0	0	0	0	0	0	83	0	0	
1.02839e+06	0	0	0	0	0	0	0	0	0	75	0	0	
1.02914e+06	0	0	0	0	0	0	0	0	0	81	0	0	
1.02989e+06	0	0	0	0	0	0	0	0	0	63	0	0	
1.03064e+06	0	0	0	0	0	0	0	0	0	75	0	0	
1.03139e+06	0	0	0	0	0	0	0	0	0	79	0	0	
1.03215e+06	0	0	0	0	0	0	0	0	0	81	0	0	
1.0329e+06	0	0	0	0	0	0	0	0	0	81	0	0	
1.03365e+06	0	0	0	0	0	0	0	0	0	87	0	0	
1.03439e+06	0	0	0	0	0	0	0	0	0	85	0	0	
1.03514e+06	0	0	0	0	0	0	0	0	0	87	0	0	
1.0359e+06	0	0	0	0	0	0	0	0	0	79	0	0	
1.03664e+06	0	0	0	0	0	0	0	0	81	0	0	0	
1.03739e+06	0	0	0	0	0	0	0	0	79	0	0	0	
1.03814e+06	0	0	0	0	0	0	0	0	97	0	0	0	
1.03889e+06	0	0	0	0	0	0	0	0	87	0	0	0	
1.03964e+06	0	0	0	0	0	0	0	0	83	0	0	0	
1.04039e+06	0	0	0	0	0	0	0	0	81	0	0	0	
1.04113e+06	0	0	0	0	0	0	0	0	89	0	0	0	
1.04188e+06	0	0	0	0	0	0	0	0	95	0	0	0	
1.04263e+06	0	0	0	0	0	0	0	0	95	0	0	0	
1.04338e+06	0	0	0	0	0	0	0	0	105	0	0	0	
1.04413e+06	0	0	0	0	0	0	0	0	91	0	0	0	
1.04488e+06	0	0	0	0	0	0	0	0	93	0	0	0	
1.04563e+06	0	0	0	0	0	0	0	0	81	0	0	0	
1.04638e+06	0	0	0	0	0	0	0	0	83	0	0	0	
1.04712e+06	0	0	0	0	0	0	0	0	81	0	0	0	
1.04787e+06	0	0	0	0	0	0	0	0	83	0	0	0	
1.04862e+06	0	0	0	0	0	0	0	0	85	0	0	0	
1.04937e+06	0	0	0	0	0	0	0	0	89	0	0	0	
1.05012e+06	0	0	0	0	0	0	0	87	0	0	0	0	
1.05087e+06	0	0	0	0	0	0	52	53	0	0	0	0	
1.05162e+06	0	0	0	0	0	0	0	101	0	0	0	0	
1.05237e+06	0	0	0	0	0	0	0	107	0	0	0	0	
1.05312e+06	0	0	0	0	0	0	0	99	0	0	0	0	
1.05387e+06	0	0	0	0	0	0	0	111	0	0	0	0	
1.05462e+06	0	0	0	0	0	0	0	105	0	0	0	0	
1.05538e+06	0	0	0	0	0	0	0	123	0	0	0	0	
1.05613e+06	0	0	0	0	0	0	0	113	0	0	0	0	
1.05688e+06	0	0	0	0	0	0	0	109	0	0	0	0	
1.05763e+06	0	0	0	0	0	0	0	105	0	0	0	0	
1.05838e+06	0	0	0	0	0	0	0	125	0	0	0	0	
1.05914e+06	0	0	0	0	0	0	0	85	0	0	0	0	
1.05989e+06	0	0	0	0	0	0	0	101	0	0	0	0	
1.06064e+06	0	0	0	0	0	0	0	97	0	0	0	0	
1.06139e+06	0	0	0	0	0	0	0	93	0	0	0	0	
1.06214e+06	0	0	0	0	0	0	0	97	0	0	0	0	
1.06289e+06	0	0	0	0	0	0	0	123	0	0	0	0	
1.06364e+06	0	0	0	0	0	0	0	83	0	0	0	0	
1.06439e+06	0	0	0	0	0	0	0	99	0	0	0	0	
1.06514e+06	0	0	0	0	0	0	0	127	0	0	0	0	
1.06589e+06	0	0	0	0	0	0	0	85	0	0	0	0	
1.06664e+06	0	0	0	0	0	0	0	91	0	0	0	0	
1.06739e+06	0	0	0	0	0	0	0	109	0	0	0	0	
1.06814e+06	0	0	0	0	0	0	0	93	0	0	0	0	
1.06889e+06	0	0	0	0	0	0	0	105	0	0	0	0	
1.06965e+06	0	0	0	0	0	0	0	93	0	0	0	0	
1.07039e+06	0	0	0	0	0	0	0	111	0	0	0	0	
1.07114e+06	0	0	0	0	0	0	0	79	0	0	0	0	
1.0719e+06	0	0	0	0	0	0	0	97	0	0	0	0	
1.07265e+06	0	0	0	0	0	0	0	95	0	0	0	0	
1.0734e+06	0	0	0	0	0	0	0	95	0	0	0	0	
1.07415e+06	0	0	0	0	0	0	0	91	0	0	0	0	
1.0749e+06	0	0	0	0	0	0	0	107	0	0	0	0	
1.07565e+06	0	0	0	0	0	0	0	85	0	0	0	0	
1.0764e+06	0	0	0	0	0	0	0	109	0	0	0	0	
1.07715e+06	0	0	0	0	0	0	0	95	0	0	0	0	
1.0779e+06	0	0	0	0	0	0	117	0	0	0	0	0	
1.07865e+06	0	0	0	0	0	0	119	0	0	0	0	0	
1.0794e+06	0	0	0	0	0	0	127	0	0	0	0	0	
1.08015e+06	0	0	0	0	0	0	127	0	0	0	0	0	
1.08091e+06	0	0	0	0	0	0	119	0	0	0	0	0	
1.08165e+06	0	0	0	0	0	0	117	0	0	0	0	0	
1.08241e+06	0	0	0	0	0	0	125	0	0	0	0	0	
1.08316e+06	0	0	0	0	0	0	121	0	0	0	0	0	
1.0839e+06	0	0	0	0	0	0	77	36	0	0	0	0	
1.08465e+06	0	0	0	0	0	0	111	0	0	0	0	0	
1.0854e+06	0	0	0	0	0	0	129	0	0	0	0	0	
1.08615e+06	0	0	0	0	0	0	125	0	0	0	0	0	
1.0869e+06	0	0	0	0	0	0	109	0	0	0	0	0	
1.08765e+06	0	0	0	0	0	0	121	0	0	0	0	0	
1.0884e+06	0	0	0	0	0	0	93	0	0	0	0	0	
1.08915e+06	0	0	0	0	0	0	119	0	0	0	0	0	
1.0899e+06	0	0	0	0	0	0	109	0	0	0	0	0	
1.09065e+06	0	0	0	0	0	0	115	0	0	0	0	0	
1.0914e+06	0	0	0	0	0	0	111	0	0	0	0	0	
1.09215e+06	0	0	0	0	0	0	109	0	0	0	0	0	
1.09289e+06	0	0	0	0	0	0	107	0	0	0	0	0	
1.09364e+06	0	0	0	0	0	0	107	0	0	0	0	0	
1.0944e+06	0	0	0	0	0	0	135	0	0	0	0	0	
1.09514e+06	0	0	0	0	0	0	127	0	0	0	0	0	
1.09589e+06	0	0	0	0	0	0	127	0	0	0	0	0	
1.09664e+06	0	0	0	0	0	0	121	0	0	0	0	0	
1.09739e+06	0	0	0	0	0	0	107	0	0	0	0	0	
1.09814e+06	0	0	0	0	0	0	141	0	0	0	0	0	
1.09889e+06	0	0	0	0	0	0	125	0	0	0	0	0	
1.09964e+06	0	0	0	0	0	0	111	0	0	0	0	0	
1.10039e+06	0	0	0	0	0	0	113	0	0	0	0	0	
1.10114e+06	0	0	0	0	0	0	121	0	0	0	0	0	
1.10189e+06	0	0	0	0	0	0	119	0	0	0	0	0	
1.10264e+06	0	0	0	0	0	0	115	0	0	0	0	0	
1.10338e+06	0	0	0	0	0	0	123	0	0	0	0	0	
1.10414e+06	0	0	0	0	0	0	123	0	0	0	0	0	
1.10489e+06	0	0	0	0	0	0	113	0	0	0	0	0	
1.10563e+06	0	0	0	0	0	0	111	0	0	0	0	0	
1.10638e+06	0	0	0	0	0	0	111	0	0	0	0	0	
1.10713e+06	0	0	0	0	0	0	107	0	0	0	0	0	
1.10788e+06	0	0	0	0	0	0	127	0	0	0	0	0	
1.10864e+06	0	0	0	0	0	0	137	0	0	0	0	0	
1.10939e+06	0	0	0	0	0	0	113	0	0	0	0	0	
1.11013e+06	0	0	0	0	0	0	117	0	0	0	0	0	
1.11088e+06	0	0	0	0	0	0	107	0	0	0	0	0	
1.11163e+06	0	0	0	0	0	0	105	0	0	0	0	0	
1.11238e+06	0	0	0	0	0	0	127	0	0	0	0	0	
1.11313e+06	0	0	0	0	0	0	109	0	0	0	0	0	
1.11389e+06	0	0	0	0	0	0	109	0	0	0	0	0	
1.11464e+06	0	0	0	0	0	14	95	0	0	0	0	0	
1.11538e+06	0	0	0	0	0	137	0	0	0	0	0	0	
1.11614e+06	0	0	0	0	0	143	0	0	0	0	0	0	
1.11689e+06	0	0	0	0	157	0	0	0	0	0	0	0	
1.11764e+06	0	0	0	0	167	0	0	0	0	0	0	0	
1.11839e+06	0	0	0	0	173	0	0	0	0	0	0	0	
1.11914e+06	0	0	0	0	165	0	0	0	0	0	0	0	
1.11989e+06	0	0	0	0	185	0	0	0	0	0	0	0	
1.12064e+06	0	0	0	0	159	0	0	0	0	0	0	0	
1.12139e+06	0	0	0	0	171	0	0	0	0	0	0	0	
1.12214e+06	0	0	0	0	159	0	0	0	0	0	0	0	
1.12289e+06	0	0	0	0	145	0	0	0	0	0	0	0	
1.12364e+06	0	0	0	0	143	0	0	0	0	0	0	0	
1.12439e+06	0	0	0	0	145	0	0	0	0	0	0	0	
1.12514e+06	0	0	0	0	159	0	0	0	0	0	0	0	
1.12588e+06	0	0	0	0	167	0	0	0	0	0	0	0	
1.12663e+06	0	0	0	0	149	0	0	0	0	0	0	0	
1.12738e+06	0	0	0	0	155	0	0	0	0	0	0	0	
1.12814e+06	0	0	0	0	141	0	0	0	0	0	0	0	
1.12889e+06	0	0	0	0	153	0	0	0	0	0	0	0	
1.12964e+06	0	0	0	0	0	139	0	0	0	0	0	0	
1.13039e+06	0	0	0	0	0	121	0	0	0	0	0	0	
1.13114e+06	0	0	0	0	0	117	0	0	0	0	0	0	
1.13189e+06	0	0	0	0	0	118	19	0	0	0	0	0	
1.13264e+06	0	0	0	0	0	119	0	0	0	0	0	0	
1.13339e+06	0	0	0	0	0	161	0	0	0	0	0	0	
1.13414e+06	0	0	0	0	0	127	0	0	0	0	0	0	
1.13489e+06	0	0	0	0	0	135	0	0	0	0	0	0	
1.13564e+06	0	0	0	0	0	147	0	0	0	0	0	0	
1.13639e+06	0	0	0	0	0	123	0	0	0	0	0	0	
1.13714e+06	0	0	0	0	0	133	0	0	0	0	0	0	
1.13789e+06	0	0	0	0	0	147	0	0	0	0	0	0	
1.13863e+06	0	0	0	0	0	145	0	0	0	0	0	0	
1.13938e+06	0	0	0	0	0	155	0	0	0	0	0	0	
1.14013e+06	0	0	0	0	0	137	0	0	0	0	0	0	
1.14088e+06	0	0	0	0	0	123	0	0	0	0	0	0	
1.14163e+06	0	0	0	0	0	113	0	0	0	0	0	0	
1.14239e+06	0	0	0	0	0	137	0	0	0	0	0	0	
1.14314e+06	0	0	0	0	0	133	0	0	0	0	0	0	
1.14389e+06	0	0	0	0	0	133	0	0	0	0	0	0	
1.14464e+06	0	0	0	0	0	133	0	0	0	0	0	0	
1.14539e+06	0	0	0	0	0	131	0	0	0	0	0	0	
1.14614e+06	0	0	0	0	0	137	8	0	0	0	0	0	
1.14689e+06	0	0	0	0	0	119	0	0	0	0	0	0	
1.14764e+06	0	0	0	0	0	123	0	0	0	0	0	0	
1.14839e+06	0	0	0	0	0	125	0	0	0	0	0	0	
1.14914e+06	0	0	0	0	0	155	0	0	0	0	0	0	
1.14989e+06	0	0	0	0	0	123	0	0	0	0	0	0	
1.15064e+06	0	0	0	0	0	135	0	0	0	0	0	0	
1.15139e+06	0	0	0	0	0	0	97	0	0	0	0	0	
1.15214e+06	0	0	0	0	0	0	119	0	0	0	0	0	
1.15289e+06	0	0	0	0	0	0	46	69	0	0	0	0	
1.15364e+06	0	0	0	0	0	0	1	86	0	0	0	0	
1.15439e+06	0	0	0	0	0	0	0	87	0	0	0	0	
1.15514e+06	0	0	0	0	0	0	0	105	0	0	0	0	
1.15589e+06	0	0	0	0	0	0	0	79	0	0	0	0	
1.15664e+06	0	0	0	0	0	0	0	101	0	0	0	0	
1.1574e+06	0	0	0	0	0	0	0	103	0	0	0	0	
1.15815e+06	0	0	0	0	0	0	0	93	0	0	0	0	
1.15889e+06	0	0	0	0	0	0	0	99	0	0	0	0	
1.15965e+06	0	0	0	0	0	0	0	0	83	0	0	0	
1.1604e+06	0	0	0	0	0	0	0	0	85	0	0	0	
1.16114e+06	0	0	0	0	0	0	0	0	97	0	0	0	
1.1619e+06	0	0	0	0	0	0	0	0	101	0	0	0	
1.16265e+06	0	0	0	0	0	0	0	0	87	0	0	0	
1.1634e+06	0	0	0	0	0	0	0	0	93	0	0	0	
1.16415e+06	0	0	0	0	0	0	0	0	97	0	0	0	
1.1649e+06	0	0	0	0	0	0	0	0	81	0	0	0	
1.16565e+06	0	0	0	0	0	0	0	6	91	0	0	0	
1.16639e+06	0	0	0	0	0	0	0	0	83	2	0	0	
1.16714e+06	0	0	0	0	0	0	0	0	83	0	0	0	
1.16789e+06	0	0	0	0	0	0	0	0	95	0	0	0	
1.16864e+06	0	0	0	0	0	0	0	0	97	0	0	0	
1.16939e+06	0	0	0	0	0	0	0	0	67	0	0	0	
1.17014e+06	0	0	0	0	0	0	0	0	93	0	0	0	
1.17088e+06	0	0	0	0	0	0	0	0	77	0	0	0	
1.17163e+06	0	0	0	0	0	0	0	0	89	0	0	0	
1.17238e+06	0	0	0	0	0	0	0	0	77	0	0	0	
1.17313e+06	0	0	0	0	0	0	0	0	99	0	0	0	
1.17388e+06	0	0	0	0	0	0	0	0	91	0	0	0	
1.17463e+06	0	0	0	0	0	0	0	0	97	0	0	0	
1.17538e+06	0	0	0	0	0	0	0	0	77	0	0	0	
1.17613e+06	0	0	0	0	0	0	0	0	95	0	0	0	
1.17688e+06	0	0	0	0	0	0	0	0	101	0	0	0	
1.17764e+06	0	0	0	0	0	0	0	0	111	0	0	0	
1.17838e+06	0	0	0	0	0	0	0	0	93	0	0	0	
1.17913e+06	0	0	0	0	0	0	0	0	97	0	0	0	
1.17988e+06	0	0	0	0	0	0	0	0	105	0	0	0	
1.18064e+06	0	0	0	0	0	0	0	0	83	0	0	0	
1.18139e+06	0	0	0	0	0	0	0	0	81	0	0	0	
1.18214e+06	0	0	0	0	0	0	0	0	67	0	0	0	
1.18289e+06	0	0	0	0	0	0	0	0	79	0	0	0	
1.18364e+06	0	0	0	0	0	0	0	0	97	0	0	0	
1.18439e+06	0	0	0	0	0	0	0	0	99	0	0	0	
1.18513e+06	0	0	0	0	0	0	0	0	97	0	0	0	
1.18588e+06	0	0	0	0	0	0	0	0	81	0	0	0	
1.18663e+06	0	0	0	0	0	0	0	0	71	0	0	0	
1.18738e+06	0	0	0	0	0	0	0	0	85	0	0	0	
1.18813e+06	0	0	0	0	0	0	0	0	0	77	0	0	
1.18888e+06	0	0	0	0	0	0	0	0	0	79	0	0	
1.18963e+06	0	0	0	0	0	0	0	0	0	83	0	0	
1.19038e+06	0	0	0	0	0	0	0	0	0	75	0	0	
1.19113e+06	0	0	0	0	0	0	0	0	0	81	0	0	
1.19188e+06	0	0	0	0	0	0	0	0	0	73	0	0	
1.19263e+06	0	0	0	0	0	0	0	0	0	61	0	0	
1.19338e+06	0	0	0	0	0	0	0	0	97	0	0	0	
1.19412e+06	0	0	0	0	0	0	0	0	73	0	0	0	
1.19488e+06	0	0	0	0	0	0	0	0	77	0	0	0	
1.19563e+06	0	0	0	0	0	0	0	0	89	0	0	0	
1.19638e+06	0	0	0	0	0	0	0	0	81	0	0	0	
1.19713e+06	0	0	0	0	0	0	0	0	87	0	0	0	
1.19788e+06	0	0	0	0	0	0	0	0	97	0	0	0	
1.19863e+06	0	0	0	0	0	0	0	0	95	0	0	0	
1.19938e+06	0	0	0	0	0	0	0	0	93	0	0	0	
1.20013e+06	0	0	0	0	0	0	0	0	89	0	0	0	
1.20088e+06	0	0	0	0	0	0	0	0	93	0	0	0	
1.20164e+06	0	0	0	0	0	0	0	0	87	0	0	0	
1.20238e+06	0	0	0	0	0	0	0	0	85	0	0	0	
1.20313e+06	0	0	0	0	0	0	0	0	71	0	0	0	
1.20388e+06	0	0	0	0	0	0	0	0	81	0	0	0	
1.20463e+06	0	0	0	0	0	0	0	0	89	0	0	0	
1.20539e+06	0	0	0	0	0	0	0	0	103	0	0	0	
1.20614e+06	0	0	0	0	0	0	0	0	83	0	0	0	
1.20689e+06	0	0	0	0	0	0	0	0	85	2	0	0	
1.20763e+06	0	0	0	0	0	0	0	0	93	0	0	0	
1.20838e+06	0	0	0	0	0	0	0	0	87	0	0	0	
1.20913e+06	0	0	0	0	0	0	0	0	97	0	0	0	
1.20988e+06	0	0	0	0	0	0	0	0	97	0	0	0	
1.21063e+06	0	0	0	0	0	0	0	0	85	0	0	0	
1.21138e+06	0	0	0	0	0	0	0	0	81	0	0	0	
1.21214e+06	0	0	0	0	0	0	0	0	95	0	0	0	
1.21289e+06	0	0	0	0	0	0	0	0	99	0	0	0	
1.21364e+06	0	0	0	0	0	0	0	0	99	0	0	0	
1.21439e+06	0	0	0	0	0	0	0	0	87	0	0	0	
1.21514e+06	0	0	0	0	0	0	0	0	83	0	0	0	
1.21589e+06	0	0	0	0	0	0	0	0	83	0	0	0	
1.21664e+06	0	0	0	0	0	0	0	0	83	0	0	0	
1.21739e+06	0	0	0	0	0	0	0	0	87	0	0	0	
1.21814e+06	0	0	0	0	0	0	0	0	73	0	0	0	
1.21889e+06	0	0	0	0	0	0	0	0	95	0	0	0	
1.21964e+06	0	0	0	0	0	0	0	0	81	0	0	0	
1.22039e+06	0	0	0	0	0	0	0	0	101	0	0	0	
1.22114e+06	0	0	0	0	0	0	0	0	97	0	0	0	
1.22189e+06	0	0	0	0	0	0	0	0	69	0	0	0	
1.22264e+06	0	0	0	0	0	0	0	0	109	0	0	0	
1.22339e+06	0	0	0	0	0	0	0	0	87	0	0	0	
1.22415e+06	0	0	0	0	0	0	0	0	83	0	0	0	
1.2249e+06	0	0	0	0	0	0	0	0	97	0	0	0	
1.22565e+06	0	0	0	0	0	0	0	0	93	0	0	0	
1.2264e+06	0	0	0	0	0	0	0	0	91	0	0	0	
1.22715e+06	0	0	0	0	0	0	0	0	93	0	0	0	
1.2279e+06	0	0	0	0	0	0	0	0	83	0	0	0	
1.22865e+06	0	0	0	0	0	0	0	0	71	0	0	0	
1.2294e+06	0	0	0	0	0	0	0	0	91	0	0	0	
1.23015e+06	0	0	0	0	0	0	0	0	95	0	0	0	
1.23091e+06	0	0	0	0	0	0	0	0	97	0	0	0	
1.23166e+06	0	0	0	0	0	0	0	0	90	1	0	0	
1.23241e+06	0	0	0	0	0	0	0	0	58	37	0	0	
1.23316e+06	0	0	0	0	0	0	0	0	0	71	0	0	
1.2339e+06	0	0	0	0	0	0	0	0	0	95	0	0	
1.23466e+06	0	0	0	0	0	0	0	0	0	85	0	0	
1.23541e+06	0	0	0	0	0	0	0	0	0	61	0	0	
1.23615e+06	0	0	0	0	0	0	0	0	0	75	0	0	
1.2369e+06	0	0	0	0	0	0	0	0	0	0	83	0	
1.23766e+06	0	0	0	0	0	0	0	0	0	0	63	0	
1.23841e+06	0	0	0	0	0	0	0	0	0	0	73	0	
1.23916e+06	0	0	0	0	0	0	0	0	0	0	83	0	
1.23991e+06	0	0	0	0	0	0	0	0	0	49	14	0	
1.24066e+06	0	0	0	0	0	0	0	0	0	85	0	0	
1.24141e+06	0	0	0	0	0	0	0	0	0	75	0	0	
1.24216e+06	0	0	0	0	0	0	0	0	0	85	0	0	
1.24291e+06	0	0	0	0	0	0	0	0	0	77	0	0	
1.24366e+06	0	0	0	0	0	0	0	0	0	59	0	0	
1.24441e+06	0	0	0	0	0	0	0	0	0	91	0	0	
1.24516e+06	0	0	0	0	0	0	0	0	0	69	0	0	
1.24592e+06	0	0	0	0	0	0	0	0	0	75	0	0	
1.24666e+06	0	0	0	0	0	0	0	0	0	81	0	0	
1.24742e+06	0	0	0	0	0	0	0	0	0	87	0	0	
1.24817e+06	0	0	0	0	0	0	0	0	0	77	0	0	
1.24891e+06	0	0	0	0	0	0	0	0	0	69	0	0	
1.24966e+06	0	0	0	0	0	0	0	0	0	73	0	0	
1.25041e+06	0	0	0	0	0	0	0	0	0	79	0	0	
1.25116e+06	0	0	0	0	0	0	0	0	0	83	0	0	
1.25191e+06	0	0	0	0	0	0	0	0	0	67	0	0	
1.25266e+06	0	0	0	0	0	0	0	0	0	79	0	0	
1.25341e+06	0	0	0	0	0	0	0	0	0	75	0	0	
1.25416e+06	0	0	0	0	0	0	0	0	0	93	0	0	
1.25491e+06	0	0	0	0	0	0	0	0	0	67	0	0	
1.25566e+06	0	0	0	0	0	0	0	0	0	95	0	0	
1.25642e+06	0	0	0	0	0	0	0	0	0	81	0	0	
1.25717e+06	0	0	0	0	0	0	0	0	0	77	0	0	
1.25792e+06	0	0	0	0	0	0	0	0	0	73	0	0	
1.25867e+06	0	0	0	0	0	0	0	0	0	87	0	0	
1.25942e+06	0	0	0	0	0	0	0	0	0	79	0	0	
1.26018e+06	0	0	0	0	0	0	0	0	0	77	0	0	
1.26093e+06	0	0	0	0	0	0	0	0	0	85	0	0	
1.26168e+06	0	0	0	0	0	0	0	0	0	79	0	0	
1.26243e+06	0	0	0	0	0	0	0	0	0	79	0	0	
1.26318e+06	0	0	0	0	0	0	0	0	0	85	0	0	
1.26393e+06	0	0	0	0	0	0	0	0	0	77	0	0	
1.26468e+06	0	0	0	0	0	0	0	0	0	91	0	0	
1.26543e+06	0	0	0	0	0	0	0	0	0	75	0	0	
1.26618e+06	0	0	0	0	0	0	0	0	0	79	0	0	
1.26693e+06	0	0	0	0	0	0	0	0	0	77	0	0	
1.26768e+06	0	0	0	0	0	0	0	0	0	103	0	0	
1.26843e+06	0	0	0	0	0	0	0	0	0	0	77	0	
1.26918e+06	0	0	0	0	0	0	0	0	0	0	75	0	
1.26993e+06	0	0	0	0	0	0	0	0	0	0	61	0	
1.27068e+06	0	0	0	0	0	0	0	0	0	0	73	0	
1.27143e+06	0	0	0	0	0	0	0	0	0	0	75	0	
1.27218e+06	0	0	0	0	0	0	0	0	0	81	0	0	
1.27293e+06	0	0	0	0	0	0	0	0	0	75	4	0	
1.27368e+06	0	0	0	0	0	0	0	0	0	93	0	0	
1.27443e+06	0	0	0	0	0	0	0	0	0	75	0	0	
1.27517e+06	0	0	0	0	0	0	0	0	0	69	0	0	
1.27592e+06	0	0	0	0	0	0	0	0	0	69	0	0	
1.27667e+06	0	0	0	0	0	0	0	0	0	81	0	0	
1.27742e+06	0	0	0	0	0	0	0	0	0	85	0	0	
1.27818e+06	0	0	0	0	0	0	0	0	0	83	0	0	
1.27893e+06	0	0	0	0	0	0	0	0	0	63	0	0	
1.27967e+06	0	0	0	0	0	0	0	0	0	75	0	0	
1.28042e+06	0	0	0	0	0	0	0	0	77	0	0	0	
1.28117e+06	0	0	0	0	0	0	0	0	99	0	0	0	
1.28193e+06	0	0	0	0	0	0	0	0	87	0	0	0	
1.28268e+06	0	0	0	0	0	0	0	0	87	0	0	0	
1.28343e+06	0	0	0	0	0	0	0	0	95	0	0	0	
1.28418e+06	0	0	0	0	0	0	0	0	85	0	0	0	
1.28493e+06	0	0	0	0	0	0	0	0	91	0	0	0	
1.28568e+06	0	0	0	0	0	0	0	0	77	0	0	0	
1.28643e+06	0	0	0	0	0	0	0	0	79	0	0	0	
1.28718e+06	0	0	0	0	0	0	0	0	93	0	0	0	
1.28793e+06	0	0	0	0	0	0	0	0	77	0	0	0	
1.28867e+06	0	0	0	0	0	0	0	0	95	0	0	0	
1.28943e+06	0	0	0	0	0	0	0	0	85	0	0	0	
1.29017e+06	0	0	0	0	0	0	0	0	93	0	0	0	
1.29092e+06	0	0	0	0	0	0	0	0	83	0	0	0	
1.29167e+06	0	0	0	0	0	0	0	0	101	0	0	0	
1.29242e+06	0	0	0	0	0	0	0	0	85	0	0	0	
1.29317e+06	0	0	0	0	0	0	0	0	91	0	0	0	
1.29392e+06	0	0	0	0	0	0	0	0	89	0	0	0	
1.29467e+06	0	0	0	0	0	0	0	0	85	0	0	0	
1.29542e+06	0	0	0	0	0	0	0	0	89	0	0	0	
1.29617e+06	0	0	0	0	0	0	0	0	95	0	0	0	
1.29692e+06	0	0	0	0	0	0	0	0	77	0	0	0	
1.29767e+06	0	0	0	0	0	0	0	0	99	0	0	0	
1.29842e+06	0	0	0	0	0	0	0	0	85	0	0	0	
1.29917e+06	0	0	0	0	0	0	0	0	85	0	0	0	
1.29992e+06	0	0	0	0	0	0	0	0	83	0	0	0	
1.30067e+06	0	0	0	0	0	0	0	0	83	0	0	0	
1.30143e+06	0	0	0	0	0	0	0	0	55	28	0	0	
1.30218e+06	0	0	0	0	0	0	0	0	83	0	0	0	
1.30293e+06	0	0	0	0	0	0	0	0	85	0	0	0	
1.30368e+06	0	0	0	0	0	0	0	0	93	0	0	0	
1.30442e+06	0	0	0	0	0	0	0	0	103	0	0	0	
1.30518e+06	0	0	0	0	0	0	0	0	95	4	0	0	
1.30592e+06	0	0	0	0	0	0	0	0	89	0	0	0	
1.30668e+06	0	0	0	0	0	0	0	0	93	0	0	0	
1.30742e+06	0	0	0	0	0	0	0	0	97	0	0	0	
1.30818e+06	0	0	0	0	0	0	0	0	89	0	0	0	
1.30893e+06	0	0	0	0	0	0	0	0	97	0	0	0	
1.30968e+06	0	0	0	0	0	0	0	0	0	73	0	0	
1.31043e+06	0	0	0	0	0	0	0	0	0	79	0	0	
1.31118e+06	0	0	0	0	0	0	0	0	0	91	0	0	
1.31193e+06	0	0	0	0	0	0	0	0	0	93	0	0	
1.31268e+06	0	0	0	0	0	0	0	0	0	77	0	0	
1.31343e+06	0	0	0	0	0	0	0	0	0	83	0	0	
1.31418e+06	0	0	0	0	0	0	0	0	0	73	0	0	
1.31493e+06	0	0	0	0	0	0	0	0	0	81	0	0	
1.31568e+06	0	0	0	0	0	0	0	0	0	67	0	0	
1.31643e+06	0	0	0	0	0	0	0	0	0	89	0	0	
1.31718e+06	0	0	0	0	0	0	0	0	0	83	0	0	
1.31793e+06	0	0	0	0	0	0	0	0	0	91	0	0	
1.31868e+06	0	0	0	0	0	0	0	0	0	81	0	0	
1.31943e+06	0	0	0	0	0	0	0	0	0	83	0	0	
1.32018e+06	0	0	0	0	0	0	0	0	0	91	0	0	
1.32093e+06	0	0	0	0	0	0	0	0	0	85	0	0	
1.32168e+06	0	0	0	0	0	0	0	0	0	83	0	0	
1.32243e+06	0	0	0	0	0	0	0	0	0	63	0	0	
1.32318e+06	0	0	0	0	0	0	0	0	0	79	0	0	
1.32393e+06	0	0	0	0	0	0	0	0	19	60	0	0	
1.32468e+06	0	0	0	0	0	0	0	0	0	71	0	0	
1.32543e+06	0	0	0	0	0	0	0	0	0	85	0	0	
1.32618e+06	0	0	0	0	0	0	0	0	0	81	0	0	
1.32693e+06	0	0	0	0	0	0	0	0	0	69	0	0	
1.32768e+06	0	0	0	0	0	0	0	0	0	87	0	0	
1.32843e+06	0	0	0	0	0	0	0	0	0	77	0	0	
1.32918e+06	0	0	0	0	0	0	0	0	0	83	0	0	
1.32993e+06	0	0	0	0	0	0	0	0	0	77	0	0	
1.33068e+06	0	0	0	0	0	0	0	0	0	69	0	0	
1.33143e+06	0	0	0	0	0	0	0	0	0	91	0	0	
1.33218e+06	0	0	0	0	0	0	0	0	0	85	0	0	
1.33294e+06	0	0	0	0	0	0	0	0	0	81	0	0	
1.33368e+06	0	0	0	0	0	0	0	0	0	101	0	0	
1.33443e+06	0	0	0	0	0	0	0	0	0	89	0	0	
1.33518e+06	0	0	0	0	0	0	0	0	0	105	0	0	
1.33593e+06	0	0	0	0	0	0	0	0	0	67	0	0	
1.33669e+06	0	0	0	0	0	0	0	0	0	83	0	0	
1.33744e+06	0	0	0	0	0	0	0	0	0	91	0	0	
1.33818e+06	0	0	0	0	0	0	0	0	0	103	0	0	
1.33893e+06	0	0	0	0	0	0	0	0	0	85	0	0	
1.33968e+06	0	0	0	0	0	0	0	0	0	81	0	0	
1.34043e+06	0	0	0	0	0	0	0	0	105	0	0	0	
1.34118e+06	0	0	0	0	0	0	0	0	83	0	0	0	
1.34194e+06	0	0	0	0	0	0	0	0	83	0	0	0	
1.34269e+06	0	0	0	0	0	0	0	0	87	0	0	0	
1.34344e+06	0	0	0	0	0	0	0	0	46	37	0	0	
1.34419e+06	0	0	0	0	0	0	0	0	0	79	0	0	
1.34494e+06	0	0	0	0	0	0	0	0	0	73	0	0	
1.34569e+06	0	0	0	0	0	0	0	0	0	67	0	0	
1.34644e+06	0	0	0	0	0	0	0	0	0	63	0	0	
1.34719e+06	0	0	0	0	0	0	0	0	0	89	0	0	
1.34794e+06	0	0	0	0	0	0	0	0	0	59	0	0	
1.34869e+06	0	0	0	0	0	0	0	0	0	83	0	0	
1.34944e+06	0	0	0	0	0	0	0	0	0	85	0	0	
1.35019e+06	0	0	0	0	0	0	0	0	0	85	0	0	
1.35094e+06	0	0	0	0	0	0	0	0	0	81	0	0	
1.35169e+06	0	0	0	0	0	0	0	0	0	87	0	0	
1.35244e+06	0	0	0	0	0	0	0	0	0	95	0	0	
1.35319e+06	0	0	0	0	0	0	0	0	0	85	0	0	
1.35394e+06	0	0	0	0	0	0	0	0	0	85	0	0	
1.35469e+06	0	0	0	0	0	0	0	0	107	0	0	0	
1.35544e+06	0	0	0	0	0	0	0	0	89	0	0	0	
1.35619e+06	0	0	0	0	0	0	0	0	95	0	0	0	
1.35694e+06	0	0	0	0	0	0	0	0	105	0	0	0	
1.35768e+06	0	0	0	0	0	0	0	0	103	0	0	0	
1.35844e+06	0	0	0	0	0	0	0	0	103	0	0	0	
1.35919e+06	0	0	0	0	0	0	0	0	81	0	0	0	
1.35994e+06	0	0	0	0	0	0	0	0	87	0	0	0	
1.36069e+06	0	0	0	0	0	0	0	0	97	0	0	0	
1.36144e+06	0	0	0	0	0	0	0	0	101	0	0	0	
1.36219e+06	0	0	0	0	0	0	0	0	71	0	0	0	
1.36294e+06	0	0	0	0	0	0	0	0	87	0	0	0	
1.36369e+06	0	0	0	0	0	0	0	0	81	0	0	0	
1.36444e+06	0	0	0	0	0	0	0	0	81	0	0	0	
1.36519e+06	0	0	0	0	0	0	0	0	91	0	0	0	
1.36594e+06	0	0	0	0	0	0	0	0	97	0	0	0	
1.36669e+06	0	0	0	0	0	0	0	103	0	0	0	0	
1.36744e+06	0	0	0	0	0	0	0	103	0	0	0	0	
1.36819e+06	0	0	0	0	0	0	0	81	0	0	0	0	
1.36894e+06	0	0	0	0	0	0	0	103	0	0	0	0	
1.36969e+06	0	0	0	0	0	0	0	113	0	0	0	0	
1.37044e+06	0	0	0	0	0	0	0	87	0	0	0	0	
1.37119e+06	0	0	0	0	0	0	0	113	0	0	0	0	
1.37194e+06	0	0	0	0	0	0	0	105	0	0	0	0	
1.37269e+06	0	0	0	0	0	0	0	85	0	0	0	0	
1.37344e+06	0	0	0	0	0	0	0	85	0	0	0	0	
1.37419e+06	0	0	0	0	0	0	0	93	0	0	0	0	
1.37494e+06	0	0	0	0	0	0	0	89	0	0	0	0	
1.3757e+06	0	0	0	0	0	0	0	93	0	0	0	0	
1.37645e+06	0	0	0	0	0	0	0	115	0	0	0	0	
1.37719e+06	0	0	0	0	0	0	0	111	0	0	0	0	
1.37795e+06	0	0	0	0	0	0	0	107	0	0	0	0	
1.3787e+06	0	0	0	0	0	0	0	81	0	0	0	0	
1.37945e+06	0	0	0	0	0	0	0	109	0	0	0	0	
1.38021e+06	0	0	0	0	0	0	0	105	0	0	0	0	
1.38096e+06	0	0	0	0	0	0	121	0	0	0	0	0	
1.38171e+06	0	0	0	0	0	0	117	0	0	0	0	0	
1.38246e+06	0	0	0	0	0	0	111	0	0	0	0	0	
1.3832e+06	0	0	0	0	0	0	137	0	0	0	0	0	
1.38395e+06	0	0	0	0	0	0	107	0	0	0	0	0	
1.3847e+06	0	0	0	0	0	0	103	0	0	0	0	0	
1.38545e+06	0	0	0	0	0	0	133	0	0	0	0	0	
1.3862e+06	0	0	0	0	0	0	113	0	0	0	0	0	
1.38695e+06	0	0	0	0	0	0	115	0	0	0	0	0	
1.38771e+06	0	0	0	0	0	0	123	0	0	0	0	0	
1.38846e+06	0	0	0	0	0	0	129	0	0	0	0	0	
1.38921e+06	0	0	0	0	0	0	115	0	0	0	0	0	
1.38996e+06	0	0	0	0	0	0	113	0	0	0	0	0	
1.3907e+06	0	0	0	0	0	0	109	0	0	0	0	0	
1.39145e+06	0	0	0	0	0	0	131	0	0	0	0	0	
1.39221e+06	0	0	0	0	0	0	105	0	0	0	0	0	
1.39295e+06	0	0	0	0	0	0	85	0	0	0	0	0	
1.3937e+06	0	0	0	0	0	0	121	0	0	0	0	0	
1.39446e+06	0	0	0	0	0	0	123	0	0	0	0	0	
1.3952e+06	0	0	0	0	0	0	101	0	0	0	0	0	
1.39595e+06	0	0	0	0	0	0	105	0	0	0	0	0	
1.3967e+06	0	0	0	0	0	0	127	0	0	0	0	0	
1.39745e+06	0	0	0	0	0	0	123	0	0	0	0	0	
1.3982e+06	0	0	0	0	0	0	97	0	0	0	0	0	
1.39895e+06	0	0	0	0	0	0	111	0	0	0	0	0	
1.3997e+06	0	0	0	0	0	0	121	0	0	0	0	0	
1.40045e+06	0	0	0	0	0	0	113	0	0	0	0	0	
1.40119e+06	0	0	0	0	0	0	127	0	0	0	0	0	
1.40194e+06	0	0	0	0	0	0	117	0	0	0	0	0	
1.40269e+06	0	0	0	0	0	0	121	0	0	0	0	0	
1.40344e+06	0	0	0	0	0	0	111	0	0	0	0	0	
1.40419e+06	0	0	0	0	0	0	113	0	0	0	0	0	
1.40494e+06	0	0	0	0	0	0	89	0	0	0	0	0	
1.40569e+06	0	0	0	0	0	0	103	0	0	0	0	0	
1.40644e+06	0	0	0	0	0	0	123	0	0	0	0	0	
1.40719e+06	0	0	0	0	0	0	69	48	0	0	0	0	
1.40794e+06	0	0	0	0	0	0	0	103	0	0	0	0	
1.40869e+06	0	0	0	0	0	0	0	75	0	0	0	0	
1.40945e+06	0	0	0	0	0	0	0	99	0	0	0	0	
1.41019e+06	0	0	0	0	0	0	0	97	0	0	0	0	
1.41095e+06	0	0	0	0	0	0	0	0	71	0	0	0	
1.41169e+06	0	0	0	0	0	0	0	0	95	0	0	0	
1.41244e+06	0	0	0	0	0	0	0	0	89	0	0	0	
1.41319e+06	0	0	0	0	0	0	0	0	0	79	0	0	
1.41394e+06	0	0	0	0	0	0	0	0	0	73	0	0	
1.41469e+06	0	0	0	0	0	0	0	0	0	79	0	0	
1.41544e+06	0	0	0	0	0	0	0	0	0	83	0	0	
1.41619e+06	0	0	0	0	0	0	0	0	0	91	0	0	
1.41694e+06	0	0	0	0	0	0	0	0	0	83	0	0	
1.41769e+06	0	0	0	0	0	0	0	0	0	79	0	0	
1.41844e+06	0	0	0	0	0	0	0	0	0	87	0	0	
1.41919e+06	0	0	0	0	0	0	0	0	0	95	0	0	
1.41994e+06	0	0	0	0	0	0	0	0	0	79	0	0	
1.42069e+06	0	0	0	0	0	0	0	0	0	77	0	0	
1.42144e+06	0	0	0	0	0	0	0	0	0	75	0	0	
1.42219e+06	0	0	0	0	0	0	0	0	0	77	0	0	
1.42294e+06	0	0	0	0	0	0	0	0	0	77	0	0	
1.42369e+06	0	0	0	0	0	0	0	0	0	59	0	0	
1.42444e+06	0	0	0	0	0	0	0	0	0	91	0	0	
1.42519e+06	0	0	0	0	0	0	0	0	0	93	0	0	
1.42594e+06	0	0	0	0	0	0	0	0	0	77	0	0	
1.42669e+06	0	0	0	0	0	0	0	0	0	83	0	0	
1.42744e+06	0	0	0	0	0	0	0	0	0	81	0	0	
1.42819e+06	0	0	0	0	0	0	0	0	0	71	0	0	
1.42894e+06	0	0	0	0	0	0	0	0	0	79	0	0	
1.4297e+06	0	0	0	0	0	0	0	0	0	77	0	0	
1.43045e+06	0	0	0	0	0	0	0	0	0	77	0	0	
1.43119e+06	0	0	0	0	0	0	0	0	0	111	0	0	
1.43194e+06	0	0	0	0	0	0	0	0	0	83	4	0	
1.4327e+06	0	0	0	0	0	0	0	0	0	73	0	0	
1.43345e+06	0	0	0	0	0	0	0	0	0	73	0	0	
1.4342e+06	0	0	0	0	0	0	0	0	0	0	75	0	
1.43495e+06	0	0	0	0	0	0	0	0	0	0	77	0	
1.4357e+06	0	0	0	0	0	0	0	0	0	71	0	0	
1.43645e+06	0	0	0	0	0	0	0	0	0	69	0	0	
1.4372e+06	0	0	0	0	0	0	0	0	0	75	0	0	
1.43795e+06	0	0	0	0	0	0	0	0	0	83	0	0	
1.4387e+06	0	0	0	0	0	0	0	0	0	83	0	0	
1.43944e+06	0	0	0	0	0	0	0	0	0	85	0	0	
1.4402e+06	0	0	0	0	0	0	0	0	0	83	0	0	
1.44094e+06	0	0	0	0	0	0	0	0	0	95	0	0	
1.44169e+06	0	0	0	0	0	0	0	0	0	77	0	0	
1.44244e+06	0	0	0	0	0	0	0	0	0	87	0	0	
1.44319e+06	0	0	0	0	0	0	0	0	0	71	0	0	
1.44394e+06	0	0	0	0	0	0	0	0	0	83	0	0	
1.44469e+06	0	0	0	0	0	0	0	0	0	89	0	0	
1.44544e+06	0	0	0	0	0	0	0	0	0	103	0	0	
1.44619e+06	0	0	0	0	0	0	0	0	87	0	0	0	
1.44694e+06	0	0	0	0	0	0	0	0	85	0	0	0	
1.44769e+06	0	0	0	0	0	0	0	0	95	0	0	0	
1.44844e+06	0	0	0	0	0	0	0	48	49	0	0	0	
1.44919e+06	0	0	0	0	0	0	0	99	0	0	0	0	
1.44993e+06	0	0	0	0	0	0	0	103	0	0	0	0	
1.45069e+06	0	0	0	0	0	0	0	97	0	0	0	0	
1.45143e+06	0	0	0	0	0	0	0	101	0	0	0	0	
1.45218e+06	0	0	0	0	0	0	0	95	0	0	0	0	
1.45293e+06	0	0	0	0	0	0	0	97	0	0	0	0	
1.45368e+06	0	0	0	0	0	0	117	0	0	0	0	0	
1.45443e+06	0	0	0	0	0	0	111	0	0	0	0	0	
1.45518e+06	0	0	0	0	0	0	117	0	0	0	0	0	
1.45594e+06	0	0	0	0	0	0	0	99	0	0	0	0	
1.45668e+06	0	0	0	0	0	0	121	0	0	0	0	0	
1.45743e+06	0	0	0	0	0	0	121	0	0	0	0	0	
1.45818e+06	0	0	0	0	0	0	125	0	0	0	0	0	
1.45894e+06	0	0	0	0	0	0	121	0	0	0	0	0	
1.45969e+06	0	0	0	0	0	0	105	0	0	0	0	0	
1.46044e+06	0	0	0	0	0	0	93	0	0	0	0	0	
1.46119e+06	0	0	0	0	0	0	117	0	0	0	0	0	
1.46194e+06	0	0	0	0	0	0	109	0	0	0	0	0	
1.46269e+06	0	0	0	0	0	0	0	105	0	0	0	0	
1.46344e+06	0	0	0	0	0	0	0	0	65	0	0	0	
1.46419e+06	0	0	0	0	0	0	0	0	87	0	0	0	
1.46494e+06	0	0	0	0	0	0	0	0	89	0	0	0	
1.46568e+06	0	0	0	0	0	0	0	0	116	1	0	0	
1.46643e+06	0	0	0	0	0	0	0	0	97	0	0	0	
1.46718e+06	0	0	0	0	0	0	0	0	81	0	0	0	
1.46793e+06	0	0	0	0	0	0	0	0	81	0	0	0	
1.46868e+06	0	0	0	0	0	0	0	0	81	0	0	0	
1.46943e+06	0	0	0	0	0	0	0	0	77	0	0	0	
1.47018e+06	0	0	0	0	0	0	0	0	85	0	0	0	
1.47093e+06	0	0	0	0	0	0	0	0	83	0	0	0	
1.47168e+06	0	0	0	0	0	0	0	0	95	0	0	0	
1.47243e+06	0	0	0	0	0	0	0	0	89	0	0	0	
1.47318e+06	0	0	0	0	0	0	0	0	109	0	0	0	
1.47393e+06	0	0	0	0	0	0	0	0	95	0	0	0	
1.47468e+06	0	0	0	0	0	0	0	0	97	0	0	0	
1.47543e+06	0	0	0	0	0	0	0	0	101	0	0	0	
1.47618e+06	0	0	0	0	0	0	0	0	81	0	0	0	
1.47693e+06	0	0	0	0	0	0	0	0	87	0	0	0	
1.47768e+06	0	0	0	0	0	0	0	0	99	0	0	0	
1.47843e+06	0	0	0	0	0	0	0	0	91	0	0	0	
1.47918e+06	0	0	0	0	0	0	0	0	93	0	0	0	
1.47994e+06	0	0	0	0	0	0	0	0	83	0	0	0	
1.48069e+06	0	0	0	0	0	0	0	0	81	0	0	0	
1.48143e+06	0	0	0	0	0	0	0	0	95	0	0	0	
1.48218e+06	0	0	0	0	0	0	0	0	87	0	0	0	
1.48293e+06	0	0	0	0	0	0	0	0	69	0	0	0	
1.48368e+06	0	0	0	0	0	0	0	0	77	0	0	0	
1.48443e+06	0	0	0	0	0	0	0	0	95	0	0	0	
1.48518e+06	0	0	0	0	0	0	0	0	113	0	0	0	
1.48593e+06	0	0	0	0	0	0	0	0	95	0	0	0	
1.48668e+06	0	0	0	0	0	0	0	0	75	0	0	0	
1.48743e+06	0	0	0	0	0	0	0	0	85	0	0	0	
1.48818e+06	0	0	0	0	0	0	0	0	97	0	0	0	
1.48893e+06	0	0	0	0	0	0	0	0	93	0	0	0	
1.48968e+06	0	0	0	0	0	0	0	0	67	0	0	0	
1.49043e+06	0	0	0	0	0	0	0	0	91	0	0	0	
1.49118e+06	0	0	0	0	0	0	0	0	89	0	0	0	
1.49193e+06	0	0	0	0	0	0	0	0	83	0	0	0	
1.49268e+06	0	0	0	0	0	0	0	0	83	0	0	0	
1.49343e+06	0	0	0	0	0	0	0	0	93	0	0	0	
1.49418e+06	0	0	0	0	0	0	0	0	83	0	0	0	
1.49493e+06	0	0	0	0	0	0	0	0	99	0	0	0	
1.49568e+06	0	0	0	0	0	0	0	0	93	0	0	0	
1.49643e+06	0	0	0	0	0	0	0	0	61	28	0	0	
1.49718e+06	0	0	0	0	0	0	0	0	103	0	0	0	
1.49793e+06	0	0	0	0	0	0	0	0	91	0	0	0	
1.49868e+06	0	0	0	0	0	0	0	0	79	0	0	0	
1.49943e+06	0	0	0	0	0	0	0	0	99	0	0	0	
1.50018e+06	0	0	0	0	0	0	0	0	85	0	0	0	
1.50018e+06	0	0	0	0	0	0	0	0	85	0	0	0	
