0.00256921
0	103

0.342462	0.417033	0.180177	0.166606	0.870433	2.3007	0.176221	0.174099	0.706435	0.658904	0.717858	0.434662	1.11517	0.0673272	0.110076	1.4729	0.00689978	0.39153	0.160457	0.12267	0.212101	0.384135	0.21903	0.643373	0.0628392	0.20666	0.594473	0.137634	0.0572352	0.275567	1.49538	0.571315	0.28261	0.298236	0.618808	1.3052	0.377287	0.0198807	1.73228	0.820166	1.17813	0.226613	0.0565754	0.377471	0.792862	0.391068	0.096241	0.838369	0.00347477	0.178778	0.1174	0.0126039	1.0523	2.51235	0.17134	0.511461	0.534669	0.274417	0.698601	0.0830011	0.303957	0.963279	0.116345	0.0509433	0.750599	0.108593	1.98235	0.0955351	0.038124	0.156664	0.0490224	0.463335	0.542891	0.524391	0.383681	0.0499097	0.730928	0.131874	0.0757634	0.053499	0.648194	1.23898	0.403265	0.244586	0.13576	0.480297	0.769372	1.49013	0.0363318	1.42014	0.754758	0.814669	0.048679	0.814209	0.0605706	0.218736	0.843423	0.44748	0.293872	0.727976	0.516841	1.0374	0.094735	
0.138838	2.24191	0.0460096	0.447334	0.0531054	0.171243	0.00703127	0.00420524	0.701624	1.21471	0.77265	0.374025	0.135038	1.33796	0.123826	0.630397	0.280166	1.57977	0.622352	0.71623	0.028578	0.24882	0.16986	0.57935	0.613524	1.29501	0.256756	0.338521	1.00235	1.52351	0.080266	0.0236946	0.0326578	0.486069	0.060651	0.322745	0.86286	0.368892	0.519225	0.119003	0.574396	0.850547	0.432606	1.58926	0.673427	0.733486	0.172932	0.313424	0.319038	0.625239	0.172223	0.467609	0.570753	1.7368	0.674596	0.492638	0.779302	2.08985	0.0718568	0.256997	0.342258	0.834974	0.0286703	0.209187	0.998246	1.13129	0.216556	0.0354441	0.055405	0.375811	0.301032	0.0979635	0.22657	1.42006	0.0996893	0.443245	0.054055	1.15144	0.166051	0.622453	0.441338	0.556871	0.399414	1.88273	0.056437	0.330523	0.0321559	0.150253	0.550278	1.28985	1.57794	1.42903	0.189059	0.448025	0.148751	0.0320504	1.09995	
0	81

2.47933	1.27253	1.11345	4.84643	1.05761	3.1505	0.47614	3.5048	0.416919	2.17418	1.55842	0.718325	0.940369	5.44177	1.0303	3.39949	1.11426	0.38169	3.10627	0.860299	0.14384	1.86077	1.85458	0.707952	0.147339	0.889022	2.2376	1.10746	0.791999	4.99934	0.559025	0.92357	2.44616	0.804692	1.46542	2.03123	1.52741	0.889309	6.05855	2.19938	1.30661	1.7677	0.765804	0.383227	0.629281	1.15277	4.05893	2.4199	0.365179	3.54244	1.10078	1.20799	0.836748	0.722567	4.11368	0.539296	0.141217	1.04155	3.10326	0.677998	1.17969	2.26126	2.59454	0.566243	0.815848	0.923769	1.95441	0.413555	3.24694	1.93412	1.55704	1.02899	1.57697	3.53739	1.71209	0.748923	2.3291	1.3246	1.9471	3.85976	4.26924	
2.16855	2.42279	0.39765	5.74118	1.54856	0.24358	3.17582	0.635137	0.525465	4.08984	0.153442	1.09918	1.88665	0.356183	0.657381	0.971868	0.933933	2.39883	0.198785	1.16742	0.98362	1.42131	1.30059	2.28947	0.48805	5.80089	2.10421	1.06611	1.27032	2.98559	2.98225	0.442369	1.33191	0.19877	1.7792	2.40962	0.204192	3.27899	1.35669	1.90471	0.770812	1.00669	2.32945	0.0744345	0.475985	1.08867	1.23869	0.126795	1.94313	1.06037	0.583487	2.61133	1.44312	0.653261	0.632785	2.59814	0.425885	3.44265	0.971517	1.24913	0.888354	0.656958	1.03229	3.27901	0.20033	0.891604	0.3468	1.26689	0.214497	0.578	11.1967	2.44835	0.289955	0.271983	2.86082	3.04459	1.94915	0.588026	3.54628	2.28197	0.632133	1.00895	1.34901	0.462705	0.841877	2.21737	1.76443	0.850094	0.219624	0.701269	0.960446	1.03677	0.642709	0.243857	0.715215	4.60842	0.583924	1.66484	0.510819	0.401681	0.264718	3.21128	1.92502	1.43978	0.221676	0.922361	1.4481	0.205936	0.643811	0.491144	4.32128	1.99938	0.708115	1.05923	6.12613	0.502854	1.36122	2.7438	1.68555	
0	98

0.351752	3.89299	0.382684	0.448584	2.15456	0.788894	2.84257	5.85135	0.443389	1.86015	4.0325	5.65215	0.995868	0.533548	2.09575	0.477183	1.85749	1.99562	0.685415	0.370023	1.81749	1.55269	7.51526	0.441491	2.50229	0.68979	1.16452	4.68794	0.775316	0.911096	0.452616	0.541987	4.78727	2.60453	0.974212	0.90592	0.372805	2.29014	2.38916	0.80573	4.41199	2.24992	1.76226	0.600619	0.812158	0.507518	2.79797	1.26118	0.625543	2.11448	1.04497	0.509839	3.68413	1.89106	2.52541	0.718317	2.91466	1.55612	4.54549	0.855849	3.57256	3.20555	3.94468	2.50495	1.34657	4.60087	1.98575	0.339074	3.84973	8.19134	1.78894	1.04637	0.796138	1.20317	10.0357	0.6663	4.4509	2.48875	0.605616	1.81342	1.0474	1.90561	0.241505	0.937171	1.19224	1.3542	2.42233	1.27772	1.63792	3.73439	0.896033	4.13703	0.60372	1.19995	1.51787	1.06701	1.16314	9.6946	
6.36096	1.72087	1.26044	1.0262	3.21104	2.26789	6.37794	2.46837	2.91738	1.06415	2.67723	6.35556	7.61014	1.30865	2.38113	2.73773	1.10067	5.78586	4.01985	0.577874	2.53916	3.45748	3.15549	6.90872	5.15849	10.3347	7.56177	0.879094	2.68409	7.0661	3.04418	2.41082	3.20507	2.99864	2.66677	1.69332	3.00179	1.77035	2.76903	3.66097	5.12804	2.09909	9.17538	5.19639	6.48212	1.18843	3.19384	3.28003	4.14286	1.18956	5.91403	2.87994	3.43895	1.27347	2.84196	6.10009	3.87567	2.77724	4.00752	2.3885	9.14397	2.26261	3.79482	0.774284	2.85024	3.00847	4.86763	4.18113	4.19524	2.66375	2.77393	3.22058	3.88957	0.777007	0.662901	2.35574	3.87838	0.441412	2.22217	0.955384	4.1726	5.33778	1.29885	3.30154	4.28077	3.82463	3.40032	2.93281	1.35265	3.30023	4.54752	4.04169	4.73167	2.34055	3.44881	3.2553	2.70383	2.28341	8.05394	0.709918	6.49395	1.72949	
0	96

19.1581	0.939486	9.85751	2.98491	2.03475	7.15312	3.82714	0.981304	6.6944	4.80708	10.5804	3.82043	9.48923	2.28774	3.3858	2.41077	5.57488	13.3634	0.957351	6.24868	4.65886	1.18069	19.5046	0.73761	5.34911	4.70976	1.2723	1.38597	6.0014	2.10186	13.6438	2.18339	1.1119	6.2403	20.3575	1.3855	10.5688	1.36101	11.619	11.6157	14.408	0.658981	1.67099	3.40373	4.71068	3.41841	8.82389	8.14896	10.1043	3.21257	28.0814	6.93099	10.3165	9.3894	13.843	1.19205	0.771168	1.3835	0.53639	13.4036	8.57219	32.2786	5.24216	6.70173	1.6935	10.371	6.53195	0.67566	1.77261	17.0312	2.1251	4.76393	2.07406	1.59474	2.42684	1.49307	1.78599	2.24827	0.688112	6.81669	0.669559	12.4568	3.07883	1.64568	1.31871	3.8278	3.47513	5.08019	3.80487	3.0205	8.45452	3.62048	1.53992	2.8947	0.903158	2.59204	
9.2447	5.32576	5.73541	26.1447	7.14813	4.71974	6.30525	8.47915	3.55211	5.47186	1.89663	2.46795	4.69957	13.0064	6.41266	19.2276	3.76645	2.37031	2.08907	9.47493	4.21953	11.2302	8.50766	12.9227	3.84917	20.7804	2.55969	6.37662	3.80484	6.69883	12.2273	2.43186	1.21693	4.57088	1.92975	8.64267	10.6203	13.1906	30.9706	8.76988	10.1663	2.42153	5.25063	3.6686	2.04195	7.7626	17.8475	6.80769	13.5089	8.39559	2.75204	14.9445	10.6151	1.68873	20.8035	3.54438	8.47636	5.775	8.25583	9.71598	21.9131	8.4638	7.29267	21.5196	8.4291	6.82882	6.92329	4.13151	1.44518	18.2108	3.31944	6.33054	3.13776	9.02154	6.64911	5.87622	18.1732	4.71631	7.84208	7.76527	7.19201	8.92003	9.95662	19.133	3.77758	4.08974	15.4155	16.1322	4.07275	11.685	3.18697	6.75452	7.11743	13.7072	2.60098	26.7779	3.44292	7.89146	7.21422	2.4802	4.75431	18.7229	16.6601	17.8975	
0	75

31.7002	11.7441	11.125	25.7711	4.62613	7.65452	19.5247	10.2942	13.2353	21.7549	4.98399	10.9045	9.11073	40.0884	4.8807	7.30763	3.99453	15.8494	13.5981	9.79321	9.7464	6.23158	3.68055	6.07822	6.83745	69.6077	10.9889	25.2337	7.07445	2.36215	2.07445	32.6119	0.96529	14.1492	15.8508	3.71184	11.2653	3.48478	11.5954	21.2235	7.38495	15.099	47.9967	3.11817	11.0505	15.546	3.99948	11.4783	7.39538	27.649	3.68802	34.3194	51.6273	2.04332	11.0829	5.11203	43.5409	17.8505	15.2146	4.82431	15.0804	33.0271	21.0917	13.8266	17.0437	9.02927	46.2231	17.8167	19.8041	3.56972	3.31247	20.0696	5.88777	6.78573	2.08927	
32.2501	19.6436	4.60702	73.2993	18.707	13.748	10.7511	13.067	9.79198	16.726	26.4847	55.6919	10.5905	10.9541	42.0802	5.50446	4.20297	16.2878	13.0743	20.6672	13.8414	18.0226	11.0111	10.4353	7.95121	47.4354	6.38519	10.7944	8.5555	16.5749	25.4176	71.2505	38.5062	19.6839	32.7982	17.0387	10.8166	17.3048	72.0891	26.5137	12.1027	19.7422	17.3533	7.90996	15.9697	3.62579	14.7711	25.3288	23.4828	11.7749	12.5535	23.4423	9.80495	24.7734	30.637	12.5979	7.1777	3.38961	21.5268	7.71299	6.27389	13.6476	13.2969	6.1418	15.0832	10.8158	9.45236	10.5319	24.7141	12.5551	26.5133	11.7675	27.6199	23.855	8.53119	28.5511	14.6008	26.7899	9.74282	6.03058	50.9517	33.4846	12.4465	33.1742	13.9757	15.4793	4.4088	7.88342	48.4938	22.0515	19.9721	4.74408	32.1638	4.57987	7.13764	23.4166	29.2993	4.81882	30.0228	9.15317	27.2582	27.3126	13.3885	19.879	30.2312	31.9398	14.436	17.3027	23.2949	16.255	6.87391	12.3467	19.6966	9.21779	15.3423	33.4042	43.837	38.2181	19.6561	12.3643	29.2906	7.01229	13.4309	22.0795	24.8573	
0	95

64.3525	7.32823	59.7087	7.1603	38.1734	25.9587	37.6749	39.6876	40.8611	24.9343	70.1855	44.9484	109.459	49.8897	42.5184	39.7438	14.1233	6.569	9.29447	42.697	5.42683	4.07675	39.7849	17.4429	28.0609	11.0411	17.408	88.2253	84.6166	22.0758	51.0629	12.6021	57.3211	45.8619	62.9044	4.01197	32.0693	92.3383	22.4493	6.8886	4.958	38.9757	42.2303	3.00539	10.4394	22.8064	27.9059	24.0943	7.49946	49.7508	55.0045	9.22831	45.9282	57.0981	4.72257	6.66623	5.4663	13.2219	11.9546	133.885	15.7065	53.4399	16.767	43.0922	5.62453	11.1159	56.5156	18.8208	5.2411	53.2015	7.27462	16.7794	2.92448	42.4321	30.2135	15.3341	2.42943	5.70133	4.44509	14.8455	10.0846	56.2422	28.1986	20.8316	49.6942	3.08857	4.46403	46.2666	6.00065	36.4167	18.7731	54.4894	9.99586	11.2073	5.1583	
59.8057	32.2616	46.3328	76.9367	35.8106	23.1762	109.55	38.5093	30.7443	29.2351	15.6403	56.5539	29.8127	34.6217	26.5647	30.1607	36.6743	10.4788	23.7988	24.511	68.526	37.3329	70.8351	27.5173	13.2228	74.0123	34.5236	46.4135	123.911	57.2409	22.3972	67.8192	48.6927	95.9163	91.2987	17.0158	40.5546	65.5643	25.9094	17.9997	20.8665	54.7305	61.49	13.4943	59.703	29.5774	41.7659	47.5958	85.3765	48.6638	26.0049	52.7439	35.1622	80.3382	75.8159	36.9342	17.5847	54.706	51.6082	22.5028	34.7733	53.9033	21.6093	25.4824	42.1274	14.0843	63.1572	92.4658	35.5228	47.1573	30.9953	29.4241	16.6826	46.8198	72.4326	26.8798	37.5235	29.3647	33.7686	49.9457	41.5929	12.9395	87.1082	40.3114	16.2478	42.959	57.9963	47.4886	8.23201	35.6897	24.5131	32.172	35.7773	27.4491	28.8346	23.1378	58.6212	19.5174	22.0901	19.4125	37.3607	26.8103	40.7974	23.0903	19.5521	
0	108

50.8606	16.2238	14.4633	18.2199	171.736	50.7159	44.4525	24.3686	102.662	12.6329	10.5184	32.195	84.2549	28.8874	75.999	118.599	51.6015	119.588	109.069	31.4428	59.4379	161.659	36.4357	9.42137	29.956	15.1279	56.4866	35.5919	59.6789	52.6319	164.044	74.5032	8.17644	27.853	49.0669	147.164	133.505	228.685	45.6299	27.5314	8.98199	12.6477	298.721	15.8199	20.7659	11.8998	14.1751	30.2901	126.119	57.0407	74.2706	230.325	20.7323	8.35354	96.1276	82.2164	36.3656	251.788	47.5301	65.4266	65.185	36.9847	21.9051	199.741	6.54805	14.5619	66.9249	34.6591	156.165	11.2797	16.1865	32.18	85.2282	15.9614	20.2447	53.8208	73.2158	111.712	120.319	121.974	110.803	15.0542	85.7893	37.7636	55.5145	180.438	201.678	58.2794	15.8583	19.0248	43.3547	72.0199	33.9376	37.7653	10.1048	15.5946	53.291	62.2406	35.8481	9.42816	11.5841	27.9084	23.3389	14.5059	37.717	80.1025	55.1063	66.493	
52.5094	45.2818	136.504	120.282	51.5556	51.715	76.1233	147.057	48.1112	16.4357	40.963	31.3964	116.825	50.9677	97.565	73.3943	35.3975	53.0549	98.3324	88.5505	61.7195	87.8557	239.367	65.2032	127.525	139.286	175.481	37.4262	34.1988	31.2968	67.1171	66.6421	174.927	79.3959	69.0775	78.6462	45.99	248.989	107.594	23.992	182.362	104.323	88.5997	42.798	102.442	94.8137	121.579	158.818	60.7846	96.7639	84.8332	344.158	14.5994	57.0641	60.7974	94.2307	180.504	72.8637	16.9384	77.2103	92.5222	70.9005	110.589	79.1629	173.697	150.474	123.947	44.981	149.294	49.5158	142.307	66.3029	155.235	40.637	53.7989	34.8764	60.6288	57.3951	149.79	101.376	199.03	98.3762	36.274	64.7172	270.978	36.9896	145.406	43.6608	84.1153	55.9792	50.4693	164.452	
0	138

140.084	147.477	26.9285	66.9366	37.1993	107.817	34.0284	42.9089	82.1637	14.8782	32.6475	212.291	23.9432	98.9452	46.8245	369.003	51.6431	423.481	84.8808	61.0026	13.1496	18.5748	8.42805	15.8473	90.5757	45.3886	108.231	154.539	172.822	20.2811	156.296	42.9201	12.966	50.6657	45.0063	128.922	233.29	21.9318	33.0246	42.268	105.4	58.5239	42.4387	50.4852	133.142	99.4103	11.3893	30.9302	13.3635	32.9442	21.485	16.0154	238.825	64.6452	132.211	58.6626	103.902	41.6631	38.3819	19.6239	193.511	152.118	117.328	35.8219	33.5997	48.9612	14.3826	80.0423	153.259	21.8192	160.239	22.6673	54.077	52.5501	24.2181	71.1307	312.371	157.43	187.899	5.78915	103.631	14.5864	128.15	48.1704	513.791	12.5032	112.253	121.666	68.2786	34.9955	146.335	250.536	36.2664	44.1409	35.781	14.3388	189.864	108.009	28.3984	100.932	60.826	72.9818	41.1265	221.381	70.7929	9.51832	15.2134	6.30407	244.266	13.6332	15.9515	111.493	2.94581	14.7904	44.8168	26.9804	11.5599	31.3908	108.113	218.809	14.4969	34.3764	156.135	9.37188	23.5373	52.7759	17.6291	36.7917	23.7165	40.1045	22.6951	11.3281	36.6504	16.8514	17.9428	15.4612	24.3176	19.2187	
73.4651	49.5245	226.685	152.287	154.391	81.8867	94.7982	55.3125	273.279	177.929	122.595	292.6	124.124	68.6322	491.789	99.1965	95.7925	92.5368	70.8884	160.637	170.045	146.076	90.8025	241.962	130.317	57.6465	104.382	76.0823	198.044	130.925	57.812	100.265	258.533	93.4273	257.963	159.984	93.5501	240.035	70.662	130.834	91.48	144.383	115.761	196.939	132.41	277.791	404.541	109.467	221.556	159.805	240.345	140.599	112.45	128.185	221.333	133.692	111.166	237.899	60.7101	132.7	113.296	96.7843	
1	166
26.0292	
21.6486	234.487	41.6425	47.7337	126.172	128.868	143.263	43.2559	55.4936	15.862	171.923	18.1296	61.3555	112.828	14.0255	32.4095	113.253	101.655	178.107	423.74	35.2837	8.17601	42.64	4.13491	277.958	41.8342	93.545	72.381	34.7663	139.115	36.8087	149.967	339.584	233.394	37.642	84.127	48.3715	37.3047	388.873	28.9884	126.298	100.799	64.9043	115.345	36.0973	57.1205	184.661	92.5194	88.9991	42.2447	118.697	332.152	30.9964	147.922	85.5256	16.9961	54.1393	26.0522	25.6952	70.8791	24.0511	81.8894	25.2285	157.14	12.9906	43.1171	45.4887	60.7031	80.6937	37.7087	61.0336	261.49	168.296	21.7823	81.0127	48.46	333.034	84.7781	41.4982	417.562	156.641	27.3941	182.704	323.381	19.6736	16.815	23.2674	23.859	7.48592	44.6625	6.13375	27.3402	226.537	43.8631	189.564	52.7778	17.1145	130.198	30.6434	150.822	78.0917	20.4159	60.5304	149.664	26.007	42.1876	578.918	14.0785	43.2539	128.115	201.076	58.779	155.36	41.6539	180.664	166.809	174.082	50.9422	10.4005	23.9211	59.0901	333.013	24.1512	47.6015	20.4253	28.1709	154.751	81.5974	45.3525	334.424	375.926	107.843	18.2425	36.957	13.6225	192.7	84.5561	108.1	20.9422	3.6968	24.8877	51.6759	9.1037	117.063	81.5611	40.5749	148.084	70.2848	26.4402	19.412	13.9186	643.544	34.4945	59.9365	30.3381	74.2487	6.68546	23.3099	37.586	65.9955	201.53	86.6619	205.467	29.2344	11.1999	290.941	
246.695	139.74	356.769	237.863	155.938	159.373	242.207	475.834	210.494	802.148	174.405	99.3921	333.909	208.171	398.67	117.792	267.795	123.664	374.073	266.833	493.118	258.996	101.204	204.936	342.15	204.951	289.814	76.2674	237.589	277.898	297.646	264.068	245.017	
185	4
26.2925	551.769	6.63888	20.7454	92.5152	176.293	30.1014	415.497	36.3317	64.4401	101.62	44.9513	38.6024	16.4681	117.249	17.4852	403.524	10.6009	147.796	121.31	16.7194	62.2069	4.26334	39.2915	10.0947	38.3469	263.873	321.283	102.733	20.6251	197.42	16.5088	183.211	39.7483	32.9185	138.534	42.4651	38.8414	109.181	31.5622	41.4063	170.131	92.8038	30.2589	64.6023	149.93	216.584	92.6076	9.94718	15.4452	126.153	89.2621	31.5969	31.8364	46.8118	55.0228	46.0803	137.011	10.1493	10.7208	256.16	96.6761	30.627	406	264.584	64.3625	63.3165	135.604	8.97841	10.3761	456.143	21.0057	14.9687	200.987	44.1025	62.8121	5.81448	18.2045	100.109	28.3246	118.76	6.99648	337.434	86.0469	38.6434	110.208	113.313	14.0279	85.2032	135.476	22.8683	770.157	33.5385	26.3138	55.3969	10.1077	33.2136	154.734	85.4192	40.0637	19.5263	17.1804	32.0177	684.132	23.4477	39.0037	38.3452	33.5814	138.069	109.828	197.516	10.007	17.7966	28.6943	46.5493	40.1824	69.0952	41.5961	28.9535	26.2261	17.2525	16.2663	14.9918	24.3329	98.5114	44.6403	13.982	26.6056	29.2385	49.943	245.679	105.065	65.3716	56.7309	30.6403	24.4137	192.889	53.7682	29.9732	148.86	8.20191	10.5323	58.6357	36.5804	35.793	28.5839	24.7415	104.648	11.4044	39.9063	8.93441	40.2469	3.95092	41.8121	125.891	16.3591	84.8186	42.7102	59.035	29.5833	16.0322	6.52147	70.5311	15.7499	94.4111	35.2336	58.2288	374.842	32.8101	38.8397	234.739	65.45	115.176	43.8173	100.849	613.179	32.1597	9.02578	2.04165	87.5004	128.318	34.3962	26.4593	15.9794	167.344	
32.0959	44.4949	380.622	18.6445	
326.119	255.775	133.767	429.402	327.831	234.668	348.637	271.905	304.936	914.114	159.896	
197	0
355.962	25.1703	0.411786	0.321572	22.2575	45.6441	8.57334	16.4158	1.22514	8.52542	109.319	1.25358	0.795185	0.307372	1.3937	1.26089	6.51669	46.3249	7.67489	0.666664	0.445528	13.0725	0.0239679	0.486372	2.34868	0.3911	3.15252	2.53771	3.446	0.557025	55.3891	6.323	2.89804	16.6007	4.58695	12.5721	9.10311	3.43367	2.35547	5.81048	188.595	3.22892	3.47779	17.2383	2.11907	1.5283	7.6079	5.12569	2.98808	2.26658	6.11322	12.7038	15.6388	0.386457	5.41387	5.62285	4.63122	167.952	0.0404798	8.08435	1.77099	2.29045	0.775869	1.16157	5.59452	1.64343	0.435393	0.56695	2.43185	0.927425	14.7126	9.59515	2.99034	1.59279	11.3493	21.6285	0.608663	1.06495	3.68646	7.4886	1.32405	4.10064	0.96455	36.1493	0.107002	11.1726	3.85156	10.4812	0.899617	1.26694	231.842	1.06797	18.2809	0.714988	5.49297	9.14535	28.3442	12.4474	1.12306	3.03828	0.845356	433.344	4.0581	0.779388	6.53214	0.341246	26.5354	13.2967	2.50165	28.2593	0.797	1.85268	6.48288	2.59146	1.20901	3.01683	0.88963	1.50064	16.4665	8.74707	7.93637	3.50967	10.5694	11.3285	23.7064	19.524	3.45678	4.08701	30.9913	9.8504	10.9954	1.92305	2.92374	0.463261	4.05428	13.0143	0.220033	9.48555	6.72496	0.281391	6.4644	6.867	7.70298	8.49162	45.5723	8.62819	2.64691	36.3497	4.68265	1.36966	5.41239	1.15128	1.6575	19.2194	8.12936	14.5283	4.68572	15.5844	6.93977	1.98202	15.1103	8.03795	2.0801	156.999	21.4773	59.0614	32.1434	35.9829	4.93356	5.88206	2.95436	2.39119	0.249708	24.9301	1.17147	3.49652	1.87302	15.8876	7.9712	2.98439	6.9997	2.00004	27.0671	0.106067	42.1785	4.11663	11.1816	1.46658	12.1908	95.0196	225.738	2.31736	25.5647	18.5449	0.626327	3.74949	3.62556	

327.097	538.326	728.021	
