0.00313987
0	104

1.00066	0.333592	0.556811	0.605194	0.210228	0.201595	0.00351804	1.28047	0.342881	0.0227644	0.335925	0.342346	0.117186	0.525846	0.158988	0.615521	0.272475	0.0871302	0.189497	0.0512113	0.181396	0.142525	0.255846	0.475393	0.110614	0.345204	0.0456257	0.488082	0.181166	0.789308	2.37568	0.0537315	0.0305755	0.68565	0.0677262	0.292246	0.095635	2.22127	0.0133098	0.0981949	0.273197	0.320817	0.43182	1.05585	0.18717	0.214126	0.0555027	0.306121	1.32301	0.207532	0.461788	0.217354	0.485084	0.784579	1.18956	4.12727	2.02268	0.340442	0.340996	0.790133	0.770555	0.77401	0.383578	0.582623	0.737472	0.364006	0.242337	0.206198	0.743679	0.426472	0.747515	0.197504	0.322414	0.0346499	0.038345	0.0995892	0.746918	0.548241	1.20876	0.100516	0.282107	0.361436	0.808283	0.522012	0.00318161	0.0237815	1.57059	0.263388	0.0013947	0.687535	1.15804	0.0547248	0.825018	0.256463	0.214394	0.350639	0.0286263	0.910783	0.247274	0.541494	0.0390733	0.175863	0.177939	0.206322	
0.0445172	0.590588	0.376114	0.139001	0.0756901	0.107123	0.667953	0.403283	0.178749	0.316188	0.274448	0.202992	0.0312166	0.567569	1.15709	0.276872	0.487545	0.25418	0.0082811	0.235891	0.225593	0.428752	0.43154	0.891014	0.497026	0.0582723	0.264401	0.460471	0.129196	0.227302	0.652085	0.815323	0.549007	1.80465	0.0171465	0.243007	1.49466	0.652684	0.465614	0.573496	1.2346	0.0190885	0.145794	0.167071	0.250824	0.41229	0.189955	2.59968	0.116019	0.491921	0.240337	1.51073	0.230289	0.697027	0.146114	0.854951	0.614176	1.24789	0.048635	0.475235	0.169645	0.711565	1.00203	0.528339	0.0717042	0.470555	0.0235737	0.183833	0.276239	0.215839	0.0407632	0.105136	0.33334	0.386763	0.254723	0.834478	0.754157	1.24968	0.159544	0.209901	0.528203	0.866407	0.130654	0.0490948	1.70711	0.594146	0.57832	0.247205	0.0280536	0.486796	0.0380977	0.218226	0.0230467	0.341759	0.0388068	0.356184	
0	91

1.22516	1.84286	0.373654	0.485815	0.790921	1.10497	2.55552	0.514286	0.746023	1.32502	0.94226	1.32479	0.559573	0.370695	1.58441	1.82006	1.74405	0.296892	0.801254	1.03314	0.98127	1.05135	0.645923	1.34715	1.16218	1.73069	0.619723	0.653811	1.33538	0.771607	0.870523	1.58648	3.63898	0.785729	0.691748	0.60978	0.866887	1.90235	0.290433	2.48157	2.6726	2.47423	1.25652	1.11072	0.830277	1.61893	0.924903	1.63331	1.23022	0.554106	0.609723	0.968211	0.64129	0.874629	0.34037	0.814897	1.4662	4.04248	2.13978	0.657979	1.35884	0.145094	0.794131	4.73028	0.876965	0.65535	1.49517	0.570304	0.752892	1.34624	0.829683	6.45551	0.785633	2.18159	0.515417	0.406626	0.426665	1.03436	0.931684	1.48439	2.22242	7.84394	2.76684	3.37256	1.75309	2.91855	3.66722	2.25694	0.0544322	2.17948	2.94329	
1.78296	2.96067	2.74646	1.0406	0.954584	3.26732	0.750236	1.43616	2.38588	0.758772	6.88364	4.37791	0.131129	2.1485	0.850272	4.79405	0.344397	0.79875	0.455767	0.621733	0.257099	1.34233	3.51839	0.232645	1.71535	4.24769	1.45007	0.391532	0.799773	1.92716	1.18422	0.986116	1.55592	3.69584	1.48413	2.36463	0.103546	1.82312	1.24467	2.90883	1.17109	1.69629	0.0537545	2.55701	1.40746	0.702491	1.60403	0.320017	0.0813569	0.150509	8.50319	1.22117	0.216409	0.0697293	2.70065	0.146811	0.452581	0.182395	0.726309	0.149669	0.577282	1.71336	1.92626	2.01861	0.426131	1.08695	0.558739	2.0625	1.29318	0.679879	0.40619	4.81882	1.24857	0.840834	2.67354	0.865796	2.15191	0.317054	0.58622	0.577531	0.534799	0.538675	2.39438	2.40728	0.724053	2.80122	0.319326	1.38969	3.6708	2.06086	1.76015	0.203585	0.555582	1.05424	0.63735	0.0469169	0.221507	0.579345	0.916564	2.2154	2.20178	1.74627	0.976457	0.183894	0.770582	1.28066	2.28956	2.43795	0.303982	
0	104

0.253545	0.0988105	0.268662	1.09631	2.14834	0.248149	1.22722	1.70634	0.675809	2.17013	4.549	1.08685	7.57445	2.59078	3.5115	2.60729	4.61156	0.445652	1.47058	2.63558	5.84565	0.78476	5.1596	0.950668	0.641338	0.970497	7.85737	1.24457	2.08849	3.36075	1.70737	2.36257	0.790224	0.676507	0.459438	2.11623	0.388417	1.51045	1.57402	1.35458	3.91668	0.929572	1.36049	1.03657	1.33542	1.96957	1.2596	1.21806	0.226719	1.2529	1.70949	2.15466	0.156736	12.0963	1.25699	1.28928	1.04865	0.902687	6.43394	2.63449	3.34701	1.70717	1.34285	1.1218	1.76004	0.124954	0.779571	3.61976	2.04678	2.90961	0.691556	1.77563	2.20713	0.372521	1.53828	2.10404	3.0741	2.02757	1.55116	0.363165	8.9695	7.24599	8.38183	8.13178	1.22856	0.607719	2.51595	0.781444	2.99856	0.655451	0.778314	0.235037	0.500654	0.845692	2.43581	2.19481	1.44516	1.15222	3.81797	1.25943	1.35807	0.777889	1.91795	6.38912	
1.57521	2.02877	6.22895	1.1478	3.32285	2.03032	1.53792	6.5008	3.33248	2.97947	1.77689	7.16907	7.0984	5.99265	11.6555	5.64729	5.36573	14.5358	2.54283	4.3068	1.82369	0.592649	0.836974	3.18525	1.20698	3.63098	2.5356	9.94387	1.40121	6.73743	7.11926	4.14747	2.55122	4.8702	5.60748	3.13186	3.9624	3.80978	3.93398	1.50689	1.04511	1.56247	2.16504	1.48764	1.03267	2.02738	3.17882	5.85263	1.98968	6.59175	6.29609	3.66352	2.33334	1.81744	0.789957	4.45302	6.14692	2.83059	11.3018	4.29409	8.6498	1.4851	3.46019	12.7651	2.47134	1.20614	2.89836	2.74094	5.8088	4.05099	5.41438	2.25743	7.55689	0.81709	3.00432	6.22457	2.33235	3.48062	8.24047	6.20108	1.10169	3.35726	7.32583	0.693448	2.07276	5.61576	2.2573	3.87654	8.61937	4.00466	2.12261	1.26327	3.09634	2.49085	3.00044	2.27977	
0	94

0.926402	14.9767	2.43661	5.44522	5.81248	1.99792	13.0404	17.0591	7.17507	2.65285	1.37847	7.42479	0.626826	1.88265	0.985245	3.34758	2.58991	1.57204	19.3901	7.32041	21.4605	2.46354	7.97304	17.9622	16.0534	6.1477	1.26465	3.7061	5.21703	2.23189	2.04797	4.16255	12.5353	4.64492	7.11829	1.51001	17.8667	3.33355	6.99253	5.04973	17.2242	1.06598	3.24132	1.55218	2.0548	4.97769	3.64497	9.37043	6.2549	6.84448	2.76296	1.55661	2.83488	6.17938	5.99782	3.83948	5.36501	7.26647	9.43371	4.46081	14.3665	4.82872	13.2307	6.59949	1.90016	9.79631	4.6953	4.40888	4.696	1.86803	1.12879	4.25709	15.1881	7.52034	11.9149	7.83318	8.0367	0.773935	3.28306	6.80119	4.16279	0.649721	6.43521	2.46049	10.6447	5.95686	0.771455	13.4772	2.38412	7.3682	1.36312	6.25185	5.82601	16.105	
10.2366	7.12463	3.03639	4.92558	10.9025	3.24929	8.56187	7.71435	8.46714	17.1182	4.48005	7.74438	10.3309	2.92255	10.2426	3.51974	5.90844	5.80723	6.076	3.73171	5.71572	15.1021	8.00868	5.07635	7.43144	3.68258	12.2456	5.47164	2.37388	9.03071	7.33378	5.93019	12.196	2.82784	12.7054	7.04168	9.12091	2.36657	11.1643	4.95607	5.20272	7.95759	2.94794	6.10358	2.37368	2.82612	6.31364	16.6272	4.87589	1.83434	3.81964	20.2464	0.563892	8.81154	8.63344	4.39803	11.0918	6.99517	5.16046	10.5589	5.21626	3.19891	3.74577	4.62177	14.2594	21.1944	16.2488	11.0973	10.0566	3.84336	3.56172	11.2353	15.7325	4.68218	19.4076	2.52695	2.00251	4.00401	22.8314	8.65726	31.1466	12.3669	4.69393	7.04679	1.4685	16.0846	1.74339	10.082	7.36025	6.87846	14.128	4.96701	8.84791	0.680431	6.1553	4.60169	5.28862	9.43576	22.4366	4.1756	4.76438	13.0294	3.91994	9.0932	3.73328	6.27588	
0	67

6.7518	31.2938	3.23013	3.27927	7.65134	14.467	26.4752	24.39	8.27233	7.94983	23.1506	3.12478	4.34637	55.6814	8.09934	2.16001	6.92968	28.0895	6.38686	5.2129	41.8716	13.3476	26.5692	5.71226	2.92488	2.62283	8.59782	3.63629	6.95291	18.4034	8.03263	2.74743	17.5222	26.6142	33.251	5.75137	16.256	25.0005	29.7174	18.2666	36.3829	16.9654	9.46077	7.13316	34.2663	9.09747	9.23763	6.65989	13.801	31.7619	3.78368	12.0573	17.8344	8.70322	29.9572	6.39416	6.06614	26.5903	33.2106	37.9616	4.60276	9.89632	6.25505	4.94089	3.17753	10.2086	4.13686	
51.9751	12.0322	30.44	16.6987	90.4147	41.7744	35.3463	25.0136	23.3034	6.31495	19.571	7.32293	55.395	15.8177	11.6839	5.41224	8.39826	21.1536	9.11649	36.5116	7.40286	21.6938	34.1049	14.0931	4.95375	18.1693	13.5242	53.8323	24.1359	15.4641	10.8621	24.982	24.0978	27.9553	17.8822	21.4738	42.9669	9.00146	32.0337	24.3169	24.0786	10.223	14.3582	28.8359	29.0417	11.1122	16.9271	10.4885	28.4566	35.2498	8.85666	22.9001	5.38177	14.3425	34.8569	18.5751	19.9846	11.7415	19.967	9.71458	25.7173	18.5858	49.667	3.87645	11.7471	6.3959	10.539	5.44252	5.86266	4.59827	23.0434	26.8059	12.4042	9.83594	23.9033	24.9524	33.3864	15.2471	27.3488	32.4316	7.9745	17.7654	23.8451	9.72719	17.3249	51.2246	17.7177	22.4714	19.2363	7.09352	14.4989	20.7057	10.4962	19.4749	31.192	5.34527	24.6581	48.0602	13.2125	20.4593	46.8404	13.6553	42.4625	13.1829	14.719	16.7942	18.4839	26.121	15.0976	11.9942	12.1944	35.572	8.53852	11.7491	10.0134	6.42991	12.2322	14.5297	10.1222	16.466	57.4256	31.038	18.7928	10.2414	14.6516	13.5109	13.7201	25.4568	11.958	22.1461	36.4995	5.67798	25.6052	
0	106

60.2468	11.0687	26.2262	32.772	16.6007	24.3899	43.6879	21.0385	12.9057	27.1065	23.8226	77.8925	17.1817	38.9819	19.3648	34.1742	27.8361	26.7865	23.0462	17.2829	61.2214	12.415	5.35885	9.22857	43.5772	7.26275	9.55582	77.267	16.6578	52.9098	26.9685	21.2181	12.179	86.7792	4.34678	14.5045	48.5048	7.32889	16.711	10.2428	57.7548	10.5221	15.1414	43.4909	16.2412	8.94536	27.5723	31.3267	17.576	6.41967	20.1219	12.8063	14.0544	96.4476	59.5213	4.88747	32.4414	23.0368	7.93553	24.948	38.7378	6.91253	6.30349	30.0154	6.50265	5.17022	36.3625	10.637	43.2043	41.0343	32.2174	2.09181	29.0111	3.59111	9.72187	4.12449	81.9333	23.4268	83.12	4.18765	36.9556	38.9223	51.2063	19.3659	9.01961	6.31505	41.3994	11.6424	12.6666	37.7713	29.1165	29.2172	6.84556	13.2425	63.6297	11.8478	16.0577	10.8022	1.42259	17.2888	4.71414	26.8024	3.19912	19.4563	59.9173	7.83901	
45.0798	18.7003	9.99346	40.2874	34.7253	34.5251	11.191	84.7857	69.5857	61.9347	42.7359	10.0732	66.2411	20.2156	89.4627	74.9777	75.1769	52.7211	87.3619	56.295	90.2915	13.3346	16.8921	74.5584	26.8739	42.7133	31.0495	13.4761	66.0126	27.2103	22.5312	38.8406	37.9503	22.117	20.9369	46.5387	61.2959	14.1126	97.3764	47.4846	14.4334	40.8953	23.7887	66.0853	99.2168	69.586	27.7713	13.531	21.4357	16.3239	25.573	13.4381	16.2124	59.9815	67.2664	13.8466	19.1488	30.5038	6.63697	38.1745	21.5097	27.3031	15.4358	32.1138	35.1903	14.7762	185.058	87.6499	122.284	15.1713	20.791	47.1186	136.446	18.9347	18.998	93.8791	28.0472	62.6578	25.2873	40.597	84.3702	17.2883	33.3451	28.459	56.5303	64.7447	56.4595	32.5856	27.5475	44.6976	42.7556	9.66797	37.3474	21.9881	
0	107

31.8114	64.4163	113.229	214.597	6.9077	63.0371	33.9355	18.3892	53.2916	19.2177	22.3383	4.98206	64.6295	107.318	49.4807	32.2499	142.201	32.3907	31.762	38.6802	18.8768	2.34115	109.231	286.97	110.711	21.1937	42.3718	61.4894	17.9391	14.1097	34.8145	40.1695	67.9783	34.4363	54.0945	6.96648	70.3853	77.6426	71.4988	38.9728	24.596	10.5511	38.1349	214.921	108.494	8.13219	141.482	36.9996	20.6824	70.9885	65.5386	12.1484	22.0119	155.182	168.393	24.4811	51.0316	105.627	66.3886	61.358	80.6381	6.27949	109.852	40.1336	17.2804	23.7094	13.3219	118.162	47.8624	58.1103	85.3947	4.90261	27.9987	67.6464	31.4042	65.0596	38.3338	97.4139	22.823	27.9365	24.2114	125.286	62.6244	42.4805	38.3366	89.5605	10.9883	76.9482	15.9194	60.5967	10.252	72.8736	64.7734	16.5828	29.5347	73.5892	46.2892	10.8688	11.7119	26.8266	17.235	18.8705	11.1549	27.1748	25.1028	7.85363	27.5632	
89.2743	101.128	107.754	226.827	68.095	67.8067	90.3683	42.5067	101.197	417.803	41.1119	90.712	52.8987	62.1248	81.4955	56.268	74.4732	72.6994	159.707	52.4889	87.156	48.4224	249.17	154.429	45.9294	57.5041	66.8283	31.655	69.9662	181.612	62.0923	33.8092	161.599	36.1735	136.053	52.7658	100.502	64.4777	135.63	100.619	79.827	46.4396	89.0011	87.3476	67.2923	68.0248	135.122	249.013	74.7131	60.9427	82.8945	76.7618	50.8162	90.0586	67.7836	64.4735	35.1731	56.3084	45.5894	91.212	251.068	293.359	62.1176	97.9974	251.819	66.5419	160.044	31.6813	66.755	91.4663	34.0902	28.9829	48.0897	102.844	126.487	140.784	64.5966	156.349	94.5214	63.2823	89.1764	166.231	56.0972	54.6718	64.536	28.7696	65.1352	122.128	74.5135	86.048	50.5377	39.1709	54.4011	
0	142

17.2267	43.4885	94.5133	12.1011	16.7399	51.7062	44.0204	12.4826	17.9797	30.3494	97.5099	18.6269	62.9396	391.363	80.0388	22.4523	212.017	49.6168	4.3823	14.7052	5.85506	21.3087	12.4491	27.9109	7.05751	20.6686	62.9929	84.1164	80.0555	28.6751	7.5074	50.0472	30.6884	119.172	40.1286	126.347	17.9789	135.787	115.107	190.518	20.7073	10.1573	124.603	119.848	204.472	40.6163	17.8064	21.0697	12.1376	85.0946	14.4586	100.218	9.25514	76.8811	132.749	199.172	67.0135	43.0964	127.162	11.2112	40.6164	10.9129	7.72453	67.0163	12.5855	33.8234	75.1483	25.0826	53.0651	13.7829	45.1869	228.791	10.7297	150.829	5.06791	34.8974	108.159	37.9583	47.9588	45.9627	17.0523	253.369	15.0509	13.8828	69.4494	62.8327	73.96	7.68986	7.44509	9.414	41.1651	125.18	51.0292	5.99548	10.3655	44.7831	17.6504	6.95254	124.016	81.3775	8.87833	13.9039	15.1906	556.887	8.00203	33.1056	44.1593	117.948	66.0276	44.0779	79.902	66.2847	110.488	22.6142	40.6306	81.8691	25.0897	31.3283	27.1039	20.5182	4.31943	41.3866	5.30314	47.6496	13.3066	25.092	178.393	31.4061	8.58174	75.9952	9.90232	41.4213	5.61315	26.2047	185.894	17.4289	68.6206	49.7892	25.1748	269.562	38.7398	99.221	
446.155	211.211	112.831	209.057	148.489	112.325	84.2306	152.563	89.9683	617.755	81.6231	53.0696	99.1559	139.841	116.873	168.878	70.5933	149.19	93.8765	89.3316	179.008	101.418	28.7606	190.79	174.612	68.9318	251.124	114.587	70.591	132.459	188.436	113.788	68.5539	160.894	147.934	487.464	131.58	177.377	84.6433	73.2556	98.704	78.9451	76.8003	125.737	117.801	169.386	106.499	189.351	88.513	123.402	75.9735	143.728	224.422	92.0461	187.304	49.4787	93.1596	69.5965	
1	173
19.2847	
165.58	7.74378	209.718	43.3932	39.1235	63.2396	7.00356	121.347	28.8568	88.1897	30.1703	19.1295	37.1631	24.2109	46.8667	126.787	145.995	42.4696	49.0968	32.261	15.3775	45.4195	264.947	67.5039	16.2503	116.177	15.3841	11.7317	30.7859	29.5421	16.2552	158.716	21.1922	40.2872	9.36879	22.2713	216.751	28.8695	33.9705	54.7334	30.4965	25.5028	36.3342	62.4403	244.796	34.7558	14.5417	147.255	70.4847	33.9649	19.1025	60.4908	17.4533	76.0102	61.1834	29.5389	14.2243	16.5393	61.6625	49.2281	36.3425	83.7132	318.66	43.3633	161.136	150.014	48.8337	27.3854	35.9336	45.0576	77.1285	10.374	41.5663	28.2428	55.648	100.028	51.6391	115.598	143.558	127.073	111.761	86.5093	38.8408	48.6937	51.7792	107.928	71.3088	64.75	455.317	8.77513	171.253	6.48937	18.2827	64.1928	104.092	7.90425	387.188	112.29	25.0208	130.044	7.95032	6.01645	76.8479	29.4634	7.82728	26.4946	17.2839	89.6327	473.198	11.0947	102.959	14.8897	41.3331	28.6396	81.2951	20.0714	90.9133	29.0597	20.2339	192.974	19.0072	26.169	122.402	4.29421	70.5321	423.333	181.762	11.4704	28.4745	204.031	53.2232	26.2227	14.2976	24.6197	28.6591	315.683	29.4991	17.7055	87.7492	16.1219	42.7884	33.9338	50.0199	5.24048	40.1331	69.5202	7.26904	242.279	23.0576	61.5557	43.5047	17.8993	43.7823	28.2603	41.5953	64.5367	23.6751	144.115	173.818	103.468	35.3092	50.9541	7.59898	20.1934	39.9434	9.75717	34.4774	129.249	93.164	9.0308	98.1755	48.6517	16.3026	
401.622	367.624	1177.59	102.038	248.196	157.234	147.756	84.9472	110.442	170.73	191.31	223.725	179.091	501.081	244.017	120.575	366.997	329.108	154.665	95.285	181.874	410.999	69.7892	179.033	355.13	121.141	
185	0
16.197	34.0974	17.5108	5.07189	45.6512	58.8065	31.0103	113.313	3.18422	85.989	20.2419	100.872	41.9082	36.4106	23.506	21.0871	6.1599	9.46933	1.14067	183.32	32.3101	4.67523	2.60541	176.618	7.94558	4.36047	120.603	47.7406	11.875	16.6148	6.41565	18.1553	10.7919	5.72323	14.2376	81.7063	3.06084	55.4455	13.9743	78.6328	39.6281	34.1431	6.06084	24.3445	33.0981	39.7215	14.2586	8.37391	8.87579	56.8425	9.87762	2.3229	6.84807	23.3311	132.321	178.064	2.13237	47.0793	26.8052	4.18324	8.8951	5.96119	4.98516	78.0746	17.0498	11.5494	97.2999	33.0382	3.47954	4.00315	27.2457	53.7138	75.1678	9.51181	5.41743	33.3858	410.669	175.224	9.94145	32.2741	12.0605	68.3452	111.458	22.5454	31.4287	16.6898	221.996	2.36776	5.06698	2.3102	46.6038	1.42553	15.2424	64.8654	91.3259	42.5644	48.2985	10.3347	37.4807	17.7953	36.1837	38.3196	11.4384	23.4959	4.53326	5.63397	7.4564	18.115	61.0478	57.8203	6.69143	351.059	22.329	4.13148	129.22	34.5826	228.883	66.1257	7.69327	12.1809	11.6615	58.6907	122.137	86.333	7.81165	115.564	143.681	89.5652	6.08638	9.94505	2.47094	29.1609	8.46024	71.5083	0.872215	100.458	186.042	3.35542	8.41299	308.358	6.54374	11.1764	14.8505	3.19399	4.01665	10.531	26.0462	42.838	326.812	3.69923	18.1826	19.6128	32.924	16.0205	12.2426	4.86952	37.7834	9.36023	56.3384	18.4067	1.45364	3.61812	246.872	3.49311	33.0595	2.67201	79.418	82.1442	1.81455	14.7958	48.1074	117.074	45.7959	128.694	100.584	37.7915	169.659	19.0453	9.00494	21.601	27.9975	8.06422	121.236	11.4034	18.2327	

268.048	367.822	164.116	258.62	276.743	97.0296	437.739	144.065	150.287	122.348	353.14	358.383	254.236	204.127	140.404	
