0.00406877
0	107

0.333042	0.84261	0.36655	0.176804	0.117921	2.37261	0.650336	2.50403	0.597208	0.192808	0.921201	0.335651	0.049593	0.0332251	0.114004	0.277474	0.0729966	0.531519	0.33798	0.386613	0.235379	0.325022	0.643779	0.0577848	0.311501	0.816882	0.584592	0.0455789	0.447367	0.156195	0.079922	0.0439866	1.19177	0.897485	0.0472521	0.378105	0.046022	0.169804	0.0319624	1.4466	0.995508	0.152855	0.0809393	0.599654	0.226503	0.287049	0.625476	0.368315	0.78903	0.143926	1.06503	0.208294	0.410052	0.640627	0.296868	0.620547	0.0805487	3.04157	0.580262	0.244322	0.984952	0.134811	0.230514	0.37189	0.080111	0.554843	1.43469	0.601706	0.352529	0.841829	0.0260682	0.19872	0.0766402	0.41344	1.59322	0.202386	0.556093	0.358833	0.0510927	0.945955	1.08147	0.56478	0.0589943	0.591923	0.544418	0.842308	0.281921	1.37984	0.129259	0.924975	0.363134	0.962751	0.0810623	0.27884	0.140248	0.520605	0.786034	0.336282	1.10008	0.221095	0.112972	0.260749	0.420399	0.0703097	0.00116379	0.247193	0.512203	
0.184648	1.95445	0.7048	1.35649	0.422526	0.0639822	0.401855	0.409413	0.239175	0.189944	1.2067	0.482817	0.0901638	0.0627437	2.68643	2.7802	0.0588542	0.180776	0.246996	0.146016	0.253096	0.00564442	1.04267	0.88808	0.0383602	0.0947053	1.19577	0.683135	0.889979	0.758599	0.0950449	0.284862	0.684896	0.0529767	0.39405	0.946395	0.714646	1.01085	1.69829	0.204853	0.370792	0.181794	0.366779	0.541516	0.203136	0.0680407	0.277314	0.303872	0.09306	0.0623561	0.686825	0.142004	0.433094	0.179795	0.844936	0.250084	0.203499	0.233101	0.255517	0.302935	0.406477	0.493342	0.314451	0.0249192	0.340861	0.0955236	0.0806263	0.356551	0.363769	0.150767	1.23212	0.615579	0.379057	2.10169	0.0258307	0.235064	0.487029	0.465629	0.371396	0.333578	0.85493	0.606751	0.707043	0.219011	0.153076	0.363642	0.320192	0.729267	0.10377	0.0720201	0.798093	0.972642	0.133676	
0	77

0.455357	1.06495	0.505818	0.509478	2.2885	1.58963	2.44061	0.607723	1.53242	0.413565	4.68044	3.81525	2.11239	5.98609	2.2323	0.410797	1.07437	2.49081	5.18008	0.911297	0.474818	0.593362	0.407131	2.48508	1.66312	2.90999	0.88284	0.801474	0.717482	1.03181	0.939437	2.72379	1.24785	3.24298	0.804672	1.81242	0.507046	0.887212	0.318185	0.162548	2.63679	0.891547	3.03018	1.39008	2.67658	1.05163	0.912448	1.06787	0.193604	0.641212	4.3459	0.414051	3.66477	0.52721	4.91718	0.508045	0.35446	1.83313	0.543551	2.58446	3.93072	1.30171	0.483125	0.582269	2.26016	0.429372	1.16055	1.24861	3.61695	1.64686	0.718247	2.84713	2.33537	0.448909	2.2884	0.626531	0.372742	
3.57906	0.749565	0.730357	0.975533	0.524413	0.468761	1.19051	2.81967	2.82259	0.640429	0.714955	2.19641	3.55218	0.548834	2.65484	2.41059	5.49097	0.76832	2.62636	0.322068	0.85495	0.797974	1.38815	1.52275	0.51845	1.73752	0.293608	1.58352	1.36053	3.00836	0.330381	6.64657	1.368	1.7483	1.0131	0.231444	0.868471	1.28693	0.552179	1.44989	1.17608	0.552768	3.40905	0.200122	3.49452	1.36337	1.40855	0.643308	3.66359	0.723005	1.7677	0.870922	3.09691	1.85949	2.39824	0.391567	0.296848	1.39988	0.833447	0.314266	4.50709	1.38737	0.822335	1.00331	2.29842	3.4313	0.498042	0.272306	0.987466	1.5043	0.411107	0.171533	0.872386	0.465404	0.714041	0.974096	2.26492	1.56382	0.328982	1.0475	0.426588	1.97751	1.22899	1.7635	0.651535	0.528038	2.85879	0.160295	0.919434	0.235058	0.520902	0.6087	3.18241	6.09088	2.29379	1.06101	3.4344	1.23026	0.935066	3.84064	2.24072	0.492788	4.47105	0.790206	0.372405	1.91147	1.9151	0.257513	2.18689	1.14133	4.00317	0.480578	1.07421	3.57243	2.46478	1.72443	3.33393	1.72541	0.344609	1.58602	0.684294	2.99082	0.601065	
0	112

0.443353	2.89952	0.668497	0.959283	2.0429	2.67165	1.85369	0.938042	1.25564	0.696732	1.84692	0.986762	5.99234	5.53255	3.00531	1.65765	0.298553	0.986043	2.5377	0.783036	2.47722	2.3317	0.280307	1.66335	0.32917	1.1743	3.71655	6.22253	3.3848	8.95551	0.766775	0.362474	4.22041	1.67849	3.09136	2.56803	2.45566	2.62255	1.04035	1.01742	0.538263	14.929	1.22864	0.424193	3.65643	1.04021	2.32619	1.30509	1.40384	1.04583	3.29828	2.13202	6.08235	0.647628	3.91849	0.813789	1.9647	5.59278	0.878802	1.8888	0.989321	2.02317	6.40077	1.37742	8.59635	0.652562	2.56479	2.01623	7.22922	5.77356	3.08044	0.900256	0.439038	1.23	2.97723	1.35389	1.51649	2.09487	1.24825	0.91696	7.35658	1.93088	6.023	4.03245	0.743601	1.69708	1.56823	4.20866	1.61828	0.712622	1.29864	3.45385	4.91566	1.18505	4.1355	0.844356	1.03986	0.74157	2.81931	1.74512	1.8506	4.74898	3.44781	2.90283	0.4231	2.12064	1.89549	2.01736	0.828819	2.38359	0.892225	3.99835	
1.15667	4.02928	1.76778	0.546551	1.77471	2.29731	3.42348	1.61741	2.76962	0.879272	4.75372	3.31318	2.59355	2.22495	7.74896	2.6085	4.28354	4.04006	2.81436	4.87446	3.11903	5.32497	3.89343	7.32091	5.49766	1.65755	1.877	5.67863	0.408551	2.34912	1.67476	3.64725	2.40734	4.65034	1.57155	0.529489	11.5043	1.15432	4.05556	4.46365	2.76	8.0515	0.645478	1.64608	1.66253	1.16	0.466252	3.14356	2.15977	2.80791	4.17919	0.679714	2.67707	4.59008	2.16091	1.72151	0.610563	3.91494	4.42215	8.30032	1.56763	3.50921	0.88826	4.80149	2.0488	5.84469	3.15959	2.28521	2.1876	2.65609	4.89513	2.92038	4.18077	1.06045	2.43991	1.75422	2.5262	1.88734	2.79941	4.80886	3.15053	5.15858	1.59462	6.47014	2.45919	1.42488	7.03006	1.20041	
0	97

2.09781	1.6682	1.68223	1.89778	3.04832	7.31558	1.54395	0.93643	5.43835	6.25638	6.53815	5.68738	0.836156	1.58549	16.9613	8.01127	4.74171	4.06459	2.67321	2.50616	2.08661	6.96387	2.67447	3.73484	4.36899	3.00959	3.17396	3.74152	1.26802	2.87913	3.48273	3.69376	6.03484	0.986964	2.39	2.0051	2.59716	3.63904	1.48236	3.06882	1.45611	4.06072	1.67427	2.51787	7.14497	11.9539	2.35828	3.67881	2.22839	5.95056	0.601338	2.78242	1.3505	2.79889	3.50047	1.7277	2.37747	3.70028	3.53779	0.629067	1.29723	11.1022	10.7958	2.43443	11.3805	1.27003	2.00601	0.777292	0.827982	6.34318	2.89358	2.99995	4.80025	0.811768	2.9911	3.00204	0.974817	4.19395	2.73278	2.96505	1.44892	4.38354	3.73482	11.0212	3.82936	3.71732	6.85918	5.63616	2.16336	13.0555	2.51314	7.34523	0.804765	6.41753	4.59908	4.22964	0.693215	
18.8617	4.7654	6.70465	1.96409	5.10267	11.2764	19.0355	4.68757	5.66445	10.4493	9.69197	3.01917	6.19041	13.9419	4.0099	3.07336	3.33531	25.4573	5.65679	10.6714	4.0711	7.00804	17.2499	4.28605	3.98411	8.40974	7.67298	6.98954	3.44599	11.6235	10.8459	1.88405	1.83218	4.63926	7.47971	6.76961	14.9768	15.6685	3.94506	5.8028	7.1217	11.9383	9.49391	9.25544	14.47	5.11908	1.82416	3.64391	2.38713	22.2043	10.7566	2.01794	8.54411	17.2379	4.34391	3.38503	10.8827	10.1474	22.3538	9.1601	8.81893	1.16967	5.39211	8.52531	6.18036	10.3541	3.12765	7.55941	4.44644	3.32553	5.42274	12.7768	1.93013	3.60091	3.46811	9.67814	3.16889	10.678	6.6782	4.8107	16.9121	3.94955	12.9727	3.53898	9.49065	9.22409	22.1723	2.93699	2.72125	12.6602	6.55907	7.09451	12.0686	14.6312	26.2586	6.27162	5.30577	7.19377	7.6707	4.59835	7.66278	6.4754	4.55835	
0	78

21.538	2.28487	28.7707	16.1378	3.31963	2.16896	16.7046	4.50153	4.15391	16.6349	7.87116	5.4168	23.8576	18.0233	8.24423	15.9816	9.72419	22.432	4.33553	42.1118	7.05794	17.5856	7.39158	78.339	5.78019	4.47934	6.65272	6.40819	8.55927	6.46242	16.7927	39.8393	15.7372	14.2856	10.3644	13.8975	9.38013	7.65043	49.2771	21.6756	19.6375	3.84243	5.25519	5.02763	6.57229	7.16444	4.38732	11.9585	33.2872	29.5266	8.59428	9.7464	15.5698	8.12581	9.51674	33.989	9.64403	8.30983	39.6591	18.4673	22.7566	4.70407	17.8891	22.1733	6.46356	35.6248	26.9484	10.1123	15.2053	5.27652	4.6606	44.1565	6.79652	17.7319	11.1751	4.22014	46.4581	11.9298	
38.0594	9.79355	30.3732	26.5368	33.0448	9.31547	4.43579	10.0662	18.9284	44.4042	32.7803	13.846	24.2101	22.4469	28.523	26.8911	9.7486	9.13885	13.6446	8.33525	18.5143	18.7362	11.2536	11.5958	29.8381	22.0983	14.485	48.6635	9.95047	22.6097	14.0546	10.9535	10.2776	23.9594	7.96913	32.2315	27.0721	5.60365	6.56313	18.6498	4.87404	7.64717	18.4666	11.3856	15.0525	17.9839	36.258	11.173	29.7323	18.2848	25.6446	8.93212	24.6693	31.5326	26.0141	18.8599	8.97344	18.997	23.9727	19.7219	19.8502	12.4845	23.0476	7.98327	15.1503	21.808	12.2841	21.3938	40.1568	5.77498	26.5405	14.3787	10.688	22.107	15.2618	14.4661	54.6443	11.5023	13.5189	10.1355	15.0237	6.37246	21.1383	6.61887	48.3409	7.70418	62.9578	16.9296	8.81069	44.8114	12.5462	24.9932	57.4658	21.6376	22.2688	45.2155	14.8459	39.4557	22.1118	28.5576	43.3795	15.783	69.0803	58.7329	27.2644	5.53445	25.4706	14.4007	17.2442	15.0647	11.8791	7.64923	12.1589	10.8281	19.1282	17.7551	77.6725	5.9895	4.78254	7.03129	13.7315	34.8349	
0	109

11.5676	12.6734	24.0301	82.5305	3.69314	9.05811	32.0942	10.0288	21.3484	65.794	88.5878	11.1563	17.5427	8.16217	4.72655	6.14365	57.7632	11.3907	3.08932	19.4857	9.68384	7.79477	12.4477	33.0945	10.181	2.87359	48.9202	7.62763	12.4639	48.9916	41.7372	14.8036	7.35691	15.1496	71.1543	32.8941	19.923	20.7899	12.9973	10.6106	13.2931	78.6418	55.8094	13.4661	8.40473	18.5735	9.13744	17.4709	15.3811	5.42732	12.1723	7.11232	47.2643	15.3673	33.7479	14.3343	121.929	14.5993	36.8115	137.628	30.616	12.999	6.41408	68.4586	14.8478	25.8694	31.9071	30.1429	11.0804	2.20925	17.7613	7.5439	4.42292	2.92071	14.786	25.094	28.5117	15.9159	10.4343	8.26944	3.9341	52.1944	14.9364	21.6704	20.1607	71.0543	6.58975	6.72097	22.9302	23.8541	4.79752	20.9278	27.5409	16.1338	29.0801	81.7189	23.9791	25.7466	11.6984	34.292	50.7009	12.0689	36.9593	71.2176	16.8798	16.1385	58.2158	10.7006	28.385	
35.6304	65.8754	19.1321	21.0202	29.1508	8.31724	72.2575	49.4431	34.4801	28.2755	40.885	40.1409	44.8626	19.2362	16.7715	21.3217	16.0127	17.5867	40.711	80.1517	27.2093	90.7915	115.629	196.306	99.4227	18.4427	51.2651	49.2841	34.6576	32.0148	41.9366	26.1985	28.0519	38.8924	23.9004	134.064	45.4741	69.9321	62.951	63.5863	39.1338	15.1018	61.7622	58.395	20.3611	20.2935	47.27	25.9106	52.992	25.6856	34.9634	73.8371	34.0496	17.1848	13.3414	78.1803	38.4027	22.9287	57.4259	55.8422	12.779	51.1266	22.2655	46.0226	107.091	35.4723	17.6101	140.482	46.1637	25.1962	66.7861	98.9934	16.0715	47.9373	43.535	30.1491	29.0581	16.2111	40.2491	101.939	51.7761	89.4598	23.6996	88.4694	62.8837	24.0858	173.826	99.503	40.5119	50.3526	33.6487	
0	112

70.097	76.2838	133.944	45.488	6.67163	59.9449	199.156	67.6657	48.7664	44.4292	10.3163	85.4413	9.52581	11.8793	65.2398	112.322	47.1331	21.234	23.7468	33.3622	15.2892	28.1386	17.8806	126.228	37.4253	59.5092	16.3402	74.4609	7.72689	46.0699	33.3254	82.0389	20.4478	42.9699	79.9304	36.9464	40.9063	12.4486	33.1746	20.9965	26.1198	12.8873	42.4893	18.1481	23.3703	6.29813	10.339	17.9897	5.19642	50.1991	33.615	97.7204	150.198	25.3061	160.285	49.44	121.97	13.036	72.0178	29.9155	82.2707	140.603	32.5578	25.6734	23.9105	7.52602	39.6475	4.23293	11.3094	109.552	8.5611	14.1805	22.4416	7.09746	7.95327	20.2038	82.2809	86.3036	118.848	20.5586	23.4126	40.6171	20.4975	55.0878	20.2829	90.5745	175.359	144.174	87.3645	146.605	24.8607	41.05	139.764	27.9156	120.341	96.7368	176.423	11.8211	42.4603	11.78	31.7343	13.3983	13.5872	83.5623	28.5518	50.7416	32.7522	119.409	34.3403	36.6529	10.6766	154.584	
65.4369	131.261	43.6539	144.227	189.231	80.6983	143.501	136.39	40.7797	115.886	40.496	71.9576	43.4609	64.6361	66.6154	40.9863	145.841	126.397	102.734	76.4946	91.0687	39.8787	41.7248	80.5742	157.147	169.628	79.4667	108.281	26.4905	326.307	162.155	72.9274	22.6235	122.832	42.4924	70.6192	92.3401	102.958	94.1758	79.242	86.5408	62.3871	42.1484	81.4647	137.794	75.7789	69.23	121.759	58.9175	64.527	104.263	66.5415	162.82	71.9274	33.3495	72.2956	74.9606	44.6233	89.6071	74.4169	49.3149	118.435	91.3978	57.2452	20.5591	120.513	16.2978	90.4796	66.8321	37.9826	155.562	153.719	85.3936	168.708	145.945	31.9685	98.4191	80.3789	81.1795	94.2796	92.9802	186.812	18.2447	137.507	195.935	147.54	18.635	50.146	
0	152

219.12	17.6648	46.614	962.676	44.7741	12.755	26.2103	95.2224	9.86736	7.99695	40.0124	164.616	8.70245	74.261	31.3453	102.773	5.67906	22.303	190.875	9.1271	15.1596	57.3632	96.9211	15.9855	89.3352	19.5609	8.63224	8.96193	95.6489	102.258	49.733	36.0254	27.1844	120.401	31.3831	9.9301	24.6712	29.9687	35.2203	63.0825	121.011	21.9591	21.9287	20.3977	6.81965	37.0403	99.2388	114.233	4.0093	75.6223	7.96836	7.45262	16.8571	16.3317	40.0563	356.239	51.0947	35.7855	16.7954	19.7213	22.3699	17.0847	11.2228	10.3082	29.4002	3.03648	40.6676	12.9385	10.1401	72.7456	15.5847	79.7616	95.4971	66.2544	8.2037	85.925	7.88606	10.3425	67.765	189.475	10.1327	31.9451	354.715	174.544	74.4042	41.0277	11.6042	6.04068	25.3629	14.6945	204.1	30.217	99.5421	11.8934	16.4971	21.048	61.4626	33.8179	76.6135	14.7273	11.485	159.543	35.0298	7.1907	22.4034	12.8255	153.744	95.3149	10.7565	15.5529	47.5639	15.9956	298.195	74.1465	33.7798	34.8248	68.7487	11.9212	25.8568	57.125	206.81	62.5624	12.4469	16.1241	124.701	22.7275	18.0183	13.2004	13.0454	10.5363	47.8352	35.507	119.776	49.4217	57.5194	48.4962	138.648	228.777	400.474	12.8179	34.8077	124.719	18.4922	6.27068	27.018	7.35069	28.8953	48.6611	14.6342	29.7066	18.862	43.8571	
59.0176	261.735	107.653	175.282	129.861	112.192	126.116	32.9357	221.25	175.48	221.318	173.353	237.304	111.041	182.631	324.289	119.658	118.491	160.336	117.549	68.4439	162.756	58.4519	86.691	199.804	160.633	144.475	154.989	48.8536	260.291	158.042	153.152	83.6115	80.1484	115.17	87.4215	48.6386	182.459	167.798	151.319	125.534	241.615	136.694	71.6318	307.895	113.445	128.22	157.672	
12	155
34.8942	15.353	53.5547	107.004	11.9505	16.7688	13.1643	19.6568	32.4074	41.0613	115.929	21.4528	
2.94705	82.5462	27.1368	101.126	59.459	4.92236	139.54	11.7964	12.0578	58.7296	18.2504	51.3375	88.356	6.05025	409.597	82.9381	116.523	35.8277	17.2082	82.6157	23.7637	38.7002	13.9166	9.37088	56.2814	15.1748	13.4881	3.20969	77.5954	62.2762	14.3433	71.7312	73.3163	161.159	15.1857	33.7392	69.7411	9.18443	10.0951	7.74298	109.585	4.61187	118.667	49.5739	13.6181	144.639	17.4075	107.652	19.0565	8.06209	12.3897	10.3201	21.1397	18.6121	128.782	19.8683	16.5625	93.815	28.1316	26.5938	37.2146	54.427	47.335	6.67063	24.4954	47.3227	12.9509	192.748	55.8071	25.4505	75.7418	23.6011	22.8687	27.904	11.1727	27.0464	18.3827	10.8511	12.231	40.6945	194.246	5.24328	56.5699	14.8556	128.049	19.3797	123.207	26.4424	23.8189	5.97693	130.149	135.124	111.037	12.7728	46.0213	189.235	6.29251	23.6404	25.7513	11.3013	9.90668	77.9468	46.7824	12.0212	86.3449	106.026	124.02	32.2563	32.9374	35.9812	130.288	11.1442	8.35454	15.4042	31.6353	71.4329	293.673	68.6036	9.66189	145.977	49.1077	10.7192	15.921	262.024	65.6131	16.2613	14.0616	88.7509	17.8535	26.5158	52.0644	26.4372	239.896	19.5933	101.764	9.601	128.187	65.173	30.5184	10.9293	26.6968	54.5637	15.8894	39.1978	8.33672	35.935	6.40346	15.4405	99.3774	36.3761	37.7902	134.627	11.6572	6.55981	170.176	
225.739	345.721	154.316	212.447	91.4187	324.035	115.544	138.157	462.277	231.694	300.839	121.037	246.104	275.453	102.221	509.284	134.183	68.3449	325.208	452.115	300.387	444.925	219.515	185.034	249.114	177.465	133.316	144.194	112.534	98.9671	187.862	108.503	157.896	
192	0
4.22748	103.19	36.7861	6.38899	286.685	16.1655	7.67295	3.95964	11.0946	3.65617	9.56747	3.58974	5.86411	14.4766	6.72927	7.74183	4.02197	42.1273	7.32256	4.92768	8.18121	5.38209	2.98639	7.47386	10.6833	11.0637	1.27518	9.60564	8.98857	45.1161	2.55979	10.3051	10.6471	27.7364	3.51811	296.013	2.37802	22.1433	7.59868	0.110807	11.9131	2.35994	35.7204	84.7474	64.241	12.2529	22.155	3.51024	55.4479	1.65793	277.912	0.517164	392.717	39.8121	12.0135	26.0978	2.3076	7.02368	4.19334	16.3791	20.0291	4.12662	8.28521	58.0906	9.68304	1.47627	21.0637	87.7152	1.49329	29.1528	2.14421	4.6153	1.14716	60.5007	13.8504	7.79456	4.7383	9.89007	6.15097	10.8773	2.35388	32.0522	3.59718	3.83555	12.358	2.86254	42.127	3.44433	11.6106	4.73195	8.59701	1.47241	13.2006	1.6799	16.924	3.04933	4.8443	9.76543	10.3629	25.509	18.0441	16.64	10.3382	9.51245	16.6326	6.46173	29.7548	12.7865	248.853	40.0968	8.05462	57.2426	3.30876	5.50782	31.204	4.55276	8.58699	21.2372	0.691886	48.9672	8.45038	2.24695	8.90491	0.438298	3.20216	24.2153	3.5717	11.6251	20.0189	44.4326	2.2646	0.032143	2.52349	8.81734	7.7239	36.6374	42.9149	49.8221	8.42357	75.1837	24.8466	225.321	24.7037	32.7097	9.91567	51.0279	6.53374	149.806	5.65098	5.05013	15.9204	225.51	6.5897	14.242	22.7613	16.5209	0.1871	17.7026	1.48427	9.96679	104.526	25.3449	4.51315	2.84347	55.4256	22.5557	14.6933	13.3847	82.0648	8.30446	6.68889	0.539939	6.68655	20.7335	94.4362	5.63745	97.3195	3.52709	8.35557	0.336558	3.33873	13.1851	37.509	6.29604	22.0587	12.4391	20.7725	65.7205	4.64652	0.106669	105.553	9.59162	

179.831	337.129	289.953	320.504	167.231	598.494	127.07	78.8293	
